edge_index,node_id
0,c0_t596
0,q0_t595
1,c10_t568
1,q10_t567
2,c11_t565
2,q11_t564
3,c12_t562
3,q12_t561
4,c13_t559
4,q13_t558
5,c14_t556
5,q14_t555
6,c15_t553
6,q15_t552
7,c16_t550
7,q16_t549
8,c17_t547
8,q17_t546
9,c18_t544
9,q18_t543
10,c19_t541
10,q19_t540
11,c1_t595
11,q1_t594
12,c20_t538
12,q20_t537
13,c21_t535
13,q21_t534
14,c22_t532
14,q22_t531
15,c23_t529
15,q23_t528
16,c24_t526
16,q24_t525
17,c25_t523
17,q25_t522
18,c26_t520
18,q26_t519
19,c27_t517
19,q27_t516
20,c28_t514
20,q28_t513
21,c29_t511
21,q29_t510
22,c2_t592
22,q2_t591
23,c30_t508
23,q30_t507
24,c31_t505
24,q31_t504
25,c32_t502
25,q32_t501
26,c33_t499
26,q33_t498
27,c34_t496
27,q34_t495
28,c35_t493
28,q35_t492
29,c36_t490
29,q36_t489
30,c37_t487
30,q37_t486
31,c38_t484
31,q38_t483
32,c39_t481
32,q39_t480
33,c3_t589
33,q3_t588
34,c40_t478
34,q40_t477
35,c41_t475
35,q41_t474
36,c42_t472
36,q42_t471
37,c43_t346
37,q43_t345
38,c4_t586
38,q4_t585
39,c5_t583
39,q5_t582
40,c6_t580
40,q6_t579
41,c7_t577
41,q7_t576
42,c8_t574
42,q8_t573
43,c9_t571
43,q9_t570
44,q0_t0
44,q0_t1
45,q0_t1
45,q0_t2
46,q0_t2
46,q0_t3
46,q43_t2
46,q43_t3
47,q0_t3
47,q0_t4
48,q0_t4
48,q0_t6
49,q0_t469
49,q0_t470
49,q42_t469
49,q42_t470
50,q0_t469
50,q0_t8
51,q0_t470
51,q0_t471
52,q0_t471
52,q0_t472
53,q0_t472
53,q0_t473
53,q41_t472
53,q41_t473
54,q0_t473
54,q0_t474
55,q0_t474
55,q0_t475
56,q0_t475
56,q0_t476
56,q40_t475
56,q40_t476
57,q0_t476
57,q0_t477
58,q0_t477
58,q0_t478
59,q0_t478
59,q0_t479
59,q39_t478
59,q39_t479
60,q0_t479
60,q0_t480
61,q0_t480
61,q0_t481
62,q0_t481
62,q0_t482
62,q38_t481
62,q38_t482
63,q0_t482
63,q0_t483
64,q0_t483
64,q0_t484
65,q0_t484
65,q0_t485
65,q37_t484
65,q37_t485
66,q0_t485
66,q0_t486
67,q0_t486
67,q0_t487
68,q0_t487
68,q0_t488
68,q36_t487
68,q36_t488
69,q0_t488
69,q0_t489
70,q0_t489
70,q0_t490
71,q0_t490
71,q0_t491
71,q35_t490
71,q35_t491
72,q0_t491
72,q0_t492
73,q0_t492
73,q0_t493
74,q0_t493
74,q0_t494
74,q34_t493
74,q34_t494
75,q0_t494
75,q0_t495
76,q0_t495
76,q0_t496
77,q0_t496
77,q0_t497
77,q33_t496
77,q33_t497
78,q0_t497
78,q0_t498
79,q0_t498
79,q0_t499
80,q0_t499
80,q0_t500
80,q32_t499
80,q32_t500
81,q0_t500
81,q0_t501
82,q0_t501
82,q0_t502
83,q0_t502
83,q0_t503
83,q31_t502
83,q31_t503
84,q0_t503
84,q0_t504
85,q0_t504
85,q0_t505
86,q0_t505
86,q0_t506
86,q30_t505
86,q30_t506
87,q0_t506
87,q0_t507
88,q0_t507
88,q0_t508
89,q0_t508
89,q0_t509
89,q29_t508
89,q29_t509
90,q0_t509
90,q0_t510
91,q0_t510
91,q0_t511
92,q0_t511
92,q0_t512
92,q28_t511
92,q28_t512
93,q0_t512
93,q0_t513
94,q0_t513
94,q0_t514
95,q0_t514
95,q0_t515
95,q27_t514
95,q27_t515
96,q0_t515
96,q0_t516
97,q0_t516
97,q0_t517
98,q0_t517
98,q0_t518
98,q26_t517
98,q26_t518
99,q0_t518
99,q0_t519
100,q0_t519
100,q0_t520
101,q0_t520
101,q0_t521
101,q25_t520
101,q25_t521
102,q0_t521
102,q0_t522
103,q0_t522
103,q0_t523
104,q0_t523
104,q0_t524
104,q24_t523
104,q24_t524
105,q0_t524
105,q0_t525
106,q0_t525
106,q0_t526
107,q0_t526
107,q0_t527
107,q23_t526
107,q23_t527
108,q0_t527
108,q0_t528
109,q0_t528
109,q0_t529
110,q0_t529
110,q0_t530
110,q22_t529
110,q22_t530
111,q0_t530
111,q0_t531
112,q0_t531
112,q0_t532
113,q0_t532
113,q0_t533
113,q21_t532
113,q21_t533
114,q0_t533
114,q0_t534
115,q0_t534
115,q0_t535
116,q0_t535
116,q0_t536
116,q20_t535
116,q20_t536
117,q0_t536
117,q0_t537
118,q0_t537
118,q0_t538
119,q0_t538
119,q0_t539
119,q19_t538
119,q19_t539
120,q0_t539
120,q0_t540
121,q0_t540
121,q0_t541
122,q0_t541
122,q0_t542
122,q18_t541
122,q18_t542
123,q0_t542
123,q0_t543
124,q0_t543
124,q0_t544
125,q0_t544
125,q0_t545
125,q17_t544
125,q17_t545
126,q0_t545
126,q0_t546
127,q0_t546
127,q0_t547
128,q0_t547
128,q0_t548
128,q16_t547
128,q16_t548
129,q0_t548
129,q0_t549
130,q0_t549
130,q0_t550
131,q0_t550
131,q0_t551
131,q15_t550
131,q15_t551
132,q0_t551
132,q0_t552
133,q0_t552
133,q0_t553
134,q0_t553
134,q0_t554
134,q14_t553
134,q14_t554
135,q0_t554
135,q0_t555
136,q0_t555
136,q0_t556
137,q0_t556
137,q0_t557
137,q13_t556
137,q13_t557
138,q0_t557
138,q0_t558
139,q0_t558
139,q0_t559
140,q0_t559
140,q0_t560
140,q12_t559
140,q12_t560
141,q0_t560
141,q0_t561
142,q0_t561
142,q0_t562
143,q0_t562
143,q0_t563
143,q11_t562
143,q11_t563
144,q0_t563
144,q0_t564
145,q0_t564
145,q0_t565
146,q0_t565
146,q0_t566
146,q10_t565
146,q10_t566
147,q0_t566
147,q0_t567
148,q0_t567
148,q0_t568
149,q0_t568
149,q0_t569
149,q9_t568
149,q9_t569
150,q0_t569
150,q0_t570
151,q0_t570
151,q0_t571
152,q0_t571
152,q0_t572
152,q8_t571
152,q8_t572
153,q0_t572
153,q0_t573
154,q0_t573
154,q0_t574
155,q0_t574
155,q0_t575
155,q7_t574
155,q7_t575
156,q0_t575
156,q0_t576
157,q0_t576
157,q0_t577
158,q0_t577
158,q0_t578
158,q6_t577
158,q6_t578
159,q0_t578
159,q0_t579
160,q0_t579
160,q0_t580
161,q0_t580
161,q0_t581
161,q5_t580
161,q5_t581
162,q0_t581
162,q0_t582
163,q0_t582
163,q0_t583
164,q0_t583
164,q0_t584
164,q4_t583
164,q4_t584
165,q0_t584
165,q0_t585
166,q0_t585
166,q0_t586
167,q0_t586
167,q0_t587
167,q3_t586
167,q3_t587
168,q0_t587
168,q0_t588
169,q0_t588
169,q0_t589
170,q0_t589
170,q0_t590
170,q2_t589
170,q2_t590
171,q0_t590
171,q0_t591
172,q0_t591
172,q0_t592
173,q0_t592
173,q0_t593
173,q1_t592
173,q1_t593
174,q0_t593
174,q0_t594
175,q0_t594
175,q0_t595
176,q0_t6
176,q0_t7
176,q43_t6
176,q43_t7
177,q0_t7
177,q0_t8
178,q10_t0
178,q10_t1
179,q10_t1
179,q10_t82
180,q10_t439
180,q10_t440
180,q42_t439
180,q42_t440
181,q10_t439
181,q10_t88
182,q10_t440
182,q10_t441
183,q10_t441
183,q10_t442
184,q10_t442
184,q10_t443
184,q41_t442
184,q41_t443
185,q10_t443
185,q10_t444
186,q10_t444
186,q10_t445
187,q10_t445
187,q10_t446
187,q40_t445
187,q40_t446
188,q10_t446
188,q10_t447
189,q10_t447
189,q10_t448
190,q10_t448
190,q10_t449
190,q39_t448
190,q39_t449
191,q10_t449
191,q10_t450
192,q10_t450
192,q10_t451
193,q10_t451
193,q10_t452
193,q38_t451
193,q38_t452
194,q10_t452
194,q10_t453
195,q10_t453
195,q10_t454
196,q10_t454
196,q10_t455
196,q37_t454
196,q37_t455
197,q10_t455
197,q10_t456
198,q10_t456
198,q10_t457
199,q10_t457
199,q10_t458
199,q36_t457
199,q36_t458
200,q10_t458
200,q10_t459
201,q10_t459
201,q10_t460
202,q10_t460
202,q10_t461
202,q35_t460
202,q35_t461
203,q10_t461
203,q10_t462
204,q10_t462
204,q10_t463
205,q10_t463
205,q10_t464
205,q34_t463
205,q34_t464
206,q10_t464
206,q10_t465
207,q10_t465
207,q10_t466
208,q10_t466
208,q10_t467
208,q33_t466
208,q33_t467
209,q10_t467
209,q10_t468
210,q10_t468
210,q10_t469
211,q10_t469
211,q10_t470
211,q32_t469
211,q32_t470
212,q10_t470
212,q10_t471
213,q10_t471
213,q10_t472
214,q10_t472
214,q10_t473
214,q31_t472
214,q31_t473
215,q10_t473
215,q10_t474
216,q10_t474
216,q10_t475
217,q10_t475
217,q10_t476
217,q30_t475
217,q30_t476
218,q10_t476
218,q10_t477
219,q10_t477
219,q10_t478
220,q10_t478
220,q10_t479
220,q29_t478
220,q29_t479
221,q10_t479
221,q10_t480
222,q10_t480
222,q10_t481
223,q10_t481
223,q10_t482
223,q28_t481
223,q28_t482
224,q10_t482
224,q10_t483
225,q10_t483
225,q10_t484
226,q10_t484
226,q10_t485
226,q27_t484
226,q27_t485
227,q10_t485
227,q10_t486
228,q10_t486
228,q10_t487
229,q10_t487
229,q10_t488
229,q26_t487
229,q26_t488
230,q10_t488
230,q10_t489
231,q10_t489
231,q10_t490
232,q10_t490
232,q10_t491
232,q25_t490
232,q25_t491
233,q10_t491
233,q10_t492
234,q10_t492
234,q10_t493
235,q10_t493
235,q10_t494
235,q24_t493
235,q24_t494
236,q10_t494
236,q10_t495
237,q10_t495
237,q10_t496
238,q10_t496
238,q10_t497
238,q23_t496
238,q23_t497
239,q10_t497
239,q10_t498
240,q10_t498
240,q10_t499
241,q10_t499
241,q10_t500
241,q22_t499
241,q22_t500
242,q10_t500
242,q10_t501
243,q10_t501
243,q10_t502
244,q10_t502
244,q10_t503
244,q21_t502
244,q21_t503
245,q10_t503
245,q10_t504
246,q10_t504
246,q10_t505
247,q10_t505
247,q10_t506
247,q20_t505
247,q20_t506
248,q10_t506
248,q10_t507
249,q10_t507
249,q10_t508
250,q10_t508
250,q10_t509
250,q19_t508
250,q19_t509
251,q10_t509
251,q10_t510
252,q10_t510
252,q10_t511
253,q10_t511
253,q10_t512
253,q18_t511
253,q18_t512
254,q10_t512
254,q10_t513
255,q10_t513
255,q10_t514
256,q10_t514
256,q10_t515
256,q17_t514
256,q17_t515
257,q10_t515
257,q10_t516
258,q10_t516
258,q10_t517
259,q10_t517
259,q10_t518
259,q16_t517
259,q16_t518
260,q10_t518
260,q10_t519
261,q10_t519
261,q10_t520
262,q10_t520
262,q10_t521
262,q15_t520
262,q15_t521
263,q10_t521
263,q10_t522
264,q10_t522
264,q10_t523
265,q10_t523
265,q10_t524
265,q14_t523
265,q14_t524
266,q10_t524
266,q10_t525
267,q10_t525
267,q10_t526
268,q10_t526
268,q10_t527
268,q13_t526
268,q13_t527
269,q10_t527
269,q10_t528
270,q10_t528
270,q10_t529
271,q10_t529
271,q10_t530
271,q12_t529
271,q12_t530
272,q10_t530
272,q10_t531
273,q10_t531
273,q10_t532
274,q10_t532
274,q10_t533
274,q11_t532
274,q11_t533
275,q10_t533
275,q10_t534
276,q10_t534
276,q10_t535
277,q10_t535
277,q10_t538
278,q10_t538
278,q10_t539
278,q9_t538
278,q9_t539
279,q10_t539
279,q10_t540
280,q10_t540
280,q10_t541
281,q10_t541
281,q10_t542
281,q8_t541
281,q8_t542
282,q10_t542
282,q10_t543
283,q10_t543
283,q10_t544
284,q10_t544
284,q10_t545
284,q7_t544
284,q7_t545
285,q10_t545
285,q10_t546
286,q10_t546
286,q10_t547
287,q10_t547
287,q10_t548
287,q6_t547
287,q6_t548
288,q10_t548
288,q10_t549
289,q10_t549
289,q10_t550
290,q10_t550
290,q10_t551
290,q5_t550
290,q5_t551
291,q10_t551
291,q10_t552
292,q10_t552
292,q10_t553
293,q10_t553
293,q10_t554
293,q4_t553
293,q4_t554
294,q10_t554
294,q10_t555
295,q10_t555
295,q10_t556
296,q10_t556
296,q10_t557
296,q3_t556
296,q3_t557
297,q10_t557
297,q10_t558
298,q10_t558
298,q10_t559
299,q10_t559
299,q10_t560
299,q2_t559
299,q2_t560
300,q10_t560
300,q10_t561
301,q10_t561
301,q10_t562
302,q10_t562
302,q10_t563
302,q1_t562
302,q1_t563
303,q10_t563
303,q10_t564
304,q10_t564
304,q10_t565
305,q10_t566
305,q10_t567
306,q10_t82
306,q10_t83
306,q43_t82
306,q43_t83
307,q10_t83
307,q10_t84
308,q10_t84
308,q10_t86
309,q10_t86
309,q10_t87
309,q43_t86
309,q43_t87
310,q10_t87
310,q10_t88
311,q11_t0
311,q11_t1
312,q11_t1
312,q11_t90
313,q11_t436
313,q11_t437
313,q42_t436
313,q42_t437
314,q11_t436
314,q11_t96
315,q11_t437
315,q11_t438
316,q11_t438
316,q11_t439
317,q11_t439
317,q11_t440
317,q41_t439
317,q41_t440
318,q11_t440
318,q11_t441
319,q11_t441
319,q11_t442
320,q11_t442
320,q11_t443
320,q40_t442
320,q40_t443
321,q11_t443
321,q11_t444
322,q11_t444
322,q11_t445
323,q11_t445
323,q11_t446
323,q39_t445
323,q39_t446
324,q11_t446
324,q11_t447
325,q11_t447
325,q11_t448
326,q11_t448
326,q11_t449
326,q38_t448
326,q38_t449
327,q11_t449
327,q11_t450
328,q11_t450
328,q11_t451
329,q11_t451
329,q11_t452
329,q37_t451
329,q37_t452
330,q11_t452
330,q11_t453
331,q11_t453
331,q11_t454
332,q11_t454
332,q11_t455
332,q36_t454
332,q36_t455
333,q11_t455
333,q11_t456
334,q11_t456
334,q11_t457
335,q11_t457
335,q11_t458
335,q35_t457
335,q35_t458
336,q11_t458
336,q11_t459
337,q11_t459
337,q11_t460
338,q11_t460
338,q11_t461
338,q34_t460
338,q34_t461
339,q11_t461
339,q11_t462
340,q11_t462
340,q11_t463
341,q11_t463
341,q11_t464
341,q33_t463
341,q33_t464
342,q11_t464
342,q11_t465
343,q11_t465
343,q11_t466
344,q11_t466
344,q11_t467
344,q32_t466
344,q32_t467
345,q11_t467
345,q11_t468
346,q11_t468
346,q11_t469
347,q11_t469
347,q11_t470
347,q31_t469
347,q31_t470
348,q11_t470
348,q11_t471
349,q11_t471
349,q11_t472
350,q11_t472
350,q11_t473
350,q30_t472
350,q30_t473
351,q11_t473
351,q11_t474
352,q11_t474
352,q11_t475
353,q11_t475
353,q11_t476
353,q29_t475
353,q29_t476
354,q11_t476
354,q11_t477
355,q11_t477
355,q11_t478
356,q11_t478
356,q11_t479
356,q28_t478
356,q28_t479
357,q11_t479
357,q11_t480
358,q11_t480
358,q11_t481
359,q11_t481
359,q11_t482
359,q27_t481
359,q27_t482
360,q11_t482
360,q11_t483
361,q11_t483
361,q11_t484
362,q11_t484
362,q11_t485
362,q26_t484
362,q26_t485
363,q11_t485
363,q11_t486
364,q11_t486
364,q11_t487
365,q11_t487
365,q11_t488
365,q25_t487
365,q25_t488
366,q11_t488
366,q11_t489
367,q11_t489
367,q11_t490
368,q11_t490
368,q11_t491
368,q24_t490
368,q24_t491
369,q11_t491
369,q11_t492
370,q11_t492
370,q11_t493
371,q11_t493
371,q11_t494
371,q23_t493
371,q23_t494
372,q11_t494
372,q11_t495
373,q11_t495
373,q11_t496
374,q11_t496
374,q11_t497
374,q22_t496
374,q22_t497
375,q11_t497
375,q11_t498
376,q11_t498
376,q11_t499
377,q11_t499
377,q11_t500
377,q21_t499
377,q21_t500
378,q11_t500
378,q11_t501
379,q11_t501
379,q11_t502
380,q11_t502
380,q11_t503
380,q20_t502
380,q20_t503
381,q11_t503
381,q11_t504
382,q11_t504
382,q11_t505
383,q11_t505
383,q11_t506
383,q19_t505
383,q19_t506
384,q11_t506
384,q11_t507
385,q11_t507
385,q11_t508
386,q11_t508
386,q11_t509
386,q18_t508
386,q18_t509
387,q11_t509
387,q11_t510
388,q11_t510
388,q11_t511
389,q11_t511
389,q11_t512
389,q17_t511
389,q17_t512
390,q11_t512
390,q11_t513
391,q11_t513
391,q11_t514
392,q11_t514
392,q11_t515
392,q16_t514
392,q16_t515
393,q11_t515
393,q11_t516
394,q11_t516
394,q11_t517
395,q11_t517
395,q11_t518
395,q15_t517
395,q15_t518
396,q11_t518
396,q11_t519
397,q11_t519
397,q11_t520
398,q11_t520
398,q11_t521
398,q14_t520
398,q14_t521
399,q11_t521
399,q11_t522
400,q11_t522
400,q11_t523
401,q11_t523
401,q11_t524
401,q13_t523
401,q13_t524
402,q11_t524
402,q11_t525
403,q11_t525
403,q11_t526
404,q11_t526
404,q11_t527
404,q12_t526
404,q12_t527
405,q11_t527
405,q11_t528
406,q11_t528
406,q11_t529
407,q11_t529
407,q11_t532
408,q11_t533
408,q11_t534
409,q11_t534
409,q11_t535
410,q11_t535
410,q11_t536
410,q9_t535
410,q9_t536
411,q11_t536
411,q11_t537
412,q11_t537
412,q11_t538
413,q11_t538
413,q11_t539
413,q8_t538
413,q8_t539
414,q11_t539
414,q11_t540
415,q11_t540
415,q11_t541
416,q11_t541
416,q11_t542
416,q7_t541
416,q7_t542
417,q11_t542
417,q11_t543
418,q11_t543
418,q11_t544
419,q11_t544
419,q11_t545
419,q6_t544
419,q6_t545
420,q11_t545
420,q11_t546
421,q11_t546
421,q11_t547
422,q11_t547
422,q11_t548
422,q5_t547
422,q5_t548
423,q11_t548
423,q11_t549
424,q11_t549
424,q11_t550
425,q11_t550
425,q11_t551
425,q4_t550
425,q4_t551
426,q11_t551
426,q11_t552
427,q11_t552
427,q11_t553
428,q11_t553
428,q11_t554
428,q3_t553
428,q3_t554
429,q11_t554
429,q11_t555
430,q11_t555
430,q11_t556
431,q11_t556
431,q11_t557
431,q2_t556
431,q2_t557
432,q11_t557
432,q11_t558
433,q11_t558
433,q11_t559
434,q11_t559
434,q11_t560
434,q1_t559
434,q1_t560
435,q11_t560
435,q11_t561
436,q11_t561
436,q11_t562
437,q11_t563
437,q11_t564
438,q11_t90
438,q11_t91
438,q43_t90
438,q43_t91
439,q11_t91
439,q11_t92
440,q11_t92
440,q11_t94
441,q11_t94
441,q11_t95
441,q43_t94
441,q43_t95
442,q11_t95
442,q11_t96
443,q12_t0
443,q12_t1
444,q12_t1
444,q12_t98
445,q12_t100
445,q12_t102
446,q12_t100
446,q12_t99
447,q12_t102
447,q12_t103
447,q43_t102
447,q43_t103
448,q12_t103
448,q12_t104
449,q12_t104
449,q12_t433
450,q12_t433
450,q12_t434
450,q42_t433
450,q42_t434
451,q12_t434
451,q12_t435
452,q12_t435
452,q12_t436
453,q12_t436
453,q12_t437
453,q41_t436
453,q41_t437
454,q12_t437
454,q12_t438
455,q12_t438
455,q12_t439
456,q12_t439
456,q12_t440
456,q40_t439
456,q40_t440
457,q12_t440
457,q12_t441
458,q12_t441
458,q12_t442
459,q12_t442
459,q12_t443
459,q39_t442
459,q39_t443
460,q12_t443
460,q12_t444
461,q12_t444
461,q12_t445
462,q12_t445
462,q12_t446
462,q38_t445
462,q38_t446
463,q12_t446
463,q12_t447
464,q12_t447
464,q12_t448
465,q12_t448
465,q12_t449
465,q37_t448
465,q37_t449
466,q12_t449
466,q12_t450
467,q12_t450
467,q12_t451
468,q12_t451
468,q12_t452
468,q36_t451
468,q36_t452
469,q12_t452
469,q12_t453
470,q12_t453
470,q12_t454
471,q12_t454
471,q12_t455
471,q35_t454
471,q35_t455
472,q12_t455
472,q12_t456
473,q12_t456
473,q12_t457
474,q12_t457
474,q12_t458
474,q34_t457
474,q34_t458
475,q12_t458
475,q12_t459
476,q12_t459
476,q12_t460
477,q12_t460
477,q12_t461
477,q33_t460
477,q33_t461
478,q12_t461
478,q12_t462
479,q12_t462
479,q12_t463
480,q12_t463
480,q12_t464
480,q32_t463
480,q32_t464
481,q12_t464
481,q12_t465
482,q12_t465
482,q12_t466
483,q12_t466
483,q12_t467
483,q31_t466
483,q31_t467
484,q12_t467
484,q12_t468
485,q12_t468
485,q12_t469
486,q12_t469
486,q12_t470
486,q30_t469
486,q30_t470
487,q12_t470
487,q12_t471
488,q12_t471
488,q12_t472
489,q12_t472
489,q12_t473
489,q29_t472
489,q29_t473
490,q12_t473
490,q12_t474
491,q12_t474
491,q12_t475
492,q12_t475
492,q12_t476
492,q28_t475
492,q28_t476
493,q12_t476
493,q12_t477
494,q12_t477
494,q12_t478
495,q12_t478
495,q12_t479
495,q27_t478
495,q27_t479
496,q12_t479
496,q12_t480
497,q12_t480
497,q12_t481
498,q12_t481
498,q12_t482
498,q26_t481
498,q26_t482
499,q12_t482
499,q12_t483
500,q12_t483
500,q12_t484
501,q12_t484
501,q12_t485
501,q25_t484
501,q25_t485
502,q12_t485
502,q12_t486
503,q12_t486
503,q12_t487
504,q12_t487
504,q12_t488
504,q24_t487
504,q24_t488
505,q12_t488
505,q12_t489
506,q12_t489
506,q12_t490
507,q12_t490
507,q12_t491
507,q23_t490
507,q23_t491
508,q12_t491
508,q12_t492
509,q12_t492
509,q12_t493
510,q12_t493
510,q12_t494
510,q22_t493
510,q22_t494
511,q12_t494
511,q12_t495
512,q12_t495
512,q12_t496
513,q12_t496
513,q12_t497
513,q21_t496
513,q21_t497
514,q12_t497
514,q12_t498
515,q12_t498
515,q12_t499
516,q12_t499
516,q12_t500
516,q20_t499
516,q20_t500
517,q12_t500
517,q12_t501
518,q12_t501
518,q12_t502
519,q12_t502
519,q12_t503
519,q19_t502
519,q19_t503
520,q12_t503
520,q12_t504
521,q12_t504
521,q12_t505
522,q12_t505
522,q12_t506
522,q18_t505
522,q18_t506
523,q12_t506
523,q12_t507
524,q12_t507
524,q12_t508
525,q12_t508
525,q12_t509
525,q17_t508
525,q17_t509
526,q12_t509
526,q12_t510
527,q12_t510
527,q12_t511
528,q12_t511
528,q12_t512
528,q16_t511
528,q16_t512
529,q12_t512
529,q12_t513
530,q12_t513
530,q12_t514
531,q12_t514
531,q12_t515
531,q15_t514
531,q15_t515
532,q12_t515
532,q12_t516
533,q12_t516
533,q12_t517
534,q12_t517
534,q12_t518
534,q14_t517
534,q14_t518
535,q12_t518
535,q12_t519
536,q12_t519
536,q12_t520
537,q12_t520
537,q12_t521
537,q13_t520
537,q13_t521
538,q12_t521
538,q12_t522
539,q12_t522
539,q12_t523
540,q12_t523
540,q12_t526
541,q12_t527
541,q12_t528
542,q12_t528
542,q12_t529
543,q12_t530
543,q12_t531
544,q12_t531
544,q12_t532
545,q12_t532
545,q12_t533
545,q9_t532
545,q9_t533
546,q12_t533
546,q12_t534
547,q12_t534
547,q12_t535
548,q12_t535
548,q12_t536
548,q8_t535
548,q8_t536
549,q12_t536
549,q12_t537
550,q12_t537
550,q12_t538
551,q12_t538
551,q12_t539
551,q7_t538
551,q7_t539
552,q12_t539
552,q12_t540
553,q12_t540
553,q12_t541
554,q12_t541
554,q12_t542
554,q6_t541
554,q6_t542
555,q12_t542
555,q12_t543
556,q12_t543
556,q12_t544
557,q12_t544
557,q12_t545
557,q5_t544
557,q5_t545
558,q12_t545
558,q12_t546
559,q12_t546
559,q12_t547
560,q12_t547
560,q12_t548
560,q4_t547
560,q4_t548
561,q12_t548
561,q12_t549
562,q12_t549
562,q12_t550
563,q12_t550
563,q12_t551
563,q3_t550
563,q3_t551
564,q12_t551
564,q12_t552
565,q12_t552
565,q12_t553
566,q12_t553
566,q12_t554
566,q2_t553
566,q2_t554
567,q12_t554
567,q12_t555
568,q12_t555
568,q12_t556
569,q12_t556
569,q12_t557
569,q1_t556
569,q1_t557
570,q12_t557
570,q12_t558
571,q12_t558
571,q12_t559
572,q12_t560
572,q12_t561
573,q12_t98
573,q12_t99
573,q43_t98
573,q43_t99
574,q13_t0
574,q13_t1
575,q13_t1
575,q13_t106
576,q13_t106
576,q13_t107
576,q43_t106
576,q43_t107
577,q13_t107
577,q13_t108
578,q13_t108
578,q13_t110
579,q13_t110
579,q13_t111
579,q43_t110
579,q43_t111
580,q13_t111
580,q13_t112
581,q13_t112
581,q13_t430
582,q13_t430
582,q13_t431
582,q42_t430
582,q42_t431
583,q13_t431
583,q13_t432
584,q13_t432
584,q13_t433
585,q13_t433
585,q13_t434
585,q41_t433
585,q41_t434
586,q13_t434
586,q13_t435
587,q13_t435
587,q13_t436
588,q13_t436
588,q13_t437
588,q40_t436
588,q40_t437
589,q13_t437
589,q13_t438
590,q13_t438
590,q13_t439
591,q13_t439
591,q13_t440
591,q39_t439
591,q39_t440
592,q13_t440
592,q13_t441
593,q13_t441
593,q13_t442
594,q13_t442
594,q13_t443
594,q38_t442
594,q38_t443
595,q13_t443
595,q13_t444
596,q13_t444
596,q13_t445
597,q13_t445
597,q13_t446
597,q37_t445
597,q37_t446
598,q13_t446
598,q13_t447
599,q13_t447
599,q13_t448
600,q13_t448
600,q13_t449
600,q36_t448
600,q36_t449
601,q13_t449
601,q13_t450
602,q13_t450
602,q13_t451
603,q13_t451
603,q13_t452
603,q35_t451
603,q35_t452
604,q13_t452
604,q13_t453
605,q13_t453
605,q13_t454
606,q13_t454
606,q13_t455
606,q34_t454
606,q34_t455
607,q13_t455
607,q13_t456
608,q13_t456
608,q13_t457
609,q13_t457
609,q13_t458
609,q33_t457
609,q33_t458
610,q13_t458
610,q13_t459
611,q13_t459
611,q13_t460
612,q13_t460
612,q13_t461
612,q32_t460
612,q32_t461
613,q13_t461
613,q13_t462
614,q13_t462
614,q13_t463
615,q13_t463
615,q13_t464
615,q31_t463
615,q31_t464
616,q13_t464
616,q13_t465
617,q13_t465
617,q13_t466
618,q13_t466
618,q13_t467
618,q30_t466
618,q30_t467
619,q13_t467
619,q13_t468
620,q13_t468
620,q13_t469
621,q13_t469
621,q13_t470
621,q29_t469
621,q29_t470
622,q13_t470
622,q13_t471
623,q13_t471
623,q13_t472
624,q13_t472
624,q13_t473
624,q28_t472
624,q28_t473
625,q13_t473
625,q13_t474
626,q13_t474
626,q13_t475
627,q13_t475
627,q13_t476
627,q27_t475
627,q27_t476
628,q13_t476
628,q13_t477
629,q13_t477
629,q13_t478
630,q13_t478
630,q13_t479
630,q26_t478
630,q26_t479
631,q13_t479
631,q13_t480
632,q13_t480
632,q13_t481
633,q13_t481
633,q13_t482
633,q25_t481
633,q25_t482
634,q13_t482
634,q13_t483
635,q13_t483
635,q13_t484
636,q13_t484
636,q13_t485
636,q24_t484
636,q24_t485
637,q13_t485
637,q13_t486
638,q13_t486
638,q13_t487
639,q13_t487
639,q13_t488
639,q23_t487
639,q23_t488
640,q13_t488
640,q13_t489
641,q13_t489
641,q13_t490
642,q13_t490
642,q13_t491
642,q22_t490
642,q22_t491
643,q13_t491
643,q13_t492
644,q13_t492
644,q13_t493
645,q13_t493
645,q13_t494
645,q21_t493
645,q21_t494
646,q13_t494
646,q13_t495
647,q13_t495
647,q13_t496
648,q13_t496
648,q13_t497
648,q20_t496
648,q20_t497
649,q13_t497
649,q13_t498
650,q13_t498
650,q13_t499
651,q13_t499
651,q13_t500
651,q19_t499
651,q19_t500
652,q13_t500
652,q13_t501
653,q13_t501
653,q13_t502
654,q13_t502
654,q13_t503
654,q18_t502
654,q18_t503
655,q13_t503
655,q13_t504
656,q13_t504
656,q13_t505
657,q13_t505
657,q13_t506
657,q17_t505
657,q17_t506
658,q13_t506
658,q13_t507
659,q13_t507
659,q13_t508
660,q13_t508
660,q13_t509
660,q16_t508
660,q16_t509
661,q13_t509
661,q13_t510
662,q13_t510
662,q13_t511
663,q13_t511
663,q13_t512
663,q15_t511
663,q15_t512
664,q13_t512
664,q13_t513
665,q13_t513
665,q13_t514
666,q13_t514
666,q13_t515
666,q14_t514
666,q14_t515
667,q13_t515
667,q13_t516
668,q13_t516
668,q13_t517
669,q13_t517
669,q13_t520
670,q13_t521
670,q13_t522
671,q13_t522
671,q13_t523
672,q13_t524
672,q13_t525
673,q13_t525
673,q13_t526
674,q13_t527
674,q13_t528
675,q13_t528
675,q13_t529
676,q13_t529
676,q13_t530
676,q9_t529
676,q9_t530
677,q13_t530
677,q13_t531
678,q13_t531
678,q13_t532
679,q13_t532
679,q13_t533
679,q8_t532
679,q8_t533
680,q13_t533
680,q13_t534
681,q13_t534
681,q13_t535
682,q13_t535
682,q13_t536
682,q7_t535
682,q7_t536
683,q13_t536
683,q13_t537
684,q13_t537
684,q13_t538
685,q13_t538
685,q13_t539
685,q6_t538
685,q6_t539
686,q13_t539
686,q13_t540
687,q13_t540
687,q13_t541
688,q13_t541
688,q13_t542
688,q5_t541
688,q5_t542
689,q13_t542
689,q13_t543
690,q13_t543
690,q13_t544
691,q13_t544
691,q13_t545
691,q4_t544
691,q4_t545
692,q13_t545
692,q13_t546
693,q13_t546
693,q13_t547
694,q13_t547
694,q13_t548
694,q3_t547
694,q3_t548
695,q13_t548
695,q13_t549
696,q13_t549
696,q13_t550
697,q13_t550
697,q13_t551
697,q2_t550
697,q2_t551
698,q13_t551
698,q13_t552
699,q13_t552
699,q13_t553
700,q13_t553
700,q13_t554
700,q1_t553
700,q1_t554
701,q13_t554
701,q13_t555
702,q13_t555
702,q13_t556
703,q13_t557
703,q13_t558
704,q14_t0
704,q14_t1
705,q14_t1
705,q14_t114
706,q14_t114
706,q14_t115
706,q43_t114
706,q43_t115
707,q14_t115
707,q14_t116
708,q14_t116
708,q14_t118
709,q14_t118
709,q14_t119
709,q43_t118
709,q43_t119
710,q14_t119
710,q14_t120
711,q14_t120
711,q14_t427
712,q14_t427
712,q14_t428
712,q42_t427
712,q42_t428
713,q14_t428
713,q14_t429
714,q14_t429
714,q14_t430
715,q14_t430
715,q14_t431
715,q41_t430
715,q41_t431
716,q14_t431
716,q14_t432
717,q14_t432
717,q14_t433
718,q14_t433
718,q14_t434
718,q40_t433
718,q40_t434
719,q14_t434
719,q14_t435
720,q14_t435
720,q14_t436
721,q14_t436
721,q14_t437
721,q39_t436
721,q39_t437
722,q14_t437
722,q14_t438
723,q14_t438
723,q14_t439
724,q14_t439
724,q14_t440
724,q38_t439
724,q38_t440
725,q14_t440
725,q14_t441
726,q14_t441
726,q14_t442
727,q14_t442
727,q14_t443
727,q37_t442
727,q37_t443
728,q14_t443
728,q14_t444
729,q14_t444
729,q14_t445
730,q14_t445
730,q14_t446
730,q36_t445
730,q36_t446
731,q14_t446
731,q14_t447
732,q14_t447
732,q14_t448
733,q14_t448
733,q14_t449
733,q35_t448
733,q35_t449
734,q14_t449
734,q14_t450
735,q14_t450
735,q14_t451
736,q14_t451
736,q14_t452
736,q34_t451
736,q34_t452
737,q14_t452
737,q14_t453
738,q14_t453
738,q14_t454
739,q14_t454
739,q14_t455
739,q33_t454
739,q33_t455
740,q14_t455
740,q14_t456
741,q14_t456
741,q14_t457
742,q14_t457
742,q14_t458
742,q32_t457
742,q32_t458
743,q14_t458
743,q14_t459
744,q14_t459
744,q14_t460
745,q14_t460
745,q14_t461
745,q31_t460
745,q31_t461
746,q14_t461
746,q14_t462
747,q14_t462
747,q14_t463
748,q14_t463
748,q14_t464
748,q30_t463
748,q30_t464
749,q14_t464
749,q14_t465
750,q14_t465
750,q14_t466
751,q14_t466
751,q14_t467
751,q29_t466
751,q29_t467
752,q14_t467
752,q14_t468
753,q14_t468
753,q14_t469
754,q14_t469
754,q14_t470
754,q28_t469
754,q28_t470
755,q14_t470
755,q14_t471
756,q14_t471
756,q14_t472
757,q14_t472
757,q14_t473
757,q27_t472
757,q27_t473
758,q14_t473
758,q14_t474
759,q14_t474
759,q14_t475
760,q14_t475
760,q14_t476
760,q26_t475
760,q26_t476
761,q14_t476
761,q14_t477
762,q14_t477
762,q14_t478
763,q14_t478
763,q14_t479
763,q25_t478
763,q25_t479
764,q14_t479
764,q14_t480
765,q14_t480
765,q14_t481
766,q14_t481
766,q14_t482
766,q24_t481
766,q24_t482
767,q14_t482
767,q14_t483
768,q14_t483
768,q14_t484
769,q14_t484
769,q14_t485
769,q23_t484
769,q23_t485
770,q14_t485
770,q14_t486
771,q14_t486
771,q14_t487
772,q14_t487
772,q14_t488
772,q22_t487
772,q22_t488
773,q14_t488
773,q14_t489
774,q14_t489
774,q14_t490
775,q14_t490
775,q14_t491
775,q21_t490
775,q21_t491
776,q14_t491
776,q14_t492
777,q14_t492
777,q14_t493
778,q14_t493
778,q14_t494
778,q20_t493
778,q20_t494
779,q14_t494
779,q14_t495
780,q14_t495
780,q14_t496
781,q14_t496
781,q14_t497
781,q19_t496
781,q19_t497
782,q14_t497
782,q14_t498
783,q14_t498
783,q14_t499
784,q14_t499
784,q14_t500
784,q18_t499
784,q18_t500
785,q14_t500
785,q14_t501
786,q14_t501
786,q14_t502
787,q14_t502
787,q14_t503
787,q17_t502
787,q17_t503
788,q14_t503
788,q14_t504
789,q14_t504
789,q14_t505
790,q14_t505
790,q14_t506
790,q16_t505
790,q16_t506
791,q14_t506
791,q14_t507
792,q14_t507
792,q14_t508
793,q14_t508
793,q14_t509
793,q15_t508
793,q15_t509
794,q14_t509
794,q14_t510
795,q14_t510
795,q14_t511
796,q14_t511
796,q14_t514
797,q14_t515
797,q14_t516
798,q14_t516
798,q14_t517
799,q14_t518
799,q14_t519
800,q14_t519
800,q14_t520
801,q14_t521
801,q14_t522
802,q14_t522
802,q14_t523
803,q14_t524
803,q14_t525
804,q14_t525
804,q14_t526
805,q14_t526
805,q14_t527
805,q9_t526
805,q9_t527
806,q14_t527
806,q14_t528
807,q14_t528
807,q14_t529
808,q14_t529
808,q14_t530
808,q8_t529
808,q8_t530
809,q14_t530
809,q14_t531
810,q14_t531
810,q14_t532
811,q14_t532
811,q14_t533
811,q7_t532
811,q7_t533
812,q14_t533
812,q14_t534
813,q14_t534
813,q14_t535
814,q14_t535
814,q14_t536
814,q6_t535
814,q6_t536
815,q14_t536
815,q14_t537
816,q14_t537
816,q14_t538
817,q14_t538
817,q14_t539
817,q5_t538
817,q5_t539
818,q14_t539
818,q14_t540
819,q14_t540
819,q14_t541
820,q14_t541
820,q14_t542
820,q4_t541
820,q4_t542
821,q14_t542
821,q14_t543
822,q14_t543
822,q14_t544
823,q14_t544
823,q14_t545
823,q3_t544
823,q3_t545
824,q14_t545
824,q14_t546
825,q14_t546
825,q14_t547
826,q14_t547
826,q14_t548
826,q2_t547
826,q2_t548
827,q14_t548
827,q14_t549
828,q14_t549
828,q14_t550
829,q14_t550
829,q14_t551
829,q1_t550
829,q1_t551
830,q14_t551
830,q14_t552
831,q14_t552
831,q14_t553
832,q14_t554
832,q14_t555
833,q15_t0
833,q15_t1
834,q15_t1
834,q15_t122
835,q15_t122
835,q15_t123
835,q43_t122
835,q43_t123
836,q15_t123
836,q15_t124
837,q15_t124
837,q15_t126
838,q15_t126
838,q15_t127
838,q43_t126
838,q43_t127
839,q15_t127
839,q15_t128
840,q15_t128
840,q15_t424
841,q15_t424
841,q15_t425
841,q42_t424
841,q42_t425
842,q15_t425
842,q15_t426
843,q15_t426
843,q15_t427
844,q15_t427
844,q15_t428
844,q41_t427
844,q41_t428
845,q15_t428
845,q15_t429
846,q15_t429
846,q15_t430
847,q15_t430
847,q15_t431
847,q40_t430
847,q40_t431
848,q15_t431
848,q15_t432
849,q15_t432
849,q15_t433
850,q15_t433
850,q15_t434
850,q39_t433
850,q39_t434
851,q15_t434
851,q15_t435
852,q15_t435
852,q15_t436
853,q15_t436
853,q15_t437
853,q38_t436
853,q38_t437
854,q15_t437
854,q15_t438
855,q15_t438
855,q15_t439
856,q15_t439
856,q15_t440
856,q37_t439
856,q37_t440
857,q15_t440
857,q15_t441
858,q15_t441
858,q15_t442
859,q15_t442
859,q15_t443
859,q36_t442
859,q36_t443
860,q15_t443
860,q15_t444
861,q15_t444
861,q15_t445
862,q15_t445
862,q15_t446
862,q35_t445
862,q35_t446
863,q15_t446
863,q15_t447
864,q15_t447
864,q15_t448
865,q15_t448
865,q15_t449
865,q34_t448
865,q34_t449
866,q15_t449
866,q15_t450
867,q15_t450
867,q15_t451
868,q15_t451
868,q15_t452
868,q33_t451
868,q33_t452
869,q15_t452
869,q15_t453
870,q15_t453
870,q15_t454
871,q15_t454
871,q15_t455
871,q32_t454
871,q32_t455
872,q15_t455
872,q15_t456
873,q15_t456
873,q15_t457
874,q15_t457
874,q15_t458
874,q31_t457
874,q31_t458
875,q15_t458
875,q15_t459
876,q15_t459
876,q15_t460
877,q15_t460
877,q15_t461
877,q30_t460
877,q30_t461
878,q15_t461
878,q15_t462
879,q15_t462
879,q15_t463
880,q15_t463
880,q15_t464
880,q29_t463
880,q29_t464
881,q15_t464
881,q15_t465
882,q15_t465
882,q15_t466
883,q15_t466
883,q15_t467
883,q28_t466
883,q28_t467
884,q15_t467
884,q15_t468
885,q15_t468
885,q15_t469
886,q15_t469
886,q15_t470
886,q27_t469
886,q27_t470
887,q15_t470
887,q15_t471
888,q15_t471
888,q15_t472
889,q15_t472
889,q15_t473
889,q26_t472
889,q26_t473
890,q15_t473
890,q15_t474
891,q15_t474
891,q15_t475
892,q15_t475
892,q15_t476
892,q25_t475
892,q25_t476
893,q15_t476
893,q15_t477
894,q15_t477
894,q15_t478
895,q15_t478
895,q15_t479
895,q24_t478
895,q24_t479
896,q15_t479
896,q15_t480
897,q15_t480
897,q15_t481
898,q15_t481
898,q15_t482
898,q23_t481
898,q23_t482
899,q15_t482
899,q15_t483
900,q15_t483
900,q15_t484
901,q15_t484
901,q15_t485
901,q22_t484
901,q22_t485
902,q15_t485
902,q15_t486
903,q15_t486
903,q15_t487
904,q15_t487
904,q15_t488
904,q21_t487
904,q21_t488
905,q15_t488
905,q15_t489
906,q15_t489
906,q15_t490
907,q15_t490
907,q15_t491
907,q20_t490
907,q20_t491
908,q15_t491
908,q15_t492
909,q15_t492
909,q15_t493
910,q15_t493
910,q15_t494
910,q19_t493
910,q19_t494
911,q15_t494
911,q15_t495
912,q15_t495
912,q15_t496
913,q15_t496
913,q15_t497
913,q18_t496
913,q18_t497
914,q15_t497
914,q15_t498
915,q15_t498
915,q15_t499
916,q15_t499
916,q15_t500
916,q17_t499
916,q17_t500
917,q15_t500
917,q15_t501
918,q15_t501
918,q15_t502
919,q15_t502
919,q15_t503
919,q16_t502
919,q16_t503
920,q15_t503
920,q15_t504
921,q15_t504
921,q15_t505
922,q15_t505
922,q15_t508
923,q15_t509
923,q15_t510
924,q15_t510
924,q15_t511
925,q15_t512
925,q15_t513
926,q15_t513
926,q15_t514
927,q15_t515
927,q15_t516
928,q15_t516
928,q15_t517
929,q15_t518
929,q15_t519
930,q15_t519
930,q15_t520
931,q15_t521
931,q15_t522
932,q15_t522
932,q15_t523
933,q15_t523
933,q15_t524
933,q9_t523
933,q9_t524
934,q15_t524
934,q15_t525
935,q15_t525
935,q15_t526
936,q15_t526
936,q15_t527
936,q8_t526
936,q8_t527
937,q15_t527
937,q15_t528
938,q15_t528
938,q15_t529
939,q15_t529
939,q15_t530
939,q7_t529
939,q7_t530
940,q15_t530
940,q15_t531
941,q15_t531
941,q15_t532
942,q15_t532
942,q15_t533
942,q6_t532
942,q6_t533
943,q15_t533
943,q15_t534
944,q15_t534
944,q15_t535
945,q15_t535
945,q15_t536
945,q5_t535
945,q5_t536
946,q15_t536
946,q15_t537
947,q15_t537
947,q15_t538
948,q15_t538
948,q15_t539
948,q4_t538
948,q4_t539
949,q15_t539
949,q15_t540
950,q15_t540
950,q15_t541
951,q15_t541
951,q15_t542
951,q3_t541
951,q3_t542
952,q15_t542
952,q15_t543
953,q15_t543
953,q15_t544
954,q15_t544
954,q15_t545
954,q2_t544
954,q2_t545
955,q15_t545
955,q15_t546
956,q15_t546
956,q15_t547
957,q15_t547
957,q15_t548
957,q1_t547
957,q1_t548
958,q15_t548
958,q15_t549
959,q15_t549
959,q15_t550
960,q15_t551
960,q15_t552
961,q16_t0
961,q16_t1
962,q16_t1
962,q16_t130
963,q16_t130
963,q16_t131
963,q43_t130
963,q43_t131
964,q16_t131
964,q16_t132
965,q16_t132
965,q16_t134
966,q16_t134
966,q16_t135
966,q43_t134
966,q43_t135
967,q16_t135
967,q16_t136
968,q16_t136
968,q16_t421
969,q16_t421
969,q16_t422
969,q42_t421
969,q42_t422
970,q16_t422
970,q16_t423
971,q16_t423
971,q16_t424
972,q16_t424
972,q16_t425
972,q41_t424
972,q41_t425
973,q16_t425
973,q16_t426
974,q16_t426
974,q16_t427
975,q16_t427
975,q16_t428
975,q40_t427
975,q40_t428
976,q16_t428
976,q16_t429
977,q16_t429
977,q16_t430
978,q16_t430
978,q16_t431
978,q39_t430
978,q39_t431
979,q16_t431
979,q16_t432
980,q16_t432
980,q16_t433
981,q16_t433
981,q16_t434
981,q38_t433
981,q38_t434
982,q16_t434
982,q16_t435
983,q16_t435
983,q16_t436
984,q16_t436
984,q16_t437
984,q37_t436
984,q37_t437
985,q16_t437
985,q16_t438
986,q16_t438
986,q16_t439
987,q16_t439
987,q16_t440
987,q36_t439
987,q36_t440
988,q16_t440
988,q16_t441
989,q16_t441
989,q16_t442
990,q16_t442
990,q16_t443
990,q35_t442
990,q35_t443
991,q16_t443
991,q16_t444
992,q16_t444
992,q16_t445
993,q16_t445
993,q16_t446
993,q34_t445
993,q34_t446
994,q16_t446
994,q16_t447
995,q16_t447
995,q16_t448
996,q16_t448
996,q16_t449
996,q33_t448
996,q33_t449
997,q16_t449
997,q16_t450
998,q16_t450
998,q16_t451
999,q16_t451
999,q16_t452
999,q32_t451
999,q32_t452
1000,q16_t452
1000,q16_t453
1001,q16_t453
1001,q16_t454
1002,q16_t454
1002,q16_t455
1002,q31_t454
1002,q31_t455
1003,q16_t455
1003,q16_t456
1004,q16_t456
1004,q16_t457
1005,q16_t457
1005,q16_t458
1005,q30_t457
1005,q30_t458
1006,q16_t458
1006,q16_t459
1007,q16_t459
1007,q16_t460
1008,q16_t460
1008,q16_t461
1008,q29_t460
1008,q29_t461
1009,q16_t461
1009,q16_t462
1010,q16_t462
1010,q16_t463
1011,q16_t463
1011,q16_t464
1011,q28_t463
1011,q28_t464
1012,q16_t464
1012,q16_t465
1013,q16_t465
1013,q16_t466
1014,q16_t466
1014,q16_t467
1014,q27_t466
1014,q27_t467
1015,q16_t467
1015,q16_t468
1016,q16_t468
1016,q16_t469
1017,q16_t469
1017,q16_t470
1017,q26_t469
1017,q26_t470
1018,q16_t470
1018,q16_t471
1019,q16_t471
1019,q16_t472
1020,q16_t472
1020,q16_t473
1020,q25_t472
1020,q25_t473
1021,q16_t473
1021,q16_t474
1022,q16_t474
1022,q16_t475
1023,q16_t475
1023,q16_t476
1023,q24_t475
1023,q24_t476
1024,q16_t476
1024,q16_t477
1025,q16_t477
1025,q16_t478
1026,q16_t478
1026,q16_t479
1026,q23_t478
1026,q23_t479
1027,q16_t479
1027,q16_t480
1028,q16_t480
1028,q16_t481
1029,q16_t481
1029,q16_t482
1029,q22_t481
1029,q22_t482
1030,q16_t482
1030,q16_t483
1031,q16_t483
1031,q16_t484
1032,q16_t484
1032,q16_t485
1032,q21_t484
1032,q21_t485
1033,q16_t485
1033,q16_t486
1034,q16_t486
1034,q16_t487
1035,q16_t487
1035,q16_t488
1035,q20_t487
1035,q20_t488
1036,q16_t488
1036,q16_t489
1037,q16_t489
1037,q16_t490
1038,q16_t490
1038,q16_t491
1038,q19_t490
1038,q19_t491
1039,q16_t491
1039,q16_t492
1040,q16_t492
1040,q16_t493
1041,q16_t493
1041,q16_t494
1041,q18_t493
1041,q18_t494
1042,q16_t494
1042,q16_t495
1043,q16_t495
1043,q16_t496
1044,q16_t496
1044,q16_t497
1044,q17_t496
1044,q17_t497
1045,q16_t497
1045,q16_t498
1046,q16_t498
1046,q16_t499
1047,q16_t499
1047,q16_t502
1048,q16_t503
1048,q16_t504
1049,q16_t504
1049,q16_t505
1050,q16_t506
1050,q16_t507
1051,q16_t507
1051,q16_t508
1052,q16_t509
1052,q16_t510
1053,q16_t510
1053,q16_t511
1054,q16_t512
1054,q16_t513
1055,q16_t513
1055,q16_t514
1056,q16_t515
1056,q16_t516
1057,q16_t516
1057,q16_t517
1058,q16_t518
1058,q16_t519
1059,q16_t519
1059,q16_t520
1060,q16_t520
1060,q16_t521
1060,q9_t520
1060,q9_t521
1061,q16_t521
1061,q16_t522
1062,q16_t522
1062,q16_t523
1063,q16_t523
1063,q16_t524
1063,q8_t523
1063,q8_t524
1064,q16_t524
1064,q16_t525
1065,q16_t525
1065,q16_t526
1066,q16_t526
1066,q16_t527
1066,q7_t526
1066,q7_t527
1067,q16_t527
1067,q16_t528
1068,q16_t528
1068,q16_t529
1069,q16_t529
1069,q16_t530
1069,q6_t529
1069,q6_t530
1070,q16_t530
1070,q16_t531
1071,q16_t531
1071,q16_t532
1072,q16_t532
1072,q16_t533
1072,q5_t532
1072,q5_t533
1073,q16_t533
1073,q16_t534
1074,q16_t534
1074,q16_t535
1075,q16_t535
1075,q16_t536
1075,q4_t535
1075,q4_t536
1076,q16_t536
1076,q16_t537
1077,q16_t537
1077,q16_t538
1078,q16_t538
1078,q16_t539
1078,q3_t538
1078,q3_t539
1079,q16_t539
1079,q16_t540
1080,q16_t540
1080,q16_t541
1081,q16_t541
1081,q16_t542
1081,q2_t541
1081,q2_t542
1082,q16_t542
1082,q16_t543
1083,q16_t543
1083,q16_t544
1084,q16_t544
1084,q16_t545
1084,q1_t544
1084,q1_t545
1085,q16_t545
1085,q16_t546
1086,q16_t546
1086,q16_t547
1087,q16_t548
1087,q16_t549
1088,q17_t0
1088,q17_t1
1089,q17_t1
1089,q17_t138
1090,q17_t138
1090,q17_t139
1090,q43_t138
1090,q43_t139
1091,q17_t139
1091,q17_t140
1092,q17_t140
1092,q17_t142
1093,q17_t142
1093,q17_t143
1093,q43_t142
1093,q43_t143
1094,q17_t143
1094,q17_t144
1095,q17_t144
1095,q17_t418
1096,q17_t418
1096,q17_t419
1096,q42_t418
1096,q42_t419
1097,q17_t419
1097,q17_t420
1098,q17_t420
1098,q17_t421
1099,q17_t421
1099,q17_t422
1099,q41_t421
1099,q41_t422
1100,q17_t422
1100,q17_t423
1101,q17_t423
1101,q17_t424
1102,q17_t424
1102,q17_t425
1102,q40_t424
1102,q40_t425
1103,q17_t425
1103,q17_t426
1104,q17_t426
1104,q17_t427
1105,q17_t427
1105,q17_t428
1105,q39_t427
1105,q39_t428
1106,q17_t428
1106,q17_t429
1107,q17_t429
1107,q17_t430
1108,q17_t430
1108,q17_t431
1108,q38_t430
1108,q38_t431
1109,q17_t431
1109,q17_t432
1110,q17_t432
1110,q17_t433
1111,q17_t433
1111,q17_t434
1111,q37_t433
1111,q37_t434
1112,q17_t434
1112,q17_t435
1113,q17_t435
1113,q17_t436
1114,q17_t436
1114,q17_t437
1114,q36_t436
1114,q36_t437
1115,q17_t437
1115,q17_t438
1116,q17_t438
1116,q17_t439
1117,q17_t439
1117,q17_t440
1117,q35_t439
1117,q35_t440
1118,q17_t440
1118,q17_t441
1119,q17_t441
1119,q17_t442
1120,q17_t442
1120,q17_t443
1120,q34_t442
1120,q34_t443
1121,q17_t443
1121,q17_t444
1122,q17_t444
1122,q17_t445
1123,q17_t445
1123,q17_t446
1123,q33_t445
1123,q33_t446
1124,q17_t446
1124,q17_t447
1125,q17_t447
1125,q17_t448
1126,q17_t448
1126,q17_t449
1126,q32_t448
1126,q32_t449
1127,q17_t449
1127,q17_t450
1128,q17_t450
1128,q17_t451
1129,q17_t451
1129,q17_t452
1129,q31_t451
1129,q31_t452
1130,q17_t452
1130,q17_t453
1131,q17_t453
1131,q17_t454
1132,q17_t454
1132,q17_t455
1132,q30_t454
1132,q30_t455
1133,q17_t455
1133,q17_t456
1134,q17_t456
1134,q17_t457
1135,q17_t457
1135,q17_t458
1135,q29_t457
1135,q29_t458
1136,q17_t458
1136,q17_t459
1137,q17_t459
1137,q17_t460
1138,q17_t460
1138,q17_t461
1138,q28_t460
1138,q28_t461
1139,q17_t461
1139,q17_t462
1140,q17_t462
1140,q17_t463
1141,q17_t463
1141,q17_t464
1141,q27_t463
1141,q27_t464
1142,q17_t464
1142,q17_t465
1143,q17_t465
1143,q17_t466
1144,q17_t466
1144,q17_t467
1144,q26_t466
1144,q26_t467
1145,q17_t467
1145,q17_t468
1146,q17_t468
1146,q17_t469
1147,q17_t469
1147,q17_t470
1147,q25_t469
1147,q25_t470
1148,q17_t470
1148,q17_t471
1149,q17_t471
1149,q17_t472
1150,q17_t472
1150,q17_t473
1150,q24_t472
1150,q24_t473
1151,q17_t473
1151,q17_t474
1152,q17_t474
1152,q17_t475
1153,q17_t475
1153,q17_t476
1153,q23_t475
1153,q23_t476
1154,q17_t476
1154,q17_t477
1155,q17_t477
1155,q17_t478
1156,q17_t478
1156,q17_t479
1156,q22_t478
1156,q22_t479
1157,q17_t479
1157,q17_t480
1158,q17_t480
1158,q17_t481
1159,q17_t481
1159,q17_t482
1159,q21_t481
1159,q21_t482
1160,q17_t482
1160,q17_t483
1161,q17_t483
1161,q17_t484
1162,q17_t484
1162,q17_t485
1162,q20_t484
1162,q20_t485
1163,q17_t485
1163,q17_t486
1164,q17_t486
1164,q17_t487
1165,q17_t487
1165,q17_t488
1165,q19_t487
1165,q19_t488
1166,q17_t488
1166,q17_t489
1167,q17_t489
1167,q17_t490
1168,q17_t490
1168,q17_t491
1168,q18_t490
1168,q18_t491
1169,q17_t491
1169,q17_t492
1170,q17_t492
1170,q17_t493
1171,q17_t493
1171,q17_t496
1172,q17_t497
1172,q17_t498
1173,q17_t498
1173,q17_t499
1174,q17_t500
1174,q17_t501
1175,q17_t501
1175,q17_t502
1176,q17_t503
1176,q17_t504
1177,q17_t504
1177,q17_t505
1178,q17_t506
1178,q17_t507
1179,q17_t507
1179,q17_t508
1180,q17_t509
1180,q17_t510
1181,q17_t510
1181,q17_t511
1182,q17_t512
1182,q17_t513
1183,q17_t513
1183,q17_t514
1184,q17_t515
1184,q17_t516
1185,q17_t516
1185,q17_t517
1186,q17_t517
1186,q17_t518
1186,q9_t517
1186,q9_t518
1187,q17_t518
1187,q17_t519
1188,q17_t519
1188,q17_t520
1189,q17_t520
1189,q17_t521
1189,q8_t520
1189,q8_t521
1190,q17_t521
1190,q17_t522
1191,q17_t522
1191,q17_t523
1192,q17_t523
1192,q17_t524
1192,q7_t523
1192,q7_t524
1193,q17_t524
1193,q17_t525
1194,q17_t525
1194,q17_t526
1195,q17_t526
1195,q17_t527
1195,q6_t526
1195,q6_t527
1196,q17_t527
1196,q17_t528
1197,q17_t528
1197,q17_t529
1198,q17_t529
1198,q17_t530
1198,q5_t529
1198,q5_t530
1199,q17_t530
1199,q17_t531
1200,q17_t531
1200,q17_t532
1201,q17_t532
1201,q17_t533
1201,q4_t532
1201,q4_t533
1202,q17_t533
1202,q17_t534
1203,q17_t534
1203,q17_t535
1204,q17_t535
1204,q17_t536
1204,q3_t535
1204,q3_t536
1205,q17_t536
1205,q17_t537
1206,q17_t537
1206,q17_t538
1207,q17_t538
1207,q17_t539
1207,q2_t538
1207,q2_t539
1208,q17_t539
1208,q17_t540
1209,q17_t540
1209,q17_t541
1210,q17_t541
1210,q17_t542
1210,q1_t541
1210,q1_t542
1211,q17_t542
1211,q17_t543
1212,q17_t543
1212,q17_t544
1213,q17_t545
1213,q17_t546
1214,q18_t0
1214,q18_t1
1215,q18_t1
1215,q18_t146
1216,q18_t146
1216,q18_t147
1216,q43_t146
1216,q43_t147
1217,q18_t147
1217,q18_t148
1218,q18_t148
1218,q18_t150
1219,q18_t150
1219,q18_t151
1219,q43_t150
1219,q43_t151
1220,q18_t151
1220,q18_t152
1221,q18_t152
1221,q18_t415
1222,q18_t415
1222,q18_t416
1222,q42_t415
1222,q42_t416
1223,q18_t416
1223,q18_t417
1224,q18_t417
1224,q18_t418
1225,q18_t418
1225,q18_t419
1225,q41_t418
1225,q41_t419
1226,q18_t419
1226,q18_t420
1227,q18_t420
1227,q18_t421
1228,q18_t421
1228,q18_t422
1228,q40_t421
1228,q40_t422
1229,q18_t422
1229,q18_t423
1230,q18_t423
1230,q18_t424
1231,q18_t424
1231,q18_t425
1231,q39_t424
1231,q39_t425
1232,q18_t425
1232,q18_t426
1233,q18_t426
1233,q18_t427
1234,q18_t427
1234,q18_t428
1234,q38_t427
1234,q38_t428
1235,q18_t428
1235,q18_t429
1236,q18_t429
1236,q18_t430
1237,q18_t430
1237,q18_t431
1237,q37_t430
1237,q37_t431
1238,q18_t431
1238,q18_t432
1239,q18_t432
1239,q18_t433
1240,q18_t433
1240,q18_t434
1240,q36_t433
1240,q36_t434
1241,q18_t434
1241,q18_t435
1242,q18_t435
1242,q18_t436
1243,q18_t436
1243,q18_t437
1243,q35_t436
1243,q35_t437
1244,q18_t437
1244,q18_t438
1245,q18_t438
1245,q18_t439
1246,q18_t439
1246,q18_t440
1246,q34_t439
1246,q34_t440
1247,q18_t440
1247,q18_t441
1248,q18_t441
1248,q18_t442
1249,q18_t442
1249,q18_t443
1249,q33_t442
1249,q33_t443
1250,q18_t443
1250,q18_t444
1251,q18_t444
1251,q18_t445
1252,q18_t445
1252,q18_t446
1252,q32_t445
1252,q32_t446
1253,q18_t446
1253,q18_t447
1254,q18_t447
1254,q18_t448
1255,q18_t448
1255,q18_t449
1255,q31_t448
1255,q31_t449
1256,q18_t449
1256,q18_t450
1257,q18_t450
1257,q18_t451
1258,q18_t451
1258,q18_t452
1258,q30_t451
1258,q30_t452
1259,q18_t452
1259,q18_t453
1260,q18_t453
1260,q18_t454
1261,q18_t454
1261,q18_t455
1261,q29_t454
1261,q29_t455
1262,q18_t455
1262,q18_t456
1263,q18_t456
1263,q18_t457
1264,q18_t457
1264,q18_t458
1264,q28_t457
1264,q28_t458
1265,q18_t458
1265,q18_t459
1266,q18_t459
1266,q18_t460
1267,q18_t460
1267,q18_t461
1267,q27_t460
1267,q27_t461
1268,q18_t461
1268,q18_t462
1269,q18_t462
1269,q18_t463
1270,q18_t463
1270,q18_t464
1270,q26_t463
1270,q26_t464
1271,q18_t464
1271,q18_t465
1272,q18_t465
1272,q18_t466
1273,q18_t466
1273,q18_t467
1273,q25_t466
1273,q25_t467
1274,q18_t467
1274,q18_t468
1275,q18_t468
1275,q18_t469
1276,q18_t469
1276,q18_t470
1276,q24_t469
1276,q24_t470
1277,q18_t470
1277,q18_t471
1278,q18_t471
1278,q18_t472
1279,q18_t472
1279,q18_t473
1279,q23_t472
1279,q23_t473
1280,q18_t473
1280,q18_t474
1281,q18_t474
1281,q18_t475
1282,q18_t475
1282,q18_t476
1282,q22_t475
1282,q22_t476
1283,q18_t476
1283,q18_t477
1284,q18_t477
1284,q18_t478
1285,q18_t478
1285,q18_t479
1285,q21_t478
1285,q21_t479
1286,q18_t479
1286,q18_t480
1287,q18_t480
1287,q18_t481
1288,q18_t481
1288,q18_t482
1288,q20_t481
1288,q20_t482
1289,q18_t482
1289,q18_t483
1290,q18_t483
1290,q18_t484
1291,q18_t484
1291,q18_t485
1291,q19_t484
1291,q19_t485
1292,q18_t485
1292,q18_t486
1293,q18_t486
1293,q18_t487
1294,q18_t487
1294,q18_t490
1295,q18_t491
1295,q18_t492
1296,q18_t492
1296,q18_t493
1297,q18_t494
1297,q18_t495
1298,q18_t495
1298,q18_t496
1299,q18_t497
1299,q18_t498
1300,q18_t498
1300,q18_t499
1301,q18_t500
1301,q18_t501
1302,q18_t501
1302,q18_t502
1303,q18_t503
1303,q18_t504
1304,q18_t504
1304,q18_t505
1305,q18_t506
1305,q18_t507
1306,q18_t507
1306,q18_t508
1307,q18_t509
1307,q18_t510
1308,q18_t510
1308,q18_t511
1309,q18_t512
1309,q18_t513
1310,q18_t513
1310,q18_t514
1311,q18_t514
1311,q18_t515
1311,q9_t514
1311,q9_t515
1312,q18_t515
1312,q18_t516
1313,q18_t516
1313,q18_t517
1314,q18_t517
1314,q18_t518
1314,q8_t517
1314,q8_t518
1315,q18_t518
1315,q18_t519
1316,q18_t519
1316,q18_t520
1317,q18_t520
1317,q18_t521
1317,q7_t520
1317,q7_t521
1318,q18_t521
1318,q18_t522
1319,q18_t522
1319,q18_t523
1320,q18_t523
1320,q18_t524
1320,q6_t523
1320,q6_t524
1321,q18_t524
1321,q18_t525
1322,q18_t525
1322,q18_t526
1323,q18_t526
1323,q18_t527
1323,q5_t526
1323,q5_t527
1324,q18_t527
1324,q18_t528
1325,q18_t528
1325,q18_t529
1326,q18_t529
1326,q18_t530
1326,q4_t529
1326,q4_t530
1327,q18_t530
1327,q18_t531
1328,q18_t531
1328,q18_t532
1329,q18_t532
1329,q18_t533
1329,q3_t532
1329,q3_t533
1330,q18_t533
1330,q18_t534
1331,q18_t534
1331,q18_t535
1332,q18_t535
1332,q18_t536
1332,q2_t535
1332,q2_t536
1333,q18_t536
1333,q18_t537
1334,q18_t537
1334,q18_t538
1335,q18_t538
1335,q18_t539
1335,q1_t538
1335,q1_t539
1336,q18_t539
1336,q18_t540
1337,q18_t540
1337,q18_t541
1338,q18_t542
1338,q18_t543
1339,q19_t0
1339,q19_t1
1340,q19_t1
1340,q19_t154
1341,q19_t154
1341,q19_t155
1341,q43_t154
1341,q43_t155
1342,q19_t155
1342,q19_t156
1343,q19_t156
1343,q19_t158
1344,q19_t158
1344,q19_t159
1344,q43_t158
1344,q43_t159
1345,q19_t159
1345,q19_t160
1346,q19_t160
1346,q19_t412
1347,q19_t412
1347,q19_t413
1347,q42_t412
1347,q42_t413
1348,q19_t413
1348,q19_t414
1349,q19_t414
1349,q19_t415
1350,q19_t415
1350,q19_t416
1350,q41_t415
1350,q41_t416
1351,q19_t416
1351,q19_t417
1352,q19_t417
1352,q19_t418
1353,q19_t418
1353,q19_t419
1353,q40_t418
1353,q40_t419
1354,q19_t419
1354,q19_t420
1355,q19_t420
1355,q19_t421
1356,q19_t421
1356,q19_t422
1356,q39_t421
1356,q39_t422
1357,q19_t422
1357,q19_t423
1358,q19_t423
1358,q19_t424
1359,q19_t424
1359,q19_t425
1359,q38_t424
1359,q38_t425
1360,q19_t425
1360,q19_t426
1361,q19_t426
1361,q19_t427
1362,q19_t427
1362,q19_t428
1362,q37_t427
1362,q37_t428
1363,q19_t428
1363,q19_t429
1364,q19_t429
1364,q19_t430
1365,q19_t430
1365,q19_t431
1365,q36_t430
1365,q36_t431
1366,q19_t431
1366,q19_t432
1367,q19_t432
1367,q19_t433
1368,q19_t433
1368,q19_t434
1368,q35_t433
1368,q35_t434
1369,q19_t434
1369,q19_t435
1370,q19_t435
1370,q19_t436
1371,q19_t436
1371,q19_t437
1371,q34_t436
1371,q34_t437
1372,q19_t437
1372,q19_t438
1373,q19_t438
1373,q19_t439
1374,q19_t439
1374,q19_t440
1374,q33_t439
1374,q33_t440
1375,q19_t440
1375,q19_t441
1376,q19_t441
1376,q19_t442
1377,q19_t442
1377,q19_t443
1377,q32_t442
1377,q32_t443
1378,q19_t443
1378,q19_t444
1379,q19_t444
1379,q19_t445
1380,q19_t445
1380,q19_t446
1380,q31_t445
1380,q31_t446
1381,q19_t446
1381,q19_t447
1382,q19_t447
1382,q19_t448
1383,q19_t448
1383,q19_t449
1383,q30_t448
1383,q30_t449
1384,q19_t449
1384,q19_t450
1385,q19_t450
1385,q19_t451
1386,q19_t451
1386,q19_t452
1386,q29_t451
1386,q29_t452
1387,q19_t452
1387,q19_t453
1388,q19_t453
1388,q19_t454
1389,q19_t454
1389,q19_t455
1389,q28_t454
1389,q28_t455
1390,q19_t455
1390,q19_t456
1391,q19_t456
1391,q19_t457
1392,q19_t457
1392,q19_t458
1392,q27_t457
1392,q27_t458
1393,q19_t458
1393,q19_t459
1394,q19_t459
1394,q19_t460
1395,q19_t460
1395,q19_t461
1395,q26_t460
1395,q26_t461
1396,q19_t461
1396,q19_t462
1397,q19_t462
1397,q19_t463
1398,q19_t463
1398,q19_t464
1398,q25_t463
1398,q25_t464
1399,q19_t464
1399,q19_t465
1400,q19_t465
1400,q19_t466
1401,q19_t466
1401,q19_t467
1401,q24_t466
1401,q24_t467
1402,q19_t467
1402,q19_t468
1403,q19_t468
1403,q19_t469
1404,q19_t469
1404,q19_t470
1404,q23_t469
1404,q23_t470
1405,q19_t470
1405,q19_t471
1406,q19_t471
1406,q19_t472
1407,q19_t472
1407,q19_t473
1407,q22_t472
1407,q22_t473
1408,q19_t473
1408,q19_t474
1409,q19_t474
1409,q19_t475
1410,q19_t475
1410,q19_t476
1410,q21_t475
1410,q21_t476
1411,q19_t476
1411,q19_t477
1412,q19_t477
1412,q19_t478
1413,q19_t478
1413,q19_t479
1413,q20_t478
1413,q20_t479
1414,q19_t479
1414,q19_t480
1415,q19_t480
1415,q19_t481
1416,q19_t481
1416,q19_t484
1417,q19_t485
1417,q19_t486
1418,q19_t486
1418,q19_t487
1419,q19_t488
1419,q19_t489
1420,q19_t489
1420,q19_t490
1421,q19_t491
1421,q19_t492
1422,q19_t492
1422,q19_t493
1423,q19_t494
1423,q19_t495
1424,q19_t495
1424,q19_t496
1425,q19_t497
1425,q19_t498
1426,q19_t498
1426,q19_t499
1427,q19_t500
1427,q19_t501
1428,q19_t501
1428,q19_t502
1429,q19_t503
1429,q19_t504
1430,q19_t504
1430,q19_t505
1431,q19_t506
1431,q19_t507
1432,q19_t507
1432,q19_t508
1433,q19_t509
1433,q19_t510
1434,q19_t510
1434,q19_t511
1435,q19_t511
1435,q19_t512
1435,q9_t511
1435,q9_t512
1436,q19_t512
1436,q19_t513
1437,q19_t513
1437,q19_t514
1438,q19_t514
1438,q19_t515
1438,q8_t514
1438,q8_t515
1439,q19_t515
1439,q19_t516
1440,q19_t516
1440,q19_t517
1441,q19_t517
1441,q19_t518
1441,q7_t517
1441,q7_t518
1442,q19_t518
1442,q19_t519
1443,q19_t519
1443,q19_t520
1444,q19_t520
1444,q19_t521
1444,q6_t520
1444,q6_t521
1445,q19_t521
1445,q19_t522
1446,q19_t522
1446,q19_t523
1447,q19_t523
1447,q19_t524
1447,q5_t523
1447,q5_t524
1448,q19_t524
1448,q19_t525
1449,q19_t525
1449,q19_t526
1450,q19_t526
1450,q19_t527
1450,q4_t526
1450,q4_t527
1451,q19_t527
1451,q19_t528
1452,q19_t528
1452,q19_t529
1453,q19_t529
1453,q19_t530
1453,q3_t529
1453,q3_t530
1454,q19_t530
1454,q19_t531
1455,q19_t531
1455,q19_t532
1456,q19_t532
1456,q19_t533
1456,q2_t532
1456,q2_t533
1457,q19_t533
1457,q19_t534
1458,q19_t534
1458,q19_t535
1459,q19_t535
1459,q19_t536
1459,q1_t535
1459,q1_t536
1460,q19_t536
1460,q19_t537
1461,q19_t537
1461,q19_t538
1462,q19_t539
1462,q19_t540
1463,q1_t0
1463,q1_t1
1464,q1_t1
1464,q1_t10
1465,q1_t10
1465,q1_t11
1465,q43_t10
1465,q43_t11
1466,q1_t11
1466,q1_t12
1467,q1_t12
1467,q1_t14
1468,q1_t14
1468,q1_t15
1468,q43_t14
1468,q43_t15
1469,q1_t15
1469,q1_t16
1470,q1_t16
1470,q1_t466
1471,q1_t466
1471,q1_t467
1471,q42_t466
1471,q42_t467
1472,q1_t467
1472,q1_t468
1473,q1_t468
1473,q1_t469
1474,q1_t469
1474,q1_t470
1474,q41_t469
1474,q41_t470
1475,q1_t470
1475,q1_t471
1476,q1_t471
1476,q1_t472
1477,q1_t472
1477,q1_t473
1477,q40_t472
1477,q40_t473
1478,q1_t473
1478,q1_t474
1479,q1_t474
1479,q1_t475
1480,q1_t475
1480,q1_t476
1480,q39_t475
1480,q39_t476
1481,q1_t476
1481,q1_t477
1482,q1_t477
1482,q1_t478
1483,q1_t478
1483,q1_t479
1483,q38_t478
1483,q38_t479
1484,q1_t479
1484,q1_t480
1485,q1_t480
1485,q1_t481
1486,q1_t481
1486,q1_t482
1486,q37_t481
1486,q37_t482
1487,q1_t482
1487,q1_t483
1488,q1_t483
1488,q1_t484
1489,q1_t484
1489,q1_t485
1489,q36_t484
1489,q36_t485
1490,q1_t485
1490,q1_t486
1491,q1_t486
1491,q1_t487
1492,q1_t487
1492,q1_t488
1492,q35_t487
1492,q35_t488
1493,q1_t488
1493,q1_t489
1494,q1_t489
1494,q1_t490
1495,q1_t490
1495,q1_t491
1495,q34_t490
1495,q34_t491
1496,q1_t491
1496,q1_t492
1497,q1_t492
1497,q1_t493
1498,q1_t493
1498,q1_t494
1498,q33_t493
1498,q33_t494
1499,q1_t494
1499,q1_t495
1500,q1_t495
1500,q1_t496
1501,q1_t496
1501,q1_t497
1501,q32_t496
1501,q32_t497
1502,q1_t497
1502,q1_t498
1503,q1_t498
1503,q1_t499
1504,q1_t499
1504,q1_t500
1504,q31_t499
1504,q31_t500
1505,q1_t500
1505,q1_t501
1506,q1_t501
1506,q1_t502
1507,q1_t502
1507,q1_t503
1507,q30_t502
1507,q30_t503
1508,q1_t503
1508,q1_t504
1509,q1_t504
1509,q1_t505
1510,q1_t505
1510,q1_t506
1510,q29_t505
1510,q29_t506
1511,q1_t506
1511,q1_t507
1512,q1_t507
1512,q1_t508
1513,q1_t508
1513,q1_t509
1513,q28_t508
1513,q28_t509
1514,q1_t509
1514,q1_t510
1515,q1_t510
1515,q1_t511
1516,q1_t511
1516,q1_t512
1516,q27_t511
1516,q27_t512
1517,q1_t512
1517,q1_t513
1518,q1_t513
1518,q1_t514
1519,q1_t514
1519,q1_t515
1519,q26_t514
1519,q26_t515
1520,q1_t515
1520,q1_t516
1521,q1_t516
1521,q1_t517
1522,q1_t517
1522,q1_t518
1522,q25_t517
1522,q25_t518
1523,q1_t518
1523,q1_t519
1524,q1_t519
1524,q1_t520
1525,q1_t520
1525,q1_t521
1525,q24_t520
1525,q24_t521
1526,q1_t521
1526,q1_t522
1527,q1_t522
1527,q1_t523
1528,q1_t523
1528,q1_t524
1528,q23_t523
1528,q23_t524
1529,q1_t524
1529,q1_t525
1530,q1_t525
1530,q1_t526
1531,q1_t526
1531,q1_t527
1531,q22_t526
1531,q22_t527
1532,q1_t527
1532,q1_t528
1533,q1_t528
1533,q1_t529
1534,q1_t529
1534,q1_t530
1534,q21_t529
1534,q21_t530
1535,q1_t530
1535,q1_t531
1536,q1_t531
1536,q1_t532
1537,q1_t532
1537,q1_t533
1537,q20_t532
1537,q20_t533
1538,q1_t533
1538,q1_t534
1539,q1_t534
1539,q1_t535
1540,q1_t536
1540,q1_t537
1541,q1_t537
1541,q1_t538
1542,q1_t539
1542,q1_t540
1543,q1_t540
1543,q1_t541
1544,q1_t542
1544,q1_t543
1545,q1_t543
1545,q1_t544
1546,q1_t545
1546,q1_t546
1547,q1_t546
1547,q1_t547
1548,q1_t548
1548,q1_t549
1549,q1_t549
1549,q1_t550
1550,q1_t551
1550,q1_t552
1551,q1_t552
1551,q1_t553
1552,q1_t554
1552,q1_t555
1553,q1_t555
1553,q1_t556
1554,q1_t557
1554,q1_t558
1555,q1_t558
1555,q1_t559
1556,q1_t560
1556,q1_t561
1557,q1_t561
1557,q1_t562
1558,q1_t563
1558,q1_t564
1559,q1_t564
1559,q1_t565
1560,q1_t565
1560,q1_t566
1560,q9_t565
1560,q9_t566
1561,q1_t566
1561,q1_t567
1562,q1_t567
1562,q1_t568
1563,q1_t568
1563,q1_t569
1563,q8_t568
1563,q8_t569
1564,q1_t569
1564,q1_t570
1565,q1_t570
1565,q1_t571
1566,q1_t571
1566,q1_t572
1566,q7_t571
1566,q7_t572
1567,q1_t572
1567,q1_t573
1568,q1_t573
1568,q1_t574
1569,q1_t574
1569,q1_t575
1569,q6_t574
1569,q6_t575
1570,q1_t575
1570,q1_t576
1571,q1_t576
1571,q1_t577
1572,q1_t577
1572,q1_t578
1572,q5_t577
1572,q5_t578
1573,q1_t578
1573,q1_t579
1574,q1_t579
1574,q1_t580
1575,q1_t580
1575,q1_t581
1575,q4_t580
1575,q4_t581
1576,q1_t581
1576,q1_t582
1577,q1_t582
1577,q1_t583
1578,q1_t583
1578,q1_t584
1578,q3_t583
1578,q3_t584
1579,q1_t584
1579,q1_t585
1580,q1_t585
1580,q1_t586
1581,q1_t586
1581,q1_t587
1581,q2_t586
1581,q2_t587
1582,q1_t587
1582,q1_t588
1583,q1_t588
1583,q1_t589
1584,q1_t589
1584,q1_t592
1585,q1_t593
1585,q1_t594
1586,q20_t0
1586,q20_t1
1587,q20_t1
1587,q20_t162
1588,q20_t162
1588,q20_t163
1588,q43_t162
1588,q43_t163
1589,q20_t163
1589,q20_t164
1590,q20_t164
1590,q20_t166
1591,q20_t166
1591,q20_t167
1591,q43_t166
1591,q43_t167
1592,q20_t167
1592,q20_t168
1593,q20_t168
1593,q20_t409
1594,q20_t409
1594,q20_t410
1594,q42_t409
1594,q42_t410
1595,q20_t410
1595,q20_t411
1596,q20_t411
1596,q20_t412
1597,q20_t412
1597,q20_t413
1597,q41_t412
1597,q41_t413
1598,q20_t413
1598,q20_t414
1599,q20_t414
1599,q20_t415
1600,q20_t415
1600,q20_t416
1600,q40_t415
1600,q40_t416
1601,q20_t416
1601,q20_t417
1602,q20_t417
1602,q20_t418
1603,q20_t418
1603,q20_t419
1603,q39_t418
1603,q39_t419
1604,q20_t419
1604,q20_t420
1605,q20_t420
1605,q20_t421
1606,q20_t421
1606,q20_t422
1606,q38_t421
1606,q38_t422
1607,q20_t422
1607,q20_t423
1608,q20_t423
1608,q20_t424
1609,q20_t424
1609,q20_t425
1609,q37_t424
1609,q37_t425
1610,q20_t425
1610,q20_t426
1611,q20_t426
1611,q20_t427
1612,q20_t427
1612,q20_t428
1612,q36_t427
1612,q36_t428
1613,q20_t428
1613,q20_t429
1614,q20_t429
1614,q20_t430
1615,q20_t430
1615,q20_t431
1615,q35_t430
1615,q35_t431
1616,q20_t431
1616,q20_t432
1617,q20_t432
1617,q20_t433
1618,q20_t433
1618,q20_t434
1618,q34_t433
1618,q34_t434
1619,q20_t434
1619,q20_t435
1620,q20_t435
1620,q20_t436
1621,q20_t436
1621,q20_t437
1621,q33_t436
1621,q33_t437
1622,q20_t437
1622,q20_t438
1623,q20_t438
1623,q20_t439
1624,q20_t439
1624,q20_t440
1624,q32_t439
1624,q32_t440
1625,q20_t440
1625,q20_t441
1626,q20_t441
1626,q20_t442
1627,q20_t442
1627,q20_t443
1627,q31_t442
1627,q31_t443
1628,q20_t443
1628,q20_t444
1629,q20_t444
1629,q20_t445
1630,q20_t445
1630,q20_t446
1630,q30_t445
1630,q30_t446
1631,q20_t446
1631,q20_t447
1632,q20_t447
1632,q20_t448
1633,q20_t448
1633,q20_t449
1633,q29_t448
1633,q29_t449
1634,q20_t449
1634,q20_t450
1635,q20_t450
1635,q20_t451
1636,q20_t451
1636,q20_t452
1636,q28_t451
1636,q28_t452
1637,q20_t452
1637,q20_t453
1638,q20_t453
1638,q20_t454
1639,q20_t454
1639,q20_t455
1639,q27_t454
1639,q27_t455
1640,q20_t455
1640,q20_t456
1641,q20_t456
1641,q20_t457
1642,q20_t457
1642,q20_t458
1642,q26_t457
1642,q26_t458
1643,q20_t458
1643,q20_t459
1644,q20_t459
1644,q20_t460
1645,q20_t460
1645,q20_t461
1645,q25_t460
1645,q25_t461
1646,q20_t461
1646,q20_t462
1647,q20_t462
1647,q20_t463
1648,q20_t463
1648,q20_t464
1648,q24_t463
1648,q24_t464
1649,q20_t464
1649,q20_t465
1650,q20_t465
1650,q20_t466
1651,q20_t466
1651,q20_t467
1651,q23_t466
1651,q23_t467
1652,q20_t467
1652,q20_t468
1653,q20_t468
1653,q20_t469
1654,q20_t469
1654,q20_t470
1654,q22_t469
1654,q22_t470
1655,q20_t470
1655,q20_t471
1656,q20_t471
1656,q20_t472
1657,q20_t472
1657,q20_t473
1657,q21_t472
1657,q21_t473
1658,q20_t473
1658,q20_t474
1659,q20_t474
1659,q20_t475
1660,q20_t475
1660,q20_t478
1661,q20_t479
1661,q20_t480
1662,q20_t480
1662,q20_t481
1663,q20_t482
1663,q20_t483
1664,q20_t483
1664,q20_t484
1665,q20_t485
1665,q20_t486
1666,q20_t486
1666,q20_t487
1667,q20_t488
1667,q20_t489
1668,q20_t489
1668,q20_t490
1669,q20_t491
1669,q20_t492
1670,q20_t492
1670,q20_t493
1671,q20_t494
1671,q20_t495
1672,q20_t495
1672,q20_t496
1673,q20_t497
1673,q20_t498
1674,q20_t498
1674,q20_t499
1675,q20_t500
1675,q20_t501
1676,q20_t501
1676,q20_t502
1677,q20_t503
1677,q20_t504
1678,q20_t504
1678,q20_t505
1679,q20_t506
1679,q20_t507
1680,q20_t507
1680,q20_t508
1681,q20_t508
1681,q20_t509
1681,q9_t508
1681,q9_t509
1682,q20_t509
1682,q20_t510
1683,q20_t510
1683,q20_t511
1684,q20_t511
1684,q20_t512
1684,q8_t511
1684,q8_t512
1685,q20_t512
1685,q20_t513
1686,q20_t513
1686,q20_t514
1687,q20_t514
1687,q20_t515
1687,q7_t514
1687,q7_t515
1688,q20_t515
1688,q20_t516
1689,q20_t516
1689,q20_t517
1690,q20_t517
1690,q20_t518
1690,q6_t517
1690,q6_t518
1691,q20_t518
1691,q20_t519
1692,q20_t519
1692,q20_t520
1693,q20_t520
1693,q20_t521
1693,q5_t520
1693,q5_t521
1694,q20_t521
1694,q20_t522
1695,q20_t522
1695,q20_t523
1696,q20_t523
1696,q20_t524
1696,q4_t523
1696,q4_t524
1697,q20_t524
1697,q20_t525
1698,q20_t525
1698,q20_t526
1699,q20_t526
1699,q20_t527
1699,q3_t526
1699,q3_t527
1700,q20_t527
1700,q20_t528
1701,q20_t528
1701,q20_t529
1702,q20_t529
1702,q20_t530
1702,q2_t529
1702,q2_t530
1703,q20_t530
1703,q20_t531
1704,q20_t531
1704,q20_t532
1705,q20_t533
1705,q20_t534
1706,q20_t534
1706,q20_t535
1707,q20_t536
1707,q20_t537
1708,q21_t0
1708,q21_t1
1709,q21_t1
1709,q21_t170
1710,q21_t170
1710,q21_t171
1710,q43_t170
1710,q43_t171
1711,q21_t171
1711,q21_t172
1712,q21_t172
1712,q21_t174
1713,q21_t174
1713,q21_t175
1713,q43_t174
1713,q43_t175
1714,q21_t175
1714,q21_t176
1715,q21_t176
1715,q21_t406
1716,q21_t406
1716,q21_t407
1716,q42_t406
1716,q42_t407
1717,q21_t407
1717,q21_t408
1718,q21_t408
1718,q21_t409
1719,q21_t409
1719,q21_t410
1719,q41_t409
1719,q41_t410
1720,q21_t410
1720,q21_t411
1721,q21_t411
1721,q21_t412
1722,q21_t412
1722,q21_t413
1722,q40_t412
1722,q40_t413
1723,q21_t413
1723,q21_t414
1724,q21_t414
1724,q21_t415
1725,q21_t415
1725,q21_t416
1725,q39_t415
1725,q39_t416
1726,q21_t416
1726,q21_t417
1727,q21_t417
1727,q21_t418
1728,q21_t418
1728,q21_t419
1728,q38_t418
1728,q38_t419
1729,q21_t419
1729,q21_t420
1730,q21_t420
1730,q21_t421
1731,q21_t421
1731,q21_t422
1731,q37_t421
1731,q37_t422
1732,q21_t422
1732,q21_t423
1733,q21_t423
1733,q21_t424
1734,q21_t424
1734,q21_t425
1734,q36_t424
1734,q36_t425
1735,q21_t425
1735,q21_t426
1736,q21_t426
1736,q21_t427
1737,q21_t427
1737,q21_t428
1737,q35_t427
1737,q35_t428
1738,q21_t428
1738,q21_t429
1739,q21_t429
1739,q21_t430
1740,q21_t430
1740,q21_t431
1740,q34_t430
1740,q34_t431
1741,q21_t431
1741,q21_t432
1742,q21_t432
1742,q21_t433
1743,q21_t433
1743,q21_t434
1743,q33_t433
1743,q33_t434
1744,q21_t434
1744,q21_t435
1745,q21_t435
1745,q21_t436
1746,q21_t436
1746,q21_t437
1746,q32_t436
1746,q32_t437
1747,q21_t437
1747,q21_t438
1748,q21_t438
1748,q21_t439
1749,q21_t439
1749,q21_t440
1749,q31_t439
1749,q31_t440
1750,q21_t440
1750,q21_t441
1751,q21_t441
1751,q21_t442
1752,q21_t442
1752,q21_t443
1752,q30_t442
1752,q30_t443
1753,q21_t443
1753,q21_t444
1754,q21_t444
1754,q21_t445
1755,q21_t445
1755,q21_t446
1755,q29_t445
1755,q29_t446
1756,q21_t446
1756,q21_t447
1757,q21_t447
1757,q21_t448
1758,q21_t448
1758,q21_t449
1758,q28_t448
1758,q28_t449
1759,q21_t449
1759,q21_t450
1760,q21_t450
1760,q21_t451
1761,q21_t451
1761,q21_t452
1761,q27_t451
1761,q27_t452
1762,q21_t452
1762,q21_t453
1763,q21_t453
1763,q21_t454
1764,q21_t454
1764,q21_t455
1764,q26_t454
1764,q26_t455
1765,q21_t455
1765,q21_t456
1766,q21_t456
1766,q21_t457
1767,q21_t457
1767,q21_t458
1767,q25_t457
1767,q25_t458
1768,q21_t458
1768,q21_t459
1769,q21_t459
1769,q21_t460
1770,q21_t460
1770,q21_t461
1770,q24_t460
1770,q24_t461
1771,q21_t461
1771,q21_t462
1772,q21_t462
1772,q21_t463
1773,q21_t463
1773,q21_t464
1773,q23_t463
1773,q23_t464
1774,q21_t464
1774,q21_t465
1775,q21_t465
1775,q21_t466
1776,q21_t466
1776,q21_t467
1776,q22_t466
1776,q22_t467
1777,q21_t467
1777,q21_t468
1778,q21_t468
1778,q21_t469
1779,q21_t469
1779,q21_t472
1780,q21_t473
1780,q21_t474
1781,q21_t474
1781,q21_t475
1782,q21_t476
1782,q21_t477
1783,q21_t477
1783,q21_t478
1784,q21_t479
1784,q21_t480
1785,q21_t480
1785,q21_t481
1786,q21_t482
1786,q21_t483
1787,q21_t483
1787,q21_t484
1788,q21_t485
1788,q21_t486
1789,q21_t486
1789,q21_t487
1790,q21_t488
1790,q21_t489
1791,q21_t489
1791,q21_t490
1792,q21_t491
1792,q21_t492
1793,q21_t492
1793,q21_t493
1794,q21_t494
1794,q21_t495
1795,q21_t495
1795,q21_t496
1796,q21_t497
1796,q21_t498
1797,q21_t498
1797,q21_t499
1798,q21_t500
1798,q21_t501
1799,q21_t501
1799,q21_t502
1800,q21_t503
1800,q21_t504
1801,q21_t504
1801,q21_t505
1802,q21_t505
1802,q21_t506
1802,q9_t505
1802,q9_t506
1803,q21_t506
1803,q21_t507
1804,q21_t507
1804,q21_t508
1805,q21_t508
1805,q21_t509
1805,q8_t508
1805,q8_t509
1806,q21_t509
1806,q21_t510
1807,q21_t510
1807,q21_t511
1808,q21_t511
1808,q21_t512
1808,q7_t511
1808,q7_t512
1809,q21_t512
1809,q21_t513
1810,q21_t513
1810,q21_t514
1811,q21_t514
1811,q21_t515
1811,q6_t514
1811,q6_t515
1812,q21_t515
1812,q21_t516
1813,q21_t516
1813,q21_t517
1814,q21_t517
1814,q21_t518
1814,q5_t517
1814,q5_t518
1815,q21_t518
1815,q21_t519
1816,q21_t519
1816,q21_t520
1817,q21_t520
1817,q21_t521
1817,q4_t520
1817,q4_t521
1818,q21_t521
1818,q21_t522
1819,q21_t522
1819,q21_t523
1820,q21_t523
1820,q21_t524
1820,q3_t523
1820,q3_t524
1821,q21_t524
1821,q21_t525
1822,q21_t525
1822,q21_t526
1823,q21_t526
1823,q21_t527
1823,q2_t526
1823,q2_t527
1824,q21_t527
1824,q21_t528
1825,q21_t528
1825,q21_t529
1826,q21_t530
1826,q21_t531
1827,q21_t531
1827,q21_t532
1828,q21_t533
1828,q21_t534
1829,q22_t0
1829,q22_t1
1830,q22_t1
1830,q22_t178
1831,q22_t178
1831,q22_t179
1831,q43_t178
1831,q43_t179
1832,q22_t179
1832,q22_t180
1833,q22_t180
1833,q22_t182
1834,q22_t182
1834,q22_t183
1834,q43_t182
1834,q43_t183
1835,q22_t183
1835,q22_t184
1836,q22_t184
1836,q22_t403
1837,q22_t403
1837,q22_t404
1837,q42_t403
1837,q42_t404
1838,q22_t404
1838,q22_t405
1839,q22_t405
1839,q22_t406
1840,q22_t406
1840,q22_t407
1840,q41_t406
1840,q41_t407
1841,q22_t407
1841,q22_t408
1842,q22_t408
1842,q22_t409
1843,q22_t409
1843,q22_t410
1843,q40_t409
1843,q40_t410
1844,q22_t410
1844,q22_t411
1845,q22_t411
1845,q22_t412
1846,q22_t412
1846,q22_t413
1846,q39_t412
1846,q39_t413
1847,q22_t413
1847,q22_t414
1848,q22_t414
1848,q22_t415
1849,q22_t415
1849,q22_t416
1849,q38_t415
1849,q38_t416
1850,q22_t416
1850,q22_t417
1851,q22_t417
1851,q22_t418
1852,q22_t418
1852,q22_t419
1852,q37_t418
1852,q37_t419
1853,q22_t419
1853,q22_t420
1854,q22_t420
1854,q22_t421
1855,q22_t421
1855,q22_t422
1855,q36_t421
1855,q36_t422
1856,q22_t422
1856,q22_t423
1857,q22_t423
1857,q22_t424
1858,q22_t424
1858,q22_t425
1858,q35_t424
1858,q35_t425
1859,q22_t425
1859,q22_t426
1860,q22_t426
1860,q22_t427
1861,q22_t427
1861,q22_t428
1861,q34_t427
1861,q34_t428
1862,q22_t428
1862,q22_t429
1863,q22_t429
1863,q22_t430
1864,q22_t430
1864,q22_t431
1864,q33_t430
1864,q33_t431
1865,q22_t431
1865,q22_t432
1866,q22_t432
1866,q22_t433
1867,q22_t433
1867,q22_t434
1867,q32_t433
1867,q32_t434
1868,q22_t434
1868,q22_t435
1869,q22_t435
1869,q22_t436
1870,q22_t436
1870,q22_t437
1870,q31_t436
1870,q31_t437
1871,q22_t437
1871,q22_t438
1872,q22_t438
1872,q22_t439
1873,q22_t439
1873,q22_t440
1873,q30_t439
1873,q30_t440
1874,q22_t440
1874,q22_t441
1875,q22_t441
1875,q22_t442
1876,q22_t442
1876,q22_t443
1876,q29_t442
1876,q29_t443
1877,q22_t443
1877,q22_t444
1878,q22_t444
1878,q22_t445
1879,q22_t445
1879,q22_t446
1879,q28_t445
1879,q28_t446
1880,q22_t446
1880,q22_t447
1881,q22_t447
1881,q22_t448
1882,q22_t448
1882,q22_t449
1882,q27_t448
1882,q27_t449
1883,q22_t449
1883,q22_t450
1884,q22_t450
1884,q22_t451
1885,q22_t451
1885,q22_t452
1885,q26_t451
1885,q26_t452
1886,q22_t452
1886,q22_t453
1887,q22_t453
1887,q22_t454
1888,q22_t454
1888,q22_t455
1888,q25_t454
1888,q25_t455
1889,q22_t455
1889,q22_t456
1890,q22_t456
1890,q22_t457
1891,q22_t457
1891,q22_t458
1891,q24_t457
1891,q24_t458
1892,q22_t458
1892,q22_t459
1893,q22_t459
1893,q22_t460
1894,q22_t460
1894,q22_t461
1894,q23_t460
1894,q23_t461
1895,q22_t461
1895,q22_t462
1896,q22_t462
1896,q22_t463
1897,q22_t463
1897,q22_t466
1898,q22_t467
1898,q22_t468
1899,q22_t468
1899,q22_t469
1900,q22_t470
1900,q22_t471
1901,q22_t471
1901,q22_t472
1902,q22_t473
1902,q22_t474
1903,q22_t474
1903,q22_t475
1904,q22_t476
1904,q22_t477
1905,q22_t477
1905,q22_t478
1906,q22_t479
1906,q22_t480
1907,q22_t480
1907,q22_t481
1908,q22_t482
1908,q22_t483
1909,q22_t483
1909,q22_t484
1910,q22_t485
1910,q22_t486
1911,q22_t486
1911,q22_t487
1912,q22_t488
1912,q22_t489
1913,q22_t489
1913,q22_t490
1914,q22_t491
1914,q22_t492
1915,q22_t492
1915,q22_t493
1916,q22_t494
1916,q22_t495
1917,q22_t495
1917,q22_t496
1918,q22_t497
1918,q22_t498
1919,q22_t498
1919,q22_t499
1920,q22_t500
1920,q22_t501
1921,q22_t501
1921,q22_t502
1922,q22_t502
1922,q22_t503
1922,q9_t502
1922,q9_t503
1923,q22_t503
1923,q22_t504
1924,q22_t504
1924,q22_t505
1925,q22_t505
1925,q22_t506
1925,q8_t505
1925,q8_t506
1926,q22_t506
1926,q22_t507
1927,q22_t507
1927,q22_t508
1928,q22_t508
1928,q22_t509
1928,q7_t508
1928,q7_t509
1929,q22_t509
1929,q22_t510
1930,q22_t510
1930,q22_t511
1931,q22_t511
1931,q22_t512
1931,q6_t511
1931,q6_t512
1932,q22_t512
1932,q22_t513
1933,q22_t513
1933,q22_t514
1934,q22_t514
1934,q22_t515
1934,q5_t514
1934,q5_t515
1935,q22_t515
1935,q22_t516
1936,q22_t516
1936,q22_t517
1937,q22_t517
1937,q22_t518
1937,q4_t517
1937,q4_t518
1938,q22_t518
1938,q22_t519
1939,q22_t519
1939,q22_t520
1940,q22_t520
1940,q22_t521
1940,q3_t520
1940,q3_t521
1941,q22_t521
1941,q22_t522
1942,q22_t522
1942,q22_t523
1943,q22_t523
1943,q22_t524
1943,q2_t523
1943,q2_t524
1944,q22_t524
1944,q22_t525
1945,q22_t525
1945,q22_t526
1946,q22_t527
1946,q22_t528
1947,q22_t528
1947,q22_t529
1948,q22_t530
1948,q22_t531
1949,q23_t0
1949,q23_t1
1950,q23_t1
1950,q23_t186
1951,q23_t186
1951,q23_t187
1951,q43_t186
1951,q43_t187
1952,q23_t187
1952,q23_t188
1953,q23_t188
1953,q23_t190
1954,q23_t190
1954,q23_t191
1954,q43_t190
1954,q43_t191
1955,q23_t191
1955,q23_t192
1956,q23_t192
1956,q23_t400
1957,q23_t400
1957,q23_t401
1957,q42_t400
1957,q42_t401
1958,q23_t401
1958,q23_t402
1959,q23_t402
1959,q23_t403
1960,q23_t403
1960,q23_t404
1960,q41_t403
1960,q41_t404
1961,q23_t404
1961,q23_t405
1962,q23_t405
1962,q23_t406
1963,q23_t406
1963,q23_t407
1963,q40_t406
1963,q40_t407
1964,q23_t407
1964,q23_t408
1965,q23_t408
1965,q23_t409
1966,q23_t409
1966,q23_t410
1966,q39_t409
1966,q39_t410
1967,q23_t410
1967,q23_t411
1968,q23_t411
1968,q23_t412
1969,q23_t412
1969,q23_t413
1969,q38_t412
1969,q38_t413
1970,q23_t413
1970,q23_t414
1971,q23_t414
1971,q23_t415
1972,q23_t415
1972,q23_t416
1972,q37_t415
1972,q37_t416
1973,q23_t416
1973,q23_t417
1974,q23_t417
1974,q23_t418
1975,q23_t418
1975,q23_t419
1975,q36_t418
1975,q36_t419
1976,q23_t419
1976,q23_t420
1977,q23_t420
1977,q23_t421
1978,q23_t421
1978,q23_t422
1978,q35_t421
1978,q35_t422
1979,q23_t422
1979,q23_t423
1980,q23_t423
1980,q23_t424
1981,q23_t424
1981,q23_t425
1981,q34_t424
1981,q34_t425
1982,q23_t425
1982,q23_t426
1983,q23_t426
1983,q23_t427
1984,q23_t427
1984,q23_t428
1984,q33_t427
1984,q33_t428
1985,q23_t428
1985,q23_t429
1986,q23_t429
1986,q23_t430
1987,q23_t430
1987,q23_t431
1987,q32_t430
1987,q32_t431
1988,q23_t431
1988,q23_t432
1989,q23_t432
1989,q23_t433
1990,q23_t433
1990,q23_t434
1990,q31_t433
1990,q31_t434
1991,q23_t434
1991,q23_t435
1992,q23_t435
1992,q23_t436
1993,q23_t436
1993,q23_t437
1993,q30_t436
1993,q30_t437
1994,q23_t437
1994,q23_t438
1995,q23_t438
1995,q23_t439
1996,q23_t439
1996,q23_t440
1996,q29_t439
1996,q29_t440
1997,q23_t440
1997,q23_t441
1998,q23_t441
1998,q23_t442
1999,q23_t442
1999,q23_t443
1999,q28_t442
1999,q28_t443
2000,q23_t443
2000,q23_t444
2001,q23_t444
2001,q23_t445
2002,q23_t445
2002,q23_t446
2002,q27_t445
2002,q27_t446
2003,q23_t446
2003,q23_t447
2004,q23_t447
2004,q23_t448
2005,q23_t448
2005,q23_t449
2005,q26_t448
2005,q26_t449
2006,q23_t449
2006,q23_t450
2007,q23_t450
2007,q23_t451
2008,q23_t451
2008,q23_t452
2008,q25_t451
2008,q25_t452
2009,q23_t452
2009,q23_t453
2010,q23_t453
2010,q23_t454
2011,q23_t454
2011,q23_t455
2011,q24_t454
2011,q24_t455
2012,q23_t455
2012,q23_t456
2013,q23_t456
2013,q23_t457
2014,q23_t457
2014,q23_t460
2015,q23_t461
2015,q23_t462
2016,q23_t462
2016,q23_t463
2017,q23_t464
2017,q23_t465
2018,q23_t465
2018,q23_t466
2019,q23_t467
2019,q23_t468
2020,q23_t468
2020,q23_t469
2021,q23_t470
2021,q23_t471
2022,q23_t471
2022,q23_t472
2023,q23_t473
2023,q23_t474
2024,q23_t474
2024,q23_t475
2025,q23_t476
2025,q23_t477
2026,q23_t477
2026,q23_t478
2027,q23_t479
2027,q23_t480
2028,q23_t480
2028,q23_t481
2029,q23_t482
2029,q23_t483
2030,q23_t483
2030,q23_t484
2031,q23_t485
2031,q23_t486
2032,q23_t486
2032,q23_t487
2033,q23_t488
2033,q23_t489
2034,q23_t489
2034,q23_t490
2035,q23_t491
2035,q23_t492
2036,q23_t492
2036,q23_t493
2037,q23_t494
2037,q23_t495
2038,q23_t495
2038,q23_t496
2039,q23_t497
2039,q23_t498
2040,q23_t498
2040,q23_t499
2041,q23_t499
2041,q23_t500
2041,q9_t499
2041,q9_t500
2042,q23_t500
2042,q23_t501
2043,q23_t501
2043,q23_t502
2044,q23_t502
2044,q23_t503
2044,q8_t502
2044,q8_t503
2045,q23_t503
2045,q23_t504
2046,q23_t504
2046,q23_t505
2047,q23_t505
2047,q23_t506
2047,q7_t505
2047,q7_t506
2048,q23_t506
2048,q23_t507
2049,q23_t507
2049,q23_t508
2050,q23_t508
2050,q23_t509
2050,q6_t508
2050,q6_t509
2051,q23_t509
2051,q23_t510
2052,q23_t510
2052,q23_t511
2053,q23_t511
2053,q23_t512
2053,q5_t511
2053,q5_t512
2054,q23_t512
2054,q23_t513
2055,q23_t513
2055,q23_t514
2056,q23_t514
2056,q23_t515
2056,q4_t514
2056,q4_t515
2057,q23_t515
2057,q23_t516
2058,q23_t516
2058,q23_t517
2059,q23_t517
2059,q23_t518
2059,q3_t517
2059,q3_t518
2060,q23_t518
2060,q23_t519
2061,q23_t519
2061,q23_t520
2062,q23_t520
2062,q23_t521
2062,q2_t520
2062,q2_t521
2063,q23_t521
2063,q23_t522
2064,q23_t522
2064,q23_t523
2065,q23_t524
2065,q23_t525
2066,q23_t525
2066,q23_t526
2067,q23_t527
2067,q23_t528
2068,q24_t0
2068,q24_t1
2069,q24_t1
2069,q24_t194
2070,q24_t194
2070,q24_t195
2070,q43_t194
2070,q43_t195
2071,q24_t195
2071,q24_t196
2072,q24_t196
2072,q24_t198
2073,q24_t198
2073,q24_t199
2073,q43_t198
2073,q43_t199
2074,q24_t199
2074,q24_t200
2075,q24_t200
2075,q24_t397
2076,q24_t397
2076,q24_t398
2076,q42_t397
2076,q42_t398
2077,q24_t398
2077,q24_t399
2078,q24_t399
2078,q24_t400
2079,q24_t400
2079,q24_t401
2079,q41_t400
2079,q41_t401
2080,q24_t401
2080,q24_t402
2081,q24_t402
2081,q24_t403
2082,q24_t403
2082,q24_t404
2082,q40_t403
2082,q40_t404
2083,q24_t404
2083,q24_t405
2084,q24_t405
2084,q24_t406
2085,q24_t406
2085,q24_t407
2085,q39_t406
2085,q39_t407
2086,q24_t407
2086,q24_t408
2087,q24_t408
2087,q24_t409
2088,q24_t409
2088,q24_t410
2088,q38_t409
2088,q38_t410
2089,q24_t410
2089,q24_t411
2090,q24_t411
2090,q24_t412
2091,q24_t412
2091,q24_t413
2091,q37_t412
2091,q37_t413
2092,q24_t413
2092,q24_t414
2093,q24_t414
2093,q24_t415
2094,q24_t415
2094,q24_t416
2094,q36_t415
2094,q36_t416
2095,q24_t416
2095,q24_t417
2096,q24_t417
2096,q24_t418
2097,q24_t418
2097,q24_t419
2097,q35_t418
2097,q35_t419
2098,q24_t419
2098,q24_t420
2099,q24_t420
2099,q24_t421
2100,q24_t421
2100,q24_t422
2100,q34_t421
2100,q34_t422
2101,q24_t422
2101,q24_t423
2102,q24_t423
2102,q24_t424
2103,q24_t424
2103,q24_t425
2103,q33_t424
2103,q33_t425
2104,q24_t425
2104,q24_t426
2105,q24_t426
2105,q24_t427
2106,q24_t427
2106,q24_t428
2106,q32_t427
2106,q32_t428
2107,q24_t428
2107,q24_t429
2108,q24_t429
2108,q24_t430
2109,q24_t430
2109,q24_t431
2109,q31_t430
2109,q31_t431
2110,q24_t431
2110,q24_t432
2111,q24_t432
2111,q24_t433
2112,q24_t433
2112,q24_t434
2112,q30_t433
2112,q30_t434
2113,q24_t434
2113,q24_t435
2114,q24_t435
2114,q24_t436
2115,q24_t436
2115,q24_t437
2115,q29_t436
2115,q29_t437
2116,q24_t437
2116,q24_t438
2117,q24_t438
2117,q24_t439
2118,q24_t439
2118,q24_t440
2118,q28_t439
2118,q28_t440
2119,q24_t440
2119,q24_t441
2120,q24_t441
2120,q24_t442
2121,q24_t442
2121,q24_t443
2121,q27_t442
2121,q27_t443
2122,q24_t443
2122,q24_t444
2123,q24_t444
2123,q24_t445
2124,q24_t445
2124,q24_t446
2124,q26_t445
2124,q26_t446
2125,q24_t446
2125,q24_t447
2126,q24_t447
2126,q24_t448
2127,q24_t448
2127,q24_t449
2127,q25_t448
2127,q25_t449
2128,q24_t449
2128,q24_t450
2129,q24_t450
2129,q24_t451
2130,q24_t451
2130,q24_t454
2131,q24_t455
2131,q24_t456
2132,q24_t456
2132,q24_t457
2133,q24_t458
2133,q24_t459
2134,q24_t459
2134,q24_t460
2135,q24_t461
2135,q24_t462
2136,q24_t462
2136,q24_t463
2137,q24_t464
2137,q24_t465
2138,q24_t465
2138,q24_t466
2139,q24_t467
2139,q24_t468
2140,q24_t468
2140,q24_t469
2141,q24_t470
2141,q24_t471
2142,q24_t471
2142,q24_t472
2143,q24_t473
2143,q24_t474
2144,q24_t474
2144,q24_t475
2145,q24_t476
2145,q24_t477
2146,q24_t477
2146,q24_t478
2147,q24_t479
2147,q24_t480
2148,q24_t480
2148,q24_t481
2149,q24_t482
2149,q24_t483
2150,q24_t483
2150,q24_t484
2151,q24_t485
2151,q24_t486
2152,q24_t486
2152,q24_t487
2153,q24_t488
2153,q24_t489
2154,q24_t489
2154,q24_t490
2155,q24_t491
2155,q24_t492
2156,q24_t492
2156,q24_t493
2157,q24_t494
2157,q24_t495
2158,q24_t495
2158,q24_t496
2159,q24_t496
2159,q24_t497
2159,q9_t496
2159,q9_t497
2160,q24_t497
2160,q24_t498
2161,q24_t498
2161,q24_t499
2162,q24_t499
2162,q24_t500
2162,q8_t499
2162,q8_t500
2163,q24_t500
2163,q24_t501
2164,q24_t501
2164,q24_t502
2165,q24_t502
2165,q24_t503
2165,q7_t502
2165,q7_t503
2166,q24_t503
2166,q24_t504
2167,q24_t504
2167,q24_t505
2168,q24_t505
2168,q24_t506
2168,q6_t505
2168,q6_t506
2169,q24_t506
2169,q24_t507
2170,q24_t507
2170,q24_t508
2171,q24_t508
2171,q24_t509
2171,q5_t508
2171,q5_t509
2172,q24_t509
2172,q24_t510
2173,q24_t510
2173,q24_t511
2174,q24_t511
2174,q24_t512
2174,q4_t511
2174,q4_t512
2175,q24_t512
2175,q24_t513
2176,q24_t513
2176,q24_t514
2177,q24_t514
2177,q24_t515
2177,q3_t514
2177,q3_t515
2178,q24_t515
2178,q24_t516
2179,q24_t516
2179,q24_t517
2180,q24_t517
2180,q24_t518
2180,q2_t517
2180,q2_t518
2181,q24_t518
2181,q24_t519
2182,q24_t519
2182,q24_t520
2183,q24_t521
2183,q24_t522
2184,q24_t522
2184,q24_t523
2185,q24_t524
2185,q24_t525
2186,q25_t0
2186,q25_t1
2187,q25_t1
2187,q25_t202
2188,q25_t202
2188,q25_t203
2188,q43_t202
2188,q43_t203
2189,q25_t203
2189,q25_t204
2190,q25_t204
2190,q25_t206
2191,q25_t206
2191,q25_t207
2191,q43_t206
2191,q43_t207
2192,q25_t207
2192,q25_t208
2193,q25_t208
2193,q25_t394
2194,q25_t394
2194,q25_t395
2194,q42_t394
2194,q42_t395
2195,q25_t395
2195,q25_t396
2196,q25_t396
2196,q25_t397
2197,q25_t397
2197,q25_t398
2197,q41_t397
2197,q41_t398
2198,q25_t398
2198,q25_t399
2199,q25_t399
2199,q25_t400
2200,q25_t400
2200,q25_t401
2200,q40_t400
2200,q40_t401
2201,q25_t401
2201,q25_t402
2202,q25_t402
2202,q25_t403
2203,q25_t403
2203,q25_t404
2203,q39_t403
2203,q39_t404
2204,q25_t404
2204,q25_t405
2205,q25_t405
2205,q25_t406
2206,q25_t406
2206,q25_t407
2206,q38_t406
2206,q38_t407
2207,q25_t407
2207,q25_t408
2208,q25_t408
2208,q25_t409
2209,q25_t409
2209,q25_t410
2209,q37_t409
2209,q37_t410
2210,q25_t410
2210,q25_t411
2211,q25_t411
2211,q25_t412
2212,q25_t412
2212,q25_t413
2212,q36_t412
2212,q36_t413
2213,q25_t413
2213,q25_t414
2214,q25_t414
2214,q25_t415
2215,q25_t415
2215,q25_t416
2215,q35_t415
2215,q35_t416
2216,q25_t416
2216,q25_t417
2217,q25_t417
2217,q25_t418
2218,q25_t418
2218,q25_t419
2218,q34_t418
2218,q34_t419
2219,q25_t419
2219,q25_t420
2220,q25_t420
2220,q25_t421
2221,q25_t421
2221,q25_t422
2221,q33_t421
2221,q33_t422
2222,q25_t422
2222,q25_t423
2223,q25_t423
2223,q25_t424
2224,q25_t424
2224,q25_t425
2224,q32_t424
2224,q32_t425
2225,q25_t425
2225,q25_t426
2226,q25_t426
2226,q25_t427
2227,q25_t427
2227,q25_t428
2227,q31_t427
2227,q31_t428
2228,q25_t428
2228,q25_t429
2229,q25_t429
2229,q25_t430
2230,q25_t430
2230,q25_t431
2230,q30_t430
2230,q30_t431
2231,q25_t431
2231,q25_t432
2232,q25_t432
2232,q25_t433
2233,q25_t433
2233,q25_t434
2233,q29_t433
2233,q29_t434
2234,q25_t434
2234,q25_t435
2235,q25_t435
2235,q25_t436
2236,q25_t436
2236,q25_t437
2236,q28_t436
2236,q28_t437
2237,q25_t437
2237,q25_t438
2238,q25_t438
2238,q25_t439
2239,q25_t439
2239,q25_t440
2239,q27_t439
2239,q27_t440
2240,q25_t440
2240,q25_t441
2241,q25_t441
2241,q25_t442
2242,q25_t442
2242,q25_t443
2242,q26_t442
2242,q26_t443
2243,q25_t443
2243,q25_t444
2244,q25_t444
2244,q25_t445
2245,q25_t445
2245,q25_t448
2246,q25_t449
2246,q25_t450
2247,q25_t450
2247,q25_t451
2248,q25_t452
2248,q25_t453
2249,q25_t453
2249,q25_t454
2250,q25_t455
2250,q25_t456
2251,q25_t456
2251,q25_t457
2252,q25_t458
2252,q25_t459
2253,q25_t459
2253,q25_t460
2254,q25_t461
2254,q25_t462
2255,q25_t462
2255,q25_t463
2256,q25_t464
2256,q25_t465
2257,q25_t465
2257,q25_t466
2258,q25_t467
2258,q25_t468
2259,q25_t468
2259,q25_t469
2260,q25_t470
2260,q25_t471
2261,q25_t471
2261,q25_t472
2262,q25_t473
2262,q25_t474
2263,q25_t474
2263,q25_t475
2264,q25_t476
2264,q25_t477
2265,q25_t477
2265,q25_t478
2266,q25_t479
2266,q25_t480
2267,q25_t480
2267,q25_t481
2268,q25_t482
2268,q25_t483
2269,q25_t483
2269,q25_t484
2270,q25_t485
2270,q25_t486
2271,q25_t486
2271,q25_t487
2272,q25_t488
2272,q25_t489
2273,q25_t489
2273,q25_t490
2274,q25_t491
2274,q25_t492
2275,q25_t492
2275,q25_t493
2276,q25_t493
2276,q25_t494
2276,q9_t493
2276,q9_t494
2277,q25_t494
2277,q25_t495
2278,q25_t495
2278,q25_t496
2279,q25_t496
2279,q25_t497
2279,q8_t496
2279,q8_t497
2280,q25_t497
2280,q25_t498
2281,q25_t498
2281,q25_t499
2282,q25_t499
2282,q25_t500
2282,q7_t499
2282,q7_t500
2283,q25_t500
2283,q25_t501
2284,q25_t501
2284,q25_t502
2285,q25_t502
2285,q25_t503
2285,q6_t502
2285,q6_t503
2286,q25_t503
2286,q25_t504
2287,q25_t504
2287,q25_t505
2288,q25_t505
2288,q25_t506
2288,q5_t505
2288,q5_t506
2289,q25_t506
2289,q25_t507
2290,q25_t507
2290,q25_t508
2291,q25_t508
2291,q25_t509
2291,q4_t508
2291,q4_t509
2292,q25_t509
2292,q25_t510
2293,q25_t510
2293,q25_t511
2294,q25_t511
2294,q25_t512
2294,q3_t511
2294,q3_t512
2295,q25_t512
2295,q25_t513
2296,q25_t513
2296,q25_t514
2297,q25_t514
2297,q25_t515
2297,q2_t514
2297,q2_t515
2298,q25_t515
2298,q25_t516
2299,q25_t516
2299,q25_t517
2300,q25_t518
2300,q25_t519
2301,q25_t519
2301,q25_t520
2302,q25_t521
2302,q25_t522
2303,q26_t0
2303,q26_t1
2304,q26_t1
2304,q26_t210
2305,q26_t210
2305,q26_t211
2305,q43_t210
2305,q43_t211
2306,q26_t211
2306,q26_t212
2307,q26_t212
2307,q26_t214
2308,q26_t214
2308,q26_t215
2308,q43_t214
2308,q43_t215
2309,q26_t215
2309,q26_t216
2310,q26_t216
2310,q26_t391
2311,q26_t391
2311,q26_t392
2311,q42_t391
2311,q42_t392
2312,q26_t392
2312,q26_t393
2313,q26_t393
2313,q26_t394
2314,q26_t394
2314,q26_t395
2314,q41_t394
2314,q41_t395
2315,q26_t395
2315,q26_t396
2316,q26_t396
2316,q26_t397
2317,q26_t397
2317,q26_t398
2317,q40_t397
2317,q40_t398
2318,q26_t398
2318,q26_t399
2319,q26_t399
2319,q26_t400
2320,q26_t400
2320,q26_t401
2320,q39_t400
2320,q39_t401
2321,q26_t401
2321,q26_t402
2322,q26_t402
2322,q26_t403
2323,q26_t403
2323,q26_t404
2323,q38_t403
2323,q38_t404
2324,q26_t404
2324,q26_t405
2325,q26_t405
2325,q26_t406
2326,q26_t406
2326,q26_t407
2326,q37_t406
2326,q37_t407
2327,q26_t407
2327,q26_t408
2328,q26_t408
2328,q26_t409
2329,q26_t409
2329,q26_t410
2329,q36_t409
2329,q36_t410
2330,q26_t410
2330,q26_t411
2331,q26_t411
2331,q26_t412
2332,q26_t412
2332,q26_t413
2332,q35_t412
2332,q35_t413
2333,q26_t413
2333,q26_t414
2334,q26_t414
2334,q26_t415
2335,q26_t415
2335,q26_t416
2335,q34_t415
2335,q34_t416
2336,q26_t416
2336,q26_t417
2337,q26_t417
2337,q26_t418
2338,q26_t418
2338,q26_t419
2338,q33_t418
2338,q33_t419
2339,q26_t419
2339,q26_t420
2340,q26_t420
2340,q26_t421
2341,q26_t421
2341,q26_t422
2341,q32_t421
2341,q32_t422
2342,q26_t422
2342,q26_t423
2343,q26_t423
2343,q26_t424
2344,q26_t424
2344,q26_t425
2344,q31_t424
2344,q31_t425
2345,q26_t425
2345,q26_t426
2346,q26_t426
2346,q26_t427
2347,q26_t427
2347,q26_t428
2347,q30_t427
2347,q30_t428
2348,q26_t428
2348,q26_t429
2349,q26_t429
2349,q26_t430
2350,q26_t430
2350,q26_t431
2350,q29_t430
2350,q29_t431
2351,q26_t431
2351,q26_t432
2352,q26_t432
2352,q26_t433
2353,q26_t433
2353,q26_t434
2353,q28_t433
2353,q28_t434
2354,q26_t434
2354,q26_t435
2355,q26_t435
2355,q26_t436
2356,q26_t436
2356,q26_t437
2356,q27_t436
2356,q27_t437
2357,q26_t437
2357,q26_t438
2358,q26_t438
2358,q26_t439
2359,q26_t439
2359,q26_t442
2360,q26_t443
2360,q26_t444
2361,q26_t444
2361,q26_t445
2362,q26_t446
2362,q26_t447
2363,q26_t447
2363,q26_t448
2364,q26_t449
2364,q26_t450
2365,q26_t450
2365,q26_t451
2366,q26_t452
2366,q26_t453
2367,q26_t453
2367,q26_t454
2368,q26_t455
2368,q26_t456
2369,q26_t456
2369,q26_t457
2370,q26_t458
2370,q26_t459
2371,q26_t459
2371,q26_t460
2372,q26_t461
2372,q26_t462
2373,q26_t462
2373,q26_t463
2374,q26_t464
2374,q26_t465
2375,q26_t465
2375,q26_t466
2376,q26_t467
2376,q26_t468
2377,q26_t468
2377,q26_t469
2378,q26_t470
2378,q26_t471
2379,q26_t471
2379,q26_t472
2380,q26_t473
2380,q26_t474
2381,q26_t474
2381,q26_t475
2382,q26_t476
2382,q26_t477
2383,q26_t477
2383,q26_t478
2384,q26_t479
2384,q26_t480
2385,q26_t480
2385,q26_t481
2386,q26_t482
2386,q26_t483
2387,q26_t483
2387,q26_t484
2388,q26_t485
2388,q26_t486
2389,q26_t486
2389,q26_t487
2390,q26_t488
2390,q26_t489
2391,q26_t489
2391,q26_t490
2392,q26_t490
2392,q26_t491
2392,q9_t490
2392,q9_t491
2393,q26_t491
2393,q26_t492
2394,q26_t492
2394,q26_t493
2395,q26_t493
2395,q26_t494
2395,q8_t493
2395,q8_t494
2396,q26_t494
2396,q26_t495
2397,q26_t495
2397,q26_t496
2398,q26_t496
2398,q26_t497
2398,q7_t496
2398,q7_t497
2399,q26_t497
2399,q26_t498
2400,q26_t498
2400,q26_t499
2401,q26_t499
2401,q26_t500
2401,q6_t499
2401,q6_t500
2402,q26_t500
2402,q26_t501
2403,q26_t501
2403,q26_t502
2404,q26_t502
2404,q26_t503
2404,q5_t502
2404,q5_t503
2405,q26_t503
2405,q26_t504
2406,q26_t504
2406,q26_t505
2407,q26_t505
2407,q26_t506
2407,q4_t505
2407,q4_t506
2408,q26_t506
2408,q26_t507
2409,q26_t507
2409,q26_t508
2410,q26_t508
2410,q26_t509
2410,q3_t508
2410,q3_t509
2411,q26_t509
2411,q26_t510
2412,q26_t510
2412,q26_t511
2413,q26_t511
2413,q26_t512
2413,q2_t511
2413,q2_t512
2414,q26_t512
2414,q26_t513
2415,q26_t513
2415,q26_t514
2416,q26_t515
2416,q26_t516
2417,q26_t516
2417,q26_t517
2418,q26_t518
2418,q26_t519
2419,q27_t0
2419,q27_t1
2420,q27_t1
2420,q27_t218
2421,q27_t218
2421,q27_t219
2421,q43_t218
2421,q43_t219
2422,q27_t219
2422,q27_t220
2423,q27_t220
2423,q27_t222
2424,q27_t222
2424,q27_t223
2424,q43_t222
2424,q43_t223
2425,q27_t223
2425,q27_t224
2426,q27_t224
2426,q27_t388
2427,q27_t388
2427,q27_t389
2427,q42_t388
2427,q42_t389
2428,q27_t389
2428,q27_t390
2429,q27_t390
2429,q27_t391
2430,q27_t391
2430,q27_t392
2430,q41_t391
2430,q41_t392
2431,q27_t392
2431,q27_t393
2432,q27_t393
2432,q27_t394
2433,q27_t394
2433,q27_t395
2433,q40_t394
2433,q40_t395
2434,q27_t395
2434,q27_t396
2435,q27_t396
2435,q27_t397
2436,q27_t397
2436,q27_t398
2436,q39_t397
2436,q39_t398
2437,q27_t398
2437,q27_t399
2438,q27_t399
2438,q27_t400
2439,q27_t400
2439,q27_t401
2439,q38_t400
2439,q38_t401
2440,q27_t401
2440,q27_t402
2441,q27_t402
2441,q27_t403
2442,q27_t403
2442,q27_t404
2442,q37_t403
2442,q37_t404
2443,q27_t404
2443,q27_t405
2444,q27_t405
2444,q27_t406
2445,q27_t406
2445,q27_t407
2445,q36_t406
2445,q36_t407
2446,q27_t407
2446,q27_t408
2447,q27_t408
2447,q27_t409
2448,q27_t409
2448,q27_t410
2448,q35_t409
2448,q35_t410
2449,q27_t410
2449,q27_t411
2450,q27_t411
2450,q27_t412
2451,q27_t412
2451,q27_t413
2451,q34_t412
2451,q34_t413
2452,q27_t413
2452,q27_t414
2453,q27_t414
2453,q27_t415
2454,q27_t415
2454,q27_t416
2454,q33_t415
2454,q33_t416
2455,q27_t416
2455,q27_t417
2456,q27_t417
2456,q27_t418
2457,q27_t418
2457,q27_t419
2457,q32_t418
2457,q32_t419
2458,q27_t419
2458,q27_t420
2459,q27_t420
2459,q27_t421
2460,q27_t421
2460,q27_t422
2460,q31_t421
2460,q31_t422
2461,q27_t422
2461,q27_t423
2462,q27_t423
2462,q27_t424
2463,q27_t424
2463,q27_t425
2463,q30_t424
2463,q30_t425
2464,q27_t425
2464,q27_t426
2465,q27_t426
2465,q27_t427
2466,q27_t427
2466,q27_t428
2466,q29_t427
2466,q29_t428
2467,q27_t428
2467,q27_t429
2468,q27_t429
2468,q27_t430
2469,q27_t430
2469,q27_t431
2469,q28_t430
2469,q28_t431
2470,q27_t431
2470,q27_t432
2471,q27_t432
2471,q27_t433
2472,q27_t433
2472,q27_t436
2473,q27_t437
2473,q27_t438
2474,q27_t438
2474,q27_t439
2475,q27_t440
2475,q27_t441
2476,q27_t441
2476,q27_t442
2477,q27_t443
2477,q27_t444
2478,q27_t444
2478,q27_t445
2479,q27_t446
2479,q27_t447
2480,q27_t447
2480,q27_t448
2481,q27_t449
2481,q27_t450
2482,q27_t450
2482,q27_t451
2483,q27_t452
2483,q27_t453
2484,q27_t453
2484,q27_t454
2485,q27_t455
2485,q27_t456
2486,q27_t456
2486,q27_t457
2487,q27_t458
2487,q27_t459
2488,q27_t459
2488,q27_t460
2489,q27_t461
2489,q27_t462
2490,q27_t462
2490,q27_t463
2491,q27_t464
2491,q27_t465
2492,q27_t465
2492,q27_t466
2493,q27_t467
2493,q27_t468
2494,q27_t468
2494,q27_t469
2495,q27_t470
2495,q27_t471
2496,q27_t471
2496,q27_t472
2497,q27_t473
2497,q27_t474
2498,q27_t474
2498,q27_t475
2499,q27_t476
2499,q27_t477
2500,q27_t477
2500,q27_t478
2501,q27_t479
2501,q27_t480
2502,q27_t480
2502,q27_t481
2503,q27_t482
2503,q27_t483
2504,q27_t483
2504,q27_t484
2505,q27_t485
2505,q27_t486
2506,q27_t486
2506,q27_t487
2507,q27_t487
2507,q27_t488
2507,q9_t487
2507,q9_t488
2508,q27_t488
2508,q27_t489
2509,q27_t489
2509,q27_t490
2510,q27_t490
2510,q27_t491
2510,q8_t490
2510,q8_t491
2511,q27_t491
2511,q27_t492
2512,q27_t492
2512,q27_t493
2513,q27_t493
2513,q27_t494
2513,q7_t493
2513,q7_t494
2514,q27_t494
2514,q27_t495
2515,q27_t495
2515,q27_t496
2516,q27_t496
2516,q27_t497
2516,q6_t496
2516,q6_t497
2517,q27_t497
2517,q27_t498
2518,q27_t498
2518,q27_t499
2519,q27_t499
2519,q27_t500
2519,q5_t499
2519,q5_t500
2520,q27_t500
2520,q27_t501
2521,q27_t501
2521,q27_t502
2522,q27_t502
2522,q27_t503
2522,q4_t502
2522,q4_t503
2523,q27_t503
2523,q27_t504
2524,q27_t504
2524,q27_t505
2525,q27_t505
2525,q27_t506
2525,q3_t505
2525,q3_t506
2526,q27_t506
2526,q27_t507
2527,q27_t507
2527,q27_t508
2528,q27_t508
2528,q27_t509
2528,q2_t508
2528,q2_t509
2529,q27_t509
2529,q27_t510
2530,q27_t510
2530,q27_t511
2531,q27_t512
2531,q27_t513
2532,q27_t513
2532,q27_t514
2533,q27_t515
2533,q27_t516
2534,q28_t0
2534,q28_t1
2535,q28_t1
2535,q28_t226
2536,q28_t226
2536,q28_t227
2536,q43_t226
2536,q43_t227
2537,q28_t227
2537,q28_t228
2538,q28_t228
2538,q28_t230
2539,q28_t230
2539,q28_t231
2539,q43_t230
2539,q43_t231
2540,q28_t231
2540,q28_t232
2541,q28_t232
2541,q28_t385
2542,q28_t385
2542,q28_t386
2542,q42_t385
2542,q42_t386
2543,q28_t386
2543,q28_t387
2544,q28_t387
2544,q28_t388
2545,q28_t388
2545,q28_t389
2545,q41_t388
2545,q41_t389
2546,q28_t389
2546,q28_t390
2547,q28_t390
2547,q28_t391
2548,q28_t391
2548,q28_t392
2548,q40_t391
2548,q40_t392
2549,q28_t392
2549,q28_t393
2550,q28_t393
2550,q28_t394
2551,q28_t394
2551,q28_t395
2551,q39_t394
2551,q39_t395
2552,q28_t395
2552,q28_t396
2553,q28_t396
2553,q28_t397
2554,q28_t397
2554,q28_t398
2554,q38_t397
2554,q38_t398
2555,q28_t398
2555,q28_t399
2556,q28_t399
2556,q28_t400
2557,q28_t400
2557,q28_t401
2557,q37_t400
2557,q37_t401
2558,q28_t401
2558,q28_t402
2559,q28_t402
2559,q28_t403
2560,q28_t403
2560,q28_t404
2560,q36_t403
2560,q36_t404
2561,q28_t404
2561,q28_t405
2562,q28_t405
2562,q28_t406
2563,q28_t406
2563,q28_t407
2563,q35_t406
2563,q35_t407
2564,q28_t407
2564,q28_t408
2565,q28_t408
2565,q28_t409
2566,q28_t409
2566,q28_t410
2566,q34_t409
2566,q34_t410
2567,q28_t410
2567,q28_t411
2568,q28_t411
2568,q28_t412
2569,q28_t412
2569,q28_t413
2569,q33_t412
2569,q33_t413
2570,q28_t413
2570,q28_t414
2571,q28_t414
2571,q28_t415
2572,q28_t415
2572,q28_t416
2572,q32_t415
2572,q32_t416
2573,q28_t416
2573,q28_t417
2574,q28_t417
2574,q28_t418
2575,q28_t418
2575,q28_t419
2575,q31_t418
2575,q31_t419
2576,q28_t419
2576,q28_t420
2577,q28_t420
2577,q28_t421
2578,q28_t421
2578,q28_t422
2578,q30_t421
2578,q30_t422
2579,q28_t422
2579,q28_t423
2580,q28_t423
2580,q28_t424
2581,q28_t424
2581,q28_t425
2581,q29_t424
2581,q29_t425
2582,q28_t425
2582,q28_t426
2583,q28_t426
2583,q28_t427
2584,q28_t427
2584,q28_t430
2585,q28_t431
2585,q28_t432
2586,q28_t432
2586,q28_t433
2587,q28_t434
2587,q28_t435
2588,q28_t435
2588,q28_t436
2589,q28_t437
2589,q28_t438
2590,q28_t438
2590,q28_t439
2591,q28_t440
2591,q28_t441
2592,q28_t441
2592,q28_t442
2593,q28_t443
2593,q28_t444
2594,q28_t444
2594,q28_t445
2595,q28_t446
2595,q28_t447
2596,q28_t447
2596,q28_t448
2597,q28_t449
2597,q28_t450
2598,q28_t450
2598,q28_t451
2599,q28_t452
2599,q28_t453
2600,q28_t453
2600,q28_t454
2601,q28_t455
2601,q28_t456
2602,q28_t456
2602,q28_t457
2603,q28_t458
2603,q28_t459
2604,q28_t459
2604,q28_t460
2605,q28_t461
2605,q28_t462
2606,q28_t462
2606,q28_t463
2607,q28_t464
2607,q28_t465
2608,q28_t465
2608,q28_t466
2609,q28_t467
2609,q28_t468
2610,q28_t468
2610,q28_t469
2611,q28_t470
2611,q28_t471
2612,q28_t471
2612,q28_t472
2613,q28_t473
2613,q28_t474
2614,q28_t474
2614,q28_t475
2615,q28_t476
2615,q28_t477
2616,q28_t477
2616,q28_t478
2617,q28_t479
2617,q28_t480
2618,q28_t480
2618,q28_t481
2619,q28_t482
2619,q28_t483
2620,q28_t483
2620,q28_t484
2621,q28_t484
2621,q28_t485
2621,q9_t484
2621,q9_t485
2622,q28_t485
2622,q28_t486
2623,q28_t486
2623,q28_t487
2624,q28_t487
2624,q28_t488
2624,q8_t487
2624,q8_t488
2625,q28_t488
2625,q28_t489
2626,q28_t489
2626,q28_t490
2627,q28_t490
2627,q28_t491
2627,q7_t490
2627,q7_t491
2628,q28_t491
2628,q28_t492
2629,q28_t492
2629,q28_t493
2630,q28_t493
2630,q28_t494
2630,q6_t493
2630,q6_t494
2631,q28_t494
2631,q28_t495
2632,q28_t495
2632,q28_t496
2633,q28_t496
2633,q28_t497
2633,q5_t496
2633,q5_t497
2634,q28_t497
2634,q28_t498
2635,q28_t498
2635,q28_t499
2636,q28_t499
2636,q28_t500
2636,q4_t499
2636,q4_t500
2637,q28_t500
2637,q28_t501
2638,q28_t501
2638,q28_t502
2639,q28_t502
2639,q28_t503
2639,q3_t502
2639,q3_t503
2640,q28_t503
2640,q28_t504
2641,q28_t504
2641,q28_t505
2642,q28_t505
2642,q28_t506
2642,q2_t505
2642,q2_t506
2643,q28_t506
2643,q28_t507
2644,q28_t507
2644,q28_t508
2645,q28_t509
2645,q28_t510
2646,q28_t510
2646,q28_t511
2647,q28_t512
2647,q28_t513
2648,q29_t0
2648,q29_t1
2649,q29_t1
2649,q29_t234
2650,q29_t234
2650,q29_t235
2650,q43_t234
2650,q43_t235
2651,q29_t235
2651,q29_t236
2652,q29_t236
2652,q29_t238
2653,q29_t238
2653,q29_t239
2653,q43_t238
2653,q43_t239
2654,q29_t239
2654,q29_t240
2655,q29_t240
2655,q29_t382
2656,q29_t382
2656,q29_t383
2656,q42_t382
2656,q42_t383
2657,q29_t383
2657,q29_t384
2658,q29_t384
2658,q29_t385
2659,q29_t385
2659,q29_t386
2659,q41_t385
2659,q41_t386
2660,q29_t386
2660,q29_t387
2661,q29_t387
2661,q29_t388
2662,q29_t388
2662,q29_t389
2662,q40_t388
2662,q40_t389
2663,q29_t389
2663,q29_t390
2664,q29_t390
2664,q29_t391
2665,q29_t391
2665,q29_t392
2665,q39_t391
2665,q39_t392
2666,q29_t392
2666,q29_t393
2667,q29_t393
2667,q29_t394
2668,q29_t394
2668,q29_t395
2668,q38_t394
2668,q38_t395
2669,q29_t395
2669,q29_t396
2670,q29_t396
2670,q29_t397
2671,q29_t397
2671,q29_t398
2671,q37_t397
2671,q37_t398
2672,q29_t398
2672,q29_t399
2673,q29_t399
2673,q29_t400
2674,q29_t400
2674,q29_t401
2674,q36_t400
2674,q36_t401
2675,q29_t401
2675,q29_t402
2676,q29_t402
2676,q29_t403
2677,q29_t403
2677,q29_t404
2677,q35_t403
2677,q35_t404
2678,q29_t404
2678,q29_t405
2679,q29_t405
2679,q29_t406
2680,q29_t406
2680,q29_t407
2680,q34_t406
2680,q34_t407
2681,q29_t407
2681,q29_t408
2682,q29_t408
2682,q29_t409
2683,q29_t409
2683,q29_t410
2683,q33_t409
2683,q33_t410
2684,q29_t410
2684,q29_t411
2685,q29_t411
2685,q29_t412
2686,q29_t412
2686,q29_t413
2686,q32_t412
2686,q32_t413
2687,q29_t413
2687,q29_t414
2688,q29_t414
2688,q29_t415
2689,q29_t415
2689,q29_t416
2689,q31_t415
2689,q31_t416
2690,q29_t416
2690,q29_t417
2691,q29_t417
2691,q29_t418
2692,q29_t418
2692,q29_t419
2692,q30_t418
2692,q30_t419
2693,q29_t419
2693,q29_t420
2694,q29_t420
2694,q29_t421
2695,q29_t421
2695,q29_t424
2696,q29_t425
2696,q29_t426
2697,q29_t426
2697,q29_t427
2698,q29_t428
2698,q29_t429
2699,q29_t429
2699,q29_t430
2700,q29_t431
2700,q29_t432
2701,q29_t432
2701,q29_t433
2702,q29_t434
2702,q29_t435
2703,q29_t435
2703,q29_t436
2704,q29_t437
2704,q29_t438
2705,q29_t438
2705,q29_t439
2706,q29_t440
2706,q29_t441
2707,q29_t441
2707,q29_t442
2708,q29_t443
2708,q29_t444
2709,q29_t444
2709,q29_t445
2710,q29_t446
2710,q29_t447
2711,q29_t447
2711,q29_t448
2712,q29_t449
2712,q29_t450
2713,q29_t450
2713,q29_t451
2714,q29_t452
2714,q29_t453
2715,q29_t453
2715,q29_t454
2716,q29_t455
2716,q29_t456
2717,q29_t456
2717,q29_t457
2718,q29_t458
2718,q29_t459
2719,q29_t459
2719,q29_t460
2720,q29_t461
2720,q29_t462
2721,q29_t462
2721,q29_t463
2722,q29_t464
2722,q29_t465
2723,q29_t465
2723,q29_t466
2724,q29_t467
2724,q29_t468
2725,q29_t468
2725,q29_t469
2726,q29_t470
2726,q29_t471
2727,q29_t471
2727,q29_t472
2728,q29_t473
2728,q29_t474
2729,q29_t474
2729,q29_t475
2730,q29_t476
2730,q29_t477
2731,q29_t477
2731,q29_t478
2732,q29_t479
2732,q29_t480
2733,q29_t480
2733,q29_t481
2734,q29_t481
2734,q29_t482
2734,q9_t481
2734,q9_t482
2735,q29_t482
2735,q29_t483
2736,q29_t483
2736,q29_t484
2737,q29_t484
2737,q29_t485
2737,q8_t484
2737,q8_t485
2738,q29_t485
2738,q29_t486
2739,q29_t486
2739,q29_t487
2740,q29_t487
2740,q29_t488
2740,q7_t487
2740,q7_t488
2741,q29_t488
2741,q29_t489
2742,q29_t489
2742,q29_t490
2743,q29_t490
2743,q29_t491
2743,q6_t490
2743,q6_t491
2744,q29_t491
2744,q29_t492
2745,q29_t492
2745,q29_t493
2746,q29_t493
2746,q29_t494
2746,q5_t493
2746,q5_t494
2747,q29_t494
2747,q29_t495
2748,q29_t495
2748,q29_t496
2749,q29_t496
2749,q29_t497
2749,q4_t496
2749,q4_t497
2750,q29_t497
2750,q29_t498
2751,q29_t498
2751,q29_t499
2752,q29_t499
2752,q29_t500
2752,q3_t499
2752,q3_t500
2753,q29_t500
2753,q29_t501
2754,q29_t501
2754,q29_t502
2755,q29_t502
2755,q29_t503
2755,q2_t502
2755,q2_t503
2756,q29_t503
2756,q29_t504
2757,q29_t504
2757,q29_t505
2758,q29_t506
2758,q29_t507
2759,q29_t507
2759,q29_t508
2760,q29_t509
2760,q29_t510
2761,q2_t0
2761,q2_t1
2762,q2_t1
2762,q2_t18
2763,q2_t18
2763,q2_t19
2763,q43_t18
2763,q43_t19
2764,q2_t19
2764,q2_t20
2765,q2_t20
2765,q2_t22
2766,q2_t22
2766,q2_t23
2766,q43_t22
2766,q43_t23
2767,q2_t23
2767,q2_t24
2768,q2_t24
2768,q2_t463
2769,q2_t463
2769,q2_t464
2769,q42_t463
2769,q42_t464
2770,q2_t464
2770,q2_t465
2771,q2_t465
2771,q2_t466
2772,q2_t466
2772,q2_t467
2772,q41_t466
2772,q41_t467
2773,q2_t467
2773,q2_t468
2774,q2_t468
2774,q2_t469
2775,q2_t469
2775,q2_t470
2775,q40_t469
2775,q40_t470
2776,q2_t470
2776,q2_t471
2777,q2_t471
2777,q2_t472
2778,q2_t472
2778,q2_t473
2778,q39_t472
2778,q39_t473
2779,q2_t473
2779,q2_t474
2780,q2_t474
2780,q2_t475
2781,q2_t475
2781,q2_t476
2781,q38_t475
2781,q38_t476
2782,q2_t476
2782,q2_t477
2783,q2_t477
2783,q2_t478
2784,q2_t478
2784,q2_t479
2784,q37_t478
2784,q37_t479
2785,q2_t479
2785,q2_t480
2786,q2_t480
2786,q2_t481
2787,q2_t481
2787,q2_t482
2787,q36_t481
2787,q36_t482
2788,q2_t482
2788,q2_t483
2789,q2_t483
2789,q2_t484
2790,q2_t484
2790,q2_t485
2790,q35_t484
2790,q35_t485
2791,q2_t485
2791,q2_t486
2792,q2_t486
2792,q2_t487
2793,q2_t487
2793,q2_t488
2793,q34_t487
2793,q34_t488
2794,q2_t488
2794,q2_t489
2795,q2_t489
2795,q2_t490
2796,q2_t490
2796,q2_t491
2796,q33_t490
2796,q33_t491
2797,q2_t491
2797,q2_t492
2798,q2_t492
2798,q2_t493
2799,q2_t493
2799,q2_t494
2799,q32_t493
2799,q32_t494
2800,q2_t494
2800,q2_t495
2801,q2_t495
2801,q2_t496
2802,q2_t496
2802,q2_t497
2802,q31_t496
2802,q31_t497
2803,q2_t497
2803,q2_t498
2804,q2_t498
2804,q2_t499
2805,q2_t499
2805,q2_t500
2805,q30_t499
2805,q30_t500
2806,q2_t500
2806,q2_t501
2807,q2_t501
2807,q2_t502
2808,q2_t503
2808,q2_t504
2809,q2_t504
2809,q2_t505
2810,q2_t506
2810,q2_t507
2811,q2_t507
2811,q2_t508
2812,q2_t509
2812,q2_t510
2813,q2_t510
2813,q2_t511
2814,q2_t512
2814,q2_t513
2815,q2_t513
2815,q2_t514
2816,q2_t515
2816,q2_t516
2817,q2_t516
2817,q2_t517
2818,q2_t518
2818,q2_t519
2819,q2_t519
2819,q2_t520
2820,q2_t521
2820,q2_t522
2821,q2_t522
2821,q2_t523
2822,q2_t524
2822,q2_t525
2823,q2_t525
2823,q2_t526
2824,q2_t527
2824,q2_t528
2825,q2_t528
2825,q2_t529
2826,q2_t530
2826,q2_t531
2827,q2_t531
2827,q2_t532
2828,q2_t533
2828,q2_t534
2829,q2_t534
2829,q2_t535
2830,q2_t536
2830,q2_t537
2831,q2_t537
2831,q2_t538
2832,q2_t539
2832,q2_t540
2833,q2_t540
2833,q2_t541
2834,q2_t542
2834,q2_t543
2835,q2_t543
2835,q2_t544
2836,q2_t545
2836,q2_t546
2837,q2_t546
2837,q2_t547
2838,q2_t548
2838,q2_t549
2839,q2_t549
2839,q2_t550
2840,q2_t551
2840,q2_t552
2841,q2_t552
2841,q2_t553
2842,q2_t554
2842,q2_t555
2843,q2_t555
2843,q2_t556
2844,q2_t557
2844,q2_t558
2845,q2_t558
2845,q2_t559
2846,q2_t560
2846,q2_t561
2847,q2_t561
2847,q2_t562
2848,q2_t562
2848,q2_t563
2848,q9_t562
2848,q9_t563
2849,q2_t563
2849,q2_t564
2850,q2_t564
2850,q2_t565
2851,q2_t565
2851,q2_t566
2851,q8_t565
2851,q8_t566
2852,q2_t566
2852,q2_t567
2853,q2_t567
2853,q2_t568
2854,q2_t568
2854,q2_t569
2854,q7_t568
2854,q7_t569
2855,q2_t569
2855,q2_t570
2856,q2_t570
2856,q2_t571
2857,q2_t571
2857,q2_t572
2857,q6_t571
2857,q6_t572
2858,q2_t572
2858,q2_t573
2859,q2_t573
2859,q2_t574
2860,q2_t574
2860,q2_t575
2860,q5_t574
2860,q5_t575
2861,q2_t575
2861,q2_t576
2862,q2_t576
2862,q2_t577
2863,q2_t577
2863,q2_t578
2863,q4_t577
2863,q4_t578
2864,q2_t578
2864,q2_t579
2865,q2_t579
2865,q2_t580
2866,q2_t580
2866,q2_t581
2866,q3_t580
2866,q3_t581
2867,q2_t581
2867,q2_t582
2868,q2_t582
2868,q2_t583
2869,q2_t583
2869,q2_t586
2870,q2_t587
2870,q2_t588
2871,q2_t588
2871,q2_t589
2872,q2_t590
2872,q2_t591
2873,q30_t0
2873,q30_t1
2874,q30_t1
2874,q30_t242
2875,q30_t242
2875,q30_t243
2875,q43_t242
2875,q43_t243
2876,q30_t243
2876,q30_t244
2877,q30_t244
2877,q30_t246
2878,q30_t246
2878,q30_t247
2878,q43_t246
2878,q43_t247
2879,q30_t247
2879,q30_t248
2880,q30_t248
2880,q30_t379
2881,q30_t379
2881,q30_t380
2881,q42_t379
2881,q42_t380
2882,q30_t380
2882,q30_t381
2883,q30_t381
2883,q30_t382
2884,q30_t382
2884,q30_t383
2884,q41_t382
2884,q41_t383
2885,q30_t383
2885,q30_t384
2886,q30_t384
2886,q30_t385
2887,q30_t385
2887,q30_t386
2887,q40_t385
2887,q40_t386
2888,q30_t386
2888,q30_t387
2889,q30_t387
2889,q30_t388
2890,q30_t388
2890,q30_t389
2890,q39_t388
2890,q39_t389
2891,q30_t389
2891,q30_t390
2892,q30_t390
2892,q30_t391
2893,q30_t391
2893,q30_t392
2893,q38_t391
2893,q38_t392
2894,q30_t392
2894,q30_t393
2895,q30_t393
2895,q30_t394
2896,q30_t394
2896,q30_t395
2896,q37_t394
2896,q37_t395
2897,q30_t395
2897,q30_t396
2898,q30_t396
2898,q30_t397
2899,q30_t397
2899,q30_t398
2899,q36_t397
2899,q36_t398
2900,q30_t398
2900,q30_t399
2901,q30_t399
2901,q30_t400
2902,q30_t400
2902,q30_t401
2902,q35_t400
2902,q35_t401
2903,q30_t401
2903,q30_t402
2904,q30_t402
2904,q30_t403
2905,q30_t403
2905,q30_t404
2905,q34_t403
2905,q34_t404
2906,q30_t404
2906,q30_t405
2907,q30_t405
2907,q30_t406
2908,q30_t406
2908,q30_t407
2908,q33_t406
2908,q33_t407
2909,q30_t407
2909,q30_t408
2910,q30_t408
2910,q30_t409
2911,q30_t409
2911,q30_t410
2911,q32_t409
2911,q32_t410
2912,q30_t410
2912,q30_t411
2913,q30_t411
2913,q30_t412
2914,q30_t412
2914,q30_t413
2914,q31_t412
2914,q31_t413
2915,q30_t413
2915,q30_t414
2916,q30_t414
2916,q30_t415
2917,q30_t415
2917,q30_t418
2918,q30_t419
2918,q30_t420
2919,q30_t420
2919,q30_t421
2920,q30_t422
2920,q30_t423
2921,q30_t423
2921,q30_t424
2922,q30_t425
2922,q30_t426
2923,q30_t426
2923,q30_t427
2924,q30_t428
2924,q30_t429
2925,q30_t429
2925,q30_t430
2926,q30_t431
2926,q30_t432
2927,q30_t432
2927,q30_t433
2928,q30_t434
2928,q30_t435
2929,q30_t435
2929,q30_t436
2930,q30_t437
2930,q30_t438
2931,q30_t438
2931,q30_t439
2932,q30_t440
2932,q30_t441
2933,q30_t441
2933,q30_t442
2934,q30_t443
2934,q30_t444
2935,q30_t444
2935,q30_t445
2936,q30_t446
2936,q30_t447
2937,q30_t447
2937,q30_t448
2938,q30_t449
2938,q30_t450
2939,q30_t450
2939,q30_t451
2940,q30_t452
2940,q30_t453
2941,q30_t453
2941,q30_t454
2942,q30_t455
2942,q30_t456
2943,q30_t456
2943,q30_t457
2944,q30_t458
2944,q30_t459
2945,q30_t459
2945,q30_t460
2946,q30_t461
2946,q30_t462
2947,q30_t462
2947,q30_t463
2948,q30_t464
2948,q30_t465
2949,q30_t465
2949,q30_t466
2950,q30_t467
2950,q30_t468
2951,q30_t468
2951,q30_t469
2952,q30_t470
2952,q30_t471
2953,q30_t471
2953,q30_t472
2954,q30_t473
2954,q30_t474
2955,q30_t474
2955,q30_t475
2956,q30_t476
2956,q30_t477
2957,q30_t477
2957,q30_t478
2958,q30_t478
2958,q30_t479
2958,q9_t478
2958,q9_t479
2959,q30_t479
2959,q30_t480
2960,q30_t480
2960,q30_t481
2961,q30_t481
2961,q30_t482
2961,q8_t481
2961,q8_t482
2962,q30_t482
2962,q30_t483
2963,q30_t483
2963,q30_t484
2964,q30_t484
2964,q30_t485
2964,q7_t484
2964,q7_t485
2965,q30_t485
2965,q30_t486
2966,q30_t486
2966,q30_t487
2967,q30_t487
2967,q30_t488
2967,q6_t487
2967,q6_t488
2968,q30_t488
2968,q30_t489
2969,q30_t489
2969,q30_t490
2970,q30_t490
2970,q30_t491
2970,q5_t490
2970,q5_t491
2971,q30_t491
2971,q30_t492
2972,q30_t492
2972,q30_t493
2973,q30_t493
2973,q30_t494
2973,q4_t493
2973,q4_t494
2974,q30_t494
2974,q30_t495
2975,q30_t495
2975,q30_t496
2976,q30_t496
2976,q30_t497
2976,q3_t496
2976,q3_t497
2977,q30_t497
2977,q30_t498
2978,q30_t498
2978,q30_t499
2979,q30_t500
2979,q30_t501
2980,q30_t501
2980,q30_t502
2981,q30_t503
2981,q30_t504
2982,q30_t504
2982,q30_t505
2983,q30_t506
2983,q30_t507
2984,q31_t0
2984,q31_t1
2985,q31_t1
2985,q31_t250
2986,q31_t250
2986,q31_t251
2986,q43_t250
2986,q43_t251
2987,q31_t251
2987,q31_t252
2988,q31_t252
2988,q31_t254
2989,q31_t254
2989,q31_t255
2989,q43_t254
2989,q43_t255
2990,q31_t255
2990,q31_t256
2991,q31_t256
2991,q31_t376
2992,q31_t376
2992,q31_t377
2992,q42_t376
2992,q42_t377
2993,q31_t377
2993,q31_t378
2994,q31_t378
2994,q31_t379
2995,q31_t379
2995,q31_t380
2995,q41_t379
2995,q41_t380
2996,q31_t380
2996,q31_t381
2997,q31_t381
2997,q31_t382
2998,q31_t382
2998,q31_t383
2998,q40_t382
2998,q40_t383
2999,q31_t383
2999,q31_t384
3000,q31_t384
3000,q31_t385
3001,q31_t385
3001,q31_t386
3001,q39_t385
3001,q39_t386
3002,q31_t386
3002,q31_t387
3003,q31_t387
3003,q31_t388
3004,q31_t388
3004,q31_t389
3004,q38_t388
3004,q38_t389
3005,q31_t389
3005,q31_t390
3006,q31_t390
3006,q31_t391
3007,q31_t391
3007,q31_t392
3007,q37_t391
3007,q37_t392
3008,q31_t392
3008,q31_t393
3009,q31_t393
3009,q31_t394
3010,q31_t394
3010,q31_t395
3010,q36_t394
3010,q36_t395
3011,q31_t395
3011,q31_t396
3012,q31_t396
3012,q31_t397
3013,q31_t397
3013,q31_t398
3013,q35_t397
3013,q35_t398
3014,q31_t398
3014,q31_t399
3015,q31_t399
3015,q31_t400
3016,q31_t400
3016,q31_t401
3016,q34_t400
3016,q34_t401
3017,q31_t401
3017,q31_t402
3018,q31_t402
3018,q31_t403
3019,q31_t403
3019,q31_t404
3019,q33_t403
3019,q33_t404
3020,q31_t404
3020,q31_t405
3021,q31_t405
3021,q31_t406
3022,q31_t406
3022,q31_t407
3022,q32_t406
3022,q32_t407
3023,q31_t407
3023,q31_t408
3024,q31_t408
3024,q31_t409
3025,q31_t409
3025,q31_t412
3026,q31_t413
3026,q31_t414
3027,q31_t414
3027,q31_t415
3028,q31_t416
3028,q31_t417
3029,q31_t417
3029,q31_t418
3030,q31_t419
3030,q31_t420
3031,q31_t420
3031,q31_t421
3032,q31_t422
3032,q31_t423
3033,q31_t423
3033,q31_t424
3034,q31_t425
3034,q31_t426
3035,q31_t426
3035,q31_t427
3036,q31_t428
3036,q31_t429
3037,q31_t429
3037,q31_t430
3038,q31_t431
3038,q31_t432
3039,q31_t432
3039,q31_t433
3040,q31_t434
3040,q31_t435
3041,q31_t435
3041,q31_t436
3042,q31_t437
3042,q31_t438
3043,q31_t438
3043,q31_t439
3044,q31_t440
3044,q31_t441
3045,q31_t441
3045,q31_t442
3046,q31_t443
3046,q31_t444
3047,q31_t444
3047,q31_t445
3048,q31_t446
3048,q31_t447
3049,q31_t447
3049,q31_t448
3050,q31_t449
3050,q31_t450
3051,q31_t450
3051,q31_t451
3052,q31_t452
3052,q31_t453
3053,q31_t453
3053,q31_t454
3054,q31_t455
3054,q31_t456
3055,q31_t456
3055,q31_t457
3056,q31_t458
3056,q31_t459
3057,q31_t459
3057,q31_t460
3058,q31_t461
3058,q31_t462
3059,q31_t462
3059,q31_t463
3060,q31_t464
3060,q31_t465
3061,q31_t465
3061,q31_t466
3062,q31_t467
3062,q31_t468
3063,q31_t468
3063,q31_t469
3064,q31_t470
3064,q31_t471
3065,q31_t471
3065,q31_t472
3066,q31_t473
3066,q31_t474
3067,q31_t474
3067,q31_t475
3068,q31_t475
3068,q31_t476
3068,q9_t475
3068,q9_t476
3069,q31_t476
3069,q31_t477
3070,q31_t477
3070,q31_t478
3071,q31_t478
3071,q31_t479
3071,q8_t478
3071,q8_t479
3072,q31_t479
3072,q31_t480
3073,q31_t480
3073,q31_t481
3074,q31_t481
3074,q31_t482
3074,q7_t481
3074,q7_t482
3075,q31_t482
3075,q31_t483
3076,q31_t483
3076,q31_t484
3077,q31_t484
3077,q31_t485
3077,q6_t484
3077,q6_t485
3078,q31_t485
3078,q31_t486
3079,q31_t486
3079,q31_t487
3080,q31_t487
3080,q31_t488
3080,q5_t487
3080,q5_t488
3081,q31_t488
3081,q31_t489
3082,q31_t489
3082,q31_t490
3083,q31_t490
3083,q31_t491
3083,q4_t490
3083,q4_t491
3084,q31_t491
3084,q31_t492
3085,q31_t492
3085,q31_t493
3086,q31_t493
3086,q31_t494
3086,q3_t493
3086,q3_t494
3087,q31_t494
3087,q31_t495
3088,q31_t495
3088,q31_t496
3089,q31_t497
3089,q31_t498
3090,q31_t498
3090,q31_t499
3091,q31_t500
3091,q31_t501
3092,q31_t501
3092,q31_t502
3093,q31_t503
3093,q31_t504
3094,q32_t0
3094,q32_t1
3095,q32_t1
3095,q32_t258
3096,q32_t258
3096,q32_t259
3096,q43_t258
3096,q43_t259
3097,q32_t259
3097,q32_t260
3098,q32_t260
3098,q32_t262
3099,q32_t262
3099,q32_t263
3099,q43_t262
3099,q43_t263
3100,q32_t263
3100,q32_t264
3101,q32_t264
3101,q32_t373
3102,q32_t373
3102,q32_t374
3102,q42_t373
3102,q42_t374
3103,q32_t374
3103,q32_t375
3104,q32_t375
3104,q32_t376
3105,q32_t376
3105,q32_t377
3105,q41_t376
3105,q41_t377
3106,q32_t377
3106,q32_t378
3107,q32_t378
3107,q32_t379
3108,q32_t379
3108,q32_t380
3108,q40_t379
3108,q40_t380
3109,q32_t380
3109,q32_t381
3110,q32_t381
3110,q32_t382
3111,q32_t382
3111,q32_t383
3111,q39_t382
3111,q39_t383
3112,q32_t383
3112,q32_t384
3113,q32_t384
3113,q32_t385
3114,q32_t385
3114,q32_t386
3114,q38_t385
3114,q38_t386
3115,q32_t386
3115,q32_t387
3116,q32_t387
3116,q32_t388
3117,q32_t388
3117,q32_t389
3117,q37_t388
3117,q37_t389
3118,q32_t389
3118,q32_t390
3119,q32_t390
3119,q32_t391
3120,q32_t391
3120,q32_t392
3120,q36_t391
3120,q36_t392
3121,q32_t392
3121,q32_t393
3122,q32_t393
3122,q32_t394
3123,q32_t394
3123,q32_t395
3123,q35_t394
3123,q35_t395
3124,q32_t395
3124,q32_t396
3125,q32_t396
3125,q32_t397
3126,q32_t397
3126,q32_t398
3126,q34_t397
3126,q34_t398
3127,q32_t398
3127,q32_t399
3128,q32_t399
3128,q32_t400
3129,q32_t400
3129,q32_t401
3129,q33_t400
3129,q33_t401
3130,q32_t401
3130,q32_t402
3131,q32_t402
3131,q32_t403
3132,q32_t403
3132,q32_t406
3133,q32_t407
3133,q32_t408
3134,q32_t408
3134,q32_t409
3135,q32_t410
3135,q32_t411
3136,q32_t411
3136,q32_t412
3137,q32_t413
3137,q32_t414
3138,q32_t414
3138,q32_t415
3139,q32_t416
3139,q32_t417
3140,q32_t417
3140,q32_t418
3141,q32_t419
3141,q32_t420
3142,q32_t420
3142,q32_t421
3143,q32_t422
3143,q32_t423
3144,q32_t423
3144,q32_t424
3145,q32_t425
3145,q32_t426
3146,q32_t426
3146,q32_t427
3147,q32_t428
3147,q32_t429
3148,q32_t429
3148,q32_t430
3149,q32_t431
3149,q32_t432
3150,q32_t432
3150,q32_t433
3151,q32_t434
3151,q32_t435
3152,q32_t435
3152,q32_t436
3153,q32_t437
3153,q32_t438
3154,q32_t438
3154,q32_t439
3155,q32_t440
3155,q32_t441
3156,q32_t441
3156,q32_t442
3157,q32_t443
3157,q32_t444
3158,q32_t444
3158,q32_t445
3159,q32_t446
3159,q32_t447
3160,q32_t447
3160,q32_t448
3161,q32_t449
3161,q32_t450
3162,q32_t450
3162,q32_t451
3163,q32_t452
3163,q32_t453
3164,q32_t453
3164,q32_t454
3165,q32_t455
3165,q32_t456
3166,q32_t456
3166,q32_t457
3167,q32_t458
3167,q32_t459
3168,q32_t459
3168,q32_t460
3169,q32_t461
3169,q32_t462
3170,q32_t462
3170,q32_t463
3171,q32_t464
3171,q32_t465
3172,q32_t465
3172,q32_t466
3173,q32_t467
3173,q32_t468
3174,q32_t468
3174,q32_t469
3175,q32_t470
3175,q32_t471
3176,q32_t471
3176,q32_t472
3177,q32_t472
3177,q32_t473
3177,q9_t472
3177,q9_t473
3178,q32_t473
3178,q32_t474
3179,q32_t474
3179,q32_t475
3180,q32_t475
3180,q32_t476
3180,q8_t475
3180,q8_t476
3181,q32_t476
3181,q32_t477
3182,q32_t477
3182,q32_t478
3183,q32_t478
3183,q32_t479
3183,q7_t478
3183,q7_t479
3184,q32_t479
3184,q32_t480
3185,q32_t480
3185,q32_t481
3186,q32_t481
3186,q32_t482
3186,q6_t481
3186,q6_t482
3187,q32_t482
3187,q32_t483
3188,q32_t483
3188,q32_t484
3189,q32_t484
3189,q32_t485
3189,q5_t484
3189,q5_t485
3190,q32_t485
3190,q32_t486
3191,q32_t486
3191,q32_t487
3192,q32_t487
3192,q32_t488
3192,q4_t487
3192,q4_t488
3193,q32_t488
3193,q32_t489
3194,q32_t489
3194,q32_t490
3195,q32_t490
3195,q32_t491
3195,q3_t490
3195,q3_t491
3196,q32_t491
3196,q32_t492
3197,q32_t492
3197,q32_t493
3198,q32_t494
3198,q32_t495
3199,q32_t495
3199,q32_t496
3200,q32_t497
3200,q32_t498
3201,q32_t498
3201,q32_t499
3202,q32_t500
3202,q32_t501
3203,q33_t0
3203,q33_t1
3204,q33_t1
3204,q33_t266
3205,q33_t266
3205,q33_t267
3205,q43_t266
3205,q43_t267
3206,q33_t267
3206,q33_t268
3207,q33_t268
3207,q33_t270
3208,q33_t270
3208,q33_t271
3208,q43_t270
3208,q43_t271
3209,q33_t271
3209,q33_t272
3210,q33_t272
3210,q33_t370
3211,q33_t370
3211,q33_t371
3211,q42_t370
3211,q42_t371
3212,q33_t371
3212,q33_t372
3213,q33_t372
3213,q33_t373
3214,q33_t373
3214,q33_t374
3214,q41_t373
3214,q41_t374
3215,q33_t374
3215,q33_t375
3216,q33_t375
3216,q33_t376
3217,q33_t376
3217,q33_t377
3217,q40_t376
3217,q40_t377
3218,q33_t377
3218,q33_t378
3219,q33_t378
3219,q33_t379
3220,q33_t379
3220,q33_t380
3220,q39_t379
3220,q39_t380
3221,q33_t380
3221,q33_t381
3222,q33_t381
3222,q33_t382
3223,q33_t382
3223,q33_t383
3223,q38_t382
3223,q38_t383
3224,q33_t383
3224,q33_t384
3225,q33_t384
3225,q33_t385
3226,q33_t385
3226,q33_t386
3226,q37_t385
3226,q37_t386
3227,q33_t386
3227,q33_t387
3228,q33_t387
3228,q33_t388
3229,q33_t388
3229,q33_t389
3229,q36_t388
3229,q36_t389
3230,q33_t389
3230,q33_t390
3231,q33_t390
3231,q33_t391
3232,q33_t391
3232,q33_t392
3232,q35_t391
3232,q35_t392
3233,q33_t392
3233,q33_t393
3234,q33_t393
3234,q33_t394
3235,q33_t394
3235,q33_t395
3235,q34_t394
3235,q34_t395
3236,q33_t395
3236,q33_t396
3237,q33_t396
3237,q33_t397
3238,q33_t397
3238,q33_t400
3239,q33_t401
3239,q33_t402
3240,q33_t402
3240,q33_t403
3241,q33_t404
3241,q33_t405
3242,q33_t405
3242,q33_t406
3243,q33_t407
3243,q33_t408
3244,q33_t408
3244,q33_t409
3245,q33_t410
3245,q33_t411
3246,q33_t411
3246,q33_t412
3247,q33_t413
3247,q33_t414
3248,q33_t414
3248,q33_t415
3249,q33_t416
3249,q33_t417
3250,q33_t417
3250,q33_t418
3251,q33_t419
3251,q33_t420
3252,q33_t420
3252,q33_t421
3253,q33_t422
3253,q33_t423
3254,q33_t423
3254,q33_t424
3255,q33_t425
3255,q33_t426
3256,q33_t426
3256,q33_t427
3257,q33_t428
3257,q33_t429
3258,q33_t429
3258,q33_t430
3259,q33_t431
3259,q33_t432
3260,q33_t432
3260,q33_t433
3261,q33_t434
3261,q33_t435
3262,q33_t435
3262,q33_t436
3263,q33_t437
3263,q33_t438
3264,q33_t438
3264,q33_t439
3265,q33_t440
3265,q33_t441
3266,q33_t441
3266,q33_t442
3267,q33_t443
3267,q33_t444
3268,q33_t444
3268,q33_t445
3269,q33_t446
3269,q33_t447
3270,q33_t447
3270,q33_t448
3271,q33_t449
3271,q33_t450
3272,q33_t450
3272,q33_t451
3273,q33_t452
3273,q33_t453
3274,q33_t453
3274,q33_t454
3275,q33_t455
3275,q33_t456
3276,q33_t456
3276,q33_t457
3277,q33_t458
3277,q33_t459
3278,q33_t459
3278,q33_t460
3279,q33_t461
3279,q33_t462
3280,q33_t462
3280,q33_t463
3281,q33_t464
3281,q33_t465
3282,q33_t465
3282,q33_t466
3283,q33_t467
3283,q33_t468
3284,q33_t468
3284,q33_t469
3285,q33_t469
3285,q33_t470
3285,q9_t469
3285,q9_t470
3286,q33_t470
3286,q33_t471
3287,q33_t471
3287,q33_t472
3288,q33_t472
3288,q33_t473
3288,q8_t472
3288,q8_t473
3289,q33_t473
3289,q33_t474
3290,q33_t474
3290,q33_t475
3291,q33_t475
3291,q33_t476
3291,q7_t475
3291,q7_t476
3292,q33_t476
3292,q33_t477
3293,q33_t477
3293,q33_t478
3294,q33_t478
3294,q33_t479
3294,q6_t478
3294,q6_t479
3295,q33_t479
3295,q33_t480
3296,q33_t480
3296,q33_t481
3297,q33_t481
3297,q33_t482
3297,q5_t481
3297,q5_t482
3298,q33_t482
3298,q33_t483
3299,q33_t483
3299,q33_t484
3300,q33_t484
3300,q33_t485
3300,q4_t484
3300,q4_t485
3301,q33_t485
3301,q33_t486
3302,q33_t486
3302,q33_t487
3303,q33_t487
3303,q33_t488
3303,q3_t487
3303,q3_t488
3304,q33_t488
3304,q33_t489
3305,q33_t489
3305,q33_t490
3306,q33_t491
3306,q33_t492
3307,q33_t492
3307,q33_t493
3308,q33_t494
3308,q33_t495
3309,q33_t495
3309,q33_t496
3310,q33_t497
3310,q33_t498
3311,q34_t0
3311,q34_t1
3312,q34_t1
3312,q34_t274
3313,q34_t274
3313,q34_t275
3313,q43_t274
3313,q43_t275
3314,q34_t275
3314,q34_t276
3315,q34_t276
3315,q34_t278
3316,q34_t278
3316,q34_t279
3316,q43_t278
3316,q43_t279
3317,q34_t279
3317,q34_t280
3318,q34_t280
3318,q34_t367
3319,q34_t367
3319,q34_t368
3319,q42_t367
3319,q42_t368
3320,q34_t368
3320,q34_t369
3321,q34_t369
3321,q34_t370
3322,q34_t370
3322,q34_t371
3322,q41_t370
3322,q41_t371
3323,q34_t371
3323,q34_t372
3324,q34_t372
3324,q34_t373
3325,q34_t373
3325,q34_t374
3325,q40_t373
3325,q40_t374
3326,q34_t374
3326,q34_t375
3327,q34_t375
3327,q34_t376
3328,q34_t376
3328,q34_t377
3328,q39_t376
3328,q39_t377
3329,q34_t377
3329,q34_t378
3330,q34_t378
3330,q34_t379
3331,q34_t379
3331,q34_t380
3331,q38_t379
3331,q38_t380
3332,q34_t380
3332,q34_t381
3333,q34_t381
3333,q34_t382
3334,q34_t382
3334,q34_t383
3334,q37_t382
3334,q37_t383
3335,q34_t383
3335,q34_t384
3336,q34_t384
3336,q34_t385
3337,q34_t385
3337,q34_t386
3337,q36_t385
3337,q36_t386
3338,q34_t386
3338,q34_t387
3339,q34_t387
3339,q34_t388
3340,q34_t388
3340,q34_t389
3340,q35_t388
3340,q35_t389
3341,q34_t389
3341,q34_t390
3342,q34_t390
3342,q34_t391
3343,q34_t391
3343,q34_t394
3344,q34_t395
3344,q34_t396
3345,q34_t396
3345,q34_t397
3346,q34_t398
3346,q34_t399
3347,q34_t399
3347,q34_t400
3348,q34_t401
3348,q34_t402
3349,q34_t402
3349,q34_t403
3350,q34_t404
3350,q34_t405
3351,q34_t405
3351,q34_t406
3352,q34_t407
3352,q34_t408
3353,q34_t408
3353,q34_t409
3354,q34_t410
3354,q34_t411
3355,q34_t411
3355,q34_t412
3356,q34_t413
3356,q34_t414
3357,q34_t414
3357,q34_t415
3358,q34_t416
3358,q34_t417
3359,q34_t417
3359,q34_t418
3360,q34_t419
3360,q34_t420
3361,q34_t420
3361,q34_t421
3362,q34_t422
3362,q34_t423
3363,q34_t423
3363,q34_t424
3364,q34_t425
3364,q34_t426
3365,q34_t426
3365,q34_t427
3366,q34_t428
3366,q34_t429
3367,q34_t429
3367,q34_t430
3368,q34_t431
3368,q34_t432
3369,q34_t432
3369,q34_t433
3370,q34_t434
3370,q34_t435
3371,q34_t435
3371,q34_t436
3372,q34_t437
3372,q34_t438
3373,q34_t438
3373,q34_t439
3374,q34_t440
3374,q34_t441
3375,q34_t441
3375,q34_t442
3376,q34_t443
3376,q34_t444
3377,q34_t444
3377,q34_t445
3378,q34_t446
3378,q34_t447
3379,q34_t447
3379,q34_t448
3380,q34_t449
3380,q34_t450
3381,q34_t450
3381,q34_t451
3382,q34_t452
3382,q34_t453
3383,q34_t453
3383,q34_t454
3384,q34_t455
3384,q34_t456
3385,q34_t456
3385,q34_t457
3386,q34_t458
3386,q34_t459
3387,q34_t459
3387,q34_t460
3388,q34_t461
3388,q34_t462
3389,q34_t462
3389,q34_t463
3390,q34_t464
3390,q34_t465
3391,q34_t465
3391,q34_t466
3392,q34_t466
3392,q34_t467
3392,q9_t466
3392,q9_t467
3393,q34_t467
3393,q34_t468
3394,q34_t468
3394,q34_t469
3395,q34_t469
3395,q34_t470
3395,q8_t469
3395,q8_t470
3396,q34_t470
3396,q34_t471
3397,q34_t471
3397,q34_t472
3398,q34_t472
3398,q34_t473
3398,q7_t472
3398,q7_t473
3399,q34_t473
3399,q34_t474
3400,q34_t474
3400,q34_t475
3401,q34_t475
3401,q34_t476
3401,q6_t475
3401,q6_t476
3402,q34_t476
3402,q34_t477
3403,q34_t477
3403,q34_t478
3404,q34_t478
3404,q34_t479
3404,q5_t478
3404,q5_t479
3405,q34_t479
3405,q34_t480
3406,q34_t480
3406,q34_t481
3407,q34_t481
3407,q34_t482
3407,q4_t481
3407,q4_t482
3408,q34_t482
3408,q34_t483
3409,q34_t483
3409,q34_t484
3410,q34_t484
3410,q34_t485
3410,q3_t484
3410,q3_t485
3411,q34_t485
3411,q34_t486
3412,q34_t486
3412,q34_t487
3413,q34_t488
3413,q34_t489
3414,q34_t489
3414,q34_t490
3415,q34_t491
3415,q34_t492
3416,q34_t492
3416,q34_t493
3417,q34_t494
3417,q34_t495
3418,q35_t0
3418,q35_t1
3419,q35_t1
3419,q35_t282
3420,q35_t282
3420,q35_t283
3420,q43_t282
3420,q43_t283
3421,q35_t283
3421,q35_t284
3422,q35_t284
3422,q35_t286
3423,q35_t286
3423,q35_t287
3423,q43_t286
3423,q43_t287
3424,q35_t287
3424,q35_t288
3425,q35_t288
3425,q35_t364
3426,q35_t364
3426,q35_t365
3426,q42_t364
3426,q42_t365
3427,q35_t365
3427,q35_t366
3428,q35_t366
3428,q35_t367
3429,q35_t367
3429,q35_t368
3429,q41_t367
3429,q41_t368
3430,q35_t368
3430,q35_t369
3431,q35_t369
3431,q35_t370
3432,q35_t370
3432,q35_t371
3432,q40_t370
3432,q40_t371
3433,q35_t371
3433,q35_t372
3434,q35_t372
3434,q35_t373
3435,q35_t373
3435,q35_t374
3435,q39_t373
3435,q39_t374
3436,q35_t374
3436,q35_t375
3437,q35_t375
3437,q35_t376
3438,q35_t376
3438,q35_t377
3438,q38_t376
3438,q38_t377
3439,q35_t377
3439,q35_t378
3440,q35_t378
3440,q35_t379
3441,q35_t379
3441,q35_t380
3441,q37_t379
3441,q37_t380
3442,q35_t380
3442,q35_t381
3443,q35_t381
3443,q35_t382
3444,q35_t382
3444,q35_t383
3444,q36_t382
3444,q36_t383
3445,q35_t383
3445,q35_t384
3446,q35_t384
3446,q35_t385
3447,q35_t385
3447,q35_t388
3448,q35_t389
3448,q35_t390
3449,q35_t390
3449,q35_t391
3450,q35_t392
3450,q35_t393
3451,q35_t393
3451,q35_t394
3452,q35_t395
3452,q35_t396
3453,q35_t396
3453,q35_t397
3454,q35_t398
3454,q35_t399
3455,q35_t399
3455,q35_t400
3456,q35_t401
3456,q35_t402
3457,q35_t402
3457,q35_t403
3458,q35_t404
3458,q35_t405
3459,q35_t405
3459,q35_t406
3460,q35_t407
3460,q35_t408
3461,q35_t408
3461,q35_t409
3462,q35_t410
3462,q35_t411
3463,q35_t411
3463,q35_t412
3464,q35_t413
3464,q35_t414
3465,q35_t414
3465,q35_t415
3466,q35_t416
3466,q35_t417
3467,q35_t417
3467,q35_t418
3468,q35_t419
3468,q35_t420
3469,q35_t420
3469,q35_t421
3470,q35_t422
3470,q35_t423
3471,q35_t423
3471,q35_t424
3472,q35_t425
3472,q35_t426
3473,q35_t426
3473,q35_t427
3474,q35_t428
3474,q35_t429
3475,q35_t429
3475,q35_t430
3476,q35_t431
3476,q35_t432
3477,q35_t432
3477,q35_t433
3478,q35_t434
3478,q35_t435
3479,q35_t435
3479,q35_t436
3480,q35_t437
3480,q35_t438
3481,q35_t438
3481,q35_t439
3482,q35_t440
3482,q35_t441
3483,q35_t441
3483,q35_t442
3484,q35_t443
3484,q35_t444
3485,q35_t444
3485,q35_t445
3486,q35_t446
3486,q35_t447
3487,q35_t447
3487,q35_t448
3488,q35_t449
3488,q35_t450
3489,q35_t450
3489,q35_t451
3490,q35_t452
3490,q35_t453
3491,q35_t453
3491,q35_t454
3492,q35_t455
3492,q35_t456
3493,q35_t456
3493,q35_t457
3494,q35_t458
3494,q35_t459
3495,q35_t459
3495,q35_t460
3496,q35_t461
3496,q35_t462
3497,q35_t462
3497,q35_t463
3498,q35_t463
3498,q35_t464
3498,q9_t463
3498,q9_t464
3499,q35_t464
3499,q35_t465
3500,q35_t465
3500,q35_t466
3501,q35_t466
3501,q35_t467
3501,q8_t466
3501,q8_t467
3502,q35_t467
3502,q35_t468
3503,q35_t468
3503,q35_t469
3504,q35_t469
3504,q35_t470
3504,q7_t469
3504,q7_t470
3505,q35_t470
3505,q35_t471
3506,q35_t471
3506,q35_t472
3507,q35_t472
3507,q35_t473
3507,q6_t472
3507,q6_t473
3508,q35_t473
3508,q35_t474
3509,q35_t474
3509,q35_t475
3510,q35_t475
3510,q35_t476
3510,q5_t475
3510,q5_t476
3511,q35_t476
3511,q35_t477
3512,q35_t477
3512,q35_t478
3513,q35_t478
3513,q35_t479
3513,q4_t478
3513,q4_t479
3514,q35_t479
3514,q35_t480
3515,q35_t480
3515,q35_t481
3516,q35_t481
3516,q35_t482
3516,q3_t481
3516,q3_t482
3517,q35_t482
3517,q35_t483
3518,q35_t483
3518,q35_t484
3519,q35_t485
3519,q35_t486
3520,q35_t486
3520,q35_t487
3521,q35_t488
3521,q35_t489
3522,q35_t489
3522,q35_t490
3523,q35_t491
3523,q35_t492
3524,q36_t0
3524,q36_t1
3525,q36_t1
3525,q36_t290
3526,q36_t290
3526,q36_t291
3526,q43_t290
3526,q43_t291
3527,q36_t291
3527,q36_t292
3528,q36_t292
3528,q36_t294
3529,q36_t294
3529,q36_t295
3529,q43_t294
3529,q43_t295
3530,q36_t295
3530,q36_t296
3531,q36_t296
3531,q36_t361
3532,q36_t361
3532,q36_t362
3532,q42_t361
3532,q42_t362
3533,q36_t362
3533,q36_t363
3534,q36_t363
3534,q36_t364
3535,q36_t364
3535,q36_t365
3535,q41_t364
3535,q41_t365
3536,q36_t365
3536,q36_t366
3537,q36_t366
3537,q36_t367
3538,q36_t367
3538,q36_t368
3538,q40_t367
3538,q40_t368
3539,q36_t368
3539,q36_t369
3540,q36_t369
3540,q36_t370
3541,q36_t370
3541,q36_t371
3541,q39_t370
3541,q39_t371
3542,q36_t371
3542,q36_t372
3543,q36_t372
3543,q36_t373
3544,q36_t373
3544,q36_t374
3544,q38_t373
3544,q38_t374
3545,q36_t374
3545,q36_t375
3546,q36_t375
3546,q36_t376
3547,q36_t376
3547,q36_t377
3547,q37_t376
3547,q37_t377
3548,q36_t377
3548,q36_t378
3549,q36_t378
3549,q36_t379
3550,q36_t379
3550,q36_t382
3551,q36_t383
3551,q36_t384
3552,q36_t384
3552,q36_t385
3553,q36_t386
3553,q36_t387
3554,q36_t387
3554,q36_t388
3555,q36_t389
3555,q36_t390
3556,q36_t390
3556,q36_t391
3557,q36_t392
3557,q36_t393
3558,q36_t393
3558,q36_t394
3559,q36_t395
3559,q36_t396
3560,q36_t396
3560,q36_t397
3561,q36_t398
3561,q36_t399
3562,q36_t399
3562,q36_t400
3563,q36_t401
3563,q36_t402
3564,q36_t402
3564,q36_t403
3565,q36_t404
3565,q36_t405
3566,q36_t405
3566,q36_t406
3567,q36_t407
3567,q36_t408
3568,q36_t408
3568,q36_t409
3569,q36_t410
3569,q36_t411
3570,q36_t411
3570,q36_t412
3571,q36_t413
3571,q36_t414
3572,q36_t414
3572,q36_t415
3573,q36_t416
3573,q36_t417
3574,q36_t417
3574,q36_t418
3575,q36_t419
3575,q36_t420
3576,q36_t420
3576,q36_t421
3577,q36_t422
3577,q36_t423
3578,q36_t423
3578,q36_t424
3579,q36_t425
3579,q36_t426
3580,q36_t426
3580,q36_t427
3581,q36_t428
3581,q36_t429
3582,q36_t429
3582,q36_t430
3583,q36_t431
3583,q36_t432
3584,q36_t432
3584,q36_t433
3585,q36_t434
3585,q36_t435
3586,q36_t435
3586,q36_t436
3587,q36_t437
3587,q36_t438
3588,q36_t438
3588,q36_t439
3589,q36_t440
3589,q36_t441
3590,q36_t441
3590,q36_t442
3591,q36_t443
3591,q36_t444
3592,q36_t444
3592,q36_t445
3593,q36_t446
3593,q36_t447
3594,q36_t447
3594,q36_t448
3595,q36_t449
3595,q36_t450
3596,q36_t450
3596,q36_t451
3597,q36_t452
3597,q36_t453
3598,q36_t453
3598,q36_t454
3599,q36_t455
3599,q36_t456
3600,q36_t456
3600,q36_t457
3601,q36_t458
3601,q36_t459
3602,q36_t459
3602,q36_t460
3603,q36_t460
3603,q36_t461
3603,q9_t460
3603,q9_t461
3604,q36_t461
3604,q36_t462
3605,q36_t462
3605,q36_t463
3606,q36_t463
3606,q36_t464
3606,q8_t463
3606,q8_t464
3607,q36_t464
3607,q36_t465
3608,q36_t465
3608,q36_t466
3609,q36_t466
3609,q36_t467
3609,q7_t466
3609,q7_t467
3610,q36_t467
3610,q36_t468
3611,q36_t468
3611,q36_t469
3612,q36_t469
3612,q36_t470
3612,q6_t469
3612,q6_t470
3613,q36_t470
3613,q36_t471
3614,q36_t471
3614,q36_t472
3615,q36_t472
3615,q36_t473
3615,q5_t472
3615,q5_t473
3616,q36_t473
3616,q36_t474
3617,q36_t474
3617,q36_t475
3618,q36_t475
3618,q36_t476
3618,q4_t475
3618,q4_t476
3619,q36_t476
3619,q36_t477
3620,q36_t477
3620,q36_t478
3621,q36_t478
3621,q36_t479
3621,q3_t478
3621,q3_t479
3622,q36_t479
3622,q36_t480
3623,q36_t480
3623,q36_t481
3624,q36_t482
3624,q36_t483
3625,q36_t483
3625,q36_t484
3626,q36_t485
3626,q36_t486
3627,q36_t486
3627,q36_t487
3628,q36_t488
3628,q36_t489
3629,q37_t0
3629,q37_t1
3630,q37_t1
3630,q37_t298
3631,q37_t298
3631,q37_t299
3631,q43_t298
3631,q43_t299
3632,q37_t299
3632,q37_t300
3633,q37_t300
3633,q37_t302
3634,q37_t302
3634,q37_t303
3634,q43_t302
3634,q43_t303
3635,q37_t303
3635,q37_t304
3636,q37_t304
3636,q37_t358
3637,q37_t358
3637,q37_t359
3637,q42_t358
3637,q42_t359
3638,q37_t359
3638,q37_t360
3639,q37_t360
3639,q37_t361
3640,q37_t361
3640,q37_t362
3640,q41_t361
3640,q41_t362
3641,q37_t362
3641,q37_t363
3642,q37_t363
3642,q37_t364
3643,q37_t364
3643,q37_t365
3643,q40_t364
3643,q40_t365
3644,q37_t365
3644,q37_t366
3645,q37_t366
3645,q37_t367
3646,q37_t367
3646,q37_t368
3646,q39_t367
3646,q39_t368
3647,q37_t368
3647,q37_t369
3648,q37_t369
3648,q37_t370
3649,q37_t370
3649,q37_t371
3649,q38_t370
3649,q38_t371
3650,q37_t371
3650,q37_t372
3651,q37_t372
3651,q37_t373
3652,q37_t373
3652,q37_t376
3653,q37_t377
3653,q37_t378
3654,q37_t378
3654,q37_t379
3655,q37_t380
3655,q37_t381
3656,q37_t381
3656,q37_t382
3657,q37_t383
3657,q37_t384
3658,q37_t384
3658,q37_t385
3659,q37_t386
3659,q37_t387
3660,q37_t387
3660,q37_t388
3661,q37_t389
3661,q37_t390
3662,q37_t390
3662,q37_t391
3663,q37_t392
3663,q37_t393
3664,q37_t393
3664,q37_t394
3665,q37_t395
3665,q37_t396
3666,q37_t396
3666,q37_t397
3667,q37_t398
3667,q37_t399
3668,q37_t399
3668,q37_t400
3669,q37_t401
3669,q37_t402
3670,q37_t402
3670,q37_t403
3671,q37_t404
3671,q37_t405
3672,q37_t405
3672,q37_t406
3673,q37_t407
3673,q37_t408
3674,q37_t408
3674,q37_t409
3675,q37_t410
3675,q37_t411
3676,q37_t411
3676,q37_t412
3677,q37_t413
3677,q37_t414
3678,q37_t414
3678,q37_t415
3679,q37_t416
3679,q37_t417
3680,q37_t417
3680,q37_t418
3681,q37_t419
3681,q37_t420
3682,q37_t420
3682,q37_t421
3683,q37_t422
3683,q37_t423
3684,q37_t423
3684,q37_t424
3685,q37_t425
3685,q37_t426
3686,q37_t426
3686,q37_t427
3687,q37_t428
3687,q37_t429
3688,q37_t429
3688,q37_t430
3689,q37_t431
3689,q37_t432
3690,q37_t432
3690,q37_t433
3691,q37_t434
3691,q37_t435
3692,q37_t435
3692,q37_t436
3693,q37_t437
3693,q37_t438
3694,q37_t438
3694,q37_t439
3695,q37_t440
3695,q37_t441
3696,q37_t441
3696,q37_t442
3697,q37_t443
3697,q37_t444
3698,q37_t444
3698,q37_t445
3699,q37_t446
3699,q37_t447
3700,q37_t447
3700,q37_t448
3701,q37_t449
3701,q37_t450
3702,q37_t450
3702,q37_t451
3703,q37_t452
3703,q37_t453
3704,q37_t453
3704,q37_t454
3705,q37_t455
3705,q37_t456
3706,q37_t456
3706,q37_t457
3707,q37_t457
3707,q37_t458
3707,q9_t457
3707,q9_t458
3708,q37_t458
3708,q37_t459
3709,q37_t459
3709,q37_t460
3710,q37_t460
3710,q37_t461
3710,q8_t460
3710,q8_t461
3711,q37_t461
3711,q37_t462
3712,q37_t462
3712,q37_t463
3713,q37_t463
3713,q37_t464
3713,q7_t463
3713,q7_t464
3714,q37_t464
3714,q37_t465
3715,q37_t465
3715,q37_t466
3716,q37_t466
3716,q37_t467
3716,q6_t466
3716,q6_t467
3717,q37_t467
3717,q37_t468
3718,q37_t468
3718,q37_t469
3719,q37_t469
3719,q37_t470
3719,q5_t469
3719,q5_t470
3720,q37_t470
3720,q37_t471
3721,q37_t471
3721,q37_t472
3722,q37_t472
3722,q37_t473
3722,q4_t472
3722,q4_t473
3723,q37_t473
3723,q37_t474
3724,q37_t474
3724,q37_t475
3725,q37_t475
3725,q37_t476
3725,q3_t475
3725,q3_t476
3726,q37_t476
3726,q37_t477
3727,q37_t477
3727,q37_t478
3728,q37_t479
3728,q37_t480
3729,q37_t480
3729,q37_t481
3730,q37_t482
3730,q37_t483
3731,q37_t483
3731,q37_t484
3732,q37_t485
3732,q37_t486
3733,q38_t0
3733,q38_t1
3734,q38_t1
3734,q38_t306
3735,q38_t306
3735,q38_t307
3735,q43_t306
3735,q43_t307
3736,q38_t307
3736,q38_t308
3737,q38_t308
3737,q38_t310
3738,q38_t310
3738,q38_t311
3738,q43_t310
3738,q43_t311
3739,q38_t311
3739,q38_t312
3740,q38_t312
3740,q38_t355
3741,q38_t355
3741,q38_t356
3741,q42_t355
3741,q42_t356
3742,q38_t356
3742,q38_t357
3743,q38_t357
3743,q38_t358
3744,q38_t358
3744,q38_t359
3744,q41_t358
3744,q41_t359
3745,q38_t359
3745,q38_t360
3746,q38_t360
3746,q38_t361
3747,q38_t361
3747,q38_t362
3747,q40_t361
3747,q40_t362
3748,q38_t362
3748,q38_t363
3749,q38_t363
3749,q38_t364
3750,q38_t364
3750,q38_t365
3750,q39_t364
3750,q39_t365
3751,q38_t365
3751,q38_t366
3752,q38_t366
3752,q38_t367
3753,q38_t367
3753,q38_t370
3754,q38_t371
3754,q38_t372
3755,q38_t372
3755,q38_t373
3756,q38_t374
3756,q38_t375
3757,q38_t375
3757,q38_t376
3758,q38_t377
3758,q38_t378
3759,q38_t378
3759,q38_t379
3760,q38_t380
3760,q38_t381
3761,q38_t381
3761,q38_t382
3762,q38_t383
3762,q38_t384
3763,q38_t384
3763,q38_t385
3764,q38_t386
3764,q38_t387
3765,q38_t387
3765,q38_t388
3766,q38_t389
3766,q38_t390
3767,q38_t390
3767,q38_t391
3768,q38_t392
3768,q38_t393
3769,q38_t393
3769,q38_t394
3770,q38_t395
3770,q38_t396
3771,q38_t396
3771,q38_t397
3772,q38_t398
3772,q38_t399
3773,q38_t399
3773,q38_t400
3774,q38_t401
3774,q38_t402
3775,q38_t402
3775,q38_t403
3776,q38_t404
3776,q38_t405
3777,q38_t405
3777,q38_t406
3778,q38_t407
3778,q38_t408
3779,q38_t408
3779,q38_t409
3780,q38_t410
3780,q38_t411
3781,q38_t411
3781,q38_t412
3782,q38_t413
3782,q38_t414
3783,q38_t414
3783,q38_t415
3784,q38_t416
3784,q38_t417
3785,q38_t417
3785,q38_t418
3786,q38_t419
3786,q38_t420
3787,q38_t420
3787,q38_t421
3788,q38_t422
3788,q38_t423
3789,q38_t423
3789,q38_t424
3790,q38_t425
3790,q38_t426
3791,q38_t426
3791,q38_t427
3792,q38_t428
3792,q38_t429
3793,q38_t429
3793,q38_t430
3794,q38_t431
3794,q38_t432
3795,q38_t432
3795,q38_t433
3796,q38_t434
3796,q38_t435
3797,q38_t435
3797,q38_t436
3798,q38_t437
3798,q38_t438
3799,q38_t438
3799,q38_t439
3800,q38_t440
3800,q38_t441
3801,q38_t441
3801,q38_t442
3802,q38_t443
3802,q38_t444
3803,q38_t444
3803,q38_t445
3804,q38_t446
3804,q38_t447
3805,q38_t447
3805,q38_t448
3806,q38_t449
3806,q38_t450
3807,q38_t450
3807,q38_t451
3808,q38_t452
3808,q38_t453
3809,q38_t453
3809,q38_t454
3810,q38_t454
3810,q38_t455
3810,q9_t454
3810,q9_t455
3811,q38_t455
3811,q38_t456
3812,q38_t456
3812,q38_t457
3813,q38_t457
3813,q38_t458
3813,q8_t457
3813,q8_t458
3814,q38_t458
3814,q38_t459
3815,q38_t459
3815,q38_t460
3816,q38_t460
3816,q38_t461
3816,q7_t460
3816,q7_t461
3817,q38_t461
3817,q38_t462
3818,q38_t462
3818,q38_t463
3819,q38_t463
3819,q38_t464
3819,q6_t463
3819,q6_t464
3820,q38_t464
3820,q38_t465
3821,q38_t465
3821,q38_t466
3822,q38_t466
3822,q38_t467
3822,q5_t466
3822,q5_t467
3823,q38_t467
3823,q38_t468
3824,q38_t468
3824,q38_t469
3825,q38_t469
3825,q38_t470
3825,q4_t469
3825,q4_t470
3826,q38_t470
3826,q38_t471
3827,q38_t471
3827,q38_t472
3828,q38_t472
3828,q38_t473
3828,q3_t472
3828,q3_t473
3829,q38_t473
3829,q38_t474
3830,q38_t474
3830,q38_t475
3831,q38_t476
3831,q38_t477
3832,q38_t477
3832,q38_t478
3833,q38_t479
3833,q38_t480
3834,q38_t480
3834,q38_t481
3835,q38_t482
3835,q38_t483
3836,q39_t0
3836,q39_t1
3837,q39_t1
3837,q39_t314
3838,q39_t314
3838,q39_t315
3838,q43_t314
3838,q43_t315
3839,q39_t315
3839,q39_t316
3840,q39_t316
3840,q39_t318
3841,q39_t318
3841,q39_t319
3841,q43_t318
3841,q43_t319
3842,q39_t319
3842,q39_t320
3843,q39_t320
3843,q39_t352
3844,q39_t352
3844,q39_t353
3844,q42_t352
3844,q42_t353
3845,q39_t353
3845,q39_t354
3846,q39_t354
3846,q39_t355
3847,q39_t355
3847,q39_t356
3847,q41_t355
3847,q41_t356
3848,q39_t356
3848,q39_t357
3849,q39_t357
3849,q39_t358
3850,q39_t358
3850,q39_t359
3850,q40_t358
3850,q40_t359
3851,q39_t359
3851,q39_t360
3852,q39_t360
3852,q39_t361
3853,q39_t361
3853,q39_t364
3854,q39_t365
3854,q39_t366
3855,q39_t366
3855,q39_t367
3856,q39_t368
3856,q39_t369
3857,q39_t369
3857,q39_t370
3858,q39_t371
3858,q39_t372
3859,q39_t372
3859,q39_t373
3860,q39_t374
3860,q39_t375
3861,q39_t375
3861,q39_t376
3862,q39_t377
3862,q39_t378
3863,q39_t378
3863,q39_t379
3864,q39_t380
3864,q39_t381
3865,q39_t381
3865,q39_t382
3866,q39_t383
3866,q39_t384
3867,q39_t384
3867,q39_t385
3868,q39_t386
3868,q39_t387
3869,q39_t387
3869,q39_t388
3870,q39_t389
3870,q39_t390
3871,q39_t390
3871,q39_t391
3872,q39_t392
3872,q39_t393
3873,q39_t393
3873,q39_t394
3874,q39_t395
3874,q39_t396
3875,q39_t396
3875,q39_t397
3876,q39_t398
3876,q39_t399
3877,q39_t399
3877,q39_t400
3878,q39_t401
3878,q39_t402
3879,q39_t402
3879,q39_t403
3880,q39_t404
3880,q39_t405
3881,q39_t405
3881,q39_t406
3882,q39_t407
3882,q39_t408
3883,q39_t408
3883,q39_t409
3884,q39_t410
3884,q39_t411
3885,q39_t411
3885,q39_t412
3886,q39_t413
3886,q39_t414
3887,q39_t414
3887,q39_t415
3888,q39_t416
3888,q39_t417
3889,q39_t417
3889,q39_t418
3890,q39_t419
3890,q39_t420
3891,q39_t420
3891,q39_t421
3892,q39_t422
3892,q39_t423
3893,q39_t423
3893,q39_t424
3894,q39_t425
3894,q39_t426
3895,q39_t426
3895,q39_t427
3896,q39_t428
3896,q39_t429
3897,q39_t429
3897,q39_t430
3898,q39_t431
3898,q39_t432
3899,q39_t432
3899,q39_t433
3900,q39_t434
3900,q39_t435
3901,q39_t435
3901,q39_t436
3902,q39_t437
3902,q39_t438
3903,q39_t438
3903,q39_t439
3904,q39_t440
3904,q39_t441
3905,q39_t441
3905,q39_t442
3906,q39_t443
3906,q39_t444
3907,q39_t444
3907,q39_t445
3908,q39_t446
3908,q39_t447
3909,q39_t447
3909,q39_t448
3910,q39_t449
3910,q39_t450
3911,q39_t450
3911,q39_t451
3912,q39_t451
3912,q39_t452
3912,q9_t451
3912,q9_t452
3913,q39_t452
3913,q39_t453
3914,q39_t453
3914,q39_t454
3915,q39_t454
3915,q39_t455
3915,q8_t454
3915,q8_t455
3916,q39_t455
3916,q39_t456
3917,q39_t456
3917,q39_t457
3918,q39_t457
3918,q39_t458
3918,q7_t457
3918,q7_t458
3919,q39_t458
3919,q39_t459
3920,q39_t459
3920,q39_t460
3921,q39_t460
3921,q39_t461
3921,q6_t460
3921,q6_t461
3922,q39_t461
3922,q39_t462
3923,q39_t462
3923,q39_t463
3924,q39_t463
3924,q39_t464
3924,q5_t463
3924,q5_t464
3925,q39_t464
3925,q39_t465
3926,q39_t465
3926,q39_t466
3927,q39_t466
3927,q39_t467
3927,q4_t466
3927,q4_t467
3928,q39_t467
3928,q39_t468
3929,q39_t468
3929,q39_t469
3930,q39_t469
3930,q39_t470
3930,q3_t469
3930,q3_t470
3931,q39_t470
3931,q39_t471
3932,q39_t471
3932,q39_t472
3933,q39_t473
3933,q39_t474
3934,q39_t474
3934,q39_t475
3935,q39_t476
3935,q39_t477
3936,q39_t477
3936,q39_t478
3937,q39_t479
3937,q39_t480
3938,q3_t0
3938,q3_t1
3939,q3_t1
3939,q3_t26
3940,q3_t26
3940,q3_t27
3940,q43_t26
3940,q43_t27
3941,q3_t27
3941,q3_t28
3942,q3_t28
3942,q3_t30
3943,q3_t30
3943,q3_t31
3943,q43_t30
3943,q43_t31
3944,q3_t31
3944,q3_t32
3945,q3_t32
3945,q3_t460
3946,q3_t460
3946,q3_t461
3946,q42_t460
3946,q42_t461
3947,q3_t461
3947,q3_t462
3948,q3_t462
3948,q3_t463
3949,q3_t463
3949,q3_t464
3949,q41_t463
3949,q41_t464
3950,q3_t464
3950,q3_t465
3951,q3_t465
3951,q3_t466
3952,q3_t466
3952,q3_t467
3952,q40_t466
3952,q40_t467
3953,q3_t467
3953,q3_t468
3954,q3_t468
3954,q3_t469
3955,q3_t470
3955,q3_t471
3956,q3_t471
3956,q3_t472
3957,q3_t473
3957,q3_t474
3958,q3_t474
3958,q3_t475
3959,q3_t476
3959,q3_t477
3960,q3_t477
3960,q3_t478
3961,q3_t479
3961,q3_t480
3962,q3_t480
3962,q3_t481
3963,q3_t482
3963,q3_t483
3964,q3_t483
3964,q3_t484
3965,q3_t485
3965,q3_t486
3966,q3_t486
3966,q3_t487
3967,q3_t488
3967,q3_t489
3968,q3_t489
3968,q3_t490
3969,q3_t491
3969,q3_t492
3970,q3_t492
3970,q3_t493
3971,q3_t494
3971,q3_t495
3972,q3_t495
3972,q3_t496
3973,q3_t497
3973,q3_t498
3974,q3_t498
3974,q3_t499
3975,q3_t500
3975,q3_t501
3976,q3_t501
3976,q3_t502
3977,q3_t503
3977,q3_t504
3978,q3_t504
3978,q3_t505
3979,q3_t506
3979,q3_t507
3980,q3_t507
3980,q3_t508
3981,q3_t509
3981,q3_t510
3982,q3_t510
3982,q3_t511
3983,q3_t512
3983,q3_t513
3984,q3_t513
3984,q3_t514
3985,q3_t515
3985,q3_t516
3986,q3_t516
3986,q3_t517
3987,q3_t518
3987,q3_t519
3988,q3_t519
3988,q3_t520
3989,q3_t521
3989,q3_t522
3990,q3_t522
3990,q3_t523
3991,q3_t524
3991,q3_t525
3992,q3_t525
3992,q3_t526
3993,q3_t527
3993,q3_t528
3994,q3_t528
3994,q3_t529
3995,q3_t530
3995,q3_t531
3996,q3_t531
3996,q3_t532
3997,q3_t533
3997,q3_t534
3998,q3_t534
3998,q3_t535
3999,q3_t536
3999,q3_t537
4000,q3_t537
4000,q3_t538
4001,q3_t539
4001,q3_t540
4002,q3_t540
4002,q3_t541
4003,q3_t542
4003,q3_t543
4004,q3_t543
4004,q3_t544
4005,q3_t545
4005,q3_t546
4006,q3_t546
4006,q3_t547
4007,q3_t548
4007,q3_t549
4008,q3_t549
4008,q3_t550
4009,q3_t551
4009,q3_t552
4010,q3_t552
4010,q3_t553
4011,q3_t554
4011,q3_t555
4012,q3_t555
4012,q3_t556
4013,q3_t557
4013,q3_t558
4014,q3_t558
4014,q3_t559
4015,q3_t559
4015,q3_t560
4015,q9_t559
4015,q9_t560
4016,q3_t560
4016,q3_t561
4017,q3_t561
4017,q3_t562
4018,q3_t562
4018,q3_t563
4018,q8_t562
4018,q8_t563
4019,q3_t563
4019,q3_t564
4020,q3_t564
4020,q3_t565
4021,q3_t565
4021,q3_t566
4021,q7_t565
4021,q7_t566
4022,q3_t566
4022,q3_t567
4023,q3_t567
4023,q3_t568
4024,q3_t568
4024,q3_t569
4024,q6_t568
4024,q6_t569
4025,q3_t569
4025,q3_t570
4026,q3_t570
4026,q3_t571
4027,q3_t571
4027,q3_t572
4027,q5_t571
4027,q5_t572
4028,q3_t572
4028,q3_t573
4029,q3_t573
4029,q3_t574
4030,q3_t574
4030,q3_t575
4030,q4_t574
4030,q4_t575
4031,q3_t575
4031,q3_t576
4032,q3_t576
4032,q3_t577
4033,q3_t577
4033,q3_t580
4034,q3_t581
4034,q3_t582
4035,q3_t582
4035,q3_t583
4036,q3_t584
4036,q3_t585
4037,q3_t585
4037,q3_t586
4038,q3_t587
4038,q3_t588
4039,q40_t0
4039,q40_t1
4040,q40_t1
4040,q40_t322
4041,q40_t322
4041,q40_t323
4041,q43_t322
4041,q43_t323
4042,q40_t323
4042,q40_t324
4043,q40_t324
4043,q40_t326
4044,q40_t326
4044,q40_t327
4044,q43_t326
4044,q43_t327
4045,q40_t327
4045,q40_t328
4046,q40_t328
4046,q40_t349
4047,q40_t349
4047,q40_t350
4047,q42_t349
4047,q42_t350
4048,q40_t350
4048,q40_t351
4049,q40_t351
4049,q40_t352
4050,q40_t352
4050,q40_t353
4050,q41_t352
4050,q41_t353
4051,q40_t353
4051,q40_t354
4052,q40_t354
4052,q40_t355
4053,q40_t355
4053,q40_t358
4054,q40_t359
4054,q40_t360
4055,q40_t360
4055,q40_t361
4056,q40_t362
4056,q40_t363
4057,q40_t363
4057,q40_t364
4058,q40_t365
4058,q40_t366
4059,q40_t366
4059,q40_t367
4060,q40_t368
4060,q40_t369
4061,q40_t369
4061,q40_t370
4062,q40_t371
4062,q40_t372
4063,q40_t372
4063,q40_t373
4064,q40_t374
4064,q40_t375
4065,q40_t375
4065,q40_t376
4066,q40_t377
4066,q40_t378
4067,q40_t378
4067,q40_t379
4068,q40_t380
4068,q40_t381
4069,q40_t381
4069,q40_t382
4070,q40_t383
4070,q40_t384
4071,q40_t384
4071,q40_t385
4072,q40_t386
4072,q40_t387
4073,q40_t387
4073,q40_t388
4074,q40_t389
4074,q40_t390
4075,q40_t390
4075,q40_t391
4076,q40_t392
4076,q40_t393
4077,q40_t393
4077,q40_t394
4078,q40_t395
4078,q40_t396
4079,q40_t396
4079,q40_t397
4080,q40_t398
4080,q40_t399
4081,q40_t399
4081,q40_t400
4082,q40_t401
4082,q40_t402
4083,q40_t402
4083,q40_t403
4084,q40_t404
4084,q40_t405
4085,q40_t405
4085,q40_t406
4086,q40_t407
4086,q40_t408
4087,q40_t408
4087,q40_t409
4088,q40_t410
4088,q40_t411
4089,q40_t411
4089,q40_t412
4090,q40_t413
4090,q40_t414
4091,q40_t414
4091,q40_t415
4092,q40_t416
4092,q40_t417
4093,q40_t417
4093,q40_t418
4094,q40_t419
4094,q40_t420
4095,q40_t420
4095,q40_t421
4096,q40_t422
4096,q40_t423
4097,q40_t423
4097,q40_t424
4098,q40_t425
4098,q40_t426
4099,q40_t426
4099,q40_t427
4100,q40_t428
4100,q40_t429
4101,q40_t429
4101,q40_t430
4102,q40_t431
4102,q40_t432
4103,q40_t432
4103,q40_t433
4104,q40_t434
4104,q40_t435
4105,q40_t435
4105,q40_t436
4106,q40_t437
4106,q40_t438
4107,q40_t438
4107,q40_t439
4108,q40_t440
4108,q40_t441
4109,q40_t441
4109,q40_t442
4110,q40_t443
4110,q40_t444
4111,q40_t444
4111,q40_t445
4112,q40_t446
4112,q40_t447
4113,q40_t447
4113,q40_t448
4114,q40_t448
4114,q40_t449
4114,q9_t448
4114,q9_t449
4115,q40_t449
4115,q40_t450
4116,q40_t450
4116,q40_t451
4117,q40_t451
4117,q40_t452
4117,q8_t451
4117,q8_t452
4118,q40_t452
4118,q40_t453
4119,q40_t453
4119,q40_t454
4120,q40_t454
4120,q40_t455
4120,q7_t454
4120,q7_t455
4121,q40_t455
4121,q40_t456
4122,q40_t456
4122,q40_t457
4123,q40_t457
4123,q40_t458
4123,q6_t457
4123,q6_t458
4124,q40_t458
4124,q40_t459
4125,q40_t459
4125,q40_t460
4126,q40_t460
4126,q40_t461
4126,q5_t460
4126,q5_t461
4127,q40_t461
4127,q40_t462
4128,q40_t462
4128,q40_t463
4129,q40_t463
4129,q40_t464
4129,q4_t463
4129,q4_t464
4130,q40_t464
4130,q40_t465
4131,q40_t465
4131,q40_t466
4132,q40_t467
4132,q40_t468
4133,q40_t468
4133,q40_t469
4134,q40_t470
4134,q40_t471
4135,q40_t471
4135,q40_t472
4136,q40_t473
4136,q40_t474
4137,q40_t474
4137,q40_t475
4138,q40_t476
4138,q40_t477
4139,q41_t0
4139,q41_t1
4140,q41_t1
4140,q41_t330
4141,q41_t330
4141,q41_t331
4141,q43_t330
4141,q43_t331
4142,q41_t331
4142,q41_t332
4143,q41_t332
4143,q41_t334
4144,q41_t334
4144,q41_t335
4144,q43_t334
4144,q43_t335
4145,q41_t335
4145,q41_t336
4146,q41_t336
4146,q41_t346
4147,q41_t346
4147,q41_t347
4147,q42_t346
4147,q42_t347
4148,q41_t347
4148,q41_t348
4149,q41_t348
4149,q41_t349
4150,q41_t349
4150,q41_t352
4151,q41_t353
4151,q41_t354
4152,q41_t354
4152,q41_t355
4153,q41_t356
4153,q41_t357
4154,q41_t357
4154,q41_t358
4155,q41_t359
4155,q41_t360
4156,q41_t360
4156,q41_t361
4157,q41_t362
4157,q41_t363
4158,q41_t363
4158,q41_t364
4159,q41_t365
4159,q41_t366
4160,q41_t366
4160,q41_t367
4161,q41_t368
4161,q41_t369
4162,q41_t369
4162,q41_t370
4163,q41_t371
4163,q41_t372
4164,q41_t372
4164,q41_t373
4165,q41_t374
4165,q41_t375
4166,q41_t375
4166,q41_t376
4167,q41_t377
4167,q41_t378
4168,q41_t378
4168,q41_t379
4169,q41_t380
4169,q41_t381
4170,q41_t381
4170,q41_t382
4171,q41_t383
4171,q41_t384
4172,q41_t384
4172,q41_t385
4173,q41_t386
4173,q41_t387
4174,q41_t387
4174,q41_t388
4175,q41_t389
4175,q41_t390
4176,q41_t390
4176,q41_t391
4177,q41_t392
4177,q41_t393
4178,q41_t393
4178,q41_t394
4179,q41_t395
4179,q41_t396
4180,q41_t396
4180,q41_t397
4181,q41_t398
4181,q41_t399
4182,q41_t399
4182,q41_t400
4183,q41_t401
4183,q41_t402
4184,q41_t402
4184,q41_t403
4185,q41_t404
4185,q41_t405
4186,q41_t405
4186,q41_t406
4187,q41_t407
4187,q41_t408
4188,q41_t408
4188,q41_t409
4189,q41_t410
4189,q41_t411
4190,q41_t411
4190,q41_t412
4191,q41_t413
4191,q41_t414
4192,q41_t414
4192,q41_t415
4193,q41_t416
4193,q41_t417
4194,q41_t417
4194,q41_t418
4195,q41_t419
4195,q41_t420
4196,q41_t420
4196,q41_t421
4197,q41_t422
4197,q41_t423
4198,q41_t423
4198,q41_t424
4199,q41_t425
4199,q41_t426
4200,q41_t426
4200,q41_t427
4201,q41_t428
4201,q41_t429
4202,q41_t429
4202,q41_t430
4203,q41_t431
4203,q41_t432
4204,q41_t432
4204,q41_t433
4205,q41_t434
4205,q41_t435
4206,q41_t435
4206,q41_t436
4207,q41_t437
4207,q41_t438
4208,q41_t438
4208,q41_t439
4209,q41_t440
4209,q41_t441
4210,q41_t441
4210,q41_t442
4211,q41_t443
4211,q41_t444
4212,q41_t444
4212,q41_t445
4213,q41_t445
4213,q41_t446
4213,q9_t445
4213,q9_t446
4214,q41_t446
4214,q41_t447
4215,q41_t447
4215,q41_t448
4216,q41_t448
4216,q41_t449
4216,q8_t448
4216,q8_t449
4217,q41_t449
4217,q41_t450
4218,q41_t450
4218,q41_t451
4219,q41_t451
4219,q41_t452
4219,q7_t451
4219,q7_t452
4220,q41_t452
4220,q41_t453
4221,q41_t453
4221,q41_t454
4222,q41_t454
4222,q41_t455
4222,q6_t454
4222,q6_t455
4223,q41_t455
4223,q41_t456
4224,q41_t456
4224,q41_t457
4225,q41_t457
4225,q41_t458
4225,q5_t457
4225,q5_t458
4226,q41_t458
4226,q41_t459
4227,q41_t459
4227,q41_t460
4228,q41_t460
4228,q41_t461
4228,q4_t460
4228,q4_t461
4229,q41_t461
4229,q41_t462
4230,q41_t462
4230,q41_t463
4231,q41_t464
4231,q41_t465
4232,q41_t465
4232,q41_t466
4233,q41_t467
4233,q41_t468
4234,q41_t468
4234,q41_t469
4235,q41_t470
4235,q41_t471
4236,q41_t471
4236,q41_t472
4237,q41_t473
4237,q41_t474
4238,q42_t0
4238,q42_t1
4239,q42_t1
4239,q42_t338
4240,q42_t338
4240,q42_t339
4240,q43_t338
4240,q43_t339
4241,q42_t339
4241,q42_t340
4242,q42_t340
4242,q42_t342
4243,q42_t342
4243,q42_t343
4243,q43_t342
4243,q43_t343
4244,q42_t343
4244,q42_t344
4245,q42_t344
4245,q42_t345
4246,q42_t345
4246,q42_t346
4247,q42_t347
4247,q42_t348
4248,q42_t348
4248,q42_t349
4249,q42_t350
4249,q42_t351
4250,q42_t351
4250,q42_t352
4251,q42_t353
4251,q42_t354
4252,q42_t354
4252,q42_t355
4253,q42_t356
4253,q42_t357
4254,q42_t357
4254,q42_t358
4255,q42_t359
4255,q42_t360
4256,q42_t360
4256,q42_t361
4257,q42_t362
4257,q42_t363
4258,q42_t363
4258,q42_t364
4259,q42_t365
4259,q42_t366
4260,q42_t366
4260,q42_t367
4261,q42_t368
4261,q42_t369
4262,q42_t369
4262,q42_t370
4263,q42_t371
4263,q42_t372
4264,q42_t372
4264,q42_t373
4265,q42_t374
4265,q42_t375
4266,q42_t375
4266,q42_t376
4267,q42_t377
4267,q42_t378
4268,q42_t378
4268,q42_t379
4269,q42_t380
4269,q42_t381
4270,q42_t381
4270,q42_t382
4271,q42_t383
4271,q42_t384
4272,q42_t384
4272,q42_t385
4273,q42_t386
4273,q42_t387
4274,q42_t387
4274,q42_t388
4275,q42_t389
4275,q42_t390
4276,q42_t390
4276,q42_t391
4277,q42_t392
4277,q42_t393
4278,q42_t393
4278,q42_t394
4279,q42_t395
4279,q42_t396
4280,q42_t396
4280,q42_t397
4281,q42_t398
4281,q42_t399
4282,q42_t399
4282,q42_t400
4283,q42_t401
4283,q42_t402
4284,q42_t402
4284,q42_t403
4285,q42_t404
4285,q42_t405
4286,q42_t405
4286,q42_t406
4287,q42_t407
4287,q42_t408
4288,q42_t408
4288,q42_t409
4289,q42_t410
4289,q42_t411
4290,q42_t411
4290,q42_t412
4291,q42_t413
4291,q42_t414
4292,q42_t414
4292,q42_t415
4293,q42_t416
4293,q42_t417
4294,q42_t417
4294,q42_t418
4295,q42_t419
4295,q42_t420
4296,q42_t420
4296,q42_t421
4297,q42_t422
4297,q42_t423
4298,q42_t423
4298,q42_t424
4299,q42_t425
4299,q42_t426
4300,q42_t426
4300,q42_t427
4301,q42_t428
4301,q42_t429
4302,q42_t429
4302,q42_t430
4303,q42_t431
4303,q42_t432
4304,q42_t432
4304,q42_t433
4305,q42_t434
4305,q42_t435
4306,q42_t435
4306,q42_t436
4307,q42_t437
4307,q42_t438
4308,q42_t438
4308,q42_t439
4309,q42_t440
4309,q42_t441
4310,q42_t441
4310,q42_t442
4311,q42_t442
4311,q42_t443
4311,q9_t442
4311,q9_t443
4312,q42_t443
4312,q42_t444
4313,q42_t444
4313,q42_t445
4314,q42_t445
4314,q42_t446
4314,q8_t445
4314,q8_t446
4315,q42_t446
4315,q42_t447
4316,q42_t447
4316,q42_t448
4317,q42_t448
4317,q42_t449
4317,q7_t448
4317,q7_t449
4318,q42_t449
4318,q42_t450
4319,q42_t450
4319,q42_t451
4320,q42_t451
4320,q42_t452
4320,q6_t451
4320,q6_t452
4321,q42_t452
4321,q42_t453
4322,q42_t453
4322,q42_t454
4323,q42_t454
4323,q42_t455
4323,q5_t454
4323,q5_t455
4324,q42_t455
4324,q42_t456
4325,q42_t456
4325,q42_t457
4326,q42_t457
4326,q42_t458
4326,q4_t457
4326,q4_t458
4327,q42_t458
4327,q42_t459
4328,q42_t459
4328,q42_t460
4329,q42_t461
4329,q42_t462
4330,q42_t462
4330,q42_t463
4331,q42_t464
4331,q42_t465
4332,q42_t465
4332,q42_t466
4333,q42_t467
4333,q42_t468
4334,q42_t468
4334,q42_t469
4335,q42_t470
4335,q42_t471
4336,q43_t0
4336,q43_t1
4337,q43_t1
4337,q43_t2
4338,q43_t10
4338,q43_t9
4339,q43_t100
4339,q43_t101
4340,q43_t100
4340,q43_t99
4341,q43_t101
4341,q43_t102
4342,q43_t103
4342,q43_t104
4343,q43_t104
4343,q43_t105
4344,q43_t105
4344,q43_t106
4345,q43_t107
4345,q43_t108
4346,q43_t108
4346,q43_t109
4347,q43_t109
4347,q43_t110
4348,q43_t11
4348,q43_t12
4349,q43_t111
4349,q43_t112
4350,q43_t112
4350,q43_t113
4351,q43_t113
4351,q43_t114
4352,q43_t115
4352,q43_t116
4353,q43_t116
4353,q43_t117
4354,q43_t117
4354,q43_t118
4355,q43_t119
4355,q43_t120
4356,q43_t12
4356,q43_t13
4357,q43_t120
4357,q43_t121
4358,q43_t121
4358,q43_t122
4359,q43_t123
4359,q43_t124
4360,q43_t124
4360,q43_t125
4361,q43_t125
4361,q43_t126
4362,q43_t127
4362,q43_t128
4363,q43_t128
4363,q43_t129
4364,q43_t129
4364,q43_t130
4365,q43_t13
4365,q43_t14
4366,q43_t131
4366,q43_t132
4367,q43_t132
4367,q43_t133
4368,q43_t133
4368,q43_t134
4369,q43_t135
4369,q43_t136
4370,q43_t136
4370,q43_t137
4371,q43_t137
4371,q43_t138
4372,q43_t139
4372,q43_t140
4373,q43_t140
4373,q43_t141
4374,q43_t141
4374,q43_t142
4375,q43_t143
4375,q43_t144
4376,q43_t144
4376,q43_t145
4377,q43_t145
4377,q43_t146
4378,q43_t147
4378,q43_t148
4379,q43_t148
4379,q43_t149
4380,q43_t149
4380,q43_t150
4381,q43_t15
4381,q43_t16
4382,q43_t151
4382,q43_t152
4383,q43_t152
4383,q43_t153
4384,q43_t153
4384,q43_t154
4385,q43_t155
4385,q43_t156
4386,q43_t156
4386,q43_t157
4387,q43_t157
4387,q43_t158
4388,q43_t159
4388,q43_t160
4389,q43_t16
4389,q43_t17
4390,q43_t160
4390,q43_t161
4391,q43_t161
4391,q43_t162
4392,q43_t163
4392,q43_t164
4393,q43_t164
4393,q43_t165
4394,q43_t165
4394,q43_t166
4395,q43_t167
4395,q43_t168
4396,q43_t168
4396,q43_t169
4397,q43_t169
4397,q43_t170
4398,q43_t17
4398,q43_t18
4399,q43_t171
4399,q43_t172
4400,q43_t172
4400,q43_t173
4401,q43_t173
4401,q43_t174
4402,q43_t175
4402,q43_t176
4403,q43_t176
4403,q43_t177
4404,q43_t177
4404,q43_t178
4405,q43_t179
4405,q43_t180
4406,q43_t180
4406,q43_t181
4407,q43_t181
4407,q43_t182
4408,q43_t183
4408,q43_t184
4409,q43_t184
4409,q43_t185
4410,q43_t185
4410,q43_t186
4411,q43_t187
4411,q43_t188
4412,q43_t188
4412,q43_t189
4413,q43_t189
4413,q43_t190
4414,q43_t19
4414,q43_t20
4415,q43_t191
4415,q43_t192
4416,q43_t192
4416,q43_t193
4417,q43_t193
4417,q43_t194
4418,q43_t195
4418,q43_t196
4419,q43_t196
4419,q43_t197
4420,q43_t197
4420,q43_t198
4421,q43_t199
4421,q43_t200
4422,q43_t20
4422,q43_t21
4423,q43_t200
4423,q43_t201
4424,q43_t201
4424,q43_t202
4425,q43_t203
4425,q43_t204
4426,q43_t204
4426,q43_t205
4427,q43_t205
4427,q43_t206
4428,q43_t207
4428,q43_t208
4429,q43_t208
4429,q43_t209
4430,q43_t209
4430,q43_t210
4431,q43_t21
4431,q43_t22
4432,q43_t211
4432,q43_t212
4433,q43_t212
4433,q43_t213
4434,q43_t213
4434,q43_t214
4435,q43_t215
4435,q43_t216
4436,q43_t216
4436,q43_t217
4437,q43_t217
4437,q43_t218
4438,q43_t219
4438,q43_t220
4439,q43_t220
4439,q43_t221
4440,q43_t221
4440,q43_t222
4441,q43_t223
4441,q43_t224
4442,q43_t224
4442,q43_t225
4443,q43_t225
4443,q43_t226
4444,q43_t227
4444,q43_t228
4445,q43_t228
4445,q43_t229
4446,q43_t229
4446,q43_t230
4447,q43_t23
4447,q43_t24
4448,q43_t231
4448,q43_t232
4449,q43_t232
4449,q43_t233
4450,q43_t233
4450,q43_t234
4451,q43_t235
4451,q43_t236
4452,q43_t236
4452,q43_t237
4453,q43_t237
4453,q43_t238
4454,q43_t239
4454,q43_t240
4455,q43_t24
4455,q43_t25
4456,q43_t240
4456,q43_t241
4457,q43_t241
4457,q43_t242
4458,q43_t243
4458,q43_t244
4459,q43_t244
4459,q43_t245
4460,q43_t245
4460,q43_t246
4461,q43_t247
4461,q43_t248
4462,q43_t248
4462,q43_t249
4463,q43_t249
4463,q43_t250
4464,q43_t25
4464,q43_t26
4465,q43_t251
4465,q43_t252
4466,q43_t252
4466,q43_t253
4467,q43_t253
4467,q43_t254
4468,q43_t255
4468,q43_t256
4469,q43_t256
4469,q43_t257
4470,q43_t257
4470,q43_t258
4471,q43_t259
4471,q43_t260
4472,q43_t260
4472,q43_t261
4473,q43_t261
4473,q43_t262
4474,q43_t263
4474,q43_t264
4475,q43_t264
4475,q43_t265
4476,q43_t265
4476,q43_t266
4477,q43_t267
4477,q43_t268
4478,q43_t268
4478,q43_t269
4479,q43_t269
4479,q43_t270
4480,q43_t27
4480,q43_t28
4481,q43_t271
4481,q43_t272
4482,q43_t272
4482,q43_t273
4483,q43_t273
4483,q43_t274
4484,q43_t275
4484,q43_t276
4485,q43_t276
4485,q43_t277
4486,q43_t277
4486,q43_t278
4487,q43_t279
4487,q43_t280
4488,q43_t28
4488,q43_t29
4489,q43_t280
4489,q43_t281
4490,q43_t281
4490,q43_t282
4491,q43_t283
4491,q43_t284
4492,q43_t284
4492,q43_t285
4493,q43_t285
4493,q43_t286
4494,q43_t287
4494,q43_t288
4495,q43_t288
4495,q43_t289
4496,q43_t289
4496,q43_t290
4497,q43_t29
4497,q43_t30
4498,q43_t291
4498,q43_t292
4499,q43_t292
4499,q43_t293
4500,q43_t293
4500,q43_t294
4501,q43_t295
4501,q43_t296
4502,q43_t296
4502,q43_t297
4503,q43_t297
4503,q43_t298
4504,q43_t299
4504,q43_t300
4505,q43_t3
4505,q43_t4
4506,q43_t300
4506,q43_t301
4507,q43_t301
4507,q43_t302
4508,q43_t303
4508,q43_t304
4509,q43_t304
4509,q43_t305
4510,q43_t305
4510,q43_t306
4511,q43_t307
4511,q43_t308
4512,q43_t308
4512,q43_t309
4513,q43_t309
4513,q43_t310
4514,q43_t31
4514,q43_t32
4515,q43_t311
4515,q43_t312
4516,q43_t312
4516,q43_t313
4517,q43_t313
4517,q43_t314
4518,q43_t315
4518,q43_t316
4519,q43_t316
4519,q43_t317
4520,q43_t317
4520,q43_t318
4521,q43_t319
4521,q43_t320
4522,q43_t32
4522,q43_t33
4523,q43_t320
4523,q43_t321
4524,q43_t321
4524,q43_t322
4525,q43_t323
4525,q43_t324
4526,q43_t324
4526,q43_t325
4527,q43_t325
4527,q43_t326
4528,q43_t327
4528,q43_t328
4529,q43_t328
4529,q43_t329
4530,q43_t329
4530,q43_t330
4531,q43_t33
4531,q43_t34
4532,q43_t331
4532,q43_t332
4533,q43_t332
4533,q43_t333
4534,q43_t333
4534,q43_t334
4535,q43_t335
4535,q43_t336
4536,q43_t336
4536,q43_t337
4537,q43_t337
4537,q43_t338
4538,q43_t339
4538,q43_t340
4539,q43_t34
4539,q43_t35
4539,q4_t34
4539,q4_t35
4540,q43_t340
4540,q43_t341
4541,q43_t341
4541,q43_t342
4542,q43_t343
4542,q43_t344
4543,q43_t344
4543,q43_t345
4544,q43_t35
4544,q43_t36
4545,q43_t36
4545,q43_t37
4546,q43_t37
4546,q43_t38
4547,q43_t38
4547,q43_t39
4547,q4_t38
4547,q4_t39
4548,q43_t39
4548,q43_t40
4549,q43_t4
4549,q43_t5
4550,q43_t40
4550,q43_t41
4551,q43_t41
4551,q43_t42
4552,q43_t42
4552,q43_t43
4552,q5_t42
4552,q5_t43
4553,q43_t43
4553,q43_t44
4554,q43_t44
4554,q43_t45
4555,q43_t45
4555,q43_t46
4556,q43_t46
4556,q43_t47
4556,q5_t46
4556,q5_t47
4557,q43_t47
4557,q43_t48
4558,q43_t48
4558,q43_t49
4559,q43_t49
4559,q43_t50
4560,q43_t5
4560,q43_t6
4561,q43_t50
4561,q43_t51
4561,q6_t50
4561,q6_t51
4562,q43_t51
4562,q43_t52
4563,q43_t52
4563,q43_t53
4564,q43_t53
4564,q43_t54
4565,q43_t54
4565,q43_t55
4565,q6_t54
4565,q6_t55
4566,q43_t55
4566,q43_t56
4567,q43_t56
4567,q43_t57
4568,q43_t57
4568,q43_t58
4569,q43_t58
4569,q43_t59
4569,q7_t58
4569,q7_t59
4570,q43_t59
4570,q43_t60
4571,q43_t60
4571,q43_t61
4572,q43_t61
4572,q43_t62
4573,q43_t62
4573,q43_t63
4573,q7_t62
4573,q7_t63
4574,q43_t63
4574,q43_t64
4575,q43_t64
4575,q43_t65
4576,q43_t65
4576,q43_t66
4577,q43_t66
4577,q43_t67
4577,q8_t66
4577,q8_t67
4578,q43_t67
4578,q43_t68
4579,q43_t68
4579,q43_t69
4580,q43_t69
4580,q43_t70
4581,q43_t7
4581,q43_t8
4582,q43_t70
4582,q43_t71
4582,q8_t70
4582,q8_t71
4583,q43_t71
4583,q43_t72
4584,q43_t72
4584,q43_t73
4585,q43_t73
4585,q43_t74
4586,q43_t74
4586,q43_t75
4586,q9_t74
4586,q9_t75
4587,q43_t75
4587,q43_t76
4588,q43_t76
4588,q43_t77
4589,q43_t77
4589,q43_t78
4590,q43_t78
4590,q43_t79
4590,q9_t78
4590,q9_t79
4591,q43_t79
4591,q43_t80
4592,q43_t8
4592,q43_t9
4593,q43_t80
4593,q43_t81
4594,q43_t81
4594,q43_t82
4595,q43_t83
4595,q43_t84
4596,q43_t84
4596,q43_t85
4597,q43_t85
4597,q43_t86
4598,q43_t87
4598,q43_t88
4599,q43_t88
4599,q43_t89
4600,q43_t89
4600,q43_t90
4601,q43_t91
4601,q43_t92
4602,q43_t92
4602,q43_t93
4603,q43_t93
4603,q43_t94
4604,q43_t95
4604,q43_t96
4605,q43_t96
4605,q43_t97
4606,q43_t97
4606,q43_t98
4607,q4_t0
4607,q4_t1
4608,q4_t1
4608,q4_t34
4609,q4_t35
4609,q4_t36
4610,q4_t36
4610,q4_t38
4611,q4_t39
4611,q4_t40
4612,q4_t40
4612,q4_t457
4613,q4_t458
4613,q4_t459
4614,q4_t459
4614,q4_t460
4615,q4_t461
4615,q4_t462
4616,q4_t462
4616,q4_t463
4617,q4_t464
4617,q4_t465
4618,q4_t465
4618,q4_t466
4619,q4_t467
4619,q4_t468
4620,q4_t468
4620,q4_t469
4621,q4_t470
4621,q4_t471
4622,q4_t471
4622,q4_t472
4623,q4_t473
4623,q4_t474
4624,q4_t474
4624,q4_t475
4625,q4_t476
4625,q4_t477
4626,q4_t477
4626,q4_t478
4627,q4_t479
4627,q4_t480
4628,q4_t480
4628,q4_t481
4629,q4_t482
4629,q4_t483
4630,q4_t483
4630,q4_t484
4631,q4_t485
4631,q4_t486
4632,q4_t486
4632,q4_t487
4633,q4_t488
4633,q4_t489
4634,q4_t489
4634,q4_t490
4635,q4_t491
4635,q4_t492
4636,q4_t492
4636,q4_t493
4637,q4_t494
4637,q4_t495
4638,q4_t495
4638,q4_t496
4639,q4_t497
4639,q4_t498
4640,q4_t498
4640,q4_t499
4641,q4_t500
4641,q4_t501
4642,q4_t501
4642,q4_t502
4643,q4_t503
4643,q4_t504
4644,q4_t504
4644,q4_t505
4645,q4_t506
4645,q4_t507
4646,q4_t507
4646,q4_t508
4647,q4_t509
4647,q4_t510
4648,q4_t510
4648,q4_t511
4649,q4_t512
4649,q4_t513
4650,q4_t513
4650,q4_t514
4651,q4_t515
4651,q4_t516
4652,q4_t516
4652,q4_t517
4653,q4_t518
4653,q4_t519
4654,q4_t519
4654,q4_t520
4655,q4_t521
4655,q4_t522
4656,q4_t522
4656,q4_t523
4657,q4_t524
4657,q4_t525
4658,q4_t525
4658,q4_t526
4659,q4_t527
4659,q4_t528
4660,q4_t528
4660,q4_t529
4661,q4_t530
4661,q4_t531
4662,q4_t531
4662,q4_t532
4663,q4_t533
4663,q4_t534
4664,q4_t534
4664,q4_t535
4665,q4_t536
4665,q4_t537
4666,q4_t537
4666,q4_t538
4667,q4_t539
4667,q4_t540
4668,q4_t540
4668,q4_t541
4669,q4_t542
4669,q4_t543
4670,q4_t543
4670,q4_t544
4671,q4_t545
4671,q4_t546
4672,q4_t546
4672,q4_t547
4673,q4_t548
4673,q4_t549
4674,q4_t549
4674,q4_t550
4675,q4_t551
4675,q4_t552
4676,q4_t552
4676,q4_t553
4677,q4_t554
4677,q4_t555
4678,q4_t555
4678,q4_t556
4679,q4_t556
4679,q4_t557
4679,q9_t556
4679,q9_t557
4680,q4_t557
4680,q4_t558
4681,q4_t558
4681,q4_t559
4682,q4_t559
4682,q4_t560
4682,q8_t559
4682,q8_t560
4683,q4_t560
4683,q4_t561
4684,q4_t561
4684,q4_t562
4685,q4_t562
4685,q4_t563
4685,q7_t562
4685,q7_t563
4686,q4_t563
4686,q4_t564
4687,q4_t564
4687,q4_t565
4688,q4_t565
4688,q4_t566
4688,q6_t565
4688,q6_t566
4689,q4_t566
4689,q4_t567
4690,q4_t567
4690,q4_t568
4691,q4_t568
4691,q4_t569
4691,q5_t568
4691,q5_t569
4692,q4_t569
4692,q4_t570
4693,q4_t570
4693,q4_t571
4694,q4_t571
4694,q4_t574
4695,q4_t575
4695,q4_t576
4696,q4_t576
4696,q4_t577
4697,q4_t578
4697,q4_t579
4698,q4_t579
4698,q4_t580
4699,q4_t581
4699,q4_t582
4700,q4_t582
4700,q4_t583
4701,q4_t584
4701,q4_t585
4702,q5_t0
4702,q5_t1
4703,q5_t1
4703,q5_t42
4704,q5_t43
4704,q5_t44
4705,q5_t44
4705,q5_t46
4706,q5_t454
4706,q5_t48
4707,q5_t455
4707,q5_t456
4708,q5_t456
4708,q5_t457
4709,q5_t458
4709,q5_t459
4710,q5_t459
4710,q5_t460
4711,q5_t461
4711,q5_t462
4712,q5_t462
4712,q5_t463
4713,q5_t464
4713,q5_t465
4714,q5_t465
4714,q5_t466
4715,q5_t467
4715,q5_t468
4716,q5_t468
4716,q5_t469
4717,q5_t47
4717,q5_t48
4718,q5_t470
4718,q5_t471
4719,q5_t471
4719,q5_t472
4720,q5_t473
4720,q5_t474
4721,q5_t474
4721,q5_t475
4722,q5_t476
4722,q5_t477
4723,q5_t477
4723,q5_t478
4724,q5_t479
4724,q5_t480
4725,q5_t480
4725,q5_t481
4726,q5_t482
4726,q5_t483
4727,q5_t483
4727,q5_t484
4728,q5_t485
4728,q5_t486
4729,q5_t486
4729,q5_t487
4730,q5_t488
4730,q5_t489
4731,q5_t489
4731,q5_t490
4732,q5_t491
4732,q5_t492
4733,q5_t492
4733,q5_t493
4734,q5_t494
4734,q5_t495
4735,q5_t495
4735,q5_t496
4736,q5_t497
4736,q5_t498
4737,q5_t498
4737,q5_t499
4738,q5_t500
4738,q5_t501
4739,q5_t501
4739,q5_t502
4740,q5_t503
4740,q5_t504
4741,q5_t504
4741,q5_t505
4742,q5_t506
4742,q5_t507
4743,q5_t507
4743,q5_t508
4744,q5_t509
4744,q5_t510
4745,q5_t510
4745,q5_t511
4746,q5_t512
4746,q5_t513
4747,q5_t513
4747,q5_t514
4748,q5_t515
4748,q5_t516
4749,q5_t516
4749,q5_t517
4750,q5_t518
4750,q5_t519
4751,q5_t519
4751,q5_t520
4752,q5_t521
4752,q5_t522
4753,q5_t522
4753,q5_t523
4754,q5_t524
4754,q5_t525
4755,q5_t525
4755,q5_t526
4756,q5_t527
4756,q5_t528
4757,q5_t528
4757,q5_t529
4758,q5_t530
4758,q5_t531
4759,q5_t531
4759,q5_t532
4760,q5_t533
4760,q5_t534
4761,q5_t534
4761,q5_t535
4762,q5_t536
4762,q5_t537
4763,q5_t537
4763,q5_t538
4764,q5_t539
4764,q5_t540
4765,q5_t540
4765,q5_t541
4766,q5_t542
4766,q5_t543
4767,q5_t543
4767,q5_t544
4768,q5_t545
4768,q5_t546
4769,q5_t546
4769,q5_t547
4770,q5_t548
4770,q5_t549
4771,q5_t549
4771,q5_t550
4772,q5_t551
4772,q5_t552
4773,q5_t552
4773,q5_t553
4774,q5_t553
4774,q5_t554
4774,q9_t553
4774,q9_t554
4775,q5_t554
4775,q5_t555
4776,q5_t555
4776,q5_t556
4777,q5_t556
4777,q5_t557
4777,q8_t556
4777,q8_t557
4778,q5_t557
4778,q5_t558
4779,q5_t558
4779,q5_t559
4780,q5_t559
4780,q5_t560
4780,q7_t559
4780,q7_t560
4781,q5_t560
4781,q5_t561
4782,q5_t561
4782,q5_t562
4783,q5_t562
4783,q5_t563
4783,q6_t562
4783,q6_t563
4784,q5_t563
4784,q5_t564
4785,q5_t564
4785,q5_t565
4786,q5_t565
4786,q5_t568
4787,q5_t569
4787,q5_t570
4788,q5_t570
4788,q5_t571
4789,q5_t572
4789,q5_t573
4790,q5_t573
4790,q5_t574
4791,q5_t575
4791,q5_t576
4792,q5_t576
4792,q5_t577
4793,q5_t578
4793,q5_t579
4794,q5_t579
4794,q5_t580
4795,q5_t581
4795,q5_t582
4796,q6_t0
4796,q6_t1
4797,q6_t1
4797,q6_t50
4798,q6_t451
4798,q6_t56
4799,q6_t452
4799,q6_t453
4800,q6_t453
4800,q6_t454
4801,q6_t455
4801,q6_t456
4802,q6_t456
4802,q6_t457
4803,q6_t458
4803,q6_t459
4804,q6_t459
4804,q6_t460
4805,q6_t461
4805,q6_t462
4806,q6_t462
4806,q6_t463
4807,q6_t464
4807,q6_t465
4808,q6_t465
4808,q6_t466
4809,q6_t467
4809,q6_t468
4810,q6_t468
4810,q6_t469
4811,q6_t470
4811,q6_t471
4812,q6_t471
4812,q6_t472
4813,q6_t473
4813,q6_t474
4814,q6_t474
4814,q6_t475
4815,q6_t476
4815,q6_t477
4816,q6_t477
4816,q6_t478
4817,q6_t479
4817,q6_t480
4818,q6_t480
4818,q6_t481
4819,q6_t482
4819,q6_t483
4820,q6_t483
4820,q6_t484
4821,q6_t485
4821,q6_t486
4822,q6_t486
4822,q6_t487
4823,q6_t488
4823,q6_t489
4824,q6_t489
4824,q6_t490
4825,q6_t491
4825,q6_t492
4826,q6_t492
4826,q6_t493
4827,q6_t494
4827,q6_t495
4828,q6_t495
4828,q6_t496
4829,q6_t497
4829,q6_t498
4830,q6_t498
4830,q6_t499
4831,q6_t500
4831,q6_t501
4832,q6_t501
4832,q6_t502
4833,q6_t503
4833,q6_t504
4834,q6_t504
4834,q6_t505
4835,q6_t506
4835,q6_t507
4836,q6_t507
4836,q6_t508
4837,q6_t509
4837,q6_t510
4838,q6_t51
4838,q6_t52
4839,q6_t510
4839,q6_t511
4840,q6_t512
4840,q6_t513
4841,q6_t513
4841,q6_t514
4842,q6_t515
4842,q6_t516
4843,q6_t516
4843,q6_t517
4844,q6_t518
4844,q6_t519
4845,q6_t519
4845,q6_t520
4846,q6_t52
4846,q6_t54
4847,q6_t521
4847,q6_t522
4848,q6_t522
4848,q6_t523
4849,q6_t524
4849,q6_t525
4850,q6_t525
4850,q6_t526
4851,q6_t527
4851,q6_t528
4852,q6_t528
4852,q6_t529
4853,q6_t530
4853,q6_t531
4854,q6_t531
4854,q6_t532
4855,q6_t533
4855,q6_t534
4856,q6_t534
4856,q6_t535
4857,q6_t536
4857,q6_t537
4858,q6_t537
4858,q6_t538
4859,q6_t539
4859,q6_t540
4860,q6_t540
4860,q6_t541
4861,q6_t542
4861,q6_t543
4862,q6_t543
4862,q6_t544
4863,q6_t545
4863,q6_t546
4864,q6_t546
4864,q6_t547
4865,q6_t548
4865,q6_t549
4866,q6_t549
4866,q6_t550
4867,q6_t55
4867,q6_t56
4868,q6_t550
4868,q6_t551
4868,q9_t550
4868,q9_t551
4869,q6_t551
4869,q6_t552
4870,q6_t552
4870,q6_t553
4871,q6_t553
4871,q6_t554
4871,q8_t553
4871,q8_t554
4872,q6_t554
4872,q6_t555
4873,q6_t555
4873,q6_t556
4874,q6_t556
4874,q6_t557
4874,q7_t556
4874,q7_t557
4875,q6_t557
4875,q6_t558
4876,q6_t558
4876,q6_t559
4877,q6_t559
4877,q6_t562
4878,q6_t563
4878,q6_t564
4879,q6_t564
4879,q6_t565
4880,q6_t566
4880,q6_t567
4881,q6_t567
4881,q6_t568
4882,q6_t569
4882,q6_t570
4883,q6_t570
4883,q6_t571
4884,q6_t572
4884,q6_t573
4885,q6_t573
4885,q6_t574
4886,q6_t575
4886,q6_t576
4887,q6_t576
4887,q6_t577
4888,q6_t578
4888,q6_t579
4889,q7_t0
4889,q7_t1
4890,q7_t1
4890,q7_t58
4891,q7_t448
4891,q7_t64
4892,q7_t449
4892,q7_t450
4893,q7_t450
4893,q7_t451
4894,q7_t452
4894,q7_t453
4895,q7_t453
4895,q7_t454
4896,q7_t455
4896,q7_t456
4897,q7_t456
4897,q7_t457
4898,q7_t458
4898,q7_t459
4899,q7_t459
4899,q7_t460
4900,q7_t461
4900,q7_t462
4901,q7_t462
4901,q7_t463
4902,q7_t464
4902,q7_t465
4903,q7_t465
4903,q7_t466
4904,q7_t467
4904,q7_t468
4905,q7_t468
4905,q7_t469
4906,q7_t470
4906,q7_t471
4907,q7_t471
4907,q7_t472
4908,q7_t473
4908,q7_t474
4909,q7_t474
4909,q7_t475
4910,q7_t476
4910,q7_t477
4911,q7_t477
4911,q7_t478
4912,q7_t479
4912,q7_t480
4913,q7_t480
4913,q7_t481
4914,q7_t482
4914,q7_t483
4915,q7_t483
4915,q7_t484
4916,q7_t485
4916,q7_t486
4917,q7_t486
4917,q7_t487
4918,q7_t488
4918,q7_t489
4919,q7_t489
4919,q7_t490
4920,q7_t491
4920,q7_t492
4921,q7_t492
4921,q7_t493
4922,q7_t494
4922,q7_t495
4923,q7_t495
4923,q7_t496
4924,q7_t497
4924,q7_t498
4925,q7_t498
4925,q7_t499
4926,q7_t500
4926,q7_t501
4927,q7_t501
4927,q7_t502
4928,q7_t503
4928,q7_t504
4929,q7_t504
4929,q7_t505
4930,q7_t506
4930,q7_t507
4931,q7_t507
4931,q7_t508
4932,q7_t509
4932,q7_t510
4933,q7_t510
4933,q7_t511
4934,q7_t512
4934,q7_t513
4935,q7_t513
4935,q7_t514
4936,q7_t515
4936,q7_t516
4937,q7_t516
4937,q7_t517
4938,q7_t518
4938,q7_t519
4939,q7_t519
4939,q7_t520
4940,q7_t521
4940,q7_t522
4941,q7_t522
4941,q7_t523
4942,q7_t524
4942,q7_t525
4943,q7_t525
4943,q7_t526
4944,q7_t527
4944,q7_t528
4945,q7_t528
4945,q7_t529
4946,q7_t530
4946,q7_t531
4947,q7_t531
4947,q7_t532
4948,q7_t533
4948,q7_t534
4949,q7_t534
4949,q7_t535
4950,q7_t536
4950,q7_t537
4951,q7_t537
4951,q7_t538
4952,q7_t539
4952,q7_t540
4953,q7_t540
4953,q7_t541
4954,q7_t542
4954,q7_t543
4955,q7_t543
4955,q7_t544
4956,q7_t545
4956,q7_t546
4957,q7_t546
4957,q7_t547
4958,q7_t547
4958,q7_t548
4958,q9_t547
4958,q9_t548
4959,q7_t548
4959,q7_t549
4960,q7_t549
4960,q7_t550
4961,q7_t550
4961,q7_t551
4961,q8_t550
4961,q8_t551
4962,q7_t551
4962,q7_t552
4963,q7_t552
4963,q7_t553
4964,q7_t553
4964,q7_t556
4965,q7_t557
4965,q7_t558
4966,q7_t558
4966,q7_t559
4967,q7_t560
4967,q7_t561
4968,q7_t561
4968,q7_t562
4969,q7_t563
4969,q7_t564
4970,q7_t564
4970,q7_t565
4971,q7_t566
4971,q7_t567
4972,q7_t567
4972,q7_t568
4973,q7_t569
4973,q7_t570
4974,q7_t570
4974,q7_t571
4975,q7_t572
4975,q7_t573
4976,q7_t573
4976,q7_t574
4977,q7_t575
4977,q7_t576
4978,q7_t59
4978,q7_t60
4979,q7_t60
4979,q7_t62
4980,q7_t63
4980,q7_t64
4981,q8_t0
4981,q8_t1
4982,q8_t1
4982,q8_t66
4983,q8_t445
4983,q8_t72
4984,q8_t446
4984,q8_t447
4985,q8_t447
4985,q8_t448
4986,q8_t449
4986,q8_t450
4987,q8_t450
4987,q8_t451
4988,q8_t452
4988,q8_t453
4989,q8_t453
4989,q8_t454
4990,q8_t455
4990,q8_t456
4991,q8_t456
4991,q8_t457
4992,q8_t458
4992,q8_t459
4993,q8_t459
4993,q8_t460
4994,q8_t461
4994,q8_t462
4995,q8_t462
4995,q8_t463
4996,q8_t464
4996,q8_t465
4997,q8_t465
4997,q8_t466
4998,q8_t467
4998,q8_t468
4999,q8_t468
4999,q8_t469
5000,q8_t470
5000,q8_t471
5001,q8_t471
5001,q8_t472
5002,q8_t473
5002,q8_t474
5003,q8_t474
5003,q8_t475
5004,q8_t476
5004,q8_t477
5005,q8_t477
5005,q8_t478
5006,q8_t479
5006,q8_t480
5007,q8_t480
5007,q8_t481
5008,q8_t482
5008,q8_t483
5009,q8_t483
5009,q8_t484
5010,q8_t485
5010,q8_t486
5011,q8_t486
5011,q8_t487
5012,q8_t488
5012,q8_t489
5013,q8_t489
5013,q8_t490
5014,q8_t491
5014,q8_t492
5015,q8_t492
5015,q8_t493
5016,q8_t494
5016,q8_t495
5017,q8_t495
5017,q8_t496
5018,q8_t497
5018,q8_t498
5019,q8_t498
5019,q8_t499
5020,q8_t500
5020,q8_t501
5021,q8_t501
5021,q8_t502
5022,q8_t503
5022,q8_t504
5023,q8_t504
5023,q8_t505
5024,q8_t506
5024,q8_t507
5025,q8_t507
5025,q8_t508
5026,q8_t509
5026,q8_t510
5027,q8_t510
5027,q8_t511
5028,q8_t512
5028,q8_t513
5029,q8_t513
5029,q8_t514
5030,q8_t515
5030,q8_t516
5031,q8_t516
5031,q8_t517
5032,q8_t518
5032,q8_t519
5033,q8_t519
5033,q8_t520
5034,q8_t521
5034,q8_t522
5035,q8_t522
5035,q8_t523
5036,q8_t524
5036,q8_t525
5037,q8_t525
5037,q8_t526
5038,q8_t527
5038,q8_t528
5039,q8_t528
5039,q8_t529
5040,q8_t530
5040,q8_t531
5041,q8_t531
5041,q8_t532
5042,q8_t533
5042,q8_t534
5043,q8_t534
5043,q8_t535
5044,q8_t536
5044,q8_t537
5045,q8_t537
5045,q8_t538
5046,q8_t539
5046,q8_t540
5047,q8_t540
5047,q8_t541
5048,q8_t542
5048,q8_t543
5049,q8_t543
5049,q8_t544
5050,q8_t544
5050,q8_t545
5050,q9_t544
5050,q9_t545
5051,q8_t545
5051,q8_t546
5052,q8_t546
5052,q8_t547
5053,q8_t547
5053,q8_t550
5054,q8_t551
5054,q8_t552
5055,q8_t552
5055,q8_t553
5056,q8_t554
5056,q8_t555
5057,q8_t555
5057,q8_t556
5058,q8_t557
5058,q8_t558
5059,q8_t558
5059,q8_t559
5060,q8_t560
5060,q8_t561
5061,q8_t561
5061,q8_t562
5062,q8_t563
5062,q8_t564
5063,q8_t564
5063,q8_t565
5064,q8_t566
5064,q8_t567
5065,q8_t567
5065,q8_t568
5066,q8_t569
5066,q8_t570
5067,q8_t570
5067,q8_t571
5068,q8_t572
5068,q8_t573
5069,q8_t67
5069,q8_t68
5070,q8_t68
5070,q8_t70
5071,q8_t71
5071,q8_t72
5072,q9_t0
5072,q9_t1
5073,q9_t1
5073,q9_t74
5074,q9_t442
5074,q9_t80
5075,q9_t443
5075,q9_t444
5076,q9_t444
5076,q9_t445
5077,q9_t446
5077,q9_t447
5078,q9_t447
5078,q9_t448
5079,q9_t449
5079,q9_t450
5080,q9_t450
5080,q9_t451
5081,q9_t452
5081,q9_t453
5082,q9_t453
5082,q9_t454
5083,q9_t455
5083,q9_t456
5084,q9_t456
5084,q9_t457
5085,q9_t458
5085,q9_t459
5086,q9_t459
5086,q9_t460
5087,q9_t461
5087,q9_t462
5088,q9_t462
5088,q9_t463
5089,q9_t464
5089,q9_t465
5090,q9_t465
5090,q9_t466
5091,q9_t467
5091,q9_t468
5092,q9_t468
5092,q9_t469
5093,q9_t470
5093,q9_t471
5094,q9_t471
5094,q9_t472
5095,q9_t473
5095,q9_t474
5096,q9_t474
5096,q9_t475
5097,q9_t476
5097,q9_t477
5098,q9_t477
5098,q9_t478
5099,q9_t479
5099,q9_t480
5100,q9_t480
5100,q9_t481
5101,q9_t482
5101,q9_t483
5102,q9_t483
5102,q9_t484
5103,q9_t485
5103,q9_t486
5104,q9_t486
5104,q9_t487
5105,q9_t488
5105,q9_t489
5106,q9_t489
5106,q9_t490
5107,q9_t491
5107,q9_t492
5108,q9_t492
5108,q9_t493
5109,q9_t494
5109,q9_t495
5110,q9_t495
5110,q9_t496
5111,q9_t497
5111,q9_t498
5112,q9_t498
5112,q9_t499
5113,q9_t500
5113,q9_t501
5114,q9_t501
5114,q9_t502
5115,q9_t503
5115,q9_t504
5116,q9_t504
5116,q9_t505
5117,q9_t506
5117,q9_t507
5118,q9_t507
5118,q9_t508
5119,q9_t509
5119,q9_t510
5120,q9_t510
5120,q9_t511
5121,q9_t512
5121,q9_t513
5122,q9_t513
5122,q9_t514
5123,q9_t515
5123,q9_t516
5124,q9_t516
5124,q9_t517
5125,q9_t518
5125,q9_t519
5126,q9_t519
5126,q9_t520
5127,q9_t521
5127,q9_t522
5128,q9_t522
5128,q9_t523
5129,q9_t524
5129,q9_t525
5130,q9_t525
5130,q9_t526
5131,q9_t527
5131,q9_t528
5132,q9_t528
5132,q9_t529
5133,q9_t530
5133,q9_t531
5134,q9_t531
5134,q9_t532
5135,q9_t533
5135,q9_t534
5136,q9_t534
5136,q9_t535
5137,q9_t536
5137,q9_t537
5138,q9_t537
5138,q9_t538
5139,q9_t539
5139,q9_t540
5140,q9_t540
5140,q9_t541
5141,q9_t541
5141,q9_t544
5142,q9_t545
5142,q9_t546
5143,q9_t546
5143,q9_t547
5144,q9_t548
5144,q9_t549
5145,q9_t549
5145,q9_t550
5146,q9_t551
5146,q9_t552
5147,q9_t552
5147,q9_t553
5148,q9_t554
5148,q9_t555
5149,q9_t555
5149,q9_t556
5150,q9_t557
5150,q9_t558
5151,q9_t558
5151,q9_t559
5152,q9_t560
5152,q9_t561
5153,q9_t561
5153,q9_t562
5154,q9_t563
5154,q9_t564
5155,q9_t564
5155,q9_t565
5156,q9_t566
5156,q9_t567
5157,q9_t567
5157,q9_t568
5158,q9_t569
5158,q9_t570
5159,q9_t75
5159,q9_t76
5160,q9_t76
5160,q9_t78
5161,q9_t79
5161,q9_t80
