edge_index,node_id
0,c0_t6
0,q0_t5
1,c10_t36
1,q10_t35
2,c11_t39
2,q11_t38
3,c12_t42
3,q12_t41
4,c13_t45
4,q13_t44
5,c14_t48
5,q14_t47
6,c15_t51
6,q15_t50
7,c16_t54
7,q16_t53
8,c17_t57
8,q17_t56
9,c18_t60
9,q18_t59
10,c19_t63
10,q19_t62
11,c1_t9
11,q1_t8
12,c20_t66
12,q20_t65
13,c21_t69
13,q21_t68
14,c22_t72
14,q22_t71
15,c23_t75
15,q23_t74
16,c24_t78
16,q24_t77
17,c25_t81
17,q25_t80
18,c26_t84
18,q26_t83
19,c27_t87
19,q27_t86
20,c28_t90
20,q28_t89
21,c29_t93
21,q29_t92
22,c2_t12
22,q2_t11
23,c30_t96
23,q30_t95
24,c31_t99
24,q31_t98
25,c32_t102
25,q32_t101
26,c33_t105
26,q33_t104
27,c34_t108
27,q34_t107
28,c35_t111
28,q35_t110
29,c36_t114
29,q36_t113
30,c37_t117
30,q37_t116
31,c38_t120
31,q38_t119
32,c39_t123
32,q39_t122
33,c3_t15
33,q3_t14
34,c40_t126
34,q40_t125
35,c41_t129
35,q41_t128
36,c42_t132
36,q42_t131
37,c43_t135
37,q43_t134
38,c44_t138
38,q44_t137
39,c4_t18
39,q4_t17
40,c5_t21
40,q5_t20
41,c6_t24
41,q6_t23
42,c7_t27
42,q7_t26
43,c8_t30
43,q8_t29
44,c9_t33
44,q9_t32
45,q0_t0
45,q0_t1
46,q0_t1
46,q0_t2
47,q0_t2
47,q0_t3
47,q45_t2
47,q45_t3
48,q0_t3
48,q0_t4
49,q0_t4
49,q0_t5
50,q10_t0
50,q10_t1
51,q10_t1
51,q10_t32
52,q10_t32
52,q10_t33
52,q45_t32
52,q45_t33
53,q10_t33
53,q10_t34
54,q10_t34
54,q10_t35
55,q11_t0
55,q11_t1
56,q11_t1
56,q11_t35
57,q11_t35
57,q11_t36
57,q45_t35
57,q45_t36
58,q11_t36
58,q11_t37
59,q11_t37
59,q11_t38
60,q12_t0
60,q12_t1
61,q12_t1
61,q12_t38
62,q12_t38
62,q12_t39
62,q45_t38
62,q45_t39
63,q12_t39
63,q12_t40
64,q12_t40
64,q12_t41
65,q13_t0
65,q13_t1
66,q13_t1
66,q13_t41
67,q13_t41
67,q13_t42
67,q45_t41
67,q45_t42
68,q13_t42
68,q13_t43
69,q13_t43
69,q13_t44
70,q14_t0
70,q14_t1
71,q14_t1
71,q14_t44
72,q14_t44
72,q14_t45
72,q45_t44
72,q45_t45
73,q14_t45
73,q14_t46
74,q14_t46
74,q14_t47
75,q15_t0
75,q15_t1
76,q15_t1
76,q15_t47
77,q15_t47
77,q15_t48
77,q45_t47
77,q45_t48
78,q15_t48
78,q15_t49
79,q15_t49
79,q15_t50
80,q16_t0
80,q16_t1
81,q16_t1
81,q16_t50
82,q16_t50
82,q16_t51
82,q45_t50
82,q45_t51
83,q16_t51
83,q16_t52
84,q16_t52
84,q16_t53
85,q17_t0
85,q17_t1
86,q17_t1
86,q17_t53
87,q17_t53
87,q17_t54
87,q45_t53
87,q45_t54
88,q17_t54
88,q17_t55
89,q17_t55
89,q17_t56
90,q18_t0
90,q18_t1
91,q18_t1
91,q18_t56
92,q18_t56
92,q18_t57
92,q45_t56
92,q45_t57
93,q18_t57
93,q18_t58
94,q18_t58
94,q18_t59
95,q19_t0
95,q19_t1
96,q19_t1
96,q19_t59
97,q19_t59
97,q19_t60
97,q45_t59
97,q45_t60
98,q19_t60
98,q19_t61
99,q19_t61
99,q19_t62
100,q1_t0
100,q1_t1
101,q1_t1
101,q1_t5
102,q1_t5
102,q1_t6
102,q45_t5
102,q45_t6
103,q1_t6
103,q1_t7
104,q1_t7
104,q1_t8
105,q20_t0
105,q20_t1
106,q20_t1
106,q20_t62
107,q20_t62
107,q20_t63
107,q45_t62
107,q45_t63
108,q20_t63
108,q20_t64
109,q20_t64
109,q20_t65
110,q21_t0
110,q21_t1
111,q21_t1
111,q21_t65
112,q21_t65
112,q21_t66
112,q45_t65
112,q45_t66
113,q21_t66
113,q21_t67
114,q21_t67
114,q21_t68
115,q22_t0
115,q22_t1
116,q22_t1
116,q22_t68
117,q22_t68
117,q22_t69
117,q45_t68
117,q45_t69
118,q22_t69
118,q22_t70
119,q22_t70
119,q22_t71
120,q23_t0
120,q23_t1
121,q23_t1
121,q23_t71
122,q23_t71
122,q23_t72
122,q45_t71
122,q45_t72
123,q23_t72
123,q23_t73
124,q23_t73
124,q23_t74
125,q24_t0
125,q24_t1
126,q24_t1
126,q24_t74
127,q24_t74
127,q24_t75
127,q45_t74
127,q45_t75
128,q24_t75
128,q24_t76
129,q24_t76
129,q24_t77
130,q25_t0
130,q25_t1
131,q25_t1
131,q25_t77
132,q25_t77
132,q25_t78
132,q45_t77
132,q45_t78
133,q25_t78
133,q25_t79
134,q25_t79
134,q25_t80
135,q26_t0
135,q26_t1
136,q26_t1
136,q26_t80
137,q26_t80
137,q26_t81
137,q45_t80
137,q45_t81
138,q26_t81
138,q26_t82
139,q26_t82
139,q26_t83
140,q27_t0
140,q27_t1
141,q27_t1
141,q27_t83
142,q27_t83
142,q27_t84
142,q45_t83
142,q45_t84
143,q27_t84
143,q27_t85
144,q27_t85
144,q27_t86
145,q28_t0
145,q28_t1
146,q28_t1
146,q28_t86
147,q28_t86
147,q28_t87
147,q45_t86
147,q45_t87
148,q28_t87
148,q28_t88
149,q28_t88
149,q28_t89
150,q29_t0
150,q29_t1
151,q29_t1
151,q29_t89
152,q29_t89
152,q29_t90
152,q45_t89
152,q45_t90
153,q29_t90
153,q29_t91
154,q29_t91
154,q29_t92
155,q2_t0
155,q2_t1
156,q2_t1
156,q2_t8
157,q2_t10
157,q2_t11
158,q2_t10
158,q2_t9
159,q2_t8
159,q2_t9
159,q45_t8
159,q45_t9
160,q30_t0
160,q30_t1
161,q30_t1
161,q30_t92
162,q30_t92
162,q30_t93
162,q45_t92
162,q45_t93
163,q30_t93
163,q30_t94
164,q30_t94
164,q30_t95
165,q31_t0
165,q31_t1
166,q31_t1
166,q31_t95
167,q31_t95
167,q31_t96
167,q45_t95
167,q45_t96
168,q31_t96
168,q31_t97
169,q31_t97
169,q31_t98
170,q32_t0
170,q32_t1
171,q32_t1
171,q32_t98
172,q32_t100
172,q32_t101
173,q32_t100
173,q32_t99
174,q32_t98
174,q32_t99
174,q45_t98
174,q45_t99
175,q33_t0
175,q33_t1
176,q33_t1
176,q33_t101
177,q33_t101
177,q33_t102
177,q45_t101
177,q45_t102
178,q33_t102
178,q33_t103
179,q33_t103
179,q33_t104
180,q34_t0
180,q34_t1
181,q34_t1
181,q34_t104
182,q34_t104
182,q34_t105
182,q45_t104
182,q45_t105
183,q34_t105
183,q34_t106
184,q34_t106
184,q34_t107
185,q35_t0
185,q35_t1
186,q35_t1
186,q35_t107
187,q35_t107
187,q35_t108
187,q45_t107
187,q45_t108
188,q35_t108
188,q35_t109
189,q35_t109
189,q35_t110
190,q36_t0
190,q36_t1
191,q36_t1
191,q36_t110
192,q36_t110
192,q36_t111
192,q45_t110
192,q45_t111
193,q36_t111
193,q36_t112
194,q36_t112
194,q36_t113
195,q37_t0
195,q37_t1
196,q37_t1
196,q37_t113
197,q37_t113
197,q37_t114
197,q45_t113
197,q45_t114
198,q37_t114
198,q37_t115
199,q37_t115
199,q37_t116
200,q38_t0
200,q38_t1
201,q38_t1
201,q38_t116
202,q38_t116
202,q38_t117
202,q45_t116
202,q45_t117
203,q38_t117
203,q38_t118
204,q38_t118
204,q38_t119
205,q39_t0
205,q39_t1
206,q39_t1
206,q39_t119
207,q39_t119
207,q39_t120
207,q45_t119
207,q45_t120
208,q39_t120
208,q39_t121
209,q39_t121
209,q39_t122
210,q3_t0
210,q3_t1
211,q3_t1
211,q3_t11
212,q3_t11
212,q3_t12
212,q45_t11
212,q45_t12
213,q3_t12
213,q3_t13
214,q3_t13
214,q3_t14
215,q40_t0
215,q40_t1
216,q40_t1
216,q40_t122
217,q40_t122
217,q40_t123
217,q45_t122
217,q45_t123
218,q40_t123
218,q40_t124
219,q40_t124
219,q40_t125
220,q41_t0
220,q41_t1
221,q41_t1
221,q41_t125
222,q41_t125
222,q41_t126
222,q45_t125
222,q45_t126
223,q41_t126
223,q41_t127
224,q41_t127
224,q41_t128
225,q42_t0
225,q42_t1
226,q42_t1
226,q42_t128
227,q42_t128
227,q42_t129
227,q45_t128
227,q45_t129
228,q42_t129
228,q42_t130
229,q42_t130
229,q42_t131
230,q43_t0
230,q43_t1
231,q43_t1
231,q43_t131
232,q43_t131
232,q43_t132
232,q45_t131
232,q45_t132
233,q43_t132
233,q43_t133
234,q43_t133
234,q43_t134
235,q44_t0
235,q44_t1
236,q44_t1
236,q44_t134
237,q44_t134
237,q44_t135
237,q45_t134
237,q45_t135
238,q44_t135
238,q44_t136
239,q44_t136
239,q44_t137
240,q45_t0
240,q45_t1
241,q45_t1
241,q45_t2
242,q45_t10
242,q45_t11
243,q45_t10
243,q45_t9
244,q45_t100
244,q45_t101
245,q45_t100
245,q45_t99
246,q45_t102
246,q45_t103
247,q45_t103
247,q45_t104
248,q45_t105
248,q45_t106
249,q45_t106
249,q45_t107
250,q45_t108
250,q45_t109
251,q45_t109
251,q45_t110
252,q45_t111
252,q45_t112
253,q45_t112
253,q45_t113
254,q45_t114
254,q45_t115
255,q45_t115
255,q45_t116
256,q45_t117
256,q45_t118
257,q45_t118
257,q45_t119
258,q45_t12
258,q45_t13
259,q45_t120
259,q45_t121
260,q45_t121
260,q45_t122
261,q45_t123
261,q45_t124
262,q45_t124
262,q45_t125
263,q45_t126
263,q45_t127
264,q45_t127
264,q45_t128
265,q45_t129
265,q45_t130
266,q45_t13
266,q45_t14
267,q45_t130
267,q45_t131
268,q45_t132
268,q45_t133
269,q45_t133
269,q45_t134
270,q45_t135
270,q45_t136
271,q45_t14
271,q45_t15
271,q4_t14
271,q4_t15
272,q45_t15
272,q45_t16
273,q45_t16
273,q45_t17
274,q45_t17
274,q45_t18
274,q5_t17
274,q5_t18
275,q45_t18
275,q45_t19
276,q45_t19
276,q45_t20
277,q45_t20
277,q45_t21
277,q6_t20
277,q6_t21
278,q45_t21
278,q45_t22
279,q45_t22
279,q45_t23
280,q45_t23
280,q45_t24
280,q7_t23
280,q7_t24
281,q45_t24
281,q45_t25
282,q45_t25
282,q45_t26
283,q45_t26
283,q45_t27
283,q8_t26
283,q8_t27
284,q45_t27
284,q45_t28
285,q45_t28
285,q45_t29
286,q45_t29
286,q45_t30
286,q9_t29
286,q9_t30
287,q45_t3
287,q45_t4
288,q45_t30
288,q45_t31
289,q45_t31
289,q45_t32
290,q45_t33
290,q45_t34
291,q45_t34
291,q45_t35
292,q45_t36
292,q45_t37
293,q45_t37
293,q45_t38
294,q45_t39
294,q45_t40
295,q45_t4
295,q45_t5
296,q45_t40
296,q45_t41
297,q45_t42
297,q45_t43
298,q45_t43
298,q45_t44
299,q45_t45
299,q45_t46
300,q45_t46
300,q45_t47
301,q45_t48
301,q45_t49
302,q45_t49
302,q45_t50
303,q45_t51
303,q45_t52
304,q45_t52
304,q45_t53
305,q45_t54
305,q45_t55
306,q45_t55
306,q45_t56
307,q45_t57
307,q45_t58
308,q45_t58
308,q45_t59
309,q45_t6
309,q45_t7
310,q45_t60
310,q45_t61
311,q45_t61
311,q45_t62
312,q45_t63
312,q45_t64
313,q45_t64
313,q45_t65
314,q45_t66
314,q45_t67
315,q45_t67
315,q45_t68
316,q45_t69
316,q45_t70
317,q45_t7
317,q45_t8
318,q45_t70
318,q45_t71
319,q45_t72
319,q45_t73
320,q45_t73
320,q45_t74
321,q45_t75
321,q45_t76
322,q45_t76
322,q45_t77
323,q45_t78
323,q45_t79
324,q45_t79
324,q45_t80
325,q45_t81
325,q45_t82
326,q45_t82
326,q45_t83
327,q45_t84
327,q45_t85
328,q45_t85
328,q45_t86
329,q45_t87
329,q45_t88
330,q45_t88
330,q45_t89
331,q45_t90
331,q45_t91
332,q45_t91
332,q45_t92
333,q45_t93
333,q45_t94
334,q45_t94
334,q45_t95
335,q45_t96
335,q45_t97
336,q45_t97
336,q45_t98
337,q4_t0
337,q4_t1
338,q4_t1
338,q4_t14
339,q4_t15
339,q4_t16
340,q4_t16
340,q4_t17
341,q5_t0
341,q5_t1
342,q5_t1
342,q5_t17
343,q5_t18
343,q5_t19
344,q5_t19
344,q5_t20
345,q6_t0
345,q6_t1
346,q6_t1
346,q6_t20
347,q6_t21
347,q6_t22
348,q6_t22
348,q6_t23
349,q7_t0
349,q7_t1
350,q7_t1
350,q7_t23
351,q7_t24
351,q7_t25
352,q7_t25
352,q7_t26
353,q8_t0
353,q8_t1
354,q8_t1
354,q8_t26
355,q8_t27
355,q8_t28
356,q8_t28
356,q8_t29
357,q9_t0
357,q9_t1
358,q9_t1
358,q9_t29
359,q9_t30
359,q9_t31
360,q9_t31
360,q9_t32
