edge_index,type,realisation,gate_name,role,edge_args,edge_metadata
0,c,a,measure,,,
1,c,a,measure,,,
2,c,a,measure,,,
3,c,a,measure,,,
4,c,a,measure,,,
5,c,a,measure,,,
6,c,a,measure,,,
7,c,a,measure,,,
8,c,a,measure,,,
9,c,a,measure,,,
10,c,a,measure,,,
11,c,a,measure,,,
12,c,a,measure,,,
13,c,a,measure,,,
14,c,a,measure,,,
15,c,a,measure,,,
16,c,a,measure,,,
17,c,a,measure,,,
18,c,a,measure,,,
19,c,a,measure,,,
20,c,a,measure,,,
21,c,a,measure,,,
22,c,a,measure,,,
23,c,a,measure,,,
24,c,a,measure,,,
25,c,a,measure,,,
26,c,a,measure,,,
27,c,a,measure,,,
28,c,a,measure,,,
29,c,a,measure,,,
30,c,a,measure,,,
31,c,a,measure,,,
32,c,a,measure,,,
33,c,a,measure,,,
34,c,a,measure,,,
35,c,a,measure,,,
36,c,a,measure,,,
37,c,a,measure,,,
38,c,a,measure,,,
39,c,a,measure,,,
40,c,a,measure,,,
41,c,a,measure,,,
42,c,a,measure,,,
43,c,a,measure,,,
44,c,a,measure,,,
45,c,a,measure,,,
46,c,a,measure,,,
47,c,a,measure,,,
48,c,a,measure,,,
49,c,a,measure,,,
50,c,a,measure,,,
51,c,a,measure,,,
52,c,a,measure,,,
53,c,a,measure,,,
54,c,a,measure,,,
55,c,a,measure,,,
56,q,a,u2,,"[[[0, 1]], [], [true]]",
57,q,a,cx_stage1,,"[[[0, 4], [1, 4]], [], [true, true]]",
58,q,a,cx_stage3,,"[[[0, 11], [2, 11]], [], [true, true]]",
59,q,a,cx_stage2,,"[[[0, 11], [2, 11]], [], [true, true]]",
60,q,a,cx_stage2,,"[[[0, 102], [15, 102]], [], [true, true]]",
61,q,a,cx_stage1,,"[[[0, 102], [15, 102]], [], [true, true]]",
62,q,a,cx_stage3,,"[[[0, 102], [15, 102]], [], [true, true]]",
63,q,a,cx_stage1,,"[[[0, 106], [15, 106]], [], [true, true]]",
64,q,a,cx_stage2,,"[[[0, 106], [15, 106]], [], [true, true]]",
65,q,a,cx_stage3,,"[[[0, 106], [15, 106]], [], [true, true]]",
66,q,a,cx_stage1,,"[[[0, 109], [16, 109]], [], [true, true]]",
67,q,a,cx_stage2,,"[[[0, 109], [16, 109]], [], [true, true]]",
68,q,a,cx_stage3,,"[[[0, 109], [16, 109]], [], [true, true]]",
69,q,a,cx_stage1,,"[[[0, 113], [16, 113]], [], [true, true]]",
70,q,a,cx_stage1,,"[[[0, 15], [2, 15]], [], [true, true]]",
71,q,a,cx_stage2,,"[[[0, 113], [16, 113]], [], [true, true]]",
72,q,a,cx_stage3,,"[[[0, 113], [16, 113]], [], [true, true]]",
73,q,a,cx_stage1,,"[[[0, 116], [17, 116]], [], [true, true]]",
74,q,a,cx_stage2,,"[[[0, 116], [17, 116]], [], [true, true]]",
75,q,a,cx_stage3,,"[[[0, 116], [17, 116]], [], [true, true]]",
76,q,a,cx_stage1,,"[[[0, 120], [17, 120]], [], [true, true]]",
77,q,a,cx_stage2,,"[[[0, 120], [17, 120]], [], [true, true]]",
78,q,a,cx_stage3,,"[[[0, 120], [17, 120]], [], [true, true]]",
79,q,a,cx_stage1,,"[[[0, 123], [18, 123]], [], [true, true]]",
80,q,a,cx_stage2,,"[[[0, 123], [18, 123]], [], [true, true]]",
81,q,a,cx_stage3,,"[[[0, 123], [18, 123]], [], [true, true]]",
82,q,a,cx_stage1,,"[[[0, 127], [18, 127]], [], [true, true]]",
83,q,a,cx_stage2,,"[[[0, 127], [18, 127]], [], [true, true]]",
84,q,a,cx_stage3,,"[[[0, 127], [18, 127]], [], [true, true]]",
85,q,a,cx_stage1,,"[[[0, 130], [19, 130]], [], [true, true]]",
86,q,a,cx_stage2,,"[[[0, 130], [19, 130]], [], [true, true]]",
87,q,a,cx_stage3,,"[[[0, 130], [19, 130]], [], [true, true]]",
88,q,a,cx_stage2,,"[[[0, 15], [2, 15]], [], [true, true]]",
89,q,a,cx_stage1,,"[[[0, 134], [19, 134]], [], [true, true]]",
90,q,a,cx_stage2,,"[[[0, 134], [19, 134]], [], [true, true]]",
91,q,a,cx_stage2,,"[[[0, 1323], [1, 1323]], [], [true, true]]",
92,q,a,cx_stage1,,"[[[0, 1323], [1, 1323]], [], [true, true]]",
93,q,a,cx_stage3,,"[[[0, 1323], [1, 1323]], [], [true, true]]",
94,q,a,ry,,"[[[0, 1324]], [], [true]]",
95,q,a,cx_stage3,,"[[[0, 134], [19, 134]], [], [true, true]]",
96,q,a,cx_stage1,,"[[[0, 137], [20, 137]], [], [true, true]]",
97,q,a,cx_stage2,,"[[[0, 137], [20, 137]], [], [true, true]]",
98,q,a,cx_stage3,,"[[[0, 137], [20, 137]], [], [true, true]]",
99,q,a,cx_stage1,,"[[[0, 141], [20, 141]], [], [true, true]]",
100,q,a,cx_stage2,,"[[[0, 141], [20, 141]], [], [true, true]]",
101,q,a,cx_stage3,,"[[[0, 15], [2, 15]], [], [true, true]]",
102,q,a,cx_stage3,,"[[[0, 141], [20, 141]], [], [true, true]]",
103,q,a,cx_stage1,,"[[[0, 144], [21, 144]], [], [true, true]]",
104,q,a,cx_stage2,,"[[[0, 144], [21, 144]], [], [true, true]]",
105,q,a,cx_stage3,,"[[[0, 144], [21, 144]], [], [true, true]]",
106,q,a,cx_stage1,,"[[[0, 148], [21, 148]], [], [true, true]]",
107,q,a,cx_stage2,,"[[[0, 148], [21, 148]], [], [true, true]]",
108,q,a,cx_stage3,,"[[[0, 148], [21, 148]], [], [true, true]]",
109,q,a,cx_stage1,,"[[[0, 151], [22, 151]], [], [true, true]]",
110,q,a,cx_stage2,,"[[[0, 151], [22, 151]], [], [true, true]]",
111,q,a,cx_stage1,,"[[[0, 18], [3, 18]], [], [true, true]]",
112,q,a,cx_stage3,,"[[[0, 151], [22, 151]], [], [true, true]]",
113,q,a,cx_stage1,,"[[[0, 155], [22, 155]], [], [true, true]]",
114,q,a,cx_stage2,,"[[[0, 155], [22, 155]], [], [true, true]]",
115,q,a,cx_stage3,,"[[[0, 155], [22, 155]], [], [true, true]]",
116,q,a,cx_stage1,,"[[[0, 158], [23, 158]], [], [true, true]]",
117,q,a,cx_stage2,,"[[[0, 158], [23, 158]], [], [true, true]]",
118,q,a,cx_stage3,,"[[[0, 158], [23, 158]], [], [true, true]]",
119,q,a,cx_stage1,,"[[[0, 162], [23, 162]], [], [true, true]]",
120,q,a,cx_stage2,,"[[[0, 18], [3, 18]], [], [true, true]]",
121,q,a,cx_stage2,,"[[[0, 162], [23, 162]], [], [true, true]]",
122,q,a,cx_stage3,,"[[[0, 162], [23, 162]], [], [true, true]]",
123,q,a,cx_stage1,,"[[[0, 165], [24, 165]], [], [true, true]]",
124,q,a,cx_stage2,,"[[[0, 165], [24, 165]], [], [true, true]]",
125,q,a,cx_stage3,,"[[[0, 165], [24, 165]], [], [true, true]]",
126,q,a,cx_stage1,,"[[[0, 169], [24, 169]], [], [true, true]]",
127,q,a,cx_stage2,,"[[[0, 169], [24, 169]], [], [true, true]]",
128,q,a,cx_stage3,,"[[[0, 169], [24, 169]], [], [true, true]]",
129,q,a,cx_stage1,,"[[[0, 172], [25, 172]], [], [true, true]]",
130,q,a,cx_stage3,,"[[[0, 18], [3, 18]], [], [true, true]]",
131,q,a,cx_stage2,,"[[[0, 172], [25, 172]], [], [true, true]]",
132,q,a,cx_stage3,,"[[[0, 172], [25, 172]], [], [true, true]]",
133,q,a,cx_stage1,,"[[[0, 176], [25, 176]], [], [true, true]]",
134,q,a,cx_stage2,,"[[[0, 176], [25, 176]], [], [true, true]]",
135,q,a,cx_stage3,,"[[[0, 176], [25, 176]], [], [true, true]]",
136,q,a,cx_stage1,,"[[[0, 179], [26, 179]], [], [true, true]]",
137,q,a,cx_stage2,,"[[[0, 179], [26, 179]], [], [true, true]]",
138,q,a,cx_stage3,,"[[[0, 179], [26, 179]], [], [true, true]]",
139,q,a,cx_stage1,,"[[[0, 183], [26, 183]], [], [true, true]]",
140,q,a,cx_stage1,,"[[[0, 22], [3, 22]], [], [true, true]]",
141,q,a,cx_stage2,,"[[[0, 183], [26, 183]], [], [true, true]]",
142,q,a,cx_stage3,,"[[[0, 183], [26, 183]], [], [true, true]]",
143,q,a,cx_stage1,,"[[[0, 186], [27, 186]], [], [true, true]]",
144,q,a,cx_stage2,,"[[[0, 186], [27, 186]], [], [true, true]]",
145,q,a,cx_stage3,,"[[[0, 186], [27, 186]], [], [true, true]]",
146,q,a,cx_stage1,,"[[[0, 190], [27, 190]], [], [true, true]]",
147,q,a,cx_stage2,,"[[[0, 190], [27, 190]], [], [true, true]]",
148,q,a,cx_stage3,,"[[[0, 190], [27, 190]], [], [true, true]]",
149,q,a,cx_stage1,,"[[[0, 193], [28, 193]], [], [true, true]]",
150,q,a,cx_stage2,,"[[[0, 193], [28, 193]], [], [true, true]]",
151,q,a,cx_stage3,,"[[[0, 193], [28, 193]], [], [true, true]]",
152,q,a,cx_stage1,,"[[[0, 197], [28, 197]], [], [true, true]]",
153,q,a,cx_stage2,,"[[[0, 197], [28, 197]], [], [true, true]]",
154,q,a,cx_stage3,,"[[[0, 197], [28, 197]], [], [true, true]]",
155,q,a,cx_stage1,,"[[[0, 200], [29, 200]], [], [true, true]]",
156,q,a,cx_stage2,,"[[[0, 200], [29, 200]], [], [true, true]]",
157,q,a,cx_stage3,,"[[[0, 200], [29, 200]], [], [true, true]]",
158,q,a,cx_stage2,,"[[[0, 4], [1, 4]], [], [true, true]]",
159,q,a,cx_stage2,,"[[[0, 22], [3, 22]], [], [true, true]]",
160,q,a,cx_stage1,,"[[[0, 204], [29, 204]], [], [true, true]]",
161,q,a,cx_stage2,,"[[[0, 204], [29, 204]], [], [true, true]]",
162,q,a,cx_stage3,,"[[[0, 204], [29, 204]], [], [true, true]]",
163,q,a,cx_stage1,,"[[[0, 207], [30, 207]], [], [true, true]]",
164,q,a,cx_stage2,,"[[[0, 207], [30, 207]], [], [true, true]]",
165,q,a,cx_stage3,,"[[[0, 207], [30, 207]], [], [true, true]]",
166,q,a,cx_stage1,,"[[[0, 211], [30, 211]], [], [true, true]]",
167,q,a,cx_stage2,,"[[[0, 211], [30, 211]], [], [true, true]]",
168,q,a,cx_stage3,,"[[[0, 22], [3, 22]], [], [true, true]]",
169,q,a,cx_stage3,,"[[[0, 211], [30, 211]], [], [true, true]]",
170,q,a,cx_stage1,,"[[[0, 214], [31, 214]], [], [true, true]]",
171,q,a,cx_stage2,,"[[[0, 214], [31, 214]], [], [true, true]]",
172,q,a,cx_stage3,,"[[[0, 214], [31, 214]], [], [true, true]]",
173,q,a,cx_stage1,,"[[[0, 218], [31, 218]], [], [true, true]]",
174,q,a,cx_stage2,,"[[[0, 218], [31, 218]], [], [true, true]]",
175,q,a,cx_stage3,,"[[[0, 218], [31, 218]], [], [true, true]]",
176,q,a,cx_stage1,,"[[[0, 221], [32, 221]], [], [true, true]]",
177,q,a,cx_stage2,,"[[[0, 221], [32, 221]], [], [true, true]]",
178,q,a,cx_stage1,,"[[[0, 25], [4, 25]], [], [true, true]]",
179,q,a,cx_stage3,,"[[[0, 221], [32, 221]], [], [true, true]]",
180,q,a,cx_stage1,,"[[[0, 225], [32, 225]], [], [true, true]]",
181,q,a,cx_stage2,,"[[[0, 225], [32, 225]], [], [true, true]]",
182,q,a,cx_stage3,,"[[[0, 225], [32, 225]], [], [true, true]]",
183,q,a,cx_stage1,,"[[[0, 228], [33, 228]], [], [true, true]]",
184,q,a,cx_stage2,,"[[[0, 228], [33, 228]], [], [true, true]]",
185,q,a,cx_stage3,,"[[[0, 228], [33, 228]], [], [true, true]]",
186,q,a,cx_stage1,,"[[[0, 232], [33, 232]], [], [true, true]]",
187,q,a,cx_stage2,,"[[[0, 25], [4, 25]], [], [true, true]]",
188,q,a,cx_stage2,,"[[[0, 232], [33, 232]], [], [true, true]]",
189,q,a,cx_stage3,,"[[[0, 232], [33, 232]], [], [true, true]]",
190,q,a,cx_stage1,,"[[[0, 235], [34, 235]], [], [true, true]]",
191,q,a,cx_stage2,,"[[[0, 235], [34, 235]], [], [true, true]]",
192,q,a,cx_stage3,,"[[[0, 235], [34, 235]], [], [true, true]]",
193,q,a,cx_stage1,,"[[[0, 239], [34, 239]], [], [true, true]]",
194,q,a,cx_stage2,,"[[[0, 239], [34, 239]], [], [true, true]]",
195,q,a,cx_stage3,,"[[[0, 239], [34, 239]], [], [true, true]]",
196,q,a,cx_stage1,,"[[[0, 242], [35, 242]], [], [true, true]]",
197,q,a,cx_stage3,,"[[[0, 25], [4, 25]], [], [true, true]]",
198,q,a,cx_stage2,,"[[[0, 242], [35, 242]], [], [true, true]]",
199,q,a,cx_stage3,,"[[[0, 242], [35, 242]], [], [true, true]]",
200,q,a,cx_stage1,,"[[[0, 246], [35, 246]], [], [true, true]]",
201,q,a,cx_stage2,,"[[[0, 246], [35, 246]], [], [true, true]]",
202,q,a,cx_stage3,,"[[[0, 246], [35, 246]], [], [true, true]]",
203,q,a,cx_stage1,,"[[[0, 249], [36, 249]], [], [true, true]]",
204,q,a,cx_stage2,,"[[[0, 249], [36, 249]], [], [true, true]]",
205,q,a,cx_stage3,,"[[[0, 249], [36, 249]], [], [true, true]]",
206,q,a,cx_stage1,,"[[[0, 253], [36, 253]], [], [true, true]]",
207,q,a,cx_stage1,,"[[[0, 29], [4, 29]], [], [true, true]]",
208,q,a,cx_stage2,,"[[[0, 253], [36, 253]], [], [true, true]]",
209,q,a,cx_stage3,,"[[[0, 253], [36, 253]], [], [true, true]]",
210,q,a,cx_stage1,,"[[[0, 256], [37, 256]], [], [true, true]]",
211,q,a,cx_stage2,,"[[[0, 256], [37, 256]], [], [true, true]]",
212,q,a,cx_stage3,,"[[[0, 256], [37, 256]], [], [true, true]]",
213,q,a,cx_stage1,,"[[[0, 260], [37, 260]], [], [true, true]]",
214,q,a,cx_stage2,,"[[[0, 260], [37, 260]], [], [true, true]]",
215,q,a,cx_stage3,,"[[[0, 260], [37, 260]], [], [true, true]]",
216,q,a,cx_stage1,,"[[[0, 263], [38, 263]], [], [true, true]]",
217,q,a,cx_stage2,,"[[[0, 263], [38, 263]], [], [true, true]]",
218,q,a,cx_stage3,,"[[[0, 263], [38, 263]], [], [true, true]]",
219,q,a,cx_stage1,,"[[[0, 267], [38, 267]], [], [true, true]]",
220,q,a,cx_stage2,,"[[[0, 267], [38, 267]], [], [true, true]]",
221,q,a,cx_stage3,,"[[[0, 267], [38, 267]], [], [true, true]]",
222,q,a,cx_stage1,,"[[[0, 270], [39, 270]], [], [true, true]]",
223,q,a,cx_stage2,,"[[[0, 270], [39, 270]], [], [true, true]]",
224,q,a,cx_stage3,,"[[[0, 270], [39, 270]], [], [true, true]]",
225,q,a,cx_stage2,,"[[[0, 29], [4, 29]], [], [true, true]]",
226,q,a,cx_stage1,,"[[[0, 274], [39, 274]], [], [true, true]]",
227,q,a,cx_stage2,,"[[[0, 274], [39, 274]], [], [true, true]]",
228,q,a,cx_stage3,,"[[[0, 274], [39, 274]], [], [true, true]]",
229,q,a,cx_stage1,,"[[[0, 277], [40, 277]], [], [true, true]]",
230,q,a,cx_stage2,,"[[[0, 277], [40, 277]], [], [true, true]]",
231,q,a,cx_stage3,,"[[[0, 277], [40, 277]], [], [true, true]]",
232,q,a,cx_stage1,,"[[[0, 281], [40, 281]], [], [true, true]]",
233,q,a,cx_stage2,,"[[[0, 281], [40, 281]], [], [true, true]]",
234,q,a,cx_stage3,,"[[[0, 29], [4, 29]], [], [true, true]]",
235,q,a,cx_stage3,,"[[[0, 281], [40, 281]], [], [true, true]]",
236,q,a,cx_stage1,,"[[[0, 284], [41, 284]], [], [true, true]]",
237,q,a,cx_stage2,,"[[[0, 284], [41, 284]], [], [true, true]]",
238,q,a,cx_stage3,,"[[[0, 284], [41, 284]], [], [true, true]]",
239,q,a,cx_stage1,,"[[[0, 288], [41, 288]], [], [true, true]]",
240,q,a,cx_stage2,,"[[[0, 288], [41, 288]], [], [true, true]]",
241,q,a,cx_stage3,,"[[[0, 288], [41, 288]], [], [true, true]]",
242,q,a,cx_stage1,,"[[[0, 291], [42, 291]], [], [true, true]]",
243,q,a,cx_stage2,,"[[[0, 291], [42, 291]], [], [true, true]]",
244,q,a,cx_stage1,,"[[[0, 32], [5, 32]], [], [true, true]]",
245,q,a,cx_stage3,,"[[[0, 291], [42, 291]], [], [true, true]]",
246,q,a,cx_stage1,,"[[[0, 295], [42, 295]], [], [true, true]]",
247,q,a,cx_stage2,,"[[[0, 295], [42, 295]], [], [true, true]]",
248,q,a,cx_stage3,,"[[[0, 295], [42, 295]], [], [true, true]]",
249,q,a,cx_stage1,,"[[[0, 298], [43, 298]], [], [true, true]]",
250,q,a,cx_stage2,,"[[[0, 298], [43, 298]], [], [true, true]]",
251,q,a,cx_stage3,,"[[[0, 298], [43, 298]], [], [true, true]]",
252,q,a,cx_stage1,,"[[[0, 302], [43, 302]], [], [true, true]]",
253,q,a,cx_stage3,,"[[[0, 4], [1, 4]], [], [true, true]]",
254,q,a,cx_stage2,,"[[[0, 32], [5, 32]], [], [true, true]]",
255,q,a,cx_stage2,,"[[[0, 302], [43, 302]], [], [true, true]]",
256,q,a,cx_stage3,,"[[[0, 302], [43, 302]], [], [true, true]]",
257,q,a,cx_stage1,,"[[[0, 305], [44, 305]], [], [true, true]]",
258,q,a,cx_stage2,,"[[[0, 305], [44, 305]], [], [true, true]]",
259,q,a,cx_stage3,,"[[[0, 305], [44, 305]], [], [true, true]]",
260,q,a,cx_stage1,,"[[[0, 309], [44, 309]], [], [true, true]]",
261,q,a,cx_stage2,,"[[[0, 309], [44, 309]], [], [true, true]]",
262,q,a,cx_stage3,,"[[[0, 309], [44, 309]], [], [true, true]]",
263,q,a,cx_stage1,,"[[[0, 312], [45, 312]], [], [true, true]]",
264,q,a,cx_stage3,,"[[[0, 32], [5, 32]], [], [true, true]]",
265,q,a,cx_stage2,,"[[[0, 312], [45, 312]], [], [true, true]]",
266,q,a,cx_stage3,,"[[[0, 312], [45, 312]], [], [true, true]]",
267,q,a,cx_stage1,,"[[[0, 316], [45, 316]], [], [true, true]]",
268,q,a,cx_stage2,,"[[[0, 316], [45, 316]], [], [true, true]]",
269,q,a,cx_stage3,,"[[[0, 316], [45, 316]], [], [true, true]]",
270,q,a,cx_stage1,,"[[[0, 319], [46, 319]], [], [true, true]]",
271,q,a,cx_stage2,,"[[[0, 319], [46, 319]], [], [true, true]]",
272,q,a,cx_stage3,,"[[[0, 319], [46, 319]], [], [true, true]]",
273,q,a,cx_stage1,,"[[[0, 323], [46, 323]], [], [true, true]]",
274,q,a,cx_stage1,,"[[[0, 36], [5, 36]], [], [true, true]]",
275,q,a,cx_stage2,,"[[[0, 323], [46, 323]], [], [true, true]]",
276,q,a,cx_stage3,,"[[[0, 323], [46, 323]], [], [true, true]]",
277,q,a,cx_stage1,,"[[[0, 326], [47, 326]], [], [true, true]]",
278,q,a,cx_stage2,,"[[[0, 326], [47, 326]], [], [true, true]]",
279,q,a,cx_stage3,,"[[[0, 326], [47, 326]], [], [true, true]]",
280,q,a,cx_stage1,,"[[[0, 330], [47, 330]], [], [true, true]]",
281,q,a,cx_stage2,,"[[[0, 330], [47, 330]], [], [true, true]]",
282,q,a,cx_stage3,,"[[[0, 330], [47, 330]], [], [true, true]]",
283,q,a,cx_stage1,,"[[[0, 333], [48, 333]], [], [true, true]]",
284,q,a,cx_stage2,,"[[[0, 333], [48, 333]], [], [true, true]]",
285,q,a,cx_stage3,,"[[[0, 333], [48, 333]], [], [true, true]]",
286,q,a,cx_stage1,,"[[[0, 337], [48, 337]], [], [true, true]]",
287,q,a,cx_stage2,,"[[[0, 337], [48, 337]], [], [true, true]]",
288,q,a,cx_stage3,,"[[[0, 337], [48, 337]], [], [true, true]]",
289,q,a,cx_stage1,,"[[[0, 340], [49, 340]], [], [true, true]]",
290,q,a,cx_stage2,,"[[[0, 340], [49, 340]], [], [true, true]]",
291,q,a,cx_stage3,,"[[[0, 340], [49, 340]], [], [true, true]]",
292,q,a,cx_stage2,,"[[[0, 36], [5, 36]], [], [true, true]]",
293,q,a,cx_stage1,,"[[[0, 344], [49, 344]], [], [true, true]]",
294,q,a,cx_stage2,,"[[[0, 344], [49, 344]], [], [true, true]]",
295,q,a,cx_stage3,,"[[[0, 344], [49, 344]], [], [true, true]]",
296,q,a,cx_stage1,,"[[[0, 347], [50, 347]], [], [true, true]]",
297,q,a,cx_stage2,,"[[[0, 347], [50, 347]], [], [true, true]]",
298,q,a,cx_stage3,,"[[[0, 347], [50, 347]], [], [true, true]]",
299,q,a,cx_stage1,,"[[[0, 351], [50, 351]], [], [true, true]]",
300,q,a,cx_stage2,,"[[[0, 351], [50, 351]], [], [true, true]]",
301,q,a,cx_stage3,,"[[[0, 36], [5, 36]], [], [true, true]]",
302,q,a,cx_stage3,,"[[[0, 351], [50, 351]], [], [true, true]]",
303,q,a,cx_stage1,,"[[[0, 354], [51, 354]], [], [true, true]]",
304,q,a,cx_stage2,,"[[[0, 354], [51, 354]], [], [true, true]]",
305,q,a,cx_stage3,,"[[[0, 354], [51, 354]], [], [true, true]]",
306,q,a,cx_stage1,,"[[[0, 358], [51, 358]], [], [true, true]]",
307,q,a,cx_stage2,,"[[[0, 358], [51, 358]], [], [true, true]]",
308,q,a,cx_stage3,,"[[[0, 358], [51, 358]], [], [true, true]]",
309,q,a,cx_stage1,,"[[[0, 361], [52, 361]], [], [true, true]]",
310,q,a,cx_stage2,,"[[[0, 361], [52, 361]], [], [true, true]]",
311,q,a,cx_stage1,,"[[[0, 39], [6, 39]], [], [true, true]]",
312,q,a,cx_stage3,,"[[[0, 361], [52, 361]], [], [true, true]]",
313,q,a,cx_stage1,,"[[[0, 365], [52, 365]], [], [true, true]]",
314,q,a,cx_stage2,,"[[[0, 365], [52, 365]], [], [true, true]]",
315,q,a,cx_stage3,,"[[[0, 365], [52, 365]], [], [true, true]]",
316,q,a,cx_stage1,,"[[[0, 368], [53, 368]], [], [true, true]]",
317,q,a,cx_stage2,,"[[[0, 368], [53, 368]], [], [true, true]]",
318,q,a,cx_stage3,,"[[[0, 368], [53, 368]], [], [true, true]]",
319,q,a,cx_stage1,,"[[[0, 372], [53, 372]], [], [true, true]]",
320,q,a,cx_stage2,,"[[[0, 39], [6, 39]], [], [true, true]]",
321,q,a,cx_stage2,,"[[[0, 372], [53, 372]], [], [true, true]]",
322,q,a,cx_stage3,,"[[[0, 372], [53, 372]], [], [true, true]]",
323,q,a,cx_stage1,,"[[[0, 375], [54, 375]], [], [true, true]]",
324,q,a,cx_stage2,,"[[[0, 375], [54, 375]], [], [true, true]]",
325,q,a,cx_stage3,,"[[[0, 375], [54, 375]], [], [true, true]]",
326,q,a,cx_stage1,,"[[[0, 379], [54, 379]], [], [true, true]]",
327,q,a,cx_stage2,,"[[[0, 379], [54, 379]], [], [true, true]]",
328,q,a,cx_stage3,,"[[[0, 379], [54, 379]], [], [true, true]]",
329,q,a,cx_stage1,,"[[[0, 382], [55, 382]], [], [true, true]]",
330,q,a,cx_stage3,,"[[[0, 39], [6, 39]], [], [true, true]]",
331,q,a,cx_stage2,,"[[[0, 382], [55, 382]], [], [true, true]]",
332,q,a,cx_stage3,,"[[[0, 382], [55, 382]], [], [true, true]]",
333,q,a,cx_stage1,,"[[[0, 386], [55, 386]], [], [true, true]]",
334,q,a,cx_stage2,,"[[[0, 386], [55, 386]], [], [true, true]]",
335,q,a,cx_stage3,,"[[[0, 386], [55, 386]], [], [true, true]]",
336,q,a,u2,,"[[[0, 387]], [], [true]]",
337,q,a,cx_stage1,,"[[[0, 397], [1, 397]], [], [true, true]]",
338,q,a,cx_stage1,,"[[[0, 43], [6, 43]], [], [true, true]]",
339,q,a,cx_stage2,,"[[[0, 397], [1, 397]], [], [true, true]]",
340,q,a,cx_stage3,,"[[[0, 397], [1, 397]], [], [true, true]]",
341,q,a,cx_stage1,,"[[[0, 401], [1, 401]], [], [true, true]]",
342,q,a,cx_stage2,,"[[[0, 401], [1, 401]], [], [true, true]]",
343,q,a,cx_stage1,,"[[[0, 8], [1, 8]], [], [true, true]]",
344,q,a,cx_stage3,,"[[[0, 401], [1, 401]], [], [true, true]]",
345,q,a,cx_stage1,,"[[[0, 404], [2, 404]], [], [true, true]]",
346,q,a,cx_stage2,,"[[[0, 404], [2, 404]], [], [true, true]]",
347,q,a,cx_stage3,,"[[[0, 404], [2, 404]], [], [true, true]]",
348,q,a,cx_stage1,,"[[[0, 408], [2, 408]], [], [true, true]]",
349,q,a,cx_stage2,,"[[[0, 408], [2, 408]], [], [true, true]]",
350,q,a,cx_stage3,,"[[[0, 408], [2, 408]], [], [true, true]]",
351,q,a,cx_stage1,,"[[[0, 411], [3, 411]], [], [true, true]]",
352,q,a,cx_stage2,,"[[[0, 411], [3, 411]], [], [true, true]]",
353,q,a,cx_stage2,,"[[[0, 43], [6, 43]], [], [true, true]]",
354,q,a,cx_stage3,,"[[[0, 411], [3, 411]], [], [true, true]]",
355,q,a,cx_stage1,,"[[[0, 415], [3, 415]], [], [true, true]]",
356,q,a,cx_stage2,,"[[[0, 415], [3, 415]], [], [true, true]]",
357,q,a,cx_stage3,,"[[[0, 415], [3, 415]], [], [true, true]]",
358,q,a,cx_stage1,,"[[[0, 418], [4, 418]], [], [true, true]]",
359,q,a,cx_stage2,,"[[[0, 418], [4, 418]], [], [true, true]]",
360,q,a,cx_stage3,,"[[[0, 418], [4, 418]], [], [true, true]]",
361,q,a,cx_stage1,,"[[[0, 422], [4, 422]], [], [true, true]]",
362,q,a,cx_stage3,,"[[[0, 43], [6, 43]], [], [true, true]]",
363,q,a,cx_stage2,,"[[[0, 422], [4, 422]], [], [true, true]]",
364,q,a,cx_stage3,,"[[[0, 422], [4, 422]], [], [true, true]]",
365,q,a,cx_stage1,,"[[[0, 425], [5, 425]], [], [true, true]]",
366,q,a,cx_stage2,,"[[[0, 425], [5, 425]], [], [true, true]]",
367,q,a,cx_stage3,,"[[[0, 425], [5, 425]], [], [true, true]]",
368,q,a,cx_stage1,,"[[[0, 429], [5, 429]], [], [true, true]]",
369,q,a,cx_stage2,,"[[[0, 429], [5, 429]], [], [true, true]]",
370,q,a,cx_stage3,,"[[[0, 429], [5, 429]], [], [true, true]]",
371,q,a,cx_stage1,,"[[[0, 432], [6, 432]], [], [true, true]]",
372,q,a,cx_stage1,,"[[[0, 46], [7, 46]], [], [true, true]]",
373,q,a,cx_stage2,,"[[[0, 432], [6, 432]], [], [true, true]]",
374,q,a,cx_stage3,,"[[[0, 432], [6, 432]], [], [true, true]]",
375,q,a,cx_stage1,,"[[[0, 436], [6, 436]], [], [true, true]]",
376,q,a,cx_stage2,,"[[[0, 436], [6, 436]], [], [true, true]]",
377,q,a,cx_stage3,,"[[[0, 436], [6, 436]], [], [true, true]]",
378,q,a,cx_stage1,,"[[[0, 439], [7, 439]], [], [true, true]]",
379,q,a,cx_stage2,,"[[[0, 439], [7, 439]], [], [true, true]]",
380,q,a,cx_stage3,,"[[[0, 439], [7, 439]], [], [true, true]]",
381,q,a,cx_stage1,,"[[[0, 443], [7, 443]], [], [true, true]]",
382,q,a,cx_stage2,,"[[[0, 46], [7, 46]], [], [true, true]]",
383,q,a,cx_stage2,,"[[[0, 443], [7, 443]], [], [true, true]]",
384,q,a,cx_stage3,,"[[[0, 443], [7, 443]], [], [true, true]]",
385,q,a,cx_stage1,,"[[[0, 446], [8, 446]], [], [true, true]]",
386,q,a,cx_stage2,,"[[[0, 446], [8, 446]], [], [true, true]]",
387,q,a,cx_stage3,,"[[[0, 446], [8, 446]], [], [true, true]]",
388,q,a,cx_stage1,,"[[[0, 450], [8, 450]], [], [true, true]]",
389,q,a,cx_stage2,,"[[[0, 450], [8, 450]], [], [true, true]]",
390,q,a,cx_stage3,,"[[[0, 450], [8, 450]], [], [true, true]]",
391,q,a,cx_stage3,,"[[[0, 46], [7, 46]], [], [true, true]]",
392,q,a,cx_stage1,,"[[[0, 453], [9, 453]], [], [true, true]]",
393,q,a,cx_stage2,,"[[[0, 453], [9, 453]], [], [true, true]]",
394,q,a,cx_stage3,,"[[[0, 453], [9, 453]], [], [true, true]]",
395,q,a,cx_stage1,,"[[[0, 457], [9, 457]], [], [true, true]]",
396,q,a,cx_stage2,,"[[[0, 457], [9, 457]], [], [true, true]]",
397,q,a,cx_stage3,,"[[[0, 457], [9, 457]], [], [true, true]]",
398,q,a,cx_stage1,,"[[[0, 460], [10, 460]], [], [true, true]]",
399,q,a,cx_stage2,,"[[[0, 460], [10, 460]], [], [true, true]]",
400,q,a,cx_stage3,,"[[[0, 460], [10, 460]], [], [true, true]]",
401,q,a,cx_stage1,,"[[[0, 50], [7, 50]], [], [true, true]]",
402,q,a,cx_stage1,,"[[[0, 464], [10, 464]], [], [true, true]]",
403,q,a,cx_stage2,,"[[[0, 464], [10, 464]], [], [true, true]]",
404,q,a,cx_stage3,,"[[[0, 464], [10, 464]], [], [true, true]]",
405,q,a,cx_stage1,,"[[[0, 467], [11, 467]], [], [true, true]]",
406,q,a,cx_stage2,,"[[[0, 467], [11, 467]], [], [true, true]]",
407,q,a,cx_stage3,,"[[[0, 467], [11, 467]], [], [true, true]]",
408,q,a,cx_stage1,,"[[[0, 471], [11, 471]], [], [true, true]]",
409,q,a,cx_stage2,,"[[[0, 471], [11, 471]], [], [true, true]]",
410,q,a,cx_stage3,,"[[[0, 471], [11, 471]], [], [true, true]]",
411,q,a,cx_stage1,,"[[[0, 474], [12, 474]], [], [true, true]]",
412,q,a,cx_stage2,,"[[[0, 474], [12, 474]], [], [true, true]]",
413,q,a,cx_stage3,,"[[[0, 474], [12, 474]], [], [true, true]]",
414,q,a,cx_stage1,,"[[[0, 478], [12, 478]], [], [true, true]]",
415,q,a,cx_stage2,,"[[[0, 478], [12, 478]], [], [true, true]]",
416,q,a,cx_stage3,,"[[[0, 478], [12, 478]], [], [true, true]]",
417,q,a,cx_stage1,,"[[[0, 481], [13, 481]], [], [true, true]]",
418,q,a,cx_stage2,,"[[[0, 481], [13, 481]], [], [true, true]]",
419,q,a,cx_stage2,,"[[[0, 50], [7, 50]], [], [true, true]]",
420,q,a,cx_stage3,,"[[[0, 481], [13, 481]], [], [true, true]]",
421,q,a,cx_stage1,,"[[[0, 485], [13, 485]], [], [true, true]]",
422,q,a,cx_stage2,,"[[[0, 485], [13, 485]], [], [true, true]]",
423,q,a,cx_stage3,,"[[[0, 485], [13, 485]], [], [true, true]]",
424,q,a,cx_stage1,,"[[[0, 488], [14, 488]], [], [true, true]]",
425,q,a,cx_stage2,,"[[[0, 488], [14, 488]], [], [true, true]]",
426,q,a,cx_stage3,,"[[[0, 488], [14, 488]], [], [true, true]]",
427,q,a,cx_stage1,,"[[[0, 492], [14, 492]], [], [true, true]]",
428,q,a,cx_stage3,,"[[[0, 50], [7, 50]], [], [true, true]]",
429,q,a,cx_stage2,,"[[[0, 492], [14, 492]], [], [true, true]]",
430,q,a,cx_stage3,,"[[[0, 492], [14, 492]], [], [true, true]]",
431,q,a,cx_stage1,,"[[[0, 495], [15, 495]], [], [true, true]]",
432,q,a,cx_stage2,,"[[[0, 495], [15, 495]], [], [true, true]]",
433,q,a,cx_stage3,,"[[[0, 495], [15, 495]], [], [true, true]]",
434,q,a,cx_stage1,,"[[[0, 499], [15, 499]], [], [true, true]]",
435,q,a,cx_stage2,,"[[[0, 499], [15, 499]], [], [true, true]]",
436,q,a,cx_stage3,,"[[[0, 499], [15, 499]], [], [true, true]]",
437,q,a,cx_stage1,,"[[[0, 502], [16, 502]], [], [true, true]]",
438,q,a,cx_stage1,,"[[[0, 53], [8, 53]], [], [true, true]]",
439,q,a,cx_stage2,,"[[[0, 502], [16, 502]], [], [true, true]]",
440,q,a,cx_stage3,,"[[[0, 502], [16, 502]], [], [true, true]]",
441,q,a,cx_stage1,,"[[[0, 506], [16, 506]], [], [true, true]]",
442,q,a,cx_stage2,,"[[[0, 506], [16, 506]], [], [true, true]]",
443,q,a,cx_stage3,,"[[[0, 506], [16, 506]], [], [true, true]]",
444,q,a,cx_stage1,,"[[[0, 509], [17, 509]], [], [true, true]]",
445,q,a,cx_stage2,,"[[[0, 509], [17, 509]], [], [true, true]]",
446,q,a,cx_stage3,,"[[[0, 509], [17, 509]], [], [true, true]]",
447,q,a,cx_stage1,,"[[[0, 513], [17, 513]], [], [true, true]]",
448,q,a,cx_stage2,,"[[[0, 53], [8, 53]], [], [true, true]]",
449,q,a,cx_stage2,,"[[[0, 513], [17, 513]], [], [true, true]]",
450,q,a,cx_stage3,,"[[[0, 513], [17, 513]], [], [true, true]]",
451,q,a,cx_stage1,,"[[[0, 516], [18, 516]], [], [true, true]]",
452,q,a,cx_stage2,,"[[[0, 516], [18, 516]], [], [true, true]]",
453,q,a,cx_stage3,,"[[[0, 516], [18, 516]], [], [true, true]]",
454,q,a,cx_stage1,,"[[[0, 520], [18, 520]], [], [true, true]]",
455,q,a,cx_stage2,,"[[[0, 520], [18, 520]], [], [true, true]]",
456,q,a,cx_stage3,,"[[[0, 520], [18, 520]], [], [true, true]]",
457,q,a,cx_stage3,,"[[[0, 53], [8, 53]], [], [true, true]]",
458,q,a,cx_stage1,,"[[[0, 523], [19, 523]], [], [true, true]]",
459,q,a,cx_stage2,,"[[[0, 523], [19, 523]], [], [true, true]]",
460,q,a,cx_stage3,,"[[[0, 523], [19, 523]], [], [true, true]]",
461,q,a,cx_stage1,,"[[[0, 527], [19, 527]], [], [true, true]]",
462,q,a,cx_stage2,,"[[[0, 527], [19, 527]], [], [true, true]]",
463,q,a,cx_stage3,,"[[[0, 527], [19, 527]], [], [true, true]]",
464,q,a,cx_stage1,,"[[[0, 530], [20, 530]], [], [true, true]]",
465,q,a,cx_stage2,,"[[[0, 530], [20, 530]], [], [true, true]]",
466,q,a,cx_stage3,,"[[[0, 530], [20, 530]], [], [true, true]]",
467,q,a,cx_stage1,,"[[[0, 57], [8, 57]], [], [true, true]]",
468,q,a,cx_stage1,,"[[[0, 534], [20, 534]], [], [true, true]]",
469,q,a,cx_stage2,,"[[[0, 534], [20, 534]], [], [true, true]]",
470,q,a,cx_stage3,,"[[[0, 534], [20, 534]], [], [true, true]]",
471,q,a,cx_stage1,,"[[[0, 537], [21, 537]], [], [true, true]]",
472,q,a,cx_stage2,,"[[[0, 537], [21, 537]], [], [true, true]]",
473,q,a,cx_stage3,,"[[[0, 537], [21, 537]], [], [true, true]]",
474,q,a,cx_stage1,,"[[[0, 541], [21, 541]], [], [true, true]]",
475,q,a,cx_stage2,,"[[[0, 541], [21, 541]], [], [true, true]]",
476,q,a,cx_stage3,,"[[[0, 541], [21, 541]], [], [true, true]]",
477,q,a,cx_stage1,,"[[[0, 544], [22, 544]], [], [true, true]]",
478,q,a,cx_stage2,,"[[[0, 544], [22, 544]], [], [true, true]]",
479,q,a,cx_stage3,,"[[[0, 544], [22, 544]], [], [true, true]]",
480,q,a,cx_stage1,,"[[[0, 548], [22, 548]], [], [true, true]]",
481,q,a,cx_stage2,,"[[[0, 548], [22, 548]], [], [true, true]]",
482,q,a,cx_stage3,,"[[[0, 548], [22, 548]], [], [true, true]]",
483,q,a,cx_stage1,,"[[[0, 551], [23, 551]], [], [true, true]]",
484,q,a,cx_stage2,,"[[[0, 551], [23, 551]], [], [true, true]]",
485,q,a,cx_stage2,,"[[[0, 57], [8, 57]], [], [true, true]]",
486,q,a,cx_stage3,,"[[[0, 551], [23, 551]], [], [true, true]]",
487,q,a,cx_stage1,,"[[[0, 555], [23, 555]], [], [true, true]]",
488,q,a,cx_stage2,,"[[[0, 555], [23, 555]], [], [true, true]]",
489,q,a,cx_stage3,,"[[[0, 555], [23, 555]], [], [true, true]]",
490,q,a,cx_stage1,,"[[[0, 558], [24, 558]], [], [true, true]]",
491,q,a,cx_stage2,,"[[[0, 558], [24, 558]], [], [true, true]]",
492,q,a,cx_stage3,,"[[[0, 558], [24, 558]], [], [true, true]]",
493,q,a,cx_stage1,,"[[[0, 562], [24, 562]], [], [true, true]]",
494,q,a,cx_stage3,,"[[[0, 57], [8, 57]], [], [true, true]]",
495,q,a,cx_stage2,,"[[[0, 562], [24, 562]], [], [true, true]]",
496,q,a,cx_stage3,,"[[[0, 562], [24, 562]], [], [true, true]]",
497,q,a,cx_stage1,,"[[[0, 565], [25, 565]], [], [true, true]]",
498,q,a,cx_stage2,,"[[[0, 565], [25, 565]], [], [true, true]]",
499,q,a,cx_stage3,,"[[[0, 565], [25, 565]], [], [true, true]]",
500,q,a,cx_stage1,,"[[[0, 569], [25, 569]], [], [true, true]]",
501,q,a,cx_stage2,,"[[[0, 569], [25, 569]], [], [true, true]]",
502,q,a,cx_stage3,,"[[[0, 569], [25, 569]], [], [true, true]]",
503,q,a,cx_stage1,,"[[[0, 572], [26, 572]], [], [true, true]]",
504,q,a,cx_stage1,,"[[[0, 60], [9, 60]], [], [true, true]]",
505,q,a,cx_stage2,,"[[[0, 572], [26, 572]], [], [true, true]]",
506,q,a,cx_stage3,,"[[[0, 572], [26, 572]], [], [true, true]]",
507,q,a,cx_stage1,,"[[[0, 576], [26, 576]], [], [true, true]]",
508,q,a,cx_stage2,,"[[[0, 576], [26, 576]], [], [true, true]]",
509,q,a,cx_stage3,,"[[[0, 576], [26, 576]], [], [true, true]]",
510,q,a,cx_stage1,,"[[[0, 579], [27, 579]], [], [true, true]]",
511,q,a,cx_stage2,,"[[[0, 579], [27, 579]], [], [true, true]]",
512,q,a,cx_stage3,,"[[[0, 579], [27, 579]], [], [true, true]]",
513,q,a,cx_stage1,,"[[[0, 583], [27, 583]], [], [true, true]]",
514,q,a,cx_stage2,,"[[[0, 60], [9, 60]], [], [true, true]]",
515,q,a,cx_stage2,,"[[[0, 583], [27, 583]], [], [true, true]]",
516,q,a,cx_stage3,,"[[[0, 583], [27, 583]], [], [true, true]]",
517,q,a,cx_stage1,,"[[[0, 586], [28, 586]], [], [true, true]]",
518,q,a,cx_stage2,,"[[[0, 586], [28, 586]], [], [true, true]]",
519,q,a,cx_stage3,,"[[[0, 586], [28, 586]], [], [true, true]]",
520,q,a,cx_stage1,,"[[[0, 590], [28, 590]], [], [true, true]]",
521,q,a,cx_stage2,,"[[[0, 590], [28, 590]], [], [true, true]]",
522,q,a,cx_stage3,,"[[[0, 590], [28, 590]], [], [true, true]]",
523,q,a,cx_stage3,,"[[[0, 60], [9, 60]], [], [true, true]]",
524,q,a,cx_stage1,,"[[[0, 593], [29, 593]], [], [true, true]]",
525,q,a,cx_stage2,,"[[[0, 593], [29, 593]], [], [true, true]]",
526,q,a,cx_stage3,,"[[[0, 593], [29, 593]], [], [true, true]]",
527,q,a,cx_stage1,,"[[[0, 597], [29, 597]], [], [true, true]]",
528,q,a,cx_stage2,,"[[[0, 597], [29, 597]], [], [true, true]]",
529,q,a,cx_stage3,,"[[[0, 597], [29, 597]], [], [true, true]]",
530,q,a,cx_stage1,,"[[[0, 600], [30, 600]], [], [true, true]]",
531,q,a,cx_stage2,,"[[[0, 600], [30, 600]], [], [true, true]]",
532,q,a,cx_stage3,,"[[[0, 600], [30, 600]], [], [true, true]]",
533,q,a,cx_stage2,,"[[[0, 8], [1, 8]], [], [true, true]]",
534,q,a,cx_stage1,,"[[[0, 64], [9, 64]], [], [true, true]]",
535,q,a,cx_stage1,,"[[[0, 604], [30, 604]], [], [true, true]]",
536,q,a,cx_stage2,,"[[[0, 604], [30, 604]], [], [true, true]]",
537,q,a,cx_stage3,,"[[[0, 604], [30, 604]], [], [true, true]]",
538,q,a,cx_stage1,,"[[[0, 607], [31, 607]], [], [true, true]]",
539,q,a,cx_stage2,,"[[[0, 607], [31, 607]], [], [true, true]]",
540,q,a,cx_stage3,,"[[[0, 607], [31, 607]], [], [true, true]]",
541,q,a,cx_stage1,,"[[[0, 611], [31, 611]], [], [true, true]]",
542,q,a,cx_stage2,,"[[[0, 611], [31, 611]], [], [true, true]]",
543,q,a,cx_stage3,,"[[[0, 611], [31, 611]], [], [true, true]]",
544,q,a,cx_stage1,,"[[[0, 614], [32, 614]], [], [true, true]]",
545,q,a,cx_stage2,,"[[[0, 614], [32, 614]], [], [true, true]]",
546,q,a,cx_stage3,,"[[[0, 614], [32, 614]], [], [true, true]]",
547,q,a,cx_stage1,,"[[[0, 618], [32, 618]], [], [true, true]]",
548,q,a,cx_stage2,,"[[[0, 618], [32, 618]], [], [true, true]]",
549,q,a,cx_stage3,,"[[[0, 618], [32, 618]], [], [true, true]]",
550,q,a,cx_stage1,,"[[[0, 621], [33, 621]], [], [true, true]]",
551,q,a,cx_stage2,,"[[[0, 621], [33, 621]], [], [true, true]]",
552,q,a,cx_stage2,,"[[[0, 64], [9, 64]], [], [true, true]]",
553,q,a,cx_stage3,,"[[[0, 621], [33, 621]], [], [true, true]]",
554,q,a,cx_stage1,,"[[[0, 625], [33, 625]], [], [true, true]]",
555,q,a,cx_stage2,,"[[[0, 625], [33, 625]], [], [true, true]]",
556,q,a,cx_stage3,,"[[[0, 625], [33, 625]], [], [true, true]]",
557,q,a,cx_stage1,,"[[[0, 628], [34, 628]], [], [true, true]]",
558,q,a,cx_stage2,,"[[[0, 628], [34, 628]], [], [true, true]]",
559,q,a,cx_stage3,,"[[[0, 628], [34, 628]], [], [true, true]]",
560,q,a,cx_stage1,,"[[[0, 632], [34, 632]], [], [true, true]]",
561,q,a,cx_stage3,,"[[[0, 64], [9, 64]], [], [true, true]]",
562,q,a,cx_stage2,,"[[[0, 632], [34, 632]], [], [true, true]]",
563,q,a,cx_stage3,,"[[[0, 632], [34, 632]], [], [true, true]]",
564,q,a,cx_stage1,,"[[[0, 635], [35, 635]], [], [true, true]]",
565,q,a,cx_stage2,,"[[[0, 635], [35, 635]], [], [true, true]]",
566,q,a,cx_stage3,,"[[[0, 635], [35, 635]], [], [true, true]]",
567,q,a,cx_stage1,,"[[[0, 639], [35, 639]], [], [true, true]]",
568,q,a,cx_stage2,,"[[[0, 639], [35, 639]], [], [true, true]]",
569,q,a,cx_stage3,,"[[[0, 639], [35, 639]], [], [true, true]]",
570,q,a,cx_stage1,,"[[[0, 642], [36, 642]], [], [true, true]]",
571,q,a,cx_stage1,,"[[[0, 67], [10, 67]], [], [true, true]]",
572,q,a,cx_stage2,,"[[[0, 642], [36, 642]], [], [true, true]]",
573,q,a,cx_stage3,,"[[[0, 642], [36, 642]], [], [true, true]]",
574,q,a,cx_stage1,,"[[[0, 646], [36, 646]], [], [true, true]]",
575,q,a,cx_stage2,,"[[[0, 646], [36, 646]], [], [true, true]]",
576,q,a,cx_stage3,,"[[[0, 646], [36, 646]], [], [true, true]]",
577,q,a,cx_stage1,,"[[[0, 649], [37, 649]], [], [true, true]]",
578,q,a,cx_stage2,,"[[[0, 649], [37, 649]], [], [true, true]]",
579,q,a,cx_stage3,,"[[[0, 649], [37, 649]], [], [true, true]]",
580,q,a,cx_stage1,,"[[[0, 653], [37, 653]], [], [true, true]]",
581,q,a,cx_stage2,,"[[[0, 67], [10, 67]], [], [true, true]]",
582,q,a,cx_stage2,,"[[[0, 653], [37, 653]], [], [true, true]]",
583,q,a,cx_stage3,,"[[[0, 653], [37, 653]], [], [true, true]]",
584,q,a,cx_stage1,,"[[[0, 656], [38, 656]], [], [true, true]]",
585,q,a,cx_stage2,,"[[[0, 656], [38, 656]], [], [true, true]]",
586,q,a,cx_stage3,,"[[[0, 656], [38, 656]], [], [true, true]]",
587,q,a,cx_stage1,,"[[[0, 660], [38, 660]], [], [true, true]]",
588,q,a,cx_stage2,,"[[[0, 660], [38, 660]], [], [true, true]]",
589,q,a,cx_stage3,,"[[[0, 660], [38, 660]], [], [true, true]]",
590,q,a,cx_stage3,,"[[[0, 67], [10, 67]], [], [true, true]]",
591,q,a,cx_stage1,,"[[[0, 663], [39, 663]], [], [true, true]]",
592,q,a,cx_stage2,,"[[[0, 663], [39, 663]], [], [true, true]]",
593,q,a,cx_stage3,,"[[[0, 663], [39, 663]], [], [true, true]]",
594,q,a,cx_stage1,,"[[[0, 667], [39, 667]], [], [true, true]]",
595,q,a,cx_stage2,,"[[[0, 667], [39, 667]], [], [true, true]]",
596,q,a,cx_stage3,,"[[[0, 667], [39, 667]], [], [true, true]]",
597,q,a,cx_stage1,,"[[[0, 670], [40, 670]], [], [true, true]]",
598,q,a,cx_stage2,,"[[[0, 670], [40, 670]], [], [true, true]]",
599,q,a,cx_stage3,,"[[[0, 670], [40, 670]], [], [true, true]]",
600,q,a,cx_stage1,,"[[[0, 71], [10, 71]], [], [true, true]]",
601,q,a,cx_stage1,,"[[[0, 674], [40, 674]], [], [true, true]]",
602,q,a,cx_stage2,,"[[[0, 674], [40, 674]], [], [true, true]]",
603,q,a,cx_stage3,,"[[[0, 674], [40, 674]], [], [true, true]]",
604,q,a,cx_stage1,,"[[[0, 677], [41, 677]], [], [true, true]]",
605,q,a,cx_stage2,,"[[[0, 677], [41, 677]], [], [true, true]]",
606,q,a,cx_stage3,,"[[[0, 677], [41, 677]], [], [true, true]]",
607,q,a,cx_stage1,,"[[[0, 681], [41, 681]], [], [true, true]]",
608,q,a,cx_stage2,,"[[[0, 681], [41, 681]], [], [true, true]]",
609,q,a,cx_stage3,,"[[[0, 681], [41, 681]], [], [true, true]]",
610,q,a,cx_stage1,,"[[[0, 684], [42, 684]], [], [true, true]]",
611,q,a,cx_stage2,,"[[[0, 684], [42, 684]], [], [true, true]]",
612,q,a,cx_stage3,,"[[[0, 684], [42, 684]], [], [true, true]]",
613,q,a,cx_stage1,,"[[[0, 688], [42, 688]], [], [true, true]]",
614,q,a,cx_stage2,,"[[[0, 688], [42, 688]], [], [true, true]]",
615,q,a,cx_stage3,,"[[[0, 688], [42, 688]], [], [true, true]]",
616,q,a,cx_stage1,,"[[[0, 691], [43, 691]], [], [true, true]]",
617,q,a,cx_stage2,,"[[[0, 691], [43, 691]], [], [true, true]]",
618,q,a,cx_stage2,,"[[[0, 71], [10, 71]], [], [true, true]]",
619,q,a,cx_stage3,,"[[[0, 691], [43, 691]], [], [true, true]]",
620,q,a,cx_stage1,,"[[[0, 695], [43, 695]], [], [true, true]]",
621,q,a,cx_stage2,,"[[[0, 695], [43, 695]], [], [true, true]]",
622,q,a,cx_stage3,,"[[[0, 695], [43, 695]], [], [true, true]]",
623,q,a,cx_stage1,,"[[[0, 698], [44, 698]], [], [true, true]]",
624,q,a,cx_stage2,,"[[[0, 698], [44, 698]], [], [true, true]]",
625,q,a,cx_stage3,,"[[[0, 698], [44, 698]], [], [true, true]]",
626,q,a,cx_stage1,,"[[[0, 702], [44, 702]], [], [true, true]]",
627,q,a,cx_stage3,,"[[[0, 8], [1, 8]], [], [true, true]]",
628,q,a,cx_stage3,,"[[[0, 71], [10, 71]], [], [true, true]]",
629,q,a,cx_stage2,,"[[[0, 702], [44, 702]], [], [true, true]]",
630,q,a,cx_stage3,,"[[[0, 702], [44, 702]], [], [true, true]]",
631,q,a,cx_stage1,,"[[[0, 705], [45, 705]], [], [true, true]]",
632,q,a,cx_stage2,,"[[[0, 705], [45, 705]], [], [true, true]]",
633,q,a,cx_stage3,,"[[[0, 705], [45, 705]], [], [true, true]]",
634,q,a,cx_stage1,,"[[[0, 709], [45, 709]], [], [true, true]]",
635,q,a,cx_stage2,,"[[[0, 709], [45, 709]], [], [true, true]]",
636,q,a,cx_stage3,,"[[[0, 709], [45, 709]], [], [true, true]]",
637,q,a,cx_stage1,,"[[[0, 712], [46, 712]], [], [true, true]]",
638,q,a,cx_stage1,,"[[[0, 74], [11, 74]], [], [true, true]]",
639,q,a,cx_stage2,,"[[[0, 712], [46, 712]], [], [true, true]]",
640,q,a,cx_stage3,,"[[[0, 712], [46, 712]], [], [true, true]]",
641,q,a,cx_stage1,,"[[[0, 716], [46, 716]], [], [true, true]]",
642,q,a,cx_stage2,,"[[[0, 716], [46, 716]], [], [true, true]]",
643,q,a,cx_stage3,,"[[[0, 716], [46, 716]], [], [true, true]]",
644,q,a,cx_stage1,,"[[[0, 719], [47, 719]], [], [true, true]]",
645,q,a,cx_stage2,,"[[[0, 719], [47, 719]], [], [true, true]]",
646,q,a,cx_stage3,,"[[[0, 719], [47, 719]], [], [true, true]]",
647,q,a,cx_stage1,,"[[[0, 723], [47, 723]], [], [true, true]]",
648,q,a,cx_stage2,,"[[[0, 74], [11, 74]], [], [true, true]]",
649,q,a,cx_stage2,,"[[[0, 723], [47, 723]], [], [true, true]]",
650,q,a,cx_stage3,,"[[[0, 723], [47, 723]], [], [true, true]]",
651,q,a,cx_stage1,,"[[[0, 726], [48, 726]], [], [true, true]]",
652,q,a,cx_stage2,,"[[[0, 726], [48, 726]], [], [true, true]]",
653,q,a,cx_stage3,,"[[[0, 726], [48, 726]], [], [true, true]]",
654,q,a,cx_stage1,,"[[[0, 730], [48, 730]], [], [true, true]]",
655,q,a,cx_stage2,,"[[[0, 730], [48, 730]], [], [true, true]]",
656,q,a,cx_stage3,,"[[[0, 730], [48, 730]], [], [true, true]]",
657,q,a,cx_stage3,,"[[[0, 74], [11, 74]], [], [true, true]]",
658,q,a,cx_stage1,,"[[[0, 733], [49, 733]], [], [true, true]]",
659,q,a,cx_stage2,,"[[[0, 733], [49, 733]], [], [true, true]]",
660,q,a,cx_stage3,,"[[[0, 733], [49, 733]], [], [true, true]]",
661,q,a,cx_stage1,,"[[[0, 737], [49, 737]], [], [true, true]]",
662,q,a,cx_stage2,,"[[[0, 737], [49, 737]], [], [true, true]]",
663,q,a,cx_stage3,,"[[[0, 737], [49, 737]], [], [true, true]]",
664,q,a,cx_stage1,,"[[[0, 740], [50, 740]], [], [true, true]]",
665,q,a,cx_stage2,,"[[[0, 740], [50, 740]], [], [true, true]]",
666,q,a,cx_stage3,,"[[[0, 740], [50, 740]], [], [true, true]]",
667,q,a,cx_stage1,,"[[[0, 78], [11, 78]], [], [true, true]]",
668,q,a,cx_stage1,,"[[[0, 744], [50, 744]], [], [true, true]]",
669,q,a,cx_stage2,,"[[[0, 744], [50, 744]], [], [true, true]]",
670,q,a,cx_stage3,,"[[[0, 744], [50, 744]], [], [true, true]]",
671,q,a,cx_stage1,,"[[[0, 747], [51, 747]], [], [true, true]]",
672,q,a,cx_stage2,,"[[[0, 747], [51, 747]], [], [true, true]]",
673,q,a,cx_stage3,,"[[[0, 747], [51, 747]], [], [true, true]]",
674,q,a,cx_stage1,,"[[[0, 751], [51, 751]], [], [true, true]]",
675,q,a,cx_stage2,,"[[[0, 751], [51, 751]], [], [true, true]]",
676,q,a,cx_stage3,,"[[[0, 751], [51, 751]], [], [true, true]]",
677,q,a,cx_stage1,,"[[[0, 754], [52, 754]], [], [true, true]]",
678,q,a,cx_stage2,,"[[[0, 754], [52, 754]], [], [true, true]]",
679,q,a,cx_stage3,,"[[[0, 754], [52, 754]], [], [true, true]]",
680,q,a,cx_stage1,,"[[[0, 758], [52, 758]], [], [true, true]]",
681,q,a,cx_stage2,,"[[[0, 758], [52, 758]], [], [true, true]]",
682,q,a,cx_stage3,,"[[[0, 758], [52, 758]], [], [true, true]]",
683,q,a,cx_stage1,,"[[[0, 761], [53, 761]], [], [true, true]]",
684,q,a,cx_stage2,,"[[[0, 761], [53, 761]], [], [true, true]]",
685,q,a,cx_stage2,,"[[[0, 78], [11, 78]], [], [true, true]]",
686,q,a,cx_stage3,,"[[[0, 761], [53, 761]], [], [true, true]]",
687,q,a,cx_stage1,,"[[[0, 765], [53, 765]], [], [true, true]]",
688,q,a,cx_stage2,,"[[[0, 765], [53, 765]], [], [true, true]]",
689,q,a,cx_stage3,,"[[[0, 765], [53, 765]], [], [true, true]]",
690,q,a,cx_stage1,,"[[[0, 768], [54, 768]], [], [true, true]]",
691,q,a,cx_stage2,,"[[[0, 768], [54, 768]], [], [true, true]]",
692,q,a,cx_stage3,,"[[[0, 768], [54, 768]], [], [true, true]]",
693,q,a,cx_stage1,,"[[[0, 772], [54, 772]], [], [true, true]]",
694,q,a,cx_stage3,,"[[[0, 78], [11, 78]], [], [true, true]]",
695,q,a,cx_stage2,,"[[[0, 772], [54, 772]], [], [true, true]]",
696,q,a,cx_stage3,,"[[[0, 772], [54, 772]], [], [true, true]]",
697,q,a,cx_stage1,,"[[[0, 775], [55, 775]], [], [true, true]]",
698,q,a,cx_stage2,,"[[[0, 775], [55, 775]], [], [true, true]]",
699,q,a,cx_stage3,,"[[[0, 775], [55, 775]], [], [true, true]]",
700,q,a,cx_stage1,,"[[[0, 779], [55, 779]], [], [true, true]]",
701,q,a,cx_stage2,,"[[[0, 779], [55, 779]], [], [true, true]]",
702,q,a,cx_stage3,,"[[[0, 779], [55, 779]], [], [true, true]]",
703,q,a,ry,,"[[[0, 780]], [], [true]]",
704,q,a,cx_stage1,,"[[[0, 81], [12, 81]], [], [true, true]]",
705,q,a,cx_stage2,,"[[[0, 81], [12, 81]], [], [true, true]]",
706,q,a,cx_stage1,,"[[[0, 11], [2, 11]], [], [true, true]]",
707,q,a,cx_stage3,,"[[[0, 81], [12, 81]], [], [true, true]]",
708,q,a,cx_stage1,,"[[[0, 85], [12, 85]], [], [true, true]]",
709,q,a,cx_stage2,,"[[[0, 85], [12, 85]], [], [true, true]]",
710,q,a,cx_stage3,,"[[[0, 85], [12, 85]], [], [true, true]]",
711,q,a,cx_stage1,,"[[[0, 88], [13, 88]], [], [true, true]]",
712,q,a,cx_stage2,,"[[[0, 88], [13, 88]], [], [true, true]]",
713,q,a,cx_stage3,,"[[[0, 88], [13, 88]], [], [true, true]]",
714,q,a,cx_stage1,,"[[[0, 92], [13, 92]], [], [true, true]]",
715,q,a,cx_stage2,,"[[[0, 92], [13, 92]], [], [true, true]]",
716,q,a,cx_stage3,,"[[[0, 92], [13, 92]], [], [true, true]]",
717,q,a,cx_stage1,,"[[[0, 95], [14, 95]], [], [true, true]]",
718,q,a,cx_stage2,,"[[[0, 95], [14, 95]], [], [true, true]]",
719,q,a,cx_stage3,,"[[[0, 95], [14, 95]], [], [true, true]]",
720,q,a,cx_stage1,,"[[[0, 99], [14, 99]], [], [true, true]]",
721,q,a,cx_stage2,,"[[[0, 99], [14, 99]], [], [true, true]]",
722,q,a,cx_stage3,,"[[[0, 99], [14, 99]], [], [true, true]]",
723,q,a,u2,,"[[[10, 1]], [], [true]]",
724,q,a,cx_stage1,,"[[[0, 67], [10, 67]], [], [true, true]]",
725,q,a,cx_stage2,,"[[[5, 102], [10, 102]], [], [true, true]]",
726,q,a,cx_stage1,,"[[[5, 102], [10, 102]], [], [true, true]]",
727,q,a,cx_stage3,,"[[[5, 102], [10, 102]], [], [true, true]]",
728,q,a,p,,"[[[10, 103]], [], [true]]",
729,q,a,cx_stage1,,"[[[5, 106], [10, 106]], [], [true, true]]",
730,q,a,cx_stage2,,"[[[5, 106], [10, 106]], [], [true, true]]",
731,q,a,cx_stage3,,"[[[5, 106], [10, 106]], [], [true, true]]",
732,q,a,cx_stage1,,"[[[6, 109], [10, 109]], [], [true, true]]",
733,q,a,cx_stage2,,"[[[6, 109], [10, 109]], [], [true, true]]",
734,q,a,cx_stage3,,"[[[6, 109], [10, 109]], [], [true, true]]",
735,q,a,p,,"[[[10, 110]], [], [true]]",
736,q,a,cx_stage1,,"[[[6, 113], [10, 113]], [], [true, true]]",
737,q,a,cx_stage2,,"[[[6, 113], [10, 113]], [], [true, true]]",
738,q,a,cx_stage3,,"[[[6, 113], [10, 113]], [], [true, true]]",
739,q,a,cx_stage1,,"[[[7, 116], [10, 116]], [], [true, true]]",
740,q,a,cx_stage2,,"[[[7, 116], [10, 116]], [], [true, true]]",
741,q,a,cx_stage3,,"[[[7, 116], [10, 116]], [], [true, true]]",
742,q,a,p,,"[[[10, 117]], [], [true]]",
743,q,a,cx_stage1,,"[[[7, 120], [10, 120]], [], [true, true]]",
744,q,a,cx_stage2,,"[[[7, 120], [10, 120]], [], [true, true]]",
745,q,a,cx_stage3,,"[[[7, 120], [10, 120]], [], [true, true]]",
746,q,a,cx_stage1,,"[[[8, 123], [10, 123]], [], [true, true]]",
747,q,a,cx_stage2,,"[[[8, 123], [10, 123]], [], [true, true]]",
748,q,a,cx_stage3,,"[[[8, 123], [10, 123]], [], [true, true]]",
749,q,a,p,,"[[[10, 124]], [], [true]]",
750,q,a,cx_stage1,,"[[[8, 127], [10, 127]], [], [true, true]]",
751,q,a,cx_stage2,,"[[[8, 127], [10, 127]], [], [true, true]]",
752,q,a,cx_stage3,,"[[[8, 127], [10, 127]], [], [true, true]]",
753,q,a,cx_stage1,,"[[[9, 130], [10, 130]], [], [true, true]]",
754,q,a,cx_stage2,,"[[[9, 130], [10, 130]], [], [true, true]]",
755,q,a,cx_stage3,,"[[[9, 130], [10, 130]], [], [true, true]]",
756,q,a,cx_stage2,,"[[[10, 1293], [11, 1293]], [], [true, true]]",
757,q,a,cx_stage1,,"[[[10, 1293], [11, 1293]], [], [true, true]]",
758,q,a,cx_stage3,,"[[[10, 1293], [11, 1293]], [], [true, true]]",
759,q,a,cx_stage1,,"[[[9, 1296], [10, 1296]], [], [true, true]]",
760,q,a,cx_stage2,,"[[[9, 1296], [10, 1296]], [], [true, true]]",
761,q,a,cx_stage3,,"[[[9, 1296], [10, 1296]], [], [true, true]]",
762,q,a,ry,,"[[[10, 1297]], [], [true]]",
763,q,a,p,,"[[[10, 131]], [], [true]]",
764,q,a,cx_stage1,,"[[[9, 134], [10, 134]], [], [true, true]]",
765,q,a,cx_stage2,,"[[[9, 134], [10, 134]], [], [true, true]]",
766,q,a,cx_stage3,,"[[[9, 134], [10, 134]], [], [true, true]]",
767,q,a,cx_stage1,,"[[[10, 144], [11, 144]], [], [true, true]]",
768,q,a,cx_stage2,,"[[[10, 144], [11, 144]], [], [true, true]]",
769,q,a,cx_stage3,,"[[[10, 144], [11, 144]], [], [true, true]]",
770,q,a,cx_stage1,,"[[[10, 148], [11, 148]], [], [true, true]]",
771,q,a,cx_stage2,,"[[[10, 148], [11, 148]], [], [true, true]]",
772,q,a,cx_stage3,,"[[[10, 148], [11, 148]], [], [true, true]]",
773,q,a,cx_stage1,,"[[[10, 151], [12, 151]], [], [true, true]]",
774,q,a,cx_stage2,,"[[[10, 151], [12, 151]], [], [true, true]]",
775,q,a,cx_stage3,,"[[[10, 151], [12, 151]], [], [true, true]]",
776,q,a,cx_stage1,,"[[[10, 155], [12, 155]], [], [true, true]]",
777,q,a,cx_stage2,,"[[[10, 155], [12, 155]], [], [true, true]]",
778,q,a,cx_stage3,,"[[[10, 155], [12, 155]], [], [true, true]]",
779,q,a,cx_stage1,,"[[[10, 158], [13, 158]], [], [true, true]]",
780,q,a,cx_stage2,,"[[[10, 158], [13, 158]], [], [true, true]]",
781,q,a,cx_stage3,,"[[[10, 158], [13, 158]], [], [true, true]]",
782,q,a,cx_stage1,,"[[[10, 162], [13, 162]], [], [true, true]]",
783,q,a,cx_stage2,,"[[[10, 162], [13, 162]], [], [true, true]]",
784,q,a,cx_stage3,,"[[[10, 162], [13, 162]], [], [true, true]]",
785,q,a,cx_stage1,,"[[[10, 165], [14, 165]], [], [true, true]]",
786,q,a,cx_stage2,,"[[[10, 165], [14, 165]], [], [true, true]]",
787,q,a,cx_stage3,,"[[[10, 165], [14, 165]], [], [true, true]]",
788,q,a,cx_stage1,,"[[[10, 169], [14, 169]], [], [true, true]]",
789,q,a,cx_stage2,,"[[[10, 169], [14, 169]], [], [true, true]]",
790,q,a,cx_stage3,,"[[[10, 169], [14, 169]], [], [true, true]]",
791,q,a,cx_stage1,,"[[[10, 172], [15, 172]], [], [true, true]]",
792,q,a,cx_stage2,,"[[[10, 172], [15, 172]], [], [true, true]]",
793,q,a,cx_stage3,,"[[[10, 172], [15, 172]], [], [true, true]]",
794,q,a,cx_stage1,,"[[[10, 176], [15, 176]], [], [true, true]]",
795,q,a,cx_stage2,,"[[[10, 176], [15, 176]], [], [true, true]]",
796,q,a,cx_stage3,,"[[[10, 176], [15, 176]], [], [true, true]]",
797,q,a,cx_stage1,,"[[[10, 179], [16, 179]], [], [true, true]]",
798,q,a,cx_stage2,,"[[[10, 179], [16, 179]], [], [true, true]]",
799,q,a,cx_stage3,,"[[[10, 179], [16, 179]], [], [true, true]]",
800,q,a,cx_stage1,,"[[[10, 183], [16, 183]], [], [true, true]]",
801,q,a,cx_stage2,,"[[[10, 183], [16, 183]], [], [true, true]]",
802,q,a,cx_stage3,,"[[[10, 183], [16, 183]], [], [true, true]]",
803,q,a,cx_stage1,,"[[[10, 186], [17, 186]], [], [true, true]]",
804,q,a,cx_stage2,,"[[[10, 186], [17, 186]], [], [true, true]]",
805,q,a,cx_stage3,,"[[[10, 186], [17, 186]], [], [true, true]]",
806,q,a,cx_stage1,,"[[[10, 190], [17, 190]], [], [true, true]]",
807,q,a,cx_stage2,,"[[[10, 190], [17, 190]], [], [true, true]]",
808,q,a,cx_stage3,,"[[[10, 190], [17, 190]], [], [true, true]]",
809,q,a,cx_stage1,,"[[[10, 193], [18, 193]], [], [true, true]]",
810,q,a,cx_stage2,,"[[[10, 193], [18, 193]], [], [true, true]]",
811,q,a,cx_stage3,,"[[[10, 193], [18, 193]], [], [true, true]]",
812,q,a,cx_stage1,,"[[[10, 197], [18, 197]], [], [true, true]]",
813,q,a,cx_stage2,,"[[[10, 197], [18, 197]], [], [true, true]]",
814,q,a,cx_stage3,,"[[[10, 197], [18, 197]], [], [true, true]]",
815,q,a,cx_stage1,,"[[[10, 200], [19, 200]], [], [true, true]]",
816,q,a,cx_stage2,,"[[[10, 200], [19, 200]], [], [true, true]]",
817,q,a,cx_stage3,,"[[[10, 200], [19, 200]], [], [true, true]]",
818,q,a,cx_stage1,,"[[[10, 204], [19, 204]], [], [true, true]]",
819,q,a,cx_stage2,,"[[[10, 204], [19, 204]], [], [true, true]]",
820,q,a,cx_stage3,,"[[[10, 204], [19, 204]], [], [true, true]]",
821,q,a,cx_stage1,,"[[[10, 207], [20, 207]], [], [true, true]]",
822,q,a,cx_stage2,,"[[[10, 207], [20, 207]], [], [true, true]]",
823,q,a,cx_stage3,,"[[[10, 207], [20, 207]], [], [true, true]]",
824,q,a,cx_stage1,,"[[[10, 211], [20, 211]], [], [true, true]]",
825,q,a,cx_stage2,,"[[[10, 211], [20, 211]], [], [true, true]]",
826,q,a,cx_stage3,,"[[[10, 211], [20, 211]], [], [true, true]]",
827,q,a,cx_stage1,,"[[[10, 214], [21, 214]], [], [true, true]]",
828,q,a,cx_stage2,,"[[[10, 214], [21, 214]], [], [true, true]]",
829,q,a,cx_stage3,,"[[[10, 214], [21, 214]], [], [true, true]]",
830,q,a,cx_stage1,,"[[[10, 218], [21, 218]], [], [true, true]]",
831,q,a,cx_stage2,,"[[[10, 218], [21, 218]], [], [true, true]]",
832,q,a,cx_stage3,,"[[[10, 218], [21, 218]], [], [true, true]]",
833,q,a,cx_stage1,,"[[[10, 221], [22, 221]], [], [true, true]]",
834,q,a,cx_stage2,,"[[[10, 221], [22, 221]], [], [true, true]]",
835,q,a,cx_stage3,,"[[[10, 221], [22, 221]], [], [true, true]]",
836,q,a,cx_stage1,,"[[[10, 225], [22, 225]], [], [true, true]]",
837,q,a,cx_stage2,,"[[[10, 225], [22, 225]], [], [true, true]]",
838,q,a,cx_stage3,,"[[[10, 225], [22, 225]], [], [true, true]]",
839,q,a,cx_stage1,,"[[[10, 228], [23, 228]], [], [true, true]]",
840,q,a,cx_stage2,,"[[[10, 228], [23, 228]], [], [true, true]]",
841,q,a,cx_stage3,,"[[[10, 228], [23, 228]], [], [true, true]]",
842,q,a,cx_stage1,,"[[[10, 232], [23, 232]], [], [true, true]]",
843,q,a,cx_stage2,,"[[[10, 232], [23, 232]], [], [true, true]]",
844,q,a,cx_stage3,,"[[[10, 232], [23, 232]], [], [true, true]]",
845,q,a,cx_stage1,,"[[[10, 235], [24, 235]], [], [true, true]]",
846,q,a,cx_stage2,,"[[[10, 235], [24, 235]], [], [true, true]]",
847,q,a,cx_stage3,,"[[[10, 235], [24, 235]], [], [true, true]]",
848,q,a,cx_stage1,,"[[[10, 239], [24, 239]], [], [true, true]]",
849,q,a,cx_stage2,,"[[[10, 239], [24, 239]], [], [true, true]]",
850,q,a,cx_stage3,,"[[[10, 239], [24, 239]], [], [true, true]]",
851,q,a,cx_stage1,,"[[[10, 242], [25, 242]], [], [true, true]]",
852,q,a,cx_stage2,,"[[[10, 242], [25, 242]], [], [true, true]]",
853,q,a,cx_stage3,,"[[[10, 242], [25, 242]], [], [true, true]]",
854,q,a,cx_stage1,,"[[[10, 246], [25, 246]], [], [true, true]]",
855,q,a,cx_stage2,,"[[[10, 246], [25, 246]], [], [true, true]]",
856,q,a,cx_stage3,,"[[[10, 246], [25, 246]], [], [true, true]]",
857,q,a,cx_stage1,,"[[[10, 249], [26, 249]], [], [true, true]]",
858,q,a,cx_stage2,,"[[[10, 249], [26, 249]], [], [true, true]]",
859,q,a,cx_stage3,,"[[[10, 249], [26, 249]], [], [true, true]]",
860,q,a,cx_stage1,,"[[[10, 253], [26, 253]], [], [true, true]]",
861,q,a,cx_stage2,,"[[[10, 253], [26, 253]], [], [true, true]]",
862,q,a,cx_stage3,,"[[[10, 253], [26, 253]], [], [true, true]]",
863,q,a,cx_stage1,,"[[[10, 256], [27, 256]], [], [true, true]]",
864,q,a,cx_stage2,,"[[[10, 256], [27, 256]], [], [true, true]]",
865,q,a,cx_stage3,,"[[[10, 256], [27, 256]], [], [true, true]]",
866,q,a,cx_stage1,,"[[[10, 260], [27, 260]], [], [true, true]]",
867,q,a,cx_stage2,,"[[[10, 260], [27, 260]], [], [true, true]]",
868,q,a,cx_stage3,,"[[[10, 260], [27, 260]], [], [true, true]]",
869,q,a,cx_stage1,,"[[[10, 263], [28, 263]], [], [true, true]]",
870,q,a,cx_stage2,,"[[[10, 263], [28, 263]], [], [true, true]]",
871,q,a,cx_stage3,,"[[[10, 263], [28, 263]], [], [true, true]]",
872,q,a,cx_stage1,,"[[[10, 267], [28, 267]], [], [true, true]]",
873,q,a,cx_stage2,,"[[[10, 267], [28, 267]], [], [true, true]]",
874,q,a,cx_stage3,,"[[[10, 267], [28, 267]], [], [true, true]]",
875,q,a,cx_stage1,,"[[[10, 270], [29, 270]], [], [true, true]]",
876,q,a,cx_stage2,,"[[[10, 270], [29, 270]], [], [true, true]]",
877,q,a,cx_stage3,,"[[[10, 270], [29, 270]], [], [true, true]]",
878,q,a,cx_stage1,,"[[[10, 274], [29, 274]], [], [true, true]]",
879,q,a,cx_stage2,,"[[[10, 274], [29, 274]], [], [true, true]]",
880,q,a,cx_stage3,,"[[[10, 274], [29, 274]], [], [true, true]]",
881,q,a,cx_stage1,,"[[[10, 277], [30, 277]], [], [true, true]]",
882,q,a,cx_stage2,,"[[[10, 277], [30, 277]], [], [true, true]]",
883,q,a,cx_stage3,,"[[[10, 277], [30, 277]], [], [true, true]]",
884,q,a,cx_stage1,,"[[[10, 281], [30, 281]], [], [true, true]]",
885,q,a,cx_stage2,,"[[[10, 281], [30, 281]], [], [true, true]]",
886,q,a,cx_stage3,,"[[[10, 281], [30, 281]], [], [true, true]]",
887,q,a,cx_stage1,,"[[[10, 284], [31, 284]], [], [true, true]]",
888,q,a,cx_stage2,,"[[[10, 284], [31, 284]], [], [true, true]]",
889,q,a,cx_stage3,,"[[[10, 284], [31, 284]], [], [true, true]]",
890,q,a,cx_stage1,,"[[[10, 288], [31, 288]], [], [true, true]]",
891,q,a,cx_stage2,,"[[[10, 288], [31, 288]], [], [true, true]]",
892,q,a,cx_stage3,,"[[[10, 288], [31, 288]], [], [true, true]]",
893,q,a,cx_stage1,,"[[[10, 291], [32, 291]], [], [true, true]]",
894,q,a,cx_stage2,,"[[[10, 291], [32, 291]], [], [true, true]]",
895,q,a,cx_stage3,,"[[[10, 291], [32, 291]], [], [true, true]]",
896,q,a,cx_stage1,,"[[[10, 295], [32, 295]], [], [true, true]]",
897,q,a,cx_stage2,,"[[[10, 295], [32, 295]], [], [true, true]]",
898,q,a,cx_stage3,,"[[[10, 295], [32, 295]], [], [true, true]]",
899,q,a,cx_stage1,,"[[[10, 298], [33, 298]], [], [true, true]]",
900,q,a,cx_stage2,,"[[[10, 298], [33, 298]], [], [true, true]]",
901,q,a,cx_stage3,,"[[[10, 298], [33, 298]], [], [true, true]]",
902,q,a,cx_stage1,,"[[[10, 302], [33, 302]], [], [true, true]]",
903,q,a,cx_stage2,,"[[[10, 302], [33, 302]], [], [true, true]]",
904,q,a,cx_stage3,,"[[[10, 302], [33, 302]], [], [true, true]]",
905,q,a,cx_stage1,,"[[[10, 305], [34, 305]], [], [true, true]]",
906,q,a,cx_stage2,,"[[[10, 305], [34, 305]], [], [true, true]]",
907,q,a,cx_stage3,,"[[[10, 305], [34, 305]], [], [true, true]]",
908,q,a,cx_stage1,,"[[[10, 309], [34, 309]], [], [true, true]]",
909,q,a,cx_stage2,,"[[[10, 309], [34, 309]], [], [true, true]]",
910,q,a,cx_stage3,,"[[[10, 309], [34, 309]], [], [true, true]]",
911,q,a,cx_stage1,,"[[[10, 312], [35, 312]], [], [true, true]]",
912,q,a,cx_stage2,,"[[[10, 312], [35, 312]], [], [true, true]]",
913,q,a,cx_stage3,,"[[[10, 312], [35, 312]], [], [true, true]]",
914,q,a,cx_stage1,,"[[[10, 316], [35, 316]], [], [true, true]]",
915,q,a,cx_stage2,,"[[[10, 316], [35, 316]], [], [true, true]]",
916,q,a,cx_stage3,,"[[[10, 316], [35, 316]], [], [true, true]]",
917,q,a,cx_stage1,,"[[[10, 319], [36, 319]], [], [true, true]]",
918,q,a,cx_stage2,,"[[[10, 319], [36, 319]], [], [true, true]]",
919,q,a,cx_stage3,,"[[[10, 319], [36, 319]], [], [true, true]]",
920,q,a,cx_stage1,,"[[[10, 323], [36, 323]], [], [true, true]]",
921,q,a,cx_stage2,,"[[[10, 323], [36, 323]], [], [true, true]]",
922,q,a,cx_stage3,,"[[[10, 323], [36, 323]], [], [true, true]]",
923,q,a,cx_stage1,,"[[[10, 326], [37, 326]], [], [true, true]]",
924,q,a,cx_stage2,,"[[[10, 326], [37, 326]], [], [true, true]]",
925,q,a,cx_stage3,,"[[[10, 326], [37, 326]], [], [true, true]]",
926,q,a,cx_stage1,,"[[[10, 330], [37, 330]], [], [true, true]]",
927,q,a,cx_stage2,,"[[[10, 330], [37, 330]], [], [true, true]]",
928,q,a,cx_stage3,,"[[[10, 330], [37, 330]], [], [true, true]]",
929,q,a,cx_stage1,,"[[[10, 333], [38, 333]], [], [true, true]]",
930,q,a,cx_stage2,,"[[[10, 333], [38, 333]], [], [true, true]]",
931,q,a,cx_stage3,,"[[[10, 333], [38, 333]], [], [true, true]]",
932,q,a,cx_stage1,,"[[[10, 337], [38, 337]], [], [true, true]]",
933,q,a,cx_stage2,,"[[[10, 337], [38, 337]], [], [true, true]]",
934,q,a,cx_stage3,,"[[[10, 337], [38, 337]], [], [true, true]]",
935,q,a,cx_stage1,,"[[[10, 340], [39, 340]], [], [true, true]]",
936,q,a,cx_stage2,,"[[[10, 340], [39, 340]], [], [true, true]]",
937,q,a,cx_stage3,,"[[[10, 340], [39, 340]], [], [true, true]]",
938,q,a,cx_stage1,,"[[[10, 344], [39, 344]], [], [true, true]]",
939,q,a,cx_stage2,,"[[[10, 344], [39, 344]], [], [true, true]]",
940,q,a,cx_stage3,,"[[[10, 344], [39, 344]], [], [true, true]]",
941,q,a,cx_stage1,,"[[[10, 347], [40, 347]], [], [true, true]]",
942,q,a,cx_stage2,,"[[[10, 347], [40, 347]], [], [true, true]]",
943,q,a,cx_stage3,,"[[[10, 347], [40, 347]], [], [true, true]]",
944,q,a,cx_stage1,,"[[[10, 351], [40, 351]], [], [true, true]]",
945,q,a,cx_stage2,,"[[[10, 351], [40, 351]], [], [true, true]]",
946,q,a,cx_stage3,,"[[[10, 351], [40, 351]], [], [true, true]]",
947,q,a,cx_stage1,,"[[[10, 354], [41, 354]], [], [true, true]]",
948,q,a,cx_stage2,,"[[[10, 354], [41, 354]], [], [true, true]]",
949,q,a,cx_stage3,,"[[[10, 354], [41, 354]], [], [true, true]]",
950,q,a,cx_stage1,,"[[[10, 358], [41, 358]], [], [true, true]]",
951,q,a,cx_stage2,,"[[[10, 358], [41, 358]], [], [true, true]]",
952,q,a,cx_stage3,,"[[[10, 358], [41, 358]], [], [true, true]]",
953,q,a,cx_stage1,,"[[[10, 361], [42, 361]], [], [true, true]]",
954,q,a,cx_stage2,,"[[[10, 361], [42, 361]], [], [true, true]]",
955,q,a,cx_stage3,,"[[[10, 361], [42, 361]], [], [true, true]]",
956,q,a,cx_stage1,,"[[[10, 365], [42, 365]], [], [true, true]]",
957,q,a,cx_stage2,,"[[[10, 365], [42, 365]], [], [true, true]]",
958,q,a,cx_stage3,,"[[[10, 365], [42, 365]], [], [true, true]]",
959,q,a,cx_stage1,,"[[[10, 368], [43, 368]], [], [true, true]]",
960,q,a,cx_stage2,,"[[[10, 368], [43, 368]], [], [true, true]]",
961,q,a,cx_stage3,,"[[[10, 368], [43, 368]], [], [true, true]]",
962,q,a,cx_stage1,,"[[[10, 372], [43, 372]], [], [true, true]]",
963,q,a,cx_stage2,,"[[[10, 372], [43, 372]], [], [true, true]]",
964,q,a,cx_stage3,,"[[[10, 372], [43, 372]], [], [true, true]]",
965,q,a,cx_stage1,,"[[[10, 375], [44, 375]], [], [true, true]]",
966,q,a,cx_stage2,,"[[[10, 375], [44, 375]], [], [true, true]]",
967,q,a,cx_stage3,,"[[[10, 375], [44, 375]], [], [true, true]]",
968,q,a,cx_stage1,,"[[[10, 379], [44, 379]], [], [true, true]]",
969,q,a,cx_stage2,,"[[[10, 379], [44, 379]], [], [true, true]]",
970,q,a,cx_stage3,,"[[[10, 379], [44, 379]], [], [true, true]]",
971,q,a,cx_stage1,,"[[[10, 382], [45, 382]], [], [true, true]]",
972,q,a,cx_stage2,,"[[[10, 382], [45, 382]], [], [true, true]]",
973,q,a,cx_stage3,,"[[[10, 382], [45, 382]], [], [true, true]]",
974,q,a,cx_stage1,,"[[[10, 386], [45, 386]], [], [true, true]]",
975,q,a,cx_stage2,,"[[[10, 386], [45, 386]], [], [true, true]]",
976,q,a,cx_stage3,,"[[[10, 386], [45, 386]], [], [true, true]]",
977,q,a,cx_stage1,,"[[[10, 389], [46, 389]], [], [true, true]]",
978,q,a,cx_stage2,,"[[[10, 389], [46, 389]], [], [true, true]]",
979,q,a,cx_stage3,,"[[[10, 389], [46, 389]], [], [true, true]]",
980,q,a,cx_stage1,,"[[[10, 393], [46, 393]], [], [true, true]]",
981,q,a,cx_stage2,,"[[[10, 393], [46, 393]], [], [true, true]]",
982,q,a,cx_stage3,,"[[[10, 393], [46, 393]], [], [true, true]]",
983,q,a,cx_stage1,,"[[[10, 396], [47, 396]], [], [true, true]]",
984,q,a,cx_stage2,,"[[[10, 396], [47, 396]], [], [true, true]]",
985,q,a,cx_stage3,,"[[[10, 396], [47, 396]], [], [true, true]]",
986,q,a,cx_stage1,,"[[[10, 400], [47, 400]], [], [true, true]]",
987,q,a,cx_stage2,,"[[[10, 400], [47, 400]], [], [true, true]]",
988,q,a,cx_stage3,,"[[[10, 400], [47, 400]], [], [true, true]]",
989,q,a,cx_stage1,,"[[[10, 403], [48, 403]], [], [true, true]]",
990,q,a,cx_stage2,,"[[[10, 403], [48, 403]], [], [true, true]]",
991,q,a,cx_stage3,,"[[[10, 403], [48, 403]], [], [true, true]]",
992,q,a,cx_stage1,,"[[[10, 407], [48, 407]], [], [true, true]]",
993,q,a,cx_stage2,,"[[[10, 407], [48, 407]], [], [true, true]]",
994,q,a,cx_stage3,,"[[[10, 407], [48, 407]], [], [true, true]]",
995,q,a,cx_stage1,,"[[[10, 410], [49, 410]], [], [true, true]]",
996,q,a,cx_stage2,,"[[[10, 410], [49, 410]], [], [true, true]]",
997,q,a,cx_stage3,,"[[[10, 410], [49, 410]], [], [true, true]]",
998,q,a,cx_stage1,,"[[[10, 414], [49, 414]], [], [true, true]]",
999,q,a,cx_stage2,,"[[[10, 414], [49, 414]], [], [true, true]]",
1000,q,a,cx_stage3,,"[[[10, 414], [49, 414]], [], [true, true]]",
1001,q,a,cx_stage1,,"[[[10, 417], [50, 417]], [], [true, true]]",
1002,q,a,cx_stage2,,"[[[10, 417], [50, 417]], [], [true, true]]",
1003,q,a,cx_stage3,,"[[[10, 417], [50, 417]], [], [true, true]]",
1004,q,a,cx_stage1,,"[[[10, 421], [50, 421]], [], [true, true]]",
1005,q,a,cx_stage2,,"[[[10, 421], [50, 421]], [], [true, true]]",
1006,q,a,cx_stage3,,"[[[10, 421], [50, 421]], [], [true, true]]",
1007,q,a,cx_stage1,,"[[[10, 424], [51, 424]], [], [true, true]]",
1008,q,a,cx_stage2,,"[[[10, 424], [51, 424]], [], [true, true]]",
1009,q,a,cx_stage3,,"[[[10, 424], [51, 424]], [], [true, true]]",
1010,q,a,cx_stage1,,"[[[10, 428], [51, 428]], [], [true, true]]",
1011,q,a,cx_stage2,,"[[[10, 428], [51, 428]], [], [true, true]]",
1012,q,a,cx_stage3,,"[[[10, 428], [51, 428]], [], [true, true]]",
1013,q,a,cx_stage1,,"[[[10, 431], [52, 431]], [], [true, true]]",
1014,q,a,cx_stage2,,"[[[10, 431], [52, 431]], [], [true, true]]",
1015,q,a,cx_stage3,,"[[[10, 431], [52, 431]], [], [true, true]]",
1016,q,a,cx_stage1,,"[[[10, 435], [52, 435]], [], [true, true]]",
1017,q,a,cx_stage2,,"[[[10, 435], [52, 435]], [], [true, true]]",
1018,q,a,cx_stage3,,"[[[10, 435], [52, 435]], [], [true, true]]",
1019,q,a,cx_stage1,,"[[[10, 438], [53, 438]], [], [true, true]]",
1020,q,a,cx_stage2,,"[[[10, 438], [53, 438]], [], [true, true]]",
1021,q,a,cx_stage3,,"[[[10, 438], [53, 438]], [], [true, true]]",
1022,q,a,cx_stage1,,"[[[10, 442], [53, 442]], [], [true, true]]",
1023,q,a,cx_stage2,,"[[[10, 442], [53, 442]], [], [true, true]]",
1024,q,a,cx_stage3,,"[[[10, 442], [53, 442]], [], [true, true]]",
1025,q,a,cx_stage1,,"[[[10, 445], [54, 445]], [], [true, true]]",
1026,q,a,cx_stage2,,"[[[10, 445], [54, 445]], [], [true, true]]",
1027,q,a,cx_stage3,,"[[[10, 445], [54, 445]], [], [true, true]]",
1028,q,a,cx_stage1,,"[[[10, 449], [54, 449]], [], [true, true]]",
1029,q,a,cx_stage2,,"[[[10, 449], [54, 449]], [], [true, true]]",
1030,q,a,cx_stage3,,"[[[10, 449], [54, 449]], [], [true, true]]",
1031,q,a,cx_stage1,,"[[[10, 452], [55, 452]], [], [true, true]]",
1032,q,a,cx_stage2,,"[[[10, 452], [55, 452]], [], [true, true]]",
1033,q,a,cx_stage3,,"[[[10, 452], [55, 452]], [], [true, true]]",
1034,q,a,cx_stage1,,"[[[10, 456], [55, 456]], [], [true, true]]",
1035,q,a,cx_stage2,,"[[[10, 456], [55, 456]], [], [true, true]]",
1036,q,a,cx_stage3,,"[[[10, 456], [55, 456]], [], [true, true]]",
1037,q,a,u2,,"[[[10, 457]], [], [true]]",
1038,q,a,cx_stage1,,"[[[0, 460], [10, 460]], [], [true, true]]",
1039,q,a,cx_stage3,,"[[[0, 460], [10, 460]], [], [true, true]]",
1040,q,a,p,,"[[[10, 461]], [], [true]]",
1041,q,a,cx_stage1,,"[[[0, 464], [10, 464]], [], [true, true]]",
1042,q,a,cx_stage3,,"[[[0, 464], [10, 464]], [], [true, true]]",
1043,q,a,cx_stage1,,"[[[1, 467], [10, 467]], [], [true, true]]",
1044,q,a,cx_stage2,,"[[[1, 467], [10, 467]], [], [true, true]]",
1045,q,a,cx_stage3,,"[[[1, 467], [10, 467]], [], [true, true]]",
1046,q,a,p,,"[[[10, 468]], [], [true]]",
1047,q,a,cx_stage1,,"[[[1, 471], [10, 471]], [], [true, true]]",
1048,q,a,cx_stage2,,"[[[1, 471], [10, 471]], [], [true, true]]",
1049,q,a,cx_stage3,,"[[[1, 471], [10, 471]], [], [true, true]]",
1050,q,a,cx_stage1,,"[[[2, 474], [10, 474]], [], [true, true]]",
1051,q,a,cx_stage2,,"[[[2, 474], [10, 474]], [], [true, true]]",
1052,q,a,cx_stage3,,"[[[2, 474], [10, 474]], [], [true, true]]",
1053,q,a,p,,"[[[10, 475]], [], [true]]",
1054,q,a,cx_stage1,,"[[[2, 478], [10, 478]], [], [true, true]]",
1055,q,a,cx_stage2,,"[[[2, 478], [10, 478]], [], [true, true]]",
1056,q,a,cx_stage3,,"[[[2, 478], [10, 478]], [], [true, true]]",
1057,q,a,cx_stage1,,"[[[3, 481], [10, 481]], [], [true, true]]",
1058,q,a,cx_stage2,,"[[[3, 481], [10, 481]], [], [true, true]]",
1059,q,a,cx_stage3,,"[[[3, 481], [10, 481]], [], [true, true]]",
1060,q,a,p,,"[[[10, 482]], [], [true]]",
1061,q,a,cx_stage1,,"[[[3, 485], [10, 485]], [], [true, true]]",
1062,q,a,cx_stage2,,"[[[3, 485], [10, 485]], [], [true, true]]",
1063,q,a,cx_stage3,,"[[[3, 485], [10, 485]], [], [true, true]]",
1064,q,a,cx_stage1,,"[[[4, 488], [10, 488]], [], [true, true]]",
1065,q,a,cx_stage2,,"[[[4, 488], [10, 488]], [], [true, true]]",
1066,q,a,cx_stage3,,"[[[4, 488], [10, 488]], [], [true, true]]",
1067,q,a,p,,"[[[10, 489]], [], [true]]",
1068,q,a,cx_stage1,,"[[[4, 492], [10, 492]], [], [true, true]]",
1069,q,a,cx_stage2,,"[[[4, 492], [10, 492]], [], [true, true]]",
1070,q,a,cx_stage3,,"[[[4, 492], [10, 492]], [], [true, true]]",
1071,q,a,cx_stage1,,"[[[5, 495], [10, 495]], [], [true, true]]",
1072,q,a,cx_stage2,,"[[[5, 495], [10, 495]], [], [true, true]]",
1073,q,a,cx_stage3,,"[[[5, 495], [10, 495]], [], [true, true]]",
1074,q,a,p,,"[[[10, 496]], [], [true]]",
1075,q,a,cx_stage1,,"[[[5, 499], [10, 499]], [], [true, true]]",
1076,q,a,cx_stage2,,"[[[5, 499], [10, 499]], [], [true, true]]",
1077,q,a,cx_stage3,,"[[[5, 499], [10, 499]], [], [true, true]]",
1078,q,a,cx_stage1,,"[[[6, 502], [10, 502]], [], [true, true]]",
1079,q,a,cx_stage2,,"[[[6, 502], [10, 502]], [], [true, true]]",
1080,q,a,cx_stage3,,"[[[6, 502], [10, 502]], [], [true, true]]",
1081,q,a,p,,"[[[10, 503]], [], [true]]",
1082,q,a,cx_stage1,,"[[[6, 506], [10, 506]], [], [true, true]]",
1083,q,a,cx_stage2,,"[[[6, 506], [10, 506]], [], [true, true]]",
1084,q,a,cx_stage3,,"[[[6, 506], [10, 506]], [], [true, true]]",
1085,q,a,cx_stage1,,"[[[7, 509], [10, 509]], [], [true, true]]",
1086,q,a,cx_stage2,,"[[[7, 509], [10, 509]], [], [true, true]]",
1087,q,a,cx_stage3,,"[[[7, 509], [10, 509]], [], [true, true]]",
1088,q,a,p,,"[[[10, 510]], [], [true]]",
1089,q,a,cx_stage1,,"[[[7, 513], [10, 513]], [], [true, true]]",
1090,q,a,cx_stage2,,"[[[7, 513], [10, 513]], [], [true, true]]",
1091,q,a,cx_stage3,,"[[[7, 513], [10, 513]], [], [true, true]]",
1092,q,a,cx_stage1,,"[[[8, 516], [10, 516]], [], [true, true]]",
1093,q,a,cx_stage2,,"[[[8, 516], [10, 516]], [], [true, true]]",
1094,q,a,cx_stage3,,"[[[8, 516], [10, 516]], [], [true, true]]",
1095,q,a,p,,"[[[10, 517]], [], [true]]",
1096,q,a,cx_stage1,,"[[[8, 520], [10, 520]], [], [true, true]]",
1097,q,a,cx_stage2,,"[[[8, 520], [10, 520]], [], [true, true]]",
1098,q,a,cx_stage3,,"[[[8, 520], [10, 520]], [], [true, true]]",
1099,q,a,cx_stage1,,"[[[9, 523], [10, 523]], [], [true, true]]",
1100,q,a,cx_stage2,,"[[[9, 523], [10, 523]], [], [true, true]]",
1101,q,a,cx_stage3,,"[[[9, 523], [10, 523]], [], [true, true]]",
1102,q,a,p,,"[[[10, 524]], [], [true]]",
1103,q,a,cx_stage1,,"[[[9, 527], [10, 527]], [], [true, true]]",
1104,q,a,cx_stage2,,"[[[9, 527], [10, 527]], [], [true, true]]",
1105,q,a,cx_stage3,,"[[[9, 527], [10, 527]], [], [true, true]]",
1106,q,a,cx_stage1,,"[[[10, 537], [11, 537]], [], [true, true]]",
1107,q,a,cx_stage2,,"[[[10, 537], [11, 537]], [], [true, true]]",
1108,q,a,cx_stage3,,"[[[10, 537], [11, 537]], [], [true, true]]",
1109,q,a,cx_stage1,,"[[[10, 541], [11, 541]], [], [true, true]]",
1110,q,a,cx_stage2,,"[[[10, 541], [11, 541]], [], [true, true]]",
1111,q,a,cx_stage3,,"[[[10, 541], [11, 541]], [], [true, true]]",
1112,q,a,cx_stage1,,"[[[10, 544], [12, 544]], [], [true, true]]",
1113,q,a,cx_stage2,,"[[[10, 544], [12, 544]], [], [true, true]]",
1114,q,a,cx_stage3,,"[[[10, 544], [12, 544]], [], [true, true]]",
1115,q,a,cx_stage1,,"[[[10, 548], [12, 548]], [], [true, true]]",
1116,q,a,cx_stage2,,"[[[10, 548], [12, 548]], [], [true, true]]",
1117,q,a,cx_stage3,,"[[[10, 548], [12, 548]], [], [true, true]]",
1118,q,a,cx_stage1,,"[[[10, 551], [13, 551]], [], [true, true]]",
1119,q,a,cx_stage2,,"[[[10, 551], [13, 551]], [], [true, true]]",
1120,q,a,cx_stage3,,"[[[10, 551], [13, 551]], [], [true, true]]",
1121,q,a,cx_stage1,,"[[[10, 555], [13, 555]], [], [true, true]]",
1122,q,a,cx_stage2,,"[[[10, 555], [13, 555]], [], [true, true]]",
1123,q,a,cx_stage3,,"[[[10, 555], [13, 555]], [], [true, true]]",
1124,q,a,cx_stage1,,"[[[10, 558], [14, 558]], [], [true, true]]",
1125,q,a,cx_stage2,,"[[[10, 558], [14, 558]], [], [true, true]]",
1126,q,a,cx_stage3,,"[[[10, 558], [14, 558]], [], [true, true]]",
1127,q,a,cx_stage1,,"[[[10, 562], [14, 562]], [], [true, true]]",
1128,q,a,cx_stage2,,"[[[10, 562], [14, 562]], [], [true, true]]",
1129,q,a,cx_stage3,,"[[[10, 562], [14, 562]], [], [true, true]]",
1130,q,a,cx_stage1,,"[[[10, 565], [15, 565]], [], [true, true]]",
1131,q,a,cx_stage2,,"[[[10, 565], [15, 565]], [], [true, true]]",
1132,q,a,cx_stage3,,"[[[10, 565], [15, 565]], [], [true, true]]",
1133,q,a,cx_stage1,,"[[[10, 569], [15, 569]], [], [true, true]]",
1134,q,a,cx_stage2,,"[[[10, 569], [15, 569]], [], [true, true]]",
1135,q,a,cx_stage3,,"[[[10, 569], [15, 569]], [], [true, true]]",
1136,q,a,cx_stage1,,"[[[10, 572], [16, 572]], [], [true, true]]",
1137,q,a,cx_stage2,,"[[[10, 572], [16, 572]], [], [true, true]]",
1138,q,a,cx_stage3,,"[[[10, 572], [16, 572]], [], [true, true]]",
1139,q,a,cx_stage1,,"[[[10, 576], [16, 576]], [], [true, true]]",
1140,q,a,cx_stage2,,"[[[10, 576], [16, 576]], [], [true, true]]",
1141,q,a,cx_stage3,,"[[[10, 576], [16, 576]], [], [true, true]]",
1142,q,a,cx_stage1,,"[[[10, 579], [17, 579]], [], [true, true]]",
1143,q,a,cx_stage2,,"[[[10, 579], [17, 579]], [], [true, true]]",
1144,q,a,cx_stage3,,"[[[10, 579], [17, 579]], [], [true, true]]",
1145,q,a,cx_stage1,,"[[[10, 583], [17, 583]], [], [true, true]]",
1146,q,a,cx_stage2,,"[[[10, 583], [17, 583]], [], [true, true]]",
1147,q,a,cx_stage3,,"[[[10, 583], [17, 583]], [], [true, true]]",
1148,q,a,cx_stage1,,"[[[10, 586], [18, 586]], [], [true, true]]",
1149,q,a,cx_stage2,,"[[[10, 586], [18, 586]], [], [true, true]]",
1150,q,a,cx_stage3,,"[[[10, 586], [18, 586]], [], [true, true]]",
1151,q,a,cx_stage1,,"[[[10, 590], [18, 590]], [], [true, true]]",
1152,q,a,cx_stage2,,"[[[10, 590], [18, 590]], [], [true, true]]",
1153,q,a,cx_stage3,,"[[[10, 590], [18, 590]], [], [true, true]]",
1154,q,a,cx_stage1,,"[[[10, 593], [19, 593]], [], [true, true]]",
1155,q,a,cx_stage2,,"[[[10, 593], [19, 593]], [], [true, true]]",
1156,q,a,cx_stage3,,"[[[10, 593], [19, 593]], [], [true, true]]",
1157,q,a,cx_stage1,,"[[[10, 597], [19, 597]], [], [true, true]]",
1158,q,a,cx_stage2,,"[[[10, 597], [19, 597]], [], [true, true]]",
1159,q,a,cx_stage3,,"[[[10, 597], [19, 597]], [], [true, true]]",
1160,q,a,cx_stage1,,"[[[10, 600], [20, 600]], [], [true, true]]",
1161,q,a,cx_stage2,,"[[[10, 600], [20, 600]], [], [true, true]]",
1162,q,a,cx_stage3,,"[[[10, 600], [20, 600]], [], [true, true]]",
1163,q,a,cx_stage1,,"[[[10, 604], [20, 604]], [], [true, true]]",
1164,q,a,cx_stage2,,"[[[10, 604], [20, 604]], [], [true, true]]",
1165,q,a,cx_stage3,,"[[[10, 604], [20, 604]], [], [true, true]]",
1166,q,a,cx_stage1,,"[[[10, 607], [21, 607]], [], [true, true]]",
1167,q,a,cx_stage2,,"[[[10, 607], [21, 607]], [], [true, true]]",
1168,q,a,cx_stage3,,"[[[10, 607], [21, 607]], [], [true, true]]",
1169,q,a,cx_stage1,,"[[[10, 611], [21, 611]], [], [true, true]]",
1170,q,a,cx_stage2,,"[[[10, 611], [21, 611]], [], [true, true]]",
1171,q,a,cx_stage3,,"[[[10, 611], [21, 611]], [], [true, true]]",
1172,q,a,cx_stage1,,"[[[10, 614], [22, 614]], [], [true, true]]",
1173,q,a,cx_stage2,,"[[[10, 614], [22, 614]], [], [true, true]]",
1174,q,a,cx_stage3,,"[[[10, 614], [22, 614]], [], [true, true]]",
1175,q,a,cx_stage1,,"[[[10, 618], [22, 618]], [], [true, true]]",
1176,q,a,cx_stage2,,"[[[10, 618], [22, 618]], [], [true, true]]",
1177,q,a,cx_stage3,,"[[[10, 618], [22, 618]], [], [true, true]]",
1178,q,a,cx_stage1,,"[[[10, 621], [23, 621]], [], [true, true]]",
1179,q,a,cx_stage2,,"[[[10, 621], [23, 621]], [], [true, true]]",
1180,q,a,cx_stage3,,"[[[10, 621], [23, 621]], [], [true, true]]",
1181,q,a,cx_stage1,,"[[[10, 625], [23, 625]], [], [true, true]]",
1182,q,a,cx_stage2,,"[[[10, 625], [23, 625]], [], [true, true]]",
1183,q,a,cx_stage3,,"[[[10, 625], [23, 625]], [], [true, true]]",
1184,q,a,cx_stage1,,"[[[10, 628], [24, 628]], [], [true, true]]",
1185,q,a,cx_stage2,,"[[[10, 628], [24, 628]], [], [true, true]]",
1186,q,a,cx_stage3,,"[[[10, 628], [24, 628]], [], [true, true]]",
1187,q,a,cx_stage1,,"[[[10, 632], [24, 632]], [], [true, true]]",
1188,q,a,cx_stage2,,"[[[10, 632], [24, 632]], [], [true, true]]",
1189,q,a,cx_stage3,,"[[[10, 632], [24, 632]], [], [true, true]]",
1190,q,a,cx_stage1,,"[[[10, 635], [25, 635]], [], [true, true]]",
1191,q,a,cx_stage2,,"[[[10, 635], [25, 635]], [], [true, true]]",
1192,q,a,cx_stage3,,"[[[10, 635], [25, 635]], [], [true, true]]",
1193,q,a,cx_stage1,,"[[[10, 639], [25, 639]], [], [true, true]]",
1194,q,a,cx_stage2,,"[[[10, 639], [25, 639]], [], [true, true]]",
1195,q,a,cx_stage3,,"[[[10, 639], [25, 639]], [], [true, true]]",
1196,q,a,cx_stage1,,"[[[10, 642], [26, 642]], [], [true, true]]",
1197,q,a,cx_stage2,,"[[[10, 642], [26, 642]], [], [true, true]]",
1198,q,a,cx_stage3,,"[[[10, 642], [26, 642]], [], [true, true]]",
1199,q,a,cx_stage1,,"[[[10, 646], [26, 646]], [], [true, true]]",
1200,q,a,cx_stage2,,"[[[10, 646], [26, 646]], [], [true, true]]",
1201,q,a,cx_stage3,,"[[[10, 646], [26, 646]], [], [true, true]]",
1202,q,a,cx_stage1,,"[[[10, 649], [27, 649]], [], [true, true]]",
1203,q,a,cx_stage2,,"[[[10, 649], [27, 649]], [], [true, true]]",
1204,q,a,cx_stage3,,"[[[10, 649], [27, 649]], [], [true, true]]",
1205,q,a,cx_stage1,,"[[[10, 653], [27, 653]], [], [true, true]]",
1206,q,a,cx_stage2,,"[[[10, 653], [27, 653]], [], [true, true]]",
1207,q,a,cx_stage3,,"[[[10, 653], [27, 653]], [], [true, true]]",
1208,q,a,cx_stage1,,"[[[10, 656], [28, 656]], [], [true, true]]",
1209,q,a,cx_stage2,,"[[[10, 656], [28, 656]], [], [true, true]]",
1210,q,a,cx_stage3,,"[[[10, 656], [28, 656]], [], [true, true]]",
1211,q,a,cx_stage1,,"[[[10, 660], [28, 660]], [], [true, true]]",
1212,q,a,cx_stage2,,"[[[10, 660], [28, 660]], [], [true, true]]",
1213,q,a,cx_stage3,,"[[[10, 660], [28, 660]], [], [true, true]]",
1214,q,a,cx_stage3,,"[[[0, 67], [10, 67]], [], [true, true]]",
1215,q,a,cx_stage1,,"[[[10, 663], [29, 663]], [], [true, true]]",
1216,q,a,cx_stage2,,"[[[10, 663], [29, 663]], [], [true, true]]",
1217,q,a,cx_stage3,,"[[[10, 663], [29, 663]], [], [true, true]]",
1218,q,a,cx_stage1,,"[[[10, 667], [29, 667]], [], [true, true]]",
1219,q,a,cx_stage2,,"[[[10, 667], [29, 667]], [], [true, true]]",
1220,q,a,cx_stage3,,"[[[10, 667], [29, 667]], [], [true, true]]",
1221,q,a,cx_stage1,,"[[[10, 670], [30, 670]], [], [true, true]]",
1222,q,a,cx_stage2,,"[[[10, 670], [30, 670]], [], [true, true]]",
1223,q,a,cx_stage3,,"[[[10, 670], [30, 670]], [], [true, true]]",
1224,q,a,p,,"[[[10, 68]], [], [true]]",
1225,q,a,cx_stage1,,"[[[10, 674], [30, 674]], [], [true, true]]",
1226,q,a,cx_stage2,,"[[[10, 674], [30, 674]], [], [true, true]]",
1227,q,a,cx_stage3,,"[[[10, 674], [30, 674]], [], [true, true]]",
1228,q,a,cx_stage1,,"[[[10, 677], [31, 677]], [], [true, true]]",
1229,q,a,cx_stage2,,"[[[10, 677], [31, 677]], [], [true, true]]",
1230,q,a,cx_stage3,,"[[[10, 677], [31, 677]], [], [true, true]]",
1231,q,a,cx_stage1,,"[[[10, 681], [31, 681]], [], [true, true]]",
1232,q,a,cx_stage2,,"[[[10, 681], [31, 681]], [], [true, true]]",
1233,q,a,cx_stage1,,"[[[0, 71], [10, 71]], [], [true, true]]",
1234,q,a,cx_stage3,,"[[[10, 681], [31, 681]], [], [true, true]]",
1235,q,a,cx_stage1,,"[[[10, 684], [32, 684]], [], [true, true]]",
1236,q,a,cx_stage2,,"[[[10, 684], [32, 684]], [], [true, true]]",
1237,q,a,cx_stage3,,"[[[10, 684], [32, 684]], [], [true, true]]",
1238,q,a,cx_stage1,,"[[[10, 688], [32, 688]], [], [true, true]]",
1239,q,a,cx_stage2,,"[[[10, 688], [32, 688]], [], [true, true]]",
1240,q,a,cx_stage3,,"[[[10, 688], [32, 688]], [], [true, true]]",
1241,q,a,cx_stage1,,"[[[10, 691], [33, 691]], [], [true, true]]",
1242,q,a,cx_stage2,,"[[[10, 691], [33, 691]], [], [true, true]]",
1243,q,a,cx_stage3,,"[[[10, 691], [33, 691]], [], [true, true]]",
1244,q,a,cx_stage1,,"[[[10, 695], [33, 695]], [], [true, true]]",
1245,q,a,cx_stage2,,"[[[10, 695], [33, 695]], [], [true, true]]",
1246,q,a,cx_stage3,,"[[[10, 695], [33, 695]], [], [true, true]]",
1247,q,a,cx_stage1,,"[[[10, 698], [34, 698]], [], [true, true]]",
1248,q,a,cx_stage2,,"[[[10, 698], [34, 698]], [], [true, true]]",
1249,q,a,cx_stage3,,"[[[10, 698], [34, 698]], [], [true, true]]",
1250,q,a,cx_stage1,,"[[[10, 702], [34, 702]], [], [true, true]]",
1251,q,a,cx_stage3,,"[[[0, 71], [10, 71]], [], [true, true]]",
1252,q,a,cx_stage2,,"[[[10, 702], [34, 702]], [], [true, true]]",
1253,q,a,cx_stage3,,"[[[10, 702], [34, 702]], [], [true, true]]",
1254,q,a,cx_stage1,,"[[[10, 705], [35, 705]], [], [true, true]]",
1255,q,a,cx_stage2,,"[[[10, 705], [35, 705]], [], [true, true]]",
1256,q,a,cx_stage3,,"[[[10, 705], [35, 705]], [], [true, true]]",
1257,q,a,cx_stage1,,"[[[10, 709], [35, 709]], [], [true, true]]",
1258,q,a,cx_stage2,,"[[[10, 709], [35, 709]], [], [true, true]]",
1259,q,a,cx_stage3,,"[[[10, 709], [35, 709]], [], [true, true]]",
1260,q,a,cx_stage1,,"[[[10, 712], [36, 712]], [], [true, true]]",
1261,q,a,cx_stage1,,"[[[1, 74], [10, 74]], [], [true, true]]",
1262,q,a,cx_stage2,,"[[[10, 712], [36, 712]], [], [true, true]]",
1263,q,a,cx_stage3,,"[[[10, 712], [36, 712]], [], [true, true]]",
1264,q,a,cx_stage1,,"[[[10, 716], [36, 716]], [], [true, true]]",
1265,q,a,cx_stage2,,"[[[10, 716], [36, 716]], [], [true, true]]",
1266,q,a,cx_stage3,,"[[[10, 716], [36, 716]], [], [true, true]]",
1267,q,a,cx_stage1,,"[[[10, 719], [37, 719]], [], [true, true]]",
1268,q,a,cx_stage2,,"[[[10, 719], [37, 719]], [], [true, true]]",
1269,q,a,cx_stage3,,"[[[10, 719], [37, 719]], [], [true, true]]",
1270,q,a,cx_stage1,,"[[[10, 723], [37, 723]], [], [true, true]]",
1271,q,a,cx_stage2,,"[[[1, 74], [10, 74]], [], [true, true]]",
1272,q,a,cx_stage2,,"[[[10, 723], [37, 723]], [], [true, true]]",
1273,q,a,cx_stage3,,"[[[10, 723], [37, 723]], [], [true, true]]",
1274,q,a,cx_stage1,,"[[[10, 726], [38, 726]], [], [true, true]]",
1275,q,a,cx_stage2,,"[[[10, 726], [38, 726]], [], [true, true]]",
1276,q,a,cx_stage3,,"[[[10, 726], [38, 726]], [], [true, true]]",
1277,q,a,cx_stage1,,"[[[10, 730], [38, 730]], [], [true, true]]",
1278,q,a,cx_stage2,,"[[[10, 730], [38, 730]], [], [true, true]]",
1279,q,a,cx_stage3,,"[[[10, 730], [38, 730]], [], [true, true]]",
1280,q,a,cx_stage3,,"[[[1, 74], [10, 74]], [], [true, true]]",
1281,q,a,cx_stage1,,"[[[10, 733], [39, 733]], [], [true, true]]",
1282,q,a,cx_stage2,,"[[[10, 733], [39, 733]], [], [true, true]]",
1283,q,a,cx_stage3,,"[[[10, 733], [39, 733]], [], [true, true]]",
1284,q,a,cx_stage1,,"[[[10, 737], [39, 737]], [], [true, true]]",
1285,q,a,cx_stage2,,"[[[10, 737], [39, 737]], [], [true, true]]",
1286,q,a,cx_stage3,,"[[[10, 737], [39, 737]], [], [true, true]]",
1287,q,a,cx_stage1,,"[[[10, 740], [40, 740]], [], [true, true]]",
1288,q,a,cx_stage2,,"[[[10, 740], [40, 740]], [], [true, true]]",
1289,q,a,cx_stage3,,"[[[10, 740], [40, 740]], [], [true, true]]",
1290,q,a,p,,"[[[10, 75]], [], [true]]",
1291,q,a,cx_stage1,,"[[[10, 744], [40, 744]], [], [true, true]]",
1292,q,a,cx_stage2,,"[[[10, 744], [40, 744]], [], [true, true]]",
1293,q,a,cx_stage3,,"[[[10, 744], [40, 744]], [], [true, true]]",
1294,q,a,cx_stage1,,"[[[10, 747], [41, 747]], [], [true, true]]",
1295,q,a,cx_stage2,,"[[[10, 747], [41, 747]], [], [true, true]]",
1296,q,a,cx_stage3,,"[[[10, 747], [41, 747]], [], [true, true]]",
1297,q,a,cx_stage1,,"[[[10, 751], [41, 751]], [], [true, true]]",
1298,q,a,cx_stage2,,"[[[10, 751], [41, 751]], [], [true, true]]",
1299,q,a,cx_stage1,,"[[[1, 78], [10, 78]], [], [true, true]]",
1300,q,a,cx_stage3,,"[[[10, 751], [41, 751]], [], [true, true]]",
1301,q,a,cx_stage1,,"[[[10, 754], [42, 754]], [], [true, true]]",
1302,q,a,cx_stage2,,"[[[10, 754], [42, 754]], [], [true, true]]",
1303,q,a,cx_stage3,,"[[[10, 754], [42, 754]], [], [true, true]]",
1304,q,a,cx_stage1,,"[[[10, 758], [42, 758]], [], [true, true]]",
1305,q,a,cx_stage2,,"[[[10, 758], [42, 758]], [], [true, true]]",
1306,q,a,cx_stage3,,"[[[10, 758], [42, 758]], [], [true, true]]",
1307,q,a,cx_stage1,,"[[[10, 761], [43, 761]], [], [true, true]]",
1308,q,a,cx_stage2,,"[[[10, 761], [43, 761]], [], [true, true]]",
1309,q,a,cx_stage2,,"[[[1, 78], [10, 78]], [], [true, true]]",
1310,q,a,cx_stage3,,"[[[10, 761], [43, 761]], [], [true, true]]",
1311,q,a,cx_stage1,,"[[[10, 765], [43, 765]], [], [true, true]]",
1312,q,a,cx_stage2,,"[[[10, 765], [43, 765]], [], [true, true]]",
1313,q,a,cx_stage3,,"[[[10, 765], [43, 765]], [], [true, true]]",
1314,q,a,cx_stage1,,"[[[10, 768], [44, 768]], [], [true, true]]",
1315,q,a,cx_stage2,,"[[[10, 768], [44, 768]], [], [true, true]]",
1316,q,a,cx_stage3,,"[[[10, 768], [44, 768]], [], [true, true]]",
1317,q,a,cx_stage1,,"[[[10, 772], [44, 772]], [], [true, true]]",
1318,q,a,cx_stage3,,"[[[1, 78], [10, 78]], [], [true, true]]",
1319,q,a,cx_stage2,,"[[[10, 772], [44, 772]], [], [true, true]]",
1320,q,a,cx_stage3,,"[[[10, 772], [44, 772]], [], [true, true]]",
1321,q,a,cx_stage1,,"[[[10, 775], [45, 775]], [], [true, true]]",
1322,q,a,cx_stage2,,"[[[10, 775], [45, 775]], [], [true, true]]",
1323,q,a,cx_stage3,,"[[[10, 775], [45, 775]], [], [true, true]]",
1324,q,a,cx_stage1,,"[[[10, 779], [45, 779]], [], [true, true]]",
1325,q,a,cx_stage2,,"[[[10, 779], [45, 779]], [], [true, true]]",
1326,q,a,cx_stage3,,"[[[10, 779], [45, 779]], [], [true, true]]",
1327,q,a,cx_stage1,,"[[[10, 782], [46, 782]], [], [true, true]]",
1328,q,a,cx_stage1,,"[[[2, 81], [10, 81]], [], [true, true]]",
1329,q,a,cx_stage2,,"[[[10, 782], [46, 782]], [], [true, true]]",
1330,q,a,cx_stage3,,"[[[10, 782], [46, 782]], [], [true, true]]",
1331,q,a,cx_stage1,,"[[[10, 786], [46, 786]], [], [true, true]]",
1332,q,a,cx_stage2,,"[[[10, 786], [46, 786]], [], [true, true]]",
1333,q,a,cx_stage3,,"[[[10, 786], [46, 786]], [], [true, true]]",
1334,q,a,cx_stage1,,"[[[10, 789], [47, 789]], [], [true, true]]",
1335,q,a,cx_stage2,,"[[[10, 789], [47, 789]], [], [true, true]]",
1336,q,a,cx_stage3,,"[[[10, 789], [47, 789]], [], [true, true]]",
1337,q,a,cx_stage1,,"[[[10, 793], [47, 793]], [], [true, true]]",
1338,q,a,cx_stage2,,"[[[2, 81], [10, 81]], [], [true, true]]",
1339,q,a,cx_stage2,,"[[[10, 793], [47, 793]], [], [true, true]]",
1340,q,a,cx_stage3,,"[[[10, 793], [47, 793]], [], [true, true]]",
1341,q,a,cx_stage1,,"[[[10, 796], [48, 796]], [], [true, true]]",
1342,q,a,cx_stage2,,"[[[10, 796], [48, 796]], [], [true, true]]",
1343,q,a,cx_stage3,,"[[[10, 796], [48, 796]], [], [true, true]]",
1344,q,a,cx_stage1,,"[[[10, 800], [48, 800]], [], [true, true]]",
1345,q,a,cx_stage2,,"[[[10, 800], [48, 800]], [], [true, true]]",
1346,q,a,cx_stage3,,"[[[10, 800], [48, 800]], [], [true, true]]",
1347,q,a,cx_stage3,,"[[[2, 81], [10, 81]], [], [true, true]]",
1348,q,a,cx_stage1,,"[[[10, 803], [49, 803]], [], [true, true]]",
1349,q,a,cx_stage2,,"[[[10, 803], [49, 803]], [], [true, true]]",
1350,q,a,cx_stage3,,"[[[10, 803], [49, 803]], [], [true, true]]",
1351,q,a,cx_stage1,,"[[[10, 807], [49, 807]], [], [true, true]]",
1352,q,a,cx_stage2,,"[[[10, 807], [49, 807]], [], [true, true]]",
1353,q,a,cx_stage3,,"[[[10, 807], [49, 807]], [], [true, true]]",
1354,q,a,cx_stage1,,"[[[10, 810], [50, 810]], [], [true, true]]",
1355,q,a,cx_stage2,,"[[[10, 810], [50, 810]], [], [true, true]]",
1356,q,a,cx_stage3,,"[[[10, 810], [50, 810]], [], [true, true]]",
1357,q,a,p,,"[[[10, 82]], [], [true]]",
1358,q,a,cx_stage1,,"[[[10, 814], [50, 814]], [], [true, true]]",
1359,q,a,cx_stage2,,"[[[10, 814], [50, 814]], [], [true, true]]",
1360,q,a,cx_stage3,,"[[[10, 814], [50, 814]], [], [true, true]]",
1361,q,a,cx_stage1,,"[[[10, 817], [51, 817]], [], [true, true]]",
1362,q,a,cx_stage2,,"[[[10, 817], [51, 817]], [], [true, true]]",
1363,q,a,cx_stage3,,"[[[10, 817], [51, 817]], [], [true, true]]",
1364,q,a,cx_stage1,,"[[[10, 821], [51, 821]], [], [true, true]]",
1365,q,a,cx_stage2,,"[[[10, 821], [51, 821]], [], [true, true]]",
1366,q,a,cx_stage1,,"[[[2, 85], [10, 85]], [], [true, true]]",
1367,q,a,cx_stage3,,"[[[10, 821], [51, 821]], [], [true, true]]",
1368,q,a,cx_stage1,,"[[[10, 824], [52, 824]], [], [true, true]]",
1369,q,a,cx_stage2,,"[[[10, 824], [52, 824]], [], [true, true]]",
1370,q,a,cx_stage3,,"[[[10, 824], [52, 824]], [], [true, true]]",
1371,q,a,cx_stage1,,"[[[10, 828], [52, 828]], [], [true, true]]",
1372,q,a,cx_stage2,,"[[[10, 828], [52, 828]], [], [true, true]]",
1373,q,a,cx_stage3,,"[[[10, 828], [52, 828]], [], [true, true]]",
1374,q,a,cx_stage1,,"[[[10, 831], [53, 831]], [], [true, true]]",
1375,q,a,cx_stage2,,"[[[10, 831], [53, 831]], [], [true, true]]",
1376,q,a,cx_stage2,,"[[[2, 85], [10, 85]], [], [true, true]]",
1377,q,a,cx_stage3,,"[[[10, 831], [53, 831]], [], [true, true]]",
1378,q,a,cx_stage1,,"[[[10, 835], [53, 835]], [], [true, true]]",
1379,q,a,cx_stage2,,"[[[10, 835], [53, 835]], [], [true, true]]",
1380,q,a,cx_stage3,,"[[[10, 835], [53, 835]], [], [true, true]]",
1381,q,a,cx_stage1,,"[[[10, 838], [54, 838]], [], [true, true]]",
1382,q,a,cx_stage2,,"[[[10, 838], [54, 838]], [], [true, true]]",
1383,q,a,cx_stage3,,"[[[10, 838], [54, 838]], [], [true, true]]",
1384,q,a,cx_stage1,,"[[[10, 842], [54, 842]], [], [true, true]]",
1385,q,a,cx_stage3,,"[[[2, 85], [10, 85]], [], [true, true]]",
1386,q,a,cx_stage2,,"[[[10, 842], [54, 842]], [], [true, true]]",
1387,q,a,cx_stage3,,"[[[10, 842], [54, 842]], [], [true, true]]",
1388,q,a,cx_stage1,,"[[[10, 845], [55, 845]], [], [true, true]]",
1389,q,a,cx_stage2,,"[[[10, 845], [55, 845]], [], [true, true]]",
1390,q,a,cx_stage3,,"[[[10, 845], [55, 845]], [], [true, true]]",
1391,q,a,cx_stage1,,"[[[10, 849], [55, 849]], [], [true, true]]",
1392,q,a,cx_stage2,,"[[[10, 849], [55, 849]], [], [true, true]]",
1393,q,a,cx_stage3,,"[[[10, 849], [55, 849]], [], [true, true]]",
1394,q,a,ry,,"[[[10, 850]], [], [true]]",
1395,q,a,cx_stage1,,"[[[3, 88], [10, 88]], [], [true, true]]",
1396,q,a,cx_stage2,,"[[[3, 88], [10, 88]], [], [true, true]]",
1397,q,a,cx_stage3,,"[[[3, 88], [10, 88]], [], [true, true]]",
1398,q,a,p,,"[[[10, 89]], [], [true]]",
1399,q,a,cx_stage1,,"[[[3, 92], [10, 92]], [], [true, true]]",
1400,q,a,cx_stage2,,"[[[3, 92], [10, 92]], [], [true, true]]",
1401,q,a,cx_stage3,,"[[[3, 92], [10, 92]], [], [true, true]]",
1402,q,a,cx_stage1,,"[[[4, 95], [10, 95]], [], [true, true]]",
1403,q,a,cx_stage2,,"[[[4, 95], [10, 95]], [], [true, true]]",
1404,q,a,cx_stage3,,"[[[4, 95], [10, 95]], [], [true, true]]",
1405,q,a,p,,"[[[10, 96]], [], [true]]",
1406,q,a,cx_stage1,,"[[[4, 99], [10, 99]], [], [true, true]]",
1407,q,a,cx_stage2,,"[[[4, 99], [10, 99]], [], [true, true]]",
1408,q,a,cx_stage3,,"[[[4, 99], [10, 99]], [], [true, true]]",
1409,q,a,u2,,"[[[11, 1]], [], [true]]",
1410,q,a,cx_stage1,,"[[[0, 74], [11, 74]], [], [true, true]]",
1411,q,a,cx_stage2,,"[[[4, 102], [11, 102]], [], [true, true]]",
1412,q,a,cx_stage1,,"[[[4, 102], [11, 102]], [], [true, true]]",
1413,q,a,cx_stage3,,"[[[4, 102], [11, 102]], [], [true, true]]",
1414,q,a,p,,"[[[11, 103]], [], [true]]",
1415,q,a,cx_stage1,,"[[[4, 106], [11, 106]], [], [true, true]]",
1416,q,a,cx_stage2,,"[[[4, 106], [11, 106]], [], [true, true]]",
1417,q,a,cx_stage3,,"[[[4, 106], [11, 106]], [], [true, true]]",
1418,q,a,cx_stage1,,"[[[5, 109], [11, 109]], [], [true, true]]",
1419,q,a,cx_stage2,,"[[[5, 109], [11, 109]], [], [true, true]]",
1420,q,a,cx_stage3,,"[[[5, 109], [11, 109]], [], [true, true]]",
1421,q,a,p,,"[[[11, 110]], [], [true]]",
1422,q,a,cx_stage1,,"[[[5, 113], [11, 113]], [], [true, true]]",
1423,q,a,cx_stage2,,"[[[5, 113], [11, 113]], [], [true, true]]",
1424,q,a,cx_stage3,,"[[[5, 113], [11, 113]], [], [true, true]]",
1425,q,a,cx_stage1,,"[[[6, 116], [11, 116]], [], [true, true]]",
1426,q,a,cx_stage2,,"[[[6, 116], [11, 116]], [], [true, true]]",
1427,q,a,cx_stage3,,"[[[6, 116], [11, 116]], [], [true, true]]",
1428,q,a,p,,"[[[11, 117]], [], [true]]",
1429,q,a,cx_stage1,,"[[[6, 120], [11, 120]], [], [true, true]]",
1430,q,a,cx_stage2,,"[[[6, 120], [11, 120]], [], [true, true]]",
1431,q,a,cx_stage3,,"[[[6, 120], [11, 120]], [], [true, true]]",
1432,q,a,cx_stage1,,"[[[7, 123], [11, 123]], [], [true, true]]",
1433,q,a,cx_stage2,,"[[[7, 123], [11, 123]], [], [true, true]]",
1434,q,a,cx_stage3,,"[[[7, 123], [11, 123]], [], [true, true]]",
1435,q,a,p,,"[[[11, 124]], [], [true]]",
1436,q,a,cx_stage1,,"[[[7, 127], [11, 127]], [], [true, true]]",
1437,q,a,cx_stage2,,"[[[7, 127], [11, 127]], [], [true, true]]",
1438,q,a,cx_stage3,,"[[[7, 127], [11, 127]], [], [true, true]]",
1439,q,a,cx_stage1,,"[[[8, 130], [11, 130]], [], [true, true]]",
1440,q,a,cx_stage2,,"[[[8, 130], [11, 130]], [], [true, true]]",
1441,q,a,cx_stage2,,"[[[11, 1290], [12, 1290]], [], [true, true]]",
1442,q,a,cx_stage1,,"[[[11, 1290], [12, 1290]], [], [true, true]]",
1443,q,a,cx_stage3,,"[[[11, 1290], [12, 1290]], [], [true, true]]",
1444,q,a,cx_stage3,,"[[[8, 130], [11, 130]], [], [true, true]]",
1445,q,a,cx_stage1,,"[[[10, 1293], [11, 1293]], [], [true, true]]",
1446,q,a,cx_stage3,,"[[[10, 1293], [11, 1293]], [], [true, true]]",
1447,q,a,ry,,"[[[11, 1294]], [], [true]]",
1448,q,a,p,,"[[[11, 131]], [], [true]]",
1449,q,a,cx_stage1,,"[[[8, 134], [11, 134]], [], [true, true]]",
1450,q,a,cx_stage2,,"[[[8, 134], [11, 134]], [], [true, true]]",
1451,q,a,cx_stage3,,"[[[8, 134], [11, 134]], [], [true, true]]",
1452,q,a,cx_stage1,,"[[[9, 137], [11, 137]], [], [true, true]]",
1453,q,a,cx_stage2,,"[[[9, 137], [11, 137]], [], [true, true]]",
1454,q,a,cx_stage3,,"[[[9, 137], [11, 137]], [], [true, true]]",
1455,q,a,p,,"[[[11, 138]], [], [true]]",
1456,q,a,cx_stage1,,"[[[9, 141], [11, 141]], [], [true, true]]",
1457,q,a,cx_stage2,,"[[[9, 141], [11, 141]], [], [true, true]]",
1458,q,a,cx_stage3,,"[[[9, 141], [11, 141]], [], [true, true]]",
1459,q,a,cx_stage1,,"[[[10, 144], [11, 144]], [], [true, true]]",
1460,q,a,cx_stage3,,"[[[10, 144], [11, 144]], [], [true, true]]",
1461,q,a,p,,"[[[11, 145]], [], [true]]",
1462,q,a,cx_stage1,,"[[[10, 148], [11, 148]], [], [true, true]]",
1463,q,a,cx_stage3,,"[[[10, 148], [11, 148]], [], [true, true]]",
1464,q,a,cx_stage1,,"[[[11, 158], [12, 158]], [], [true, true]]",
1465,q,a,cx_stage2,,"[[[11, 158], [12, 158]], [], [true, true]]",
1466,q,a,cx_stage3,,"[[[11, 158], [12, 158]], [], [true, true]]",
1467,q,a,cx_stage1,,"[[[11, 162], [12, 162]], [], [true, true]]",
1468,q,a,cx_stage2,,"[[[11, 162], [12, 162]], [], [true, true]]",
1469,q,a,cx_stage3,,"[[[11, 162], [12, 162]], [], [true, true]]",
1470,q,a,cx_stage1,,"[[[11, 165], [13, 165]], [], [true, true]]",
1471,q,a,cx_stage2,,"[[[11, 165], [13, 165]], [], [true, true]]",
1472,q,a,cx_stage3,,"[[[11, 165], [13, 165]], [], [true, true]]",
1473,q,a,cx_stage1,,"[[[11, 169], [13, 169]], [], [true, true]]",
1474,q,a,cx_stage2,,"[[[11, 169], [13, 169]], [], [true, true]]",
1475,q,a,cx_stage3,,"[[[11, 169], [13, 169]], [], [true, true]]",
1476,q,a,cx_stage1,,"[[[11, 172], [14, 172]], [], [true, true]]",
1477,q,a,cx_stage2,,"[[[11, 172], [14, 172]], [], [true, true]]",
1478,q,a,cx_stage3,,"[[[11, 172], [14, 172]], [], [true, true]]",
1479,q,a,cx_stage1,,"[[[11, 176], [14, 176]], [], [true, true]]",
1480,q,a,cx_stage2,,"[[[11, 176], [14, 176]], [], [true, true]]",
1481,q,a,cx_stage3,,"[[[11, 176], [14, 176]], [], [true, true]]",
1482,q,a,cx_stage1,,"[[[11, 179], [15, 179]], [], [true, true]]",
1483,q,a,cx_stage2,,"[[[11, 179], [15, 179]], [], [true, true]]",
1484,q,a,cx_stage3,,"[[[11, 179], [15, 179]], [], [true, true]]",
1485,q,a,cx_stage1,,"[[[11, 183], [15, 183]], [], [true, true]]",
1486,q,a,cx_stage2,,"[[[11, 183], [15, 183]], [], [true, true]]",
1487,q,a,cx_stage3,,"[[[11, 183], [15, 183]], [], [true, true]]",
1488,q,a,cx_stage1,,"[[[11, 186], [16, 186]], [], [true, true]]",
1489,q,a,cx_stage2,,"[[[11, 186], [16, 186]], [], [true, true]]",
1490,q,a,cx_stage3,,"[[[11, 186], [16, 186]], [], [true, true]]",
1491,q,a,cx_stage1,,"[[[11, 190], [16, 190]], [], [true, true]]",
1492,q,a,cx_stage2,,"[[[11, 190], [16, 190]], [], [true, true]]",
1493,q,a,cx_stage3,,"[[[11, 190], [16, 190]], [], [true, true]]",
1494,q,a,cx_stage1,,"[[[11, 193], [17, 193]], [], [true, true]]",
1495,q,a,cx_stage2,,"[[[11, 193], [17, 193]], [], [true, true]]",
1496,q,a,cx_stage3,,"[[[11, 193], [17, 193]], [], [true, true]]",
1497,q,a,cx_stage1,,"[[[11, 197], [17, 197]], [], [true, true]]",
1498,q,a,cx_stage2,,"[[[11, 197], [17, 197]], [], [true, true]]",
1499,q,a,cx_stage3,,"[[[11, 197], [17, 197]], [], [true, true]]",
1500,q,a,cx_stage1,,"[[[11, 200], [18, 200]], [], [true, true]]",
1501,q,a,cx_stage2,,"[[[11, 200], [18, 200]], [], [true, true]]",
1502,q,a,cx_stage3,,"[[[11, 200], [18, 200]], [], [true, true]]",
1503,q,a,cx_stage1,,"[[[11, 204], [18, 204]], [], [true, true]]",
1504,q,a,cx_stage2,,"[[[11, 204], [18, 204]], [], [true, true]]",
1505,q,a,cx_stage3,,"[[[11, 204], [18, 204]], [], [true, true]]",
1506,q,a,cx_stage1,,"[[[11, 207], [19, 207]], [], [true, true]]",
1507,q,a,cx_stage2,,"[[[11, 207], [19, 207]], [], [true, true]]",
1508,q,a,cx_stage3,,"[[[11, 207], [19, 207]], [], [true, true]]",
1509,q,a,cx_stage1,,"[[[11, 211], [19, 211]], [], [true, true]]",
1510,q,a,cx_stage2,,"[[[11, 211], [19, 211]], [], [true, true]]",
1511,q,a,cx_stage3,,"[[[11, 211], [19, 211]], [], [true, true]]",
1512,q,a,cx_stage1,,"[[[11, 214], [20, 214]], [], [true, true]]",
1513,q,a,cx_stage2,,"[[[11, 214], [20, 214]], [], [true, true]]",
1514,q,a,cx_stage3,,"[[[11, 214], [20, 214]], [], [true, true]]",
1515,q,a,cx_stage1,,"[[[11, 218], [20, 218]], [], [true, true]]",
1516,q,a,cx_stage2,,"[[[11, 218], [20, 218]], [], [true, true]]",
1517,q,a,cx_stage3,,"[[[11, 218], [20, 218]], [], [true, true]]",
1518,q,a,cx_stage1,,"[[[11, 221], [21, 221]], [], [true, true]]",
1519,q,a,cx_stage2,,"[[[11, 221], [21, 221]], [], [true, true]]",
1520,q,a,cx_stage3,,"[[[11, 221], [21, 221]], [], [true, true]]",
1521,q,a,cx_stage1,,"[[[11, 225], [21, 225]], [], [true, true]]",
1522,q,a,cx_stage2,,"[[[11, 225], [21, 225]], [], [true, true]]",
1523,q,a,cx_stage3,,"[[[11, 225], [21, 225]], [], [true, true]]",
1524,q,a,cx_stage1,,"[[[11, 228], [22, 228]], [], [true, true]]",
1525,q,a,cx_stage2,,"[[[11, 228], [22, 228]], [], [true, true]]",
1526,q,a,cx_stage3,,"[[[11, 228], [22, 228]], [], [true, true]]",
1527,q,a,cx_stage1,,"[[[11, 232], [22, 232]], [], [true, true]]",
1528,q,a,cx_stage2,,"[[[11, 232], [22, 232]], [], [true, true]]",
1529,q,a,cx_stage3,,"[[[11, 232], [22, 232]], [], [true, true]]",
1530,q,a,cx_stage1,,"[[[11, 235], [23, 235]], [], [true, true]]",
1531,q,a,cx_stage2,,"[[[11, 235], [23, 235]], [], [true, true]]",
1532,q,a,cx_stage3,,"[[[11, 235], [23, 235]], [], [true, true]]",
1533,q,a,cx_stage1,,"[[[11, 239], [23, 239]], [], [true, true]]",
1534,q,a,cx_stage2,,"[[[11, 239], [23, 239]], [], [true, true]]",
1535,q,a,cx_stage3,,"[[[11, 239], [23, 239]], [], [true, true]]",
1536,q,a,cx_stage1,,"[[[11, 242], [24, 242]], [], [true, true]]",
1537,q,a,cx_stage2,,"[[[11, 242], [24, 242]], [], [true, true]]",
1538,q,a,cx_stage3,,"[[[11, 242], [24, 242]], [], [true, true]]",
1539,q,a,cx_stage1,,"[[[11, 246], [24, 246]], [], [true, true]]",
1540,q,a,cx_stage2,,"[[[11, 246], [24, 246]], [], [true, true]]",
1541,q,a,cx_stage3,,"[[[11, 246], [24, 246]], [], [true, true]]",
1542,q,a,cx_stage1,,"[[[11, 249], [25, 249]], [], [true, true]]",
1543,q,a,cx_stage2,,"[[[11, 249], [25, 249]], [], [true, true]]",
1544,q,a,cx_stage3,,"[[[11, 249], [25, 249]], [], [true, true]]",
1545,q,a,cx_stage1,,"[[[11, 253], [25, 253]], [], [true, true]]",
1546,q,a,cx_stage2,,"[[[11, 253], [25, 253]], [], [true, true]]",
1547,q,a,cx_stage3,,"[[[11, 253], [25, 253]], [], [true, true]]",
1548,q,a,cx_stage1,,"[[[11, 256], [26, 256]], [], [true, true]]",
1549,q,a,cx_stage2,,"[[[11, 256], [26, 256]], [], [true, true]]",
1550,q,a,cx_stage3,,"[[[11, 256], [26, 256]], [], [true, true]]",
1551,q,a,cx_stage1,,"[[[11, 260], [26, 260]], [], [true, true]]",
1552,q,a,cx_stage2,,"[[[11, 260], [26, 260]], [], [true, true]]",
1553,q,a,cx_stage3,,"[[[11, 260], [26, 260]], [], [true, true]]",
1554,q,a,cx_stage1,,"[[[11, 263], [27, 263]], [], [true, true]]",
1555,q,a,cx_stage2,,"[[[11, 263], [27, 263]], [], [true, true]]",
1556,q,a,cx_stage3,,"[[[11, 263], [27, 263]], [], [true, true]]",
1557,q,a,cx_stage1,,"[[[11, 267], [27, 267]], [], [true, true]]",
1558,q,a,cx_stage2,,"[[[11, 267], [27, 267]], [], [true, true]]",
1559,q,a,cx_stage3,,"[[[11, 267], [27, 267]], [], [true, true]]",
1560,q,a,cx_stage1,,"[[[11, 270], [28, 270]], [], [true, true]]",
1561,q,a,cx_stage2,,"[[[11, 270], [28, 270]], [], [true, true]]",
1562,q,a,cx_stage3,,"[[[11, 270], [28, 270]], [], [true, true]]",
1563,q,a,cx_stage1,,"[[[11, 274], [28, 274]], [], [true, true]]",
1564,q,a,cx_stage2,,"[[[11, 274], [28, 274]], [], [true, true]]",
1565,q,a,cx_stage3,,"[[[11, 274], [28, 274]], [], [true, true]]",
1566,q,a,cx_stage1,,"[[[11, 277], [29, 277]], [], [true, true]]",
1567,q,a,cx_stage2,,"[[[11, 277], [29, 277]], [], [true, true]]",
1568,q,a,cx_stage3,,"[[[11, 277], [29, 277]], [], [true, true]]",
1569,q,a,cx_stage1,,"[[[11, 281], [29, 281]], [], [true, true]]",
1570,q,a,cx_stage2,,"[[[11, 281], [29, 281]], [], [true, true]]",
1571,q,a,cx_stage3,,"[[[11, 281], [29, 281]], [], [true, true]]",
1572,q,a,cx_stage1,,"[[[11, 284], [30, 284]], [], [true, true]]",
1573,q,a,cx_stage2,,"[[[11, 284], [30, 284]], [], [true, true]]",
1574,q,a,cx_stage3,,"[[[11, 284], [30, 284]], [], [true, true]]",
1575,q,a,cx_stage1,,"[[[11, 288], [30, 288]], [], [true, true]]",
1576,q,a,cx_stage2,,"[[[11, 288], [30, 288]], [], [true, true]]",
1577,q,a,cx_stage3,,"[[[11, 288], [30, 288]], [], [true, true]]",
1578,q,a,cx_stage1,,"[[[11, 291], [31, 291]], [], [true, true]]",
1579,q,a,cx_stage2,,"[[[11, 291], [31, 291]], [], [true, true]]",
1580,q,a,cx_stage3,,"[[[11, 291], [31, 291]], [], [true, true]]",
1581,q,a,cx_stage1,,"[[[11, 295], [31, 295]], [], [true, true]]",
1582,q,a,cx_stage2,,"[[[11, 295], [31, 295]], [], [true, true]]",
1583,q,a,cx_stage3,,"[[[11, 295], [31, 295]], [], [true, true]]",
1584,q,a,cx_stage1,,"[[[11, 298], [32, 298]], [], [true, true]]",
1585,q,a,cx_stage2,,"[[[11, 298], [32, 298]], [], [true, true]]",
1586,q,a,cx_stage3,,"[[[11, 298], [32, 298]], [], [true, true]]",
1587,q,a,cx_stage1,,"[[[11, 302], [32, 302]], [], [true, true]]",
1588,q,a,cx_stage2,,"[[[11, 302], [32, 302]], [], [true, true]]",
1589,q,a,cx_stage3,,"[[[11, 302], [32, 302]], [], [true, true]]",
1590,q,a,cx_stage1,,"[[[11, 305], [33, 305]], [], [true, true]]",
1591,q,a,cx_stage2,,"[[[11, 305], [33, 305]], [], [true, true]]",
1592,q,a,cx_stage3,,"[[[11, 305], [33, 305]], [], [true, true]]",
1593,q,a,cx_stage1,,"[[[11, 309], [33, 309]], [], [true, true]]",
1594,q,a,cx_stage2,,"[[[11, 309], [33, 309]], [], [true, true]]",
1595,q,a,cx_stage3,,"[[[11, 309], [33, 309]], [], [true, true]]",
1596,q,a,cx_stage1,,"[[[11, 312], [34, 312]], [], [true, true]]",
1597,q,a,cx_stage2,,"[[[11, 312], [34, 312]], [], [true, true]]",
1598,q,a,cx_stage3,,"[[[11, 312], [34, 312]], [], [true, true]]",
1599,q,a,cx_stage1,,"[[[11, 316], [34, 316]], [], [true, true]]",
1600,q,a,cx_stage2,,"[[[11, 316], [34, 316]], [], [true, true]]",
1601,q,a,cx_stage3,,"[[[11, 316], [34, 316]], [], [true, true]]",
1602,q,a,cx_stage1,,"[[[11, 319], [35, 319]], [], [true, true]]",
1603,q,a,cx_stage2,,"[[[11, 319], [35, 319]], [], [true, true]]",
1604,q,a,cx_stage3,,"[[[11, 319], [35, 319]], [], [true, true]]",
1605,q,a,cx_stage1,,"[[[11, 323], [35, 323]], [], [true, true]]",
1606,q,a,cx_stage2,,"[[[11, 323], [35, 323]], [], [true, true]]",
1607,q,a,cx_stage3,,"[[[11, 323], [35, 323]], [], [true, true]]",
1608,q,a,cx_stage1,,"[[[11, 326], [36, 326]], [], [true, true]]",
1609,q,a,cx_stage2,,"[[[11, 326], [36, 326]], [], [true, true]]",
1610,q,a,cx_stage3,,"[[[11, 326], [36, 326]], [], [true, true]]",
1611,q,a,cx_stage1,,"[[[11, 330], [36, 330]], [], [true, true]]",
1612,q,a,cx_stage2,,"[[[11, 330], [36, 330]], [], [true, true]]",
1613,q,a,cx_stage3,,"[[[11, 330], [36, 330]], [], [true, true]]",
1614,q,a,cx_stage1,,"[[[11, 333], [37, 333]], [], [true, true]]",
1615,q,a,cx_stage2,,"[[[11, 333], [37, 333]], [], [true, true]]",
1616,q,a,cx_stage3,,"[[[11, 333], [37, 333]], [], [true, true]]",
1617,q,a,cx_stage1,,"[[[11, 337], [37, 337]], [], [true, true]]",
1618,q,a,cx_stage2,,"[[[11, 337], [37, 337]], [], [true, true]]",
1619,q,a,cx_stage3,,"[[[11, 337], [37, 337]], [], [true, true]]",
1620,q,a,cx_stage1,,"[[[11, 340], [38, 340]], [], [true, true]]",
1621,q,a,cx_stage2,,"[[[11, 340], [38, 340]], [], [true, true]]",
1622,q,a,cx_stage3,,"[[[11, 340], [38, 340]], [], [true, true]]",
1623,q,a,cx_stage1,,"[[[11, 344], [38, 344]], [], [true, true]]",
1624,q,a,cx_stage2,,"[[[11, 344], [38, 344]], [], [true, true]]",
1625,q,a,cx_stage3,,"[[[11, 344], [38, 344]], [], [true, true]]",
1626,q,a,cx_stage1,,"[[[11, 347], [39, 347]], [], [true, true]]",
1627,q,a,cx_stage2,,"[[[11, 347], [39, 347]], [], [true, true]]",
1628,q,a,cx_stage3,,"[[[11, 347], [39, 347]], [], [true, true]]",
1629,q,a,cx_stage1,,"[[[11, 351], [39, 351]], [], [true, true]]",
1630,q,a,cx_stage2,,"[[[11, 351], [39, 351]], [], [true, true]]",
1631,q,a,cx_stage3,,"[[[11, 351], [39, 351]], [], [true, true]]",
1632,q,a,cx_stage1,,"[[[11, 354], [40, 354]], [], [true, true]]",
1633,q,a,cx_stage2,,"[[[11, 354], [40, 354]], [], [true, true]]",
1634,q,a,cx_stage3,,"[[[11, 354], [40, 354]], [], [true, true]]",
1635,q,a,cx_stage1,,"[[[11, 358], [40, 358]], [], [true, true]]",
1636,q,a,cx_stage2,,"[[[11, 358], [40, 358]], [], [true, true]]",
1637,q,a,cx_stage3,,"[[[11, 358], [40, 358]], [], [true, true]]",
1638,q,a,cx_stage1,,"[[[11, 361], [41, 361]], [], [true, true]]",
1639,q,a,cx_stage2,,"[[[11, 361], [41, 361]], [], [true, true]]",
1640,q,a,cx_stage3,,"[[[11, 361], [41, 361]], [], [true, true]]",
1641,q,a,cx_stage1,,"[[[11, 365], [41, 365]], [], [true, true]]",
1642,q,a,cx_stage2,,"[[[11, 365], [41, 365]], [], [true, true]]",
1643,q,a,cx_stage3,,"[[[11, 365], [41, 365]], [], [true, true]]",
1644,q,a,cx_stage1,,"[[[11, 368], [42, 368]], [], [true, true]]",
1645,q,a,cx_stage2,,"[[[11, 368], [42, 368]], [], [true, true]]",
1646,q,a,cx_stage3,,"[[[11, 368], [42, 368]], [], [true, true]]",
1647,q,a,cx_stage1,,"[[[11, 372], [42, 372]], [], [true, true]]",
1648,q,a,cx_stage2,,"[[[11, 372], [42, 372]], [], [true, true]]",
1649,q,a,cx_stage3,,"[[[11, 372], [42, 372]], [], [true, true]]",
1650,q,a,cx_stage1,,"[[[11, 375], [43, 375]], [], [true, true]]",
1651,q,a,cx_stage2,,"[[[11, 375], [43, 375]], [], [true, true]]",
1652,q,a,cx_stage3,,"[[[11, 375], [43, 375]], [], [true, true]]",
1653,q,a,cx_stage1,,"[[[11, 379], [43, 379]], [], [true, true]]",
1654,q,a,cx_stage2,,"[[[11, 379], [43, 379]], [], [true, true]]",
1655,q,a,cx_stage3,,"[[[11, 379], [43, 379]], [], [true, true]]",
1656,q,a,cx_stage1,,"[[[11, 382], [44, 382]], [], [true, true]]",
1657,q,a,cx_stage2,,"[[[11, 382], [44, 382]], [], [true, true]]",
1658,q,a,cx_stage3,,"[[[11, 382], [44, 382]], [], [true, true]]",
1659,q,a,cx_stage1,,"[[[11, 386], [44, 386]], [], [true, true]]",
1660,q,a,cx_stage2,,"[[[11, 386], [44, 386]], [], [true, true]]",
1661,q,a,cx_stage3,,"[[[11, 386], [44, 386]], [], [true, true]]",
1662,q,a,cx_stage1,,"[[[11, 389], [45, 389]], [], [true, true]]",
1663,q,a,cx_stage2,,"[[[11, 389], [45, 389]], [], [true, true]]",
1664,q,a,cx_stage3,,"[[[11, 389], [45, 389]], [], [true, true]]",
1665,q,a,cx_stage1,,"[[[11, 393], [45, 393]], [], [true, true]]",
1666,q,a,cx_stage2,,"[[[11, 393], [45, 393]], [], [true, true]]",
1667,q,a,cx_stage3,,"[[[11, 393], [45, 393]], [], [true, true]]",
1668,q,a,cx_stage1,,"[[[11, 396], [46, 396]], [], [true, true]]",
1669,q,a,cx_stage2,,"[[[11, 396], [46, 396]], [], [true, true]]",
1670,q,a,cx_stage3,,"[[[11, 396], [46, 396]], [], [true, true]]",
1671,q,a,cx_stage1,,"[[[11, 400], [46, 400]], [], [true, true]]",
1672,q,a,cx_stage2,,"[[[11, 400], [46, 400]], [], [true, true]]",
1673,q,a,cx_stage3,,"[[[11, 400], [46, 400]], [], [true, true]]",
1674,q,a,cx_stage1,,"[[[11, 403], [47, 403]], [], [true, true]]",
1675,q,a,cx_stage2,,"[[[11, 403], [47, 403]], [], [true, true]]",
1676,q,a,cx_stage3,,"[[[11, 403], [47, 403]], [], [true, true]]",
1677,q,a,cx_stage1,,"[[[11, 407], [47, 407]], [], [true, true]]",
1678,q,a,cx_stage2,,"[[[11, 407], [47, 407]], [], [true, true]]",
1679,q,a,cx_stage3,,"[[[11, 407], [47, 407]], [], [true, true]]",
1680,q,a,cx_stage1,,"[[[11, 410], [48, 410]], [], [true, true]]",
1681,q,a,cx_stage2,,"[[[11, 410], [48, 410]], [], [true, true]]",
1682,q,a,cx_stage3,,"[[[11, 410], [48, 410]], [], [true, true]]",
1683,q,a,cx_stage1,,"[[[11, 414], [48, 414]], [], [true, true]]",
1684,q,a,cx_stage2,,"[[[11, 414], [48, 414]], [], [true, true]]",
1685,q,a,cx_stage3,,"[[[11, 414], [48, 414]], [], [true, true]]",
1686,q,a,cx_stage1,,"[[[11, 417], [49, 417]], [], [true, true]]",
1687,q,a,cx_stage2,,"[[[11, 417], [49, 417]], [], [true, true]]",
1688,q,a,cx_stage3,,"[[[11, 417], [49, 417]], [], [true, true]]",
1689,q,a,cx_stage1,,"[[[11, 421], [49, 421]], [], [true, true]]",
1690,q,a,cx_stage2,,"[[[11, 421], [49, 421]], [], [true, true]]",
1691,q,a,cx_stage3,,"[[[11, 421], [49, 421]], [], [true, true]]",
1692,q,a,cx_stage1,,"[[[11, 424], [50, 424]], [], [true, true]]",
1693,q,a,cx_stage2,,"[[[11, 424], [50, 424]], [], [true, true]]",
1694,q,a,cx_stage3,,"[[[11, 424], [50, 424]], [], [true, true]]",
1695,q,a,cx_stage1,,"[[[11, 428], [50, 428]], [], [true, true]]",
1696,q,a,cx_stage2,,"[[[11, 428], [50, 428]], [], [true, true]]",
1697,q,a,cx_stage3,,"[[[11, 428], [50, 428]], [], [true, true]]",
1698,q,a,cx_stage1,,"[[[11, 431], [51, 431]], [], [true, true]]",
1699,q,a,cx_stage2,,"[[[11, 431], [51, 431]], [], [true, true]]",
1700,q,a,cx_stage3,,"[[[11, 431], [51, 431]], [], [true, true]]",
1701,q,a,cx_stage1,,"[[[11, 435], [51, 435]], [], [true, true]]",
1702,q,a,cx_stage2,,"[[[11, 435], [51, 435]], [], [true, true]]",
1703,q,a,cx_stage3,,"[[[11, 435], [51, 435]], [], [true, true]]",
1704,q,a,cx_stage1,,"[[[11, 438], [52, 438]], [], [true, true]]",
1705,q,a,cx_stage2,,"[[[11, 438], [52, 438]], [], [true, true]]",
1706,q,a,cx_stage3,,"[[[11, 438], [52, 438]], [], [true, true]]",
1707,q,a,cx_stage1,,"[[[11, 442], [52, 442]], [], [true, true]]",
1708,q,a,cx_stage2,,"[[[11, 442], [52, 442]], [], [true, true]]",
1709,q,a,cx_stage3,,"[[[11, 442], [52, 442]], [], [true, true]]",
1710,q,a,cx_stage1,,"[[[11, 445], [53, 445]], [], [true, true]]",
1711,q,a,cx_stage2,,"[[[11, 445], [53, 445]], [], [true, true]]",
1712,q,a,cx_stage3,,"[[[11, 445], [53, 445]], [], [true, true]]",
1713,q,a,cx_stage1,,"[[[11, 449], [53, 449]], [], [true, true]]",
1714,q,a,cx_stage2,,"[[[11, 449], [53, 449]], [], [true, true]]",
1715,q,a,cx_stage3,,"[[[11, 449], [53, 449]], [], [true, true]]",
1716,q,a,cx_stage1,,"[[[11, 452], [54, 452]], [], [true, true]]",
1717,q,a,cx_stage2,,"[[[11, 452], [54, 452]], [], [true, true]]",
1718,q,a,cx_stage3,,"[[[11, 452], [54, 452]], [], [true, true]]",
1719,q,a,cx_stage1,,"[[[11, 456], [54, 456]], [], [true, true]]",
1720,q,a,cx_stage2,,"[[[11, 456], [54, 456]], [], [true, true]]",
1721,q,a,cx_stage3,,"[[[11, 456], [54, 456]], [], [true, true]]",
1722,q,a,cx_stage1,,"[[[11, 459], [55, 459]], [], [true, true]]",
1723,q,a,cx_stage2,,"[[[11, 459], [55, 459]], [], [true, true]]",
1724,q,a,cx_stage3,,"[[[11, 459], [55, 459]], [], [true, true]]",
1725,q,a,cx_stage1,,"[[[11, 463], [55, 463]], [], [true, true]]",
1726,q,a,cx_stage2,,"[[[11, 463], [55, 463]], [], [true, true]]",
1727,q,a,cx_stage3,,"[[[11, 463], [55, 463]], [], [true, true]]",
1728,q,a,u2,,"[[[11, 464]], [], [true]]",
1729,q,a,cx_stage1,,"[[[0, 467], [11, 467]], [], [true, true]]",
1730,q,a,cx_stage3,,"[[[0, 467], [11, 467]], [], [true, true]]",
1731,q,a,p,,"[[[11, 468]], [], [true]]",
1732,q,a,cx_stage1,,"[[[0, 471], [11, 471]], [], [true, true]]",
1733,q,a,cx_stage3,,"[[[0, 471], [11, 471]], [], [true, true]]",
1734,q,a,cx_stage1,,"[[[1, 474], [11, 474]], [], [true, true]]",
1735,q,a,cx_stage2,,"[[[1, 474], [11, 474]], [], [true, true]]",
1736,q,a,cx_stage3,,"[[[1, 474], [11, 474]], [], [true, true]]",
1737,q,a,p,,"[[[11, 475]], [], [true]]",
1738,q,a,cx_stage1,,"[[[1, 478], [11, 478]], [], [true, true]]",
1739,q,a,cx_stage2,,"[[[1, 478], [11, 478]], [], [true, true]]",
1740,q,a,cx_stage3,,"[[[1, 478], [11, 478]], [], [true, true]]",
1741,q,a,cx_stage1,,"[[[2, 481], [11, 481]], [], [true, true]]",
1742,q,a,cx_stage2,,"[[[2, 481], [11, 481]], [], [true, true]]",
1743,q,a,cx_stage3,,"[[[2, 481], [11, 481]], [], [true, true]]",
1744,q,a,p,,"[[[11, 482]], [], [true]]",
1745,q,a,cx_stage1,,"[[[2, 485], [11, 485]], [], [true, true]]",
1746,q,a,cx_stage2,,"[[[2, 485], [11, 485]], [], [true, true]]",
1747,q,a,cx_stage3,,"[[[2, 485], [11, 485]], [], [true, true]]",
1748,q,a,cx_stage1,,"[[[3, 488], [11, 488]], [], [true, true]]",
1749,q,a,cx_stage2,,"[[[3, 488], [11, 488]], [], [true, true]]",
1750,q,a,cx_stage3,,"[[[3, 488], [11, 488]], [], [true, true]]",
1751,q,a,p,,"[[[11, 489]], [], [true]]",
1752,q,a,cx_stage1,,"[[[3, 492], [11, 492]], [], [true, true]]",
1753,q,a,cx_stage2,,"[[[3, 492], [11, 492]], [], [true, true]]",
1754,q,a,cx_stage3,,"[[[3, 492], [11, 492]], [], [true, true]]",
1755,q,a,cx_stage1,,"[[[4, 495], [11, 495]], [], [true, true]]",
1756,q,a,cx_stage2,,"[[[4, 495], [11, 495]], [], [true, true]]",
1757,q,a,cx_stage3,,"[[[4, 495], [11, 495]], [], [true, true]]",
1758,q,a,p,,"[[[11, 496]], [], [true]]",
1759,q,a,cx_stage1,,"[[[4, 499], [11, 499]], [], [true, true]]",
1760,q,a,cx_stage2,,"[[[4, 499], [11, 499]], [], [true, true]]",
1761,q,a,cx_stage3,,"[[[4, 499], [11, 499]], [], [true, true]]",
1762,q,a,cx_stage1,,"[[[5, 502], [11, 502]], [], [true, true]]",
1763,q,a,cx_stage2,,"[[[5, 502], [11, 502]], [], [true, true]]",
1764,q,a,cx_stage3,,"[[[5, 502], [11, 502]], [], [true, true]]",
1765,q,a,p,,"[[[11, 503]], [], [true]]",
1766,q,a,cx_stage1,,"[[[5, 506], [11, 506]], [], [true, true]]",
1767,q,a,cx_stage2,,"[[[5, 506], [11, 506]], [], [true, true]]",
1768,q,a,cx_stage3,,"[[[5, 506], [11, 506]], [], [true, true]]",
1769,q,a,cx_stage1,,"[[[6, 509], [11, 509]], [], [true, true]]",
1770,q,a,cx_stage2,,"[[[6, 509], [11, 509]], [], [true, true]]",
1771,q,a,cx_stage3,,"[[[6, 509], [11, 509]], [], [true, true]]",
1772,q,a,p,,"[[[11, 510]], [], [true]]",
1773,q,a,cx_stage1,,"[[[6, 513], [11, 513]], [], [true, true]]",
1774,q,a,cx_stage2,,"[[[6, 513], [11, 513]], [], [true, true]]",
1775,q,a,cx_stage3,,"[[[6, 513], [11, 513]], [], [true, true]]",
1776,q,a,cx_stage1,,"[[[7, 516], [11, 516]], [], [true, true]]",
1777,q,a,cx_stage2,,"[[[7, 516], [11, 516]], [], [true, true]]",
1778,q,a,cx_stage3,,"[[[7, 516], [11, 516]], [], [true, true]]",
1779,q,a,p,,"[[[11, 517]], [], [true]]",
1780,q,a,cx_stage1,,"[[[7, 520], [11, 520]], [], [true, true]]",
1781,q,a,cx_stage2,,"[[[7, 520], [11, 520]], [], [true, true]]",
1782,q,a,cx_stage3,,"[[[7, 520], [11, 520]], [], [true, true]]",
1783,q,a,cx_stage1,,"[[[8, 523], [11, 523]], [], [true, true]]",
1784,q,a,cx_stage2,,"[[[8, 523], [11, 523]], [], [true, true]]",
1785,q,a,cx_stage3,,"[[[8, 523], [11, 523]], [], [true, true]]",
1786,q,a,p,,"[[[11, 524]], [], [true]]",
1787,q,a,cx_stage1,,"[[[8, 527], [11, 527]], [], [true, true]]",
1788,q,a,cx_stage2,,"[[[8, 527], [11, 527]], [], [true, true]]",
1789,q,a,cx_stage3,,"[[[8, 527], [11, 527]], [], [true, true]]",
1790,q,a,cx_stage1,,"[[[9, 530], [11, 530]], [], [true, true]]",
1791,q,a,cx_stage2,,"[[[9, 530], [11, 530]], [], [true, true]]",
1792,q,a,cx_stage3,,"[[[9, 530], [11, 530]], [], [true, true]]",
1793,q,a,p,,"[[[11, 531]], [], [true]]",
1794,q,a,cx_stage1,,"[[[9, 534], [11, 534]], [], [true, true]]",
1795,q,a,cx_stage2,,"[[[9, 534], [11, 534]], [], [true, true]]",
1796,q,a,cx_stage3,,"[[[9, 534], [11, 534]], [], [true, true]]",
1797,q,a,cx_stage1,,"[[[10, 537], [11, 537]], [], [true, true]]",
1798,q,a,cx_stage3,,"[[[10, 537], [11, 537]], [], [true, true]]",
1799,q,a,p,,"[[[11, 538]], [], [true]]",
1800,q,a,cx_stage1,,"[[[10, 541], [11, 541]], [], [true, true]]",
1801,q,a,cx_stage3,,"[[[10, 541], [11, 541]], [], [true, true]]",
1802,q,a,cx_stage1,,"[[[11, 551], [12, 551]], [], [true, true]]",
1803,q,a,cx_stage2,,"[[[11, 551], [12, 551]], [], [true, true]]",
1804,q,a,cx_stage3,,"[[[11, 551], [12, 551]], [], [true, true]]",
1805,q,a,cx_stage1,,"[[[11, 555], [12, 555]], [], [true, true]]",
1806,q,a,cx_stage2,,"[[[11, 555], [12, 555]], [], [true, true]]",
1807,q,a,cx_stage3,,"[[[11, 555], [12, 555]], [], [true, true]]",
1808,q,a,cx_stage1,,"[[[11, 558], [13, 558]], [], [true, true]]",
1809,q,a,cx_stage2,,"[[[11, 558], [13, 558]], [], [true, true]]",
1810,q,a,cx_stage3,,"[[[11, 558], [13, 558]], [], [true, true]]",
1811,q,a,cx_stage1,,"[[[11, 562], [13, 562]], [], [true, true]]",
1812,q,a,cx_stage2,,"[[[11, 562], [13, 562]], [], [true, true]]",
1813,q,a,cx_stage3,,"[[[11, 562], [13, 562]], [], [true, true]]",
1814,q,a,cx_stage1,,"[[[11, 565], [14, 565]], [], [true, true]]",
1815,q,a,cx_stage2,,"[[[11, 565], [14, 565]], [], [true, true]]",
1816,q,a,cx_stage3,,"[[[11, 565], [14, 565]], [], [true, true]]",
1817,q,a,cx_stage1,,"[[[11, 569], [14, 569]], [], [true, true]]",
1818,q,a,cx_stage2,,"[[[11, 569], [14, 569]], [], [true, true]]",
1819,q,a,cx_stage3,,"[[[11, 569], [14, 569]], [], [true, true]]",
1820,q,a,cx_stage1,,"[[[11, 572], [15, 572]], [], [true, true]]",
1821,q,a,cx_stage2,,"[[[11, 572], [15, 572]], [], [true, true]]",
1822,q,a,cx_stage3,,"[[[11, 572], [15, 572]], [], [true, true]]",
1823,q,a,cx_stage1,,"[[[11, 576], [15, 576]], [], [true, true]]",
1824,q,a,cx_stage2,,"[[[11, 576], [15, 576]], [], [true, true]]",
1825,q,a,cx_stage3,,"[[[11, 576], [15, 576]], [], [true, true]]",
1826,q,a,cx_stage1,,"[[[11, 579], [16, 579]], [], [true, true]]",
1827,q,a,cx_stage2,,"[[[11, 579], [16, 579]], [], [true, true]]",
1828,q,a,cx_stage3,,"[[[11, 579], [16, 579]], [], [true, true]]",
1829,q,a,cx_stage1,,"[[[11, 583], [16, 583]], [], [true, true]]",
1830,q,a,cx_stage2,,"[[[11, 583], [16, 583]], [], [true, true]]",
1831,q,a,cx_stage3,,"[[[11, 583], [16, 583]], [], [true, true]]",
1832,q,a,cx_stage1,,"[[[11, 586], [17, 586]], [], [true, true]]",
1833,q,a,cx_stage2,,"[[[11, 586], [17, 586]], [], [true, true]]",
1834,q,a,cx_stage3,,"[[[11, 586], [17, 586]], [], [true, true]]",
1835,q,a,cx_stage1,,"[[[11, 590], [17, 590]], [], [true, true]]",
1836,q,a,cx_stage2,,"[[[11, 590], [17, 590]], [], [true, true]]",
1837,q,a,cx_stage3,,"[[[11, 590], [17, 590]], [], [true, true]]",
1838,q,a,cx_stage1,,"[[[11, 593], [18, 593]], [], [true, true]]",
1839,q,a,cx_stage2,,"[[[11, 593], [18, 593]], [], [true, true]]",
1840,q,a,cx_stage3,,"[[[11, 593], [18, 593]], [], [true, true]]",
1841,q,a,cx_stage1,,"[[[11, 597], [18, 597]], [], [true, true]]",
1842,q,a,cx_stage2,,"[[[11, 597], [18, 597]], [], [true, true]]",
1843,q,a,cx_stage3,,"[[[11, 597], [18, 597]], [], [true, true]]",
1844,q,a,cx_stage1,,"[[[11, 600], [19, 600]], [], [true, true]]",
1845,q,a,cx_stage2,,"[[[11, 600], [19, 600]], [], [true, true]]",
1846,q,a,cx_stage3,,"[[[11, 600], [19, 600]], [], [true, true]]",
1847,q,a,cx_stage1,,"[[[11, 604], [19, 604]], [], [true, true]]",
1848,q,a,cx_stage2,,"[[[11, 604], [19, 604]], [], [true, true]]",
1849,q,a,cx_stage3,,"[[[11, 604], [19, 604]], [], [true, true]]",
1850,q,a,cx_stage1,,"[[[11, 607], [20, 607]], [], [true, true]]",
1851,q,a,cx_stage2,,"[[[11, 607], [20, 607]], [], [true, true]]",
1852,q,a,cx_stage3,,"[[[11, 607], [20, 607]], [], [true, true]]",
1853,q,a,cx_stage1,,"[[[11, 611], [20, 611]], [], [true, true]]",
1854,q,a,cx_stage2,,"[[[11, 611], [20, 611]], [], [true, true]]",
1855,q,a,cx_stage3,,"[[[11, 611], [20, 611]], [], [true, true]]",
1856,q,a,cx_stage1,,"[[[11, 614], [21, 614]], [], [true, true]]",
1857,q,a,cx_stage2,,"[[[11, 614], [21, 614]], [], [true, true]]",
1858,q,a,cx_stage3,,"[[[11, 614], [21, 614]], [], [true, true]]",
1859,q,a,cx_stage1,,"[[[11, 618], [21, 618]], [], [true, true]]",
1860,q,a,cx_stage2,,"[[[11, 618], [21, 618]], [], [true, true]]",
1861,q,a,cx_stage3,,"[[[11, 618], [21, 618]], [], [true, true]]",
1862,q,a,cx_stage1,,"[[[11, 621], [22, 621]], [], [true, true]]",
1863,q,a,cx_stage2,,"[[[11, 621], [22, 621]], [], [true, true]]",
1864,q,a,cx_stage3,,"[[[11, 621], [22, 621]], [], [true, true]]",
1865,q,a,cx_stage1,,"[[[11, 625], [22, 625]], [], [true, true]]",
1866,q,a,cx_stage2,,"[[[11, 625], [22, 625]], [], [true, true]]",
1867,q,a,cx_stage3,,"[[[11, 625], [22, 625]], [], [true, true]]",
1868,q,a,cx_stage1,,"[[[11, 628], [23, 628]], [], [true, true]]",
1869,q,a,cx_stage2,,"[[[11, 628], [23, 628]], [], [true, true]]",
1870,q,a,cx_stage3,,"[[[11, 628], [23, 628]], [], [true, true]]",
1871,q,a,cx_stage1,,"[[[11, 632], [23, 632]], [], [true, true]]",
1872,q,a,cx_stage2,,"[[[11, 632], [23, 632]], [], [true, true]]",
1873,q,a,cx_stage3,,"[[[11, 632], [23, 632]], [], [true, true]]",
1874,q,a,cx_stage1,,"[[[11, 635], [24, 635]], [], [true, true]]",
1875,q,a,cx_stage2,,"[[[11, 635], [24, 635]], [], [true, true]]",
1876,q,a,cx_stage3,,"[[[11, 635], [24, 635]], [], [true, true]]",
1877,q,a,cx_stage1,,"[[[11, 639], [24, 639]], [], [true, true]]",
1878,q,a,cx_stage2,,"[[[11, 639], [24, 639]], [], [true, true]]",
1879,q,a,cx_stage3,,"[[[11, 639], [24, 639]], [], [true, true]]",
1880,q,a,cx_stage1,,"[[[11, 642], [25, 642]], [], [true, true]]",
1881,q,a,cx_stage2,,"[[[11, 642], [25, 642]], [], [true, true]]",
1882,q,a,cx_stage3,,"[[[11, 642], [25, 642]], [], [true, true]]",
1883,q,a,cx_stage1,,"[[[11, 646], [25, 646]], [], [true, true]]",
1884,q,a,cx_stage2,,"[[[11, 646], [25, 646]], [], [true, true]]",
1885,q,a,cx_stage3,,"[[[11, 646], [25, 646]], [], [true, true]]",
1886,q,a,cx_stage1,,"[[[11, 649], [26, 649]], [], [true, true]]",
1887,q,a,cx_stage2,,"[[[11, 649], [26, 649]], [], [true, true]]",
1888,q,a,cx_stage3,,"[[[11, 649], [26, 649]], [], [true, true]]",
1889,q,a,cx_stage1,,"[[[11, 653], [26, 653]], [], [true, true]]",
1890,q,a,cx_stage2,,"[[[11, 653], [26, 653]], [], [true, true]]",
1891,q,a,cx_stage3,,"[[[11, 653], [26, 653]], [], [true, true]]",
1892,q,a,cx_stage1,,"[[[11, 656], [27, 656]], [], [true, true]]",
1893,q,a,cx_stage2,,"[[[11, 656], [27, 656]], [], [true, true]]",
1894,q,a,cx_stage3,,"[[[11, 656], [27, 656]], [], [true, true]]",
1895,q,a,cx_stage1,,"[[[11, 660], [27, 660]], [], [true, true]]",
1896,q,a,cx_stage2,,"[[[11, 660], [27, 660]], [], [true, true]]",
1897,q,a,cx_stage3,,"[[[11, 660], [27, 660]], [], [true, true]]",
1898,q,a,cx_stage1,,"[[[11, 663], [28, 663]], [], [true, true]]",
1899,q,a,cx_stage2,,"[[[11, 663], [28, 663]], [], [true, true]]",
1900,q,a,cx_stage3,,"[[[11, 663], [28, 663]], [], [true, true]]",
1901,q,a,cx_stage1,,"[[[11, 667], [28, 667]], [], [true, true]]",
1902,q,a,cx_stage2,,"[[[11, 667], [28, 667]], [], [true, true]]",
1903,q,a,cx_stage3,,"[[[11, 667], [28, 667]], [], [true, true]]",
1904,q,a,cx_stage1,,"[[[11, 670], [29, 670]], [], [true, true]]",
1905,q,a,cx_stage2,,"[[[11, 670], [29, 670]], [], [true, true]]",
1906,q,a,cx_stage3,,"[[[11, 670], [29, 670]], [], [true, true]]",
1907,q,a,cx_stage1,,"[[[11, 674], [29, 674]], [], [true, true]]",
1908,q,a,cx_stage2,,"[[[11, 674], [29, 674]], [], [true, true]]",
1909,q,a,cx_stage3,,"[[[11, 674], [29, 674]], [], [true, true]]",
1910,q,a,cx_stage1,,"[[[11, 677], [30, 677]], [], [true, true]]",
1911,q,a,cx_stage2,,"[[[11, 677], [30, 677]], [], [true, true]]",
1912,q,a,cx_stage3,,"[[[11, 677], [30, 677]], [], [true, true]]",
1913,q,a,cx_stage1,,"[[[11, 681], [30, 681]], [], [true, true]]",
1914,q,a,cx_stage2,,"[[[11, 681], [30, 681]], [], [true, true]]",
1915,q,a,cx_stage3,,"[[[11, 681], [30, 681]], [], [true, true]]",
1916,q,a,cx_stage1,,"[[[11, 684], [31, 684]], [], [true, true]]",
1917,q,a,cx_stage2,,"[[[11, 684], [31, 684]], [], [true, true]]",
1918,q,a,cx_stage3,,"[[[11, 684], [31, 684]], [], [true, true]]",
1919,q,a,cx_stage1,,"[[[11, 688], [31, 688]], [], [true, true]]",
1920,q,a,cx_stage2,,"[[[11, 688], [31, 688]], [], [true, true]]",
1921,q,a,cx_stage3,,"[[[11, 688], [31, 688]], [], [true, true]]",
1922,q,a,cx_stage1,,"[[[11, 691], [32, 691]], [], [true, true]]",
1923,q,a,cx_stage2,,"[[[11, 691], [32, 691]], [], [true, true]]",
1924,q,a,cx_stage3,,"[[[11, 691], [32, 691]], [], [true, true]]",
1925,q,a,cx_stage1,,"[[[11, 695], [32, 695]], [], [true, true]]",
1926,q,a,cx_stage2,,"[[[11, 695], [32, 695]], [], [true, true]]",
1927,q,a,cx_stage3,,"[[[11, 695], [32, 695]], [], [true, true]]",
1928,q,a,cx_stage1,,"[[[11, 698], [33, 698]], [], [true, true]]",
1929,q,a,cx_stage2,,"[[[11, 698], [33, 698]], [], [true, true]]",
1930,q,a,cx_stage3,,"[[[11, 698], [33, 698]], [], [true, true]]",
1931,q,a,cx_stage1,,"[[[11, 702], [33, 702]], [], [true, true]]",
1932,q,a,cx_stage2,,"[[[11, 702], [33, 702]], [], [true, true]]",
1933,q,a,cx_stage3,,"[[[11, 702], [33, 702]], [], [true, true]]",
1934,q,a,cx_stage1,,"[[[11, 705], [34, 705]], [], [true, true]]",
1935,q,a,cx_stage2,,"[[[11, 705], [34, 705]], [], [true, true]]",
1936,q,a,cx_stage3,,"[[[11, 705], [34, 705]], [], [true, true]]",
1937,q,a,cx_stage1,,"[[[11, 709], [34, 709]], [], [true, true]]",
1938,q,a,cx_stage2,,"[[[11, 709], [34, 709]], [], [true, true]]",
1939,q,a,cx_stage3,,"[[[11, 709], [34, 709]], [], [true, true]]",
1940,q,a,cx_stage1,,"[[[11, 712], [35, 712]], [], [true, true]]",
1941,q,a,cx_stage2,,"[[[11, 712], [35, 712]], [], [true, true]]",
1942,q,a,cx_stage3,,"[[[11, 712], [35, 712]], [], [true, true]]",
1943,q,a,cx_stage1,,"[[[11, 716], [35, 716]], [], [true, true]]",
1944,q,a,cx_stage2,,"[[[11, 716], [35, 716]], [], [true, true]]",
1945,q,a,cx_stage3,,"[[[11, 716], [35, 716]], [], [true, true]]",
1946,q,a,cx_stage1,,"[[[11, 719], [36, 719]], [], [true, true]]",
1947,q,a,cx_stage2,,"[[[11, 719], [36, 719]], [], [true, true]]",
1948,q,a,cx_stage3,,"[[[11, 719], [36, 719]], [], [true, true]]",
1949,q,a,cx_stage1,,"[[[11, 723], [36, 723]], [], [true, true]]",
1950,q,a,cx_stage2,,"[[[11, 723], [36, 723]], [], [true, true]]",
1951,q,a,cx_stage3,,"[[[11, 723], [36, 723]], [], [true, true]]",
1952,q,a,cx_stage1,,"[[[11, 726], [37, 726]], [], [true, true]]",
1953,q,a,cx_stage2,,"[[[11, 726], [37, 726]], [], [true, true]]",
1954,q,a,cx_stage3,,"[[[11, 726], [37, 726]], [], [true, true]]",
1955,q,a,cx_stage1,,"[[[11, 730], [37, 730]], [], [true, true]]",
1956,q,a,cx_stage2,,"[[[11, 730], [37, 730]], [], [true, true]]",
1957,q,a,cx_stage3,,"[[[11, 730], [37, 730]], [], [true, true]]",
1958,q,a,cx_stage3,,"[[[0, 74], [11, 74]], [], [true, true]]",
1959,q,a,cx_stage1,,"[[[11, 733], [38, 733]], [], [true, true]]",
1960,q,a,cx_stage2,,"[[[11, 733], [38, 733]], [], [true, true]]",
1961,q,a,cx_stage3,,"[[[11, 733], [38, 733]], [], [true, true]]",
1962,q,a,cx_stage1,,"[[[11, 737], [38, 737]], [], [true, true]]",
1963,q,a,cx_stage2,,"[[[11, 737], [38, 737]], [], [true, true]]",
1964,q,a,cx_stage3,,"[[[11, 737], [38, 737]], [], [true, true]]",
1965,q,a,cx_stage1,,"[[[11, 740], [39, 740]], [], [true, true]]",
1966,q,a,cx_stage2,,"[[[11, 740], [39, 740]], [], [true, true]]",
1967,q,a,cx_stage3,,"[[[11, 740], [39, 740]], [], [true, true]]",
1968,q,a,p,,"[[[11, 75]], [], [true]]",
1969,q,a,cx_stage1,,"[[[11, 744], [39, 744]], [], [true, true]]",
1970,q,a,cx_stage2,,"[[[11, 744], [39, 744]], [], [true, true]]",
1971,q,a,cx_stage3,,"[[[11, 744], [39, 744]], [], [true, true]]",
1972,q,a,cx_stage1,,"[[[11, 747], [40, 747]], [], [true, true]]",
1973,q,a,cx_stage2,,"[[[11, 747], [40, 747]], [], [true, true]]",
1974,q,a,cx_stage3,,"[[[11, 747], [40, 747]], [], [true, true]]",
1975,q,a,cx_stage1,,"[[[11, 751], [40, 751]], [], [true, true]]",
1976,q,a,cx_stage2,,"[[[11, 751], [40, 751]], [], [true, true]]",
1977,q,a,cx_stage1,,"[[[0, 78], [11, 78]], [], [true, true]]",
1978,q,a,cx_stage3,,"[[[11, 751], [40, 751]], [], [true, true]]",
1979,q,a,cx_stage1,,"[[[11, 754], [41, 754]], [], [true, true]]",
1980,q,a,cx_stage2,,"[[[11, 754], [41, 754]], [], [true, true]]",
1981,q,a,cx_stage3,,"[[[11, 754], [41, 754]], [], [true, true]]",
1982,q,a,cx_stage1,,"[[[11, 758], [41, 758]], [], [true, true]]",
1983,q,a,cx_stage2,,"[[[11, 758], [41, 758]], [], [true, true]]",
1984,q,a,cx_stage3,,"[[[11, 758], [41, 758]], [], [true, true]]",
1985,q,a,cx_stage1,,"[[[11, 761], [42, 761]], [], [true, true]]",
1986,q,a,cx_stage2,,"[[[11, 761], [42, 761]], [], [true, true]]",
1987,q,a,cx_stage3,,"[[[11, 761], [42, 761]], [], [true, true]]",
1988,q,a,cx_stage1,,"[[[11, 765], [42, 765]], [], [true, true]]",
1989,q,a,cx_stage2,,"[[[11, 765], [42, 765]], [], [true, true]]",
1990,q,a,cx_stage3,,"[[[11, 765], [42, 765]], [], [true, true]]",
1991,q,a,cx_stage1,,"[[[11, 768], [43, 768]], [], [true, true]]",
1992,q,a,cx_stage2,,"[[[11, 768], [43, 768]], [], [true, true]]",
1993,q,a,cx_stage3,,"[[[11, 768], [43, 768]], [], [true, true]]",
1994,q,a,cx_stage1,,"[[[11, 772], [43, 772]], [], [true, true]]",
1995,q,a,cx_stage3,,"[[[0, 78], [11, 78]], [], [true, true]]",
1996,q,a,cx_stage2,,"[[[11, 772], [43, 772]], [], [true, true]]",
1997,q,a,cx_stage3,,"[[[11, 772], [43, 772]], [], [true, true]]",
1998,q,a,cx_stage1,,"[[[11, 775], [44, 775]], [], [true, true]]",
1999,q,a,cx_stage2,,"[[[11, 775], [44, 775]], [], [true, true]]",
2000,q,a,cx_stage3,,"[[[11, 775], [44, 775]], [], [true, true]]",
2001,q,a,cx_stage1,,"[[[11, 779], [44, 779]], [], [true, true]]",
2002,q,a,cx_stage2,,"[[[11, 779], [44, 779]], [], [true, true]]",
2003,q,a,cx_stage3,,"[[[11, 779], [44, 779]], [], [true, true]]",
2004,q,a,cx_stage1,,"[[[11, 782], [45, 782]], [], [true, true]]",
2005,q,a,cx_stage1,,"[[[1, 81], [11, 81]], [], [true, true]]",
2006,q,a,cx_stage2,,"[[[11, 782], [45, 782]], [], [true, true]]",
2007,q,a,cx_stage3,,"[[[11, 782], [45, 782]], [], [true, true]]",
2008,q,a,cx_stage1,,"[[[11, 786], [45, 786]], [], [true, true]]",
2009,q,a,cx_stage2,,"[[[11, 786], [45, 786]], [], [true, true]]",
2010,q,a,cx_stage3,,"[[[11, 786], [45, 786]], [], [true, true]]",
2011,q,a,cx_stage1,,"[[[11, 789], [46, 789]], [], [true, true]]",
2012,q,a,cx_stage2,,"[[[11, 789], [46, 789]], [], [true, true]]",
2013,q,a,cx_stage3,,"[[[11, 789], [46, 789]], [], [true, true]]",
2014,q,a,cx_stage1,,"[[[11, 793], [46, 793]], [], [true, true]]",
2015,q,a,cx_stage2,,"[[[1, 81], [11, 81]], [], [true, true]]",
2016,q,a,cx_stage2,,"[[[11, 793], [46, 793]], [], [true, true]]",
2017,q,a,cx_stage3,,"[[[11, 793], [46, 793]], [], [true, true]]",
2018,q,a,cx_stage1,,"[[[11, 796], [47, 796]], [], [true, true]]",
2019,q,a,cx_stage2,,"[[[11, 796], [47, 796]], [], [true, true]]",
2020,q,a,cx_stage3,,"[[[11, 796], [47, 796]], [], [true, true]]",
2021,q,a,cx_stage1,,"[[[11, 800], [47, 800]], [], [true, true]]",
2022,q,a,cx_stage2,,"[[[11, 800], [47, 800]], [], [true, true]]",
2023,q,a,cx_stage3,,"[[[11, 800], [47, 800]], [], [true, true]]",
2024,q,a,cx_stage3,,"[[[1, 81], [11, 81]], [], [true, true]]",
2025,q,a,cx_stage1,,"[[[11, 803], [48, 803]], [], [true, true]]",
2026,q,a,cx_stage2,,"[[[11, 803], [48, 803]], [], [true, true]]",
2027,q,a,cx_stage3,,"[[[11, 803], [48, 803]], [], [true, true]]",
2028,q,a,cx_stage1,,"[[[11, 807], [48, 807]], [], [true, true]]",
2029,q,a,cx_stage2,,"[[[11, 807], [48, 807]], [], [true, true]]",
2030,q,a,cx_stage3,,"[[[11, 807], [48, 807]], [], [true, true]]",
2031,q,a,cx_stage1,,"[[[11, 810], [49, 810]], [], [true, true]]",
2032,q,a,cx_stage2,,"[[[11, 810], [49, 810]], [], [true, true]]",
2033,q,a,cx_stage3,,"[[[11, 810], [49, 810]], [], [true, true]]",
2034,q,a,p,,"[[[11, 82]], [], [true]]",
2035,q,a,cx_stage1,,"[[[11, 814], [49, 814]], [], [true, true]]",
2036,q,a,cx_stage2,,"[[[11, 814], [49, 814]], [], [true, true]]",
2037,q,a,cx_stage3,,"[[[11, 814], [49, 814]], [], [true, true]]",
2038,q,a,cx_stage1,,"[[[11, 817], [50, 817]], [], [true, true]]",
2039,q,a,cx_stage2,,"[[[11, 817], [50, 817]], [], [true, true]]",
2040,q,a,cx_stage3,,"[[[11, 817], [50, 817]], [], [true, true]]",
2041,q,a,cx_stage1,,"[[[11, 821], [50, 821]], [], [true, true]]",
2042,q,a,cx_stage2,,"[[[11, 821], [50, 821]], [], [true, true]]",
2043,q,a,cx_stage1,,"[[[1, 85], [11, 85]], [], [true, true]]",
2044,q,a,cx_stage3,,"[[[11, 821], [50, 821]], [], [true, true]]",
2045,q,a,cx_stage1,,"[[[11, 824], [51, 824]], [], [true, true]]",
2046,q,a,cx_stage2,,"[[[11, 824], [51, 824]], [], [true, true]]",
2047,q,a,cx_stage3,,"[[[11, 824], [51, 824]], [], [true, true]]",
2048,q,a,cx_stage1,,"[[[11, 828], [51, 828]], [], [true, true]]",
2049,q,a,cx_stage2,,"[[[11, 828], [51, 828]], [], [true, true]]",
2050,q,a,cx_stage3,,"[[[11, 828], [51, 828]], [], [true, true]]",
2051,q,a,cx_stage1,,"[[[11, 831], [52, 831]], [], [true, true]]",
2052,q,a,cx_stage2,,"[[[11, 831], [52, 831]], [], [true, true]]",
2053,q,a,cx_stage2,,"[[[1, 85], [11, 85]], [], [true, true]]",
2054,q,a,cx_stage3,,"[[[11, 831], [52, 831]], [], [true, true]]",
2055,q,a,cx_stage1,,"[[[11, 835], [52, 835]], [], [true, true]]",
2056,q,a,cx_stage2,,"[[[11, 835], [52, 835]], [], [true, true]]",
2057,q,a,cx_stage3,,"[[[11, 835], [52, 835]], [], [true, true]]",
2058,q,a,cx_stage1,,"[[[11, 838], [53, 838]], [], [true, true]]",
2059,q,a,cx_stage2,,"[[[11, 838], [53, 838]], [], [true, true]]",
2060,q,a,cx_stage3,,"[[[11, 838], [53, 838]], [], [true, true]]",
2061,q,a,cx_stage1,,"[[[11, 842], [53, 842]], [], [true, true]]",
2062,q,a,cx_stage3,,"[[[1, 85], [11, 85]], [], [true, true]]",
2063,q,a,cx_stage2,,"[[[11, 842], [53, 842]], [], [true, true]]",
2064,q,a,cx_stage3,,"[[[11, 842], [53, 842]], [], [true, true]]",
2065,q,a,cx_stage1,,"[[[11, 845], [54, 845]], [], [true, true]]",
2066,q,a,cx_stage2,,"[[[11, 845], [54, 845]], [], [true, true]]",
2067,q,a,cx_stage3,,"[[[11, 845], [54, 845]], [], [true, true]]",
2068,q,a,cx_stage1,,"[[[11, 849], [54, 849]], [], [true, true]]",
2069,q,a,cx_stage2,,"[[[11, 849], [54, 849]], [], [true, true]]",
2070,q,a,cx_stage3,,"[[[11, 849], [54, 849]], [], [true, true]]",
2071,q,a,cx_stage1,,"[[[11, 852], [55, 852]], [], [true, true]]",
2072,q,a,cx_stage1,,"[[[2, 88], [11, 88]], [], [true, true]]",
2073,q,a,cx_stage2,,"[[[11, 852], [55, 852]], [], [true, true]]",
2074,q,a,cx_stage3,,"[[[11, 852], [55, 852]], [], [true, true]]",
2075,q,a,cx_stage1,,"[[[11, 856], [55, 856]], [], [true, true]]",
2076,q,a,cx_stage2,,"[[[11, 856], [55, 856]], [], [true, true]]",
2077,q,a,cx_stage3,,"[[[11, 856], [55, 856]], [], [true, true]]",
2078,q,a,ry,,"[[[11, 857]], [], [true]]",
2079,q,a,cx_stage2,,"[[[2, 88], [11, 88]], [], [true, true]]",
2080,q,a,cx_stage3,,"[[[2, 88], [11, 88]], [], [true, true]]",
2081,q,a,p,,"[[[11, 89]], [], [true]]",
2082,q,a,cx_stage1,,"[[[2, 92], [11, 92]], [], [true, true]]",
2083,q,a,cx_stage2,,"[[[2, 92], [11, 92]], [], [true, true]]",
2084,q,a,cx_stage3,,"[[[2, 92], [11, 92]], [], [true, true]]",
2085,q,a,cx_stage1,,"[[[3, 95], [11, 95]], [], [true, true]]",
2086,q,a,cx_stage2,,"[[[3, 95], [11, 95]], [], [true, true]]",
2087,q,a,cx_stage3,,"[[[3, 95], [11, 95]], [], [true, true]]",
2088,q,a,p,,"[[[11, 96]], [], [true]]",
2089,q,a,cx_stage1,,"[[[3, 99], [11, 99]], [], [true, true]]",
2090,q,a,cx_stage2,,"[[[3, 99], [11, 99]], [], [true, true]]",
2091,q,a,cx_stage3,,"[[[3, 99], [11, 99]], [], [true, true]]",
2092,q,a,u2,,"[[[12, 1]], [], [true]]",
2093,q,a,cx_stage1,,"[[[0, 81], [12, 81]], [], [true, true]]",
2094,q,a,cx_stage2,,"[[[3, 102], [12, 102]], [], [true, true]]",
2095,q,a,cx_stage1,,"[[[3, 102], [12, 102]], [], [true, true]]",
2096,q,a,cx_stage3,,"[[[3, 102], [12, 102]], [], [true, true]]",
2097,q,a,p,,"[[[12, 103]], [], [true]]",
2098,q,a,cx_stage1,,"[[[3, 106], [12, 106]], [], [true, true]]",
2099,q,a,cx_stage2,,"[[[3, 106], [12, 106]], [], [true, true]]",
2100,q,a,cx_stage3,,"[[[3, 106], [12, 106]], [], [true, true]]",
2101,q,a,cx_stage1,,"[[[4, 109], [12, 109]], [], [true, true]]",
2102,q,a,cx_stage2,,"[[[4, 109], [12, 109]], [], [true, true]]",
2103,q,a,cx_stage3,,"[[[4, 109], [12, 109]], [], [true, true]]",
2104,q,a,p,,"[[[12, 110]], [], [true]]",
2105,q,a,cx_stage1,,"[[[4, 113], [12, 113]], [], [true, true]]",
2106,q,a,cx_stage2,,"[[[4, 113], [12, 113]], [], [true, true]]",
2107,q,a,cx_stage3,,"[[[4, 113], [12, 113]], [], [true, true]]",
2108,q,a,cx_stage1,,"[[[5, 116], [12, 116]], [], [true, true]]",
2109,q,a,cx_stage2,,"[[[5, 116], [12, 116]], [], [true, true]]",
2110,q,a,cx_stage3,,"[[[5, 116], [12, 116]], [], [true, true]]",
2111,q,a,p,,"[[[12, 117]], [], [true]]",
2112,q,a,cx_stage1,,"[[[5, 120], [12, 120]], [], [true, true]]",
2113,q,a,cx_stage2,,"[[[5, 120], [12, 120]], [], [true, true]]",
2114,q,a,cx_stage3,,"[[[5, 120], [12, 120]], [], [true, true]]",
2115,q,a,cx_stage1,,"[[[6, 123], [12, 123]], [], [true, true]]",
2116,q,a,cx_stage2,,"[[[6, 123], [12, 123]], [], [true, true]]",
2117,q,a,cx_stage3,,"[[[6, 123], [12, 123]], [], [true, true]]",
2118,q,a,p,,"[[[12, 124]], [], [true]]",
2119,q,a,cx_stage1,,"[[[6, 127], [12, 127]], [], [true, true]]",
2120,q,a,cx_stage2,,"[[[6, 127], [12, 127]], [], [true, true]]",
2121,q,a,cx_stage3,,"[[[6, 127], [12, 127]], [], [true, true]]",
2122,q,a,cx_stage1,,"[[[7, 130], [12, 130]], [], [true, true]]",
2123,q,a,cx_stage2,,"[[[7, 130], [12, 130]], [], [true, true]]",
2124,q,a,cx_stage2,,"[[[12, 1287], [13, 1287]], [], [true, true]]",
2125,q,a,cx_stage1,,"[[[12, 1287], [13, 1287]], [], [true, true]]",
2126,q,a,cx_stage3,,"[[[12, 1287], [13, 1287]], [], [true, true]]",
2127,q,a,cx_stage1,,"[[[11, 1290], [12, 1290]], [], [true, true]]",
2128,q,a,cx_stage3,,"[[[11, 1290], [12, 1290]], [], [true, true]]",
2129,q,a,cx_stage3,,"[[[7, 130], [12, 130]], [], [true, true]]",
2130,q,a,ry,,"[[[12, 1291]], [], [true]]",
2131,q,a,p,,"[[[12, 131]], [], [true]]",
2132,q,a,cx_stage1,,"[[[7, 134], [12, 134]], [], [true, true]]",
2133,q,a,cx_stage2,,"[[[7, 134], [12, 134]], [], [true, true]]",
2134,q,a,cx_stage3,,"[[[7, 134], [12, 134]], [], [true, true]]",
2135,q,a,cx_stage1,,"[[[8, 137], [12, 137]], [], [true, true]]",
2136,q,a,cx_stage2,,"[[[8, 137], [12, 137]], [], [true, true]]",
2137,q,a,cx_stage3,,"[[[8, 137], [12, 137]], [], [true, true]]",
2138,q,a,p,,"[[[12, 138]], [], [true]]",
2139,q,a,cx_stage1,,"[[[8, 141], [12, 141]], [], [true, true]]",
2140,q,a,cx_stage2,,"[[[8, 141], [12, 141]], [], [true, true]]",
2141,q,a,cx_stage3,,"[[[8, 141], [12, 141]], [], [true, true]]",
2142,q,a,cx_stage1,,"[[[9, 144], [12, 144]], [], [true, true]]",
2143,q,a,cx_stage2,,"[[[9, 144], [12, 144]], [], [true, true]]",
2144,q,a,cx_stage3,,"[[[9, 144], [12, 144]], [], [true, true]]",
2145,q,a,p,,"[[[12, 145]], [], [true]]",
2146,q,a,cx_stage1,,"[[[9, 148], [12, 148]], [], [true, true]]",
2147,q,a,cx_stage2,,"[[[9, 148], [12, 148]], [], [true, true]]",
2148,q,a,cx_stage3,,"[[[9, 148], [12, 148]], [], [true, true]]",
2149,q,a,cx_stage1,,"[[[10, 151], [12, 151]], [], [true, true]]",
2150,q,a,cx_stage3,,"[[[10, 151], [12, 151]], [], [true, true]]",
2151,q,a,p,,"[[[12, 152]], [], [true]]",
2152,q,a,cx_stage1,,"[[[10, 155], [12, 155]], [], [true, true]]",
2153,q,a,cx_stage3,,"[[[10, 155], [12, 155]], [], [true, true]]",
2154,q,a,cx_stage1,,"[[[11, 158], [12, 158]], [], [true, true]]",
2155,q,a,cx_stage3,,"[[[11, 158], [12, 158]], [], [true, true]]",
2156,q,a,p,,"[[[12, 159]], [], [true]]",
2157,q,a,cx_stage1,,"[[[11, 162], [12, 162]], [], [true, true]]",
2158,q,a,cx_stage3,,"[[[11, 162], [12, 162]], [], [true, true]]",
2159,q,a,cx_stage1,,"[[[12, 172], [13, 172]], [], [true, true]]",
2160,q,a,cx_stage2,,"[[[12, 172], [13, 172]], [], [true, true]]",
2161,q,a,cx_stage3,,"[[[12, 172], [13, 172]], [], [true, true]]",
2162,q,a,cx_stage1,,"[[[12, 176], [13, 176]], [], [true, true]]",
2163,q,a,cx_stage2,,"[[[12, 176], [13, 176]], [], [true, true]]",
2164,q,a,cx_stage3,,"[[[12, 176], [13, 176]], [], [true, true]]",
2165,q,a,cx_stage1,,"[[[12, 179], [14, 179]], [], [true, true]]",
2166,q,a,cx_stage2,,"[[[12, 179], [14, 179]], [], [true, true]]",
2167,q,a,cx_stage3,,"[[[12, 179], [14, 179]], [], [true, true]]",
2168,q,a,cx_stage1,,"[[[12, 183], [14, 183]], [], [true, true]]",
2169,q,a,cx_stage2,,"[[[12, 183], [14, 183]], [], [true, true]]",
2170,q,a,cx_stage3,,"[[[12, 183], [14, 183]], [], [true, true]]",
2171,q,a,cx_stage1,,"[[[12, 186], [15, 186]], [], [true, true]]",
2172,q,a,cx_stage2,,"[[[12, 186], [15, 186]], [], [true, true]]",
2173,q,a,cx_stage3,,"[[[12, 186], [15, 186]], [], [true, true]]",
2174,q,a,cx_stage1,,"[[[12, 190], [15, 190]], [], [true, true]]",
2175,q,a,cx_stage2,,"[[[12, 190], [15, 190]], [], [true, true]]",
2176,q,a,cx_stage3,,"[[[12, 190], [15, 190]], [], [true, true]]",
2177,q,a,cx_stage1,,"[[[12, 193], [16, 193]], [], [true, true]]",
2178,q,a,cx_stage2,,"[[[12, 193], [16, 193]], [], [true, true]]",
2179,q,a,cx_stage3,,"[[[12, 193], [16, 193]], [], [true, true]]",
2180,q,a,cx_stage1,,"[[[12, 197], [16, 197]], [], [true, true]]",
2181,q,a,cx_stage2,,"[[[12, 197], [16, 197]], [], [true, true]]",
2182,q,a,cx_stage3,,"[[[12, 197], [16, 197]], [], [true, true]]",
2183,q,a,cx_stage1,,"[[[12, 200], [17, 200]], [], [true, true]]",
2184,q,a,cx_stage2,,"[[[12, 200], [17, 200]], [], [true, true]]",
2185,q,a,cx_stage3,,"[[[12, 200], [17, 200]], [], [true, true]]",
2186,q,a,cx_stage1,,"[[[12, 204], [17, 204]], [], [true, true]]",
2187,q,a,cx_stage2,,"[[[12, 204], [17, 204]], [], [true, true]]",
2188,q,a,cx_stage3,,"[[[12, 204], [17, 204]], [], [true, true]]",
2189,q,a,cx_stage1,,"[[[12, 207], [18, 207]], [], [true, true]]",
2190,q,a,cx_stage2,,"[[[12, 207], [18, 207]], [], [true, true]]",
2191,q,a,cx_stage3,,"[[[12, 207], [18, 207]], [], [true, true]]",
2192,q,a,cx_stage1,,"[[[12, 211], [18, 211]], [], [true, true]]",
2193,q,a,cx_stage2,,"[[[12, 211], [18, 211]], [], [true, true]]",
2194,q,a,cx_stage3,,"[[[12, 211], [18, 211]], [], [true, true]]",
2195,q,a,cx_stage1,,"[[[12, 214], [19, 214]], [], [true, true]]",
2196,q,a,cx_stage2,,"[[[12, 214], [19, 214]], [], [true, true]]",
2197,q,a,cx_stage3,,"[[[12, 214], [19, 214]], [], [true, true]]",
2198,q,a,cx_stage1,,"[[[12, 218], [19, 218]], [], [true, true]]",
2199,q,a,cx_stage2,,"[[[12, 218], [19, 218]], [], [true, true]]",
2200,q,a,cx_stage3,,"[[[12, 218], [19, 218]], [], [true, true]]",
2201,q,a,cx_stage1,,"[[[12, 221], [20, 221]], [], [true, true]]",
2202,q,a,cx_stage2,,"[[[12, 221], [20, 221]], [], [true, true]]",
2203,q,a,cx_stage3,,"[[[12, 221], [20, 221]], [], [true, true]]",
2204,q,a,cx_stage1,,"[[[12, 225], [20, 225]], [], [true, true]]",
2205,q,a,cx_stage2,,"[[[12, 225], [20, 225]], [], [true, true]]",
2206,q,a,cx_stage3,,"[[[12, 225], [20, 225]], [], [true, true]]",
2207,q,a,cx_stage1,,"[[[12, 228], [21, 228]], [], [true, true]]",
2208,q,a,cx_stage2,,"[[[12, 228], [21, 228]], [], [true, true]]",
2209,q,a,cx_stage3,,"[[[12, 228], [21, 228]], [], [true, true]]",
2210,q,a,cx_stage1,,"[[[12, 232], [21, 232]], [], [true, true]]",
2211,q,a,cx_stage2,,"[[[12, 232], [21, 232]], [], [true, true]]",
2212,q,a,cx_stage3,,"[[[12, 232], [21, 232]], [], [true, true]]",
2213,q,a,cx_stage1,,"[[[12, 235], [22, 235]], [], [true, true]]",
2214,q,a,cx_stage2,,"[[[12, 235], [22, 235]], [], [true, true]]",
2215,q,a,cx_stage3,,"[[[12, 235], [22, 235]], [], [true, true]]",
2216,q,a,cx_stage1,,"[[[12, 239], [22, 239]], [], [true, true]]",
2217,q,a,cx_stage2,,"[[[12, 239], [22, 239]], [], [true, true]]",
2218,q,a,cx_stage3,,"[[[12, 239], [22, 239]], [], [true, true]]",
2219,q,a,cx_stage1,,"[[[12, 242], [23, 242]], [], [true, true]]",
2220,q,a,cx_stage2,,"[[[12, 242], [23, 242]], [], [true, true]]",
2221,q,a,cx_stage3,,"[[[12, 242], [23, 242]], [], [true, true]]",
2222,q,a,cx_stage1,,"[[[12, 246], [23, 246]], [], [true, true]]",
2223,q,a,cx_stage2,,"[[[12, 246], [23, 246]], [], [true, true]]",
2224,q,a,cx_stage3,,"[[[12, 246], [23, 246]], [], [true, true]]",
2225,q,a,cx_stage1,,"[[[12, 249], [24, 249]], [], [true, true]]",
2226,q,a,cx_stage2,,"[[[12, 249], [24, 249]], [], [true, true]]",
2227,q,a,cx_stage3,,"[[[12, 249], [24, 249]], [], [true, true]]",
2228,q,a,cx_stage1,,"[[[12, 253], [24, 253]], [], [true, true]]",
2229,q,a,cx_stage2,,"[[[12, 253], [24, 253]], [], [true, true]]",
2230,q,a,cx_stage3,,"[[[12, 253], [24, 253]], [], [true, true]]",
2231,q,a,cx_stage1,,"[[[12, 256], [25, 256]], [], [true, true]]",
2232,q,a,cx_stage2,,"[[[12, 256], [25, 256]], [], [true, true]]",
2233,q,a,cx_stage3,,"[[[12, 256], [25, 256]], [], [true, true]]",
2234,q,a,cx_stage1,,"[[[12, 260], [25, 260]], [], [true, true]]",
2235,q,a,cx_stage2,,"[[[12, 260], [25, 260]], [], [true, true]]",
2236,q,a,cx_stage3,,"[[[12, 260], [25, 260]], [], [true, true]]",
2237,q,a,cx_stage1,,"[[[12, 263], [26, 263]], [], [true, true]]",
2238,q,a,cx_stage2,,"[[[12, 263], [26, 263]], [], [true, true]]",
2239,q,a,cx_stage3,,"[[[12, 263], [26, 263]], [], [true, true]]",
2240,q,a,cx_stage1,,"[[[12, 267], [26, 267]], [], [true, true]]",
2241,q,a,cx_stage2,,"[[[12, 267], [26, 267]], [], [true, true]]",
2242,q,a,cx_stage3,,"[[[12, 267], [26, 267]], [], [true, true]]",
2243,q,a,cx_stage1,,"[[[12, 270], [27, 270]], [], [true, true]]",
2244,q,a,cx_stage2,,"[[[12, 270], [27, 270]], [], [true, true]]",
2245,q,a,cx_stage3,,"[[[12, 270], [27, 270]], [], [true, true]]",
2246,q,a,cx_stage1,,"[[[12, 274], [27, 274]], [], [true, true]]",
2247,q,a,cx_stage2,,"[[[12, 274], [27, 274]], [], [true, true]]",
2248,q,a,cx_stage3,,"[[[12, 274], [27, 274]], [], [true, true]]",
2249,q,a,cx_stage1,,"[[[12, 277], [28, 277]], [], [true, true]]",
2250,q,a,cx_stage2,,"[[[12, 277], [28, 277]], [], [true, true]]",
2251,q,a,cx_stage3,,"[[[12, 277], [28, 277]], [], [true, true]]",
2252,q,a,cx_stage1,,"[[[12, 281], [28, 281]], [], [true, true]]",
2253,q,a,cx_stage2,,"[[[12, 281], [28, 281]], [], [true, true]]",
2254,q,a,cx_stage3,,"[[[12, 281], [28, 281]], [], [true, true]]",
2255,q,a,cx_stage1,,"[[[12, 284], [29, 284]], [], [true, true]]",
2256,q,a,cx_stage2,,"[[[12, 284], [29, 284]], [], [true, true]]",
2257,q,a,cx_stage3,,"[[[12, 284], [29, 284]], [], [true, true]]",
2258,q,a,cx_stage1,,"[[[12, 288], [29, 288]], [], [true, true]]",
2259,q,a,cx_stage2,,"[[[12, 288], [29, 288]], [], [true, true]]",
2260,q,a,cx_stage3,,"[[[12, 288], [29, 288]], [], [true, true]]",
2261,q,a,cx_stage1,,"[[[12, 291], [30, 291]], [], [true, true]]",
2262,q,a,cx_stage2,,"[[[12, 291], [30, 291]], [], [true, true]]",
2263,q,a,cx_stage3,,"[[[12, 291], [30, 291]], [], [true, true]]",
2264,q,a,cx_stage1,,"[[[12, 295], [30, 295]], [], [true, true]]",
2265,q,a,cx_stage2,,"[[[12, 295], [30, 295]], [], [true, true]]",
2266,q,a,cx_stage3,,"[[[12, 295], [30, 295]], [], [true, true]]",
2267,q,a,cx_stage1,,"[[[12, 298], [31, 298]], [], [true, true]]",
2268,q,a,cx_stage2,,"[[[12, 298], [31, 298]], [], [true, true]]",
2269,q,a,cx_stage3,,"[[[12, 298], [31, 298]], [], [true, true]]",
2270,q,a,cx_stage1,,"[[[12, 302], [31, 302]], [], [true, true]]",
2271,q,a,cx_stage2,,"[[[12, 302], [31, 302]], [], [true, true]]",
2272,q,a,cx_stage3,,"[[[12, 302], [31, 302]], [], [true, true]]",
2273,q,a,cx_stage1,,"[[[12, 305], [32, 305]], [], [true, true]]",
2274,q,a,cx_stage2,,"[[[12, 305], [32, 305]], [], [true, true]]",
2275,q,a,cx_stage3,,"[[[12, 305], [32, 305]], [], [true, true]]",
2276,q,a,cx_stage1,,"[[[12, 309], [32, 309]], [], [true, true]]",
2277,q,a,cx_stage2,,"[[[12, 309], [32, 309]], [], [true, true]]",
2278,q,a,cx_stage3,,"[[[12, 309], [32, 309]], [], [true, true]]",
2279,q,a,cx_stage1,,"[[[12, 312], [33, 312]], [], [true, true]]",
2280,q,a,cx_stage2,,"[[[12, 312], [33, 312]], [], [true, true]]",
2281,q,a,cx_stage3,,"[[[12, 312], [33, 312]], [], [true, true]]",
2282,q,a,cx_stage1,,"[[[12, 316], [33, 316]], [], [true, true]]",
2283,q,a,cx_stage2,,"[[[12, 316], [33, 316]], [], [true, true]]",
2284,q,a,cx_stage3,,"[[[12, 316], [33, 316]], [], [true, true]]",
2285,q,a,cx_stage1,,"[[[12, 319], [34, 319]], [], [true, true]]",
2286,q,a,cx_stage2,,"[[[12, 319], [34, 319]], [], [true, true]]",
2287,q,a,cx_stage3,,"[[[12, 319], [34, 319]], [], [true, true]]",
2288,q,a,cx_stage1,,"[[[12, 323], [34, 323]], [], [true, true]]",
2289,q,a,cx_stage2,,"[[[12, 323], [34, 323]], [], [true, true]]",
2290,q,a,cx_stage3,,"[[[12, 323], [34, 323]], [], [true, true]]",
2291,q,a,cx_stage1,,"[[[12, 326], [35, 326]], [], [true, true]]",
2292,q,a,cx_stage2,,"[[[12, 326], [35, 326]], [], [true, true]]",
2293,q,a,cx_stage3,,"[[[12, 326], [35, 326]], [], [true, true]]",
2294,q,a,cx_stage1,,"[[[12, 330], [35, 330]], [], [true, true]]",
2295,q,a,cx_stage2,,"[[[12, 330], [35, 330]], [], [true, true]]",
2296,q,a,cx_stage3,,"[[[12, 330], [35, 330]], [], [true, true]]",
2297,q,a,cx_stage1,,"[[[12, 333], [36, 333]], [], [true, true]]",
2298,q,a,cx_stage2,,"[[[12, 333], [36, 333]], [], [true, true]]",
2299,q,a,cx_stage3,,"[[[12, 333], [36, 333]], [], [true, true]]",
2300,q,a,cx_stage1,,"[[[12, 337], [36, 337]], [], [true, true]]",
2301,q,a,cx_stage2,,"[[[12, 337], [36, 337]], [], [true, true]]",
2302,q,a,cx_stage3,,"[[[12, 337], [36, 337]], [], [true, true]]",
2303,q,a,cx_stage1,,"[[[12, 340], [37, 340]], [], [true, true]]",
2304,q,a,cx_stage2,,"[[[12, 340], [37, 340]], [], [true, true]]",
2305,q,a,cx_stage3,,"[[[12, 340], [37, 340]], [], [true, true]]",
2306,q,a,cx_stage1,,"[[[12, 344], [37, 344]], [], [true, true]]",
2307,q,a,cx_stage2,,"[[[12, 344], [37, 344]], [], [true, true]]",
2308,q,a,cx_stage3,,"[[[12, 344], [37, 344]], [], [true, true]]",
2309,q,a,cx_stage1,,"[[[12, 347], [38, 347]], [], [true, true]]",
2310,q,a,cx_stage2,,"[[[12, 347], [38, 347]], [], [true, true]]",
2311,q,a,cx_stage3,,"[[[12, 347], [38, 347]], [], [true, true]]",
2312,q,a,cx_stage1,,"[[[12, 351], [38, 351]], [], [true, true]]",
2313,q,a,cx_stage2,,"[[[12, 351], [38, 351]], [], [true, true]]",
2314,q,a,cx_stage3,,"[[[12, 351], [38, 351]], [], [true, true]]",
2315,q,a,cx_stage1,,"[[[12, 354], [39, 354]], [], [true, true]]",
2316,q,a,cx_stage2,,"[[[12, 354], [39, 354]], [], [true, true]]",
2317,q,a,cx_stage3,,"[[[12, 354], [39, 354]], [], [true, true]]",
2318,q,a,cx_stage1,,"[[[12, 358], [39, 358]], [], [true, true]]",
2319,q,a,cx_stage2,,"[[[12, 358], [39, 358]], [], [true, true]]",
2320,q,a,cx_stage3,,"[[[12, 358], [39, 358]], [], [true, true]]",
2321,q,a,cx_stage1,,"[[[12, 361], [40, 361]], [], [true, true]]",
2322,q,a,cx_stage2,,"[[[12, 361], [40, 361]], [], [true, true]]",
2323,q,a,cx_stage3,,"[[[12, 361], [40, 361]], [], [true, true]]",
2324,q,a,cx_stage1,,"[[[12, 365], [40, 365]], [], [true, true]]",
2325,q,a,cx_stage2,,"[[[12, 365], [40, 365]], [], [true, true]]",
2326,q,a,cx_stage3,,"[[[12, 365], [40, 365]], [], [true, true]]",
2327,q,a,cx_stage1,,"[[[12, 368], [41, 368]], [], [true, true]]",
2328,q,a,cx_stage2,,"[[[12, 368], [41, 368]], [], [true, true]]",
2329,q,a,cx_stage3,,"[[[12, 368], [41, 368]], [], [true, true]]",
2330,q,a,cx_stage1,,"[[[12, 372], [41, 372]], [], [true, true]]",
2331,q,a,cx_stage2,,"[[[12, 372], [41, 372]], [], [true, true]]",
2332,q,a,cx_stage3,,"[[[12, 372], [41, 372]], [], [true, true]]",
2333,q,a,cx_stage1,,"[[[12, 375], [42, 375]], [], [true, true]]",
2334,q,a,cx_stage2,,"[[[12, 375], [42, 375]], [], [true, true]]",
2335,q,a,cx_stage3,,"[[[12, 375], [42, 375]], [], [true, true]]",
2336,q,a,cx_stage1,,"[[[12, 379], [42, 379]], [], [true, true]]",
2337,q,a,cx_stage2,,"[[[12, 379], [42, 379]], [], [true, true]]",
2338,q,a,cx_stage3,,"[[[12, 379], [42, 379]], [], [true, true]]",
2339,q,a,cx_stage1,,"[[[12, 382], [43, 382]], [], [true, true]]",
2340,q,a,cx_stage2,,"[[[12, 382], [43, 382]], [], [true, true]]",
2341,q,a,cx_stage3,,"[[[12, 382], [43, 382]], [], [true, true]]",
2342,q,a,cx_stage1,,"[[[12, 386], [43, 386]], [], [true, true]]",
2343,q,a,cx_stage2,,"[[[12, 386], [43, 386]], [], [true, true]]",
2344,q,a,cx_stage3,,"[[[12, 386], [43, 386]], [], [true, true]]",
2345,q,a,cx_stage1,,"[[[12, 389], [44, 389]], [], [true, true]]",
2346,q,a,cx_stage2,,"[[[12, 389], [44, 389]], [], [true, true]]",
2347,q,a,cx_stage3,,"[[[12, 389], [44, 389]], [], [true, true]]",
2348,q,a,cx_stage1,,"[[[12, 393], [44, 393]], [], [true, true]]",
2349,q,a,cx_stage2,,"[[[12, 393], [44, 393]], [], [true, true]]",
2350,q,a,cx_stage3,,"[[[12, 393], [44, 393]], [], [true, true]]",
2351,q,a,cx_stage1,,"[[[12, 396], [45, 396]], [], [true, true]]",
2352,q,a,cx_stage2,,"[[[12, 396], [45, 396]], [], [true, true]]",
2353,q,a,cx_stage3,,"[[[12, 396], [45, 396]], [], [true, true]]",
2354,q,a,cx_stage1,,"[[[12, 400], [45, 400]], [], [true, true]]",
2355,q,a,cx_stage2,,"[[[12, 400], [45, 400]], [], [true, true]]",
2356,q,a,cx_stage3,,"[[[12, 400], [45, 400]], [], [true, true]]",
2357,q,a,cx_stage1,,"[[[12, 403], [46, 403]], [], [true, true]]",
2358,q,a,cx_stage2,,"[[[12, 403], [46, 403]], [], [true, true]]",
2359,q,a,cx_stage3,,"[[[12, 403], [46, 403]], [], [true, true]]",
2360,q,a,cx_stage1,,"[[[12, 407], [46, 407]], [], [true, true]]",
2361,q,a,cx_stage2,,"[[[12, 407], [46, 407]], [], [true, true]]",
2362,q,a,cx_stage3,,"[[[12, 407], [46, 407]], [], [true, true]]",
2363,q,a,cx_stage1,,"[[[12, 410], [47, 410]], [], [true, true]]",
2364,q,a,cx_stage2,,"[[[12, 410], [47, 410]], [], [true, true]]",
2365,q,a,cx_stage3,,"[[[12, 410], [47, 410]], [], [true, true]]",
2366,q,a,cx_stage1,,"[[[12, 414], [47, 414]], [], [true, true]]",
2367,q,a,cx_stage2,,"[[[12, 414], [47, 414]], [], [true, true]]",
2368,q,a,cx_stage3,,"[[[12, 414], [47, 414]], [], [true, true]]",
2369,q,a,cx_stage1,,"[[[12, 417], [48, 417]], [], [true, true]]",
2370,q,a,cx_stage2,,"[[[12, 417], [48, 417]], [], [true, true]]",
2371,q,a,cx_stage3,,"[[[12, 417], [48, 417]], [], [true, true]]",
2372,q,a,cx_stage1,,"[[[12, 421], [48, 421]], [], [true, true]]",
2373,q,a,cx_stage2,,"[[[12, 421], [48, 421]], [], [true, true]]",
2374,q,a,cx_stage3,,"[[[12, 421], [48, 421]], [], [true, true]]",
2375,q,a,cx_stage1,,"[[[12, 424], [49, 424]], [], [true, true]]",
2376,q,a,cx_stage2,,"[[[12, 424], [49, 424]], [], [true, true]]",
2377,q,a,cx_stage3,,"[[[12, 424], [49, 424]], [], [true, true]]",
2378,q,a,cx_stage1,,"[[[12, 428], [49, 428]], [], [true, true]]",
2379,q,a,cx_stage2,,"[[[12, 428], [49, 428]], [], [true, true]]",
2380,q,a,cx_stage3,,"[[[12, 428], [49, 428]], [], [true, true]]",
2381,q,a,cx_stage1,,"[[[12, 431], [50, 431]], [], [true, true]]",
2382,q,a,cx_stage2,,"[[[12, 431], [50, 431]], [], [true, true]]",
2383,q,a,cx_stage3,,"[[[12, 431], [50, 431]], [], [true, true]]",
2384,q,a,cx_stage1,,"[[[12, 435], [50, 435]], [], [true, true]]",
2385,q,a,cx_stage2,,"[[[12, 435], [50, 435]], [], [true, true]]",
2386,q,a,cx_stage3,,"[[[12, 435], [50, 435]], [], [true, true]]",
2387,q,a,cx_stage1,,"[[[12, 438], [51, 438]], [], [true, true]]",
2388,q,a,cx_stage2,,"[[[12, 438], [51, 438]], [], [true, true]]",
2389,q,a,cx_stage3,,"[[[12, 438], [51, 438]], [], [true, true]]",
2390,q,a,cx_stage1,,"[[[12, 442], [51, 442]], [], [true, true]]",
2391,q,a,cx_stage2,,"[[[12, 442], [51, 442]], [], [true, true]]",
2392,q,a,cx_stage3,,"[[[12, 442], [51, 442]], [], [true, true]]",
2393,q,a,cx_stage1,,"[[[12, 445], [52, 445]], [], [true, true]]",
2394,q,a,cx_stage2,,"[[[12, 445], [52, 445]], [], [true, true]]",
2395,q,a,cx_stage3,,"[[[12, 445], [52, 445]], [], [true, true]]",
2396,q,a,cx_stage1,,"[[[12, 449], [52, 449]], [], [true, true]]",
2397,q,a,cx_stage2,,"[[[12, 449], [52, 449]], [], [true, true]]",
2398,q,a,cx_stage3,,"[[[12, 449], [52, 449]], [], [true, true]]",
2399,q,a,cx_stage1,,"[[[12, 452], [53, 452]], [], [true, true]]",
2400,q,a,cx_stage2,,"[[[12, 452], [53, 452]], [], [true, true]]",
2401,q,a,cx_stage3,,"[[[12, 452], [53, 452]], [], [true, true]]",
2402,q,a,cx_stage1,,"[[[12, 456], [53, 456]], [], [true, true]]",
2403,q,a,cx_stage2,,"[[[12, 456], [53, 456]], [], [true, true]]",
2404,q,a,cx_stage3,,"[[[12, 456], [53, 456]], [], [true, true]]",
2405,q,a,cx_stage1,,"[[[12, 459], [54, 459]], [], [true, true]]",
2406,q,a,cx_stage2,,"[[[12, 459], [54, 459]], [], [true, true]]",
2407,q,a,cx_stage3,,"[[[12, 459], [54, 459]], [], [true, true]]",
2408,q,a,cx_stage1,,"[[[12, 463], [54, 463]], [], [true, true]]",
2409,q,a,cx_stage2,,"[[[12, 463], [54, 463]], [], [true, true]]",
2410,q,a,cx_stage3,,"[[[12, 463], [54, 463]], [], [true, true]]",
2411,q,a,cx_stage1,,"[[[12, 466], [55, 466]], [], [true, true]]",
2412,q,a,cx_stage2,,"[[[12, 466], [55, 466]], [], [true, true]]",
2413,q,a,cx_stage3,,"[[[12, 466], [55, 466]], [], [true, true]]",
2414,q,a,cx_stage1,,"[[[12, 470], [55, 470]], [], [true, true]]",
2415,q,a,cx_stage2,,"[[[12, 470], [55, 470]], [], [true, true]]",
2416,q,a,cx_stage3,,"[[[12, 470], [55, 470]], [], [true, true]]",
2417,q,a,u2,,"[[[12, 471]], [], [true]]",
2418,q,a,cx_stage1,,"[[[0, 474], [12, 474]], [], [true, true]]",
2419,q,a,cx_stage3,,"[[[0, 474], [12, 474]], [], [true, true]]",
2420,q,a,p,,"[[[12, 475]], [], [true]]",
2421,q,a,cx_stage1,,"[[[0, 478], [12, 478]], [], [true, true]]",
2422,q,a,cx_stage3,,"[[[0, 478], [12, 478]], [], [true, true]]",
2423,q,a,cx_stage1,,"[[[1, 481], [12, 481]], [], [true, true]]",
2424,q,a,cx_stage2,,"[[[1, 481], [12, 481]], [], [true, true]]",
2425,q,a,cx_stage3,,"[[[1, 481], [12, 481]], [], [true, true]]",
2426,q,a,p,,"[[[12, 482]], [], [true]]",
2427,q,a,cx_stage1,,"[[[1, 485], [12, 485]], [], [true, true]]",
2428,q,a,cx_stage2,,"[[[1, 485], [12, 485]], [], [true, true]]",
2429,q,a,cx_stage3,,"[[[1, 485], [12, 485]], [], [true, true]]",
2430,q,a,cx_stage1,,"[[[2, 488], [12, 488]], [], [true, true]]",
2431,q,a,cx_stage2,,"[[[2, 488], [12, 488]], [], [true, true]]",
2432,q,a,cx_stage3,,"[[[2, 488], [12, 488]], [], [true, true]]",
2433,q,a,p,,"[[[12, 489]], [], [true]]",
2434,q,a,cx_stage1,,"[[[2, 492], [12, 492]], [], [true, true]]",
2435,q,a,cx_stage2,,"[[[2, 492], [12, 492]], [], [true, true]]",
2436,q,a,cx_stage3,,"[[[2, 492], [12, 492]], [], [true, true]]",
2437,q,a,cx_stage1,,"[[[3, 495], [12, 495]], [], [true, true]]",
2438,q,a,cx_stage2,,"[[[3, 495], [12, 495]], [], [true, true]]",
2439,q,a,cx_stage3,,"[[[3, 495], [12, 495]], [], [true, true]]",
2440,q,a,p,,"[[[12, 496]], [], [true]]",
2441,q,a,cx_stage1,,"[[[3, 499], [12, 499]], [], [true, true]]",
2442,q,a,cx_stage2,,"[[[3, 499], [12, 499]], [], [true, true]]",
2443,q,a,cx_stage3,,"[[[3, 499], [12, 499]], [], [true, true]]",
2444,q,a,cx_stage1,,"[[[4, 502], [12, 502]], [], [true, true]]",
2445,q,a,cx_stage2,,"[[[4, 502], [12, 502]], [], [true, true]]",
2446,q,a,cx_stage3,,"[[[4, 502], [12, 502]], [], [true, true]]",
2447,q,a,p,,"[[[12, 503]], [], [true]]",
2448,q,a,cx_stage1,,"[[[4, 506], [12, 506]], [], [true, true]]",
2449,q,a,cx_stage2,,"[[[4, 506], [12, 506]], [], [true, true]]",
2450,q,a,cx_stage3,,"[[[4, 506], [12, 506]], [], [true, true]]",
2451,q,a,cx_stage1,,"[[[5, 509], [12, 509]], [], [true, true]]",
2452,q,a,cx_stage2,,"[[[5, 509], [12, 509]], [], [true, true]]",
2453,q,a,cx_stage3,,"[[[5, 509], [12, 509]], [], [true, true]]",
2454,q,a,p,,"[[[12, 510]], [], [true]]",
2455,q,a,cx_stage1,,"[[[5, 513], [12, 513]], [], [true, true]]",
2456,q,a,cx_stage2,,"[[[5, 513], [12, 513]], [], [true, true]]",
2457,q,a,cx_stage3,,"[[[5, 513], [12, 513]], [], [true, true]]",
2458,q,a,cx_stage1,,"[[[6, 516], [12, 516]], [], [true, true]]",
2459,q,a,cx_stage2,,"[[[6, 516], [12, 516]], [], [true, true]]",
2460,q,a,cx_stage3,,"[[[6, 516], [12, 516]], [], [true, true]]",
2461,q,a,p,,"[[[12, 517]], [], [true]]",
2462,q,a,cx_stage1,,"[[[6, 520], [12, 520]], [], [true, true]]",
2463,q,a,cx_stage2,,"[[[6, 520], [12, 520]], [], [true, true]]",
2464,q,a,cx_stage3,,"[[[6, 520], [12, 520]], [], [true, true]]",
2465,q,a,cx_stage1,,"[[[7, 523], [12, 523]], [], [true, true]]",
2466,q,a,cx_stage2,,"[[[7, 523], [12, 523]], [], [true, true]]",
2467,q,a,cx_stage3,,"[[[7, 523], [12, 523]], [], [true, true]]",
2468,q,a,p,,"[[[12, 524]], [], [true]]",
2469,q,a,cx_stage1,,"[[[7, 527], [12, 527]], [], [true, true]]",
2470,q,a,cx_stage2,,"[[[7, 527], [12, 527]], [], [true, true]]",
2471,q,a,cx_stage3,,"[[[7, 527], [12, 527]], [], [true, true]]",
2472,q,a,cx_stage1,,"[[[8, 530], [12, 530]], [], [true, true]]",
2473,q,a,cx_stage2,,"[[[8, 530], [12, 530]], [], [true, true]]",
2474,q,a,cx_stage3,,"[[[8, 530], [12, 530]], [], [true, true]]",
2475,q,a,p,,"[[[12, 531]], [], [true]]",
2476,q,a,cx_stage1,,"[[[8, 534], [12, 534]], [], [true, true]]",
2477,q,a,cx_stage2,,"[[[8, 534], [12, 534]], [], [true, true]]",
2478,q,a,cx_stage3,,"[[[8, 534], [12, 534]], [], [true, true]]",
2479,q,a,cx_stage1,,"[[[9, 537], [12, 537]], [], [true, true]]",
2480,q,a,cx_stage2,,"[[[9, 537], [12, 537]], [], [true, true]]",
2481,q,a,cx_stage3,,"[[[9, 537], [12, 537]], [], [true, true]]",
2482,q,a,p,,"[[[12, 538]], [], [true]]",
2483,q,a,cx_stage1,,"[[[9, 541], [12, 541]], [], [true, true]]",
2484,q,a,cx_stage2,,"[[[9, 541], [12, 541]], [], [true, true]]",
2485,q,a,cx_stage3,,"[[[9, 541], [12, 541]], [], [true, true]]",
2486,q,a,cx_stage1,,"[[[10, 544], [12, 544]], [], [true, true]]",
2487,q,a,cx_stage3,,"[[[10, 544], [12, 544]], [], [true, true]]",
2488,q,a,p,,"[[[12, 545]], [], [true]]",
2489,q,a,cx_stage1,,"[[[10, 548], [12, 548]], [], [true, true]]",
2490,q,a,cx_stage3,,"[[[10, 548], [12, 548]], [], [true, true]]",
2491,q,a,cx_stage1,,"[[[11, 551], [12, 551]], [], [true, true]]",
2492,q,a,cx_stage3,,"[[[11, 551], [12, 551]], [], [true, true]]",
2493,q,a,p,,"[[[12, 552]], [], [true]]",
2494,q,a,cx_stage1,,"[[[11, 555], [12, 555]], [], [true, true]]",
2495,q,a,cx_stage3,,"[[[11, 555], [12, 555]], [], [true, true]]",
2496,q,a,cx_stage1,,"[[[12, 565], [13, 565]], [], [true, true]]",
2497,q,a,cx_stage2,,"[[[12, 565], [13, 565]], [], [true, true]]",
2498,q,a,cx_stage3,,"[[[12, 565], [13, 565]], [], [true, true]]",
2499,q,a,cx_stage1,,"[[[12, 569], [13, 569]], [], [true, true]]",
2500,q,a,cx_stage2,,"[[[12, 569], [13, 569]], [], [true, true]]",
2501,q,a,cx_stage3,,"[[[12, 569], [13, 569]], [], [true, true]]",
2502,q,a,cx_stage1,,"[[[12, 572], [14, 572]], [], [true, true]]",
2503,q,a,cx_stage2,,"[[[12, 572], [14, 572]], [], [true, true]]",
2504,q,a,cx_stage3,,"[[[12, 572], [14, 572]], [], [true, true]]",
2505,q,a,cx_stage1,,"[[[12, 576], [14, 576]], [], [true, true]]",
2506,q,a,cx_stage2,,"[[[12, 576], [14, 576]], [], [true, true]]",
2507,q,a,cx_stage3,,"[[[12, 576], [14, 576]], [], [true, true]]",
2508,q,a,cx_stage1,,"[[[12, 579], [15, 579]], [], [true, true]]",
2509,q,a,cx_stage2,,"[[[12, 579], [15, 579]], [], [true, true]]",
2510,q,a,cx_stage3,,"[[[12, 579], [15, 579]], [], [true, true]]",
2511,q,a,cx_stage1,,"[[[12, 583], [15, 583]], [], [true, true]]",
2512,q,a,cx_stage2,,"[[[12, 583], [15, 583]], [], [true, true]]",
2513,q,a,cx_stage3,,"[[[12, 583], [15, 583]], [], [true, true]]",
2514,q,a,cx_stage1,,"[[[12, 586], [16, 586]], [], [true, true]]",
2515,q,a,cx_stage2,,"[[[12, 586], [16, 586]], [], [true, true]]",
2516,q,a,cx_stage3,,"[[[12, 586], [16, 586]], [], [true, true]]",
2517,q,a,cx_stage1,,"[[[12, 590], [16, 590]], [], [true, true]]",
2518,q,a,cx_stage2,,"[[[12, 590], [16, 590]], [], [true, true]]",
2519,q,a,cx_stage3,,"[[[12, 590], [16, 590]], [], [true, true]]",
2520,q,a,cx_stage1,,"[[[12, 593], [17, 593]], [], [true, true]]",
2521,q,a,cx_stage2,,"[[[12, 593], [17, 593]], [], [true, true]]",
2522,q,a,cx_stage3,,"[[[12, 593], [17, 593]], [], [true, true]]",
2523,q,a,cx_stage1,,"[[[12, 597], [17, 597]], [], [true, true]]",
2524,q,a,cx_stage2,,"[[[12, 597], [17, 597]], [], [true, true]]",
2525,q,a,cx_stage3,,"[[[12, 597], [17, 597]], [], [true, true]]",
2526,q,a,cx_stage1,,"[[[12, 600], [18, 600]], [], [true, true]]",
2527,q,a,cx_stage2,,"[[[12, 600], [18, 600]], [], [true, true]]",
2528,q,a,cx_stage3,,"[[[12, 600], [18, 600]], [], [true, true]]",
2529,q,a,cx_stage1,,"[[[12, 604], [18, 604]], [], [true, true]]",
2530,q,a,cx_stage2,,"[[[12, 604], [18, 604]], [], [true, true]]",
2531,q,a,cx_stage3,,"[[[12, 604], [18, 604]], [], [true, true]]",
2532,q,a,cx_stage1,,"[[[12, 607], [19, 607]], [], [true, true]]",
2533,q,a,cx_stage2,,"[[[12, 607], [19, 607]], [], [true, true]]",
2534,q,a,cx_stage3,,"[[[12, 607], [19, 607]], [], [true, true]]",
2535,q,a,cx_stage1,,"[[[12, 611], [19, 611]], [], [true, true]]",
2536,q,a,cx_stage2,,"[[[12, 611], [19, 611]], [], [true, true]]",
2537,q,a,cx_stage3,,"[[[12, 611], [19, 611]], [], [true, true]]",
2538,q,a,cx_stage1,,"[[[12, 614], [20, 614]], [], [true, true]]",
2539,q,a,cx_stage2,,"[[[12, 614], [20, 614]], [], [true, true]]",
2540,q,a,cx_stage3,,"[[[12, 614], [20, 614]], [], [true, true]]",
2541,q,a,cx_stage1,,"[[[12, 618], [20, 618]], [], [true, true]]",
2542,q,a,cx_stage2,,"[[[12, 618], [20, 618]], [], [true, true]]",
2543,q,a,cx_stage3,,"[[[12, 618], [20, 618]], [], [true, true]]",
2544,q,a,cx_stage1,,"[[[12, 621], [21, 621]], [], [true, true]]",
2545,q,a,cx_stage2,,"[[[12, 621], [21, 621]], [], [true, true]]",
2546,q,a,cx_stage3,,"[[[12, 621], [21, 621]], [], [true, true]]",
2547,q,a,cx_stage1,,"[[[12, 625], [21, 625]], [], [true, true]]",
2548,q,a,cx_stage2,,"[[[12, 625], [21, 625]], [], [true, true]]",
2549,q,a,cx_stage3,,"[[[12, 625], [21, 625]], [], [true, true]]",
2550,q,a,cx_stage1,,"[[[12, 628], [22, 628]], [], [true, true]]",
2551,q,a,cx_stage2,,"[[[12, 628], [22, 628]], [], [true, true]]",
2552,q,a,cx_stage3,,"[[[12, 628], [22, 628]], [], [true, true]]",
2553,q,a,cx_stage1,,"[[[12, 632], [22, 632]], [], [true, true]]",
2554,q,a,cx_stage2,,"[[[12, 632], [22, 632]], [], [true, true]]",
2555,q,a,cx_stage3,,"[[[12, 632], [22, 632]], [], [true, true]]",
2556,q,a,cx_stage1,,"[[[12, 635], [23, 635]], [], [true, true]]",
2557,q,a,cx_stage2,,"[[[12, 635], [23, 635]], [], [true, true]]",
2558,q,a,cx_stage3,,"[[[12, 635], [23, 635]], [], [true, true]]",
2559,q,a,cx_stage1,,"[[[12, 639], [23, 639]], [], [true, true]]",
2560,q,a,cx_stage2,,"[[[12, 639], [23, 639]], [], [true, true]]",
2561,q,a,cx_stage3,,"[[[12, 639], [23, 639]], [], [true, true]]",
2562,q,a,cx_stage1,,"[[[12, 642], [24, 642]], [], [true, true]]",
2563,q,a,cx_stage2,,"[[[12, 642], [24, 642]], [], [true, true]]",
2564,q,a,cx_stage3,,"[[[12, 642], [24, 642]], [], [true, true]]",
2565,q,a,cx_stage1,,"[[[12, 646], [24, 646]], [], [true, true]]",
2566,q,a,cx_stage2,,"[[[12, 646], [24, 646]], [], [true, true]]",
2567,q,a,cx_stage3,,"[[[12, 646], [24, 646]], [], [true, true]]",
2568,q,a,cx_stage1,,"[[[12, 649], [25, 649]], [], [true, true]]",
2569,q,a,cx_stage2,,"[[[12, 649], [25, 649]], [], [true, true]]",
2570,q,a,cx_stage3,,"[[[12, 649], [25, 649]], [], [true, true]]",
2571,q,a,cx_stage1,,"[[[12, 653], [25, 653]], [], [true, true]]",
2572,q,a,cx_stage2,,"[[[12, 653], [25, 653]], [], [true, true]]",
2573,q,a,cx_stage3,,"[[[12, 653], [25, 653]], [], [true, true]]",
2574,q,a,cx_stage1,,"[[[12, 656], [26, 656]], [], [true, true]]",
2575,q,a,cx_stage2,,"[[[12, 656], [26, 656]], [], [true, true]]",
2576,q,a,cx_stage3,,"[[[12, 656], [26, 656]], [], [true, true]]",
2577,q,a,cx_stage1,,"[[[12, 660], [26, 660]], [], [true, true]]",
2578,q,a,cx_stage2,,"[[[12, 660], [26, 660]], [], [true, true]]",
2579,q,a,cx_stage3,,"[[[12, 660], [26, 660]], [], [true, true]]",
2580,q,a,cx_stage1,,"[[[12, 663], [27, 663]], [], [true, true]]",
2581,q,a,cx_stage2,,"[[[12, 663], [27, 663]], [], [true, true]]",
2582,q,a,cx_stage3,,"[[[12, 663], [27, 663]], [], [true, true]]",
2583,q,a,cx_stage1,,"[[[12, 667], [27, 667]], [], [true, true]]",
2584,q,a,cx_stage2,,"[[[12, 667], [27, 667]], [], [true, true]]",
2585,q,a,cx_stage3,,"[[[12, 667], [27, 667]], [], [true, true]]",
2586,q,a,cx_stage1,,"[[[12, 670], [28, 670]], [], [true, true]]",
2587,q,a,cx_stage2,,"[[[12, 670], [28, 670]], [], [true, true]]",
2588,q,a,cx_stage3,,"[[[12, 670], [28, 670]], [], [true, true]]",
2589,q,a,cx_stage1,,"[[[12, 674], [28, 674]], [], [true, true]]",
2590,q,a,cx_stage2,,"[[[12, 674], [28, 674]], [], [true, true]]",
2591,q,a,cx_stage3,,"[[[12, 674], [28, 674]], [], [true, true]]",
2592,q,a,cx_stage1,,"[[[12, 677], [29, 677]], [], [true, true]]",
2593,q,a,cx_stage2,,"[[[12, 677], [29, 677]], [], [true, true]]",
2594,q,a,cx_stage3,,"[[[12, 677], [29, 677]], [], [true, true]]",
2595,q,a,cx_stage1,,"[[[12, 681], [29, 681]], [], [true, true]]",
2596,q,a,cx_stage2,,"[[[12, 681], [29, 681]], [], [true, true]]",
2597,q,a,cx_stage3,,"[[[12, 681], [29, 681]], [], [true, true]]",
2598,q,a,cx_stage1,,"[[[12, 684], [30, 684]], [], [true, true]]",
2599,q,a,cx_stage2,,"[[[12, 684], [30, 684]], [], [true, true]]",
2600,q,a,cx_stage3,,"[[[12, 684], [30, 684]], [], [true, true]]",
2601,q,a,cx_stage1,,"[[[12, 688], [30, 688]], [], [true, true]]",
2602,q,a,cx_stage2,,"[[[12, 688], [30, 688]], [], [true, true]]",
2603,q,a,cx_stage3,,"[[[12, 688], [30, 688]], [], [true, true]]",
2604,q,a,cx_stage1,,"[[[12, 691], [31, 691]], [], [true, true]]",
2605,q,a,cx_stage2,,"[[[12, 691], [31, 691]], [], [true, true]]",
2606,q,a,cx_stage3,,"[[[12, 691], [31, 691]], [], [true, true]]",
2607,q,a,cx_stage1,,"[[[12, 695], [31, 695]], [], [true, true]]",
2608,q,a,cx_stage2,,"[[[12, 695], [31, 695]], [], [true, true]]",
2609,q,a,cx_stage3,,"[[[12, 695], [31, 695]], [], [true, true]]",
2610,q,a,cx_stage1,,"[[[12, 698], [32, 698]], [], [true, true]]",
2611,q,a,cx_stage2,,"[[[12, 698], [32, 698]], [], [true, true]]",
2612,q,a,cx_stage3,,"[[[12, 698], [32, 698]], [], [true, true]]",
2613,q,a,cx_stage1,,"[[[12, 702], [32, 702]], [], [true, true]]",
2614,q,a,cx_stage2,,"[[[12, 702], [32, 702]], [], [true, true]]",
2615,q,a,cx_stage3,,"[[[12, 702], [32, 702]], [], [true, true]]",
2616,q,a,cx_stage1,,"[[[12, 705], [33, 705]], [], [true, true]]",
2617,q,a,cx_stage2,,"[[[12, 705], [33, 705]], [], [true, true]]",
2618,q,a,cx_stage3,,"[[[12, 705], [33, 705]], [], [true, true]]",
2619,q,a,cx_stage1,,"[[[12, 709], [33, 709]], [], [true, true]]",
2620,q,a,cx_stage2,,"[[[12, 709], [33, 709]], [], [true, true]]",
2621,q,a,cx_stage3,,"[[[12, 709], [33, 709]], [], [true, true]]",
2622,q,a,cx_stage1,,"[[[12, 712], [34, 712]], [], [true, true]]",
2623,q,a,cx_stage2,,"[[[12, 712], [34, 712]], [], [true, true]]",
2624,q,a,cx_stage3,,"[[[12, 712], [34, 712]], [], [true, true]]",
2625,q,a,cx_stage1,,"[[[12, 716], [34, 716]], [], [true, true]]",
2626,q,a,cx_stage2,,"[[[12, 716], [34, 716]], [], [true, true]]",
2627,q,a,cx_stage3,,"[[[12, 716], [34, 716]], [], [true, true]]",
2628,q,a,cx_stage1,,"[[[12, 719], [35, 719]], [], [true, true]]",
2629,q,a,cx_stage2,,"[[[12, 719], [35, 719]], [], [true, true]]",
2630,q,a,cx_stage3,,"[[[12, 719], [35, 719]], [], [true, true]]",
2631,q,a,cx_stage1,,"[[[12, 723], [35, 723]], [], [true, true]]",
2632,q,a,cx_stage2,,"[[[12, 723], [35, 723]], [], [true, true]]",
2633,q,a,cx_stage3,,"[[[12, 723], [35, 723]], [], [true, true]]",
2634,q,a,cx_stage1,,"[[[12, 726], [36, 726]], [], [true, true]]",
2635,q,a,cx_stage2,,"[[[12, 726], [36, 726]], [], [true, true]]",
2636,q,a,cx_stage3,,"[[[12, 726], [36, 726]], [], [true, true]]",
2637,q,a,cx_stage1,,"[[[12, 730], [36, 730]], [], [true, true]]",
2638,q,a,cx_stage2,,"[[[12, 730], [36, 730]], [], [true, true]]",
2639,q,a,cx_stage3,,"[[[12, 730], [36, 730]], [], [true, true]]",
2640,q,a,cx_stage1,,"[[[12, 733], [37, 733]], [], [true, true]]",
2641,q,a,cx_stage2,,"[[[12, 733], [37, 733]], [], [true, true]]",
2642,q,a,cx_stage3,,"[[[12, 733], [37, 733]], [], [true, true]]",
2643,q,a,cx_stage1,,"[[[12, 737], [37, 737]], [], [true, true]]",
2644,q,a,cx_stage2,,"[[[12, 737], [37, 737]], [], [true, true]]",
2645,q,a,cx_stage3,,"[[[12, 737], [37, 737]], [], [true, true]]",
2646,q,a,cx_stage1,,"[[[12, 740], [38, 740]], [], [true, true]]",
2647,q,a,cx_stage2,,"[[[12, 740], [38, 740]], [], [true, true]]",
2648,q,a,cx_stage3,,"[[[12, 740], [38, 740]], [], [true, true]]",
2649,q,a,cx_stage1,,"[[[12, 744], [38, 744]], [], [true, true]]",
2650,q,a,cx_stage2,,"[[[12, 744], [38, 744]], [], [true, true]]",
2651,q,a,cx_stage3,,"[[[12, 744], [38, 744]], [], [true, true]]",
2652,q,a,cx_stage1,,"[[[12, 747], [39, 747]], [], [true, true]]",
2653,q,a,cx_stage2,,"[[[12, 747], [39, 747]], [], [true, true]]",
2654,q,a,cx_stage3,,"[[[12, 747], [39, 747]], [], [true, true]]",
2655,q,a,cx_stage1,,"[[[12, 751], [39, 751]], [], [true, true]]",
2656,q,a,cx_stage2,,"[[[12, 751], [39, 751]], [], [true, true]]",
2657,q,a,cx_stage3,,"[[[12, 751], [39, 751]], [], [true, true]]",
2658,q,a,cx_stage1,,"[[[12, 754], [40, 754]], [], [true, true]]",
2659,q,a,cx_stage2,,"[[[12, 754], [40, 754]], [], [true, true]]",
2660,q,a,cx_stage3,,"[[[12, 754], [40, 754]], [], [true, true]]",
2661,q,a,cx_stage1,,"[[[12, 758], [40, 758]], [], [true, true]]",
2662,q,a,cx_stage2,,"[[[12, 758], [40, 758]], [], [true, true]]",
2663,q,a,cx_stage3,,"[[[12, 758], [40, 758]], [], [true, true]]",
2664,q,a,cx_stage1,,"[[[12, 761], [41, 761]], [], [true, true]]",
2665,q,a,cx_stage2,,"[[[12, 761], [41, 761]], [], [true, true]]",
2666,q,a,cx_stage3,,"[[[12, 761], [41, 761]], [], [true, true]]",
2667,q,a,cx_stage1,,"[[[12, 765], [41, 765]], [], [true, true]]",
2668,q,a,cx_stage2,,"[[[12, 765], [41, 765]], [], [true, true]]",
2669,q,a,cx_stage3,,"[[[12, 765], [41, 765]], [], [true, true]]",
2670,q,a,cx_stage1,,"[[[12, 768], [42, 768]], [], [true, true]]",
2671,q,a,cx_stage2,,"[[[12, 768], [42, 768]], [], [true, true]]",
2672,q,a,cx_stage3,,"[[[12, 768], [42, 768]], [], [true, true]]",
2673,q,a,cx_stage1,,"[[[12, 772], [42, 772]], [], [true, true]]",
2674,q,a,cx_stage2,,"[[[12, 772], [42, 772]], [], [true, true]]",
2675,q,a,cx_stage3,,"[[[12, 772], [42, 772]], [], [true, true]]",
2676,q,a,cx_stage1,,"[[[12, 775], [43, 775]], [], [true, true]]",
2677,q,a,cx_stage2,,"[[[12, 775], [43, 775]], [], [true, true]]",
2678,q,a,cx_stage3,,"[[[12, 775], [43, 775]], [], [true, true]]",
2679,q,a,cx_stage1,,"[[[12, 779], [43, 779]], [], [true, true]]",
2680,q,a,cx_stage2,,"[[[12, 779], [43, 779]], [], [true, true]]",
2681,q,a,cx_stage3,,"[[[12, 779], [43, 779]], [], [true, true]]",
2682,q,a,cx_stage1,,"[[[12, 782], [44, 782]], [], [true, true]]",
2683,q,a,cx_stage2,,"[[[12, 782], [44, 782]], [], [true, true]]",
2684,q,a,cx_stage3,,"[[[12, 782], [44, 782]], [], [true, true]]",
2685,q,a,cx_stage1,,"[[[12, 786], [44, 786]], [], [true, true]]",
2686,q,a,cx_stage2,,"[[[12, 786], [44, 786]], [], [true, true]]",
2687,q,a,cx_stage3,,"[[[12, 786], [44, 786]], [], [true, true]]",
2688,q,a,cx_stage1,,"[[[12, 789], [45, 789]], [], [true, true]]",
2689,q,a,cx_stage2,,"[[[12, 789], [45, 789]], [], [true, true]]",
2690,q,a,cx_stage3,,"[[[12, 789], [45, 789]], [], [true, true]]",
2691,q,a,cx_stage1,,"[[[12, 793], [45, 793]], [], [true, true]]",
2692,q,a,cx_stage2,,"[[[12, 793], [45, 793]], [], [true, true]]",
2693,q,a,cx_stage3,,"[[[12, 793], [45, 793]], [], [true, true]]",
2694,q,a,cx_stage1,,"[[[12, 796], [46, 796]], [], [true, true]]",
2695,q,a,cx_stage2,,"[[[12, 796], [46, 796]], [], [true, true]]",
2696,q,a,cx_stage3,,"[[[12, 796], [46, 796]], [], [true, true]]",
2697,q,a,cx_stage1,,"[[[12, 800], [46, 800]], [], [true, true]]",
2698,q,a,cx_stage2,,"[[[12, 800], [46, 800]], [], [true, true]]",
2699,q,a,cx_stage3,,"[[[12, 800], [46, 800]], [], [true, true]]",
2700,q,a,cx_stage3,,"[[[0, 81], [12, 81]], [], [true, true]]",
2701,q,a,cx_stage1,,"[[[12, 803], [47, 803]], [], [true, true]]",
2702,q,a,cx_stage2,,"[[[12, 803], [47, 803]], [], [true, true]]",
2703,q,a,cx_stage3,,"[[[12, 803], [47, 803]], [], [true, true]]",
2704,q,a,cx_stage1,,"[[[12, 807], [47, 807]], [], [true, true]]",
2705,q,a,cx_stage2,,"[[[12, 807], [47, 807]], [], [true, true]]",
2706,q,a,cx_stage3,,"[[[12, 807], [47, 807]], [], [true, true]]",
2707,q,a,cx_stage1,,"[[[12, 810], [48, 810]], [], [true, true]]",
2708,q,a,cx_stage2,,"[[[12, 810], [48, 810]], [], [true, true]]",
2709,q,a,cx_stage3,,"[[[12, 810], [48, 810]], [], [true, true]]",
2710,q,a,p,,"[[[12, 82]], [], [true]]",
2711,q,a,cx_stage1,,"[[[12, 814], [48, 814]], [], [true, true]]",
2712,q,a,cx_stage2,,"[[[12, 814], [48, 814]], [], [true, true]]",
2713,q,a,cx_stage3,,"[[[12, 814], [48, 814]], [], [true, true]]",
2714,q,a,cx_stage1,,"[[[12, 817], [49, 817]], [], [true, true]]",
2715,q,a,cx_stage2,,"[[[12, 817], [49, 817]], [], [true, true]]",
2716,q,a,cx_stage3,,"[[[12, 817], [49, 817]], [], [true, true]]",
2717,q,a,cx_stage1,,"[[[12, 821], [49, 821]], [], [true, true]]",
2718,q,a,cx_stage2,,"[[[12, 821], [49, 821]], [], [true, true]]",
2719,q,a,cx_stage1,,"[[[0, 85], [12, 85]], [], [true, true]]",
2720,q,a,cx_stage3,,"[[[12, 821], [49, 821]], [], [true, true]]",
2721,q,a,cx_stage1,,"[[[12, 824], [50, 824]], [], [true, true]]",
2722,q,a,cx_stage2,,"[[[12, 824], [50, 824]], [], [true, true]]",
2723,q,a,cx_stage3,,"[[[12, 824], [50, 824]], [], [true, true]]",
2724,q,a,cx_stage1,,"[[[12, 828], [50, 828]], [], [true, true]]",
2725,q,a,cx_stage2,,"[[[12, 828], [50, 828]], [], [true, true]]",
2726,q,a,cx_stage3,,"[[[12, 828], [50, 828]], [], [true, true]]",
2727,q,a,cx_stage1,,"[[[12, 831], [51, 831]], [], [true, true]]",
2728,q,a,cx_stage2,,"[[[12, 831], [51, 831]], [], [true, true]]",
2729,q,a,cx_stage3,,"[[[12, 831], [51, 831]], [], [true, true]]",
2730,q,a,cx_stage1,,"[[[12, 835], [51, 835]], [], [true, true]]",
2731,q,a,cx_stage2,,"[[[12, 835], [51, 835]], [], [true, true]]",
2732,q,a,cx_stage3,,"[[[12, 835], [51, 835]], [], [true, true]]",
2733,q,a,cx_stage1,,"[[[12, 838], [52, 838]], [], [true, true]]",
2734,q,a,cx_stage2,,"[[[12, 838], [52, 838]], [], [true, true]]",
2735,q,a,cx_stage3,,"[[[12, 838], [52, 838]], [], [true, true]]",
2736,q,a,cx_stage1,,"[[[12, 842], [52, 842]], [], [true, true]]",
2737,q,a,cx_stage3,,"[[[0, 85], [12, 85]], [], [true, true]]",
2738,q,a,cx_stage2,,"[[[12, 842], [52, 842]], [], [true, true]]",
2739,q,a,cx_stage3,,"[[[12, 842], [52, 842]], [], [true, true]]",
2740,q,a,cx_stage1,,"[[[12, 845], [53, 845]], [], [true, true]]",
2741,q,a,cx_stage2,,"[[[12, 845], [53, 845]], [], [true, true]]",
2742,q,a,cx_stage3,,"[[[12, 845], [53, 845]], [], [true, true]]",
2743,q,a,cx_stage1,,"[[[12, 849], [53, 849]], [], [true, true]]",
2744,q,a,cx_stage2,,"[[[12, 849], [53, 849]], [], [true, true]]",
2745,q,a,cx_stage3,,"[[[12, 849], [53, 849]], [], [true, true]]",
2746,q,a,cx_stage1,,"[[[12, 852], [54, 852]], [], [true, true]]",
2747,q,a,cx_stage1,,"[[[1, 88], [12, 88]], [], [true, true]]",
2748,q,a,cx_stage2,,"[[[12, 852], [54, 852]], [], [true, true]]",
2749,q,a,cx_stage3,,"[[[12, 852], [54, 852]], [], [true, true]]",
2750,q,a,cx_stage1,,"[[[12, 856], [54, 856]], [], [true, true]]",
2751,q,a,cx_stage2,,"[[[12, 856], [54, 856]], [], [true, true]]",
2752,q,a,cx_stage3,,"[[[12, 856], [54, 856]], [], [true, true]]",
2753,q,a,cx_stage1,,"[[[12, 859], [55, 859]], [], [true, true]]",
2754,q,a,cx_stage2,,"[[[12, 859], [55, 859]], [], [true, true]]",
2755,q,a,cx_stage3,,"[[[12, 859], [55, 859]], [], [true, true]]",
2756,q,a,cx_stage1,,"[[[12, 863], [55, 863]], [], [true, true]]",
2757,q,a,cx_stage2,,"[[[1, 88], [12, 88]], [], [true, true]]",
2758,q,a,cx_stage2,,"[[[12, 863], [55, 863]], [], [true, true]]",
2759,q,a,cx_stage3,,"[[[12, 863], [55, 863]], [], [true, true]]",
2760,q,a,ry,,"[[[12, 864]], [], [true]]",
2761,q,a,cx_stage3,,"[[[1, 88], [12, 88]], [], [true, true]]",
2762,q,a,p,,"[[[12, 89]], [], [true]]",
2763,q,a,cx_stage1,,"[[[1, 92], [12, 92]], [], [true, true]]",
2764,q,a,cx_stage2,,"[[[1, 92], [12, 92]], [], [true, true]]",
2765,q,a,cx_stage3,,"[[[1, 92], [12, 92]], [], [true, true]]",
2766,q,a,cx_stage1,,"[[[2, 95], [12, 95]], [], [true, true]]",
2767,q,a,cx_stage2,,"[[[2, 95], [12, 95]], [], [true, true]]",
2768,q,a,cx_stage3,,"[[[2, 95], [12, 95]], [], [true, true]]",
2769,q,a,p,,"[[[12, 96]], [], [true]]",
2770,q,a,cx_stage1,,"[[[2, 99], [12, 99]], [], [true, true]]",
2771,q,a,cx_stage2,,"[[[2, 99], [12, 99]], [], [true, true]]",
2772,q,a,cx_stage3,,"[[[2, 99], [12, 99]], [], [true, true]]",
2773,q,a,u2,,"[[[13, 1]], [], [true]]",
2774,q,a,cx_stage1,,"[[[0, 88], [13, 88]], [], [true, true]]",
2775,q,a,cx_stage2,,"[[[2, 102], [13, 102]], [], [true, true]]",
2776,q,a,cx_stage1,,"[[[2, 102], [13, 102]], [], [true, true]]",
2777,q,a,cx_stage3,,"[[[2, 102], [13, 102]], [], [true, true]]",
2778,q,a,p,,"[[[13, 103]], [], [true]]",
2779,q,a,cx_stage1,,"[[[2, 106], [13, 106]], [], [true, true]]",
2780,q,a,cx_stage2,,"[[[2, 106], [13, 106]], [], [true, true]]",
2781,q,a,cx_stage3,,"[[[2, 106], [13, 106]], [], [true, true]]",
2782,q,a,cx_stage1,,"[[[3, 109], [13, 109]], [], [true, true]]",
2783,q,a,cx_stage2,,"[[[3, 109], [13, 109]], [], [true, true]]",
2784,q,a,cx_stage3,,"[[[3, 109], [13, 109]], [], [true, true]]",
2785,q,a,p,,"[[[13, 110]], [], [true]]",
2786,q,a,cx_stage1,,"[[[3, 113], [13, 113]], [], [true, true]]",
2787,q,a,cx_stage2,,"[[[3, 113], [13, 113]], [], [true, true]]",
2788,q,a,cx_stage3,,"[[[3, 113], [13, 113]], [], [true, true]]",
2789,q,a,cx_stage1,,"[[[4, 116], [13, 116]], [], [true, true]]",
2790,q,a,cx_stage2,,"[[[4, 116], [13, 116]], [], [true, true]]",
2791,q,a,cx_stage3,,"[[[4, 116], [13, 116]], [], [true, true]]",
2792,q,a,p,,"[[[13, 117]], [], [true]]",
2793,q,a,cx_stage1,,"[[[4, 120], [13, 120]], [], [true, true]]",
2794,q,a,cx_stage2,,"[[[4, 120], [13, 120]], [], [true, true]]",
2795,q,a,cx_stage3,,"[[[4, 120], [13, 120]], [], [true, true]]",
2796,q,a,cx_stage1,,"[[[5, 123], [13, 123]], [], [true, true]]",
2797,q,a,cx_stage2,,"[[[5, 123], [13, 123]], [], [true, true]]",
2798,q,a,cx_stage3,,"[[[5, 123], [13, 123]], [], [true, true]]",
2799,q,a,p,,"[[[13, 124]], [], [true]]",
2800,q,a,cx_stage1,,"[[[5, 127], [13, 127]], [], [true, true]]",
2801,q,a,cx_stage2,,"[[[5, 127], [13, 127]], [], [true, true]]",
2802,q,a,cx_stage3,,"[[[5, 127], [13, 127]], [], [true, true]]",
2803,q,a,cx_stage1,,"[[[6, 130], [13, 130]], [], [true, true]]",
2804,q,a,cx_stage2,,"[[[6, 130], [13, 130]], [], [true, true]]",
2805,q,a,cx_stage2,,"[[[13, 1284], [14, 1284]], [], [true, true]]",
2806,q,a,cx_stage1,,"[[[13, 1284], [14, 1284]], [], [true, true]]",
2807,q,a,cx_stage3,,"[[[13, 1284], [14, 1284]], [], [true, true]]",
2808,q,a,cx_stage1,,"[[[12, 1287], [13, 1287]], [], [true, true]]",
2809,q,a,cx_stage3,,"[[[12, 1287], [13, 1287]], [], [true, true]]",
2810,q,a,ry,,"[[[13, 1288]], [], [true]]",
2811,q,a,cx_stage3,,"[[[6, 130], [13, 130]], [], [true, true]]",
2812,q,a,p,,"[[[13, 131]], [], [true]]",
2813,q,a,cx_stage1,,"[[[6, 134], [13, 134]], [], [true, true]]",
2814,q,a,cx_stage2,,"[[[6, 134], [13, 134]], [], [true, true]]",
2815,q,a,cx_stage3,,"[[[6, 134], [13, 134]], [], [true, true]]",
2816,q,a,cx_stage1,,"[[[7, 137], [13, 137]], [], [true, true]]",
2817,q,a,cx_stage2,,"[[[7, 137], [13, 137]], [], [true, true]]",
2818,q,a,cx_stage3,,"[[[7, 137], [13, 137]], [], [true, true]]",
2819,q,a,p,,"[[[13, 138]], [], [true]]",
2820,q,a,cx_stage1,,"[[[7, 141], [13, 141]], [], [true, true]]",
2821,q,a,cx_stage2,,"[[[7, 141], [13, 141]], [], [true, true]]",
2822,q,a,cx_stage3,,"[[[7, 141], [13, 141]], [], [true, true]]",
2823,q,a,cx_stage1,,"[[[8, 144], [13, 144]], [], [true, true]]",
2824,q,a,cx_stage2,,"[[[8, 144], [13, 144]], [], [true, true]]",
2825,q,a,cx_stage3,,"[[[8, 144], [13, 144]], [], [true, true]]",
2826,q,a,p,,"[[[13, 145]], [], [true]]",
2827,q,a,cx_stage1,,"[[[8, 148], [13, 148]], [], [true, true]]",
2828,q,a,cx_stage2,,"[[[8, 148], [13, 148]], [], [true, true]]",
2829,q,a,cx_stage3,,"[[[8, 148], [13, 148]], [], [true, true]]",
2830,q,a,cx_stage1,,"[[[9, 151], [13, 151]], [], [true, true]]",
2831,q,a,cx_stage2,,"[[[9, 151], [13, 151]], [], [true, true]]",
2832,q,a,cx_stage3,,"[[[9, 151], [13, 151]], [], [true, true]]",
2833,q,a,p,,"[[[13, 152]], [], [true]]",
2834,q,a,cx_stage1,,"[[[9, 155], [13, 155]], [], [true, true]]",
2835,q,a,cx_stage2,,"[[[9, 155], [13, 155]], [], [true, true]]",
2836,q,a,cx_stage3,,"[[[9, 155], [13, 155]], [], [true, true]]",
2837,q,a,cx_stage1,,"[[[10, 158], [13, 158]], [], [true, true]]",
2838,q,a,cx_stage3,,"[[[10, 158], [13, 158]], [], [true, true]]",
2839,q,a,p,,"[[[13, 159]], [], [true]]",
2840,q,a,cx_stage1,,"[[[10, 162], [13, 162]], [], [true, true]]",
2841,q,a,cx_stage3,,"[[[10, 162], [13, 162]], [], [true, true]]",
2842,q,a,cx_stage1,,"[[[11, 165], [13, 165]], [], [true, true]]",
2843,q,a,cx_stage3,,"[[[11, 165], [13, 165]], [], [true, true]]",
2844,q,a,p,,"[[[13, 166]], [], [true]]",
2845,q,a,cx_stage1,,"[[[11, 169], [13, 169]], [], [true, true]]",
2846,q,a,cx_stage3,,"[[[11, 169], [13, 169]], [], [true, true]]",
2847,q,a,cx_stage1,,"[[[12, 172], [13, 172]], [], [true, true]]",
2848,q,a,cx_stage3,,"[[[12, 172], [13, 172]], [], [true, true]]",
2849,q,a,p,,"[[[13, 173]], [], [true]]",
2850,q,a,cx_stage1,,"[[[12, 176], [13, 176]], [], [true, true]]",
2851,q,a,cx_stage3,,"[[[12, 176], [13, 176]], [], [true, true]]",
2852,q,a,cx_stage1,,"[[[13, 186], [14, 186]], [], [true, true]]",
2853,q,a,cx_stage2,,"[[[13, 186], [14, 186]], [], [true, true]]",
2854,q,a,cx_stage3,,"[[[13, 186], [14, 186]], [], [true, true]]",
2855,q,a,cx_stage1,,"[[[13, 190], [14, 190]], [], [true, true]]",
2856,q,a,cx_stage2,,"[[[13, 190], [14, 190]], [], [true, true]]",
2857,q,a,cx_stage3,,"[[[13, 190], [14, 190]], [], [true, true]]",
2858,q,a,cx_stage1,,"[[[13, 193], [15, 193]], [], [true, true]]",
2859,q,a,cx_stage2,,"[[[13, 193], [15, 193]], [], [true, true]]",
2860,q,a,cx_stage3,,"[[[13, 193], [15, 193]], [], [true, true]]",
2861,q,a,cx_stage1,,"[[[13, 197], [15, 197]], [], [true, true]]",
2862,q,a,cx_stage2,,"[[[13, 197], [15, 197]], [], [true, true]]",
2863,q,a,cx_stage3,,"[[[13, 197], [15, 197]], [], [true, true]]",
2864,q,a,cx_stage1,,"[[[13, 200], [16, 200]], [], [true, true]]",
2865,q,a,cx_stage2,,"[[[13, 200], [16, 200]], [], [true, true]]",
2866,q,a,cx_stage3,,"[[[13, 200], [16, 200]], [], [true, true]]",
2867,q,a,cx_stage1,,"[[[13, 204], [16, 204]], [], [true, true]]",
2868,q,a,cx_stage2,,"[[[13, 204], [16, 204]], [], [true, true]]",
2869,q,a,cx_stage3,,"[[[13, 204], [16, 204]], [], [true, true]]",
2870,q,a,cx_stage1,,"[[[13, 207], [17, 207]], [], [true, true]]",
2871,q,a,cx_stage2,,"[[[13, 207], [17, 207]], [], [true, true]]",
2872,q,a,cx_stage3,,"[[[13, 207], [17, 207]], [], [true, true]]",
2873,q,a,cx_stage1,,"[[[13, 211], [17, 211]], [], [true, true]]",
2874,q,a,cx_stage2,,"[[[13, 211], [17, 211]], [], [true, true]]",
2875,q,a,cx_stage3,,"[[[13, 211], [17, 211]], [], [true, true]]",
2876,q,a,cx_stage1,,"[[[13, 214], [18, 214]], [], [true, true]]",
2877,q,a,cx_stage2,,"[[[13, 214], [18, 214]], [], [true, true]]",
2878,q,a,cx_stage3,,"[[[13, 214], [18, 214]], [], [true, true]]",
2879,q,a,cx_stage1,,"[[[13, 218], [18, 218]], [], [true, true]]",
2880,q,a,cx_stage2,,"[[[13, 218], [18, 218]], [], [true, true]]",
2881,q,a,cx_stage3,,"[[[13, 218], [18, 218]], [], [true, true]]",
2882,q,a,cx_stage1,,"[[[13, 221], [19, 221]], [], [true, true]]",
2883,q,a,cx_stage2,,"[[[13, 221], [19, 221]], [], [true, true]]",
2884,q,a,cx_stage3,,"[[[13, 221], [19, 221]], [], [true, true]]",
2885,q,a,cx_stage1,,"[[[13, 225], [19, 225]], [], [true, true]]",
2886,q,a,cx_stage2,,"[[[13, 225], [19, 225]], [], [true, true]]",
2887,q,a,cx_stage3,,"[[[13, 225], [19, 225]], [], [true, true]]",
2888,q,a,cx_stage1,,"[[[13, 228], [20, 228]], [], [true, true]]",
2889,q,a,cx_stage2,,"[[[13, 228], [20, 228]], [], [true, true]]",
2890,q,a,cx_stage3,,"[[[13, 228], [20, 228]], [], [true, true]]",
2891,q,a,cx_stage1,,"[[[13, 232], [20, 232]], [], [true, true]]",
2892,q,a,cx_stage2,,"[[[13, 232], [20, 232]], [], [true, true]]",
2893,q,a,cx_stage3,,"[[[13, 232], [20, 232]], [], [true, true]]",
2894,q,a,cx_stage1,,"[[[13, 235], [21, 235]], [], [true, true]]",
2895,q,a,cx_stage2,,"[[[13, 235], [21, 235]], [], [true, true]]",
2896,q,a,cx_stage3,,"[[[13, 235], [21, 235]], [], [true, true]]",
2897,q,a,cx_stage1,,"[[[13, 239], [21, 239]], [], [true, true]]",
2898,q,a,cx_stage2,,"[[[13, 239], [21, 239]], [], [true, true]]",
2899,q,a,cx_stage3,,"[[[13, 239], [21, 239]], [], [true, true]]",
2900,q,a,cx_stage1,,"[[[13, 242], [22, 242]], [], [true, true]]",
2901,q,a,cx_stage2,,"[[[13, 242], [22, 242]], [], [true, true]]",
2902,q,a,cx_stage3,,"[[[13, 242], [22, 242]], [], [true, true]]",
2903,q,a,cx_stage1,,"[[[13, 246], [22, 246]], [], [true, true]]",
2904,q,a,cx_stage2,,"[[[13, 246], [22, 246]], [], [true, true]]",
2905,q,a,cx_stage3,,"[[[13, 246], [22, 246]], [], [true, true]]",
2906,q,a,cx_stage1,,"[[[13, 249], [23, 249]], [], [true, true]]",
2907,q,a,cx_stage2,,"[[[13, 249], [23, 249]], [], [true, true]]",
2908,q,a,cx_stage3,,"[[[13, 249], [23, 249]], [], [true, true]]",
2909,q,a,cx_stage1,,"[[[13, 253], [23, 253]], [], [true, true]]",
2910,q,a,cx_stage2,,"[[[13, 253], [23, 253]], [], [true, true]]",
2911,q,a,cx_stage3,,"[[[13, 253], [23, 253]], [], [true, true]]",
2912,q,a,cx_stage1,,"[[[13, 256], [24, 256]], [], [true, true]]",
2913,q,a,cx_stage2,,"[[[13, 256], [24, 256]], [], [true, true]]",
2914,q,a,cx_stage3,,"[[[13, 256], [24, 256]], [], [true, true]]",
2915,q,a,cx_stage1,,"[[[13, 260], [24, 260]], [], [true, true]]",
2916,q,a,cx_stage2,,"[[[13, 260], [24, 260]], [], [true, true]]",
2917,q,a,cx_stage3,,"[[[13, 260], [24, 260]], [], [true, true]]",
2918,q,a,cx_stage1,,"[[[13, 263], [25, 263]], [], [true, true]]",
2919,q,a,cx_stage2,,"[[[13, 263], [25, 263]], [], [true, true]]",
2920,q,a,cx_stage3,,"[[[13, 263], [25, 263]], [], [true, true]]",
2921,q,a,cx_stage1,,"[[[13, 267], [25, 267]], [], [true, true]]",
2922,q,a,cx_stage2,,"[[[13, 267], [25, 267]], [], [true, true]]",
2923,q,a,cx_stage3,,"[[[13, 267], [25, 267]], [], [true, true]]",
2924,q,a,cx_stage1,,"[[[13, 270], [26, 270]], [], [true, true]]",
2925,q,a,cx_stage2,,"[[[13, 270], [26, 270]], [], [true, true]]",
2926,q,a,cx_stage3,,"[[[13, 270], [26, 270]], [], [true, true]]",
2927,q,a,cx_stage1,,"[[[13, 274], [26, 274]], [], [true, true]]",
2928,q,a,cx_stage2,,"[[[13, 274], [26, 274]], [], [true, true]]",
2929,q,a,cx_stage3,,"[[[13, 274], [26, 274]], [], [true, true]]",
2930,q,a,cx_stage1,,"[[[13, 277], [27, 277]], [], [true, true]]",
2931,q,a,cx_stage2,,"[[[13, 277], [27, 277]], [], [true, true]]",
2932,q,a,cx_stage3,,"[[[13, 277], [27, 277]], [], [true, true]]",
2933,q,a,cx_stage1,,"[[[13, 281], [27, 281]], [], [true, true]]",
2934,q,a,cx_stage2,,"[[[13, 281], [27, 281]], [], [true, true]]",
2935,q,a,cx_stage3,,"[[[13, 281], [27, 281]], [], [true, true]]",
2936,q,a,cx_stage1,,"[[[13, 284], [28, 284]], [], [true, true]]",
2937,q,a,cx_stage2,,"[[[13, 284], [28, 284]], [], [true, true]]",
2938,q,a,cx_stage3,,"[[[13, 284], [28, 284]], [], [true, true]]",
2939,q,a,cx_stage1,,"[[[13, 288], [28, 288]], [], [true, true]]",
2940,q,a,cx_stage2,,"[[[13, 288], [28, 288]], [], [true, true]]",
2941,q,a,cx_stage3,,"[[[13, 288], [28, 288]], [], [true, true]]",
2942,q,a,cx_stage1,,"[[[13, 291], [29, 291]], [], [true, true]]",
2943,q,a,cx_stage2,,"[[[13, 291], [29, 291]], [], [true, true]]",
2944,q,a,cx_stage3,,"[[[13, 291], [29, 291]], [], [true, true]]",
2945,q,a,cx_stage1,,"[[[13, 295], [29, 295]], [], [true, true]]",
2946,q,a,cx_stage2,,"[[[13, 295], [29, 295]], [], [true, true]]",
2947,q,a,cx_stage3,,"[[[13, 295], [29, 295]], [], [true, true]]",
2948,q,a,cx_stage1,,"[[[13, 298], [30, 298]], [], [true, true]]",
2949,q,a,cx_stage2,,"[[[13, 298], [30, 298]], [], [true, true]]",
2950,q,a,cx_stage3,,"[[[13, 298], [30, 298]], [], [true, true]]",
2951,q,a,cx_stage1,,"[[[13, 302], [30, 302]], [], [true, true]]",
2952,q,a,cx_stage2,,"[[[13, 302], [30, 302]], [], [true, true]]",
2953,q,a,cx_stage3,,"[[[13, 302], [30, 302]], [], [true, true]]",
2954,q,a,cx_stage1,,"[[[13, 305], [31, 305]], [], [true, true]]",
2955,q,a,cx_stage2,,"[[[13, 305], [31, 305]], [], [true, true]]",
2956,q,a,cx_stage3,,"[[[13, 305], [31, 305]], [], [true, true]]",
2957,q,a,cx_stage1,,"[[[13, 309], [31, 309]], [], [true, true]]",
2958,q,a,cx_stage2,,"[[[13, 309], [31, 309]], [], [true, true]]",
2959,q,a,cx_stage3,,"[[[13, 309], [31, 309]], [], [true, true]]",
2960,q,a,cx_stage1,,"[[[13, 312], [32, 312]], [], [true, true]]",
2961,q,a,cx_stage2,,"[[[13, 312], [32, 312]], [], [true, true]]",
2962,q,a,cx_stage3,,"[[[13, 312], [32, 312]], [], [true, true]]",
2963,q,a,cx_stage1,,"[[[13, 316], [32, 316]], [], [true, true]]",
2964,q,a,cx_stage2,,"[[[13, 316], [32, 316]], [], [true, true]]",
2965,q,a,cx_stage3,,"[[[13, 316], [32, 316]], [], [true, true]]",
2966,q,a,cx_stage1,,"[[[13, 319], [33, 319]], [], [true, true]]",
2967,q,a,cx_stage2,,"[[[13, 319], [33, 319]], [], [true, true]]",
2968,q,a,cx_stage3,,"[[[13, 319], [33, 319]], [], [true, true]]",
2969,q,a,cx_stage1,,"[[[13, 323], [33, 323]], [], [true, true]]",
2970,q,a,cx_stage2,,"[[[13, 323], [33, 323]], [], [true, true]]",
2971,q,a,cx_stage3,,"[[[13, 323], [33, 323]], [], [true, true]]",
2972,q,a,cx_stage1,,"[[[13, 326], [34, 326]], [], [true, true]]",
2973,q,a,cx_stage2,,"[[[13, 326], [34, 326]], [], [true, true]]",
2974,q,a,cx_stage3,,"[[[13, 326], [34, 326]], [], [true, true]]",
2975,q,a,cx_stage1,,"[[[13, 330], [34, 330]], [], [true, true]]",
2976,q,a,cx_stage2,,"[[[13, 330], [34, 330]], [], [true, true]]",
2977,q,a,cx_stage3,,"[[[13, 330], [34, 330]], [], [true, true]]",
2978,q,a,cx_stage1,,"[[[13, 333], [35, 333]], [], [true, true]]",
2979,q,a,cx_stage2,,"[[[13, 333], [35, 333]], [], [true, true]]",
2980,q,a,cx_stage3,,"[[[13, 333], [35, 333]], [], [true, true]]",
2981,q,a,cx_stage1,,"[[[13, 337], [35, 337]], [], [true, true]]",
2982,q,a,cx_stage2,,"[[[13, 337], [35, 337]], [], [true, true]]",
2983,q,a,cx_stage3,,"[[[13, 337], [35, 337]], [], [true, true]]",
2984,q,a,cx_stage1,,"[[[13, 340], [36, 340]], [], [true, true]]",
2985,q,a,cx_stage2,,"[[[13, 340], [36, 340]], [], [true, true]]",
2986,q,a,cx_stage3,,"[[[13, 340], [36, 340]], [], [true, true]]",
2987,q,a,cx_stage1,,"[[[13, 344], [36, 344]], [], [true, true]]",
2988,q,a,cx_stage2,,"[[[13, 344], [36, 344]], [], [true, true]]",
2989,q,a,cx_stage3,,"[[[13, 344], [36, 344]], [], [true, true]]",
2990,q,a,cx_stage1,,"[[[13, 347], [37, 347]], [], [true, true]]",
2991,q,a,cx_stage2,,"[[[13, 347], [37, 347]], [], [true, true]]",
2992,q,a,cx_stage3,,"[[[13, 347], [37, 347]], [], [true, true]]",
2993,q,a,cx_stage1,,"[[[13, 351], [37, 351]], [], [true, true]]",
2994,q,a,cx_stage2,,"[[[13, 351], [37, 351]], [], [true, true]]",
2995,q,a,cx_stage3,,"[[[13, 351], [37, 351]], [], [true, true]]",
2996,q,a,cx_stage1,,"[[[13, 354], [38, 354]], [], [true, true]]",
2997,q,a,cx_stage2,,"[[[13, 354], [38, 354]], [], [true, true]]",
2998,q,a,cx_stage3,,"[[[13, 354], [38, 354]], [], [true, true]]",
2999,q,a,cx_stage1,,"[[[13, 358], [38, 358]], [], [true, true]]",
3000,q,a,cx_stage2,,"[[[13, 358], [38, 358]], [], [true, true]]",
3001,q,a,cx_stage3,,"[[[13, 358], [38, 358]], [], [true, true]]",
3002,q,a,cx_stage1,,"[[[13, 361], [39, 361]], [], [true, true]]",
3003,q,a,cx_stage2,,"[[[13, 361], [39, 361]], [], [true, true]]",
3004,q,a,cx_stage3,,"[[[13, 361], [39, 361]], [], [true, true]]",
3005,q,a,cx_stage1,,"[[[13, 365], [39, 365]], [], [true, true]]",
3006,q,a,cx_stage2,,"[[[13, 365], [39, 365]], [], [true, true]]",
3007,q,a,cx_stage3,,"[[[13, 365], [39, 365]], [], [true, true]]",
3008,q,a,cx_stage1,,"[[[13, 368], [40, 368]], [], [true, true]]",
3009,q,a,cx_stage2,,"[[[13, 368], [40, 368]], [], [true, true]]",
3010,q,a,cx_stage3,,"[[[13, 368], [40, 368]], [], [true, true]]",
3011,q,a,cx_stage1,,"[[[13, 372], [40, 372]], [], [true, true]]",
3012,q,a,cx_stage2,,"[[[13, 372], [40, 372]], [], [true, true]]",
3013,q,a,cx_stage3,,"[[[13, 372], [40, 372]], [], [true, true]]",
3014,q,a,cx_stage1,,"[[[13, 375], [41, 375]], [], [true, true]]",
3015,q,a,cx_stage2,,"[[[13, 375], [41, 375]], [], [true, true]]",
3016,q,a,cx_stage3,,"[[[13, 375], [41, 375]], [], [true, true]]",
3017,q,a,cx_stage1,,"[[[13, 379], [41, 379]], [], [true, true]]",
3018,q,a,cx_stage2,,"[[[13, 379], [41, 379]], [], [true, true]]",
3019,q,a,cx_stage3,,"[[[13, 379], [41, 379]], [], [true, true]]",
3020,q,a,cx_stage1,,"[[[13, 382], [42, 382]], [], [true, true]]",
3021,q,a,cx_stage2,,"[[[13, 382], [42, 382]], [], [true, true]]",
3022,q,a,cx_stage3,,"[[[13, 382], [42, 382]], [], [true, true]]",
3023,q,a,cx_stage1,,"[[[13, 386], [42, 386]], [], [true, true]]",
3024,q,a,cx_stage2,,"[[[13, 386], [42, 386]], [], [true, true]]",
3025,q,a,cx_stage3,,"[[[13, 386], [42, 386]], [], [true, true]]",
3026,q,a,cx_stage1,,"[[[13, 389], [43, 389]], [], [true, true]]",
3027,q,a,cx_stage2,,"[[[13, 389], [43, 389]], [], [true, true]]",
3028,q,a,cx_stage3,,"[[[13, 389], [43, 389]], [], [true, true]]",
3029,q,a,cx_stage1,,"[[[13, 393], [43, 393]], [], [true, true]]",
3030,q,a,cx_stage2,,"[[[13, 393], [43, 393]], [], [true, true]]",
3031,q,a,cx_stage3,,"[[[13, 393], [43, 393]], [], [true, true]]",
3032,q,a,cx_stage1,,"[[[13, 396], [44, 396]], [], [true, true]]",
3033,q,a,cx_stage2,,"[[[13, 396], [44, 396]], [], [true, true]]",
3034,q,a,cx_stage3,,"[[[13, 396], [44, 396]], [], [true, true]]",
3035,q,a,cx_stage1,,"[[[13, 400], [44, 400]], [], [true, true]]",
3036,q,a,cx_stage2,,"[[[13, 400], [44, 400]], [], [true, true]]",
3037,q,a,cx_stage3,,"[[[13, 400], [44, 400]], [], [true, true]]",
3038,q,a,cx_stage1,,"[[[13, 403], [45, 403]], [], [true, true]]",
3039,q,a,cx_stage2,,"[[[13, 403], [45, 403]], [], [true, true]]",
3040,q,a,cx_stage3,,"[[[13, 403], [45, 403]], [], [true, true]]",
3041,q,a,cx_stage1,,"[[[13, 407], [45, 407]], [], [true, true]]",
3042,q,a,cx_stage2,,"[[[13, 407], [45, 407]], [], [true, true]]",
3043,q,a,cx_stage3,,"[[[13, 407], [45, 407]], [], [true, true]]",
3044,q,a,cx_stage1,,"[[[13, 410], [46, 410]], [], [true, true]]",
3045,q,a,cx_stage2,,"[[[13, 410], [46, 410]], [], [true, true]]",
3046,q,a,cx_stage3,,"[[[13, 410], [46, 410]], [], [true, true]]",
3047,q,a,cx_stage1,,"[[[13, 414], [46, 414]], [], [true, true]]",
3048,q,a,cx_stage2,,"[[[13, 414], [46, 414]], [], [true, true]]",
3049,q,a,cx_stage3,,"[[[13, 414], [46, 414]], [], [true, true]]",
3050,q,a,cx_stage1,,"[[[13, 417], [47, 417]], [], [true, true]]",
3051,q,a,cx_stage2,,"[[[13, 417], [47, 417]], [], [true, true]]",
3052,q,a,cx_stage3,,"[[[13, 417], [47, 417]], [], [true, true]]",
3053,q,a,cx_stage1,,"[[[13, 421], [47, 421]], [], [true, true]]",
3054,q,a,cx_stage2,,"[[[13, 421], [47, 421]], [], [true, true]]",
3055,q,a,cx_stage3,,"[[[13, 421], [47, 421]], [], [true, true]]",
3056,q,a,cx_stage1,,"[[[13, 424], [48, 424]], [], [true, true]]",
3057,q,a,cx_stage2,,"[[[13, 424], [48, 424]], [], [true, true]]",
3058,q,a,cx_stage3,,"[[[13, 424], [48, 424]], [], [true, true]]",
3059,q,a,cx_stage1,,"[[[13, 428], [48, 428]], [], [true, true]]",
3060,q,a,cx_stage2,,"[[[13, 428], [48, 428]], [], [true, true]]",
3061,q,a,cx_stage3,,"[[[13, 428], [48, 428]], [], [true, true]]",
3062,q,a,cx_stage1,,"[[[13, 431], [49, 431]], [], [true, true]]",
3063,q,a,cx_stage2,,"[[[13, 431], [49, 431]], [], [true, true]]",
3064,q,a,cx_stage3,,"[[[13, 431], [49, 431]], [], [true, true]]",
3065,q,a,cx_stage1,,"[[[13, 435], [49, 435]], [], [true, true]]",
3066,q,a,cx_stage2,,"[[[13, 435], [49, 435]], [], [true, true]]",
3067,q,a,cx_stage3,,"[[[13, 435], [49, 435]], [], [true, true]]",
3068,q,a,cx_stage1,,"[[[13, 438], [50, 438]], [], [true, true]]",
3069,q,a,cx_stage2,,"[[[13, 438], [50, 438]], [], [true, true]]",
3070,q,a,cx_stage3,,"[[[13, 438], [50, 438]], [], [true, true]]",
3071,q,a,cx_stage1,,"[[[13, 442], [50, 442]], [], [true, true]]",
3072,q,a,cx_stage2,,"[[[13, 442], [50, 442]], [], [true, true]]",
3073,q,a,cx_stage3,,"[[[13, 442], [50, 442]], [], [true, true]]",
3074,q,a,cx_stage1,,"[[[13, 445], [51, 445]], [], [true, true]]",
3075,q,a,cx_stage2,,"[[[13, 445], [51, 445]], [], [true, true]]",
3076,q,a,cx_stage3,,"[[[13, 445], [51, 445]], [], [true, true]]",
3077,q,a,cx_stage1,,"[[[13, 449], [51, 449]], [], [true, true]]",
3078,q,a,cx_stage2,,"[[[13, 449], [51, 449]], [], [true, true]]",
3079,q,a,cx_stage3,,"[[[13, 449], [51, 449]], [], [true, true]]",
3080,q,a,cx_stage1,,"[[[13, 452], [52, 452]], [], [true, true]]",
3081,q,a,cx_stage2,,"[[[13, 452], [52, 452]], [], [true, true]]",
3082,q,a,cx_stage3,,"[[[13, 452], [52, 452]], [], [true, true]]",
3083,q,a,cx_stage1,,"[[[13, 456], [52, 456]], [], [true, true]]",
3084,q,a,cx_stage2,,"[[[13, 456], [52, 456]], [], [true, true]]",
3085,q,a,cx_stage3,,"[[[13, 456], [52, 456]], [], [true, true]]",
3086,q,a,cx_stage1,,"[[[13, 459], [53, 459]], [], [true, true]]",
3087,q,a,cx_stage2,,"[[[13, 459], [53, 459]], [], [true, true]]",
3088,q,a,cx_stage3,,"[[[13, 459], [53, 459]], [], [true, true]]",
3089,q,a,cx_stage1,,"[[[13, 463], [53, 463]], [], [true, true]]",
3090,q,a,cx_stage2,,"[[[13, 463], [53, 463]], [], [true, true]]",
3091,q,a,cx_stage3,,"[[[13, 463], [53, 463]], [], [true, true]]",
3092,q,a,cx_stage1,,"[[[13, 466], [54, 466]], [], [true, true]]",
3093,q,a,cx_stage2,,"[[[13, 466], [54, 466]], [], [true, true]]",
3094,q,a,cx_stage3,,"[[[13, 466], [54, 466]], [], [true, true]]",
3095,q,a,cx_stage1,,"[[[13, 470], [54, 470]], [], [true, true]]",
3096,q,a,cx_stage2,,"[[[13, 470], [54, 470]], [], [true, true]]",
3097,q,a,cx_stage3,,"[[[13, 470], [54, 470]], [], [true, true]]",
3098,q,a,cx_stage1,,"[[[13, 473], [55, 473]], [], [true, true]]",
3099,q,a,cx_stage2,,"[[[13, 473], [55, 473]], [], [true, true]]",
3100,q,a,cx_stage3,,"[[[13, 473], [55, 473]], [], [true, true]]",
3101,q,a,cx_stage1,,"[[[13, 477], [55, 477]], [], [true, true]]",
3102,q,a,cx_stage2,,"[[[13, 477], [55, 477]], [], [true, true]]",
3103,q,a,cx_stage3,,"[[[13, 477], [55, 477]], [], [true, true]]",
3104,q,a,u2,,"[[[13, 478]], [], [true]]",
3105,q,a,cx_stage1,,"[[[0, 481], [13, 481]], [], [true, true]]",
3106,q,a,cx_stage3,,"[[[0, 481], [13, 481]], [], [true, true]]",
3107,q,a,p,,"[[[13, 482]], [], [true]]",
3108,q,a,cx_stage1,,"[[[0, 485], [13, 485]], [], [true, true]]",
3109,q,a,cx_stage3,,"[[[0, 485], [13, 485]], [], [true, true]]",
3110,q,a,cx_stage1,,"[[[1, 488], [13, 488]], [], [true, true]]",
3111,q,a,cx_stage2,,"[[[1, 488], [13, 488]], [], [true, true]]",
3112,q,a,cx_stage3,,"[[[1, 488], [13, 488]], [], [true, true]]",
3113,q,a,p,,"[[[13, 489]], [], [true]]",
3114,q,a,cx_stage1,,"[[[1, 492], [13, 492]], [], [true, true]]",
3115,q,a,cx_stage2,,"[[[1, 492], [13, 492]], [], [true, true]]",
3116,q,a,cx_stage3,,"[[[1, 492], [13, 492]], [], [true, true]]",
3117,q,a,cx_stage1,,"[[[2, 495], [13, 495]], [], [true, true]]",
3118,q,a,cx_stage2,,"[[[2, 495], [13, 495]], [], [true, true]]",
3119,q,a,cx_stage3,,"[[[2, 495], [13, 495]], [], [true, true]]",
3120,q,a,p,,"[[[13, 496]], [], [true]]",
3121,q,a,cx_stage1,,"[[[2, 499], [13, 499]], [], [true, true]]",
3122,q,a,cx_stage2,,"[[[2, 499], [13, 499]], [], [true, true]]",
3123,q,a,cx_stage3,,"[[[2, 499], [13, 499]], [], [true, true]]",
3124,q,a,cx_stage1,,"[[[3, 502], [13, 502]], [], [true, true]]",
3125,q,a,cx_stage2,,"[[[3, 502], [13, 502]], [], [true, true]]",
3126,q,a,cx_stage3,,"[[[3, 502], [13, 502]], [], [true, true]]",
3127,q,a,p,,"[[[13, 503]], [], [true]]",
3128,q,a,cx_stage1,,"[[[3, 506], [13, 506]], [], [true, true]]",
3129,q,a,cx_stage2,,"[[[3, 506], [13, 506]], [], [true, true]]",
3130,q,a,cx_stage3,,"[[[3, 506], [13, 506]], [], [true, true]]",
3131,q,a,cx_stage1,,"[[[4, 509], [13, 509]], [], [true, true]]",
3132,q,a,cx_stage2,,"[[[4, 509], [13, 509]], [], [true, true]]",
3133,q,a,cx_stage3,,"[[[4, 509], [13, 509]], [], [true, true]]",
3134,q,a,p,,"[[[13, 510]], [], [true]]",
3135,q,a,cx_stage1,,"[[[4, 513], [13, 513]], [], [true, true]]",
3136,q,a,cx_stage2,,"[[[4, 513], [13, 513]], [], [true, true]]",
3137,q,a,cx_stage3,,"[[[4, 513], [13, 513]], [], [true, true]]",
3138,q,a,cx_stage1,,"[[[5, 516], [13, 516]], [], [true, true]]",
3139,q,a,cx_stage2,,"[[[5, 516], [13, 516]], [], [true, true]]",
3140,q,a,cx_stage3,,"[[[5, 516], [13, 516]], [], [true, true]]",
3141,q,a,p,,"[[[13, 517]], [], [true]]",
3142,q,a,cx_stage1,,"[[[5, 520], [13, 520]], [], [true, true]]",
3143,q,a,cx_stage2,,"[[[5, 520], [13, 520]], [], [true, true]]",
3144,q,a,cx_stage3,,"[[[5, 520], [13, 520]], [], [true, true]]",
3145,q,a,cx_stage1,,"[[[6, 523], [13, 523]], [], [true, true]]",
3146,q,a,cx_stage2,,"[[[6, 523], [13, 523]], [], [true, true]]",
3147,q,a,cx_stage3,,"[[[6, 523], [13, 523]], [], [true, true]]",
3148,q,a,p,,"[[[13, 524]], [], [true]]",
3149,q,a,cx_stage1,,"[[[6, 527], [13, 527]], [], [true, true]]",
3150,q,a,cx_stage2,,"[[[6, 527], [13, 527]], [], [true, true]]",
3151,q,a,cx_stage3,,"[[[6, 527], [13, 527]], [], [true, true]]",
3152,q,a,cx_stage1,,"[[[7, 530], [13, 530]], [], [true, true]]",
3153,q,a,cx_stage2,,"[[[7, 530], [13, 530]], [], [true, true]]",
3154,q,a,cx_stage3,,"[[[7, 530], [13, 530]], [], [true, true]]",
3155,q,a,p,,"[[[13, 531]], [], [true]]",
3156,q,a,cx_stage1,,"[[[7, 534], [13, 534]], [], [true, true]]",
3157,q,a,cx_stage2,,"[[[7, 534], [13, 534]], [], [true, true]]",
3158,q,a,cx_stage3,,"[[[7, 534], [13, 534]], [], [true, true]]",
3159,q,a,cx_stage1,,"[[[8, 537], [13, 537]], [], [true, true]]",
3160,q,a,cx_stage2,,"[[[8, 537], [13, 537]], [], [true, true]]",
3161,q,a,cx_stage3,,"[[[8, 537], [13, 537]], [], [true, true]]",
3162,q,a,p,,"[[[13, 538]], [], [true]]",
3163,q,a,cx_stage1,,"[[[8, 541], [13, 541]], [], [true, true]]",
3164,q,a,cx_stage2,,"[[[8, 541], [13, 541]], [], [true, true]]",
3165,q,a,cx_stage3,,"[[[8, 541], [13, 541]], [], [true, true]]",
3166,q,a,cx_stage1,,"[[[9, 544], [13, 544]], [], [true, true]]",
3167,q,a,cx_stage2,,"[[[9, 544], [13, 544]], [], [true, true]]",
3168,q,a,cx_stage3,,"[[[9, 544], [13, 544]], [], [true, true]]",
3169,q,a,p,,"[[[13, 545]], [], [true]]",
3170,q,a,cx_stage1,,"[[[9, 548], [13, 548]], [], [true, true]]",
3171,q,a,cx_stage2,,"[[[9, 548], [13, 548]], [], [true, true]]",
3172,q,a,cx_stage3,,"[[[9, 548], [13, 548]], [], [true, true]]",
3173,q,a,cx_stage1,,"[[[10, 551], [13, 551]], [], [true, true]]",
3174,q,a,cx_stage3,,"[[[10, 551], [13, 551]], [], [true, true]]",
3175,q,a,p,,"[[[13, 552]], [], [true]]",
3176,q,a,cx_stage1,,"[[[10, 555], [13, 555]], [], [true, true]]",
3177,q,a,cx_stage3,,"[[[10, 555], [13, 555]], [], [true, true]]",
3178,q,a,cx_stage1,,"[[[11, 558], [13, 558]], [], [true, true]]",
3179,q,a,cx_stage3,,"[[[11, 558], [13, 558]], [], [true, true]]",
3180,q,a,p,,"[[[13, 559]], [], [true]]",
3181,q,a,cx_stage1,,"[[[11, 562], [13, 562]], [], [true, true]]",
3182,q,a,cx_stage3,,"[[[11, 562], [13, 562]], [], [true, true]]",
3183,q,a,cx_stage1,,"[[[12, 565], [13, 565]], [], [true, true]]",
3184,q,a,cx_stage3,,"[[[12, 565], [13, 565]], [], [true, true]]",
3185,q,a,p,,"[[[13, 566]], [], [true]]",
3186,q,a,cx_stage1,,"[[[12, 569], [13, 569]], [], [true, true]]",
3187,q,a,cx_stage3,,"[[[12, 569], [13, 569]], [], [true, true]]",
3188,q,a,cx_stage1,,"[[[13, 579], [14, 579]], [], [true, true]]",
3189,q,a,cx_stage2,,"[[[13, 579], [14, 579]], [], [true, true]]",
3190,q,a,cx_stage3,,"[[[13, 579], [14, 579]], [], [true, true]]",
3191,q,a,cx_stage1,,"[[[13, 583], [14, 583]], [], [true, true]]",
3192,q,a,cx_stage2,,"[[[13, 583], [14, 583]], [], [true, true]]",
3193,q,a,cx_stage3,,"[[[13, 583], [14, 583]], [], [true, true]]",
3194,q,a,cx_stage1,,"[[[13, 586], [15, 586]], [], [true, true]]",
3195,q,a,cx_stage2,,"[[[13, 586], [15, 586]], [], [true, true]]",
3196,q,a,cx_stage3,,"[[[13, 586], [15, 586]], [], [true, true]]",
3197,q,a,cx_stage1,,"[[[13, 590], [15, 590]], [], [true, true]]",
3198,q,a,cx_stage2,,"[[[13, 590], [15, 590]], [], [true, true]]",
3199,q,a,cx_stage3,,"[[[13, 590], [15, 590]], [], [true, true]]",
3200,q,a,cx_stage1,,"[[[13, 593], [16, 593]], [], [true, true]]",
3201,q,a,cx_stage2,,"[[[13, 593], [16, 593]], [], [true, true]]",
3202,q,a,cx_stage3,,"[[[13, 593], [16, 593]], [], [true, true]]",
3203,q,a,cx_stage1,,"[[[13, 597], [16, 597]], [], [true, true]]",
3204,q,a,cx_stage2,,"[[[13, 597], [16, 597]], [], [true, true]]",
3205,q,a,cx_stage3,,"[[[13, 597], [16, 597]], [], [true, true]]",
3206,q,a,cx_stage1,,"[[[13, 600], [17, 600]], [], [true, true]]",
3207,q,a,cx_stage2,,"[[[13, 600], [17, 600]], [], [true, true]]",
3208,q,a,cx_stage3,,"[[[13, 600], [17, 600]], [], [true, true]]",
3209,q,a,cx_stage1,,"[[[13, 604], [17, 604]], [], [true, true]]",
3210,q,a,cx_stage2,,"[[[13, 604], [17, 604]], [], [true, true]]",
3211,q,a,cx_stage3,,"[[[13, 604], [17, 604]], [], [true, true]]",
3212,q,a,cx_stage1,,"[[[13, 607], [18, 607]], [], [true, true]]",
3213,q,a,cx_stage2,,"[[[13, 607], [18, 607]], [], [true, true]]",
3214,q,a,cx_stage3,,"[[[13, 607], [18, 607]], [], [true, true]]",
3215,q,a,cx_stage1,,"[[[13, 611], [18, 611]], [], [true, true]]",
3216,q,a,cx_stage2,,"[[[13, 611], [18, 611]], [], [true, true]]",
3217,q,a,cx_stage3,,"[[[13, 611], [18, 611]], [], [true, true]]",
3218,q,a,cx_stage1,,"[[[13, 614], [19, 614]], [], [true, true]]",
3219,q,a,cx_stage2,,"[[[13, 614], [19, 614]], [], [true, true]]",
3220,q,a,cx_stage3,,"[[[13, 614], [19, 614]], [], [true, true]]",
3221,q,a,cx_stage1,,"[[[13, 618], [19, 618]], [], [true, true]]",
3222,q,a,cx_stage2,,"[[[13, 618], [19, 618]], [], [true, true]]",
3223,q,a,cx_stage3,,"[[[13, 618], [19, 618]], [], [true, true]]",
3224,q,a,cx_stage1,,"[[[13, 621], [20, 621]], [], [true, true]]",
3225,q,a,cx_stage2,,"[[[13, 621], [20, 621]], [], [true, true]]",
3226,q,a,cx_stage3,,"[[[13, 621], [20, 621]], [], [true, true]]",
3227,q,a,cx_stage1,,"[[[13, 625], [20, 625]], [], [true, true]]",
3228,q,a,cx_stage2,,"[[[13, 625], [20, 625]], [], [true, true]]",
3229,q,a,cx_stage3,,"[[[13, 625], [20, 625]], [], [true, true]]",
3230,q,a,cx_stage1,,"[[[13, 628], [21, 628]], [], [true, true]]",
3231,q,a,cx_stage2,,"[[[13, 628], [21, 628]], [], [true, true]]",
3232,q,a,cx_stage3,,"[[[13, 628], [21, 628]], [], [true, true]]",
3233,q,a,cx_stage1,,"[[[13, 632], [21, 632]], [], [true, true]]",
3234,q,a,cx_stage2,,"[[[13, 632], [21, 632]], [], [true, true]]",
3235,q,a,cx_stage3,,"[[[13, 632], [21, 632]], [], [true, true]]",
3236,q,a,cx_stage1,,"[[[13, 635], [22, 635]], [], [true, true]]",
3237,q,a,cx_stage2,,"[[[13, 635], [22, 635]], [], [true, true]]",
3238,q,a,cx_stage3,,"[[[13, 635], [22, 635]], [], [true, true]]",
3239,q,a,cx_stage1,,"[[[13, 639], [22, 639]], [], [true, true]]",
3240,q,a,cx_stage2,,"[[[13, 639], [22, 639]], [], [true, true]]",
3241,q,a,cx_stage3,,"[[[13, 639], [22, 639]], [], [true, true]]",
3242,q,a,cx_stage1,,"[[[13, 642], [23, 642]], [], [true, true]]",
3243,q,a,cx_stage2,,"[[[13, 642], [23, 642]], [], [true, true]]",
3244,q,a,cx_stage3,,"[[[13, 642], [23, 642]], [], [true, true]]",
3245,q,a,cx_stage1,,"[[[13, 646], [23, 646]], [], [true, true]]",
3246,q,a,cx_stage2,,"[[[13, 646], [23, 646]], [], [true, true]]",
3247,q,a,cx_stage3,,"[[[13, 646], [23, 646]], [], [true, true]]",
3248,q,a,cx_stage1,,"[[[13, 649], [24, 649]], [], [true, true]]",
3249,q,a,cx_stage2,,"[[[13, 649], [24, 649]], [], [true, true]]",
3250,q,a,cx_stage3,,"[[[13, 649], [24, 649]], [], [true, true]]",
3251,q,a,cx_stage1,,"[[[13, 653], [24, 653]], [], [true, true]]",
3252,q,a,cx_stage2,,"[[[13, 653], [24, 653]], [], [true, true]]",
3253,q,a,cx_stage3,,"[[[13, 653], [24, 653]], [], [true, true]]",
3254,q,a,cx_stage1,,"[[[13, 656], [25, 656]], [], [true, true]]",
3255,q,a,cx_stage2,,"[[[13, 656], [25, 656]], [], [true, true]]",
3256,q,a,cx_stage3,,"[[[13, 656], [25, 656]], [], [true, true]]",
3257,q,a,cx_stage1,,"[[[13, 660], [25, 660]], [], [true, true]]",
3258,q,a,cx_stage2,,"[[[13, 660], [25, 660]], [], [true, true]]",
3259,q,a,cx_stage3,,"[[[13, 660], [25, 660]], [], [true, true]]",
3260,q,a,cx_stage1,,"[[[13, 663], [26, 663]], [], [true, true]]",
3261,q,a,cx_stage2,,"[[[13, 663], [26, 663]], [], [true, true]]",
3262,q,a,cx_stage3,,"[[[13, 663], [26, 663]], [], [true, true]]",
3263,q,a,cx_stage1,,"[[[13, 667], [26, 667]], [], [true, true]]",
3264,q,a,cx_stage2,,"[[[13, 667], [26, 667]], [], [true, true]]",
3265,q,a,cx_stage3,,"[[[13, 667], [26, 667]], [], [true, true]]",
3266,q,a,cx_stage1,,"[[[13, 670], [27, 670]], [], [true, true]]",
3267,q,a,cx_stage2,,"[[[13, 670], [27, 670]], [], [true, true]]",
3268,q,a,cx_stage3,,"[[[13, 670], [27, 670]], [], [true, true]]",
3269,q,a,cx_stage1,,"[[[13, 674], [27, 674]], [], [true, true]]",
3270,q,a,cx_stage2,,"[[[13, 674], [27, 674]], [], [true, true]]",
3271,q,a,cx_stage3,,"[[[13, 674], [27, 674]], [], [true, true]]",
3272,q,a,cx_stage1,,"[[[13, 677], [28, 677]], [], [true, true]]",
3273,q,a,cx_stage2,,"[[[13, 677], [28, 677]], [], [true, true]]",
3274,q,a,cx_stage3,,"[[[13, 677], [28, 677]], [], [true, true]]",
3275,q,a,cx_stage1,,"[[[13, 681], [28, 681]], [], [true, true]]",
3276,q,a,cx_stage2,,"[[[13, 681], [28, 681]], [], [true, true]]",
3277,q,a,cx_stage3,,"[[[13, 681], [28, 681]], [], [true, true]]",
3278,q,a,cx_stage1,,"[[[13, 684], [29, 684]], [], [true, true]]",
3279,q,a,cx_stage2,,"[[[13, 684], [29, 684]], [], [true, true]]",
3280,q,a,cx_stage3,,"[[[13, 684], [29, 684]], [], [true, true]]",
3281,q,a,cx_stage1,,"[[[13, 688], [29, 688]], [], [true, true]]",
3282,q,a,cx_stage2,,"[[[13, 688], [29, 688]], [], [true, true]]",
3283,q,a,cx_stage3,,"[[[13, 688], [29, 688]], [], [true, true]]",
3284,q,a,cx_stage1,,"[[[13, 691], [30, 691]], [], [true, true]]",
3285,q,a,cx_stage2,,"[[[13, 691], [30, 691]], [], [true, true]]",
3286,q,a,cx_stage3,,"[[[13, 691], [30, 691]], [], [true, true]]",
3287,q,a,cx_stage1,,"[[[13, 695], [30, 695]], [], [true, true]]",
3288,q,a,cx_stage2,,"[[[13, 695], [30, 695]], [], [true, true]]",
3289,q,a,cx_stage3,,"[[[13, 695], [30, 695]], [], [true, true]]",
3290,q,a,cx_stage1,,"[[[13, 698], [31, 698]], [], [true, true]]",
3291,q,a,cx_stage2,,"[[[13, 698], [31, 698]], [], [true, true]]",
3292,q,a,cx_stage3,,"[[[13, 698], [31, 698]], [], [true, true]]",
3293,q,a,cx_stage1,,"[[[13, 702], [31, 702]], [], [true, true]]",
3294,q,a,cx_stage2,,"[[[13, 702], [31, 702]], [], [true, true]]",
3295,q,a,cx_stage3,,"[[[13, 702], [31, 702]], [], [true, true]]",
3296,q,a,cx_stage1,,"[[[13, 705], [32, 705]], [], [true, true]]",
3297,q,a,cx_stage2,,"[[[13, 705], [32, 705]], [], [true, true]]",
3298,q,a,cx_stage3,,"[[[13, 705], [32, 705]], [], [true, true]]",
3299,q,a,cx_stage1,,"[[[13, 709], [32, 709]], [], [true, true]]",
3300,q,a,cx_stage2,,"[[[13, 709], [32, 709]], [], [true, true]]",
3301,q,a,cx_stage3,,"[[[13, 709], [32, 709]], [], [true, true]]",
3302,q,a,cx_stage1,,"[[[13, 712], [33, 712]], [], [true, true]]",
3303,q,a,cx_stage2,,"[[[13, 712], [33, 712]], [], [true, true]]",
3304,q,a,cx_stage3,,"[[[13, 712], [33, 712]], [], [true, true]]",
3305,q,a,cx_stage1,,"[[[13, 716], [33, 716]], [], [true, true]]",
3306,q,a,cx_stage2,,"[[[13, 716], [33, 716]], [], [true, true]]",
3307,q,a,cx_stage3,,"[[[13, 716], [33, 716]], [], [true, true]]",
3308,q,a,cx_stage1,,"[[[13, 719], [34, 719]], [], [true, true]]",
3309,q,a,cx_stage2,,"[[[13, 719], [34, 719]], [], [true, true]]",
3310,q,a,cx_stage3,,"[[[13, 719], [34, 719]], [], [true, true]]",
3311,q,a,cx_stage1,,"[[[13, 723], [34, 723]], [], [true, true]]",
3312,q,a,cx_stage2,,"[[[13, 723], [34, 723]], [], [true, true]]",
3313,q,a,cx_stage3,,"[[[13, 723], [34, 723]], [], [true, true]]",
3314,q,a,cx_stage1,,"[[[13, 726], [35, 726]], [], [true, true]]",
3315,q,a,cx_stage2,,"[[[13, 726], [35, 726]], [], [true, true]]",
3316,q,a,cx_stage3,,"[[[13, 726], [35, 726]], [], [true, true]]",
3317,q,a,cx_stage1,,"[[[13, 730], [35, 730]], [], [true, true]]",
3318,q,a,cx_stage2,,"[[[13, 730], [35, 730]], [], [true, true]]",
3319,q,a,cx_stage3,,"[[[13, 730], [35, 730]], [], [true, true]]",
3320,q,a,cx_stage1,,"[[[13, 733], [36, 733]], [], [true, true]]",
3321,q,a,cx_stage2,,"[[[13, 733], [36, 733]], [], [true, true]]",
3322,q,a,cx_stage3,,"[[[13, 733], [36, 733]], [], [true, true]]",
3323,q,a,cx_stage1,,"[[[13, 737], [36, 737]], [], [true, true]]",
3324,q,a,cx_stage2,,"[[[13, 737], [36, 737]], [], [true, true]]",
3325,q,a,cx_stage3,,"[[[13, 737], [36, 737]], [], [true, true]]",
3326,q,a,cx_stage1,,"[[[13, 740], [37, 740]], [], [true, true]]",
3327,q,a,cx_stage2,,"[[[13, 740], [37, 740]], [], [true, true]]",
3328,q,a,cx_stage3,,"[[[13, 740], [37, 740]], [], [true, true]]",
3329,q,a,cx_stage1,,"[[[13, 744], [37, 744]], [], [true, true]]",
3330,q,a,cx_stage2,,"[[[13, 744], [37, 744]], [], [true, true]]",
3331,q,a,cx_stage3,,"[[[13, 744], [37, 744]], [], [true, true]]",
3332,q,a,cx_stage1,,"[[[13, 747], [38, 747]], [], [true, true]]",
3333,q,a,cx_stage2,,"[[[13, 747], [38, 747]], [], [true, true]]",
3334,q,a,cx_stage3,,"[[[13, 747], [38, 747]], [], [true, true]]",
3335,q,a,cx_stage1,,"[[[13, 751], [38, 751]], [], [true, true]]",
3336,q,a,cx_stage2,,"[[[13, 751], [38, 751]], [], [true, true]]",
3337,q,a,cx_stage3,,"[[[13, 751], [38, 751]], [], [true, true]]",
3338,q,a,cx_stage1,,"[[[13, 754], [39, 754]], [], [true, true]]",
3339,q,a,cx_stage2,,"[[[13, 754], [39, 754]], [], [true, true]]",
3340,q,a,cx_stage3,,"[[[13, 754], [39, 754]], [], [true, true]]",
3341,q,a,cx_stage1,,"[[[13, 758], [39, 758]], [], [true, true]]",
3342,q,a,cx_stage2,,"[[[13, 758], [39, 758]], [], [true, true]]",
3343,q,a,cx_stage3,,"[[[13, 758], [39, 758]], [], [true, true]]",
3344,q,a,cx_stage1,,"[[[13, 761], [40, 761]], [], [true, true]]",
3345,q,a,cx_stage2,,"[[[13, 761], [40, 761]], [], [true, true]]",
3346,q,a,cx_stage3,,"[[[13, 761], [40, 761]], [], [true, true]]",
3347,q,a,cx_stage1,,"[[[13, 765], [40, 765]], [], [true, true]]",
3348,q,a,cx_stage2,,"[[[13, 765], [40, 765]], [], [true, true]]",
3349,q,a,cx_stage3,,"[[[13, 765], [40, 765]], [], [true, true]]",
3350,q,a,cx_stage1,,"[[[13, 768], [41, 768]], [], [true, true]]",
3351,q,a,cx_stage2,,"[[[13, 768], [41, 768]], [], [true, true]]",
3352,q,a,cx_stage3,,"[[[13, 768], [41, 768]], [], [true, true]]",
3353,q,a,cx_stage1,,"[[[13, 772], [41, 772]], [], [true, true]]",
3354,q,a,cx_stage2,,"[[[13, 772], [41, 772]], [], [true, true]]",
3355,q,a,cx_stage3,,"[[[13, 772], [41, 772]], [], [true, true]]",
3356,q,a,cx_stage1,,"[[[13, 775], [42, 775]], [], [true, true]]",
3357,q,a,cx_stage2,,"[[[13, 775], [42, 775]], [], [true, true]]",
3358,q,a,cx_stage3,,"[[[13, 775], [42, 775]], [], [true, true]]",
3359,q,a,cx_stage1,,"[[[13, 779], [42, 779]], [], [true, true]]",
3360,q,a,cx_stage2,,"[[[13, 779], [42, 779]], [], [true, true]]",
3361,q,a,cx_stage3,,"[[[13, 779], [42, 779]], [], [true, true]]",
3362,q,a,cx_stage1,,"[[[13, 782], [43, 782]], [], [true, true]]",
3363,q,a,cx_stage2,,"[[[13, 782], [43, 782]], [], [true, true]]",
3364,q,a,cx_stage3,,"[[[13, 782], [43, 782]], [], [true, true]]",
3365,q,a,cx_stage1,,"[[[13, 786], [43, 786]], [], [true, true]]",
3366,q,a,cx_stage2,,"[[[13, 786], [43, 786]], [], [true, true]]",
3367,q,a,cx_stage3,,"[[[13, 786], [43, 786]], [], [true, true]]",
3368,q,a,cx_stage1,,"[[[13, 789], [44, 789]], [], [true, true]]",
3369,q,a,cx_stage2,,"[[[13, 789], [44, 789]], [], [true, true]]",
3370,q,a,cx_stage3,,"[[[13, 789], [44, 789]], [], [true, true]]",
3371,q,a,cx_stage1,,"[[[13, 793], [44, 793]], [], [true, true]]",
3372,q,a,cx_stage2,,"[[[13, 793], [44, 793]], [], [true, true]]",
3373,q,a,cx_stage3,,"[[[13, 793], [44, 793]], [], [true, true]]",
3374,q,a,cx_stage1,,"[[[13, 796], [45, 796]], [], [true, true]]",
3375,q,a,cx_stage2,,"[[[13, 796], [45, 796]], [], [true, true]]",
3376,q,a,cx_stage3,,"[[[13, 796], [45, 796]], [], [true, true]]",
3377,q,a,cx_stage1,,"[[[13, 800], [45, 800]], [], [true, true]]",
3378,q,a,cx_stage2,,"[[[13, 800], [45, 800]], [], [true, true]]",
3379,q,a,cx_stage3,,"[[[13, 800], [45, 800]], [], [true, true]]",
3380,q,a,cx_stage1,,"[[[13, 803], [46, 803]], [], [true, true]]",
3381,q,a,cx_stage2,,"[[[13, 803], [46, 803]], [], [true, true]]",
3382,q,a,cx_stage3,,"[[[13, 803], [46, 803]], [], [true, true]]",
3383,q,a,cx_stage1,,"[[[13, 807], [46, 807]], [], [true, true]]",
3384,q,a,cx_stage2,,"[[[13, 807], [46, 807]], [], [true, true]]",
3385,q,a,cx_stage3,,"[[[13, 807], [46, 807]], [], [true, true]]",
3386,q,a,cx_stage1,,"[[[13, 810], [47, 810]], [], [true, true]]",
3387,q,a,cx_stage2,,"[[[13, 810], [47, 810]], [], [true, true]]",
3388,q,a,cx_stage3,,"[[[13, 810], [47, 810]], [], [true, true]]",
3389,q,a,cx_stage1,,"[[[13, 814], [47, 814]], [], [true, true]]",
3390,q,a,cx_stage2,,"[[[13, 814], [47, 814]], [], [true, true]]",
3391,q,a,cx_stage3,,"[[[13, 814], [47, 814]], [], [true, true]]",
3392,q,a,cx_stage1,,"[[[13, 817], [48, 817]], [], [true, true]]",
3393,q,a,cx_stage2,,"[[[13, 817], [48, 817]], [], [true, true]]",
3394,q,a,cx_stage3,,"[[[13, 817], [48, 817]], [], [true, true]]",
3395,q,a,cx_stage1,,"[[[13, 821], [48, 821]], [], [true, true]]",
3396,q,a,cx_stage2,,"[[[13, 821], [48, 821]], [], [true, true]]",
3397,q,a,cx_stage3,,"[[[13, 821], [48, 821]], [], [true, true]]",
3398,q,a,cx_stage1,,"[[[13, 824], [49, 824]], [], [true, true]]",
3399,q,a,cx_stage2,,"[[[13, 824], [49, 824]], [], [true, true]]",
3400,q,a,cx_stage3,,"[[[13, 824], [49, 824]], [], [true, true]]",
3401,q,a,cx_stage1,,"[[[13, 828], [49, 828]], [], [true, true]]",
3402,q,a,cx_stage2,,"[[[13, 828], [49, 828]], [], [true, true]]",
3403,q,a,cx_stage3,,"[[[13, 828], [49, 828]], [], [true, true]]",
3404,q,a,cx_stage1,,"[[[13, 831], [50, 831]], [], [true, true]]",
3405,q,a,cx_stage2,,"[[[13, 831], [50, 831]], [], [true, true]]",
3406,q,a,cx_stage3,,"[[[13, 831], [50, 831]], [], [true, true]]",
3407,q,a,cx_stage1,,"[[[13, 835], [50, 835]], [], [true, true]]",
3408,q,a,cx_stage2,,"[[[13, 835], [50, 835]], [], [true, true]]",
3409,q,a,cx_stage3,,"[[[13, 835], [50, 835]], [], [true, true]]",
3410,q,a,cx_stage1,,"[[[13, 838], [51, 838]], [], [true, true]]",
3411,q,a,cx_stage2,,"[[[13, 838], [51, 838]], [], [true, true]]",
3412,q,a,cx_stage3,,"[[[13, 838], [51, 838]], [], [true, true]]",
3413,q,a,cx_stage1,,"[[[13, 842], [51, 842]], [], [true, true]]",
3414,q,a,cx_stage2,,"[[[13, 842], [51, 842]], [], [true, true]]",
3415,q,a,cx_stage3,,"[[[13, 842], [51, 842]], [], [true, true]]",
3416,q,a,cx_stage1,,"[[[13, 845], [52, 845]], [], [true, true]]",
3417,q,a,cx_stage2,,"[[[13, 845], [52, 845]], [], [true, true]]",
3418,q,a,cx_stage3,,"[[[13, 845], [52, 845]], [], [true, true]]",
3419,q,a,cx_stage1,,"[[[13, 849], [52, 849]], [], [true, true]]",
3420,q,a,cx_stage2,,"[[[13, 849], [52, 849]], [], [true, true]]",
3421,q,a,cx_stage3,,"[[[13, 849], [52, 849]], [], [true, true]]",
3422,q,a,cx_stage1,,"[[[13, 852], [53, 852]], [], [true, true]]",
3423,q,a,cx_stage2,,"[[[13, 852], [53, 852]], [], [true, true]]",
3424,q,a,cx_stage3,,"[[[13, 852], [53, 852]], [], [true, true]]",
3425,q,a,cx_stage1,,"[[[13, 856], [53, 856]], [], [true, true]]",
3426,q,a,cx_stage2,,"[[[13, 856], [53, 856]], [], [true, true]]",
3427,q,a,cx_stage3,,"[[[13, 856], [53, 856]], [], [true, true]]",
3428,q,a,cx_stage1,,"[[[13, 859], [54, 859]], [], [true, true]]",
3429,q,a,cx_stage2,,"[[[13, 859], [54, 859]], [], [true, true]]",
3430,q,a,cx_stage3,,"[[[13, 859], [54, 859]], [], [true, true]]",
3431,q,a,cx_stage1,,"[[[13, 863], [54, 863]], [], [true, true]]",
3432,q,a,cx_stage2,,"[[[13, 863], [54, 863]], [], [true, true]]",
3433,q,a,cx_stage3,,"[[[13, 863], [54, 863]], [], [true, true]]",
3434,q,a,cx_stage1,,"[[[13, 866], [55, 866]], [], [true, true]]",
3435,q,a,cx_stage2,,"[[[13, 866], [55, 866]], [], [true, true]]",
3436,q,a,cx_stage3,,"[[[13, 866], [55, 866]], [], [true, true]]",
3437,q,a,cx_stage1,,"[[[13, 870], [55, 870]], [], [true, true]]",
3438,q,a,cx_stage2,,"[[[13, 870], [55, 870]], [], [true, true]]",
3439,q,a,cx_stage3,,"[[[13, 870], [55, 870]], [], [true, true]]",
3440,q,a,cx_stage3,,"[[[0, 88], [13, 88]], [], [true, true]]",
3441,q,a,ry,,"[[[13, 871]], [], [true]]",
3442,q,a,p,,"[[[13, 89]], [], [true]]",
3443,q,a,cx_stage1,,"[[[0, 92], [13, 92]], [], [true, true]]",
3444,q,a,cx_stage3,,"[[[0, 92], [13, 92]], [], [true, true]]",
3445,q,a,cx_stage1,,"[[[1, 95], [13, 95]], [], [true, true]]",
3446,q,a,cx_stage2,,"[[[1, 95], [13, 95]], [], [true, true]]",
3447,q,a,cx_stage3,,"[[[1, 95], [13, 95]], [], [true, true]]",
3448,q,a,p,,"[[[13, 96]], [], [true]]",
3449,q,a,cx_stage1,,"[[[1, 99], [13, 99]], [], [true, true]]",
3450,q,a,cx_stage2,,"[[[1, 99], [13, 99]], [], [true, true]]",
3451,q,a,cx_stage3,,"[[[1, 99], [13, 99]], [], [true, true]]",
3452,q,a,u2,,"[[[14, 1]], [], [true]]",
3453,q,a,cx_stage1,,"[[[0, 95], [14, 95]], [], [true, true]]",
3454,q,a,cx_stage2,,"[[[1, 102], [14, 102]], [], [true, true]]",
3455,q,a,cx_stage1,,"[[[1, 102], [14, 102]], [], [true, true]]",
3456,q,a,cx_stage3,,"[[[1, 102], [14, 102]], [], [true, true]]",
3457,q,a,p,,"[[[14, 103]], [], [true]]",
3458,q,a,cx_stage1,,"[[[1, 106], [14, 106]], [], [true, true]]",
3459,q,a,cx_stage2,,"[[[1, 106], [14, 106]], [], [true, true]]",
3460,q,a,cx_stage3,,"[[[1, 106], [14, 106]], [], [true, true]]",
3461,q,a,cx_stage1,,"[[[2, 109], [14, 109]], [], [true, true]]",
3462,q,a,cx_stage2,,"[[[2, 109], [14, 109]], [], [true, true]]",
3463,q,a,cx_stage3,,"[[[2, 109], [14, 109]], [], [true, true]]",
3464,q,a,p,,"[[[14, 110]], [], [true]]",
3465,q,a,cx_stage1,,"[[[2, 113], [14, 113]], [], [true, true]]",
3466,q,a,cx_stage2,,"[[[2, 113], [14, 113]], [], [true, true]]",
3467,q,a,cx_stage3,,"[[[2, 113], [14, 113]], [], [true, true]]",
3468,q,a,cx_stage1,,"[[[3, 116], [14, 116]], [], [true, true]]",
3469,q,a,cx_stage2,,"[[[3, 116], [14, 116]], [], [true, true]]",
3470,q,a,cx_stage3,,"[[[3, 116], [14, 116]], [], [true, true]]",
3471,q,a,p,,"[[[14, 117]], [], [true]]",
3472,q,a,cx_stage1,,"[[[3, 120], [14, 120]], [], [true, true]]",
3473,q,a,cx_stage2,,"[[[3, 120], [14, 120]], [], [true, true]]",
3474,q,a,cx_stage3,,"[[[3, 120], [14, 120]], [], [true, true]]",
3475,q,a,cx_stage1,,"[[[4, 123], [14, 123]], [], [true, true]]",
3476,q,a,cx_stage2,,"[[[4, 123], [14, 123]], [], [true, true]]",
3477,q,a,cx_stage3,,"[[[4, 123], [14, 123]], [], [true, true]]",
3478,q,a,p,,"[[[14, 124]], [], [true]]",
3479,q,a,cx_stage1,,"[[[4, 127], [14, 127]], [], [true, true]]",
3480,q,a,cx_stage2,,"[[[4, 127], [14, 127]], [], [true, true]]",
3481,q,a,cx_stage3,,"[[[4, 127], [14, 127]], [], [true, true]]",
3482,q,a,cx_stage1,,"[[[5, 130], [14, 130]], [], [true, true]]",
3483,q,a,cx_stage2,,"[[[14, 1281], [15, 1281]], [], [true, true]]",
3484,q,a,cx_stage1,,"[[[14, 1281], [15, 1281]], [], [true, true]]",
3485,q,a,cx_stage2,,"[[[5, 130], [14, 130]], [], [true, true]]",
3486,q,a,cx_stage3,,"[[[14, 1281], [15, 1281]], [], [true, true]]",
3487,q,a,cx_stage1,,"[[[13, 1284], [14, 1284]], [], [true, true]]",
3488,q,a,cx_stage3,,"[[[13, 1284], [14, 1284]], [], [true, true]]",
3489,q,a,ry,,"[[[14, 1285]], [], [true]]",
3490,q,a,cx_stage3,,"[[[5, 130], [14, 130]], [], [true, true]]",
3491,q,a,p,,"[[[14, 131]], [], [true]]",
3492,q,a,cx_stage1,,"[[[5, 134], [14, 134]], [], [true, true]]",
3493,q,a,cx_stage2,,"[[[5, 134], [14, 134]], [], [true, true]]",
3494,q,a,cx_stage3,,"[[[5, 134], [14, 134]], [], [true, true]]",
3495,q,a,cx_stage1,,"[[[6, 137], [14, 137]], [], [true, true]]",
3496,q,a,cx_stage2,,"[[[6, 137], [14, 137]], [], [true, true]]",
3497,q,a,cx_stage3,,"[[[6, 137], [14, 137]], [], [true, true]]",
3498,q,a,p,,"[[[14, 138]], [], [true]]",
3499,q,a,cx_stage1,,"[[[6, 141], [14, 141]], [], [true, true]]",
3500,q,a,cx_stage2,,"[[[6, 141], [14, 141]], [], [true, true]]",
3501,q,a,cx_stage3,,"[[[6, 141], [14, 141]], [], [true, true]]",
3502,q,a,cx_stage1,,"[[[7, 144], [14, 144]], [], [true, true]]",
3503,q,a,cx_stage2,,"[[[7, 144], [14, 144]], [], [true, true]]",
3504,q,a,cx_stage3,,"[[[7, 144], [14, 144]], [], [true, true]]",
3505,q,a,p,,"[[[14, 145]], [], [true]]",
3506,q,a,cx_stage1,,"[[[7, 148], [14, 148]], [], [true, true]]",
3507,q,a,cx_stage2,,"[[[7, 148], [14, 148]], [], [true, true]]",
3508,q,a,cx_stage3,,"[[[7, 148], [14, 148]], [], [true, true]]",
3509,q,a,cx_stage1,,"[[[8, 151], [14, 151]], [], [true, true]]",
3510,q,a,cx_stage2,,"[[[8, 151], [14, 151]], [], [true, true]]",
3511,q,a,cx_stage3,,"[[[8, 151], [14, 151]], [], [true, true]]",
3512,q,a,p,,"[[[14, 152]], [], [true]]",
3513,q,a,cx_stage1,,"[[[8, 155], [14, 155]], [], [true, true]]",
3514,q,a,cx_stage2,,"[[[8, 155], [14, 155]], [], [true, true]]",
3515,q,a,cx_stage3,,"[[[8, 155], [14, 155]], [], [true, true]]",
3516,q,a,cx_stage1,,"[[[9, 158], [14, 158]], [], [true, true]]",
3517,q,a,cx_stage2,,"[[[9, 158], [14, 158]], [], [true, true]]",
3518,q,a,cx_stage3,,"[[[9, 158], [14, 158]], [], [true, true]]",
3519,q,a,p,,"[[[14, 159]], [], [true]]",
3520,q,a,cx_stage1,,"[[[9, 162], [14, 162]], [], [true, true]]",
3521,q,a,cx_stage2,,"[[[9, 162], [14, 162]], [], [true, true]]",
3522,q,a,cx_stage3,,"[[[9, 162], [14, 162]], [], [true, true]]",
3523,q,a,cx_stage1,,"[[[10, 165], [14, 165]], [], [true, true]]",
3524,q,a,cx_stage3,,"[[[10, 165], [14, 165]], [], [true, true]]",
3525,q,a,p,,"[[[14, 166]], [], [true]]",
3526,q,a,cx_stage1,,"[[[10, 169], [14, 169]], [], [true, true]]",
3527,q,a,cx_stage3,,"[[[10, 169], [14, 169]], [], [true, true]]",
3528,q,a,cx_stage1,,"[[[11, 172], [14, 172]], [], [true, true]]",
3529,q,a,cx_stage3,,"[[[11, 172], [14, 172]], [], [true, true]]",
3530,q,a,p,,"[[[14, 173]], [], [true]]",
3531,q,a,cx_stage1,,"[[[11, 176], [14, 176]], [], [true, true]]",
3532,q,a,cx_stage3,,"[[[11, 176], [14, 176]], [], [true, true]]",
3533,q,a,cx_stage1,,"[[[12, 179], [14, 179]], [], [true, true]]",
3534,q,a,cx_stage3,,"[[[12, 179], [14, 179]], [], [true, true]]",
3535,q,a,p,,"[[[14, 180]], [], [true]]",
3536,q,a,cx_stage1,,"[[[12, 183], [14, 183]], [], [true, true]]",
3537,q,a,cx_stage3,,"[[[12, 183], [14, 183]], [], [true, true]]",
3538,q,a,cx_stage1,,"[[[13, 186], [14, 186]], [], [true, true]]",
3539,q,a,cx_stage3,,"[[[13, 186], [14, 186]], [], [true, true]]",
3540,q,a,p,,"[[[14, 187]], [], [true]]",
3541,q,a,cx_stage1,,"[[[13, 190], [14, 190]], [], [true, true]]",
3542,q,a,cx_stage3,,"[[[13, 190], [14, 190]], [], [true, true]]",
3543,q,a,cx_stage1,,"[[[14, 200], [15, 200]], [], [true, true]]",
3544,q,a,cx_stage2,,"[[[14, 200], [15, 200]], [], [true, true]]",
3545,q,a,cx_stage3,,"[[[14, 200], [15, 200]], [], [true, true]]",
3546,q,a,cx_stage1,,"[[[14, 204], [15, 204]], [], [true, true]]",
3547,q,a,cx_stage2,,"[[[14, 204], [15, 204]], [], [true, true]]",
3548,q,a,cx_stage3,,"[[[14, 204], [15, 204]], [], [true, true]]",
3549,q,a,cx_stage1,,"[[[14, 207], [16, 207]], [], [true, true]]",
3550,q,a,cx_stage2,,"[[[14, 207], [16, 207]], [], [true, true]]",
3551,q,a,cx_stage3,,"[[[14, 207], [16, 207]], [], [true, true]]",
3552,q,a,cx_stage1,,"[[[14, 211], [16, 211]], [], [true, true]]",
3553,q,a,cx_stage2,,"[[[14, 211], [16, 211]], [], [true, true]]",
3554,q,a,cx_stage3,,"[[[14, 211], [16, 211]], [], [true, true]]",
3555,q,a,cx_stage1,,"[[[14, 214], [17, 214]], [], [true, true]]",
3556,q,a,cx_stage2,,"[[[14, 214], [17, 214]], [], [true, true]]",
3557,q,a,cx_stage3,,"[[[14, 214], [17, 214]], [], [true, true]]",
3558,q,a,cx_stage1,,"[[[14, 218], [17, 218]], [], [true, true]]",
3559,q,a,cx_stage2,,"[[[14, 218], [17, 218]], [], [true, true]]",
3560,q,a,cx_stage3,,"[[[14, 218], [17, 218]], [], [true, true]]",
3561,q,a,cx_stage1,,"[[[14, 221], [18, 221]], [], [true, true]]",
3562,q,a,cx_stage2,,"[[[14, 221], [18, 221]], [], [true, true]]",
3563,q,a,cx_stage3,,"[[[14, 221], [18, 221]], [], [true, true]]",
3564,q,a,cx_stage1,,"[[[14, 225], [18, 225]], [], [true, true]]",
3565,q,a,cx_stage2,,"[[[14, 225], [18, 225]], [], [true, true]]",
3566,q,a,cx_stage3,,"[[[14, 225], [18, 225]], [], [true, true]]",
3567,q,a,cx_stage1,,"[[[14, 228], [19, 228]], [], [true, true]]",
3568,q,a,cx_stage2,,"[[[14, 228], [19, 228]], [], [true, true]]",
3569,q,a,cx_stage3,,"[[[14, 228], [19, 228]], [], [true, true]]",
3570,q,a,cx_stage1,,"[[[14, 232], [19, 232]], [], [true, true]]",
3571,q,a,cx_stage2,,"[[[14, 232], [19, 232]], [], [true, true]]",
3572,q,a,cx_stage3,,"[[[14, 232], [19, 232]], [], [true, true]]",
3573,q,a,cx_stage1,,"[[[14, 235], [20, 235]], [], [true, true]]",
3574,q,a,cx_stage2,,"[[[14, 235], [20, 235]], [], [true, true]]",
3575,q,a,cx_stage3,,"[[[14, 235], [20, 235]], [], [true, true]]",
3576,q,a,cx_stage1,,"[[[14, 239], [20, 239]], [], [true, true]]",
3577,q,a,cx_stage2,,"[[[14, 239], [20, 239]], [], [true, true]]",
3578,q,a,cx_stage3,,"[[[14, 239], [20, 239]], [], [true, true]]",
3579,q,a,cx_stage1,,"[[[14, 242], [21, 242]], [], [true, true]]",
3580,q,a,cx_stage2,,"[[[14, 242], [21, 242]], [], [true, true]]",
3581,q,a,cx_stage3,,"[[[14, 242], [21, 242]], [], [true, true]]",
3582,q,a,cx_stage1,,"[[[14, 246], [21, 246]], [], [true, true]]",
3583,q,a,cx_stage2,,"[[[14, 246], [21, 246]], [], [true, true]]",
3584,q,a,cx_stage3,,"[[[14, 246], [21, 246]], [], [true, true]]",
3585,q,a,cx_stage1,,"[[[14, 249], [22, 249]], [], [true, true]]",
3586,q,a,cx_stage2,,"[[[14, 249], [22, 249]], [], [true, true]]",
3587,q,a,cx_stage3,,"[[[14, 249], [22, 249]], [], [true, true]]",
3588,q,a,cx_stage1,,"[[[14, 253], [22, 253]], [], [true, true]]",
3589,q,a,cx_stage2,,"[[[14, 253], [22, 253]], [], [true, true]]",
3590,q,a,cx_stage3,,"[[[14, 253], [22, 253]], [], [true, true]]",
3591,q,a,cx_stage1,,"[[[14, 256], [23, 256]], [], [true, true]]",
3592,q,a,cx_stage2,,"[[[14, 256], [23, 256]], [], [true, true]]",
3593,q,a,cx_stage3,,"[[[14, 256], [23, 256]], [], [true, true]]",
3594,q,a,cx_stage1,,"[[[14, 260], [23, 260]], [], [true, true]]",
3595,q,a,cx_stage2,,"[[[14, 260], [23, 260]], [], [true, true]]",
3596,q,a,cx_stage3,,"[[[14, 260], [23, 260]], [], [true, true]]",
3597,q,a,cx_stage1,,"[[[14, 263], [24, 263]], [], [true, true]]",
3598,q,a,cx_stage2,,"[[[14, 263], [24, 263]], [], [true, true]]",
3599,q,a,cx_stage3,,"[[[14, 263], [24, 263]], [], [true, true]]",
3600,q,a,cx_stage1,,"[[[14, 267], [24, 267]], [], [true, true]]",
3601,q,a,cx_stage2,,"[[[14, 267], [24, 267]], [], [true, true]]",
3602,q,a,cx_stage3,,"[[[14, 267], [24, 267]], [], [true, true]]",
3603,q,a,cx_stage1,,"[[[14, 270], [25, 270]], [], [true, true]]",
3604,q,a,cx_stage2,,"[[[14, 270], [25, 270]], [], [true, true]]",
3605,q,a,cx_stage3,,"[[[14, 270], [25, 270]], [], [true, true]]",
3606,q,a,cx_stage1,,"[[[14, 274], [25, 274]], [], [true, true]]",
3607,q,a,cx_stage2,,"[[[14, 274], [25, 274]], [], [true, true]]",
3608,q,a,cx_stage3,,"[[[14, 274], [25, 274]], [], [true, true]]",
3609,q,a,cx_stage1,,"[[[14, 277], [26, 277]], [], [true, true]]",
3610,q,a,cx_stage2,,"[[[14, 277], [26, 277]], [], [true, true]]",
3611,q,a,cx_stage3,,"[[[14, 277], [26, 277]], [], [true, true]]",
3612,q,a,cx_stage1,,"[[[14, 281], [26, 281]], [], [true, true]]",
3613,q,a,cx_stage2,,"[[[14, 281], [26, 281]], [], [true, true]]",
3614,q,a,cx_stage3,,"[[[14, 281], [26, 281]], [], [true, true]]",
3615,q,a,cx_stage1,,"[[[14, 284], [27, 284]], [], [true, true]]",
3616,q,a,cx_stage2,,"[[[14, 284], [27, 284]], [], [true, true]]",
3617,q,a,cx_stage3,,"[[[14, 284], [27, 284]], [], [true, true]]",
3618,q,a,cx_stage1,,"[[[14, 288], [27, 288]], [], [true, true]]",
3619,q,a,cx_stage2,,"[[[14, 288], [27, 288]], [], [true, true]]",
3620,q,a,cx_stage3,,"[[[14, 288], [27, 288]], [], [true, true]]",
3621,q,a,cx_stage1,,"[[[14, 291], [28, 291]], [], [true, true]]",
3622,q,a,cx_stage2,,"[[[14, 291], [28, 291]], [], [true, true]]",
3623,q,a,cx_stage3,,"[[[14, 291], [28, 291]], [], [true, true]]",
3624,q,a,cx_stage1,,"[[[14, 295], [28, 295]], [], [true, true]]",
3625,q,a,cx_stage2,,"[[[14, 295], [28, 295]], [], [true, true]]",
3626,q,a,cx_stage3,,"[[[14, 295], [28, 295]], [], [true, true]]",
3627,q,a,cx_stage1,,"[[[14, 298], [29, 298]], [], [true, true]]",
3628,q,a,cx_stage2,,"[[[14, 298], [29, 298]], [], [true, true]]",
3629,q,a,cx_stage3,,"[[[14, 298], [29, 298]], [], [true, true]]",
3630,q,a,cx_stage1,,"[[[14, 302], [29, 302]], [], [true, true]]",
3631,q,a,cx_stage2,,"[[[14, 302], [29, 302]], [], [true, true]]",
3632,q,a,cx_stage3,,"[[[14, 302], [29, 302]], [], [true, true]]",
3633,q,a,cx_stage1,,"[[[14, 305], [30, 305]], [], [true, true]]",
3634,q,a,cx_stage2,,"[[[14, 305], [30, 305]], [], [true, true]]",
3635,q,a,cx_stage3,,"[[[14, 305], [30, 305]], [], [true, true]]",
3636,q,a,cx_stage1,,"[[[14, 309], [30, 309]], [], [true, true]]",
3637,q,a,cx_stage2,,"[[[14, 309], [30, 309]], [], [true, true]]",
3638,q,a,cx_stage3,,"[[[14, 309], [30, 309]], [], [true, true]]",
3639,q,a,cx_stage1,,"[[[14, 312], [31, 312]], [], [true, true]]",
3640,q,a,cx_stage2,,"[[[14, 312], [31, 312]], [], [true, true]]",
3641,q,a,cx_stage3,,"[[[14, 312], [31, 312]], [], [true, true]]",
3642,q,a,cx_stage1,,"[[[14, 316], [31, 316]], [], [true, true]]",
3643,q,a,cx_stage2,,"[[[14, 316], [31, 316]], [], [true, true]]",
3644,q,a,cx_stage3,,"[[[14, 316], [31, 316]], [], [true, true]]",
3645,q,a,cx_stage1,,"[[[14, 319], [32, 319]], [], [true, true]]",
3646,q,a,cx_stage2,,"[[[14, 319], [32, 319]], [], [true, true]]",
3647,q,a,cx_stage3,,"[[[14, 319], [32, 319]], [], [true, true]]",
3648,q,a,cx_stage1,,"[[[14, 323], [32, 323]], [], [true, true]]",
3649,q,a,cx_stage2,,"[[[14, 323], [32, 323]], [], [true, true]]",
3650,q,a,cx_stage3,,"[[[14, 323], [32, 323]], [], [true, true]]",
3651,q,a,cx_stage1,,"[[[14, 326], [33, 326]], [], [true, true]]",
3652,q,a,cx_stage2,,"[[[14, 326], [33, 326]], [], [true, true]]",
3653,q,a,cx_stage3,,"[[[14, 326], [33, 326]], [], [true, true]]",
3654,q,a,cx_stage1,,"[[[14, 330], [33, 330]], [], [true, true]]",
3655,q,a,cx_stage2,,"[[[14, 330], [33, 330]], [], [true, true]]",
3656,q,a,cx_stage3,,"[[[14, 330], [33, 330]], [], [true, true]]",
3657,q,a,cx_stage1,,"[[[14, 333], [34, 333]], [], [true, true]]",
3658,q,a,cx_stage2,,"[[[14, 333], [34, 333]], [], [true, true]]",
3659,q,a,cx_stage3,,"[[[14, 333], [34, 333]], [], [true, true]]",
3660,q,a,cx_stage1,,"[[[14, 337], [34, 337]], [], [true, true]]",
3661,q,a,cx_stage2,,"[[[14, 337], [34, 337]], [], [true, true]]",
3662,q,a,cx_stage3,,"[[[14, 337], [34, 337]], [], [true, true]]",
3663,q,a,cx_stage1,,"[[[14, 340], [35, 340]], [], [true, true]]",
3664,q,a,cx_stage2,,"[[[14, 340], [35, 340]], [], [true, true]]",
3665,q,a,cx_stage3,,"[[[14, 340], [35, 340]], [], [true, true]]",
3666,q,a,cx_stage1,,"[[[14, 344], [35, 344]], [], [true, true]]",
3667,q,a,cx_stage2,,"[[[14, 344], [35, 344]], [], [true, true]]",
3668,q,a,cx_stage3,,"[[[14, 344], [35, 344]], [], [true, true]]",
3669,q,a,cx_stage1,,"[[[14, 347], [36, 347]], [], [true, true]]",
3670,q,a,cx_stage2,,"[[[14, 347], [36, 347]], [], [true, true]]",
3671,q,a,cx_stage3,,"[[[14, 347], [36, 347]], [], [true, true]]",
3672,q,a,cx_stage1,,"[[[14, 351], [36, 351]], [], [true, true]]",
3673,q,a,cx_stage2,,"[[[14, 351], [36, 351]], [], [true, true]]",
3674,q,a,cx_stage3,,"[[[14, 351], [36, 351]], [], [true, true]]",
3675,q,a,cx_stage1,,"[[[14, 354], [37, 354]], [], [true, true]]",
3676,q,a,cx_stage2,,"[[[14, 354], [37, 354]], [], [true, true]]",
3677,q,a,cx_stage3,,"[[[14, 354], [37, 354]], [], [true, true]]",
3678,q,a,cx_stage1,,"[[[14, 358], [37, 358]], [], [true, true]]",
3679,q,a,cx_stage2,,"[[[14, 358], [37, 358]], [], [true, true]]",
3680,q,a,cx_stage3,,"[[[14, 358], [37, 358]], [], [true, true]]",
3681,q,a,cx_stage1,,"[[[14, 361], [38, 361]], [], [true, true]]",
3682,q,a,cx_stage2,,"[[[14, 361], [38, 361]], [], [true, true]]",
3683,q,a,cx_stage3,,"[[[14, 361], [38, 361]], [], [true, true]]",
3684,q,a,cx_stage1,,"[[[14, 365], [38, 365]], [], [true, true]]",
3685,q,a,cx_stage2,,"[[[14, 365], [38, 365]], [], [true, true]]",
3686,q,a,cx_stage3,,"[[[14, 365], [38, 365]], [], [true, true]]",
3687,q,a,cx_stage1,,"[[[14, 368], [39, 368]], [], [true, true]]",
3688,q,a,cx_stage2,,"[[[14, 368], [39, 368]], [], [true, true]]",
3689,q,a,cx_stage3,,"[[[14, 368], [39, 368]], [], [true, true]]",
3690,q,a,cx_stage1,,"[[[14, 372], [39, 372]], [], [true, true]]",
3691,q,a,cx_stage2,,"[[[14, 372], [39, 372]], [], [true, true]]",
3692,q,a,cx_stage3,,"[[[14, 372], [39, 372]], [], [true, true]]",
3693,q,a,cx_stage1,,"[[[14, 375], [40, 375]], [], [true, true]]",
3694,q,a,cx_stage2,,"[[[14, 375], [40, 375]], [], [true, true]]",
3695,q,a,cx_stage3,,"[[[14, 375], [40, 375]], [], [true, true]]",
3696,q,a,cx_stage1,,"[[[14, 379], [40, 379]], [], [true, true]]",
3697,q,a,cx_stage2,,"[[[14, 379], [40, 379]], [], [true, true]]",
3698,q,a,cx_stage3,,"[[[14, 379], [40, 379]], [], [true, true]]",
3699,q,a,cx_stage1,,"[[[14, 382], [41, 382]], [], [true, true]]",
3700,q,a,cx_stage2,,"[[[14, 382], [41, 382]], [], [true, true]]",
3701,q,a,cx_stage3,,"[[[14, 382], [41, 382]], [], [true, true]]",
3702,q,a,cx_stage1,,"[[[14, 386], [41, 386]], [], [true, true]]",
3703,q,a,cx_stage2,,"[[[14, 386], [41, 386]], [], [true, true]]",
3704,q,a,cx_stage3,,"[[[14, 386], [41, 386]], [], [true, true]]",
3705,q,a,cx_stage1,,"[[[14, 389], [42, 389]], [], [true, true]]",
3706,q,a,cx_stage2,,"[[[14, 389], [42, 389]], [], [true, true]]",
3707,q,a,cx_stage3,,"[[[14, 389], [42, 389]], [], [true, true]]",
3708,q,a,cx_stage1,,"[[[14, 393], [42, 393]], [], [true, true]]",
3709,q,a,cx_stage2,,"[[[14, 393], [42, 393]], [], [true, true]]",
3710,q,a,cx_stage3,,"[[[14, 393], [42, 393]], [], [true, true]]",
3711,q,a,cx_stage1,,"[[[14, 396], [43, 396]], [], [true, true]]",
3712,q,a,cx_stage2,,"[[[14, 396], [43, 396]], [], [true, true]]",
3713,q,a,cx_stage3,,"[[[14, 396], [43, 396]], [], [true, true]]",
3714,q,a,cx_stage1,,"[[[14, 400], [43, 400]], [], [true, true]]",
3715,q,a,cx_stage2,,"[[[14, 400], [43, 400]], [], [true, true]]",
3716,q,a,cx_stage3,,"[[[14, 400], [43, 400]], [], [true, true]]",
3717,q,a,cx_stage1,,"[[[14, 403], [44, 403]], [], [true, true]]",
3718,q,a,cx_stage2,,"[[[14, 403], [44, 403]], [], [true, true]]",
3719,q,a,cx_stage3,,"[[[14, 403], [44, 403]], [], [true, true]]",
3720,q,a,cx_stage1,,"[[[14, 407], [44, 407]], [], [true, true]]",
3721,q,a,cx_stage2,,"[[[14, 407], [44, 407]], [], [true, true]]",
3722,q,a,cx_stage3,,"[[[14, 407], [44, 407]], [], [true, true]]",
3723,q,a,cx_stage1,,"[[[14, 410], [45, 410]], [], [true, true]]",
3724,q,a,cx_stage2,,"[[[14, 410], [45, 410]], [], [true, true]]",
3725,q,a,cx_stage3,,"[[[14, 410], [45, 410]], [], [true, true]]",
3726,q,a,cx_stage1,,"[[[14, 414], [45, 414]], [], [true, true]]",
3727,q,a,cx_stage2,,"[[[14, 414], [45, 414]], [], [true, true]]",
3728,q,a,cx_stage3,,"[[[14, 414], [45, 414]], [], [true, true]]",
3729,q,a,cx_stage1,,"[[[14, 417], [46, 417]], [], [true, true]]",
3730,q,a,cx_stage2,,"[[[14, 417], [46, 417]], [], [true, true]]",
3731,q,a,cx_stage3,,"[[[14, 417], [46, 417]], [], [true, true]]",
3732,q,a,cx_stage1,,"[[[14, 421], [46, 421]], [], [true, true]]",
3733,q,a,cx_stage2,,"[[[14, 421], [46, 421]], [], [true, true]]",
3734,q,a,cx_stage3,,"[[[14, 421], [46, 421]], [], [true, true]]",
3735,q,a,cx_stage1,,"[[[14, 424], [47, 424]], [], [true, true]]",
3736,q,a,cx_stage2,,"[[[14, 424], [47, 424]], [], [true, true]]",
3737,q,a,cx_stage3,,"[[[14, 424], [47, 424]], [], [true, true]]",
3738,q,a,cx_stage1,,"[[[14, 428], [47, 428]], [], [true, true]]",
3739,q,a,cx_stage2,,"[[[14, 428], [47, 428]], [], [true, true]]",
3740,q,a,cx_stage3,,"[[[14, 428], [47, 428]], [], [true, true]]",
3741,q,a,cx_stage1,,"[[[14, 431], [48, 431]], [], [true, true]]",
3742,q,a,cx_stage2,,"[[[14, 431], [48, 431]], [], [true, true]]",
3743,q,a,cx_stage3,,"[[[14, 431], [48, 431]], [], [true, true]]",
3744,q,a,cx_stage1,,"[[[14, 435], [48, 435]], [], [true, true]]",
3745,q,a,cx_stage2,,"[[[14, 435], [48, 435]], [], [true, true]]",
3746,q,a,cx_stage3,,"[[[14, 435], [48, 435]], [], [true, true]]",
3747,q,a,cx_stage1,,"[[[14, 438], [49, 438]], [], [true, true]]",
3748,q,a,cx_stage2,,"[[[14, 438], [49, 438]], [], [true, true]]",
3749,q,a,cx_stage3,,"[[[14, 438], [49, 438]], [], [true, true]]",
3750,q,a,cx_stage1,,"[[[14, 442], [49, 442]], [], [true, true]]",
3751,q,a,cx_stage2,,"[[[14, 442], [49, 442]], [], [true, true]]",
3752,q,a,cx_stage3,,"[[[14, 442], [49, 442]], [], [true, true]]",
3753,q,a,cx_stage1,,"[[[14, 445], [50, 445]], [], [true, true]]",
3754,q,a,cx_stage2,,"[[[14, 445], [50, 445]], [], [true, true]]",
3755,q,a,cx_stage3,,"[[[14, 445], [50, 445]], [], [true, true]]",
3756,q,a,cx_stage1,,"[[[14, 449], [50, 449]], [], [true, true]]",
3757,q,a,cx_stage2,,"[[[14, 449], [50, 449]], [], [true, true]]",
3758,q,a,cx_stage3,,"[[[14, 449], [50, 449]], [], [true, true]]",
3759,q,a,cx_stage1,,"[[[14, 452], [51, 452]], [], [true, true]]",
3760,q,a,cx_stage2,,"[[[14, 452], [51, 452]], [], [true, true]]",
3761,q,a,cx_stage3,,"[[[14, 452], [51, 452]], [], [true, true]]",
3762,q,a,cx_stage1,,"[[[14, 456], [51, 456]], [], [true, true]]",
3763,q,a,cx_stage2,,"[[[14, 456], [51, 456]], [], [true, true]]",
3764,q,a,cx_stage3,,"[[[14, 456], [51, 456]], [], [true, true]]",
3765,q,a,cx_stage1,,"[[[14, 459], [52, 459]], [], [true, true]]",
3766,q,a,cx_stage2,,"[[[14, 459], [52, 459]], [], [true, true]]",
3767,q,a,cx_stage3,,"[[[14, 459], [52, 459]], [], [true, true]]",
3768,q,a,cx_stage1,,"[[[14, 463], [52, 463]], [], [true, true]]",
3769,q,a,cx_stage2,,"[[[14, 463], [52, 463]], [], [true, true]]",
3770,q,a,cx_stage3,,"[[[14, 463], [52, 463]], [], [true, true]]",
3771,q,a,cx_stage1,,"[[[14, 466], [53, 466]], [], [true, true]]",
3772,q,a,cx_stage2,,"[[[14, 466], [53, 466]], [], [true, true]]",
3773,q,a,cx_stage3,,"[[[14, 466], [53, 466]], [], [true, true]]",
3774,q,a,cx_stage1,,"[[[14, 470], [53, 470]], [], [true, true]]",
3775,q,a,cx_stage2,,"[[[14, 470], [53, 470]], [], [true, true]]",
3776,q,a,cx_stage3,,"[[[14, 470], [53, 470]], [], [true, true]]",
3777,q,a,cx_stage1,,"[[[14, 473], [54, 473]], [], [true, true]]",
3778,q,a,cx_stage2,,"[[[14, 473], [54, 473]], [], [true, true]]",
3779,q,a,cx_stage3,,"[[[14, 473], [54, 473]], [], [true, true]]",
3780,q,a,cx_stage1,,"[[[14, 477], [54, 477]], [], [true, true]]",
3781,q,a,cx_stage2,,"[[[14, 477], [54, 477]], [], [true, true]]",
3782,q,a,cx_stage3,,"[[[14, 477], [54, 477]], [], [true, true]]",
3783,q,a,cx_stage1,,"[[[14, 480], [55, 480]], [], [true, true]]",
3784,q,a,cx_stage2,,"[[[14, 480], [55, 480]], [], [true, true]]",
3785,q,a,cx_stage3,,"[[[14, 480], [55, 480]], [], [true, true]]",
3786,q,a,cx_stage1,,"[[[14, 484], [55, 484]], [], [true, true]]",
3787,q,a,cx_stage2,,"[[[14, 484], [55, 484]], [], [true, true]]",
3788,q,a,cx_stage3,,"[[[14, 484], [55, 484]], [], [true, true]]",
3789,q,a,u2,,"[[[14, 485]], [], [true]]",
3790,q,a,cx_stage1,,"[[[0, 488], [14, 488]], [], [true, true]]",
3791,q,a,cx_stage3,,"[[[0, 488], [14, 488]], [], [true, true]]",
3792,q,a,p,,"[[[14, 489]], [], [true]]",
3793,q,a,cx_stage1,,"[[[0, 492], [14, 492]], [], [true, true]]",
3794,q,a,cx_stage3,,"[[[0, 492], [14, 492]], [], [true, true]]",
3795,q,a,cx_stage1,,"[[[1, 495], [14, 495]], [], [true, true]]",
3796,q,a,cx_stage2,,"[[[1, 495], [14, 495]], [], [true, true]]",
3797,q,a,cx_stage3,,"[[[1, 495], [14, 495]], [], [true, true]]",
3798,q,a,p,,"[[[14, 496]], [], [true]]",
3799,q,a,cx_stage1,,"[[[1, 499], [14, 499]], [], [true, true]]",
3800,q,a,cx_stage2,,"[[[1, 499], [14, 499]], [], [true, true]]",
3801,q,a,cx_stage3,,"[[[1, 499], [14, 499]], [], [true, true]]",
3802,q,a,cx_stage1,,"[[[2, 502], [14, 502]], [], [true, true]]",
3803,q,a,cx_stage2,,"[[[2, 502], [14, 502]], [], [true, true]]",
3804,q,a,cx_stage3,,"[[[2, 502], [14, 502]], [], [true, true]]",
3805,q,a,p,,"[[[14, 503]], [], [true]]",
3806,q,a,cx_stage1,,"[[[2, 506], [14, 506]], [], [true, true]]",
3807,q,a,cx_stage2,,"[[[2, 506], [14, 506]], [], [true, true]]",
3808,q,a,cx_stage3,,"[[[2, 506], [14, 506]], [], [true, true]]",
3809,q,a,cx_stage1,,"[[[3, 509], [14, 509]], [], [true, true]]",
3810,q,a,cx_stage2,,"[[[3, 509], [14, 509]], [], [true, true]]",
3811,q,a,cx_stage3,,"[[[3, 509], [14, 509]], [], [true, true]]",
3812,q,a,p,,"[[[14, 510]], [], [true]]",
3813,q,a,cx_stage1,,"[[[3, 513], [14, 513]], [], [true, true]]",
3814,q,a,cx_stage2,,"[[[3, 513], [14, 513]], [], [true, true]]",
3815,q,a,cx_stage3,,"[[[3, 513], [14, 513]], [], [true, true]]",
3816,q,a,cx_stage1,,"[[[4, 516], [14, 516]], [], [true, true]]",
3817,q,a,cx_stage2,,"[[[4, 516], [14, 516]], [], [true, true]]",
3818,q,a,cx_stage3,,"[[[4, 516], [14, 516]], [], [true, true]]",
3819,q,a,p,,"[[[14, 517]], [], [true]]",
3820,q,a,cx_stage1,,"[[[4, 520], [14, 520]], [], [true, true]]",
3821,q,a,cx_stage2,,"[[[4, 520], [14, 520]], [], [true, true]]",
3822,q,a,cx_stage3,,"[[[4, 520], [14, 520]], [], [true, true]]",
3823,q,a,cx_stage1,,"[[[5, 523], [14, 523]], [], [true, true]]",
3824,q,a,cx_stage2,,"[[[5, 523], [14, 523]], [], [true, true]]",
3825,q,a,cx_stage3,,"[[[5, 523], [14, 523]], [], [true, true]]",
3826,q,a,p,,"[[[14, 524]], [], [true]]",
3827,q,a,cx_stage1,,"[[[5, 527], [14, 527]], [], [true, true]]",
3828,q,a,cx_stage2,,"[[[5, 527], [14, 527]], [], [true, true]]",
3829,q,a,cx_stage3,,"[[[5, 527], [14, 527]], [], [true, true]]",
3830,q,a,cx_stage1,,"[[[6, 530], [14, 530]], [], [true, true]]",
3831,q,a,cx_stage2,,"[[[6, 530], [14, 530]], [], [true, true]]",
3832,q,a,cx_stage3,,"[[[6, 530], [14, 530]], [], [true, true]]",
3833,q,a,p,,"[[[14, 531]], [], [true]]",
3834,q,a,cx_stage1,,"[[[6, 534], [14, 534]], [], [true, true]]",
3835,q,a,cx_stage2,,"[[[6, 534], [14, 534]], [], [true, true]]",
3836,q,a,cx_stage3,,"[[[6, 534], [14, 534]], [], [true, true]]",
3837,q,a,cx_stage1,,"[[[7, 537], [14, 537]], [], [true, true]]",
3838,q,a,cx_stage2,,"[[[7, 537], [14, 537]], [], [true, true]]",
3839,q,a,cx_stage3,,"[[[7, 537], [14, 537]], [], [true, true]]",
3840,q,a,p,,"[[[14, 538]], [], [true]]",
3841,q,a,cx_stage1,,"[[[7, 541], [14, 541]], [], [true, true]]",
3842,q,a,cx_stage2,,"[[[7, 541], [14, 541]], [], [true, true]]",
3843,q,a,cx_stage3,,"[[[7, 541], [14, 541]], [], [true, true]]",
3844,q,a,cx_stage1,,"[[[8, 544], [14, 544]], [], [true, true]]",
3845,q,a,cx_stage2,,"[[[8, 544], [14, 544]], [], [true, true]]",
3846,q,a,cx_stage3,,"[[[8, 544], [14, 544]], [], [true, true]]",
3847,q,a,p,,"[[[14, 545]], [], [true]]",
3848,q,a,cx_stage1,,"[[[8, 548], [14, 548]], [], [true, true]]",
3849,q,a,cx_stage2,,"[[[8, 548], [14, 548]], [], [true, true]]",
3850,q,a,cx_stage3,,"[[[8, 548], [14, 548]], [], [true, true]]",
3851,q,a,cx_stage1,,"[[[9, 551], [14, 551]], [], [true, true]]",
3852,q,a,cx_stage2,,"[[[9, 551], [14, 551]], [], [true, true]]",
3853,q,a,cx_stage3,,"[[[9, 551], [14, 551]], [], [true, true]]",
3854,q,a,p,,"[[[14, 552]], [], [true]]",
3855,q,a,cx_stage1,,"[[[9, 555], [14, 555]], [], [true, true]]",
3856,q,a,cx_stage2,,"[[[9, 555], [14, 555]], [], [true, true]]",
3857,q,a,cx_stage3,,"[[[9, 555], [14, 555]], [], [true, true]]",
3858,q,a,cx_stage1,,"[[[10, 558], [14, 558]], [], [true, true]]",
3859,q,a,cx_stage3,,"[[[10, 558], [14, 558]], [], [true, true]]",
3860,q,a,p,,"[[[14, 559]], [], [true]]",
3861,q,a,cx_stage1,,"[[[10, 562], [14, 562]], [], [true, true]]",
3862,q,a,cx_stage3,,"[[[10, 562], [14, 562]], [], [true, true]]",
3863,q,a,cx_stage1,,"[[[11, 565], [14, 565]], [], [true, true]]",
3864,q,a,cx_stage3,,"[[[11, 565], [14, 565]], [], [true, true]]",
3865,q,a,p,,"[[[14, 566]], [], [true]]",
3866,q,a,cx_stage1,,"[[[11, 569], [14, 569]], [], [true, true]]",
3867,q,a,cx_stage3,,"[[[11, 569], [14, 569]], [], [true, true]]",
3868,q,a,cx_stage1,,"[[[12, 572], [14, 572]], [], [true, true]]",
3869,q,a,cx_stage3,,"[[[12, 572], [14, 572]], [], [true, true]]",
3870,q,a,p,,"[[[14, 573]], [], [true]]",
3871,q,a,cx_stage1,,"[[[12, 576], [14, 576]], [], [true, true]]",
3872,q,a,cx_stage3,,"[[[12, 576], [14, 576]], [], [true, true]]",
3873,q,a,cx_stage1,,"[[[13, 579], [14, 579]], [], [true, true]]",
3874,q,a,cx_stage3,,"[[[13, 579], [14, 579]], [], [true, true]]",
3875,q,a,p,,"[[[14, 580]], [], [true]]",
3876,q,a,cx_stage1,,"[[[13, 583], [14, 583]], [], [true, true]]",
3877,q,a,cx_stage3,,"[[[13, 583], [14, 583]], [], [true, true]]",
3878,q,a,cx_stage1,,"[[[14, 593], [15, 593]], [], [true, true]]",
3879,q,a,cx_stage2,,"[[[14, 593], [15, 593]], [], [true, true]]",
3880,q,a,cx_stage3,,"[[[14, 593], [15, 593]], [], [true, true]]",
3881,q,a,cx_stage1,,"[[[14, 597], [15, 597]], [], [true, true]]",
3882,q,a,cx_stage2,,"[[[14, 597], [15, 597]], [], [true, true]]",
3883,q,a,cx_stage3,,"[[[14, 597], [15, 597]], [], [true, true]]",
3884,q,a,cx_stage1,,"[[[14, 600], [16, 600]], [], [true, true]]",
3885,q,a,cx_stage2,,"[[[14, 600], [16, 600]], [], [true, true]]",
3886,q,a,cx_stage3,,"[[[14, 600], [16, 600]], [], [true, true]]",
3887,q,a,cx_stage1,,"[[[14, 604], [16, 604]], [], [true, true]]",
3888,q,a,cx_stage2,,"[[[14, 604], [16, 604]], [], [true, true]]",
3889,q,a,cx_stage3,,"[[[14, 604], [16, 604]], [], [true, true]]",
3890,q,a,cx_stage1,,"[[[14, 607], [17, 607]], [], [true, true]]",
3891,q,a,cx_stage2,,"[[[14, 607], [17, 607]], [], [true, true]]",
3892,q,a,cx_stage3,,"[[[14, 607], [17, 607]], [], [true, true]]",
3893,q,a,cx_stage1,,"[[[14, 611], [17, 611]], [], [true, true]]",
3894,q,a,cx_stage2,,"[[[14, 611], [17, 611]], [], [true, true]]",
3895,q,a,cx_stage3,,"[[[14, 611], [17, 611]], [], [true, true]]",
3896,q,a,cx_stage1,,"[[[14, 614], [18, 614]], [], [true, true]]",
3897,q,a,cx_stage2,,"[[[14, 614], [18, 614]], [], [true, true]]",
3898,q,a,cx_stage3,,"[[[14, 614], [18, 614]], [], [true, true]]",
3899,q,a,cx_stage1,,"[[[14, 618], [18, 618]], [], [true, true]]",
3900,q,a,cx_stage2,,"[[[14, 618], [18, 618]], [], [true, true]]",
3901,q,a,cx_stage3,,"[[[14, 618], [18, 618]], [], [true, true]]",
3902,q,a,cx_stage1,,"[[[14, 621], [19, 621]], [], [true, true]]",
3903,q,a,cx_stage2,,"[[[14, 621], [19, 621]], [], [true, true]]",
3904,q,a,cx_stage3,,"[[[14, 621], [19, 621]], [], [true, true]]",
3905,q,a,cx_stage1,,"[[[14, 625], [19, 625]], [], [true, true]]",
3906,q,a,cx_stage2,,"[[[14, 625], [19, 625]], [], [true, true]]",
3907,q,a,cx_stage3,,"[[[14, 625], [19, 625]], [], [true, true]]",
3908,q,a,cx_stage1,,"[[[14, 628], [20, 628]], [], [true, true]]",
3909,q,a,cx_stage2,,"[[[14, 628], [20, 628]], [], [true, true]]",
3910,q,a,cx_stage3,,"[[[14, 628], [20, 628]], [], [true, true]]",
3911,q,a,cx_stage1,,"[[[14, 632], [20, 632]], [], [true, true]]",
3912,q,a,cx_stage2,,"[[[14, 632], [20, 632]], [], [true, true]]",
3913,q,a,cx_stage3,,"[[[14, 632], [20, 632]], [], [true, true]]",
3914,q,a,cx_stage1,,"[[[14, 635], [21, 635]], [], [true, true]]",
3915,q,a,cx_stage2,,"[[[14, 635], [21, 635]], [], [true, true]]",
3916,q,a,cx_stage3,,"[[[14, 635], [21, 635]], [], [true, true]]",
3917,q,a,cx_stage1,,"[[[14, 639], [21, 639]], [], [true, true]]",
3918,q,a,cx_stage2,,"[[[14, 639], [21, 639]], [], [true, true]]",
3919,q,a,cx_stage3,,"[[[14, 639], [21, 639]], [], [true, true]]",
3920,q,a,cx_stage1,,"[[[14, 642], [22, 642]], [], [true, true]]",
3921,q,a,cx_stage2,,"[[[14, 642], [22, 642]], [], [true, true]]",
3922,q,a,cx_stage3,,"[[[14, 642], [22, 642]], [], [true, true]]",
3923,q,a,cx_stage1,,"[[[14, 646], [22, 646]], [], [true, true]]",
3924,q,a,cx_stage2,,"[[[14, 646], [22, 646]], [], [true, true]]",
3925,q,a,cx_stage3,,"[[[14, 646], [22, 646]], [], [true, true]]",
3926,q,a,cx_stage1,,"[[[14, 649], [23, 649]], [], [true, true]]",
3927,q,a,cx_stage2,,"[[[14, 649], [23, 649]], [], [true, true]]",
3928,q,a,cx_stage3,,"[[[14, 649], [23, 649]], [], [true, true]]",
3929,q,a,cx_stage1,,"[[[14, 653], [23, 653]], [], [true, true]]",
3930,q,a,cx_stage2,,"[[[14, 653], [23, 653]], [], [true, true]]",
3931,q,a,cx_stage3,,"[[[14, 653], [23, 653]], [], [true, true]]",
3932,q,a,cx_stage1,,"[[[14, 656], [24, 656]], [], [true, true]]",
3933,q,a,cx_stage2,,"[[[14, 656], [24, 656]], [], [true, true]]",
3934,q,a,cx_stage3,,"[[[14, 656], [24, 656]], [], [true, true]]",
3935,q,a,cx_stage1,,"[[[14, 660], [24, 660]], [], [true, true]]",
3936,q,a,cx_stage2,,"[[[14, 660], [24, 660]], [], [true, true]]",
3937,q,a,cx_stage3,,"[[[14, 660], [24, 660]], [], [true, true]]",
3938,q,a,cx_stage1,,"[[[14, 663], [25, 663]], [], [true, true]]",
3939,q,a,cx_stage2,,"[[[14, 663], [25, 663]], [], [true, true]]",
3940,q,a,cx_stage3,,"[[[14, 663], [25, 663]], [], [true, true]]",
3941,q,a,cx_stage1,,"[[[14, 667], [25, 667]], [], [true, true]]",
3942,q,a,cx_stage2,,"[[[14, 667], [25, 667]], [], [true, true]]",
3943,q,a,cx_stage3,,"[[[14, 667], [25, 667]], [], [true, true]]",
3944,q,a,cx_stage1,,"[[[14, 670], [26, 670]], [], [true, true]]",
3945,q,a,cx_stage2,,"[[[14, 670], [26, 670]], [], [true, true]]",
3946,q,a,cx_stage3,,"[[[14, 670], [26, 670]], [], [true, true]]",
3947,q,a,cx_stage1,,"[[[14, 674], [26, 674]], [], [true, true]]",
3948,q,a,cx_stage2,,"[[[14, 674], [26, 674]], [], [true, true]]",
3949,q,a,cx_stage3,,"[[[14, 674], [26, 674]], [], [true, true]]",
3950,q,a,cx_stage1,,"[[[14, 677], [27, 677]], [], [true, true]]",
3951,q,a,cx_stage2,,"[[[14, 677], [27, 677]], [], [true, true]]",
3952,q,a,cx_stage3,,"[[[14, 677], [27, 677]], [], [true, true]]",
3953,q,a,cx_stage1,,"[[[14, 681], [27, 681]], [], [true, true]]",
3954,q,a,cx_stage2,,"[[[14, 681], [27, 681]], [], [true, true]]",
3955,q,a,cx_stage3,,"[[[14, 681], [27, 681]], [], [true, true]]",
3956,q,a,cx_stage1,,"[[[14, 684], [28, 684]], [], [true, true]]",
3957,q,a,cx_stage2,,"[[[14, 684], [28, 684]], [], [true, true]]",
3958,q,a,cx_stage3,,"[[[14, 684], [28, 684]], [], [true, true]]",
3959,q,a,cx_stage1,,"[[[14, 688], [28, 688]], [], [true, true]]",
3960,q,a,cx_stage2,,"[[[14, 688], [28, 688]], [], [true, true]]",
3961,q,a,cx_stage3,,"[[[14, 688], [28, 688]], [], [true, true]]",
3962,q,a,cx_stage1,,"[[[14, 691], [29, 691]], [], [true, true]]",
3963,q,a,cx_stage2,,"[[[14, 691], [29, 691]], [], [true, true]]",
3964,q,a,cx_stage3,,"[[[14, 691], [29, 691]], [], [true, true]]",
3965,q,a,cx_stage1,,"[[[14, 695], [29, 695]], [], [true, true]]",
3966,q,a,cx_stage2,,"[[[14, 695], [29, 695]], [], [true, true]]",
3967,q,a,cx_stage3,,"[[[14, 695], [29, 695]], [], [true, true]]",
3968,q,a,cx_stage1,,"[[[14, 698], [30, 698]], [], [true, true]]",
3969,q,a,cx_stage2,,"[[[14, 698], [30, 698]], [], [true, true]]",
3970,q,a,cx_stage3,,"[[[14, 698], [30, 698]], [], [true, true]]",
3971,q,a,cx_stage1,,"[[[14, 702], [30, 702]], [], [true, true]]",
3972,q,a,cx_stage2,,"[[[14, 702], [30, 702]], [], [true, true]]",
3973,q,a,cx_stage3,,"[[[14, 702], [30, 702]], [], [true, true]]",
3974,q,a,cx_stage1,,"[[[14, 705], [31, 705]], [], [true, true]]",
3975,q,a,cx_stage2,,"[[[14, 705], [31, 705]], [], [true, true]]",
3976,q,a,cx_stage3,,"[[[14, 705], [31, 705]], [], [true, true]]",
3977,q,a,cx_stage1,,"[[[14, 709], [31, 709]], [], [true, true]]",
3978,q,a,cx_stage2,,"[[[14, 709], [31, 709]], [], [true, true]]",
3979,q,a,cx_stage3,,"[[[14, 709], [31, 709]], [], [true, true]]",
3980,q,a,cx_stage1,,"[[[14, 712], [32, 712]], [], [true, true]]",
3981,q,a,cx_stage2,,"[[[14, 712], [32, 712]], [], [true, true]]",
3982,q,a,cx_stage3,,"[[[14, 712], [32, 712]], [], [true, true]]",
3983,q,a,cx_stage1,,"[[[14, 716], [32, 716]], [], [true, true]]",
3984,q,a,cx_stage2,,"[[[14, 716], [32, 716]], [], [true, true]]",
3985,q,a,cx_stage3,,"[[[14, 716], [32, 716]], [], [true, true]]",
3986,q,a,cx_stage1,,"[[[14, 719], [33, 719]], [], [true, true]]",
3987,q,a,cx_stage2,,"[[[14, 719], [33, 719]], [], [true, true]]",
3988,q,a,cx_stage3,,"[[[14, 719], [33, 719]], [], [true, true]]",
3989,q,a,cx_stage1,,"[[[14, 723], [33, 723]], [], [true, true]]",
3990,q,a,cx_stage2,,"[[[14, 723], [33, 723]], [], [true, true]]",
3991,q,a,cx_stage3,,"[[[14, 723], [33, 723]], [], [true, true]]",
3992,q,a,cx_stage1,,"[[[14, 726], [34, 726]], [], [true, true]]",
3993,q,a,cx_stage2,,"[[[14, 726], [34, 726]], [], [true, true]]",
3994,q,a,cx_stage3,,"[[[14, 726], [34, 726]], [], [true, true]]",
3995,q,a,cx_stage1,,"[[[14, 730], [34, 730]], [], [true, true]]",
3996,q,a,cx_stage2,,"[[[14, 730], [34, 730]], [], [true, true]]",
3997,q,a,cx_stage3,,"[[[14, 730], [34, 730]], [], [true, true]]",
3998,q,a,cx_stage1,,"[[[14, 733], [35, 733]], [], [true, true]]",
3999,q,a,cx_stage2,,"[[[14, 733], [35, 733]], [], [true, true]]",
4000,q,a,cx_stage3,,"[[[14, 733], [35, 733]], [], [true, true]]",
4001,q,a,cx_stage1,,"[[[14, 737], [35, 737]], [], [true, true]]",
4002,q,a,cx_stage2,,"[[[14, 737], [35, 737]], [], [true, true]]",
4003,q,a,cx_stage3,,"[[[14, 737], [35, 737]], [], [true, true]]",
4004,q,a,cx_stage1,,"[[[14, 740], [36, 740]], [], [true, true]]",
4005,q,a,cx_stage2,,"[[[14, 740], [36, 740]], [], [true, true]]",
4006,q,a,cx_stage3,,"[[[14, 740], [36, 740]], [], [true, true]]",
4007,q,a,cx_stage1,,"[[[14, 744], [36, 744]], [], [true, true]]",
4008,q,a,cx_stage2,,"[[[14, 744], [36, 744]], [], [true, true]]",
4009,q,a,cx_stage3,,"[[[14, 744], [36, 744]], [], [true, true]]",
4010,q,a,cx_stage1,,"[[[14, 747], [37, 747]], [], [true, true]]",
4011,q,a,cx_stage2,,"[[[14, 747], [37, 747]], [], [true, true]]",
4012,q,a,cx_stage3,,"[[[14, 747], [37, 747]], [], [true, true]]",
4013,q,a,cx_stage1,,"[[[14, 751], [37, 751]], [], [true, true]]",
4014,q,a,cx_stage2,,"[[[14, 751], [37, 751]], [], [true, true]]",
4015,q,a,cx_stage3,,"[[[14, 751], [37, 751]], [], [true, true]]",
4016,q,a,cx_stage1,,"[[[14, 754], [38, 754]], [], [true, true]]",
4017,q,a,cx_stage2,,"[[[14, 754], [38, 754]], [], [true, true]]",
4018,q,a,cx_stage3,,"[[[14, 754], [38, 754]], [], [true, true]]",
4019,q,a,cx_stage1,,"[[[14, 758], [38, 758]], [], [true, true]]",
4020,q,a,cx_stage2,,"[[[14, 758], [38, 758]], [], [true, true]]",
4021,q,a,cx_stage3,,"[[[14, 758], [38, 758]], [], [true, true]]",
4022,q,a,cx_stage1,,"[[[14, 761], [39, 761]], [], [true, true]]",
4023,q,a,cx_stage2,,"[[[14, 761], [39, 761]], [], [true, true]]",
4024,q,a,cx_stage3,,"[[[14, 761], [39, 761]], [], [true, true]]",
4025,q,a,cx_stage1,,"[[[14, 765], [39, 765]], [], [true, true]]",
4026,q,a,cx_stage2,,"[[[14, 765], [39, 765]], [], [true, true]]",
4027,q,a,cx_stage3,,"[[[14, 765], [39, 765]], [], [true, true]]",
4028,q,a,cx_stage1,,"[[[14, 768], [40, 768]], [], [true, true]]",
4029,q,a,cx_stage2,,"[[[14, 768], [40, 768]], [], [true, true]]",
4030,q,a,cx_stage3,,"[[[14, 768], [40, 768]], [], [true, true]]",
4031,q,a,cx_stage1,,"[[[14, 772], [40, 772]], [], [true, true]]",
4032,q,a,cx_stage2,,"[[[14, 772], [40, 772]], [], [true, true]]",
4033,q,a,cx_stage3,,"[[[14, 772], [40, 772]], [], [true, true]]",
4034,q,a,cx_stage1,,"[[[14, 775], [41, 775]], [], [true, true]]",
4035,q,a,cx_stage2,,"[[[14, 775], [41, 775]], [], [true, true]]",
4036,q,a,cx_stage3,,"[[[14, 775], [41, 775]], [], [true, true]]",
4037,q,a,cx_stage1,,"[[[14, 779], [41, 779]], [], [true, true]]",
4038,q,a,cx_stage2,,"[[[14, 779], [41, 779]], [], [true, true]]",
4039,q,a,cx_stage3,,"[[[14, 779], [41, 779]], [], [true, true]]",
4040,q,a,cx_stage1,,"[[[14, 782], [42, 782]], [], [true, true]]",
4041,q,a,cx_stage2,,"[[[14, 782], [42, 782]], [], [true, true]]",
4042,q,a,cx_stage3,,"[[[14, 782], [42, 782]], [], [true, true]]",
4043,q,a,cx_stage1,,"[[[14, 786], [42, 786]], [], [true, true]]",
4044,q,a,cx_stage2,,"[[[14, 786], [42, 786]], [], [true, true]]",
4045,q,a,cx_stage3,,"[[[14, 786], [42, 786]], [], [true, true]]",
4046,q,a,cx_stage1,,"[[[14, 789], [43, 789]], [], [true, true]]",
4047,q,a,cx_stage2,,"[[[14, 789], [43, 789]], [], [true, true]]",
4048,q,a,cx_stage3,,"[[[14, 789], [43, 789]], [], [true, true]]",
4049,q,a,cx_stage1,,"[[[14, 793], [43, 793]], [], [true, true]]",
4050,q,a,cx_stage2,,"[[[14, 793], [43, 793]], [], [true, true]]",
4051,q,a,cx_stage3,,"[[[14, 793], [43, 793]], [], [true, true]]",
4052,q,a,cx_stage1,,"[[[14, 796], [44, 796]], [], [true, true]]",
4053,q,a,cx_stage2,,"[[[14, 796], [44, 796]], [], [true, true]]",
4054,q,a,cx_stage3,,"[[[14, 796], [44, 796]], [], [true, true]]",
4055,q,a,cx_stage1,,"[[[14, 800], [44, 800]], [], [true, true]]",
4056,q,a,cx_stage2,,"[[[14, 800], [44, 800]], [], [true, true]]",
4057,q,a,cx_stage3,,"[[[14, 800], [44, 800]], [], [true, true]]",
4058,q,a,cx_stage1,,"[[[14, 803], [45, 803]], [], [true, true]]",
4059,q,a,cx_stage2,,"[[[14, 803], [45, 803]], [], [true, true]]",
4060,q,a,cx_stage3,,"[[[14, 803], [45, 803]], [], [true, true]]",
4061,q,a,cx_stage1,,"[[[14, 807], [45, 807]], [], [true, true]]",
4062,q,a,cx_stage2,,"[[[14, 807], [45, 807]], [], [true, true]]",
4063,q,a,cx_stage3,,"[[[14, 807], [45, 807]], [], [true, true]]",
4064,q,a,cx_stage1,,"[[[14, 810], [46, 810]], [], [true, true]]",
4065,q,a,cx_stage2,,"[[[14, 810], [46, 810]], [], [true, true]]",
4066,q,a,cx_stage3,,"[[[14, 810], [46, 810]], [], [true, true]]",
4067,q,a,cx_stage1,,"[[[14, 814], [46, 814]], [], [true, true]]",
4068,q,a,cx_stage2,,"[[[14, 814], [46, 814]], [], [true, true]]",
4069,q,a,cx_stage3,,"[[[14, 814], [46, 814]], [], [true, true]]",
4070,q,a,cx_stage1,,"[[[14, 817], [47, 817]], [], [true, true]]",
4071,q,a,cx_stage2,,"[[[14, 817], [47, 817]], [], [true, true]]",
4072,q,a,cx_stage3,,"[[[14, 817], [47, 817]], [], [true, true]]",
4073,q,a,cx_stage1,,"[[[14, 821], [47, 821]], [], [true, true]]",
4074,q,a,cx_stage2,,"[[[14, 821], [47, 821]], [], [true, true]]",
4075,q,a,cx_stage3,,"[[[14, 821], [47, 821]], [], [true, true]]",
4076,q,a,cx_stage1,,"[[[14, 824], [48, 824]], [], [true, true]]",
4077,q,a,cx_stage2,,"[[[14, 824], [48, 824]], [], [true, true]]",
4078,q,a,cx_stage3,,"[[[14, 824], [48, 824]], [], [true, true]]",
4079,q,a,cx_stage1,,"[[[14, 828], [48, 828]], [], [true, true]]",
4080,q,a,cx_stage2,,"[[[14, 828], [48, 828]], [], [true, true]]",
4081,q,a,cx_stage3,,"[[[14, 828], [48, 828]], [], [true, true]]",
4082,q,a,cx_stage1,,"[[[14, 831], [49, 831]], [], [true, true]]",
4083,q,a,cx_stage2,,"[[[14, 831], [49, 831]], [], [true, true]]",
4084,q,a,cx_stage3,,"[[[14, 831], [49, 831]], [], [true, true]]",
4085,q,a,cx_stage1,,"[[[14, 835], [49, 835]], [], [true, true]]",
4086,q,a,cx_stage2,,"[[[14, 835], [49, 835]], [], [true, true]]",
4087,q,a,cx_stage3,,"[[[14, 835], [49, 835]], [], [true, true]]",
4088,q,a,cx_stage1,,"[[[14, 838], [50, 838]], [], [true, true]]",
4089,q,a,cx_stage2,,"[[[14, 838], [50, 838]], [], [true, true]]",
4090,q,a,cx_stage3,,"[[[14, 838], [50, 838]], [], [true, true]]",
4091,q,a,cx_stage1,,"[[[14, 842], [50, 842]], [], [true, true]]",
4092,q,a,cx_stage2,,"[[[14, 842], [50, 842]], [], [true, true]]",
4093,q,a,cx_stage3,,"[[[14, 842], [50, 842]], [], [true, true]]",
4094,q,a,cx_stage1,,"[[[14, 845], [51, 845]], [], [true, true]]",
4095,q,a,cx_stage2,,"[[[14, 845], [51, 845]], [], [true, true]]",
4096,q,a,cx_stage3,,"[[[14, 845], [51, 845]], [], [true, true]]",
4097,q,a,cx_stage1,,"[[[14, 849], [51, 849]], [], [true, true]]",
4098,q,a,cx_stage2,,"[[[14, 849], [51, 849]], [], [true, true]]",
4099,q,a,cx_stage3,,"[[[14, 849], [51, 849]], [], [true, true]]",
4100,q,a,cx_stage1,,"[[[14, 852], [52, 852]], [], [true, true]]",
4101,q,a,cx_stage2,,"[[[14, 852], [52, 852]], [], [true, true]]",
4102,q,a,cx_stage3,,"[[[14, 852], [52, 852]], [], [true, true]]",
4103,q,a,cx_stage1,,"[[[14, 856], [52, 856]], [], [true, true]]",
4104,q,a,cx_stage2,,"[[[14, 856], [52, 856]], [], [true, true]]",
4105,q,a,cx_stage3,,"[[[14, 856], [52, 856]], [], [true, true]]",
4106,q,a,cx_stage1,,"[[[14, 859], [53, 859]], [], [true, true]]",
4107,q,a,cx_stage2,,"[[[14, 859], [53, 859]], [], [true, true]]",
4108,q,a,cx_stage3,,"[[[14, 859], [53, 859]], [], [true, true]]",
4109,q,a,cx_stage1,,"[[[14, 863], [53, 863]], [], [true, true]]",
4110,q,a,cx_stage2,,"[[[14, 863], [53, 863]], [], [true, true]]",
4111,q,a,cx_stage3,,"[[[14, 863], [53, 863]], [], [true, true]]",
4112,q,a,cx_stage1,,"[[[14, 866], [54, 866]], [], [true, true]]",
4113,q,a,cx_stage2,,"[[[14, 866], [54, 866]], [], [true, true]]",
4114,q,a,cx_stage3,,"[[[14, 866], [54, 866]], [], [true, true]]",
4115,q,a,cx_stage1,,"[[[14, 870], [54, 870]], [], [true, true]]",
4116,q,a,cx_stage2,,"[[[14, 870], [54, 870]], [], [true, true]]",
4117,q,a,cx_stage3,,"[[[14, 870], [54, 870]], [], [true, true]]",
4118,q,a,cx_stage1,,"[[[14, 873], [55, 873]], [], [true, true]]",
4119,q,a,cx_stage2,,"[[[14, 873], [55, 873]], [], [true, true]]",
4120,q,a,cx_stage3,,"[[[14, 873], [55, 873]], [], [true, true]]",
4121,q,a,cx_stage1,,"[[[14, 877], [55, 877]], [], [true, true]]",
4122,q,a,cx_stage2,,"[[[14, 877], [55, 877]], [], [true, true]]",
4123,q,a,cx_stage3,,"[[[14, 877], [55, 877]], [], [true, true]]",
4124,q,a,ry,,"[[[14, 878]], [], [true]]",
4125,q,a,cx_stage3,,"[[[0, 95], [14, 95]], [], [true, true]]",
4126,q,a,p,,"[[[14, 96]], [], [true]]",
4127,q,a,cx_stage1,,"[[[0, 99], [14, 99]], [], [true, true]]",
4128,q,a,cx_stage3,,"[[[0, 99], [14, 99]], [], [true, true]]",
4129,q,a,u2,,"[[[15, 1]], [], [true]]",
4130,q,a,cx_stage1,,"[[[0, 102], [15, 102]], [], [true, true]]",
4131,q,a,cx_stage3,,"[[[0, 102], [15, 102]], [], [true, true]]",
4132,q,a,p,,"[[[15, 103]], [], [true]]",
4133,q,a,cx_stage1,,"[[[0, 106], [15, 106]], [], [true, true]]",
4134,q,a,cx_stage3,,"[[[0, 106], [15, 106]], [], [true, true]]",
4135,q,a,cx_stage1,,"[[[1, 109], [15, 109]], [], [true, true]]",
4136,q,a,cx_stage2,,"[[[1, 109], [15, 109]], [], [true, true]]",
4137,q,a,cx_stage3,,"[[[1, 109], [15, 109]], [], [true, true]]",
4138,q,a,p,,"[[[15, 110]], [], [true]]",
4139,q,a,cx_stage1,,"[[[1, 113], [15, 113]], [], [true, true]]",
4140,q,a,cx_stage2,,"[[[1, 113], [15, 113]], [], [true, true]]",
4141,q,a,cx_stage3,,"[[[1, 113], [15, 113]], [], [true, true]]",
4142,q,a,cx_stage1,,"[[[2, 116], [15, 116]], [], [true, true]]",
4143,q,a,cx_stage2,,"[[[2, 116], [15, 116]], [], [true, true]]",
4144,q,a,cx_stage3,,"[[[2, 116], [15, 116]], [], [true, true]]",
4145,q,a,p,,"[[[15, 117]], [], [true]]",
4146,q,a,cx_stage1,,"[[[2, 120], [15, 120]], [], [true, true]]",
4147,q,a,cx_stage2,,"[[[2, 120], [15, 120]], [], [true, true]]",
4148,q,a,cx_stage3,,"[[[2, 120], [15, 120]], [], [true, true]]",
4149,q,a,cx_stage1,,"[[[3, 123], [15, 123]], [], [true, true]]",
4150,q,a,cx_stage2,,"[[[3, 123], [15, 123]], [], [true, true]]",
4151,q,a,cx_stage3,,"[[[3, 123], [15, 123]], [], [true, true]]",
4152,q,a,p,,"[[[15, 124]], [], [true]]",
4153,q,a,cx_stage1,,"[[[3, 127], [15, 127]], [], [true, true]]",
4154,q,a,cx_stage2,,"[[[3, 127], [15, 127]], [], [true, true]]",
4155,q,a,cx_stage3,,"[[[3, 127], [15, 127]], [], [true, true]]",
4156,q,a,cx_stage1,,"[[[4, 130], [15, 130]], [], [true, true]]",
4157,q,a,cx_stage2,,"[[[15, 1278], [16, 1278]], [], [true, true]]",
4158,q,a,cx_stage1,,"[[[15, 1278], [16, 1278]], [], [true, true]]",
4159,q,a,cx_stage3,,"[[[15, 1278], [16, 1278]], [], [true, true]]",
4160,q,a,cx_stage1,,"[[[14, 1281], [15, 1281]], [], [true, true]]",
4161,q,a,cx_stage2,,"[[[4, 130], [15, 130]], [], [true, true]]",
4162,q,a,cx_stage3,,"[[[14, 1281], [15, 1281]], [], [true, true]]",
4163,q,a,ry,,"[[[15, 1282]], [], [true]]",
4164,q,a,cx_stage3,,"[[[4, 130], [15, 130]], [], [true, true]]",
4165,q,a,p,,"[[[15, 131]], [], [true]]",
4166,q,a,cx_stage1,,"[[[4, 134], [15, 134]], [], [true, true]]",
4167,q,a,cx_stage2,,"[[[4, 134], [15, 134]], [], [true, true]]",
4168,q,a,cx_stage3,,"[[[4, 134], [15, 134]], [], [true, true]]",
4169,q,a,cx_stage1,,"[[[5, 137], [15, 137]], [], [true, true]]",
4170,q,a,cx_stage2,,"[[[5, 137], [15, 137]], [], [true, true]]",
4171,q,a,cx_stage3,,"[[[5, 137], [15, 137]], [], [true, true]]",
4172,q,a,p,,"[[[15, 138]], [], [true]]",
4173,q,a,cx_stage1,,"[[[5, 141], [15, 141]], [], [true, true]]",
4174,q,a,cx_stage2,,"[[[5, 141], [15, 141]], [], [true, true]]",
4175,q,a,cx_stage3,,"[[[5, 141], [15, 141]], [], [true, true]]",
4176,q,a,cx_stage1,,"[[[6, 144], [15, 144]], [], [true, true]]",
4177,q,a,cx_stage2,,"[[[6, 144], [15, 144]], [], [true, true]]",
4178,q,a,cx_stage3,,"[[[6, 144], [15, 144]], [], [true, true]]",
4179,q,a,p,,"[[[15, 145]], [], [true]]",
4180,q,a,cx_stage1,,"[[[6, 148], [15, 148]], [], [true, true]]",
4181,q,a,cx_stage2,,"[[[6, 148], [15, 148]], [], [true, true]]",
4182,q,a,cx_stage3,,"[[[6, 148], [15, 148]], [], [true, true]]",
4183,q,a,cx_stage1,,"[[[7, 151], [15, 151]], [], [true, true]]",
4184,q,a,cx_stage2,,"[[[7, 151], [15, 151]], [], [true, true]]",
4185,q,a,cx_stage3,,"[[[7, 151], [15, 151]], [], [true, true]]",
4186,q,a,p,,"[[[15, 152]], [], [true]]",
4187,q,a,cx_stage1,,"[[[7, 155], [15, 155]], [], [true, true]]",
4188,q,a,cx_stage2,,"[[[7, 155], [15, 155]], [], [true, true]]",
4189,q,a,cx_stage3,,"[[[7, 155], [15, 155]], [], [true, true]]",
4190,q,a,cx_stage1,,"[[[8, 158], [15, 158]], [], [true, true]]",
4191,q,a,cx_stage2,,"[[[8, 158], [15, 158]], [], [true, true]]",
4192,q,a,cx_stage3,,"[[[8, 158], [15, 158]], [], [true, true]]",
4193,q,a,p,,"[[[15, 159]], [], [true]]",
4194,q,a,cx_stage1,,"[[[8, 162], [15, 162]], [], [true, true]]",
4195,q,a,cx_stage2,,"[[[8, 162], [15, 162]], [], [true, true]]",
4196,q,a,cx_stage3,,"[[[8, 162], [15, 162]], [], [true, true]]",
4197,q,a,cx_stage1,,"[[[9, 165], [15, 165]], [], [true, true]]",
4198,q,a,cx_stage2,,"[[[9, 165], [15, 165]], [], [true, true]]",
4199,q,a,cx_stage3,,"[[[9, 165], [15, 165]], [], [true, true]]",
4200,q,a,p,,"[[[15, 166]], [], [true]]",
4201,q,a,cx_stage1,,"[[[9, 169], [15, 169]], [], [true, true]]",
4202,q,a,cx_stage2,,"[[[9, 169], [15, 169]], [], [true, true]]",
4203,q,a,cx_stage3,,"[[[9, 169], [15, 169]], [], [true, true]]",
4204,q,a,cx_stage1,,"[[[10, 172], [15, 172]], [], [true, true]]",
4205,q,a,cx_stage3,,"[[[10, 172], [15, 172]], [], [true, true]]",
4206,q,a,p,,"[[[15, 173]], [], [true]]",
4207,q,a,cx_stage1,,"[[[10, 176], [15, 176]], [], [true, true]]",
4208,q,a,cx_stage3,,"[[[10, 176], [15, 176]], [], [true, true]]",
4209,q,a,cx_stage1,,"[[[11, 179], [15, 179]], [], [true, true]]",
4210,q,a,cx_stage3,,"[[[11, 179], [15, 179]], [], [true, true]]",
4211,q,a,p,,"[[[15, 180]], [], [true]]",
4212,q,a,cx_stage1,,"[[[11, 183], [15, 183]], [], [true, true]]",
4213,q,a,cx_stage3,,"[[[11, 183], [15, 183]], [], [true, true]]",
4214,q,a,cx_stage1,,"[[[12, 186], [15, 186]], [], [true, true]]",
4215,q,a,cx_stage3,,"[[[12, 186], [15, 186]], [], [true, true]]",
4216,q,a,p,,"[[[15, 187]], [], [true]]",
4217,q,a,cx_stage1,,"[[[12, 190], [15, 190]], [], [true, true]]",
4218,q,a,cx_stage3,,"[[[12, 190], [15, 190]], [], [true, true]]",
4219,q,a,cx_stage1,,"[[[13, 193], [15, 193]], [], [true, true]]",
4220,q,a,cx_stage3,,"[[[13, 193], [15, 193]], [], [true, true]]",
4221,q,a,p,,"[[[15, 194]], [], [true]]",
4222,q,a,cx_stage1,,"[[[13, 197], [15, 197]], [], [true, true]]",
4223,q,a,cx_stage3,,"[[[13, 197], [15, 197]], [], [true, true]]",
4224,q,a,cx_stage1,,"[[[14, 200], [15, 200]], [], [true, true]]",
4225,q,a,cx_stage3,,"[[[14, 200], [15, 200]], [], [true, true]]",
4226,q,a,p,,"[[[15, 201]], [], [true]]",
4227,q,a,cx_stage1,,"[[[14, 204], [15, 204]], [], [true, true]]",
4228,q,a,cx_stage3,,"[[[14, 204], [15, 204]], [], [true, true]]",
4229,q,a,cx_stage1,,"[[[15, 214], [16, 214]], [], [true, true]]",
4230,q,a,cx_stage2,,"[[[15, 214], [16, 214]], [], [true, true]]",
4231,q,a,cx_stage3,,"[[[15, 214], [16, 214]], [], [true, true]]",
4232,q,a,cx_stage1,,"[[[15, 218], [16, 218]], [], [true, true]]",
4233,q,a,cx_stage2,,"[[[15, 218], [16, 218]], [], [true, true]]",
4234,q,a,cx_stage3,,"[[[15, 218], [16, 218]], [], [true, true]]",
4235,q,a,cx_stage1,,"[[[15, 221], [17, 221]], [], [true, true]]",
4236,q,a,cx_stage2,,"[[[15, 221], [17, 221]], [], [true, true]]",
4237,q,a,cx_stage3,,"[[[15, 221], [17, 221]], [], [true, true]]",
4238,q,a,cx_stage1,,"[[[15, 225], [17, 225]], [], [true, true]]",
4239,q,a,cx_stage2,,"[[[15, 225], [17, 225]], [], [true, true]]",
4240,q,a,cx_stage3,,"[[[15, 225], [17, 225]], [], [true, true]]",
4241,q,a,cx_stage1,,"[[[15, 228], [18, 228]], [], [true, true]]",
4242,q,a,cx_stage2,,"[[[15, 228], [18, 228]], [], [true, true]]",
4243,q,a,cx_stage3,,"[[[15, 228], [18, 228]], [], [true, true]]",
4244,q,a,cx_stage1,,"[[[15, 232], [18, 232]], [], [true, true]]",
4245,q,a,cx_stage2,,"[[[15, 232], [18, 232]], [], [true, true]]",
4246,q,a,cx_stage3,,"[[[15, 232], [18, 232]], [], [true, true]]",
4247,q,a,cx_stage1,,"[[[15, 235], [19, 235]], [], [true, true]]",
4248,q,a,cx_stage2,,"[[[15, 235], [19, 235]], [], [true, true]]",
4249,q,a,cx_stage3,,"[[[15, 235], [19, 235]], [], [true, true]]",
4250,q,a,cx_stage1,,"[[[15, 239], [19, 239]], [], [true, true]]",
4251,q,a,cx_stage2,,"[[[15, 239], [19, 239]], [], [true, true]]",
4252,q,a,cx_stage3,,"[[[15, 239], [19, 239]], [], [true, true]]",
4253,q,a,cx_stage1,,"[[[15, 242], [20, 242]], [], [true, true]]",
4254,q,a,cx_stage2,,"[[[15, 242], [20, 242]], [], [true, true]]",
4255,q,a,cx_stage3,,"[[[15, 242], [20, 242]], [], [true, true]]",
4256,q,a,cx_stage1,,"[[[15, 246], [20, 246]], [], [true, true]]",
4257,q,a,cx_stage2,,"[[[15, 246], [20, 246]], [], [true, true]]",
4258,q,a,cx_stage3,,"[[[15, 246], [20, 246]], [], [true, true]]",
4259,q,a,cx_stage1,,"[[[15, 249], [21, 249]], [], [true, true]]",
4260,q,a,cx_stage2,,"[[[15, 249], [21, 249]], [], [true, true]]",
4261,q,a,cx_stage3,,"[[[15, 249], [21, 249]], [], [true, true]]",
4262,q,a,cx_stage1,,"[[[15, 253], [21, 253]], [], [true, true]]",
4263,q,a,cx_stage2,,"[[[15, 253], [21, 253]], [], [true, true]]",
4264,q,a,cx_stage3,,"[[[15, 253], [21, 253]], [], [true, true]]",
4265,q,a,cx_stage1,,"[[[15, 256], [22, 256]], [], [true, true]]",
4266,q,a,cx_stage2,,"[[[15, 256], [22, 256]], [], [true, true]]",
4267,q,a,cx_stage3,,"[[[15, 256], [22, 256]], [], [true, true]]",
4268,q,a,cx_stage1,,"[[[15, 260], [22, 260]], [], [true, true]]",
4269,q,a,cx_stage2,,"[[[15, 260], [22, 260]], [], [true, true]]",
4270,q,a,cx_stage3,,"[[[15, 260], [22, 260]], [], [true, true]]",
4271,q,a,cx_stage1,,"[[[15, 263], [23, 263]], [], [true, true]]",
4272,q,a,cx_stage2,,"[[[15, 263], [23, 263]], [], [true, true]]",
4273,q,a,cx_stage3,,"[[[15, 263], [23, 263]], [], [true, true]]",
4274,q,a,cx_stage1,,"[[[15, 267], [23, 267]], [], [true, true]]",
4275,q,a,cx_stage2,,"[[[15, 267], [23, 267]], [], [true, true]]",
4276,q,a,cx_stage3,,"[[[15, 267], [23, 267]], [], [true, true]]",
4277,q,a,cx_stage1,,"[[[15, 270], [24, 270]], [], [true, true]]",
4278,q,a,cx_stage2,,"[[[15, 270], [24, 270]], [], [true, true]]",
4279,q,a,cx_stage3,,"[[[15, 270], [24, 270]], [], [true, true]]",
4280,q,a,cx_stage1,,"[[[15, 274], [24, 274]], [], [true, true]]",
4281,q,a,cx_stage2,,"[[[15, 274], [24, 274]], [], [true, true]]",
4282,q,a,cx_stage3,,"[[[15, 274], [24, 274]], [], [true, true]]",
4283,q,a,cx_stage1,,"[[[15, 277], [25, 277]], [], [true, true]]",
4284,q,a,cx_stage2,,"[[[15, 277], [25, 277]], [], [true, true]]",
4285,q,a,cx_stage3,,"[[[15, 277], [25, 277]], [], [true, true]]",
4286,q,a,cx_stage1,,"[[[15, 281], [25, 281]], [], [true, true]]",
4287,q,a,cx_stage2,,"[[[15, 281], [25, 281]], [], [true, true]]",
4288,q,a,cx_stage3,,"[[[15, 281], [25, 281]], [], [true, true]]",
4289,q,a,cx_stage1,,"[[[15, 284], [26, 284]], [], [true, true]]",
4290,q,a,cx_stage2,,"[[[15, 284], [26, 284]], [], [true, true]]",
4291,q,a,cx_stage3,,"[[[15, 284], [26, 284]], [], [true, true]]",
4292,q,a,cx_stage1,,"[[[15, 288], [26, 288]], [], [true, true]]",
4293,q,a,cx_stage2,,"[[[15, 288], [26, 288]], [], [true, true]]",
4294,q,a,cx_stage3,,"[[[15, 288], [26, 288]], [], [true, true]]",
4295,q,a,cx_stage1,,"[[[15, 291], [27, 291]], [], [true, true]]",
4296,q,a,cx_stage2,,"[[[15, 291], [27, 291]], [], [true, true]]",
4297,q,a,cx_stage3,,"[[[15, 291], [27, 291]], [], [true, true]]",
4298,q,a,cx_stage1,,"[[[15, 295], [27, 295]], [], [true, true]]",
4299,q,a,cx_stage2,,"[[[15, 295], [27, 295]], [], [true, true]]",
4300,q,a,cx_stage3,,"[[[15, 295], [27, 295]], [], [true, true]]",
4301,q,a,cx_stage1,,"[[[15, 298], [28, 298]], [], [true, true]]",
4302,q,a,cx_stage2,,"[[[15, 298], [28, 298]], [], [true, true]]",
4303,q,a,cx_stage3,,"[[[15, 298], [28, 298]], [], [true, true]]",
4304,q,a,cx_stage1,,"[[[15, 302], [28, 302]], [], [true, true]]",
4305,q,a,cx_stage2,,"[[[15, 302], [28, 302]], [], [true, true]]",
4306,q,a,cx_stage3,,"[[[15, 302], [28, 302]], [], [true, true]]",
4307,q,a,cx_stage1,,"[[[15, 305], [29, 305]], [], [true, true]]",
4308,q,a,cx_stage2,,"[[[15, 305], [29, 305]], [], [true, true]]",
4309,q,a,cx_stage3,,"[[[15, 305], [29, 305]], [], [true, true]]",
4310,q,a,cx_stage1,,"[[[15, 309], [29, 309]], [], [true, true]]",
4311,q,a,cx_stage2,,"[[[15, 309], [29, 309]], [], [true, true]]",
4312,q,a,cx_stage3,,"[[[15, 309], [29, 309]], [], [true, true]]",
4313,q,a,cx_stage1,,"[[[15, 312], [30, 312]], [], [true, true]]",
4314,q,a,cx_stage2,,"[[[15, 312], [30, 312]], [], [true, true]]",
4315,q,a,cx_stage3,,"[[[15, 312], [30, 312]], [], [true, true]]",
4316,q,a,cx_stage1,,"[[[15, 316], [30, 316]], [], [true, true]]",
4317,q,a,cx_stage2,,"[[[15, 316], [30, 316]], [], [true, true]]",
4318,q,a,cx_stage3,,"[[[15, 316], [30, 316]], [], [true, true]]",
4319,q,a,cx_stage1,,"[[[15, 319], [31, 319]], [], [true, true]]",
4320,q,a,cx_stage2,,"[[[15, 319], [31, 319]], [], [true, true]]",
4321,q,a,cx_stage3,,"[[[15, 319], [31, 319]], [], [true, true]]",
4322,q,a,cx_stage1,,"[[[15, 323], [31, 323]], [], [true, true]]",
4323,q,a,cx_stage2,,"[[[15, 323], [31, 323]], [], [true, true]]",
4324,q,a,cx_stage3,,"[[[15, 323], [31, 323]], [], [true, true]]",
4325,q,a,cx_stage1,,"[[[15, 326], [32, 326]], [], [true, true]]",
4326,q,a,cx_stage2,,"[[[15, 326], [32, 326]], [], [true, true]]",
4327,q,a,cx_stage3,,"[[[15, 326], [32, 326]], [], [true, true]]",
4328,q,a,cx_stage1,,"[[[15, 330], [32, 330]], [], [true, true]]",
4329,q,a,cx_stage2,,"[[[15, 330], [32, 330]], [], [true, true]]",
4330,q,a,cx_stage3,,"[[[15, 330], [32, 330]], [], [true, true]]",
4331,q,a,cx_stage1,,"[[[15, 333], [33, 333]], [], [true, true]]",
4332,q,a,cx_stage2,,"[[[15, 333], [33, 333]], [], [true, true]]",
4333,q,a,cx_stage3,,"[[[15, 333], [33, 333]], [], [true, true]]",
4334,q,a,cx_stage1,,"[[[15, 337], [33, 337]], [], [true, true]]",
4335,q,a,cx_stage2,,"[[[15, 337], [33, 337]], [], [true, true]]",
4336,q,a,cx_stage3,,"[[[15, 337], [33, 337]], [], [true, true]]",
4337,q,a,cx_stage1,,"[[[15, 340], [34, 340]], [], [true, true]]",
4338,q,a,cx_stage2,,"[[[15, 340], [34, 340]], [], [true, true]]",
4339,q,a,cx_stage3,,"[[[15, 340], [34, 340]], [], [true, true]]",
4340,q,a,cx_stage1,,"[[[15, 344], [34, 344]], [], [true, true]]",
4341,q,a,cx_stage2,,"[[[15, 344], [34, 344]], [], [true, true]]",
4342,q,a,cx_stage3,,"[[[15, 344], [34, 344]], [], [true, true]]",
4343,q,a,cx_stage1,,"[[[15, 347], [35, 347]], [], [true, true]]",
4344,q,a,cx_stage2,,"[[[15, 347], [35, 347]], [], [true, true]]",
4345,q,a,cx_stage3,,"[[[15, 347], [35, 347]], [], [true, true]]",
4346,q,a,cx_stage1,,"[[[15, 351], [35, 351]], [], [true, true]]",
4347,q,a,cx_stage2,,"[[[15, 351], [35, 351]], [], [true, true]]",
4348,q,a,cx_stage3,,"[[[15, 351], [35, 351]], [], [true, true]]",
4349,q,a,cx_stage1,,"[[[15, 354], [36, 354]], [], [true, true]]",
4350,q,a,cx_stage2,,"[[[15, 354], [36, 354]], [], [true, true]]",
4351,q,a,cx_stage3,,"[[[15, 354], [36, 354]], [], [true, true]]",
4352,q,a,cx_stage1,,"[[[15, 358], [36, 358]], [], [true, true]]",
4353,q,a,cx_stage2,,"[[[15, 358], [36, 358]], [], [true, true]]",
4354,q,a,cx_stage3,,"[[[15, 358], [36, 358]], [], [true, true]]",
4355,q,a,cx_stage1,,"[[[15, 361], [37, 361]], [], [true, true]]",
4356,q,a,cx_stage2,,"[[[15, 361], [37, 361]], [], [true, true]]",
4357,q,a,cx_stage3,,"[[[15, 361], [37, 361]], [], [true, true]]",
4358,q,a,cx_stage1,,"[[[15, 365], [37, 365]], [], [true, true]]",
4359,q,a,cx_stage2,,"[[[15, 365], [37, 365]], [], [true, true]]",
4360,q,a,cx_stage3,,"[[[15, 365], [37, 365]], [], [true, true]]",
4361,q,a,cx_stage1,,"[[[15, 368], [38, 368]], [], [true, true]]",
4362,q,a,cx_stage2,,"[[[15, 368], [38, 368]], [], [true, true]]",
4363,q,a,cx_stage3,,"[[[15, 368], [38, 368]], [], [true, true]]",
4364,q,a,cx_stage1,,"[[[15, 372], [38, 372]], [], [true, true]]",
4365,q,a,cx_stage2,,"[[[15, 372], [38, 372]], [], [true, true]]",
4366,q,a,cx_stage3,,"[[[15, 372], [38, 372]], [], [true, true]]",
4367,q,a,cx_stage1,,"[[[15, 375], [39, 375]], [], [true, true]]",
4368,q,a,cx_stage2,,"[[[15, 375], [39, 375]], [], [true, true]]",
4369,q,a,cx_stage3,,"[[[15, 375], [39, 375]], [], [true, true]]",
4370,q,a,cx_stage1,,"[[[15, 379], [39, 379]], [], [true, true]]",
4371,q,a,cx_stage2,,"[[[15, 379], [39, 379]], [], [true, true]]",
4372,q,a,cx_stage3,,"[[[15, 379], [39, 379]], [], [true, true]]",
4373,q,a,cx_stage1,,"[[[15, 382], [40, 382]], [], [true, true]]",
4374,q,a,cx_stage2,,"[[[15, 382], [40, 382]], [], [true, true]]",
4375,q,a,cx_stage3,,"[[[15, 382], [40, 382]], [], [true, true]]",
4376,q,a,cx_stage1,,"[[[15, 386], [40, 386]], [], [true, true]]",
4377,q,a,cx_stage2,,"[[[15, 386], [40, 386]], [], [true, true]]",
4378,q,a,cx_stage3,,"[[[15, 386], [40, 386]], [], [true, true]]",
4379,q,a,cx_stage1,,"[[[15, 389], [41, 389]], [], [true, true]]",
4380,q,a,cx_stage2,,"[[[15, 389], [41, 389]], [], [true, true]]",
4381,q,a,cx_stage3,,"[[[15, 389], [41, 389]], [], [true, true]]",
4382,q,a,cx_stage1,,"[[[15, 393], [41, 393]], [], [true, true]]",
4383,q,a,cx_stage2,,"[[[15, 393], [41, 393]], [], [true, true]]",
4384,q,a,cx_stage3,,"[[[15, 393], [41, 393]], [], [true, true]]",
4385,q,a,cx_stage1,,"[[[15, 396], [42, 396]], [], [true, true]]",
4386,q,a,cx_stage2,,"[[[15, 396], [42, 396]], [], [true, true]]",
4387,q,a,cx_stage3,,"[[[15, 396], [42, 396]], [], [true, true]]",
4388,q,a,cx_stage1,,"[[[15, 400], [42, 400]], [], [true, true]]",
4389,q,a,cx_stage2,,"[[[15, 400], [42, 400]], [], [true, true]]",
4390,q,a,cx_stage3,,"[[[15, 400], [42, 400]], [], [true, true]]",
4391,q,a,cx_stage1,,"[[[15, 403], [43, 403]], [], [true, true]]",
4392,q,a,cx_stage2,,"[[[15, 403], [43, 403]], [], [true, true]]",
4393,q,a,cx_stage3,,"[[[15, 403], [43, 403]], [], [true, true]]",
4394,q,a,cx_stage1,,"[[[15, 407], [43, 407]], [], [true, true]]",
4395,q,a,cx_stage2,,"[[[15, 407], [43, 407]], [], [true, true]]",
4396,q,a,cx_stage3,,"[[[15, 407], [43, 407]], [], [true, true]]",
4397,q,a,cx_stage1,,"[[[15, 410], [44, 410]], [], [true, true]]",
4398,q,a,cx_stage2,,"[[[15, 410], [44, 410]], [], [true, true]]",
4399,q,a,cx_stage3,,"[[[15, 410], [44, 410]], [], [true, true]]",
4400,q,a,cx_stage1,,"[[[15, 414], [44, 414]], [], [true, true]]",
4401,q,a,cx_stage2,,"[[[15, 414], [44, 414]], [], [true, true]]",
4402,q,a,cx_stage3,,"[[[15, 414], [44, 414]], [], [true, true]]",
4403,q,a,cx_stage1,,"[[[15, 417], [45, 417]], [], [true, true]]",
4404,q,a,cx_stage2,,"[[[15, 417], [45, 417]], [], [true, true]]",
4405,q,a,cx_stage3,,"[[[15, 417], [45, 417]], [], [true, true]]",
4406,q,a,cx_stage1,,"[[[15, 421], [45, 421]], [], [true, true]]",
4407,q,a,cx_stage2,,"[[[15, 421], [45, 421]], [], [true, true]]",
4408,q,a,cx_stage3,,"[[[15, 421], [45, 421]], [], [true, true]]",
4409,q,a,cx_stage1,,"[[[15, 424], [46, 424]], [], [true, true]]",
4410,q,a,cx_stage2,,"[[[15, 424], [46, 424]], [], [true, true]]",
4411,q,a,cx_stage3,,"[[[15, 424], [46, 424]], [], [true, true]]",
4412,q,a,cx_stage1,,"[[[15, 428], [46, 428]], [], [true, true]]",
4413,q,a,cx_stage2,,"[[[15, 428], [46, 428]], [], [true, true]]",
4414,q,a,cx_stage3,,"[[[15, 428], [46, 428]], [], [true, true]]",
4415,q,a,cx_stage1,,"[[[15, 431], [47, 431]], [], [true, true]]",
4416,q,a,cx_stage2,,"[[[15, 431], [47, 431]], [], [true, true]]",
4417,q,a,cx_stage3,,"[[[15, 431], [47, 431]], [], [true, true]]",
4418,q,a,cx_stage1,,"[[[15, 435], [47, 435]], [], [true, true]]",
4419,q,a,cx_stage2,,"[[[15, 435], [47, 435]], [], [true, true]]",
4420,q,a,cx_stage3,,"[[[15, 435], [47, 435]], [], [true, true]]",
4421,q,a,cx_stage1,,"[[[15, 438], [48, 438]], [], [true, true]]",
4422,q,a,cx_stage2,,"[[[15, 438], [48, 438]], [], [true, true]]",
4423,q,a,cx_stage3,,"[[[15, 438], [48, 438]], [], [true, true]]",
4424,q,a,cx_stage1,,"[[[15, 442], [48, 442]], [], [true, true]]",
4425,q,a,cx_stage2,,"[[[15, 442], [48, 442]], [], [true, true]]",
4426,q,a,cx_stage3,,"[[[15, 442], [48, 442]], [], [true, true]]",
4427,q,a,cx_stage1,,"[[[15, 445], [49, 445]], [], [true, true]]",
4428,q,a,cx_stage2,,"[[[15, 445], [49, 445]], [], [true, true]]",
4429,q,a,cx_stage3,,"[[[15, 445], [49, 445]], [], [true, true]]",
4430,q,a,cx_stage1,,"[[[15, 449], [49, 449]], [], [true, true]]",
4431,q,a,cx_stage2,,"[[[15, 449], [49, 449]], [], [true, true]]",
4432,q,a,cx_stage3,,"[[[15, 449], [49, 449]], [], [true, true]]",
4433,q,a,cx_stage1,,"[[[15, 452], [50, 452]], [], [true, true]]",
4434,q,a,cx_stage2,,"[[[15, 452], [50, 452]], [], [true, true]]",
4435,q,a,cx_stage3,,"[[[15, 452], [50, 452]], [], [true, true]]",
4436,q,a,cx_stage1,,"[[[15, 456], [50, 456]], [], [true, true]]",
4437,q,a,cx_stage2,,"[[[15, 456], [50, 456]], [], [true, true]]",
4438,q,a,cx_stage3,,"[[[15, 456], [50, 456]], [], [true, true]]",
4439,q,a,cx_stage1,,"[[[15, 459], [51, 459]], [], [true, true]]",
4440,q,a,cx_stage2,,"[[[15, 459], [51, 459]], [], [true, true]]",
4441,q,a,cx_stage3,,"[[[15, 459], [51, 459]], [], [true, true]]",
4442,q,a,cx_stage1,,"[[[15, 463], [51, 463]], [], [true, true]]",
4443,q,a,cx_stage2,,"[[[15, 463], [51, 463]], [], [true, true]]",
4444,q,a,cx_stage3,,"[[[15, 463], [51, 463]], [], [true, true]]",
4445,q,a,cx_stage1,,"[[[15, 466], [52, 466]], [], [true, true]]",
4446,q,a,cx_stage2,,"[[[15, 466], [52, 466]], [], [true, true]]",
4447,q,a,cx_stage3,,"[[[15, 466], [52, 466]], [], [true, true]]",
4448,q,a,cx_stage1,,"[[[15, 470], [52, 470]], [], [true, true]]",
4449,q,a,cx_stage2,,"[[[15, 470], [52, 470]], [], [true, true]]",
4450,q,a,cx_stage3,,"[[[15, 470], [52, 470]], [], [true, true]]",
4451,q,a,cx_stage1,,"[[[15, 473], [53, 473]], [], [true, true]]",
4452,q,a,cx_stage2,,"[[[15, 473], [53, 473]], [], [true, true]]",
4453,q,a,cx_stage3,,"[[[15, 473], [53, 473]], [], [true, true]]",
4454,q,a,cx_stage1,,"[[[15, 477], [53, 477]], [], [true, true]]",
4455,q,a,cx_stage2,,"[[[15, 477], [53, 477]], [], [true, true]]",
4456,q,a,cx_stage3,,"[[[15, 477], [53, 477]], [], [true, true]]",
4457,q,a,cx_stage1,,"[[[15, 480], [54, 480]], [], [true, true]]",
4458,q,a,cx_stage2,,"[[[15, 480], [54, 480]], [], [true, true]]",
4459,q,a,cx_stage3,,"[[[15, 480], [54, 480]], [], [true, true]]",
4460,q,a,cx_stage1,,"[[[15, 484], [54, 484]], [], [true, true]]",
4461,q,a,cx_stage2,,"[[[15, 484], [54, 484]], [], [true, true]]",
4462,q,a,cx_stage3,,"[[[15, 484], [54, 484]], [], [true, true]]",
4463,q,a,cx_stage1,,"[[[15, 487], [55, 487]], [], [true, true]]",
4464,q,a,cx_stage2,,"[[[15, 487], [55, 487]], [], [true, true]]",
4465,q,a,cx_stage3,,"[[[15, 487], [55, 487]], [], [true, true]]",
4466,q,a,cx_stage1,,"[[[15, 491], [55, 491]], [], [true, true]]",
4467,q,a,cx_stage2,,"[[[15, 491], [55, 491]], [], [true, true]]",
4468,q,a,cx_stage3,,"[[[15, 491], [55, 491]], [], [true, true]]",
4469,q,a,u2,,"[[[15, 492]], [], [true]]",
4470,q,a,cx_stage1,,"[[[0, 495], [15, 495]], [], [true, true]]",
4471,q,a,cx_stage3,,"[[[0, 495], [15, 495]], [], [true, true]]",
4472,q,a,p,,"[[[15, 496]], [], [true]]",
4473,q,a,cx_stage1,,"[[[0, 499], [15, 499]], [], [true, true]]",
4474,q,a,cx_stage3,,"[[[0, 499], [15, 499]], [], [true, true]]",
4475,q,a,cx_stage1,,"[[[1, 502], [15, 502]], [], [true, true]]",
4476,q,a,cx_stage2,,"[[[1, 502], [15, 502]], [], [true, true]]",
4477,q,a,cx_stage3,,"[[[1, 502], [15, 502]], [], [true, true]]",
4478,q,a,p,,"[[[15, 503]], [], [true]]",
4479,q,a,cx_stage1,,"[[[1, 506], [15, 506]], [], [true, true]]",
4480,q,a,cx_stage2,,"[[[1, 506], [15, 506]], [], [true, true]]",
4481,q,a,cx_stage3,,"[[[1, 506], [15, 506]], [], [true, true]]",
4482,q,a,cx_stage1,,"[[[2, 509], [15, 509]], [], [true, true]]",
4483,q,a,cx_stage2,,"[[[2, 509], [15, 509]], [], [true, true]]",
4484,q,a,cx_stage3,,"[[[2, 509], [15, 509]], [], [true, true]]",
4485,q,a,p,,"[[[15, 510]], [], [true]]",
4486,q,a,cx_stage1,,"[[[2, 513], [15, 513]], [], [true, true]]",
4487,q,a,cx_stage2,,"[[[2, 513], [15, 513]], [], [true, true]]",
4488,q,a,cx_stage3,,"[[[2, 513], [15, 513]], [], [true, true]]",
4489,q,a,cx_stage1,,"[[[3, 516], [15, 516]], [], [true, true]]",
4490,q,a,cx_stage2,,"[[[3, 516], [15, 516]], [], [true, true]]",
4491,q,a,cx_stage3,,"[[[3, 516], [15, 516]], [], [true, true]]",
4492,q,a,p,,"[[[15, 517]], [], [true]]",
4493,q,a,cx_stage1,,"[[[3, 520], [15, 520]], [], [true, true]]",
4494,q,a,cx_stage2,,"[[[3, 520], [15, 520]], [], [true, true]]",
4495,q,a,cx_stage3,,"[[[3, 520], [15, 520]], [], [true, true]]",
4496,q,a,cx_stage1,,"[[[4, 523], [15, 523]], [], [true, true]]",
4497,q,a,cx_stage2,,"[[[4, 523], [15, 523]], [], [true, true]]",
4498,q,a,cx_stage3,,"[[[4, 523], [15, 523]], [], [true, true]]",
4499,q,a,p,,"[[[15, 524]], [], [true]]",
4500,q,a,cx_stage1,,"[[[4, 527], [15, 527]], [], [true, true]]",
4501,q,a,cx_stage2,,"[[[4, 527], [15, 527]], [], [true, true]]",
4502,q,a,cx_stage3,,"[[[4, 527], [15, 527]], [], [true, true]]",
4503,q,a,cx_stage1,,"[[[5, 530], [15, 530]], [], [true, true]]",
4504,q,a,cx_stage2,,"[[[5, 530], [15, 530]], [], [true, true]]",
4505,q,a,cx_stage3,,"[[[5, 530], [15, 530]], [], [true, true]]",
4506,q,a,p,,"[[[15, 531]], [], [true]]",
4507,q,a,cx_stage1,,"[[[5, 534], [15, 534]], [], [true, true]]",
4508,q,a,cx_stage2,,"[[[5, 534], [15, 534]], [], [true, true]]",
4509,q,a,cx_stage3,,"[[[5, 534], [15, 534]], [], [true, true]]",
4510,q,a,cx_stage1,,"[[[6, 537], [15, 537]], [], [true, true]]",
4511,q,a,cx_stage2,,"[[[6, 537], [15, 537]], [], [true, true]]",
4512,q,a,cx_stage3,,"[[[6, 537], [15, 537]], [], [true, true]]",
4513,q,a,p,,"[[[15, 538]], [], [true]]",
4514,q,a,cx_stage1,,"[[[6, 541], [15, 541]], [], [true, true]]",
4515,q,a,cx_stage2,,"[[[6, 541], [15, 541]], [], [true, true]]",
4516,q,a,cx_stage3,,"[[[6, 541], [15, 541]], [], [true, true]]",
4517,q,a,cx_stage1,,"[[[7, 544], [15, 544]], [], [true, true]]",
4518,q,a,cx_stage2,,"[[[7, 544], [15, 544]], [], [true, true]]",
4519,q,a,cx_stage3,,"[[[7, 544], [15, 544]], [], [true, true]]",
4520,q,a,p,,"[[[15, 545]], [], [true]]",
4521,q,a,cx_stage1,,"[[[7, 548], [15, 548]], [], [true, true]]",
4522,q,a,cx_stage2,,"[[[7, 548], [15, 548]], [], [true, true]]",
4523,q,a,cx_stage3,,"[[[7, 548], [15, 548]], [], [true, true]]",
4524,q,a,cx_stage1,,"[[[8, 551], [15, 551]], [], [true, true]]",
4525,q,a,cx_stage2,,"[[[8, 551], [15, 551]], [], [true, true]]",
4526,q,a,cx_stage3,,"[[[8, 551], [15, 551]], [], [true, true]]",
4527,q,a,p,,"[[[15, 552]], [], [true]]",
4528,q,a,cx_stage1,,"[[[8, 555], [15, 555]], [], [true, true]]",
4529,q,a,cx_stage2,,"[[[8, 555], [15, 555]], [], [true, true]]",
4530,q,a,cx_stage3,,"[[[8, 555], [15, 555]], [], [true, true]]",
4531,q,a,cx_stage1,,"[[[9, 558], [15, 558]], [], [true, true]]",
4532,q,a,cx_stage2,,"[[[9, 558], [15, 558]], [], [true, true]]",
4533,q,a,cx_stage3,,"[[[9, 558], [15, 558]], [], [true, true]]",
4534,q,a,p,,"[[[15, 559]], [], [true]]",
4535,q,a,cx_stage1,,"[[[9, 562], [15, 562]], [], [true, true]]",
4536,q,a,cx_stage2,,"[[[9, 562], [15, 562]], [], [true, true]]",
4537,q,a,cx_stage3,,"[[[9, 562], [15, 562]], [], [true, true]]",
4538,q,a,cx_stage1,,"[[[10, 565], [15, 565]], [], [true, true]]",
4539,q,a,cx_stage3,,"[[[10, 565], [15, 565]], [], [true, true]]",
4540,q,a,p,,"[[[15, 566]], [], [true]]",
4541,q,a,cx_stage1,,"[[[10, 569], [15, 569]], [], [true, true]]",
4542,q,a,cx_stage3,,"[[[10, 569], [15, 569]], [], [true, true]]",
4543,q,a,cx_stage1,,"[[[11, 572], [15, 572]], [], [true, true]]",
4544,q,a,cx_stage3,,"[[[11, 572], [15, 572]], [], [true, true]]",
4545,q,a,p,,"[[[15, 573]], [], [true]]",
4546,q,a,cx_stage1,,"[[[11, 576], [15, 576]], [], [true, true]]",
4547,q,a,cx_stage3,,"[[[11, 576], [15, 576]], [], [true, true]]",
4548,q,a,cx_stage1,,"[[[12, 579], [15, 579]], [], [true, true]]",
4549,q,a,cx_stage3,,"[[[12, 579], [15, 579]], [], [true, true]]",
4550,q,a,p,,"[[[15, 580]], [], [true]]",
4551,q,a,cx_stage1,,"[[[12, 583], [15, 583]], [], [true, true]]",
4552,q,a,cx_stage3,,"[[[12, 583], [15, 583]], [], [true, true]]",
4553,q,a,cx_stage1,,"[[[13, 586], [15, 586]], [], [true, true]]",
4554,q,a,cx_stage3,,"[[[13, 586], [15, 586]], [], [true, true]]",
4555,q,a,p,,"[[[15, 587]], [], [true]]",
4556,q,a,cx_stage1,,"[[[13, 590], [15, 590]], [], [true, true]]",
4557,q,a,cx_stage3,,"[[[13, 590], [15, 590]], [], [true, true]]",
4558,q,a,cx_stage1,,"[[[14, 593], [15, 593]], [], [true, true]]",
4559,q,a,cx_stage3,,"[[[14, 593], [15, 593]], [], [true, true]]",
4560,q,a,p,,"[[[15, 594]], [], [true]]",
4561,q,a,cx_stage1,,"[[[14, 597], [15, 597]], [], [true, true]]",
4562,q,a,cx_stage3,,"[[[14, 597], [15, 597]], [], [true, true]]",
4563,q,a,cx_stage1,,"[[[15, 607], [16, 607]], [], [true, true]]",
4564,q,a,cx_stage2,,"[[[15, 607], [16, 607]], [], [true, true]]",
4565,q,a,cx_stage3,,"[[[15, 607], [16, 607]], [], [true, true]]",
4566,q,a,cx_stage1,,"[[[15, 611], [16, 611]], [], [true, true]]",
4567,q,a,cx_stage2,,"[[[15, 611], [16, 611]], [], [true, true]]",
4568,q,a,cx_stage3,,"[[[15, 611], [16, 611]], [], [true, true]]",
4569,q,a,cx_stage1,,"[[[15, 614], [17, 614]], [], [true, true]]",
4570,q,a,cx_stage2,,"[[[15, 614], [17, 614]], [], [true, true]]",
4571,q,a,cx_stage3,,"[[[15, 614], [17, 614]], [], [true, true]]",
4572,q,a,cx_stage1,,"[[[15, 618], [17, 618]], [], [true, true]]",
4573,q,a,cx_stage2,,"[[[15, 618], [17, 618]], [], [true, true]]",
4574,q,a,cx_stage3,,"[[[15, 618], [17, 618]], [], [true, true]]",
4575,q,a,cx_stage1,,"[[[15, 621], [18, 621]], [], [true, true]]",
4576,q,a,cx_stage2,,"[[[15, 621], [18, 621]], [], [true, true]]",
4577,q,a,cx_stage3,,"[[[15, 621], [18, 621]], [], [true, true]]",
4578,q,a,cx_stage1,,"[[[15, 625], [18, 625]], [], [true, true]]",
4579,q,a,cx_stage2,,"[[[15, 625], [18, 625]], [], [true, true]]",
4580,q,a,cx_stage3,,"[[[15, 625], [18, 625]], [], [true, true]]",
4581,q,a,cx_stage1,,"[[[15, 628], [19, 628]], [], [true, true]]",
4582,q,a,cx_stage2,,"[[[15, 628], [19, 628]], [], [true, true]]",
4583,q,a,cx_stage3,,"[[[15, 628], [19, 628]], [], [true, true]]",
4584,q,a,cx_stage1,,"[[[15, 632], [19, 632]], [], [true, true]]",
4585,q,a,cx_stage2,,"[[[15, 632], [19, 632]], [], [true, true]]",
4586,q,a,cx_stage3,,"[[[15, 632], [19, 632]], [], [true, true]]",
4587,q,a,cx_stage1,,"[[[15, 635], [20, 635]], [], [true, true]]",
4588,q,a,cx_stage2,,"[[[15, 635], [20, 635]], [], [true, true]]",
4589,q,a,cx_stage3,,"[[[15, 635], [20, 635]], [], [true, true]]",
4590,q,a,cx_stage1,,"[[[15, 639], [20, 639]], [], [true, true]]",
4591,q,a,cx_stage2,,"[[[15, 639], [20, 639]], [], [true, true]]",
4592,q,a,cx_stage3,,"[[[15, 639], [20, 639]], [], [true, true]]",
4593,q,a,cx_stage1,,"[[[15, 642], [21, 642]], [], [true, true]]",
4594,q,a,cx_stage2,,"[[[15, 642], [21, 642]], [], [true, true]]",
4595,q,a,cx_stage3,,"[[[15, 642], [21, 642]], [], [true, true]]",
4596,q,a,cx_stage1,,"[[[15, 646], [21, 646]], [], [true, true]]",
4597,q,a,cx_stage2,,"[[[15, 646], [21, 646]], [], [true, true]]",
4598,q,a,cx_stage3,,"[[[15, 646], [21, 646]], [], [true, true]]",
4599,q,a,cx_stage1,,"[[[15, 649], [22, 649]], [], [true, true]]",
4600,q,a,cx_stage2,,"[[[15, 649], [22, 649]], [], [true, true]]",
4601,q,a,cx_stage3,,"[[[15, 649], [22, 649]], [], [true, true]]",
4602,q,a,cx_stage1,,"[[[15, 653], [22, 653]], [], [true, true]]",
4603,q,a,cx_stage2,,"[[[15, 653], [22, 653]], [], [true, true]]",
4604,q,a,cx_stage3,,"[[[15, 653], [22, 653]], [], [true, true]]",
4605,q,a,cx_stage1,,"[[[15, 656], [23, 656]], [], [true, true]]",
4606,q,a,cx_stage2,,"[[[15, 656], [23, 656]], [], [true, true]]",
4607,q,a,cx_stage3,,"[[[15, 656], [23, 656]], [], [true, true]]",
4608,q,a,cx_stage1,,"[[[15, 660], [23, 660]], [], [true, true]]",
4609,q,a,cx_stage2,,"[[[15, 660], [23, 660]], [], [true, true]]",
4610,q,a,cx_stage3,,"[[[15, 660], [23, 660]], [], [true, true]]",
4611,q,a,cx_stage1,,"[[[15, 663], [24, 663]], [], [true, true]]",
4612,q,a,cx_stage2,,"[[[15, 663], [24, 663]], [], [true, true]]",
4613,q,a,cx_stage3,,"[[[15, 663], [24, 663]], [], [true, true]]",
4614,q,a,cx_stage1,,"[[[15, 667], [24, 667]], [], [true, true]]",
4615,q,a,cx_stage2,,"[[[15, 667], [24, 667]], [], [true, true]]",
4616,q,a,cx_stage3,,"[[[15, 667], [24, 667]], [], [true, true]]",
4617,q,a,cx_stage1,,"[[[15, 670], [25, 670]], [], [true, true]]",
4618,q,a,cx_stage2,,"[[[15, 670], [25, 670]], [], [true, true]]",
4619,q,a,cx_stage3,,"[[[15, 670], [25, 670]], [], [true, true]]",
4620,q,a,cx_stage1,,"[[[15, 674], [25, 674]], [], [true, true]]",
4621,q,a,cx_stage2,,"[[[15, 674], [25, 674]], [], [true, true]]",
4622,q,a,cx_stage3,,"[[[15, 674], [25, 674]], [], [true, true]]",
4623,q,a,cx_stage1,,"[[[15, 677], [26, 677]], [], [true, true]]",
4624,q,a,cx_stage2,,"[[[15, 677], [26, 677]], [], [true, true]]",
4625,q,a,cx_stage3,,"[[[15, 677], [26, 677]], [], [true, true]]",
4626,q,a,cx_stage1,,"[[[15, 681], [26, 681]], [], [true, true]]",
4627,q,a,cx_stage2,,"[[[15, 681], [26, 681]], [], [true, true]]",
4628,q,a,cx_stage3,,"[[[15, 681], [26, 681]], [], [true, true]]",
4629,q,a,cx_stage1,,"[[[15, 684], [27, 684]], [], [true, true]]",
4630,q,a,cx_stage2,,"[[[15, 684], [27, 684]], [], [true, true]]",
4631,q,a,cx_stage3,,"[[[15, 684], [27, 684]], [], [true, true]]",
4632,q,a,cx_stage1,,"[[[15, 688], [27, 688]], [], [true, true]]",
4633,q,a,cx_stage2,,"[[[15, 688], [27, 688]], [], [true, true]]",
4634,q,a,cx_stage3,,"[[[15, 688], [27, 688]], [], [true, true]]",
4635,q,a,cx_stage1,,"[[[15, 691], [28, 691]], [], [true, true]]",
4636,q,a,cx_stage2,,"[[[15, 691], [28, 691]], [], [true, true]]",
4637,q,a,cx_stage3,,"[[[15, 691], [28, 691]], [], [true, true]]",
4638,q,a,cx_stage1,,"[[[15, 695], [28, 695]], [], [true, true]]",
4639,q,a,cx_stage2,,"[[[15, 695], [28, 695]], [], [true, true]]",
4640,q,a,cx_stage3,,"[[[15, 695], [28, 695]], [], [true, true]]",
4641,q,a,cx_stage1,,"[[[15, 698], [29, 698]], [], [true, true]]",
4642,q,a,cx_stage2,,"[[[15, 698], [29, 698]], [], [true, true]]",
4643,q,a,cx_stage3,,"[[[15, 698], [29, 698]], [], [true, true]]",
4644,q,a,cx_stage1,,"[[[15, 702], [29, 702]], [], [true, true]]",
4645,q,a,cx_stage2,,"[[[15, 702], [29, 702]], [], [true, true]]",
4646,q,a,cx_stage3,,"[[[15, 702], [29, 702]], [], [true, true]]",
4647,q,a,cx_stage1,,"[[[15, 705], [30, 705]], [], [true, true]]",
4648,q,a,cx_stage2,,"[[[15, 705], [30, 705]], [], [true, true]]",
4649,q,a,cx_stage3,,"[[[15, 705], [30, 705]], [], [true, true]]",
4650,q,a,cx_stage1,,"[[[15, 709], [30, 709]], [], [true, true]]",
4651,q,a,cx_stage2,,"[[[15, 709], [30, 709]], [], [true, true]]",
4652,q,a,cx_stage3,,"[[[15, 709], [30, 709]], [], [true, true]]",
4653,q,a,cx_stage1,,"[[[15, 712], [31, 712]], [], [true, true]]",
4654,q,a,cx_stage2,,"[[[15, 712], [31, 712]], [], [true, true]]",
4655,q,a,cx_stage3,,"[[[15, 712], [31, 712]], [], [true, true]]",
4656,q,a,cx_stage1,,"[[[15, 716], [31, 716]], [], [true, true]]",
4657,q,a,cx_stage2,,"[[[15, 716], [31, 716]], [], [true, true]]",
4658,q,a,cx_stage3,,"[[[15, 716], [31, 716]], [], [true, true]]",
4659,q,a,cx_stage1,,"[[[15, 719], [32, 719]], [], [true, true]]",
4660,q,a,cx_stage2,,"[[[15, 719], [32, 719]], [], [true, true]]",
4661,q,a,cx_stage3,,"[[[15, 719], [32, 719]], [], [true, true]]",
4662,q,a,cx_stage1,,"[[[15, 723], [32, 723]], [], [true, true]]",
4663,q,a,cx_stage2,,"[[[15, 723], [32, 723]], [], [true, true]]",
4664,q,a,cx_stage3,,"[[[15, 723], [32, 723]], [], [true, true]]",
4665,q,a,cx_stage1,,"[[[15, 726], [33, 726]], [], [true, true]]",
4666,q,a,cx_stage2,,"[[[15, 726], [33, 726]], [], [true, true]]",
4667,q,a,cx_stage3,,"[[[15, 726], [33, 726]], [], [true, true]]",
4668,q,a,cx_stage1,,"[[[15, 730], [33, 730]], [], [true, true]]",
4669,q,a,cx_stage2,,"[[[15, 730], [33, 730]], [], [true, true]]",
4670,q,a,cx_stage3,,"[[[15, 730], [33, 730]], [], [true, true]]",
4671,q,a,cx_stage1,,"[[[15, 733], [34, 733]], [], [true, true]]",
4672,q,a,cx_stage2,,"[[[15, 733], [34, 733]], [], [true, true]]",
4673,q,a,cx_stage3,,"[[[15, 733], [34, 733]], [], [true, true]]",
4674,q,a,cx_stage1,,"[[[15, 737], [34, 737]], [], [true, true]]",
4675,q,a,cx_stage2,,"[[[15, 737], [34, 737]], [], [true, true]]",
4676,q,a,cx_stage3,,"[[[15, 737], [34, 737]], [], [true, true]]",
4677,q,a,cx_stage1,,"[[[15, 740], [35, 740]], [], [true, true]]",
4678,q,a,cx_stage2,,"[[[15, 740], [35, 740]], [], [true, true]]",
4679,q,a,cx_stage3,,"[[[15, 740], [35, 740]], [], [true, true]]",
4680,q,a,cx_stage1,,"[[[15, 744], [35, 744]], [], [true, true]]",
4681,q,a,cx_stage2,,"[[[15, 744], [35, 744]], [], [true, true]]",
4682,q,a,cx_stage3,,"[[[15, 744], [35, 744]], [], [true, true]]",
4683,q,a,cx_stage1,,"[[[15, 747], [36, 747]], [], [true, true]]",
4684,q,a,cx_stage2,,"[[[15, 747], [36, 747]], [], [true, true]]",
4685,q,a,cx_stage3,,"[[[15, 747], [36, 747]], [], [true, true]]",
4686,q,a,cx_stage1,,"[[[15, 751], [36, 751]], [], [true, true]]",
4687,q,a,cx_stage2,,"[[[15, 751], [36, 751]], [], [true, true]]",
4688,q,a,cx_stage3,,"[[[15, 751], [36, 751]], [], [true, true]]",
4689,q,a,cx_stage1,,"[[[15, 754], [37, 754]], [], [true, true]]",
4690,q,a,cx_stage2,,"[[[15, 754], [37, 754]], [], [true, true]]",
4691,q,a,cx_stage3,,"[[[15, 754], [37, 754]], [], [true, true]]",
4692,q,a,cx_stage1,,"[[[15, 758], [37, 758]], [], [true, true]]",
4693,q,a,cx_stage2,,"[[[15, 758], [37, 758]], [], [true, true]]",
4694,q,a,cx_stage3,,"[[[15, 758], [37, 758]], [], [true, true]]",
4695,q,a,cx_stage1,,"[[[15, 761], [38, 761]], [], [true, true]]",
4696,q,a,cx_stage2,,"[[[15, 761], [38, 761]], [], [true, true]]",
4697,q,a,cx_stage3,,"[[[15, 761], [38, 761]], [], [true, true]]",
4698,q,a,cx_stage1,,"[[[15, 765], [38, 765]], [], [true, true]]",
4699,q,a,cx_stage2,,"[[[15, 765], [38, 765]], [], [true, true]]",
4700,q,a,cx_stage3,,"[[[15, 765], [38, 765]], [], [true, true]]",
4701,q,a,cx_stage1,,"[[[15, 768], [39, 768]], [], [true, true]]",
4702,q,a,cx_stage2,,"[[[15, 768], [39, 768]], [], [true, true]]",
4703,q,a,cx_stage3,,"[[[15, 768], [39, 768]], [], [true, true]]",
4704,q,a,cx_stage1,,"[[[15, 772], [39, 772]], [], [true, true]]",
4705,q,a,cx_stage2,,"[[[15, 772], [39, 772]], [], [true, true]]",
4706,q,a,cx_stage3,,"[[[15, 772], [39, 772]], [], [true, true]]",
4707,q,a,cx_stage1,,"[[[15, 775], [40, 775]], [], [true, true]]",
4708,q,a,cx_stage2,,"[[[15, 775], [40, 775]], [], [true, true]]",
4709,q,a,cx_stage3,,"[[[15, 775], [40, 775]], [], [true, true]]",
4710,q,a,cx_stage1,,"[[[15, 779], [40, 779]], [], [true, true]]",
4711,q,a,cx_stage2,,"[[[15, 779], [40, 779]], [], [true, true]]",
4712,q,a,cx_stage3,,"[[[15, 779], [40, 779]], [], [true, true]]",
4713,q,a,cx_stage1,,"[[[15, 782], [41, 782]], [], [true, true]]",
4714,q,a,cx_stage2,,"[[[15, 782], [41, 782]], [], [true, true]]",
4715,q,a,cx_stage3,,"[[[15, 782], [41, 782]], [], [true, true]]",
4716,q,a,cx_stage1,,"[[[15, 786], [41, 786]], [], [true, true]]",
4717,q,a,cx_stage2,,"[[[15, 786], [41, 786]], [], [true, true]]",
4718,q,a,cx_stage3,,"[[[15, 786], [41, 786]], [], [true, true]]",
4719,q,a,cx_stage1,,"[[[15, 789], [42, 789]], [], [true, true]]",
4720,q,a,cx_stage2,,"[[[15, 789], [42, 789]], [], [true, true]]",
4721,q,a,cx_stage3,,"[[[15, 789], [42, 789]], [], [true, true]]",
4722,q,a,cx_stage1,,"[[[15, 793], [42, 793]], [], [true, true]]",
4723,q,a,cx_stage2,,"[[[15, 793], [42, 793]], [], [true, true]]",
4724,q,a,cx_stage3,,"[[[15, 793], [42, 793]], [], [true, true]]",
4725,q,a,cx_stage1,,"[[[15, 796], [43, 796]], [], [true, true]]",
4726,q,a,cx_stage2,,"[[[15, 796], [43, 796]], [], [true, true]]",
4727,q,a,cx_stage3,,"[[[15, 796], [43, 796]], [], [true, true]]",
4728,q,a,cx_stage1,,"[[[15, 800], [43, 800]], [], [true, true]]",
4729,q,a,cx_stage2,,"[[[15, 800], [43, 800]], [], [true, true]]",
4730,q,a,cx_stage3,,"[[[15, 800], [43, 800]], [], [true, true]]",
4731,q,a,cx_stage1,,"[[[15, 803], [44, 803]], [], [true, true]]",
4732,q,a,cx_stage2,,"[[[15, 803], [44, 803]], [], [true, true]]",
4733,q,a,cx_stage3,,"[[[15, 803], [44, 803]], [], [true, true]]",
4734,q,a,cx_stage1,,"[[[15, 807], [44, 807]], [], [true, true]]",
4735,q,a,cx_stage2,,"[[[15, 807], [44, 807]], [], [true, true]]",
4736,q,a,cx_stage3,,"[[[15, 807], [44, 807]], [], [true, true]]",
4737,q,a,cx_stage1,,"[[[15, 810], [45, 810]], [], [true, true]]",
4738,q,a,cx_stage2,,"[[[15, 810], [45, 810]], [], [true, true]]",
4739,q,a,cx_stage3,,"[[[15, 810], [45, 810]], [], [true, true]]",
4740,q,a,cx_stage1,,"[[[15, 814], [45, 814]], [], [true, true]]",
4741,q,a,cx_stage2,,"[[[15, 814], [45, 814]], [], [true, true]]",
4742,q,a,cx_stage3,,"[[[15, 814], [45, 814]], [], [true, true]]",
4743,q,a,cx_stage1,,"[[[15, 817], [46, 817]], [], [true, true]]",
4744,q,a,cx_stage2,,"[[[15, 817], [46, 817]], [], [true, true]]",
4745,q,a,cx_stage3,,"[[[15, 817], [46, 817]], [], [true, true]]",
4746,q,a,cx_stage1,,"[[[15, 821], [46, 821]], [], [true, true]]",
4747,q,a,cx_stage2,,"[[[15, 821], [46, 821]], [], [true, true]]",
4748,q,a,cx_stage3,,"[[[15, 821], [46, 821]], [], [true, true]]",
4749,q,a,cx_stage1,,"[[[15, 824], [47, 824]], [], [true, true]]",
4750,q,a,cx_stage2,,"[[[15, 824], [47, 824]], [], [true, true]]",
4751,q,a,cx_stage3,,"[[[15, 824], [47, 824]], [], [true, true]]",
4752,q,a,cx_stage1,,"[[[15, 828], [47, 828]], [], [true, true]]",
4753,q,a,cx_stage2,,"[[[15, 828], [47, 828]], [], [true, true]]",
4754,q,a,cx_stage3,,"[[[15, 828], [47, 828]], [], [true, true]]",
4755,q,a,cx_stage1,,"[[[15, 831], [48, 831]], [], [true, true]]",
4756,q,a,cx_stage2,,"[[[15, 831], [48, 831]], [], [true, true]]",
4757,q,a,cx_stage3,,"[[[15, 831], [48, 831]], [], [true, true]]",
4758,q,a,cx_stage1,,"[[[15, 835], [48, 835]], [], [true, true]]",
4759,q,a,cx_stage2,,"[[[15, 835], [48, 835]], [], [true, true]]",
4760,q,a,cx_stage3,,"[[[15, 835], [48, 835]], [], [true, true]]",
4761,q,a,cx_stage1,,"[[[15, 838], [49, 838]], [], [true, true]]",
4762,q,a,cx_stage2,,"[[[15, 838], [49, 838]], [], [true, true]]",
4763,q,a,cx_stage3,,"[[[15, 838], [49, 838]], [], [true, true]]",
4764,q,a,cx_stage1,,"[[[15, 842], [49, 842]], [], [true, true]]",
4765,q,a,cx_stage2,,"[[[15, 842], [49, 842]], [], [true, true]]",
4766,q,a,cx_stage3,,"[[[15, 842], [49, 842]], [], [true, true]]",
4767,q,a,cx_stage1,,"[[[15, 845], [50, 845]], [], [true, true]]",
4768,q,a,cx_stage2,,"[[[15, 845], [50, 845]], [], [true, true]]",
4769,q,a,cx_stage3,,"[[[15, 845], [50, 845]], [], [true, true]]",
4770,q,a,cx_stage1,,"[[[15, 849], [50, 849]], [], [true, true]]",
4771,q,a,cx_stage2,,"[[[15, 849], [50, 849]], [], [true, true]]",
4772,q,a,cx_stage3,,"[[[15, 849], [50, 849]], [], [true, true]]",
4773,q,a,cx_stage1,,"[[[15, 852], [51, 852]], [], [true, true]]",
4774,q,a,cx_stage2,,"[[[15, 852], [51, 852]], [], [true, true]]",
4775,q,a,cx_stage3,,"[[[15, 852], [51, 852]], [], [true, true]]",
4776,q,a,cx_stage1,,"[[[15, 856], [51, 856]], [], [true, true]]",
4777,q,a,cx_stage2,,"[[[15, 856], [51, 856]], [], [true, true]]",
4778,q,a,cx_stage3,,"[[[15, 856], [51, 856]], [], [true, true]]",
4779,q,a,cx_stage1,,"[[[15, 859], [52, 859]], [], [true, true]]",
4780,q,a,cx_stage2,,"[[[15, 859], [52, 859]], [], [true, true]]",
4781,q,a,cx_stage3,,"[[[15, 859], [52, 859]], [], [true, true]]",
4782,q,a,cx_stage1,,"[[[15, 863], [52, 863]], [], [true, true]]",
4783,q,a,cx_stage2,,"[[[15, 863], [52, 863]], [], [true, true]]",
4784,q,a,cx_stage3,,"[[[15, 863], [52, 863]], [], [true, true]]",
4785,q,a,cx_stage1,,"[[[15, 866], [53, 866]], [], [true, true]]",
4786,q,a,cx_stage2,,"[[[15, 866], [53, 866]], [], [true, true]]",
4787,q,a,cx_stage3,,"[[[15, 866], [53, 866]], [], [true, true]]",
4788,q,a,cx_stage1,,"[[[15, 870], [53, 870]], [], [true, true]]",
4789,q,a,cx_stage2,,"[[[15, 870], [53, 870]], [], [true, true]]",
4790,q,a,cx_stage3,,"[[[15, 870], [53, 870]], [], [true, true]]",
4791,q,a,cx_stage1,,"[[[15, 873], [54, 873]], [], [true, true]]",
4792,q,a,cx_stage2,,"[[[15, 873], [54, 873]], [], [true, true]]",
4793,q,a,cx_stage3,,"[[[15, 873], [54, 873]], [], [true, true]]",
4794,q,a,cx_stage1,,"[[[15, 877], [54, 877]], [], [true, true]]",
4795,q,a,cx_stage2,,"[[[15, 877], [54, 877]], [], [true, true]]",
4796,q,a,cx_stage3,,"[[[15, 877], [54, 877]], [], [true, true]]",
4797,q,a,cx_stage1,,"[[[15, 880], [55, 880]], [], [true, true]]",
4798,q,a,cx_stage2,,"[[[15, 880], [55, 880]], [], [true, true]]",
4799,q,a,cx_stage3,,"[[[15, 880], [55, 880]], [], [true, true]]",
4800,q,a,cx_stage1,,"[[[15, 884], [55, 884]], [], [true, true]]",
4801,q,a,cx_stage2,,"[[[15, 884], [55, 884]], [], [true, true]]",
4802,q,a,cx_stage3,,"[[[15, 884], [55, 884]], [], [true, true]]",
4803,q,a,ry,,"[[[15, 885]], [], [true]]",
4804,q,a,u2,,"[[[16, 1]], [], [true]]",
4805,q,a,cx_stage1,,"[[[0, 109], [16, 109]], [], [true, true]]",
4806,q,a,cx_stage3,,"[[[0, 109], [16, 109]], [], [true, true]]",
4807,q,a,p,,"[[[16, 110]], [], [true]]",
4808,q,a,cx_stage1,,"[[[0, 113], [16, 113]], [], [true, true]]",
4809,q,a,cx_stage3,,"[[[0, 113], [16, 113]], [], [true, true]]",
4810,q,a,cx_stage1,,"[[[1, 116], [16, 116]], [], [true, true]]",
4811,q,a,cx_stage2,,"[[[1, 116], [16, 116]], [], [true, true]]",
4812,q,a,cx_stage3,,"[[[1, 116], [16, 116]], [], [true, true]]",
4813,q,a,p,,"[[[16, 117]], [], [true]]",
4814,q,a,cx_stage1,,"[[[1, 120], [16, 120]], [], [true, true]]",
4815,q,a,cx_stage2,,"[[[1, 120], [16, 120]], [], [true, true]]",
4816,q,a,cx_stage3,,"[[[1, 120], [16, 120]], [], [true, true]]",
4817,q,a,cx_stage1,,"[[[2, 123], [16, 123]], [], [true, true]]",
4818,q,a,cx_stage2,,"[[[2, 123], [16, 123]], [], [true, true]]",
4819,q,a,cx_stage3,,"[[[2, 123], [16, 123]], [], [true, true]]",
4820,q,a,p,,"[[[16, 124]], [], [true]]",
4821,q,a,cx_stage1,,"[[[2, 127], [16, 127]], [], [true, true]]",
4822,q,a,cx_stage2,,"[[[2, 127], [16, 127]], [], [true, true]]",
4823,q,a,cx_stage3,,"[[[2, 127], [16, 127]], [], [true, true]]",
4824,q,a,cx_stage1,,"[[[3, 130], [16, 130]], [], [true, true]]",
4825,q,a,cx_stage2,,"[[[16, 1275], [17, 1275]], [], [true, true]]",
4826,q,a,cx_stage1,,"[[[16, 1275], [17, 1275]], [], [true, true]]",
4827,q,a,cx_stage3,,"[[[16, 1275], [17, 1275]], [], [true, true]]",
4828,q,a,cx_stage1,,"[[[15, 1278], [16, 1278]], [], [true, true]]",
4829,q,a,cx_stage3,,"[[[15, 1278], [16, 1278]], [], [true, true]]",
4830,q,a,ry,,"[[[16, 1279]], [], [true]]",
4831,q,a,cx_stage2,,"[[[3, 130], [16, 130]], [], [true, true]]",
4832,q,a,cx_stage3,,"[[[3, 130], [16, 130]], [], [true, true]]",
4833,q,a,p,,"[[[16, 131]], [], [true]]",
4834,q,a,cx_stage1,,"[[[3, 134], [16, 134]], [], [true, true]]",
4835,q,a,cx_stage2,,"[[[3, 134], [16, 134]], [], [true, true]]",
4836,q,a,cx_stage3,,"[[[3, 134], [16, 134]], [], [true, true]]",
4837,q,a,cx_stage1,,"[[[4, 137], [16, 137]], [], [true, true]]",
4838,q,a,cx_stage2,,"[[[4, 137], [16, 137]], [], [true, true]]",
4839,q,a,cx_stage3,,"[[[4, 137], [16, 137]], [], [true, true]]",
4840,q,a,p,,"[[[16, 138]], [], [true]]",
4841,q,a,cx_stage1,,"[[[4, 141], [16, 141]], [], [true, true]]",
4842,q,a,cx_stage2,,"[[[4, 141], [16, 141]], [], [true, true]]",
4843,q,a,cx_stage3,,"[[[4, 141], [16, 141]], [], [true, true]]",
4844,q,a,cx_stage1,,"[[[5, 144], [16, 144]], [], [true, true]]",
4845,q,a,cx_stage2,,"[[[5, 144], [16, 144]], [], [true, true]]",
4846,q,a,cx_stage3,,"[[[5, 144], [16, 144]], [], [true, true]]",
4847,q,a,p,,"[[[16, 145]], [], [true]]",
4848,q,a,cx_stage1,,"[[[5, 148], [16, 148]], [], [true, true]]",
4849,q,a,cx_stage2,,"[[[5, 148], [16, 148]], [], [true, true]]",
4850,q,a,cx_stage3,,"[[[5, 148], [16, 148]], [], [true, true]]",
4851,q,a,cx_stage1,,"[[[6, 151], [16, 151]], [], [true, true]]",
4852,q,a,cx_stage2,,"[[[6, 151], [16, 151]], [], [true, true]]",
4853,q,a,cx_stage3,,"[[[6, 151], [16, 151]], [], [true, true]]",
4854,q,a,p,,"[[[16, 152]], [], [true]]",
4855,q,a,cx_stage1,,"[[[6, 155], [16, 155]], [], [true, true]]",
4856,q,a,cx_stage2,,"[[[6, 155], [16, 155]], [], [true, true]]",
4857,q,a,cx_stage3,,"[[[6, 155], [16, 155]], [], [true, true]]",
4858,q,a,cx_stage1,,"[[[7, 158], [16, 158]], [], [true, true]]",
4859,q,a,cx_stage2,,"[[[7, 158], [16, 158]], [], [true, true]]",
4860,q,a,cx_stage3,,"[[[7, 158], [16, 158]], [], [true, true]]",
4861,q,a,p,,"[[[16, 159]], [], [true]]",
4862,q,a,cx_stage1,,"[[[7, 162], [16, 162]], [], [true, true]]",
4863,q,a,cx_stage2,,"[[[7, 162], [16, 162]], [], [true, true]]",
4864,q,a,cx_stage3,,"[[[7, 162], [16, 162]], [], [true, true]]",
4865,q,a,cx_stage1,,"[[[8, 165], [16, 165]], [], [true, true]]",
4866,q,a,cx_stage2,,"[[[8, 165], [16, 165]], [], [true, true]]",
4867,q,a,cx_stage3,,"[[[8, 165], [16, 165]], [], [true, true]]",
4868,q,a,p,,"[[[16, 166]], [], [true]]",
4869,q,a,cx_stage1,,"[[[8, 169], [16, 169]], [], [true, true]]",
4870,q,a,cx_stage2,,"[[[8, 169], [16, 169]], [], [true, true]]",
4871,q,a,cx_stage3,,"[[[8, 169], [16, 169]], [], [true, true]]",
4872,q,a,cx_stage1,,"[[[9, 172], [16, 172]], [], [true, true]]",
4873,q,a,cx_stage2,,"[[[9, 172], [16, 172]], [], [true, true]]",
4874,q,a,cx_stage3,,"[[[9, 172], [16, 172]], [], [true, true]]",
4875,q,a,p,,"[[[16, 173]], [], [true]]",
4876,q,a,cx_stage1,,"[[[9, 176], [16, 176]], [], [true, true]]",
4877,q,a,cx_stage2,,"[[[9, 176], [16, 176]], [], [true, true]]",
4878,q,a,cx_stage3,,"[[[9, 176], [16, 176]], [], [true, true]]",
4879,q,a,cx_stage1,,"[[[10, 179], [16, 179]], [], [true, true]]",
4880,q,a,cx_stage3,,"[[[10, 179], [16, 179]], [], [true, true]]",
4881,q,a,p,,"[[[16, 180]], [], [true]]",
4882,q,a,cx_stage1,,"[[[10, 183], [16, 183]], [], [true, true]]",
4883,q,a,cx_stage3,,"[[[10, 183], [16, 183]], [], [true, true]]",
4884,q,a,cx_stage1,,"[[[11, 186], [16, 186]], [], [true, true]]",
4885,q,a,cx_stage3,,"[[[11, 186], [16, 186]], [], [true, true]]",
4886,q,a,p,,"[[[16, 187]], [], [true]]",
4887,q,a,cx_stage1,,"[[[11, 190], [16, 190]], [], [true, true]]",
4888,q,a,cx_stage3,,"[[[11, 190], [16, 190]], [], [true, true]]",
4889,q,a,cx_stage1,,"[[[12, 193], [16, 193]], [], [true, true]]",
4890,q,a,cx_stage3,,"[[[12, 193], [16, 193]], [], [true, true]]",
4891,q,a,p,,"[[[16, 194]], [], [true]]",
4892,q,a,cx_stage1,,"[[[12, 197], [16, 197]], [], [true, true]]",
4893,q,a,cx_stage3,,"[[[12, 197], [16, 197]], [], [true, true]]",
4894,q,a,cx_stage1,,"[[[13, 200], [16, 200]], [], [true, true]]",
4895,q,a,cx_stage3,,"[[[13, 200], [16, 200]], [], [true, true]]",
4896,q,a,p,,"[[[16, 201]], [], [true]]",
4897,q,a,cx_stage1,,"[[[13, 204], [16, 204]], [], [true, true]]",
4898,q,a,cx_stage3,,"[[[13, 204], [16, 204]], [], [true, true]]",
4899,q,a,cx_stage1,,"[[[14, 207], [16, 207]], [], [true, true]]",
4900,q,a,cx_stage3,,"[[[14, 207], [16, 207]], [], [true, true]]",
4901,q,a,p,,"[[[16, 208]], [], [true]]",
4902,q,a,cx_stage1,,"[[[14, 211], [16, 211]], [], [true, true]]",
4903,q,a,cx_stage3,,"[[[14, 211], [16, 211]], [], [true, true]]",
4904,q,a,cx_stage1,,"[[[15, 214], [16, 214]], [], [true, true]]",
4905,q,a,cx_stage3,,"[[[15, 214], [16, 214]], [], [true, true]]",
4906,q,a,p,,"[[[16, 215]], [], [true]]",
4907,q,a,cx_stage1,,"[[[15, 218], [16, 218]], [], [true, true]]",
4908,q,a,cx_stage3,,"[[[15, 218], [16, 218]], [], [true, true]]",
4909,q,a,cx_stage1,,"[[[16, 228], [17, 228]], [], [true, true]]",
4910,q,a,cx_stage2,,"[[[16, 228], [17, 228]], [], [true, true]]",
4911,q,a,cx_stage3,,"[[[16, 228], [17, 228]], [], [true, true]]",
4912,q,a,cx_stage1,,"[[[16, 232], [17, 232]], [], [true, true]]",
4913,q,a,cx_stage2,,"[[[16, 232], [17, 232]], [], [true, true]]",
4914,q,a,cx_stage3,,"[[[16, 232], [17, 232]], [], [true, true]]",
4915,q,a,cx_stage1,,"[[[16, 235], [18, 235]], [], [true, true]]",
4916,q,a,cx_stage2,,"[[[16, 235], [18, 235]], [], [true, true]]",
4917,q,a,cx_stage3,,"[[[16, 235], [18, 235]], [], [true, true]]",
4918,q,a,cx_stage1,,"[[[16, 239], [18, 239]], [], [true, true]]",
4919,q,a,cx_stage2,,"[[[16, 239], [18, 239]], [], [true, true]]",
4920,q,a,cx_stage3,,"[[[16, 239], [18, 239]], [], [true, true]]",
4921,q,a,cx_stage1,,"[[[16, 242], [19, 242]], [], [true, true]]",
4922,q,a,cx_stage2,,"[[[16, 242], [19, 242]], [], [true, true]]",
4923,q,a,cx_stage3,,"[[[16, 242], [19, 242]], [], [true, true]]",
4924,q,a,cx_stage1,,"[[[16, 246], [19, 246]], [], [true, true]]",
4925,q,a,cx_stage2,,"[[[16, 246], [19, 246]], [], [true, true]]",
4926,q,a,cx_stage3,,"[[[16, 246], [19, 246]], [], [true, true]]",
4927,q,a,cx_stage1,,"[[[16, 249], [20, 249]], [], [true, true]]",
4928,q,a,cx_stage2,,"[[[16, 249], [20, 249]], [], [true, true]]",
4929,q,a,cx_stage3,,"[[[16, 249], [20, 249]], [], [true, true]]",
4930,q,a,cx_stage1,,"[[[16, 253], [20, 253]], [], [true, true]]",
4931,q,a,cx_stage2,,"[[[16, 253], [20, 253]], [], [true, true]]",
4932,q,a,cx_stage3,,"[[[16, 253], [20, 253]], [], [true, true]]",
4933,q,a,cx_stage1,,"[[[16, 256], [21, 256]], [], [true, true]]",
4934,q,a,cx_stage2,,"[[[16, 256], [21, 256]], [], [true, true]]",
4935,q,a,cx_stage3,,"[[[16, 256], [21, 256]], [], [true, true]]",
4936,q,a,cx_stage1,,"[[[16, 260], [21, 260]], [], [true, true]]",
4937,q,a,cx_stage2,,"[[[16, 260], [21, 260]], [], [true, true]]",
4938,q,a,cx_stage3,,"[[[16, 260], [21, 260]], [], [true, true]]",
4939,q,a,cx_stage1,,"[[[16, 263], [22, 263]], [], [true, true]]",
4940,q,a,cx_stage2,,"[[[16, 263], [22, 263]], [], [true, true]]",
4941,q,a,cx_stage3,,"[[[16, 263], [22, 263]], [], [true, true]]",
4942,q,a,cx_stage1,,"[[[16, 267], [22, 267]], [], [true, true]]",
4943,q,a,cx_stage2,,"[[[16, 267], [22, 267]], [], [true, true]]",
4944,q,a,cx_stage3,,"[[[16, 267], [22, 267]], [], [true, true]]",
4945,q,a,cx_stage1,,"[[[16, 270], [23, 270]], [], [true, true]]",
4946,q,a,cx_stage2,,"[[[16, 270], [23, 270]], [], [true, true]]",
4947,q,a,cx_stage3,,"[[[16, 270], [23, 270]], [], [true, true]]",
4948,q,a,cx_stage1,,"[[[16, 274], [23, 274]], [], [true, true]]",
4949,q,a,cx_stage2,,"[[[16, 274], [23, 274]], [], [true, true]]",
4950,q,a,cx_stage3,,"[[[16, 274], [23, 274]], [], [true, true]]",
4951,q,a,cx_stage1,,"[[[16, 277], [24, 277]], [], [true, true]]",
4952,q,a,cx_stage2,,"[[[16, 277], [24, 277]], [], [true, true]]",
4953,q,a,cx_stage3,,"[[[16, 277], [24, 277]], [], [true, true]]",
4954,q,a,cx_stage1,,"[[[16, 281], [24, 281]], [], [true, true]]",
4955,q,a,cx_stage2,,"[[[16, 281], [24, 281]], [], [true, true]]",
4956,q,a,cx_stage3,,"[[[16, 281], [24, 281]], [], [true, true]]",
4957,q,a,cx_stage1,,"[[[16, 284], [25, 284]], [], [true, true]]",
4958,q,a,cx_stage2,,"[[[16, 284], [25, 284]], [], [true, true]]",
4959,q,a,cx_stage3,,"[[[16, 284], [25, 284]], [], [true, true]]",
4960,q,a,cx_stage1,,"[[[16, 288], [25, 288]], [], [true, true]]",
4961,q,a,cx_stage2,,"[[[16, 288], [25, 288]], [], [true, true]]",
4962,q,a,cx_stage3,,"[[[16, 288], [25, 288]], [], [true, true]]",
4963,q,a,cx_stage1,,"[[[16, 291], [26, 291]], [], [true, true]]",
4964,q,a,cx_stage2,,"[[[16, 291], [26, 291]], [], [true, true]]",
4965,q,a,cx_stage3,,"[[[16, 291], [26, 291]], [], [true, true]]",
4966,q,a,cx_stage1,,"[[[16, 295], [26, 295]], [], [true, true]]",
4967,q,a,cx_stage2,,"[[[16, 295], [26, 295]], [], [true, true]]",
4968,q,a,cx_stage3,,"[[[16, 295], [26, 295]], [], [true, true]]",
4969,q,a,cx_stage1,,"[[[16, 298], [27, 298]], [], [true, true]]",
4970,q,a,cx_stage2,,"[[[16, 298], [27, 298]], [], [true, true]]",
4971,q,a,cx_stage3,,"[[[16, 298], [27, 298]], [], [true, true]]",
4972,q,a,cx_stage1,,"[[[16, 302], [27, 302]], [], [true, true]]",
4973,q,a,cx_stage2,,"[[[16, 302], [27, 302]], [], [true, true]]",
4974,q,a,cx_stage3,,"[[[16, 302], [27, 302]], [], [true, true]]",
4975,q,a,cx_stage1,,"[[[16, 305], [28, 305]], [], [true, true]]",
4976,q,a,cx_stage2,,"[[[16, 305], [28, 305]], [], [true, true]]",
4977,q,a,cx_stage3,,"[[[16, 305], [28, 305]], [], [true, true]]",
4978,q,a,cx_stage1,,"[[[16, 309], [28, 309]], [], [true, true]]",
4979,q,a,cx_stage2,,"[[[16, 309], [28, 309]], [], [true, true]]",
4980,q,a,cx_stage3,,"[[[16, 309], [28, 309]], [], [true, true]]",
4981,q,a,cx_stage1,,"[[[16, 312], [29, 312]], [], [true, true]]",
4982,q,a,cx_stage2,,"[[[16, 312], [29, 312]], [], [true, true]]",
4983,q,a,cx_stage3,,"[[[16, 312], [29, 312]], [], [true, true]]",
4984,q,a,cx_stage1,,"[[[16, 316], [29, 316]], [], [true, true]]",
4985,q,a,cx_stage2,,"[[[16, 316], [29, 316]], [], [true, true]]",
4986,q,a,cx_stage3,,"[[[16, 316], [29, 316]], [], [true, true]]",
4987,q,a,cx_stage1,,"[[[16, 319], [30, 319]], [], [true, true]]",
4988,q,a,cx_stage2,,"[[[16, 319], [30, 319]], [], [true, true]]",
4989,q,a,cx_stage3,,"[[[16, 319], [30, 319]], [], [true, true]]",
4990,q,a,cx_stage1,,"[[[16, 323], [30, 323]], [], [true, true]]",
4991,q,a,cx_stage2,,"[[[16, 323], [30, 323]], [], [true, true]]",
4992,q,a,cx_stage3,,"[[[16, 323], [30, 323]], [], [true, true]]",
4993,q,a,cx_stage1,,"[[[16, 326], [31, 326]], [], [true, true]]",
4994,q,a,cx_stage2,,"[[[16, 326], [31, 326]], [], [true, true]]",
4995,q,a,cx_stage3,,"[[[16, 326], [31, 326]], [], [true, true]]",
4996,q,a,cx_stage1,,"[[[16, 330], [31, 330]], [], [true, true]]",
4997,q,a,cx_stage2,,"[[[16, 330], [31, 330]], [], [true, true]]",
4998,q,a,cx_stage3,,"[[[16, 330], [31, 330]], [], [true, true]]",
4999,q,a,cx_stage1,,"[[[16, 333], [32, 333]], [], [true, true]]",
5000,q,a,cx_stage2,,"[[[16, 333], [32, 333]], [], [true, true]]",
5001,q,a,cx_stage3,,"[[[16, 333], [32, 333]], [], [true, true]]",
5002,q,a,cx_stage1,,"[[[16, 337], [32, 337]], [], [true, true]]",
5003,q,a,cx_stage2,,"[[[16, 337], [32, 337]], [], [true, true]]",
5004,q,a,cx_stage3,,"[[[16, 337], [32, 337]], [], [true, true]]",
5005,q,a,cx_stage1,,"[[[16, 340], [33, 340]], [], [true, true]]",
5006,q,a,cx_stage2,,"[[[16, 340], [33, 340]], [], [true, true]]",
5007,q,a,cx_stage3,,"[[[16, 340], [33, 340]], [], [true, true]]",
5008,q,a,cx_stage1,,"[[[16, 344], [33, 344]], [], [true, true]]",
5009,q,a,cx_stage2,,"[[[16, 344], [33, 344]], [], [true, true]]",
5010,q,a,cx_stage3,,"[[[16, 344], [33, 344]], [], [true, true]]",
5011,q,a,cx_stage1,,"[[[16, 347], [34, 347]], [], [true, true]]",
5012,q,a,cx_stage2,,"[[[16, 347], [34, 347]], [], [true, true]]",
5013,q,a,cx_stage3,,"[[[16, 347], [34, 347]], [], [true, true]]",
5014,q,a,cx_stage1,,"[[[16, 351], [34, 351]], [], [true, true]]",
5015,q,a,cx_stage2,,"[[[16, 351], [34, 351]], [], [true, true]]",
5016,q,a,cx_stage3,,"[[[16, 351], [34, 351]], [], [true, true]]",
5017,q,a,cx_stage1,,"[[[16, 354], [35, 354]], [], [true, true]]",
5018,q,a,cx_stage2,,"[[[16, 354], [35, 354]], [], [true, true]]",
5019,q,a,cx_stage3,,"[[[16, 354], [35, 354]], [], [true, true]]",
5020,q,a,cx_stage1,,"[[[16, 358], [35, 358]], [], [true, true]]",
5021,q,a,cx_stage2,,"[[[16, 358], [35, 358]], [], [true, true]]",
5022,q,a,cx_stage3,,"[[[16, 358], [35, 358]], [], [true, true]]",
5023,q,a,cx_stage1,,"[[[16, 361], [36, 361]], [], [true, true]]",
5024,q,a,cx_stage2,,"[[[16, 361], [36, 361]], [], [true, true]]",
5025,q,a,cx_stage3,,"[[[16, 361], [36, 361]], [], [true, true]]",
5026,q,a,cx_stage1,,"[[[16, 365], [36, 365]], [], [true, true]]",
5027,q,a,cx_stage2,,"[[[16, 365], [36, 365]], [], [true, true]]",
5028,q,a,cx_stage3,,"[[[16, 365], [36, 365]], [], [true, true]]",
5029,q,a,cx_stage1,,"[[[16, 368], [37, 368]], [], [true, true]]",
5030,q,a,cx_stage2,,"[[[16, 368], [37, 368]], [], [true, true]]",
5031,q,a,cx_stage3,,"[[[16, 368], [37, 368]], [], [true, true]]",
5032,q,a,cx_stage1,,"[[[16, 372], [37, 372]], [], [true, true]]",
5033,q,a,cx_stage2,,"[[[16, 372], [37, 372]], [], [true, true]]",
5034,q,a,cx_stage3,,"[[[16, 372], [37, 372]], [], [true, true]]",
5035,q,a,cx_stage1,,"[[[16, 375], [38, 375]], [], [true, true]]",
5036,q,a,cx_stage2,,"[[[16, 375], [38, 375]], [], [true, true]]",
5037,q,a,cx_stage3,,"[[[16, 375], [38, 375]], [], [true, true]]",
5038,q,a,cx_stage1,,"[[[16, 379], [38, 379]], [], [true, true]]",
5039,q,a,cx_stage2,,"[[[16, 379], [38, 379]], [], [true, true]]",
5040,q,a,cx_stage3,,"[[[16, 379], [38, 379]], [], [true, true]]",
5041,q,a,cx_stage1,,"[[[16, 382], [39, 382]], [], [true, true]]",
5042,q,a,cx_stage2,,"[[[16, 382], [39, 382]], [], [true, true]]",
5043,q,a,cx_stage3,,"[[[16, 382], [39, 382]], [], [true, true]]",
5044,q,a,cx_stage1,,"[[[16, 386], [39, 386]], [], [true, true]]",
5045,q,a,cx_stage2,,"[[[16, 386], [39, 386]], [], [true, true]]",
5046,q,a,cx_stage3,,"[[[16, 386], [39, 386]], [], [true, true]]",
5047,q,a,cx_stage1,,"[[[16, 389], [40, 389]], [], [true, true]]",
5048,q,a,cx_stage2,,"[[[16, 389], [40, 389]], [], [true, true]]",
5049,q,a,cx_stage3,,"[[[16, 389], [40, 389]], [], [true, true]]",
5050,q,a,cx_stage1,,"[[[16, 393], [40, 393]], [], [true, true]]",
5051,q,a,cx_stage2,,"[[[16, 393], [40, 393]], [], [true, true]]",
5052,q,a,cx_stage3,,"[[[16, 393], [40, 393]], [], [true, true]]",
5053,q,a,cx_stage1,,"[[[16, 396], [41, 396]], [], [true, true]]",
5054,q,a,cx_stage2,,"[[[16, 396], [41, 396]], [], [true, true]]",
5055,q,a,cx_stage3,,"[[[16, 396], [41, 396]], [], [true, true]]",
5056,q,a,cx_stage1,,"[[[16, 400], [41, 400]], [], [true, true]]",
5057,q,a,cx_stage2,,"[[[16, 400], [41, 400]], [], [true, true]]",
5058,q,a,cx_stage3,,"[[[16, 400], [41, 400]], [], [true, true]]",
5059,q,a,cx_stage1,,"[[[16, 403], [42, 403]], [], [true, true]]",
5060,q,a,cx_stage2,,"[[[16, 403], [42, 403]], [], [true, true]]",
5061,q,a,cx_stage3,,"[[[16, 403], [42, 403]], [], [true, true]]",
5062,q,a,cx_stage1,,"[[[16, 407], [42, 407]], [], [true, true]]",
5063,q,a,cx_stage2,,"[[[16, 407], [42, 407]], [], [true, true]]",
5064,q,a,cx_stage3,,"[[[16, 407], [42, 407]], [], [true, true]]",
5065,q,a,cx_stage1,,"[[[16, 410], [43, 410]], [], [true, true]]",
5066,q,a,cx_stage2,,"[[[16, 410], [43, 410]], [], [true, true]]",
5067,q,a,cx_stage3,,"[[[16, 410], [43, 410]], [], [true, true]]",
5068,q,a,cx_stage1,,"[[[16, 414], [43, 414]], [], [true, true]]",
5069,q,a,cx_stage2,,"[[[16, 414], [43, 414]], [], [true, true]]",
5070,q,a,cx_stage3,,"[[[16, 414], [43, 414]], [], [true, true]]",
5071,q,a,cx_stage1,,"[[[16, 417], [44, 417]], [], [true, true]]",
5072,q,a,cx_stage2,,"[[[16, 417], [44, 417]], [], [true, true]]",
5073,q,a,cx_stage3,,"[[[16, 417], [44, 417]], [], [true, true]]",
5074,q,a,cx_stage1,,"[[[16, 421], [44, 421]], [], [true, true]]",
5075,q,a,cx_stage2,,"[[[16, 421], [44, 421]], [], [true, true]]",
5076,q,a,cx_stage3,,"[[[16, 421], [44, 421]], [], [true, true]]",
5077,q,a,cx_stage1,,"[[[16, 424], [45, 424]], [], [true, true]]",
5078,q,a,cx_stage2,,"[[[16, 424], [45, 424]], [], [true, true]]",
5079,q,a,cx_stage3,,"[[[16, 424], [45, 424]], [], [true, true]]",
5080,q,a,cx_stage1,,"[[[16, 428], [45, 428]], [], [true, true]]",
5081,q,a,cx_stage2,,"[[[16, 428], [45, 428]], [], [true, true]]",
5082,q,a,cx_stage3,,"[[[16, 428], [45, 428]], [], [true, true]]",
5083,q,a,cx_stage1,,"[[[16, 431], [46, 431]], [], [true, true]]",
5084,q,a,cx_stage2,,"[[[16, 431], [46, 431]], [], [true, true]]",
5085,q,a,cx_stage3,,"[[[16, 431], [46, 431]], [], [true, true]]",
5086,q,a,cx_stage1,,"[[[16, 435], [46, 435]], [], [true, true]]",
5087,q,a,cx_stage2,,"[[[16, 435], [46, 435]], [], [true, true]]",
5088,q,a,cx_stage3,,"[[[16, 435], [46, 435]], [], [true, true]]",
5089,q,a,cx_stage1,,"[[[16, 438], [47, 438]], [], [true, true]]",
5090,q,a,cx_stage2,,"[[[16, 438], [47, 438]], [], [true, true]]",
5091,q,a,cx_stage3,,"[[[16, 438], [47, 438]], [], [true, true]]",
5092,q,a,cx_stage1,,"[[[16, 442], [47, 442]], [], [true, true]]",
5093,q,a,cx_stage2,,"[[[16, 442], [47, 442]], [], [true, true]]",
5094,q,a,cx_stage3,,"[[[16, 442], [47, 442]], [], [true, true]]",
5095,q,a,cx_stage1,,"[[[16, 445], [48, 445]], [], [true, true]]",
5096,q,a,cx_stage2,,"[[[16, 445], [48, 445]], [], [true, true]]",
5097,q,a,cx_stage3,,"[[[16, 445], [48, 445]], [], [true, true]]",
5098,q,a,cx_stage1,,"[[[16, 449], [48, 449]], [], [true, true]]",
5099,q,a,cx_stage2,,"[[[16, 449], [48, 449]], [], [true, true]]",
5100,q,a,cx_stage3,,"[[[16, 449], [48, 449]], [], [true, true]]",
5101,q,a,cx_stage1,,"[[[16, 452], [49, 452]], [], [true, true]]",
5102,q,a,cx_stage2,,"[[[16, 452], [49, 452]], [], [true, true]]",
5103,q,a,cx_stage3,,"[[[16, 452], [49, 452]], [], [true, true]]",
5104,q,a,cx_stage1,,"[[[16, 456], [49, 456]], [], [true, true]]",
5105,q,a,cx_stage2,,"[[[16, 456], [49, 456]], [], [true, true]]",
5106,q,a,cx_stage3,,"[[[16, 456], [49, 456]], [], [true, true]]",
5107,q,a,cx_stage1,,"[[[16, 459], [50, 459]], [], [true, true]]",
5108,q,a,cx_stage2,,"[[[16, 459], [50, 459]], [], [true, true]]",
5109,q,a,cx_stage3,,"[[[16, 459], [50, 459]], [], [true, true]]",
5110,q,a,cx_stage1,,"[[[16, 463], [50, 463]], [], [true, true]]",
5111,q,a,cx_stage2,,"[[[16, 463], [50, 463]], [], [true, true]]",
5112,q,a,cx_stage3,,"[[[16, 463], [50, 463]], [], [true, true]]",
5113,q,a,cx_stage1,,"[[[16, 466], [51, 466]], [], [true, true]]",
5114,q,a,cx_stage2,,"[[[16, 466], [51, 466]], [], [true, true]]",
5115,q,a,cx_stage3,,"[[[16, 466], [51, 466]], [], [true, true]]",
5116,q,a,cx_stage1,,"[[[16, 470], [51, 470]], [], [true, true]]",
5117,q,a,cx_stage2,,"[[[16, 470], [51, 470]], [], [true, true]]",
5118,q,a,cx_stage3,,"[[[16, 470], [51, 470]], [], [true, true]]",
5119,q,a,cx_stage1,,"[[[16, 473], [52, 473]], [], [true, true]]",
5120,q,a,cx_stage2,,"[[[16, 473], [52, 473]], [], [true, true]]",
5121,q,a,cx_stage3,,"[[[16, 473], [52, 473]], [], [true, true]]",
5122,q,a,cx_stage1,,"[[[16, 477], [52, 477]], [], [true, true]]",
5123,q,a,cx_stage2,,"[[[16, 477], [52, 477]], [], [true, true]]",
5124,q,a,cx_stage3,,"[[[16, 477], [52, 477]], [], [true, true]]",
5125,q,a,cx_stage1,,"[[[16, 480], [53, 480]], [], [true, true]]",
5126,q,a,cx_stage2,,"[[[16, 480], [53, 480]], [], [true, true]]",
5127,q,a,cx_stage3,,"[[[16, 480], [53, 480]], [], [true, true]]",
5128,q,a,cx_stage1,,"[[[16, 484], [53, 484]], [], [true, true]]",
5129,q,a,cx_stage2,,"[[[16, 484], [53, 484]], [], [true, true]]",
5130,q,a,cx_stage3,,"[[[16, 484], [53, 484]], [], [true, true]]",
5131,q,a,cx_stage1,,"[[[16, 487], [54, 487]], [], [true, true]]",
5132,q,a,cx_stage2,,"[[[16, 487], [54, 487]], [], [true, true]]",
5133,q,a,cx_stage3,,"[[[16, 487], [54, 487]], [], [true, true]]",
5134,q,a,cx_stage1,,"[[[16, 491], [54, 491]], [], [true, true]]",
5135,q,a,cx_stage2,,"[[[16, 491], [54, 491]], [], [true, true]]",
5136,q,a,cx_stage3,,"[[[16, 491], [54, 491]], [], [true, true]]",
5137,q,a,cx_stage1,,"[[[16, 494], [55, 494]], [], [true, true]]",
5138,q,a,cx_stage2,,"[[[16, 494], [55, 494]], [], [true, true]]",
5139,q,a,cx_stage3,,"[[[16, 494], [55, 494]], [], [true, true]]",
5140,q,a,cx_stage1,,"[[[16, 498], [55, 498]], [], [true, true]]",
5141,q,a,cx_stage2,,"[[[16, 498], [55, 498]], [], [true, true]]",
5142,q,a,cx_stage3,,"[[[16, 498], [55, 498]], [], [true, true]]",
5143,q,a,u2,,"[[[16, 499]], [], [true]]",
5144,q,a,cx_stage1,,"[[[0, 502], [16, 502]], [], [true, true]]",
5145,q,a,cx_stage3,,"[[[0, 502], [16, 502]], [], [true, true]]",
5146,q,a,p,,"[[[16, 503]], [], [true]]",
5147,q,a,cx_stage1,,"[[[0, 506], [16, 506]], [], [true, true]]",
5148,q,a,cx_stage3,,"[[[0, 506], [16, 506]], [], [true, true]]",
5149,q,a,cx_stage1,,"[[[1, 509], [16, 509]], [], [true, true]]",
5150,q,a,cx_stage2,,"[[[1, 509], [16, 509]], [], [true, true]]",
5151,q,a,cx_stage3,,"[[[1, 509], [16, 509]], [], [true, true]]",
5152,q,a,p,,"[[[16, 510]], [], [true]]",
5153,q,a,cx_stage1,,"[[[1, 513], [16, 513]], [], [true, true]]",
5154,q,a,cx_stage2,,"[[[1, 513], [16, 513]], [], [true, true]]",
5155,q,a,cx_stage3,,"[[[1, 513], [16, 513]], [], [true, true]]",
5156,q,a,cx_stage1,,"[[[2, 516], [16, 516]], [], [true, true]]",
5157,q,a,cx_stage2,,"[[[2, 516], [16, 516]], [], [true, true]]",
5158,q,a,cx_stage3,,"[[[2, 516], [16, 516]], [], [true, true]]",
5159,q,a,p,,"[[[16, 517]], [], [true]]",
5160,q,a,cx_stage1,,"[[[2, 520], [16, 520]], [], [true, true]]",
5161,q,a,cx_stage2,,"[[[2, 520], [16, 520]], [], [true, true]]",
5162,q,a,cx_stage3,,"[[[2, 520], [16, 520]], [], [true, true]]",
5163,q,a,cx_stage1,,"[[[3, 523], [16, 523]], [], [true, true]]",
5164,q,a,cx_stage2,,"[[[3, 523], [16, 523]], [], [true, true]]",
5165,q,a,cx_stage3,,"[[[3, 523], [16, 523]], [], [true, true]]",
5166,q,a,p,,"[[[16, 524]], [], [true]]",
5167,q,a,cx_stage1,,"[[[3, 527], [16, 527]], [], [true, true]]",
5168,q,a,cx_stage2,,"[[[3, 527], [16, 527]], [], [true, true]]",
5169,q,a,cx_stage3,,"[[[3, 527], [16, 527]], [], [true, true]]",
5170,q,a,cx_stage1,,"[[[4, 530], [16, 530]], [], [true, true]]",
5171,q,a,cx_stage2,,"[[[4, 530], [16, 530]], [], [true, true]]",
5172,q,a,cx_stage3,,"[[[4, 530], [16, 530]], [], [true, true]]",
5173,q,a,p,,"[[[16, 531]], [], [true]]",
5174,q,a,cx_stage1,,"[[[4, 534], [16, 534]], [], [true, true]]",
5175,q,a,cx_stage2,,"[[[4, 534], [16, 534]], [], [true, true]]",
5176,q,a,cx_stage3,,"[[[4, 534], [16, 534]], [], [true, true]]",
5177,q,a,cx_stage1,,"[[[5, 537], [16, 537]], [], [true, true]]",
5178,q,a,cx_stage2,,"[[[5, 537], [16, 537]], [], [true, true]]",
5179,q,a,cx_stage3,,"[[[5, 537], [16, 537]], [], [true, true]]",
5180,q,a,p,,"[[[16, 538]], [], [true]]",
5181,q,a,cx_stage1,,"[[[5, 541], [16, 541]], [], [true, true]]",
5182,q,a,cx_stage2,,"[[[5, 541], [16, 541]], [], [true, true]]",
5183,q,a,cx_stage3,,"[[[5, 541], [16, 541]], [], [true, true]]",
5184,q,a,cx_stage1,,"[[[6, 544], [16, 544]], [], [true, true]]",
5185,q,a,cx_stage2,,"[[[6, 544], [16, 544]], [], [true, true]]",
5186,q,a,cx_stage3,,"[[[6, 544], [16, 544]], [], [true, true]]",
5187,q,a,p,,"[[[16, 545]], [], [true]]",
5188,q,a,cx_stage1,,"[[[6, 548], [16, 548]], [], [true, true]]",
5189,q,a,cx_stage2,,"[[[6, 548], [16, 548]], [], [true, true]]",
5190,q,a,cx_stage3,,"[[[6, 548], [16, 548]], [], [true, true]]",
5191,q,a,cx_stage1,,"[[[7, 551], [16, 551]], [], [true, true]]",
5192,q,a,cx_stage2,,"[[[7, 551], [16, 551]], [], [true, true]]",
5193,q,a,cx_stage3,,"[[[7, 551], [16, 551]], [], [true, true]]",
5194,q,a,p,,"[[[16, 552]], [], [true]]",
5195,q,a,cx_stage1,,"[[[7, 555], [16, 555]], [], [true, true]]",
5196,q,a,cx_stage2,,"[[[7, 555], [16, 555]], [], [true, true]]",
5197,q,a,cx_stage3,,"[[[7, 555], [16, 555]], [], [true, true]]",
5198,q,a,cx_stage1,,"[[[8, 558], [16, 558]], [], [true, true]]",
5199,q,a,cx_stage2,,"[[[8, 558], [16, 558]], [], [true, true]]",
5200,q,a,cx_stage3,,"[[[8, 558], [16, 558]], [], [true, true]]",
5201,q,a,p,,"[[[16, 559]], [], [true]]",
5202,q,a,cx_stage1,,"[[[8, 562], [16, 562]], [], [true, true]]",
5203,q,a,cx_stage2,,"[[[8, 562], [16, 562]], [], [true, true]]",
5204,q,a,cx_stage3,,"[[[8, 562], [16, 562]], [], [true, true]]",
5205,q,a,cx_stage1,,"[[[9, 565], [16, 565]], [], [true, true]]",
5206,q,a,cx_stage2,,"[[[9, 565], [16, 565]], [], [true, true]]",
5207,q,a,cx_stage3,,"[[[9, 565], [16, 565]], [], [true, true]]",
5208,q,a,p,,"[[[16, 566]], [], [true]]",
5209,q,a,cx_stage1,,"[[[9, 569], [16, 569]], [], [true, true]]",
5210,q,a,cx_stage2,,"[[[9, 569], [16, 569]], [], [true, true]]",
5211,q,a,cx_stage3,,"[[[9, 569], [16, 569]], [], [true, true]]",
5212,q,a,cx_stage1,,"[[[10, 572], [16, 572]], [], [true, true]]",
5213,q,a,cx_stage3,,"[[[10, 572], [16, 572]], [], [true, true]]",
5214,q,a,p,,"[[[16, 573]], [], [true]]",
5215,q,a,cx_stage1,,"[[[10, 576], [16, 576]], [], [true, true]]",
5216,q,a,cx_stage3,,"[[[10, 576], [16, 576]], [], [true, true]]",
5217,q,a,cx_stage1,,"[[[11, 579], [16, 579]], [], [true, true]]",
5218,q,a,cx_stage3,,"[[[11, 579], [16, 579]], [], [true, true]]",
5219,q,a,p,,"[[[16, 580]], [], [true]]",
5220,q,a,cx_stage1,,"[[[11, 583], [16, 583]], [], [true, true]]",
5221,q,a,cx_stage3,,"[[[11, 583], [16, 583]], [], [true, true]]",
5222,q,a,cx_stage1,,"[[[12, 586], [16, 586]], [], [true, true]]",
5223,q,a,cx_stage3,,"[[[12, 586], [16, 586]], [], [true, true]]",
5224,q,a,p,,"[[[16, 587]], [], [true]]",
5225,q,a,cx_stage1,,"[[[12, 590], [16, 590]], [], [true, true]]",
5226,q,a,cx_stage3,,"[[[12, 590], [16, 590]], [], [true, true]]",
5227,q,a,cx_stage1,,"[[[13, 593], [16, 593]], [], [true, true]]",
5228,q,a,cx_stage3,,"[[[13, 593], [16, 593]], [], [true, true]]",
5229,q,a,p,,"[[[16, 594]], [], [true]]",
5230,q,a,cx_stage1,,"[[[13, 597], [16, 597]], [], [true, true]]",
5231,q,a,cx_stage3,,"[[[13, 597], [16, 597]], [], [true, true]]",
5232,q,a,cx_stage1,,"[[[14, 600], [16, 600]], [], [true, true]]",
5233,q,a,cx_stage3,,"[[[14, 600], [16, 600]], [], [true, true]]",
5234,q,a,p,,"[[[16, 601]], [], [true]]",
5235,q,a,cx_stage1,,"[[[14, 604], [16, 604]], [], [true, true]]",
5236,q,a,cx_stage3,,"[[[14, 604], [16, 604]], [], [true, true]]",
5237,q,a,cx_stage1,,"[[[15, 607], [16, 607]], [], [true, true]]",
5238,q,a,cx_stage3,,"[[[15, 607], [16, 607]], [], [true, true]]",
5239,q,a,p,,"[[[16, 608]], [], [true]]",
5240,q,a,cx_stage1,,"[[[15, 611], [16, 611]], [], [true, true]]",
5241,q,a,cx_stage3,,"[[[15, 611], [16, 611]], [], [true, true]]",
5242,q,a,cx_stage1,,"[[[16, 621], [17, 621]], [], [true, true]]",
5243,q,a,cx_stage2,,"[[[16, 621], [17, 621]], [], [true, true]]",
5244,q,a,cx_stage3,,"[[[16, 621], [17, 621]], [], [true, true]]",
5245,q,a,cx_stage1,,"[[[16, 625], [17, 625]], [], [true, true]]",
5246,q,a,cx_stage2,,"[[[16, 625], [17, 625]], [], [true, true]]",
5247,q,a,cx_stage3,,"[[[16, 625], [17, 625]], [], [true, true]]",
5248,q,a,cx_stage1,,"[[[16, 628], [18, 628]], [], [true, true]]",
5249,q,a,cx_stage2,,"[[[16, 628], [18, 628]], [], [true, true]]",
5250,q,a,cx_stage3,,"[[[16, 628], [18, 628]], [], [true, true]]",
5251,q,a,cx_stage1,,"[[[16, 632], [18, 632]], [], [true, true]]",
5252,q,a,cx_stage2,,"[[[16, 632], [18, 632]], [], [true, true]]",
5253,q,a,cx_stage3,,"[[[16, 632], [18, 632]], [], [true, true]]",
5254,q,a,cx_stage1,,"[[[16, 635], [19, 635]], [], [true, true]]",
5255,q,a,cx_stage2,,"[[[16, 635], [19, 635]], [], [true, true]]",
5256,q,a,cx_stage3,,"[[[16, 635], [19, 635]], [], [true, true]]",
5257,q,a,cx_stage1,,"[[[16, 639], [19, 639]], [], [true, true]]",
5258,q,a,cx_stage2,,"[[[16, 639], [19, 639]], [], [true, true]]",
5259,q,a,cx_stage3,,"[[[16, 639], [19, 639]], [], [true, true]]",
5260,q,a,cx_stage1,,"[[[16, 642], [20, 642]], [], [true, true]]",
5261,q,a,cx_stage2,,"[[[16, 642], [20, 642]], [], [true, true]]",
5262,q,a,cx_stage3,,"[[[16, 642], [20, 642]], [], [true, true]]",
5263,q,a,cx_stage1,,"[[[16, 646], [20, 646]], [], [true, true]]",
5264,q,a,cx_stage2,,"[[[16, 646], [20, 646]], [], [true, true]]",
5265,q,a,cx_stage3,,"[[[16, 646], [20, 646]], [], [true, true]]",
5266,q,a,cx_stage1,,"[[[16, 649], [21, 649]], [], [true, true]]",
5267,q,a,cx_stage2,,"[[[16, 649], [21, 649]], [], [true, true]]",
5268,q,a,cx_stage3,,"[[[16, 649], [21, 649]], [], [true, true]]",
5269,q,a,cx_stage1,,"[[[16, 653], [21, 653]], [], [true, true]]",
5270,q,a,cx_stage2,,"[[[16, 653], [21, 653]], [], [true, true]]",
5271,q,a,cx_stage3,,"[[[16, 653], [21, 653]], [], [true, true]]",
5272,q,a,cx_stage1,,"[[[16, 656], [22, 656]], [], [true, true]]",
5273,q,a,cx_stage2,,"[[[16, 656], [22, 656]], [], [true, true]]",
5274,q,a,cx_stage3,,"[[[16, 656], [22, 656]], [], [true, true]]",
5275,q,a,cx_stage1,,"[[[16, 660], [22, 660]], [], [true, true]]",
5276,q,a,cx_stage2,,"[[[16, 660], [22, 660]], [], [true, true]]",
5277,q,a,cx_stage3,,"[[[16, 660], [22, 660]], [], [true, true]]",
5278,q,a,cx_stage1,,"[[[16, 663], [23, 663]], [], [true, true]]",
5279,q,a,cx_stage2,,"[[[16, 663], [23, 663]], [], [true, true]]",
5280,q,a,cx_stage3,,"[[[16, 663], [23, 663]], [], [true, true]]",
5281,q,a,cx_stage1,,"[[[16, 667], [23, 667]], [], [true, true]]",
5282,q,a,cx_stage2,,"[[[16, 667], [23, 667]], [], [true, true]]",
5283,q,a,cx_stage3,,"[[[16, 667], [23, 667]], [], [true, true]]",
5284,q,a,cx_stage1,,"[[[16, 670], [24, 670]], [], [true, true]]",
5285,q,a,cx_stage2,,"[[[16, 670], [24, 670]], [], [true, true]]",
5286,q,a,cx_stage3,,"[[[16, 670], [24, 670]], [], [true, true]]",
5287,q,a,cx_stage1,,"[[[16, 674], [24, 674]], [], [true, true]]",
5288,q,a,cx_stage2,,"[[[16, 674], [24, 674]], [], [true, true]]",
5289,q,a,cx_stage3,,"[[[16, 674], [24, 674]], [], [true, true]]",
5290,q,a,cx_stage1,,"[[[16, 677], [25, 677]], [], [true, true]]",
5291,q,a,cx_stage2,,"[[[16, 677], [25, 677]], [], [true, true]]",
5292,q,a,cx_stage3,,"[[[16, 677], [25, 677]], [], [true, true]]",
5293,q,a,cx_stage1,,"[[[16, 681], [25, 681]], [], [true, true]]",
5294,q,a,cx_stage2,,"[[[16, 681], [25, 681]], [], [true, true]]",
5295,q,a,cx_stage3,,"[[[16, 681], [25, 681]], [], [true, true]]",
5296,q,a,cx_stage1,,"[[[16, 684], [26, 684]], [], [true, true]]",
5297,q,a,cx_stage2,,"[[[16, 684], [26, 684]], [], [true, true]]",
5298,q,a,cx_stage3,,"[[[16, 684], [26, 684]], [], [true, true]]",
5299,q,a,cx_stage1,,"[[[16, 688], [26, 688]], [], [true, true]]",
5300,q,a,cx_stage2,,"[[[16, 688], [26, 688]], [], [true, true]]",
5301,q,a,cx_stage3,,"[[[16, 688], [26, 688]], [], [true, true]]",
5302,q,a,cx_stage1,,"[[[16, 691], [27, 691]], [], [true, true]]",
5303,q,a,cx_stage2,,"[[[16, 691], [27, 691]], [], [true, true]]",
5304,q,a,cx_stage3,,"[[[16, 691], [27, 691]], [], [true, true]]",
5305,q,a,cx_stage1,,"[[[16, 695], [27, 695]], [], [true, true]]",
5306,q,a,cx_stage2,,"[[[16, 695], [27, 695]], [], [true, true]]",
5307,q,a,cx_stage3,,"[[[16, 695], [27, 695]], [], [true, true]]",
5308,q,a,cx_stage1,,"[[[16, 698], [28, 698]], [], [true, true]]",
5309,q,a,cx_stage2,,"[[[16, 698], [28, 698]], [], [true, true]]",
5310,q,a,cx_stage3,,"[[[16, 698], [28, 698]], [], [true, true]]",
5311,q,a,cx_stage1,,"[[[16, 702], [28, 702]], [], [true, true]]",
5312,q,a,cx_stage2,,"[[[16, 702], [28, 702]], [], [true, true]]",
5313,q,a,cx_stage3,,"[[[16, 702], [28, 702]], [], [true, true]]",
5314,q,a,cx_stage1,,"[[[16, 705], [29, 705]], [], [true, true]]",
5315,q,a,cx_stage2,,"[[[16, 705], [29, 705]], [], [true, true]]",
5316,q,a,cx_stage3,,"[[[16, 705], [29, 705]], [], [true, true]]",
5317,q,a,cx_stage1,,"[[[16, 709], [29, 709]], [], [true, true]]",
5318,q,a,cx_stage2,,"[[[16, 709], [29, 709]], [], [true, true]]",
5319,q,a,cx_stage3,,"[[[16, 709], [29, 709]], [], [true, true]]",
5320,q,a,cx_stage1,,"[[[16, 712], [30, 712]], [], [true, true]]",
5321,q,a,cx_stage2,,"[[[16, 712], [30, 712]], [], [true, true]]",
5322,q,a,cx_stage3,,"[[[16, 712], [30, 712]], [], [true, true]]",
5323,q,a,cx_stage1,,"[[[16, 716], [30, 716]], [], [true, true]]",
5324,q,a,cx_stage2,,"[[[16, 716], [30, 716]], [], [true, true]]",
5325,q,a,cx_stage3,,"[[[16, 716], [30, 716]], [], [true, true]]",
5326,q,a,cx_stage1,,"[[[16, 719], [31, 719]], [], [true, true]]",
5327,q,a,cx_stage2,,"[[[16, 719], [31, 719]], [], [true, true]]",
5328,q,a,cx_stage3,,"[[[16, 719], [31, 719]], [], [true, true]]",
5329,q,a,cx_stage1,,"[[[16, 723], [31, 723]], [], [true, true]]",
5330,q,a,cx_stage2,,"[[[16, 723], [31, 723]], [], [true, true]]",
5331,q,a,cx_stage3,,"[[[16, 723], [31, 723]], [], [true, true]]",
5332,q,a,cx_stage1,,"[[[16, 726], [32, 726]], [], [true, true]]",
5333,q,a,cx_stage2,,"[[[16, 726], [32, 726]], [], [true, true]]",
5334,q,a,cx_stage3,,"[[[16, 726], [32, 726]], [], [true, true]]",
5335,q,a,cx_stage1,,"[[[16, 730], [32, 730]], [], [true, true]]",
5336,q,a,cx_stage2,,"[[[16, 730], [32, 730]], [], [true, true]]",
5337,q,a,cx_stage3,,"[[[16, 730], [32, 730]], [], [true, true]]",
5338,q,a,cx_stage1,,"[[[16, 733], [33, 733]], [], [true, true]]",
5339,q,a,cx_stage2,,"[[[16, 733], [33, 733]], [], [true, true]]",
5340,q,a,cx_stage3,,"[[[16, 733], [33, 733]], [], [true, true]]",
5341,q,a,cx_stage1,,"[[[16, 737], [33, 737]], [], [true, true]]",
5342,q,a,cx_stage2,,"[[[16, 737], [33, 737]], [], [true, true]]",
5343,q,a,cx_stage3,,"[[[16, 737], [33, 737]], [], [true, true]]",
5344,q,a,cx_stage1,,"[[[16, 740], [34, 740]], [], [true, true]]",
5345,q,a,cx_stage2,,"[[[16, 740], [34, 740]], [], [true, true]]",
5346,q,a,cx_stage3,,"[[[16, 740], [34, 740]], [], [true, true]]",
5347,q,a,cx_stage1,,"[[[16, 744], [34, 744]], [], [true, true]]",
5348,q,a,cx_stage2,,"[[[16, 744], [34, 744]], [], [true, true]]",
5349,q,a,cx_stage3,,"[[[16, 744], [34, 744]], [], [true, true]]",
5350,q,a,cx_stage1,,"[[[16, 747], [35, 747]], [], [true, true]]",
5351,q,a,cx_stage2,,"[[[16, 747], [35, 747]], [], [true, true]]",
5352,q,a,cx_stage3,,"[[[16, 747], [35, 747]], [], [true, true]]",
5353,q,a,cx_stage1,,"[[[16, 751], [35, 751]], [], [true, true]]",
5354,q,a,cx_stage2,,"[[[16, 751], [35, 751]], [], [true, true]]",
5355,q,a,cx_stage3,,"[[[16, 751], [35, 751]], [], [true, true]]",
5356,q,a,cx_stage1,,"[[[16, 754], [36, 754]], [], [true, true]]",
5357,q,a,cx_stage2,,"[[[16, 754], [36, 754]], [], [true, true]]",
5358,q,a,cx_stage3,,"[[[16, 754], [36, 754]], [], [true, true]]",
5359,q,a,cx_stage1,,"[[[16, 758], [36, 758]], [], [true, true]]",
5360,q,a,cx_stage2,,"[[[16, 758], [36, 758]], [], [true, true]]",
5361,q,a,cx_stage3,,"[[[16, 758], [36, 758]], [], [true, true]]",
5362,q,a,cx_stage1,,"[[[16, 761], [37, 761]], [], [true, true]]",
5363,q,a,cx_stage2,,"[[[16, 761], [37, 761]], [], [true, true]]",
5364,q,a,cx_stage3,,"[[[16, 761], [37, 761]], [], [true, true]]",
5365,q,a,cx_stage1,,"[[[16, 765], [37, 765]], [], [true, true]]",
5366,q,a,cx_stage2,,"[[[16, 765], [37, 765]], [], [true, true]]",
5367,q,a,cx_stage3,,"[[[16, 765], [37, 765]], [], [true, true]]",
5368,q,a,cx_stage1,,"[[[16, 768], [38, 768]], [], [true, true]]",
5369,q,a,cx_stage2,,"[[[16, 768], [38, 768]], [], [true, true]]",
5370,q,a,cx_stage3,,"[[[16, 768], [38, 768]], [], [true, true]]",
5371,q,a,cx_stage1,,"[[[16, 772], [38, 772]], [], [true, true]]",
5372,q,a,cx_stage2,,"[[[16, 772], [38, 772]], [], [true, true]]",
5373,q,a,cx_stage3,,"[[[16, 772], [38, 772]], [], [true, true]]",
5374,q,a,cx_stage1,,"[[[16, 775], [39, 775]], [], [true, true]]",
5375,q,a,cx_stage2,,"[[[16, 775], [39, 775]], [], [true, true]]",
5376,q,a,cx_stage3,,"[[[16, 775], [39, 775]], [], [true, true]]",
5377,q,a,cx_stage1,,"[[[16, 779], [39, 779]], [], [true, true]]",
5378,q,a,cx_stage2,,"[[[16, 779], [39, 779]], [], [true, true]]",
5379,q,a,cx_stage3,,"[[[16, 779], [39, 779]], [], [true, true]]",
5380,q,a,cx_stage1,,"[[[16, 782], [40, 782]], [], [true, true]]",
5381,q,a,cx_stage2,,"[[[16, 782], [40, 782]], [], [true, true]]",
5382,q,a,cx_stage3,,"[[[16, 782], [40, 782]], [], [true, true]]",
5383,q,a,cx_stage1,,"[[[16, 786], [40, 786]], [], [true, true]]",
5384,q,a,cx_stage2,,"[[[16, 786], [40, 786]], [], [true, true]]",
5385,q,a,cx_stage3,,"[[[16, 786], [40, 786]], [], [true, true]]",
5386,q,a,cx_stage1,,"[[[16, 789], [41, 789]], [], [true, true]]",
5387,q,a,cx_stage2,,"[[[16, 789], [41, 789]], [], [true, true]]",
5388,q,a,cx_stage3,,"[[[16, 789], [41, 789]], [], [true, true]]",
5389,q,a,cx_stage1,,"[[[16, 793], [41, 793]], [], [true, true]]",
5390,q,a,cx_stage2,,"[[[16, 793], [41, 793]], [], [true, true]]",
5391,q,a,cx_stage3,,"[[[16, 793], [41, 793]], [], [true, true]]",
5392,q,a,cx_stage1,,"[[[16, 796], [42, 796]], [], [true, true]]",
5393,q,a,cx_stage2,,"[[[16, 796], [42, 796]], [], [true, true]]",
5394,q,a,cx_stage3,,"[[[16, 796], [42, 796]], [], [true, true]]",
5395,q,a,cx_stage1,,"[[[16, 800], [42, 800]], [], [true, true]]",
5396,q,a,cx_stage2,,"[[[16, 800], [42, 800]], [], [true, true]]",
5397,q,a,cx_stage3,,"[[[16, 800], [42, 800]], [], [true, true]]",
5398,q,a,cx_stage1,,"[[[16, 803], [43, 803]], [], [true, true]]",
5399,q,a,cx_stage2,,"[[[16, 803], [43, 803]], [], [true, true]]",
5400,q,a,cx_stage3,,"[[[16, 803], [43, 803]], [], [true, true]]",
5401,q,a,cx_stage1,,"[[[16, 807], [43, 807]], [], [true, true]]",
5402,q,a,cx_stage2,,"[[[16, 807], [43, 807]], [], [true, true]]",
5403,q,a,cx_stage3,,"[[[16, 807], [43, 807]], [], [true, true]]",
5404,q,a,cx_stage1,,"[[[16, 810], [44, 810]], [], [true, true]]",
5405,q,a,cx_stage2,,"[[[16, 810], [44, 810]], [], [true, true]]",
5406,q,a,cx_stage3,,"[[[16, 810], [44, 810]], [], [true, true]]",
5407,q,a,cx_stage1,,"[[[16, 814], [44, 814]], [], [true, true]]",
5408,q,a,cx_stage2,,"[[[16, 814], [44, 814]], [], [true, true]]",
5409,q,a,cx_stage3,,"[[[16, 814], [44, 814]], [], [true, true]]",
5410,q,a,cx_stage1,,"[[[16, 817], [45, 817]], [], [true, true]]",
5411,q,a,cx_stage2,,"[[[16, 817], [45, 817]], [], [true, true]]",
5412,q,a,cx_stage3,,"[[[16, 817], [45, 817]], [], [true, true]]",
5413,q,a,cx_stage1,,"[[[16, 821], [45, 821]], [], [true, true]]",
5414,q,a,cx_stage2,,"[[[16, 821], [45, 821]], [], [true, true]]",
5415,q,a,cx_stage3,,"[[[16, 821], [45, 821]], [], [true, true]]",
5416,q,a,cx_stage1,,"[[[16, 824], [46, 824]], [], [true, true]]",
5417,q,a,cx_stage2,,"[[[16, 824], [46, 824]], [], [true, true]]",
5418,q,a,cx_stage3,,"[[[16, 824], [46, 824]], [], [true, true]]",
5419,q,a,cx_stage1,,"[[[16, 828], [46, 828]], [], [true, true]]",
5420,q,a,cx_stage2,,"[[[16, 828], [46, 828]], [], [true, true]]",
5421,q,a,cx_stage3,,"[[[16, 828], [46, 828]], [], [true, true]]",
5422,q,a,cx_stage1,,"[[[16, 831], [47, 831]], [], [true, true]]",
5423,q,a,cx_stage2,,"[[[16, 831], [47, 831]], [], [true, true]]",
5424,q,a,cx_stage3,,"[[[16, 831], [47, 831]], [], [true, true]]",
5425,q,a,cx_stage1,,"[[[16, 835], [47, 835]], [], [true, true]]",
5426,q,a,cx_stage2,,"[[[16, 835], [47, 835]], [], [true, true]]",
5427,q,a,cx_stage3,,"[[[16, 835], [47, 835]], [], [true, true]]",
5428,q,a,cx_stage1,,"[[[16, 838], [48, 838]], [], [true, true]]",
5429,q,a,cx_stage2,,"[[[16, 838], [48, 838]], [], [true, true]]",
5430,q,a,cx_stage3,,"[[[16, 838], [48, 838]], [], [true, true]]",
5431,q,a,cx_stage1,,"[[[16, 842], [48, 842]], [], [true, true]]",
5432,q,a,cx_stage2,,"[[[16, 842], [48, 842]], [], [true, true]]",
5433,q,a,cx_stage3,,"[[[16, 842], [48, 842]], [], [true, true]]",
5434,q,a,cx_stage1,,"[[[16, 845], [49, 845]], [], [true, true]]",
5435,q,a,cx_stage2,,"[[[16, 845], [49, 845]], [], [true, true]]",
5436,q,a,cx_stage3,,"[[[16, 845], [49, 845]], [], [true, true]]",
5437,q,a,cx_stage1,,"[[[16, 849], [49, 849]], [], [true, true]]",
5438,q,a,cx_stage2,,"[[[16, 849], [49, 849]], [], [true, true]]",
5439,q,a,cx_stage3,,"[[[16, 849], [49, 849]], [], [true, true]]",
5440,q,a,cx_stage1,,"[[[16, 852], [50, 852]], [], [true, true]]",
5441,q,a,cx_stage2,,"[[[16, 852], [50, 852]], [], [true, true]]",
5442,q,a,cx_stage3,,"[[[16, 852], [50, 852]], [], [true, true]]",
5443,q,a,cx_stage1,,"[[[16, 856], [50, 856]], [], [true, true]]",
5444,q,a,cx_stage2,,"[[[16, 856], [50, 856]], [], [true, true]]",
5445,q,a,cx_stage3,,"[[[16, 856], [50, 856]], [], [true, true]]",
5446,q,a,cx_stage1,,"[[[16, 859], [51, 859]], [], [true, true]]",
5447,q,a,cx_stage2,,"[[[16, 859], [51, 859]], [], [true, true]]",
5448,q,a,cx_stage3,,"[[[16, 859], [51, 859]], [], [true, true]]",
5449,q,a,cx_stage1,,"[[[16, 863], [51, 863]], [], [true, true]]",
5450,q,a,cx_stage2,,"[[[16, 863], [51, 863]], [], [true, true]]",
5451,q,a,cx_stage3,,"[[[16, 863], [51, 863]], [], [true, true]]",
5452,q,a,cx_stage1,,"[[[16, 866], [52, 866]], [], [true, true]]",
5453,q,a,cx_stage2,,"[[[16, 866], [52, 866]], [], [true, true]]",
5454,q,a,cx_stage3,,"[[[16, 866], [52, 866]], [], [true, true]]",
5455,q,a,cx_stage1,,"[[[16, 870], [52, 870]], [], [true, true]]",
5456,q,a,cx_stage2,,"[[[16, 870], [52, 870]], [], [true, true]]",
5457,q,a,cx_stage3,,"[[[16, 870], [52, 870]], [], [true, true]]",
5458,q,a,cx_stage1,,"[[[16, 873], [53, 873]], [], [true, true]]",
5459,q,a,cx_stage2,,"[[[16, 873], [53, 873]], [], [true, true]]",
5460,q,a,cx_stage3,,"[[[16, 873], [53, 873]], [], [true, true]]",
5461,q,a,cx_stage1,,"[[[16, 877], [53, 877]], [], [true, true]]",
5462,q,a,cx_stage2,,"[[[16, 877], [53, 877]], [], [true, true]]",
5463,q,a,cx_stage3,,"[[[16, 877], [53, 877]], [], [true, true]]",
5464,q,a,cx_stage1,,"[[[16, 880], [54, 880]], [], [true, true]]",
5465,q,a,cx_stage2,,"[[[16, 880], [54, 880]], [], [true, true]]",
5466,q,a,cx_stage3,,"[[[16, 880], [54, 880]], [], [true, true]]",
5467,q,a,cx_stage1,,"[[[16, 884], [54, 884]], [], [true, true]]",
5468,q,a,cx_stage2,,"[[[16, 884], [54, 884]], [], [true, true]]",
5469,q,a,cx_stage3,,"[[[16, 884], [54, 884]], [], [true, true]]",
5470,q,a,cx_stage1,,"[[[16, 887], [55, 887]], [], [true, true]]",
5471,q,a,cx_stage2,,"[[[16, 887], [55, 887]], [], [true, true]]",
5472,q,a,cx_stage3,,"[[[16, 887], [55, 887]], [], [true, true]]",
5473,q,a,cx_stage1,,"[[[16, 891], [55, 891]], [], [true, true]]",
5474,q,a,cx_stage2,,"[[[16, 891], [55, 891]], [], [true, true]]",
5475,q,a,cx_stage3,,"[[[16, 891], [55, 891]], [], [true, true]]",
5476,q,a,ry,,"[[[16, 892]], [], [true]]",
5477,q,a,u2,,"[[[17, 1]], [], [true]]",
5478,q,a,cx_stage1,,"[[[0, 116], [17, 116]], [], [true, true]]",
5479,q,a,cx_stage3,,"[[[0, 116], [17, 116]], [], [true, true]]",
5480,q,a,p,,"[[[17, 117]], [], [true]]",
5481,q,a,cx_stage1,,"[[[0, 120], [17, 120]], [], [true, true]]",
5482,q,a,cx_stage3,,"[[[0, 120], [17, 120]], [], [true, true]]",
5483,q,a,cx_stage1,,"[[[1, 123], [17, 123]], [], [true, true]]",
5484,q,a,cx_stage2,,"[[[1, 123], [17, 123]], [], [true, true]]",
5485,q,a,cx_stage3,,"[[[1, 123], [17, 123]], [], [true, true]]",
5486,q,a,p,,"[[[17, 124]], [], [true]]",
5487,q,a,cx_stage1,,"[[[1, 127], [17, 127]], [], [true, true]]",
5488,q,a,cx_stage2,,"[[[1, 127], [17, 127]], [], [true, true]]",
5489,q,a,cx_stage3,,"[[[1, 127], [17, 127]], [], [true, true]]",
5490,q,a,cx_stage1,,"[[[2, 130], [17, 130]], [], [true, true]]",
5491,q,a,cx_stage2,,"[[[17, 1272], [18, 1272]], [], [true, true]]",
5492,q,a,cx_stage1,,"[[[17, 1272], [18, 1272]], [], [true, true]]",
5493,q,a,cx_stage3,,"[[[17, 1272], [18, 1272]], [], [true, true]]",
5494,q,a,cx_stage1,,"[[[16, 1275], [17, 1275]], [], [true, true]]",
5495,q,a,cx_stage3,,"[[[16, 1275], [17, 1275]], [], [true, true]]",
5496,q,a,ry,,"[[[17, 1276]], [], [true]]",
5497,q,a,cx_stage2,,"[[[2, 130], [17, 130]], [], [true, true]]",
5498,q,a,cx_stage3,,"[[[2, 130], [17, 130]], [], [true, true]]",
5499,q,a,p,,"[[[17, 131]], [], [true]]",
5500,q,a,cx_stage1,,"[[[2, 134], [17, 134]], [], [true, true]]",
5501,q,a,cx_stage2,,"[[[2, 134], [17, 134]], [], [true, true]]",
5502,q,a,cx_stage3,,"[[[2, 134], [17, 134]], [], [true, true]]",
5503,q,a,cx_stage1,,"[[[3, 137], [17, 137]], [], [true, true]]",
5504,q,a,cx_stage2,,"[[[3, 137], [17, 137]], [], [true, true]]",
5505,q,a,cx_stage3,,"[[[3, 137], [17, 137]], [], [true, true]]",
5506,q,a,p,,"[[[17, 138]], [], [true]]",
5507,q,a,cx_stage1,,"[[[3, 141], [17, 141]], [], [true, true]]",
5508,q,a,cx_stage2,,"[[[3, 141], [17, 141]], [], [true, true]]",
5509,q,a,cx_stage3,,"[[[3, 141], [17, 141]], [], [true, true]]",
5510,q,a,cx_stage1,,"[[[4, 144], [17, 144]], [], [true, true]]",
5511,q,a,cx_stage2,,"[[[4, 144], [17, 144]], [], [true, true]]",
5512,q,a,cx_stage3,,"[[[4, 144], [17, 144]], [], [true, true]]",
5513,q,a,p,,"[[[17, 145]], [], [true]]",
5514,q,a,cx_stage1,,"[[[4, 148], [17, 148]], [], [true, true]]",
5515,q,a,cx_stage2,,"[[[4, 148], [17, 148]], [], [true, true]]",
5516,q,a,cx_stage3,,"[[[4, 148], [17, 148]], [], [true, true]]",
5517,q,a,cx_stage1,,"[[[5, 151], [17, 151]], [], [true, true]]",
5518,q,a,cx_stage2,,"[[[5, 151], [17, 151]], [], [true, true]]",
5519,q,a,cx_stage3,,"[[[5, 151], [17, 151]], [], [true, true]]",
5520,q,a,p,,"[[[17, 152]], [], [true]]",
5521,q,a,cx_stage1,,"[[[5, 155], [17, 155]], [], [true, true]]",
5522,q,a,cx_stage2,,"[[[5, 155], [17, 155]], [], [true, true]]",
5523,q,a,cx_stage3,,"[[[5, 155], [17, 155]], [], [true, true]]",
5524,q,a,cx_stage1,,"[[[6, 158], [17, 158]], [], [true, true]]",
5525,q,a,cx_stage2,,"[[[6, 158], [17, 158]], [], [true, true]]",
5526,q,a,cx_stage3,,"[[[6, 158], [17, 158]], [], [true, true]]",
5527,q,a,p,,"[[[17, 159]], [], [true]]",
5528,q,a,cx_stage1,,"[[[6, 162], [17, 162]], [], [true, true]]",
5529,q,a,cx_stage2,,"[[[6, 162], [17, 162]], [], [true, true]]",
5530,q,a,cx_stage3,,"[[[6, 162], [17, 162]], [], [true, true]]",
5531,q,a,cx_stage1,,"[[[7, 165], [17, 165]], [], [true, true]]",
5532,q,a,cx_stage2,,"[[[7, 165], [17, 165]], [], [true, true]]",
5533,q,a,cx_stage3,,"[[[7, 165], [17, 165]], [], [true, true]]",
5534,q,a,p,,"[[[17, 166]], [], [true]]",
5535,q,a,cx_stage1,,"[[[7, 169], [17, 169]], [], [true, true]]",
5536,q,a,cx_stage2,,"[[[7, 169], [17, 169]], [], [true, true]]",
5537,q,a,cx_stage3,,"[[[7, 169], [17, 169]], [], [true, true]]",
5538,q,a,cx_stage1,,"[[[8, 172], [17, 172]], [], [true, true]]",
5539,q,a,cx_stage2,,"[[[8, 172], [17, 172]], [], [true, true]]",
5540,q,a,cx_stage3,,"[[[8, 172], [17, 172]], [], [true, true]]",
5541,q,a,p,,"[[[17, 173]], [], [true]]",
5542,q,a,cx_stage1,,"[[[8, 176], [17, 176]], [], [true, true]]",
5543,q,a,cx_stage2,,"[[[8, 176], [17, 176]], [], [true, true]]",
5544,q,a,cx_stage3,,"[[[8, 176], [17, 176]], [], [true, true]]",
5545,q,a,cx_stage1,,"[[[9, 179], [17, 179]], [], [true, true]]",
5546,q,a,cx_stage2,,"[[[9, 179], [17, 179]], [], [true, true]]",
5547,q,a,cx_stage3,,"[[[9, 179], [17, 179]], [], [true, true]]",
5548,q,a,p,,"[[[17, 180]], [], [true]]",
5549,q,a,cx_stage1,,"[[[9, 183], [17, 183]], [], [true, true]]",
5550,q,a,cx_stage2,,"[[[9, 183], [17, 183]], [], [true, true]]",
5551,q,a,cx_stage3,,"[[[9, 183], [17, 183]], [], [true, true]]",
5552,q,a,cx_stage1,,"[[[10, 186], [17, 186]], [], [true, true]]",
5553,q,a,cx_stage3,,"[[[10, 186], [17, 186]], [], [true, true]]",
5554,q,a,p,,"[[[17, 187]], [], [true]]",
5555,q,a,cx_stage1,,"[[[10, 190], [17, 190]], [], [true, true]]",
5556,q,a,cx_stage3,,"[[[10, 190], [17, 190]], [], [true, true]]",
5557,q,a,cx_stage1,,"[[[11, 193], [17, 193]], [], [true, true]]",
5558,q,a,cx_stage3,,"[[[11, 193], [17, 193]], [], [true, true]]",
5559,q,a,p,,"[[[17, 194]], [], [true]]",
5560,q,a,cx_stage1,,"[[[11, 197], [17, 197]], [], [true, true]]",
5561,q,a,cx_stage3,,"[[[11, 197], [17, 197]], [], [true, true]]",
5562,q,a,cx_stage1,,"[[[12, 200], [17, 200]], [], [true, true]]",
5563,q,a,cx_stage3,,"[[[12, 200], [17, 200]], [], [true, true]]",
5564,q,a,p,,"[[[17, 201]], [], [true]]",
5565,q,a,cx_stage1,,"[[[12, 204], [17, 204]], [], [true, true]]",
5566,q,a,cx_stage3,,"[[[12, 204], [17, 204]], [], [true, true]]",
5567,q,a,cx_stage1,,"[[[13, 207], [17, 207]], [], [true, true]]",
5568,q,a,cx_stage3,,"[[[13, 207], [17, 207]], [], [true, true]]",
5569,q,a,p,,"[[[17, 208]], [], [true]]",
5570,q,a,cx_stage1,,"[[[13, 211], [17, 211]], [], [true, true]]",
5571,q,a,cx_stage3,,"[[[13, 211], [17, 211]], [], [true, true]]",
5572,q,a,cx_stage1,,"[[[14, 214], [17, 214]], [], [true, true]]",
5573,q,a,cx_stage3,,"[[[14, 214], [17, 214]], [], [true, true]]",
5574,q,a,p,,"[[[17, 215]], [], [true]]",
5575,q,a,cx_stage1,,"[[[14, 218], [17, 218]], [], [true, true]]",
5576,q,a,cx_stage3,,"[[[14, 218], [17, 218]], [], [true, true]]",
5577,q,a,cx_stage1,,"[[[15, 221], [17, 221]], [], [true, true]]",
5578,q,a,cx_stage3,,"[[[15, 221], [17, 221]], [], [true, true]]",
5579,q,a,p,,"[[[17, 222]], [], [true]]",
5580,q,a,cx_stage1,,"[[[15, 225], [17, 225]], [], [true, true]]",
5581,q,a,cx_stage3,,"[[[15, 225], [17, 225]], [], [true, true]]",
5582,q,a,cx_stage1,,"[[[16, 228], [17, 228]], [], [true, true]]",
5583,q,a,cx_stage3,,"[[[16, 228], [17, 228]], [], [true, true]]",
5584,q,a,p,,"[[[17, 229]], [], [true]]",
5585,q,a,cx_stage1,,"[[[16, 232], [17, 232]], [], [true, true]]",
5586,q,a,cx_stage3,,"[[[16, 232], [17, 232]], [], [true, true]]",
5587,q,a,cx_stage1,,"[[[17, 242], [18, 242]], [], [true, true]]",
5588,q,a,cx_stage2,,"[[[17, 242], [18, 242]], [], [true, true]]",
5589,q,a,cx_stage3,,"[[[17, 242], [18, 242]], [], [true, true]]",
5590,q,a,cx_stage1,,"[[[17, 246], [18, 246]], [], [true, true]]",
5591,q,a,cx_stage2,,"[[[17, 246], [18, 246]], [], [true, true]]",
5592,q,a,cx_stage3,,"[[[17, 246], [18, 246]], [], [true, true]]",
5593,q,a,cx_stage1,,"[[[17, 249], [19, 249]], [], [true, true]]",
5594,q,a,cx_stage2,,"[[[17, 249], [19, 249]], [], [true, true]]",
5595,q,a,cx_stage3,,"[[[17, 249], [19, 249]], [], [true, true]]",
5596,q,a,cx_stage1,,"[[[17, 253], [19, 253]], [], [true, true]]",
5597,q,a,cx_stage2,,"[[[17, 253], [19, 253]], [], [true, true]]",
5598,q,a,cx_stage3,,"[[[17, 253], [19, 253]], [], [true, true]]",
5599,q,a,cx_stage1,,"[[[17, 256], [20, 256]], [], [true, true]]",
5600,q,a,cx_stage2,,"[[[17, 256], [20, 256]], [], [true, true]]",
5601,q,a,cx_stage3,,"[[[17, 256], [20, 256]], [], [true, true]]",
5602,q,a,cx_stage1,,"[[[17, 260], [20, 260]], [], [true, true]]",
5603,q,a,cx_stage2,,"[[[17, 260], [20, 260]], [], [true, true]]",
5604,q,a,cx_stage3,,"[[[17, 260], [20, 260]], [], [true, true]]",
5605,q,a,cx_stage1,,"[[[17, 263], [21, 263]], [], [true, true]]",
5606,q,a,cx_stage2,,"[[[17, 263], [21, 263]], [], [true, true]]",
5607,q,a,cx_stage3,,"[[[17, 263], [21, 263]], [], [true, true]]",
5608,q,a,cx_stage1,,"[[[17, 267], [21, 267]], [], [true, true]]",
5609,q,a,cx_stage2,,"[[[17, 267], [21, 267]], [], [true, true]]",
5610,q,a,cx_stage3,,"[[[17, 267], [21, 267]], [], [true, true]]",
5611,q,a,cx_stage1,,"[[[17, 270], [22, 270]], [], [true, true]]",
5612,q,a,cx_stage2,,"[[[17, 270], [22, 270]], [], [true, true]]",
5613,q,a,cx_stage3,,"[[[17, 270], [22, 270]], [], [true, true]]",
5614,q,a,cx_stage1,,"[[[17, 274], [22, 274]], [], [true, true]]",
5615,q,a,cx_stage2,,"[[[17, 274], [22, 274]], [], [true, true]]",
5616,q,a,cx_stage3,,"[[[17, 274], [22, 274]], [], [true, true]]",
5617,q,a,cx_stage1,,"[[[17, 277], [23, 277]], [], [true, true]]",
5618,q,a,cx_stage2,,"[[[17, 277], [23, 277]], [], [true, true]]",
5619,q,a,cx_stage3,,"[[[17, 277], [23, 277]], [], [true, true]]",
5620,q,a,cx_stage1,,"[[[17, 281], [23, 281]], [], [true, true]]",
5621,q,a,cx_stage2,,"[[[17, 281], [23, 281]], [], [true, true]]",
5622,q,a,cx_stage3,,"[[[17, 281], [23, 281]], [], [true, true]]",
5623,q,a,cx_stage1,,"[[[17, 284], [24, 284]], [], [true, true]]",
5624,q,a,cx_stage2,,"[[[17, 284], [24, 284]], [], [true, true]]",
5625,q,a,cx_stage3,,"[[[17, 284], [24, 284]], [], [true, true]]",
5626,q,a,cx_stage1,,"[[[17, 288], [24, 288]], [], [true, true]]",
5627,q,a,cx_stage2,,"[[[17, 288], [24, 288]], [], [true, true]]",
5628,q,a,cx_stage3,,"[[[17, 288], [24, 288]], [], [true, true]]",
5629,q,a,cx_stage1,,"[[[17, 291], [25, 291]], [], [true, true]]",
5630,q,a,cx_stage2,,"[[[17, 291], [25, 291]], [], [true, true]]",
5631,q,a,cx_stage3,,"[[[17, 291], [25, 291]], [], [true, true]]",
5632,q,a,cx_stage1,,"[[[17, 295], [25, 295]], [], [true, true]]",
5633,q,a,cx_stage2,,"[[[17, 295], [25, 295]], [], [true, true]]",
5634,q,a,cx_stage3,,"[[[17, 295], [25, 295]], [], [true, true]]",
5635,q,a,cx_stage1,,"[[[17, 298], [26, 298]], [], [true, true]]",
5636,q,a,cx_stage2,,"[[[17, 298], [26, 298]], [], [true, true]]",
5637,q,a,cx_stage3,,"[[[17, 298], [26, 298]], [], [true, true]]",
5638,q,a,cx_stage1,,"[[[17, 302], [26, 302]], [], [true, true]]",
5639,q,a,cx_stage2,,"[[[17, 302], [26, 302]], [], [true, true]]",
5640,q,a,cx_stage3,,"[[[17, 302], [26, 302]], [], [true, true]]",
5641,q,a,cx_stage1,,"[[[17, 305], [27, 305]], [], [true, true]]",
5642,q,a,cx_stage2,,"[[[17, 305], [27, 305]], [], [true, true]]",
5643,q,a,cx_stage3,,"[[[17, 305], [27, 305]], [], [true, true]]",
5644,q,a,cx_stage1,,"[[[17, 309], [27, 309]], [], [true, true]]",
5645,q,a,cx_stage2,,"[[[17, 309], [27, 309]], [], [true, true]]",
5646,q,a,cx_stage3,,"[[[17, 309], [27, 309]], [], [true, true]]",
5647,q,a,cx_stage1,,"[[[17, 312], [28, 312]], [], [true, true]]",
5648,q,a,cx_stage2,,"[[[17, 312], [28, 312]], [], [true, true]]",
5649,q,a,cx_stage3,,"[[[17, 312], [28, 312]], [], [true, true]]",
5650,q,a,cx_stage1,,"[[[17, 316], [28, 316]], [], [true, true]]",
5651,q,a,cx_stage2,,"[[[17, 316], [28, 316]], [], [true, true]]",
5652,q,a,cx_stage3,,"[[[17, 316], [28, 316]], [], [true, true]]",
5653,q,a,cx_stage1,,"[[[17, 319], [29, 319]], [], [true, true]]",
5654,q,a,cx_stage2,,"[[[17, 319], [29, 319]], [], [true, true]]",
5655,q,a,cx_stage3,,"[[[17, 319], [29, 319]], [], [true, true]]",
5656,q,a,cx_stage1,,"[[[17, 323], [29, 323]], [], [true, true]]",
5657,q,a,cx_stage2,,"[[[17, 323], [29, 323]], [], [true, true]]",
5658,q,a,cx_stage3,,"[[[17, 323], [29, 323]], [], [true, true]]",
5659,q,a,cx_stage1,,"[[[17, 326], [30, 326]], [], [true, true]]",
5660,q,a,cx_stage2,,"[[[17, 326], [30, 326]], [], [true, true]]",
5661,q,a,cx_stage3,,"[[[17, 326], [30, 326]], [], [true, true]]",
5662,q,a,cx_stage1,,"[[[17, 330], [30, 330]], [], [true, true]]",
5663,q,a,cx_stage2,,"[[[17, 330], [30, 330]], [], [true, true]]",
5664,q,a,cx_stage3,,"[[[17, 330], [30, 330]], [], [true, true]]",
5665,q,a,cx_stage1,,"[[[17, 333], [31, 333]], [], [true, true]]",
5666,q,a,cx_stage2,,"[[[17, 333], [31, 333]], [], [true, true]]",
5667,q,a,cx_stage3,,"[[[17, 333], [31, 333]], [], [true, true]]",
5668,q,a,cx_stage1,,"[[[17, 337], [31, 337]], [], [true, true]]",
5669,q,a,cx_stage2,,"[[[17, 337], [31, 337]], [], [true, true]]",
5670,q,a,cx_stage3,,"[[[17, 337], [31, 337]], [], [true, true]]",
5671,q,a,cx_stage1,,"[[[17, 340], [32, 340]], [], [true, true]]",
5672,q,a,cx_stage2,,"[[[17, 340], [32, 340]], [], [true, true]]",
5673,q,a,cx_stage3,,"[[[17, 340], [32, 340]], [], [true, true]]",
5674,q,a,cx_stage1,,"[[[17, 344], [32, 344]], [], [true, true]]",
5675,q,a,cx_stage2,,"[[[17, 344], [32, 344]], [], [true, true]]",
5676,q,a,cx_stage3,,"[[[17, 344], [32, 344]], [], [true, true]]",
5677,q,a,cx_stage1,,"[[[17, 347], [33, 347]], [], [true, true]]",
5678,q,a,cx_stage2,,"[[[17, 347], [33, 347]], [], [true, true]]",
5679,q,a,cx_stage3,,"[[[17, 347], [33, 347]], [], [true, true]]",
5680,q,a,cx_stage1,,"[[[17, 351], [33, 351]], [], [true, true]]",
5681,q,a,cx_stage2,,"[[[17, 351], [33, 351]], [], [true, true]]",
5682,q,a,cx_stage3,,"[[[17, 351], [33, 351]], [], [true, true]]",
5683,q,a,cx_stage1,,"[[[17, 354], [34, 354]], [], [true, true]]",
5684,q,a,cx_stage2,,"[[[17, 354], [34, 354]], [], [true, true]]",
5685,q,a,cx_stage3,,"[[[17, 354], [34, 354]], [], [true, true]]",
5686,q,a,cx_stage1,,"[[[17, 358], [34, 358]], [], [true, true]]",
5687,q,a,cx_stage2,,"[[[17, 358], [34, 358]], [], [true, true]]",
5688,q,a,cx_stage3,,"[[[17, 358], [34, 358]], [], [true, true]]",
5689,q,a,cx_stage1,,"[[[17, 361], [35, 361]], [], [true, true]]",
5690,q,a,cx_stage2,,"[[[17, 361], [35, 361]], [], [true, true]]",
5691,q,a,cx_stage3,,"[[[17, 361], [35, 361]], [], [true, true]]",
5692,q,a,cx_stage1,,"[[[17, 365], [35, 365]], [], [true, true]]",
5693,q,a,cx_stage2,,"[[[17, 365], [35, 365]], [], [true, true]]",
5694,q,a,cx_stage3,,"[[[17, 365], [35, 365]], [], [true, true]]",
5695,q,a,cx_stage1,,"[[[17, 368], [36, 368]], [], [true, true]]",
5696,q,a,cx_stage2,,"[[[17, 368], [36, 368]], [], [true, true]]",
5697,q,a,cx_stage3,,"[[[17, 368], [36, 368]], [], [true, true]]",
5698,q,a,cx_stage1,,"[[[17, 372], [36, 372]], [], [true, true]]",
5699,q,a,cx_stage2,,"[[[17, 372], [36, 372]], [], [true, true]]",
5700,q,a,cx_stage3,,"[[[17, 372], [36, 372]], [], [true, true]]",
5701,q,a,cx_stage1,,"[[[17, 375], [37, 375]], [], [true, true]]",
5702,q,a,cx_stage2,,"[[[17, 375], [37, 375]], [], [true, true]]",
5703,q,a,cx_stage3,,"[[[17, 375], [37, 375]], [], [true, true]]",
5704,q,a,cx_stage1,,"[[[17, 379], [37, 379]], [], [true, true]]",
5705,q,a,cx_stage2,,"[[[17, 379], [37, 379]], [], [true, true]]",
5706,q,a,cx_stage3,,"[[[17, 379], [37, 379]], [], [true, true]]",
5707,q,a,cx_stage1,,"[[[17, 382], [38, 382]], [], [true, true]]",
5708,q,a,cx_stage2,,"[[[17, 382], [38, 382]], [], [true, true]]",
5709,q,a,cx_stage3,,"[[[17, 382], [38, 382]], [], [true, true]]",
5710,q,a,cx_stage1,,"[[[17, 386], [38, 386]], [], [true, true]]",
5711,q,a,cx_stage2,,"[[[17, 386], [38, 386]], [], [true, true]]",
5712,q,a,cx_stage3,,"[[[17, 386], [38, 386]], [], [true, true]]",
5713,q,a,cx_stage1,,"[[[17, 389], [39, 389]], [], [true, true]]",
5714,q,a,cx_stage2,,"[[[17, 389], [39, 389]], [], [true, true]]",
5715,q,a,cx_stage3,,"[[[17, 389], [39, 389]], [], [true, true]]",
5716,q,a,cx_stage1,,"[[[17, 393], [39, 393]], [], [true, true]]",
5717,q,a,cx_stage2,,"[[[17, 393], [39, 393]], [], [true, true]]",
5718,q,a,cx_stage3,,"[[[17, 393], [39, 393]], [], [true, true]]",
5719,q,a,cx_stage1,,"[[[17, 396], [40, 396]], [], [true, true]]",
5720,q,a,cx_stage2,,"[[[17, 396], [40, 396]], [], [true, true]]",
5721,q,a,cx_stage3,,"[[[17, 396], [40, 396]], [], [true, true]]",
5722,q,a,cx_stage1,,"[[[17, 400], [40, 400]], [], [true, true]]",
5723,q,a,cx_stage2,,"[[[17, 400], [40, 400]], [], [true, true]]",
5724,q,a,cx_stage3,,"[[[17, 400], [40, 400]], [], [true, true]]",
5725,q,a,cx_stage1,,"[[[17, 403], [41, 403]], [], [true, true]]",
5726,q,a,cx_stage2,,"[[[17, 403], [41, 403]], [], [true, true]]",
5727,q,a,cx_stage3,,"[[[17, 403], [41, 403]], [], [true, true]]",
5728,q,a,cx_stage1,,"[[[17, 407], [41, 407]], [], [true, true]]",
5729,q,a,cx_stage2,,"[[[17, 407], [41, 407]], [], [true, true]]",
5730,q,a,cx_stage3,,"[[[17, 407], [41, 407]], [], [true, true]]",
5731,q,a,cx_stage1,,"[[[17, 410], [42, 410]], [], [true, true]]",
5732,q,a,cx_stage2,,"[[[17, 410], [42, 410]], [], [true, true]]",
5733,q,a,cx_stage3,,"[[[17, 410], [42, 410]], [], [true, true]]",
5734,q,a,cx_stage1,,"[[[17, 414], [42, 414]], [], [true, true]]",
5735,q,a,cx_stage2,,"[[[17, 414], [42, 414]], [], [true, true]]",
5736,q,a,cx_stage3,,"[[[17, 414], [42, 414]], [], [true, true]]",
5737,q,a,cx_stage1,,"[[[17, 417], [43, 417]], [], [true, true]]",
5738,q,a,cx_stage2,,"[[[17, 417], [43, 417]], [], [true, true]]",
5739,q,a,cx_stage3,,"[[[17, 417], [43, 417]], [], [true, true]]",
5740,q,a,cx_stage1,,"[[[17, 421], [43, 421]], [], [true, true]]",
5741,q,a,cx_stage2,,"[[[17, 421], [43, 421]], [], [true, true]]",
5742,q,a,cx_stage3,,"[[[17, 421], [43, 421]], [], [true, true]]",
5743,q,a,cx_stage1,,"[[[17, 424], [44, 424]], [], [true, true]]",
5744,q,a,cx_stage2,,"[[[17, 424], [44, 424]], [], [true, true]]",
5745,q,a,cx_stage3,,"[[[17, 424], [44, 424]], [], [true, true]]",
5746,q,a,cx_stage1,,"[[[17, 428], [44, 428]], [], [true, true]]",
5747,q,a,cx_stage2,,"[[[17, 428], [44, 428]], [], [true, true]]",
5748,q,a,cx_stage3,,"[[[17, 428], [44, 428]], [], [true, true]]",
5749,q,a,cx_stage1,,"[[[17, 431], [45, 431]], [], [true, true]]",
5750,q,a,cx_stage2,,"[[[17, 431], [45, 431]], [], [true, true]]",
5751,q,a,cx_stage3,,"[[[17, 431], [45, 431]], [], [true, true]]",
5752,q,a,cx_stage1,,"[[[17, 435], [45, 435]], [], [true, true]]",
5753,q,a,cx_stage2,,"[[[17, 435], [45, 435]], [], [true, true]]",
5754,q,a,cx_stage3,,"[[[17, 435], [45, 435]], [], [true, true]]",
5755,q,a,cx_stage1,,"[[[17, 438], [46, 438]], [], [true, true]]",
5756,q,a,cx_stage2,,"[[[17, 438], [46, 438]], [], [true, true]]",
5757,q,a,cx_stage3,,"[[[17, 438], [46, 438]], [], [true, true]]",
5758,q,a,cx_stage1,,"[[[17, 442], [46, 442]], [], [true, true]]",
5759,q,a,cx_stage2,,"[[[17, 442], [46, 442]], [], [true, true]]",
5760,q,a,cx_stage3,,"[[[17, 442], [46, 442]], [], [true, true]]",
5761,q,a,cx_stage1,,"[[[17, 445], [47, 445]], [], [true, true]]",
5762,q,a,cx_stage2,,"[[[17, 445], [47, 445]], [], [true, true]]",
5763,q,a,cx_stage3,,"[[[17, 445], [47, 445]], [], [true, true]]",
5764,q,a,cx_stage1,,"[[[17, 449], [47, 449]], [], [true, true]]",
5765,q,a,cx_stage2,,"[[[17, 449], [47, 449]], [], [true, true]]",
5766,q,a,cx_stage3,,"[[[17, 449], [47, 449]], [], [true, true]]",
5767,q,a,cx_stage1,,"[[[17, 452], [48, 452]], [], [true, true]]",
5768,q,a,cx_stage2,,"[[[17, 452], [48, 452]], [], [true, true]]",
5769,q,a,cx_stage3,,"[[[17, 452], [48, 452]], [], [true, true]]",
5770,q,a,cx_stage1,,"[[[17, 456], [48, 456]], [], [true, true]]",
5771,q,a,cx_stage2,,"[[[17, 456], [48, 456]], [], [true, true]]",
5772,q,a,cx_stage3,,"[[[17, 456], [48, 456]], [], [true, true]]",
5773,q,a,cx_stage1,,"[[[17, 459], [49, 459]], [], [true, true]]",
5774,q,a,cx_stage2,,"[[[17, 459], [49, 459]], [], [true, true]]",
5775,q,a,cx_stage3,,"[[[17, 459], [49, 459]], [], [true, true]]",
5776,q,a,cx_stage1,,"[[[17, 463], [49, 463]], [], [true, true]]",
5777,q,a,cx_stage2,,"[[[17, 463], [49, 463]], [], [true, true]]",
5778,q,a,cx_stage3,,"[[[17, 463], [49, 463]], [], [true, true]]",
5779,q,a,cx_stage1,,"[[[17, 466], [50, 466]], [], [true, true]]",
5780,q,a,cx_stage2,,"[[[17, 466], [50, 466]], [], [true, true]]",
5781,q,a,cx_stage3,,"[[[17, 466], [50, 466]], [], [true, true]]",
5782,q,a,cx_stage1,,"[[[17, 470], [50, 470]], [], [true, true]]",
5783,q,a,cx_stage2,,"[[[17, 470], [50, 470]], [], [true, true]]",
5784,q,a,cx_stage3,,"[[[17, 470], [50, 470]], [], [true, true]]",
5785,q,a,cx_stage1,,"[[[17, 473], [51, 473]], [], [true, true]]",
5786,q,a,cx_stage2,,"[[[17, 473], [51, 473]], [], [true, true]]",
5787,q,a,cx_stage3,,"[[[17, 473], [51, 473]], [], [true, true]]",
5788,q,a,cx_stage1,,"[[[17, 477], [51, 477]], [], [true, true]]",
5789,q,a,cx_stage2,,"[[[17, 477], [51, 477]], [], [true, true]]",
5790,q,a,cx_stage3,,"[[[17, 477], [51, 477]], [], [true, true]]",
5791,q,a,cx_stage1,,"[[[17, 480], [52, 480]], [], [true, true]]",
5792,q,a,cx_stage2,,"[[[17, 480], [52, 480]], [], [true, true]]",
5793,q,a,cx_stage3,,"[[[17, 480], [52, 480]], [], [true, true]]",
5794,q,a,cx_stage1,,"[[[17, 484], [52, 484]], [], [true, true]]",
5795,q,a,cx_stage2,,"[[[17, 484], [52, 484]], [], [true, true]]",
5796,q,a,cx_stage3,,"[[[17, 484], [52, 484]], [], [true, true]]",
5797,q,a,cx_stage1,,"[[[17, 487], [53, 487]], [], [true, true]]",
5798,q,a,cx_stage2,,"[[[17, 487], [53, 487]], [], [true, true]]",
5799,q,a,cx_stage3,,"[[[17, 487], [53, 487]], [], [true, true]]",
5800,q,a,cx_stage1,,"[[[17, 491], [53, 491]], [], [true, true]]",
5801,q,a,cx_stage2,,"[[[17, 491], [53, 491]], [], [true, true]]",
5802,q,a,cx_stage3,,"[[[17, 491], [53, 491]], [], [true, true]]",
5803,q,a,cx_stage1,,"[[[17, 494], [54, 494]], [], [true, true]]",
5804,q,a,cx_stage2,,"[[[17, 494], [54, 494]], [], [true, true]]",
5805,q,a,cx_stage3,,"[[[17, 494], [54, 494]], [], [true, true]]",
5806,q,a,cx_stage1,,"[[[17, 498], [54, 498]], [], [true, true]]",
5807,q,a,cx_stage2,,"[[[17, 498], [54, 498]], [], [true, true]]",
5808,q,a,cx_stage3,,"[[[17, 498], [54, 498]], [], [true, true]]",
5809,q,a,cx_stage1,,"[[[17, 501], [55, 501]], [], [true, true]]",
5810,q,a,cx_stage2,,"[[[17, 501], [55, 501]], [], [true, true]]",
5811,q,a,cx_stage3,,"[[[17, 501], [55, 501]], [], [true, true]]",
5812,q,a,cx_stage1,,"[[[17, 505], [55, 505]], [], [true, true]]",
5813,q,a,cx_stage2,,"[[[17, 505], [55, 505]], [], [true, true]]",
5814,q,a,cx_stage3,,"[[[17, 505], [55, 505]], [], [true, true]]",
5815,q,a,u2,,"[[[17, 506]], [], [true]]",
5816,q,a,cx_stage1,,"[[[0, 509], [17, 509]], [], [true, true]]",
5817,q,a,cx_stage3,,"[[[0, 509], [17, 509]], [], [true, true]]",
5818,q,a,p,,"[[[17, 510]], [], [true]]",
5819,q,a,cx_stage1,,"[[[0, 513], [17, 513]], [], [true, true]]",
5820,q,a,cx_stage3,,"[[[0, 513], [17, 513]], [], [true, true]]",
5821,q,a,cx_stage1,,"[[[1, 516], [17, 516]], [], [true, true]]",
5822,q,a,cx_stage2,,"[[[1, 516], [17, 516]], [], [true, true]]",
5823,q,a,cx_stage3,,"[[[1, 516], [17, 516]], [], [true, true]]",
5824,q,a,p,,"[[[17, 517]], [], [true]]",
5825,q,a,cx_stage1,,"[[[1, 520], [17, 520]], [], [true, true]]",
5826,q,a,cx_stage2,,"[[[1, 520], [17, 520]], [], [true, true]]",
5827,q,a,cx_stage3,,"[[[1, 520], [17, 520]], [], [true, true]]",
5828,q,a,cx_stage1,,"[[[2, 523], [17, 523]], [], [true, true]]",
5829,q,a,cx_stage2,,"[[[2, 523], [17, 523]], [], [true, true]]",
5830,q,a,cx_stage3,,"[[[2, 523], [17, 523]], [], [true, true]]",
5831,q,a,p,,"[[[17, 524]], [], [true]]",
5832,q,a,cx_stage1,,"[[[2, 527], [17, 527]], [], [true, true]]",
5833,q,a,cx_stage2,,"[[[2, 527], [17, 527]], [], [true, true]]",
5834,q,a,cx_stage3,,"[[[2, 527], [17, 527]], [], [true, true]]",
5835,q,a,cx_stage1,,"[[[3, 530], [17, 530]], [], [true, true]]",
5836,q,a,cx_stage2,,"[[[3, 530], [17, 530]], [], [true, true]]",
5837,q,a,cx_stage3,,"[[[3, 530], [17, 530]], [], [true, true]]",
5838,q,a,p,,"[[[17, 531]], [], [true]]",
5839,q,a,cx_stage1,,"[[[3, 534], [17, 534]], [], [true, true]]",
5840,q,a,cx_stage2,,"[[[3, 534], [17, 534]], [], [true, true]]",
5841,q,a,cx_stage3,,"[[[3, 534], [17, 534]], [], [true, true]]",
5842,q,a,cx_stage1,,"[[[4, 537], [17, 537]], [], [true, true]]",
5843,q,a,cx_stage2,,"[[[4, 537], [17, 537]], [], [true, true]]",
5844,q,a,cx_stage3,,"[[[4, 537], [17, 537]], [], [true, true]]",
5845,q,a,p,,"[[[17, 538]], [], [true]]",
5846,q,a,cx_stage1,,"[[[4, 541], [17, 541]], [], [true, true]]",
5847,q,a,cx_stage2,,"[[[4, 541], [17, 541]], [], [true, true]]",
5848,q,a,cx_stage3,,"[[[4, 541], [17, 541]], [], [true, true]]",
5849,q,a,cx_stage1,,"[[[5, 544], [17, 544]], [], [true, true]]",
5850,q,a,cx_stage2,,"[[[5, 544], [17, 544]], [], [true, true]]",
5851,q,a,cx_stage3,,"[[[5, 544], [17, 544]], [], [true, true]]",
5852,q,a,p,,"[[[17, 545]], [], [true]]",
5853,q,a,cx_stage1,,"[[[5, 548], [17, 548]], [], [true, true]]",
5854,q,a,cx_stage2,,"[[[5, 548], [17, 548]], [], [true, true]]",
5855,q,a,cx_stage3,,"[[[5, 548], [17, 548]], [], [true, true]]",
5856,q,a,cx_stage1,,"[[[6, 551], [17, 551]], [], [true, true]]",
5857,q,a,cx_stage2,,"[[[6, 551], [17, 551]], [], [true, true]]",
5858,q,a,cx_stage3,,"[[[6, 551], [17, 551]], [], [true, true]]",
5859,q,a,p,,"[[[17, 552]], [], [true]]",
5860,q,a,cx_stage1,,"[[[6, 555], [17, 555]], [], [true, true]]",
5861,q,a,cx_stage2,,"[[[6, 555], [17, 555]], [], [true, true]]",
5862,q,a,cx_stage3,,"[[[6, 555], [17, 555]], [], [true, true]]",
5863,q,a,cx_stage1,,"[[[7, 558], [17, 558]], [], [true, true]]",
5864,q,a,cx_stage2,,"[[[7, 558], [17, 558]], [], [true, true]]",
5865,q,a,cx_stage3,,"[[[7, 558], [17, 558]], [], [true, true]]",
5866,q,a,p,,"[[[17, 559]], [], [true]]",
5867,q,a,cx_stage1,,"[[[7, 562], [17, 562]], [], [true, true]]",
5868,q,a,cx_stage2,,"[[[7, 562], [17, 562]], [], [true, true]]",
5869,q,a,cx_stage3,,"[[[7, 562], [17, 562]], [], [true, true]]",
5870,q,a,cx_stage1,,"[[[8, 565], [17, 565]], [], [true, true]]",
5871,q,a,cx_stage2,,"[[[8, 565], [17, 565]], [], [true, true]]",
5872,q,a,cx_stage3,,"[[[8, 565], [17, 565]], [], [true, true]]",
5873,q,a,p,,"[[[17, 566]], [], [true]]",
5874,q,a,cx_stage1,,"[[[8, 569], [17, 569]], [], [true, true]]",
5875,q,a,cx_stage2,,"[[[8, 569], [17, 569]], [], [true, true]]",
5876,q,a,cx_stage3,,"[[[8, 569], [17, 569]], [], [true, true]]",
5877,q,a,cx_stage1,,"[[[9, 572], [17, 572]], [], [true, true]]",
5878,q,a,cx_stage2,,"[[[9, 572], [17, 572]], [], [true, true]]",
5879,q,a,cx_stage3,,"[[[9, 572], [17, 572]], [], [true, true]]",
5880,q,a,p,,"[[[17, 573]], [], [true]]",
5881,q,a,cx_stage1,,"[[[9, 576], [17, 576]], [], [true, true]]",
5882,q,a,cx_stage2,,"[[[9, 576], [17, 576]], [], [true, true]]",
5883,q,a,cx_stage3,,"[[[9, 576], [17, 576]], [], [true, true]]",
5884,q,a,cx_stage1,,"[[[10, 579], [17, 579]], [], [true, true]]",
5885,q,a,cx_stage3,,"[[[10, 579], [17, 579]], [], [true, true]]",
5886,q,a,p,,"[[[17, 580]], [], [true]]",
5887,q,a,cx_stage1,,"[[[10, 583], [17, 583]], [], [true, true]]",
5888,q,a,cx_stage3,,"[[[10, 583], [17, 583]], [], [true, true]]",
5889,q,a,cx_stage1,,"[[[11, 586], [17, 586]], [], [true, true]]",
5890,q,a,cx_stage3,,"[[[11, 586], [17, 586]], [], [true, true]]",
5891,q,a,p,,"[[[17, 587]], [], [true]]",
5892,q,a,cx_stage1,,"[[[11, 590], [17, 590]], [], [true, true]]",
5893,q,a,cx_stage3,,"[[[11, 590], [17, 590]], [], [true, true]]",
5894,q,a,cx_stage1,,"[[[12, 593], [17, 593]], [], [true, true]]",
5895,q,a,cx_stage3,,"[[[12, 593], [17, 593]], [], [true, true]]",
5896,q,a,p,,"[[[17, 594]], [], [true]]",
5897,q,a,cx_stage1,,"[[[12, 597], [17, 597]], [], [true, true]]",
5898,q,a,cx_stage3,,"[[[12, 597], [17, 597]], [], [true, true]]",
5899,q,a,cx_stage1,,"[[[13, 600], [17, 600]], [], [true, true]]",
5900,q,a,cx_stage3,,"[[[13, 600], [17, 600]], [], [true, true]]",
5901,q,a,p,,"[[[17, 601]], [], [true]]",
5902,q,a,cx_stage1,,"[[[13, 604], [17, 604]], [], [true, true]]",
5903,q,a,cx_stage3,,"[[[13, 604], [17, 604]], [], [true, true]]",
5904,q,a,cx_stage1,,"[[[14, 607], [17, 607]], [], [true, true]]",
5905,q,a,cx_stage3,,"[[[14, 607], [17, 607]], [], [true, true]]",
5906,q,a,p,,"[[[17, 608]], [], [true]]",
5907,q,a,cx_stage1,,"[[[14, 611], [17, 611]], [], [true, true]]",
5908,q,a,cx_stage3,,"[[[14, 611], [17, 611]], [], [true, true]]",
5909,q,a,cx_stage1,,"[[[15, 614], [17, 614]], [], [true, true]]",
5910,q,a,cx_stage3,,"[[[15, 614], [17, 614]], [], [true, true]]",
5911,q,a,p,,"[[[17, 615]], [], [true]]",
5912,q,a,cx_stage1,,"[[[15, 618], [17, 618]], [], [true, true]]",
5913,q,a,cx_stage3,,"[[[15, 618], [17, 618]], [], [true, true]]",
5914,q,a,cx_stage1,,"[[[16, 621], [17, 621]], [], [true, true]]",
5915,q,a,cx_stage3,,"[[[16, 621], [17, 621]], [], [true, true]]",
5916,q,a,p,,"[[[17, 622]], [], [true]]",
5917,q,a,cx_stage1,,"[[[16, 625], [17, 625]], [], [true, true]]",
5918,q,a,cx_stage3,,"[[[16, 625], [17, 625]], [], [true, true]]",
5919,q,a,cx_stage1,,"[[[17, 635], [18, 635]], [], [true, true]]",
5920,q,a,cx_stage2,,"[[[17, 635], [18, 635]], [], [true, true]]",
5921,q,a,cx_stage3,,"[[[17, 635], [18, 635]], [], [true, true]]",
5922,q,a,cx_stage1,,"[[[17, 639], [18, 639]], [], [true, true]]",
5923,q,a,cx_stage2,,"[[[17, 639], [18, 639]], [], [true, true]]",
5924,q,a,cx_stage3,,"[[[17, 639], [18, 639]], [], [true, true]]",
5925,q,a,cx_stage1,,"[[[17, 642], [19, 642]], [], [true, true]]",
5926,q,a,cx_stage2,,"[[[17, 642], [19, 642]], [], [true, true]]",
5927,q,a,cx_stage3,,"[[[17, 642], [19, 642]], [], [true, true]]",
5928,q,a,cx_stage1,,"[[[17, 646], [19, 646]], [], [true, true]]",
5929,q,a,cx_stage2,,"[[[17, 646], [19, 646]], [], [true, true]]",
5930,q,a,cx_stage3,,"[[[17, 646], [19, 646]], [], [true, true]]",
5931,q,a,cx_stage1,,"[[[17, 649], [20, 649]], [], [true, true]]",
5932,q,a,cx_stage2,,"[[[17, 649], [20, 649]], [], [true, true]]",
5933,q,a,cx_stage3,,"[[[17, 649], [20, 649]], [], [true, true]]",
5934,q,a,cx_stage1,,"[[[17, 653], [20, 653]], [], [true, true]]",
5935,q,a,cx_stage2,,"[[[17, 653], [20, 653]], [], [true, true]]",
5936,q,a,cx_stage3,,"[[[17, 653], [20, 653]], [], [true, true]]",
5937,q,a,cx_stage1,,"[[[17, 656], [21, 656]], [], [true, true]]",
5938,q,a,cx_stage2,,"[[[17, 656], [21, 656]], [], [true, true]]",
5939,q,a,cx_stage3,,"[[[17, 656], [21, 656]], [], [true, true]]",
5940,q,a,cx_stage1,,"[[[17, 660], [21, 660]], [], [true, true]]",
5941,q,a,cx_stage2,,"[[[17, 660], [21, 660]], [], [true, true]]",
5942,q,a,cx_stage3,,"[[[17, 660], [21, 660]], [], [true, true]]",
5943,q,a,cx_stage1,,"[[[17, 663], [22, 663]], [], [true, true]]",
5944,q,a,cx_stage2,,"[[[17, 663], [22, 663]], [], [true, true]]",
5945,q,a,cx_stage3,,"[[[17, 663], [22, 663]], [], [true, true]]",
5946,q,a,cx_stage1,,"[[[17, 667], [22, 667]], [], [true, true]]",
5947,q,a,cx_stage2,,"[[[17, 667], [22, 667]], [], [true, true]]",
5948,q,a,cx_stage3,,"[[[17, 667], [22, 667]], [], [true, true]]",
5949,q,a,cx_stage1,,"[[[17, 670], [23, 670]], [], [true, true]]",
5950,q,a,cx_stage2,,"[[[17, 670], [23, 670]], [], [true, true]]",
5951,q,a,cx_stage3,,"[[[17, 670], [23, 670]], [], [true, true]]",
5952,q,a,cx_stage1,,"[[[17, 674], [23, 674]], [], [true, true]]",
5953,q,a,cx_stage2,,"[[[17, 674], [23, 674]], [], [true, true]]",
5954,q,a,cx_stage3,,"[[[17, 674], [23, 674]], [], [true, true]]",
5955,q,a,cx_stage1,,"[[[17, 677], [24, 677]], [], [true, true]]",
5956,q,a,cx_stage2,,"[[[17, 677], [24, 677]], [], [true, true]]",
5957,q,a,cx_stage3,,"[[[17, 677], [24, 677]], [], [true, true]]",
5958,q,a,cx_stage1,,"[[[17, 681], [24, 681]], [], [true, true]]",
5959,q,a,cx_stage2,,"[[[17, 681], [24, 681]], [], [true, true]]",
5960,q,a,cx_stage3,,"[[[17, 681], [24, 681]], [], [true, true]]",
5961,q,a,cx_stage1,,"[[[17, 684], [25, 684]], [], [true, true]]",
5962,q,a,cx_stage2,,"[[[17, 684], [25, 684]], [], [true, true]]",
5963,q,a,cx_stage3,,"[[[17, 684], [25, 684]], [], [true, true]]",
5964,q,a,cx_stage1,,"[[[17, 688], [25, 688]], [], [true, true]]",
5965,q,a,cx_stage2,,"[[[17, 688], [25, 688]], [], [true, true]]",
5966,q,a,cx_stage3,,"[[[17, 688], [25, 688]], [], [true, true]]",
5967,q,a,cx_stage1,,"[[[17, 691], [26, 691]], [], [true, true]]",
5968,q,a,cx_stage2,,"[[[17, 691], [26, 691]], [], [true, true]]",
5969,q,a,cx_stage3,,"[[[17, 691], [26, 691]], [], [true, true]]",
5970,q,a,cx_stage1,,"[[[17, 695], [26, 695]], [], [true, true]]",
5971,q,a,cx_stage2,,"[[[17, 695], [26, 695]], [], [true, true]]",
5972,q,a,cx_stage3,,"[[[17, 695], [26, 695]], [], [true, true]]",
5973,q,a,cx_stage1,,"[[[17, 698], [27, 698]], [], [true, true]]",
5974,q,a,cx_stage2,,"[[[17, 698], [27, 698]], [], [true, true]]",
5975,q,a,cx_stage3,,"[[[17, 698], [27, 698]], [], [true, true]]",
5976,q,a,cx_stage1,,"[[[17, 702], [27, 702]], [], [true, true]]",
5977,q,a,cx_stage2,,"[[[17, 702], [27, 702]], [], [true, true]]",
5978,q,a,cx_stage3,,"[[[17, 702], [27, 702]], [], [true, true]]",
5979,q,a,cx_stage1,,"[[[17, 705], [28, 705]], [], [true, true]]",
5980,q,a,cx_stage2,,"[[[17, 705], [28, 705]], [], [true, true]]",
5981,q,a,cx_stage3,,"[[[17, 705], [28, 705]], [], [true, true]]",
5982,q,a,cx_stage1,,"[[[17, 709], [28, 709]], [], [true, true]]",
5983,q,a,cx_stage2,,"[[[17, 709], [28, 709]], [], [true, true]]",
5984,q,a,cx_stage3,,"[[[17, 709], [28, 709]], [], [true, true]]",
5985,q,a,cx_stage1,,"[[[17, 712], [29, 712]], [], [true, true]]",
5986,q,a,cx_stage2,,"[[[17, 712], [29, 712]], [], [true, true]]",
5987,q,a,cx_stage3,,"[[[17, 712], [29, 712]], [], [true, true]]",
5988,q,a,cx_stage1,,"[[[17, 716], [29, 716]], [], [true, true]]",
5989,q,a,cx_stage2,,"[[[17, 716], [29, 716]], [], [true, true]]",
5990,q,a,cx_stage3,,"[[[17, 716], [29, 716]], [], [true, true]]",
5991,q,a,cx_stage1,,"[[[17, 719], [30, 719]], [], [true, true]]",
5992,q,a,cx_stage2,,"[[[17, 719], [30, 719]], [], [true, true]]",
5993,q,a,cx_stage3,,"[[[17, 719], [30, 719]], [], [true, true]]",
5994,q,a,cx_stage1,,"[[[17, 723], [30, 723]], [], [true, true]]",
5995,q,a,cx_stage2,,"[[[17, 723], [30, 723]], [], [true, true]]",
5996,q,a,cx_stage3,,"[[[17, 723], [30, 723]], [], [true, true]]",
5997,q,a,cx_stage1,,"[[[17, 726], [31, 726]], [], [true, true]]",
5998,q,a,cx_stage2,,"[[[17, 726], [31, 726]], [], [true, true]]",
5999,q,a,cx_stage3,,"[[[17, 726], [31, 726]], [], [true, true]]",
6000,q,a,cx_stage1,,"[[[17, 730], [31, 730]], [], [true, true]]",
6001,q,a,cx_stage2,,"[[[17, 730], [31, 730]], [], [true, true]]",
6002,q,a,cx_stage3,,"[[[17, 730], [31, 730]], [], [true, true]]",
6003,q,a,cx_stage1,,"[[[17, 733], [32, 733]], [], [true, true]]",
6004,q,a,cx_stage2,,"[[[17, 733], [32, 733]], [], [true, true]]",
6005,q,a,cx_stage3,,"[[[17, 733], [32, 733]], [], [true, true]]",
6006,q,a,cx_stage1,,"[[[17, 737], [32, 737]], [], [true, true]]",
6007,q,a,cx_stage2,,"[[[17, 737], [32, 737]], [], [true, true]]",
6008,q,a,cx_stage3,,"[[[17, 737], [32, 737]], [], [true, true]]",
6009,q,a,cx_stage1,,"[[[17, 740], [33, 740]], [], [true, true]]",
6010,q,a,cx_stage2,,"[[[17, 740], [33, 740]], [], [true, true]]",
6011,q,a,cx_stage3,,"[[[17, 740], [33, 740]], [], [true, true]]",
6012,q,a,cx_stage1,,"[[[17, 744], [33, 744]], [], [true, true]]",
6013,q,a,cx_stage2,,"[[[17, 744], [33, 744]], [], [true, true]]",
6014,q,a,cx_stage3,,"[[[17, 744], [33, 744]], [], [true, true]]",
6015,q,a,cx_stage1,,"[[[17, 747], [34, 747]], [], [true, true]]",
6016,q,a,cx_stage2,,"[[[17, 747], [34, 747]], [], [true, true]]",
6017,q,a,cx_stage3,,"[[[17, 747], [34, 747]], [], [true, true]]",
6018,q,a,cx_stage1,,"[[[17, 751], [34, 751]], [], [true, true]]",
6019,q,a,cx_stage2,,"[[[17, 751], [34, 751]], [], [true, true]]",
6020,q,a,cx_stage3,,"[[[17, 751], [34, 751]], [], [true, true]]",
6021,q,a,cx_stage1,,"[[[17, 754], [35, 754]], [], [true, true]]",
6022,q,a,cx_stage2,,"[[[17, 754], [35, 754]], [], [true, true]]",
6023,q,a,cx_stage3,,"[[[17, 754], [35, 754]], [], [true, true]]",
6024,q,a,cx_stage1,,"[[[17, 758], [35, 758]], [], [true, true]]",
6025,q,a,cx_stage2,,"[[[17, 758], [35, 758]], [], [true, true]]",
6026,q,a,cx_stage3,,"[[[17, 758], [35, 758]], [], [true, true]]",
6027,q,a,cx_stage1,,"[[[17, 761], [36, 761]], [], [true, true]]",
6028,q,a,cx_stage2,,"[[[17, 761], [36, 761]], [], [true, true]]",
6029,q,a,cx_stage3,,"[[[17, 761], [36, 761]], [], [true, true]]",
6030,q,a,cx_stage1,,"[[[17, 765], [36, 765]], [], [true, true]]",
6031,q,a,cx_stage2,,"[[[17, 765], [36, 765]], [], [true, true]]",
6032,q,a,cx_stage3,,"[[[17, 765], [36, 765]], [], [true, true]]",
6033,q,a,cx_stage1,,"[[[17, 768], [37, 768]], [], [true, true]]",
6034,q,a,cx_stage2,,"[[[17, 768], [37, 768]], [], [true, true]]",
6035,q,a,cx_stage3,,"[[[17, 768], [37, 768]], [], [true, true]]",
6036,q,a,cx_stage1,,"[[[17, 772], [37, 772]], [], [true, true]]",
6037,q,a,cx_stage2,,"[[[17, 772], [37, 772]], [], [true, true]]",
6038,q,a,cx_stage3,,"[[[17, 772], [37, 772]], [], [true, true]]",
6039,q,a,cx_stage1,,"[[[17, 775], [38, 775]], [], [true, true]]",
6040,q,a,cx_stage2,,"[[[17, 775], [38, 775]], [], [true, true]]",
6041,q,a,cx_stage3,,"[[[17, 775], [38, 775]], [], [true, true]]",
6042,q,a,cx_stage1,,"[[[17, 779], [38, 779]], [], [true, true]]",
6043,q,a,cx_stage2,,"[[[17, 779], [38, 779]], [], [true, true]]",
6044,q,a,cx_stage3,,"[[[17, 779], [38, 779]], [], [true, true]]",
6045,q,a,cx_stage1,,"[[[17, 782], [39, 782]], [], [true, true]]",
6046,q,a,cx_stage2,,"[[[17, 782], [39, 782]], [], [true, true]]",
6047,q,a,cx_stage3,,"[[[17, 782], [39, 782]], [], [true, true]]",
6048,q,a,cx_stage1,,"[[[17, 786], [39, 786]], [], [true, true]]",
6049,q,a,cx_stage2,,"[[[17, 786], [39, 786]], [], [true, true]]",
6050,q,a,cx_stage3,,"[[[17, 786], [39, 786]], [], [true, true]]",
6051,q,a,cx_stage1,,"[[[17, 789], [40, 789]], [], [true, true]]",
6052,q,a,cx_stage2,,"[[[17, 789], [40, 789]], [], [true, true]]",
6053,q,a,cx_stage3,,"[[[17, 789], [40, 789]], [], [true, true]]",
6054,q,a,cx_stage1,,"[[[17, 793], [40, 793]], [], [true, true]]",
6055,q,a,cx_stage2,,"[[[17, 793], [40, 793]], [], [true, true]]",
6056,q,a,cx_stage3,,"[[[17, 793], [40, 793]], [], [true, true]]",
6057,q,a,cx_stage1,,"[[[17, 796], [41, 796]], [], [true, true]]",
6058,q,a,cx_stage2,,"[[[17, 796], [41, 796]], [], [true, true]]",
6059,q,a,cx_stage3,,"[[[17, 796], [41, 796]], [], [true, true]]",
6060,q,a,cx_stage1,,"[[[17, 800], [41, 800]], [], [true, true]]",
6061,q,a,cx_stage2,,"[[[17, 800], [41, 800]], [], [true, true]]",
6062,q,a,cx_stage3,,"[[[17, 800], [41, 800]], [], [true, true]]",
6063,q,a,cx_stage1,,"[[[17, 803], [42, 803]], [], [true, true]]",
6064,q,a,cx_stage2,,"[[[17, 803], [42, 803]], [], [true, true]]",
6065,q,a,cx_stage3,,"[[[17, 803], [42, 803]], [], [true, true]]",
6066,q,a,cx_stage1,,"[[[17, 807], [42, 807]], [], [true, true]]",
6067,q,a,cx_stage2,,"[[[17, 807], [42, 807]], [], [true, true]]",
6068,q,a,cx_stage3,,"[[[17, 807], [42, 807]], [], [true, true]]",
6069,q,a,cx_stage1,,"[[[17, 810], [43, 810]], [], [true, true]]",
6070,q,a,cx_stage2,,"[[[17, 810], [43, 810]], [], [true, true]]",
6071,q,a,cx_stage3,,"[[[17, 810], [43, 810]], [], [true, true]]",
6072,q,a,cx_stage1,,"[[[17, 814], [43, 814]], [], [true, true]]",
6073,q,a,cx_stage2,,"[[[17, 814], [43, 814]], [], [true, true]]",
6074,q,a,cx_stage3,,"[[[17, 814], [43, 814]], [], [true, true]]",
6075,q,a,cx_stage1,,"[[[17, 817], [44, 817]], [], [true, true]]",
6076,q,a,cx_stage2,,"[[[17, 817], [44, 817]], [], [true, true]]",
6077,q,a,cx_stage3,,"[[[17, 817], [44, 817]], [], [true, true]]",
6078,q,a,cx_stage1,,"[[[17, 821], [44, 821]], [], [true, true]]",
6079,q,a,cx_stage2,,"[[[17, 821], [44, 821]], [], [true, true]]",
6080,q,a,cx_stage3,,"[[[17, 821], [44, 821]], [], [true, true]]",
6081,q,a,cx_stage1,,"[[[17, 824], [45, 824]], [], [true, true]]",
6082,q,a,cx_stage2,,"[[[17, 824], [45, 824]], [], [true, true]]",
6083,q,a,cx_stage3,,"[[[17, 824], [45, 824]], [], [true, true]]",
6084,q,a,cx_stage1,,"[[[17, 828], [45, 828]], [], [true, true]]",
6085,q,a,cx_stage2,,"[[[17, 828], [45, 828]], [], [true, true]]",
6086,q,a,cx_stage3,,"[[[17, 828], [45, 828]], [], [true, true]]",
6087,q,a,cx_stage1,,"[[[17, 831], [46, 831]], [], [true, true]]",
6088,q,a,cx_stage2,,"[[[17, 831], [46, 831]], [], [true, true]]",
6089,q,a,cx_stage3,,"[[[17, 831], [46, 831]], [], [true, true]]",
6090,q,a,cx_stage1,,"[[[17, 835], [46, 835]], [], [true, true]]",
6091,q,a,cx_stage2,,"[[[17, 835], [46, 835]], [], [true, true]]",
6092,q,a,cx_stage3,,"[[[17, 835], [46, 835]], [], [true, true]]",
6093,q,a,cx_stage1,,"[[[17, 838], [47, 838]], [], [true, true]]",
6094,q,a,cx_stage2,,"[[[17, 838], [47, 838]], [], [true, true]]",
6095,q,a,cx_stage3,,"[[[17, 838], [47, 838]], [], [true, true]]",
6096,q,a,cx_stage1,,"[[[17, 842], [47, 842]], [], [true, true]]",
6097,q,a,cx_stage2,,"[[[17, 842], [47, 842]], [], [true, true]]",
6098,q,a,cx_stage3,,"[[[17, 842], [47, 842]], [], [true, true]]",
6099,q,a,cx_stage1,,"[[[17, 845], [48, 845]], [], [true, true]]",
6100,q,a,cx_stage2,,"[[[17, 845], [48, 845]], [], [true, true]]",
6101,q,a,cx_stage3,,"[[[17, 845], [48, 845]], [], [true, true]]",
6102,q,a,cx_stage1,,"[[[17, 849], [48, 849]], [], [true, true]]",
6103,q,a,cx_stage2,,"[[[17, 849], [48, 849]], [], [true, true]]",
6104,q,a,cx_stage3,,"[[[17, 849], [48, 849]], [], [true, true]]",
6105,q,a,cx_stage1,,"[[[17, 852], [49, 852]], [], [true, true]]",
6106,q,a,cx_stage2,,"[[[17, 852], [49, 852]], [], [true, true]]",
6107,q,a,cx_stage3,,"[[[17, 852], [49, 852]], [], [true, true]]",
6108,q,a,cx_stage1,,"[[[17, 856], [49, 856]], [], [true, true]]",
6109,q,a,cx_stage2,,"[[[17, 856], [49, 856]], [], [true, true]]",
6110,q,a,cx_stage3,,"[[[17, 856], [49, 856]], [], [true, true]]",
6111,q,a,cx_stage1,,"[[[17, 859], [50, 859]], [], [true, true]]",
6112,q,a,cx_stage2,,"[[[17, 859], [50, 859]], [], [true, true]]",
6113,q,a,cx_stage3,,"[[[17, 859], [50, 859]], [], [true, true]]",
6114,q,a,cx_stage1,,"[[[17, 863], [50, 863]], [], [true, true]]",
6115,q,a,cx_stage2,,"[[[17, 863], [50, 863]], [], [true, true]]",
6116,q,a,cx_stage3,,"[[[17, 863], [50, 863]], [], [true, true]]",
6117,q,a,cx_stage1,,"[[[17, 866], [51, 866]], [], [true, true]]",
6118,q,a,cx_stage2,,"[[[17, 866], [51, 866]], [], [true, true]]",
6119,q,a,cx_stage3,,"[[[17, 866], [51, 866]], [], [true, true]]",
6120,q,a,cx_stage1,,"[[[17, 870], [51, 870]], [], [true, true]]",
6121,q,a,cx_stage2,,"[[[17, 870], [51, 870]], [], [true, true]]",
6122,q,a,cx_stage3,,"[[[17, 870], [51, 870]], [], [true, true]]",
6123,q,a,cx_stage1,,"[[[17, 873], [52, 873]], [], [true, true]]",
6124,q,a,cx_stage2,,"[[[17, 873], [52, 873]], [], [true, true]]",
6125,q,a,cx_stage3,,"[[[17, 873], [52, 873]], [], [true, true]]",
6126,q,a,cx_stage1,,"[[[17, 877], [52, 877]], [], [true, true]]",
6127,q,a,cx_stage2,,"[[[17, 877], [52, 877]], [], [true, true]]",
6128,q,a,cx_stage3,,"[[[17, 877], [52, 877]], [], [true, true]]",
6129,q,a,cx_stage1,,"[[[17, 880], [53, 880]], [], [true, true]]",
6130,q,a,cx_stage2,,"[[[17, 880], [53, 880]], [], [true, true]]",
6131,q,a,cx_stage3,,"[[[17, 880], [53, 880]], [], [true, true]]",
6132,q,a,cx_stage1,,"[[[17, 884], [53, 884]], [], [true, true]]",
6133,q,a,cx_stage2,,"[[[17, 884], [53, 884]], [], [true, true]]",
6134,q,a,cx_stage3,,"[[[17, 884], [53, 884]], [], [true, true]]",
6135,q,a,cx_stage1,,"[[[17, 887], [54, 887]], [], [true, true]]",
6136,q,a,cx_stage2,,"[[[17, 887], [54, 887]], [], [true, true]]",
6137,q,a,cx_stage3,,"[[[17, 887], [54, 887]], [], [true, true]]",
6138,q,a,cx_stage1,,"[[[17, 891], [54, 891]], [], [true, true]]",
6139,q,a,cx_stage2,,"[[[17, 891], [54, 891]], [], [true, true]]",
6140,q,a,cx_stage3,,"[[[17, 891], [54, 891]], [], [true, true]]",
6141,q,a,cx_stage1,,"[[[17, 894], [55, 894]], [], [true, true]]",
6142,q,a,cx_stage2,,"[[[17, 894], [55, 894]], [], [true, true]]",
6143,q,a,cx_stage3,,"[[[17, 894], [55, 894]], [], [true, true]]",
6144,q,a,cx_stage1,,"[[[17, 898], [55, 898]], [], [true, true]]",
6145,q,a,cx_stage2,,"[[[17, 898], [55, 898]], [], [true, true]]",
6146,q,a,cx_stage3,,"[[[17, 898], [55, 898]], [], [true, true]]",
6147,q,a,ry,,"[[[17, 899]], [], [true]]",
6148,q,a,u2,,"[[[18, 1]], [], [true]]",
6149,q,a,cx_stage1,,"[[[0, 123], [18, 123]], [], [true, true]]",
6150,q,a,cx_stage3,,"[[[0, 123], [18, 123]], [], [true, true]]",
6151,q,a,p,,"[[[18, 124]], [], [true]]",
6152,q,a,cx_stage1,,"[[[0, 127], [18, 127]], [], [true, true]]",
6153,q,a,cx_stage3,,"[[[0, 127], [18, 127]], [], [true, true]]",
6154,q,a,cx_stage2,,"[[[18, 1269], [19, 1269]], [], [true, true]]",
6155,q,a,cx_stage1,,"[[[18, 1269], [19, 1269]], [], [true, true]]",
6156,q,a,cx_stage3,,"[[[18, 1269], [19, 1269]], [], [true, true]]",
6157,q,a,cx_stage1,,"[[[17, 1272], [18, 1272]], [], [true, true]]",
6158,q,a,cx_stage1,,"[[[1, 130], [18, 130]], [], [true, true]]",
6159,q,a,cx_stage3,,"[[[17, 1272], [18, 1272]], [], [true, true]]",
6160,q,a,ry,,"[[[18, 1273]], [], [true]]",
6161,q,a,cx_stage2,,"[[[1, 130], [18, 130]], [], [true, true]]",
6162,q,a,cx_stage3,,"[[[1, 130], [18, 130]], [], [true, true]]",
6163,q,a,p,,"[[[18, 131]], [], [true]]",
6164,q,a,cx_stage1,,"[[[1, 134], [18, 134]], [], [true, true]]",
6165,q,a,cx_stage2,,"[[[1, 134], [18, 134]], [], [true, true]]",
6166,q,a,cx_stage3,,"[[[1, 134], [18, 134]], [], [true, true]]",
6167,q,a,cx_stage1,,"[[[2, 137], [18, 137]], [], [true, true]]",
6168,q,a,cx_stage2,,"[[[2, 137], [18, 137]], [], [true, true]]",
6169,q,a,cx_stage3,,"[[[2, 137], [18, 137]], [], [true, true]]",
6170,q,a,p,,"[[[18, 138]], [], [true]]",
6171,q,a,cx_stage1,,"[[[2, 141], [18, 141]], [], [true, true]]",
6172,q,a,cx_stage2,,"[[[2, 141], [18, 141]], [], [true, true]]",
6173,q,a,cx_stage3,,"[[[2, 141], [18, 141]], [], [true, true]]",
6174,q,a,cx_stage1,,"[[[3, 144], [18, 144]], [], [true, true]]",
6175,q,a,cx_stage2,,"[[[3, 144], [18, 144]], [], [true, true]]",
6176,q,a,cx_stage3,,"[[[3, 144], [18, 144]], [], [true, true]]",
6177,q,a,p,,"[[[18, 145]], [], [true]]",
6178,q,a,cx_stage1,,"[[[3, 148], [18, 148]], [], [true, true]]",
6179,q,a,cx_stage2,,"[[[3, 148], [18, 148]], [], [true, true]]",
6180,q,a,cx_stage3,,"[[[3, 148], [18, 148]], [], [true, true]]",
6181,q,a,cx_stage1,,"[[[4, 151], [18, 151]], [], [true, true]]",
6182,q,a,cx_stage2,,"[[[4, 151], [18, 151]], [], [true, true]]",
6183,q,a,cx_stage3,,"[[[4, 151], [18, 151]], [], [true, true]]",
6184,q,a,p,,"[[[18, 152]], [], [true]]",
6185,q,a,cx_stage1,,"[[[4, 155], [18, 155]], [], [true, true]]",
6186,q,a,cx_stage2,,"[[[4, 155], [18, 155]], [], [true, true]]",
6187,q,a,cx_stage3,,"[[[4, 155], [18, 155]], [], [true, true]]",
6188,q,a,cx_stage1,,"[[[5, 158], [18, 158]], [], [true, true]]",
6189,q,a,cx_stage2,,"[[[5, 158], [18, 158]], [], [true, true]]",
6190,q,a,cx_stage3,,"[[[5, 158], [18, 158]], [], [true, true]]",
6191,q,a,p,,"[[[18, 159]], [], [true]]",
6192,q,a,cx_stage1,,"[[[5, 162], [18, 162]], [], [true, true]]",
6193,q,a,cx_stage2,,"[[[5, 162], [18, 162]], [], [true, true]]",
6194,q,a,cx_stage3,,"[[[5, 162], [18, 162]], [], [true, true]]",
6195,q,a,cx_stage1,,"[[[6, 165], [18, 165]], [], [true, true]]",
6196,q,a,cx_stage2,,"[[[6, 165], [18, 165]], [], [true, true]]",
6197,q,a,cx_stage3,,"[[[6, 165], [18, 165]], [], [true, true]]",
6198,q,a,p,,"[[[18, 166]], [], [true]]",
6199,q,a,cx_stage1,,"[[[6, 169], [18, 169]], [], [true, true]]",
6200,q,a,cx_stage2,,"[[[6, 169], [18, 169]], [], [true, true]]",
6201,q,a,cx_stage3,,"[[[6, 169], [18, 169]], [], [true, true]]",
6202,q,a,cx_stage1,,"[[[7, 172], [18, 172]], [], [true, true]]",
6203,q,a,cx_stage2,,"[[[7, 172], [18, 172]], [], [true, true]]",
6204,q,a,cx_stage3,,"[[[7, 172], [18, 172]], [], [true, true]]",
6205,q,a,p,,"[[[18, 173]], [], [true]]",
6206,q,a,cx_stage1,,"[[[7, 176], [18, 176]], [], [true, true]]",
6207,q,a,cx_stage2,,"[[[7, 176], [18, 176]], [], [true, true]]",
6208,q,a,cx_stage3,,"[[[7, 176], [18, 176]], [], [true, true]]",
6209,q,a,cx_stage1,,"[[[8, 179], [18, 179]], [], [true, true]]",
6210,q,a,cx_stage2,,"[[[8, 179], [18, 179]], [], [true, true]]",
6211,q,a,cx_stage3,,"[[[8, 179], [18, 179]], [], [true, true]]",
6212,q,a,p,,"[[[18, 180]], [], [true]]",
6213,q,a,cx_stage1,,"[[[8, 183], [18, 183]], [], [true, true]]",
6214,q,a,cx_stage2,,"[[[8, 183], [18, 183]], [], [true, true]]",
6215,q,a,cx_stage3,,"[[[8, 183], [18, 183]], [], [true, true]]",
6216,q,a,cx_stage1,,"[[[9, 186], [18, 186]], [], [true, true]]",
6217,q,a,cx_stage2,,"[[[9, 186], [18, 186]], [], [true, true]]",
6218,q,a,cx_stage3,,"[[[9, 186], [18, 186]], [], [true, true]]",
6219,q,a,p,,"[[[18, 187]], [], [true]]",
6220,q,a,cx_stage1,,"[[[9, 190], [18, 190]], [], [true, true]]",
6221,q,a,cx_stage2,,"[[[9, 190], [18, 190]], [], [true, true]]",
6222,q,a,cx_stage3,,"[[[9, 190], [18, 190]], [], [true, true]]",
6223,q,a,cx_stage1,,"[[[10, 193], [18, 193]], [], [true, true]]",
6224,q,a,cx_stage3,,"[[[10, 193], [18, 193]], [], [true, true]]",
6225,q,a,p,,"[[[18, 194]], [], [true]]",
6226,q,a,cx_stage1,,"[[[10, 197], [18, 197]], [], [true, true]]",
6227,q,a,cx_stage3,,"[[[10, 197], [18, 197]], [], [true, true]]",
6228,q,a,cx_stage1,,"[[[11, 200], [18, 200]], [], [true, true]]",
6229,q,a,cx_stage3,,"[[[11, 200], [18, 200]], [], [true, true]]",
6230,q,a,p,,"[[[18, 201]], [], [true]]",
6231,q,a,cx_stage1,,"[[[11, 204], [18, 204]], [], [true, true]]",
6232,q,a,cx_stage3,,"[[[11, 204], [18, 204]], [], [true, true]]",
6233,q,a,cx_stage1,,"[[[12, 207], [18, 207]], [], [true, true]]",
6234,q,a,cx_stage3,,"[[[12, 207], [18, 207]], [], [true, true]]",
6235,q,a,p,,"[[[18, 208]], [], [true]]",
6236,q,a,cx_stage1,,"[[[12, 211], [18, 211]], [], [true, true]]",
6237,q,a,cx_stage3,,"[[[12, 211], [18, 211]], [], [true, true]]",
6238,q,a,cx_stage1,,"[[[13, 214], [18, 214]], [], [true, true]]",
6239,q,a,cx_stage3,,"[[[13, 214], [18, 214]], [], [true, true]]",
6240,q,a,p,,"[[[18, 215]], [], [true]]",
6241,q,a,cx_stage1,,"[[[13, 218], [18, 218]], [], [true, true]]",
6242,q,a,cx_stage3,,"[[[13, 218], [18, 218]], [], [true, true]]",
6243,q,a,cx_stage1,,"[[[14, 221], [18, 221]], [], [true, true]]",
6244,q,a,cx_stage3,,"[[[14, 221], [18, 221]], [], [true, true]]",
6245,q,a,p,,"[[[18, 222]], [], [true]]",
6246,q,a,cx_stage1,,"[[[14, 225], [18, 225]], [], [true, true]]",
6247,q,a,cx_stage3,,"[[[14, 225], [18, 225]], [], [true, true]]",
6248,q,a,cx_stage1,,"[[[15, 228], [18, 228]], [], [true, true]]",
6249,q,a,cx_stage3,,"[[[15, 228], [18, 228]], [], [true, true]]",
6250,q,a,p,,"[[[18, 229]], [], [true]]",
6251,q,a,cx_stage1,,"[[[15, 232], [18, 232]], [], [true, true]]",
6252,q,a,cx_stage3,,"[[[15, 232], [18, 232]], [], [true, true]]",
6253,q,a,cx_stage1,,"[[[16, 235], [18, 235]], [], [true, true]]",
6254,q,a,cx_stage3,,"[[[16, 235], [18, 235]], [], [true, true]]",
6255,q,a,p,,"[[[18, 236]], [], [true]]",
6256,q,a,cx_stage1,,"[[[16, 239], [18, 239]], [], [true, true]]",
6257,q,a,cx_stage3,,"[[[16, 239], [18, 239]], [], [true, true]]",
6258,q,a,cx_stage1,,"[[[17, 242], [18, 242]], [], [true, true]]",
6259,q,a,cx_stage3,,"[[[17, 242], [18, 242]], [], [true, true]]",
6260,q,a,p,,"[[[18, 243]], [], [true]]",
6261,q,a,cx_stage1,,"[[[17, 246], [18, 246]], [], [true, true]]",
6262,q,a,cx_stage3,,"[[[17, 246], [18, 246]], [], [true, true]]",
6263,q,a,cx_stage1,,"[[[18, 256], [19, 256]], [], [true, true]]",
6264,q,a,cx_stage2,,"[[[18, 256], [19, 256]], [], [true, true]]",
6265,q,a,cx_stage3,,"[[[18, 256], [19, 256]], [], [true, true]]",
6266,q,a,cx_stage1,,"[[[18, 260], [19, 260]], [], [true, true]]",
6267,q,a,cx_stage2,,"[[[18, 260], [19, 260]], [], [true, true]]",
6268,q,a,cx_stage3,,"[[[18, 260], [19, 260]], [], [true, true]]",
6269,q,a,cx_stage1,,"[[[18, 263], [20, 263]], [], [true, true]]",
6270,q,a,cx_stage2,,"[[[18, 263], [20, 263]], [], [true, true]]",
6271,q,a,cx_stage3,,"[[[18, 263], [20, 263]], [], [true, true]]",
6272,q,a,cx_stage1,,"[[[18, 267], [20, 267]], [], [true, true]]",
6273,q,a,cx_stage2,,"[[[18, 267], [20, 267]], [], [true, true]]",
6274,q,a,cx_stage3,,"[[[18, 267], [20, 267]], [], [true, true]]",
6275,q,a,cx_stage1,,"[[[18, 270], [21, 270]], [], [true, true]]",
6276,q,a,cx_stage2,,"[[[18, 270], [21, 270]], [], [true, true]]",
6277,q,a,cx_stage3,,"[[[18, 270], [21, 270]], [], [true, true]]",
6278,q,a,cx_stage1,,"[[[18, 274], [21, 274]], [], [true, true]]",
6279,q,a,cx_stage2,,"[[[18, 274], [21, 274]], [], [true, true]]",
6280,q,a,cx_stage3,,"[[[18, 274], [21, 274]], [], [true, true]]",
6281,q,a,cx_stage1,,"[[[18, 277], [22, 277]], [], [true, true]]",
6282,q,a,cx_stage2,,"[[[18, 277], [22, 277]], [], [true, true]]",
6283,q,a,cx_stage3,,"[[[18, 277], [22, 277]], [], [true, true]]",
6284,q,a,cx_stage1,,"[[[18, 281], [22, 281]], [], [true, true]]",
6285,q,a,cx_stage2,,"[[[18, 281], [22, 281]], [], [true, true]]",
6286,q,a,cx_stage3,,"[[[18, 281], [22, 281]], [], [true, true]]",
6287,q,a,cx_stage1,,"[[[18, 284], [23, 284]], [], [true, true]]",
6288,q,a,cx_stage2,,"[[[18, 284], [23, 284]], [], [true, true]]",
6289,q,a,cx_stage3,,"[[[18, 284], [23, 284]], [], [true, true]]",
6290,q,a,cx_stage1,,"[[[18, 288], [23, 288]], [], [true, true]]",
6291,q,a,cx_stage2,,"[[[18, 288], [23, 288]], [], [true, true]]",
6292,q,a,cx_stage3,,"[[[18, 288], [23, 288]], [], [true, true]]",
6293,q,a,cx_stage1,,"[[[18, 291], [24, 291]], [], [true, true]]",
6294,q,a,cx_stage2,,"[[[18, 291], [24, 291]], [], [true, true]]",
6295,q,a,cx_stage3,,"[[[18, 291], [24, 291]], [], [true, true]]",
6296,q,a,cx_stage1,,"[[[18, 295], [24, 295]], [], [true, true]]",
6297,q,a,cx_stage2,,"[[[18, 295], [24, 295]], [], [true, true]]",
6298,q,a,cx_stage3,,"[[[18, 295], [24, 295]], [], [true, true]]",
6299,q,a,cx_stage1,,"[[[18, 298], [25, 298]], [], [true, true]]",
6300,q,a,cx_stage2,,"[[[18, 298], [25, 298]], [], [true, true]]",
6301,q,a,cx_stage3,,"[[[18, 298], [25, 298]], [], [true, true]]",
6302,q,a,cx_stage1,,"[[[18, 302], [25, 302]], [], [true, true]]",
6303,q,a,cx_stage2,,"[[[18, 302], [25, 302]], [], [true, true]]",
6304,q,a,cx_stage3,,"[[[18, 302], [25, 302]], [], [true, true]]",
6305,q,a,cx_stage1,,"[[[18, 305], [26, 305]], [], [true, true]]",
6306,q,a,cx_stage2,,"[[[18, 305], [26, 305]], [], [true, true]]",
6307,q,a,cx_stage3,,"[[[18, 305], [26, 305]], [], [true, true]]",
6308,q,a,cx_stage1,,"[[[18, 309], [26, 309]], [], [true, true]]",
6309,q,a,cx_stage2,,"[[[18, 309], [26, 309]], [], [true, true]]",
6310,q,a,cx_stage3,,"[[[18, 309], [26, 309]], [], [true, true]]",
6311,q,a,cx_stage1,,"[[[18, 312], [27, 312]], [], [true, true]]",
6312,q,a,cx_stage2,,"[[[18, 312], [27, 312]], [], [true, true]]",
6313,q,a,cx_stage3,,"[[[18, 312], [27, 312]], [], [true, true]]",
6314,q,a,cx_stage1,,"[[[18, 316], [27, 316]], [], [true, true]]",
6315,q,a,cx_stage2,,"[[[18, 316], [27, 316]], [], [true, true]]",
6316,q,a,cx_stage3,,"[[[18, 316], [27, 316]], [], [true, true]]",
6317,q,a,cx_stage1,,"[[[18, 319], [28, 319]], [], [true, true]]",
6318,q,a,cx_stage2,,"[[[18, 319], [28, 319]], [], [true, true]]",
6319,q,a,cx_stage3,,"[[[18, 319], [28, 319]], [], [true, true]]",
6320,q,a,cx_stage1,,"[[[18, 323], [28, 323]], [], [true, true]]",
6321,q,a,cx_stage2,,"[[[18, 323], [28, 323]], [], [true, true]]",
6322,q,a,cx_stage3,,"[[[18, 323], [28, 323]], [], [true, true]]",
6323,q,a,cx_stage1,,"[[[18, 326], [29, 326]], [], [true, true]]",
6324,q,a,cx_stage2,,"[[[18, 326], [29, 326]], [], [true, true]]",
6325,q,a,cx_stage3,,"[[[18, 326], [29, 326]], [], [true, true]]",
6326,q,a,cx_stage1,,"[[[18, 330], [29, 330]], [], [true, true]]",
6327,q,a,cx_stage2,,"[[[18, 330], [29, 330]], [], [true, true]]",
6328,q,a,cx_stage3,,"[[[18, 330], [29, 330]], [], [true, true]]",
6329,q,a,cx_stage1,,"[[[18, 333], [30, 333]], [], [true, true]]",
6330,q,a,cx_stage2,,"[[[18, 333], [30, 333]], [], [true, true]]",
6331,q,a,cx_stage3,,"[[[18, 333], [30, 333]], [], [true, true]]",
6332,q,a,cx_stage1,,"[[[18, 337], [30, 337]], [], [true, true]]",
6333,q,a,cx_stage2,,"[[[18, 337], [30, 337]], [], [true, true]]",
6334,q,a,cx_stage3,,"[[[18, 337], [30, 337]], [], [true, true]]",
6335,q,a,cx_stage1,,"[[[18, 340], [31, 340]], [], [true, true]]",
6336,q,a,cx_stage2,,"[[[18, 340], [31, 340]], [], [true, true]]",
6337,q,a,cx_stage3,,"[[[18, 340], [31, 340]], [], [true, true]]",
6338,q,a,cx_stage1,,"[[[18, 344], [31, 344]], [], [true, true]]",
6339,q,a,cx_stage2,,"[[[18, 344], [31, 344]], [], [true, true]]",
6340,q,a,cx_stage3,,"[[[18, 344], [31, 344]], [], [true, true]]",
6341,q,a,cx_stage1,,"[[[18, 347], [32, 347]], [], [true, true]]",
6342,q,a,cx_stage2,,"[[[18, 347], [32, 347]], [], [true, true]]",
6343,q,a,cx_stage3,,"[[[18, 347], [32, 347]], [], [true, true]]",
6344,q,a,cx_stage1,,"[[[18, 351], [32, 351]], [], [true, true]]",
6345,q,a,cx_stage2,,"[[[18, 351], [32, 351]], [], [true, true]]",
6346,q,a,cx_stage3,,"[[[18, 351], [32, 351]], [], [true, true]]",
6347,q,a,cx_stage1,,"[[[18, 354], [33, 354]], [], [true, true]]",
6348,q,a,cx_stage2,,"[[[18, 354], [33, 354]], [], [true, true]]",
6349,q,a,cx_stage3,,"[[[18, 354], [33, 354]], [], [true, true]]",
6350,q,a,cx_stage1,,"[[[18, 358], [33, 358]], [], [true, true]]",
6351,q,a,cx_stage2,,"[[[18, 358], [33, 358]], [], [true, true]]",
6352,q,a,cx_stage3,,"[[[18, 358], [33, 358]], [], [true, true]]",
6353,q,a,cx_stage1,,"[[[18, 361], [34, 361]], [], [true, true]]",
6354,q,a,cx_stage2,,"[[[18, 361], [34, 361]], [], [true, true]]",
6355,q,a,cx_stage3,,"[[[18, 361], [34, 361]], [], [true, true]]",
6356,q,a,cx_stage1,,"[[[18, 365], [34, 365]], [], [true, true]]",
6357,q,a,cx_stage2,,"[[[18, 365], [34, 365]], [], [true, true]]",
6358,q,a,cx_stage3,,"[[[18, 365], [34, 365]], [], [true, true]]",
6359,q,a,cx_stage1,,"[[[18, 368], [35, 368]], [], [true, true]]",
6360,q,a,cx_stage2,,"[[[18, 368], [35, 368]], [], [true, true]]",
6361,q,a,cx_stage3,,"[[[18, 368], [35, 368]], [], [true, true]]",
6362,q,a,cx_stage1,,"[[[18, 372], [35, 372]], [], [true, true]]",
6363,q,a,cx_stage2,,"[[[18, 372], [35, 372]], [], [true, true]]",
6364,q,a,cx_stage3,,"[[[18, 372], [35, 372]], [], [true, true]]",
6365,q,a,cx_stage1,,"[[[18, 375], [36, 375]], [], [true, true]]",
6366,q,a,cx_stage2,,"[[[18, 375], [36, 375]], [], [true, true]]",
6367,q,a,cx_stage3,,"[[[18, 375], [36, 375]], [], [true, true]]",
6368,q,a,cx_stage1,,"[[[18, 379], [36, 379]], [], [true, true]]",
6369,q,a,cx_stage2,,"[[[18, 379], [36, 379]], [], [true, true]]",
6370,q,a,cx_stage3,,"[[[18, 379], [36, 379]], [], [true, true]]",
6371,q,a,cx_stage1,,"[[[18, 382], [37, 382]], [], [true, true]]",
6372,q,a,cx_stage2,,"[[[18, 382], [37, 382]], [], [true, true]]",
6373,q,a,cx_stage3,,"[[[18, 382], [37, 382]], [], [true, true]]",
6374,q,a,cx_stage1,,"[[[18, 386], [37, 386]], [], [true, true]]",
6375,q,a,cx_stage2,,"[[[18, 386], [37, 386]], [], [true, true]]",
6376,q,a,cx_stage3,,"[[[18, 386], [37, 386]], [], [true, true]]",
6377,q,a,cx_stage1,,"[[[18, 389], [38, 389]], [], [true, true]]",
6378,q,a,cx_stage2,,"[[[18, 389], [38, 389]], [], [true, true]]",
6379,q,a,cx_stage3,,"[[[18, 389], [38, 389]], [], [true, true]]",
6380,q,a,cx_stage1,,"[[[18, 393], [38, 393]], [], [true, true]]",
6381,q,a,cx_stage2,,"[[[18, 393], [38, 393]], [], [true, true]]",
6382,q,a,cx_stage3,,"[[[18, 393], [38, 393]], [], [true, true]]",
6383,q,a,cx_stage1,,"[[[18, 396], [39, 396]], [], [true, true]]",
6384,q,a,cx_stage2,,"[[[18, 396], [39, 396]], [], [true, true]]",
6385,q,a,cx_stage3,,"[[[18, 396], [39, 396]], [], [true, true]]",
6386,q,a,cx_stage1,,"[[[18, 400], [39, 400]], [], [true, true]]",
6387,q,a,cx_stage2,,"[[[18, 400], [39, 400]], [], [true, true]]",
6388,q,a,cx_stage3,,"[[[18, 400], [39, 400]], [], [true, true]]",
6389,q,a,cx_stage1,,"[[[18, 403], [40, 403]], [], [true, true]]",
6390,q,a,cx_stage2,,"[[[18, 403], [40, 403]], [], [true, true]]",
6391,q,a,cx_stage3,,"[[[18, 403], [40, 403]], [], [true, true]]",
6392,q,a,cx_stage1,,"[[[18, 407], [40, 407]], [], [true, true]]",
6393,q,a,cx_stage2,,"[[[18, 407], [40, 407]], [], [true, true]]",
6394,q,a,cx_stage3,,"[[[18, 407], [40, 407]], [], [true, true]]",
6395,q,a,cx_stage1,,"[[[18, 410], [41, 410]], [], [true, true]]",
6396,q,a,cx_stage2,,"[[[18, 410], [41, 410]], [], [true, true]]",
6397,q,a,cx_stage3,,"[[[18, 410], [41, 410]], [], [true, true]]",
6398,q,a,cx_stage1,,"[[[18, 414], [41, 414]], [], [true, true]]",
6399,q,a,cx_stage2,,"[[[18, 414], [41, 414]], [], [true, true]]",
6400,q,a,cx_stage3,,"[[[18, 414], [41, 414]], [], [true, true]]",
6401,q,a,cx_stage1,,"[[[18, 417], [42, 417]], [], [true, true]]",
6402,q,a,cx_stage2,,"[[[18, 417], [42, 417]], [], [true, true]]",
6403,q,a,cx_stage3,,"[[[18, 417], [42, 417]], [], [true, true]]",
6404,q,a,cx_stage1,,"[[[18, 421], [42, 421]], [], [true, true]]",
6405,q,a,cx_stage2,,"[[[18, 421], [42, 421]], [], [true, true]]",
6406,q,a,cx_stage3,,"[[[18, 421], [42, 421]], [], [true, true]]",
6407,q,a,cx_stage1,,"[[[18, 424], [43, 424]], [], [true, true]]",
6408,q,a,cx_stage2,,"[[[18, 424], [43, 424]], [], [true, true]]",
6409,q,a,cx_stage3,,"[[[18, 424], [43, 424]], [], [true, true]]",
6410,q,a,cx_stage1,,"[[[18, 428], [43, 428]], [], [true, true]]",
6411,q,a,cx_stage2,,"[[[18, 428], [43, 428]], [], [true, true]]",
6412,q,a,cx_stage3,,"[[[18, 428], [43, 428]], [], [true, true]]",
6413,q,a,cx_stage1,,"[[[18, 431], [44, 431]], [], [true, true]]",
6414,q,a,cx_stage2,,"[[[18, 431], [44, 431]], [], [true, true]]",
6415,q,a,cx_stage3,,"[[[18, 431], [44, 431]], [], [true, true]]",
6416,q,a,cx_stage1,,"[[[18, 435], [44, 435]], [], [true, true]]",
6417,q,a,cx_stage2,,"[[[18, 435], [44, 435]], [], [true, true]]",
6418,q,a,cx_stage3,,"[[[18, 435], [44, 435]], [], [true, true]]",
6419,q,a,cx_stage1,,"[[[18, 438], [45, 438]], [], [true, true]]",
6420,q,a,cx_stage2,,"[[[18, 438], [45, 438]], [], [true, true]]",
6421,q,a,cx_stage3,,"[[[18, 438], [45, 438]], [], [true, true]]",
6422,q,a,cx_stage1,,"[[[18, 442], [45, 442]], [], [true, true]]",
6423,q,a,cx_stage2,,"[[[18, 442], [45, 442]], [], [true, true]]",
6424,q,a,cx_stage3,,"[[[18, 442], [45, 442]], [], [true, true]]",
6425,q,a,cx_stage1,,"[[[18, 445], [46, 445]], [], [true, true]]",
6426,q,a,cx_stage2,,"[[[18, 445], [46, 445]], [], [true, true]]",
6427,q,a,cx_stage3,,"[[[18, 445], [46, 445]], [], [true, true]]",
6428,q,a,cx_stage1,,"[[[18, 449], [46, 449]], [], [true, true]]",
6429,q,a,cx_stage2,,"[[[18, 449], [46, 449]], [], [true, true]]",
6430,q,a,cx_stage3,,"[[[18, 449], [46, 449]], [], [true, true]]",
6431,q,a,cx_stage1,,"[[[18, 452], [47, 452]], [], [true, true]]",
6432,q,a,cx_stage2,,"[[[18, 452], [47, 452]], [], [true, true]]",
6433,q,a,cx_stage3,,"[[[18, 452], [47, 452]], [], [true, true]]",
6434,q,a,cx_stage1,,"[[[18, 456], [47, 456]], [], [true, true]]",
6435,q,a,cx_stage2,,"[[[18, 456], [47, 456]], [], [true, true]]",
6436,q,a,cx_stage3,,"[[[18, 456], [47, 456]], [], [true, true]]",
6437,q,a,cx_stage1,,"[[[18, 459], [48, 459]], [], [true, true]]",
6438,q,a,cx_stage2,,"[[[18, 459], [48, 459]], [], [true, true]]",
6439,q,a,cx_stage3,,"[[[18, 459], [48, 459]], [], [true, true]]",
6440,q,a,cx_stage1,,"[[[18, 463], [48, 463]], [], [true, true]]",
6441,q,a,cx_stage2,,"[[[18, 463], [48, 463]], [], [true, true]]",
6442,q,a,cx_stage3,,"[[[18, 463], [48, 463]], [], [true, true]]",
6443,q,a,cx_stage1,,"[[[18, 466], [49, 466]], [], [true, true]]",
6444,q,a,cx_stage2,,"[[[18, 466], [49, 466]], [], [true, true]]",
6445,q,a,cx_stage3,,"[[[18, 466], [49, 466]], [], [true, true]]",
6446,q,a,cx_stage1,,"[[[18, 470], [49, 470]], [], [true, true]]",
6447,q,a,cx_stage2,,"[[[18, 470], [49, 470]], [], [true, true]]",
6448,q,a,cx_stage3,,"[[[18, 470], [49, 470]], [], [true, true]]",
6449,q,a,cx_stage1,,"[[[18, 473], [50, 473]], [], [true, true]]",
6450,q,a,cx_stage2,,"[[[18, 473], [50, 473]], [], [true, true]]",
6451,q,a,cx_stage3,,"[[[18, 473], [50, 473]], [], [true, true]]",
6452,q,a,cx_stage1,,"[[[18, 477], [50, 477]], [], [true, true]]",
6453,q,a,cx_stage2,,"[[[18, 477], [50, 477]], [], [true, true]]",
6454,q,a,cx_stage3,,"[[[18, 477], [50, 477]], [], [true, true]]",
6455,q,a,cx_stage1,,"[[[18, 480], [51, 480]], [], [true, true]]",
6456,q,a,cx_stage2,,"[[[18, 480], [51, 480]], [], [true, true]]",
6457,q,a,cx_stage3,,"[[[18, 480], [51, 480]], [], [true, true]]",
6458,q,a,cx_stage1,,"[[[18, 484], [51, 484]], [], [true, true]]",
6459,q,a,cx_stage2,,"[[[18, 484], [51, 484]], [], [true, true]]",
6460,q,a,cx_stage3,,"[[[18, 484], [51, 484]], [], [true, true]]",
6461,q,a,cx_stage1,,"[[[18, 487], [52, 487]], [], [true, true]]",
6462,q,a,cx_stage2,,"[[[18, 487], [52, 487]], [], [true, true]]",
6463,q,a,cx_stage3,,"[[[18, 487], [52, 487]], [], [true, true]]",
6464,q,a,cx_stage1,,"[[[18, 491], [52, 491]], [], [true, true]]",
6465,q,a,cx_stage2,,"[[[18, 491], [52, 491]], [], [true, true]]",
6466,q,a,cx_stage3,,"[[[18, 491], [52, 491]], [], [true, true]]",
6467,q,a,cx_stage1,,"[[[18, 494], [53, 494]], [], [true, true]]",
6468,q,a,cx_stage2,,"[[[18, 494], [53, 494]], [], [true, true]]",
6469,q,a,cx_stage3,,"[[[18, 494], [53, 494]], [], [true, true]]",
6470,q,a,cx_stage1,,"[[[18, 498], [53, 498]], [], [true, true]]",
6471,q,a,cx_stage2,,"[[[18, 498], [53, 498]], [], [true, true]]",
6472,q,a,cx_stage3,,"[[[18, 498], [53, 498]], [], [true, true]]",
6473,q,a,cx_stage1,,"[[[18, 501], [54, 501]], [], [true, true]]",
6474,q,a,cx_stage2,,"[[[18, 501], [54, 501]], [], [true, true]]",
6475,q,a,cx_stage3,,"[[[18, 501], [54, 501]], [], [true, true]]",
6476,q,a,cx_stage1,,"[[[18, 505], [54, 505]], [], [true, true]]",
6477,q,a,cx_stage2,,"[[[18, 505], [54, 505]], [], [true, true]]",
6478,q,a,cx_stage3,,"[[[18, 505], [54, 505]], [], [true, true]]",
6479,q,a,cx_stage1,,"[[[18, 508], [55, 508]], [], [true, true]]",
6480,q,a,cx_stage2,,"[[[18, 508], [55, 508]], [], [true, true]]",
6481,q,a,cx_stage3,,"[[[18, 508], [55, 508]], [], [true, true]]",
6482,q,a,cx_stage1,,"[[[18, 512], [55, 512]], [], [true, true]]",
6483,q,a,cx_stage2,,"[[[18, 512], [55, 512]], [], [true, true]]",
6484,q,a,cx_stage3,,"[[[18, 512], [55, 512]], [], [true, true]]",
6485,q,a,u2,,"[[[18, 513]], [], [true]]",
6486,q,a,cx_stage1,,"[[[0, 516], [18, 516]], [], [true, true]]",
6487,q,a,cx_stage3,,"[[[0, 516], [18, 516]], [], [true, true]]",
6488,q,a,p,,"[[[18, 517]], [], [true]]",
6489,q,a,cx_stage1,,"[[[0, 520], [18, 520]], [], [true, true]]",
6490,q,a,cx_stage3,,"[[[0, 520], [18, 520]], [], [true, true]]",
6491,q,a,cx_stage1,,"[[[1, 523], [18, 523]], [], [true, true]]",
6492,q,a,cx_stage2,,"[[[1, 523], [18, 523]], [], [true, true]]",
6493,q,a,cx_stage3,,"[[[1, 523], [18, 523]], [], [true, true]]",
6494,q,a,p,,"[[[18, 524]], [], [true]]",
6495,q,a,cx_stage1,,"[[[1, 527], [18, 527]], [], [true, true]]",
6496,q,a,cx_stage2,,"[[[1, 527], [18, 527]], [], [true, true]]",
6497,q,a,cx_stage3,,"[[[1, 527], [18, 527]], [], [true, true]]",
6498,q,a,cx_stage1,,"[[[2, 530], [18, 530]], [], [true, true]]",
6499,q,a,cx_stage2,,"[[[2, 530], [18, 530]], [], [true, true]]",
6500,q,a,cx_stage3,,"[[[2, 530], [18, 530]], [], [true, true]]",
6501,q,a,p,,"[[[18, 531]], [], [true]]",
6502,q,a,cx_stage1,,"[[[2, 534], [18, 534]], [], [true, true]]",
6503,q,a,cx_stage2,,"[[[2, 534], [18, 534]], [], [true, true]]",
6504,q,a,cx_stage3,,"[[[2, 534], [18, 534]], [], [true, true]]",
6505,q,a,cx_stage1,,"[[[3, 537], [18, 537]], [], [true, true]]",
6506,q,a,cx_stage2,,"[[[3, 537], [18, 537]], [], [true, true]]",
6507,q,a,cx_stage3,,"[[[3, 537], [18, 537]], [], [true, true]]",
6508,q,a,p,,"[[[18, 538]], [], [true]]",
6509,q,a,cx_stage1,,"[[[3, 541], [18, 541]], [], [true, true]]",
6510,q,a,cx_stage2,,"[[[3, 541], [18, 541]], [], [true, true]]",
6511,q,a,cx_stage3,,"[[[3, 541], [18, 541]], [], [true, true]]",
6512,q,a,cx_stage1,,"[[[4, 544], [18, 544]], [], [true, true]]",
6513,q,a,cx_stage2,,"[[[4, 544], [18, 544]], [], [true, true]]",
6514,q,a,cx_stage3,,"[[[4, 544], [18, 544]], [], [true, true]]",
6515,q,a,p,,"[[[18, 545]], [], [true]]",
6516,q,a,cx_stage1,,"[[[4, 548], [18, 548]], [], [true, true]]",
6517,q,a,cx_stage2,,"[[[4, 548], [18, 548]], [], [true, true]]",
6518,q,a,cx_stage3,,"[[[4, 548], [18, 548]], [], [true, true]]",
6519,q,a,cx_stage1,,"[[[5, 551], [18, 551]], [], [true, true]]",
6520,q,a,cx_stage2,,"[[[5, 551], [18, 551]], [], [true, true]]",
6521,q,a,cx_stage3,,"[[[5, 551], [18, 551]], [], [true, true]]",
6522,q,a,p,,"[[[18, 552]], [], [true]]",
6523,q,a,cx_stage1,,"[[[5, 555], [18, 555]], [], [true, true]]",
6524,q,a,cx_stage2,,"[[[5, 555], [18, 555]], [], [true, true]]",
6525,q,a,cx_stage3,,"[[[5, 555], [18, 555]], [], [true, true]]",
6526,q,a,cx_stage1,,"[[[6, 558], [18, 558]], [], [true, true]]",
6527,q,a,cx_stage2,,"[[[6, 558], [18, 558]], [], [true, true]]",
6528,q,a,cx_stage3,,"[[[6, 558], [18, 558]], [], [true, true]]",
6529,q,a,p,,"[[[18, 559]], [], [true]]",
6530,q,a,cx_stage1,,"[[[6, 562], [18, 562]], [], [true, true]]",
6531,q,a,cx_stage2,,"[[[6, 562], [18, 562]], [], [true, true]]",
6532,q,a,cx_stage3,,"[[[6, 562], [18, 562]], [], [true, true]]",
6533,q,a,cx_stage1,,"[[[7, 565], [18, 565]], [], [true, true]]",
6534,q,a,cx_stage2,,"[[[7, 565], [18, 565]], [], [true, true]]",
6535,q,a,cx_stage3,,"[[[7, 565], [18, 565]], [], [true, true]]",
6536,q,a,p,,"[[[18, 566]], [], [true]]",
6537,q,a,cx_stage1,,"[[[7, 569], [18, 569]], [], [true, true]]",
6538,q,a,cx_stage2,,"[[[7, 569], [18, 569]], [], [true, true]]",
6539,q,a,cx_stage3,,"[[[7, 569], [18, 569]], [], [true, true]]",
6540,q,a,cx_stage1,,"[[[8, 572], [18, 572]], [], [true, true]]",
6541,q,a,cx_stage2,,"[[[8, 572], [18, 572]], [], [true, true]]",
6542,q,a,cx_stage3,,"[[[8, 572], [18, 572]], [], [true, true]]",
6543,q,a,p,,"[[[18, 573]], [], [true]]",
6544,q,a,cx_stage1,,"[[[8, 576], [18, 576]], [], [true, true]]",
6545,q,a,cx_stage2,,"[[[8, 576], [18, 576]], [], [true, true]]",
6546,q,a,cx_stage3,,"[[[8, 576], [18, 576]], [], [true, true]]",
6547,q,a,cx_stage1,,"[[[9, 579], [18, 579]], [], [true, true]]",
6548,q,a,cx_stage2,,"[[[9, 579], [18, 579]], [], [true, true]]",
6549,q,a,cx_stage3,,"[[[9, 579], [18, 579]], [], [true, true]]",
6550,q,a,p,,"[[[18, 580]], [], [true]]",
6551,q,a,cx_stage1,,"[[[9, 583], [18, 583]], [], [true, true]]",
6552,q,a,cx_stage2,,"[[[9, 583], [18, 583]], [], [true, true]]",
6553,q,a,cx_stage3,,"[[[9, 583], [18, 583]], [], [true, true]]",
6554,q,a,cx_stage1,,"[[[10, 586], [18, 586]], [], [true, true]]",
6555,q,a,cx_stage3,,"[[[10, 586], [18, 586]], [], [true, true]]",
6556,q,a,p,,"[[[18, 587]], [], [true]]",
6557,q,a,cx_stage1,,"[[[10, 590], [18, 590]], [], [true, true]]",
6558,q,a,cx_stage3,,"[[[10, 590], [18, 590]], [], [true, true]]",
6559,q,a,cx_stage1,,"[[[11, 593], [18, 593]], [], [true, true]]",
6560,q,a,cx_stage3,,"[[[11, 593], [18, 593]], [], [true, true]]",
6561,q,a,p,,"[[[18, 594]], [], [true]]",
6562,q,a,cx_stage1,,"[[[11, 597], [18, 597]], [], [true, true]]",
6563,q,a,cx_stage3,,"[[[11, 597], [18, 597]], [], [true, true]]",
6564,q,a,cx_stage1,,"[[[12, 600], [18, 600]], [], [true, true]]",
6565,q,a,cx_stage3,,"[[[12, 600], [18, 600]], [], [true, true]]",
6566,q,a,p,,"[[[18, 601]], [], [true]]",
6567,q,a,cx_stage1,,"[[[12, 604], [18, 604]], [], [true, true]]",
6568,q,a,cx_stage3,,"[[[12, 604], [18, 604]], [], [true, true]]",
6569,q,a,cx_stage1,,"[[[13, 607], [18, 607]], [], [true, true]]",
6570,q,a,cx_stage3,,"[[[13, 607], [18, 607]], [], [true, true]]",
6571,q,a,p,,"[[[18, 608]], [], [true]]",
6572,q,a,cx_stage1,,"[[[13, 611], [18, 611]], [], [true, true]]",
6573,q,a,cx_stage3,,"[[[13, 611], [18, 611]], [], [true, true]]",
6574,q,a,cx_stage1,,"[[[14, 614], [18, 614]], [], [true, true]]",
6575,q,a,cx_stage3,,"[[[14, 614], [18, 614]], [], [true, true]]",
6576,q,a,p,,"[[[18, 615]], [], [true]]",
6577,q,a,cx_stage1,,"[[[14, 618], [18, 618]], [], [true, true]]",
6578,q,a,cx_stage3,,"[[[14, 618], [18, 618]], [], [true, true]]",
6579,q,a,cx_stage1,,"[[[15, 621], [18, 621]], [], [true, true]]",
6580,q,a,cx_stage3,,"[[[15, 621], [18, 621]], [], [true, true]]",
6581,q,a,p,,"[[[18, 622]], [], [true]]",
6582,q,a,cx_stage1,,"[[[15, 625], [18, 625]], [], [true, true]]",
6583,q,a,cx_stage3,,"[[[15, 625], [18, 625]], [], [true, true]]",
6584,q,a,cx_stage1,,"[[[16, 628], [18, 628]], [], [true, true]]",
6585,q,a,cx_stage3,,"[[[16, 628], [18, 628]], [], [true, true]]",
6586,q,a,p,,"[[[18, 629]], [], [true]]",
6587,q,a,cx_stage1,,"[[[16, 632], [18, 632]], [], [true, true]]",
6588,q,a,cx_stage3,,"[[[16, 632], [18, 632]], [], [true, true]]",
6589,q,a,cx_stage1,,"[[[17, 635], [18, 635]], [], [true, true]]",
6590,q,a,cx_stage3,,"[[[17, 635], [18, 635]], [], [true, true]]",
6591,q,a,p,,"[[[18, 636]], [], [true]]",
6592,q,a,cx_stage1,,"[[[17, 639], [18, 639]], [], [true, true]]",
6593,q,a,cx_stage3,,"[[[17, 639], [18, 639]], [], [true, true]]",
6594,q,a,cx_stage1,,"[[[18, 649], [19, 649]], [], [true, true]]",
6595,q,a,cx_stage2,,"[[[18, 649], [19, 649]], [], [true, true]]",
6596,q,a,cx_stage3,,"[[[18, 649], [19, 649]], [], [true, true]]",
6597,q,a,cx_stage1,,"[[[18, 653], [19, 653]], [], [true, true]]",
6598,q,a,cx_stage2,,"[[[18, 653], [19, 653]], [], [true, true]]",
6599,q,a,cx_stage3,,"[[[18, 653], [19, 653]], [], [true, true]]",
6600,q,a,cx_stage1,,"[[[18, 656], [20, 656]], [], [true, true]]",
6601,q,a,cx_stage2,,"[[[18, 656], [20, 656]], [], [true, true]]",
6602,q,a,cx_stage3,,"[[[18, 656], [20, 656]], [], [true, true]]",
6603,q,a,cx_stage1,,"[[[18, 660], [20, 660]], [], [true, true]]",
6604,q,a,cx_stage2,,"[[[18, 660], [20, 660]], [], [true, true]]",
6605,q,a,cx_stage3,,"[[[18, 660], [20, 660]], [], [true, true]]",
6606,q,a,cx_stage1,,"[[[18, 663], [21, 663]], [], [true, true]]",
6607,q,a,cx_stage2,,"[[[18, 663], [21, 663]], [], [true, true]]",
6608,q,a,cx_stage3,,"[[[18, 663], [21, 663]], [], [true, true]]",
6609,q,a,cx_stage1,,"[[[18, 667], [21, 667]], [], [true, true]]",
6610,q,a,cx_stage2,,"[[[18, 667], [21, 667]], [], [true, true]]",
6611,q,a,cx_stage3,,"[[[18, 667], [21, 667]], [], [true, true]]",
6612,q,a,cx_stage1,,"[[[18, 670], [22, 670]], [], [true, true]]",
6613,q,a,cx_stage2,,"[[[18, 670], [22, 670]], [], [true, true]]",
6614,q,a,cx_stage3,,"[[[18, 670], [22, 670]], [], [true, true]]",
6615,q,a,cx_stage1,,"[[[18, 674], [22, 674]], [], [true, true]]",
6616,q,a,cx_stage2,,"[[[18, 674], [22, 674]], [], [true, true]]",
6617,q,a,cx_stage3,,"[[[18, 674], [22, 674]], [], [true, true]]",
6618,q,a,cx_stage1,,"[[[18, 677], [23, 677]], [], [true, true]]",
6619,q,a,cx_stage2,,"[[[18, 677], [23, 677]], [], [true, true]]",
6620,q,a,cx_stage3,,"[[[18, 677], [23, 677]], [], [true, true]]",
6621,q,a,cx_stage1,,"[[[18, 681], [23, 681]], [], [true, true]]",
6622,q,a,cx_stage2,,"[[[18, 681], [23, 681]], [], [true, true]]",
6623,q,a,cx_stage3,,"[[[18, 681], [23, 681]], [], [true, true]]",
6624,q,a,cx_stage1,,"[[[18, 684], [24, 684]], [], [true, true]]",
6625,q,a,cx_stage2,,"[[[18, 684], [24, 684]], [], [true, true]]",
6626,q,a,cx_stage3,,"[[[18, 684], [24, 684]], [], [true, true]]",
6627,q,a,cx_stage1,,"[[[18, 688], [24, 688]], [], [true, true]]",
6628,q,a,cx_stage2,,"[[[18, 688], [24, 688]], [], [true, true]]",
6629,q,a,cx_stage3,,"[[[18, 688], [24, 688]], [], [true, true]]",
6630,q,a,cx_stage1,,"[[[18, 691], [25, 691]], [], [true, true]]",
6631,q,a,cx_stage2,,"[[[18, 691], [25, 691]], [], [true, true]]",
6632,q,a,cx_stage3,,"[[[18, 691], [25, 691]], [], [true, true]]",
6633,q,a,cx_stage1,,"[[[18, 695], [25, 695]], [], [true, true]]",
6634,q,a,cx_stage2,,"[[[18, 695], [25, 695]], [], [true, true]]",
6635,q,a,cx_stage3,,"[[[18, 695], [25, 695]], [], [true, true]]",
6636,q,a,cx_stage1,,"[[[18, 698], [26, 698]], [], [true, true]]",
6637,q,a,cx_stage2,,"[[[18, 698], [26, 698]], [], [true, true]]",
6638,q,a,cx_stage3,,"[[[18, 698], [26, 698]], [], [true, true]]",
6639,q,a,cx_stage1,,"[[[18, 702], [26, 702]], [], [true, true]]",
6640,q,a,cx_stage2,,"[[[18, 702], [26, 702]], [], [true, true]]",
6641,q,a,cx_stage3,,"[[[18, 702], [26, 702]], [], [true, true]]",
6642,q,a,cx_stage1,,"[[[18, 705], [27, 705]], [], [true, true]]",
6643,q,a,cx_stage2,,"[[[18, 705], [27, 705]], [], [true, true]]",
6644,q,a,cx_stage3,,"[[[18, 705], [27, 705]], [], [true, true]]",
6645,q,a,cx_stage1,,"[[[18, 709], [27, 709]], [], [true, true]]",
6646,q,a,cx_stage2,,"[[[18, 709], [27, 709]], [], [true, true]]",
6647,q,a,cx_stage3,,"[[[18, 709], [27, 709]], [], [true, true]]",
6648,q,a,cx_stage1,,"[[[18, 712], [28, 712]], [], [true, true]]",
6649,q,a,cx_stage2,,"[[[18, 712], [28, 712]], [], [true, true]]",
6650,q,a,cx_stage3,,"[[[18, 712], [28, 712]], [], [true, true]]",
6651,q,a,cx_stage1,,"[[[18, 716], [28, 716]], [], [true, true]]",
6652,q,a,cx_stage2,,"[[[18, 716], [28, 716]], [], [true, true]]",
6653,q,a,cx_stage3,,"[[[18, 716], [28, 716]], [], [true, true]]",
6654,q,a,cx_stage1,,"[[[18, 719], [29, 719]], [], [true, true]]",
6655,q,a,cx_stage2,,"[[[18, 719], [29, 719]], [], [true, true]]",
6656,q,a,cx_stage3,,"[[[18, 719], [29, 719]], [], [true, true]]",
6657,q,a,cx_stage1,,"[[[18, 723], [29, 723]], [], [true, true]]",
6658,q,a,cx_stage2,,"[[[18, 723], [29, 723]], [], [true, true]]",
6659,q,a,cx_stage3,,"[[[18, 723], [29, 723]], [], [true, true]]",
6660,q,a,cx_stage1,,"[[[18, 726], [30, 726]], [], [true, true]]",
6661,q,a,cx_stage2,,"[[[18, 726], [30, 726]], [], [true, true]]",
6662,q,a,cx_stage3,,"[[[18, 726], [30, 726]], [], [true, true]]",
6663,q,a,cx_stage1,,"[[[18, 730], [30, 730]], [], [true, true]]",
6664,q,a,cx_stage2,,"[[[18, 730], [30, 730]], [], [true, true]]",
6665,q,a,cx_stage3,,"[[[18, 730], [30, 730]], [], [true, true]]",
6666,q,a,cx_stage1,,"[[[18, 733], [31, 733]], [], [true, true]]",
6667,q,a,cx_stage2,,"[[[18, 733], [31, 733]], [], [true, true]]",
6668,q,a,cx_stage3,,"[[[18, 733], [31, 733]], [], [true, true]]",
6669,q,a,cx_stage1,,"[[[18, 737], [31, 737]], [], [true, true]]",
6670,q,a,cx_stage2,,"[[[18, 737], [31, 737]], [], [true, true]]",
6671,q,a,cx_stage3,,"[[[18, 737], [31, 737]], [], [true, true]]",
6672,q,a,cx_stage1,,"[[[18, 740], [32, 740]], [], [true, true]]",
6673,q,a,cx_stage2,,"[[[18, 740], [32, 740]], [], [true, true]]",
6674,q,a,cx_stage3,,"[[[18, 740], [32, 740]], [], [true, true]]",
6675,q,a,cx_stage1,,"[[[18, 744], [32, 744]], [], [true, true]]",
6676,q,a,cx_stage2,,"[[[18, 744], [32, 744]], [], [true, true]]",
6677,q,a,cx_stage3,,"[[[18, 744], [32, 744]], [], [true, true]]",
6678,q,a,cx_stage1,,"[[[18, 747], [33, 747]], [], [true, true]]",
6679,q,a,cx_stage2,,"[[[18, 747], [33, 747]], [], [true, true]]",
6680,q,a,cx_stage3,,"[[[18, 747], [33, 747]], [], [true, true]]",
6681,q,a,cx_stage1,,"[[[18, 751], [33, 751]], [], [true, true]]",
6682,q,a,cx_stage2,,"[[[18, 751], [33, 751]], [], [true, true]]",
6683,q,a,cx_stage3,,"[[[18, 751], [33, 751]], [], [true, true]]",
6684,q,a,cx_stage1,,"[[[18, 754], [34, 754]], [], [true, true]]",
6685,q,a,cx_stage2,,"[[[18, 754], [34, 754]], [], [true, true]]",
6686,q,a,cx_stage3,,"[[[18, 754], [34, 754]], [], [true, true]]",
6687,q,a,cx_stage1,,"[[[18, 758], [34, 758]], [], [true, true]]",
6688,q,a,cx_stage2,,"[[[18, 758], [34, 758]], [], [true, true]]",
6689,q,a,cx_stage3,,"[[[18, 758], [34, 758]], [], [true, true]]",
6690,q,a,cx_stage1,,"[[[18, 761], [35, 761]], [], [true, true]]",
6691,q,a,cx_stage2,,"[[[18, 761], [35, 761]], [], [true, true]]",
6692,q,a,cx_stage3,,"[[[18, 761], [35, 761]], [], [true, true]]",
6693,q,a,cx_stage1,,"[[[18, 765], [35, 765]], [], [true, true]]",
6694,q,a,cx_stage2,,"[[[18, 765], [35, 765]], [], [true, true]]",
6695,q,a,cx_stage3,,"[[[18, 765], [35, 765]], [], [true, true]]",
6696,q,a,cx_stage1,,"[[[18, 768], [36, 768]], [], [true, true]]",
6697,q,a,cx_stage2,,"[[[18, 768], [36, 768]], [], [true, true]]",
6698,q,a,cx_stage3,,"[[[18, 768], [36, 768]], [], [true, true]]",
6699,q,a,cx_stage1,,"[[[18, 772], [36, 772]], [], [true, true]]",
6700,q,a,cx_stage2,,"[[[18, 772], [36, 772]], [], [true, true]]",
6701,q,a,cx_stage3,,"[[[18, 772], [36, 772]], [], [true, true]]",
6702,q,a,cx_stage1,,"[[[18, 775], [37, 775]], [], [true, true]]",
6703,q,a,cx_stage2,,"[[[18, 775], [37, 775]], [], [true, true]]",
6704,q,a,cx_stage3,,"[[[18, 775], [37, 775]], [], [true, true]]",
6705,q,a,cx_stage1,,"[[[18, 779], [37, 779]], [], [true, true]]",
6706,q,a,cx_stage2,,"[[[18, 779], [37, 779]], [], [true, true]]",
6707,q,a,cx_stage3,,"[[[18, 779], [37, 779]], [], [true, true]]",
6708,q,a,cx_stage1,,"[[[18, 782], [38, 782]], [], [true, true]]",
6709,q,a,cx_stage2,,"[[[18, 782], [38, 782]], [], [true, true]]",
6710,q,a,cx_stage3,,"[[[18, 782], [38, 782]], [], [true, true]]",
6711,q,a,cx_stage1,,"[[[18, 786], [38, 786]], [], [true, true]]",
6712,q,a,cx_stage2,,"[[[18, 786], [38, 786]], [], [true, true]]",
6713,q,a,cx_stage3,,"[[[18, 786], [38, 786]], [], [true, true]]",
6714,q,a,cx_stage1,,"[[[18, 789], [39, 789]], [], [true, true]]",
6715,q,a,cx_stage2,,"[[[18, 789], [39, 789]], [], [true, true]]",
6716,q,a,cx_stage3,,"[[[18, 789], [39, 789]], [], [true, true]]",
6717,q,a,cx_stage1,,"[[[18, 793], [39, 793]], [], [true, true]]",
6718,q,a,cx_stage2,,"[[[18, 793], [39, 793]], [], [true, true]]",
6719,q,a,cx_stage3,,"[[[18, 793], [39, 793]], [], [true, true]]",
6720,q,a,cx_stage1,,"[[[18, 796], [40, 796]], [], [true, true]]",
6721,q,a,cx_stage2,,"[[[18, 796], [40, 796]], [], [true, true]]",
6722,q,a,cx_stage3,,"[[[18, 796], [40, 796]], [], [true, true]]",
6723,q,a,cx_stage1,,"[[[18, 800], [40, 800]], [], [true, true]]",
6724,q,a,cx_stage2,,"[[[18, 800], [40, 800]], [], [true, true]]",
6725,q,a,cx_stage3,,"[[[18, 800], [40, 800]], [], [true, true]]",
6726,q,a,cx_stage1,,"[[[18, 803], [41, 803]], [], [true, true]]",
6727,q,a,cx_stage2,,"[[[18, 803], [41, 803]], [], [true, true]]",
6728,q,a,cx_stage3,,"[[[18, 803], [41, 803]], [], [true, true]]",
6729,q,a,cx_stage1,,"[[[18, 807], [41, 807]], [], [true, true]]",
6730,q,a,cx_stage2,,"[[[18, 807], [41, 807]], [], [true, true]]",
6731,q,a,cx_stage3,,"[[[18, 807], [41, 807]], [], [true, true]]",
6732,q,a,cx_stage1,,"[[[18, 810], [42, 810]], [], [true, true]]",
6733,q,a,cx_stage2,,"[[[18, 810], [42, 810]], [], [true, true]]",
6734,q,a,cx_stage3,,"[[[18, 810], [42, 810]], [], [true, true]]",
6735,q,a,cx_stage1,,"[[[18, 814], [42, 814]], [], [true, true]]",
6736,q,a,cx_stage2,,"[[[18, 814], [42, 814]], [], [true, true]]",
6737,q,a,cx_stage3,,"[[[18, 814], [42, 814]], [], [true, true]]",
6738,q,a,cx_stage1,,"[[[18, 817], [43, 817]], [], [true, true]]",
6739,q,a,cx_stage2,,"[[[18, 817], [43, 817]], [], [true, true]]",
6740,q,a,cx_stage3,,"[[[18, 817], [43, 817]], [], [true, true]]",
6741,q,a,cx_stage1,,"[[[18, 821], [43, 821]], [], [true, true]]",
6742,q,a,cx_stage2,,"[[[18, 821], [43, 821]], [], [true, true]]",
6743,q,a,cx_stage3,,"[[[18, 821], [43, 821]], [], [true, true]]",
6744,q,a,cx_stage1,,"[[[18, 824], [44, 824]], [], [true, true]]",
6745,q,a,cx_stage2,,"[[[18, 824], [44, 824]], [], [true, true]]",
6746,q,a,cx_stage3,,"[[[18, 824], [44, 824]], [], [true, true]]",
6747,q,a,cx_stage1,,"[[[18, 828], [44, 828]], [], [true, true]]",
6748,q,a,cx_stage2,,"[[[18, 828], [44, 828]], [], [true, true]]",
6749,q,a,cx_stage3,,"[[[18, 828], [44, 828]], [], [true, true]]",
6750,q,a,cx_stage1,,"[[[18, 831], [45, 831]], [], [true, true]]",
6751,q,a,cx_stage2,,"[[[18, 831], [45, 831]], [], [true, true]]",
6752,q,a,cx_stage3,,"[[[18, 831], [45, 831]], [], [true, true]]",
6753,q,a,cx_stage1,,"[[[18, 835], [45, 835]], [], [true, true]]",
6754,q,a,cx_stage2,,"[[[18, 835], [45, 835]], [], [true, true]]",
6755,q,a,cx_stage3,,"[[[18, 835], [45, 835]], [], [true, true]]",
6756,q,a,cx_stage1,,"[[[18, 838], [46, 838]], [], [true, true]]",
6757,q,a,cx_stage2,,"[[[18, 838], [46, 838]], [], [true, true]]",
6758,q,a,cx_stage3,,"[[[18, 838], [46, 838]], [], [true, true]]",
6759,q,a,cx_stage1,,"[[[18, 842], [46, 842]], [], [true, true]]",
6760,q,a,cx_stage2,,"[[[18, 842], [46, 842]], [], [true, true]]",
6761,q,a,cx_stage3,,"[[[18, 842], [46, 842]], [], [true, true]]",
6762,q,a,cx_stage1,,"[[[18, 845], [47, 845]], [], [true, true]]",
6763,q,a,cx_stage2,,"[[[18, 845], [47, 845]], [], [true, true]]",
6764,q,a,cx_stage3,,"[[[18, 845], [47, 845]], [], [true, true]]",
6765,q,a,cx_stage1,,"[[[18, 849], [47, 849]], [], [true, true]]",
6766,q,a,cx_stage2,,"[[[18, 849], [47, 849]], [], [true, true]]",
6767,q,a,cx_stage3,,"[[[18, 849], [47, 849]], [], [true, true]]",
6768,q,a,cx_stage1,,"[[[18, 852], [48, 852]], [], [true, true]]",
6769,q,a,cx_stage2,,"[[[18, 852], [48, 852]], [], [true, true]]",
6770,q,a,cx_stage3,,"[[[18, 852], [48, 852]], [], [true, true]]",
6771,q,a,cx_stage1,,"[[[18, 856], [48, 856]], [], [true, true]]",
6772,q,a,cx_stage2,,"[[[18, 856], [48, 856]], [], [true, true]]",
6773,q,a,cx_stage3,,"[[[18, 856], [48, 856]], [], [true, true]]",
6774,q,a,cx_stage1,,"[[[18, 859], [49, 859]], [], [true, true]]",
6775,q,a,cx_stage2,,"[[[18, 859], [49, 859]], [], [true, true]]",
6776,q,a,cx_stage3,,"[[[18, 859], [49, 859]], [], [true, true]]",
6777,q,a,cx_stage1,,"[[[18, 863], [49, 863]], [], [true, true]]",
6778,q,a,cx_stage2,,"[[[18, 863], [49, 863]], [], [true, true]]",
6779,q,a,cx_stage3,,"[[[18, 863], [49, 863]], [], [true, true]]",
6780,q,a,cx_stage1,,"[[[18, 866], [50, 866]], [], [true, true]]",
6781,q,a,cx_stage2,,"[[[18, 866], [50, 866]], [], [true, true]]",
6782,q,a,cx_stage3,,"[[[18, 866], [50, 866]], [], [true, true]]",
6783,q,a,cx_stage1,,"[[[18, 870], [50, 870]], [], [true, true]]",
6784,q,a,cx_stage2,,"[[[18, 870], [50, 870]], [], [true, true]]",
6785,q,a,cx_stage3,,"[[[18, 870], [50, 870]], [], [true, true]]",
6786,q,a,cx_stage1,,"[[[18, 873], [51, 873]], [], [true, true]]",
6787,q,a,cx_stage2,,"[[[18, 873], [51, 873]], [], [true, true]]",
6788,q,a,cx_stage3,,"[[[18, 873], [51, 873]], [], [true, true]]",
6789,q,a,cx_stage1,,"[[[18, 877], [51, 877]], [], [true, true]]",
6790,q,a,cx_stage2,,"[[[18, 877], [51, 877]], [], [true, true]]",
6791,q,a,cx_stage3,,"[[[18, 877], [51, 877]], [], [true, true]]",
6792,q,a,cx_stage1,,"[[[18, 880], [52, 880]], [], [true, true]]",
6793,q,a,cx_stage2,,"[[[18, 880], [52, 880]], [], [true, true]]",
6794,q,a,cx_stage3,,"[[[18, 880], [52, 880]], [], [true, true]]",
6795,q,a,cx_stage1,,"[[[18, 884], [52, 884]], [], [true, true]]",
6796,q,a,cx_stage2,,"[[[18, 884], [52, 884]], [], [true, true]]",
6797,q,a,cx_stage3,,"[[[18, 884], [52, 884]], [], [true, true]]",
6798,q,a,cx_stage1,,"[[[18, 887], [53, 887]], [], [true, true]]",
6799,q,a,cx_stage2,,"[[[18, 887], [53, 887]], [], [true, true]]",
6800,q,a,cx_stage3,,"[[[18, 887], [53, 887]], [], [true, true]]",
6801,q,a,cx_stage1,,"[[[18, 891], [53, 891]], [], [true, true]]",
6802,q,a,cx_stage2,,"[[[18, 891], [53, 891]], [], [true, true]]",
6803,q,a,cx_stage3,,"[[[18, 891], [53, 891]], [], [true, true]]",
6804,q,a,cx_stage1,,"[[[18, 894], [54, 894]], [], [true, true]]",
6805,q,a,cx_stage2,,"[[[18, 894], [54, 894]], [], [true, true]]",
6806,q,a,cx_stage3,,"[[[18, 894], [54, 894]], [], [true, true]]",
6807,q,a,cx_stage1,,"[[[18, 898], [54, 898]], [], [true, true]]",
6808,q,a,cx_stage2,,"[[[18, 898], [54, 898]], [], [true, true]]",
6809,q,a,cx_stage3,,"[[[18, 898], [54, 898]], [], [true, true]]",
6810,q,a,cx_stage1,,"[[[18, 901], [55, 901]], [], [true, true]]",
6811,q,a,cx_stage2,,"[[[18, 901], [55, 901]], [], [true, true]]",
6812,q,a,cx_stage3,,"[[[18, 901], [55, 901]], [], [true, true]]",
6813,q,a,cx_stage1,,"[[[18, 905], [55, 905]], [], [true, true]]",
6814,q,a,cx_stage2,,"[[[18, 905], [55, 905]], [], [true, true]]",
6815,q,a,cx_stage3,,"[[[18, 905], [55, 905]], [], [true, true]]",
6816,q,a,ry,,"[[[18, 906]], [], [true]]",
6817,q,a,u2,,"[[[19, 1]], [], [true]]",
6818,q,a,cx_stage1,,"[[[0, 130], [19, 130]], [], [true, true]]",
6819,q,a,cx_stage2,,"[[[19, 1266], [20, 1266]], [], [true, true]]",
6820,q,a,cx_stage1,,"[[[19, 1266], [20, 1266]], [], [true, true]]",
6821,q,a,cx_stage3,,"[[[19, 1266], [20, 1266]], [], [true, true]]",
6822,q,a,cx_stage1,,"[[[18, 1269], [19, 1269]], [], [true, true]]",
6823,q,a,cx_stage3,,"[[[18, 1269], [19, 1269]], [], [true, true]]",
6824,q,a,ry,,"[[[19, 1270]], [], [true]]",
6825,q,a,cx_stage3,,"[[[0, 130], [19, 130]], [], [true, true]]",
6826,q,a,p,,"[[[19, 131]], [], [true]]",
6827,q,a,cx_stage1,,"[[[0, 134], [19, 134]], [], [true, true]]",
6828,q,a,cx_stage3,,"[[[0, 134], [19, 134]], [], [true, true]]",
6829,q,a,cx_stage1,,"[[[1, 137], [19, 137]], [], [true, true]]",
6830,q,a,cx_stage2,,"[[[1, 137], [19, 137]], [], [true, true]]",
6831,q,a,cx_stage3,,"[[[1, 137], [19, 137]], [], [true, true]]",
6832,q,a,p,,"[[[19, 138]], [], [true]]",
6833,q,a,cx_stage1,,"[[[1, 141], [19, 141]], [], [true, true]]",
6834,q,a,cx_stage2,,"[[[1, 141], [19, 141]], [], [true, true]]",
6835,q,a,cx_stage3,,"[[[1, 141], [19, 141]], [], [true, true]]",
6836,q,a,cx_stage1,,"[[[2, 144], [19, 144]], [], [true, true]]",
6837,q,a,cx_stage2,,"[[[2, 144], [19, 144]], [], [true, true]]",
6838,q,a,cx_stage3,,"[[[2, 144], [19, 144]], [], [true, true]]",
6839,q,a,p,,"[[[19, 145]], [], [true]]",
6840,q,a,cx_stage1,,"[[[2, 148], [19, 148]], [], [true, true]]",
6841,q,a,cx_stage2,,"[[[2, 148], [19, 148]], [], [true, true]]",
6842,q,a,cx_stage3,,"[[[2, 148], [19, 148]], [], [true, true]]",
6843,q,a,cx_stage1,,"[[[3, 151], [19, 151]], [], [true, true]]",
6844,q,a,cx_stage2,,"[[[3, 151], [19, 151]], [], [true, true]]",
6845,q,a,cx_stage3,,"[[[3, 151], [19, 151]], [], [true, true]]",
6846,q,a,p,,"[[[19, 152]], [], [true]]",
6847,q,a,cx_stage1,,"[[[3, 155], [19, 155]], [], [true, true]]",
6848,q,a,cx_stage2,,"[[[3, 155], [19, 155]], [], [true, true]]",
6849,q,a,cx_stage3,,"[[[3, 155], [19, 155]], [], [true, true]]",
6850,q,a,cx_stage1,,"[[[4, 158], [19, 158]], [], [true, true]]",
6851,q,a,cx_stage2,,"[[[4, 158], [19, 158]], [], [true, true]]",
6852,q,a,cx_stage3,,"[[[4, 158], [19, 158]], [], [true, true]]",
6853,q,a,p,,"[[[19, 159]], [], [true]]",
6854,q,a,cx_stage1,,"[[[4, 162], [19, 162]], [], [true, true]]",
6855,q,a,cx_stage2,,"[[[4, 162], [19, 162]], [], [true, true]]",
6856,q,a,cx_stage3,,"[[[4, 162], [19, 162]], [], [true, true]]",
6857,q,a,cx_stage1,,"[[[5, 165], [19, 165]], [], [true, true]]",
6858,q,a,cx_stage2,,"[[[5, 165], [19, 165]], [], [true, true]]",
6859,q,a,cx_stage3,,"[[[5, 165], [19, 165]], [], [true, true]]",
6860,q,a,p,,"[[[19, 166]], [], [true]]",
6861,q,a,cx_stage1,,"[[[5, 169], [19, 169]], [], [true, true]]",
6862,q,a,cx_stage2,,"[[[5, 169], [19, 169]], [], [true, true]]",
6863,q,a,cx_stage3,,"[[[5, 169], [19, 169]], [], [true, true]]",
6864,q,a,cx_stage1,,"[[[6, 172], [19, 172]], [], [true, true]]",
6865,q,a,cx_stage2,,"[[[6, 172], [19, 172]], [], [true, true]]",
6866,q,a,cx_stage3,,"[[[6, 172], [19, 172]], [], [true, true]]",
6867,q,a,p,,"[[[19, 173]], [], [true]]",
6868,q,a,cx_stage1,,"[[[6, 176], [19, 176]], [], [true, true]]",
6869,q,a,cx_stage2,,"[[[6, 176], [19, 176]], [], [true, true]]",
6870,q,a,cx_stage3,,"[[[6, 176], [19, 176]], [], [true, true]]",
6871,q,a,cx_stage1,,"[[[7, 179], [19, 179]], [], [true, true]]",
6872,q,a,cx_stage2,,"[[[7, 179], [19, 179]], [], [true, true]]",
6873,q,a,cx_stage3,,"[[[7, 179], [19, 179]], [], [true, true]]",
6874,q,a,p,,"[[[19, 180]], [], [true]]",
6875,q,a,cx_stage1,,"[[[7, 183], [19, 183]], [], [true, true]]",
6876,q,a,cx_stage2,,"[[[7, 183], [19, 183]], [], [true, true]]",
6877,q,a,cx_stage3,,"[[[7, 183], [19, 183]], [], [true, true]]",
6878,q,a,cx_stage1,,"[[[8, 186], [19, 186]], [], [true, true]]",
6879,q,a,cx_stage2,,"[[[8, 186], [19, 186]], [], [true, true]]",
6880,q,a,cx_stage3,,"[[[8, 186], [19, 186]], [], [true, true]]",
6881,q,a,p,,"[[[19, 187]], [], [true]]",
6882,q,a,cx_stage1,,"[[[8, 190], [19, 190]], [], [true, true]]",
6883,q,a,cx_stage2,,"[[[8, 190], [19, 190]], [], [true, true]]",
6884,q,a,cx_stage3,,"[[[8, 190], [19, 190]], [], [true, true]]",
6885,q,a,cx_stage1,,"[[[9, 193], [19, 193]], [], [true, true]]",
6886,q,a,cx_stage2,,"[[[9, 193], [19, 193]], [], [true, true]]",
6887,q,a,cx_stage3,,"[[[9, 193], [19, 193]], [], [true, true]]",
6888,q,a,p,,"[[[19, 194]], [], [true]]",
6889,q,a,cx_stage1,,"[[[9, 197], [19, 197]], [], [true, true]]",
6890,q,a,cx_stage2,,"[[[9, 197], [19, 197]], [], [true, true]]",
6891,q,a,cx_stage3,,"[[[9, 197], [19, 197]], [], [true, true]]",
6892,q,a,cx_stage1,,"[[[10, 200], [19, 200]], [], [true, true]]",
6893,q,a,cx_stage3,,"[[[10, 200], [19, 200]], [], [true, true]]",
6894,q,a,p,,"[[[19, 201]], [], [true]]",
6895,q,a,cx_stage1,,"[[[10, 204], [19, 204]], [], [true, true]]",
6896,q,a,cx_stage3,,"[[[10, 204], [19, 204]], [], [true, true]]",
6897,q,a,cx_stage1,,"[[[11, 207], [19, 207]], [], [true, true]]",
6898,q,a,cx_stage3,,"[[[11, 207], [19, 207]], [], [true, true]]",
6899,q,a,p,,"[[[19, 208]], [], [true]]",
6900,q,a,cx_stage1,,"[[[11, 211], [19, 211]], [], [true, true]]",
6901,q,a,cx_stage3,,"[[[11, 211], [19, 211]], [], [true, true]]",
6902,q,a,cx_stage1,,"[[[12, 214], [19, 214]], [], [true, true]]",
6903,q,a,cx_stage3,,"[[[12, 214], [19, 214]], [], [true, true]]",
6904,q,a,p,,"[[[19, 215]], [], [true]]",
6905,q,a,cx_stage1,,"[[[12, 218], [19, 218]], [], [true, true]]",
6906,q,a,cx_stage3,,"[[[12, 218], [19, 218]], [], [true, true]]",
6907,q,a,cx_stage1,,"[[[13, 221], [19, 221]], [], [true, true]]",
6908,q,a,cx_stage3,,"[[[13, 221], [19, 221]], [], [true, true]]",
6909,q,a,p,,"[[[19, 222]], [], [true]]",
6910,q,a,cx_stage1,,"[[[13, 225], [19, 225]], [], [true, true]]",
6911,q,a,cx_stage3,,"[[[13, 225], [19, 225]], [], [true, true]]",
6912,q,a,cx_stage1,,"[[[14, 228], [19, 228]], [], [true, true]]",
6913,q,a,cx_stage3,,"[[[14, 228], [19, 228]], [], [true, true]]",
6914,q,a,p,,"[[[19, 229]], [], [true]]",
6915,q,a,cx_stage1,,"[[[14, 232], [19, 232]], [], [true, true]]",
6916,q,a,cx_stage3,,"[[[14, 232], [19, 232]], [], [true, true]]",
6917,q,a,cx_stage1,,"[[[15, 235], [19, 235]], [], [true, true]]",
6918,q,a,cx_stage3,,"[[[15, 235], [19, 235]], [], [true, true]]",
6919,q,a,p,,"[[[19, 236]], [], [true]]",
6920,q,a,cx_stage1,,"[[[15, 239], [19, 239]], [], [true, true]]",
6921,q,a,cx_stage3,,"[[[15, 239], [19, 239]], [], [true, true]]",
6922,q,a,cx_stage1,,"[[[16, 242], [19, 242]], [], [true, true]]",
6923,q,a,cx_stage3,,"[[[16, 242], [19, 242]], [], [true, true]]",
6924,q,a,p,,"[[[19, 243]], [], [true]]",
6925,q,a,cx_stage1,,"[[[16, 246], [19, 246]], [], [true, true]]",
6926,q,a,cx_stage3,,"[[[16, 246], [19, 246]], [], [true, true]]",
6927,q,a,cx_stage1,,"[[[17, 249], [19, 249]], [], [true, true]]",
6928,q,a,cx_stage3,,"[[[17, 249], [19, 249]], [], [true, true]]",
6929,q,a,p,,"[[[19, 250]], [], [true]]",
6930,q,a,cx_stage1,,"[[[17, 253], [19, 253]], [], [true, true]]",
6931,q,a,cx_stage3,,"[[[17, 253], [19, 253]], [], [true, true]]",
6932,q,a,cx_stage1,,"[[[18, 256], [19, 256]], [], [true, true]]",
6933,q,a,cx_stage3,,"[[[18, 256], [19, 256]], [], [true, true]]",
6934,q,a,p,,"[[[19, 257]], [], [true]]",
6935,q,a,cx_stage1,,"[[[18, 260], [19, 260]], [], [true, true]]",
6936,q,a,cx_stage3,,"[[[18, 260], [19, 260]], [], [true, true]]",
6937,q,a,cx_stage1,,"[[[19, 270], [20, 270]], [], [true, true]]",
6938,q,a,cx_stage2,,"[[[19, 270], [20, 270]], [], [true, true]]",
6939,q,a,cx_stage3,,"[[[19, 270], [20, 270]], [], [true, true]]",
6940,q,a,cx_stage1,,"[[[19, 274], [20, 274]], [], [true, true]]",
6941,q,a,cx_stage2,,"[[[19, 274], [20, 274]], [], [true, true]]",
6942,q,a,cx_stage3,,"[[[19, 274], [20, 274]], [], [true, true]]",
6943,q,a,cx_stage1,,"[[[19, 277], [21, 277]], [], [true, true]]",
6944,q,a,cx_stage2,,"[[[19, 277], [21, 277]], [], [true, true]]",
6945,q,a,cx_stage3,,"[[[19, 277], [21, 277]], [], [true, true]]",
6946,q,a,cx_stage1,,"[[[19, 281], [21, 281]], [], [true, true]]",
6947,q,a,cx_stage2,,"[[[19, 281], [21, 281]], [], [true, true]]",
6948,q,a,cx_stage3,,"[[[19, 281], [21, 281]], [], [true, true]]",
6949,q,a,cx_stage1,,"[[[19, 284], [22, 284]], [], [true, true]]",
6950,q,a,cx_stage2,,"[[[19, 284], [22, 284]], [], [true, true]]",
6951,q,a,cx_stage3,,"[[[19, 284], [22, 284]], [], [true, true]]",
6952,q,a,cx_stage1,,"[[[19, 288], [22, 288]], [], [true, true]]",
6953,q,a,cx_stage2,,"[[[19, 288], [22, 288]], [], [true, true]]",
6954,q,a,cx_stage3,,"[[[19, 288], [22, 288]], [], [true, true]]",
6955,q,a,cx_stage1,,"[[[19, 291], [23, 291]], [], [true, true]]",
6956,q,a,cx_stage2,,"[[[19, 291], [23, 291]], [], [true, true]]",
6957,q,a,cx_stage3,,"[[[19, 291], [23, 291]], [], [true, true]]",
6958,q,a,cx_stage1,,"[[[19, 295], [23, 295]], [], [true, true]]",
6959,q,a,cx_stage2,,"[[[19, 295], [23, 295]], [], [true, true]]",
6960,q,a,cx_stage3,,"[[[19, 295], [23, 295]], [], [true, true]]",
6961,q,a,cx_stage1,,"[[[19, 298], [24, 298]], [], [true, true]]",
6962,q,a,cx_stage2,,"[[[19, 298], [24, 298]], [], [true, true]]",
6963,q,a,cx_stage3,,"[[[19, 298], [24, 298]], [], [true, true]]",
6964,q,a,cx_stage1,,"[[[19, 302], [24, 302]], [], [true, true]]",
6965,q,a,cx_stage2,,"[[[19, 302], [24, 302]], [], [true, true]]",
6966,q,a,cx_stage3,,"[[[19, 302], [24, 302]], [], [true, true]]",
6967,q,a,cx_stage1,,"[[[19, 305], [25, 305]], [], [true, true]]",
6968,q,a,cx_stage2,,"[[[19, 305], [25, 305]], [], [true, true]]",
6969,q,a,cx_stage3,,"[[[19, 305], [25, 305]], [], [true, true]]",
6970,q,a,cx_stage1,,"[[[19, 309], [25, 309]], [], [true, true]]",
6971,q,a,cx_stage2,,"[[[19, 309], [25, 309]], [], [true, true]]",
6972,q,a,cx_stage3,,"[[[19, 309], [25, 309]], [], [true, true]]",
6973,q,a,cx_stage1,,"[[[19, 312], [26, 312]], [], [true, true]]",
6974,q,a,cx_stage2,,"[[[19, 312], [26, 312]], [], [true, true]]",
6975,q,a,cx_stage3,,"[[[19, 312], [26, 312]], [], [true, true]]",
6976,q,a,cx_stage1,,"[[[19, 316], [26, 316]], [], [true, true]]",
6977,q,a,cx_stage2,,"[[[19, 316], [26, 316]], [], [true, true]]",
6978,q,a,cx_stage3,,"[[[19, 316], [26, 316]], [], [true, true]]",
6979,q,a,cx_stage1,,"[[[19, 319], [27, 319]], [], [true, true]]",
6980,q,a,cx_stage2,,"[[[19, 319], [27, 319]], [], [true, true]]",
6981,q,a,cx_stage3,,"[[[19, 319], [27, 319]], [], [true, true]]",
6982,q,a,cx_stage1,,"[[[19, 323], [27, 323]], [], [true, true]]",
6983,q,a,cx_stage2,,"[[[19, 323], [27, 323]], [], [true, true]]",
6984,q,a,cx_stage3,,"[[[19, 323], [27, 323]], [], [true, true]]",
6985,q,a,cx_stage1,,"[[[19, 326], [28, 326]], [], [true, true]]",
6986,q,a,cx_stage2,,"[[[19, 326], [28, 326]], [], [true, true]]",
6987,q,a,cx_stage3,,"[[[19, 326], [28, 326]], [], [true, true]]",
6988,q,a,cx_stage1,,"[[[19, 330], [28, 330]], [], [true, true]]",
6989,q,a,cx_stage2,,"[[[19, 330], [28, 330]], [], [true, true]]",
6990,q,a,cx_stage3,,"[[[19, 330], [28, 330]], [], [true, true]]",
6991,q,a,cx_stage1,,"[[[19, 333], [29, 333]], [], [true, true]]",
6992,q,a,cx_stage2,,"[[[19, 333], [29, 333]], [], [true, true]]",
6993,q,a,cx_stage3,,"[[[19, 333], [29, 333]], [], [true, true]]",
6994,q,a,cx_stage1,,"[[[19, 337], [29, 337]], [], [true, true]]",
6995,q,a,cx_stage2,,"[[[19, 337], [29, 337]], [], [true, true]]",
6996,q,a,cx_stage3,,"[[[19, 337], [29, 337]], [], [true, true]]",
6997,q,a,cx_stage1,,"[[[19, 340], [30, 340]], [], [true, true]]",
6998,q,a,cx_stage2,,"[[[19, 340], [30, 340]], [], [true, true]]",
6999,q,a,cx_stage3,,"[[[19, 340], [30, 340]], [], [true, true]]",
7000,q,a,cx_stage1,,"[[[19, 344], [30, 344]], [], [true, true]]",
7001,q,a,cx_stage2,,"[[[19, 344], [30, 344]], [], [true, true]]",
7002,q,a,cx_stage3,,"[[[19, 344], [30, 344]], [], [true, true]]",
7003,q,a,cx_stage1,,"[[[19, 347], [31, 347]], [], [true, true]]",
7004,q,a,cx_stage2,,"[[[19, 347], [31, 347]], [], [true, true]]",
7005,q,a,cx_stage3,,"[[[19, 347], [31, 347]], [], [true, true]]",
7006,q,a,cx_stage1,,"[[[19, 351], [31, 351]], [], [true, true]]",
7007,q,a,cx_stage2,,"[[[19, 351], [31, 351]], [], [true, true]]",
7008,q,a,cx_stage3,,"[[[19, 351], [31, 351]], [], [true, true]]",
7009,q,a,cx_stage1,,"[[[19, 354], [32, 354]], [], [true, true]]",
7010,q,a,cx_stage2,,"[[[19, 354], [32, 354]], [], [true, true]]",
7011,q,a,cx_stage3,,"[[[19, 354], [32, 354]], [], [true, true]]",
7012,q,a,cx_stage1,,"[[[19, 358], [32, 358]], [], [true, true]]",
7013,q,a,cx_stage2,,"[[[19, 358], [32, 358]], [], [true, true]]",
7014,q,a,cx_stage3,,"[[[19, 358], [32, 358]], [], [true, true]]",
7015,q,a,cx_stage1,,"[[[19, 361], [33, 361]], [], [true, true]]",
7016,q,a,cx_stage2,,"[[[19, 361], [33, 361]], [], [true, true]]",
7017,q,a,cx_stage3,,"[[[19, 361], [33, 361]], [], [true, true]]",
7018,q,a,cx_stage1,,"[[[19, 365], [33, 365]], [], [true, true]]",
7019,q,a,cx_stage2,,"[[[19, 365], [33, 365]], [], [true, true]]",
7020,q,a,cx_stage3,,"[[[19, 365], [33, 365]], [], [true, true]]",
7021,q,a,cx_stage1,,"[[[19, 368], [34, 368]], [], [true, true]]",
7022,q,a,cx_stage2,,"[[[19, 368], [34, 368]], [], [true, true]]",
7023,q,a,cx_stage3,,"[[[19, 368], [34, 368]], [], [true, true]]",
7024,q,a,cx_stage1,,"[[[19, 372], [34, 372]], [], [true, true]]",
7025,q,a,cx_stage2,,"[[[19, 372], [34, 372]], [], [true, true]]",
7026,q,a,cx_stage3,,"[[[19, 372], [34, 372]], [], [true, true]]",
7027,q,a,cx_stage1,,"[[[19, 375], [35, 375]], [], [true, true]]",
7028,q,a,cx_stage2,,"[[[19, 375], [35, 375]], [], [true, true]]",
7029,q,a,cx_stage3,,"[[[19, 375], [35, 375]], [], [true, true]]",
7030,q,a,cx_stage1,,"[[[19, 379], [35, 379]], [], [true, true]]",
7031,q,a,cx_stage2,,"[[[19, 379], [35, 379]], [], [true, true]]",
7032,q,a,cx_stage3,,"[[[19, 379], [35, 379]], [], [true, true]]",
7033,q,a,cx_stage1,,"[[[19, 382], [36, 382]], [], [true, true]]",
7034,q,a,cx_stage2,,"[[[19, 382], [36, 382]], [], [true, true]]",
7035,q,a,cx_stage3,,"[[[19, 382], [36, 382]], [], [true, true]]",
7036,q,a,cx_stage1,,"[[[19, 386], [36, 386]], [], [true, true]]",
7037,q,a,cx_stage2,,"[[[19, 386], [36, 386]], [], [true, true]]",
7038,q,a,cx_stage3,,"[[[19, 386], [36, 386]], [], [true, true]]",
7039,q,a,cx_stage1,,"[[[19, 389], [37, 389]], [], [true, true]]",
7040,q,a,cx_stage2,,"[[[19, 389], [37, 389]], [], [true, true]]",
7041,q,a,cx_stage3,,"[[[19, 389], [37, 389]], [], [true, true]]",
7042,q,a,cx_stage1,,"[[[19, 393], [37, 393]], [], [true, true]]",
7043,q,a,cx_stage2,,"[[[19, 393], [37, 393]], [], [true, true]]",
7044,q,a,cx_stage3,,"[[[19, 393], [37, 393]], [], [true, true]]",
7045,q,a,cx_stage1,,"[[[19, 396], [38, 396]], [], [true, true]]",
7046,q,a,cx_stage2,,"[[[19, 396], [38, 396]], [], [true, true]]",
7047,q,a,cx_stage3,,"[[[19, 396], [38, 396]], [], [true, true]]",
7048,q,a,cx_stage1,,"[[[19, 400], [38, 400]], [], [true, true]]",
7049,q,a,cx_stage2,,"[[[19, 400], [38, 400]], [], [true, true]]",
7050,q,a,cx_stage3,,"[[[19, 400], [38, 400]], [], [true, true]]",
7051,q,a,cx_stage1,,"[[[19, 403], [39, 403]], [], [true, true]]",
7052,q,a,cx_stage2,,"[[[19, 403], [39, 403]], [], [true, true]]",
7053,q,a,cx_stage3,,"[[[19, 403], [39, 403]], [], [true, true]]",
7054,q,a,cx_stage1,,"[[[19, 407], [39, 407]], [], [true, true]]",
7055,q,a,cx_stage2,,"[[[19, 407], [39, 407]], [], [true, true]]",
7056,q,a,cx_stage3,,"[[[19, 407], [39, 407]], [], [true, true]]",
7057,q,a,cx_stage1,,"[[[19, 410], [40, 410]], [], [true, true]]",
7058,q,a,cx_stage2,,"[[[19, 410], [40, 410]], [], [true, true]]",
7059,q,a,cx_stage3,,"[[[19, 410], [40, 410]], [], [true, true]]",
7060,q,a,cx_stage1,,"[[[19, 414], [40, 414]], [], [true, true]]",
7061,q,a,cx_stage2,,"[[[19, 414], [40, 414]], [], [true, true]]",
7062,q,a,cx_stage3,,"[[[19, 414], [40, 414]], [], [true, true]]",
7063,q,a,cx_stage1,,"[[[19, 417], [41, 417]], [], [true, true]]",
7064,q,a,cx_stage2,,"[[[19, 417], [41, 417]], [], [true, true]]",
7065,q,a,cx_stage3,,"[[[19, 417], [41, 417]], [], [true, true]]",
7066,q,a,cx_stage1,,"[[[19, 421], [41, 421]], [], [true, true]]",
7067,q,a,cx_stage2,,"[[[19, 421], [41, 421]], [], [true, true]]",
7068,q,a,cx_stage3,,"[[[19, 421], [41, 421]], [], [true, true]]",
7069,q,a,cx_stage1,,"[[[19, 424], [42, 424]], [], [true, true]]",
7070,q,a,cx_stage2,,"[[[19, 424], [42, 424]], [], [true, true]]",
7071,q,a,cx_stage3,,"[[[19, 424], [42, 424]], [], [true, true]]",
7072,q,a,cx_stage1,,"[[[19, 428], [42, 428]], [], [true, true]]",
7073,q,a,cx_stage2,,"[[[19, 428], [42, 428]], [], [true, true]]",
7074,q,a,cx_stage3,,"[[[19, 428], [42, 428]], [], [true, true]]",
7075,q,a,cx_stage1,,"[[[19, 431], [43, 431]], [], [true, true]]",
7076,q,a,cx_stage2,,"[[[19, 431], [43, 431]], [], [true, true]]",
7077,q,a,cx_stage3,,"[[[19, 431], [43, 431]], [], [true, true]]",
7078,q,a,cx_stage1,,"[[[19, 435], [43, 435]], [], [true, true]]",
7079,q,a,cx_stage2,,"[[[19, 435], [43, 435]], [], [true, true]]",
7080,q,a,cx_stage3,,"[[[19, 435], [43, 435]], [], [true, true]]",
7081,q,a,cx_stage1,,"[[[19, 438], [44, 438]], [], [true, true]]",
7082,q,a,cx_stage2,,"[[[19, 438], [44, 438]], [], [true, true]]",
7083,q,a,cx_stage3,,"[[[19, 438], [44, 438]], [], [true, true]]",
7084,q,a,cx_stage1,,"[[[19, 442], [44, 442]], [], [true, true]]",
7085,q,a,cx_stage2,,"[[[19, 442], [44, 442]], [], [true, true]]",
7086,q,a,cx_stage3,,"[[[19, 442], [44, 442]], [], [true, true]]",
7087,q,a,cx_stage1,,"[[[19, 445], [45, 445]], [], [true, true]]",
7088,q,a,cx_stage2,,"[[[19, 445], [45, 445]], [], [true, true]]",
7089,q,a,cx_stage3,,"[[[19, 445], [45, 445]], [], [true, true]]",
7090,q,a,cx_stage1,,"[[[19, 449], [45, 449]], [], [true, true]]",
7091,q,a,cx_stage2,,"[[[19, 449], [45, 449]], [], [true, true]]",
7092,q,a,cx_stage3,,"[[[19, 449], [45, 449]], [], [true, true]]",
7093,q,a,cx_stage1,,"[[[19, 452], [46, 452]], [], [true, true]]",
7094,q,a,cx_stage2,,"[[[19, 452], [46, 452]], [], [true, true]]",
7095,q,a,cx_stage3,,"[[[19, 452], [46, 452]], [], [true, true]]",
7096,q,a,cx_stage1,,"[[[19, 456], [46, 456]], [], [true, true]]",
7097,q,a,cx_stage2,,"[[[19, 456], [46, 456]], [], [true, true]]",
7098,q,a,cx_stage3,,"[[[19, 456], [46, 456]], [], [true, true]]",
7099,q,a,cx_stage1,,"[[[19, 459], [47, 459]], [], [true, true]]",
7100,q,a,cx_stage2,,"[[[19, 459], [47, 459]], [], [true, true]]",
7101,q,a,cx_stage3,,"[[[19, 459], [47, 459]], [], [true, true]]",
7102,q,a,cx_stage1,,"[[[19, 463], [47, 463]], [], [true, true]]",
7103,q,a,cx_stage2,,"[[[19, 463], [47, 463]], [], [true, true]]",
7104,q,a,cx_stage3,,"[[[19, 463], [47, 463]], [], [true, true]]",
7105,q,a,cx_stage1,,"[[[19, 466], [48, 466]], [], [true, true]]",
7106,q,a,cx_stage2,,"[[[19, 466], [48, 466]], [], [true, true]]",
7107,q,a,cx_stage3,,"[[[19, 466], [48, 466]], [], [true, true]]",
7108,q,a,cx_stage1,,"[[[19, 470], [48, 470]], [], [true, true]]",
7109,q,a,cx_stage2,,"[[[19, 470], [48, 470]], [], [true, true]]",
7110,q,a,cx_stage3,,"[[[19, 470], [48, 470]], [], [true, true]]",
7111,q,a,cx_stage1,,"[[[19, 473], [49, 473]], [], [true, true]]",
7112,q,a,cx_stage2,,"[[[19, 473], [49, 473]], [], [true, true]]",
7113,q,a,cx_stage3,,"[[[19, 473], [49, 473]], [], [true, true]]",
7114,q,a,cx_stage1,,"[[[19, 477], [49, 477]], [], [true, true]]",
7115,q,a,cx_stage2,,"[[[19, 477], [49, 477]], [], [true, true]]",
7116,q,a,cx_stage3,,"[[[19, 477], [49, 477]], [], [true, true]]",
7117,q,a,cx_stage1,,"[[[19, 480], [50, 480]], [], [true, true]]",
7118,q,a,cx_stage2,,"[[[19, 480], [50, 480]], [], [true, true]]",
7119,q,a,cx_stage3,,"[[[19, 480], [50, 480]], [], [true, true]]",
7120,q,a,cx_stage1,,"[[[19, 484], [50, 484]], [], [true, true]]",
7121,q,a,cx_stage2,,"[[[19, 484], [50, 484]], [], [true, true]]",
7122,q,a,cx_stage3,,"[[[19, 484], [50, 484]], [], [true, true]]",
7123,q,a,cx_stage1,,"[[[19, 487], [51, 487]], [], [true, true]]",
7124,q,a,cx_stage2,,"[[[19, 487], [51, 487]], [], [true, true]]",
7125,q,a,cx_stage3,,"[[[19, 487], [51, 487]], [], [true, true]]",
7126,q,a,cx_stage1,,"[[[19, 491], [51, 491]], [], [true, true]]",
7127,q,a,cx_stage2,,"[[[19, 491], [51, 491]], [], [true, true]]",
7128,q,a,cx_stage3,,"[[[19, 491], [51, 491]], [], [true, true]]",
7129,q,a,cx_stage1,,"[[[19, 494], [52, 494]], [], [true, true]]",
7130,q,a,cx_stage2,,"[[[19, 494], [52, 494]], [], [true, true]]",
7131,q,a,cx_stage3,,"[[[19, 494], [52, 494]], [], [true, true]]",
7132,q,a,cx_stage1,,"[[[19, 498], [52, 498]], [], [true, true]]",
7133,q,a,cx_stage2,,"[[[19, 498], [52, 498]], [], [true, true]]",
7134,q,a,cx_stage3,,"[[[19, 498], [52, 498]], [], [true, true]]",
7135,q,a,cx_stage1,,"[[[19, 501], [53, 501]], [], [true, true]]",
7136,q,a,cx_stage2,,"[[[19, 501], [53, 501]], [], [true, true]]",
7137,q,a,cx_stage3,,"[[[19, 501], [53, 501]], [], [true, true]]",
7138,q,a,cx_stage1,,"[[[19, 505], [53, 505]], [], [true, true]]",
7139,q,a,cx_stage2,,"[[[19, 505], [53, 505]], [], [true, true]]",
7140,q,a,cx_stage3,,"[[[19, 505], [53, 505]], [], [true, true]]",
7141,q,a,cx_stage1,,"[[[19, 508], [54, 508]], [], [true, true]]",
7142,q,a,cx_stage2,,"[[[19, 508], [54, 508]], [], [true, true]]",
7143,q,a,cx_stage3,,"[[[19, 508], [54, 508]], [], [true, true]]",
7144,q,a,cx_stage1,,"[[[19, 512], [54, 512]], [], [true, true]]",
7145,q,a,cx_stage2,,"[[[19, 512], [54, 512]], [], [true, true]]",
7146,q,a,cx_stage3,,"[[[19, 512], [54, 512]], [], [true, true]]",
7147,q,a,cx_stage1,,"[[[19, 515], [55, 515]], [], [true, true]]",
7148,q,a,cx_stage2,,"[[[19, 515], [55, 515]], [], [true, true]]",
7149,q,a,cx_stage3,,"[[[19, 515], [55, 515]], [], [true, true]]",
7150,q,a,cx_stage1,,"[[[19, 519], [55, 519]], [], [true, true]]",
7151,q,a,cx_stage2,,"[[[19, 519], [55, 519]], [], [true, true]]",
7152,q,a,cx_stage3,,"[[[19, 519], [55, 519]], [], [true, true]]",
7153,q,a,u2,,"[[[19, 520]], [], [true]]",
7154,q,a,cx_stage1,,"[[[0, 523], [19, 523]], [], [true, true]]",
7155,q,a,cx_stage3,,"[[[0, 523], [19, 523]], [], [true, true]]",
7156,q,a,p,,"[[[19, 524]], [], [true]]",
7157,q,a,cx_stage1,,"[[[0, 527], [19, 527]], [], [true, true]]",
7158,q,a,cx_stage3,,"[[[0, 527], [19, 527]], [], [true, true]]",
7159,q,a,cx_stage1,,"[[[1, 530], [19, 530]], [], [true, true]]",
7160,q,a,cx_stage2,,"[[[1, 530], [19, 530]], [], [true, true]]",
7161,q,a,cx_stage3,,"[[[1, 530], [19, 530]], [], [true, true]]",
7162,q,a,p,,"[[[19, 531]], [], [true]]",
7163,q,a,cx_stage1,,"[[[1, 534], [19, 534]], [], [true, true]]",
7164,q,a,cx_stage2,,"[[[1, 534], [19, 534]], [], [true, true]]",
7165,q,a,cx_stage3,,"[[[1, 534], [19, 534]], [], [true, true]]",
7166,q,a,cx_stage1,,"[[[2, 537], [19, 537]], [], [true, true]]",
7167,q,a,cx_stage2,,"[[[2, 537], [19, 537]], [], [true, true]]",
7168,q,a,cx_stage3,,"[[[2, 537], [19, 537]], [], [true, true]]",
7169,q,a,p,,"[[[19, 538]], [], [true]]",
7170,q,a,cx_stage1,,"[[[2, 541], [19, 541]], [], [true, true]]",
7171,q,a,cx_stage2,,"[[[2, 541], [19, 541]], [], [true, true]]",
7172,q,a,cx_stage3,,"[[[2, 541], [19, 541]], [], [true, true]]",
7173,q,a,cx_stage1,,"[[[3, 544], [19, 544]], [], [true, true]]",
7174,q,a,cx_stage2,,"[[[3, 544], [19, 544]], [], [true, true]]",
7175,q,a,cx_stage3,,"[[[3, 544], [19, 544]], [], [true, true]]",
7176,q,a,p,,"[[[19, 545]], [], [true]]",
7177,q,a,cx_stage1,,"[[[3, 548], [19, 548]], [], [true, true]]",
7178,q,a,cx_stage2,,"[[[3, 548], [19, 548]], [], [true, true]]",
7179,q,a,cx_stage3,,"[[[3, 548], [19, 548]], [], [true, true]]",
7180,q,a,cx_stage1,,"[[[4, 551], [19, 551]], [], [true, true]]",
7181,q,a,cx_stage2,,"[[[4, 551], [19, 551]], [], [true, true]]",
7182,q,a,cx_stage3,,"[[[4, 551], [19, 551]], [], [true, true]]",
7183,q,a,p,,"[[[19, 552]], [], [true]]",
7184,q,a,cx_stage1,,"[[[4, 555], [19, 555]], [], [true, true]]",
7185,q,a,cx_stage2,,"[[[4, 555], [19, 555]], [], [true, true]]",
7186,q,a,cx_stage3,,"[[[4, 555], [19, 555]], [], [true, true]]",
7187,q,a,cx_stage1,,"[[[5, 558], [19, 558]], [], [true, true]]",
7188,q,a,cx_stage2,,"[[[5, 558], [19, 558]], [], [true, true]]",
7189,q,a,cx_stage3,,"[[[5, 558], [19, 558]], [], [true, true]]",
7190,q,a,p,,"[[[19, 559]], [], [true]]",
7191,q,a,cx_stage1,,"[[[5, 562], [19, 562]], [], [true, true]]",
7192,q,a,cx_stage2,,"[[[5, 562], [19, 562]], [], [true, true]]",
7193,q,a,cx_stage3,,"[[[5, 562], [19, 562]], [], [true, true]]",
7194,q,a,cx_stage1,,"[[[6, 565], [19, 565]], [], [true, true]]",
7195,q,a,cx_stage2,,"[[[6, 565], [19, 565]], [], [true, true]]",
7196,q,a,cx_stage3,,"[[[6, 565], [19, 565]], [], [true, true]]",
7197,q,a,p,,"[[[19, 566]], [], [true]]",
7198,q,a,cx_stage1,,"[[[6, 569], [19, 569]], [], [true, true]]",
7199,q,a,cx_stage2,,"[[[6, 569], [19, 569]], [], [true, true]]",
7200,q,a,cx_stage3,,"[[[6, 569], [19, 569]], [], [true, true]]",
7201,q,a,cx_stage1,,"[[[7, 572], [19, 572]], [], [true, true]]",
7202,q,a,cx_stage2,,"[[[7, 572], [19, 572]], [], [true, true]]",
7203,q,a,cx_stage3,,"[[[7, 572], [19, 572]], [], [true, true]]",
7204,q,a,p,,"[[[19, 573]], [], [true]]",
7205,q,a,cx_stage1,,"[[[7, 576], [19, 576]], [], [true, true]]",
7206,q,a,cx_stage2,,"[[[7, 576], [19, 576]], [], [true, true]]",
7207,q,a,cx_stage3,,"[[[7, 576], [19, 576]], [], [true, true]]",
7208,q,a,cx_stage1,,"[[[8, 579], [19, 579]], [], [true, true]]",
7209,q,a,cx_stage2,,"[[[8, 579], [19, 579]], [], [true, true]]",
7210,q,a,cx_stage3,,"[[[8, 579], [19, 579]], [], [true, true]]",
7211,q,a,p,,"[[[19, 580]], [], [true]]",
7212,q,a,cx_stage1,,"[[[8, 583], [19, 583]], [], [true, true]]",
7213,q,a,cx_stage2,,"[[[8, 583], [19, 583]], [], [true, true]]",
7214,q,a,cx_stage3,,"[[[8, 583], [19, 583]], [], [true, true]]",
7215,q,a,cx_stage1,,"[[[9, 586], [19, 586]], [], [true, true]]",
7216,q,a,cx_stage2,,"[[[9, 586], [19, 586]], [], [true, true]]",
7217,q,a,cx_stage3,,"[[[9, 586], [19, 586]], [], [true, true]]",
7218,q,a,p,,"[[[19, 587]], [], [true]]",
7219,q,a,cx_stage1,,"[[[9, 590], [19, 590]], [], [true, true]]",
7220,q,a,cx_stage2,,"[[[9, 590], [19, 590]], [], [true, true]]",
7221,q,a,cx_stage3,,"[[[9, 590], [19, 590]], [], [true, true]]",
7222,q,a,cx_stage1,,"[[[10, 593], [19, 593]], [], [true, true]]",
7223,q,a,cx_stage3,,"[[[10, 593], [19, 593]], [], [true, true]]",
7224,q,a,p,,"[[[19, 594]], [], [true]]",
7225,q,a,cx_stage1,,"[[[10, 597], [19, 597]], [], [true, true]]",
7226,q,a,cx_stage3,,"[[[10, 597], [19, 597]], [], [true, true]]",
7227,q,a,cx_stage1,,"[[[11, 600], [19, 600]], [], [true, true]]",
7228,q,a,cx_stage3,,"[[[11, 600], [19, 600]], [], [true, true]]",
7229,q,a,p,,"[[[19, 601]], [], [true]]",
7230,q,a,cx_stage1,,"[[[11, 604], [19, 604]], [], [true, true]]",
7231,q,a,cx_stage3,,"[[[11, 604], [19, 604]], [], [true, true]]",
7232,q,a,cx_stage1,,"[[[12, 607], [19, 607]], [], [true, true]]",
7233,q,a,cx_stage3,,"[[[12, 607], [19, 607]], [], [true, true]]",
7234,q,a,p,,"[[[19, 608]], [], [true]]",
7235,q,a,cx_stage1,,"[[[12, 611], [19, 611]], [], [true, true]]",
7236,q,a,cx_stage3,,"[[[12, 611], [19, 611]], [], [true, true]]",
7237,q,a,cx_stage1,,"[[[13, 614], [19, 614]], [], [true, true]]",
7238,q,a,cx_stage3,,"[[[13, 614], [19, 614]], [], [true, true]]",
7239,q,a,p,,"[[[19, 615]], [], [true]]",
7240,q,a,cx_stage1,,"[[[13, 618], [19, 618]], [], [true, true]]",
7241,q,a,cx_stage3,,"[[[13, 618], [19, 618]], [], [true, true]]",
7242,q,a,cx_stage1,,"[[[14, 621], [19, 621]], [], [true, true]]",
7243,q,a,cx_stage3,,"[[[14, 621], [19, 621]], [], [true, true]]",
7244,q,a,p,,"[[[19, 622]], [], [true]]",
7245,q,a,cx_stage1,,"[[[14, 625], [19, 625]], [], [true, true]]",
7246,q,a,cx_stage3,,"[[[14, 625], [19, 625]], [], [true, true]]",
7247,q,a,cx_stage1,,"[[[15, 628], [19, 628]], [], [true, true]]",
7248,q,a,cx_stage3,,"[[[15, 628], [19, 628]], [], [true, true]]",
7249,q,a,p,,"[[[19, 629]], [], [true]]",
7250,q,a,cx_stage1,,"[[[15, 632], [19, 632]], [], [true, true]]",
7251,q,a,cx_stage3,,"[[[15, 632], [19, 632]], [], [true, true]]",
7252,q,a,cx_stage1,,"[[[16, 635], [19, 635]], [], [true, true]]",
7253,q,a,cx_stage3,,"[[[16, 635], [19, 635]], [], [true, true]]",
7254,q,a,p,,"[[[19, 636]], [], [true]]",
7255,q,a,cx_stage1,,"[[[16, 639], [19, 639]], [], [true, true]]",
7256,q,a,cx_stage3,,"[[[16, 639], [19, 639]], [], [true, true]]",
7257,q,a,cx_stage1,,"[[[17, 642], [19, 642]], [], [true, true]]",
7258,q,a,cx_stage3,,"[[[17, 642], [19, 642]], [], [true, true]]",
7259,q,a,p,,"[[[19, 643]], [], [true]]",
7260,q,a,cx_stage1,,"[[[17, 646], [19, 646]], [], [true, true]]",
7261,q,a,cx_stage3,,"[[[17, 646], [19, 646]], [], [true, true]]",
7262,q,a,cx_stage1,,"[[[18, 649], [19, 649]], [], [true, true]]",
7263,q,a,cx_stage3,,"[[[18, 649], [19, 649]], [], [true, true]]",
7264,q,a,p,,"[[[19, 650]], [], [true]]",
7265,q,a,cx_stage1,,"[[[18, 653], [19, 653]], [], [true, true]]",
7266,q,a,cx_stage3,,"[[[18, 653], [19, 653]], [], [true, true]]",
7267,q,a,cx_stage1,,"[[[19, 663], [20, 663]], [], [true, true]]",
7268,q,a,cx_stage2,,"[[[19, 663], [20, 663]], [], [true, true]]",
7269,q,a,cx_stage3,,"[[[19, 663], [20, 663]], [], [true, true]]",
7270,q,a,cx_stage1,,"[[[19, 667], [20, 667]], [], [true, true]]",
7271,q,a,cx_stage2,,"[[[19, 667], [20, 667]], [], [true, true]]",
7272,q,a,cx_stage3,,"[[[19, 667], [20, 667]], [], [true, true]]",
7273,q,a,cx_stage1,,"[[[19, 670], [21, 670]], [], [true, true]]",
7274,q,a,cx_stage2,,"[[[19, 670], [21, 670]], [], [true, true]]",
7275,q,a,cx_stage3,,"[[[19, 670], [21, 670]], [], [true, true]]",
7276,q,a,cx_stage1,,"[[[19, 674], [21, 674]], [], [true, true]]",
7277,q,a,cx_stage2,,"[[[19, 674], [21, 674]], [], [true, true]]",
7278,q,a,cx_stage3,,"[[[19, 674], [21, 674]], [], [true, true]]",
7279,q,a,cx_stage1,,"[[[19, 677], [22, 677]], [], [true, true]]",
7280,q,a,cx_stage2,,"[[[19, 677], [22, 677]], [], [true, true]]",
7281,q,a,cx_stage3,,"[[[19, 677], [22, 677]], [], [true, true]]",
7282,q,a,cx_stage1,,"[[[19, 681], [22, 681]], [], [true, true]]",
7283,q,a,cx_stage2,,"[[[19, 681], [22, 681]], [], [true, true]]",
7284,q,a,cx_stage3,,"[[[19, 681], [22, 681]], [], [true, true]]",
7285,q,a,cx_stage1,,"[[[19, 684], [23, 684]], [], [true, true]]",
7286,q,a,cx_stage2,,"[[[19, 684], [23, 684]], [], [true, true]]",
7287,q,a,cx_stage3,,"[[[19, 684], [23, 684]], [], [true, true]]",
7288,q,a,cx_stage1,,"[[[19, 688], [23, 688]], [], [true, true]]",
7289,q,a,cx_stage2,,"[[[19, 688], [23, 688]], [], [true, true]]",
7290,q,a,cx_stage3,,"[[[19, 688], [23, 688]], [], [true, true]]",
7291,q,a,cx_stage1,,"[[[19, 691], [24, 691]], [], [true, true]]",
7292,q,a,cx_stage2,,"[[[19, 691], [24, 691]], [], [true, true]]",
7293,q,a,cx_stage3,,"[[[19, 691], [24, 691]], [], [true, true]]",
7294,q,a,cx_stage1,,"[[[19, 695], [24, 695]], [], [true, true]]",
7295,q,a,cx_stage2,,"[[[19, 695], [24, 695]], [], [true, true]]",
7296,q,a,cx_stage3,,"[[[19, 695], [24, 695]], [], [true, true]]",
7297,q,a,cx_stage1,,"[[[19, 698], [25, 698]], [], [true, true]]",
7298,q,a,cx_stage2,,"[[[19, 698], [25, 698]], [], [true, true]]",
7299,q,a,cx_stage3,,"[[[19, 698], [25, 698]], [], [true, true]]",
7300,q,a,cx_stage1,,"[[[19, 702], [25, 702]], [], [true, true]]",
7301,q,a,cx_stage2,,"[[[19, 702], [25, 702]], [], [true, true]]",
7302,q,a,cx_stage3,,"[[[19, 702], [25, 702]], [], [true, true]]",
7303,q,a,cx_stage1,,"[[[19, 705], [26, 705]], [], [true, true]]",
7304,q,a,cx_stage2,,"[[[19, 705], [26, 705]], [], [true, true]]",
7305,q,a,cx_stage3,,"[[[19, 705], [26, 705]], [], [true, true]]",
7306,q,a,cx_stage1,,"[[[19, 709], [26, 709]], [], [true, true]]",
7307,q,a,cx_stage2,,"[[[19, 709], [26, 709]], [], [true, true]]",
7308,q,a,cx_stage3,,"[[[19, 709], [26, 709]], [], [true, true]]",
7309,q,a,cx_stage1,,"[[[19, 712], [27, 712]], [], [true, true]]",
7310,q,a,cx_stage2,,"[[[19, 712], [27, 712]], [], [true, true]]",
7311,q,a,cx_stage3,,"[[[19, 712], [27, 712]], [], [true, true]]",
7312,q,a,cx_stage1,,"[[[19, 716], [27, 716]], [], [true, true]]",
7313,q,a,cx_stage2,,"[[[19, 716], [27, 716]], [], [true, true]]",
7314,q,a,cx_stage3,,"[[[19, 716], [27, 716]], [], [true, true]]",
7315,q,a,cx_stage1,,"[[[19, 719], [28, 719]], [], [true, true]]",
7316,q,a,cx_stage2,,"[[[19, 719], [28, 719]], [], [true, true]]",
7317,q,a,cx_stage3,,"[[[19, 719], [28, 719]], [], [true, true]]",
7318,q,a,cx_stage1,,"[[[19, 723], [28, 723]], [], [true, true]]",
7319,q,a,cx_stage2,,"[[[19, 723], [28, 723]], [], [true, true]]",
7320,q,a,cx_stage3,,"[[[19, 723], [28, 723]], [], [true, true]]",
7321,q,a,cx_stage1,,"[[[19, 726], [29, 726]], [], [true, true]]",
7322,q,a,cx_stage2,,"[[[19, 726], [29, 726]], [], [true, true]]",
7323,q,a,cx_stage3,,"[[[19, 726], [29, 726]], [], [true, true]]",
7324,q,a,cx_stage1,,"[[[19, 730], [29, 730]], [], [true, true]]",
7325,q,a,cx_stage2,,"[[[19, 730], [29, 730]], [], [true, true]]",
7326,q,a,cx_stage3,,"[[[19, 730], [29, 730]], [], [true, true]]",
7327,q,a,cx_stage1,,"[[[19, 733], [30, 733]], [], [true, true]]",
7328,q,a,cx_stage2,,"[[[19, 733], [30, 733]], [], [true, true]]",
7329,q,a,cx_stage3,,"[[[19, 733], [30, 733]], [], [true, true]]",
7330,q,a,cx_stage1,,"[[[19, 737], [30, 737]], [], [true, true]]",
7331,q,a,cx_stage2,,"[[[19, 737], [30, 737]], [], [true, true]]",
7332,q,a,cx_stage3,,"[[[19, 737], [30, 737]], [], [true, true]]",
7333,q,a,cx_stage1,,"[[[19, 740], [31, 740]], [], [true, true]]",
7334,q,a,cx_stage2,,"[[[19, 740], [31, 740]], [], [true, true]]",
7335,q,a,cx_stage3,,"[[[19, 740], [31, 740]], [], [true, true]]",
7336,q,a,cx_stage1,,"[[[19, 744], [31, 744]], [], [true, true]]",
7337,q,a,cx_stage2,,"[[[19, 744], [31, 744]], [], [true, true]]",
7338,q,a,cx_stage3,,"[[[19, 744], [31, 744]], [], [true, true]]",
7339,q,a,cx_stage1,,"[[[19, 747], [32, 747]], [], [true, true]]",
7340,q,a,cx_stage2,,"[[[19, 747], [32, 747]], [], [true, true]]",
7341,q,a,cx_stage3,,"[[[19, 747], [32, 747]], [], [true, true]]",
7342,q,a,cx_stage1,,"[[[19, 751], [32, 751]], [], [true, true]]",
7343,q,a,cx_stage2,,"[[[19, 751], [32, 751]], [], [true, true]]",
7344,q,a,cx_stage3,,"[[[19, 751], [32, 751]], [], [true, true]]",
7345,q,a,cx_stage1,,"[[[19, 754], [33, 754]], [], [true, true]]",
7346,q,a,cx_stage2,,"[[[19, 754], [33, 754]], [], [true, true]]",
7347,q,a,cx_stage3,,"[[[19, 754], [33, 754]], [], [true, true]]",
7348,q,a,cx_stage1,,"[[[19, 758], [33, 758]], [], [true, true]]",
7349,q,a,cx_stage2,,"[[[19, 758], [33, 758]], [], [true, true]]",
7350,q,a,cx_stage3,,"[[[19, 758], [33, 758]], [], [true, true]]",
7351,q,a,cx_stage1,,"[[[19, 761], [34, 761]], [], [true, true]]",
7352,q,a,cx_stage2,,"[[[19, 761], [34, 761]], [], [true, true]]",
7353,q,a,cx_stage3,,"[[[19, 761], [34, 761]], [], [true, true]]",
7354,q,a,cx_stage1,,"[[[19, 765], [34, 765]], [], [true, true]]",
7355,q,a,cx_stage2,,"[[[19, 765], [34, 765]], [], [true, true]]",
7356,q,a,cx_stage3,,"[[[19, 765], [34, 765]], [], [true, true]]",
7357,q,a,cx_stage1,,"[[[19, 768], [35, 768]], [], [true, true]]",
7358,q,a,cx_stage2,,"[[[19, 768], [35, 768]], [], [true, true]]",
7359,q,a,cx_stage3,,"[[[19, 768], [35, 768]], [], [true, true]]",
7360,q,a,cx_stage1,,"[[[19, 772], [35, 772]], [], [true, true]]",
7361,q,a,cx_stage2,,"[[[19, 772], [35, 772]], [], [true, true]]",
7362,q,a,cx_stage3,,"[[[19, 772], [35, 772]], [], [true, true]]",
7363,q,a,cx_stage1,,"[[[19, 775], [36, 775]], [], [true, true]]",
7364,q,a,cx_stage2,,"[[[19, 775], [36, 775]], [], [true, true]]",
7365,q,a,cx_stage3,,"[[[19, 775], [36, 775]], [], [true, true]]",
7366,q,a,cx_stage1,,"[[[19, 779], [36, 779]], [], [true, true]]",
7367,q,a,cx_stage2,,"[[[19, 779], [36, 779]], [], [true, true]]",
7368,q,a,cx_stage3,,"[[[19, 779], [36, 779]], [], [true, true]]",
7369,q,a,cx_stage1,,"[[[19, 782], [37, 782]], [], [true, true]]",
7370,q,a,cx_stage2,,"[[[19, 782], [37, 782]], [], [true, true]]",
7371,q,a,cx_stage3,,"[[[19, 782], [37, 782]], [], [true, true]]",
7372,q,a,cx_stage1,,"[[[19, 786], [37, 786]], [], [true, true]]",
7373,q,a,cx_stage2,,"[[[19, 786], [37, 786]], [], [true, true]]",
7374,q,a,cx_stage3,,"[[[19, 786], [37, 786]], [], [true, true]]",
7375,q,a,cx_stage1,,"[[[19, 789], [38, 789]], [], [true, true]]",
7376,q,a,cx_stage2,,"[[[19, 789], [38, 789]], [], [true, true]]",
7377,q,a,cx_stage3,,"[[[19, 789], [38, 789]], [], [true, true]]",
7378,q,a,cx_stage1,,"[[[19, 793], [38, 793]], [], [true, true]]",
7379,q,a,cx_stage2,,"[[[19, 793], [38, 793]], [], [true, true]]",
7380,q,a,cx_stage3,,"[[[19, 793], [38, 793]], [], [true, true]]",
7381,q,a,cx_stage1,,"[[[19, 796], [39, 796]], [], [true, true]]",
7382,q,a,cx_stage2,,"[[[19, 796], [39, 796]], [], [true, true]]",
7383,q,a,cx_stage3,,"[[[19, 796], [39, 796]], [], [true, true]]",
7384,q,a,cx_stage1,,"[[[19, 800], [39, 800]], [], [true, true]]",
7385,q,a,cx_stage2,,"[[[19, 800], [39, 800]], [], [true, true]]",
7386,q,a,cx_stage3,,"[[[19, 800], [39, 800]], [], [true, true]]",
7387,q,a,cx_stage1,,"[[[19, 803], [40, 803]], [], [true, true]]",
7388,q,a,cx_stage2,,"[[[19, 803], [40, 803]], [], [true, true]]",
7389,q,a,cx_stage3,,"[[[19, 803], [40, 803]], [], [true, true]]",
7390,q,a,cx_stage1,,"[[[19, 807], [40, 807]], [], [true, true]]",
7391,q,a,cx_stage2,,"[[[19, 807], [40, 807]], [], [true, true]]",
7392,q,a,cx_stage3,,"[[[19, 807], [40, 807]], [], [true, true]]",
7393,q,a,cx_stage1,,"[[[19, 810], [41, 810]], [], [true, true]]",
7394,q,a,cx_stage2,,"[[[19, 810], [41, 810]], [], [true, true]]",
7395,q,a,cx_stage3,,"[[[19, 810], [41, 810]], [], [true, true]]",
7396,q,a,cx_stage1,,"[[[19, 814], [41, 814]], [], [true, true]]",
7397,q,a,cx_stage2,,"[[[19, 814], [41, 814]], [], [true, true]]",
7398,q,a,cx_stage3,,"[[[19, 814], [41, 814]], [], [true, true]]",
7399,q,a,cx_stage1,,"[[[19, 817], [42, 817]], [], [true, true]]",
7400,q,a,cx_stage2,,"[[[19, 817], [42, 817]], [], [true, true]]",
7401,q,a,cx_stage3,,"[[[19, 817], [42, 817]], [], [true, true]]",
7402,q,a,cx_stage1,,"[[[19, 821], [42, 821]], [], [true, true]]",
7403,q,a,cx_stage2,,"[[[19, 821], [42, 821]], [], [true, true]]",
7404,q,a,cx_stage3,,"[[[19, 821], [42, 821]], [], [true, true]]",
7405,q,a,cx_stage1,,"[[[19, 824], [43, 824]], [], [true, true]]",
7406,q,a,cx_stage2,,"[[[19, 824], [43, 824]], [], [true, true]]",
7407,q,a,cx_stage3,,"[[[19, 824], [43, 824]], [], [true, true]]",
7408,q,a,cx_stage1,,"[[[19, 828], [43, 828]], [], [true, true]]",
7409,q,a,cx_stage2,,"[[[19, 828], [43, 828]], [], [true, true]]",
7410,q,a,cx_stage3,,"[[[19, 828], [43, 828]], [], [true, true]]",
7411,q,a,cx_stage1,,"[[[19, 831], [44, 831]], [], [true, true]]",
7412,q,a,cx_stage2,,"[[[19, 831], [44, 831]], [], [true, true]]",
7413,q,a,cx_stage3,,"[[[19, 831], [44, 831]], [], [true, true]]",
7414,q,a,cx_stage1,,"[[[19, 835], [44, 835]], [], [true, true]]",
7415,q,a,cx_stage2,,"[[[19, 835], [44, 835]], [], [true, true]]",
7416,q,a,cx_stage3,,"[[[19, 835], [44, 835]], [], [true, true]]",
7417,q,a,cx_stage1,,"[[[19, 838], [45, 838]], [], [true, true]]",
7418,q,a,cx_stage2,,"[[[19, 838], [45, 838]], [], [true, true]]",
7419,q,a,cx_stage3,,"[[[19, 838], [45, 838]], [], [true, true]]",
7420,q,a,cx_stage1,,"[[[19, 842], [45, 842]], [], [true, true]]",
7421,q,a,cx_stage2,,"[[[19, 842], [45, 842]], [], [true, true]]",
7422,q,a,cx_stage3,,"[[[19, 842], [45, 842]], [], [true, true]]",
7423,q,a,cx_stage1,,"[[[19, 845], [46, 845]], [], [true, true]]",
7424,q,a,cx_stage2,,"[[[19, 845], [46, 845]], [], [true, true]]",
7425,q,a,cx_stage3,,"[[[19, 845], [46, 845]], [], [true, true]]",
7426,q,a,cx_stage1,,"[[[19, 849], [46, 849]], [], [true, true]]",
7427,q,a,cx_stage2,,"[[[19, 849], [46, 849]], [], [true, true]]",
7428,q,a,cx_stage3,,"[[[19, 849], [46, 849]], [], [true, true]]",
7429,q,a,cx_stage1,,"[[[19, 852], [47, 852]], [], [true, true]]",
7430,q,a,cx_stage2,,"[[[19, 852], [47, 852]], [], [true, true]]",
7431,q,a,cx_stage3,,"[[[19, 852], [47, 852]], [], [true, true]]",
7432,q,a,cx_stage1,,"[[[19, 856], [47, 856]], [], [true, true]]",
7433,q,a,cx_stage2,,"[[[19, 856], [47, 856]], [], [true, true]]",
7434,q,a,cx_stage3,,"[[[19, 856], [47, 856]], [], [true, true]]",
7435,q,a,cx_stage1,,"[[[19, 859], [48, 859]], [], [true, true]]",
7436,q,a,cx_stage2,,"[[[19, 859], [48, 859]], [], [true, true]]",
7437,q,a,cx_stage3,,"[[[19, 859], [48, 859]], [], [true, true]]",
7438,q,a,cx_stage1,,"[[[19, 863], [48, 863]], [], [true, true]]",
7439,q,a,cx_stage2,,"[[[19, 863], [48, 863]], [], [true, true]]",
7440,q,a,cx_stage3,,"[[[19, 863], [48, 863]], [], [true, true]]",
7441,q,a,cx_stage1,,"[[[19, 866], [49, 866]], [], [true, true]]",
7442,q,a,cx_stage2,,"[[[19, 866], [49, 866]], [], [true, true]]",
7443,q,a,cx_stage3,,"[[[19, 866], [49, 866]], [], [true, true]]",
7444,q,a,cx_stage1,,"[[[19, 870], [49, 870]], [], [true, true]]",
7445,q,a,cx_stage2,,"[[[19, 870], [49, 870]], [], [true, true]]",
7446,q,a,cx_stage3,,"[[[19, 870], [49, 870]], [], [true, true]]",
7447,q,a,cx_stage1,,"[[[19, 873], [50, 873]], [], [true, true]]",
7448,q,a,cx_stage2,,"[[[19, 873], [50, 873]], [], [true, true]]",
7449,q,a,cx_stage3,,"[[[19, 873], [50, 873]], [], [true, true]]",
7450,q,a,cx_stage1,,"[[[19, 877], [50, 877]], [], [true, true]]",
7451,q,a,cx_stage2,,"[[[19, 877], [50, 877]], [], [true, true]]",
7452,q,a,cx_stage3,,"[[[19, 877], [50, 877]], [], [true, true]]",
7453,q,a,cx_stage1,,"[[[19, 880], [51, 880]], [], [true, true]]",
7454,q,a,cx_stage2,,"[[[19, 880], [51, 880]], [], [true, true]]",
7455,q,a,cx_stage3,,"[[[19, 880], [51, 880]], [], [true, true]]",
7456,q,a,cx_stage1,,"[[[19, 884], [51, 884]], [], [true, true]]",
7457,q,a,cx_stage2,,"[[[19, 884], [51, 884]], [], [true, true]]",
7458,q,a,cx_stage3,,"[[[19, 884], [51, 884]], [], [true, true]]",
7459,q,a,cx_stage1,,"[[[19, 887], [52, 887]], [], [true, true]]",
7460,q,a,cx_stage2,,"[[[19, 887], [52, 887]], [], [true, true]]",
7461,q,a,cx_stage3,,"[[[19, 887], [52, 887]], [], [true, true]]",
7462,q,a,cx_stage1,,"[[[19, 891], [52, 891]], [], [true, true]]",
7463,q,a,cx_stage2,,"[[[19, 891], [52, 891]], [], [true, true]]",
7464,q,a,cx_stage3,,"[[[19, 891], [52, 891]], [], [true, true]]",
7465,q,a,cx_stage1,,"[[[19, 894], [53, 894]], [], [true, true]]",
7466,q,a,cx_stage2,,"[[[19, 894], [53, 894]], [], [true, true]]",
7467,q,a,cx_stage3,,"[[[19, 894], [53, 894]], [], [true, true]]",
7468,q,a,cx_stage1,,"[[[19, 898], [53, 898]], [], [true, true]]",
7469,q,a,cx_stage2,,"[[[19, 898], [53, 898]], [], [true, true]]",
7470,q,a,cx_stage3,,"[[[19, 898], [53, 898]], [], [true, true]]",
7471,q,a,cx_stage1,,"[[[19, 901], [54, 901]], [], [true, true]]",
7472,q,a,cx_stage2,,"[[[19, 901], [54, 901]], [], [true, true]]",
7473,q,a,cx_stage3,,"[[[19, 901], [54, 901]], [], [true, true]]",
7474,q,a,cx_stage1,,"[[[19, 905], [54, 905]], [], [true, true]]",
7475,q,a,cx_stage2,,"[[[19, 905], [54, 905]], [], [true, true]]",
7476,q,a,cx_stage3,,"[[[19, 905], [54, 905]], [], [true, true]]",
7477,q,a,cx_stage1,,"[[[19, 908], [55, 908]], [], [true, true]]",
7478,q,a,cx_stage2,,"[[[19, 908], [55, 908]], [], [true, true]]",
7479,q,a,cx_stage3,,"[[[19, 908], [55, 908]], [], [true, true]]",
7480,q,a,cx_stage1,,"[[[19, 912], [55, 912]], [], [true, true]]",
7481,q,a,cx_stage2,,"[[[19, 912], [55, 912]], [], [true, true]]",
7482,q,a,cx_stage3,,"[[[19, 912], [55, 912]], [], [true, true]]",
7483,q,a,ry,,"[[[19, 913]], [], [true]]",
7484,q,a,u2,,"[[[1, 1]], [], [true]]",
7485,q,a,cx_stage1,,"[[[0, 4], [1, 4]], [], [true, true]]",
7486,q,a,cx_stage1,,"[[[1, 102], [14, 102]], [], [true, true]]",
7487,q,a,cx_stage3,,"[[[1, 102], [14, 102]], [], [true, true]]",
7488,q,a,cx_stage1,,"[[[1, 106], [14, 106]], [], [true, true]]",
7489,q,a,cx_stage3,,"[[[1, 106], [14, 106]], [], [true, true]]",
7490,q,a,cx_stage1,,"[[[1, 109], [15, 109]], [], [true, true]]",
7491,q,a,cx_stage3,,"[[[1, 109], [15, 109]], [], [true, true]]",
7492,q,a,cx_stage1,,"[[[1, 113], [15, 113]], [], [true, true]]",
7493,q,a,cx_stage3,,"[[[1, 113], [15, 113]], [], [true, true]]",
7494,q,a,cx_stage1,,"[[[1, 116], [16, 116]], [], [true, true]]",
7495,q,a,cx_stage3,,"[[[1, 116], [16, 116]], [], [true, true]]",
7496,q,a,cx_stage1,,"[[[1, 120], [16, 120]], [], [true, true]]",
7497,q,a,cx_stage3,,"[[[1, 120], [16, 120]], [], [true, true]]",
7498,q,a,cx_stage1,,"[[[1, 123], [17, 123]], [], [true, true]]",
7499,q,a,cx_stage3,,"[[[1, 123], [17, 123]], [], [true, true]]",
7500,q,a,cx_stage1,,"[[[1, 127], [17, 127]], [], [true, true]]",
7501,q,a,cx_stage3,,"[[[1, 127], [17, 127]], [], [true, true]]",
7502,q,a,cx_stage1,,"[[[1, 130], [18, 130]], [], [true, true]]",
7503,q,a,cx_stage3,,"[[[1, 130], [18, 130]], [], [true, true]]",
7504,q,a,cx_stage1,,"[[[1, 134], [18, 134]], [], [true, true]]",
7505,q,a,cx_stage2,,"[[[1, 1320], [2, 1320]], [], [true, true]]",
7506,q,a,cx_stage1,,"[[[1, 1320], [2, 1320]], [], [true, true]]",
7507,q,a,cx_stage3,,"[[[1, 1320], [2, 1320]], [], [true, true]]",
7508,q,a,cx_stage1,,"[[[0, 1323], [1, 1323]], [], [true, true]]",
7509,q,a,cx_stage3,,"[[[0, 1323], [1, 1323]], [], [true, true]]",
7510,q,a,ry,,"[[[1, 1324]], [], [true]]",
7511,q,a,cx_stage3,,"[[[1, 134], [18, 134]], [], [true, true]]",
7512,q,a,cx_stage1,,"[[[1, 137], [19, 137]], [], [true, true]]",
7513,q,a,cx_stage3,,"[[[1, 137], [19, 137]], [], [true, true]]",
7514,q,a,cx_stage1,,"[[[1, 141], [19, 141]], [], [true, true]]",
7515,q,a,cx_stage3,,"[[[1, 141], [19, 141]], [], [true, true]]",
7516,q,a,cx_stage1,,"[[[1, 144], [20, 144]], [], [true, true]]",
7517,q,a,cx_stage2,,"[[[1, 144], [20, 144]], [], [true, true]]",
7518,q,a,cx_stage3,,"[[[1, 144], [20, 144]], [], [true, true]]",
7519,q,a,cx_stage1,,"[[[1, 148], [20, 148]], [], [true, true]]",
7520,q,a,cx_stage2,,"[[[1, 148], [20, 148]], [], [true, true]]",
7521,q,a,cx_stage3,,"[[[1, 148], [20, 148]], [], [true, true]]",
7522,q,a,cx_stage1,,"[[[1, 151], [21, 151]], [], [true, true]]",
7523,q,a,cx_stage2,,"[[[1, 151], [21, 151]], [], [true, true]]",
7524,q,a,cx_stage3,,"[[[1, 151], [21, 151]], [], [true, true]]",
7525,q,a,cx_stage1,,"[[[1, 155], [21, 155]], [], [true, true]]",
7526,q,a,cx_stage2,,"[[[1, 155], [21, 155]], [], [true, true]]",
7527,q,a,cx_stage3,,"[[[1, 155], [21, 155]], [], [true, true]]",
7528,q,a,cx_stage1,,"[[[1, 158], [22, 158]], [], [true, true]]",
7529,q,a,cx_stage2,,"[[[1, 158], [22, 158]], [], [true, true]]",
7530,q,a,cx_stage3,,"[[[1, 158], [22, 158]], [], [true, true]]",
7531,q,a,cx_stage1,,"[[[1, 162], [22, 162]], [], [true, true]]",
7532,q,a,cx_stage2,,"[[[1, 18], [2, 18]], [], [true, true]]",
7533,q,a,cx_stage1,,"[[[1, 18], [2, 18]], [], [true, true]]",
7534,q,a,cx_stage2,,"[[[1, 162], [22, 162]], [], [true, true]]",
7535,q,a,cx_stage3,,"[[[1, 162], [22, 162]], [], [true, true]]",
7536,q,a,cx_stage1,,"[[[1, 165], [23, 165]], [], [true, true]]",
7537,q,a,cx_stage2,,"[[[1, 165], [23, 165]], [], [true, true]]",
7538,q,a,cx_stage3,,"[[[1, 165], [23, 165]], [], [true, true]]",
7539,q,a,cx_stage1,,"[[[1, 169], [23, 169]], [], [true, true]]",
7540,q,a,cx_stage2,,"[[[1, 169], [23, 169]], [], [true, true]]",
7541,q,a,cx_stage3,,"[[[1, 169], [23, 169]], [], [true, true]]",
7542,q,a,cx_stage1,,"[[[1, 172], [24, 172]], [], [true, true]]",
7543,q,a,cx_stage3,,"[[[1, 18], [2, 18]], [], [true, true]]",
7544,q,a,cx_stage2,,"[[[1, 172], [24, 172]], [], [true, true]]",
7545,q,a,cx_stage3,,"[[[1, 172], [24, 172]], [], [true, true]]",
7546,q,a,cx_stage1,,"[[[1, 176], [24, 176]], [], [true, true]]",
7547,q,a,cx_stage2,,"[[[1, 176], [24, 176]], [], [true, true]]",
7548,q,a,cx_stage3,,"[[[1, 176], [24, 176]], [], [true, true]]",
7549,q,a,cx_stage1,,"[[[1, 179], [25, 179]], [], [true, true]]",
7550,q,a,cx_stage2,,"[[[1, 179], [25, 179]], [], [true, true]]",
7551,q,a,cx_stage3,,"[[[1, 179], [25, 179]], [], [true, true]]",
7552,q,a,cx_stage1,,"[[[1, 183], [25, 183]], [], [true, true]]",
7553,q,a,cx_stage1,,"[[[1, 22], [2, 22]], [], [true, true]]",
7554,q,a,cx_stage2,,"[[[1, 183], [25, 183]], [], [true, true]]",
7555,q,a,cx_stage3,,"[[[1, 183], [25, 183]], [], [true, true]]",
7556,q,a,cx_stage1,,"[[[1, 186], [26, 186]], [], [true, true]]",
7557,q,a,cx_stage2,,"[[[1, 186], [26, 186]], [], [true, true]]",
7558,q,a,cx_stage3,,"[[[1, 186], [26, 186]], [], [true, true]]",
7559,q,a,cx_stage1,,"[[[1, 190], [26, 190]], [], [true, true]]",
7560,q,a,cx_stage2,,"[[[1, 190], [26, 190]], [], [true, true]]",
7561,q,a,cx_stage3,,"[[[1, 190], [26, 190]], [], [true, true]]",
7562,q,a,cx_stage1,,"[[[1, 193], [27, 193]], [], [true, true]]",
7563,q,a,cx_stage2,,"[[[1, 193], [27, 193]], [], [true, true]]",
7564,q,a,cx_stage3,,"[[[1, 193], [27, 193]], [], [true, true]]",
7565,q,a,cx_stage1,,"[[[1, 197], [27, 197]], [], [true, true]]",
7566,q,a,cx_stage2,,"[[[1, 197], [27, 197]], [], [true, true]]",
7567,q,a,cx_stage3,,"[[[1, 197], [27, 197]], [], [true, true]]",
7568,q,a,cx_stage1,,"[[[1, 200], [28, 200]], [], [true, true]]",
7569,q,a,cx_stage2,,"[[[1, 200], [28, 200]], [], [true, true]]",
7570,q,a,cx_stage3,,"[[[1, 200], [28, 200]], [], [true, true]]",
7571,q,a,cx_stage2,,"[[[1, 22], [2, 22]], [], [true, true]]",
7572,q,a,cx_stage1,,"[[[1, 204], [28, 204]], [], [true, true]]",
7573,q,a,cx_stage2,,"[[[1, 204], [28, 204]], [], [true, true]]",
7574,q,a,cx_stage3,,"[[[1, 204], [28, 204]], [], [true, true]]",
7575,q,a,cx_stage1,,"[[[1, 207], [29, 207]], [], [true, true]]",
7576,q,a,cx_stage2,,"[[[1, 207], [29, 207]], [], [true, true]]",
7577,q,a,cx_stage3,,"[[[1, 207], [29, 207]], [], [true, true]]",
7578,q,a,cx_stage1,,"[[[1, 211], [29, 211]], [], [true, true]]",
7579,q,a,cx_stage2,,"[[[1, 211], [29, 211]], [], [true, true]]",
7580,q,a,cx_stage3,,"[[[1, 22], [2, 22]], [], [true, true]]",
7581,q,a,cx_stage3,,"[[[1, 211], [29, 211]], [], [true, true]]",
7582,q,a,cx_stage1,,"[[[1, 214], [30, 214]], [], [true, true]]",
7583,q,a,cx_stage2,,"[[[1, 214], [30, 214]], [], [true, true]]",
7584,q,a,cx_stage3,,"[[[1, 214], [30, 214]], [], [true, true]]",
7585,q,a,cx_stage1,,"[[[1, 218], [30, 218]], [], [true, true]]",
7586,q,a,cx_stage2,,"[[[1, 218], [30, 218]], [], [true, true]]",
7587,q,a,cx_stage3,,"[[[1, 218], [30, 218]], [], [true, true]]",
7588,q,a,cx_stage1,,"[[[1, 221], [31, 221]], [], [true, true]]",
7589,q,a,cx_stage2,,"[[[1, 221], [31, 221]], [], [true, true]]",
7590,q,a,cx_stage1,,"[[[1, 25], [3, 25]], [], [true, true]]",
7591,q,a,cx_stage3,,"[[[1, 221], [31, 221]], [], [true, true]]",
7592,q,a,cx_stage1,,"[[[1, 225], [31, 225]], [], [true, true]]",
7593,q,a,cx_stage2,,"[[[1, 225], [31, 225]], [], [true, true]]",
7594,q,a,cx_stage3,,"[[[1, 225], [31, 225]], [], [true, true]]",
7595,q,a,cx_stage1,,"[[[1, 228], [32, 228]], [], [true, true]]",
7596,q,a,cx_stage2,,"[[[1, 228], [32, 228]], [], [true, true]]",
7597,q,a,cx_stage3,,"[[[1, 228], [32, 228]], [], [true, true]]",
7598,q,a,cx_stage1,,"[[[1, 232], [32, 232]], [], [true, true]]",
7599,q,a,cx_stage2,,"[[[1, 25], [3, 25]], [], [true, true]]",
7600,q,a,cx_stage2,,"[[[1, 232], [32, 232]], [], [true, true]]",
7601,q,a,cx_stage3,,"[[[1, 232], [32, 232]], [], [true, true]]",
7602,q,a,cx_stage1,,"[[[1, 235], [33, 235]], [], [true, true]]",
7603,q,a,cx_stage2,,"[[[1, 235], [33, 235]], [], [true, true]]",
7604,q,a,cx_stage3,,"[[[1, 235], [33, 235]], [], [true, true]]",
7605,q,a,cx_stage1,,"[[[1, 239], [33, 239]], [], [true, true]]",
7606,q,a,cx_stage2,,"[[[1, 239], [33, 239]], [], [true, true]]",
7607,q,a,cx_stage3,,"[[[1, 239], [33, 239]], [], [true, true]]",
7608,q,a,cx_stage1,,"[[[1, 242], [34, 242]], [], [true, true]]",
7609,q,a,cx_stage3,,"[[[1, 25], [3, 25]], [], [true, true]]",
7610,q,a,cx_stage2,,"[[[1, 242], [34, 242]], [], [true, true]]",
7611,q,a,cx_stage3,,"[[[1, 242], [34, 242]], [], [true, true]]",
7612,q,a,cx_stage1,,"[[[1, 246], [34, 246]], [], [true, true]]",
7613,q,a,cx_stage2,,"[[[1, 246], [34, 246]], [], [true, true]]",
7614,q,a,cx_stage3,,"[[[1, 246], [34, 246]], [], [true, true]]",
7615,q,a,cx_stage1,,"[[[1, 249], [35, 249]], [], [true, true]]",
7616,q,a,cx_stage2,,"[[[1, 249], [35, 249]], [], [true, true]]",
7617,q,a,cx_stage3,,"[[[1, 249], [35, 249]], [], [true, true]]",
7618,q,a,cx_stage1,,"[[[1, 253], [35, 253]], [], [true, true]]",
7619,q,a,cx_stage1,,"[[[1, 29], [3, 29]], [], [true, true]]",
7620,q,a,cx_stage2,,"[[[1, 253], [35, 253]], [], [true, true]]",
7621,q,a,cx_stage3,,"[[[1, 253], [35, 253]], [], [true, true]]",
7622,q,a,cx_stage1,,"[[[1, 256], [36, 256]], [], [true, true]]",
7623,q,a,cx_stage2,,"[[[1, 256], [36, 256]], [], [true, true]]",
7624,q,a,cx_stage3,,"[[[1, 256], [36, 256]], [], [true, true]]",
7625,q,a,cx_stage1,,"[[[1, 260], [36, 260]], [], [true, true]]",
7626,q,a,cx_stage2,,"[[[1, 260], [36, 260]], [], [true, true]]",
7627,q,a,cx_stage3,,"[[[1, 260], [36, 260]], [], [true, true]]",
7628,q,a,cx_stage1,,"[[[1, 263], [37, 263]], [], [true, true]]",
7629,q,a,cx_stage2,,"[[[1, 263], [37, 263]], [], [true, true]]",
7630,q,a,cx_stage3,,"[[[1, 263], [37, 263]], [], [true, true]]",
7631,q,a,cx_stage1,,"[[[1, 267], [37, 267]], [], [true, true]]",
7632,q,a,cx_stage2,,"[[[1, 267], [37, 267]], [], [true, true]]",
7633,q,a,cx_stage3,,"[[[1, 267], [37, 267]], [], [true, true]]",
7634,q,a,cx_stage1,,"[[[1, 270], [38, 270]], [], [true, true]]",
7635,q,a,cx_stage2,,"[[[1, 270], [38, 270]], [], [true, true]]",
7636,q,a,cx_stage3,,"[[[1, 270], [38, 270]], [], [true, true]]",
7637,q,a,cx_stage2,,"[[[1, 29], [3, 29]], [], [true, true]]",
7638,q,a,cx_stage1,,"[[[1, 274], [38, 274]], [], [true, true]]",
7639,q,a,cx_stage2,,"[[[1, 274], [38, 274]], [], [true, true]]",
7640,q,a,cx_stage3,,"[[[1, 274], [38, 274]], [], [true, true]]",
7641,q,a,cx_stage1,,"[[[1, 277], [39, 277]], [], [true, true]]",
7642,q,a,cx_stage2,,"[[[1, 277], [39, 277]], [], [true, true]]",
7643,q,a,cx_stage3,,"[[[1, 277], [39, 277]], [], [true, true]]",
7644,q,a,cx_stage1,,"[[[1, 281], [39, 281]], [], [true, true]]",
7645,q,a,cx_stage2,,"[[[1, 281], [39, 281]], [], [true, true]]",
7646,q,a,cx_stage3,,"[[[1, 29], [3, 29]], [], [true, true]]",
7647,q,a,cx_stage3,,"[[[1, 281], [39, 281]], [], [true, true]]",
7648,q,a,cx_stage1,,"[[[1, 284], [40, 284]], [], [true, true]]",
7649,q,a,cx_stage2,,"[[[1, 284], [40, 284]], [], [true, true]]",
7650,q,a,cx_stage3,,"[[[1, 284], [40, 284]], [], [true, true]]",
7651,q,a,cx_stage1,,"[[[1, 288], [40, 288]], [], [true, true]]",
7652,q,a,cx_stage2,,"[[[1, 288], [40, 288]], [], [true, true]]",
7653,q,a,cx_stage3,,"[[[1, 288], [40, 288]], [], [true, true]]",
7654,q,a,cx_stage1,,"[[[1, 291], [41, 291]], [], [true, true]]",
7655,q,a,cx_stage2,,"[[[1, 291], [41, 291]], [], [true, true]]",
7656,q,a,cx_stage1,,"[[[1, 32], [4, 32]], [], [true, true]]",
7657,q,a,cx_stage3,,"[[[1, 291], [41, 291]], [], [true, true]]",
7658,q,a,cx_stage1,,"[[[1, 295], [41, 295]], [], [true, true]]",
7659,q,a,cx_stage2,,"[[[1, 295], [41, 295]], [], [true, true]]",
7660,q,a,cx_stage3,,"[[[1, 295], [41, 295]], [], [true, true]]",
7661,q,a,cx_stage1,,"[[[1, 298], [42, 298]], [], [true, true]]",
7662,q,a,cx_stage2,,"[[[1, 298], [42, 298]], [], [true, true]]",
7663,q,a,cx_stage3,,"[[[1, 298], [42, 298]], [], [true, true]]",
7664,q,a,cx_stage1,,"[[[1, 302], [42, 302]], [], [true, true]]",
7665,q,a,cx_stage3,,"[[[0, 4], [1, 4]], [], [true, true]]",
7666,q,a,cx_stage2,,"[[[1, 32], [4, 32]], [], [true, true]]",
7667,q,a,cx_stage2,,"[[[1, 302], [42, 302]], [], [true, true]]",
7668,q,a,cx_stage3,,"[[[1, 302], [42, 302]], [], [true, true]]",
7669,q,a,cx_stage1,,"[[[1, 305], [43, 305]], [], [true, true]]",
7670,q,a,cx_stage2,,"[[[1, 305], [43, 305]], [], [true, true]]",
7671,q,a,cx_stage3,,"[[[1, 305], [43, 305]], [], [true, true]]",
7672,q,a,cx_stage1,,"[[[1, 309], [43, 309]], [], [true, true]]",
7673,q,a,cx_stage2,,"[[[1, 309], [43, 309]], [], [true, true]]",
7674,q,a,cx_stage3,,"[[[1, 309], [43, 309]], [], [true, true]]",
7675,q,a,cx_stage1,,"[[[1, 312], [44, 312]], [], [true, true]]",
7676,q,a,cx_stage3,,"[[[1, 32], [4, 32]], [], [true, true]]",
7677,q,a,cx_stage2,,"[[[1, 312], [44, 312]], [], [true, true]]",
7678,q,a,cx_stage3,,"[[[1, 312], [44, 312]], [], [true, true]]",
7679,q,a,cx_stage1,,"[[[1, 316], [44, 316]], [], [true, true]]",
7680,q,a,cx_stage2,,"[[[1, 316], [44, 316]], [], [true, true]]",
7681,q,a,cx_stage3,,"[[[1, 316], [44, 316]], [], [true, true]]",
7682,q,a,cx_stage1,,"[[[1, 319], [45, 319]], [], [true, true]]",
7683,q,a,cx_stage2,,"[[[1, 319], [45, 319]], [], [true, true]]",
7684,q,a,cx_stage3,,"[[[1, 319], [45, 319]], [], [true, true]]",
7685,q,a,cx_stage1,,"[[[1, 323], [45, 323]], [], [true, true]]",
7686,q,a,cx_stage1,,"[[[1, 36], [4, 36]], [], [true, true]]",
7687,q,a,cx_stage2,,"[[[1, 323], [45, 323]], [], [true, true]]",
7688,q,a,cx_stage3,,"[[[1, 323], [45, 323]], [], [true, true]]",
7689,q,a,cx_stage1,,"[[[1, 326], [46, 326]], [], [true, true]]",
7690,q,a,cx_stage2,,"[[[1, 326], [46, 326]], [], [true, true]]",
7691,q,a,cx_stage3,,"[[[1, 326], [46, 326]], [], [true, true]]",
7692,q,a,cx_stage1,,"[[[1, 330], [46, 330]], [], [true, true]]",
7693,q,a,cx_stage2,,"[[[1, 330], [46, 330]], [], [true, true]]",
7694,q,a,cx_stage3,,"[[[1, 330], [46, 330]], [], [true, true]]",
7695,q,a,cx_stage1,,"[[[1, 333], [47, 333]], [], [true, true]]",
7696,q,a,cx_stage2,,"[[[1, 333], [47, 333]], [], [true, true]]",
7697,q,a,cx_stage3,,"[[[1, 333], [47, 333]], [], [true, true]]",
7698,q,a,cx_stage1,,"[[[1, 337], [47, 337]], [], [true, true]]",
7699,q,a,cx_stage2,,"[[[1, 337], [47, 337]], [], [true, true]]",
7700,q,a,cx_stage3,,"[[[1, 337], [47, 337]], [], [true, true]]",
7701,q,a,cx_stage1,,"[[[1, 340], [48, 340]], [], [true, true]]",
7702,q,a,cx_stage2,,"[[[1, 340], [48, 340]], [], [true, true]]",
7703,q,a,cx_stage3,,"[[[1, 340], [48, 340]], [], [true, true]]",
7704,q,a,cx_stage2,,"[[[1, 36], [4, 36]], [], [true, true]]",
7705,q,a,cx_stage1,,"[[[1, 344], [48, 344]], [], [true, true]]",
7706,q,a,cx_stage2,,"[[[1, 344], [48, 344]], [], [true, true]]",
7707,q,a,cx_stage3,,"[[[1, 344], [48, 344]], [], [true, true]]",
7708,q,a,cx_stage1,,"[[[1, 347], [49, 347]], [], [true, true]]",
7709,q,a,cx_stage2,,"[[[1, 347], [49, 347]], [], [true, true]]",
7710,q,a,cx_stage3,,"[[[1, 347], [49, 347]], [], [true, true]]",
7711,q,a,cx_stage1,,"[[[1, 351], [49, 351]], [], [true, true]]",
7712,q,a,cx_stage2,,"[[[1, 351], [49, 351]], [], [true, true]]",
7713,q,a,cx_stage3,,"[[[1, 36], [4, 36]], [], [true, true]]",
7714,q,a,cx_stage3,,"[[[1, 351], [49, 351]], [], [true, true]]",
7715,q,a,cx_stage1,,"[[[1, 354], [50, 354]], [], [true, true]]",
7716,q,a,cx_stage2,,"[[[1, 354], [50, 354]], [], [true, true]]",
7717,q,a,cx_stage3,,"[[[1, 354], [50, 354]], [], [true, true]]",
7718,q,a,cx_stage1,,"[[[1, 358], [50, 358]], [], [true, true]]",
7719,q,a,cx_stage2,,"[[[1, 358], [50, 358]], [], [true, true]]",
7720,q,a,cx_stage3,,"[[[1, 358], [50, 358]], [], [true, true]]",
7721,q,a,cx_stage1,,"[[[1, 361], [51, 361]], [], [true, true]]",
7722,q,a,cx_stage2,,"[[[1, 361], [51, 361]], [], [true, true]]",
7723,q,a,cx_stage1,,"[[[1, 39], [5, 39]], [], [true, true]]",
7724,q,a,cx_stage3,,"[[[1, 361], [51, 361]], [], [true, true]]",
7725,q,a,cx_stage1,,"[[[1, 365], [51, 365]], [], [true, true]]",
7726,q,a,cx_stage2,,"[[[1, 365], [51, 365]], [], [true, true]]",
7727,q,a,cx_stage3,,"[[[1, 365], [51, 365]], [], [true, true]]",
7728,q,a,cx_stage1,,"[[[1, 368], [52, 368]], [], [true, true]]",
7729,q,a,cx_stage2,,"[[[1, 368], [52, 368]], [], [true, true]]",
7730,q,a,cx_stage3,,"[[[1, 368], [52, 368]], [], [true, true]]",
7731,q,a,cx_stage1,,"[[[1, 372], [52, 372]], [], [true, true]]",
7732,q,a,cx_stage2,,"[[[1, 39], [5, 39]], [], [true, true]]",
7733,q,a,cx_stage2,,"[[[1, 372], [52, 372]], [], [true, true]]",
7734,q,a,cx_stage3,,"[[[1, 372], [52, 372]], [], [true, true]]",
7735,q,a,cx_stage1,,"[[[1, 375], [53, 375]], [], [true, true]]",
7736,q,a,cx_stage2,,"[[[1, 375], [53, 375]], [], [true, true]]",
7737,q,a,cx_stage3,,"[[[1, 375], [53, 375]], [], [true, true]]",
7738,q,a,cx_stage1,,"[[[1, 379], [53, 379]], [], [true, true]]",
7739,q,a,cx_stage2,,"[[[1, 379], [53, 379]], [], [true, true]]",
7740,q,a,cx_stage3,,"[[[1, 379], [53, 379]], [], [true, true]]",
7741,q,a,cx_stage1,,"[[[1, 382], [54, 382]], [], [true, true]]",
7742,q,a,cx_stage3,,"[[[1, 39], [5, 39]], [], [true, true]]",
7743,q,a,cx_stage2,,"[[[1, 382], [54, 382]], [], [true, true]]",
7744,q,a,cx_stage3,,"[[[1, 382], [54, 382]], [], [true, true]]",
7745,q,a,cx_stage1,,"[[[1, 386], [54, 386]], [], [true, true]]",
7746,q,a,cx_stage2,,"[[[1, 386], [54, 386]], [], [true, true]]",
7747,q,a,cx_stage3,,"[[[1, 386], [54, 386]], [], [true, true]]",
7748,q,a,cx_stage1,,"[[[1, 389], [55, 389]], [], [true, true]]",
7749,q,a,cx_stage2,,"[[[1, 389], [55, 389]], [], [true, true]]",
7750,q,a,cx_stage3,,"[[[1, 389], [55, 389]], [], [true, true]]",
7751,q,a,cx_stage1,,"[[[1, 393], [55, 393]], [], [true, true]]",
7752,q,a,cx_stage1,,"[[[1, 43], [5, 43]], [], [true, true]]",
7753,q,a,cx_stage2,,"[[[1, 393], [55, 393]], [], [true, true]]",
7754,q,a,cx_stage3,,"[[[1, 393], [55, 393]], [], [true, true]]",
7755,q,a,u2,,"[[[1, 394]], [], [true]]",
7756,q,a,cx_stage1,,"[[[0, 397], [1, 397]], [], [true, true]]",
7757,q,a,cx_stage3,,"[[[0, 397], [1, 397]], [], [true, true]]",
7758,q,a,p,,"[[[1, 398]], [], [true]]",
7759,q,a,cx_stage1,,"[[[0, 401], [1, 401]], [], [true, true]]",
7760,q,a,p,,"[[[1, 5]], [], [true]]",
7761,q,a,cx_stage3,,"[[[0, 401], [1, 401]], [], [true, true]]",
7762,q,a,cx_stage1,,"[[[1, 411], [2, 411]], [], [true, true]]",
7763,q,a,cx_stage2,,"[[[1, 411], [2, 411]], [], [true, true]]",
7764,q,a,cx_stage2,,"[[[1, 43], [5, 43]], [], [true, true]]",
7765,q,a,cx_stage3,,"[[[1, 411], [2, 411]], [], [true, true]]",
7766,q,a,cx_stage1,,"[[[1, 415], [2, 415]], [], [true, true]]",
7767,q,a,cx_stage2,,"[[[1, 415], [2, 415]], [], [true, true]]",
7768,q,a,cx_stage3,,"[[[1, 415], [2, 415]], [], [true, true]]",
7769,q,a,cx_stage1,,"[[[1, 418], [3, 418]], [], [true, true]]",
7770,q,a,cx_stage2,,"[[[1, 418], [3, 418]], [], [true, true]]",
7771,q,a,cx_stage3,,"[[[1, 418], [3, 418]], [], [true, true]]",
7772,q,a,cx_stage1,,"[[[1, 422], [3, 422]], [], [true, true]]",
7773,q,a,cx_stage3,,"[[[1, 43], [5, 43]], [], [true, true]]",
7774,q,a,cx_stage2,,"[[[1, 422], [3, 422]], [], [true, true]]",
7775,q,a,cx_stage3,,"[[[1, 422], [3, 422]], [], [true, true]]",
7776,q,a,cx_stage1,,"[[[1, 425], [4, 425]], [], [true, true]]",
7777,q,a,cx_stage2,,"[[[1, 425], [4, 425]], [], [true, true]]",
7778,q,a,cx_stage3,,"[[[1, 425], [4, 425]], [], [true, true]]",
7779,q,a,cx_stage1,,"[[[1, 429], [4, 429]], [], [true, true]]",
7780,q,a,cx_stage2,,"[[[1, 429], [4, 429]], [], [true, true]]",
7781,q,a,cx_stage3,,"[[[1, 429], [4, 429]], [], [true, true]]",
7782,q,a,cx_stage1,,"[[[1, 432], [5, 432]], [], [true, true]]",
7783,q,a,cx_stage1,,"[[[1, 46], [6, 46]], [], [true, true]]",
7784,q,a,cx_stage2,,"[[[1, 432], [5, 432]], [], [true, true]]",
7785,q,a,cx_stage3,,"[[[1, 432], [5, 432]], [], [true, true]]",
7786,q,a,cx_stage1,,"[[[1, 436], [5, 436]], [], [true, true]]",
7787,q,a,cx_stage2,,"[[[1, 436], [5, 436]], [], [true, true]]",
7788,q,a,cx_stage3,,"[[[1, 436], [5, 436]], [], [true, true]]",
7789,q,a,cx_stage1,,"[[[1, 439], [6, 439]], [], [true, true]]",
7790,q,a,cx_stage2,,"[[[1, 439], [6, 439]], [], [true, true]]",
7791,q,a,cx_stage3,,"[[[1, 439], [6, 439]], [], [true, true]]",
7792,q,a,cx_stage1,,"[[[1, 443], [6, 443]], [], [true, true]]",
7793,q,a,cx_stage2,,"[[[1, 46], [6, 46]], [], [true, true]]",
7794,q,a,cx_stage2,,"[[[1, 443], [6, 443]], [], [true, true]]",
7795,q,a,cx_stage3,,"[[[1, 443], [6, 443]], [], [true, true]]",
7796,q,a,cx_stage1,,"[[[1, 446], [7, 446]], [], [true, true]]",
7797,q,a,cx_stage2,,"[[[1, 446], [7, 446]], [], [true, true]]",
7798,q,a,cx_stage3,,"[[[1, 446], [7, 446]], [], [true, true]]",
7799,q,a,cx_stage1,,"[[[1, 450], [7, 450]], [], [true, true]]",
7800,q,a,cx_stage2,,"[[[1, 450], [7, 450]], [], [true, true]]",
7801,q,a,cx_stage3,,"[[[1, 450], [7, 450]], [], [true, true]]",
7802,q,a,cx_stage3,,"[[[1, 46], [6, 46]], [], [true, true]]",
7803,q,a,cx_stage1,,"[[[1, 453], [8, 453]], [], [true, true]]",
7804,q,a,cx_stage2,,"[[[1, 453], [8, 453]], [], [true, true]]",
7805,q,a,cx_stage3,,"[[[1, 453], [8, 453]], [], [true, true]]",
7806,q,a,cx_stage1,,"[[[1, 457], [8, 457]], [], [true, true]]",
7807,q,a,cx_stage2,,"[[[1, 457], [8, 457]], [], [true, true]]",
7808,q,a,cx_stage3,,"[[[1, 457], [8, 457]], [], [true, true]]",
7809,q,a,cx_stage1,,"[[[1, 460], [9, 460]], [], [true, true]]",
7810,q,a,cx_stage2,,"[[[1, 460], [9, 460]], [], [true, true]]",
7811,q,a,cx_stage3,,"[[[1, 460], [9, 460]], [], [true, true]]",
7812,q,a,cx_stage1,,"[[[1, 50], [6, 50]], [], [true, true]]",
7813,q,a,cx_stage1,,"[[[1, 464], [9, 464]], [], [true, true]]",
7814,q,a,cx_stage2,,"[[[1, 464], [9, 464]], [], [true, true]]",
7815,q,a,cx_stage3,,"[[[1, 464], [9, 464]], [], [true, true]]",
7816,q,a,cx_stage1,,"[[[1, 467], [10, 467]], [], [true, true]]",
7817,q,a,cx_stage3,,"[[[1, 467], [10, 467]], [], [true, true]]",
7818,q,a,cx_stage1,,"[[[1, 471], [10, 471]], [], [true, true]]",
7819,q,a,cx_stage3,,"[[[1, 471], [10, 471]], [], [true, true]]",
7820,q,a,cx_stage1,,"[[[1, 474], [11, 474]], [], [true, true]]",
7821,q,a,cx_stage3,,"[[[1, 474], [11, 474]], [], [true, true]]",
7822,q,a,cx_stage1,,"[[[1, 478], [11, 478]], [], [true, true]]",
7823,q,a,cx_stage3,,"[[[1, 478], [11, 478]], [], [true, true]]",
7824,q,a,cx_stage1,,"[[[1, 481], [12, 481]], [], [true, true]]",
7825,q,a,cx_stage2,,"[[[1, 50], [6, 50]], [], [true, true]]",
7826,q,a,cx_stage3,,"[[[1, 481], [12, 481]], [], [true, true]]",
7827,q,a,cx_stage1,,"[[[1, 485], [12, 485]], [], [true, true]]",
7828,q,a,cx_stage3,,"[[[1, 485], [12, 485]], [], [true, true]]",
7829,q,a,cx_stage1,,"[[[1, 488], [13, 488]], [], [true, true]]",
7830,q,a,cx_stage3,,"[[[1, 488], [13, 488]], [], [true, true]]",
7831,q,a,cx_stage1,,"[[[1, 492], [13, 492]], [], [true, true]]",
7832,q,a,cx_stage3,,"[[[1, 50], [6, 50]], [], [true, true]]",
7833,q,a,cx_stage3,,"[[[1, 492], [13, 492]], [], [true, true]]",
7834,q,a,cx_stage1,,"[[[1, 495], [14, 495]], [], [true, true]]",
7835,q,a,cx_stage3,,"[[[1, 495], [14, 495]], [], [true, true]]",
7836,q,a,cx_stage1,,"[[[1, 499], [14, 499]], [], [true, true]]",
7837,q,a,cx_stage3,,"[[[1, 499], [14, 499]], [], [true, true]]",
7838,q,a,cx_stage1,,"[[[1, 502], [15, 502]], [], [true, true]]",
7839,q,a,cx_stage1,,"[[[0, 8], [1, 8]], [], [true, true]]",
7840,q,a,cx_stage1,,"[[[1, 53], [7, 53]], [], [true, true]]",
7841,q,a,cx_stage3,,"[[[1, 502], [15, 502]], [], [true, true]]",
7842,q,a,cx_stage1,,"[[[1, 506], [15, 506]], [], [true, true]]",
7843,q,a,cx_stage3,,"[[[1, 506], [15, 506]], [], [true, true]]",
7844,q,a,cx_stage1,,"[[[1, 509], [16, 509]], [], [true, true]]",
7845,q,a,cx_stage3,,"[[[1, 509], [16, 509]], [], [true, true]]",
7846,q,a,cx_stage1,,"[[[1, 513], [16, 513]], [], [true, true]]",
7847,q,a,cx_stage2,,"[[[1, 53], [7, 53]], [], [true, true]]",
7848,q,a,cx_stage3,,"[[[1, 513], [16, 513]], [], [true, true]]",
7849,q,a,cx_stage1,,"[[[1, 516], [17, 516]], [], [true, true]]",
7850,q,a,cx_stage3,,"[[[1, 516], [17, 516]], [], [true, true]]",
7851,q,a,cx_stage1,,"[[[1, 520], [17, 520]], [], [true, true]]",
7852,q,a,cx_stage3,,"[[[1, 520], [17, 520]], [], [true, true]]",
7853,q,a,cx_stage3,,"[[[1, 53], [7, 53]], [], [true, true]]",
7854,q,a,cx_stage1,,"[[[1, 523], [18, 523]], [], [true, true]]",
7855,q,a,cx_stage3,,"[[[1, 523], [18, 523]], [], [true, true]]",
7856,q,a,cx_stage1,,"[[[1, 527], [18, 527]], [], [true, true]]",
7857,q,a,cx_stage3,,"[[[1, 527], [18, 527]], [], [true, true]]",
7858,q,a,cx_stage1,,"[[[1, 530], [19, 530]], [], [true, true]]",
7859,q,a,cx_stage3,,"[[[1, 530], [19, 530]], [], [true, true]]",
7860,q,a,cx_stage1,,"[[[1, 57], [7, 57]], [], [true, true]]",
7861,q,a,cx_stage1,,"[[[1, 534], [19, 534]], [], [true, true]]",
7862,q,a,cx_stage3,,"[[[1, 534], [19, 534]], [], [true, true]]",
7863,q,a,cx_stage1,,"[[[1, 537], [20, 537]], [], [true, true]]",
7864,q,a,cx_stage2,,"[[[1, 537], [20, 537]], [], [true, true]]",
7865,q,a,cx_stage3,,"[[[1, 537], [20, 537]], [], [true, true]]",
7866,q,a,cx_stage1,,"[[[1, 541], [20, 541]], [], [true, true]]",
7867,q,a,cx_stage2,,"[[[1, 541], [20, 541]], [], [true, true]]",
7868,q,a,cx_stage3,,"[[[1, 541], [20, 541]], [], [true, true]]",
7869,q,a,cx_stage1,,"[[[1, 544], [21, 544]], [], [true, true]]",
7870,q,a,cx_stage2,,"[[[1, 544], [21, 544]], [], [true, true]]",
7871,q,a,cx_stage3,,"[[[1, 544], [21, 544]], [], [true, true]]",
7872,q,a,cx_stage1,,"[[[1, 548], [21, 548]], [], [true, true]]",
7873,q,a,cx_stage2,,"[[[1, 548], [21, 548]], [], [true, true]]",
7874,q,a,cx_stage3,,"[[[1, 548], [21, 548]], [], [true, true]]",
7875,q,a,cx_stage1,,"[[[1, 551], [22, 551]], [], [true, true]]",
7876,q,a,cx_stage2,,"[[[1, 551], [22, 551]], [], [true, true]]",
7877,q,a,cx_stage2,,"[[[1, 57], [7, 57]], [], [true, true]]",
7878,q,a,cx_stage3,,"[[[1, 551], [22, 551]], [], [true, true]]",
7879,q,a,cx_stage1,,"[[[1, 555], [22, 555]], [], [true, true]]",
7880,q,a,cx_stage2,,"[[[1, 555], [22, 555]], [], [true, true]]",
7881,q,a,cx_stage3,,"[[[1, 555], [22, 555]], [], [true, true]]",
7882,q,a,cx_stage1,,"[[[1, 558], [23, 558]], [], [true, true]]",
7883,q,a,cx_stage2,,"[[[1, 558], [23, 558]], [], [true, true]]",
7884,q,a,cx_stage3,,"[[[1, 558], [23, 558]], [], [true, true]]",
7885,q,a,cx_stage1,,"[[[1, 562], [23, 562]], [], [true, true]]",
7886,q,a,cx_stage3,,"[[[1, 57], [7, 57]], [], [true, true]]",
7887,q,a,cx_stage2,,"[[[1, 562], [23, 562]], [], [true, true]]",
7888,q,a,cx_stage3,,"[[[1, 562], [23, 562]], [], [true, true]]",
7889,q,a,cx_stage1,,"[[[1, 565], [24, 565]], [], [true, true]]",
7890,q,a,cx_stage2,,"[[[1, 565], [24, 565]], [], [true, true]]",
7891,q,a,cx_stage3,,"[[[1, 565], [24, 565]], [], [true, true]]",
7892,q,a,cx_stage1,,"[[[1, 569], [24, 569]], [], [true, true]]",
7893,q,a,cx_stage2,,"[[[1, 569], [24, 569]], [], [true, true]]",
7894,q,a,cx_stage3,,"[[[1, 569], [24, 569]], [], [true, true]]",
7895,q,a,cx_stage1,,"[[[1, 572], [25, 572]], [], [true, true]]",
7896,q,a,cx_stage1,,"[[[1, 60], [8, 60]], [], [true, true]]",
7897,q,a,cx_stage2,,"[[[1, 572], [25, 572]], [], [true, true]]",
7898,q,a,cx_stage3,,"[[[1, 572], [25, 572]], [], [true, true]]",
7899,q,a,cx_stage1,,"[[[1, 576], [25, 576]], [], [true, true]]",
7900,q,a,cx_stage2,,"[[[1, 576], [25, 576]], [], [true, true]]",
7901,q,a,cx_stage3,,"[[[1, 576], [25, 576]], [], [true, true]]",
7902,q,a,cx_stage1,,"[[[1, 579], [26, 579]], [], [true, true]]",
7903,q,a,cx_stage2,,"[[[1, 579], [26, 579]], [], [true, true]]",
7904,q,a,cx_stage3,,"[[[1, 579], [26, 579]], [], [true, true]]",
7905,q,a,cx_stage1,,"[[[1, 583], [26, 583]], [], [true, true]]",
7906,q,a,cx_stage2,,"[[[1, 60], [8, 60]], [], [true, true]]",
7907,q,a,cx_stage2,,"[[[1, 583], [26, 583]], [], [true, true]]",
7908,q,a,cx_stage3,,"[[[1, 583], [26, 583]], [], [true, true]]",
7909,q,a,cx_stage1,,"[[[1, 586], [27, 586]], [], [true, true]]",
7910,q,a,cx_stage2,,"[[[1, 586], [27, 586]], [], [true, true]]",
7911,q,a,cx_stage3,,"[[[1, 586], [27, 586]], [], [true, true]]",
7912,q,a,cx_stage1,,"[[[1, 590], [27, 590]], [], [true, true]]",
7913,q,a,cx_stage2,,"[[[1, 590], [27, 590]], [], [true, true]]",
7914,q,a,cx_stage3,,"[[[1, 590], [27, 590]], [], [true, true]]",
7915,q,a,cx_stage3,,"[[[1, 60], [8, 60]], [], [true, true]]",
7916,q,a,cx_stage1,,"[[[1, 593], [28, 593]], [], [true, true]]",
7917,q,a,cx_stage2,,"[[[1, 593], [28, 593]], [], [true, true]]",
7918,q,a,cx_stage3,,"[[[1, 593], [28, 593]], [], [true, true]]",
7919,q,a,cx_stage1,,"[[[1, 597], [28, 597]], [], [true, true]]",
7920,q,a,cx_stage2,,"[[[1, 597], [28, 597]], [], [true, true]]",
7921,q,a,cx_stage3,,"[[[1, 597], [28, 597]], [], [true, true]]",
7922,q,a,cx_stage1,,"[[[1, 600], [29, 600]], [], [true, true]]",
7923,q,a,cx_stage2,,"[[[1, 600], [29, 600]], [], [true, true]]",
7924,q,a,cx_stage3,,"[[[1, 600], [29, 600]], [], [true, true]]",
7925,q,a,cx_stage1,,"[[[1, 64], [8, 64]], [], [true, true]]",
7926,q,a,cx_stage1,,"[[[1, 604], [29, 604]], [], [true, true]]",
7927,q,a,cx_stage2,,"[[[1, 604], [29, 604]], [], [true, true]]",
7928,q,a,cx_stage3,,"[[[1, 604], [29, 604]], [], [true, true]]",
7929,q,a,cx_stage1,,"[[[1, 607], [30, 607]], [], [true, true]]",
7930,q,a,cx_stage2,,"[[[1, 607], [30, 607]], [], [true, true]]",
7931,q,a,cx_stage3,,"[[[1, 607], [30, 607]], [], [true, true]]",
7932,q,a,cx_stage1,,"[[[1, 611], [30, 611]], [], [true, true]]",
7933,q,a,cx_stage2,,"[[[1, 611], [30, 611]], [], [true, true]]",
7934,q,a,cx_stage3,,"[[[1, 611], [30, 611]], [], [true, true]]",
7935,q,a,cx_stage1,,"[[[1, 614], [31, 614]], [], [true, true]]",
7936,q,a,cx_stage2,,"[[[1, 614], [31, 614]], [], [true, true]]",
7937,q,a,cx_stage3,,"[[[1, 614], [31, 614]], [], [true, true]]",
7938,q,a,cx_stage1,,"[[[1, 618], [31, 618]], [], [true, true]]",
7939,q,a,cx_stage2,,"[[[1, 618], [31, 618]], [], [true, true]]",
7940,q,a,cx_stage3,,"[[[1, 618], [31, 618]], [], [true, true]]",
7941,q,a,cx_stage1,,"[[[1, 621], [32, 621]], [], [true, true]]",
7942,q,a,cx_stage2,,"[[[1, 621], [32, 621]], [], [true, true]]",
7943,q,a,cx_stage2,,"[[[1, 64], [8, 64]], [], [true, true]]",
7944,q,a,cx_stage3,,"[[[1, 621], [32, 621]], [], [true, true]]",
7945,q,a,cx_stage1,,"[[[1, 625], [32, 625]], [], [true, true]]",
7946,q,a,cx_stage2,,"[[[1, 625], [32, 625]], [], [true, true]]",
7947,q,a,cx_stage3,,"[[[1, 625], [32, 625]], [], [true, true]]",
7948,q,a,cx_stage1,,"[[[1, 628], [33, 628]], [], [true, true]]",
7949,q,a,cx_stage2,,"[[[1, 628], [33, 628]], [], [true, true]]",
7950,q,a,cx_stage3,,"[[[1, 628], [33, 628]], [], [true, true]]",
7951,q,a,cx_stage1,,"[[[1, 632], [33, 632]], [], [true, true]]",
7952,q,a,cx_stage3,,"[[[1, 64], [8, 64]], [], [true, true]]",
7953,q,a,cx_stage2,,"[[[1, 632], [33, 632]], [], [true, true]]",
7954,q,a,cx_stage3,,"[[[1, 632], [33, 632]], [], [true, true]]",
7955,q,a,cx_stage1,,"[[[1, 635], [34, 635]], [], [true, true]]",
7956,q,a,cx_stage2,,"[[[1, 635], [34, 635]], [], [true, true]]",
7957,q,a,cx_stage3,,"[[[1, 635], [34, 635]], [], [true, true]]",
7958,q,a,cx_stage1,,"[[[1, 639], [34, 639]], [], [true, true]]",
7959,q,a,cx_stage2,,"[[[1, 639], [34, 639]], [], [true, true]]",
7960,q,a,cx_stage3,,"[[[1, 639], [34, 639]], [], [true, true]]",
7961,q,a,cx_stage1,,"[[[1, 642], [35, 642]], [], [true, true]]",
7962,q,a,cx_stage1,,"[[[1, 67], [9, 67]], [], [true, true]]",
7963,q,a,cx_stage2,,"[[[1, 642], [35, 642]], [], [true, true]]",
7964,q,a,cx_stage3,,"[[[1, 642], [35, 642]], [], [true, true]]",
7965,q,a,cx_stage1,,"[[[1, 646], [35, 646]], [], [true, true]]",
7966,q,a,cx_stage2,,"[[[1, 646], [35, 646]], [], [true, true]]",
7967,q,a,cx_stage3,,"[[[1, 646], [35, 646]], [], [true, true]]",
7968,q,a,cx_stage1,,"[[[1, 649], [36, 649]], [], [true, true]]",
7969,q,a,cx_stage2,,"[[[1, 649], [36, 649]], [], [true, true]]",
7970,q,a,cx_stage3,,"[[[1, 649], [36, 649]], [], [true, true]]",
7971,q,a,cx_stage1,,"[[[1, 653], [36, 653]], [], [true, true]]",
7972,q,a,cx_stage2,,"[[[1, 67], [9, 67]], [], [true, true]]",
7973,q,a,cx_stage2,,"[[[1, 653], [36, 653]], [], [true, true]]",
7974,q,a,cx_stage3,,"[[[1, 653], [36, 653]], [], [true, true]]",
7975,q,a,cx_stage1,,"[[[1, 656], [37, 656]], [], [true, true]]",
7976,q,a,cx_stage2,,"[[[1, 656], [37, 656]], [], [true, true]]",
7977,q,a,cx_stage3,,"[[[1, 656], [37, 656]], [], [true, true]]",
7978,q,a,cx_stage1,,"[[[1, 660], [37, 660]], [], [true, true]]",
7979,q,a,cx_stage2,,"[[[1, 660], [37, 660]], [], [true, true]]",
7980,q,a,cx_stage3,,"[[[1, 660], [37, 660]], [], [true, true]]",
7981,q,a,cx_stage3,,"[[[1, 67], [9, 67]], [], [true, true]]",
7982,q,a,cx_stage1,,"[[[1, 663], [38, 663]], [], [true, true]]",
7983,q,a,cx_stage2,,"[[[1, 663], [38, 663]], [], [true, true]]",
7984,q,a,cx_stage3,,"[[[1, 663], [38, 663]], [], [true, true]]",
7985,q,a,cx_stage1,,"[[[1, 667], [38, 667]], [], [true, true]]",
7986,q,a,cx_stage2,,"[[[1, 667], [38, 667]], [], [true, true]]",
7987,q,a,cx_stage3,,"[[[1, 667], [38, 667]], [], [true, true]]",
7988,q,a,cx_stage1,,"[[[1, 670], [39, 670]], [], [true, true]]",
7989,q,a,cx_stage2,,"[[[1, 670], [39, 670]], [], [true, true]]",
7990,q,a,cx_stage3,,"[[[1, 670], [39, 670]], [], [true, true]]",
7991,q,a,cx_stage1,,"[[[1, 71], [9, 71]], [], [true, true]]",
7992,q,a,cx_stage1,,"[[[1, 674], [39, 674]], [], [true, true]]",
7993,q,a,cx_stage2,,"[[[1, 674], [39, 674]], [], [true, true]]",
7994,q,a,cx_stage3,,"[[[1, 674], [39, 674]], [], [true, true]]",
7995,q,a,cx_stage1,,"[[[1, 677], [40, 677]], [], [true, true]]",
7996,q,a,cx_stage2,,"[[[1, 677], [40, 677]], [], [true, true]]",
7997,q,a,cx_stage3,,"[[[1, 677], [40, 677]], [], [true, true]]",
7998,q,a,cx_stage1,,"[[[1, 681], [40, 681]], [], [true, true]]",
7999,q,a,cx_stage2,,"[[[1, 681], [40, 681]], [], [true, true]]",
8000,q,a,cx_stage3,,"[[[1, 681], [40, 681]], [], [true, true]]",
8001,q,a,cx_stage1,,"[[[1, 684], [41, 684]], [], [true, true]]",
8002,q,a,cx_stage2,,"[[[1, 684], [41, 684]], [], [true, true]]",
8003,q,a,cx_stage3,,"[[[1, 684], [41, 684]], [], [true, true]]",
8004,q,a,cx_stage1,,"[[[1, 688], [41, 688]], [], [true, true]]",
8005,q,a,cx_stage2,,"[[[1, 688], [41, 688]], [], [true, true]]",
8006,q,a,cx_stage3,,"[[[1, 688], [41, 688]], [], [true, true]]",
8007,q,a,cx_stage1,,"[[[1, 691], [42, 691]], [], [true, true]]",
8008,q,a,cx_stage2,,"[[[1, 691], [42, 691]], [], [true, true]]",
8009,q,a,cx_stage2,,"[[[1, 71], [9, 71]], [], [true, true]]",
8010,q,a,cx_stage3,,"[[[1, 691], [42, 691]], [], [true, true]]",
8011,q,a,cx_stage1,,"[[[1, 695], [42, 695]], [], [true, true]]",
8012,q,a,cx_stage2,,"[[[1, 695], [42, 695]], [], [true, true]]",
8013,q,a,cx_stage3,,"[[[1, 695], [42, 695]], [], [true, true]]",
8014,q,a,cx_stage1,,"[[[1, 698], [43, 698]], [], [true, true]]",
8015,q,a,cx_stage2,,"[[[1, 698], [43, 698]], [], [true, true]]",
8016,q,a,cx_stage3,,"[[[1, 698], [43, 698]], [], [true, true]]",
8017,q,a,cx_stage1,,"[[[1, 702], [43, 702]], [], [true, true]]",
8018,q,a,cx_stage3,,"[[[0, 8], [1, 8]], [], [true, true]]",
8019,q,a,cx_stage3,,"[[[1, 71], [9, 71]], [], [true, true]]",
8020,q,a,cx_stage2,,"[[[1, 702], [43, 702]], [], [true, true]]",
8021,q,a,cx_stage3,,"[[[1, 702], [43, 702]], [], [true, true]]",
8022,q,a,cx_stage1,,"[[[1, 705], [44, 705]], [], [true, true]]",
8023,q,a,cx_stage2,,"[[[1, 705], [44, 705]], [], [true, true]]",
8024,q,a,cx_stage3,,"[[[1, 705], [44, 705]], [], [true, true]]",
8025,q,a,cx_stage1,,"[[[1, 709], [44, 709]], [], [true, true]]",
8026,q,a,cx_stage2,,"[[[1, 709], [44, 709]], [], [true, true]]",
8027,q,a,cx_stage3,,"[[[1, 709], [44, 709]], [], [true, true]]",
8028,q,a,cx_stage1,,"[[[1, 712], [45, 712]], [], [true, true]]",
8029,q,a,cx_stage1,,"[[[1, 74], [10, 74]], [], [true, true]]",
8030,q,a,cx_stage2,,"[[[1, 712], [45, 712]], [], [true, true]]",
8031,q,a,cx_stage3,,"[[[1, 712], [45, 712]], [], [true, true]]",
8032,q,a,cx_stage1,,"[[[1, 716], [45, 716]], [], [true, true]]",
8033,q,a,cx_stage2,,"[[[1, 716], [45, 716]], [], [true, true]]",
8034,q,a,cx_stage3,,"[[[1, 716], [45, 716]], [], [true, true]]",
8035,q,a,cx_stage1,,"[[[1, 719], [46, 719]], [], [true, true]]",
8036,q,a,cx_stage2,,"[[[1, 719], [46, 719]], [], [true, true]]",
8037,q,a,cx_stage3,,"[[[1, 719], [46, 719]], [], [true, true]]",
8038,q,a,cx_stage1,,"[[[1, 723], [46, 723]], [], [true, true]]",
8039,q,a,cx_stage2,,"[[[1, 723], [46, 723]], [], [true, true]]",
8040,q,a,cx_stage3,,"[[[1, 723], [46, 723]], [], [true, true]]",
8041,q,a,cx_stage1,,"[[[1, 726], [47, 726]], [], [true, true]]",
8042,q,a,cx_stage2,,"[[[1, 726], [47, 726]], [], [true, true]]",
8043,q,a,cx_stage3,,"[[[1, 726], [47, 726]], [], [true, true]]",
8044,q,a,cx_stage1,,"[[[1, 730], [47, 730]], [], [true, true]]",
8045,q,a,cx_stage2,,"[[[1, 730], [47, 730]], [], [true, true]]",
8046,q,a,cx_stage3,,"[[[1, 730], [47, 730]], [], [true, true]]",
8047,q,a,cx_stage3,,"[[[1, 74], [10, 74]], [], [true, true]]",
8048,q,a,cx_stage1,,"[[[1, 733], [48, 733]], [], [true, true]]",
8049,q,a,cx_stage2,,"[[[1, 733], [48, 733]], [], [true, true]]",
8050,q,a,cx_stage3,,"[[[1, 733], [48, 733]], [], [true, true]]",
8051,q,a,cx_stage1,,"[[[1, 737], [48, 737]], [], [true, true]]",
8052,q,a,cx_stage2,,"[[[1, 737], [48, 737]], [], [true, true]]",
8053,q,a,cx_stage3,,"[[[1, 737], [48, 737]], [], [true, true]]",
8054,q,a,cx_stage1,,"[[[1, 740], [49, 740]], [], [true, true]]",
8055,q,a,cx_stage2,,"[[[1, 740], [49, 740]], [], [true, true]]",
8056,q,a,cx_stage3,,"[[[1, 740], [49, 740]], [], [true, true]]",
8057,q,a,cx_stage1,,"[[[1, 78], [10, 78]], [], [true, true]]",
8058,q,a,cx_stage1,,"[[[1, 744], [49, 744]], [], [true, true]]",
8059,q,a,cx_stage2,,"[[[1, 744], [49, 744]], [], [true, true]]",
8060,q,a,cx_stage3,,"[[[1, 744], [49, 744]], [], [true, true]]",
8061,q,a,cx_stage1,,"[[[1, 747], [50, 747]], [], [true, true]]",
8062,q,a,cx_stage2,,"[[[1, 747], [50, 747]], [], [true, true]]",
8063,q,a,cx_stage3,,"[[[1, 747], [50, 747]], [], [true, true]]",
8064,q,a,cx_stage1,,"[[[1, 751], [50, 751]], [], [true, true]]",
8065,q,a,cx_stage2,,"[[[1, 751], [50, 751]], [], [true, true]]",
8066,q,a,cx_stage3,,"[[[1, 751], [50, 751]], [], [true, true]]",
8067,q,a,cx_stage1,,"[[[1, 754], [51, 754]], [], [true, true]]",
8068,q,a,cx_stage2,,"[[[1, 754], [51, 754]], [], [true, true]]",
8069,q,a,cx_stage3,,"[[[1, 754], [51, 754]], [], [true, true]]",
8070,q,a,cx_stage1,,"[[[1, 758], [51, 758]], [], [true, true]]",
8071,q,a,cx_stage2,,"[[[1, 758], [51, 758]], [], [true, true]]",
8072,q,a,cx_stage3,,"[[[1, 758], [51, 758]], [], [true, true]]",
8073,q,a,cx_stage1,,"[[[1, 761], [52, 761]], [], [true, true]]",
8074,q,a,cx_stage2,,"[[[1, 761], [52, 761]], [], [true, true]]",
8075,q,a,cx_stage3,,"[[[1, 761], [52, 761]], [], [true, true]]",
8076,q,a,cx_stage1,,"[[[1, 765], [52, 765]], [], [true, true]]",
8077,q,a,cx_stage2,,"[[[1, 765], [52, 765]], [], [true, true]]",
8078,q,a,cx_stage3,,"[[[1, 765], [52, 765]], [], [true, true]]",
8079,q,a,cx_stage1,,"[[[1, 768], [53, 768]], [], [true, true]]",
8080,q,a,cx_stage2,,"[[[1, 768], [53, 768]], [], [true, true]]",
8081,q,a,cx_stage3,,"[[[1, 768], [53, 768]], [], [true, true]]",
8082,q,a,cx_stage1,,"[[[1, 772], [53, 772]], [], [true, true]]",
8083,q,a,cx_stage3,,"[[[1, 78], [10, 78]], [], [true, true]]",
8084,q,a,cx_stage2,,"[[[1, 772], [53, 772]], [], [true, true]]",
8085,q,a,cx_stage3,,"[[[1, 772], [53, 772]], [], [true, true]]",
8086,q,a,cx_stage1,,"[[[1, 775], [54, 775]], [], [true, true]]",
8087,q,a,cx_stage2,,"[[[1, 775], [54, 775]], [], [true, true]]",
8088,q,a,cx_stage3,,"[[[1, 775], [54, 775]], [], [true, true]]",
8089,q,a,cx_stage1,,"[[[1, 779], [54, 779]], [], [true, true]]",
8090,q,a,cx_stage2,,"[[[1, 779], [54, 779]], [], [true, true]]",
8091,q,a,cx_stage3,,"[[[1, 779], [54, 779]], [], [true, true]]",
8092,q,a,cx_stage1,,"[[[1, 782], [55, 782]], [], [true, true]]",
8093,q,a,cx_stage1,,"[[[1, 81], [11, 81]], [], [true, true]]",
8094,q,a,cx_stage2,,"[[[1, 782], [55, 782]], [], [true, true]]",
8095,q,a,cx_stage3,,"[[[1, 782], [55, 782]], [], [true, true]]",
8096,q,a,cx_stage1,,"[[[1, 786], [55, 786]], [], [true, true]]",
8097,q,a,cx_stage2,,"[[[1, 786], [55, 786]], [], [true, true]]",
8098,q,a,cx_stage3,,"[[[1, 786], [55, 786]], [], [true, true]]",
8099,q,a,ry,,"[[[1, 787]], [], [true]]",
8100,q,a,cx_stage3,,"[[[1, 81], [11, 81]], [], [true, true]]",
8101,q,a,cx_stage1,,"[[[1, 85], [11, 85]], [], [true, true]]",
8102,q,a,cx_stage3,,"[[[1, 85], [11, 85]], [], [true, true]]",
8103,q,a,cx_stage1,,"[[[1, 88], [12, 88]], [], [true, true]]",
8104,q,a,cx_stage3,,"[[[1, 88], [12, 88]], [], [true, true]]",
8105,q,a,cx_stage1,,"[[[1, 92], [12, 92]], [], [true, true]]",
8106,q,a,cx_stage3,,"[[[1, 92], [12, 92]], [], [true, true]]",
8107,q,a,cx_stage1,,"[[[1, 95], [13, 95]], [], [true, true]]",
8108,q,a,cx_stage3,,"[[[1, 95], [13, 95]], [], [true, true]]",
8109,q,a,cx_stage1,,"[[[1, 99], [13, 99]], [], [true, true]]",
8110,q,a,cx_stage3,,"[[[1, 99], [13, 99]], [], [true, true]]",
8111,q,a,u2,,"[[[20, 1]], [], [true]]",
8112,q,a,cx_stage1,,"[[[0, 137], [20, 137]], [], [true, true]]",
8113,q,a,cx_stage2,,"[[[20, 1263], [21, 1263]], [], [true, true]]",
8114,q,a,cx_stage1,,"[[[20, 1263], [21, 1263]], [], [true, true]]",
8115,q,a,cx_stage3,,"[[[20, 1263], [21, 1263]], [], [true, true]]",
8116,q,a,cx_stage1,,"[[[19, 1266], [20, 1266]], [], [true, true]]",
8117,q,a,cx_stage3,,"[[[19, 1266], [20, 1266]], [], [true, true]]",
8118,q,a,ry,,"[[[20, 1267]], [], [true]]",
8119,q,a,cx_stage3,,"[[[0, 137], [20, 137]], [], [true, true]]",
8120,q,a,p,,"[[[20, 138]], [], [true]]",
8121,q,a,cx_stage1,,"[[[0, 141], [20, 141]], [], [true, true]]",
8122,q,a,cx_stage3,,"[[[0, 141], [20, 141]], [], [true, true]]",
8123,q,a,cx_stage1,,"[[[1, 144], [20, 144]], [], [true, true]]",
8124,q,a,cx_stage3,,"[[[1, 144], [20, 144]], [], [true, true]]",
8125,q,a,p,,"[[[20, 145]], [], [true]]",
8126,q,a,cx_stage1,,"[[[1, 148], [20, 148]], [], [true, true]]",
8127,q,a,cx_stage3,,"[[[1, 148], [20, 148]], [], [true, true]]",
8128,q,a,cx_stage1,,"[[[2, 151], [20, 151]], [], [true, true]]",
8129,q,a,cx_stage2,,"[[[2, 151], [20, 151]], [], [true, true]]",
8130,q,a,cx_stage3,,"[[[2, 151], [20, 151]], [], [true, true]]",
8131,q,a,p,,"[[[20, 152]], [], [true]]",
8132,q,a,cx_stage1,,"[[[2, 155], [20, 155]], [], [true, true]]",
8133,q,a,cx_stage2,,"[[[2, 155], [20, 155]], [], [true, true]]",
8134,q,a,cx_stage3,,"[[[2, 155], [20, 155]], [], [true, true]]",
8135,q,a,cx_stage1,,"[[[3, 158], [20, 158]], [], [true, true]]",
8136,q,a,cx_stage2,,"[[[3, 158], [20, 158]], [], [true, true]]",
8137,q,a,cx_stage3,,"[[[3, 158], [20, 158]], [], [true, true]]",
8138,q,a,p,,"[[[20, 159]], [], [true]]",
8139,q,a,cx_stage1,,"[[[3, 162], [20, 162]], [], [true, true]]",
8140,q,a,cx_stage2,,"[[[3, 162], [20, 162]], [], [true, true]]",
8141,q,a,cx_stage3,,"[[[3, 162], [20, 162]], [], [true, true]]",
8142,q,a,cx_stage1,,"[[[4, 165], [20, 165]], [], [true, true]]",
8143,q,a,cx_stage2,,"[[[4, 165], [20, 165]], [], [true, true]]",
8144,q,a,cx_stage3,,"[[[4, 165], [20, 165]], [], [true, true]]",
8145,q,a,p,,"[[[20, 166]], [], [true]]",
8146,q,a,cx_stage1,,"[[[4, 169], [20, 169]], [], [true, true]]",
8147,q,a,cx_stage2,,"[[[4, 169], [20, 169]], [], [true, true]]",
8148,q,a,cx_stage3,,"[[[4, 169], [20, 169]], [], [true, true]]",
8149,q,a,cx_stage1,,"[[[5, 172], [20, 172]], [], [true, true]]",
8150,q,a,cx_stage2,,"[[[5, 172], [20, 172]], [], [true, true]]",
8151,q,a,cx_stage3,,"[[[5, 172], [20, 172]], [], [true, true]]",
8152,q,a,p,,"[[[20, 173]], [], [true]]",
8153,q,a,cx_stage1,,"[[[5, 176], [20, 176]], [], [true, true]]",
8154,q,a,cx_stage2,,"[[[5, 176], [20, 176]], [], [true, true]]",
8155,q,a,cx_stage3,,"[[[5, 176], [20, 176]], [], [true, true]]",
8156,q,a,cx_stage1,,"[[[6, 179], [20, 179]], [], [true, true]]",
8157,q,a,cx_stage2,,"[[[6, 179], [20, 179]], [], [true, true]]",
8158,q,a,cx_stage3,,"[[[6, 179], [20, 179]], [], [true, true]]",
8159,q,a,p,,"[[[20, 180]], [], [true]]",
8160,q,a,cx_stage1,,"[[[6, 183], [20, 183]], [], [true, true]]",
8161,q,a,cx_stage2,,"[[[6, 183], [20, 183]], [], [true, true]]",
8162,q,a,cx_stage3,,"[[[6, 183], [20, 183]], [], [true, true]]",
8163,q,a,cx_stage1,,"[[[7, 186], [20, 186]], [], [true, true]]",
8164,q,a,cx_stage2,,"[[[7, 186], [20, 186]], [], [true, true]]",
8165,q,a,cx_stage3,,"[[[7, 186], [20, 186]], [], [true, true]]",
8166,q,a,p,,"[[[20, 187]], [], [true]]",
8167,q,a,cx_stage1,,"[[[7, 190], [20, 190]], [], [true, true]]",
8168,q,a,cx_stage2,,"[[[7, 190], [20, 190]], [], [true, true]]",
8169,q,a,cx_stage3,,"[[[7, 190], [20, 190]], [], [true, true]]",
8170,q,a,cx_stage1,,"[[[8, 193], [20, 193]], [], [true, true]]",
8171,q,a,cx_stage2,,"[[[8, 193], [20, 193]], [], [true, true]]",
8172,q,a,cx_stage3,,"[[[8, 193], [20, 193]], [], [true, true]]",
8173,q,a,p,,"[[[20, 194]], [], [true]]",
8174,q,a,cx_stage1,,"[[[8, 197], [20, 197]], [], [true, true]]",
8175,q,a,cx_stage2,,"[[[8, 197], [20, 197]], [], [true, true]]",
8176,q,a,cx_stage3,,"[[[8, 197], [20, 197]], [], [true, true]]",
8177,q,a,cx_stage1,,"[[[9, 200], [20, 200]], [], [true, true]]",
8178,q,a,cx_stage2,,"[[[9, 200], [20, 200]], [], [true, true]]",
8179,q,a,cx_stage3,,"[[[9, 200], [20, 200]], [], [true, true]]",
8180,q,a,p,,"[[[20, 201]], [], [true]]",
8181,q,a,cx_stage1,,"[[[9, 204], [20, 204]], [], [true, true]]",
8182,q,a,cx_stage2,,"[[[9, 204], [20, 204]], [], [true, true]]",
8183,q,a,cx_stage3,,"[[[9, 204], [20, 204]], [], [true, true]]",
8184,q,a,cx_stage1,,"[[[10, 207], [20, 207]], [], [true, true]]",
8185,q,a,cx_stage3,,"[[[10, 207], [20, 207]], [], [true, true]]",
8186,q,a,p,,"[[[20, 208]], [], [true]]",
8187,q,a,cx_stage1,,"[[[10, 211], [20, 211]], [], [true, true]]",
8188,q,a,cx_stage3,,"[[[10, 211], [20, 211]], [], [true, true]]",
8189,q,a,cx_stage1,,"[[[11, 214], [20, 214]], [], [true, true]]",
8190,q,a,cx_stage3,,"[[[11, 214], [20, 214]], [], [true, true]]",
8191,q,a,p,,"[[[20, 215]], [], [true]]",
8192,q,a,cx_stage1,,"[[[11, 218], [20, 218]], [], [true, true]]",
8193,q,a,cx_stage3,,"[[[11, 218], [20, 218]], [], [true, true]]",
8194,q,a,cx_stage1,,"[[[12, 221], [20, 221]], [], [true, true]]",
8195,q,a,cx_stage3,,"[[[12, 221], [20, 221]], [], [true, true]]",
8196,q,a,p,,"[[[20, 222]], [], [true]]",
8197,q,a,cx_stage1,,"[[[12, 225], [20, 225]], [], [true, true]]",
8198,q,a,cx_stage3,,"[[[12, 225], [20, 225]], [], [true, true]]",
8199,q,a,cx_stage1,,"[[[13, 228], [20, 228]], [], [true, true]]",
8200,q,a,cx_stage3,,"[[[13, 228], [20, 228]], [], [true, true]]",
8201,q,a,p,,"[[[20, 229]], [], [true]]",
8202,q,a,cx_stage1,,"[[[13, 232], [20, 232]], [], [true, true]]",
8203,q,a,cx_stage3,,"[[[13, 232], [20, 232]], [], [true, true]]",
8204,q,a,cx_stage1,,"[[[14, 235], [20, 235]], [], [true, true]]",
8205,q,a,cx_stage3,,"[[[14, 235], [20, 235]], [], [true, true]]",
8206,q,a,p,,"[[[20, 236]], [], [true]]",
8207,q,a,cx_stage1,,"[[[14, 239], [20, 239]], [], [true, true]]",
8208,q,a,cx_stage3,,"[[[14, 239], [20, 239]], [], [true, true]]",
8209,q,a,cx_stage1,,"[[[15, 242], [20, 242]], [], [true, true]]",
8210,q,a,cx_stage3,,"[[[15, 242], [20, 242]], [], [true, true]]",
8211,q,a,p,,"[[[20, 243]], [], [true]]",
8212,q,a,cx_stage1,,"[[[15, 246], [20, 246]], [], [true, true]]",
8213,q,a,cx_stage3,,"[[[15, 246], [20, 246]], [], [true, true]]",
8214,q,a,cx_stage1,,"[[[16, 249], [20, 249]], [], [true, true]]",
8215,q,a,cx_stage3,,"[[[16, 249], [20, 249]], [], [true, true]]",
8216,q,a,p,,"[[[20, 250]], [], [true]]",
8217,q,a,cx_stage1,,"[[[16, 253], [20, 253]], [], [true, true]]",
8218,q,a,cx_stage3,,"[[[16, 253], [20, 253]], [], [true, true]]",
8219,q,a,cx_stage1,,"[[[17, 256], [20, 256]], [], [true, true]]",
8220,q,a,cx_stage3,,"[[[17, 256], [20, 256]], [], [true, true]]",
8221,q,a,p,,"[[[20, 257]], [], [true]]",
8222,q,a,cx_stage1,,"[[[17, 260], [20, 260]], [], [true, true]]",
8223,q,a,cx_stage3,,"[[[17, 260], [20, 260]], [], [true, true]]",
8224,q,a,cx_stage1,,"[[[18, 263], [20, 263]], [], [true, true]]",
8225,q,a,cx_stage3,,"[[[18, 263], [20, 263]], [], [true, true]]",
8226,q,a,p,,"[[[20, 264]], [], [true]]",
8227,q,a,cx_stage1,,"[[[18, 267], [20, 267]], [], [true, true]]",
8228,q,a,cx_stage3,,"[[[18, 267], [20, 267]], [], [true, true]]",
8229,q,a,cx_stage1,,"[[[19, 270], [20, 270]], [], [true, true]]",
8230,q,a,cx_stage3,,"[[[19, 270], [20, 270]], [], [true, true]]",
8231,q,a,p,,"[[[20, 271]], [], [true]]",
8232,q,a,cx_stage1,,"[[[19, 274], [20, 274]], [], [true, true]]",
8233,q,a,cx_stage3,,"[[[19, 274], [20, 274]], [], [true, true]]",
8234,q,a,cx_stage1,,"[[[20, 284], [21, 284]], [], [true, true]]",
8235,q,a,cx_stage2,,"[[[20, 284], [21, 284]], [], [true, true]]",
8236,q,a,cx_stage3,,"[[[20, 284], [21, 284]], [], [true, true]]",
8237,q,a,cx_stage1,,"[[[20, 288], [21, 288]], [], [true, true]]",
8238,q,a,cx_stage2,,"[[[20, 288], [21, 288]], [], [true, true]]",
8239,q,a,cx_stage3,,"[[[20, 288], [21, 288]], [], [true, true]]",
8240,q,a,cx_stage1,,"[[[20, 291], [22, 291]], [], [true, true]]",
8241,q,a,cx_stage2,,"[[[20, 291], [22, 291]], [], [true, true]]",
8242,q,a,cx_stage3,,"[[[20, 291], [22, 291]], [], [true, true]]",
8243,q,a,cx_stage1,,"[[[20, 295], [22, 295]], [], [true, true]]",
8244,q,a,cx_stage2,,"[[[20, 295], [22, 295]], [], [true, true]]",
8245,q,a,cx_stage3,,"[[[20, 295], [22, 295]], [], [true, true]]",
8246,q,a,cx_stage1,,"[[[20, 298], [23, 298]], [], [true, true]]",
8247,q,a,cx_stage2,,"[[[20, 298], [23, 298]], [], [true, true]]",
8248,q,a,cx_stage3,,"[[[20, 298], [23, 298]], [], [true, true]]",
8249,q,a,cx_stage1,,"[[[20, 302], [23, 302]], [], [true, true]]",
8250,q,a,cx_stage2,,"[[[20, 302], [23, 302]], [], [true, true]]",
8251,q,a,cx_stage3,,"[[[20, 302], [23, 302]], [], [true, true]]",
8252,q,a,cx_stage1,,"[[[20, 305], [24, 305]], [], [true, true]]",
8253,q,a,cx_stage2,,"[[[20, 305], [24, 305]], [], [true, true]]",
8254,q,a,cx_stage3,,"[[[20, 305], [24, 305]], [], [true, true]]",
8255,q,a,cx_stage1,,"[[[20, 309], [24, 309]], [], [true, true]]",
8256,q,a,cx_stage2,,"[[[20, 309], [24, 309]], [], [true, true]]",
8257,q,a,cx_stage3,,"[[[20, 309], [24, 309]], [], [true, true]]",
8258,q,a,cx_stage1,,"[[[20, 312], [25, 312]], [], [true, true]]",
8259,q,a,cx_stage2,,"[[[20, 312], [25, 312]], [], [true, true]]",
8260,q,a,cx_stage3,,"[[[20, 312], [25, 312]], [], [true, true]]",
8261,q,a,cx_stage1,,"[[[20, 316], [25, 316]], [], [true, true]]",
8262,q,a,cx_stage2,,"[[[20, 316], [25, 316]], [], [true, true]]",
8263,q,a,cx_stage3,,"[[[20, 316], [25, 316]], [], [true, true]]",
8264,q,a,cx_stage1,,"[[[20, 319], [26, 319]], [], [true, true]]",
8265,q,a,cx_stage2,,"[[[20, 319], [26, 319]], [], [true, true]]",
8266,q,a,cx_stage3,,"[[[20, 319], [26, 319]], [], [true, true]]",
8267,q,a,cx_stage1,,"[[[20, 323], [26, 323]], [], [true, true]]",
8268,q,a,cx_stage2,,"[[[20, 323], [26, 323]], [], [true, true]]",
8269,q,a,cx_stage3,,"[[[20, 323], [26, 323]], [], [true, true]]",
8270,q,a,cx_stage1,,"[[[20, 326], [27, 326]], [], [true, true]]",
8271,q,a,cx_stage2,,"[[[20, 326], [27, 326]], [], [true, true]]",
8272,q,a,cx_stage3,,"[[[20, 326], [27, 326]], [], [true, true]]",
8273,q,a,cx_stage1,,"[[[20, 330], [27, 330]], [], [true, true]]",
8274,q,a,cx_stage2,,"[[[20, 330], [27, 330]], [], [true, true]]",
8275,q,a,cx_stage3,,"[[[20, 330], [27, 330]], [], [true, true]]",
8276,q,a,cx_stage1,,"[[[20, 333], [28, 333]], [], [true, true]]",
8277,q,a,cx_stage2,,"[[[20, 333], [28, 333]], [], [true, true]]",
8278,q,a,cx_stage3,,"[[[20, 333], [28, 333]], [], [true, true]]",
8279,q,a,cx_stage1,,"[[[20, 337], [28, 337]], [], [true, true]]",
8280,q,a,cx_stage2,,"[[[20, 337], [28, 337]], [], [true, true]]",
8281,q,a,cx_stage3,,"[[[20, 337], [28, 337]], [], [true, true]]",
8282,q,a,cx_stage1,,"[[[20, 340], [29, 340]], [], [true, true]]",
8283,q,a,cx_stage2,,"[[[20, 340], [29, 340]], [], [true, true]]",
8284,q,a,cx_stage3,,"[[[20, 340], [29, 340]], [], [true, true]]",
8285,q,a,cx_stage1,,"[[[20, 344], [29, 344]], [], [true, true]]",
8286,q,a,cx_stage2,,"[[[20, 344], [29, 344]], [], [true, true]]",
8287,q,a,cx_stage3,,"[[[20, 344], [29, 344]], [], [true, true]]",
8288,q,a,cx_stage1,,"[[[20, 347], [30, 347]], [], [true, true]]",
8289,q,a,cx_stage2,,"[[[20, 347], [30, 347]], [], [true, true]]",
8290,q,a,cx_stage3,,"[[[20, 347], [30, 347]], [], [true, true]]",
8291,q,a,cx_stage1,,"[[[20, 351], [30, 351]], [], [true, true]]",
8292,q,a,cx_stage2,,"[[[20, 351], [30, 351]], [], [true, true]]",
8293,q,a,cx_stage3,,"[[[20, 351], [30, 351]], [], [true, true]]",
8294,q,a,cx_stage1,,"[[[20, 354], [31, 354]], [], [true, true]]",
8295,q,a,cx_stage2,,"[[[20, 354], [31, 354]], [], [true, true]]",
8296,q,a,cx_stage3,,"[[[20, 354], [31, 354]], [], [true, true]]",
8297,q,a,cx_stage1,,"[[[20, 358], [31, 358]], [], [true, true]]",
8298,q,a,cx_stage2,,"[[[20, 358], [31, 358]], [], [true, true]]",
8299,q,a,cx_stage3,,"[[[20, 358], [31, 358]], [], [true, true]]",
8300,q,a,cx_stage1,,"[[[20, 361], [32, 361]], [], [true, true]]",
8301,q,a,cx_stage2,,"[[[20, 361], [32, 361]], [], [true, true]]",
8302,q,a,cx_stage3,,"[[[20, 361], [32, 361]], [], [true, true]]",
8303,q,a,cx_stage1,,"[[[20, 365], [32, 365]], [], [true, true]]",
8304,q,a,cx_stage2,,"[[[20, 365], [32, 365]], [], [true, true]]",
8305,q,a,cx_stage3,,"[[[20, 365], [32, 365]], [], [true, true]]",
8306,q,a,cx_stage1,,"[[[20, 368], [33, 368]], [], [true, true]]",
8307,q,a,cx_stage2,,"[[[20, 368], [33, 368]], [], [true, true]]",
8308,q,a,cx_stage3,,"[[[20, 368], [33, 368]], [], [true, true]]",
8309,q,a,cx_stage1,,"[[[20, 372], [33, 372]], [], [true, true]]",
8310,q,a,cx_stage2,,"[[[20, 372], [33, 372]], [], [true, true]]",
8311,q,a,cx_stage3,,"[[[20, 372], [33, 372]], [], [true, true]]",
8312,q,a,cx_stage1,,"[[[20, 375], [34, 375]], [], [true, true]]",
8313,q,a,cx_stage2,,"[[[20, 375], [34, 375]], [], [true, true]]",
8314,q,a,cx_stage3,,"[[[20, 375], [34, 375]], [], [true, true]]",
8315,q,a,cx_stage1,,"[[[20, 379], [34, 379]], [], [true, true]]",
8316,q,a,cx_stage2,,"[[[20, 379], [34, 379]], [], [true, true]]",
8317,q,a,cx_stage3,,"[[[20, 379], [34, 379]], [], [true, true]]",
8318,q,a,cx_stage1,,"[[[20, 382], [35, 382]], [], [true, true]]",
8319,q,a,cx_stage2,,"[[[20, 382], [35, 382]], [], [true, true]]",
8320,q,a,cx_stage3,,"[[[20, 382], [35, 382]], [], [true, true]]",
8321,q,a,cx_stage1,,"[[[20, 386], [35, 386]], [], [true, true]]",
8322,q,a,cx_stage2,,"[[[20, 386], [35, 386]], [], [true, true]]",
8323,q,a,cx_stage3,,"[[[20, 386], [35, 386]], [], [true, true]]",
8324,q,a,cx_stage1,,"[[[20, 389], [36, 389]], [], [true, true]]",
8325,q,a,cx_stage2,,"[[[20, 389], [36, 389]], [], [true, true]]",
8326,q,a,cx_stage3,,"[[[20, 389], [36, 389]], [], [true, true]]",
8327,q,a,cx_stage1,,"[[[20, 393], [36, 393]], [], [true, true]]",
8328,q,a,cx_stage2,,"[[[20, 393], [36, 393]], [], [true, true]]",
8329,q,a,cx_stage3,,"[[[20, 393], [36, 393]], [], [true, true]]",
8330,q,a,cx_stage1,,"[[[20, 396], [37, 396]], [], [true, true]]",
8331,q,a,cx_stage2,,"[[[20, 396], [37, 396]], [], [true, true]]",
8332,q,a,cx_stage3,,"[[[20, 396], [37, 396]], [], [true, true]]",
8333,q,a,cx_stage1,,"[[[20, 400], [37, 400]], [], [true, true]]",
8334,q,a,cx_stage2,,"[[[20, 400], [37, 400]], [], [true, true]]",
8335,q,a,cx_stage3,,"[[[20, 400], [37, 400]], [], [true, true]]",
8336,q,a,cx_stage1,,"[[[20, 403], [38, 403]], [], [true, true]]",
8337,q,a,cx_stage2,,"[[[20, 403], [38, 403]], [], [true, true]]",
8338,q,a,cx_stage3,,"[[[20, 403], [38, 403]], [], [true, true]]",
8339,q,a,cx_stage1,,"[[[20, 407], [38, 407]], [], [true, true]]",
8340,q,a,cx_stage2,,"[[[20, 407], [38, 407]], [], [true, true]]",
8341,q,a,cx_stage3,,"[[[20, 407], [38, 407]], [], [true, true]]",
8342,q,a,cx_stage1,,"[[[20, 410], [39, 410]], [], [true, true]]",
8343,q,a,cx_stage2,,"[[[20, 410], [39, 410]], [], [true, true]]",
8344,q,a,cx_stage3,,"[[[20, 410], [39, 410]], [], [true, true]]",
8345,q,a,cx_stage1,,"[[[20, 414], [39, 414]], [], [true, true]]",
8346,q,a,cx_stage2,,"[[[20, 414], [39, 414]], [], [true, true]]",
8347,q,a,cx_stage3,,"[[[20, 414], [39, 414]], [], [true, true]]",
8348,q,a,cx_stage1,,"[[[20, 417], [40, 417]], [], [true, true]]",
8349,q,a,cx_stage2,,"[[[20, 417], [40, 417]], [], [true, true]]",
8350,q,a,cx_stage3,,"[[[20, 417], [40, 417]], [], [true, true]]",
8351,q,a,cx_stage1,,"[[[20, 421], [40, 421]], [], [true, true]]",
8352,q,a,cx_stage2,,"[[[20, 421], [40, 421]], [], [true, true]]",
8353,q,a,cx_stage3,,"[[[20, 421], [40, 421]], [], [true, true]]",
8354,q,a,cx_stage1,,"[[[20, 424], [41, 424]], [], [true, true]]",
8355,q,a,cx_stage2,,"[[[20, 424], [41, 424]], [], [true, true]]",
8356,q,a,cx_stage3,,"[[[20, 424], [41, 424]], [], [true, true]]",
8357,q,a,cx_stage1,,"[[[20, 428], [41, 428]], [], [true, true]]",
8358,q,a,cx_stage2,,"[[[20, 428], [41, 428]], [], [true, true]]",
8359,q,a,cx_stage3,,"[[[20, 428], [41, 428]], [], [true, true]]",
8360,q,a,cx_stage1,,"[[[20, 431], [42, 431]], [], [true, true]]",
8361,q,a,cx_stage2,,"[[[20, 431], [42, 431]], [], [true, true]]",
8362,q,a,cx_stage3,,"[[[20, 431], [42, 431]], [], [true, true]]",
8363,q,a,cx_stage1,,"[[[20, 435], [42, 435]], [], [true, true]]",
8364,q,a,cx_stage2,,"[[[20, 435], [42, 435]], [], [true, true]]",
8365,q,a,cx_stage3,,"[[[20, 435], [42, 435]], [], [true, true]]",
8366,q,a,cx_stage1,,"[[[20, 438], [43, 438]], [], [true, true]]",
8367,q,a,cx_stage2,,"[[[20, 438], [43, 438]], [], [true, true]]",
8368,q,a,cx_stage3,,"[[[20, 438], [43, 438]], [], [true, true]]",
8369,q,a,cx_stage1,,"[[[20, 442], [43, 442]], [], [true, true]]",
8370,q,a,cx_stage2,,"[[[20, 442], [43, 442]], [], [true, true]]",
8371,q,a,cx_stage3,,"[[[20, 442], [43, 442]], [], [true, true]]",
8372,q,a,cx_stage1,,"[[[20, 445], [44, 445]], [], [true, true]]",
8373,q,a,cx_stage2,,"[[[20, 445], [44, 445]], [], [true, true]]",
8374,q,a,cx_stage3,,"[[[20, 445], [44, 445]], [], [true, true]]",
8375,q,a,cx_stage1,,"[[[20, 449], [44, 449]], [], [true, true]]",
8376,q,a,cx_stage2,,"[[[20, 449], [44, 449]], [], [true, true]]",
8377,q,a,cx_stage3,,"[[[20, 449], [44, 449]], [], [true, true]]",
8378,q,a,cx_stage1,,"[[[20, 452], [45, 452]], [], [true, true]]",
8379,q,a,cx_stage2,,"[[[20, 452], [45, 452]], [], [true, true]]",
8380,q,a,cx_stage3,,"[[[20, 452], [45, 452]], [], [true, true]]",
8381,q,a,cx_stage1,,"[[[20, 456], [45, 456]], [], [true, true]]",
8382,q,a,cx_stage2,,"[[[20, 456], [45, 456]], [], [true, true]]",
8383,q,a,cx_stage3,,"[[[20, 456], [45, 456]], [], [true, true]]",
8384,q,a,cx_stage1,,"[[[20, 459], [46, 459]], [], [true, true]]",
8385,q,a,cx_stage2,,"[[[20, 459], [46, 459]], [], [true, true]]",
8386,q,a,cx_stage3,,"[[[20, 459], [46, 459]], [], [true, true]]",
8387,q,a,cx_stage1,,"[[[20, 463], [46, 463]], [], [true, true]]",
8388,q,a,cx_stage2,,"[[[20, 463], [46, 463]], [], [true, true]]",
8389,q,a,cx_stage3,,"[[[20, 463], [46, 463]], [], [true, true]]",
8390,q,a,cx_stage1,,"[[[20, 466], [47, 466]], [], [true, true]]",
8391,q,a,cx_stage2,,"[[[20, 466], [47, 466]], [], [true, true]]",
8392,q,a,cx_stage3,,"[[[20, 466], [47, 466]], [], [true, true]]",
8393,q,a,cx_stage1,,"[[[20, 470], [47, 470]], [], [true, true]]",
8394,q,a,cx_stage2,,"[[[20, 470], [47, 470]], [], [true, true]]",
8395,q,a,cx_stage3,,"[[[20, 470], [47, 470]], [], [true, true]]",
8396,q,a,cx_stage1,,"[[[20, 473], [48, 473]], [], [true, true]]",
8397,q,a,cx_stage2,,"[[[20, 473], [48, 473]], [], [true, true]]",
8398,q,a,cx_stage3,,"[[[20, 473], [48, 473]], [], [true, true]]",
8399,q,a,cx_stage1,,"[[[20, 477], [48, 477]], [], [true, true]]",
8400,q,a,cx_stage2,,"[[[20, 477], [48, 477]], [], [true, true]]",
8401,q,a,cx_stage3,,"[[[20, 477], [48, 477]], [], [true, true]]",
8402,q,a,cx_stage1,,"[[[20, 480], [49, 480]], [], [true, true]]",
8403,q,a,cx_stage2,,"[[[20, 480], [49, 480]], [], [true, true]]",
8404,q,a,cx_stage3,,"[[[20, 480], [49, 480]], [], [true, true]]",
8405,q,a,cx_stage1,,"[[[20, 484], [49, 484]], [], [true, true]]",
8406,q,a,cx_stage2,,"[[[20, 484], [49, 484]], [], [true, true]]",
8407,q,a,cx_stage3,,"[[[20, 484], [49, 484]], [], [true, true]]",
8408,q,a,cx_stage1,,"[[[20, 487], [50, 487]], [], [true, true]]",
8409,q,a,cx_stage2,,"[[[20, 487], [50, 487]], [], [true, true]]",
8410,q,a,cx_stage3,,"[[[20, 487], [50, 487]], [], [true, true]]",
8411,q,a,cx_stage1,,"[[[20, 491], [50, 491]], [], [true, true]]",
8412,q,a,cx_stage2,,"[[[20, 491], [50, 491]], [], [true, true]]",
8413,q,a,cx_stage3,,"[[[20, 491], [50, 491]], [], [true, true]]",
8414,q,a,cx_stage1,,"[[[20, 494], [51, 494]], [], [true, true]]",
8415,q,a,cx_stage2,,"[[[20, 494], [51, 494]], [], [true, true]]",
8416,q,a,cx_stage3,,"[[[20, 494], [51, 494]], [], [true, true]]",
8417,q,a,cx_stage1,,"[[[20, 498], [51, 498]], [], [true, true]]",
8418,q,a,cx_stage2,,"[[[20, 498], [51, 498]], [], [true, true]]",
8419,q,a,cx_stage3,,"[[[20, 498], [51, 498]], [], [true, true]]",
8420,q,a,cx_stage1,,"[[[20, 501], [52, 501]], [], [true, true]]",
8421,q,a,cx_stage2,,"[[[20, 501], [52, 501]], [], [true, true]]",
8422,q,a,cx_stage3,,"[[[20, 501], [52, 501]], [], [true, true]]",
8423,q,a,cx_stage1,,"[[[20, 505], [52, 505]], [], [true, true]]",
8424,q,a,cx_stage2,,"[[[20, 505], [52, 505]], [], [true, true]]",
8425,q,a,cx_stage3,,"[[[20, 505], [52, 505]], [], [true, true]]",
8426,q,a,cx_stage1,,"[[[20, 508], [53, 508]], [], [true, true]]",
8427,q,a,cx_stage2,,"[[[20, 508], [53, 508]], [], [true, true]]",
8428,q,a,cx_stage3,,"[[[20, 508], [53, 508]], [], [true, true]]",
8429,q,a,cx_stage1,,"[[[20, 512], [53, 512]], [], [true, true]]",
8430,q,a,cx_stage2,,"[[[20, 512], [53, 512]], [], [true, true]]",
8431,q,a,cx_stage3,,"[[[20, 512], [53, 512]], [], [true, true]]",
8432,q,a,cx_stage1,,"[[[20, 515], [54, 515]], [], [true, true]]",
8433,q,a,cx_stage2,,"[[[20, 515], [54, 515]], [], [true, true]]",
8434,q,a,cx_stage3,,"[[[20, 515], [54, 515]], [], [true, true]]",
8435,q,a,cx_stage1,,"[[[20, 519], [54, 519]], [], [true, true]]",
8436,q,a,cx_stage2,,"[[[20, 519], [54, 519]], [], [true, true]]",
8437,q,a,cx_stage3,,"[[[20, 519], [54, 519]], [], [true, true]]",
8438,q,a,cx_stage1,,"[[[20, 522], [55, 522]], [], [true, true]]",
8439,q,a,cx_stage2,,"[[[20, 522], [55, 522]], [], [true, true]]",
8440,q,a,cx_stage3,,"[[[20, 522], [55, 522]], [], [true, true]]",
8441,q,a,cx_stage1,,"[[[20, 526], [55, 526]], [], [true, true]]",
8442,q,a,cx_stage2,,"[[[20, 526], [55, 526]], [], [true, true]]",
8443,q,a,cx_stage3,,"[[[20, 526], [55, 526]], [], [true, true]]",
8444,q,a,u2,,"[[[20, 527]], [], [true]]",
8445,q,a,cx_stage1,,"[[[0, 530], [20, 530]], [], [true, true]]",
8446,q,a,cx_stage3,,"[[[0, 530], [20, 530]], [], [true, true]]",
8447,q,a,p,,"[[[20, 531]], [], [true]]",
8448,q,a,cx_stage1,,"[[[0, 534], [20, 534]], [], [true, true]]",
8449,q,a,cx_stage3,,"[[[0, 534], [20, 534]], [], [true, true]]",
8450,q,a,cx_stage1,,"[[[1, 537], [20, 537]], [], [true, true]]",
8451,q,a,cx_stage3,,"[[[1, 537], [20, 537]], [], [true, true]]",
8452,q,a,p,,"[[[20, 538]], [], [true]]",
8453,q,a,cx_stage1,,"[[[1, 541], [20, 541]], [], [true, true]]",
8454,q,a,cx_stage3,,"[[[1, 541], [20, 541]], [], [true, true]]",
8455,q,a,cx_stage1,,"[[[2, 544], [20, 544]], [], [true, true]]",
8456,q,a,cx_stage2,,"[[[2, 544], [20, 544]], [], [true, true]]",
8457,q,a,cx_stage3,,"[[[2, 544], [20, 544]], [], [true, true]]",
8458,q,a,p,,"[[[20, 545]], [], [true]]",
8459,q,a,cx_stage1,,"[[[2, 548], [20, 548]], [], [true, true]]",
8460,q,a,cx_stage2,,"[[[2, 548], [20, 548]], [], [true, true]]",
8461,q,a,cx_stage3,,"[[[2, 548], [20, 548]], [], [true, true]]",
8462,q,a,cx_stage1,,"[[[3, 551], [20, 551]], [], [true, true]]",
8463,q,a,cx_stage2,,"[[[3, 551], [20, 551]], [], [true, true]]",
8464,q,a,cx_stage3,,"[[[3, 551], [20, 551]], [], [true, true]]",
8465,q,a,p,,"[[[20, 552]], [], [true]]",
8466,q,a,cx_stage1,,"[[[3, 555], [20, 555]], [], [true, true]]",
8467,q,a,cx_stage2,,"[[[3, 555], [20, 555]], [], [true, true]]",
8468,q,a,cx_stage3,,"[[[3, 555], [20, 555]], [], [true, true]]",
8469,q,a,cx_stage1,,"[[[4, 558], [20, 558]], [], [true, true]]",
8470,q,a,cx_stage2,,"[[[4, 558], [20, 558]], [], [true, true]]",
8471,q,a,cx_stage3,,"[[[4, 558], [20, 558]], [], [true, true]]",
8472,q,a,p,,"[[[20, 559]], [], [true]]",
8473,q,a,cx_stage1,,"[[[4, 562], [20, 562]], [], [true, true]]",
8474,q,a,cx_stage2,,"[[[4, 562], [20, 562]], [], [true, true]]",
8475,q,a,cx_stage3,,"[[[4, 562], [20, 562]], [], [true, true]]",
8476,q,a,cx_stage1,,"[[[5, 565], [20, 565]], [], [true, true]]",
8477,q,a,cx_stage2,,"[[[5, 565], [20, 565]], [], [true, true]]",
8478,q,a,cx_stage3,,"[[[5, 565], [20, 565]], [], [true, true]]",
8479,q,a,p,,"[[[20, 566]], [], [true]]",
8480,q,a,cx_stage1,,"[[[5, 569], [20, 569]], [], [true, true]]",
8481,q,a,cx_stage2,,"[[[5, 569], [20, 569]], [], [true, true]]",
8482,q,a,cx_stage3,,"[[[5, 569], [20, 569]], [], [true, true]]",
8483,q,a,cx_stage1,,"[[[6, 572], [20, 572]], [], [true, true]]",
8484,q,a,cx_stage2,,"[[[6, 572], [20, 572]], [], [true, true]]",
8485,q,a,cx_stage3,,"[[[6, 572], [20, 572]], [], [true, true]]",
8486,q,a,p,,"[[[20, 573]], [], [true]]",
8487,q,a,cx_stage1,,"[[[6, 576], [20, 576]], [], [true, true]]",
8488,q,a,cx_stage2,,"[[[6, 576], [20, 576]], [], [true, true]]",
8489,q,a,cx_stage3,,"[[[6, 576], [20, 576]], [], [true, true]]",
8490,q,a,cx_stage1,,"[[[7, 579], [20, 579]], [], [true, true]]",
8491,q,a,cx_stage2,,"[[[7, 579], [20, 579]], [], [true, true]]",
8492,q,a,cx_stage3,,"[[[7, 579], [20, 579]], [], [true, true]]",
8493,q,a,p,,"[[[20, 580]], [], [true]]",
8494,q,a,cx_stage1,,"[[[7, 583], [20, 583]], [], [true, true]]",
8495,q,a,cx_stage2,,"[[[7, 583], [20, 583]], [], [true, true]]",
8496,q,a,cx_stage3,,"[[[7, 583], [20, 583]], [], [true, true]]",
8497,q,a,cx_stage1,,"[[[8, 586], [20, 586]], [], [true, true]]",
8498,q,a,cx_stage2,,"[[[8, 586], [20, 586]], [], [true, true]]",
8499,q,a,cx_stage3,,"[[[8, 586], [20, 586]], [], [true, true]]",
8500,q,a,p,,"[[[20, 587]], [], [true]]",
8501,q,a,cx_stage1,,"[[[8, 590], [20, 590]], [], [true, true]]",
8502,q,a,cx_stage2,,"[[[8, 590], [20, 590]], [], [true, true]]",
8503,q,a,cx_stage3,,"[[[8, 590], [20, 590]], [], [true, true]]",
8504,q,a,cx_stage1,,"[[[9, 593], [20, 593]], [], [true, true]]",
8505,q,a,cx_stage2,,"[[[9, 593], [20, 593]], [], [true, true]]",
8506,q,a,cx_stage3,,"[[[9, 593], [20, 593]], [], [true, true]]",
8507,q,a,p,,"[[[20, 594]], [], [true]]",
8508,q,a,cx_stage1,,"[[[9, 597], [20, 597]], [], [true, true]]",
8509,q,a,cx_stage2,,"[[[9, 597], [20, 597]], [], [true, true]]",
8510,q,a,cx_stage3,,"[[[9, 597], [20, 597]], [], [true, true]]",
8511,q,a,cx_stage1,,"[[[10, 600], [20, 600]], [], [true, true]]",
8512,q,a,cx_stage3,,"[[[10, 600], [20, 600]], [], [true, true]]",
8513,q,a,p,,"[[[20, 601]], [], [true]]",
8514,q,a,cx_stage1,,"[[[10, 604], [20, 604]], [], [true, true]]",
8515,q,a,cx_stage3,,"[[[10, 604], [20, 604]], [], [true, true]]",
8516,q,a,cx_stage1,,"[[[11, 607], [20, 607]], [], [true, true]]",
8517,q,a,cx_stage3,,"[[[11, 607], [20, 607]], [], [true, true]]",
8518,q,a,p,,"[[[20, 608]], [], [true]]",
8519,q,a,cx_stage1,,"[[[11, 611], [20, 611]], [], [true, true]]",
8520,q,a,cx_stage3,,"[[[11, 611], [20, 611]], [], [true, true]]",
8521,q,a,cx_stage1,,"[[[12, 614], [20, 614]], [], [true, true]]",
8522,q,a,cx_stage3,,"[[[12, 614], [20, 614]], [], [true, true]]",
8523,q,a,p,,"[[[20, 615]], [], [true]]",
8524,q,a,cx_stage1,,"[[[12, 618], [20, 618]], [], [true, true]]",
8525,q,a,cx_stage3,,"[[[12, 618], [20, 618]], [], [true, true]]",
8526,q,a,cx_stage1,,"[[[13, 621], [20, 621]], [], [true, true]]",
8527,q,a,cx_stage3,,"[[[13, 621], [20, 621]], [], [true, true]]",
8528,q,a,p,,"[[[20, 622]], [], [true]]",
8529,q,a,cx_stage1,,"[[[13, 625], [20, 625]], [], [true, true]]",
8530,q,a,cx_stage3,,"[[[13, 625], [20, 625]], [], [true, true]]",
8531,q,a,cx_stage1,,"[[[14, 628], [20, 628]], [], [true, true]]",
8532,q,a,cx_stage3,,"[[[14, 628], [20, 628]], [], [true, true]]",
8533,q,a,p,,"[[[20, 629]], [], [true]]",
8534,q,a,cx_stage1,,"[[[14, 632], [20, 632]], [], [true, true]]",
8535,q,a,cx_stage3,,"[[[14, 632], [20, 632]], [], [true, true]]",
8536,q,a,cx_stage1,,"[[[15, 635], [20, 635]], [], [true, true]]",
8537,q,a,cx_stage3,,"[[[15, 635], [20, 635]], [], [true, true]]",
8538,q,a,p,,"[[[20, 636]], [], [true]]",
8539,q,a,cx_stage1,,"[[[15, 639], [20, 639]], [], [true, true]]",
8540,q,a,cx_stage3,,"[[[15, 639], [20, 639]], [], [true, true]]",
8541,q,a,cx_stage1,,"[[[16, 642], [20, 642]], [], [true, true]]",
8542,q,a,cx_stage3,,"[[[16, 642], [20, 642]], [], [true, true]]",
8543,q,a,p,,"[[[20, 643]], [], [true]]",
8544,q,a,cx_stage1,,"[[[16, 646], [20, 646]], [], [true, true]]",
8545,q,a,cx_stage3,,"[[[16, 646], [20, 646]], [], [true, true]]",
8546,q,a,cx_stage1,,"[[[17, 649], [20, 649]], [], [true, true]]",
8547,q,a,cx_stage3,,"[[[17, 649], [20, 649]], [], [true, true]]",
8548,q,a,p,,"[[[20, 650]], [], [true]]",
8549,q,a,cx_stage1,,"[[[17, 653], [20, 653]], [], [true, true]]",
8550,q,a,cx_stage3,,"[[[17, 653], [20, 653]], [], [true, true]]",
8551,q,a,cx_stage1,,"[[[18, 656], [20, 656]], [], [true, true]]",
8552,q,a,cx_stage3,,"[[[18, 656], [20, 656]], [], [true, true]]",
8553,q,a,p,,"[[[20, 657]], [], [true]]",
8554,q,a,cx_stage1,,"[[[18, 660], [20, 660]], [], [true, true]]",
8555,q,a,cx_stage3,,"[[[18, 660], [20, 660]], [], [true, true]]",
8556,q,a,cx_stage1,,"[[[19, 663], [20, 663]], [], [true, true]]",
8557,q,a,cx_stage3,,"[[[19, 663], [20, 663]], [], [true, true]]",
8558,q,a,p,,"[[[20, 664]], [], [true]]",
8559,q,a,cx_stage1,,"[[[19, 667], [20, 667]], [], [true, true]]",
8560,q,a,cx_stage3,,"[[[19, 667], [20, 667]], [], [true, true]]",
8561,q,a,cx_stage1,,"[[[20, 677], [21, 677]], [], [true, true]]",
8562,q,a,cx_stage2,,"[[[20, 677], [21, 677]], [], [true, true]]",
8563,q,a,cx_stage3,,"[[[20, 677], [21, 677]], [], [true, true]]",
8564,q,a,cx_stage1,,"[[[20, 681], [21, 681]], [], [true, true]]",
8565,q,a,cx_stage2,,"[[[20, 681], [21, 681]], [], [true, true]]",
8566,q,a,cx_stage3,,"[[[20, 681], [21, 681]], [], [true, true]]",
8567,q,a,cx_stage1,,"[[[20, 684], [22, 684]], [], [true, true]]",
8568,q,a,cx_stage2,,"[[[20, 684], [22, 684]], [], [true, true]]",
8569,q,a,cx_stage3,,"[[[20, 684], [22, 684]], [], [true, true]]",
8570,q,a,cx_stage1,,"[[[20, 688], [22, 688]], [], [true, true]]",
8571,q,a,cx_stage2,,"[[[20, 688], [22, 688]], [], [true, true]]",
8572,q,a,cx_stage3,,"[[[20, 688], [22, 688]], [], [true, true]]",
8573,q,a,cx_stage1,,"[[[20, 691], [23, 691]], [], [true, true]]",
8574,q,a,cx_stage2,,"[[[20, 691], [23, 691]], [], [true, true]]",
8575,q,a,cx_stage3,,"[[[20, 691], [23, 691]], [], [true, true]]",
8576,q,a,cx_stage1,,"[[[20, 695], [23, 695]], [], [true, true]]",
8577,q,a,cx_stage2,,"[[[20, 695], [23, 695]], [], [true, true]]",
8578,q,a,cx_stage3,,"[[[20, 695], [23, 695]], [], [true, true]]",
8579,q,a,cx_stage1,,"[[[20, 698], [24, 698]], [], [true, true]]",
8580,q,a,cx_stage2,,"[[[20, 698], [24, 698]], [], [true, true]]",
8581,q,a,cx_stage3,,"[[[20, 698], [24, 698]], [], [true, true]]",
8582,q,a,cx_stage1,,"[[[20, 702], [24, 702]], [], [true, true]]",
8583,q,a,cx_stage2,,"[[[20, 702], [24, 702]], [], [true, true]]",
8584,q,a,cx_stage3,,"[[[20, 702], [24, 702]], [], [true, true]]",
8585,q,a,cx_stage1,,"[[[20, 705], [25, 705]], [], [true, true]]",
8586,q,a,cx_stage2,,"[[[20, 705], [25, 705]], [], [true, true]]",
8587,q,a,cx_stage3,,"[[[20, 705], [25, 705]], [], [true, true]]",
8588,q,a,cx_stage1,,"[[[20, 709], [25, 709]], [], [true, true]]",
8589,q,a,cx_stage2,,"[[[20, 709], [25, 709]], [], [true, true]]",
8590,q,a,cx_stage3,,"[[[20, 709], [25, 709]], [], [true, true]]",
8591,q,a,cx_stage1,,"[[[20, 712], [26, 712]], [], [true, true]]",
8592,q,a,cx_stage2,,"[[[20, 712], [26, 712]], [], [true, true]]",
8593,q,a,cx_stage3,,"[[[20, 712], [26, 712]], [], [true, true]]",
8594,q,a,cx_stage1,,"[[[20, 716], [26, 716]], [], [true, true]]",
8595,q,a,cx_stage2,,"[[[20, 716], [26, 716]], [], [true, true]]",
8596,q,a,cx_stage3,,"[[[20, 716], [26, 716]], [], [true, true]]",
8597,q,a,cx_stage1,,"[[[20, 719], [27, 719]], [], [true, true]]",
8598,q,a,cx_stage2,,"[[[20, 719], [27, 719]], [], [true, true]]",
8599,q,a,cx_stage3,,"[[[20, 719], [27, 719]], [], [true, true]]",
8600,q,a,cx_stage1,,"[[[20, 723], [27, 723]], [], [true, true]]",
8601,q,a,cx_stage2,,"[[[20, 723], [27, 723]], [], [true, true]]",
8602,q,a,cx_stage3,,"[[[20, 723], [27, 723]], [], [true, true]]",
8603,q,a,cx_stage1,,"[[[20, 726], [28, 726]], [], [true, true]]",
8604,q,a,cx_stage2,,"[[[20, 726], [28, 726]], [], [true, true]]",
8605,q,a,cx_stage3,,"[[[20, 726], [28, 726]], [], [true, true]]",
8606,q,a,cx_stage1,,"[[[20, 730], [28, 730]], [], [true, true]]",
8607,q,a,cx_stage2,,"[[[20, 730], [28, 730]], [], [true, true]]",
8608,q,a,cx_stage3,,"[[[20, 730], [28, 730]], [], [true, true]]",
8609,q,a,cx_stage1,,"[[[20, 733], [29, 733]], [], [true, true]]",
8610,q,a,cx_stage2,,"[[[20, 733], [29, 733]], [], [true, true]]",
8611,q,a,cx_stage3,,"[[[20, 733], [29, 733]], [], [true, true]]",
8612,q,a,cx_stage1,,"[[[20, 737], [29, 737]], [], [true, true]]",
8613,q,a,cx_stage2,,"[[[20, 737], [29, 737]], [], [true, true]]",
8614,q,a,cx_stage3,,"[[[20, 737], [29, 737]], [], [true, true]]",
8615,q,a,cx_stage1,,"[[[20, 740], [30, 740]], [], [true, true]]",
8616,q,a,cx_stage2,,"[[[20, 740], [30, 740]], [], [true, true]]",
8617,q,a,cx_stage3,,"[[[20, 740], [30, 740]], [], [true, true]]",
8618,q,a,cx_stage1,,"[[[20, 744], [30, 744]], [], [true, true]]",
8619,q,a,cx_stage2,,"[[[20, 744], [30, 744]], [], [true, true]]",
8620,q,a,cx_stage3,,"[[[20, 744], [30, 744]], [], [true, true]]",
8621,q,a,cx_stage1,,"[[[20, 747], [31, 747]], [], [true, true]]",
8622,q,a,cx_stage2,,"[[[20, 747], [31, 747]], [], [true, true]]",
8623,q,a,cx_stage3,,"[[[20, 747], [31, 747]], [], [true, true]]",
8624,q,a,cx_stage1,,"[[[20, 751], [31, 751]], [], [true, true]]",
8625,q,a,cx_stage2,,"[[[20, 751], [31, 751]], [], [true, true]]",
8626,q,a,cx_stage3,,"[[[20, 751], [31, 751]], [], [true, true]]",
8627,q,a,cx_stage1,,"[[[20, 754], [32, 754]], [], [true, true]]",
8628,q,a,cx_stage2,,"[[[20, 754], [32, 754]], [], [true, true]]",
8629,q,a,cx_stage3,,"[[[20, 754], [32, 754]], [], [true, true]]",
8630,q,a,cx_stage1,,"[[[20, 758], [32, 758]], [], [true, true]]",
8631,q,a,cx_stage2,,"[[[20, 758], [32, 758]], [], [true, true]]",
8632,q,a,cx_stage3,,"[[[20, 758], [32, 758]], [], [true, true]]",
8633,q,a,cx_stage1,,"[[[20, 761], [33, 761]], [], [true, true]]",
8634,q,a,cx_stage2,,"[[[20, 761], [33, 761]], [], [true, true]]",
8635,q,a,cx_stage3,,"[[[20, 761], [33, 761]], [], [true, true]]",
8636,q,a,cx_stage1,,"[[[20, 765], [33, 765]], [], [true, true]]",
8637,q,a,cx_stage2,,"[[[20, 765], [33, 765]], [], [true, true]]",
8638,q,a,cx_stage3,,"[[[20, 765], [33, 765]], [], [true, true]]",
8639,q,a,cx_stage1,,"[[[20, 768], [34, 768]], [], [true, true]]",
8640,q,a,cx_stage2,,"[[[20, 768], [34, 768]], [], [true, true]]",
8641,q,a,cx_stage3,,"[[[20, 768], [34, 768]], [], [true, true]]",
8642,q,a,cx_stage1,,"[[[20, 772], [34, 772]], [], [true, true]]",
8643,q,a,cx_stage2,,"[[[20, 772], [34, 772]], [], [true, true]]",
8644,q,a,cx_stage3,,"[[[20, 772], [34, 772]], [], [true, true]]",
8645,q,a,cx_stage1,,"[[[20, 775], [35, 775]], [], [true, true]]",
8646,q,a,cx_stage2,,"[[[20, 775], [35, 775]], [], [true, true]]",
8647,q,a,cx_stage3,,"[[[20, 775], [35, 775]], [], [true, true]]",
8648,q,a,cx_stage1,,"[[[20, 779], [35, 779]], [], [true, true]]",
8649,q,a,cx_stage2,,"[[[20, 779], [35, 779]], [], [true, true]]",
8650,q,a,cx_stage3,,"[[[20, 779], [35, 779]], [], [true, true]]",
8651,q,a,cx_stage1,,"[[[20, 782], [36, 782]], [], [true, true]]",
8652,q,a,cx_stage2,,"[[[20, 782], [36, 782]], [], [true, true]]",
8653,q,a,cx_stage3,,"[[[20, 782], [36, 782]], [], [true, true]]",
8654,q,a,cx_stage1,,"[[[20, 786], [36, 786]], [], [true, true]]",
8655,q,a,cx_stage2,,"[[[20, 786], [36, 786]], [], [true, true]]",
8656,q,a,cx_stage3,,"[[[20, 786], [36, 786]], [], [true, true]]",
8657,q,a,cx_stage1,,"[[[20, 789], [37, 789]], [], [true, true]]",
8658,q,a,cx_stage2,,"[[[20, 789], [37, 789]], [], [true, true]]",
8659,q,a,cx_stage3,,"[[[20, 789], [37, 789]], [], [true, true]]",
8660,q,a,cx_stage1,,"[[[20, 793], [37, 793]], [], [true, true]]",
8661,q,a,cx_stage2,,"[[[20, 793], [37, 793]], [], [true, true]]",
8662,q,a,cx_stage3,,"[[[20, 793], [37, 793]], [], [true, true]]",
8663,q,a,cx_stage1,,"[[[20, 796], [38, 796]], [], [true, true]]",
8664,q,a,cx_stage2,,"[[[20, 796], [38, 796]], [], [true, true]]",
8665,q,a,cx_stage3,,"[[[20, 796], [38, 796]], [], [true, true]]",
8666,q,a,cx_stage1,,"[[[20, 800], [38, 800]], [], [true, true]]",
8667,q,a,cx_stage2,,"[[[20, 800], [38, 800]], [], [true, true]]",
8668,q,a,cx_stage3,,"[[[20, 800], [38, 800]], [], [true, true]]",
8669,q,a,cx_stage1,,"[[[20, 803], [39, 803]], [], [true, true]]",
8670,q,a,cx_stage2,,"[[[20, 803], [39, 803]], [], [true, true]]",
8671,q,a,cx_stage3,,"[[[20, 803], [39, 803]], [], [true, true]]",
8672,q,a,cx_stage1,,"[[[20, 807], [39, 807]], [], [true, true]]",
8673,q,a,cx_stage2,,"[[[20, 807], [39, 807]], [], [true, true]]",
8674,q,a,cx_stage3,,"[[[20, 807], [39, 807]], [], [true, true]]",
8675,q,a,cx_stage1,,"[[[20, 810], [40, 810]], [], [true, true]]",
8676,q,a,cx_stage2,,"[[[20, 810], [40, 810]], [], [true, true]]",
8677,q,a,cx_stage3,,"[[[20, 810], [40, 810]], [], [true, true]]",
8678,q,a,cx_stage1,,"[[[20, 814], [40, 814]], [], [true, true]]",
8679,q,a,cx_stage2,,"[[[20, 814], [40, 814]], [], [true, true]]",
8680,q,a,cx_stage3,,"[[[20, 814], [40, 814]], [], [true, true]]",
8681,q,a,cx_stage1,,"[[[20, 817], [41, 817]], [], [true, true]]",
8682,q,a,cx_stage2,,"[[[20, 817], [41, 817]], [], [true, true]]",
8683,q,a,cx_stage3,,"[[[20, 817], [41, 817]], [], [true, true]]",
8684,q,a,cx_stage1,,"[[[20, 821], [41, 821]], [], [true, true]]",
8685,q,a,cx_stage2,,"[[[20, 821], [41, 821]], [], [true, true]]",
8686,q,a,cx_stage3,,"[[[20, 821], [41, 821]], [], [true, true]]",
8687,q,a,cx_stage1,,"[[[20, 824], [42, 824]], [], [true, true]]",
8688,q,a,cx_stage2,,"[[[20, 824], [42, 824]], [], [true, true]]",
8689,q,a,cx_stage3,,"[[[20, 824], [42, 824]], [], [true, true]]",
8690,q,a,cx_stage1,,"[[[20, 828], [42, 828]], [], [true, true]]",
8691,q,a,cx_stage2,,"[[[20, 828], [42, 828]], [], [true, true]]",
8692,q,a,cx_stage3,,"[[[20, 828], [42, 828]], [], [true, true]]",
8693,q,a,cx_stage1,,"[[[20, 831], [43, 831]], [], [true, true]]",
8694,q,a,cx_stage2,,"[[[20, 831], [43, 831]], [], [true, true]]",
8695,q,a,cx_stage3,,"[[[20, 831], [43, 831]], [], [true, true]]",
8696,q,a,cx_stage1,,"[[[20, 835], [43, 835]], [], [true, true]]",
8697,q,a,cx_stage2,,"[[[20, 835], [43, 835]], [], [true, true]]",
8698,q,a,cx_stage3,,"[[[20, 835], [43, 835]], [], [true, true]]",
8699,q,a,cx_stage1,,"[[[20, 838], [44, 838]], [], [true, true]]",
8700,q,a,cx_stage2,,"[[[20, 838], [44, 838]], [], [true, true]]",
8701,q,a,cx_stage3,,"[[[20, 838], [44, 838]], [], [true, true]]",
8702,q,a,cx_stage1,,"[[[20, 842], [44, 842]], [], [true, true]]",
8703,q,a,cx_stage2,,"[[[20, 842], [44, 842]], [], [true, true]]",
8704,q,a,cx_stage3,,"[[[20, 842], [44, 842]], [], [true, true]]",
8705,q,a,cx_stage1,,"[[[20, 845], [45, 845]], [], [true, true]]",
8706,q,a,cx_stage2,,"[[[20, 845], [45, 845]], [], [true, true]]",
8707,q,a,cx_stage3,,"[[[20, 845], [45, 845]], [], [true, true]]",
8708,q,a,cx_stage1,,"[[[20, 849], [45, 849]], [], [true, true]]",
8709,q,a,cx_stage2,,"[[[20, 849], [45, 849]], [], [true, true]]",
8710,q,a,cx_stage3,,"[[[20, 849], [45, 849]], [], [true, true]]",
8711,q,a,cx_stage1,,"[[[20, 852], [46, 852]], [], [true, true]]",
8712,q,a,cx_stage2,,"[[[20, 852], [46, 852]], [], [true, true]]",
8713,q,a,cx_stage3,,"[[[20, 852], [46, 852]], [], [true, true]]",
8714,q,a,cx_stage1,,"[[[20, 856], [46, 856]], [], [true, true]]",
8715,q,a,cx_stage2,,"[[[20, 856], [46, 856]], [], [true, true]]",
8716,q,a,cx_stage3,,"[[[20, 856], [46, 856]], [], [true, true]]",
8717,q,a,cx_stage1,,"[[[20, 859], [47, 859]], [], [true, true]]",
8718,q,a,cx_stage2,,"[[[20, 859], [47, 859]], [], [true, true]]",
8719,q,a,cx_stage3,,"[[[20, 859], [47, 859]], [], [true, true]]",
8720,q,a,cx_stage1,,"[[[20, 863], [47, 863]], [], [true, true]]",
8721,q,a,cx_stage2,,"[[[20, 863], [47, 863]], [], [true, true]]",
8722,q,a,cx_stage3,,"[[[20, 863], [47, 863]], [], [true, true]]",
8723,q,a,cx_stage1,,"[[[20, 866], [48, 866]], [], [true, true]]",
8724,q,a,cx_stage2,,"[[[20, 866], [48, 866]], [], [true, true]]",
8725,q,a,cx_stage3,,"[[[20, 866], [48, 866]], [], [true, true]]",
8726,q,a,cx_stage1,,"[[[20, 870], [48, 870]], [], [true, true]]",
8727,q,a,cx_stage2,,"[[[20, 870], [48, 870]], [], [true, true]]",
8728,q,a,cx_stage3,,"[[[20, 870], [48, 870]], [], [true, true]]",
8729,q,a,cx_stage1,,"[[[20, 873], [49, 873]], [], [true, true]]",
8730,q,a,cx_stage2,,"[[[20, 873], [49, 873]], [], [true, true]]",
8731,q,a,cx_stage3,,"[[[20, 873], [49, 873]], [], [true, true]]",
8732,q,a,cx_stage1,,"[[[20, 877], [49, 877]], [], [true, true]]",
8733,q,a,cx_stage2,,"[[[20, 877], [49, 877]], [], [true, true]]",
8734,q,a,cx_stage3,,"[[[20, 877], [49, 877]], [], [true, true]]",
8735,q,a,cx_stage1,,"[[[20, 880], [50, 880]], [], [true, true]]",
8736,q,a,cx_stage2,,"[[[20, 880], [50, 880]], [], [true, true]]",
8737,q,a,cx_stage3,,"[[[20, 880], [50, 880]], [], [true, true]]",
8738,q,a,cx_stage1,,"[[[20, 884], [50, 884]], [], [true, true]]",
8739,q,a,cx_stage2,,"[[[20, 884], [50, 884]], [], [true, true]]",
8740,q,a,cx_stage3,,"[[[20, 884], [50, 884]], [], [true, true]]",
8741,q,a,cx_stage1,,"[[[20, 887], [51, 887]], [], [true, true]]",
8742,q,a,cx_stage2,,"[[[20, 887], [51, 887]], [], [true, true]]",
8743,q,a,cx_stage3,,"[[[20, 887], [51, 887]], [], [true, true]]",
8744,q,a,cx_stage1,,"[[[20, 891], [51, 891]], [], [true, true]]",
8745,q,a,cx_stage2,,"[[[20, 891], [51, 891]], [], [true, true]]",
8746,q,a,cx_stage3,,"[[[20, 891], [51, 891]], [], [true, true]]",
8747,q,a,cx_stage1,,"[[[20, 894], [52, 894]], [], [true, true]]",
8748,q,a,cx_stage2,,"[[[20, 894], [52, 894]], [], [true, true]]",
8749,q,a,cx_stage3,,"[[[20, 894], [52, 894]], [], [true, true]]",
8750,q,a,cx_stage1,,"[[[20, 898], [52, 898]], [], [true, true]]",
8751,q,a,cx_stage2,,"[[[20, 898], [52, 898]], [], [true, true]]",
8752,q,a,cx_stage3,,"[[[20, 898], [52, 898]], [], [true, true]]",
8753,q,a,cx_stage1,,"[[[20, 901], [53, 901]], [], [true, true]]",
8754,q,a,cx_stage2,,"[[[20, 901], [53, 901]], [], [true, true]]",
8755,q,a,cx_stage3,,"[[[20, 901], [53, 901]], [], [true, true]]",
8756,q,a,cx_stage1,,"[[[20, 905], [53, 905]], [], [true, true]]",
8757,q,a,cx_stage2,,"[[[20, 905], [53, 905]], [], [true, true]]",
8758,q,a,cx_stage3,,"[[[20, 905], [53, 905]], [], [true, true]]",
8759,q,a,cx_stage1,,"[[[20, 908], [54, 908]], [], [true, true]]",
8760,q,a,cx_stage2,,"[[[20, 908], [54, 908]], [], [true, true]]",
8761,q,a,cx_stage3,,"[[[20, 908], [54, 908]], [], [true, true]]",
8762,q,a,cx_stage1,,"[[[20, 912], [54, 912]], [], [true, true]]",
8763,q,a,cx_stage2,,"[[[20, 912], [54, 912]], [], [true, true]]",
8764,q,a,cx_stage3,,"[[[20, 912], [54, 912]], [], [true, true]]",
8765,q,a,cx_stage1,,"[[[20, 915], [55, 915]], [], [true, true]]",
8766,q,a,cx_stage2,,"[[[20, 915], [55, 915]], [], [true, true]]",
8767,q,a,cx_stage3,,"[[[20, 915], [55, 915]], [], [true, true]]",
8768,q,a,cx_stage1,,"[[[20, 919], [55, 919]], [], [true, true]]",
8769,q,a,cx_stage2,,"[[[20, 919], [55, 919]], [], [true, true]]",
8770,q,a,cx_stage3,,"[[[20, 919], [55, 919]], [], [true, true]]",
8771,q,a,ry,,"[[[20, 920]], [], [true]]",
8772,q,a,u2,,"[[[21, 1]], [], [true]]",
8773,q,a,cx_stage1,,"[[[0, 144], [21, 144]], [], [true, true]]",
8774,q,a,cx_stage2,,"[[[21, 1260], [22, 1260]], [], [true, true]]",
8775,q,a,cx_stage1,,"[[[21, 1260], [22, 1260]], [], [true, true]]",
8776,q,a,cx_stage3,,"[[[21, 1260], [22, 1260]], [], [true, true]]",
8777,q,a,cx_stage1,,"[[[20, 1263], [21, 1263]], [], [true, true]]",
8778,q,a,cx_stage3,,"[[[20, 1263], [21, 1263]], [], [true, true]]",
8779,q,a,ry,,"[[[21, 1264]], [], [true]]",
8780,q,a,cx_stage3,,"[[[0, 144], [21, 144]], [], [true, true]]",
8781,q,a,p,,"[[[21, 145]], [], [true]]",
8782,q,a,cx_stage1,,"[[[0, 148], [21, 148]], [], [true, true]]",
8783,q,a,cx_stage3,,"[[[0, 148], [21, 148]], [], [true, true]]",
8784,q,a,cx_stage1,,"[[[1, 151], [21, 151]], [], [true, true]]",
8785,q,a,cx_stage3,,"[[[1, 151], [21, 151]], [], [true, true]]",
8786,q,a,p,,"[[[21, 152]], [], [true]]",
8787,q,a,cx_stage1,,"[[[1, 155], [21, 155]], [], [true, true]]",
8788,q,a,cx_stage3,,"[[[1, 155], [21, 155]], [], [true, true]]",
8789,q,a,cx_stage1,,"[[[2, 158], [21, 158]], [], [true, true]]",
8790,q,a,cx_stage2,,"[[[2, 158], [21, 158]], [], [true, true]]",
8791,q,a,cx_stage3,,"[[[2, 158], [21, 158]], [], [true, true]]",
8792,q,a,p,,"[[[21, 159]], [], [true]]",
8793,q,a,cx_stage1,,"[[[2, 162], [21, 162]], [], [true, true]]",
8794,q,a,cx_stage2,,"[[[2, 162], [21, 162]], [], [true, true]]",
8795,q,a,cx_stage3,,"[[[2, 162], [21, 162]], [], [true, true]]",
8796,q,a,cx_stage1,,"[[[3, 165], [21, 165]], [], [true, true]]",
8797,q,a,cx_stage2,,"[[[3, 165], [21, 165]], [], [true, true]]",
8798,q,a,cx_stage3,,"[[[3, 165], [21, 165]], [], [true, true]]",
8799,q,a,p,,"[[[21, 166]], [], [true]]",
8800,q,a,cx_stage1,,"[[[3, 169], [21, 169]], [], [true, true]]",
8801,q,a,cx_stage2,,"[[[3, 169], [21, 169]], [], [true, true]]",
8802,q,a,cx_stage3,,"[[[3, 169], [21, 169]], [], [true, true]]",
8803,q,a,cx_stage1,,"[[[4, 172], [21, 172]], [], [true, true]]",
8804,q,a,cx_stage2,,"[[[4, 172], [21, 172]], [], [true, true]]",
8805,q,a,cx_stage3,,"[[[4, 172], [21, 172]], [], [true, true]]",
8806,q,a,p,,"[[[21, 173]], [], [true]]",
8807,q,a,cx_stage1,,"[[[4, 176], [21, 176]], [], [true, true]]",
8808,q,a,cx_stage2,,"[[[4, 176], [21, 176]], [], [true, true]]",
8809,q,a,cx_stage3,,"[[[4, 176], [21, 176]], [], [true, true]]",
8810,q,a,cx_stage1,,"[[[5, 179], [21, 179]], [], [true, true]]",
8811,q,a,cx_stage2,,"[[[5, 179], [21, 179]], [], [true, true]]",
8812,q,a,cx_stage3,,"[[[5, 179], [21, 179]], [], [true, true]]",
8813,q,a,p,,"[[[21, 180]], [], [true]]",
8814,q,a,cx_stage1,,"[[[5, 183], [21, 183]], [], [true, true]]",
8815,q,a,cx_stage2,,"[[[5, 183], [21, 183]], [], [true, true]]",
8816,q,a,cx_stage3,,"[[[5, 183], [21, 183]], [], [true, true]]",
8817,q,a,cx_stage1,,"[[[6, 186], [21, 186]], [], [true, true]]",
8818,q,a,cx_stage2,,"[[[6, 186], [21, 186]], [], [true, true]]",
8819,q,a,cx_stage3,,"[[[6, 186], [21, 186]], [], [true, true]]",
8820,q,a,p,,"[[[21, 187]], [], [true]]",
8821,q,a,cx_stage1,,"[[[6, 190], [21, 190]], [], [true, true]]",
8822,q,a,cx_stage2,,"[[[6, 190], [21, 190]], [], [true, true]]",
8823,q,a,cx_stage3,,"[[[6, 190], [21, 190]], [], [true, true]]",
8824,q,a,cx_stage1,,"[[[7, 193], [21, 193]], [], [true, true]]",
8825,q,a,cx_stage2,,"[[[7, 193], [21, 193]], [], [true, true]]",
8826,q,a,cx_stage3,,"[[[7, 193], [21, 193]], [], [true, true]]",
8827,q,a,p,,"[[[21, 194]], [], [true]]",
8828,q,a,cx_stage1,,"[[[7, 197], [21, 197]], [], [true, true]]",
8829,q,a,cx_stage2,,"[[[7, 197], [21, 197]], [], [true, true]]",
8830,q,a,cx_stage3,,"[[[7, 197], [21, 197]], [], [true, true]]",
8831,q,a,cx_stage1,,"[[[8, 200], [21, 200]], [], [true, true]]",
8832,q,a,cx_stage2,,"[[[8, 200], [21, 200]], [], [true, true]]",
8833,q,a,cx_stage3,,"[[[8, 200], [21, 200]], [], [true, true]]",
8834,q,a,p,,"[[[21, 201]], [], [true]]",
8835,q,a,cx_stage1,,"[[[8, 204], [21, 204]], [], [true, true]]",
8836,q,a,cx_stage2,,"[[[8, 204], [21, 204]], [], [true, true]]",
8837,q,a,cx_stage3,,"[[[8, 204], [21, 204]], [], [true, true]]",
8838,q,a,cx_stage1,,"[[[9, 207], [21, 207]], [], [true, true]]",
8839,q,a,cx_stage2,,"[[[9, 207], [21, 207]], [], [true, true]]",
8840,q,a,cx_stage3,,"[[[9, 207], [21, 207]], [], [true, true]]",
8841,q,a,p,,"[[[21, 208]], [], [true]]",
8842,q,a,cx_stage1,,"[[[9, 211], [21, 211]], [], [true, true]]",
8843,q,a,cx_stage2,,"[[[9, 211], [21, 211]], [], [true, true]]",
8844,q,a,cx_stage3,,"[[[9, 211], [21, 211]], [], [true, true]]",
8845,q,a,cx_stage1,,"[[[10, 214], [21, 214]], [], [true, true]]",
8846,q,a,cx_stage3,,"[[[10, 214], [21, 214]], [], [true, true]]",
8847,q,a,p,,"[[[21, 215]], [], [true]]",
8848,q,a,cx_stage1,,"[[[10, 218], [21, 218]], [], [true, true]]",
8849,q,a,cx_stage3,,"[[[10, 218], [21, 218]], [], [true, true]]",
8850,q,a,cx_stage1,,"[[[11, 221], [21, 221]], [], [true, true]]",
8851,q,a,cx_stage3,,"[[[11, 221], [21, 221]], [], [true, true]]",
8852,q,a,p,,"[[[21, 222]], [], [true]]",
8853,q,a,cx_stage1,,"[[[11, 225], [21, 225]], [], [true, true]]",
8854,q,a,cx_stage3,,"[[[11, 225], [21, 225]], [], [true, true]]",
8855,q,a,cx_stage1,,"[[[12, 228], [21, 228]], [], [true, true]]",
8856,q,a,cx_stage3,,"[[[12, 228], [21, 228]], [], [true, true]]",
8857,q,a,p,,"[[[21, 229]], [], [true]]",
8858,q,a,cx_stage1,,"[[[12, 232], [21, 232]], [], [true, true]]",
8859,q,a,cx_stage3,,"[[[12, 232], [21, 232]], [], [true, true]]",
8860,q,a,cx_stage1,,"[[[13, 235], [21, 235]], [], [true, true]]",
8861,q,a,cx_stage3,,"[[[13, 235], [21, 235]], [], [true, true]]",
8862,q,a,p,,"[[[21, 236]], [], [true]]",
8863,q,a,cx_stage1,,"[[[13, 239], [21, 239]], [], [true, true]]",
8864,q,a,cx_stage3,,"[[[13, 239], [21, 239]], [], [true, true]]",
8865,q,a,cx_stage1,,"[[[14, 242], [21, 242]], [], [true, true]]",
8866,q,a,cx_stage3,,"[[[14, 242], [21, 242]], [], [true, true]]",
8867,q,a,p,,"[[[21, 243]], [], [true]]",
8868,q,a,cx_stage1,,"[[[14, 246], [21, 246]], [], [true, true]]",
8869,q,a,cx_stage3,,"[[[14, 246], [21, 246]], [], [true, true]]",
8870,q,a,cx_stage1,,"[[[15, 249], [21, 249]], [], [true, true]]",
8871,q,a,cx_stage3,,"[[[15, 249], [21, 249]], [], [true, true]]",
8872,q,a,p,,"[[[21, 250]], [], [true]]",
8873,q,a,cx_stage1,,"[[[15, 253], [21, 253]], [], [true, true]]",
8874,q,a,cx_stage3,,"[[[15, 253], [21, 253]], [], [true, true]]",
8875,q,a,cx_stage1,,"[[[16, 256], [21, 256]], [], [true, true]]",
8876,q,a,cx_stage3,,"[[[16, 256], [21, 256]], [], [true, true]]",
8877,q,a,p,,"[[[21, 257]], [], [true]]",
8878,q,a,cx_stage1,,"[[[16, 260], [21, 260]], [], [true, true]]",
8879,q,a,cx_stage3,,"[[[16, 260], [21, 260]], [], [true, true]]",
8880,q,a,cx_stage1,,"[[[17, 263], [21, 263]], [], [true, true]]",
8881,q,a,cx_stage3,,"[[[17, 263], [21, 263]], [], [true, true]]",
8882,q,a,p,,"[[[21, 264]], [], [true]]",
8883,q,a,cx_stage1,,"[[[17, 267], [21, 267]], [], [true, true]]",
8884,q,a,cx_stage3,,"[[[17, 267], [21, 267]], [], [true, true]]",
8885,q,a,cx_stage1,,"[[[18, 270], [21, 270]], [], [true, true]]",
8886,q,a,cx_stage3,,"[[[18, 270], [21, 270]], [], [true, true]]",
8887,q,a,p,,"[[[21, 271]], [], [true]]",
8888,q,a,cx_stage1,,"[[[18, 274], [21, 274]], [], [true, true]]",
8889,q,a,cx_stage3,,"[[[18, 274], [21, 274]], [], [true, true]]",
8890,q,a,cx_stage1,,"[[[19, 277], [21, 277]], [], [true, true]]",
8891,q,a,cx_stage3,,"[[[19, 277], [21, 277]], [], [true, true]]",
8892,q,a,p,,"[[[21, 278]], [], [true]]",
8893,q,a,cx_stage1,,"[[[19, 281], [21, 281]], [], [true, true]]",
8894,q,a,cx_stage3,,"[[[19, 281], [21, 281]], [], [true, true]]",
8895,q,a,cx_stage1,,"[[[20, 284], [21, 284]], [], [true, true]]",
8896,q,a,cx_stage3,,"[[[20, 284], [21, 284]], [], [true, true]]",
8897,q,a,p,,"[[[21, 285]], [], [true]]",
8898,q,a,cx_stage1,,"[[[20, 288], [21, 288]], [], [true, true]]",
8899,q,a,cx_stage3,,"[[[20, 288], [21, 288]], [], [true, true]]",
8900,q,a,cx_stage1,,"[[[21, 298], [22, 298]], [], [true, true]]",
8901,q,a,cx_stage2,,"[[[21, 298], [22, 298]], [], [true, true]]",
8902,q,a,cx_stage3,,"[[[21, 298], [22, 298]], [], [true, true]]",
8903,q,a,cx_stage1,,"[[[21, 302], [22, 302]], [], [true, true]]",
8904,q,a,cx_stage2,,"[[[21, 302], [22, 302]], [], [true, true]]",
8905,q,a,cx_stage3,,"[[[21, 302], [22, 302]], [], [true, true]]",
8906,q,a,cx_stage1,,"[[[21, 305], [23, 305]], [], [true, true]]",
8907,q,a,cx_stage2,,"[[[21, 305], [23, 305]], [], [true, true]]",
8908,q,a,cx_stage3,,"[[[21, 305], [23, 305]], [], [true, true]]",
8909,q,a,cx_stage1,,"[[[21, 309], [23, 309]], [], [true, true]]",
8910,q,a,cx_stage2,,"[[[21, 309], [23, 309]], [], [true, true]]",
8911,q,a,cx_stage3,,"[[[21, 309], [23, 309]], [], [true, true]]",
8912,q,a,cx_stage1,,"[[[21, 312], [24, 312]], [], [true, true]]",
8913,q,a,cx_stage2,,"[[[21, 312], [24, 312]], [], [true, true]]",
8914,q,a,cx_stage3,,"[[[21, 312], [24, 312]], [], [true, true]]",
8915,q,a,cx_stage1,,"[[[21, 316], [24, 316]], [], [true, true]]",
8916,q,a,cx_stage2,,"[[[21, 316], [24, 316]], [], [true, true]]",
8917,q,a,cx_stage3,,"[[[21, 316], [24, 316]], [], [true, true]]",
8918,q,a,cx_stage1,,"[[[21, 319], [25, 319]], [], [true, true]]",
8919,q,a,cx_stage2,,"[[[21, 319], [25, 319]], [], [true, true]]",
8920,q,a,cx_stage3,,"[[[21, 319], [25, 319]], [], [true, true]]",
8921,q,a,cx_stage1,,"[[[21, 323], [25, 323]], [], [true, true]]",
8922,q,a,cx_stage2,,"[[[21, 323], [25, 323]], [], [true, true]]",
8923,q,a,cx_stage3,,"[[[21, 323], [25, 323]], [], [true, true]]",
8924,q,a,cx_stage1,,"[[[21, 326], [26, 326]], [], [true, true]]",
8925,q,a,cx_stage2,,"[[[21, 326], [26, 326]], [], [true, true]]",
8926,q,a,cx_stage3,,"[[[21, 326], [26, 326]], [], [true, true]]",
8927,q,a,cx_stage1,,"[[[21, 330], [26, 330]], [], [true, true]]",
8928,q,a,cx_stage2,,"[[[21, 330], [26, 330]], [], [true, true]]",
8929,q,a,cx_stage3,,"[[[21, 330], [26, 330]], [], [true, true]]",
8930,q,a,cx_stage1,,"[[[21, 333], [27, 333]], [], [true, true]]",
8931,q,a,cx_stage2,,"[[[21, 333], [27, 333]], [], [true, true]]",
8932,q,a,cx_stage3,,"[[[21, 333], [27, 333]], [], [true, true]]",
8933,q,a,cx_stage1,,"[[[21, 337], [27, 337]], [], [true, true]]",
8934,q,a,cx_stage2,,"[[[21, 337], [27, 337]], [], [true, true]]",
8935,q,a,cx_stage3,,"[[[21, 337], [27, 337]], [], [true, true]]",
8936,q,a,cx_stage1,,"[[[21, 340], [28, 340]], [], [true, true]]",
8937,q,a,cx_stage2,,"[[[21, 340], [28, 340]], [], [true, true]]",
8938,q,a,cx_stage3,,"[[[21, 340], [28, 340]], [], [true, true]]",
8939,q,a,cx_stage1,,"[[[21, 344], [28, 344]], [], [true, true]]",
8940,q,a,cx_stage2,,"[[[21, 344], [28, 344]], [], [true, true]]",
8941,q,a,cx_stage3,,"[[[21, 344], [28, 344]], [], [true, true]]",
8942,q,a,cx_stage1,,"[[[21, 347], [29, 347]], [], [true, true]]",
8943,q,a,cx_stage2,,"[[[21, 347], [29, 347]], [], [true, true]]",
8944,q,a,cx_stage3,,"[[[21, 347], [29, 347]], [], [true, true]]",
8945,q,a,cx_stage1,,"[[[21, 351], [29, 351]], [], [true, true]]",
8946,q,a,cx_stage2,,"[[[21, 351], [29, 351]], [], [true, true]]",
8947,q,a,cx_stage3,,"[[[21, 351], [29, 351]], [], [true, true]]",
8948,q,a,cx_stage1,,"[[[21, 354], [30, 354]], [], [true, true]]",
8949,q,a,cx_stage2,,"[[[21, 354], [30, 354]], [], [true, true]]",
8950,q,a,cx_stage3,,"[[[21, 354], [30, 354]], [], [true, true]]",
8951,q,a,cx_stage1,,"[[[21, 358], [30, 358]], [], [true, true]]",
8952,q,a,cx_stage2,,"[[[21, 358], [30, 358]], [], [true, true]]",
8953,q,a,cx_stage3,,"[[[21, 358], [30, 358]], [], [true, true]]",
8954,q,a,cx_stage1,,"[[[21, 361], [31, 361]], [], [true, true]]",
8955,q,a,cx_stage2,,"[[[21, 361], [31, 361]], [], [true, true]]",
8956,q,a,cx_stage3,,"[[[21, 361], [31, 361]], [], [true, true]]",
8957,q,a,cx_stage1,,"[[[21, 365], [31, 365]], [], [true, true]]",
8958,q,a,cx_stage2,,"[[[21, 365], [31, 365]], [], [true, true]]",
8959,q,a,cx_stage3,,"[[[21, 365], [31, 365]], [], [true, true]]",
8960,q,a,cx_stage1,,"[[[21, 368], [32, 368]], [], [true, true]]",
8961,q,a,cx_stage2,,"[[[21, 368], [32, 368]], [], [true, true]]",
8962,q,a,cx_stage3,,"[[[21, 368], [32, 368]], [], [true, true]]",
8963,q,a,cx_stage1,,"[[[21, 372], [32, 372]], [], [true, true]]",
8964,q,a,cx_stage2,,"[[[21, 372], [32, 372]], [], [true, true]]",
8965,q,a,cx_stage3,,"[[[21, 372], [32, 372]], [], [true, true]]",
8966,q,a,cx_stage1,,"[[[21, 375], [33, 375]], [], [true, true]]",
8967,q,a,cx_stage2,,"[[[21, 375], [33, 375]], [], [true, true]]",
8968,q,a,cx_stage3,,"[[[21, 375], [33, 375]], [], [true, true]]",
8969,q,a,cx_stage1,,"[[[21, 379], [33, 379]], [], [true, true]]",
8970,q,a,cx_stage2,,"[[[21, 379], [33, 379]], [], [true, true]]",
8971,q,a,cx_stage3,,"[[[21, 379], [33, 379]], [], [true, true]]",
8972,q,a,cx_stage1,,"[[[21, 382], [34, 382]], [], [true, true]]",
8973,q,a,cx_stage2,,"[[[21, 382], [34, 382]], [], [true, true]]",
8974,q,a,cx_stage3,,"[[[21, 382], [34, 382]], [], [true, true]]",
8975,q,a,cx_stage1,,"[[[21, 386], [34, 386]], [], [true, true]]",
8976,q,a,cx_stage2,,"[[[21, 386], [34, 386]], [], [true, true]]",
8977,q,a,cx_stage3,,"[[[21, 386], [34, 386]], [], [true, true]]",
8978,q,a,cx_stage1,,"[[[21, 389], [35, 389]], [], [true, true]]",
8979,q,a,cx_stage2,,"[[[21, 389], [35, 389]], [], [true, true]]",
8980,q,a,cx_stage3,,"[[[21, 389], [35, 389]], [], [true, true]]",
8981,q,a,cx_stage1,,"[[[21, 393], [35, 393]], [], [true, true]]",
8982,q,a,cx_stage2,,"[[[21, 393], [35, 393]], [], [true, true]]",
8983,q,a,cx_stage3,,"[[[21, 393], [35, 393]], [], [true, true]]",
8984,q,a,cx_stage1,,"[[[21, 396], [36, 396]], [], [true, true]]",
8985,q,a,cx_stage2,,"[[[21, 396], [36, 396]], [], [true, true]]",
8986,q,a,cx_stage3,,"[[[21, 396], [36, 396]], [], [true, true]]",
8987,q,a,cx_stage1,,"[[[21, 400], [36, 400]], [], [true, true]]",
8988,q,a,cx_stage2,,"[[[21, 400], [36, 400]], [], [true, true]]",
8989,q,a,cx_stage3,,"[[[21, 400], [36, 400]], [], [true, true]]",
8990,q,a,cx_stage1,,"[[[21, 403], [37, 403]], [], [true, true]]",
8991,q,a,cx_stage2,,"[[[21, 403], [37, 403]], [], [true, true]]",
8992,q,a,cx_stage3,,"[[[21, 403], [37, 403]], [], [true, true]]",
8993,q,a,cx_stage1,,"[[[21, 407], [37, 407]], [], [true, true]]",
8994,q,a,cx_stage2,,"[[[21, 407], [37, 407]], [], [true, true]]",
8995,q,a,cx_stage3,,"[[[21, 407], [37, 407]], [], [true, true]]",
8996,q,a,cx_stage1,,"[[[21, 410], [38, 410]], [], [true, true]]",
8997,q,a,cx_stage2,,"[[[21, 410], [38, 410]], [], [true, true]]",
8998,q,a,cx_stage3,,"[[[21, 410], [38, 410]], [], [true, true]]",
8999,q,a,cx_stage1,,"[[[21, 414], [38, 414]], [], [true, true]]",
9000,q,a,cx_stage2,,"[[[21, 414], [38, 414]], [], [true, true]]",
9001,q,a,cx_stage3,,"[[[21, 414], [38, 414]], [], [true, true]]",
9002,q,a,cx_stage1,,"[[[21, 417], [39, 417]], [], [true, true]]",
9003,q,a,cx_stage2,,"[[[21, 417], [39, 417]], [], [true, true]]",
9004,q,a,cx_stage3,,"[[[21, 417], [39, 417]], [], [true, true]]",
9005,q,a,cx_stage1,,"[[[21, 421], [39, 421]], [], [true, true]]",
9006,q,a,cx_stage2,,"[[[21, 421], [39, 421]], [], [true, true]]",
9007,q,a,cx_stage3,,"[[[21, 421], [39, 421]], [], [true, true]]",
9008,q,a,cx_stage1,,"[[[21, 424], [40, 424]], [], [true, true]]",
9009,q,a,cx_stage2,,"[[[21, 424], [40, 424]], [], [true, true]]",
9010,q,a,cx_stage3,,"[[[21, 424], [40, 424]], [], [true, true]]",
9011,q,a,cx_stage1,,"[[[21, 428], [40, 428]], [], [true, true]]",
9012,q,a,cx_stage2,,"[[[21, 428], [40, 428]], [], [true, true]]",
9013,q,a,cx_stage3,,"[[[21, 428], [40, 428]], [], [true, true]]",
9014,q,a,cx_stage1,,"[[[21, 431], [41, 431]], [], [true, true]]",
9015,q,a,cx_stage2,,"[[[21, 431], [41, 431]], [], [true, true]]",
9016,q,a,cx_stage3,,"[[[21, 431], [41, 431]], [], [true, true]]",
9017,q,a,cx_stage1,,"[[[21, 435], [41, 435]], [], [true, true]]",
9018,q,a,cx_stage2,,"[[[21, 435], [41, 435]], [], [true, true]]",
9019,q,a,cx_stage3,,"[[[21, 435], [41, 435]], [], [true, true]]",
9020,q,a,cx_stage1,,"[[[21, 438], [42, 438]], [], [true, true]]",
9021,q,a,cx_stage2,,"[[[21, 438], [42, 438]], [], [true, true]]",
9022,q,a,cx_stage3,,"[[[21, 438], [42, 438]], [], [true, true]]",
9023,q,a,cx_stage1,,"[[[21, 442], [42, 442]], [], [true, true]]",
9024,q,a,cx_stage2,,"[[[21, 442], [42, 442]], [], [true, true]]",
9025,q,a,cx_stage3,,"[[[21, 442], [42, 442]], [], [true, true]]",
9026,q,a,cx_stage1,,"[[[21, 445], [43, 445]], [], [true, true]]",
9027,q,a,cx_stage2,,"[[[21, 445], [43, 445]], [], [true, true]]",
9028,q,a,cx_stage3,,"[[[21, 445], [43, 445]], [], [true, true]]",
9029,q,a,cx_stage1,,"[[[21, 449], [43, 449]], [], [true, true]]",
9030,q,a,cx_stage2,,"[[[21, 449], [43, 449]], [], [true, true]]",
9031,q,a,cx_stage3,,"[[[21, 449], [43, 449]], [], [true, true]]",
9032,q,a,cx_stage1,,"[[[21, 452], [44, 452]], [], [true, true]]",
9033,q,a,cx_stage2,,"[[[21, 452], [44, 452]], [], [true, true]]",
9034,q,a,cx_stage3,,"[[[21, 452], [44, 452]], [], [true, true]]",
9035,q,a,cx_stage1,,"[[[21, 456], [44, 456]], [], [true, true]]",
9036,q,a,cx_stage2,,"[[[21, 456], [44, 456]], [], [true, true]]",
9037,q,a,cx_stage3,,"[[[21, 456], [44, 456]], [], [true, true]]",
9038,q,a,cx_stage1,,"[[[21, 459], [45, 459]], [], [true, true]]",
9039,q,a,cx_stage2,,"[[[21, 459], [45, 459]], [], [true, true]]",
9040,q,a,cx_stage3,,"[[[21, 459], [45, 459]], [], [true, true]]",
9041,q,a,cx_stage1,,"[[[21, 463], [45, 463]], [], [true, true]]",
9042,q,a,cx_stage2,,"[[[21, 463], [45, 463]], [], [true, true]]",
9043,q,a,cx_stage3,,"[[[21, 463], [45, 463]], [], [true, true]]",
9044,q,a,cx_stage1,,"[[[21, 466], [46, 466]], [], [true, true]]",
9045,q,a,cx_stage2,,"[[[21, 466], [46, 466]], [], [true, true]]",
9046,q,a,cx_stage3,,"[[[21, 466], [46, 466]], [], [true, true]]",
9047,q,a,cx_stage1,,"[[[21, 470], [46, 470]], [], [true, true]]",
9048,q,a,cx_stage2,,"[[[21, 470], [46, 470]], [], [true, true]]",
9049,q,a,cx_stage3,,"[[[21, 470], [46, 470]], [], [true, true]]",
9050,q,a,cx_stage1,,"[[[21, 473], [47, 473]], [], [true, true]]",
9051,q,a,cx_stage2,,"[[[21, 473], [47, 473]], [], [true, true]]",
9052,q,a,cx_stage3,,"[[[21, 473], [47, 473]], [], [true, true]]",
9053,q,a,cx_stage1,,"[[[21, 477], [47, 477]], [], [true, true]]",
9054,q,a,cx_stage2,,"[[[21, 477], [47, 477]], [], [true, true]]",
9055,q,a,cx_stage3,,"[[[21, 477], [47, 477]], [], [true, true]]",
9056,q,a,cx_stage1,,"[[[21, 480], [48, 480]], [], [true, true]]",
9057,q,a,cx_stage2,,"[[[21, 480], [48, 480]], [], [true, true]]",
9058,q,a,cx_stage3,,"[[[21, 480], [48, 480]], [], [true, true]]",
9059,q,a,cx_stage1,,"[[[21, 484], [48, 484]], [], [true, true]]",
9060,q,a,cx_stage2,,"[[[21, 484], [48, 484]], [], [true, true]]",
9061,q,a,cx_stage3,,"[[[21, 484], [48, 484]], [], [true, true]]",
9062,q,a,cx_stage1,,"[[[21, 487], [49, 487]], [], [true, true]]",
9063,q,a,cx_stage2,,"[[[21, 487], [49, 487]], [], [true, true]]",
9064,q,a,cx_stage3,,"[[[21, 487], [49, 487]], [], [true, true]]",
9065,q,a,cx_stage1,,"[[[21, 491], [49, 491]], [], [true, true]]",
9066,q,a,cx_stage2,,"[[[21, 491], [49, 491]], [], [true, true]]",
9067,q,a,cx_stage3,,"[[[21, 491], [49, 491]], [], [true, true]]",
9068,q,a,cx_stage1,,"[[[21, 494], [50, 494]], [], [true, true]]",
9069,q,a,cx_stage2,,"[[[21, 494], [50, 494]], [], [true, true]]",
9070,q,a,cx_stage3,,"[[[21, 494], [50, 494]], [], [true, true]]",
9071,q,a,cx_stage1,,"[[[21, 498], [50, 498]], [], [true, true]]",
9072,q,a,cx_stage2,,"[[[21, 498], [50, 498]], [], [true, true]]",
9073,q,a,cx_stage3,,"[[[21, 498], [50, 498]], [], [true, true]]",
9074,q,a,cx_stage1,,"[[[21, 501], [51, 501]], [], [true, true]]",
9075,q,a,cx_stage2,,"[[[21, 501], [51, 501]], [], [true, true]]",
9076,q,a,cx_stage3,,"[[[21, 501], [51, 501]], [], [true, true]]",
9077,q,a,cx_stage1,,"[[[21, 505], [51, 505]], [], [true, true]]",
9078,q,a,cx_stage2,,"[[[21, 505], [51, 505]], [], [true, true]]",
9079,q,a,cx_stage3,,"[[[21, 505], [51, 505]], [], [true, true]]",
9080,q,a,cx_stage1,,"[[[21, 508], [52, 508]], [], [true, true]]",
9081,q,a,cx_stage2,,"[[[21, 508], [52, 508]], [], [true, true]]",
9082,q,a,cx_stage3,,"[[[21, 508], [52, 508]], [], [true, true]]",
9083,q,a,cx_stage1,,"[[[21, 512], [52, 512]], [], [true, true]]",
9084,q,a,cx_stage2,,"[[[21, 512], [52, 512]], [], [true, true]]",
9085,q,a,cx_stage3,,"[[[21, 512], [52, 512]], [], [true, true]]",
9086,q,a,cx_stage1,,"[[[21, 515], [53, 515]], [], [true, true]]",
9087,q,a,cx_stage2,,"[[[21, 515], [53, 515]], [], [true, true]]",
9088,q,a,cx_stage3,,"[[[21, 515], [53, 515]], [], [true, true]]",
9089,q,a,cx_stage1,,"[[[21, 519], [53, 519]], [], [true, true]]",
9090,q,a,cx_stage2,,"[[[21, 519], [53, 519]], [], [true, true]]",
9091,q,a,cx_stage3,,"[[[21, 519], [53, 519]], [], [true, true]]",
9092,q,a,cx_stage1,,"[[[21, 522], [54, 522]], [], [true, true]]",
9093,q,a,cx_stage2,,"[[[21, 522], [54, 522]], [], [true, true]]",
9094,q,a,cx_stage3,,"[[[21, 522], [54, 522]], [], [true, true]]",
9095,q,a,cx_stage1,,"[[[21, 526], [54, 526]], [], [true, true]]",
9096,q,a,cx_stage2,,"[[[21, 526], [54, 526]], [], [true, true]]",
9097,q,a,cx_stage3,,"[[[21, 526], [54, 526]], [], [true, true]]",
9098,q,a,cx_stage1,,"[[[21, 529], [55, 529]], [], [true, true]]",
9099,q,a,cx_stage2,,"[[[21, 529], [55, 529]], [], [true, true]]",
9100,q,a,cx_stage3,,"[[[21, 529], [55, 529]], [], [true, true]]",
9101,q,a,cx_stage1,,"[[[21, 533], [55, 533]], [], [true, true]]",
9102,q,a,cx_stage2,,"[[[21, 533], [55, 533]], [], [true, true]]",
9103,q,a,cx_stage3,,"[[[21, 533], [55, 533]], [], [true, true]]",
9104,q,a,u2,,"[[[21, 534]], [], [true]]",
9105,q,a,cx_stage1,,"[[[0, 537], [21, 537]], [], [true, true]]",
9106,q,a,cx_stage3,,"[[[0, 537], [21, 537]], [], [true, true]]",
9107,q,a,p,,"[[[21, 538]], [], [true]]",
9108,q,a,cx_stage1,,"[[[0, 541], [21, 541]], [], [true, true]]",
9109,q,a,cx_stage3,,"[[[0, 541], [21, 541]], [], [true, true]]",
9110,q,a,cx_stage1,,"[[[1, 544], [21, 544]], [], [true, true]]",
9111,q,a,cx_stage3,,"[[[1, 544], [21, 544]], [], [true, true]]",
9112,q,a,p,,"[[[21, 545]], [], [true]]",
9113,q,a,cx_stage1,,"[[[1, 548], [21, 548]], [], [true, true]]",
9114,q,a,cx_stage3,,"[[[1, 548], [21, 548]], [], [true, true]]",
9115,q,a,cx_stage1,,"[[[2, 551], [21, 551]], [], [true, true]]",
9116,q,a,cx_stage2,,"[[[2, 551], [21, 551]], [], [true, true]]",
9117,q,a,cx_stage3,,"[[[2, 551], [21, 551]], [], [true, true]]",
9118,q,a,p,,"[[[21, 552]], [], [true]]",
9119,q,a,cx_stage1,,"[[[2, 555], [21, 555]], [], [true, true]]",
9120,q,a,cx_stage2,,"[[[2, 555], [21, 555]], [], [true, true]]",
9121,q,a,cx_stage3,,"[[[2, 555], [21, 555]], [], [true, true]]",
9122,q,a,cx_stage1,,"[[[3, 558], [21, 558]], [], [true, true]]",
9123,q,a,cx_stage2,,"[[[3, 558], [21, 558]], [], [true, true]]",
9124,q,a,cx_stage3,,"[[[3, 558], [21, 558]], [], [true, true]]",
9125,q,a,p,,"[[[21, 559]], [], [true]]",
9126,q,a,cx_stage1,,"[[[3, 562], [21, 562]], [], [true, true]]",
9127,q,a,cx_stage2,,"[[[3, 562], [21, 562]], [], [true, true]]",
9128,q,a,cx_stage3,,"[[[3, 562], [21, 562]], [], [true, true]]",
9129,q,a,cx_stage1,,"[[[4, 565], [21, 565]], [], [true, true]]",
9130,q,a,cx_stage2,,"[[[4, 565], [21, 565]], [], [true, true]]",
9131,q,a,cx_stage3,,"[[[4, 565], [21, 565]], [], [true, true]]",
9132,q,a,p,,"[[[21, 566]], [], [true]]",
9133,q,a,cx_stage1,,"[[[4, 569], [21, 569]], [], [true, true]]",
9134,q,a,cx_stage2,,"[[[4, 569], [21, 569]], [], [true, true]]",
9135,q,a,cx_stage3,,"[[[4, 569], [21, 569]], [], [true, true]]",
9136,q,a,cx_stage1,,"[[[5, 572], [21, 572]], [], [true, true]]",
9137,q,a,cx_stage2,,"[[[5, 572], [21, 572]], [], [true, true]]",
9138,q,a,cx_stage3,,"[[[5, 572], [21, 572]], [], [true, true]]",
9139,q,a,p,,"[[[21, 573]], [], [true]]",
9140,q,a,cx_stage1,,"[[[5, 576], [21, 576]], [], [true, true]]",
9141,q,a,cx_stage2,,"[[[5, 576], [21, 576]], [], [true, true]]",
9142,q,a,cx_stage3,,"[[[5, 576], [21, 576]], [], [true, true]]",
9143,q,a,cx_stage1,,"[[[6, 579], [21, 579]], [], [true, true]]",
9144,q,a,cx_stage2,,"[[[6, 579], [21, 579]], [], [true, true]]",
9145,q,a,cx_stage3,,"[[[6, 579], [21, 579]], [], [true, true]]",
9146,q,a,p,,"[[[21, 580]], [], [true]]",
9147,q,a,cx_stage1,,"[[[6, 583], [21, 583]], [], [true, true]]",
9148,q,a,cx_stage2,,"[[[6, 583], [21, 583]], [], [true, true]]",
9149,q,a,cx_stage3,,"[[[6, 583], [21, 583]], [], [true, true]]",
9150,q,a,cx_stage1,,"[[[7, 586], [21, 586]], [], [true, true]]",
9151,q,a,cx_stage2,,"[[[7, 586], [21, 586]], [], [true, true]]",
9152,q,a,cx_stage3,,"[[[7, 586], [21, 586]], [], [true, true]]",
9153,q,a,p,,"[[[21, 587]], [], [true]]",
9154,q,a,cx_stage1,,"[[[7, 590], [21, 590]], [], [true, true]]",
9155,q,a,cx_stage2,,"[[[7, 590], [21, 590]], [], [true, true]]",
9156,q,a,cx_stage3,,"[[[7, 590], [21, 590]], [], [true, true]]",
9157,q,a,cx_stage1,,"[[[8, 593], [21, 593]], [], [true, true]]",
9158,q,a,cx_stage2,,"[[[8, 593], [21, 593]], [], [true, true]]",
9159,q,a,cx_stage3,,"[[[8, 593], [21, 593]], [], [true, true]]",
9160,q,a,p,,"[[[21, 594]], [], [true]]",
9161,q,a,cx_stage1,,"[[[8, 597], [21, 597]], [], [true, true]]",
9162,q,a,cx_stage2,,"[[[8, 597], [21, 597]], [], [true, true]]",
9163,q,a,cx_stage3,,"[[[8, 597], [21, 597]], [], [true, true]]",
9164,q,a,cx_stage1,,"[[[9, 600], [21, 600]], [], [true, true]]",
9165,q,a,cx_stage2,,"[[[9, 600], [21, 600]], [], [true, true]]",
9166,q,a,cx_stage3,,"[[[9, 600], [21, 600]], [], [true, true]]",
9167,q,a,p,,"[[[21, 601]], [], [true]]",
9168,q,a,cx_stage1,,"[[[9, 604], [21, 604]], [], [true, true]]",
9169,q,a,cx_stage2,,"[[[9, 604], [21, 604]], [], [true, true]]",
9170,q,a,cx_stage3,,"[[[9, 604], [21, 604]], [], [true, true]]",
9171,q,a,cx_stage1,,"[[[10, 607], [21, 607]], [], [true, true]]",
9172,q,a,cx_stage3,,"[[[10, 607], [21, 607]], [], [true, true]]",
9173,q,a,p,,"[[[21, 608]], [], [true]]",
9174,q,a,cx_stage1,,"[[[10, 611], [21, 611]], [], [true, true]]",
9175,q,a,cx_stage3,,"[[[10, 611], [21, 611]], [], [true, true]]",
9176,q,a,cx_stage1,,"[[[11, 614], [21, 614]], [], [true, true]]",
9177,q,a,cx_stage3,,"[[[11, 614], [21, 614]], [], [true, true]]",
9178,q,a,p,,"[[[21, 615]], [], [true]]",
9179,q,a,cx_stage1,,"[[[11, 618], [21, 618]], [], [true, true]]",
9180,q,a,cx_stage3,,"[[[11, 618], [21, 618]], [], [true, true]]",
9181,q,a,cx_stage1,,"[[[12, 621], [21, 621]], [], [true, true]]",
9182,q,a,cx_stage3,,"[[[12, 621], [21, 621]], [], [true, true]]",
9183,q,a,p,,"[[[21, 622]], [], [true]]",
9184,q,a,cx_stage1,,"[[[12, 625], [21, 625]], [], [true, true]]",
9185,q,a,cx_stage3,,"[[[12, 625], [21, 625]], [], [true, true]]",
9186,q,a,cx_stage1,,"[[[13, 628], [21, 628]], [], [true, true]]",
9187,q,a,cx_stage3,,"[[[13, 628], [21, 628]], [], [true, true]]",
9188,q,a,p,,"[[[21, 629]], [], [true]]",
9189,q,a,cx_stage1,,"[[[13, 632], [21, 632]], [], [true, true]]",
9190,q,a,cx_stage3,,"[[[13, 632], [21, 632]], [], [true, true]]",
9191,q,a,cx_stage1,,"[[[14, 635], [21, 635]], [], [true, true]]",
9192,q,a,cx_stage3,,"[[[14, 635], [21, 635]], [], [true, true]]",
9193,q,a,p,,"[[[21, 636]], [], [true]]",
9194,q,a,cx_stage1,,"[[[14, 639], [21, 639]], [], [true, true]]",
9195,q,a,cx_stage3,,"[[[14, 639], [21, 639]], [], [true, true]]",
9196,q,a,cx_stage1,,"[[[15, 642], [21, 642]], [], [true, true]]",
9197,q,a,cx_stage3,,"[[[15, 642], [21, 642]], [], [true, true]]",
9198,q,a,p,,"[[[21, 643]], [], [true]]",
9199,q,a,cx_stage1,,"[[[15, 646], [21, 646]], [], [true, true]]",
9200,q,a,cx_stage3,,"[[[15, 646], [21, 646]], [], [true, true]]",
9201,q,a,cx_stage1,,"[[[16, 649], [21, 649]], [], [true, true]]",
9202,q,a,cx_stage3,,"[[[16, 649], [21, 649]], [], [true, true]]",
9203,q,a,p,,"[[[21, 650]], [], [true]]",
9204,q,a,cx_stage1,,"[[[16, 653], [21, 653]], [], [true, true]]",
9205,q,a,cx_stage3,,"[[[16, 653], [21, 653]], [], [true, true]]",
9206,q,a,cx_stage1,,"[[[17, 656], [21, 656]], [], [true, true]]",
9207,q,a,cx_stage3,,"[[[17, 656], [21, 656]], [], [true, true]]",
9208,q,a,p,,"[[[21, 657]], [], [true]]",
9209,q,a,cx_stage1,,"[[[17, 660], [21, 660]], [], [true, true]]",
9210,q,a,cx_stage3,,"[[[17, 660], [21, 660]], [], [true, true]]",
9211,q,a,cx_stage1,,"[[[18, 663], [21, 663]], [], [true, true]]",
9212,q,a,cx_stage3,,"[[[18, 663], [21, 663]], [], [true, true]]",
9213,q,a,p,,"[[[21, 664]], [], [true]]",
9214,q,a,cx_stage1,,"[[[18, 667], [21, 667]], [], [true, true]]",
9215,q,a,cx_stage3,,"[[[18, 667], [21, 667]], [], [true, true]]",
9216,q,a,cx_stage1,,"[[[19, 670], [21, 670]], [], [true, true]]",
9217,q,a,cx_stage3,,"[[[19, 670], [21, 670]], [], [true, true]]",
9218,q,a,p,,"[[[21, 671]], [], [true]]",
9219,q,a,cx_stage1,,"[[[19, 674], [21, 674]], [], [true, true]]",
9220,q,a,cx_stage3,,"[[[19, 674], [21, 674]], [], [true, true]]",
9221,q,a,cx_stage1,,"[[[20, 677], [21, 677]], [], [true, true]]",
9222,q,a,cx_stage3,,"[[[20, 677], [21, 677]], [], [true, true]]",
9223,q,a,p,,"[[[21, 678]], [], [true]]",
9224,q,a,cx_stage1,,"[[[20, 681], [21, 681]], [], [true, true]]",
9225,q,a,cx_stage3,,"[[[20, 681], [21, 681]], [], [true, true]]",
9226,q,a,cx_stage1,,"[[[21, 691], [22, 691]], [], [true, true]]",
9227,q,a,cx_stage2,,"[[[21, 691], [22, 691]], [], [true, true]]",
9228,q,a,cx_stage3,,"[[[21, 691], [22, 691]], [], [true, true]]",
9229,q,a,cx_stage1,,"[[[21, 695], [22, 695]], [], [true, true]]",
9230,q,a,cx_stage2,,"[[[21, 695], [22, 695]], [], [true, true]]",
9231,q,a,cx_stage3,,"[[[21, 695], [22, 695]], [], [true, true]]",
9232,q,a,cx_stage1,,"[[[21, 698], [23, 698]], [], [true, true]]",
9233,q,a,cx_stage2,,"[[[21, 698], [23, 698]], [], [true, true]]",
9234,q,a,cx_stage3,,"[[[21, 698], [23, 698]], [], [true, true]]",
9235,q,a,cx_stage1,,"[[[21, 702], [23, 702]], [], [true, true]]",
9236,q,a,cx_stage2,,"[[[21, 702], [23, 702]], [], [true, true]]",
9237,q,a,cx_stage3,,"[[[21, 702], [23, 702]], [], [true, true]]",
9238,q,a,cx_stage1,,"[[[21, 705], [24, 705]], [], [true, true]]",
9239,q,a,cx_stage2,,"[[[21, 705], [24, 705]], [], [true, true]]",
9240,q,a,cx_stage3,,"[[[21, 705], [24, 705]], [], [true, true]]",
9241,q,a,cx_stage1,,"[[[21, 709], [24, 709]], [], [true, true]]",
9242,q,a,cx_stage2,,"[[[21, 709], [24, 709]], [], [true, true]]",
9243,q,a,cx_stage3,,"[[[21, 709], [24, 709]], [], [true, true]]",
9244,q,a,cx_stage1,,"[[[21, 712], [25, 712]], [], [true, true]]",
9245,q,a,cx_stage2,,"[[[21, 712], [25, 712]], [], [true, true]]",
9246,q,a,cx_stage3,,"[[[21, 712], [25, 712]], [], [true, true]]",
9247,q,a,cx_stage1,,"[[[21, 716], [25, 716]], [], [true, true]]",
9248,q,a,cx_stage2,,"[[[21, 716], [25, 716]], [], [true, true]]",
9249,q,a,cx_stage3,,"[[[21, 716], [25, 716]], [], [true, true]]",
9250,q,a,cx_stage1,,"[[[21, 719], [26, 719]], [], [true, true]]",
9251,q,a,cx_stage2,,"[[[21, 719], [26, 719]], [], [true, true]]",
9252,q,a,cx_stage3,,"[[[21, 719], [26, 719]], [], [true, true]]",
9253,q,a,cx_stage1,,"[[[21, 723], [26, 723]], [], [true, true]]",
9254,q,a,cx_stage2,,"[[[21, 723], [26, 723]], [], [true, true]]",
9255,q,a,cx_stage3,,"[[[21, 723], [26, 723]], [], [true, true]]",
9256,q,a,cx_stage1,,"[[[21, 726], [27, 726]], [], [true, true]]",
9257,q,a,cx_stage2,,"[[[21, 726], [27, 726]], [], [true, true]]",
9258,q,a,cx_stage3,,"[[[21, 726], [27, 726]], [], [true, true]]",
9259,q,a,cx_stage1,,"[[[21, 730], [27, 730]], [], [true, true]]",
9260,q,a,cx_stage2,,"[[[21, 730], [27, 730]], [], [true, true]]",
9261,q,a,cx_stage3,,"[[[21, 730], [27, 730]], [], [true, true]]",
9262,q,a,cx_stage1,,"[[[21, 733], [28, 733]], [], [true, true]]",
9263,q,a,cx_stage2,,"[[[21, 733], [28, 733]], [], [true, true]]",
9264,q,a,cx_stage3,,"[[[21, 733], [28, 733]], [], [true, true]]",
9265,q,a,cx_stage1,,"[[[21, 737], [28, 737]], [], [true, true]]",
9266,q,a,cx_stage2,,"[[[21, 737], [28, 737]], [], [true, true]]",
9267,q,a,cx_stage3,,"[[[21, 737], [28, 737]], [], [true, true]]",
9268,q,a,cx_stage1,,"[[[21, 740], [29, 740]], [], [true, true]]",
9269,q,a,cx_stage2,,"[[[21, 740], [29, 740]], [], [true, true]]",
9270,q,a,cx_stage3,,"[[[21, 740], [29, 740]], [], [true, true]]",
9271,q,a,cx_stage1,,"[[[21, 744], [29, 744]], [], [true, true]]",
9272,q,a,cx_stage2,,"[[[21, 744], [29, 744]], [], [true, true]]",
9273,q,a,cx_stage3,,"[[[21, 744], [29, 744]], [], [true, true]]",
9274,q,a,cx_stage1,,"[[[21, 747], [30, 747]], [], [true, true]]",
9275,q,a,cx_stage2,,"[[[21, 747], [30, 747]], [], [true, true]]",
9276,q,a,cx_stage3,,"[[[21, 747], [30, 747]], [], [true, true]]",
9277,q,a,cx_stage1,,"[[[21, 751], [30, 751]], [], [true, true]]",
9278,q,a,cx_stage2,,"[[[21, 751], [30, 751]], [], [true, true]]",
9279,q,a,cx_stage3,,"[[[21, 751], [30, 751]], [], [true, true]]",
9280,q,a,cx_stage1,,"[[[21, 754], [31, 754]], [], [true, true]]",
9281,q,a,cx_stage2,,"[[[21, 754], [31, 754]], [], [true, true]]",
9282,q,a,cx_stage3,,"[[[21, 754], [31, 754]], [], [true, true]]",
9283,q,a,cx_stage1,,"[[[21, 758], [31, 758]], [], [true, true]]",
9284,q,a,cx_stage2,,"[[[21, 758], [31, 758]], [], [true, true]]",
9285,q,a,cx_stage3,,"[[[21, 758], [31, 758]], [], [true, true]]",
9286,q,a,cx_stage1,,"[[[21, 761], [32, 761]], [], [true, true]]",
9287,q,a,cx_stage2,,"[[[21, 761], [32, 761]], [], [true, true]]",
9288,q,a,cx_stage3,,"[[[21, 761], [32, 761]], [], [true, true]]",
9289,q,a,cx_stage1,,"[[[21, 765], [32, 765]], [], [true, true]]",
9290,q,a,cx_stage2,,"[[[21, 765], [32, 765]], [], [true, true]]",
9291,q,a,cx_stage3,,"[[[21, 765], [32, 765]], [], [true, true]]",
9292,q,a,cx_stage1,,"[[[21, 768], [33, 768]], [], [true, true]]",
9293,q,a,cx_stage2,,"[[[21, 768], [33, 768]], [], [true, true]]",
9294,q,a,cx_stage3,,"[[[21, 768], [33, 768]], [], [true, true]]",
9295,q,a,cx_stage1,,"[[[21, 772], [33, 772]], [], [true, true]]",
9296,q,a,cx_stage2,,"[[[21, 772], [33, 772]], [], [true, true]]",
9297,q,a,cx_stage3,,"[[[21, 772], [33, 772]], [], [true, true]]",
9298,q,a,cx_stage1,,"[[[21, 775], [34, 775]], [], [true, true]]",
9299,q,a,cx_stage2,,"[[[21, 775], [34, 775]], [], [true, true]]",
9300,q,a,cx_stage3,,"[[[21, 775], [34, 775]], [], [true, true]]",
9301,q,a,cx_stage1,,"[[[21, 779], [34, 779]], [], [true, true]]",
9302,q,a,cx_stage2,,"[[[21, 779], [34, 779]], [], [true, true]]",
9303,q,a,cx_stage3,,"[[[21, 779], [34, 779]], [], [true, true]]",
9304,q,a,cx_stage1,,"[[[21, 782], [35, 782]], [], [true, true]]",
9305,q,a,cx_stage2,,"[[[21, 782], [35, 782]], [], [true, true]]",
9306,q,a,cx_stage3,,"[[[21, 782], [35, 782]], [], [true, true]]",
9307,q,a,cx_stage1,,"[[[21, 786], [35, 786]], [], [true, true]]",
9308,q,a,cx_stage2,,"[[[21, 786], [35, 786]], [], [true, true]]",
9309,q,a,cx_stage3,,"[[[21, 786], [35, 786]], [], [true, true]]",
9310,q,a,cx_stage1,,"[[[21, 789], [36, 789]], [], [true, true]]",
9311,q,a,cx_stage2,,"[[[21, 789], [36, 789]], [], [true, true]]",
9312,q,a,cx_stage3,,"[[[21, 789], [36, 789]], [], [true, true]]",
9313,q,a,cx_stage1,,"[[[21, 793], [36, 793]], [], [true, true]]",
9314,q,a,cx_stage2,,"[[[21, 793], [36, 793]], [], [true, true]]",
9315,q,a,cx_stage3,,"[[[21, 793], [36, 793]], [], [true, true]]",
9316,q,a,cx_stage1,,"[[[21, 796], [37, 796]], [], [true, true]]",
9317,q,a,cx_stage2,,"[[[21, 796], [37, 796]], [], [true, true]]",
9318,q,a,cx_stage3,,"[[[21, 796], [37, 796]], [], [true, true]]",
9319,q,a,cx_stage1,,"[[[21, 800], [37, 800]], [], [true, true]]",
9320,q,a,cx_stage2,,"[[[21, 800], [37, 800]], [], [true, true]]",
9321,q,a,cx_stage3,,"[[[21, 800], [37, 800]], [], [true, true]]",
9322,q,a,cx_stage1,,"[[[21, 803], [38, 803]], [], [true, true]]",
9323,q,a,cx_stage2,,"[[[21, 803], [38, 803]], [], [true, true]]",
9324,q,a,cx_stage3,,"[[[21, 803], [38, 803]], [], [true, true]]",
9325,q,a,cx_stage1,,"[[[21, 807], [38, 807]], [], [true, true]]",
9326,q,a,cx_stage2,,"[[[21, 807], [38, 807]], [], [true, true]]",
9327,q,a,cx_stage3,,"[[[21, 807], [38, 807]], [], [true, true]]",
9328,q,a,cx_stage1,,"[[[21, 810], [39, 810]], [], [true, true]]",
9329,q,a,cx_stage2,,"[[[21, 810], [39, 810]], [], [true, true]]",
9330,q,a,cx_stage3,,"[[[21, 810], [39, 810]], [], [true, true]]",
9331,q,a,cx_stage1,,"[[[21, 814], [39, 814]], [], [true, true]]",
9332,q,a,cx_stage2,,"[[[21, 814], [39, 814]], [], [true, true]]",
9333,q,a,cx_stage3,,"[[[21, 814], [39, 814]], [], [true, true]]",
9334,q,a,cx_stage1,,"[[[21, 817], [40, 817]], [], [true, true]]",
9335,q,a,cx_stage2,,"[[[21, 817], [40, 817]], [], [true, true]]",
9336,q,a,cx_stage3,,"[[[21, 817], [40, 817]], [], [true, true]]",
9337,q,a,cx_stage1,,"[[[21, 821], [40, 821]], [], [true, true]]",
9338,q,a,cx_stage2,,"[[[21, 821], [40, 821]], [], [true, true]]",
9339,q,a,cx_stage3,,"[[[21, 821], [40, 821]], [], [true, true]]",
9340,q,a,cx_stage1,,"[[[21, 824], [41, 824]], [], [true, true]]",
9341,q,a,cx_stage2,,"[[[21, 824], [41, 824]], [], [true, true]]",
9342,q,a,cx_stage3,,"[[[21, 824], [41, 824]], [], [true, true]]",
9343,q,a,cx_stage1,,"[[[21, 828], [41, 828]], [], [true, true]]",
9344,q,a,cx_stage2,,"[[[21, 828], [41, 828]], [], [true, true]]",
9345,q,a,cx_stage3,,"[[[21, 828], [41, 828]], [], [true, true]]",
9346,q,a,cx_stage1,,"[[[21, 831], [42, 831]], [], [true, true]]",
9347,q,a,cx_stage2,,"[[[21, 831], [42, 831]], [], [true, true]]",
9348,q,a,cx_stage3,,"[[[21, 831], [42, 831]], [], [true, true]]",
9349,q,a,cx_stage1,,"[[[21, 835], [42, 835]], [], [true, true]]",
9350,q,a,cx_stage2,,"[[[21, 835], [42, 835]], [], [true, true]]",
9351,q,a,cx_stage3,,"[[[21, 835], [42, 835]], [], [true, true]]",
9352,q,a,cx_stage1,,"[[[21, 838], [43, 838]], [], [true, true]]",
9353,q,a,cx_stage2,,"[[[21, 838], [43, 838]], [], [true, true]]",
9354,q,a,cx_stage3,,"[[[21, 838], [43, 838]], [], [true, true]]",
9355,q,a,cx_stage1,,"[[[21, 842], [43, 842]], [], [true, true]]",
9356,q,a,cx_stage2,,"[[[21, 842], [43, 842]], [], [true, true]]",
9357,q,a,cx_stage3,,"[[[21, 842], [43, 842]], [], [true, true]]",
9358,q,a,cx_stage1,,"[[[21, 845], [44, 845]], [], [true, true]]",
9359,q,a,cx_stage2,,"[[[21, 845], [44, 845]], [], [true, true]]",
9360,q,a,cx_stage3,,"[[[21, 845], [44, 845]], [], [true, true]]",
9361,q,a,cx_stage1,,"[[[21, 849], [44, 849]], [], [true, true]]",
9362,q,a,cx_stage2,,"[[[21, 849], [44, 849]], [], [true, true]]",
9363,q,a,cx_stage3,,"[[[21, 849], [44, 849]], [], [true, true]]",
9364,q,a,cx_stage1,,"[[[21, 852], [45, 852]], [], [true, true]]",
9365,q,a,cx_stage2,,"[[[21, 852], [45, 852]], [], [true, true]]",
9366,q,a,cx_stage3,,"[[[21, 852], [45, 852]], [], [true, true]]",
9367,q,a,cx_stage1,,"[[[21, 856], [45, 856]], [], [true, true]]",
9368,q,a,cx_stage2,,"[[[21, 856], [45, 856]], [], [true, true]]",
9369,q,a,cx_stage3,,"[[[21, 856], [45, 856]], [], [true, true]]",
9370,q,a,cx_stage1,,"[[[21, 859], [46, 859]], [], [true, true]]",
9371,q,a,cx_stage2,,"[[[21, 859], [46, 859]], [], [true, true]]",
9372,q,a,cx_stage3,,"[[[21, 859], [46, 859]], [], [true, true]]",
9373,q,a,cx_stage1,,"[[[21, 863], [46, 863]], [], [true, true]]",
9374,q,a,cx_stage2,,"[[[21, 863], [46, 863]], [], [true, true]]",
9375,q,a,cx_stage3,,"[[[21, 863], [46, 863]], [], [true, true]]",
9376,q,a,cx_stage1,,"[[[21, 866], [47, 866]], [], [true, true]]",
9377,q,a,cx_stage2,,"[[[21, 866], [47, 866]], [], [true, true]]",
9378,q,a,cx_stage3,,"[[[21, 866], [47, 866]], [], [true, true]]",
9379,q,a,cx_stage1,,"[[[21, 870], [47, 870]], [], [true, true]]",
9380,q,a,cx_stage2,,"[[[21, 870], [47, 870]], [], [true, true]]",
9381,q,a,cx_stage3,,"[[[21, 870], [47, 870]], [], [true, true]]",
9382,q,a,cx_stage1,,"[[[21, 873], [48, 873]], [], [true, true]]",
9383,q,a,cx_stage2,,"[[[21, 873], [48, 873]], [], [true, true]]",
9384,q,a,cx_stage3,,"[[[21, 873], [48, 873]], [], [true, true]]",
9385,q,a,cx_stage1,,"[[[21, 877], [48, 877]], [], [true, true]]",
9386,q,a,cx_stage2,,"[[[21, 877], [48, 877]], [], [true, true]]",
9387,q,a,cx_stage3,,"[[[21, 877], [48, 877]], [], [true, true]]",
9388,q,a,cx_stage1,,"[[[21, 880], [49, 880]], [], [true, true]]",
9389,q,a,cx_stage2,,"[[[21, 880], [49, 880]], [], [true, true]]",
9390,q,a,cx_stage3,,"[[[21, 880], [49, 880]], [], [true, true]]",
9391,q,a,cx_stage1,,"[[[21, 884], [49, 884]], [], [true, true]]",
9392,q,a,cx_stage2,,"[[[21, 884], [49, 884]], [], [true, true]]",
9393,q,a,cx_stage3,,"[[[21, 884], [49, 884]], [], [true, true]]",
9394,q,a,cx_stage1,,"[[[21, 887], [50, 887]], [], [true, true]]",
9395,q,a,cx_stage2,,"[[[21, 887], [50, 887]], [], [true, true]]",
9396,q,a,cx_stage3,,"[[[21, 887], [50, 887]], [], [true, true]]",
9397,q,a,cx_stage1,,"[[[21, 891], [50, 891]], [], [true, true]]",
9398,q,a,cx_stage2,,"[[[21, 891], [50, 891]], [], [true, true]]",
9399,q,a,cx_stage3,,"[[[21, 891], [50, 891]], [], [true, true]]",
9400,q,a,cx_stage1,,"[[[21, 894], [51, 894]], [], [true, true]]",
9401,q,a,cx_stage2,,"[[[21, 894], [51, 894]], [], [true, true]]",
9402,q,a,cx_stage3,,"[[[21, 894], [51, 894]], [], [true, true]]",
9403,q,a,cx_stage1,,"[[[21, 898], [51, 898]], [], [true, true]]",
9404,q,a,cx_stage2,,"[[[21, 898], [51, 898]], [], [true, true]]",
9405,q,a,cx_stage3,,"[[[21, 898], [51, 898]], [], [true, true]]",
9406,q,a,cx_stage1,,"[[[21, 901], [52, 901]], [], [true, true]]",
9407,q,a,cx_stage2,,"[[[21, 901], [52, 901]], [], [true, true]]",
9408,q,a,cx_stage3,,"[[[21, 901], [52, 901]], [], [true, true]]",
9409,q,a,cx_stage1,,"[[[21, 905], [52, 905]], [], [true, true]]",
9410,q,a,cx_stage2,,"[[[21, 905], [52, 905]], [], [true, true]]",
9411,q,a,cx_stage3,,"[[[21, 905], [52, 905]], [], [true, true]]",
9412,q,a,cx_stage1,,"[[[21, 908], [53, 908]], [], [true, true]]",
9413,q,a,cx_stage2,,"[[[21, 908], [53, 908]], [], [true, true]]",
9414,q,a,cx_stage3,,"[[[21, 908], [53, 908]], [], [true, true]]",
9415,q,a,cx_stage1,,"[[[21, 912], [53, 912]], [], [true, true]]",
9416,q,a,cx_stage2,,"[[[21, 912], [53, 912]], [], [true, true]]",
9417,q,a,cx_stage3,,"[[[21, 912], [53, 912]], [], [true, true]]",
9418,q,a,cx_stage1,,"[[[21, 915], [54, 915]], [], [true, true]]",
9419,q,a,cx_stage2,,"[[[21, 915], [54, 915]], [], [true, true]]",
9420,q,a,cx_stage3,,"[[[21, 915], [54, 915]], [], [true, true]]",
9421,q,a,cx_stage1,,"[[[21, 919], [54, 919]], [], [true, true]]",
9422,q,a,cx_stage2,,"[[[21, 919], [54, 919]], [], [true, true]]",
9423,q,a,cx_stage3,,"[[[21, 919], [54, 919]], [], [true, true]]",
9424,q,a,cx_stage1,,"[[[21, 922], [55, 922]], [], [true, true]]",
9425,q,a,cx_stage2,,"[[[21, 922], [55, 922]], [], [true, true]]",
9426,q,a,cx_stage3,,"[[[21, 922], [55, 922]], [], [true, true]]",
9427,q,a,cx_stage1,,"[[[21, 926], [55, 926]], [], [true, true]]",
9428,q,a,cx_stage2,,"[[[21, 926], [55, 926]], [], [true, true]]",
9429,q,a,cx_stage3,,"[[[21, 926], [55, 926]], [], [true, true]]",
9430,q,a,ry,,"[[[21, 927]], [], [true]]",
9431,q,a,u2,,"[[[22, 1]], [], [true]]",
9432,q,a,cx_stage1,,"[[[0, 151], [22, 151]], [], [true, true]]",
9433,q,a,cx_stage2,,"[[[22, 1257], [23, 1257]], [], [true, true]]",
9434,q,a,cx_stage1,,"[[[22, 1257], [23, 1257]], [], [true, true]]",
9435,q,a,cx_stage3,,"[[[22, 1257], [23, 1257]], [], [true, true]]",
9436,q,a,cx_stage1,,"[[[21, 1260], [22, 1260]], [], [true, true]]",
9437,q,a,cx_stage3,,"[[[21, 1260], [22, 1260]], [], [true, true]]",
9438,q,a,ry,,"[[[22, 1261]], [], [true]]",
9439,q,a,cx_stage3,,"[[[0, 151], [22, 151]], [], [true, true]]",
9440,q,a,p,,"[[[22, 152]], [], [true]]",
9441,q,a,cx_stage1,,"[[[0, 155], [22, 155]], [], [true, true]]",
9442,q,a,cx_stage3,,"[[[0, 155], [22, 155]], [], [true, true]]",
9443,q,a,cx_stage1,,"[[[1, 158], [22, 158]], [], [true, true]]",
9444,q,a,cx_stage3,,"[[[1, 158], [22, 158]], [], [true, true]]",
9445,q,a,p,,"[[[22, 159]], [], [true]]",
9446,q,a,cx_stage1,,"[[[1, 162], [22, 162]], [], [true, true]]",
9447,q,a,cx_stage3,,"[[[1, 162], [22, 162]], [], [true, true]]",
9448,q,a,cx_stage1,,"[[[2, 165], [22, 165]], [], [true, true]]",
9449,q,a,cx_stage2,,"[[[2, 165], [22, 165]], [], [true, true]]",
9450,q,a,cx_stage3,,"[[[2, 165], [22, 165]], [], [true, true]]",
9451,q,a,p,,"[[[22, 166]], [], [true]]",
9452,q,a,cx_stage1,,"[[[2, 169], [22, 169]], [], [true, true]]",
9453,q,a,cx_stage2,,"[[[2, 169], [22, 169]], [], [true, true]]",
9454,q,a,cx_stage3,,"[[[2, 169], [22, 169]], [], [true, true]]",
9455,q,a,cx_stage1,,"[[[3, 172], [22, 172]], [], [true, true]]",
9456,q,a,cx_stage2,,"[[[3, 172], [22, 172]], [], [true, true]]",
9457,q,a,cx_stage3,,"[[[3, 172], [22, 172]], [], [true, true]]",
9458,q,a,p,,"[[[22, 173]], [], [true]]",
9459,q,a,cx_stage1,,"[[[3, 176], [22, 176]], [], [true, true]]",
9460,q,a,cx_stage2,,"[[[3, 176], [22, 176]], [], [true, true]]",
9461,q,a,cx_stage3,,"[[[3, 176], [22, 176]], [], [true, true]]",
9462,q,a,cx_stage1,,"[[[4, 179], [22, 179]], [], [true, true]]",
9463,q,a,cx_stage2,,"[[[4, 179], [22, 179]], [], [true, true]]",
9464,q,a,cx_stage3,,"[[[4, 179], [22, 179]], [], [true, true]]",
9465,q,a,p,,"[[[22, 180]], [], [true]]",
9466,q,a,cx_stage1,,"[[[4, 183], [22, 183]], [], [true, true]]",
9467,q,a,cx_stage2,,"[[[4, 183], [22, 183]], [], [true, true]]",
9468,q,a,cx_stage3,,"[[[4, 183], [22, 183]], [], [true, true]]",
9469,q,a,cx_stage1,,"[[[5, 186], [22, 186]], [], [true, true]]",
9470,q,a,cx_stage2,,"[[[5, 186], [22, 186]], [], [true, true]]",
9471,q,a,cx_stage3,,"[[[5, 186], [22, 186]], [], [true, true]]",
9472,q,a,p,,"[[[22, 187]], [], [true]]",
9473,q,a,cx_stage1,,"[[[5, 190], [22, 190]], [], [true, true]]",
9474,q,a,cx_stage2,,"[[[5, 190], [22, 190]], [], [true, true]]",
9475,q,a,cx_stage3,,"[[[5, 190], [22, 190]], [], [true, true]]",
9476,q,a,cx_stage1,,"[[[6, 193], [22, 193]], [], [true, true]]",
9477,q,a,cx_stage2,,"[[[6, 193], [22, 193]], [], [true, true]]",
9478,q,a,cx_stage3,,"[[[6, 193], [22, 193]], [], [true, true]]",
9479,q,a,p,,"[[[22, 194]], [], [true]]",
9480,q,a,cx_stage1,,"[[[6, 197], [22, 197]], [], [true, true]]",
9481,q,a,cx_stage2,,"[[[6, 197], [22, 197]], [], [true, true]]",
9482,q,a,cx_stage3,,"[[[6, 197], [22, 197]], [], [true, true]]",
9483,q,a,cx_stage1,,"[[[7, 200], [22, 200]], [], [true, true]]",
9484,q,a,cx_stage2,,"[[[7, 200], [22, 200]], [], [true, true]]",
9485,q,a,cx_stage3,,"[[[7, 200], [22, 200]], [], [true, true]]",
9486,q,a,p,,"[[[22, 201]], [], [true]]",
9487,q,a,cx_stage1,,"[[[7, 204], [22, 204]], [], [true, true]]",
9488,q,a,cx_stage2,,"[[[7, 204], [22, 204]], [], [true, true]]",
9489,q,a,cx_stage3,,"[[[7, 204], [22, 204]], [], [true, true]]",
9490,q,a,cx_stage1,,"[[[8, 207], [22, 207]], [], [true, true]]",
9491,q,a,cx_stage2,,"[[[8, 207], [22, 207]], [], [true, true]]",
9492,q,a,cx_stage3,,"[[[8, 207], [22, 207]], [], [true, true]]",
9493,q,a,p,,"[[[22, 208]], [], [true]]",
9494,q,a,cx_stage1,,"[[[8, 211], [22, 211]], [], [true, true]]",
9495,q,a,cx_stage2,,"[[[8, 211], [22, 211]], [], [true, true]]",
9496,q,a,cx_stage3,,"[[[8, 211], [22, 211]], [], [true, true]]",
9497,q,a,cx_stage1,,"[[[9, 214], [22, 214]], [], [true, true]]",
9498,q,a,cx_stage2,,"[[[9, 214], [22, 214]], [], [true, true]]",
9499,q,a,cx_stage3,,"[[[9, 214], [22, 214]], [], [true, true]]",
9500,q,a,p,,"[[[22, 215]], [], [true]]",
9501,q,a,cx_stage1,,"[[[9, 218], [22, 218]], [], [true, true]]",
9502,q,a,cx_stage2,,"[[[9, 218], [22, 218]], [], [true, true]]",
9503,q,a,cx_stage3,,"[[[9, 218], [22, 218]], [], [true, true]]",
9504,q,a,cx_stage1,,"[[[10, 221], [22, 221]], [], [true, true]]",
9505,q,a,cx_stage3,,"[[[10, 221], [22, 221]], [], [true, true]]",
9506,q,a,p,,"[[[22, 222]], [], [true]]",
9507,q,a,cx_stage1,,"[[[10, 225], [22, 225]], [], [true, true]]",
9508,q,a,cx_stage3,,"[[[10, 225], [22, 225]], [], [true, true]]",
9509,q,a,cx_stage1,,"[[[11, 228], [22, 228]], [], [true, true]]",
9510,q,a,cx_stage3,,"[[[11, 228], [22, 228]], [], [true, true]]",
9511,q,a,p,,"[[[22, 229]], [], [true]]",
9512,q,a,cx_stage1,,"[[[11, 232], [22, 232]], [], [true, true]]",
9513,q,a,cx_stage3,,"[[[11, 232], [22, 232]], [], [true, true]]",
9514,q,a,cx_stage1,,"[[[12, 235], [22, 235]], [], [true, true]]",
9515,q,a,cx_stage3,,"[[[12, 235], [22, 235]], [], [true, true]]",
9516,q,a,p,,"[[[22, 236]], [], [true]]",
9517,q,a,cx_stage1,,"[[[12, 239], [22, 239]], [], [true, true]]",
9518,q,a,cx_stage3,,"[[[12, 239], [22, 239]], [], [true, true]]",
9519,q,a,cx_stage1,,"[[[13, 242], [22, 242]], [], [true, true]]",
9520,q,a,cx_stage3,,"[[[13, 242], [22, 242]], [], [true, true]]",
9521,q,a,p,,"[[[22, 243]], [], [true]]",
9522,q,a,cx_stage1,,"[[[13, 246], [22, 246]], [], [true, true]]",
9523,q,a,cx_stage3,,"[[[13, 246], [22, 246]], [], [true, true]]",
9524,q,a,cx_stage1,,"[[[14, 249], [22, 249]], [], [true, true]]",
9525,q,a,cx_stage3,,"[[[14, 249], [22, 249]], [], [true, true]]",
9526,q,a,p,,"[[[22, 250]], [], [true]]",
9527,q,a,cx_stage1,,"[[[14, 253], [22, 253]], [], [true, true]]",
9528,q,a,cx_stage3,,"[[[14, 253], [22, 253]], [], [true, true]]",
9529,q,a,cx_stage1,,"[[[15, 256], [22, 256]], [], [true, true]]",
9530,q,a,cx_stage3,,"[[[15, 256], [22, 256]], [], [true, true]]",
9531,q,a,p,,"[[[22, 257]], [], [true]]",
9532,q,a,cx_stage1,,"[[[15, 260], [22, 260]], [], [true, true]]",
9533,q,a,cx_stage3,,"[[[15, 260], [22, 260]], [], [true, true]]",
9534,q,a,cx_stage1,,"[[[16, 263], [22, 263]], [], [true, true]]",
9535,q,a,cx_stage3,,"[[[16, 263], [22, 263]], [], [true, true]]",
9536,q,a,p,,"[[[22, 264]], [], [true]]",
9537,q,a,cx_stage1,,"[[[16, 267], [22, 267]], [], [true, true]]",
9538,q,a,cx_stage3,,"[[[16, 267], [22, 267]], [], [true, true]]",
9539,q,a,cx_stage1,,"[[[17, 270], [22, 270]], [], [true, true]]",
9540,q,a,cx_stage3,,"[[[17, 270], [22, 270]], [], [true, true]]",
9541,q,a,p,,"[[[22, 271]], [], [true]]",
9542,q,a,cx_stage1,,"[[[17, 274], [22, 274]], [], [true, true]]",
9543,q,a,cx_stage3,,"[[[17, 274], [22, 274]], [], [true, true]]",
9544,q,a,cx_stage1,,"[[[18, 277], [22, 277]], [], [true, true]]",
9545,q,a,cx_stage3,,"[[[18, 277], [22, 277]], [], [true, true]]",
9546,q,a,p,,"[[[22, 278]], [], [true]]",
9547,q,a,cx_stage1,,"[[[18, 281], [22, 281]], [], [true, true]]",
9548,q,a,cx_stage3,,"[[[18, 281], [22, 281]], [], [true, true]]",
9549,q,a,cx_stage1,,"[[[19, 284], [22, 284]], [], [true, true]]",
9550,q,a,cx_stage3,,"[[[19, 284], [22, 284]], [], [true, true]]",
9551,q,a,p,,"[[[22, 285]], [], [true]]",
9552,q,a,cx_stage1,,"[[[19, 288], [22, 288]], [], [true, true]]",
9553,q,a,cx_stage3,,"[[[19, 288], [22, 288]], [], [true, true]]",
9554,q,a,cx_stage1,,"[[[20, 291], [22, 291]], [], [true, true]]",
9555,q,a,cx_stage3,,"[[[20, 291], [22, 291]], [], [true, true]]",
9556,q,a,p,,"[[[22, 292]], [], [true]]",
9557,q,a,cx_stage1,,"[[[20, 295], [22, 295]], [], [true, true]]",
9558,q,a,cx_stage3,,"[[[20, 295], [22, 295]], [], [true, true]]",
9559,q,a,cx_stage1,,"[[[21, 298], [22, 298]], [], [true, true]]",
9560,q,a,cx_stage3,,"[[[21, 298], [22, 298]], [], [true, true]]",
9561,q,a,p,,"[[[22, 299]], [], [true]]",
9562,q,a,cx_stage1,,"[[[21, 302], [22, 302]], [], [true, true]]",
9563,q,a,cx_stage3,,"[[[21, 302], [22, 302]], [], [true, true]]",
9564,q,a,cx_stage1,,"[[[22, 312], [23, 312]], [], [true, true]]",
9565,q,a,cx_stage2,,"[[[22, 312], [23, 312]], [], [true, true]]",
9566,q,a,cx_stage3,,"[[[22, 312], [23, 312]], [], [true, true]]",
9567,q,a,cx_stage1,,"[[[22, 316], [23, 316]], [], [true, true]]",
9568,q,a,cx_stage2,,"[[[22, 316], [23, 316]], [], [true, true]]",
9569,q,a,cx_stage3,,"[[[22, 316], [23, 316]], [], [true, true]]",
9570,q,a,cx_stage1,,"[[[22, 319], [24, 319]], [], [true, true]]",
9571,q,a,cx_stage2,,"[[[22, 319], [24, 319]], [], [true, true]]",
9572,q,a,cx_stage3,,"[[[22, 319], [24, 319]], [], [true, true]]",
9573,q,a,cx_stage1,,"[[[22, 323], [24, 323]], [], [true, true]]",
9574,q,a,cx_stage2,,"[[[22, 323], [24, 323]], [], [true, true]]",
9575,q,a,cx_stage3,,"[[[22, 323], [24, 323]], [], [true, true]]",
9576,q,a,cx_stage1,,"[[[22, 326], [25, 326]], [], [true, true]]",
9577,q,a,cx_stage2,,"[[[22, 326], [25, 326]], [], [true, true]]",
9578,q,a,cx_stage3,,"[[[22, 326], [25, 326]], [], [true, true]]",
9579,q,a,cx_stage1,,"[[[22, 330], [25, 330]], [], [true, true]]",
9580,q,a,cx_stage2,,"[[[22, 330], [25, 330]], [], [true, true]]",
9581,q,a,cx_stage3,,"[[[22, 330], [25, 330]], [], [true, true]]",
9582,q,a,cx_stage1,,"[[[22, 333], [26, 333]], [], [true, true]]",
9583,q,a,cx_stage2,,"[[[22, 333], [26, 333]], [], [true, true]]",
9584,q,a,cx_stage3,,"[[[22, 333], [26, 333]], [], [true, true]]",
9585,q,a,cx_stage1,,"[[[22, 337], [26, 337]], [], [true, true]]",
9586,q,a,cx_stage2,,"[[[22, 337], [26, 337]], [], [true, true]]",
9587,q,a,cx_stage3,,"[[[22, 337], [26, 337]], [], [true, true]]",
9588,q,a,cx_stage1,,"[[[22, 340], [27, 340]], [], [true, true]]",
9589,q,a,cx_stage2,,"[[[22, 340], [27, 340]], [], [true, true]]",
9590,q,a,cx_stage3,,"[[[22, 340], [27, 340]], [], [true, true]]",
9591,q,a,cx_stage1,,"[[[22, 344], [27, 344]], [], [true, true]]",
9592,q,a,cx_stage2,,"[[[22, 344], [27, 344]], [], [true, true]]",
9593,q,a,cx_stage3,,"[[[22, 344], [27, 344]], [], [true, true]]",
9594,q,a,cx_stage1,,"[[[22, 347], [28, 347]], [], [true, true]]",
9595,q,a,cx_stage2,,"[[[22, 347], [28, 347]], [], [true, true]]",
9596,q,a,cx_stage3,,"[[[22, 347], [28, 347]], [], [true, true]]",
9597,q,a,cx_stage1,,"[[[22, 351], [28, 351]], [], [true, true]]",
9598,q,a,cx_stage2,,"[[[22, 351], [28, 351]], [], [true, true]]",
9599,q,a,cx_stage3,,"[[[22, 351], [28, 351]], [], [true, true]]",
9600,q,a,cx_stage1,,"[[[22, 354], [29, 354]], [], [true, true]]",
9601,q,a,cx_stage2,,"[[[22, 354], [29, 354]], [], [true, true]]",
9602,q,a,cx_stage3,,"[[[22, 354], [29, 354]], [], [true, true]]",
9603,q,a,cx_stage1,,"[[[22, 358], [29, 358]], [], [true, true]]",
9604,q,a,cx_stage2,,"[[[22, 358], [29, 358]], [], [true, true]]",
9605,q,a,cx_stage3,,"[[[22, 358], [29, 358]], [], [true, true]]",
9606,q,a,cx_stage1,,"[[[22, 361], [30, 361]], [], [true, true]]",
9607,q,a,cx_stage2,,"[[[22, 361], [30, 361]], [], [true, true]]",
9608,q,a,cx_stage3,,"[[[22, 361], [30, 361]], [], [true, true]]",
9609,q,a,cx_stage1,,"[[[22, 365], [30, 365]], [], [true, true]]",
9610,q,a,cx_stage2,,"[[[22, 365], [30, 365]], [], [true, true]]",
9611,q,a,cx_stage3,,"[[[22, 365], [30, 365]], [], [true, true]]",
9612,q,a,cx_stage1,,"[[[22, 368], [31, 368]], [], [true, true]]",
9613,q,a,cx_stage2,,"[[[22, 368], [31, 368]], [], [true, true]]",
9614,q,a,cx_stage3,,"[[[22, 368], [31, 368]], [], [true, true]]",
9615,q,a,cx_stage1,,"[[[22, 372], [31, 372]], [], [true, true]]",
9616,q,a,cx_stage2,,"[[[22, 372], [31, 372]], [], [true, true]]",
9617,q,a,cx_stage3,,"[[[22, 372], [31, 372]], [], [true, true]]",
9618,q,a,cx_stage1,,"[[[22, 375], [32, 375]], [], [true, true]]",
9619,q,a,cx_stage2,,"[[[22, 375], [32, 375]], [], [true, true]]",
9620,q,a,cx_stage3,,"[[[22, 375], [32, 375]], [], [true, true]]",
9621,q,a,cx_stage1,,"[[[22, 379], [32, 379]], [], [true, true]]",
9622,q,a,cx_stage2,,"[[[22, 379], [32, 379]], [], [true, true]]",
9623,q,a,cx_stage3,,"[[[22, 379], [32, 379]], [], [true, true]]",
9624,q,a,cx_stage1,,"[[[22, 382], [33, 382]], [], [true, true]]",
9625,q,a,cx_stage2,,"[[[22, 382], [33, 382]], [], [true, true]]",
9626,q,a,cx_stage3,,"[[[22, 382], [33, 382]], [], [true, true]]",
9627,q,a,cx_stage1,,"[[[22, 386], [33, 386]], [], [true, true]]",
9628,q,a,cx_stage2,,"[[[22, 386], [33, 386]], [], [true, true]]",
9629,q,a,cx_stage3,,"[[[22, 386], [33, 386]], [], [true, true]]",
9630,q,a,cx_stage1,,"[[[22, 389], [34, 389]], [], [true, true]]",
9631,q,a,cx_stage2,,"[[[22, 389], [34, 389]], [], [true, true]]",
9632,q,a,cx_stage3,,"[[[22, 389], [34, 389]], [], [true, true]]",
9633,q,a,cx_stage1,,"[[[22, 393], [34, 393]], [], [true, true]]",
9634,q,a,cx_stage2,,"[[[22, 393], [34, 393]], [], [true, true]]",
9635,q,a,cx_stage3,,"[[[22, 393], [34, 393]], [], [true, true]]",
9636,q,a,cx_stage1,,"[[[22, 396], [35, 396]], [], [true, true]]",
9637,q,a,cx_stage2,,"[[[22, 396], [35, 396]], [], [true, true]]",
9638,q,a,cx_stage3,,"[[[22, 396], [35, 396]], [], [true, true]]",
9639,q,a,cx_stage1,,"[[[22, 400], [35, 400]], [], [true, true]]",
9640,q,a,cx_stage2,,"[[[22, 400], [35, 400]], [], [true, true]]",
9641,q,a,cx_stage3,,"[[[22, 400], [35, 400]], [], [true, true]]",
9642,q,a,cx_stage1,,"[[[22, 403], [36, 403]], [], [true, true]]",
9643,q,a,cx_stage2,,"[[[22, 403], [36, 403]], [], [true, true]]",
9644,q,a,cx_stage3,,"[[[22, 403], [36, 403]], [], [true, true]]",
9645,q,a,cx_stage1,,"[[[22, 407], [36, 407]], [], [true, true]]",
9646,q,a,cx_stage2,,"[[[22, 407], [36, 407]], [], [true, true]]",
9647,q,a,cx_stage3,,"[[[22, 407], [36, 407]], [], [true, true]]",
9648,q,a,cx_stage1,,"[[[22, 410], [37, 410]], [], [true, true]]",
9649,q,a,cx_stage2,,"[[[22, 410], [37, 410]], [], [true, true]]",
9650,q,a,cx_stage3,,"[[[22, 410], [37, 410]], [], [true, true]]",
9651,q,a,cx_stage1,,"[[[22, 414], [37, 414]], [], [true, true]]",
9652,q,a,cx_stage2,,"[[[22, 414], [37, 414]], [], [true, true]]",
9653,q,a,cx_stage3,,"[[[22, 414], [37, 414]], [], [true, true]]",
9654,q,a,cx_stage1,,"[[[22, 417], [38, 417]], [], [true, true]]",
9655,q,a,cx_stage2,,"[[[22, 417], [38, 417]], [], [true, true]]",
9656,q,a,cx_stage3,,"[[[22, 417], [38, 417]], [], [true, true]]",
9657,q,a,cx_stage1,,"[[[22, 421], [38, 421]], [], [true, true]]",
9658,q,a,cx_stage2,,"[[[22, 421], [38, 421]], [], [true, true]]",
9659,q,a,cx_stage3,,"[[[22, 421], [38, 421]], [], [true, true]]",
9660,q,a,cx_stage1,,"[[[22, 424], [39, 424]], [], [true, true]]",
9661,q,a,cx_stage2,,"[[[22, 424], [39, 424]], [], [true, true]]",
9662,q,a,cx_stage3,,"[[[22, 424], [39, 424]], [], [true, true]]",
9663,q,a,cx_stage1,,"[[[22, 428], [39, 428]], [], [true, true]]",
9664,q,a,cx_stage2,,"[[[22, 428], [39, 428]], [], [true, true]]",
9665,q,a,cx_stage3,,"[[[22, 428], [39, 428]], [], [true, true]]",
9666,q,a,cx_stage1,,"[[[22, 431], [40, 431]], [], [true, true]]",
9667,q,a,cx_stage2,,"[[[22, 431], [40, 431]], [], [true, true]]",
9668,q,a,cx_stage3,,"[[[22, 431], [40, 431]], [], [true, true]]",
9669,q,a,cx_stage1,,"[[[22, 435], [40, 435]], [], [true, true]]",
9670,q,a,cx_stage2,,"[[[22, 435], [40, 435]], [], [true, true]]",
9671,q,a,cx_stage3,,"[[[22, 435], [40, 435]], [], [true, true]]",
9672,q,a,cx_stage1,,"[[[22, 438], [41, 438]], [], [true, true]]",
9673,q,a,cx_stage2,,"[[[22, 438], [41, 438]], [], [true, true]]",
9674,q,a,cx_stage3,,"[[[22, 438], [41, 438]], [], [true, true]]",
9675,q,a,cx_stage1,,"[[[22, 442], [41, 442]], [], [true, true]]",
9676,q,a,cx_stage2,,"[[[22, 442], [41, 442]], [], [true, true]]",
9677,q,a,cx_stage3,,"[[[22, 442], [41, 442]], [], [true, true]]",
9678,q,a,cx_stage1,,"[[[22, 445], [42, 445]], [], [true, true]]",
9679,q,a,cx_stage2,,"[[[22, 445], [42, 445]], [], [true, true]]",
9680,q,a,cx_stage3,,"[[[22, 445], [42, 445]], [], [true, true]]",
9681,q,a,cx_stage1,,"[[[22, 449], [42, 449]], [], [true, true]]",
9682,q,a,cx_stage2,,"[[[22, 449], [42, 449]], [], [true, true]]",
9683,q,a,cx_stage3,,"[[[22, 449], [42, 449]], [], [true, true]]",
9684,q,a,cx_stage1,,"[[[22, 452], [43, 452]], [], [true, true]]",
9685,q,a,cx_stage2,,"[[[22, 452], [43, 452]], [], [true, true]]",
9686,q,a,cx_stage3,,"[[[22, 452], [43, 452]], [], [true, true]]",
9687,q,a,cx_stage1,,"[[[22, 456], [43, 456]], [], [true, true]]",
9688,q,a,cx_stage2,,"[[[22, 456], [43, 456]], [], [true, true]]",
9689,q,a,cx_stage3,,"[[[22, 456], [43, 456]], [], [true, true]]",
9690,q,a,cx_stage1,,"[[[22, 459], [44, 459]], [], [true, true]]",
9691,q,a,cx_stage2,,"[[[22, 459], [44, 459]], [], [true, true]]",
9692,q,a,cx_stage3,,"[[[22, 459], [44, 459]], [], [true, true]]",
9693,q,a,cx_stage1,,"[[[22, 463], [44, 463]], [], [true, true]]",
9694,q,a,cx_stage2,,"[[[22, 463], [44, 463]], [], [true, true]]",
9695,q,a,cx_stage3,,"[[[22, 463], [44, 463]], [], [true, true]]",
9696,q,a,cx_stage1,,"[[[22, 466], [45, 466]], [], [true, true]]",
9697,q,a,cx_stage2,,"[[[22, 466], [45, 466]], [], [true, true]]",
9698,q,a,cx_stage3,,"[[[22, 466], [45, 466]], [], [true, true]]",
9699,q,a,cx_stage1,,"[[[22, 470], [45, 470]], [], [true, true]]",
9700,q,a,cx_stage2,,"[[[22, 470], [45, 470]], [], [true, true]]",
9701,q,a,cx_stage3,,"[[[22, 470], [45, 470]], [], [true, true]]",
9702,q,a,cx_stage1,,"[[[22, 473], [46, 473]], [], [true, true]]",
9703,q,a,cx_stage2,,"[[[22, 473], [46, 473]], [], [true, true]]",
9704,q,a,cx_stage3,,"[[[22, 473], [46, 473]], [], [true, true]]",
9705,q,a,cx_stage1,,"[[[22, 477], [46, 477]], [], [true, true]]",
9706,q,a,cx_stage2,,"[[[22, 477], [46, 477]], [], [true, true]]",
9707,q,a,cx_stage3,,"[[[22, 477], [46, 477]], [], [true, true]]",
9708,q,a,cx_stage1,,"[[[22, 480], [47, 480]], [], [true, true]]",
9709,q,a,cx_stage2,,"[[[22, 480], [47, 480]], [], [true, true]]",
9710,q,a,cx_stage3,,"[[[22, 480], [47, 480]], [], [true, true]]",
9711,q,a,cx_stage1,,"[[[22, 484], [47, 484]], [], [true, true]]",
9712,q,a,cx_stage2,,"[[[22, 484], [47, 484]], [], [true, true]]",
9713,q,a,cx_stage3,,"[[[22, 484], [47, 484]], [], [true, true]]",
9714,q,a,cx_stage1,,"[[[22, 487], [48, 487]], [], [true, true]]",
9715,q,a,cx_stage2,,"[[[22, 487], [48, 487]], [], [true, true]]",
9716,q,a,cx_stage3,,"[[[22, 487], [48, 487]], [], [true, true]]",
9717,q,a,cx_stage1,,"[[[22, 491], [48, 491]], [], [true, true]]",
9718,q,a,cx_stage2,,"[[[22, 491], [48, 491]], [], [true, true]]",
9719,q,a,cx_stage3,,"[[[22, 491], [48, 491]], [], [true, true]]",
9720,q,a,cx_stage1,,"[[[22, 494], [49, 494]], [], [true, true]]",
9721,q,a,cx_stage2,,"[[[22, 494], [49, 494]], [], [true, true]]",
9722,q,a,cx_stage3,,"[[[22, 494], [49, 494]], [], [true, true]]",
9723,q,a,cx_stage1,,"[[[22, 498], [49, 498]], [], [true, true]]",
9724,q,a,cx_stage2,,"[[[22, 498], [49, 498]], [], [true, true]]",
9725,q,a,cx_stage3,,"[[[22, 498], [49, 498]], [], [true, true]]",
9726,q,a,cx_stage1,,"[[[22, 501], [50, 501]], [], [true, true]]",
9727,q,a,cx_stage2,,"[[[22, 501], [50, 501]], [], [true, true]]",
9728,q,a,cx_stage3,,"[[[22, 501], [50, 501]], [], [true, true]]",
9729,q,a,cx_stage1,,"[[[22, 505], [50, 505]], [], [true, true]]",
9730,q,a,cx_stage2,,"[[[22, 505], [50, 505]], [], [true, true]]",
9731,q,a,cx_stage3,,"[[[22, 505], [50, 505]], [], [true, true]]",
9732,q,a,cx_stage1,,"[[[22, 508], [51, 508]], [], [true, true]]",
9733,q,a,cx_stage2,,"[[[22, 508], [51, 508]], [], [true, true]]",
9734,q,a,cx_stage3,,"[[[22, 508], [51, 508]], [], [true, true]]",
9735,q,a,cx_stage1,,"[[[22, 512], [51, 512]], [], [true, true]]",
9736,q,a,cx_stage2,,"[[[22, 512], [51, 512]], [], [true, true]]",
9737,q,a,cx_stage3,,"[[[22, 512], [51, 512]], [], [true, true]]",
9738,q,a,cx_stage1,,"[[[22, 515], [52, 515]], [], [true, true]]",
9739,q,a,cx_stage2,,"[[[22, 515], [52, 515]], [], [true, true]]",
9740,q,a,cx_stage3,,"[[[22, 515], [52, 515]], [], [true, true]]",
9741,q,a,cx_stage1,,"[[[22, 519], [52, 519]], [], [true, true]]",
9742,q,a,cx_stage2,,"[[[22, 519], [52, 519]], [], [true, true]]",
9743,q,a,cx_stage3,,"[[[22, 519], [52, 519]], [], [true, true]]",
9744,q,a,cx_stage1,,"[[[22, 522], [53, 522]], [], [true, true]]",
9745,q,a,cx_stage2,,"[[[22, 522], [53, 522]], [], [true, true]]",
9746,q,a,cx_stage3,,"[[[22, 522], [53, 522]], [], [true, true]]",
9747,q,a,cx_stage1,,"[[[22, 526], [53, 526]], [], [true, true]]",
9748,q,a,cx_stage2,,"[[[22, 526], [53, 526]], [], [true, true]]",
9749,q,a,cx_stage3,,"[[[22, 526], [53, 526]], [], [true, true]]",
9750,q,a,cx_stage1,,"[[[22, 529], [54, 529]], [], [true, true]]",
9751,q,a,cx_stage2,,"[[[22, 529], [54, 529]], [], [true, true]]",
9752,q,a,cx_stage3,,"[[[22, 529], [54, 529]], [], [true, true]]",
9753,q,a,cx_stage1,,"[[[22, 533], [54, 533]], [], [true, true]]",
9754,q,a,cx_stage2,,"[[[22, 533], [54, 533]], [], [true, true]]",
9755,q,a,cx_stage3,,"[[[22, 533], [54, 533]], [], [true, true]]",
9756,q,a,cx_stage1,,"[[[22, 536], [55, 536]], [], [true, true]]",
9757,q,a,cx_stage2,,"[[[22, 536], [55, 536]], [], [true, true]]",
9758,q,a,cx_stage3,,"[[[22, 536], [55, 536]], [], [true, true]]",
9759,q,a,cx_stage1,,"[[[22, 540], [55, 540]], [], [true, true]]",
9760,q,a,cx_stage2,,"[[[22, 540], [55, 540]], [], [true, true]]",
9761,q,a,cx_stage3,,"[[[22, 540], [55, 540]], [], [true, true]]",
9762,q,a,u2,,"[[[22, 541]], [], [true]]",
9763,q,a,cx_stage1,,"[[[0, 544], [22, 544]], [], [true, true]]",
9764,q,a,cx_stage3,,"[[[0, 544], [22, 544]], [], [true, true]]",
9765,q,a,p,,"[[[22, 545]], [], [true]]",
9766,q,a,cx_stage1,,"[[[0, 548], [22, 548]], [], [true, true]]",
9767,q,a,cx_stage3,,"[[[0, 548], [22, 548]], [], [true, true]]",
9768,q,a,cx_stage1,,"[[[1, 551], [22, 551]], [], [true, true]]",
9769,q,a,cx_stage3,,"[[[1, 551], [22, 551]], [], [true, true]]",
9770,q,a,p,,"[[[22, 552]], [], [true]]",
9771,q,a,cx_stage1,,"[[[1, 555], [22, 555]], [], [true, true]]",
9772,q,a,cx_stage3,,"[[[1, 555], [22, 555]], [], [true, true]]",
9773,q,a,cx_stage1,,"[[[2, 558], [22, 558]], [], [true, true]]",
9774,q,a,cx_stage2,,"[[[2, 558], [22, 558]], [], [true, true]]",
9775,q,a,cx_stage3,,"[[[2, 558], [22, 558]], [], [true, true]]",
9776,q,a,p,,"[[[22, 559]], [], [true]]",
9777,q,a,cx_stage1,,"[[[2, 562], [22, 562]], [], [true, true]]",
9778,q,a,cx_stage2,,"[[[2, 562], [22, 562]], [], [true, true]]",
9779,q,a,cx_stage3,,"[[[2, 562], [22, 562]], [], [true, true]]",
9780,q,a,cx_stage1,,"[[[3, 565], [22, 565]], [], [true, true]]",
9781,q,a,cx_stage2,,"[[[3, 565], [22, 565]], [], [true, true]]",
9782,q,a,cx_stage3,,"[[[3, 565], [22, 565]], [], [true, true]]",
9783,q,a,p,,"[[[22, 566]], [], [true]]",
9784,q,a,cx_stage1,,"[[[3, 569], [22, 569]], [], [true, true]]",
9785,q,a,cx_stage2,,"[[[3, 569], [22, 569]], [], [true, true]]",
9786,q,a,cx_stage3,,"[[[3, 569], [22, 569]], [], [true, true]]",
9787,q,a,cx_stage1,,"[[[4, 572], [22, 572]], [], [true, true]]",
9788,q,a,cx_stage2,,"[[[4, 572], [22, 572]], [], [true, true]]",
9789,q,a,cx_stage3,,"[[[4, 572], [22, 572]], [], [true, true]]",
9790,q,a,p,,"[[[22, 573]], [], [true]]",
9791,q,a,cx_stage1,,"[[[4, 576], [22, 576]], [], [true, true]]",
9792,q,a,cx_stage2,,"[[[4, 576], [22, 576]], [], [true, true]]",
9793,q,a,cx_stage3,,"[[[4, 576], [22, 576]], [], [true, true]]",
9794,q,a,cx_stage1,,"[[[5, 579], [22, 579]], [], [true, true]]",
9795,q,a,cx_stage2,,"[[[5, 579], [22, 579]], [], [true, true]]",
9796,q,a,cx_stage3,,"[[[5, 579], [22, 579]], [], [true, true]]",
9797,q,a,p,,"[[[22, 580]], [], [true]]",
9798,q,a,cx_stage1,,"[[[5, 583], [22, 583]], [], [true, true]]",
9799,q,a,cx_stage2,,"[[[5, 583], [22, 583]], [], [true, true]]",
9800,q,a,cx_stage3,,"[[[5, 583], [22, 583]], [], [true, true]]",
9801,q,a,cx_stage1,,"[[[6, 586], [22, 586]], [], [true, true]]",
9802,q,a,cx_stage2,,"[[[6, 586], [22, 586]], [], [true, true]]",
9803,q,a,cx_stage3,,"[[[6, 586], [22, 586]], [], [true, true]]",
9804,q,a,p,,"[[[22, 587]], [], [true]]",
9805,q,a,cx_stage1,,"[[[6, 590], [22, 590]], [], [true, true]]",
9806,q,a,cx_stage2,,"[[[6, 590], [22, 590]], [], [true, true]]",
9807,q,a,cx_stage3,,"[[[6, 590], [22, 590]], [], [true, true]]",
9808,q,a,cx_stage1,,"[[[7, 593], [22, 593]], [], [true, true]]",
9809,q,a,cx_stage2,,"[[[7, 593], [22, 593]], [], [true, true]]",
9810,q,a,cx_stage3,,"[[[7, 593], [22, 593]], [], [true, true]]",
9811,q,a,p,,"[[[22, 594]], [], [true]]",
9812,q,a,cx_stage1,,"[[[7, 597], [22, 597]], [], [true, true]]",
9813,q,a,cx_stage2,,"[[[7, 597], [22, 597]], [], [true, true]]",
9814,q,a,cx_stage3,,"[[[7, 597], [22, 597]], [], [true, true]]",
9815,q,a,cx_stage1,,"[[[8, 600], [22, 600]], [], [true, true]]",
9816,q,a,cx_stage2,,"[[[8, 600], [22, 600]], [], [true, true]]",
9817,q,a,cx_stage3,,"[[[8, 600], [22, 600]], [], [true, true]]",
9818,q,a,p,,"[[[22, 601]], [], [true]]",
9819,q,a,cx_stage1,,"[[[8, 604], [22, 604]], [], [true, true]]",
9820,q,a,cx_stage2,,"[[[8, 604], [22, 604]], [], [true, true]]",
9821,q,a,cx_stage3,,"[[[8, 604], [22, 604]], [], [true, true]]",
9822,q,a,cx_stage1,,"[[[9, 607], [22, 607]], [], [true, true]]",
9823,q,a,cx_stage2,,"[[[9, 607], [22, 607]], [], [true, true]]",
9824,q,a,cx_stage3,,"[[[9, 607], [22, 607]], [], [true, true]]",
9825,q,a,p,,"[[[22, 608]], [], [true]]",
9826,q,a,cx_stage1,,"[[[9, 611], [22, 611]], [], [true, true]]",
9827,q,a,cx_stage2,,"[[[9, 611], [22, 611]], [], [true, true]]",
9828,q,a,cx_stage3,,"[[[9, 611], [22, 611]], [], [true, true]]",
9829,q,a,cx_stage1,,"[[[10, 614], [22, 614]], [], [true, true]]",
9830,q,a,cx_stage3,,"[[[10, 614], [22, 614]], [], [true, true]]",
9831,q,a,p,,"[[[22, 615]], [], [true]]",
9832,q,a,cx_stage1,,"[[[10, 618], [22, 618]], [], [true, true]]",
9833,q,a,cx_stage3,,"[[[10, 618], [22, 618]], [], [true, true]]",
9834,q,a,cx_stage1,,"[[[11, 621], [22, 621]], [], [true, true]]",
9835,q,a,cx_stage3,,"[[[11, 621], [22, 621]], [], [true, true]]",
9836,q,a,p,,"[[[22, 622]], [], [true]]",
9837,q,a,cx_stage1,,"[[[11, 625], [22, 625]], [], [true, true]]",
9838,q,a,cx_stage3,,"[[[11, 625], [22, 625]], [], [true, true]]",
9839,q,a,cx_stage1,,"[[[12, 628], [22, 628]], [], [true, true]]",
9840,q,a,cx_stage3,,"[[[12, 628], [22, 628]], [], [true, true]]",
9841,q,a,p,,"[[[22, 629]], [], [true]]",
9842,q,a,cx_stage1,,"[[[12, 632], [22, 632]], [], [true, true]]",
9843,q,a,cx_stage3,,"[[[12, 632], [22, 632]], [], [true, true]]",
9844,q,a,cx_stage1,,"[[[13, 635], [22, 635]], [], [true, true]]",
9845,q,a,cx_stage3,,"[[[13, 635], [22, 635]], [], [true, true]]",
9846,q,a,p,,"[[[22, 636]], [], [true]]",
9847,q,a,cx_stage1,,"[[[13, 639], [22, 639]], [], [true, true]]",
9848,q,a,cx_stage3,,"[[[13, 639], [22, 639]], [], [true, true]]",
9849,q,a,cx_stage1,,"[[[14, 642], [22, 642]], [], [true, true]]",
9850,q,a,cx_stage3,,"[[[14, 642], [22, 642]], [], [true, true]]",
9851,q,a,p,,"[[[22, 643]], [], [true]]",
9852,q,a,cx_stage1,,"[[[14, 646], [22, 646]], [], [true, true]]",
9853,q,a,cx_stage3,,"[[[14, 646], [22, 646]], [], [true, true]]",
9854,q,a,cx_stage1,,"[[[15, 649], [22, 649]], [], [true, true]]",
9855,q,a,cx_stage3,,"[[[15, 649], [22, 649]], [], [true, true]]",
9856,q,a,p,,"[[[22, 650]], [], [true]]",
9857,q,a,cx_stage1,,"[[[15, 653], [22, 653]], [], [true, true]]",
9858,q,a,cx_stage3,,"[[[15, 653], [22, 653]], [], [true, true]]",
9859,q,a,cx_stage1,,"[[[16, 656], [22, 656]], [], [true, true]]",
9860,q,a,cx_stage3,,"[[[16, 656], [22, 656]], [], [true, true]]",
9861,q,a,p,,"[[[22, 657]], [], [true]]",
9862,q,a,cx_stage1,,"[[[16, 660], [22, 660]], [], [true, true]]",
9863,q,a,cx_stage3,,"[[[16, 660], [22, 660]], [], [true, true]]",
9864,q,a,cx_stage1,,"[[[17, 663], [22, 663]], [], [true, true]]",
9865,q,a,cx_stage3,,"[[[17, 663], [22, 663]], [], [true, true]]",
9866,q,a,p,,"[[[22, 664]], [], [true]]",
9867,q,a,cx_stage1,,"[[[17, 667], [22, 667]], [], [true, true]]",
9868,q,a,cx_stage3,,"[[[17, 667], [22, 667]], [], [true, true]]",
9869,q,a,cx_stage1,,"[[[18, 670], [22, 670]], [], [true, true]]",
9870,q,a,cx_stage3,,"[[[18, 670], [22, 670]], [], [true, true]]",
9871,q,a,p,,"[[[22, 671]], [], [true]]",
9872,q,a,cx_stage1,,"[[[18, 674], [22, 674]], [], [true, true]]",
9873,q,a,cx_stage3,,"[[[18, 674], [22, 674]], [], [true, true]]",
9874,q,a,cx_stage1,,"[[[19, 677], [22, 677]], [], [true, true]]",
9875,q,a,cx_stage3,,"[[[19, 677], [22, 677]], [], [true, true]]",
9876,q,a,p,,"[[[22, 678]], [], [true]]",
9877,q,a,cx_stage1,,"[[[19, 681], [22, 681]], [], [true, true]]",
9878,q,a,cx_stage3,,"[[[19, 681], [22, 681]], [], [true, true]]",
9879,q,a,cx_stage1,,"[[[20, 684], [22, 684]], [], [true, true]]",
9880,q,a,cx_stage3,,"[[[20, 684], [22, 684]], [], [true, true]]",
9881,q,a,p,,"[[[22, 685]], [], [true]]",
9882,q,a,cx_stage1,,"[[[20, 688], [22, 688]], [], [true, true]]",
9883,q,a,cx_stage3,,"[[[20, 688], [22, 688]], [], [true, true]]",
9884,q,a,cx_stage1,,"[[[21, 691], [22, 691]], [], [true, true]]",
9885,q,a,cx_stage3,,"[[[21, 691], [22, 691]], [], [true, true]]",
9886,q,a,p,,"[[[22, 692]], [], [true]]",
9887,q,a,cx_stage1,,"[[[21, 695], [22, 695]], [], [true, true]]",
9888,q,a,cx_stage3,,"[[[21, 695], [22, 695]], [], [true, true]]",
9889,q,a,cx_stage1,,"[[[22, 705], [23, 705]], [], [true, true]]",
9890,q,a,cx_stage2,,"[[[22, 705], [23, 705]], [], [true, true]]",
9891,q,a,cx_stage3,,"[[[22, 705], [23, 705]], [], [true, true]]",
9892,q,a,cx_stage1,,"[[[22, 709], [23, 709]], [], [true, true]]",
9893,q,a,cx_stage2,,"[[[22, 709], [23, 709]], [], [true, true]]",
9894,q,a,cx_stage3,,"[[[22, 709], [23, 709]], [], [true, true]]",
9895,q,a,cx_stage1,,"[[[22, 712], [24, 712]], [], [true, true]]",
9896,q,a,cx_stage2,,"[[[22, 712], [24, 712]], [], [true, true]]",
9897,q,a,cx_stage3,,"[[[22, 712], [24, 712]], [], [true, true]]",
9898,q,a,cx_stage1,,"[[[22, 716], [24, 716]], [], [true, true]]",
9899,q,a,cx_stage2,,"[[[22, 716], [24, 716]], [], [true, true]]",
9900,q,a,cx_stage3,,"[[[22, 716], [24, 716]], [], [true, true]]",
9901,q,a,cx_stage1,,"[[[22, 719], [25, 719]], [], [true, true]]",
9902,q,a,cx_stage2,,"[[[22, 719], [25, 719]], [], [true, true]]",
9903,q,a,cx_stage3,,"[[[22, 719], [25, 719]], [], [true, true]]",
9904,q,a,cx_stage1,,"[[[22, 723], [25, 723]], [], [true, true]]",
9905,q,a,cx_stage2,,"[[[22, 723], [25, 723]], [], [true, true]]",
9906,q,a,cx_stage3,,"[[[22, 723], [25, 723]], [], [true, true]]",
9907,q,a,cx_stage1,,"[[[22, 726], [26, 726]], [], [true, true]]",
9908,q,a,cx_stage2,,"[[[22, 726], [26, 726]], [], [true, true]]",
9909,q,a,cx_stage3,,"[[[22, 726], [26, 726]], [], [true, true]]",
9910,q,a,cx_stage1,,"[[[22, 730], [26, 730]], [], [true, true]]",
9911,q,a,cx_stage2,,"[[[22, 730], [26, 730]], [], [true, true]]",
9912,q,a,cx_stage3,,"[[[22, 730], [26, 730]], [], [true, true]]",
9913,q,a,cx_stage1,,"[[[22, 733], [27, 733]], [], [true, true]]",
9914,q,a,cx_stage2,,"[[[22, 733], [27, 733]], [], [true, true]]",
9915,q,a,cx_stage3,,"[[[22, 733], [27, 733]], [], [true, true]]",
9916,q,a,cx_stage1,,"[[[22, 737], [27, 737]], [], [true, true]]",
9917,q,a,cx_stage2,,"[[[22, 737], [27, 737]], [], [true, true]]",
9918,q,a,cx_stage3,,"[[[22, 737], [27, 737]], [], [true, true]]",
9919,q,a,cx_stage1,,"[[[22, 740], [28, 740]], [], [true, true]]",
9920,q,a,cx_stage2,,"[[[22, 740], [28, 740]], [], [true, true]]",
9921,q,a,cx_stage3,,"[[[22, 740], [28, 740]], [], [true, true]]",
9922,q,a,cx_stage1,,"[[[22, 744], [28, 744]], [], [true, true]]",
9923,q,a,cx_stage2,,"[[[22, 744], [28, 744]], [], [true, true]]",
9924,q,a,cx_stage3,,"[[[22, 744], [28, 744]], [], [true, true]]",
9925,q,a,cx_stage1,,"[[[22, 747], [29, 747]], [], [true, true]]",
9926,q,a,cx_stage2,,"[[[22, 747], [29, 747]], [], [true, true]]",
9927,q,a,cx_stage3,,"[[[22, 747], [29, 747]], [], [true, true]]",
9928,q,a,cx_stage1,,"[[[22, 751], [29, 751]], [], [true, true]]",
9929,q,a,cx_stage2,,"[[[22, 751], [29, 751]], [], [true, true]]",
9930,q,a,cx_stage3,,"[[[22, 751], [29, 751]], [], [true, true]]",
9931,q,a,cx_stage1,,"[[[22, 754], [30, 754]], [], [true, true]]",
9932,q,a,cx_stage2,,"[[[22, 754], [30, 754]], [], [true, true]]",
9933,q,a,cx_stage3,,"[[[22, 754], [30, 754]], [], [true, true]]",
9934,q,a,cx_stage1,,"[[[22, 758], [30, 758]], [], [true, true]]",
9935,q,a,cx_stage2,,"[[[22, 758], [30, 758]], [], [true, true]]",
9936,q,a,cx_stage3,,"[[[22, 758], [30, 758]], [], [true, true]]",
9937,q,a,cx_stage1,,"[[[22, 761], [31, 761]], [], [true, true]]",
9938,q,a,cx_stage2,,"[[[22, 761], [31, 761]], [], [true, true]]",
9939,q,a,cx_stage3,,"[[[22, 761], [31, 761]], [], [true, true]]",
9940,q,a,cx_stage1,,"[[[22, 765], [31, 765]], [], [true, true]]",
9941,q,a,cx_stage2,,"[[[22, 765], [31, 765]], [], [true, true]]",
9942,q,a,cx_stage3,,"[[[22, 765], [31, 765]], [], [true, true]]",
9943,q,a,cx_stage1,,"[[[22, 768], [32, 768]], [], [true, true]]",
9944,q,a,cx_stage2,,"[[[22, 768], [32, 768]], [], [true, true]]",
9945,q,a,cx_stage3,,"[[[22, 768], [32, 768]], [], [true, true]]",
9946,q,a,cx_stage1,,"[[[22, 772], [32, 772]], [], [true, true]]",
9947,q,a,cx_stage2,,"[[[22, 772], [32, 772]], [], [true, true]]",
9948,q,a,cx_stage3,,"[[[22, 772], [32, 772]], [], [true, true]]",
9949,q,a,cx_stage1,,"[[[22, 775], [33, 775]], [], [true, true]]",
9950,q,a,cx_stage2,,"[[[22, 775], [33, 775]], [], [true, true]]",
9951,q,a,cx_stage3,,"[[[22, 775], [33, 775]], [], [true, true]]",
9952,q,a,cx_stage1,,"[[[22, 779], [33, 779]], [], [true, true]]",
9953,q,a,cx_stage2,,"[[[22, 779], [33, 779]], [], [true, true]]",
9954,q,a,cx_stage3,,"[[[22, 779], [33, 779]], [], [true, true]]",
9955,q,a,cx_stage1,,"[[[22, 782], [34, 782]], [], [true, true]]",
9956,q,a,cx_stage2,,"[[[22, 782], [34, 782]], [], [true, true]]",
9957,q,a,cx_stage3,,"[[[22, 782], [34, 782]], [], [true, true]]",
9958,q,a,cx_stage1,,"[[[22, 786], [34, 786]], [], [true, true]]",
9959,q,a,cx_stage2,,"[[[22, 786], [34, 786]], [], [true, true]]",
9960,q,a,cx_stage3,,"[[[22, 786], [34, 786]], [], [true, true]]",
9961,q,a,cx_stage1,,"[[[22, 789], [35, 789]], [], [true, true]]",
9962,q,a,cx_stage2,,"[[[22, 789], [35, 789]], [], [true, true]]",
9963,q,a,cx_stage3,,"[[[22, 789], [35, 789]], [], [true, true]]",
9964,q,a,cx_stage1,,"[[[22, 793], [35, 793]], [], [true, true]]",
9965,q,a,cx_stage2,,"[[[22, 793], [35, 793]], [], [true, true]]",
9966,q,a,cx_stage3,,"[[[22, 793], [35, 793]], [], [true, true]]",
9967,q,a,cx_stage1,,"[[[22, 796], [36, 796]], [], [true, true]]",
9968,q,a,cx_stage2,,"[[[22, 796], [36, 796]], [], [true, true]]",
9969,q,a,cx_stage3,,"[[[22, 796], [36, 796]], [], [true, true]]",
9970,q,a,cx_stage1,,"[[[22, 800], [36, 800]], [], [true, true]]",
9971,q,a,cx_stage2,,"[[[22, 800], [36, 800]], [], [true, true]]",
9972,q,a,cx_stage3,,"[[[22, 800], [36, 800]], [], [true, true]]",
9973,q,a,cx_stage1,,"[[[22, 803], [37, 803]], [], [true, true]]",
9974,q,a,cx_stage2,,"[[[22, 803], [37, 803]], [], [true, true]]",
9975,q,a,cx_stage3,,"[[[22, 803], [37, 803]], [], [true, true]]",
9976,q,a,cx_stage1,,"[[[22, 807], [37, 807]], [], [true, true]]",
9977,q,a,cx_stage2,,"[[[22, 807], [37, 807]], [], [true, true]]",
9978,q,a,cx_stage3,,"[[[22, 807], [37, 807]], [], [true, true]]",
9979,q,a,cx_stage1,,"[[[22, 810], [38, 810]], [], [true, true]]",
9980,q,a,cx_stage2,,"[[[22, 810], [38, 810]], [], [true, true]]",
9981,q,a,cx_stage3,,"[[[22, 810], [38, 810]], [], [true, true]]",
9982,q,a,cx_stage1,,"[[[22, 814], [38, 814]], [], [true, true]]",
9983,q,a,cx_stage2,,"[[[22, 814], [38, 814]], [], [true, true]]",
9984,q,a,cx_stage3,,"[[[22, 814], [38, 814]], [], [true, true]]",
9985,q,a,cx_stage1,,"[[[22, 817], [39, 817]], [], [true, true]]",
9986,q,a,cx_stage2,,"[[[22, 817], [39, 817]], [], [true, true]]",
9987,q,a,cx_stage3,,"[[[22, 817], [39, 817]], [], [true, true]]",
9988,q,a,cx_stage1,,"[[[22, 821], [39, 821]], [], [true, true]]",
9989,q,a,cx_stage2,,"[[[22, 821], [39, 821]], [], [true, true]]",
9990,q,a,cx_stage3,,"[[[22, 821], [39, 821]], [], [true, true]]",
9991,q,a,cx_stage1,,"[[[22, 824], [40, 824]], [], [true, true]]",
9992,q,a,cx_stage2,,"[[[22, 824], [40, 824]], [], [true, true]]",
9993,q,a,cx_stage3,,"[[[22, 824], [40, 824]], [], [true, true]]",
9994,q,a,cx_stage1,,"[[[22, 828], [40, 828]], [], [true, true]]",
9995,q,a,cx_stage2,,"[[[22, 828], [40, 828]], [], [true, true]]",
9996,q,a,cx_stage3,,"[[[22, 828], [40, 828]], [], [true, true]]",
9997,q,a,cx_stage1,,"[[[22, 831], [41, 831]], [], [true, true]]",
9998,q,a,cx_stage2,,"[[[22, 831], [41, 831]], [], [true, true]]",
9999,q,a,cx_stage3,,"[[[22, 831], [41, 831]], [], [true, true]]",
10000,q,a,cx_stage1,,"[[[22, 835], [41, 835]], [], [true, true]]",
10001,q,a,cx_stage2,,"[[[22, 835], [41, 835]], [], [true, true]]",
10002,q,a,cx_stage3,,"[[[22, 835], [41, 835]], [], [true, true]]",
10003,q,a,cx_stage1,,"[[[22, 838], [42, 838]], [], [true, true]]",
10004,q,a,cx_stage2,,"[[[22, 838], [42, 838]], [], [true, true]]",
10005,q,a,cx_stage3,,"[[[22, 838], [42, 838]], [], [true, true]]",
10006,q,a,cx_stage1,,"[[[22, 842], [42, 842]], [], [true, true]]",
10007,q,a,cx_stage2,,"[[[22, 842], [42, 842]], [], [true, true]]",
10008,q,a,cx_stage3,,"[[[22, 842], [42, 842]], [], [true, true]]",
10009,q,a,cx_stage1,,"[[[22, 845], [43, 845]], [], [true, true]]",
10010,q,a,cx_stage2,,"[[[22, 845], [43, 845]], [], [true, true]]",
10011,q,a,cx_stage3,,"[[[22, 845], [43, 845]], [], [true, true]]",
10012,q,a,cx_stage1,,"[[[22, 849], [43, 849]], [], [true, true]]",
10013,q,a,cx_stage2,,"[[[22, 849], [43, 849]], [], [true, true]]",
10014,q,a,cx_stage3,,"[[[22, 849], [43, 849]], [], [true, true]]",
10015,q,a,cx_stage1,,"[[[22, 852], [44, 852]], [], [true, true]]",
10016,q,a,cx_stage2,,"[[[22, 852], [44, 852]], [], [true, true]]",
10017,q,a,cx_stage3,,"[[[22, 852], [44, 852]], [], [true, true]]",
10018,q,a,cx_stage1,,"[[[22, 856], [44, 856]], [], [true, true]]",
10019,q,a,cx_stage2,,"[[[22, 856], [44, 856]], [], [true, true]]",
10020,q,a,cx_stage3,,"[[[22, 856], [44, 856]], [], [true, true]]",
10021,q,a,cx_stage1,,"[[[22, 859], [45, 859]], [], [true, true]]",
10022,q,a,cx_stage2,,"[[[22, 859], [45, 859]], [], [true, true]]",
10023,q,a,cx_stage3,,"[[[22, 859], [45, 859]], [], [true, true]]",
10024,q,a,cx_stage1,,"[[[22, 863], [45, 863]], [], [true, true]]",
10025,q,a,cx_stage2,,"[[[22, 863], [45, 863]], [], [true, true]]",
10026,q,a,cx_stage3,,"[[[22, 863], [45, 863]], [], [true, true]]",
10027,q,a,cx_stage1,,"[[[22, 866], [46, 866]], [], [true, true]]",
10028,q,a,cx_stage2,,"[[[22, 866], [46, 866]], [], [true, true]]",
10029,q,a,cx_stage3,,"[[[22, 866], [46, 866]], [], [true, true]]",
10030,q,a,cx_stage1,,"[[[22, 870], [46, 870]], [], [true, true]]",
10031,q,a,cx_stage2,,"[[[22, 870], [46, 870]], [], [true, true]]",
10032,q,a,cx_stage3,,"[[[22, 870], [46, 870]], [], [true, true]]",
10033,q,a,cx_stage1,,"[[[22, 873], [47, 873]], [], [true, true]]",
10034,q,a,cx_stage2,,"[[[22, 873], [47, 873]], [], [true, true]]",
10035,q,a,cx_stage3,,"[[[22, 873], [47, 873]], [], [true, true]]",
10036,q,a,cx_stage1,,"[[[22, 877], [47, 877]], [], [true, true]]",
10037,q,a,cx_stage2,,"[[[22, 877], [47, 877]], [], [true, true]]",
10038,q,a,cx_stage3,,"[[[22, 877], [47, 877]], [], [true, true]]",
10039,q,a,cx_stage1,,"[[[22, 880], [48, 880]], [], [true, true]]",
10040,q,a,cx_stage2,,"[[[22, 880], [48, 880]], [], [true, true]]",
10041,q,a,cx_stage3,,"[[[22, 880], [48, 880]], [], [true, true]]",
10042,q,a,cx_stage1,,"[[[22, 884], [48, 884]], [], [true, true]]",
10043,q,a,cx_stage2,,"[[[22, 884], [48, 884]], [], [true, true]]",
10044,q,a,cx_stage3,,"[[[22, 884], [48, 884]], [], [true, true]]",
10045,q,a,cx_stage1,,"[[[22, 887], [49, 887]], [], [true, true]]",
10046,q,a,cx_stage2,,"[[[22, 887], [49, 887]], [], [true, true]]",
10047,q,a,cx_stage3,,"[[[22, 887], [49, 887]], [], [true, true]]",
10048,q,a,cx_stage1,,"[[[22, 891], [49, 891]], [], [true, true]]",
10049,q,a,cx_stage2,,"[[[22, 891], [49, 891]], [], [true, true]]",
10050,q,a,cx_stage3,,"[[[22, 891], [49, 891]], [], [true, true]]",
10051,q,a,cx_stage1,,"[[[22, 894], [50, 894]], [], [true, true]]",
10052,q,a,cx_stage2,,"[[[22, 894], [50, 894]], [], [true, true]]",
10053,q,a,cx_stage3,,"[[[22, 894], [50, 894]], [], [true, true]]",
10054,q,a,cx_stage1,,"[[[22, 898], [50, 898]], [], [true, true]]",
10055,q,a,cx_stage2,,"[[[22, 898], [50, 898]], [], [true, true]]",
10056,q,a,cx_stage3,,"[[[22, 898], [50, 898]], [], [true, true]]",
10057,q,a,cx_stage1,,"[[[22, 901], [51, 901]], [], [true, true]]",
10058,q,a,cx_stage2,,"[[[22, 901], [51, 901]], [], [true, true]]",
10059,q,a,cx_stage3,,"[[[22, 901], [51, 901]], [], [true, true]]",
10060,q,a,cx_stage1,,"[[[22, 905], [51, 905]], [], [true, true]]",
10061,q,a,cx_stage2,,"[[[22, 905], [51, 905]], [], [true, true]]",
10062,q,a,cx_stage3,,"[[[22, 905], [51, 905]], [], [true, true]]",
10063,q,a,cx_stage1,,"[[[22, 908], [52, 908]], [], [true, true]]",
10064,q,a,cx_stage2,,"[[[22, 908], [52, 908]], [], [true, true]]",
10065,q,a,cx_stage3,,"[[[22, 908], [52, 908]], [], [true, true]]",
10066,q,a,cx_stage1,,"[[[22, 912], [52, 912]], [], [true, true]]",
10067,q,a,cx_stage2,,"[[[22, 912], [52, 912]], [], [true, true]]",
10068,q,a,cx_stage3,,"[[[22, 912], [52, 912]], [], [true, true]]",
10069,q,a,cx_stage1,,"[[[22, 915], [53, 915]], [], [true, true]]",
10070,q,a,cx_stage2,,"[[[22, 915], [53, 915]], [], [true, true]]",
10071,q,a,cx_stage3,,"[[[22, 915], [53, 915]], [], [true, true]]",
10072,q,a,cx_stage1,,"[[[22, 919], [53, 919]], [], [true, true]]",
10073,q,a,cx_stage2,,"[[[22, 919], [53, 919]], [], [true, true]]",
10074,q,a,cx_stage3,,"[[[22, 919], [53, 919]], [], [true, true]]",
10075,q,a,cx_stage1,,"[[[22, 922], [54, 922]], [], [true, true]]",
10076,q,a,cx_stage2,,"[[[22, 922], [54, 922]], [], [true, true]]",
10077,q,a,cx_stage3,,"[[[22, 922], [54, 922]], [], [true, true]]",
10078,q,a,cx_stage1,,"[[[22, 926], [54, 926]], [], [true, true]]",
10079,q,a,cx_stage2,,"[[[22, 926], [54, 926]], [], [true, true]]",
10080,q,a,cx_stage3,,"[[[22, 926], [54, 926]], [], [true, true]]",
10081,q,a,cx_stage1,,"[[[22, 929], [55, 929]], [], [true, true]]",
10082,q,a,cx_stage2,,"[[[22, 929], [55, 929]], [], [true, true]]",
10083,q,a,cx_stage3,,"[[[22, 929], [55, 929]], [], [true, true]]",
10084,q,a,cx_stage1,,"[[[22, 933], [55, 933]], [], [true, true]]",
10085,q,a,cx_stage2,,"[[[22, 933], [55, 933]], [], [true, true]]",
10086,q,a,cx_stage3,,"[[[22, 933], [55, 933]], [], [true, true]]",
10087,q,a,ry,,"[[[22, 934]], [], [true]]",
10088,q,a,u2,,"[[[23, 1]], [], [true]]",
10089,q,a,cx_stage1,,"[[[0, 158], [23, 158]], [], [true, true]]",
10090,q,a,cx_stage2,,"[[[23, 1254], [24, 1254]], [], [true, true]]",
10091,q,a,cx_stage1,,"[[[23, 1254], [24, 1254]], [], [true, true]]",
10092,q,a,cx_stage3,,"[[[23, 1254], [24, 1254]], [], [true, true]]",
10093,q,a,cx_stage1,,"[[[22, 1257], [23, 1257]], [], [true, true]]",
10094,q,a,cx_stage3,,"[[[22, 1257], [23, 1257]], [], [true, true]]",
10095,q,a,ry,,"[[[23, 1258]], [], [true]]",
10096,q,a,cx_stage3,,"[[[0, 158], [23, 158]], [], [true, true]]",
10097,q,a,p,,"[[[23, 159]], [], [true]]",
10098,q,a,cx_stage1,,"[[[0, 162], [23, 162]], [], [true, true]]",
10099,q,a,cx_stage3,,"[[[0, 162], [23, 162]], [], [true, true]]",
10100,q,a,cx_stage1,,"[[[1, 165], [23, 165]], [], [true, true]]",
10101,q,a,cx_stage3,,"[[[1, 165], [23, 165]], [], [true, true]]",
10102,q,a,p,,"[[[23, 166]], [], [true]]",
10103,q,a,cx_stage1,,"[[[1, 169], [23, 169]], [], [true, true]]",
10104,q,a,cx_stage3,,"[[[1, 169], [23, 169]], [], [true, true]]",
10105,q,a,cx_stage1,,"[[[2, 172], [23, 172]], [], [true, true]]",
10106,q,a,cx_stage2,,"[[[2, 172], [23, 172]], [], [true, true]]",
10107,q,a,cx_stage3,,"[[[2, 172], [23, 172]], [], [true, true]]",
10108,q,a,p,,"[[[23, 173]], [], [true]]",
10109,q,a,cx_stage1,,"[[[2, 176], [23, 176]], [], [true, true]]",
10110,q,a,cx_stage2,,"[[[2, 176], [23, 176]], [], [true, true]]",
10111,q,a,cx_stage3,,"[[[2, 176], [23, 176]], [], [true, true]]",
10112,q,a,cx_stage1,,"[[[3, 179], [23, 179]], [], [true, true]]",
10113,q,a,cx_stage2,,"[[[3, 179], [23, 179]], [], [true, true]]",
10114,q,a,cx_stage3,,"[[[3, 179], [23, 179]], [], [true, true]]",
10115,q,a,p,,"[[[23, 180]], [], [true]]",
10116,q,a,cx_stage1,,"[[[3, 183], [23, 183]], [], [true, true]]",
10117,q,a,cx_stage2,,"[[[3, 183], [23, 183]], [], [true, true]]",
10118,q,a,cx_stage3,,"[[[3, 183], [23, 183]], [], [true, true]]",
10119,q,a,cx_stage1,,"[[[4, 186], [23, 186]], [], [true, true]]",
10120,q,a,cx_stage2,,"[[[4, 186], [23, 186]], [], [true, true]]",
10121,q,a,cx_stage3,,"[[[4, 186], [23, 186]], [], [true, true]]",
10122,q,a,p,,"[[[23, 187]], [], [true]]",
10123,q,a,cx_stage1,,"[[[4, 190], [23, 190]], [], [true, true]]",
10124,q,a,cx_stage2,,"[[[4, 190], [23, 190]], [], [true, true]]",
10125,q,a,cx_stage3,,"[[[4, 190], [23, 190]], [], [true, true]]",
10126,q,a,cx_stage1,,"[[[5, 193], [23, 193]], [], [true, true]]",
10127,q,a,cx_stage2,,"[[[5, 193], [23, 193]], [], [true, true]]",
10128,q,a,cx_stage3,,"[[[5, 193], [23, 193]], [], [true, true]]",
10129,q,a,p,,"[[[23, 194]], [], [true]]",
10130,q,a,cx_stage1,,"[[[5, 197], [23, 197]], [], [true, true]]",
10131,q,a,cx_stage2,,"[[[5, 197], [23, 197]], [], [true, true]]",
10132,q,a,cx_stage3,,"[[[5, 197], [23, 197]], [], [true, true]]",
10133,q,a,cx_stage1,,"[[[6, 200], [23, 200]], [], [true, true]]",
10134,q,a,cx_stage2,,"[[[6, 200], [23, 200]], [], [true, true]]",
10135,q,a,cx_stage3,,"[[[6, 200], [23, 200]], [], [true, true]]",
10136,q,a,p,,"[[[23, 201]], [], [true]]",
10137,q,a,cx_stage1,,"[[[6, 204], [23, 204]], [], [true, true]]",
10138,q,a,cx_stage2,,"[[[6, 204], [23, 204]], [], [true, true]]",
10139,q,a,cx_stage3,,"[[[6, 204], [23, 204]], [], [true, true]]",
10140,q,a,cx_stage1,,"[[[7, 207], [23, 207]], [], [true, true]]",
10141,q,a,cx_stage2,,"[[[7, 207], [23, 207]], [], [true, true]]",
10142,q,a,cx_stage3,,"[[[7, 207], [23, 207]], [], [true, true]]",
10143,q,a,p,,"[[[23, 208]], [], [true]]",
10144,q,a,cx_stage1,,"[[[7, 211], [23, 211]], [], [true, true]]",
10145,q,a,cx_stage2,,"[[[7, 211], [23, 211]], [], [true, true]]",
10146,q,a,cx_stage3,,"[[[7, 211], [23, 211]], [], [true, true]]",
10147,q,a,cx_stage1,,"[[[8, 214], [23, 214]], [], [true, true]]",
10148,q,a,cx_stage2,,"[[[8, 214], [23, 214]], [], [true, true]]",
10149,q,a,cx_stage3,,"[[[8, 214], [23, 214]], [], [true, true]]",
10150,q,a,p,,"[[[23, 215]], [], [true]]",
10151,q,a,cx_stage1,,"[[[8, 218], [23, 218]], [], [true, true]]",
10152,q,a,cx_stage2,,"[[[8, 218], [23, 218]], [], [true, true]]",
10153,q,a,cx_stage3,,"[[[8, 218], [23, 218]], [], [true, true]]",
10154,q,a,cx_stage1,,"[[[9, 221], [23, 221]], [], [true, true]]",
10155,q,a,cx_stage2,,"[[[9, 221], [23, 221]], [], [true, true]]",
10156,q,a,cx_stage3,,"[[[9, 221], [23, 221]], [], [true, true]]",
10157,q,a,p,,"[[[23, 222]], [], [true]]",
10158,q,a,cx_stage1,,"[[[9, 225], [23, 225]], [], [true, true]]",
10159,q,a,cx_stage2,,"[[[9, 225], [23, 225]], [], [true, true]]",
10160,q,a,cx_stage3,,"[[[9, 225], [23, 225]], [], [true, true]]",
10161,q,a,cx_stage1,,"[[[10, 228], [23, 228]], [], [true, true]]",
10162,q,a,cx_stage3,,"[[[10, 228], [23, 228]], [], [true, true]]",
10163,q,a,p,,"[[[23, 229]], [], [true]]",
10164,q,a,cx_stage1,,"[[[10, 232], [23, 232]], [], [true, true]]",
10165,q,a,cx_stage3,,"[[[10, 232], [23, 232]], [], [true, true]]",
10166,q,a,cx_stage1,,"[[[11, 235], [23, 235]], [], [true, true]]",
10167,q,a,cx_stage3,,"[[[11, 235], [23, 235]], [], [true, true]]",
10168,q,a,p,,"[[[23, 236]], [], [true]]",
10169,q,a,cx_stage1,,"[[[11, 239], [23, 239]], [], [true, true]]",
10170,q,a,cx_stage3,,"[[[11, 239], [23, 239]], [], [true, true]]",
10171,q,a,cx_stage1,,"[[[12, 242], [23, 242]], [], [true, true]]",
10172,q,a,cx_stage3,,"[[[12, 242], [23, 242]], [], [true, true]]",
10173,q,a,p,,"[[[23, 243]], [], [true]]",
10174,q,a,cx_stage1,,"[[[12, 246], [23, 246]], [], [true, true]]",
10175,q,a,cx_stage3,,"[[[12, 246], [23, 246]], [], [true, true]]",
10176,q,a,cx_stage1,,"[[[13, 249], [23, 249]], [], [true, true]]",
10177,q,a,cx_stage3,,"[[[13, 249], [23, 249]], [], [true, true]]",
10178,q,a,p,,"[[[23, 250]], [], [true]]",
10179,q,a,cx_stage1,,"[[[13, 253], [23, 253]], [], [true, true]]",
10180,q,a,cx_stage3,,"[[[13, 253], [23, 253]], [], [true, true]]",
10181,q,a,cx_stage1,,"[[[14, 256], [23, 256]], [], [true, true]]",
10182,q,a,cx_stage3,,"[[[14, 256], [23, 256]], [], [true, true]]",
10183,q,a,p,,"[[[23, 257]], [], [true]]",
10184,q,a,cx_stage1,,"[[[14, 260], [23, 260]], [], [true, true]]",
10185,q,a,cx_stage3,,"[[[14, 260], [23, 260]], [], [true, true]]",
10186,q,a,cx_stage1,,"[[[15, 263], [23, 263]], [], [true, true]]",
10187,q,a,cx_stage3,,"[[[15, 263], [23, 263]], [], [true, true]]",
10188,q,a,p,,"[[[23, 264]], [], [true]]",
10189,q,a,cx_stage1,,"[[[15, 267], [23, 267]], [], [true, true]]",
10190,q,a,cx_stage3,,"[[[15, 267], [23, 267]], [], [true, true]]",
10191,q,a,cx_stage1,,"[[[16, 270], [23, 270]], [], [true, true]]",
10192,q,a,cx_stage3,,"[[[16, 270], [23, 270]], [], [true, true]]",
10193,q,a,p,,"[[[23, 271]], [], [true]]",
10194,q,a,cx_stage1,,"[[[16, 274], [23, 274]], [], [true, true]]",
10195,q,a,cx_stage3,,"[[[16, 274], [23, 274]], [], [true, true]]",
10196,q,a,cx_stage1,,"[[[17, 277], [23, 277]], [], [true, true]]",
10197,q,a,cx_stage3,,"[[[17, 277], [23, 277]], [], [true, true]]",
10198,q,a,p,,"[[[23, 278]], [], [true]]",
10199,q,a,cx_stage1,,"[[[17, 281], [23, 281]], [], [true, true]]",
10200,q,a,cx_stage3,,"[[[17, 281], [23, 281]], [], [true, true]]",
10201,q,a,cx_stage1,,"[[[18, 284], [23, 284]], [], [true, true]]",
10202,q,a,cx_stage3,,"[[[18, 284], [23, 284]], [], [true, true]]",
10203,q,a,p,,"[[[23, 285]], [], [true]]",
10204,q,a,cx_stage1,,"[[[18, 288], [23, 288]], [], [true, true]]",
10205,q,a,cx_stage3,,"[[[18, 288], [23, 288]], [], [true, true]]",
10206,q,a,cx_stage1,,"[[[19, 291], [23, 291]], [], [true, true]]",
10207,q,a,cx_stage3,,"[[[19, 291], [23, 291]], [], [true, true]]",
10208,q,a,p,,"[[[23, 292]], [], [true]]",
10209,q,a,cx_stage1,,"[[[19, 295], [23, 295]], [], [true, true]]",
10210,q,a,cx_stage3,,"[[[19, 295], [23, 295]], [], [true, true]]",
10211,q,a,cx_stage1,,"[[[20, 298], [23, 298]], [], [true, true]]",
10212,q,a,cx_stage3,,"[[[20, 298], [23, 298]], [], [true, true]]",
10213,q,a,p,,"[[[23, 299]], [], [true]]",
10214,q,a,cx_stage1,,"[[[20, 302], [23, 302]], [], [true, true]]",
10215,q,a,cx_stage3,,"[[[20, 302], [23, 302]], [], [true, true]]",
10216,q,a,cx_stage1,,"[[[21, 305], [23, 305]], [], [true, true]]",
10217,q,a,cx_stage3,,"[[[21, 305], [23, 305]], [], [true, true]]",
10218,q,a,p,,"[[[23, 306]], [], [true]]",
10219,q,a,cx_stage1,,"[[[21, 309], [23, 309]], [], [true, true]]",
10220,q,a,cx_stage3,,"[[[21, 309], [23, 309]], [], [true, true]]",
10221,q,a,cx_stage1,,"[[[22, 312], [23, 312]], [], [true, true]]",
10222,q,a,cx_stage3,,"[[[22, 312], [23, 312]], [], [true, true]]",
10223,q,a,p,,"[[[23, 313]], [], [true]]",
10224,q,a,cx_stage1,,"[[[22, 316], [23, 316]], [], [true, true]]",
10225,q,a,cx_stage3,,"[[[22, 316], [23, 316]], [], [true, true]]",
10226,q,a,cx_stage1,,"[[[23, 326], [24, 326]], [], [true, true]]",
10227,q,a,cx_stage2,,"[[[23, 326], [24, 326]], [], [true, true]]",
10228,q,a,cx_stage3,,"[[[23, 326], [24, 326]], [], [true, true]]",
10229,q,a,cx_stage1,,"[[[23, 330], [24, 330]], [], [true, true]]",
10230,q,a,cx_stage2,,"[[[23, 330], [24, 330]], [], [true, true]]",
10231,q,a,cx_stage3,,"[[[23, 330], [24, 330]], [], [true, true]]",
10232,q,a,cx_stage1,,"[[[23, 333], [25, 333]], [], [true, true]]",
10233,q,a,cx_stage2,,"[[[23, 333], [25, 333]], [], [true, true]]",
10234,q,a,cx_stage3,,"[[[23, 333], [25, 333]], [], [true, true]]",
10235,q,a,cx_stage1,,"[[[23, 337], [25, 337]], [], [true, true]]",
10236,q,a,cx_stage2,,"[[[23, 337], [25, 337]], [], [true, true]]",
10237,q,a,cx_stage3,,"[[[23, 337], [25, 337]], [], [true, true]]",
10238,q,a,cx_stage1,,"[[[23, 340], [26, 340]], [], [true, true]]",
10239,q,a,cx_stage2,,"[[[23, 340], [26, 340]], [], [true, true]]",
10240,q,a,cx_stage3,,"[[[23, 340], [26, 340]], [], [true, true]]",
10241,q,a,cx_stage1,,"[[[23, 344], [26, 344]], [], [true, true]]",
10242,q,a,cx_stage2,,"[[[23, 344], [26, 344]], [], [true, true]]",
10243,q,a,cx_stage3,,"[[[23, 344], [26, 344]], [], [true, true]]",
10244,q,a,cx_stage1,,"[[[23, 347], [27, 347]], [], [true, true]]",
10245,q,a,cx_stage2,,"[[[23, 347], [27, 347]], [], [true, true]]",
10246,q,a,cx_stage3,,"[[[23, 347], [27, 347]], [], [true, true]]",
10247,q,a,cx_stage1,,"[[[23, 351], [27, 351]], [], [true, true]]",
10248,q,a,cx_stage2,,"[[[23, 351], [27, 351]], [], [true, true]]",
10249,q,a,cx_stage3,,"[[[23, 351], [27, 351]], [], [true, true]]",
10250,q,a,cx_stage1,,"[[[23, 354], [28, 354]], [], [true, true]]",
10251,q,a,cx_stage2,,"[[[23, 354], [28, 354]], [], [true, true]]",
10252,q,a,cx_stage3,,"[[[23, 354], [28, 354]], [], [true, true]]",
10253,q,a,cx_stage1,,"[[[23, 358], [28, 358]], [], [true, true]]",
10254,q,a,cx_stage2,,"[[[23, 358], [28, 358]], [], [true, true]]",
10255,q,a,cx_stage3,,"[[[23, 358], [28, 358]], [], [true, true]]",
10256,q,a,cx_stage1,,"[[[23, 361], [29, 361]], [], [true, true]]",
10257,q,a,cx_stage2,,"[[[23, 361], [29, 361]], [], [true, true]]",
10258,q,a,cx_stage3,,"[[[23, 361], [29, 361]], [], [true, true]]",
10259,q,a,cx_stage1,,"[[[23, 365], [29, 365]], [], [true, true]]",
10260,q,a,cx_stage2,,"[[[23, 365], [29, 365]], [], [true, true]]",
10261,q,a,cx_stage3,,"[[[23, 365], [29, 365]], [], [true, true]]",
10262,q,a,cx_stage1,,"[[[23, 368], [30, 368]], [], [true, true]]",
10263,q,a,cx_stage2,,"[[[23, 368], [30, 368]], [], [true, true]]",
10264,q,a,cx_stage3,,"[[[23, 368], [30, 368]], [], [true, true]]",
10265,q,a,cx_stage1,,"[[[23, 372], [30, 372]], [], [true, true]]",
10266,q,a,cx_stage2,,"[[[23, 372], [30, 372]], [], [true, true]]",
10267,q,a,cx_stage3,,"[[[23, 372], [30, 372]], [], [true, true]]",
10268,q,a,cx_stage1,,"[[[23, 375], [31, 375]], [], [true, true]]",
10269,q,a,cx_stage2,,"[[[23, 375], [31, 375]], [], [true, true]]",
10270,q,a,cx_stage3,,"[[[23, 375], [31, 375]], [], [true, true]]",
10271,q,a,cx_stage1,,"[[[23, 379], [31, 379]], [], [true, true]]",
10272,q,a,cx_stage2,,"[[[23, 379], [31, 379]], [], [true, true]]",
10273,q,a,cx_stage3,,"[[[23, 379], [31, 379]], [], [true, true]]",
10274,q,a,cx_stage1,,"[[[23, 382], [32, 382]], [], [true, true]]",
10275,q,a,cx_stage2,,"[[[23, 382], [32, 382]], [], [true, true]]",
10276,q,a,cx_stage3,,"[[[23, 382], [32, 382]], [], [true, true]]",
10277,q,a,cx_stage1,,"[[[23, 386], [32, 386]], [], [true, true]]",
10278,q,a,cx_stage2,,"[[[23, 386], [32, 386]], [], [true, true]]",
10279,q,a,cx_stage3,,"[[[23, 386], [32, 386]], [], [true, true]]",
10280,q,a,cx_stage1,,"[[[23, 389], [33, 389]], [], [true, true]]",
10281,q,a,cx_stage2,,"[[[23, 389], [33, 389]], [], [true, true]]",
10282,q,a,cx_stage3,,"[[[23, 389], [33, 389]], [], [true, true]]",
10283,q,a,cx_stage1,,"[[[23, 393], [33, 393]], [], [true, true]]",
10284,q,a,cx_stage2,,"[[[23, 393], [33, 393]], [], [true, true]]",
10285,q,a,cx_stage3,,"[[[23, 393], [33, 393]], [], [true, true]]",
10286,q,a,cx_stage1,,"[[[23, 396], [34, 396]], [], [true, true]]",
10287,q,a,cx_stage2,,"[[[23, 396], [34, 396]], [], [true, true]]",
10288,q,a,cx_stage3,,"[[[23, 396], [34, 396]], [], [true, true]]",
10289,q,a,cx_stage1,,"[[[23, 400], [34, 400]], [], [true, true]]",
10290,q,a,cx_stage2,,"[[[23, 400], [34, 400]], [], [true, true]]",
10291,q,a,cx_stage3,,"[[[23, 400], [34, 400]], [], [true, true]]",
10292,q,a,cx_stage1,,"[[[23, 403], [35, 403]], [], [true, true]]",
10293,q,a,cx_stage2,,"[[[23, 403], [35, 403]], [], [true, true]]",
10294,q,a,cx_stage3,,"[[[23, 403], [35, 403]], [], [true, true]]",
10295,q,a,cx_stage1,,"[[[23, 407], [35, 407]], [], [true, true]]",
10296,q,a,cx_stage2,,"[[[23, 407], [35, 407]], [], [true, true]]",
10297,q,a,cx_stage3,,"[[[23, 407], [35, 407]], [], [true, true]]",
10298,q,a,cx_stage1,,"[[[23, 410], [36, 410]], [], [true, true]]",
10299,q,a,cx_stage2,,"[[[23, 410], [36, 410]], [], [true, true]]",
10300,q,a,cx_stage3,,"[[[23, 410], [36, 410]], [], [true, true]]",
10301,q,a,cx_stage1,,"[[[23, 414], [36, 414]], [], [true, true]]",
10302,q,a,cx_stage2,,"[[[23, 414], [36, 414]], [], [true, true]]",
10303,q,a,cx_stage3,,"[[[23, 414], [36, 414]], [], [true, true]]",
10304,q,a,cx_stage1,,"[[[23, 417], [37, 417]], [], [true, true]]",
10305,q,a,cx_stage2,,"[[[23, 417], [37, 417]], [], [true, true]]",
10306,q,a,cx_stage3,,"[[[23, 417], [37, 417]], [], [true, true]]",
10307,q,a,cx_stage1,,"[[[23, 421], [37, 421]], [], [true, true]]",
10308,q,a,cx_stage2,,"[[[23, 421], [37, 421]], [], [true, true]]",
10309,q,a,cx_stage3,,"[[[23, 421], [37, 421]], [], [true, true]]",
10310,q,a,cx_stage1,,"[[[23, 424], [38, 424]], [], [true, true]]",
10311,q,a,cx_stage2,,"[[[23, 424], [38, 424]], [], [true, true]]",
10312,q,a,cx_stage3,,"[[[23, 424], [38, 424]], [], [true, true]]",
10313,q,a,cx_stage1,,"[[[23, 428], [38, 428]], [], [true, true]]",
10314,q,a,cx_stage2,,"[[[23, 428], [38, 428]], [], [true, true]]",
10315,q,a,cx_stage3,,"[[[23, 428], [38, 428]], [], [true, true]]",
10316,q,a,cx_stage1,,"[[[23, 431], [39, 431]], [], [true, true]]",
10317,q,a,cx_stage2,,"[[[23, 431], [39, 431]], [], [true, true]]",
10318,q,a,cx_stage3,,"[[[23, 431], [39, 431]], [], [true, true]]",
10319,q,a,cx_stage1,,"[[[23, 435], [39, 435]], [], [true, true]]",
10320,q,a,cx_stage2,,"[[[23, 435], [39, 435]], [], [true, true]]",
10321,q,a,cx_stage3,,"[[[23, 435], [39, 435]], [], [true, true]]",
10322,q,a,cx_stage1,,"[[[23, 438], [40, 438]], [], [true, true]]",
10323,q,a,cx_stage2,,"[[[23, 438], [40, 438]], [], [true, true]]",
10324,q,a,cx_stage3,,"[[[23, 438], [40, 438]], [], [true, true]]",
10325,q,a,cx_stage1,,"[[[23, 442], [40, 442]], [], [true, true]]",
10326,q,a,cx_stage2,,"[[[23, 442], [40, 442]], [], [true, true]]",
10327,q,a,cx_stage3,,"[[[23, 442], [40, 442]], [], [true, true]]",
10328,q,a,cx_stage1,,"[[[23, 445], [41, 445]], [], [true, true]]",
10329,q,a,cx_stage2,,"[[[23, 445], [41, 445]], [], [true, true]]",
10330,q,a,cx_stage3,,"[[[23, 445], [41, 445]], [], [true, true]]",
10331,q,a,cx_stage1,,"[[[23, 449], [41, 449]], [], [true, true]]",
10332,q,a,cx_stage2,,"[[[23, 449], [41, 449]], [], [true, true]]",
10333,q,a,cx_stage3,,"[[[23, 449], [41, 449]], [], [true, true]]",
10334,q,a,cx_stage1,,"[[[23, 452], [42, 452]], [], [true, true]]",
10335,q,a,cx_stage2,,"[[[23, 452], [42, 452]], [], [true, true]]",
10336,q,a,cx_stage3,,"[[[23, 452], [42, 452]], [], [true, true]]",
10337,q,a,cx_stage1,,"[[[23, 456], [42, 456]], [], [true, true]]",
10338,q,a,cx_stage2,,"[[[23, 456], [42, 456]], [], [true, true]]",
10339,q,a,cx_stage3,,"[[[23, 456], [42, 456]], [], [true, true]]",
10340,q,a,cx_stage1,,"[[[23, 459], [43, 459]], [], [true, true]]",
10341,q,a,cx_stage2,,"[[[23, 459], [43, 459]], [], [true, true]]",
10342,q,a,cx_stage3,,"[[[23, 459], [43, 459]], [], [true, true]]",
10343,q,a,cx_stage1,,"[[[23, 463], [43, 463]], [], [true, true]]",
10344,q,a,cx_stage2,,"[[[23, 463], [43, 463]], [], [true, true]]",
10345,q,a,cx_stage3,,"[[[23, 463], [43, 463]], [], [true, true]]",
10346,q,a,cx_stage1,,"[[[23, 466], [44, 466]], [], [true, true]]",
10347,q,a,cx_stage2,,"[[[23, 466], [44, 466]], [], [true, true]]",
10348,q,a,cx_stage3,,"[[[23, 466], [44, 466]], [], [true, true]]",
10349,q,a,cx_stage1,,"[[[23, 470], [44, 470]], [], [true, true]]",
10350,q,a,cx_stage2,,"[[[23, 470], [44, 470]], [], [true, true]]",
10351,q,a,cx_stage3,,"[[[23, 470], [44, 470]], [], [true, true]]",
10352,q,a,cx_stage1,,"[[[23, 473], [45, 473]], [], [true, true]]",
10353,q,a,cx_stage2,,"[[[23, 473], [45, 473]], [], [true, true]]",
10354,q,a,cx_stage3,,"[[[23, 473], [45, 473]], [], [true, true]]",
10355,q,a,cx_stage1,,"[[[23, 477], [45, 477]], [], [true, true]]",
10356,q,a,cx_stage2,,"[[[23, 477], [45, 477]], [], [true, true]]",
10357,q,a,cx_stage3,,"[[[23, 477], [45, 477]], [], [true, true]]",
10358,q,a,cx_stage1,,"[[[23, 480], [46, 480]], [], [true, true]]",
10359,q,a,cx_stage2,,"[[[23, 480], [46, 480]], [], [true, true]]",
10360,q,a,cx_stage3,,"[[[23, 480], [46, 480]], [], [true, true]]",
10361,q,a,cx_stage1,,"[[[23, 484], [46, 484]], [], [true, true]]",
10362,q,a,cx_stage2,,"[[[23, 484], [46, 484]], [], [true, true]]",
10363,q,a,cx_stage3,,"[[[23, 484], [46, 484]], [], [true, true]]",
10364,q,a,cx_stage1,,"[[[23, 487], [47, 487]], [], [true, true]]",
10365,q,a,cx_stage2,,"[[[23, 487], [47, 487]], [], [true, true]]",
10366,q,a,cx_stage3,,"[[[23, 487], [47, 487]], [], [true, true]]",
10367,q,a,cx_stage1,,"[[[23, 491], [47, 491]], [], [true, true]]",
10368,q,a,cx_stage2,,"[[[23, 491], [47, 491]], [], [true, true]]",
10369,q,a,cx_stage3,,"[[[23, 491], [47, 491]], [], [true, true]]",
10370,q,a,cx_stage1,,"[[[23, 494], [48, 494]], [], [true, true]]",
10371,q,a,cx_stage2,,"[[[23, 494], [48, 494]], [], [true, true]]",
10372,q,a,cx_stage3,,"[[[23, 494], [48, 494]], [], [true, true]]",
10373,q,a,cx_stage1,,"[[[23, 498], [48, 498]], [], [true, true]]",
10374,q,a,cx_stage2,,"[[[23, 498], [48, 498]], [], [true, true]]",
10375,q,a,cx_stage3,,"[[[23, 498], [48, 498]], [], [true, true]]",
10376,q,a,cx_stage1,,"[[[23, 501], [49, 501]], [], [true, true]]",
10377,q,a,cx_stage2,,"[[[23, 501], [49, 501]], [], [true, true]]",
10378,q,a,cx_stage3,,"[[[23, 501], [49, 501]], [], [true, true]]",
10379,q,a,cx_stage1,,"[[[23, 505], [49, 505]], [], [true, true]]",
10380,q,a,cx_stage2,,"[[[23, 505], [49, 505]], [], [true, true]]",
10381,q,a,cx_stage3,,"[[[23, 505], [49, 505]], [], [true, true]]",
10382,q,a,cx_stage1,,"[[[23, 508], [50, 508]], [], [true, true]]",
10383,q,a,cx_stage2,,"[[[23, 508], [50, 508]], [], [true, true]]",
10384,q,a,cx_stage3,,"[[[23, 508], [50, 508]], [], [true, true]]",
10385,q,a,cx_stage1,,"[[[23, 512], [50, 512]], [], [true, true]]",
10386,q,a,cx_stage2,,"[[[23, 512], [50, 512]], [], [true, true]]",
10387,q,a,cx_stage3,,"[[[23, 512], [50, 512]], [], [true, true]]",
10388,q,a,cx_stage1,,"[[[23, 515], [51, 515]], [], [true, true]]",
10389,q,a,cx_stage2,,"[[[23, 515], [51, 515]], [], [true, true]]",
10390,q,a,cx_stage3,,"[[[23, 515], [51, 515]], [], [true, true]]",
10391,q,a,cx_stage1,,"[[[23, 519], [51, 519]], [], [true, true]]",
10392,q,a,cx_stage2,,"[[[23, 519], [51, 519]], [], [true, true]]",
10393,q,a,cx_stage3,,"[[[23, 519], [51, 519]], [], [true, true]]",
10394,q,a,cx_stage1,,"[[[23, 522], [52, 522]], [], [true, true]]",
10395,q,a,cx_stage2,,"[[[23, 522], [52, 522]], [], [true, true]]",
10396,q,a,cx_stage3,,"[[[23, 522], [52, 522]], [], [true, true]]",
10397,q,a,cx_stage1,,"[[[23, 526], [52, 526]], [], [true, true]]",
10398,q,a,cx_stage2,,"[[[23, 526], [52, 526]], [], [true, true]]",
10399,q,a,cx_stage3,,"[[[23, 526], [52, 526]], [], [true, true]]",
10400,q,a,cx_stage1,,"[[[23, 529], [53, 529]], [], [true, true]]",
10401,q,a,cx_stage2,,"[[[23, 529], [53, 529]], [], [true, true]]",
10402,q,a,cx_stage3,,"[[[23, 529], [53, 529]], [], [true, true]]",
10403,q,a,cx_stage1,,"[[[23, 533], [53, 533]], [], [true, true]]",
10404,q,a,cx_stage2,,"[[[23, 533], [53, 533]], [], [true, true]]",
10405,q,a,cx_stage3,,"[[[23, 533], [53, 533]], [], [true, true]]",
10406,q,a,cx_stage1,,"[[[23, 536], [54, 536]], [], [true, true]]",
10407,q,a,cx_stage2,,"[[[23, 536], [54, 536]], [], [true, true]]",
10408,q,a,cx_stage3,,"[[[23, 536], [54, 536]], [], [true, true]]",
10409,q,a,cx_stage1,,"[[[23, 540], [54, 540]], [], [true, true]]",
10410,q,a,cx_stage2,,"[[[23, 540], [54, 540]], [], [true, true]]",
10411,q,a,cx_stage3,,"[[[23, 540], [54, 540]], [], [true, true]]",
10412,q,a,cx_stage1,,"[[[23, 543], [55, 543]], [], [true, true]]",
10413,q,a,cx_stage2,,"[[[23, 543], [55, 543]], [], [true, true]]",
10414,q,a,cx_stage3,,"[[[23, 543], [55, 543]], [], [true, true]]",
10415,q,a,cx_stage1,,"[[[23, 547], [55, 547]], [], [true, true]]",
10416,q,a,cx_stage2,,"[[[23, 547], [55, 547]], [], [true, true]]",
10417,q,a,cx_stage3,,"[[[23, 547], [55, 547]], [], [true, true]]",
10418,q,a,u2,,"[[[23, 548]], [], [true]]",
10419,q,a,cx_stage1,,"[[[0, 551], [23, 551]], [], [true, true]]",
10420,q,a,cx_stage3,,"[[[0, 551], [23, 551]], [], [true, true]]",
10421,q,a,p,,"[[[23, 552]], [], [true]]",
10422,q,a,cx_stage1,,"[[[0, 555], [23, 555]], [], [true, true]]",
10423,q,a,cx_stage3,,"[[[0, 555], [23, 555]], [], [true, true]]",
10424,q,a,cx_stage1,,"[[[1, 558], [23, 558]], [], [true, true]]",
10425,q,a,cx_stage3,,"[[[1, 558], [23, 558]], [], [true, true]]",
10426,q,a,p,,"[[[23, 559]], [], [true]]",
10427,q,a,cx_stage1,,"[[[1, 562], [23, 562]], [], [true, true]]",
10428,q,a,cx_stage3,,"[[[1, 562], [23, 562]], [], [true, true]]",
10429,q,a,cx_stage1,,"[[[2, 565], [23, 565]], [], [true, true]]",
10430,q,a,cx_stage2,,"[[[2, 565], [23, 565]], [], [true, true]]",
10431,q,a,cx_stage3,,"[[[2, 565], [23, 565]], [], [true, true]]",
10432,q,a,p,,"[[[23, 566]], [], [true]]",
10433,q,a,cx_stage1,,"[[[2, 569], [23, 569]], [], [true, true]]",
10434,q,a,cx_stage2,,"[[[2, 569], [23, 569]], [], [true, true]]",
10435,q,a,cx_stage3,,"[[[2, 569], [23, 569]], [], [true, true]]",
10436,q,a,cx_stage1,,"[[[3, 572], [23, 572]], [], [true, true]]",
10437,q,a,cx_stage2,,"[[[3, 572], [23, 572]], [], [true, true]]",
10438,q,a,cx_stage3,,"[[[3, 572], [23, 572]], [], [true, true]]",
10439,q,a,p,,"[[[23, 573]], [], [true]]",
10440,q,a,cx_stage1,,"[[[3, 576], [23, 576]], [], [true, true]]",
10441,q,a,cx_stage2,,"[[[3, 576], [23, 576]], [], [true, true]]",
10442,q,a,cx_stage3,,"[[[3, 576], [23, 576]], [], [true, true]]",
10443,q,a,cx_stage1,,"[[[4, 579], [23, 579]], [], [true, true]]",
10444,q,a,cx_stage2,,"[[[4, 579], [23, 579]], [], [true, true]]",
10445,q,a,cx_stage3,,"[[[4, 579], [23, 579]], [], [true, true]]",
10446,q,a,p,,"[[[23, 580]], [], [true]]",
10447,q,a,cx_stage1,,"[[[4, 583], [23, 583]], [], [true, true]]",
10448,q,a,cx_stage2,,"[[[4, 583], [23, 583]], [], [true, true]]",
10449,q,a,cx_stage3,,"[[[4, 583], [23, 583]], [], [true, true]]",
10450,q,a,cx_stage1,,"[[[5, 586], [23, 586]], [], [true, true]]",
10451,q,a,cx_stage2,,"[[[5, 586], [23, 586]], [], [true, true]]",
10452,q,a,cx_stage3,,"[[[5, 586], [23, 586]], [], [true, true]]",
10453,q,a,p,,"[[[23, 587]], [], [true]]",
10454,q,a,cx_stage1,,"[[[5, 590], [23, 590]], [], [true, true]]",
10455,q,a,cx_stage2,,"[[[5, 590], [23, 590]], [], [true, true]]",
10456,q,a,cx_stage3,,"[[[5, 590], [23, 590]], [], [true, true]]",
10457,q,a,cx_stage1,,"[[[6, 593], [23, 593]], [], [true, true]]",
10458,q,a,cx_stage2,,"[[[6, 593], [23, 593]], [], [true, true]]",
10459,q,a,cx_stage3,,"[[[6, 593], [23, 593]], [], [true, true]]",
10460,q,a,p,,"[[[23, 594]], [], [true]]",
10461,q,a,cx_stage1,,"[[[6, 597], [23, 597]], [], [true, true]]",
10462,q,a,cx_stage2,,"[[[6, 597], [23, 597]], [], [true, true]]",
10463,q,a,cx_stage3,,"[[[6, 597], [23, 597]], [], [true, true]]",
10464,q,a,cx_stage1,,"[[[7, 600], [23, 600]], [], [true, true]]",
10465,q,a,cx_stage2,,"[[[7, 600], [23, 600]], [], [true, true]]",
10466,q,a,cx_stage3,,"[[[7, 600], [23, 600]], [], [true, true]]",
10467,q,a,p,,"[[[23, 601]], [], [true]]",
10468,q,a,cx_stage1,,"[[[7, 604], [23, 604]], [], [true, true]]",
10469,q,a,cx_stage2,,"[[[7, 604], [23, 604]], [], [true, true]]",
10470,q,a,cx_stage3,,"[[[7, 604], [23, 604]], [], [true, true]]",
10471,q,a,cx_stage1,,"[[[8, 607], [23, 607]], [], [true, true]]",
10472,q,a,cx_stage2,,"[[[8, 607], [23, 607]], [], [true, true]]",
10473,q,a,cx_stage3,,"[[[8, 607], [23, 607]], [], [true, true]]",
10474,q,a,p,,"[[[23, 608]], [], [true]]",
10475,q,a,cx_stage1,,"[[[8, 611], [23, 611]], [], [true, true]]",
10476,q,a,cx_stage2,,"[[[8, 611], [23, 611]], [], [true, true]]",
10477,q,a,cx_stage3,,"[[[8, 611], [23, 611]], [], [true, true]]",
10478,q,a,cx_stage1,,"[[[9, 614], [23, 614]], [], [true, true]]",
10479,q,a,cx_stage2,,"[[[9, 614], [23, 614]], [], [true, true]]",
10480,q,a,cx_stage3,,"[[[9, 614], [23, 614]], [], [true, true]]",
10481,q,a,p,,"[[[23, 615]], [], [true]]",
10482,q,a,cx_stage1,,"[[[9, 618], [23, 618]], [], [true, true]]",
10483,q,a,cx_stage2,,"[[[9, 618], [23, 618]], [], [true, true]]",
10484,q,a,cx_stage3,,"[[[9, 618], [23, 618]], [], [true, true]]",
10485,q,a,cx_stage1,,"[[[10, 621], [23, 621]], [], [true, true]]",
10486,q,a,cx_stage3,,"[[[10, 621], [23, 621]], [], [true, true]]",
10487,q,a,p,,"[[[23, 622]], [], [true]]",
10488,q,a,cx_stage1,,"[[[10, 625], [23, 625]], [], [true, true]]",
10489,q,a,cx_stage3,,"[[[10, 625], [23, 625]], [], [true, true]]",
10490,q,a,cx_stage1,,"[[[11, 628], [23, 628]], [], [true, true]]",
10491,q,a,cx_stage3,,"[[[11, 628], [23, 628]], [], [true, true]]",
10492,q,a,p,,"[[[23, 629]], [], [true]]",
10493,q,a,cx_stage1,,"[[[11, 632], [23, 632]], [], [true, true]]",
10494,q,a,cx_stage3,,"[[[11, 632], [23, 632]], [], [true, true]]",
10495,q,a,cx_stage1,,"[[[12, 635], [23, 635]], [], [true, true]]",
10496,q,a,cx_stage3,,"[[[12, 635], [23, 635]], [], [true, true]]",
10497,q,a,p,,"[[[23, 636]], [], [true]]",
10498,q,a,cx_stage1,,"[[[12, 639], [23, 639]], [], [true, true]]",
10499,q,a,cx_stage3,,"[[[12, 639], [23, 639]], [], [true, true]]",
10500,q,a,cx_stage1,,"[[[13, 642], [23, 642]], [], [true, true]]",
10501,q,a,cx_stage3,,"[[[13, 642], [23, 642]], [], [true, true]]",
10502,q,a,p,,"[[[23, 643]], [], [true]]",
10503,q,a,cx_stage1,,"[[[13, 646], [23, 646]], [], [true, true]]",
10504,q,a,cx_stage3,,"[[[13, 646], [23, 646]], [], [true, true]]",
10505,q,a,cx_stage1,,"[[[14, 649], [23, 649]], [], [true, true]]",
10506,q,a,cx_stage3,,"[[[14, 649], [23, 649]], [], [true, true]]",
10507,q,a,p,,"[[[23, 650]], [], [true]]",
10508,q,a,cx_stage1,,"[[[14, 653], [23, 653]], [], [true, true]]",
10509,q,a,cx_stage3,,"[[[14, 653], [23, 653]], [], [true, true]]",
10510,q,a,cx_stage1,,"[[[15, 656], [23, 656]], [], [true, true]]",
10511,q,a,cx_stage3,,"[[[15, 656], [23, 656]], [], [true, true]]",
10512,q,a,p,,"[[[23, 657]], [], [true]]",
10513,q,a,cx_stage1,,"[[[15, 660], [23, 660]], [], [true, true]]",
10514,q,a,cx_stage3,,"[[[15, 660], [23, 660]], [], [true, true]]",
10515,q,a,cx_stage1,,"[[[16, 663], [23, 663]], [], [true, true]]",
10516,q,a,cx_stage3,,"[[[16, 663], [23, 663]], [], [true, true]]",
10517,q,a,p,,"[[[23, 664]], [], [true]]",
10518,q,a,cx_stage1,,"[[[16, 667], [23, 667]], [], [true, true]]",
10519,q,a,cx_stage3,,"[[[16, 667], [23, 667]], [], [true, true]]",
10520,q,a,cx_stage1,,"[[[17, 670], [23, 670]], [], [true, true]]",
10521,q,a,cx_stage3,,"[[[17, 670], [23, 670]], [], [true, true]]",
10522,q,a,p,,"[[[23, 671]], [], [true]]",
10523,q,a,cx_stage1,,"[[[17, 674], [23, 674]], [], [true, true]]",
10524,q,a,cx_stage3,,"[[[17, 674], [23, 674]], [], [true, true]]",
10525,q,a,cx_stage1,,"[[[18, 677], [23, 677]], [], [true, true]]",
10526,q,a,cx_stage3,,"[[[18, 677], [23, 677]], [], [true, true]]",
10527,q,a,p,,"[[[23, 678]], [], [true]]",
10528,q,a,cx_stage1,,"[[[18, 681], [23, 681]], [], [true, true]]",
10529,q,a,cx_stage3,,"[[[18, 681], [23, 681]], [], [true, true]]",
10530,q,a,cx_stage1,,"[[[19, 684], [23, 684]], [], [true, true]]",
10531,q,a,cx_stage3,,"[[[19, 684], [23, 684]], [], [true, true]]",
10532,q,a,p,,"[[[23, 685]], [], [true]]",
10533,q,a,cx_stage1,,"[[[19, 688], [23, 688]], [], [true, true]]",
10534,q,a,cx_stage3,,"[[[19, 688], [23, 688]], [], [true, true]]",
10535,q,a,cx_stage1,,"[[[20, 691], [23, 691]], [], [true, true]]",
10536,q,a,cx_stage3,,"[[[20, 691], [23, 691]], [], [true, true]]",
10537,q,a,p,,"[[[23, 692]], [], [true]]",
10538,q,a,cx_stage1,,"[[[20, 695], [23, 695]], [], [true, true]]",
10539,q,a,cx_stage3,,"[[[20, 695], [23, 695]], [], [true, true]]",
10540,q,a,cx_stage1,,"[[[21, 698], [23, 698]], [], [true, true]]",
10541,q,a,cx_stage3,,"[[[21, 698], [23, 698]], [], [true, true]]",
10542,q,a,p,,"[[[23, 699]], [], [true]]",
10543,q,a,cx_stage1,,"[[[21, 702], [23, 702]], [], [true, true]]",
10544,q,a,cx_stage3,,"[[[21, 702], [23, 702]], [], [true, true]]",
10545,q,a,cx_stage1,,"[[[22, 705], [23, 705]], [], [true, true]]",
10546,q,a,cx_stage3,,"[[[22, 705], [23, 705]], [], [true, true]]",
10547,q,a,p,,"[[[23, 706]], [], [true]]",
10548,q,a,cx_stage1,,"[[[22, 709], [23, 709]], [], [true, true]]",
10549,q,a,cx_stage3,,"[[[22, 709], [23, 709]], [], [true, true]]",
10550,q,a,cx_stage1,,"[[[23, 719], [24, 719]], [], [true, true]]",
10551,q,a,cx_stage2,,"[[[23, 719], [24, 719]], [], [true, true]]",
10552,q,a,cx_stage3,,"[[[23, 719], [24, 719]], [], [true, true]]",
10553,q,a,cx_stage1,,"[[[23, 723], [24, 723]], [], [true, true]]",
10554,q,a,cx_stage2,,"[[[23, 723], [24, 723]], [], [true, true]]",
10555,q,a,cx_stage3,,"[[[23, 723], [24, 723]], [], [true, true]]",
10556,q,a,cx_stage1,,"[[[23, 726], [25, 726]], [], [true, true]]",
10557,q,a,cx_stage2,,"[[[23, 726], [25, 726]], [], [true, true]]",
10558,q,a,cx_stage3,,"[[[23, 726], [25, 726]], [], [true, true]]",
10559,q,a,cx_stage1,,"[[[23, 730], [25, 730]], [], [true, true]]",
10560,q,a,cx_stage2,,"[[[23, 730], [25, 730]], [], [true, true]]",
10561,q,a,cx_stage3,,"[[[23, 730], [25, 730]], [], [true, true]]",
10562,q,a,cx_stage1,,"[[[23, 733], [26, 733]], [], [true, true]]",
10563,q,a,cx_stage2,,"[[[23, 733], [26, 733]], [], [true, true]]",
10564,q,a,cx_stage3,,"[[[23, 733], [26, 733]], [], [true, true]]",
10565,q,a,cx_stage1,,"[[[23, 737], [26, 737]], [], [true, true]]",
10566,q,a,cx_stage2,,"[[[23, 737], [26, 737]], [], [true, true]]",
10567,q,a,cx_stage3,,"[[[23, 737], [26, 737]], [], [true, true]]",
10568,q,a,cx_stage1,,"[[[23, 740], [27, 740]], [], [true, true]]",
10569,q,a,cx_stage2,,"[[[23, 740], [27, 740]], [], [true, true]]",
10570,q,a,cx_stage3,,"[[[23, 740], [27, 740]], [], [true, true]]",
10571,q,a,cx_stage1,,"[[[23, 744], [27, 744]], [], [true, true]]",
10572,q,a,cx_stage2,,"[[[23, 744], [27, 744]], [], [true, true]]",
10573,q,a,cx_stage3,,"[[[23, 744], [27, 744]], [], [true, true]]",
10574,q,a,cx_stage1,,"[[[23, 747], [28, 747]], [], [true, true]]",
10575,q,a,cx_stage2,,"[[[23, 747], [28, 747]], [], [true, true]]",
10576,q,a,cx_stage3,,"[[[23, 747], [28, 747]], [], [true, true]]",
10577,q,a,cx_stage1,,"[[[23, 751], [28, 751]], [], [true, true]]",
10578,q,a,cx_stage2,,"[[[23, 751], [28, 751]], [], [true, true]]",
10579,q,a,cx_stage3,,"[[[23, 751], [28, 751]], [], [true, true]]",
10580,q,a,cx_stage1,,"[[[23, 754], [29, 754]], [], [true, true]]",
10581,q,a,cx_stage2,,"[[[23, 754], [29, 754]], [], [true, true]]",
10582,q,a,cx_stage3,,"[[[23, 754], [29, 754]], [], [true, true]]",
10583,q,a,cx_stage1,,"[[[23, 758], [29, 758]], [], [true, true]]",
10584,q,a,cx_stage2,,"[[[23, 758], [29, 758]], [], [true, true]]",
10585,q,a,cx_stage3,,"[[[23, 758], [29, 758]], [], [true, true]]",
10586,q,a,cx_stage1,,"[[[23, 761], [30, 761]], [], [true, true]]",
10587,q,a,cx_stage2,,"[[[23, 761], [30, 761]], [], [true, true]]",
10588,q,a,cx_stage3,,"[[[23, 761], [30, 761]], [], [true, true]]",
10589,q,a,cx_stage1,,"[[[23, 765], [30, 765]], [], [true, true]]",
10590,q,a,cx_stage2,,"[[[23, 765], [30, 765]], [], [true, true]]",
10591,q,a,cx_stage3,,"[[[23, 765], [30, 765]], [], [true, true]]",
10592,q,a,cx_stage1,,"[[[23, 768], [31, 768]], [], [true, true]]",
10593,q,a,cx_stage2,,"[[[23, 768], [31, 768]], [], [true, true]]",
10594,q,a,cx_stage3,,"[[[23, 768], [31, 768]], [], [true, true]]",
10595,q,a,cx_stage1,,"[[[23, 772], [31, 772]], [], [true, true]]",
10596,q,a,cx_stage2,,"[[[23, 772], [31, 772]], [], [true, true]]",
10597,q,a,cx_stage3,,"[[[23, 772], [31, 772]], [], [true, true]]",
10598,q,a,cx_stage1,,"[[[23, 775], [32, 775]], [], [true, true]]",
10599,q,a,cx_stage2,,"[[[23, 775], [32, 775]], [], [true, true]]",
10600,q,a,cx_stage3,,"[[[23, 775], [32, 775]], [], [true, true]]",
10601,q,a,cx_stage1,,"[[[23, 779], [32, 779]], [], [true, true]]",
10602,q,a,cx_stage2,,"[[[23, 779], [32, 779]], [], [true, true]]",
10603,q,a,cx_stage3,,"[[[23, 779], [32, 779]], [], [true, true]]",
10604,q,a,cx_stage1,,"[[[23, 782], [33, 782]], [], [true, true]]",
10605,q,a,cx_stage2,,"[[[23, 782], [33, 782]], [], [true, true]]",
10606,q,a,cx_stage3,,"[[[23, 782], [33, 782]], [], [true, true]]",
10607,q,a,cx_stage1,,"[[[23, 786], [33, 786]], [], [true, true]]",
10608,q,a,cx_stage2,,"[[[23, 786], [33, 786]], [], [true, true]]",
10609,q,a,cx_stage3,,"[[[23, 786], [33, 786]], [], [true, true]]",
10610,q,a,cx_stage1,,"[[[23, 789], [34, 789]], [], [true, true]]",
10611,q,a,cx_stage2,,"[[[23, 789], [34, 789]], [], [true, true]]",
10612,q,a,cx_stage3,,"[[[23, 789], [34, 789]], [], [true, true]]",
10613,q,a,cx_stage1,,"[[[23, 793], [34, 793]], [], [true, true]]",
10614,q,a,cx_stage2,,"[[[23, 793], [34, 793]], [], [true, true]]",
10615,q,a,cx_stage3,,"[[[23, 793], [34, 793]], [], [true, true]]",
10616,q,a,cx_stage1,,"[[[23, 796], [35, 796]], [], [true, true]]",
10617,q,a,cx_stage2,,"[[[23, 796], [35, 796]], [], [true, true]]",
10618,q,a,cx_stage3,,"[[[23, 796], [35, 796]], [], [true, true]]",
10619,q,a,cx_stage1,,"[[[23, 800], [35, 800]], [], [true, true]]",
10620,q,a,cx_stage2,,"[[[23, 800], [35, 800]], [], [true, true]]",
10621,q,a,cx_stage3,,"[[[23, 800], [35, 800]], [], [true, true]]",
10622,q,a,cx_stage1,,"[[[23, 803], [36, 803]], [], [true, true]]",
10623,q,a,cx_stage2,,"[[[23, 803], [36, 803]], [], [true, true]]",
10624,q,a,cx_stage3,,"[[[23, 803], [36, 803]], [], [true, true]]",
10625,q,a,cx_stage1,,"[[[23, 807], [36, 807]], [], [true, true]]",
10626,q,a,cx_stage2,,"[[[23, 807], [36, 807]], [], [true, true]]",
10627,q,a,cx_stage3,,"[[[23, 807], [36, 807]], [], [true, true]]",
10628,q,a,cx_stage1,,"[[[23, 810], [37, 810]], [], [true, true]]",
10629,q,a,cx_stage2,,"[[[23, 810], [37, 810]], [], [true, true]]",
10630,q,a,cx_stage3,,"[[[23, 810], [37, 810]], [], [true, true]]",
10631,q,a,cx_stage1,,"[[[23, 814], [37, 814]], [], [true, true]]",
10632,q,a,cx_stage2,,"[[[23, 814], [37, 814]], [], [true, true]]",
10633,q,a,cx_stage3,,"[[[23, 814], [37, 814]], [], [true, true]]",
10634,q,a,cx_stage1,,"[[[23, 817], [38, 817]], [], [true, true]]",
10635,q,a,cx_stage2,,"[[[23, 817], [38, 817]], [], [true, true]]",
10636,q,a,cx_stage3,,"[[[23, 817], [38, 817]], [], [true, true]]",
10637,q,a,cx_stage1,,"[[[23, 821], [38, 821]], [], [true, true]]",
10638,q,a,cx_stage2,,"[[[23, 821], [38, 821]], [], [true, true]]",
10639,q,a,cx_stage3,,"[[[23, 821], [38, 821]], [], [true, true]]",
10640,q,a,cx_stage1,,"[[[23, 824], [39, 824]], [], [true, true]]",
10641,q,a,cx_stage2,,"[[[23, 824], [39, 824]], [], [true, true]]",
10642,q,a,cx_stage3,,"[[[23, 824], [39, 824]], [], [true, true]]",
10643,q,a,cx_stage1,,"[[[23, 828], [39, 828]], [], [true, true]]",
10644,q,a,cx_stage2,,"[[[23, 828], [39, 828]], [], [true, true]]",
10645,q,a,cx_stage3,,"[[[23, 828], [39, 828]], [], [true, true]]",
10646,q,a,cx_stage1,,"[[[23, 831], [40, 831]], [], [true, true]]",
10647,q,a,cx_stage2,,"[[[23, 831], [40, 831]], [], [true, true]]",
10648,q,a,cx_stage3,,"[[[23, 831], [40, 831]], [], [true, true]]",
10649,q,a,cx_stage1,,"[[[23, 835], [40, 835]], [], [true, true]]",
10650,q,a,cx_stage2,,"[[[23, 835], [40, 835]], [], [true, true]]",
10651,q,a,cx_stage3,,"[[[23, 835], [40, 835]], [], [true, true]]",
10652,q,a,cx_stage1,,"[[[23, 838], [41, 838]], [], [true, true]]",
10653,q,a,cx_stage2,,"[[[23, 838], [41, 838]], [], [true, true]]",
10654,q,a,cx_stage3,,"[[[23, 838], [41, 838]], [], [true, true]]",
10655,q,a,cx_stage1,,"[[[23, 842], [41, 842]], [], [true, true]]",
10656,q,a,cx_stage2,,"[[[23, 842], [41, 842]], [], [true, true]]",
10657,q,a,cx_stage3,,"[[[23, 842], [41, 842]], [], [true, true]]",
10658,q,a,cx_stage1,,"[[[23, 845], [42, 845]], [], [true, true]]",
10659,q,a,cx_stage2,,"[[[23, 845], [42, 845]], [], [true, true]]",
10660,q,a,cx_stage3,,"[[[23, 845], [42, 845]], [], [true, true]]",
10661,q,a,cx_stage1,,"[[[23, 849], [42, 849]], [], [true, true]]",
10662,q,a,cx_stage2,,"[[[23, 849], [42, 849]], [], [true, true]]",
10663,q,a,cx_stage3,,"[[[23, 849], [42, 849]], [], [true, true]]",
10664,q,a,cx_stage1,,"[[[23, 852], [43, 852]], [], [true, true]]",
10665,q,a,cx_stage2,,"[[[23, 852], [43, 852]], [], [true, true]]",
10666,q,a,cx_stage3,,"[[[23, 852], [43, 852]], [], [true, true]]",
10667,q,a,cx_stage1,,"[[[23, 856], [43, 856]], [], [true, true]]",
10668,q,a,cx_stage2,,"[[[23, 856], [43, 856]], [], [true, true]]",
10669,q,a,cx_stage3,,"[[[23, 856], [43, 856]], [], [true, true]]",
10670,q,a,cx_stage1,,"[[[23, 859], [44, 859]], [], [true, true]]",
10671,q,a,cx_stage2,,"[[[23, 859], [44, 859]], [], [true, true]]",
10672,q,a,cx_stage3,,"[[[23, 859], [44, 859]], [], [true, true]]",
10673,q,a,cx_stage1,,"[[[23, 863], [44, 863]], [], [true, true]]",
10674,q,a,cx_stage2,,"[[[23, 863], [44, 863]], [], [true, true]]",
10675,q,a,cx_stage3,,"[[[23, 863], [44, 863]], [], [true, true]]",
10676,q,a,cx_stage1,,"[[[23, 866], [45, 866]], [], [true, true]]",
10677,q,a,cx_stage2,,"[[[23, 866], [45, 866]], [], [true, true]]",
10678,q,a,cx_stage3,,"[[[23, 866], [45, 866]], [], [true, true]]",
10679,q,a,cx_stage1,,"[[[23, 870], [45, 870]], [], [true, true]]",
10680,q,a,cx_stage2,,"[[[23, 870], [45, 870]], [], [true, true]]",
10681,q,a,cx_stage3,,"[[[23, 870], [45, 870]], [], [true, true]]",
10682,q,a,cx_stage1,,"[[[23, 873], [46, 873]], [], [true, true]]",
10683,q,a,cx_stage2,,"[[[23, 873], [46, 873]], [], [true, true]]",
10684,q,a,cx_stage3,,"[[[23, 873], [46, 873]], [], [true, true]]",
10685,q,a,cx_stage1,,"[[[23, 877], [46, 877]], [], [true, true]]",
10686,q,a,cx_stage2,,"[[[23, 877], [46, 877]], [], [true, true]]",
10687,q,a,cx_stage3,,"[[[23, 877], [46, 877]], [], [true, true]]",
10688,q,a,cx_stage1,,"[[[23, 880], [47, 880]], [], [true, true]]",
10689,q,a,cx_stage2,,"[[[23, 880], [47, 880]], [], [true, true]]",
10690,q,a,cx_stage3,,"[[[23, 880], [47, 880]], [], [true, true]]",
10691,q,a,cx_stage1,,"[[[23, 884], [47, 884]], [], [true, true]]",
10692,q,a,cx_stage2,,"[[[23, 884], [47, 884]], [], [true, true]]",
10693,q,a,cx_stage3,,"[[[23, 884], [47, 884]], [], [true, true]]",
10694,q,a,cx_stage1,,"[[[23, 887], [48, 887]], [], [true, true]]",
10695,q,a,cx_stage2,,"[[[23, 887], [48, 887]], [], [true, true]]",
10696,q,a,cx_stage3,,"[[[23, 887], [48, 887]], [], [true, true]]",
10697,q,a,cx_stage1,,"[[[23, 891], [48, 891]], [], [true, true]]",
10698,q,a,cx_stage2,,"[[[23, 891], [48, 891]], [], [true, true]]",
10699,q,a,cx_stage3,,"[[[23, 891], [48, 891]], [], [true, true]]",
10700,q,a,cx_stage1,,"[[[23, 894], [49, 894]], [], [true, true]]",
10701,q,a,cx_stage2,,"[[[23, 894], [49, 894]], [], [true, true]]",
10702,q,a,cx_stage3,,"[[[23, 894], [49, 894]], [], [true, true]]",
10703,q,a,cx_stage1,,"[[[23, 898], [49, 898]], [], [true, true]]",
10704,q,a,cx_stage2,,"[[[23, 898], [49, 898]], [], [true, true]]",
10705,q,a,cx_stage3,,"[[[23, 898], [49, 898]], [], [true, true]]",
10706,q,a,cx_stage1,,"[[[23, 901], [50, 901]], [], [true, true]]",
10707,q,a,cx_stage2,,"[[[23, 901], [50, 901]], [], [true, true]]",
10708,q,a,cx_stage3,,"[[[23, 901], [50, 901]], [], [true, true]]",
10709,q,a,cx_stage1,,"[[[23, 905], [50, 905]], [], [true, true]]",
10710,q,a,cx_stage2,,"[[[23, 905], [50, 905]], [], [true, true]]",
10711,q,a,cx_stage3,,"[[[23, 905], [50, 905]], [], [true, true]]",
10712,q,a,cx_stage1,,"[[[23, 908], [51, 908]], [], [true, true]]",
10713,q,a,cx_stage2,,"[[[23, 908], [51, 908]], [], [true, true]]",
10714,q,a,cx_stage3,,"[[[23, 908], [51, 908]], [], [true, true]]",
10715,q,a,cx_stage1,,"[[[23, 912], [51, 912]], [], [true, true]]",
10716,q,a,cx_stage2,,"[[[23, 912], [51, 912]], [], [true, true]]",
10717,q,a,cx_stage3,,"[[[23, 912], [51, 912]], [], [true, true]]",
10718,q,a,cx_stage1,,"[[[23, 915], [52, 915]], [], [true, true]]",
10719,q,a,cx_stage2,,"[[[23, 915], [52, 915]], [], [true, true]]",
10720,q,a,cx_stage3,,"[[[23, 915], [52, 915]], [], [true, true]]",
10721,q,a,cx_stage1,,"[[[23, 919], [52, 919]], [], [true, true]]",
10722,q,a,cx_stage2,,"[[[23, 919], [52, 919]], [], [true, true]]",
10723,q,a,cx_stage3,,"[[[23, 919], [52, 919]], [], [true, true]]",
10724,q,a,cx_stage1,,"[[[23, 922], [53, 922]], [], [true, true]]",
10725,q,a,cx_stage2,,"[[[23, 922], [53, 922]], [], [true, true]]",
10726,q,a,cx_stage3,,"[[[23, 922], [53, 922]], [], [true, true]]",
10727,q,a,cx_stage1,,"[[[23, 926], [53, 926]], [], [true, true]]",
10728,q,a,cx_stage2,,"[[[23, 926], [53, 926]], [], [true, true]]",
10729,q,a,cx_stage3,,"[[[23, 926], [53, 926]], [], [true, true]]",
10730,q,a,cx_stage1,,"[[[23, 929], [54, 929]], [], [true, true]]",
10731,q,a,cx_stage2,,"[[[23, 929], [54, 929]], [], [true, true]]",
10732,q,a,cx_stage3,,"[[[23, 929], [54, 929]], [], [true, true]]",
10733,q,a,cx_stage1,,"[[[23, 933], [54, 933]], [], [true, true]]",
10734,q,a,cx_stage2,,"[[[23, 933], [54, 933]], [], [true, true]]",
10735,q,a,cx_stage3,,"[[[23, 933], [54, 933]], [], [true, true]]",
10736,q,a,cx_stage1,,"[[[23, 936], [55, 936]], [], [true, true]]",
10737,q,a,cx_stage2,,"[[[23, 936], [55, 936]], [], [true, true]]",
10738,q,a,cx_stage3,,"[[[23, 936], [55, 936]], [], [true, true]]",
10739,q,a,cx_stage1,,"[[[23, 940], [55, 940]], [], [true, true]]",
10740,q,a,cx_stage2,,"[[[23, 940], [55, 940]], [], [true, true]]",
10741,q,a,cx_stage3,,"[[[23, 940], [55, 940]], [], [true, true]]",
10742,q,a,ry,,"[[[23, 941]], [], [true]]",
10743,q,a,u2,,"[[[24, 1]], [], [true]]",
10744,q,a,cx_stage1,,"[[[0, 165], [24, 165]], [], [true, true]]",
10745,q,a,cx_stage2,,"[[[24, 1251], [25, 1251]], [], [true, true]]",
10746,q,a,cx_stage1,,"[[[24, 1251], [25, 1251]], [], [true, true]]",
10747,q,a,cx_stage3,,"[[[24, 1251], [25, 1251]], [], [true, true]]",
10748,q,a,cx_stage1,,"[[[23, 1254], [24, 1254]], [], [true, true]]",
10749,q,a,cx_stage3,,"[[[23, 1254], [24, 1254]], [], [true, true]]",
10750,q,a,ry,,"[[[24, 1255]], [], [true]]",
10751,q,a,cx_stage3,,"[[[0, 165], [24, 165]], [], [true, true]]",
10752,q,a,p,,"[[[24, 166]], [], [true]]",
10753,q,a,cx_stage1,,"[[[0, 169], [24, 169]], [], [true, true]]",
10754,q,a,cx_stage3,,"[[[0, 169], [24, 169]], [], [true, true]]",
10755,q,a,cx_stage1,,"[[[1, 172], [24, 172]], [], [true, true]]",
10756,q,a,cx_stage3,,"[[[1, 172], [24, 172]], [], [true, true]]",
10757,q,a,p,,"[[[24, 173]], [], [true]]",
10758,q,a,cx_stage1,,"[[[1, 176], [24, 176]], [], [true, true]]",
10759,q,a,cx_stage3,,"[[[1, 176], [24, 176]], [], [true, true]]",
10760,q,a,cx_stage1,,"[[[2, 179], [24, 179]], [], [true, true]]",
10761,q,a,cx_stage2,,"[[[2, 179], [24, 179]], [], [true, true]]",
10762,q,a,cx_stage3,,"[[[2, 179], [24, 179]], [], [true, true]]",
10763,q,a,p,,"[[[24, 180]], [], [true]]",
10764,q,a,cx_stage1,,"[[[2, 183], [24, 183]], [], [true, true]]",
10765,q,a,cx_stage2,,"[[[2, 183], [24, 183]], [], [true, true]]",
10766,q,a,cx_stage3,,"[[[2, 183], [24, 183]], [], [true, true]]",
10767,q,a,cx_stage1,,"[[[3, 186], [24, 186]], [], [true, true]]",
10768,q,a,cx_stage2,,"[[[3, 186], [24, 186]], [], [true, true]]",
10769,q,a,cx_stage3,,"[[[3, 186], [24, 186]], [], [true, true]]",
10770,q,a,p,,"[[[24, 187]], [], [true]]",
10771,q,a,cx_stage1,,"[[[3, 190], [24, 190]], [], [true, true]]",
10772,q,a,cx_stage2,,"[[[3, 190], [24, 190]], [], [true, true]]",
10773,q,a,cx_stage3,,"[[[3, 190], [24, 190]], [], [true, true]]",
10774,q,a,cx_stage1,,"[[[4, 193], [24, 193]], [], [true, true]]",
10775,q,a,cx_stage2,,"[[[4, 193], [24, 193]], [], [true, true]]",
10776,q,a,cx_stage3,,"[[[4, 193], [24, 193]], [], [true, true]]",
10777,q,a,p,,"[[[24, 194]], [], [true]]",
10778,q,a,cx_stage1,,"[[[4, 197], [24, 197]], [], [true, true]]",
10779,q,a,cx_stage2,,"[[[4, 197], [24, 197]], [], [true, true]]",
10780,q,a,cx_stage3,,"[[[4, 197], [24, 197]], [], [true, true]]",
10781,q,a,cx_stage1,,"[[[5, 200], [24, 200]], [], [true, true]]",
10782,q,a,cx_stage2,,"[[[5, 200], [24, 200]], [], [true, true]]",
10783,q,a,cx_stage3,,"[[[5, 200], [24, 200]], [], [true, true]]",
10784,q,a,p,,"[[[24, 201]], [], [true]]",
10785,q,a,cx_stage1,,"[[[5, 204], [24, 204]], [], [true, true]]",
10786,q,a,cx_stage2,,"[[[5, 204], [24, 204]], [], [true, true]]",
10787,q,a,cx_stage3,,"[[[5, 204], [24, 204]], [], [true, true]]",
10788,q,a,cx_stage1,,"[[[6, 207], [24, 207]], [], [true, true]]",
10789,q,a,cx_stage2,,"[[[6, 207], [24, 207]], [], [true, true]]",
10790,q,a,cx_stage3,,"[[[6, 207], [24, 207]], [], [true, true]]",
10791,q,a,p,,"[[[24, 208]], [], [true]]",
10792,q,a,cx_stage1,,"[[[6, 211], [24, 211]], [], [true, true]]",
10793,q,a,cx_stage2,,"[[[6, 211], [24, 211]], [], [true, true]]",
10794,q,a,cx_stage3,,"[[[6, 211], [24, 211]], [], [true, true]]",
10795,q,a,cx_stage1,,"[[[7, 214], [24, 214]], [], [true, true]]",
10796,q,a,cx_stage2,,"[[[7, 214], [24, 214]], [], [true, true]]",
10797,q,a,cx_stage3,,"[[[7, 214], [24, 214]], [], [true, true]]",
10798,q,a,p,,"[[[24, 215]], [], [true]]",
10799,q,a,cx_stage1,,"[[[7, 218], [24, 218]], [], [true, true]]",
10800,q,a,cx_stage2,,"[[[7, 218], [24, 218]], [], [true, true]]",
10801,q,a,cx_stage3,,"[[[7, 218], [24, 218]], [], [true, true]]",
10802,q,a,cx_stage1,,"[[[8, 221], [24, 221]], [], [true, true]]",
10803,q,a,cx_stage2,,"[[[8, 221], [24, 221]], [], [true, true]]",
10804,q,a,cx_stage3,,"[[[8, 221], [24, 221]], [], [true, true]]",
10805,q,a,p,,"[[[24, 222]], [], [true]]",
10806,q,a,cx_stage1,,"[[[8, 225], [24, 225]], [], [true, true]]",
10807,q,a,cx_stage2,,"[[[8, 225], [24, 225]], [], [true, true]]",
10808,q,a,cx_stage3,,"[[[8, 225], [24, 225]], [], [true, true]]",
10809,q,a,cx_stage1,,"[[[9, 228], [24, 228]], [], [true, true]]",
10810,q,a,cx_stage2,,"[[[9, 228], [24, 228]], [], [true, true]]",
10811,q,a,cx_stage3,,"[[[9, 228], [24, 228]], [], [true, true]]",
10812,q,a,p,,"[[[24, 229]], [], [true]]",
10813,q,a,cx_stage1,,"[[[9, 232], [24, 232]], [], [true, true]]",
10814,q,a,cx_stage2,,"[[[9, 232], [24, 232]], [], [true, true]]",
10815,q,a,cx_stage3,,"[[[9, 232], [24, 232]], [], [true, true]]",
10816,q,a,cx_stage1,,"[[[10, 235], [24, 235]], [], [true, true]]",
10817,q,a,cx_stage3,,"[[[10, 235], [24, 235]], [], [true, true]]",
10818,q,a,p,,"[[[24, 236]], [], [true]]",
10819,q,a,cx_stage1,,"[[[10, 239], [24, 239]], [], [true, true]]",
10820,q,a,cx_stage3,,"[[[10, 239], [24, 239]], [], [true, true]]",
10821,q,a,cx_stage1,,"[[[11, 242], [24, 242]], [], [true, true]]",
10822,q,a,cx_stage3,,"[[[11, 242], [24, 242]], [], [true, true]]",
10823,q,a,p,,"[[[24, 243]], [], [true]]",
10824,q,a,cx_stage1,,"[[[11, 246], [24, 246]], [], [true, true]]",
10825,q,a,cx_stage3,,"[[[11, 246], [24, 246]], [], [true, true]]",
10826,q,a,cx_stage1,,"[[[12, 249], [24, 249]], [], [true, true]]",
10827,q,a,cx_stage3,,"[[[12, 249], [24, 249]], [], [true, true]]",
10828,q,a,p,,"[[[24, 250]], [], [true]]",
10829,q,a,cx_stage1,,"[[[12, 253], [24, 253]], [], [true, true]]",
10830,q,a,cx_stage3,,"[[[12, 253], [24, 253]], [], [true, true]]",
10831,q,a,cx_stage1,,"[[[13, 256], [24, 256]], [], [true, true]]",
10832,q,a,cx_stage3,,"[[[13, 256], [24, 256]], [], [true, true]]",
10833,q,a,p,,"[[[24, 257]], [], [true]]",
10834,q,a,cx_stage1,,"[[[13, 260], [24, 260]], [], [true, true]]",
10835,q,a,cx_stage3,,"[[[13, 260], [24, 260]], [], [true, true]]",
10836,q,a,cx_stage1,,"[[[14, 263], [24, 263]], [], [true, true]]",
10837,q,a,cx_stage3,,"[[[14, 263], [24, 263]], [], [true, true]]",
10838,q,a,p,,"[[[24, 264]], [], [true]]",
10839,q,a,cx_stage1,,"[[[14, 267], [24, 267]], [], [true, true]]",
10840,q,a,cx_stage3,,"[[[14, 267], [24, 267]], [], [true, true]]",
10841,q,a,cx_stage1,,"[[[15, 270], [24, 270]], [], [true, true]]",
10842,q,a,cx_stage3,,"[[[15, 270], [24, 270]], [], [true, true]]",
10843,q,a,p,,"[[[24, 271]], [], [true]]",
10844,q,a,cx_stage1,,"[[[15, 274], [24, 274]], [], [true, true]]",
10845,q,a,cx_stage3,,"[[[15, 274], [24, 274]], [], [true, true]]",
10846,q,a,cx_stage1,,"[[[16, 277], [24, 277]], [], [true, true]]",
10847,q,a,cx_stage3,,"[[[16, 277], [24, 277]], [], [true, true]]",
10848,q,a,p,,"[[[24, 278]], [], [true]]",
10849,q,a,cx_stage1,,"[[[16, 281], [24, 281]], [], [true, true]]",
10850,q,a,cx_stage3,,"[[[16, 281], [24, 281]], [], [true, true]]",
10851,q,a,cx_stage1,,"[[[17, 284], [24, 284]], [], [true, true]]",
10852,q,a,cx_stage3,,"[[[17, 284], [24, 284]], [], [true, true]]",
10853,q,a,p,,"[[[24, 285]], [], [true]]",
10854,q,a,cx_stage1,,"[[[17, 288], [24, 288]], [], [true, true]]",
10855,q,a,cx_stage3,,"[[[17, 288], [24, 288]], [], [true, true]]",
10856,q,a,cx_stage1,,"[[[18, 291], [24, 291]], [], [true, true]]",
10857,q,a,cx_stage3,,"[[[18, 291], [24, 291]], [], [true, true]]",
10858,q,a,p,,"[[[24, 292]], [], [true]]",
10859,q,a,cx_stage1,,"[[[18, 295], [24, 295]], [], [true, true]]",
10860,q,a,cx_stage3,,"[[[18, 295], [24, 295]], [], [true, true]]",
10861,q,a,cx_stage1,,"[[[19, 298], [24, 298]], [], [true, true]]",
10862,q,a,cx_stage3,,"[[[19, 298], [24, 298]], [], [true, true]]",
10863,q,a,p,,"[[[24, 299]], [], [true]]",
10864,q,a,cx_stage1,,"[[[19, 302], [24, 302]], [], [true, true]]",
10865,q,a,cx_stage3,,"[[[19, 302], [24, 302]], [], [true, true]]",
10866,q,a,cx_stage1,,"[[[20, 305], [24, 305]], [], [true, true]]",
10867,q,a,cx_stage3,,"[[[20, 305], [24, 305]], [], [true, true]]",
10868,q,a,p,,"[[[24, 306]], [], [true]]",
10869,q,a,cx_stage1,,"[[[20, 309], [24, 309]], [], [true, true]]",
10870,q,a,cx_stage3,,"[[[20, 309], [24, 309]], [], [true, true]]",
10871,q,a,cx_stage1,,"[[[21, 312], [24, 312]], [], [true, true]]",
10872,q,a,cx_stage3,,"[[[21, 312], [24, 312]], [], [true, true]]",
10873,q,a,p,,"[[[24, 313]], [], [true]]",
10874,q,a,cx_stage1,,"[[[21, 316], [24, 316]], [], [true, true]]",
10875,q,a,cx_stage3,,"[[[21, 316], [24, 316]], [], [true, true]]",
10876,q,a,cx_stage1,,"[[[22, 319], [24, 319]], [], [true, true]]",
10877,q,a,cx_stage3,,"[[[22, 319], [24, 319]], [], [true, true]]",
10878,q,a,p,,"[[[24, 320]], [], [true]]",
10879,q,a,cx_stage1,,"[[[22, 323], [24, 323]], [], [true, true]]",
10880,q,a,cx_stage3,,"[[[22, 323], [24, 323]], [], [true, true]]",
10881,q,a,cx_stage1,,"[[[23, 326], [24, 326]], [], [true, true]]",
10882,q,a,cx_stage3,,"[[[23, 326], [24, 326]], [], [true, true]]",
10883,q,a,p,,"[[[24, 327]], [], [true]]",
10884,q,a,cx_stage1,,"[[[23, 330], [24, 330]], [], [true, true]]",
10885,q,a,cx_stage3,,"[[[23, 330], [24, 330]], [], [true, true]]",
10886,q,a,cx_stage1,,"[[[24, 340], [25, 340]], [], [true, true]]",
10887,q,a,cx_stage2,,"[[[24, 340], [25, 340]], [], [true, true]]",
10888,q,a,cx_stage3,,"[[[24, 340], [25, 340]], [], [true, true]]",
10889,q,a,cx_stage1,,"[[[24, 344], [25, 344]], [], [true, true]]",
10890,q,a,cx_stage2,,"[[[24, 344], [25, 344]], [], [true, true]]",
10891,q,a,cx_stage3,,"[[[24, 344], [25, 344]], [], [true, true]]",
10892,q,a,cx_stage1,,"[[[24, 347], [26, 347]], [], [true, true]]",
10893,q,a,cx_stage2,,"[[[24, 347], [26, 347]], [], [true, true]]",
10894,q,a,cx_stage3,,"[[[24, 347], [26, 347]], [], [true, true]]",
10895,q,a,cx_stage1,,"[[[24, 351], [26, 351]], [], [true, true]]",
10896,q,a,cx_stage2,,"[[[24, 351], [26, 351]], [], [true, true]]",
10897,q,a,cx_stage3,,"[[[24, 351], [26, 351]], [], [true, true]]",
10898,q,a,cx_stage1,,"[[[24, 354], [27, 354]], [], [true, true]]",
10899,q,a,cx_stage2,,"[[[24, 354], [27, 354]], [], [true, true]]",
10900,q,a,cx_stage3,,"[[[24, 354], [27, 354]], [], [true, true]]",
10901,q,a,cx_stage1,,"[[[24, 358], [27, 358]], [], [true, true]]",
10902,q,a,cx_stage2,,"[[[24, 358], [27, 358]], [], [true, true]]",
10903,q,a,cx_stage3,,"[[[24, 358], [27, 358]], [], [true, true]]",
10904,q,a,cx_stage1,,"[[[24, 361], [28, 361]], [], [true, true]]",
10905,q,a,cx_stage2,,"[[[24, 361], [28, 361]], [], [true, true]]",
10906,q,a,cx_stage3,,"[[[24, 361], [28, 361]], [], [true, true]]",
10907,q,a,cx_stage1,,"[[[24, 365], [28, 365]], [], [true, true]]",
10908,q,a,cx_stage2,,"[[[24, 365], [28, 365]], [], [true, true]]",
10909,q,a,cx_stage3,,"[[[24, 365], [28, 365]], [], [true, true]]",
10910,q,a,cx_stage1,,"[[[24, 368], [29, 368]], [], [true, true]]",
10911,q,a,cx_stage2,,"[[[24, 368], [29, 368]], [], [true, true]]",
10912,q,a,cx_stage3,,"[[[24, 368], [29, 368]], [], [true, true]]",
10913,q,a,cx_stage1,,"[[[24, 372], [29, 372]], [], [true, true]]",
10914,q,a,cx_stage2,,"[[[24, 372], [29, 372]], [], [true, true]]",
10915,q,a,cx_stage3,,"[[[24, 372], [29, 372]], [], [true, true]]",
10916,q,a,cx_stage1,,"[[[24, 375], [30, 375]], [], [true, true]]",
10917,q,a,cx_stage2,,"[[[24, 375], [30, 375]], [], [true, true]]",
10918,q,a,cx_stage3,,"[[[24, 375], [30, 375]], [], [true, true]]",
10919,q,a,cx_stage1,,"[[[24, 379], [30, 379]], [], [true, true]]",
10920,q,a,cx_stage2,,"[[[24, 379], [30, 379]], [], [true, true]]",
10921,q,a,cx_stage3,,"[[[24, 379], [30, 379]], [], [true, true]]",
10922,q,a,cx_stage1,,"[[[24, 382], [31, 382]], [], [true, true]]",
10923,q,a,cx_stage2,,"[[[24, 382], [31, 382]], [], [true, true]]",
10924,q,a,cx_stage3,,"[[[24, 382], [31, 382]], [], [true, true]]",
10925,q,a,cx_stage1,,"[[[24, 386], [31, 386]], [], [true, true]]",
10926,q,a,cx_stage2,,"[[[24, 386], [31, 386]], [], [true, true]]",
10927,q,a,cx_stage3,,"[[[24, 386], [31, 386]], [], [true, true]]",
10928,q,a,cx_stage1,,"[[[24, 389], [32, 389]], [], [true, true]]",
10929,q,a,cx_stage2,,"[[[24, 389], [32, 389]], [], [true, true]]",
10930,q,a,cx_stage3,,"[[[24, 389], [32, 389]], [], [true, true]]",
10931,q,a,cx_stage1,,"[[[24, 393], [32, 393]], [], [true, true]]",
10932,q,a,cx_stage2,,"[[[24, 393], [32, 393]], [], [true, true]]",
10933,q,a,cx_stage3,,"[[[24, 393], [32, 393]], [], [true, true]]",
10934,q,a,cx_stage1,,"[[[24, 396], [33, 396]], [], [true, true]]",
10935,q,a,cx_stage2,,"[[[24, 396], [33, 396]], [], [true, true]]",
10936,q,a,cx_stage3,,"[[[24, 396], [33, 396]], [], [true, true]]",
10937,q,a,cx_stage1,,"[[[24, 400], [33, 400]], [], [true, true]]",
10938,q,a,cx_stage2,,"[[[24, 400], [33, 400]], [], [true, true]]",
10939,q,a,cx_stage3,,"[[[24, 400], [33, 400]], [], [true, true]]",
10940,q,a,cx_stage1,,"[[[24, 403], [34, 403]], [], [true, true]]",
10941,q,a,cx_stage2,,"[[[24, 403], [34, 403]], [], [true, true]]",
10942,q,a,cx_stage3,,"[[[24, 403], [34, 403]], [], [true, true]]",
10943,q,a,cx_stage1,,"[[[24, 407], [34, 407]], [], [true, true]]",
10944,q,a,cx_stage2,,"[[[24, 407], [34, 407]], [], [true, true]]",
10945,q,a,cx_stage3,,"[[[24, 407], [34, 407]], [], [true, true]]",
10946,q,a,cx_stage1,,"[[[24, 410], [35, 410]], [], [true, true]]",
10947,q,a,cx_stage2,,"[[[24, 410], [35, 410]], [], [true, true]]",
10948,q,a,cx_stage3,,"[[[24, 410], [35, 410]], [], [true, true]]",
10949,q,a,cx_stage1,,"[[[24, 414], [35, 414]], [], [true, true]]",
10950,q,a,cx_stage2,,"[[[24, 414], [35, 414]], [], [true, true]]",
10951,q,a,cx_stage3,,"[[[24, 414], [35, 414]], [], [true, true]]",
10952,q,a,cx_stage1,,"[[[24, 417], [36, 417]], [], [true, true]]",
10953,q,a,cx_stage2,,"[[[24, 417], [36, 417]], [], [true, true]]",
10954,q,a,cx_stage3,,"[[[24, 417], [36, 417]], [], [true, true]]",
10955,q,a,cx_stage1,,"[[[24, 421], [36, 421]], [], [true, true]]",
10956,q,a,cx_stage2,,"[[[24, 421], [36, 421]], [], [true, true]]",
10957,q,a,cx_stage3,,"[[[24, 421], [36, 421]], [], [true, true]]",
10958,q,a,cx_stage1,,"[[[24, 424], [37, 424]], [], [true, true]]",
10959,q,a,cx_stage2,,"[[[24, 424], [37, 424]], [], [true, true]]",
10960,q,a,cx_stage3,,"[[[24, 424], [37, 424]], [], [true, true]]",
10961,q,a,cx_stage1,,"[[[24, 428], [37, 428]], [], [true, true]]",
10962,q,a,cx_stage2,,"[[[24, 428], [37, 428]], [], [true, true]]",
10963,q,a,cx_stage3,,"[[[24, 428], [37, 428]], [], [true, true]]",
10964,q,a,cx_stage1,,"[[[24, 431], [38, 431]], [], [true, true]]",
10965,q,a,cx_stage2,,"[[[24, 431], [38, 431]], [], [true, true]]",
10966,q,a,cx_stage3,,"[[[24, 431], [38, 431]], [], [true, true]]",
10967,q,a,cx_stage1,,"[[[24, 435], [38, 435]], [], [true, true]]",
10968,q,a,cx_stage2,,"[[[24, 435], [38, 435]], [], [true, true]]",
10969,q,a,cx_stage3,,"[[[24, 435], [38, 435]], [], [true, true]]",
10970,q,a,cx_stage1,,"[[[24, 438], [39, 438]], [], [true, true]]",
10971,q,a,cx_stage2,,"[[[24, 438], [39, 438]], [], [true, true]]",
10972,q,a,cx_stage3,,"[[[24, 438], [39, 438]], [], [true, true]]",
10973,q,a,cx_stage1,,"[[[24, 442], [39, 442]], [], [true, true]]",
10974,q,a,cx_stage2,,"[[[24, 442], [39, 442]], [], [true, true]]",
10975,q,a,cx_stage3,,"[[[24, 442], [39, 442]], [], [true, true]]",
10976,q,a,cx_stage1,,"[[[24, 445], [40, 445]], [], [true, true]]",
10977,q,a,cx_stage2,,"[[[24, 445], [40, 445]], [], [true, true]]",
10978,q,a,cx_stage3,,"[[[24, 445], [40, 445]], [], [true, true]]",
10979,q,a,cx_stage1,,"[[[24, 449], [40, 449]], [], [true, true]]",
10980,q,a,cx_stage2,,"[[[24, 449], [40, 449]], [], [true, true]]",
10981,q,a,cx_stage3,,"[[[24, 449], [40, 449]], [], [true, true]]",
10982,q,a,cx_stage1,,"[[[24, 452], [41, 452]], [], [true, true]]",
10983,q,a,cx_stage2,,"[[[24, 452], [41, 452]], [], [true, true]]",
10984,q,a,cx_stage3,,"[[[24, 452], [41, 452]], [], [true, true]]",
10985,q,a,cx_stage1,,"[[[24, 456], [41, 456]], [], [true, true]]",
10986,q,a,cx_stage2,,"[[[24, 456], [41, 456]], [], [true, true]]",
10987,q,a,cx_stage3,,"[[[24, 456], [41, 456]], [], [true, true]]",
10988,q,a,cx_stage1,,"[[[24, 459], [42, 459]], [], [true, true]]",
10989,q,a,cx_stage2,,"[[[24, 459], [42, 459]], [], [true, true]]",
10990,q,a,cx_stage3,,"[[[24, 459], [42, 459]], [], [true, true]]",
10991,q,a,cx_stage1,,"[[[24, 463], [42, 463]], [], [true, true]]",
10992,q,a,cx_stage2,,"[[[24, 463], [42, 463]], [], [true, true]]",
10993,q,a,cx_stage3,,"[[[24, 463], [42, 463]], [], [true, true]]",
10994,q,a,cx_stage1,,"[[[24, 466], [43, 466]], [], [true, true]]",
10995,q,a,cx_stage2,,"[[[24, 466], [43, 466]], [], [true, true]]",
10996,q,a,cx_stage3,,"[[[24, 466], [43, 466]], [], [true, true]]",
10997,q,a,cx_stage1,,"[[[24, 470], [43, 470]], [], [true, true]]",
10998,q,a,cx_stage2,,"[[[24, 470], [43, 470]], [], [true, true]]",
10999,q,a,cx_stage3,,"[[[24, 470], [43, 470]], [], [true, true]]",
11000,q,a,cx_stage1,,"[[[24, 473], [44, 473]], [], [true, true]]",
11001,q,a,cx_stage2,,"[[[24, 473], [44, 473]], [], [true, true]]",
11002,q,a,cx_stage3,,"[[[24, 473], [44, 473]], [], [true, true]]",
11003,q,a,cx_stage1,,"[[[24, 477], [44, 477]], [], [true, true]]",
11004,q,a,cx_stage2,,"[[[24, 477], [44, 477]], [], [true, true]]",
11005,q,a,cx_stage3,,"[[[24, 477], [44, 477]], [], [true, true]]",
11006,q,a,cx_stage1,,"[[[24, 480], [45, 480]], [], [true, true]]",
11007,q,a,cx_stage2,,"[[[24, 480], [45, 480]], [], [true, true]]",
11008,q,a,cx_stage3,,"[[[24, 480], [45, 480]], [], [true, true]]",
11009,q,a,cx_stage1,,"[[[24, 484], [45, 484]], [], [true, true]]",
11010,q,a,cx_stage2,,"[[[24, 484], [45, 484]], [], [true, true]]",
11011,q,a,cx_stage3,,"[[[24, 484], [45, 484]], [], [true, true]]",
11012,q,a,cx_stage1,,"[[[24, 487], [46, 487]], [], [true, true]]",
11013,q,a,cx_stage2,,"[[[24, 487], [46, 487]], [], [true, true]]",
11014,q,a,cx_stage3,,"[[[24, 487], [46, 487]], [], [true, true]]",
11015,q,a,cx_stage1,,"[[[24, 491], [46, 491]], [], [true, true]]",
11016,q,a,cx_stage2,,"[[[24, 491], [46, 491]], [], [true, true]]",
11017,q,a,cx_stage3,,"[[[24, 491], [46, 491]], [], [true, true]]",
11018,q,a,cx_stage1,,"[[[24, 494], [47, 494]], [], [true, true]]",
11019,q,a,cx_stage2,,"[[[24, 494], [47, 494]], [], [true, true]]",
11020,q,a,cx_stage3,,"[[[24, 494], [47, 494]], [], [true, true]]",
11021,q,a,cx_stage1,,"[[[24, 498], [47, 498]], [], [true, true]]",
11022,q,a,cx_stage2,,"[[[24, 498], [47, 498]], [], [true, true]]",
11023,q,a,cx_stage3,,"[[[24, 498], [47, 498]], [], [true, true]]",
11024,q,a,cx_stage1,,"[[[24, 501], [48, 501]], [], [true, true]]",
11025,q,a,cx_stage2,,"[[[24, 501], [48, 501]], [], [true, true]]",
11026,q,a,cx_stage3,,"[[[24, 501], [48, 501]], [], [true, true]]",
11027,q,a,cx_stage1,,"[[[24, 505], [48, 505]], [], [true, true]]",
11028,q,a,cx_stage2,,"[[[24, 505], [48, 505]], [], [true, true]]",
11029,q,a,cx_stage3,,"[[[24, 505], [48, 505]], [], [true, true]]",
11030,q,a,cx_stage1,,"[[[24, 508], [49, 508]], [], [true, true]]",
11031,q,a,cx_stage2,,"[[[24, 508], [49, 508]], [], [true, true]]",
11032,q,a,cx_stage3,,"[[[24, 508], [49, 508]], [], [true, true]]",
11033,q,a,cx_stage1,,"[[[24, 512], [49, 512]], [], [true, true]]",
11034,q,a,cx_stage2,,"[[[24, 512], [49, 512]], [], [true, true]]",
11035,q,a,cx_stage3,,"[[[24, 512], [49, 512]], [], [true, true]]",
11036,q,a,cx_stage1,,"[[[24, 515], [50, 515]], [], [true, true]]",
11037,q,a,cx_stage2,,"[[[24, 515], [50, 515]], [], [true, true]]",
11038,q,a,cx_stage3,,"[[[24, 515], [50, 515]], [], [true, true]]",
11039,q,a,cx_stage1,,"[[[24, 519], [50, 519]], [], [true, true]]",
11040,q,a,cx_stage2,,"[[[24, 519], [50, 519]], [], [true, true]]",
11041,q,a,cx_stage3,,"[[[24, 519], [50, 519]], [], [true, true]]",
11042,q,a,cx_stage1,,"[[[24, 522], [51, 522]], [], [true, true]]",
11043,q,a,cx_stage2,,"[[[24, 522], [51, 522]], [], [true, true]]",
11044,q,a,cx_stage3,,"[[[24, 522], [51, 522]], [], [true, true]]",
11045,q,a,cx_stage1,,"[[[24, 526], [51, 526]], [], [true, true]]",
11046,q,a,cx_stage2,,"[[[24, 526], [51, 526]], [], [true, true]]",
11047,q,a,cx_stage3,,"[[[24, 526], [51, 526]], [], [true, true]]",
11048,q,a,cx_stage1,,"[[[24, 529], [52, 529]], [], [true, true]]",
11049,q,a,cx_stage2,,"[[[24, 529], [52, 529]], [], [true, true]]",
11050,q,a,cx_stage3,,"[[[24, 529], [52, 529]], [], [true, true]]",
11051,q,a,cx_stage1,,"[[[24, 533], [52, 533]], [], [true, true]]",
11052,q,a,cx_stage2,,"[[[24, 533], [52, 533]], [], [true, true]]",
11053,q,a,cx_stage3,,"[[[24, 533], [52, 533]], [], [true, true]]",
11054,q,a,cx_stage1,,"[[[24, 536], [53, 536]], [], [true, true]]",
11055,q,a,cx_stage2,,"[[[24, 536], [53, 536]], [], [true, true]]",
11056,q,a,cx_stage3,,"[[[24, 536], [53, 536]], [], [true, true]]",
11057,q,a,cx_stage1,,"[[[24, 540], [53, 540]], [], [true, true]]",
11058,q,a,cx_stage2,,"[[[24, 540], [53, 540]], [], [true, true]]",
11059,q,a,cx_stage3,,"[[[24, 540], [53, 540]], [], [true, true]]",
11060,q,a,cx_stage1,,"[[[24, 543], [54, 543]], [], [true, true]]",
11061,q,a,cx_stage2,,"[[[24, 543], [54, 543]], [], [true, true]]",
11062,q,a,cx_stage3,,"[[[24, 543], [54, 543]], [], [true, true]]",
11063,q,a,cx_stage1,,"[[[24, 547], [54, 547]], [], [true, true]]",
11064,q,a,cx_stage2,,"[[[24, 547], [54, 547]], [], [true, true]]",
11065,q,a,cx_stage3,,"[[[24, 547], [54, 547]], [], [true, true]]",
11066,q,a,cx_stage1,,"[[[24, 550], [55, 550]], [], [true, true]]",
11067,q,a,cx_stage2,,"[[[24, 550], [55, 550]], [], [true, true]]",
11068,q,a,cx_stage3,,"[[[24, 550], [55, 550]], [], [true, true]]",
11069,q,a,cx_stage1,,"[[[24, 554], [55, 554]], [], [true, true]]",
11070,q,a,cx_stage2,,"[[[24, 554], [55, 554]], [], [true, true]]",
11071,q,a,cx_stage3,,"[[[24, 554], [55, 554]], [], [true, true]]",
11072,q,a,u2,,"[[[24, 555]], [], [true]]",
11073,q,a,cx_stage1,,"[[[0, 558], [24, 558]], [], [true, true]]",
11074,q,a,cx_stage3,,"[[[0, 558], [24, 558]], [], [true, true]]",
11075,q,a,p,,"[[[24, 559]], [], [true]]",
11076,q,a,cx_stage1,,"[[[0, 562], [24, 562]], [], [true, true]]",
11077,q,a,cx_stage3,,"[[[0, 562], [24, 562]], [], [true, true]]",
11078,q,a,cx_stage1,,"[[[1, 565], [24, 565]], [], [true, true]]",
11079,q,a,cx_stage3,,"[[[1, 565], [24, 565]], [], [true, true]]",
11080,q,a,p,,"[[[24, 566]], [], [true]]",
11081,q,a,cx_stage1,,"[[[1, 569], [24, 569]], [], [true, true]]",
11082,q,a,cx_stage3,,"[[[1, 569], [24, 569]], [], [true, true]]",
11083,q,a,cx_stage1,,"[[[2, 572], [24, 572]], [], [true, true]]",
11084,q,a,cx_stage2,,"[[[2, 572], [24, 572]], [], [true, true]]",
11085,q,a,cx_stage3,,"[[[2, 572], [24, 572]], [], [true, true]]",
11086,q,a,p,,"[[[24, 573]], [], [true]]",
11087,q,a,cx_stage1,,"[[[2, 576], [24, 576]], [], [true, true]]",
11088,q,a,cx_stage2,,"[[[2, 576], [24, 576]], [], [true, true]]",
11089,q,a,cx_stage3,,"[[[2, 576], [24, 576]], [], [true, true]]",
11090,q,a,cx_stage1,,"[[[3, 579], [24, 579]], [], [true, true]]",
11091,q,a,cx_stage2,,"[[[3, 579], [24, 579]], [], [true, true]]",
11092,q,a,cx_stage3,,"[[[3, 579], [24, 579]], [], [true, true]]",
11093,q,a,p,,"[[[24, 580]], [], [true]]",
11094,q,a,cx_stage1,,"[[[3, 583], [24, 583]], [], [true, true]]",
11095,q,a,cx_stage2,,"[[[3, 583], [24, 583]], [], [true, true]]",
11096,q,a,cx_stage3,,"[[[3, 583], [24, 583]], [], [true, true]]",
11097,q,a,cx_stage1,,"[[[4, 586], [24, 586]], [], [true, true]]",
11098,q,a,cx_stage2,,"[[[4, 586], [24, 586]], [], [true, true]]",
11099,q,a,cx_stage3,,"[[[4, 586], [24, 586]], [], [true, true]]",
11100,q,a,p,,"[[[24, 587]], [], [true]]",
11101,q,a,cx_stage1,,"[[[4, 590], [24, 590]], [], [true, true]]",
11102,q,a,cx_stage2,,"[[[4, 590], [24, 590]], [], [true, true]]",
11103,q,a,cx_stage3,,"[[[4, 590], [24, 590]], [], [true, true]]",
11104,q,a,cx_stage1,,"[[[5, 593], [24, 593]], [], [true, true]]",
11105,q,a,cx_stage2,,"[[[5, 593], [24, 593]], [], [true, true]]",
11106,q,a,cx_stage3,,"[[[5, 593], [24, 593]], [], [true, true]]",
11107,q,a,p,,"[[[24, 594]], [], [true]]",
11108,q,a,cx_stage1,,"[[[5, 597], [24, 597]], [], [true, true]]",
11109,q,a,cx_stage2,,"[[[5, 597], [24, 597]], [], [true, true]]",
11110,q,a,cx_stage3,,"[[[5, 597], [24, 597]], [], [true, true]]",
11111,q,a,cx_stage1,,"[[[6, 600], [24, 600]], [], [true, true]]",
11112,q,a,cx_stage2,,"[[[6, 600], [24, 600]], [], [true, true]]",
11113,q,a,cx_stage3,,"[[[6, 600], [24, 600]], [], [true, true]]",
11114,q,a,p,,"[[[24, 601]], [], [true]]",
11115,q,a,cx_stage1,,"[[[6, 604], [24, 604]], [], [true, true]]",
11116,q,a,cx_stage2,,"[[[6, 604], [24, 604]], [], [true, true]]",
11117,q,a,cx_stage3,,"[[[6, 604], [24, 604]], [], [true, true]]",
11118,q,a,cx_stage1,,"[[[7, 607], [24, 607]], [], [true, true]]",
11119,q,a,cx_stage2,,"[[[7, 607], [24, 607]], [], [true, true]]",
11120,q,a,cx_stage3,,"[[[7, 607], [24, 607]], [], [true, true]]",
11121,q,a,p,,"[[[24, 608]], [], [true]]",
11122,q,a,cx_stage1,,"[[[7, 611], [24, 611]], [], [true, true]]",
11123,q,a,cx_stage2,,"[[[7, 611], [24, 611]], [], [true, true]]",
11124,q,a,cx_stage3,,"[[[7, 611], [24, 611]], [], [true, true]]",
11125,q,a,cx_stage1,,"[[[8, 614], [24, 614]], [], [true, true]]",
11126,q,a,cx_stage2,,"[[[8, 614], [24, 614]], [], [true, true]]",
11127,q,a,cx_stage3,,"[[[8, 614], [24, 614]], [], [true, true]]",
11128,q,a,p,,"[[[24, 615]], [], [true]]",
11129,q,a,cx_stage1,,"[[[8, 618], [24, 618]], [], [true, true]]",
11130,q,a,cx_stage2,,"[[[8, 618], [24, 618]], [], [true, true]]",
11131,q,a,cx_stage3,,"[[[8, 618], [24, 618]], [], [true, true]]",
11132,q,a,cx_stage1,,"[[[9, 621], [24, 621]], [], [true, true]]",
11133,q,a,cx_stage2,,"[[[9, 621], [24, 621]], [], [true, true]]",
11134,q,a,cx_stage3,,"[[[9, 621], [24, 621]], [], [true, true]]",
11135,q,a,p,,"[[[24, 622]], [], [true]]",
11136,q,a,cx_stage1,,"[[[9, 625], [24, 625]], [], [true, true]]",
11137,q,a,cx_stage2,,"[[[9, 625], [24, 625]], [], [true, true]]",
11138,q,a,cx_stage3,,"[[[9, 625], [24, 625]], [], [true, true]]",
11139,q,a,cx_stage1,,"[[[10, 628], [24, 628]], [], [true, true]]",
11140,q,a,cx_stage3,,"[[[10, 628], [24, 628]], [], [true, true]]",
11141,q,a,p,,"[[[24, 629]], [], [true]]",
11142,q,a,cx_stage1,,"[[[10, 632], [24, 632]], [], [true, true]]",
11143,q,a,cx_stage3,,"[[[10, 632], [24, 632]], [], [true, true]]",
11144,q,a,cx_stage1,,"[[[11, 635], [24, 635]], [], [true, true]]",
11145,q,a,cx_stage3,,"[[[11, 635], [24, 635]], [], [true, true]]",
11146,q,a,p,,"[[[24, 636]], [], [true]]",
11147,q,a,cx_stage1,,"[[[11, 639], [24, 639]], [], [true, true]]",
11148,q,a,cx_stage3,,"[[[11, 639], [24, 639]], [], [true, true]]",
11149,q,a,cx_stage1,,"[[[12, 642], [24, 642]], [], [true, true]]",
11150,q,a,cx_stage3,,"[[[12, 642], [24, 642]], [], [true, true]]",
11151,q,a,p,,"[[[24, 643]], [], [true]]",
11152,q,a,cx_stage1,,"[[[12, 646], [24, 646]], [], [true, true]]",
11153,q,a,cx_stage3,,"[[[12, 646], [24, 646]], [], [true, true]]",
11154,q,a,cx_stage1,,"[[[13, 649], [24, 649]], [], [true, true]]",
11155,q,a,cx_stage3,,"[[[13, 649], [24, 649]], [], [true, true]]",
11156,q,a,p,,"[[[24, 650]], [], [true]]",
11157,q,a,cx_stage1,,"[[[13, 653], [24, 653]], [], [true, true]]",
11158,q,a,cx_stage3,,"[[[13, 653], [24, 653]], [], [true, true]]",
11159,q,a,cx_stage1,,"[[[14, 656], [24, 656]], [], [true, true]]",
11160,q,a,cx_stage3,,"[[[14, 656], [24, 656]], [], [true, true]]",
11161,q,a,p,,"[[[24, 657]], [], [true]]",
11162,q,a,cx_stage1,,"[[[14, 660], [24, 660]], [], [true, true]]",
11163,q,a,cx_stage3,,"[[[14, 660], [24, 660]], [], [true, true]]",
11164,q,a,cx_stage1,,"[[[15, 663], [24, 663]], [], [true, true]]",
11165,q,a,cx_stage3,,"[[[15, 663], [24, 663]], [], [true, true]]",
11166,q,a,p,,"[[[24, 664]], [], [true]]",
11167,q,a,cx_stage1,,"[[[15, 667], [24, 667]], [], [true, true]]",
11168,q,a,cx_stage3,,"[[[15, 667], [24, 667]], [], [true, true]]",
11169,q,a,cx_stage1,,"[[[16, 670], [24, 670]], [], [true, true]]",
11170,q,a,cx_stage3,,"[[[16, 670], [24, 670]], [], [true, true]]",
11171,q,a,p,,"[[[24, 671]], [], [true]]",
11172,q,a,cx_stage1,,"[[[16, 674], [24, 674]], [], [true, true]]",
11173,q,a,cx_stage3,,"[[[16, 674], [24, 674]], [], [true, true]]",
11174,q,a,cx_stage1,,"[[[17, 677], [24, 677]], [], [true, true]]",
11175,q,a,cx_stage3,,"[[[17, 677], [24, 677]], [], [true, true]]",
11176,q,a,p,,"[[[24, 678]], [], [true]]",
11177,q,a,cx_stage1,,"[[[17, 681], [24, 681]], [], [true, true]]",
11178,q,a,cx_stage3,,"[[[17, 681], [24, 681]], [], [true, true]]",
11179,q,a,cx_stage1,,"[[[18, 684], [24, 684]], [], [true, true]]",
11180,q,a,cx_stage3,,"[[[18, 684], [24, 684]], [], [true, true]]",
11181,q,a,p,,"[[[24, 685]], [], [true]]",
11182,q,a,cx_stage1,,"[[[18, 688], [24, 688]], [], [true, true]]",
11183,q,a,cx_stage3,,"[[[18, 688], [24, 688]], [], [true, true]]",
11184,q,a,cx_stage1,,"[[[19, 691], [24, 691]], [], [true, true]]",
11185,q,a,cx_stage3,,"[[[19, 691], [24, 691]], [], [true, true]]",
11186,q,a,p,,"[[[24, 692]], [], [true]]",
11187,q,a,cx_stage1,,"[[[19, 695], [24, 695]], [], [true, true]]",
11188,q,a,cx_stage3,,"[[[19, 695], [24, 695]], [], [true, true]]",
11189,q,a,cx_stage1,,"[[[20, 698], [24, 698]], [], [true, true]]",
11190,q,a,cx_stage3,,"[[[20, 698], [24, 698]], [], [true, true]]",
11191,q,a,p,,"[[[24, 699]], [], [true]]",
11192,q,a,cx_stage1,,"[[[20, 702], [24, 702]], [], [true, true]]",
11193,q,a,cx_stage3,,"[[[20, 702], [24, 702]], [], [true, true]]",
11194,q,a,cx_stage1,,"[[[21, 705], [24, 705]], [], [true, true]]",
11195,q,a,cx_stage3,,"[[[21, 705], [24, 705]], [], [true, true]]",
11196,q,a,p,,"[[[24, 706]], [], [true]]",
11197,q,a,cx_stage1,,"[[[21, 709], [24, 709]], [], [true, true]]",
11198,q,a,cx_stage3,,"[[[21, 709], [24, 709]], [], [true, true]]",
11199,q,a,cx_stage1,,"[[[22, 712], [24, 712]], [], [true, true]]",
11200,q,a,cx_stage3,,"[[[22, 712], [24, 712]], [], [true, true]]",
11201,q,a,p,,"[[[24, 713]], [], [true]]",
11202,q,a,cx_stage1,,"[[[22, 716], [24, 716]], [], [true, true]]",
11203,q,a,cx_stage3,,"[[[22, 716], [24, 716]], [], [true, true]]",
11204,q,a,cx_stage1,,"[[[23, 719], [24, 719]], [], [true, true]]",
11205,q,a,cx_stage3,,"[[[23, 719], [24, 719]], [], [true, true]]",
11206,q,a,p,,"[[[24, 720]], [], [true]]",
11207,q,a,cx_stage1,,"[[[23, 723], [24, 723]], [], [true, true]]",
11208,q,a,cx_stage3,,"[[[23, 723], [24, 723]], [], [true, true]]",
11209,q,a,cx_stage1,,"[[[24, 733], [25, 733]], [], [true, true]]",
11210,q,a,cx_stage2,,"[[[24, 733], [25, 733]], [], [true, true]]",
11211,q,a,cx_stage3,,"[[[24, 733], [25, 733]], [], [true, true]]",
11212,q,a,cx_stage1,,"[[[24, 737], [25, 737]], [], [true, true]]",
11213,q,a,cx_stage2,,"[[[24, 737], [25, 737]], [], [true, true]]",
11214,q,a,cx_stage3,,"[[[24, 737], [25, 737]], [], [true, true]]",
11215,q,a,cx_stage1,,"[[[24, 740], [26, 740]], [], [true, true]]",
11216,q,a,cx_stage2,,"[[[24, 740], [26, 740]], [], [true, true]]",
11217,q,a,cx_stage3,,"[[[24, 740], [26, 740]], [], [true, true]]",
11218,q,a,cx_stage1,,"[[[24, 744], [26, 744]], [], [true, true]]",
11219,q,a,cx_stage2,,"[[[24, 744], [26, 744]], [], [true, true]]",
11220,q,a,cx_stage3,,"[[[24, 744], [26, 744]], [], [true, true]]",
11221,q,a,cx_stage1,,"[[[24, 747], [27, 747]], [], [true, true]]",
11222,q,a,cx_stage2,,"[[[24, 747], [27, 747]], [], [true, true]]",
11223,q,a,cx_stage3,,"[[[24, 747], [27, 747]], [], [true, true]]",
11224,q,a,cx_stage1,,"[[[24, 751], [27, 751]], [], [true, true]]",
11225,q,a,cx_stage2,,"[[[24, 751], [27, 751]], [], [true, true]]",
11226,q,a,cx_stage3,,"[[[24, 751], [27, 751]], [], [true, true]]",
11227,q,a,cx_stage1,,"[[[24, 754], [28, 754]], [], [true, true]]",
11228,q,a,cx_stage2,,"[[[24, 754], [28, 754]], [], [true, true]]",
11229,q,a,cx_stage3,,"[[[24, 754], [28, 754]], [], [true, true]]",
11230,q,a,cx_stage1,,"[[[24, 758], [28, 758]], [], [true, true]]",
11231,q,a,cx_stage2,,"[[[24, 758], [28, 758]], [], [true, true]]",
11232,q,a,cx_stage3,,"[[[24, 758], [28, 758]], [], [true, true]]",
11233,q,a,cx_stage1,,"[[[24, 761], [29, 761]], [], [true, true]]",
11234,q,a,cx_stage2,,"[[[24, 761], [29, 761]], [], [true, true]]",
11235,q,a,cx_stage3,,"[[[24, 761], [29, 761]], [], [true, true]]",
11236,q,a,cx_stage1,,"[[[24, 765], [29, 765]], [], [true, true]]",
11237,q,a,cx_stage2,,"[[[24, 765], [29, 765]], [], [true, true]]",
11238,q,a,cx_stage3,,"[[[24, 765], [29, 765]], [], [true, true]]",
11239,q,a,cx_stage1,,"[[[24, 768], [30, 768]], [], [true, true]]",
11240,q,a,cx_stage2,,"[[[24, 768], [30, 768]], [], [true, true]]",
11241,q,a,cx_stage3,,"[[[24, 768], [30, 768]], [], [true, true]]",
11242,q,a,cx_stage1,,"[[[24, 772], [30, 772]], [], [true, true]]",
11243,q,a,cx_stage2,,"[[[24, 772], [30, 772]], [], [true, true]]",
11244,q,a,cx_stage3,,"[[[24, 772], [30, 772]], [], [true, true]]",
11245,q,a,cx_stage1,,"[[[24, 775], [31, 775]], [], [true, true]]",
11246,q,a,cx_stage2,,"[[[24, 775], [31, 775]], [], [true, true]]",
11247,q,a,cx_stage3,,"[[[24, 775], [31, 775]], [], [true, true]]",
11248,q,a,cx_stage1,,"[[[24, 779], [31, 779]], [], [true, true]]",
11249,q,a,cx_stage2,,"[[[24, 779], [31, 779]], [], [true, true]]",
11250,q,a,cx_stage3,,"[[[24, 779], [31, 779]], [], [true, true]]",
11251,q,a,cx_stage1,,"[[[24, 782], [32, 782]], [], [true, true]]",
11252,q,a,cx_stage2,,"[[[24, 782], [32, 782]], [], [true, true]]",
11253,q,a,cx_stage3,,"[[[24, 782], [32, 782]], [], [true, true]]",
11254,q,a,cx_stage1,,"[[[24, 786], [32, 786]], [], [true, true]]",
11255,q,a,cx_stage2,,"[[[24, 786], [32, 786]], [], [true, true]]",
11256,q,a,cx_stage3,,"[[[24, 786], [32, 786]], [], [true, true]]",
11257,q,a,cx_stage1,,"[[[24, 789], [33, 789]], [], [true, true]]",
11258,q,a,cx_stage2,,"[[[24, 789], [33, 789]], [], [true, true]]",
11259,q,a,cx_stage3,,"[[[24, 789], [33, 789]], [], [true, true]]",
11260,q,a,cx_stage1,,"[[[24, 793], [33, 793]], [], [true, true]]",
11261,q,a,cx_stage2,,"[[[24, 793], [33, 793]], [], [true, true]]",
11262,q,a,cx_stage3,,"[[[24, 793], [33, 793]], [], [true, true]]",
11263,q,a,cx_stage1,,"[[[24, 796], [34, 796]], [], [true, true]]",
11264,q,a,cx_stage2,,"[[[24, 796], [34, 796]], [], [true, true]]",
11265,q,a,cx_stage3,,"[[[24, 796], [34, 796]], [], [true, true]]",
11266,q,a,cx_stage1,,"[[[24, 800], [34, 800]], [], [true, true]]",
11267,q,a,cx_stage2,,"[[[24, 800], [34, 800]], [], [true, true]]",
11268,q,a,cx_stage3,,"[[[24, 800], [34, 800]], [], [true, true]]",
11269,q,a,cx_stage1,,"[[[24, 803], [35, 803]], [], [true, true]]",
11270,q,a,cx_stage2,,"[[[24, 803], [35, 803]], [], [true, true]]",
11271,q,a,cx_stage3,,"[[[24, 803], [35, 803]], [], [true, true]]",
11272,q,a,cx_stage1,,"[[[24, 807], [35, 807]], [], [true, true]]",
11273,q,a,cx_stage2,,"[[[24, 807], [35, 807]], [], [true, true]]",
11274,q,a,cx_stage3,,"[[[24, 807], [35, 807]], [], [true, true]]",
11275,q,a,cx_stage1,,"[[[24, 810], [36, 810]], [], [true, true]]",
11276,q,a,cx_stage2,,"[[[24, 810], [36, 810]], [], [true, true]]",
11277,q,a,cx_stage3,,"[[[24, 810], [36, 810]], [], [true, true]]",
11278,q,a,cx_stage1,,"[[[24, 814], [36, 814]], [], [true, true]]",
11279,q,a,cx_stage2,,"[[[24, 814], [36, 814]], [], [true, true]]",
11280,q,a,cx_stage3,,"[[[24, 814], [36, 814]], [], [true, true]]",
11281,q,a,cx_stage1,,"[[[24, 817], [37, 817]], [], [true, true]]",
11282,q,a,cx_stage2,,"[[[24, 817], [37, 817]], [], [true, true]]",
11283,q,a,cx_stage3,,"[[[24, 817], [37, 817]], [], [true, true]]",
11284,q,a,cx_stage1,,"[[[24, 821], [37, 821]], [], [true, true]]",
11285,q,a,cx_stage2,,"[[[24, 821], [37, 821]], [], [true, true]]",
11286,q,a,cx_stage3,,"[[[24, 821], [37, 821]], [], [true, true]]",
11287,q,a,cx_stage1,,"[[[24, 824], [38, 824]], [], [true, true]]",
11288,q,a,cx_stage2,,"[[[24, 824], [38, 824]], [], [true, true]]",
11289,q,a,cx_stage3,,"[[[24, 824], [38, 824]], [], [true, true]]",
11290,q,a,cx_stage1,,"[[[24, 828], [38, 828]], [], [true, true]]",
11291,q,a,cx_stage2,,"[[[24, 828], [38, 828]], [], [true, true]]",
11292,q,a,cx_stage3,,"[[[24, 828], [38, 828]], [], [true, true]]",
11293,q,a,cx_stage1,,"[[[24, 831], [39, 831]], [], [true, true]]",
11294,q,a,cx_stage2,,"[[[24, 831], [39, 831]], [], [true, true]]",
11295,q,a,cx_stage3,,"[[[24, 831], [39, 831]], [], [true, true]]",
11296,q,a,cx_stage1,,"[[[24, 835], [39, 835]], [], [true, true]]",
11297,q,a,cx_stage2,,"[[[24, 835], [39, 835]], [], [true, true]]",
11298,q,a,cx_stage3,,"[[[24, 835], [39, 835]], [], [true, true]]",
11299,q,a,cx_stage1,,"[[[24, 838], [40, 838]], [], [true, true]]",
11300,q,a,cx_stage2,,"[[[24, 838], [40, 838]], [], [true, true]]",
11301,q,a,cx_stage3,,"[[[24, 838], [40, 838]], [], [true, true]]",
11302,q,a,cx_stage1,,"[[[24, 842], [40, 842]], [], [true, true]]",
11303,q,a,cx_stage2,,"[[[24, 842], [40, 842]], [], [true, true]]",
11304,q,a,cx_stage3,,"[[[24, 842], [40, 842]], [], [true, true]]",
11305,q,a,cx_stage1,,"[[[24, 845], [41, 845]], [], [true, true]]",
11306,q,a,cx_stage2,,"[[[24, 845], [41, 845]], [], [true, true]]",
11307,q,a,cx_stage3,,"[[[24, 845], [41, 845]], [], [true, true]]",
11308,q,a,cx_stage1,,"[[[24, 849], [41, 849]], [], [true, true]]",
11309,q,a,cx_stage2,,"[[[24, 849], [41, 849]], [], [true, true]]",
11310,q,a,cx_stage3,,"[[[24, 849], [41, 849]], [], [true, true]]",
11311,q,a,cx_stage1,,"[[[24, 852], [42, 852]], [], [true, true]]",
11312,q,a,cx_stage2,,"[[[24, 852], [42, 852]], [], [true, true]]",
11313,q,a,cx_stage3,,"[[[24, 852], [42, 852]], [], [true, true]]",
11314,q,a,cx_stage1,,"[[[24, 856], [42, 856]], [], [true, true]]",
11315,q,a,cx_stage2,,"[[[24, 856], [42, 856]], [], [true, true]]",
11316,q,a,cx_stage3,,"[[[24, 856], [42, 856]], [], [true, true]]",
11317,q,a,cx_stage1,,"[[[24, 859], [43, 859]], [], [true, true]]",
11318,q,a,cx_stage2,,"[[[24, 859], [43, 859]], [], [true, true]]",
11319,q,a,cx_stage3,,"[[[24, 859], [43, 859]], [], [true, true]]",
11320,q,a,cx_stage1,,"[[[24, 863], [43, 863]], [], [true, true]]",
11321,q,a,cx_stage2,,"[[[24, 863], [43, 863]], [], [true, true]]",
11322,q,a,cx_stage3,,"[[[24, 863], [43, 863]], [], [true, true]]",
11323,q,a,cx_stage1,,"[[[24, 866], [44, 866]], [], [true, true]]",
11324,q,a,cx_stage2,,"[[[24, 866], [44, 866]], [], [true, true]]",
11325,q,a,cx_stage3,,"[[[24, 866], [44, 866]], [], [true, true]]",
11326,q,a,cx_stage1,,"[[[24, 870], [44, 870]], [], [true, true]]",
11327,q,a,cx_stage2,,"[[[24, 870], [44, 870]], [], [true, true]]",
11328,q,a,cx_stage3,,"[[[24, 870], [44, 870]], [], [true, true]]",
11329,q,a,cx_stage1,,"[[[24, 873], [45, 873]], [], [true, true]]",
11330,q,a,cx_stage2,,"[[[24, 873], [45, 873]], [], [true, true]]",
11331,q,a,cx_stage3,,"[[[24, 873], [45, 873]], [], [true, true]]",
11332,q,a,cx_stage1,,"[[[24, 877], [45, 877]], [], [true, true]]",
11333,q,a,cx_stage2,,"[[[24, 877], [45, 877]], [], [true, true]]",
11334,q,a,cx_stage3,,"[[[24, 877], [45, 877]], [], [true, true]]",
11335,q,a,cx_stage1,,"[[[24, 880], [46, 880]], [], [true, true]]",
11336,q,a,cx_stage2,,"[[[24, 880], [46, 880]], [], [true, true]]",
11337,q,a,cx_stage3,,"[[[24, 880], [46, 880]], [], [true, true]]",
11338,q,a,cx_stage1,,"[[[24, 884], [46, 884]], [], [true, true]]",
11339,q,a,cx_stage2,,"[[[24, 884], [46, 884]], [], [true, true]]",
11340,q,a,cx_stage3,,"[[[24, 884], [46, 884]], [], [true, true]]",
11341,q,a,cx_stage1,,"[[[24, 887], [47, 887]], [], [true, true]]",
11342,q,a,cx_stage2,,"[[[24, 887], [47, 887]], [], [true, true]]",
11343,q,a,cx_stage3,,"[[[24, 887], [47, 887]], [], [true, true]]",
11344,q,a,cx_stage1,,"[[[24, 891], [47, 891]], [], [true, true]]",
11345,q,a,cx_stage2,,"[[[24, 891], [47, 891]], [], [true, true]]",
11346,q,a,cx_stage3,,"[[[24, 891], [47, 891]], [], [true, true]]",
11347,q,a,cx_stage1,,"[[[24, 894], [48, 894]], [], [true, true]]",
11348,q,a,cx_stage2,,"[[[24, 894], [48, 894]], [], [true, true]]",
11349,q,a,cx_stage3,,"[[[24, 894], [48, 894]], [], [true, true]]",
11350,q,a,cx_stage1,,"[[[24, 898], [48, 898]], [], [true, true]]",
11351,q,a,cx_stage2,,"[[[24, 898], [48, 898]], [], [true, true]]",
11352,q,a,cx_stage3,,"[[[24, 898], [48, 898]], [], [true, true]]",
11353,q,a,cx_stage1,,"[[[24, 901], [49, 901]], [], [true, true]]",
11354,q,a,cx_stage2,,"[[[24, 901], [49, 901]], [], [true, true]]",
11355,q,a,cx_stage3,,"[[[24, 901], [49, 901]], [], [true, true]]",
11356,q,a,cx_stage1,,"[[[24, 905], [49, 905]], [], [true, true]]",
11357,q,a,cx_stage2,,"[[[24, 905], [49, 905]], [], [true, true]]",
11358,q,a,cx_stage3,,"[[[24, 905], [49, 905]], [], [true, true]]",
11359,q,a,cx_stage1,,"[[[24, 908], [50, 908]], [], [true, true]]",
11360,q,a,cx_stage2,,"[[[24, 908], [50, 908]], [], [true, true]]",
11361,q,a,cx_stage3,,"[[[24, 908], [50, 908]], [], [true, true]]",
11362,q,a,cx_stage1,,"[[[24, 912], [50, 912]], [], [true, true]]",
11363,q,a,cx_stage2,,"[[[24, 912], [50, 912]], [], [true, true]]",
11364,q,a,cx_stage3,,"[[[24, 912], [50, 912]], [], [true, true]]",
11365,q,a,cx_stage1,,"[[[24, 915], [51, 915]], [], [true, true]]",
11366,q,a,cx_stage2,,"[[[24, 915], [51, 915]], [], [true, true]]",
11367,q,a,cx_stage3,,"[[[24, 915], [51, 915]], [], [true, true]]",
11368,q,a,cx_stage1,,"[[[24, 919], [51, 919]], [], [true, true]]",
11369,q,a,cx_stage2,,"[[[24, 919], [51, 919]], [], [true, true]]",
11370,q,a,cx_stage3,,"[[[24, 919], [51, 919]], [], [true, true]]",
11371,q,a,cx_stage1,,"[[[24, 922], [52, 922]], [], [true, true]]",
11372,q,a,cx_stage2,,"[[[24, 922], [52, 922]], [], [true, true]]",
11373,q,a,cx_stage3,,"[[[24, 922], [52, 922]], [], [true, true]]",
11374,q,a,cx_stage1,,"[[[24, 926], [52, 926]], [], [true, true]]",
11375,q,a,cx_stage2,,"[[[24, 926], [52, 926]], [], [true, true]]",
11376,q,a,cx_stage3,,"[[[24, 926], [52, 926]], [], [true, true]]",
11377,q,a,cx_stage1,,"[[[24, 929], [53, 929]], [], [true, true]]",
11378,q,a,cx_stage2,,"[[[24, 929], [53, 929]], [], [true, true]]",
11379,q,a,cx_stage3,,"[[[24, 929], [53, 929]], [], [true, true]]",
11380,q,a,cx_stage1,,"[[[24, 933], [53, 933]], [], [true, true]]",
11381,q,a,cx_stage2,,"[[[24, 933], [53, 933]], [], [true, true]]",
11382,q,a,cx_stage3,,"[[[24, 933], [53, 933]], [], [true, true]]",
11383,q,a,cx_stage1,,"[[[24, 936], [54, 936]], [], [true, true]]",
11384,q,a,cx_stage2,,"[[[24, 936], [54, 936]], [], [true, true]]",
11385,q,a,cx_stage3,,"[[[24, 936], [54, 936]], [], [true, true]]",
11386,q,a,cx_stage1,,"[[[24, 940], [54, 940]], [], [true, true]]",
11387,q,a,cx_stage2,,"[[[24, 940], [54, 940]], [], [true, true]]",
11388,q,a,cx_stage3,,"[[[24, 940], [54, 940]], [], [true, true]]",
11389,q,a,cx_stage1,,"[[[24, 943], [55, 943]], [], [true, true]]",
11390,q,a,cx_stage2,,"[[[24, 943], [55, 943]], [], [true, true]]",
11391,q,a,cx_stage3,,"[[[24, 943], [55, 943]], [], [true, true]]",
11392,q,a,cx_stage1,,"[[[24, 947], [55, 947]], [], [true, true]]",
11393,q,a,cx_stage2,,"[[[24, 947], [55, 947]], [], [true, true]]",
11394,q,a,cx_stage3,,"[[[24, 947], [55, 947]], [], [true, true]]",
11395,q,a,ry,,"[[[24, 948]], [], [true]]",
11396,q,a,u2,,"[[[25, 1]], [], [true]]",
11397,q,a,cx_stage1,,"[[[0, 172], [25, 172]], [], [true, true]]",
11398,q,a,cx_stage2,,"[[[25, 1248], [26, 1248]], [], [true, true]]",
11399,q,a,cx_stage1,,"[[[25, 1248], [26, 1248]], [], [true, true]]",
11400,q,a,cx_stage3,,"[[[25, 1248], [26, 1248]], [], [true, true]]",
11401,q,a,cx_stage1,,"[[[24, 1251], [25, 1251]], [], [true, true]]",
11402,q,a,cx_stage3,,"[[[24, 1251], [25, 1251]], [], [true, true]]",
11403,q,a,ry,,"[[[25, 1252]], [], [true]]",
11404,q,a,cx_stage3,,"[[[0, 172], [25, 172]], [], [true, true]]",
11405,q,a,p,,"[[[25, 173]], [], [true]]",
11406,q,a,cx_stage1,,"[[[0, 176], [25, 176]], [], [true, true]]",
11407,q,a,cx_stage3,,"[[[0, 176], [25, 176]], [], [true, true]]",
11408,q,a,cx_stage1,,"[[[1, 179], [25, 179]], [], [true, true]]",
11409,q,a,cx_stage3,,"[[[1, 179], [25, 179]], [], [true, true]]",
11410,q,a,p,,"[[[25, 180]], [], [true]]",
11411,q,a,cx_stage1,,"[[[1, 183], [25, 183]], [], [true, true]]",
11412,q,a,cx_stage3,,"[[[1, 183], [25, 183]], [], [true, true]]",
11413,q,a,cx_stage1,,"[[[2, 186], [25, 186]], [], [true, true]]",
11414,q,a,cx_stage2,,"[[[2, 186], [25, 186]], [], [true, true]]",
11415,q,a,cx_stage3,,"[[[2, 186], [25, 186]], [], [true, true]]",
11416,q,a,p,,"[[[25, 187]], [], [true]]",
11417,q,a,cx_stage1,,"[[[2, 190], [25, 190]], [], [true, true]]",
11418,q,a,cx_stage2,,"[[[2, 190], [25, 190]], [], [true, true]]",
11419,q,a,cx_stage3,,"[[[2, 190], [25, 190]], [], [true, true]]",
11420,q,a,cx_stage1,,"[[[3, 193], [25, 193]], [], [true, true]]",
11421,q,a,cx_stage2,,"[[[3, 193], [25, 193]], [], [true, true]]",
11422,q,a,cx_stage3,,"[[[3, 193], [25, 193]], [], [true, true]]",
11423,q,a,p,,"[[[25, 194]], [], [true]]",
11424,q,a,cx_stage1,,"[[[3, 197], [25, 197]], [], [true, true]]",
11425,q,a,cx_stage2,,"[[[3, 197], [25, 197]], [], [true, true]]",
11426,q,a,cx_stage3,,"[[[3, 197], [25, 197]], [], [true, true]]",
11427,q,a,cx_stage1,,"[[[4, 200], [25, 200]], [], [true, true]]",
11428,q,a,cx_stage2,,"[[[4, 200], [25, 200]], [], [true, true]]",
11429,q,a,cx_stage3,,"[[[4, 200], [25, 200]], [], [true, true]]",
11430,q,a,p,,"[[[25, 201]], [], [true]]",
11431,q,a,cx_stage1,,"[[[4, 204], [25, 204]], [], [true, true]]",
11432,q,a,cx_stage2,,"[[[4, 204], [25, 204]], [], [true, true]]",
11433,q,a,cx_stage3,,"[[[4, 204], [25, 204]], [], [true, true]]",
11434,q,a,cx_stage1,,"[[[5, 207], [25, 207]], [], [true, true]]",
11435,q,a,cx_stage2,,"[[[5, 207], [25, 207]], [], [true, true]]",
11436,q,a,cx_stage3,,"[[[5, 207], [25, 207]], [], [true, true]]",
11437,q,a,p,,"[[[25, 208]], [], [true]]",
11438,q,a,cx_stage1,,"[[[5, 211], [25, 211]], [], [true, true]]",
11439,q,a,cx_stage2,,"[[[5, 211], [25, 211]], [], [true, true]]",
11440,q,a,cx_stage3,,"[[[5, 211], [25, 211]], [], [true, true]]",
11441,q,a,cx_stage1,,"[[[6, 214], [25, 214]], [], [true, true]]",
11442,q,a,cx_stage2,,"[[[6, 214], [25, 214]], [], [true, true]]",
11443,q,a,cx_stage3,,"[[[6, 214], [25, 214]], [], [true, true]]",
11444,q,a,p,,"[[[25, 215]], [], [true]]",
11445,q,a,cx_stage1,,"[[[6, 218], [25, 218]], [], [true, true]]",
11446,q,a,cx_stage2,,"[[[6, 218], [25, 218]], [], [true, true]]",
11447,q,a,cx_stage3,,"[[[6, 218], [25, 218]], [], [true, true]]",
11448,q,a,cx_stage1,,"[[[7, 221], [25, 221]], [], [true, true]]",
11449,q,a,cx_stage2,,"[[[7, 221], [25, 221]], [], [true, true]]",
11450,q,a,cx_stage3,,"[[[7, 221], [25, 221]], [], [true, true]]",
11451,q,a,p,,"[[[25, 222]], [], [true]]",
11452,q,a,cx_stage1,,"[[[7, 225], [25, 225]], [], [true, true]]",
11453,q,a,cx_stage2,,"[[[7, 225], [25, 225]], [], [true, true]]",
11454,q,a,cx_stage3,,"[[[7, 225], [25, 225]], [], [true, true]]",
11455,q,a,cx_stage1,,"[[[8, 228], [25, 228]], [], [true, true]]",
11456,q,a,cx_stage2,,"[[[8, 228], [25, 228]], [], [true, true]]",
11457,q,a,cx_stage3,,"[[[8, 228], [25, 228]], [], [true, true]]",
11458,q,a,p,,"[[[25, 229]], [], [true]]",
11459,q,a,cx_stage1,,"[[[8, 232], [25, 232]], [], [true, true]]",
11460,q,a,cx_stage2,,"[[[8, 232], [25, 232]], [], [true, true]]",
11461,q,a,cx_stage3,,"[[[8, 232], [25, 232]], [], [true, true]]",
11462,q,a,cx_stage1,,"[[[9, 235], [25, 235]], [], [true, true]]",
11463,q,a,cx_stage2,,"[[[9, 235], [25, 235]], [], [true, true]]",
11464,q,a,cx_stage3,,"[[[9, 235], [25, 235]], [], [true, true]]",
11465,q,a,p,,"[[[25, 236]], [], [true]]",
11466,q,a,cx_stage1,,"[[[9, 239], [25, 239]], [], [true, true]]",
11467,q,a,cx_stage2,,"[[[9, 239], [25, 239]], [], [true, true]]",
11468,q,a,cx_stage3,,"[[[9, 239], [25, 239]], [], [true, true]]",
11469,q,a,cx_stage1,,"[[[10, 242], [25, 242]], [], [true, true]]",
11470,q,a,cx_stage3,,"[[[10, 242], [25, 242]], [], [true, true]]",
11471,q,a,p,,"[[[25, 243]], [], [true]]",
11472,q,a,cx_stage1,,"[[[10, 246], [25, 246]], [], [true, true]]",
11473,q,a,cx_stage3,,"[[[10, 246], [25, 246]], [], [true, true]]",
11474,q,a,cx_stage1,,"[[[11, 249], [25, 249]], [], [true, true]]",
11475,q,a,cx_stage3,,"[[[11, 249], [25, 249]], [], [true, true]]",
11476,q,a,p,,"[[[25, 250]], [], [true]]",
11477,q,a,cx_stage1,,"[[[11, 253], [25, 253]], [], [true, true]]",
11478,q,a,cx_stage3,,"[[[11, 253], [25, 253]], [], [true, true]]",
11479,q,a,cx_stage1,,"[[[12, 256], [25, 256]], [], [true, true]]",
11480,q,a,cx_stage3,,"[[[12, 256], [25, 256]], [], [true, true]]",
11481,q,a,p,,"[[[25, 257]], [], [true]]",
11482,q,a,cx_stage1,,"[[[12, 260], [25, 260]], [], [true, true]]",
11483,q,a,cx_stage3,,"[[[12, 260], [25, 260]], [], [true, true]]",
11484,q,a,cx_stage1,,"[[[13, 263], [25, 263]], [], [true, true]]",
11485,q,a,cx_stage3,,"[[[13, 263], [25, 263]], [], [true, true]]",
11486,q,a,p,,"[[[25, 264]], [], [true]]",
11487,q,a,cx_stage1,,"[[[13, 267], [25, 267]], [], [true, true]]",
11488,q,a,cx_stage3,,"[[[13, 267], [25, 267]], [], [true, true]]",
11489,q,a,cx_stage1,,"[[[14, 270], [25, 270]], [], [true, true]]",
11490,q,a,cx_stage3,,"[[[14, 270], [25, 270]], [], [true, true]]",
11491,q,a,p,,"[[[25, 271]], [], [true]]",
11492,q,a,cx_stage1,,"[[[14, 274], [25, 274]], [], [true, true]]",
11493,q,a,cx_stage3,,"[[[14, 274], [25, 274]], [], [true, true]]",
11494,q,a,cx_stage1,,"[[[15, 277], [25, 277]], [], [true, true]]",
11495,q,a,cx_stage3,,"[[[15, 277], [25, 277]], [], [true, true]]",
11496,q,a,p,,"[[[25, 278]], [], [true]]",
11497,q,a,cx_stage1,,"[[[15, 281], [25, 281]], [], [true, true]]",
11498,q,a,cx_stage3,,"[[[15, 281], [25, 281]], [], [true, true]]",
11499,q,a,cx_stage1,,"[[[16, 284], [25, 284]], [], [true, true]]",
11500,q,a,cx_stage3,,"[[[16, 284], [25, 284]], [], [true, true]]",
11501,q,a,p,,"[[[25, 285]], [], [true]]",
11502,q,a,cx_stage1,,"[[[16, 288], [25, 288]], [], [true, true]]",
11503,q,a,cx_stage3,,"[[[16, 288], [25, 288]], [], [true, true]]",
11504,q,a,cx_stage1,,"[[[17, 291], [25, 291]], [], [true, true]]",
11505,q,a,cx_stage3,,"[[[17, 291], [25, 291]], [], [true, true]]",
11506,q,a,p,,"[[[25, 292]], [], [true]]",
11507,q,a,cx_stage1,,"[[[17, 295], [25, 295]], [], [true, true]]",
11508,q,a,cx_stage3,,"[[[17, 295], [25, 295]], [], [true, true]]",
11509,q,a,cx_stage1,,"[[[18, 298], [25, 298]], [], [true, true]]",
11510,q,a,cx_stage3,,"[[[18, 298], [25, 298]], [], [true, true]]",
11511,q,a,p,,"[[[25, 299]], [], [true]]",
11512,q,a,cx_stage1,,"[[[18, 302], [25, 302]], [], [true, true]]",
11513,q,a,cx_stage3,,"[[[18, 302], [25, 302]], [], [true, true]]",
11514,q,a,cx_stage1,,"[[[19, 305], [25, 305]], [], [true, true]]",
11515,q,a,cx_stage3,,"[[[19, 305], [25, 305]], [], [true, true]]",
11516,q,a,p,,"[[[25, 306]], [], [true]]",
11517,q,a,cx_stage1,,"[[[19, 309], [25, 309]], [], [true, true]]",
11518,q,a,cx_stage3,,"[[[19, 309], [25, 309]], [], [true, true]]",
11519,q,a,cx_stage1,,"[[[20, 312], [25, 312]], [], [true, true]]",
11520,q,a,cx_stage3,,"[[[20, 312], [25, 312]], [], [true, true]]",
11521,q,a,p,,"[[[25, 313]], [], [true]]",
11522,q,a,cx_stage1,,"[[[20, 316], [25, 316]], [], [true, true]]",
11523,q,a,cx_stage3,,"[[[20, 316], [25, 316]], [], [true, true]]",
11524,q,a,cx_stage1,,"[[[21, 319], [25, 319]], [], [true, true]]",
11525,q,a,cx_stage3,,"[[[21, 319], [25, 319]], [], [true, true]]",
11526,q,a,p,,"[[[25, 320]], [], [true]]",
11527,q,a,cx_stage1,,"[[[21, 323], [25, 323]], [], [true, true]]",
11528,q,a,cx_stage3,,"[[[21, 323], [25, 323]], [], [true, true]]",
11529,q,a,cx_stage1,,"[[[22, 326], [25, 326]], [], [true, true]]",
11530,q,a,cx_stage3,,"[[[22, 326], [25, 326]], [], [true, true]]",
11531,q,a,p,,"[[[25, 327]], [], [true]]",
11532,q,a,cx_stage1,,"[[[22, 330], [25, 330]], [], [true, true]]",
11533,q,a,cx_stage3,,"[[[22, 330], [25, 330]], [], [true, true]]",
11534,q,a,cx_stage1,,"[[[23, 333], [25, 333]], [], [true, true]]",
11535,q,a,cx_stage3,,"[[[23, 333], [25, 333]], [], [true, true]]",
11536,q,a,p,,"[[[25, 334]], [], [true]]",
11537,q,a,cx_stage1,,"[[[23, 337], [25, 337]], [], [true, true]]",
11538,q,a,cx_stage3,,"[[[23, 337], [25, 337]], [], [true, true]]",
11539,q,a,cx_stage1,,"[[[24, 340], [25, 340]], [], [true, true]]",
11540,q,a,cx_stage3,,"[[[24, 340], [25, 340]], [], [true, true]]",
11541,q,a,p,,"[[[25, 341]], [], [true]]",
11542,q,a,cx_stage1,,"[[[24, 344], [25, 344]], [], [true, true]]",
11543,q,a,cx_stage3,,"[[[24, 344], [25, 344]], [], [true, true]]",
11544,q,a,cx_stage1,,"[[[25, 354], [26, 354]], [], [true, true]]",
11545,q,a,cx_stage2,,"[[[25, 354], [26, 354]], [], [true, true]]",
11546,q,a,cx_stage3,,"[[[25, 354], [26, 354]], [], [true, true]]",
11547,q,a,cx_stage1,,"[[[25, 358], [26, 358]], [], [true, true]]",
11548,q,a,cx_stage2,,"[[[25, 358], [26, 358]], [], [true, true]]",
11549,q,a,cx_stage3,,"[[[25, 358], [26, 358]], [], [true, true]]",
11550,q,a,cx_stage1,,"[[[25, 361], [27, 361]], [], [true, true]]",
11551,q,a,cx_stage2,,"[[[25, 361], [27, 361]], [], [true, true]]",
11552,q,a,cx_stage3,,"[[[25, 361], [27, 361]], [], [true, true]]",
11553,q,a,cx_stage1,,"[[[25, 365], [27, 365]], [], [true, true]]",
11554,q,a,cx_stage2,,"[[[25, 365], [27, 365]], [], [true, true]]",
11555,q,a,cx_stage3,,"[[[25, 365], [27, 365]], [], [true, true]]",
11556,q,a,cx_stage1,,"[[[25, 368], [28, 368]], [], [true, true]]",
11557,q,a,cx_stage2,,"[[[25, 368], [28, 368]], [], [true, true]]",
11558,q,a,cx_stage3,,"[[[25, 368], [28, 368]], [], [true, true]]",
11559,q,a,cx_stage1,,"[[[25, 372], [28, 372]], [], [true, true]]",
11560,q,a,cx_stage2,,"[[[25, 372], [28, 372]], [], [true, true]]",
11561,q,a,cx_stage3,,"[[[25, 372], [28, 372]], [], [true, true]]",
11562,q,a,cx_stage1,,"[[[25, 375], [29, 375]], [], [true, true]]",
11563,q,a,cx_stage2,,"[[[25, 375], [29, 375]], [], [true, true]]",
11564,q,a,cx_stage3,,"[[[25, 375], [29, 375]], [], [true, true]]",
11565,q,a,cx_stage1,,"[[[25, 379], [29, 379]], [], [true, true]]",
11566,q,a,cx_stage2,,"[[[25, 379], [29, 379]], [], [true, true]]",
11567,q,a,cx_stage3,,"[[[25, 379], [29, 379]], [], [true, true]]",
11568,q,a,cx_stage1,,"[[[25, 382], [30, 382]], [], [true, true]]",
11569,q,a,cx_stage2,,"[[[25, 382], [30, 382]], [], [true, true]]",
11570,q,a,cx_stage3,,"[[[25, 382], [30, 382]], [], [true, true]]",
11571,q,a,cx_stage1,,"[[[25, 386], [30, 386]], [], [true, true]]",
11572,q,a,cx_stage2,,"[[[25, 386], [30, 386]], [], [true, true]]",
11573,q,a,cx_stage3,,"[[[25, 386], [30, 386]], [], [true, true]]",
11574,q,a,cx_stage1,,"[[[25, 389], [31, 389]], [], [true, true]]",
11575,q,a,cx_stage2,,"[[[25, 389], [31, 389]], [], [true, true]]",
11576,q,a,cx_stage3,,"[[[25, 389], [31, 389]], [], [true, true]]",
11577,q,a,cx_stage1,,"[[[25, 393], [31, 393]], [], [true, true]]",
11578,q,a,cx_stage2,,"[[[25, 393], [31, 393]], [], [true, true]]",
11579,q,a,cx_stage3,,"[[[25, 393], [31, 393]], [], [true, true]]",
11580,q,a,cx_stage1,,"[[[25, 396], [32, 396]], [], [true, true]]",
11581,q,a,cx_stage2,,"[[[25, 396], [32, 396]], [], [true, true]]",
11582,q,a,cx_stage3,,"[[[25, 396], [32, 396]], [], [true, true]]",
11583,q,a,cx_stage1,,"[[[25, 400], [32, 400]], [], [true, true]]",
11584,q,a,cx_stage2,,"[[[25, 400], [32, 400]], [], [true, true]]",
11585,q,a,cx_stage3,,"[[[25, 400], [32, 400]], [], [true, true]]",
11586,q,a,cx_stage1,,"[[[25, 403], [33, 403]], [], [true, true]]",
11587,q,a,cx_stage2,,"[[[25, 403], [33, 403]], [], [true, true]]",
11588,q,a,cx_stage3,,"[[[25, 403], [33, 403]], [], [true, true]]",
11589,q,a,cx_stage1,,"[[[25, 407], [33, 407]], [], [true, true]]",
11590,q,a,cx_stage2,,"[[[25, 407], [33, 407]], [], [true, true]]",
11591,q,a,cx_stage3,,"[[[25, 407], [33, 407]], [], [true, true]]",
11592,q,a,cx_stage1,,"[[[25, 410], [34, 410]], [], [true, true]]",
11593,q,a,cx_stage2,,"[[[25, 410], [34, 410]], [], [true, true]]",
11594,q,a,cx_stage3,,"[[[25, 410], [34, 410]], [], [true, true]]",
11595,q,a,cx_stage1,,"[[[25, 414], [34, 414]], [], [true, true]]",
11596,q,a,cx_stage2,,"[[[25, 414], [34, 414]], [], [true, true]]",
11597,q,a,cx_stage3,,"[[[25, 414], [34, 414]], [], [true, true]]",
11598,q,a,cx_stage1,,"[[[25, 417], [35, 417]], [], [true, true]]",
11599,q,a,cx_stage2,,"[[[25, 417], [35, 417]], [], [true, true]]",
11600,q,a,cx_stage3,,"[[[25, 417], [35, 417]], [], [true, true]]",
11601,q,a,cx_stage1,,"[[[25, 421], [35, 421]], [], [true, true]]",
11602,q,a,cx_stage2,,"[[[25, 421], [35, 421]], [], [true, true]]",
11603,q,a,cx_stage3,,"[[[25, 421], [35, 421]], [], [true, true]]",
11604,q,a,cx_stage1,,"[[[25, 424], [36, 424]], [], [true, true]]",
11605,q,a,cx_stage2,,"[[[25, 424], [36, 424]], [], [true, true]]",
11606,q,a,cx_stage3,,"[[[25, 424], [36, 424]], [], [true, true]]",
11607,q,a,cx_stage1,,"[[[25, 428], [36, 428]], [], [true, true]]",
11608,q,a,cx_stage2,,"[[[25, 428], [36, 428]], [], [true, true]]",
11609,q,a,cx_stage3,,"[[[25, 428], [36, 428]], [], [true, true]]",
11610,q,a,cx_stage1,,"[[[25, 431], [37, 431]], [], [true, true]]",
11611,q,a,cx_stage2,,"[[[25, 431], [37, 431]], [], [true, true]]",
11612,q,a,cx_stage3,,"[[[25, 431], [37, 431]], [], [true, true]]",
11613,q,a,cx_stage1,,"[[[25, 435], [37, 435]], [], [true, true]]",
11614,q,a,cx_stage2,,"[[[25, 435], [37, 435]], [], [true, true]]",
11615,q,a,cx_stage3,,"[[[25, 435], [37, 435]], [], [true, true]]",
11616,q,a,cx_stage1,,"[[[25, 438], [38, 438]], [], [true, true]]",
11617,q,a,cx_stage2,,"[[[25, 438], [38, 438]], [], [true, true]]",
11618,q,a,cx_stage3,,"[[[25, 438], [38, 438]], [], [true, true]]",
11619,q,a,cx_stage1,,"[[[25, 442], [38, 442]], [], [true, true]]",
11620,q,a,cx_stage2,,"[[[25, 442], [38, 442]], [], [true, true]]",
11621,q,a,cx_stage3,,"[[[25, 442], [38, 442]], [], [true, true]]",
11622,q,a,cx_stage1,,"[[[25, 445], [39, 445]], [], [true, true]]",
11623,q,a,cx_stage2,,"[[[25, 445], [39, 445]], [], [true, true]]",
11624,q,a,cx_stage3,,"[[[25, 445], [39, 445]], [], [true, true]]",
11625,q,a,cx_stage1,,"[[[25, 449], [39, 449]], [], [true, true]]",
11626,q,a,cx_stage2,,"[[[25, 449], [39, 449]], [], [true, true]]",
11627,q,a,cx_stage3,,"[[[25, 449], [39, 449]], [], [true, true]]",
11628,q,a,cx_stage1,,"[[[25, 452], [40, 452]], [], [true, true]]",
11629,q,a,cx_stage2,,"[[[25, 452], [40, 452]], [], [true, true]]",
11630,q,a,cx_stage3,,"[[[25, 452], [40, 452]], [], [true, true]]",
11631,q,a,cx_stage1,,"[[[25, 456], [40, 456]], [], [true, true]]",
11632,q,a,cx_stage2,,"[[[25, 456], [40, 456]], [], [true, true]]",
11633,q,a,cx_stage3,,"[[[25, 456], [40, 456]], [], [true, true]]",
11634,q,a,cx_stage1,,"[[[25, 459], [41, 459]], [], [true, true]]",
11635,q,a,cx_stage2,,"[[[25, 459], [41, 459]], [], [true, true]]",
11636,q,a,cx_stage3,,"[[[25, 459], [41, 459]], [], [true, true]]",
11637,q,a,cx_stage1,,"[[[25, 463], [41, 463]], [], [true, true]]",
11638,q,a,cx_stage2,,"[[[25, 463], [41, 463]], [], [true, true]]",
11639,q,a,cx_stage3,,"[[[25, 463], [41, 463]], [], [true, true]]",
11640,q,a,cx_stage1,,"[[[25, 466], [42, 466]], [], [true, true]]",
11641,q,a,cx_stage2,,"[[[25, 466], [42, 466]], [], [true, true]]",
11642,q,a,cx_stage3,,"[[[25, 466], [42, 466]], [], [true, true]]",
11643,q,a,cx_stage1,,"[[[25, 470], [42, 470]], [], [true, true]]",
11644,q,a,cx_stage2,,"[[[25, 470], [42, 470]], [], [true, true]]",
11645,q,a,cx_stage3,,"[[[25, 470], [42, 470]], [], [true, true]]",
11646,q,a,cx_stage1,,"[[[25, 473], [43, 473]], [], [true, true]]",
11647,q,a,cx_stage2,,"[[[25, 473], [43, 473]], [], [true, true]]",
11648,q,a,cx_stage3,,"[[[25, 473], [43, 473]], [], [true, true]]",
11649,q,a,cx_stage1,,"[[[25, 477], [43, 477]], [], [true, true]]",
11650,q,a,cx_stage2,,"[[[25, 477], [43, 477]], [], [true, true]]",
11651,q,a,cx_stage3,,"[[[25, 477], [43, 477]], [], [true, true]]",
11652,q,a,cx_stage1,,"[[[25, 480], [44, 480]], [], [true, true]]",
11653,q,a,cx_stage2,,"[[[25, 480], [44, 480]], [], [true, true]]",
11654,q,a,cx_stage3,,"[[[25, 480], [44, 480]], [], [true, true]]",
11655,q,a,cx_stage1,,"[[[25, 484], [44, 484]], [], [true, true]]",
11656,q,a,cx_stage2,,"[[[25, 484], [44, 484]], [], [true, true]]",
11657,q,a,cx_stage3,,"[[[25, 484], [44, 484]], [], [true, true]]",
11658,q,a,cx_stage1,,"[[[25, 487], [45, 487]], [], [true, true]]",
11659,q,a,cx_stage2,,"[[[25, 487], [45, 487]], [], [true, true]]",
11660,q,a,cx_stage3,,"[[[25, 487], [45, 487]], [], [true, true]]",
11661,q,a,cx_stage1,,"[[[25, 491], [45, 491]], [], [true, true]]",
11662,q,a,cx_stage2,,"[[[25, 491], [45, 491]], [], [true, true]]",
11663,q,a,cx_stage3,,"[[[25, 491], [45, 491]], [], [true, true]]",
11664,q,a,cx_stage1,,"[[[25, 494], [46, 494]], [], [true, true]]",
11665,q,a,cx_stage2,,"[[[25, 494], [46, 494]], [], [true, true]]",
11666,q,a,cx_stage3,,"[[[25, 494], [46, 494]], [], [true, true]]",
11667,q,a,cx_stage1,,"[[[25, 498], [46, 498]], [], [true, true]]",
11668,q,a,cx_stage2,,"[[[25, 498], [46, 498]], [], [true, true]]",
11669,q,a,cx_stage3,,"[[[25, 498], [46, 498]], [], [true, true]]",
11670,q,a,cx_stage1,,"[[[25, 501], [47, 501]], [], [true, true]]",
11671,q,a,cx_stage2,,"[[[25, 501], [47, 501]], [], [true, true]]",
11672,q,a,cx_stage3,,"[[[25, 501], [47, 501]], [], [true, true]]",
11673,q,a,cx_stage1,,"[[[25, 505], [47, 505]], [], [true, true]]",
11674,q,a,cx_stage2,,"[[[25, 505], [47, 505]], [], [true, true]]",
11675,q,a,cx_stage3,,"[[[25, 505], [47, 505]], [], [true, true]]",
11676,q,a,cx_stage1,,"[[[25, 508], [48, 508]], [], [true, true]]",
11677,q,a,cx_stage2,,"[[[25, 508], [48, 508]], [], [true, true]]",
11678,q,a,cx_stage3,,"[[[25, 508], [48, 508]], [], [true, true]]",
11679,q,a,cx_stage1,,"[[[25, 512], [48, 512]], [], [true, true]]",
11680,q,a,cx_stage2,,"[[[25, 512], [48, 512]], [], [true, true]]",
11681,q,a,cx_stage3,,"[[[25, 512], [48, 512]], [], [true, true]]",
11682,q,a,cx_stage1,,"[[[25, 515], [49, 515]], [], [true, true]]",
11683,q,a,cx_stage2,,"[[[25, 515], [49, 515]], [], [true, true]]",
11684,q,a,cx_stage3,,"[[[25, 515], [49, 515]], [], [true, true]]",
11685,q,a,cx_stage1,,"[[[25, 519], [49, 519]], [], [true, true]]",
11686,q,a,cx_stage2,,"[[[25, 519], [49, 519]], [], [true, true]]",
11687,q,a,cx_stage3,,"[[[25, 519], [49, 519]], [], [true, true]]",
11688,q,a,cx_stage1,,"[[[25, 522], [50, 522]], [], [true, true]]",
11689,q,a,cx_stage2,,"[[[25, 522], [50, 522]], [], [true, true]]",
11690,q,a,cx_stage3,,"[[[25, 522], [50, 522]], [], [true, true]]",
11691,q,a,cx_stage1,,"[[[25, 526], [50, 526]], [], [true, true]]",
11692,q,a,cx_stage2,,"[[[25, 526], [50, 526]], [], [true, true]]",
11693,q,a,cx_stage3,,"[[[25, 526], [50, 526]], [], [true, true]]",
11694,q,a,cx_stage1,,"[[[25, 529], [51, 529]], [], [true, true]]",
11695,q,a,cx_stage2,,"[[[25, 529], [51, 529]], [], [true, true]]",
11696,q,a,cx_stage3,,"[[[25, 529], [51, 529]], [], [true, true]]",
11697,q,a,cx_stage1,,"[[[25, 533], [51, 533]], [], [true, true]]",
11698,q,a,cx_stage2,,"[[[25, 533], [51, 533]], [], [true, true]]",
11699,q,a,cx_stage3,,"[[[25, 533], [51, 533]], [], [true, true]]",
11700,q,a,cx_stage1,,"[[[25, 536], [52, 536]], [], [true, true]]",
11701,q,a,cx_stage2,,"[[[25, 536], [52, 536]], [], [true, true]]",
11702,q,a,cx_stage3,,"[[[25, 536], [52, 536]], [], [true, true]]",
11703,q,a,cx_stage1,,"[[[25, 540], [52, 540]], [], [true, true]]",
11704,q,a,cx_stage2,,"[[[25, 540], [52, 540]], [], [true, true]]",
11705,q,a,cx_stage3,,"[[[25, 540], [52, 540]], [], [true, true]]",
11706,q,a,cx_stage1,,"[[[25, 543], [53, 543]], [], [true, true]]",
11707,q,a,cx_stage2,,"[[[25, 543], [53, 543]], [], [true, true]]",
11708,q,a,cx_stage3,,"[[[25, 543], [53, 543]], [], [true, true]]",
11709,q,a,cx_stage1,,"[[[25, 547], [53, 547]], [], [true, true]]",
11710,q,a,cx_stage2,,"[[[25, 547], [53, 547]], [], [true, true]]",
11711,q,a,cx_stage3,,"[[[25, 547], [53, 547]], [], [true, true]]",
11712,q,a,cx_stage1,,"[[[25, 550], [54, 550]], [], [true, true]]",
11713,q,a,cx_stage2,,"[[[25, 550], [54, 550]], [], [true, true]]",
11714,q,a,cx_stage3,,"[[[25, 550], [54, 550]], [], [true, true]]",
11715,q,a,cx_stage1,,"[[[25, 554], [54, 554]], [], [true, true]]",
11716,q,a,cx_stage2,,"[[[25, 554], [54, 554]], [], [true, true]]",
11717,q,a,cx_stage3,,"[[[25, 554], [54, 554]], [], [true, true]]",
11718,q,a,cx_stage1,,"[[[25, 557], [55, 557]], [], [true, true]]",
11719,q,a,cx_stage2,,"[[[25, 557], [55, 557]], [], [true, true]]",
11720,q,a,cx_stage3,,"[[[25, 557], [55, 557]], [], [true, true]]",
11721,q,a,cx_stage1,,"[[[25, 561], [55, 561]], [], [true, true]]",
11722,q,a,cx_stage2,,"[[[25, 561], [55, 561]], [], [true, true]]",
11723,q,a,cx_stage3,,"[[[25, 561], [55, 561]], [], [true, true]]",
11724,q,a,u2,,"[[[25, 562]], [], [true]]",
11725,q,a,cx_stage1,,"[[[0, 565], [25, 565]], [], [true, true]]",
11726,q,a,cx_stage3,,"[[[0, 565], [25, 565]], [], [true, true]]",
11727,q,a,p,,"[[[25, 566]], [], [true]]",
11728,q,a,cx_stage1,,"[[[0, 569], [25, 569]], [], [true, true]]",
11729,q,a,cx_stage3,,"[[[0, 569], [25, 569]], [], [true, true]]",
11730,q,a,cx_stage1,,"[[[1, 572], [25, 572]], [], [true, true]]",
11731,q,a,cx_stage3,,"[[[1, 572], [25, 572]], [], [true, true]]",
11732,q,a,p,,"[[[25, 573]], [], [true]]",
11733,q,a,cx_stage1,,"[[[1, 576], [25, 576]], [], [true, true]]",
11734,q,a,cx_stage3,,"[[[1, 576], [25, 576]], [], [true, true]]",
11735,q,a,cx_stage1,,"[[[2, 579], [25, 579]], [], [true, true]]",
11736,q,a,cx_stage2,,"[[[2, 579], [25, 579]], [], [true, true]]",
11737,q,a,cx_stage3,,"[[[2, 579], [25, 579]], [], [true, true]]",
11738,q,a,p,,"[[[25, 580]], [], [true]]",
11739,q,a,cx_stage1,,"[[[2, 583], [25, 583]], [], [true, true]]",
11740,q,a,cx_stage2,,"[[[2, 583], [25, 583]], [], [true, true]]",
11741,q,a,cx_stage3,,"[[[2, 583], [25, 583]], [], [true, true]]",
11742,q,a,cx_stage1,,"[[[3, 586], [25, 586]], [], [true, true]]",
11743,q,a,cx_stage2,,"[[[3, 586], [25, 586]], [], [true, true]]",
11744,q,a,cx_stage3,,"[[[3, 586], [25, 586]], [], [true, true]]",
11745,q,a,p,,"[[[25, 587]], [], [true]]",
11746,q,a,cx_stage1,,"[[[3, 590], [25, 590]], [], [true, true]]",
11747,q,a,cx_stage2,,"[[[3, 590], [25, 590]], [], [true, true]]",
11748,q,a,cx_stage3,,"[[[3, 590], [25, 590]], [], [true, true]]",
11749,q,a,cx_stage1,,"[[[4, 593], [25, 593]], [], [true, true]]",
11750,q,a,cx_stage2,,"[[[4, 593], [25, 593]], [], [true, true]]",
11751,q,a,cx_stage3,,"[[[4, 593], [25, 593]], [], [true, true]]",
11752,q,a,p,,"[[[25, 594]], [], [true]]",
11753,q,a,cx_stage1,,"[[[4, 597], [25, 597]], [], [true, true]]",
11754,q,a,cx_stage2,,"[[[4, 597], [25, 597]], [], [true, true]]",
11755,q,a,cx_stage3,,"[[[4, 597], [25, 597]], [], [true, true]]",
11756,q,a,cx_stage1,,"[[[5, 600], [25, 600]], [], [true, true]]",
11757,q,a,cx_stage2,,"[[[5, 600], [25, 600]], [], [true, true]]",
11758,q,a,cx_stage3,,"[[[5, 600], [25, 600]], [], [true, true]]",
11759,q,a,p,,"[[[25, 601]], [], [true]]",
11760,q,a,cx_stage1,,"[[[5, 604], [25, 604]], [], [true, true]]",
11761,q,a,cx_stage2,,"[[[5, 604], [25, 604]], [], [true, true]]",
11762,q,a,cx_stage3,,"[[[5, 604], [25, 604]], [], [true, true]]",
11763,q,a,cx_stage1,,"[[[6, 607], [25, 607]], [], [true, true]]",
11764,q,a,cx_stage2,,"[[[6, 607], [25, 607]], [], [true, true]]",
11765,q,a,cx_stage3,,"[[[6, 607], [25, 607]], [], [true, true]]",
11766,q,a,p,,"[[[25, 608]], [], [true]]",
11767,q,a,cx_stage1,,"[[[6, 611], [25, 611]], [], [true, true]]",
11768,q,a,cx_stage2,,"[[[6, 611], [25, 611]], [], [true, true]]",
11769,q,a,cx_stage3,,"[[[6, 611], [25, 611]], [], [true, true]]",
11770,q,a,cx_stage1,,"[[[7, 614], [25, 614]], [], [true, true]]",
11771,q,a,cx_stage2,,"[[[7, 614], [25, 614]], [], [true, true]]",
11772,q,a,cx_stage3,,"[[[7, 614], [25, 614]], [], [true, true]]",
11773,q,a,p,,"[[[25, 615]], [], [true]]",
11774,q,a,cx_stage1,,"[[[7, 618], [25, 618]], [], [true, true]]",
11775,q,a,cx_stage2,,"[[[7, 618], [25, 618]], [], [true, true]]",
11776,q,a,cx_stage3,,"[[[7, 618], [25, 618]], [], [true, true]]",
11777,q,a,cx_stage1,,"[[[8, 621], [25, 621]], [], [true, true]]",
11778,q,a,cx_stage2,,"[[[8, 621], [25, 621]], [], [true, true]]",
11779,q,a,cx_stage3,,"[[[8, 621], [25, 621]], [], [true, true]]",
11780,q,a,p,,"[[[25, 622]], [], [true]]",
11781,q,a,cx_stage1,,"[[[8, 625], [25, 625]], [], [true, true]]",
11782,q,a,cx_stage2,,"[[[8, 625], [25, 625]], [], [true, true]]",
11783,q,a,cx_stage3,,"[[[8, 625], [25, 625]], [], [true, true]]",
11784,q,a,cx_stage1,,"[[[9, 628], [25, 628]], [], [true, true]]",
11785,q,a,cx_stage2,,"[[[9, 628], [25, 628]], [], [true, true]]",
11786,q,a,cx_stage3,,"[[[9, 628], [25, 628]], [], [true, true]]",
11787,q,a,p,,"[[[25, 629]], [], [true]]",
11788,q,a,cx_stage1,,"[[[9, 632], [25, 632]], [], [true, true]]",
11789,q,a,cx_stage2,,"[[[9, 632], [25, 632]], [], [true, true]]",
11790,q,a,cx_stage3,,"[[[9, 632], [25, 632]], [], [true, true]]",
11791,q,a,cx_stage1,,"[[[10, 635], [25, 635]], [], [true, true]]",
11792,q,a,cx_stage3,,"[[[10, 635], [25, 635]], [], [true, true]]",
11793,q,a,p,,"[[[25, 636]], [], [true]]",
11794,q,a,cx_stage1,,"[[[10, 639], [25, 639]], [], [true, true]]",
11795,q,a,cx_stage3,,"[[[10, 639], [25, 639]], [], [true, true]]",
11796,q,a,cx_stage1,,"[[[11, 642], [25, 642]], [], [true, true]]",
11797,q,a,cx_stage3,,"[[[11, 642], [25, 642]], [], [true, true]]",
11798,q,a,p,,"[[[25, 643]], [], [true]]",
11799,q,a,cx_stage1,,"[[[11, 646], [25, 646]], [], [true, true]]",
11800,q,a,cx_stage3,,"[[[11, 646], [25, 646]], [], [true, true]]",
11801,q,a,cx_stage1,,"[[[12, 649], [25, 649]], [], [true, true]]",
11802,q,a,cx_stage3,,"[[[12, 649], [25, 649]], [], [true, true]]",
11803,q,a,p,,"[[[25, 650]], [], [true]]",
11804,q,a,cx_stage1,,"[[[12, 653], [25, 653]], [], [true, true]]",
11805,q,a,cx_stage3,,"[[[12, 653], [25, 653]], [], [true, true]]",
11806,q,a,cx_stage1,,"[[[13, 656], [25, 656]], [], [true, true]]",
11807,q,a,cx_stage3,,"[[[13, 656], [25, 656]], [], [true, true]]",
11808,q,a,p,,"[[[25, 657]], [], [true]]",
11809,q,a,cx_stage1,,"[[[13, 660], [25, 660]], [], [true, true]]",
11810,q,a,cx_stage3,,"[[[13, 660], [25, 660]], [], [true, true]]",
11811,q,a,cx_stage1,,"[[[14, 663], [25, 663]], [], [true, true]]",
11812,q,a,cx_stage3,,"[[[14, 663], [25, 663]], [], [true, true]]",
11813,q,a,p,,"[[[25, 664]], [], [true]]",
11814,q,a,cx_stage1,,"[[[14, 667], [25, 667]], [], [true, true]]",
11815,q,a,cx_stage3,,"[[[14, 667], [25, 667]], [], [true, true]]",
11816,q,a,cx_stage1,,"[[[15, 670], [25, 670]], [], [true, true]]",
11817,q,a,cx_stage3,,"[[[15, 670], [25, 670]], [], [true, true]]",
11818,q,a,p,,"[[[25, 671]], [], [true]]",
11819,q,a,cx_stage1,,"[[[15, 674], [25, 674]], [], [true, true]]",
11820,q,a,cx_stage3,,"[[[15, 674], [25, 674]], [], [true, true]]",
11821,q,a,cx_stage1,,"[[[16, 677], [25, 677]], [], [true, true]]",
11822,q,a,cx_stage3,,"[[[16, 677], [25, 677]], [], [true, true]]",
11823,q,a,p,,"[[[25, 678]], [], [true]]",
11824,q,a,cx_stage1,,"[[[16, 681], [25, 681]], [], [true, true]]",
11825,q,a,cx_stage3,,"[[[16, 681], [25, 681]], [], [true, true]]",
11826,q,a,cx_stage1,,"[[[17, 684], [25, 684]], [], [true, true]]",
11827,q,a,cx_stage3,,"[[[17, 684], [25, 684]], [], [true, true]]",
11828,q,a,p,,"[[[25, 685]], [], [true]]",
11829,q,a,cx_stage1,,"[[[17, 688], [25, 688]], [], [true, true]]",
11830,q,a,cx_stage3,,"[[[17, 688], [25, 688]], [], [true, true]]",
11831,q,a,cx_stage1,,"[[[18, 691], [25, 691]], [], [true, true]]",
11832,q,a,cx_stage3,,"[[[18, 691], [25, 691]], [], [true, true]]",
11833,q,a,p,,"[[[25, 692]], [], [true]]",
11834,q,a,cx_stage1,,"[[[18, 695], [25, 695]], [], [true, true]]",
11835,q,a,cx_stage3,,"[[[18, 695], [25, 695]], [], [true, true]]",
11836,q,a,cx_stage1,,"[[[19, 698], [25, 698]], [], [true, true]]",
11837,q,a,cx_stage3,,"[[[19, 698], [25, 698]], [], [true, true]]",
11838,q,a,p,,"[[[25, 699]], [], [true]]",
11839,q,a,cx_stage1,,"[[[19, 702], [25, 702]], [], [true, true]]",
11840,q,a,cx_stage3,,"[[[19, 702], [25, 702]], [], [true, true]]",
11841,q,a,cx_stage1,,"[[[20, 705], [25, 705]], [], [true, true]]",
11842,q,a,cx_stage3,,"[[[20, 705], [25, 705]], [], [true, true]]",
11843,q,a,p,,"[[[25, 706]], [], [true]]",
11844,q,a,cx_stage1,,"[[[20, 709], [25, 709]], [], [true, true]]",
11845,q,a,cx_stage3,,"[[[20, 709], [25, 709]], [], [true, true]]",
11846,q,a,cx_stage1,,"[[[21, 712], [25, 712]], [], [true, true]]",
11847,q,a,cx_stage3,,"[[[21, 712], [25, 712]], [], [true, true]]",
11848,q,a,p,,"[[[25, 713]], [], [true]]",
11849,q,a,cx_stage1,,"[[[21, 716], [25, 716]], [], [true, true]]",
11850,q,a,cx_stage3,,"[[[21, 716], [25, 716]], [], [true, true]]",
11851,q,a,cx_stage1,,"[[[22, 719], [25, 719]], [], [true, true]]",
11852,q,a,cx_stage3,,"[[[22, 719], [25, 719]], [], [true, true]]",
11853,q,a,p,,"[[[25, 720]], [], [true]]",
11854,q,a,cx_stage1,,"[[[22, 723], [25, 723]], [], [true, true]]",
11855,q,a,cx_stage3,,"[[[22, 723], [25, 723]], [], [true, true]]",
11856,q,a,cx_stage1,,"[[[23, 726], [25, 726]], [], [true, true]]",
11857,q,a,cx_stage3,,"[[[23, 726], [25, 726]], [], [true, true]]",
11858,q,a,p,,"[[[25, 727]], [], [true]]",
11859,q,a,cx_stage1,,"[[[23, 730], [25, 730]], [], [true, true]]",
11860,q,a,cx_stage3,,"[[[23, 730], [25, 730]], [], [true, true]]",
11861,q,a,cx_stage1,,"[[[24, 733], [25, 733]], [], [true, true]]",
11862,q,a,cx_stage3,,"[[[24, 733], [25, 733]], [], [true, true]]",
11863,q,a,p,,"[[[25, 734]], [], [true]]",
11864,q,a,cx_stage1,,"[[[24, 737], [25, 737]], [], [true, true]]",
11865,q,a,cx_stage3,,"[[[24, 737], [25, 737]], [], [true, true]]",
11866,q,a,cx_stage1,,"[[[25, 747], [26, 747]], [], [true, true]]",
11867,q,a,cx_stage2,,"[[[25, 747], [26, 747]], [], [true, true]]",
11868,q,a,cx_stage3,,"[[[25, 747], [26, 747]], [], [true, true]]",
11869,q,a,cx_stage1,,"[[[25, 751], [26, 751]], [], [true, true]]",
11870,q,a,cx_stage2,,"[[[25, 751], [26, 751]], [], [true, true]]",
11871,q,a,cx_stage3,,"[[[25, 751], [26, 751]], [], [true, true]]",
11872,q,a,cx_stage1,,"[[[25, 754], [27, 754]], [], [true, true]]",
11873,q,a,cx_stage2,,"[[[25, 754], [27, 754]], [], [true, true]]",
11874,q,a,cx_stage3,,"[[[25, 754], [27, 754]], [], [true, true]]",
11875,q,a,cx_stage1,,"[[[25, 758], [27, 758]], [], [true, true]]",
11876,q,a,cx_stage2,,"[[[25, 758], [27, 758]], [], [true, true]]",
11877,q,a,cx_stage3,,"[[[25, 758], [27, 758]], [], [true, true]]",
11878,q,a,cx_stage1,,"[[[25, 761], [28, 761]], [], [true, true]]",
11879,q,a,cx_stage2,,"[[[25, 761], [28, 761]], [], [true, true]]",
11880,q,a,cx_stage3,,"[[[25, 761], [28, 761]], [], [true, true]]",
11881,q,a,cx_stage1,,"[[[25, 765], [28, 765]], [], [true, true]]",
11882,q,a,cx_stage2,,"[[[25, 765], [28, 765]], [], [true, true]]",
11883,q,a,cx_stage3,,"[[[25, 765], [28, 765]], [], [true, true]]",
11884,q,a,cx_stage1,,"[[[25, 768], [29, 768]], [], [true, true]]",
11885,q,a,cx_stage2,,"[[[25, 768], [29, 768]], [], [true, true]]",
11886,q,a,cx_stage3,,"[[[25, 768], [29, 768]], [], [true, true]]",
11887,q,a,cx_stage1,,"[[[25, 772], [29, 772]], [], [true, true]]",
11888,q,a,cx_stage2,,"[[[25, 772], [29, 772]], [], [true, true]]",
11889,q,a,cx_stage3,,"[[[25, 772], [29, 772]], [], [true, true]]",
11890,q,a,cx_stage1,,"[[[25, 775], [30, 775]], [], [true, true]]",
11891,q,a,cx_stage2,,"[[[25, 775], [30, 775]], [], [true, true]]",
11892,q,a,cx_stage3,,"[[[25, 775], [30, 775]], [], [true, true]]",
11893,q,a,cx_stage1,,"[[[25, 779], [30, 779]], [], [true, true]]",
11894,q,a,cx_stage2,,"[[[25, 779], [30, 779]], [], [true, true]]",
11895,q,a,cx_stage3,,"[[[25, 779], [30, 779]], [], [true, true]]",
11896,q,a,cx_stage1,,"[[[25, 782], [31, 782]], [], [true, true]]",
11897,q,a,cx_stage2,,"[[[25, 782], [31, 782]], [], [true, true]]",
11898,q,a,cx_stage3,,"[[[25, 782], [31, 782]], [], [true, true]]",
11899,q,a,cx_stage1,,"[[[25, 786], [31, 786]], [], [true, true]]",
11900,q,a,cx_stage2,,"[[[25, 786], [31, 786]], [], [true, true]]",
11901,q,a,cx_stage3,,"[[[25, 786], [31, 786]], [], [true, true]]",
11902,q,a,cx_stage1,,"[[[25, 789], [32, 789]], [], [true, true]]",
11903,q,a,cx_stage2,,"[[[25, 789], [32, 789]], [], [true, true]]",
11904,q,a,cx_stage3,,"[[[25, 789], [32, 789]], [], [true, true]]",
11905,q,a,cx_stage1,,"[[[25, 793], [32, 793]], [], [true, true]]",
11906,q,a,cx_stage2,,"[[[25, 793], [32, 793]], [], [true, true]]",
11907,q,a,cx_stage3,,"[[[25, 793], [32, 793]], [], [true, true]]",
11908,q,a,cx_stage1,,"[[[25, 796], [33, 796]], [], [true, true]]",
11909,q,a,cx_stage2,,"[[[25, 796], [33, 796]], [], [true, true]]",
11910,q,a,cx_stage3,,"[[[25, 796], [33, 796]], [], [true, true]]",
11911,q,a,cx_stage1,,"[[[25, 800], [33, 800]], [], [true, true]]",
11912,q,a,cx_stage2,,"[[[25, 800], [33, 800]], [], [true, true]]",
11913,q,a,cx_stage3,,"[[[25, 800], [33, 800]], [], [true, true]]",
11914,q,a,cx_stage1,,"[[[25, 803], [34, 803]], [], [true, true]]",
11915,q,a,cx_stage2,,"[[[25, 803], [34, 803]], [], [true, true]]",
11916,q,a,cx_stage3,,"[[[25, 803], [34, 803]], [], [true, true]]",
11917,q,a,cx_stage1,,"[[[25, 807], [34, 807]], [], [true, true]]",
11918,q,a,cx_stage2,,"[[[25, 807], [34, 807]], [], [true, true]]",
11919,q,a,cx_stage3,,"[[[25, 807], [34, 807]], [], [true, true]]",
11920,q,a,cx_stage1,,"[[[25, 810], [35, 810]], [], [true, true]]",
11921,q,a,cx_stage2,,"[[[25, 810], [35, 810]], [], [true, true]]",
11922,q,a,cx_stage3,,"[[[25, 810], [35, 810]], [], [true, true]]",
11923,q,a,cx_stage1,,"[[[25, 814], [35, 814]], [], [true, true]]",
11924,q,a,cx_stage2,,"[[[25, 814], [35, 814]], [], [true, true]]",
11925,q,a,cx_stage3,,"[[[25, 814], [35, 814]], [], [true, true]]",
11926,q,a,cx_stage1,,"[[[25, 817], [36, 817]], [], [true, true]]",
11927,q,a,cx_stage2,,"[[[25, 817], [36, 817]], [], [true, true]]",
11928,q,a,cx_stage3,,"[[[25, 817], [36, 817]], [], [true, true]]",
11929,q,a,cx_stage1,,"[[[25, 821], [36, 821]], [], [true, true]]",
11930,q,a,cx_stage2,,"[[[25, 821], [36, 821]], [], [true, true]]",
11931,q,a,cx_stage3,,"[[[25, 821], [36, 821]], [], [true, true]]",
11932,q,a,cx_stage1,,"[[[25, 824], [37, 824]], [], [true, true]]",
11933,q,a,cx_stage2,,"[[[25, 824], [37, 824]], [], [true, true]]",
11934,q,a,cx_stage3,,"[[[25, 824], [37, 824]], [], [true, true]]",
11935,q,a,cx_stage1,,"[[[25, 828], [37, 828]], [], [true, true]]",
11936,q,a,cx_stage2,,"[[[25, 828], [37, 828]], [], [true, true]]",
11937,q,a,cx_stage3,,"[[[25, 828], [37, 828]], [], [true, true]]",
11938,q,a,cx_stage1,,"[[[25, 831], [38, 831]], [], [true, true]]",
11939,q,a,cx_stage2,,"[[[25, 831], [38, 831]], [], [true, true]]",
11940,q,a,cx_stage3,,"[[[25, 831], [38, 831]], [], [true, true]]",
11941,q,a,cx_stage1,,"[[[25, 835], [38, 835]], [], [true, true]]",
11942,q,a,cx_stage2,,"[[[25, 835], [38, 835]], [], [true, true]]",
11943,q,a,cx_stage3,,"[[[25, 835], [38, 835]], [], [true, true]]",
11944,q,a,cx_stage1,,"[[[25, 838], [39, 838]], [], [true, true]]",
11945,q,a,cx_stage2,,"[[[25, 838], [39, 838]], [], [true, true]]",
11946,q,a,cx_stage3,,"[[[25, 838], [39, 838]], [], [true, true]]",
11947,q,a,cx_stage1,,"[[[25, 842], [39, 842]], [], [true, true]]",
11948,q,a,cx_stage2,,"[[[25, 842], [39, 842]], [], [true, true]]",
11949,q,a,cx_stage3,,"[[[25, 842], [39, 842]], [], [true, true]]",
11950,q,a,cx_stage1,,"[[[25, 845], [40, 845]], [], [true, true]]",
11951,q,a,cx_stage2,,"[[[25, 845], [40, 845]], [], [true, true]]",
11952,q,a,cx_stage3,,"[[[25, 845], [40, 845]], [], [true, true]]",
11953,q,a,cx_stage1,,"[[[25, 849], [40, 849]], [], [true, true]]",
11954,q,a,cx_stage2,,"[[[25, 849], [40, 849]], [], [true, true]]",
11955,q,a,cx_stage3,,"[[[25, 849], [40, 849]], [], [true, true]]",
11956,q,a,cx_stage1,,"[[[25, 852], [41, 852]], [], [true, true]]",
11957,q,a,cx_stage2,,"[[[25, 852], [41, 852]], [], [true, true]]",
11958,q,a,cx_stage3,,"[[[25, 852], [41, 852]], [], [true, true]]",
11959,q,a,cx_stage1,,"[[[25, 856], [41, 856]], [], [true, true]]",
11960,q,a,cx_stage2,,"[[[25, 856], [41, 856]], [], [true, true]]",
11961,q,a,cx_stage3,,"[[[25, 856], [41, 856]], [], [true, true]]",
11962,q,a,cx_stage1,,"[[[25, 859], [42, 859]], [], [true, true]]",
11963,q,a,cx_stage2,,"[[[25, 859], [42, 859]], [], [true, true]]",
11964,q,a,cx_stage3,,"[[[25, 859], [42, 859]], [], [true, true]]",
11965,q,a,cx_stage1,,"[[[25, 863], [42, 863]], [], [true, true]]",
11966,q,a,cx_stage2,,"[[[25, 863], [42, 863]], [], [true, true]]",
11967,q,a,cx_stage3,,"[[[25, 863], [42, 863]], [], [true, true]]",
11968,q,a,cx_stage1,,"[[[25, 866], [43, 866]], [], [true, true]]",
11969,q,a,cx_stage2,,"[[[25, 866], [43, 866]], [], [true, true]]",
11970,q,a,cx_stage3,,"[[[25, 866], [43, 866]], [], [true, true]]",
11971,q,a,cx_stage1,,"[[[25, 870], [43, 870]], [], [true, true]]",
11972,q,a,cx_stage2,,"[[[25, 870], [43, 870]], [], [true, true]]",
11973,q,a,cx_stage3,,"[[[25, 870], [43, 870]], [], [true, true]]",
11974,q,a,cx_stage1,,"[[[25, 873], [44, 873]], [], [true, true]]",
11975,q,a,cx_stage2,,"[[[25, 873], [44, 873]], [], [true, true]]",
11976,q,a,cx_stage3,,"[[[25, 873], [44, 873]], [], [true, true]]",
11977,q,a,cx_stage1,,"[[[25, 877], [44, 877]], [], [true, true]]",
11978,q,a,cx_stage2,,"[[[25, 877], [44, 877]], [], [true, true]]",
11979,q,a,cx_stage3,,"[[[25, 877], [44, 877]], [], [true, true]]",
11980,q,a,cx_stage1,,"[[[25, 880], [45, 880]], [], [true, true]]",
11981,q,a,cx_stage2,,"[[[25, 880], [45, 880]], [], [true, true]]",
11982,q,a,cx_stage3,,"[[[25, 880], [45, 880]], [], [true, true]]",
11983,q,a,cx_stage1,,"[[[25, 884], [45, 884]], [], [true, true]]",
11984,q,a,cx_stage2,,"[[[25, 884], [45, 884]], [], [true, true]]",
11985,q,a,cx_stage3,,"[[[25, 884], [45, 884]], [], [true, true]]",
11986,q,a,cx_stage1,,"[[[25, 887], [46, 887]], [], [true, true]]",
11987,q,a,cx_stage2,,"[[[25, 887], [46, 887]], [], [true, true]]",
11988,q,a,cx_stage3,,"[[[25, 887], [46, 887]], [], [true, true]]",
11989,q,a,cx_stage1,,"[[[25, 891], [46, 891]], [], [true, true]]",
11990,q,a,cx_stage2,,"[[[25, 891], [46, 891]], [], [true, true]]",
11991,q,a,cx_stage3,,"[[[25, 891], [46, 891]], [], [true, true]]",
11992,q,a,cx_stage1,,"[[[25, 894], [47, 894]], [], [true, true]]",
11993,q,a,cx_stage2,,"[[[25, 894], [47, 894]], [], [true, true]]",
11994,q,a,cx_stage3,,"[[[25, 894], [47, 894]], [], [true, true]]",
11995,q,a,cx_stage1,,"[[[25, 898], [47, 898]], [], [true, true]]",
11996,q,a,cx_stage2,,"[[[25, 898], [47, 898]], [], [true, true]]",
11997,q,a,cx_stage3,,"[[[25, 898], [47, 898]], [], [true, true]]",
11998,q,a,cx_stage1,,"[[[25, 901], [48, 901]], [], [true, true]]",
11999,q,a,cx_stage2,,"[[[25, 901], [48, 901]], [], [true, true]]",
12000,q,a,cx_stage3,,"[[[25, 901], [48, 901]], [], [true, true]]",
12001,q,a,cx_stage1,,"[[[25, 905], [48, 905]], [], [true, true]]",
12002,q,a,cx_stage2,,"[[[25, 905], [48, 905]], [], [true, true]]",
12003,q,a,cx_stage3,,"[[[25, 905], [48, 905]], [], [true, true]]",
12004,q,a,cx_stage1,,"[[[25, 908], [49, 908]], [], [true, true]]",
12005,q,a,cx_stage2,,"[[[25, 908], [49, 908]], [], [true, true]]",
12006,q,a,cx_stage3,,"[[[25, 908], [49, 908]], [], [true, true]]",
12007,q,a,cx_stage1,,"[[[25, 912], [49, 912]], [], [true, true]]",
12008,q,a,cx_stage2,,"[[[25, 912], [49, 912]], [], [true, true]]",
12009,q,a,cx_stage3,,"[[[25, 912], [49, 912]], [], [true, true]]",
12010,q,a,cx_stage1,,"[[[25, 915], [50, 915]], [], [true, true]]",
12011,q,a,cx_stage2,,"[[[25, 915], [50, 915]], [], [true, true]]",
12012,q,a,cx_stage3,,"[[[25, 915], [50, 915]], [], [true, true]]",
12013,q,a,cx_stage1,,"[[[25, 919], [50, 919]], [], [true, true]]",
12014,q,a,cx_stage2,,"[[[25, 919], [50, 919]], [], [true, true]]",
12015,q,a,cx_stage3,,"[[[25, 919], [50, 919]], [], [true, true]]",
12016,q,a,cx_stage1,,"[[[25, 922], [51, 922]], [], [true, true]]",
12017,q,a,cx_stage2,,"[[[25, 922], [51, 922]], [], [true, true]]",
12018,q,a,cx_stage3,,"[[[25, 922], [51, 922]], [], [true, true]]",
12019,q,a,cx_stage1,,"[[[25, 926], [51, 926]], [], [true, true]]",
12020,q,a,cx_stage2,,"[[[25, 926], [51, 926]], [], [true, true]]",
12021,q,a,cx_stage3,,"[[[25, 926], [51, 926]], [], [true, true]]",
12022,q,a,cx_stage1,,"[[[25, 929], [52, 929]], [], [true, true]]",
12023,q,a,cx_stage2,,"[[[25, 929], [52, 929]], [], [true, true]]",
12024,q,a,cx_stage3,,"[[[25, 929], [52, 929]], [], [true, true]]",
12025,q,a,cx_stage1,,"[[[25, 933], [52, 933]], [], [true, true]]",
12026,q,a,cx_stage2,,"[[[25, 933], [52, 933]], [], [true, true]]",
12027,q,a,cx_stage3,,"[[[25, 933], [52, 933]], [], [true, true]]",
12028,q,a,cx_stage1,,"[[[25, 936], [53, 936]], [], [true, true]]",
12029,q,a,cx_stage2,,"[[[25, 936], [53, 936]], [], [true, true]]",
12030,q,a,cx_stage3,,"[[[25, 936], [53, 936]], [], [true, true]]",
12031,q,a,cx_stage1,,"[[[25, 940], [53, 940]], [], [true, true]]",
12032,q,a,cx_stage2,,"[[[25, 940], [53, 940]], [], [true, true]]",
12033,q,a,cx_stage3,,"[[[25, 940], [53, 940]], [], [true, true]]",
12034,q,a,cx_stage1,,"[[[25, 943], [54, 943]], [], [true, true]]",
12035,q,a,cx_stage2,,"[[[25, 943], [54, 943]], [], [true, true]]",
12036,q,a,cx_stage3,,"[[[25, 943], [54, 943]], [], [true, true]]",
12037,q,a,cx_stage1,,"[[[25, 947], [54, 947]], [], [true, true]]",
12038,q,a,cx_stage2,,"[[[25, 947], [54, 947]], [], [true, true]]",
12039,q,a,cx_stage3,,"[[[25, 947], [54, 947]], [], [true, true]]",
12040,q,a,cx_stage1,,"[[[25, 950], [55, 950]], [], [true, true]]",
12041,q,a,cx_stage2,,"[[[25, 950], [55, 950]], [], [true, true]]",
12042,q,a,cx_stage3,,"[[[25, 950], [55, 950]], [], [true, true]]",
12043,q,a,cx_stage1,,"[[[25, 954], [55, 954]], [], [true, true]]",
12044,q,a,cx_stage2,,"[[[25, 954], [55, 954]], [], [true, true]]",
12045,q,a,cx_stage3,,"[[[25, 954], [55, 954]], [], [true, true]]",
12046,q,a,ry,,"[[[25, 955]], [], [true]]",
12047,q,a,u2,,"[[[26, 1]], [], [true]]",
12048,q,a,cx_stage1,,"[[[0, 179], [26, 179]], [], [true, true]]",
12049,q,a,cx_stage2,,"[[[26, 1245], [27, 1245]], [], [true, true]]",
12050,q,a,cx_stage1,,"[[[26, 1245], [27, 1245]], [], [true, true]]",
12051,q,a,cx_stage3,,"[[[26, 1245], [27, 1245]], [], [true, true]]",
12052,q,a,cx_stage1,,"[[[25, 1248], [26, 1248]], [], [true, true]]",
12053,q,a,cx_stage3,,"[[[25, 1248], [26, 1248]], [], [true, true]]",
12054,q,a,ry,,"[[[26, 1249]], [], [true]]",
12055,q,a,cx_stage3,,"[[[0, 179], [26, 179]], [], [true, true]]",
12056,q,a,p,,"[[[26, 180]], [], [true]]",
12057,q,a,cx_stage1,,"[[[0, 183], [26, 183]], [], [true, true]]",
12058,q,a,cx_stage3,,"[[[0, 183], [26, 183]], [], [true, true]]",
12059,q,a,cx_stage1,,"[[[1, 186], [26, 186]], [], [true, true]]",
12060,q,a,cx_stage3,,"[[[1, 186], [26, 186]], [], [true, true]]",
12061,q,a,p,,"[[[26, 187]], [], [true]]",
12062,q,a,cx_stage1,,"[[[1, 190], [26, 190]], [], [true, true]]",
12063,q,a,cx_stage3,,"[[[1, 190], [26, 190]], [], [true, true]]",
12064,q,a,cx_stage1,,"[[[2, 193], [26, 193]], [], [true, true]]",
12065,q,a,cx_stage2,,"[[[2, 193], [26, 193]], [], [true, true]]",
12066,q,a,cx_stage3,,"[[[2, 193], [26, 193]], [], [true, true]]",
12067,q,a,p,,"[[[26, 194]], [], [true]]",
12068,q,a,cx_stage1,,"[[[2, 197], [26, 197]], [], [true, true]]",
12069,q,a,cx_stage2,,"[[[2, 197], [26, 197]], [], [true, true]]",
12070,q,a,cx_stage3,,"[[[2, 197], [26, 197]], [], [true, true]]",
12071,q,a,cx_stage1,,"[[[3, 200], [26, 200]], [], [true, true]]",
12072,q,a,cx_stage2,,"[[[3, 200], [26, 200]], [], [true, true]]",
12073,q,a,cx_stage3,,"[[[3, 200], [26, 200]], [], [true, true]]",
12074,q,a,p,,"[[[26, 201]], [], [true]]",
12075,q,a,cx_stage1,,"[[[3, 204], [26, 204]], [], [true, true]]",
12076,q,a,cx_stage2,,"[[[3, 204], [26, 204]], [], [true, true]]",
12077,q,a,cx_stage3,,"[[[3, 204], [26, 204]], [], [true, true]]",
12078,q,a,cx_stage1,,"[[[4, 207], [26, 207]], [], [true, true]]",
12079,q,a,cx_stage2,,"[[[4, 207], [26, 207]], [], [true, true]]",
12080,q,a,cx_stage3,,"[[[4, 207], [26, 207]], [], [true, true]]",
12081,q,a,p,,"[[[26, 208]], [], [true]]",
12082,q,a,cx_stage1,,"[[[4, 211], [26, 211]], [], [true, true]]",
12083,q,a,cx_stage2,,"[[[4, 211], [26, 211]], [], [true, true]]",
12084,q,a,cx_stage3,,"[[[4, 211], [26, 211]], [], [true, true]]",
12085,q,a,cx_stage1,,"[[[5, 214], [26, 214]], [], [true, true]]",
12086,q,a,cx_stage2,,"[[[5, 214], [26, 214]], [], [true, true]]",
12087,q,a,cx_stage3,,"[[[5, 214], [26, 214]], [], [true, true]]",
12088,q,a,p,,"[[[26, 215]], [], [true]]",
12089,q,a,cx_stage1,,"[[[5, 218], [26, 218]], [], [true, true]]",
12090,q,a,cx_stage2,,"[[[5, 218], [26, 218]], [], [true, true]]",
12091,q,a,cx_stage3,,"[[[5, 218], [26, 218]], [], [true, true]]",
12092,q,a,cx_stage1,,"[[[6, 221], [26, 221]], [], [true, true]]",
12093,q,a,cx_stage2,,"[[[6, 221], [26, 221]], [], [true, true]]",
12094,q,a,cx_stage3,,"[[[6, 221], [26, 221]], [], [true, true]]",
12095,q,a,p,,"[[[26, 222]], [], [true]]",
12096,q,a,cx_stage1,,"[[[6, 225], [26, 225]], [], [true, true]]",
12097,q,a,cx_stage2,,"[[[6, 225], [26, 225]], [], [true, true]]",
12098,q,a,cx_stage3,,"[[[6, 225], [26, 225]], [], [true, true]]",
12099,q,a,cx_stage1,,"[[[7, 228], [26, 228]], [], [true, true]]",
12100,q,a,cx_stage2,,"[[[7, 228], [26, 228]], [], [true, true]]",
12101,q,a,cx_stage3,,"[[[7, 228], [26, 228]], [], [true, true]]",
12102,q,a,p,,"[[[26, 229]], [], [true]]",
12103,q,a,cx_stage1,,"[[[7, 232], [26, 232]], [], [true, true]]",
12104,q,a,cx_stage2,,"[[[7, 232], [26, 232]], [], [true, true]]",
12105,q,a,cx_stage3,,"[[[7, 232], [26, 232]], [], [true, true]]",
12106,q,a,cx_stage1,,"[[[8, 235], [26, 235]], [], [true, true]]",
12107,q,a,cx_stage2,,"[[[8, 235], [26, 235]], [], [true, true]]",
12108,q,a,cx_stage3,,"[[[8, 235], [26, 235]], [], [true, true]]",
12109,q,a,p,,"[[[26, 236]], [], [true]]",
12110,q,a,cx_stage1,,"[[[8, 239], [26, 239]], [], [true, true]]",
12111,q,a,cx_stage2,,"[[[8, 239], [26, 239]], [], [true, true]]",
12112,q,a,cx_stage3,,"[[[8, 239], [26, 239]], [], [true, true]]",
12113,q,a,cx_stage1,,"[[[9, 242], [26, 242]], [], [true, true]]",
12114,q,a,cx_stage2,,"[[[9, 242], [26, 242]], [], [true, true]]",
12115,q,a,cx_stage3,,"[[[9, 242], [26, 242]], [], [true, true]]",
12116,q,a,p,,"[[[26, 243]], [], [true]]",
12117,q,a,cx_stage1,,"[[[9, 246], [26, 246]], [], [true, true]]",
12118,q,a,cx_stage2,,"[[[9, 246], [26, 246]], [], [true, true]]",
12119,q,a,cx_stage3,,"[[[9, 246], [26, 246]], [], [true, true]]",
12120,q,a,cx_stage1,,"[[[10, 249], [26, 249]], [], [true, true]]",
12121,q,a,cx_stage3,,"[[[10, 249], [26, 249]], [], [true, true]]",
12122,q,a,p,,"[[[26, 250]], [], [true]]",
12123,q,a,cx_stage1,,"[[[10, 253], [26, 253]], [], [true, true]]",
12124,q,a,cx_stage3,,"[[[10, 253], [26, 253]], [], [true, true]]",
12125,q,a,cx_stage1,,"[[[11, 256], [26, 256]], [], [true, true]]",
12126,q,a,cx_stage3,,"[[[11, 256], [26, 256]], [], [true, true]]",
12127,q,a,p,,"[[[26, 257]], [], [true]]",
12128,q,a,cx_stage1,,"[[[11, 260], [26, 260]], [], [true, true]]",
12129,q,a,cx_stage3,,"[[[11, 260], [26, 260]], [], [true, true]]",
12130,q,a,cx_stage1,,"[[[12, 263], [26, 263]], [], [true, true]]",
12131,q,a,cx_stage3,,"[[[12, 263], [26, 263]], [], [true, true]]",
12132,q,a,p,,"[[[26, 264]], [], [true]]",
12133,q,a,cx_stage1,,"[[[12, 267], [26, 267]], [], [true, true]]",
12134,q,a,cx_stage3,,"[[[12, 267], [26, 267]], [], [true, true]]",
12135,q,a,cx_stage1,,"[[[13, 270], [26, 270]], [], [true, true]]",
12136,q,a,cx_stage3,,"[[[13, 270], [26, 270]], [], [true, true]]",
12137,q,a,p,,"[[[26, 271]], [], [true]]",
12138,q,a,cx_stage1,,"[[[13, 274], [26, 274]], [], [true, true]]",
12139,q,a,cx_stage3,,"[[[13, 274], [26, 274]], [], [true, true]]",
12140,q,a,cx_stage1,,"[[[14, 277], [26, 277]], [], [true, true]]",
12141,q,a,cx_stage3,,"[[[14, 277], [26, 277]], [], [true, true]]",
12142,q,a,p,,"[[[26, 278]], [], [true]]",
12143,q,a,cx_stage1,,"[[[14, 281], [26, 281]], [], [true, true]]",
12144,q,a,cx_stage3,,"[[[14, 281], [26, 281]], [], [true, true]]",
12145,q,a,cx_stage1,,"[[[15, 284], [26, 284]], [], [true, true]]",
12146,q,a,cx_stage3,,"[[[15, 284], [26, 284]], [], [true, true]]",
12147,q,a,p,,"[[[26, 285]], [], [true]]",
12148,q,a,cx_stage1,,"[[[15, 288], [26, 288]], [], [true, true]]",
12149,q,a,cx_stage3,,"[[[15, 288], [26, 288]], [], [true, true]]",
12150,q,a,cx_stage1,,"[[[16, 291], [26, 291]], [], [true, true]]",
12151,q,a,cx_stage3,,"[[[16, 291], [26, 291]], [], [true, true]]",
12152,q,a,p,,"[[[26, 292]], [], [true]]",
12153,q,a,cx_stage1,,"[[[16, 295], [26, 295]], [], [true, true]]",
12154,q,a,cx_stage3,,"[[[16, 295], [26, 295]], [], [true, true]]",
12155,q,a,cx_stage1,,"[[[17, 298], [26, 298]], [], [true, true]]",
12156,q,a,cx_stage3,,"[[[17, 298], [26, 298]], [], [true, true]]",
12157,q,a,p,,"[[[26, 299]], [], [true]]",
12158,q,a,cx_stage1,,"[[[17, 302], [26, 302]], [], [true, true]]",
12159,q,a,cx_stage3,,"[[[17, 302], [26, 302]], [], [true, true]]",
12160,q,a,cx_stage1,,"[[[18, 305], [26, 305]], [], [true, true]]",
12161,q,a,cx_stage3,,"[[[18, 305], [26, 305]], [], [true, true]]",
12162,q,a,p,,"[[[26, 306]], [], [true]]",
12163,q,a,cx_stage1,,"[[[18, 309], [26, 309]], [], [true, true]]",
12164,q,a,cx_stage3,,"[[[18, 309], [26, 309]], [], [true, true]]",
12165,q,a,cx_stage1,,"[[[19, 312], [26, 312]], [], [true, true]]",
12166,q,a,cx_stage3,,"[[[19, 312], [26, 312]], [], [true, true]]",
12167,q,a,p,,"[[[26, 313]], [], [true]]",
12168,q,a,cx_stage1,,"[[[19, 316], [26, 316]], [], [true, true]]",
12169,q,a,cx_stage3,,"[[[19, 316], [26, 316]], [], [true, true]]",
12170,q,a,cx_stage1,,"[[[20, 319], [26, 319]], [], [true, true]]",
12171,q,a,cx_stage3,,"[[[20, 319], [26, 319]], [], [true, true]]",
12172,q,a,p,,"[[[26, 320]], [], [true]]",
12173,q,a,cx_stage1,,"[[[20, 323], [26, 323]], [], [true, true]]",
12174,q,a,cx_stage3,,"[[[20, 323], [26, 323]], [], [true, true]]",
12175,q,a,cx_stage1,,"[[[21, 326], [26, 326]], [], [true, true]]",
12176,q,a,cx_stage3,,"[[[21, 326], [26, 326]], [], [true, true]]",
12177,q,a,p,,"[[[26, 327]], [], [true]]",
12178,q,a,cx_stage1,,"[[[21, 330], [26, 330]], [], [true, true]]",
12179,q,a,cx_stage3,,"[[[21, 330], [26, 330]], [], [true, true]]",
12180,q,a,cx_stage1,,"[[[22, 333], [26, 333]], [], [true, true]]",
12181,q,a,cx_stage3,,"[[[22, 333], [26, 333]], [], [true, true]]",
12182,q,a,p,,"[[[26, 334]], [], [true]]",
12183,q,a,cx_stage1,,"[[[22, 337], [26, 337]], [], [true, true]]",
12184,q,a,cx_stage3,,"[[[22, 337], [26, 337]], [], [true, true]]",
12185,q,a,cx_stage1,,"[[[23, 340], [26, 340]], [], [true, true]]",
12186,q,a,cx_stage3,,"[[[23, 340], [26, 340]], [], [true, true]]",
12187,q,a,p,,"[[[26, 341]], [], [true]]",
12188,q,a,cx_stage1,,"[[[23, 344], [26, 344]], [], [true, true]]",
12189,q,a,cx_stage3,,"[[[23, 344], [26, 344]], [], [true, true]]",
12190,q,a,cx_stage1,,"[[[24, 347], [26, 347]], [], [true, true]]",
12191,q,a,cx_stage3,,"[[[24, 347], [26, 347]], [], [true, true]]",
12192,q,a,p,,"[[[26, 348]], [], [true]]",
12193,q,a,cx_stage1,,"[[[24, 351], [26, 351]], [], [true, true]]",
12194,q,a,cx_stage3,,"[[[24, 351], [26, 351]], [], [true, true]]",
12195,q,a,cx_stage1,,"[[[25, 354], [26, 354]], [], [true, true]]",
12196,q,a,cx_stage3,,"[[[25, 354], [26, 354]], [], [true, true]]",
12197,q,a,p,,"[[[26, 355]], [], [true]]",
12198,q,a,cx_stage1,,"[[[25, 358], [26, 358]], [], [true, true]]",
12199,q,a,cx_stage3,,"[[[25, 358], [26, 358]], [], [true, true]]",
12200,q,a,cx_stage1,,"[[[26, 368], [27, 368]], [], [true, true]]",
12201,q,a,cx_stage2,,"[[[26, 368], [27, 368]], [], [true, true]]",
12202,q,a,cx_stage3,,"[[[26, 368], [27, 368]], [], [true, true]]",
12203,q,a,cx_stage1,,"[[[26, 372], [27, 372]], [], [true, true]]",
12204,q,a,cx_stage2,,"[[[26, 372], [27, 372]], [], [true, true]]",
12205,q,a,cx_stage3,,"[[[26, 372], [27, 372]], [], [true, true]]",
12206,q,a,cx_stage1,,"[[[26, 375], [28, 375]], [], [true, true]]",
12207,q,a,cx_stage2,,"[[[26, 375], [28, 375]], [], [true, true]]",
12208,q,a,cx_stage3,,"[[[26, 375], [28, 375]], [], [true, true]]",
12209,q,a,cx_stage1,,"[[[26, 379], [28, 379]], [], [true, true]]",
12210,q,a,cx_stage2,,"[[[26, 379], [28, 379]], [], [true, true]]",
12211,q,a,cx_stage3,,"[[[26, 379], [28, 379]], [], [true, true]]",
12212,q,a,cx_stage1,,"[[[26, 382], [29, 382]], [], [true, true]]",
12213,q,a,cx_stage2,,"[[[26, 382], [29, 382]], [], [true, true]]",
12214,q,a,cx_stage3,,"[[[26, 382], [29, 382]], [], [true, true]]",
12215,q,a,cx_stage1,,"[[[26, 386], [29, 386]], [], [true, true]]",
12216,q,a,cx_stage2,,"[[[26, 386], [29, 386]], [], [true, true]]",
12217,q,a,cx_stage3,,"[[[26, 386], [29, 386]], [], [true, true]]",
12218,q,a,cx_stage1,,"[[[26, 389], [30, 389]], [], [true, true]]",
12219,q,a,cx_stage2,,"[[[26, 389], [30, 389]], [], [true, true]]",
12220,q,a,cx_stage3,,"[[[26, 389], [30, 389]], [], [true, true]]",
12221,q,a,cx_stage1,,"[[[26, 393], [30, 393]], [], [true, true]]",
12222,q,a,cx_stage2,,"[[[26, 393], [30, 393]], [], [true, true]]",
12223,q,a,cx_stage3,,"[[[26, 393], [30, 393]], [], [true, true]]",
12224,q,a,cx_stage1,,"[[[26, 396], [31, 396]], [], [true, true]]",
12225,q,a,cx_stage2,,"[[[26, 396], [31, 396]], [], [true, true]]",
12226,q,a,cx_stage3,,"[[[26, 396], [31, 396]], [], [true, true]]",
12227,q,a,cx_stage1,,"[[[26, 400], [31, 400]], [], [true, true]]",
12228,q,a,cx_stage2,,"[[[26, 400], [31, 400]], [], [true, true]]",
12229,q,a,cx_stage3,,"[[[26, 400], [31, 400]], [], [true, true]]",
12230,q,a,cx_stage1,,"[[[26, 403], [32, 403]], [], [true, true]]",
12231,q,a,cx_stage2,,"[[[26, 403], [32, 403]], [], [true, true]]",
12232,q,a,cx_stage3,,"[[[26, 403], [32, 403]], [], [true, true]]",
12233,q,a,cx_stage1,,"[[[26, 407], [32, 407]], [], [true, true]]",
12234,q,a,cx_stage2,,"[[[26, 407], [32, 407]], [], [true, true]]",
12235,q,a,cx_stage3,,"[[[26, 407], [32, 407]], [], [true, true]]",
12236,q,a,cx_stage1,,"[[[26, 410], [33, 410]], [], [true, true]]",
12237,q,a,cx_stage2,,"[[[26, 410], [33, 410]], [], [true, true]]",
12238,q,a,cx_stage3,,"[[[26, 410], [33, 410]], [], [true, true]]",
12239,q,a,cx_stage1,,"[[[26, 414], [33, 414]], [], [true, true]]",
12240,q,a,cx_stage2,,"[[[26, 414], [33, 414]], [], [true, true]]",
12241,q,a,cx_stage3,,"[[[26, 414], [33, 414]], [], [true, true]]",
12242,q,a,cx_stage1,,"[[[26, 417], [34, 417]], [], [true, true]]",
12243,q,a,cx_stage2,,"[[[26, 417], [34, 417]], [], [true, true]]",
12244,q,a,cx_stage3,,"[[[26, 417], [34, 417]], [], [true, true]]",
12245,q,a,cx_stage1,,"[[[26, 421], [34, 421]], [], [true, true]]",
12246,q,a,cx_stage2,,"[[[26, 421], [34, 421]], [], [true, true]]",
12247,q,a,cx_stage3,,"[[[26, 421], [34, 421]], [], [true, true]]",
12248,q,a,cx_stage1,,"[[[26, 424], [35, 424]], [], [true, true]]",
12249,q,a,cx_stage2,,"[[[26, 424], [35, 424]], [], [true, true]]",
12250,q,a,cx_stage3,,"[[[26, 424], [35, 424]], [], [true, true]]",
12251,q,a,cx_stage1,,"[[[26, 428], [35, 428]], [], [true, true]]",
12252,q,a,cx_stage2,,"[[[26, 428], [35, 428]], [], [true, true]]",
12253,q,a,cx_stage3,,"[[[26, 428], [35, 428]], [], [true, true]]",
12254,q,a,cx_stage1,,"[[[26, 431], [36, 431]], [], [true, true]]",
12255,q,a,cx_stage2,,"[[[26, 431], [36, 431]], [], [true, true]]",
12256,q,a,cx_stage3,,"[[[26, 431], [36, 431]], [], [true, true]]",
12257,q,a,cx_stage1,,"[[[26, 435], [36, 435]], [], [true, true]]",
12258,q,a,cx_stage2,,"[[[26, 435], [36, 435]], [], [true, true]]",
12259,q,a,cx_stage3,,"[[[26, 435], [36, 435]], [], [true, true]]",
12260,q,a,cx_stage1,,"[[[26, 438], [37, 438]], [], [true, true]]",
12261,q,a,cx_stage2,,"[[[26, 438], [37, 438]], [], [true, true]]",
12262,q,a,cx_stage3,,"[[[26, 438], [37, 438]], [], [true, true]]",
12263,q,a,cx_stage1,,"[[[26, 442], [37, 442]], [], [true, true]]",
12264,q,a,cx_stage2,,"[[[26, 442], [37, 442]], [], [true, true]]",
12265,q,a,cx_stage3,,"[[[26, 442], [37, 442]], [], [true, true]]",
12266,q,a,cx_stage1,,"[[[26, 445], [38, 445]], [], [true, true]]",
12267,q,a,cx_stage2,,"[[[26, 445], [38, 445]], [], [true, true]]",
12268,q,a,cx_stage3,,"[[[26, 445], [38, 445]], [], [true, true]]",
12269,q,a,cx_stage1,,"[[[26, 449], [38, 449]], [], [true, true]]",
12270,q,a,cx_stage2,,"[[[26, 449], [38, 449]], [], [true, true]]",
12271,q,a,cx_stage3,,"[[[26, 449], [38, 449]], [], [true, true]]",
12272,q,a,cx_stage1,,"[[[26, 452], [39, 452]], [], [true, true]]",
12273,q,a,cx_stage2,,"[[[26, 452], [39, 452]], [], [true, true]]",
12274,q,a,cx_stage3,,"[[[26, 452], [39, 452]], [], [true, true]]",
12275,q,a,cx_stage1,,"[[[26, 456], [39, 456]], [], [true, true]]",
12276,q,a,cx_stage2,,"[[[26, 456], [39, 456]], [], [true, true]]",
12277,q,a,cx_stage3,,"[[[26, 456], [39, 456]], [], [true, true]]",
12278,q,a,cx_stage1,,"[[[26, 459], [40, 459]], [], [true, true]]",
12279,q,a,cx_stage2,,"[[[26, 459], [40, 459]], [], [true, true]]",
12280,q,a,cx_stage3,,"[[[26, 459], [40, 459]], [], [true, true]]",
12281,q,a,cx_stage1,,"[[[26, 463], [40, 463]], [], [true, true]]",
12282,q,a,cx_stage2,,"[[[26, 463], [40, 463]], [], [true, true]]",
12283,q,a,cx_stage3,,"[[[26, 463], [40, 463]], [], [true, true]]",
12284,q,a,cx_stage1,,"[[[26, 466], [41, 466]], [], [true, true]]",
12285,q,a,cx_stage2,,"[[[26, 466], [41, 466]], [], [true, true]]",
12286,q,a,cx_stage3,,"[[[26, 466], [41, 466]], [], [true, true]]",
12287,q,a,cx_stage1,,"[[[26, 470], [41, 470]], [], [true, true]]",
12288,q,a,cx_stage2,,"[[[26, 470], [41, 470]], [], [true, true]]",
12289,q,a,cx_stage3,,"[[[26, 470], [41, 470]], [], [true, true]]",
12290,q,a,cx_stage1,,"[[[26, 473], [42, 473]], [], [true, true]]",
12291,q,a,cx_stage2,,"[[[26, 473], [42, 473]], [], [true, true]]",
12292,q,a,cx_stage3,,"[[[26, 473], [42, 473]], [], [true, true]]",
12293,q,a,cx_stage1,,"[[[26, 477], [42, 477]], [], [true, true]]",
12294,q,a,cx_stage2,,"[[[26, 477], [42, 477]], [], [true, true]]",
12295,q,a,cx_stage3,,"[[[26, 477], [42, 477]], [], [true, true]]",
12296,q,a,cx_stage1,,"[[[26, 480], [43, 480]], [], [true, true]]",
12297,q,a,cx_stage2,,"[[[26, 480], [43, 480]], [], [true, true]]",
12298,q,a,cx_stage3,,"[[[26, 480], [43, 480]], [], [true, true]]",
12299,q,a,cx_stage1,,"[[[26, 484], [43, 484]], [], [true, true]]",
12300,q,a,cx_stage2,,"[[[26, 484], [43, 484]], [], [true, true]]",
12301,q,a,cx_stage3,,"[[[26, 484], [43, 484]], [], [true, true]]",
12302,q,a,cx_stage1,,"[[[26, 487], [44, 487]], [], [true, true]]",
12303,q,a,cx_stage2,,"[[[26, 487], [44, 487]], [], [true, true]]",
12304,q,a,cx_stage3,,"[[[26, 487], [44, 487]], [], [true, true]]",
12305,q,a,cx_stage1,,"[[[26, 491], [44, 491]], [], [true, true]]",
12306,q,a,cx_stage2,,"[[[26, 491], [44, 491]], [], [true, true]]",
12307,q,a,cx_stage3,,"[[[26, 491], [44, 491]], [], [true, true]]",
12308,q,a,cx_stage1,,"[[[26, 494], [45, 494]], [], [true, true]]",
12309,q,a,cx_stage2,,"[[[26, 494], [45, 494]], [], [true, true]]",
12310,q,a,cx_stage3,,"[[[26, 494], [45, 494]], [], [true, true]]",
12311,q,a,cx_stage1,,"[[[26, 498], [45, 498]], [], [true, true]]",
12312,q,a,cx_stage2,,"[[[26, 498], [45, 498]], [], [true, true]]",
12313,q,a,cx_stage3,,"[[[26, 498], [45, 498]], [], [true, true]]",
12314,q,a,cx_stage1,,"[[[26, 501], [46, 501]], [], [true, true]]",
12315,q,a,cx_stage2,,"[[[26, 501], [46, 501]], [], [true, true]]",
12316,q,a,cx_stage3,,"[[[26, 501], [46, 501]], [], [true, true]]",
12317,q,a,cx_stage1,,"[[[26, 505], [46, 505]], [], [true, true]]",
12318,q,a,cx_stage2,,"[[[26, 505], [46, 505]], [], [true, true]]",
12319,q,a,cx_stage3,,"[[[26, 505], [46, 505]], [], [true, true]]",
12320,q,a,cx_stage1,,"[[[26, 508], [47, 508]], [], [true, true]]",
12321,q,a,cx_stage2,,"[[[26, 508], [47, 508]], [], [true, true]]",
12322,q,a,cx_stage3,,"[[[26, 508], [47, 508]], [], [true, true]]",
12323,q,a,cx_stage1,,"[[[26, 512], [47, 512]], [], [true, true]]",
12324,q,a,cx_stage2,,"[[[26, 512], [47, 512]], [], [true, true]]",
12325,q,a,cx_stage3,,"[[[26, 512], [47, 512]], [], [true, true]]",
12326,q,a,cx_stage1,,"[[[26, 515], [48, 515]], [], [true, true]]",
12327,q,a,cx_stage2,,"[[[26, 515], [48, 515]], [], [true, true]]",
12328,q,a,cx_stage3,,"[[[26, 515], [48, 515]], [], [true, true]]",
12329,q,a,cx_stage1,,"[[[26, 519], [48, 519]], [], [true, true]]",
12330,q,a,cx_stage2,,"[[[26, 519], [48, 519]], [], [true, true]]",
12331,q,a,cx_stage3,,"[[[26, 519], [48, 519]], [], [true, true]]",
12332,q,a,cx_stage1,,"[[[26, 522], [49, 522]], [], [true, true]]",
12333,q,a,cx_stage2,,"[[[26, 522], [49, 522]], [], [true, true]]",
12334,q,a,cx_stage3,,"[[[26, 522], [49, 522]], [], [true, true]]",
12335,q,a,cx_stage1,,"[[[26, 526], [49, 526]], [], [true, true]]",
12336,q,a,cx_stage2,,"[[[26, 526], [49, 526]], [], [true, true]]",
12337,q,a,cx_stage3,,"[[[26, 526], [49, 526]], [], [true, true]]",
12338,q,a,cx_stage1,,"[[[26, 529], [50, 529]], [], [true, true]]",
12339,q,a,cx_stage2,,"[[[26, 529], [50, 529]], [], [true, true]]",
12340,q,a,cx_stage3,,"[[[26, 529], [50, 529]], [], [true, true]]",
12341,q,a,cx_stage1,,"[[[26, 533], [50, 533]], [], [true, true]]",
12342,q,a,cx_stage2,,"[[[26, 533], [50, 533]], [], [true, true]]",
12343,q,a,cx_stage3,,"[[[26, 533], [50, 533]], [], [true, true]]",
12344,q,a,cx_stage1,,"[[[26, 536], [51, 536]], [], [true, true]]",
12345,q,a,cx_stage2,,"[[[26, 536], [51, 536]], [], [true, true]]",
12346,q,a,cx_stage3,,"[[[26, 536], [51, 536]], [], [true, true]]",
12347,q,a,cx_stage1,,"[[[26, 540], [51, 540]], [], [true, true]]",
12348,q,a,cx_stage2,,"[[[26, 540], [51, 540]], [], [true, true]]",
12349,q,a,cx_stage3,,"[[[26, 540], [51, 540]], [], [true, true]]",
12350,q,a,cx_stage1,,"[[[26, 543], [52, 543]], [], [true, true]]",
12351,q,a,cx_stage2,,"[[[26, 543], [52, 543]], [], [true, true]]",
12352,q,a,cx_stage3,,"[[[26, 543], [52, 543]], [], [true, true]]",
12353,q,a,cx_stage1,,"[[[26, 547], [52, 547]], [], [true, true]]",
12354,q,a,cx_stage2,,"[[[26, 547], [52, 547]], [], [true, true]]",
12355,q,a,cx_stage3,,"[[[26, 547], [52, 547]], [], [true, true]]",
12356,q,a,cx_stage1,,"[[[26, 550], [53, 550]], [], [true, true]]",
12357,q,a,cx_stage2,,"[[[26, 550], [53, 550]], [], [true, true]]",
12358,q,a,cx_stage3,,"[[[26, 550], [53, 550]], [], [true, true]]",
12359,q,a,cx_stage1,,"[[[26, 554], [53, 554]], [], [true, true]]",
12360,q,a,cx_stage2,,"[[[26, 554], [53, 554]], [], [true, true]]",
12361,q,a,cx_stage3,,"[[[26, 554], [53, 554]], [], [true, true]]",
12362,q,a,cx_stage1,,"[[[26, 557], [54, 557]], [], [true, true]]",
12363,q,a,cx_stage2,,"[[[26, 557], [54, 557]], [], [true, true]]",
12364,q,a,cx_stage3,,"[[[26, 557], [54, 557]], [], [true, true]]",
12365,q,a,cx_stage1,,"[[[26, 561], [54, 561]], [], [true, true]]",
12366,q,a,cx_stage2,,"[[[26, 561], [54, 561]], [], [true, true]]",
12367,q,a,cx_stage3,,"[[[26, 561], [54, 561]], [], [true, true]]",
12368,q,a,cx_stage1,,"[[[26, 564], [55, 564]], [], [true, true]]",
12369,q,a,cx_stage2,,"[[[26, 564], [55, 564]], [], [true, true]]",
12370,q,a,cx_stage3,,"[[[26, 564], [55, 564]], [], [true, true]]",
12371,q,a,cx_stage1,,"[[[26, 568], [55, 568]], [], [true, true]]",
12372,q,a,cx_stage2,,"[[[26, 568], [55, 568]], [], [true, true]]",
12373,q,a,cx_stage3,,"[[[26, 568], [55, 568]], [], [true, true]]",
12374,q,a,u2,,"[[[26, 569]], [], [true]]",
12375,q,a,cx_stage1,,"[[[0, 572], [26, 572]], [], [true, true]]",
12376,q,a,cx_stage3,,"[[[0, 572], [26, 572]], [], [true, true]]",
12377,q,a,p,,"[[[26, 573]], [], [true]]",
12378,q,a,cx_stage1,,"[[[0, 576], [26, 576]], [], [true, true]]",
12379,q,a,cx_stage3,,"[[[0, 576], [26, 576]], [], [true, true]]",
12380,q,a,cx_stage1,,"[[[1, 579], [26, 579]], [], [true, true]]",
12381,q,a,cx_stage3,,"[[[1, 579], [26, 579]], [], [true, true]]",
12382,q,a,p,,"[[[26, 580]], [], [true]]",
12383,q,a,cx_stage1,,"[[[1, 583], [26, 583]], [], [true, true]]",
12384,q,a,cx_stage3,,"[[[1, 583], [26, 583]], [], [true, true]]",
12385,q,a,cx_stage1,,"[[[2, 586], [26, 586]], [], [true, true]]",
12386,q,a,cx_stage2,,"[[[2, 586], [26, 586]], [], [true, true]]",
12387,q,a,cx_stage3,,"[[[2, 586], [26, 586]], [], [true, true]]",
12388,q,a,p,,"[[[26, 587]], [], [true]]",
12389,q,a,cx_stage1,,"[[[2, 590], [26, 590]], [], [true, true]]",
12390,q,a,cx_stage2,,"[[[2, 590], [26, 590]], [], [true, true]]",
12391,q,a,cx_stage3,,"[[[2, 590], [26, 590]], [], [true, true]]",
12392,q,a,cx_stage1,,"[[[3, 593], [26, 593]], [], [true, true]]",
12393,q,a,cx_stage2,,"[[[3, 593], [26, 593]], [], [true, true]]",
12394,q,a,cx_stage3,,"[[[3, 593], [26, 593]], [], [true, true]]",
12395,q,a,p,,"[[[26, 594]], [], [true]]",
12396,q,a,cx_stage1,,"[[[3, 597], [26, 597]], [], [true, true]]",
12397,q,a,cx_stage2,,"[[[3, 597], [26, 597]], [], [true, true]]",
12398,q,a,cx_stage3,,"[[[3, 597], [26, 597]], [], [true, true]]",
12399,q,a,cx_stage1,,"[[[4, 600], [26, 600]], [], [true, true]]",
12400,q,a,cx_stage2,,"[[[4, 600], [26, 600]], [], [true, true]]",
12401,q,a,cx_stage3,,"[[[4, 600], [26, 600]], [], [true, true]]",
12402,q,a,p,,"[[[26, 601]], [], [true]]",
12403,q,a,cx_stage1,,"[[[4, 604], [26, 604]], [], [true, true]]",
12404,q,a,cx_stage2,,"[[[4, 604], [26, 604]], [], [true, true]]",
12405,q,a,cx_stage3,,"[[[4, 604], [26, 604]], [], [true, true]]",
12406,q,a,cx_stage1,,"[[[5, 607], [26, 607]], [], [true, true]]",
12407,q,a,cx_stage2,,"[[[5, 607], [26, 607]], [], [true, true]]",
12408,q,a,cx_stage3,,"[[[5, 607], [26, 607]], [], [true, true]]",
12409,q,a,p,,"[[[26, 608]], [], [true]]",
12410,q,a,cx_stage1,,"[[[5, 611], [26, 611]], [], [true, true]]",
12411,q,a,cx_stage2,,"[[[5, 611], [26, 611]], [], [true, true]]",
12412,q,a,cx_stage3,,"[[[5, 611], [26, 611]], [], [true, true]]",
12413,q,a,cx_stage1,,"[[[6, 614], [26, 614]], [], [true, true]]",
12414,q,a,cx_stage2,,"[[[6, 614], [26, 614]], [], [true, true]]",
12415,q,a,cx_stage3,,"[[[6, 614], [26, 614]], [], [true, true]]",
12416,q,a,p,,"[[[26, 615]], [], [true]]",
12417,q,a,cx_stage1,,"[[[6, 618], [26, 618]], [], [true, true]]",
12418,q,a,cx_stage2,,"[[[6, 618], [26, 618]], [], [true, true]]",
12419,q,a,cx_stage3,,"[[[6, 618], [26, 618]], [], [true, true]]",
12420,q,a,cx_stage1,,"[[[7, 621], [26, 621]], [], [true, true]]",
12421,q,a,cx_stage2,,"[[[7, 621], [26, 621]], [], [true, true]]",
12422,q,a,cx_stage3,,"[[[7, 621], [26, 621]], [], [true, true]]",
12423,q,a,p,,"[[[26, 622]], [], [true]]",
12424,q,a,cx_stage1,,"[[[7, 625], [26, 625]], [], [true, true]]",
12425,q,a,cx_stage2,,"[[[7, 625], [26, 625]], [], [true, true]]",
12426,q,a,cx_stage3,,"[[[7, 625], [26, 625]], [], [true, true]]",
12427,q,a,cx_stage1,,"[[[8, 628], [26, 628]], [], [true, true]]",
12428,q,a,cx_stage2,,"[[[8, 628], [26, 628]], [], [true, true]]",
12429,q,a,cx_stage3,,"[[[8, 628], [26, 628]], [], [true, true]]",
12430,q,a,p,,"[[[26, 629]], [], [true]]",
12431,q,a,cx_stage1,,"[[[8, 632], [26, 632]], [], [true, true]]",
12432,q,a,cx_stage2,,"[[[8, 632], [26, 632]], [], [true, true]]",
12433,q,a,cx_stage3,,"[[[8, 632], [26, 632]], [], [true, true]]",
12434,q,a,cx_stage1,,"[[[9, 635], [26, 635]], [], [true, true]]",
12435,q,a,cx_stage2,,"[[[9, 635], [26, 635]], [], [true, true]]",
12436,q,a,cx_stage3,,"[[[9, 635], [26, 635]], [], [true, true]]",
12437,q,a,p,,"[[[26, 636]], [], [true]]",
12438,q,a,cx_stage1,,"[[[9, 639], [26, 639]], [], [true, true]]",
12439,q,a,cx_stage2,,"[[[9, 639], [26, 639]], [], [true, true]]",
12440,q,a,cx_stage3,,"[[[9, 639], [26, 639]], [], [true, true]]",
12441,q,a,cx_stage1,,"[[[10, 642], [26, 642]], [], [true, true]]",
12442,q,a,cx_stage3,,"[[[10, 642], [26, 642]], [], [true, true]]",
12443,q,a,p,,"[[[26, 643]], [], [true]]",
12444,q,a,cx_stage1,,"[[[10, 646], [26, 646]], [], [true, true]]",
12445,q,a,cx_stage3,,"[[[10, 646], [26, 646]], [], [true, true]]",
12446,q,a,cx_stage1,,"[[[11, 649], [26, 649]], [], [true, true]]",
12447,q,a,cx_stage3,,"[[[11, 649], [26, 649]], [], [true, true]]",
12448,q,a,p,,"[[[26, 650]], [], [true]]",
12449,q,a,cx_stage1,,"[[[11, 653], [26, 653]], [], [true, true]]",
12450,q,a,cx_stage3,,"[[[11, 653], [26, 653]], [], [true, true]]",
12451,q,a,cx_stage1,,"[[[12, 656], [26, 656]], [], [true, true]]",
12452,q,a,cx_stage3,,"[[[12, 656], [26, 656]], [], [true, true]]",
12453,q,a,p,,"[[[26, 657]], [], [true]]",
12454,q,a,cx_stage1,,"[[[12, 660], [26, 660]], [], [true, true]]",
12455,q,a,cx_stage3,,"[[[12, 660], [26, 660]], [], [true, true]]",
12456,q,a,cx_stage1,,"[[[13, 663], [26, 663]], [], [true, true]]",
12457,q,a,cx_stage3,,"[[[13, 663], [26, 663]], [], [true, true]]",
12458,q,a,p,,"[[[26, 664]], [], [true]]",
12459,q,a,cx_stage1,,"[[[13, 667], [26, 667]], [], [true, true]]",
12460,q,a,cx_stage3,,"[[[13, 667], [26, 667]], [], [true, true]]",
12461,q,a,cx_stage1,,"[[[14, 670], [26, 670]], [], [true, true]]",
12462,q,a,cx_stage3,,"[[[14, 670], [26, 670]], [], [true, true]]",
12463,q,a,p,,"[[[26, 671]], [], [true]]",
12464,q,a,cx_stage1,,"[[[14, 674], [26, 674]], [], [true, true]]",
12465,q,a,cx_stage3,,"[[[14, 674], [26, 674]], [], [true, true]]",
12466,q,a,cx_stage1,,"[[[15, 677], [26, 677]], [], [true, true]]",
12467,q,a,cx_stage3,,"[[[15, 677], [26, 677]], [], [true, true]]",
12468,q,a,p,,"[[[26, 678]], [], [true]]",
12469,q,a,cx_stage1,,"[[[15, 681], [26, 681]], [], [true, true]]",
12470,q,a,cx_stage3,,"[[[15, 681], [26, 681]], [], [true, true]]",
12471,q,a,cx_stage1,,"[[[16, 684], [26, 684]], [], [true, true]]",
12472,q,a,cx_stage3,,"[[[16, 684], [26, 684]], [], [true, true]]",
12473,q,a,p,,"[[[26, 685]], [], [true]]",
12474,q,a,cx_stage1,,"[[[16, 688], [26, 688]], [], [true, true]]",
12475,q,a,cx_stage3,,"[[[16, 688], [26, 688]], [], [true, true]]",
12476,q,a,cx_stage1,,"[[[17, 691], [26, 691]], [], [true, true]]",
12477,q,a,cx_stage3,,"[[[17, 691], [26, 691]], [], [true, true]]",
12478,q,a,p,,"[[[26, 692]], [], [true]]",
12479,q,a,cx_stage1,,"[[[17, 695], [26, 695]], [], [true, true]]",
12480,q,a,cx_stage3,,"[[[17, 695], [26, 695]], [], [true, true]]",
12481,q,a,cx_stage1,,"[[[18, 698], [26, 698]], [], [true, true]]",
12482,q,a,cx_stage3,,"[[[18, 698], [26, 698]], [], [true, true]]",
12483,q,a,p,,"[[[26, 699]], [], [true]]",
12484,q,a,cx_stage1,,"[[[18, 702], [26, 702]], [], [true, true]]",
12485,q,a,cx_stage3,,"[[[18, 702], [26, 702]], [], [true, true]]",
12486,q,a,cx_stage1,,"[[[19, 705], [26, 705]], [], [true, true]]",
12487,q,a,cx_stage3,,"[[[19, 705], [26, 705]], [], [true, true]]",
12488,q,a,p,,"[[[26, 706]], [], [true]]",
12489,q,a,cx_stage1,,"[[[19, 709], [26, 709]], [], [true, true]]",
12490,q,a,cx_stage3,,"[[[19, 709], [26, 709]], [], [true, true]]",
12491,q,a,cx_stage1,,"[[[20, 712], [26, 712]], [], [true, true]]",
12492,q,a,cx_stage3,,"[[[20, 712], [26, 712]], [], [true, true]]",
12493,q,a,p,,"[[[26, 713]], [], [true]]",
12494,q,a,cx_stage1,,"[[[20, 716], [26, 716]], [], [true, true]]",
12495,q,a,cx_stage3,,"[[[20, 716], [26, 716]], [], [true, true]]",
12496,q,a,cx_stage1,,"[[[21, 719], [26, 719]], [], [true, true]]",
12497,q,a,cx_stage3,,"[[[21, 719], [26, 719]], [], [true, true]]",
12498,q,a,p,,"[[[26, 720]], [], [true]]",
12499,q,a,cx_stage1,,"[[[21, 723], [26, 723]], [], [true, true]]",
12500,q,a,cx_stage3,,"[[[21, 723], [26, 723]], [], [true, true]]",
12501,q,a,cx_stage1,,"[[[22, 726], [26, 726]], [], [true, true]]",
12502,q,a,cx_stage3,,"[[[22, 726], [26, 726]], [], [true, true]]",
12503,q,a,p,,"[[[26, 727]], [], [true]]",
12504,q,a,cx_stage1,,"[[[22, 730], [26, 730]], [], [true, true]]",
12505,q,a,cx_stage3,,"[[[22, 730], [26, 730]], [], [true, true]]",
12506,q,a,cx_stage1,,"[[[23, 733], [26, 733]], [], [true, true]]",
12507,q,a,cx_stage3,,"[[[23, 733], [26, 733]], [], [true, true]]",
12508,q,a,p,,"[[[26, 734]], [], [true]]",
12509,q,a,cx_stage1,,"[[[23, 737], [26, 737]], [], [true, true]]",
12510,q,a,cx_stage3,,"[[[23, 737], [26, 737]], [], [true, true]]",
12511,q,a,cx_stage1,,"[[[24, 740], [26, 740]], [], [true, true]]",
12512,q,a,cx_stage3,,"[[[24, 740], [26, 740]], [], [true, true]]",
12513,q,a,p,,"[[[26, 741]], [], [true]]",
12514,q,a,cx_stage1,,"[[[24, 744], [26, 744]], [], [true, true]]",
12515,q,a,cx_stage3,,"[[[24, 744], [26, 744]], [], [true, true]]",
12516,q,a,cx_stage1,,"[[[25, 747], [26, 747]], [], [true, true]]",
12517,q,a,cx_stage3,,"[[[25, 747], [26, 747]], [], [true, true]]",
12518,q,a,p,,"[[[26, 748]], [], [true]]",
12519,q,a,cx_stage1,,"[[[25, 751], [26, 751]], [], [true, true]]",
12520,q,a,cx_stage3,,"[[[25, 751], [26, 751]], [], [true, true]]",
12521,q,a,cx_stage1,,"[[[26, 761], [27, 761]], [], [true, true]]",
12522,q,a,cx_stage2,,"[[[26, 761], [27, 761]], [], [true, true]]",
12523,q,a,cx_stage3,,"[[[26, 761], [27, 761]], [], [true, true]]",
12524,q,a,cx_stage1,,"[[[26, 765], [27, 765]], [], [true, true]]",
12525,q,a,cx_stage2,,"[[[26, 765], [27, 765]], [], [true, true]]",
12526,q,a,cx_stage3,,"[[[26, 765], [27, 765]], [], [true, true]]",
12527,q,a,cx_stage1,,"[[[26, 768], [28, 768]], [], [true, true]]",
12528,q,a,cx_stage2,,"[[[26, 768], [28, 768]], [], [true, true]]",
12529,q,a,cx_stage3,,"[[[26, 768], [28, 768]], [], [true, true]]",
12530,q,a,cx_stage1,,"[[[26, 772], [28, 772]], [], [true, true]]",
12531,q,a,cx_stage2,,"[[[26, 772], [28, 772]], [], [true, true]]",
12532,q,a,cx_stage3,,"[[[26, 772], [28, 772]], [], [true, true]]",
12533,q,a,cx_stage1,,"[[[26, 775], [29, 775]], [], [true, true]]",
12534,q,a,cx_stage2,,"[[[26, 775], [29, 775]], [], [true, true]]",
12535,q,a,cx_stage3,,"[[[26, 775], [29, 775]], [], [true, true]]",
12536,q,a,cx_stage1,,"[[[26, 779], [29, 779]], [], [true, true]]",
12537,q,a,cx_stage2,,"[[[26, 779], [29, 779]], [], [true, true]]",
12538,q,a,cx_stage3,,"[[[26, 779], [29, 779]], [], [true, true]]",
12539,q,a,cx_stage1,,"[[[26, 782], [30, 782]], [], [true, true]]",
12540,q,a,cx_stage2,,"[[[26, 782], [30, 782]], [], [true, true]]",
12541,q,a,cx_stage3,,"[[[26, 782], [30, 782]], [], [true, true]]",
12542,q,a,cx_stage1,,"[[[26, 786], [30, 786]], [], [true, true]]",
12543,q,a,cx_stage2,,"[[[26, 786], [30, 786]], [], [true, true]]",
12544,q,a,cx_stage3,,"[[[26, 786], [30, 786]], [], [true, true]]",
12545,q,a,cx_stage1,,"[[[26, 789], [31, 789]], [], [true, true]]",
12546,q,a,cx_stage2,,"[[[26, 789], [31, 789]], [], [true, true]]",
12547,q,a,cx_stage3,,"[[[26, 789], [31, 789]], [], [true, true]]",
12548,q,a,cx_stage1,,"[[[26, 793], [31, 793]], [], [true, true]]",
12549,q,a,cx_stage2,,"[[[26, 793], [31, 793]], [], [true, true]]",
12550,q,a,cx_stage3,,"[[[26, 793], [31, 793]], [], [true, true]]",
12551,q,a,cx_stage1,,"[[[26, 796], [32, 796]], [], [true, true]]",
12552,q,a,cx_stage2,,"[[[26, 796], [32, 796]], [], [true, true]]",
12553,q,a,cx_stage3,,"[[[26, 796], [32, 796]], [], [true, true]]",
12554,q,a,cx_stage1,,"[[[26, 800], [32, 800]], [], [true, true]]",
12555,q,a,cx_stage2,,"[[[26, 800], [32, 800]], [], [true, true]]",
12556,q,a,cx_stage3,,"[[[26, 800], [32, 800]], [], [true, true]]",
12557,q,a,cx_stage1,,"[[[26, 803], [33, 803]], [], [true, true]]",
12558,q,a,cx_stage2,,"[[[26, 803], [33, 803]], [], [true, true]]",
12559,q,a,cx_stage3,,"[[[26, 803], [33, 803]], [], [true, true]]",
12560,q,a,cx_stage1,,"[[[26, 807], [33, 807]], [], [true, true]]",
12561,q,a,cx_stage2,,"[[[26, 807], [33, 807]], [], [true, true]]",
12562,q,a,cx_stage3,,"[[[26, 807], [33, 807]], [], [true, true]]",
12563,q,a,cx_stage1,,"[[[26, 810], [34, 810]], [], [true, true]]",
12564,q,a,cx_stage2,,"[[[26, 810], [34, 810]], [], [true, true]]",
12565,q,a,cx_stage3,,"[[[26, 810], [34, 810]], [], [true, true]]",
12566,q,a,cx_stage1,,"[[[26, 814], [34, 814]], [], [true, true]]",
12567,q,a,cx_stage2,,"[[[26, 814], [34, 814]], [], [true, true]]",
12568,q,a,cx_stage3,,"[[[26, 814], [34, 814]], [], [true, true]]",
12569,q,a,cx_stage1,,"[[[26, 817], [35, 817]], [], [true, true]]",
12570,q,a,cx_stage2,,"[[[26, 817], [35, 817]], [], [true, true]]",
12571,q,a,cx_stage3,,"[[[26, 817], [35, 817]], [], [true, true]]",
12572,q,a,cx_stage1,,"[[[26, 821], [35, 821]], [], [true, true]]",
12573,q,a,cx_stage2,,"[[[26, 821], [35, 821]], [], [true, true]]",
12574,q,a,cx_stage3,,"[[[26, 821], [35, 821]], [], [true, true]]",
12575,q,a,cx_stage1,,"[[[26, 824], [36, 824]], [], [true, true]]",
12576,q,a,cx_stage2,,"[[[26, 824], [36, 824]], [], [true, true]]",
12577,q,a,cx_stage3,,"[[[26, 824], [36, 824]], [], [true, true]]",
12578,q,a,cx_stage1,,"[[[26, 828], [36, 828]], [], [true, true]]",
12579,q,a,cx_stage2,,"[[[26, 828], [36, 828]], [], [true, true]]",
12580,q,a,cx_stage3,,"[[[26, 828], [36, 828]], [], [true, true]]",
12581,q,a,cx_stage1,,"[[[26, 831], [37, 831]], [], [true, true]]",
12582,q,a,cx_stage2,,"[[[26, 831], [37, 831]], [], [true, true]]",
12583,q,a,cx_stage3,,"[[[26, 831], [37, 831]], [], [true, true]]",
12584,q,a,cx_stage1,,"[[[26, 835], [37, 835]], [], [true, true]]",
12585,q,a,cx_stage2,,"[[[26, 835], [37, 835]], [], [true, true]]",
12586,q,a,cx_stage3,,"[[[26, 835], [37, 835]], [], [true, true]]",
12587,q,a,cx_stage1,,"[[[26, 838], [38, 838]], [], [true, true]]",
12588,q,a,cx_stage2,,"[[[26, 838], [38, 838]], [], [true, true]]",
12589,q,a,cx_stage3,,"[[[26, 838], [38, 838]], [], [true, true]]",
12590,q,a,cx_stage1,,"[[[26, 842], [38, 842]], [], [true, true]]",
12591,q,a,cx_stage2,,"[[[26, 842], [38, 842]], [], [true, true]]",
12592,q,a,cx_stage3,,"[[[26, 842], [38, 842]], [], [true, true]]",
12593,q,a,cx_stage1,,"[[[26, 845], [39, 845]], [], [true, true]]",
12594,q,a,cx_stage2,,"[[[26, 845], [39, 845]], [], [true, true]]",
12595,q,a,cx_stage3,,"[[[26, 845], [39, 845]], [], [true, true]]",
12596,q,a,cx_stage1,,"[[[26, 849], [39, 849]], [], [true, true]]",
12597,q,a,cx_stage2,,"[[[26, 849], [39, 849]], [], [true, true]]",
12598,q,a,cx_stage3,,"[[[26, 849], [39, 849]], [], [true, true]]",
12599,q,a,cx_stage1,,"[[[26, 852], [40, 852]], [], [true, true]]",
12600,q,a,cx_stage2,,"[[[26, 852], [40, 852]], [], [true, true]]",
12601,q,a,cx_stage3,,"[[[26, 852], [40, 852]], [], [true, true]]",
12602,q,a,cx_stage1,,"[[[26, 856], [40, 856]], [], [true, true]]",
12603,q,a,cx_stage2,,"[[[26, 856], [40, 856]], [], [true, true]]",
12604,q,a,cx_stage3,,"[[[26, 856], [40, 856]], [], [true, true]]",
12605,q,a,cx_stage1,,"[[[26, 859], [41, 859]], [], [true, true]]",
12606,q,a,cx_stage2,,"[[[26, 859], [41, 859]], [], [true, true]]",
12607,q,a,cx_stage3,,"[[[26, 859], [41, 859]], [], [true, true]]",
12608,q,a,cx_stage1,,"[[[26, 863], [41, 863]], [], [true, true]]",
12609,q,a,cx_stage2,,"[[[26, 863], [41, 863]], [], [true, true]]",
12610,q,a,cx_stage3,,"[[[26, 863], [41, 863]], [], [true, true]]",
12611,q,a,cx_stage1,,"[[[26, 866], [42, 866]], [], [true, true]]",
12612,q,a,cx_stage2,,"[[[26, 866], [42, 866]], [], [true, true]]",
12613,q,a,cx_stage3,,"[[[26, 866], [42, 866]], [], [true, true]]",
12614,q,a,cx_stage1,,"[[[26, 870], [42, 870]], [], [true, true]]",
12615,q,a,cx_stage2,,"[[[26, 870], [42, 870]], [], [true, true]]",
12616,q,a,cx_stage3,,"[[[26, 870], [42, 870]], [], [true, true]]",
12617,q,a,cx_stage1,,"[[[26, 873], [43, 873]], [], [true, true]]",
12618,q,a,cx_stage2,,"[[[26, 873], [43, 873]], [], [true, true]]",
12619,q,a,cx_stage3,,"[[[26, 873], [43, 873]], [], [true, true]]",
12620,q,a,cx_stage1,,"[[[26, 877], [43, 877]], [], [true, true]]",
12621,q,a,cx_stage2,,"[[[26, 877], [43, 877]], [], [true, true]]",
12622,q,a,cx_stage3,,"[[[26, 877], [43, 877]], [], [true, true]]",
12623,q,a,cx_stage1,,"[[[26, 880], [44, 880]], [], [true, true]]",
12624,q,a,cx_stage2,,"[[[26, 880], [44, 880]], [], [true, true]]",
12625,q,a,cx_stage3,,"[[[26, 880], [44, 880]], [], [true, true]]",
12626,q,a,cx_stage1,,"[[[26, 884], [44, 884]], [], [true, true]]",
12627,q,a,cx_stage2,,"[[[26, 884], [44, 884]], [], [true, true]]",
12628,q,a,cx_stage3,,"[[[26, 884], [44, 884]], [], [true, true]]",
12629,q,a,cx_stage1,,"[[[26, 887], [45, 887]], [], [true, true]]",
12630,q,a,cx_stage2,,"[[[26, 887], [45, 887]], [], [true, true]]",
12631,q,a,cx_stage3,,"[[[26, 887], [45, 887]], [], [true, true]]",
12632,q,a,cx_stage1,,"[[[26, 891], [45, 891]], [], [true, true]]",
12633,q,a,cx_stage2,,"[[[26, 891], [45, 891]], [], [true, true]]",
12634,q,a,cx_stage3,,"[[[26, 891], [45, 891]], [], [true, true]]",
12635,q,a,cx_stage1,,"[[[26, 894], [46, 894]], [], [true, true]]",
12636,q,a,cx_stage2,,"[[[26, 894], [46, 894]], [], [true, true]]",
12637,q,a,cx_stage3,,"[[[26, 894], [46, 894]], [], [true, true]]",
12638,q,a,cx_stage1,,"[[[26, 898], [46, 898]], [], [true, true]]",
12639,q,a,cx_stage2,,"[[[26, 898], [46, 898]], [], [true, true]]",
12640,q,a,cx_stage3,,"[[[26, 898], [46, 898]], [], [true, true]]",
12641,q,a,cx_stage1,,"[[[26, 901], [47, 901]], [], [true, true]]",
12642,q,a,cx_stage2,,"[[[26, 901], [47, 901]], [], [true, true]]",
12643,q,a,cx_stage3,,"[[[26, 901], [47, 901]], [], [true, true]]",
12644,q,a,cx_stage1,,"[[[26, 905], [47, 905]], [], [true, true]]",
12645,q,a,cx_stage2,,"[[[26, 905], [47, 905]], [], [true, true]]",
12646,q,a,cx_stage3,,"[[[26, 905], [47, 905]], [], [true, true]]",
12647,q,a,cx_stage1,,"[[[26, 908], [48, 908]], [], [true, true]]",
12648,q,a,cx_stage2,,"[[[26, 908], [48, 908]], [], [true, true]]",
12649,q,a,cx_stage3,,"[[[26, 908], [48, 908]], [], [true, true]]",
12650,q,a,cx_stage1,,"[[[26, 912], [48, 912]], [], [true, true]]",
12651,q,a,cx_stage2,,"[[[26, 912], [48, 912]], [], [true, true]]",
12652,q,a,cx_stage3,,"[[[26, 912], [48, 912]], [], [true, true]]",
12653,q,a,cx_stage1,,"[[[26, 915], [49, 915]], [], [true, true]]",
12654,q,a,cx_stage2,,"[[[26, 915], [49, 915]], [], [true, true]]",
12655,q,a,cx_stage3,,"[[[26, 915], [49, 915]], [], [true, true]]",
12656,q,a,cx_stage1,,"[[[26, 919], [49, 919]], [], [true, true]]",
12657,q,a,cx_stage2,,"[[[26, 919], [49, 919]], [], [true, true]]",
12658,q,a,cx_stage3,,"[[[26, 919], [49, 919]], [], [true, true]]",
12659,q,a,cx_stage1,,"[[[26, 922], [50, 922]], [], [true, true]]",
12660,q,a,cx_stage2,,"[[[26, 922], [50, 922]], [], [true, true]]",
12661,q,a,cx_stage3,,"[[[26, 922], [50, 922]], [], [true, true]]",
12662,q,a,cx_stage1,,"[[[26, 926], [50, 926]], [], [true, true]]",
12663,q,a,cx_stage2,,"[[[26, 926], [50, 926]], [], [true, true]]",
12664,q,a,cx_stage3,,"[[[26, 926], [50, 926]], [], [true, true]]",
12665,q,a,cx_stage1,,"[[[26, 929], [51, 929]], [], [true, true]]",
12666,q,a,cx_stage2,,"[[[26, 929], [51, 929]], [], [true, true]]",
12667,q,a,cx_stage3,,"[[[26, 929], [51, 929]], [], [true, true]]",
12668,q,a,cx_stage1,,"[[[26, 933], [51, 933]], [], [true, true]]",
12669,q,a,cx_stage2,,"[[[26, 933], [51, 933]], [], [true, true]]",
12670,q,a,cx_stage3,,"[[[26, 933], [51, 933]], [], [true, true]]",
12671,q,a,cx_stage1,,"[[[26, 936], [52, 936]], [], [true, true]]",
12672,q,a,cx_stage2,,"[[[26, 936], [52, 936]], [], [true, true]]",
12673,q,a,cx_stage3,,"[[[26, 936], [52, 936]], [], [true, true]]",
12674,q,a,cx_stage1,,"[[[26, 940], [52, 940]], [], [true, true]]",
12675,q,a,cx_stage2,,"[[[26, 940], [52, 940]], [], [true, true]]",
12676,q,a,cx_stage3,,"[[[26, 940], [52, 940]], [], [true, true]]",
12677,q,a,cx_stage1,,"[[[26, 943], [53, 943]], [], [true, true]]",
12678,q,a,cx_stage2,,"[[[26, 943], [53, 943]], [], [true, true]]",
12679,q,a,cx_stage3,,"[[[26, 943], [53, 943]], [], [true, true]]",
12680,q,a,cx_stage1,,"[[[26, 947], [53, 947]], [], [true, true]]",
12681,q,a,cx_stage2,,"[[[26, 947], [53, 947]], [], [true, true]]",
12682,q,a,cx_stage3,,"[[[26, 947], [53, 947]], [], [true, true]]",
12683,q,a,cx_stage1,,"[[[26, 950], [54, 950]], [], [true, true]]",
12684,q,a,cx_stage2,,"[[[26, 950], [54, 950]], [], [true, true]]",
12685,q,a,cx_stage3,,"[[[26, 950], [54, 950]], [], [true, true]]",
12686,q,a,cx_stage1,,"[[[26, 954], [54, 954]], [], [true, true]]",
12687,q,a,cx_stage2,,"[[[26, 954], [54, 954]], [], [true, true]]",
12688,q,a,cx_stage3,,"[[[26, 954], [54, 954]], [], [true, true]]",
12689,q,a,cx_stage1,,"[[[26, 957], [55, 957]], [], [true, true]]",
12690,q,a,cx_stage2,,"[[[26, 957], [55, 957]], [], [true, true]]",
12691,q,a,cx_stage3,,"[[[26, 957], [55, 957]], [], [true, true]]",
12692,q,a,cx_stage1,,"[[[26, 961], [55, 961]], [], [true, true]]",
12693,q,a,cx_stage2,,"[[[26, 961], [55, 961]], [], [true, true]]",
12694,q,a,cx_stage3,,"[[[26, 961], [55, 961]], [], [true, true]]",
12695,q,a,ry,,"[[[26, 962]], [], [true]]",
12696,q,a,u2,,"[[[27, 1]], [], [true]]",
12697,q,a,cx_stage1,,"[[[0, 186], [27, 186]], [], [true, true]]",
12698,q,a,cx_stage2,,"[[[27, 1242], [28, 1242]], [], [true, true]]",
12699,q,a,cx_stage1,,"[[[27, 1242], [28, 1242]], [], [true, true]]",
12700,q,a,cx_stage3,,"[[[27, 1242], [28, 1242]], [], [true, true]]",
12701,q,a,cx_stage1,,"[[[26, 1245], [27, 1245]], [], [true, true]]",
12702,q,a,cx_stage3,,"[[[26, 1245], [27, 1245]], [], [true, true]]",
12703,q,a,ry,,"[[[27, 1246]], [], [true]]",
12704,q,a,cx_stage3,,"[[[0, 186], [27, 186]], [], [true, true]]",
12705,q,a,p,,"[[[27, 187]], [], [true]]",
12706,q,a,cx_stage1,,"[[[0, 190], [27, 190]], [], [true, true]]",
12707,q,a,cx_stage3,,"[[[0, 190], [27, 190]], [], [true, true]]",
12708,q,a,cx_stage1,,"[[[1, 193], [27, 193]], [], [true, true]]",
12709,q,a,cx_stage3,,"[[[1, 193], [27, 193]], [], [true, true]]",
12710,q,a,p,,"[[[27, 194]], [], [true]]",
12711,q,a,cx_stage1,,"[[[1, 197], [27, 197]], [], [true, true]]",
12712,q,a,cx_stage3,,"[[[1, 197], [27, 197]], [], [true, true]]",
12713,q,a,cx_stage1,,"[[[2, 200], [27, 200]], [], [true, true]]",
12714,q,a,cx_stage2,,"[[[2, 200], [27, 200]], [], [true, true]]",
12715,q,a,cx_stage3,,"[[[2, 200], [27, 200]], [], [true, true]]",
12716,q,a,p,,"[[[27, 201]], [], [true]]",
12717,q,a,cx_stage1,,"[[[2, 204], [27, 204]], [], [true, true]]",
12718,q,a,cx_stage2,,"[[[2, 204], [27, 204]], [], [true, true]]",
12719,q,a,cx_stage3,,"[[[2, 204], [27, 204]], [], [true, true]]",
12720,q,a,cx_stage1,,"[[[3, 207], [27, 207]], [], [true, true]]",
12721,q,a,cx_stage2,,"[[[3, 207], [27, 207]], [], [true, true]]",
12722,q,a,cx_stage3,,"[[[3, 207], [27, 207]], [], [true, true]]",
12723,q,a,p,,"[[[27, 208]], [], [true]]",
12724,q,a,cx_stage1,,"[[[3, 211], [27, 211]], [], [true, true]]",
12725,q,a,cx_stage2,,"[[[3, 211], [27, 211]], [], [true, true]]",
12726,q,a,cx_stage3,,"[[[3, 211], [27, 211]], [], [true, true]]",
12727,q,a,cx_stage1,,"[[[4, 214], [27, 214]], [], [true, true]]",
12728,q,a,cx_stage2,,"[[[4, 214], [27, 214]], [], [true, true]]",
12729,q,a,cx_stage3,,"[[[4, 214], [27, 214]], [], [true, true]]",
12730,q,a,p,,"[[[27, 215]], [], [true]]",
12731,q,a,cx_stage1,,"[[[4, 218], [27, 218]], [], [true, true]]",
12732,q,a,cx_stage2,,"[[[4, 218], [27, 218]], [], [true, true]]",
12733,q,a,cx_stage3,,"[[[4, 218], [27, 218]], [], [true, true]]",
12734,q,a,cx_stage1,,"[[[5, 221], [27, 221]], [], [true, true]]",
12735,q,a,cx_stage2,,"[[[5, 221], [27, 221]], [], [true, true]]",
12736,q,a,cx_stage3,,"[[[5, 221], [27, 221]], [], [true, true]]",
12737,q,a,p,,"[[[27, 222]], [], [true]]",
12738,q,a,cx_stage1,,"[[[5, 225], [27, 225]], [], [true, true]]",
12739,q,a,cx_stage2,,"[[[5, 225], [27, 225]], [], [true, true]]",
12740,q,a,cx_stage3,,"[[[5, 225], [27, 225]], [], [true, true]]",
12741,q,a,cx_stage1,,"[[[6, 228], [27, 228]], [], [true, true]]",
12742,q,a,cx_stage2,,"[[[6, 228], [27, 228]], [], [true, true]]",
12743,q,a,cx_stage3,,"[[[6, 228], [27, 228]], [], [true, true]]",
12744,q,a,p,,"[[[27, 229]], [], [true]]",
12745,q,a,cx_stage1,,"[[[6, 232], [27, 232]], [], [true, true]]",
12746,q,a,cx_stage2,,"[[[6, 232], [27, 232]], [], [true, true]]",
12747,q,a,cx_stage3,,"[[[6, 232], [27, 232]], [], [true, true]]",
12748,q,a,cx_stage1,,"[[[7, 235], [27, 235]], [], [true, true]]",
12749,q,a,cx_stage2,,"[[[7, 235], [27, 235]], [], [true, true]]",
12750,q,a,cx_stage3,,"[[[7, 235], [27, 235]], [], [true, true]]",
12751,q,a,p,,"[[[27, 236]], [], [true]]",
12752,q,a,cx_stage1,,"[[[7, 239], [27, 239]], [], [true, true]]",
12753,q,a,cx_stage2,,"[[[7, 239], [27, 239]], [], [true, true]]",
12754,q,a,cx_stage3,,"[[[7, 239], [27, 239]], [], [true, true]]",
12755,q,a,cx_stage1,,"[[[8, 242], [27, 242]], [], [true, true]]",
12756,q,a,cx_stage2,,"[[[8, 242], [27, 242]], [], [true, true]]",
12757,q,a,cx_stage3,,"[[[8, 242], [27, 242]], [], [true, true]]",
12758,q,a,p,,"[[[27, 243]], [], [true]]",
12759,q,a,cx_stage1,,"[[[8, 246], [27, 246]], [], [true, true]]",
12760,q,a,cx_stage2,,"[[[8, 246], [27, 246]], [], [true, true]]",
12761,q,a,cx_stage3,,"[[[8, 246], [27, 246]], [], [true, true]]",
12762,q,a,cx_stage1,,"[[[9, 249], [27, 249]], [], [true, true]]",
12763,q,a,cx_stage2,,"[[[9, 249], [27, 249]], [], [true, true]]",
12764,q,a,cx_stage3,,"[[[9, 249], [27, 249]], [], [true, true]]",
12765,q,a,p,,"[[[27, 250]], [], [true]]",
12766,q,a,cx_stage1,,"[[[9, 253], [27, 253]], [], [true, true]]",
12767,q,a,cx_stage2,,"[[[9, 253], [27, 253]], [], [true, true]]",
12768,q,a,cx_stage3,,"[[[9, 253], [27, 253]], [], [true, true]]",
12769,q,a,cx_stage1,,"[[[10, 256], [27, 256]], [], [true, true]]",
12770,q,a,cx_stage3,,"[[[10, 256], [27, 256]], [], [true, true]]",
12771,q,a,p,,"[[[27, 257]], [], [true]]",
12772,q,a,cx_stage1,,"[[[10, 260], [27, 260]], [], [true, true]]",
12773,q,a,cx_stage3,,"[[[10, 260], [27, 260]], [], [true, true]]",
12774,q,a,cx_stage1,,"[[[11, 263], [27, 263]], [], [true, true]]",
12775,q,a,cx_stage3,,"[[[11, 263], [27, 263]], [], [true, true]]",
12776,q,a,p,,"[[[27, 264]], [], [true]]",
12777,q,a,cx_stage1,,"[[[11, 267], [27, 267]], [], [true, true]]",
12778,q,a,cx_stage3,,"[[[11, 267], [27, 267]], [], [true, true]]",
12779,q,a,cx_stage1,,"[[[12, 270], [27, 270]], [], [true, true]]",
12780,q,a,cx_stage3,,"[[[12, 270], [27, 270]], [], [true, true]]",
12781,q,a,p,,"[[[27, 271]], [], [true]]",
12782,q,a,cx_stage1,,"[[[12, 274], [27, 274]], [], [true, true]]",
12783,q,a,cx_stage3,,"[[[12, 274], [27, 274]], [], [true, true]]",
12784,q,a,cx_stage1,,"[[[13, 277], [27, 277]], [], [true, true]]",
12785,q,a,cx_stage3,,"[[[13, 277], [27, 277]], [], [true, true]]",
12786,q,a,p,,"[[[27, 278]], [], [true]]",
12787,q,a,cx_stage1,,"[[[13, 281], [27, 281]], [], [true, true]]",
12788,q,a,cx_stage3,,"[[[13, 281], [27, 281]], [], [true, true]]",
12789,q,a,cx_stage1,,"[[[14, 284], [27, 284]], [], [true, true]]",
12790,q,a,cx_stage3,,"[[[14, 284], [27, 284]], [], [true, true]]",
12791,q,a,p,,"[[[27, 285]], [], [true]]",
12792,q,a,cx_stage1,,"[[[14, 288], [27, 288]], [], [true, true]]",
12793,q,a,cx_stage3,,"[[[14, 288], [27, 288]], [], [true, true]]",
12794,q,a,cx_stage1,,"[[[15, 291], [27, 291]], [], [true, true]]",
12795,q,a,cx_stage3,,"[[[15, 291], [27, 291]], [], [true, true]]",
12796,q,a,p,,"[[[27, 292]], [], [true]]",
12797,q,a,cx_stage1,,"[[[15, 295], [27, 295]], [], [true, true]]",
12798,q,a,cx_stage3,,"[[[15, 295], [27, 295]], [], [true, true]]",
12799,q,a,cx_stage1,,"[[[16, 298], [27, 298]], [], [true, true]]",
12800,q,a,cx_stage3,,"[[[16, 298], [27, 298]], [], [true, true]]",
12801,q,a,p,,"[[[27, 299]], [], [true]]",
12802,q,a,cx_stage1,,"[[[16, 302], [27, 302]], [], [true, true]]",
12803,q,a,cx_stage3,,"[[[16, 302], [27, 302]], [], [true, true]]",
12804,q,a,cx_stage1,,"[[[17, 305], [27, 305]], [], [true, true]]",
12805,q,a,cx_stage3,,"[[[17, 305], [27, 305]], [], [true, true]]",
12806,q,a,p,,"[[[27, 306]], [], [true]]",
12807,q,a,cx_stage1,,"[[[17, 309], [27, 309]], [], [true, true]]",
12808,q,a,cx_stage3,,"[[[17, 309], [27, 309]], [], [true, true]]",
12809,q,a,cx_stage1,,"[[[18, 312], [27, 312]], [], [true, true]]",
12810,q,a,cx_stage3,,"[[[18, 312], [27, 312]], [], [true, true]]",
12811,q,a,p,,"[[[27, 313]], [], [true]]",
12812,q,a,cx_stage1,,"[[[18, 316], [27, 316]], [], [true, true]]",
12813,q,a,cx_stage3,,"[[[18, 316], [27, 316]], [], [true, true]]",
12814,q,a,cx_stage1,,"[[[19, 319], [27, 319]], [], [true, true]]",
12815,q,a,cx_stage3,,"[[[19, 319], [27, 319]], [], [true, true]]",
12816,q,a,p,,"[[[27, 320]], [], [true]]",
12817,q,a,cx_stage1,,"[[[19, 323], [27, 323]], [], [true, true]]",
12818,q,a,cx_stage3,,"[[[19, 323], [27, 323]], [], [true, true]]",
12819,q,a,cx_stage1,,"[[[20, 326], [27, 326]], [], [true, true]]",
12820,q,a,cx_stage3,,"[[[20, 326], [27, 326]], [], [true, true]]",
12821,q,a,p,,"[[[27, 327]], [], [true]]",
12822,q,a,cx_stage1,,"[[[20, 330], [27, 330]], [], [true, true]]",
12823,q,a,cx_stage3,,"[[[20, 330], [27, 330]], [], [true, true]]",
12824,q,a,cx_stage1,,"[[[21, 333], [27, 333]], [], [true, true]]",
12825,q,a,cx_stage3,,"[[[21, 333], [27, 333]], [], [true, true]]",
12826,q,a,p,,"[[[27, 334]], [], [true]]",
12827,q,a,cx_stage1,,"[[[21, 337], [27, 337]], [], [true, true]]",
12828,q,a,cx_stage3,,"[[[21, 337], [27, 337]], [], [true, true]]",
12829,q,a,cx_stage1,,"[[[22, 340], [27, 340]], [], [true, true]]",
12830,q,a,cx_stage3,,"[[[22, 340], [27, 340]], [], [true, true]]",
12831,q,a,p,,"[[[27, 341]], [], [true]]",
12832,q,a,cx_stage1,,"[[[22, 344], [27, 344]], [], [true, true]]",
12833,q,a,cx_stage3,,"[[[22, 344], [27, 344]], [], [true, true]]",
12834,q,a,cx_stage1,,"[[[23, 347], [27, 347]], [], [true, true]]",
12835,q,a,cx_stage3,,"[[[23, 347], [27, 347]], [], [true, true]]",
12836,q,a,p,,"[[[27, 348]], [], [true]]",
12837,q,a,cx_stage1,,"[[[23, 351], [27, 351]], [], [true, true]]",
12838,q,a,cx_stage3,,"[[[23, 351], [27, 351]], [], [true, true]]",
12839,q,a,cx_stage1,,"[[[24, 354], [27, 354]], [], [true, true]]",
12840,q,a,cx_stage3,,"[[[24, 354], [27, 354]], [], [true, true]]",
12841,q,a,p,,"[[[27, 355]], [], [true]]",
12842,q,a,cx_stage1,,"[[[24, 358], [27, 358]], [], [true, true]]",
12843,q,a,cx_stage3,,"[[[24, 358], [27, 358]], [], [true, true]]",
12844,q,a,cx_stage1,,"[[[25, 361], [27, 361]], [], [true, true]]",
12845,q,a,cx_stage3,,"[[[25, 361], [27, 361]], [], [true, true]]",
12846,q,a,p,,"[[[27, 362]], [], [true]]",
12847,q,a,cx_stage1,,"[[[25, 365], [27, 365]], [], [true, true]]",
12848,q,a,cx_stage3,,"[[[25, 365], [27, 365]], [], [true, true]]",
12849,q,a,cx_stage1,,"[[[26, 368], [27, 368]], [], [true, true]]",
12850,q,a,cx_stage3,,"[[[26, 368], [27, 368]], [], [true, true]]",
12851,q,a,p,,"[[[27, 369]], [], [true]]",
12852,q,a,cx_stage1,,"[[[26, 372], [27, 372]], [], [true, true]]",
12853,q,a,cx_stage3,,"[[[26, 372], [27, 372]], [], [true, true]]",
12854,q,a,cx_stage1,,"[[[27, 382], [28, 382]], [], [true, true]]",
12855,q,a,cx_stage2,,"[[[27, 382], [28, 382]], [], [true, true]]",
12856,q,a,cx_stage3,,"[[[27, 382], [28, 382]], [], [true, true]]",
12857,q,a,cx_stage1,,"[[[27, 386], [28, 386]], [], [true, true]]",
12858,q,a,cx_stage2,,"[[[27, 386], [28, 386]], [], [true, true]]",
12859,q,a,cx_stage3,,"[[[27, 386], [28, 386]], [], [true, true]]",
12860,q,a,cx_stage1,,"[[[27, 389], [29, 389]], [], [true, true]]",
12861,q,a,cx_stage2,,"[[[27, 389], [29, 389]], [], [true, true]]",
12862,q,a,cx_stage3,,"[[[27, 389], [29, 389]], [], [true, true]]",
12863,q,a,cx_stage1,,"[[[27, 393], [29, 393]], [], [true, true]]",
12864,q,a,cx_stage2,,"[[[27, 393], [29, 393]], [], [true, true]]",
12865,q,a,cx_stage3,,"[[[27, 393], [29, 393]], [], [true, true]]",
12866,q,a,cx_stage1,,"[[[27, 396], [30, 396]], [], [true, true]]",
12867,q,a,cx_stage2,,"[[[27, 396], [30, 396]], [], [true, true]]",
12868,q,a,cx_stage3,,"[[[27, 396], [30, 396]], [], [true, true]]",
12869,q,a,cx_stage1,,"[[[27, 400], [30, 400]], [], [true, true]]",
12870,q,a,cx_stage2,,"[[[27, 400], [30, 400]], [], [true, true]]",
12871,q,a,cx_stage3,,"[[[27, 400], [30, 400]], [], [true, true]]",
12872,q,a,cx_stage1,,"[[[27, 403], [31, 403]], [], [true, true]]",
12873,q,a,cx_stage2,,"[[[27, 403], [31, 403]], [], [true, true]]",
12874,q,a,cx_stage3,,"[[[27, 403], [31, 403]], [], [true, true]]",
12875,q,a,cx_stage1,,"[[[27, 407], [31, 407]], [], [true, true]]",
12876,q,a,cx_stage2,,"[[[27, 407], [31, 407]], [], [true, true]]",
12877,q,a,cx_stage3,,"[[[27, 407], [31, 407]], [], [true, true]]",
12878,q,a,cx_stage1,,"[[[27, 410], [32, 410]], [], [true, true]]",
12879,q,a,cx_stage2,,"[[[27, 410], [32, 410]], [], [true, true]]",
12880,q,a,cx_stage3,,"[[[27, 410], [32, 410]], [], [true, true]]",
12881,q,a,cx_stage1,,"[[[27, 414], [32, 414]], [], [true, true]]",
12882,q,a,cx_stage2,,"[[[27, 414], [32, 414]], [], [true, true]]",
12883,q,a,cx_stage3,,"[[[27, 414], [32, 414]], [], [true, true]]",
12884,q,a,cx_stage1,,"[[[27, 417], [33, 417]], [], [true, true]]",
12885,q,a,cx_stage2,,"[[[27, 417], [33, 417]], [], [true, true]]",
12886,q,a,cx_stage3,,"[[[27, 417], [33, 417]], [], [true, true]]",
12887,q,a,cx_stage1,,"[[[27, 421], [33, 421]], [], [true, true]]",
12888,q,a,cx_stage2,,"[[[27, 421], [33, 421]], [], [true, true]]",
12889,q,a,cx_stage3,,"[[[27, 421], [33, 421]], [], [true, true]]",
12890,q,a,cx_stage1,,"[[[27, 424], [34, 424]], [], [true, true]]",
12891,q,a,cx_stage2,,"[[[27, 424], [34, 424]], [], [true, true]]",
12892,q,a,cx_stage3,,"[[[27, 424], [34, 424]], [], [true, true]]",
12893,q,a,cx_stage1,,"[[[27, 428], [34, 428]], [], [true, true]]",
12894,q,a,cx_stage2,,"[[[27, 428], [34, 428]], [], [true, true]]",
12895,q,a,cx_stage3,,"[[[27, 428], [34, 428]], [], [true, true]]",
12896,q,a,cx_stage1,,"[[[27, 431], [35, 431]], [], [true, true]]",
12897,q,a,cx_stage2,,"[[[27, 431], [35, 431]], [], [true, true]]",
12898,q,a,cx_stage3,,"[[[27, 431], [35, 431]], [], [true, true]]",
12899,q,a,cx_stage1,,"[[[27, 435], [35, 435]], [], [true, true]]",
12900,q,a,cx_stage2,,"[[[27, 435], [35, 435]], [], [true, true]]",
12901,q,a,cx_stage3,,"[[[27, 435], [35, 435]], [], [true, true]]",
12902,q,a,cx_stage1,,"[[[27, 438], [36, 438]], [], [true, true]]",
12903,q,a,cx_stage2,,"[[[27, 438], [36, 438]], [], [true, true]]",
12904,q,a,cx_stage3,,"[[[27, 438], [36, 438]], [], [true, true]]",
12905,q,a,cx_stage1,,"[[[27, 442], [36, 442]], [], [true, true]]",
12906,q,a,cx_stage2,,"[[[27, 442], [36, 442]], [], [true, true]]",
12907,q,a,cx_stage3,,"[[[27, 442], [36, 442]], [], [true, true]]",
12908,q,a,cx_stage1,,"[[[27, 445], [37, 445]], [], [true, true]]",
12909,q,a,cx_stage2,,"[[[27, 445], [37, 445]], [], [true, true]]",
12910,q,a,cx_stage3,,"[[[27, 445], [37, 445]], [], [true, true]]",
12911,q,a,cx_stage1,,"[[[27, 449], [37, 449]], [], [true, true]]",
12912,q,a,cx_stage2,,"[[[27, 449], [37, 449]], [], [true, true]]",
12913,q,a,cx_stage3,,"[[[27, 449], [37, 449]], [], [true, true]]",
12914,q,a,cx_stage1,,"[[[27, 452], [38, 452]], [], [true, true]]",
12915,q,a,cx_stage2,,"[[[27, 452], [38, 452]], [], [true, true]]",
12916,q,a,cx_stage3,,"[[[27, 452], [38, 452]], [], [true, true]]",
12917,q,a,cx_stage1,,"[[[27, 456], [38, 456]], [], [true, true]]",
12918,q,a,cx_stage2,,"[[[27, 456], [38, 456]], [], [true, true]]",
12919,q,a,cx_stage3,,"[[[27, 456], [38, 456]], [], [true, true]]",
12920,q,a,cx_stage1,,"[[[27, 459], [39, 459]], [], [true, true]]",
12921,q,a,cx_stage2,,"[[[27, 459], [39, 459]], [], [true, true]]",
12922,q,a,cx_stage3,,"[[[27, 459], [39, 459]], [], [true, true]]",
12923,q,a,cx_stage1,,"[[[27, 463], [39, 463]], [], [true, true]]",
12924,q,a,cx_stage2,,"[[[27, 463], [39, 463]], [], [true, true]]",
12925,q,a,cx_stage3,,"[[[27, 463], [39, 463]], [], [true, true]]",
12926,q,a,cx_stage1,,"[[[27, 466], [40, 466]], [], [true, true]]",
12927,q,a,cx_stage2,,"[[[27, 466], [40, 466]], [], [true, true]]",
12928,q,a,cx_stage3,,"[[[27, 466], [40, 466]], [], [true, true]]",
12929,q,a,cx_stage1,,"[[[27, 470], [40, 470]], [], [true, true]]",
12930,q,a,cx_stage2,,"[[[27, 470], [40, 470]], [], [true, true]]",
12931,q,a,cx_stage3,,"[[[27, 470], [40, 470]], [], [true, true]]",
12932,q,a,cx_stage1,,"[[[27, 473], [41, 473]], [], [true, true]]",
12933,q,a,cx_stage2,,"[[[27, 473], [41, 473]], [], [true, true]]",
12934,q,a,cx_stage3,,"[[[27, 473], [41, 473]], [], [true, true]]",
12935,q,a,cx_stage1,,"[[[27, 477], [41, 477]], [], [true, true]]",
12936,q,a,cx_stage2,,"[[[27, 477], [41, 477]], [], [true, true]]",
12937,q,a,cx_stage3,,"[[[27, 477], [41, 477]], [], [true, true]]",
12938,q,a,cx_stage1,,"[[[27, 480], [42, 480]], [], [true, true]]",
12939,q,a,cx_stage2,,"[[[27, 480], [42, 480]], [], [true, true]]",
12940,q,a,cx_stage3,,"[[[27, 480], [42, 480]], [], [true, true]]",
12941,q,a,cx_stage1,,"[[[27, 484], [42, 484]], [], [true, true]]",
12942,q,a,cx_stage2,,"[[[27, 484], [42, 484]], [], [true, true]]",
12943,q,a,cx_stage3,,"[[[27, 484], [42, 484]], [], [true, true]]",
12944,q,a,cx_stage1,,"[[[27, 487], [43, 487]], [], [true, true]]",
12945,q,a,cx_stage2,,"[[[27, 487], [43, 487]], [], [true, true]]",
12946,q,a,cx_stage3,,"[[[27, 487], [43, 487]], [], [true, true]]",
12947,q,a,cx_stage1,,"[[[27, 491], [43, 491]], [], [true, true]]",
12948,q,a,cx_stage2,,"[[[27, 491], [43, 491]], [], [true, true]]",
12949,q,a,cx_stage3,,"[[[27, 491], [43, 491]], [], [true, true]]",
12950,q,a,cx_stage1,,"[[[27, 494], [44, 494]], [], [true, true]]",
12951,q,a,cx_stage2,,"[[[27, 494], [44, 494]], [], [true, true]]",
12952,q,a,cx_stage3,,"[[[27, 494], [44, 494]], [], [true, true]]",
12953,q,a,cx_stage1,,"[[[27, 498], [44, 498]], [], [true, true]]",
12954,q,a,cx_stage2,,"[[[27, 498], [44, 498]], [], [true, true]]",
12955,q,a,cx_stage3,,"[[[27, 498], [44, 498]], [], [true, true]]",
12956,q,a,cx_stage1,,"[[[27, 501], [45, 501]], [], [true, true]]",
12957,q,a,cx_stage2,,"[[[27, 501], [45, 501]], [], [true, true]]",
12958,q,a,cx_stage3,,"[[[27, 501], [45, 501]], [], [true, true]]",
12959,q,a,cx_stage1,,"[[[27, 505], [45, 505]], [], [true, true]]",
12960,q,a,cx_stage2,,"[[[27, 505], [45, 505]], [], [true, true]]",
12961,q,a,cx_stage3,,"[[[27, 505], [45, 505]], [], [true, true]]",
12962,q,a,cx_stage1,,"[[[27, 508], [46, 508]], [], [true, true]]",
12963,q,a,cx_stage2,,"[[[27, 508], [46, 508]], [], [true, true]]",
12964,q,a,cx_stage3,,"[[[27, 508], [46, 508]], [], [true, true]]",
12965,q,a,cx_stage1,,"[[[27, 512], [46, 512]], [], [true, true]]",
12966,q,a,cx_stage2,,"[[[27, 512], [46, 512]], [], [true, true]]",
12967,q,a,cx_stage3,,"[[[27, 512], [46, 512]], [], [true, true]]",
12968,q,a,cx_stage1,,"[[[27, 515], [47, 515]], [], [true, true]]",
12969,q,a,cx_stage2,,"[[[27, 515], [47, 515]], [], [true, true]]",
12970,q,a,cx_stage3,,"[[[27, 515], [47, 515]], [], [true, true]]",
12971,q,a,cx_stage1,,"[[[27, 519], [47, 519]], [], [true, true]]",
12972,q,a,cx_stage2,,"[[[27, 519], [47, 519]], [], [true, true]]",
12973,q,a,cx_stage3,,"[[[27, 519], [47, 519]], [], [true, true]]",
12974,q,a,cx_stage1,,"[[[27, 522], [48, 522]], [], [true, true]]",
12975,q,a,cx_stage2,,"[[[27, 522], [48, 522]], [], [true, true]]",
12976,q,a,cx_stage3,,"[[[27, 522], [48, 522]], [], [true, true]]",
12977,q,a,cx_stage1,,"[[[27, 526], [48, 526]], [], [true, true]]",
12978,q,a,cx_stage2,,"[[[27, 526], [48, 526]], [], [true, true]]",
12979,q,a,cx_stage3,,"[[[27, 526], [48, 526]], [], [true, true]]",
12980,q,a,cx_stage1,,"[[[27, 529], [49, 529]], [], [true, true]]",
12981,q,a,cx_stage2,,"[[[27, 529], [49, 529]], [], [true, true]]",
12982,q,a,cx_stage3,,"[[[27, 529], [49, 529]], [], [true, true]]",
12983,q,a,cx_stage1,,"[[[27, 533], [49, 533]], [], [true, true]]",
12984,q,a,cx_stage2,,"[[[27, 533], [49, 533]], [], [true, true]]",
12985,q,a,cx_stage3,,"[[[27, 533], [49, 533]], [], [true, true]]",
12986,q,a,cx_stage1,,"[[[27, 536], [50, 536]], [], [true, true]]",
12987,q,a,cx_stage2,,"[[[27, 536], [50, 536]], [], [true, true]]",
12988,q,a,cx_stage3,,"[[[27, 536], [50, 536]], [], [true, true]]",
12989,q,a,cx_stage1,,"[[[27, 540], [50, 540]], [], [true, true]]",
12990,q,a,cx_stage2,,"[[[27, 540], [50, 540]], [], [true, true]]",
12991,q,a,cx_stage3,,"[[[27, 540], [50, 540]], [], [true, true]]",
12992,q,a,cx_stage1,,"[[[27, 543], [51, 543]], [], [true, true]]",
12993,q,a,cx_stage2,,"[[[27, 543], [51, 543]], [], [true, true]]",
12994,q,a,cx_stage3,,"[[[27, 543], [51, 543]], [], [true, true]]",
12995,q,a,cx_stage1,,"[[[27, 547], [51, 547]], [], [true, true]]",
12996,q,a,cx_stage2,,"[[[27, 547], [51, 547]], [], [true, true]]",
12997,q,a,cx_stage3,,"[[[27, 547], [51, 547]], [], [true, true]]",
12998,q,a,cx_stage1,,"[[[27, 550], [52, 550]], [], [true, true]]",
12999,q,a,cx_stage2,,"[[[27, 550], [52, 550]], [], [true, true]]",
13000,q,a,cx_stage3,,"[[[27, 550], [52, 550]], [], [true, true]]",
13001,q,a,cx_stage1,,"[[[27, 554], [52, 554]], [], [true, true]]",
13002,q,a,cx_stage2,,"[[[27, 554], [52, 554]], [], [true, true]]",
13003,q,a,cx_stage3,,"[[[27, 554], [52, 554]], [], [true, true]]",
13004,q,a,cx_stage1,,"[[[27, 557], [53, 557]], [], [true, true]]",
13005,q,a,cx_stage2,,"[[[27, 557], [53, 557]], [], [true, true]]",
13006,q,a,cx_stage3,,"[[[27, 557], [53, 557]], [], [true, true]]",
13007,q,a,cx_stage1,,"[[[27, 561], [53, 561]], [], [true, true]]",
13008,q,a,cx_stage2,,"[[[27, 561], [53, 561]], [], [true, true]]",
13009,q,a,cx_stage3,,"[[[27, 561], [53, 561]], [], [true, true]]",
13010,q,a,cx_stage1,,"[[[27, 564], [54, 564]], [], [true, true]]",
13011,q,a,cx_stage2,,"[[[27, 564], [54, 564]], [], [true, true]]",
13012,q,a,cx_stage3,,"[[[27, 564], [54, 564]], [], [true, true]]",
13013,q,a,cx_stage1,,"[[[27, 568], [54, 568]], [], [true, true]]",
13014,q,a,cx_stage2,,"[[[27, 568], [54, 568]], [], [true, true]]",
13015,q,a,cx_stage3,,"[[[27, 568], [54, 568]], [], [true, true]]",
13016,q,a,cx_stage1,,"[[[27, 571], [55, 571]], [], [true, true]]",
13017,q,a,cx_stage2,,"[[[27, 571], [55, 571]], [], [true, true]]",
13018,q,a,cx_stage3,,"[[[27, 571], [55, 571]], [], [true, true]]",
13019,q,a,cx_stage1,,"[[[27, 575], [55, 575]], [], [true, true]]",
13020,q,a,cx_stage2,,"[[[27, 575], [55, 575]], [], [true, true]]",
13021,q,a,cx_stage3,,"[[[27, 575], [55, 575]], [], [true, true]]",
13022,q,a,u2,,"[[[27, 576]], [], [true]]",
13023,q,a,cx_stage1,,"[[[0, 579], [27, 579]], [], [true, true]]",
13024,q,a,cx_stage3,,"[[[0, 579], [27, 579]], [], [true, true]]",
13025,q,a,p,,"[[[27, 580]], [], [true]]",
13026,q,a,cx_stage1,,"[[[0, 583], [27, 583]], [], [true, true]]",
13027,q,a,cx_stage3,,"[[[0, 583], [27, 583]], [], [true, true]]",
13028,q,a,cx_stage1,,"[[[1, 586], [27, 586]], [], [true, true]]",
13029,q,a,cx_stage3,,"[[[1, 586], [27, 586]], [], [true, true]]",
13030,q,a,p,,"[[[27, 587]], [], [true]]",
13031,q,a,cx_stage1,,"[[[1, 590], [27, 590]], [], [true, true]]",
13032,q,a,cx_stage3,,"[[[1, 590], [27, 590]], [], [true, true]]",
13033,q,a,cx_stage1,,"[[[2, 593], [27, 593]], [], [true, true]]",
13034,q,a,cx_stage2,,"[[[2, 593], [27, 593]], [], [true, true]]",
13035,q,a,cx_stage3,,"[[[2, 593], [27, 593]], [], [true, true]]",
13036,q,a,p,,"[[[27, 594]], [], [true]]",
13037,q,a,cx_stage1,,"[[[2, 597], [27, 597]], [], [true, true]]",
13038,q,a,cx_stage2,,"[[[2, 597], [27, 597]], [], [true, true]]",
13039,q,a,cx_stage3,,"[[[2, 597], [27, 597]], [], [true, true]]",
13040,q,a,cx_stage1,,"[[[3, 600], [27, 600]], [], [true, true]]",
13041,q,a,cx_stage2,,"[[[3, 600], [27, 600]], [], [true, true]]",
13042,q,a,cx_stage3,,"[[[3, 600], [27, 600]], [], [true, true]]",
13043,q,a,p,,"[[[27, 601]], [], [true]]",
13044,q,a,cx_stage1,,"[[[3, 604], [27, 604]], [], [true, true]]",
13045,q,a,cx_stage2,,"[[[3, 604], [27, 604]], [], [true, true]]",
13046,q,a,cx_stage3,,"[[[3, 604], [27, 604]], [], [true, true]]",
13047,q,a,cx_stage1,,"[[[4, 607], [27, 607]], [], [true, true]]",
13048,q,a,cx_stage2,,"[[[4, 607], [27, 607]], [], [true, true]]",
13049,q,a,cx_stage3,,"[[[4, 607], [27, 607]], [], [true, true]]",
13050,q,a,p,,"[[[27, 608]], [], [true]]",
13051,q,a,cx_stage1,,"[[[4, 611], [27, 611]], [], [true, true]]",
13052,q,a,cx_stage2,,"[[[4, 611], [27, 611]], [], [true, true]]",
13053,q,a,cx_stage3,,"[[[4, 611], [27, 611]], [], [true, true]]",
13054,q,a,cx_stage1,,"[[[5, 614], [27, 614]], [], [true, true]]",
13055,q,a,cx_stage2,,"[[[5, 614], [27, 614]], [], [true, true]]",
13056,q,a,cx_stage3,,"[[[5, 614], [27, 614]], [], [true, true]]",
13057,q,a,p,,"[[[27, 615]], [], [true]]",
13058,q,a,cx_stage1,,"[[[5, 618], [27, 618]], [], [true, true]]",
13059,q,a,cx_stage2,,"[[[5, 618], [27, 618]], [], [true, true]]",
13060,q,a,cx_stage3,,"[[[5, 618], [27, 618]], [], [true, true]]",
13061,q,a,cx_stage1,,"[[[6, 621], [27, 621]], [], [true, true]]",
13062,q,a,cx_stage2,,"[[[6, 621], [27, 621]], [], [true, true]]",
13063,q,a,cx_stage3,,"[[[6, 621], [27, 621]], [], [true, true]]",
13064,q,a,p,,"[[[27, 622]], [], [true]]",
13065,q,a,cx_stage1,,"[[[6, 625], [27, 625]], [], [true, true]]",
13066,q,a,cx_stage2,,"[[[6, 625], [27, 625]], [], [true, true]]",
13067,q,a,cx_stage3,,"[[[6, 625], [27, 625]], [], [true, true]]",
13068,q,a,cx_stage1,,"[[[7, 628], [27, 628]], [], [true, true]]",
13069,q,a,cx_stage2,,"[[[7, 628], [27, 628]], [], [true, true]]",
13070,q,a,cx_stage3,,"[[[7, 628], [27, 628]], [], [true, true]]",
13071,q,a,p,,"[[[27, 629]], [], [true]]",
13072,q,a,cx_stage1,,"[[[7, 632], [27, 632]], [], [true, true]]",
13073,q,a,cx_stage2,,"[[[7, 632], [27, 632]], [], [true, true]]",
13074,q,a,cx_stage3,,"[[[7, 632], [27, 632]], [], [true, true]]",
13075,q,a,cx_stage1,,"[[[8, 635], [27, 635]], [], [true, true]]",
13076,q,a,cx_stage2,,"[[[8, 635], [27, 635]], [], [true, true]]",
13077,q,a,cx_stage3,,"[[[8, 635], [27, 635]], [], [true, true]]",
13078,q,a,p,,"[[[27, 636]], [], [true]]",
13079,q,a,cx_stage1,,"[[[8, 639], [27, 639]], [], [true, true]]",
13080,q,a,cx_stage2,,"[[[8, 639], [27, 639]], [], [true, true]]",
13081,q,a,cx_stage3,,"[[[8, 639], [27, 639]], [], [true, true]]",
13082,q,a,cx_stage1,,"[[[9, 642], [27, 642]], [], [true, true]]",
13083,q,a,cx_stage2,,"[[[9, 642], [27, 642]], [], [true, true]]",
13084,q,a,cx_stage3,,"[[[9, 642], [27, 642]], [], [true, true]]",
13085,q,a,p,,"[[[27, 643]], [], [true]]",
13086,q,a,cx_stage1,,"[[[9, 646], [27, 646]], [], [true, true]]",
13087,q,a,cx_stage2,,"[[[9, 646], [27, 646]], [], [true, true]]",
13088,q,a,cx_stage3,,"[[[9, 646], [27, 646]], [], [true, true]]",
13089,q,a,cx_stage1,,"[[[10, 649], [27, 649]], [], [true, true]]",
13090,q,a,cx_stage3,,"[[[10, 649], [27, 649]], [], [true, true]]",
13091,q,a,p,,"[[[27, 650]], [], [true]]",
13092,q,a,cx_stage1,,"[[[10, 653], [27, 653]], [], [true, true]]",
13093,q,a,cx_stage3,,"[[[10, 653], [27, 653]], [], [true, true]]",
13094,q,a,cx_stage1,,"[[[11, 656], [27, 656]], [], [true, true]]",
13095,q,a,cx_stage3,,"[[[11, 656], [27, 656]], [], [true, true]]",
13096,q,a,p,,"[[[27, 657]], [], [true]]",
13097,q,a,cx_stage1,,"[[[11, 660], [27, 660]], [], [true, true]]",
13098,q,a,cx_stage3,,"[[[11, 660], [27, 660]], [], [true, true]]",
13099,q,a,cx_stage1,,"[[[12, 663], [27, 663]], [], [true, true]]",
13100,q,a,cx_stage3,,"[[[12, 663], [27, 663]], [], [true, true]]",
13101,q,a,p,,"[[[27, 664]], [], [true]]",
13102,q,a,cx_stage1,,"[[[12, 667], [27, 667]], [], [true, true]]",
13103,q,a,cx_stage3,,"[[[12, 667], [27, 667]], [], [true, true]]",
13104,q,a,cx_stage1,,"[[[13, 670], [27, 670]], [], [true, true]]",
13105,q,a,cx_stage3,,"[[[13, 670], [27, 670]], [], [true, true]]",
13106,q,a,p,,"[[[27, 671]], [], [true]]",
13107,q,a,cx_stage1,,"[[[13, 674], [27, 674]], [], [true, true]]",
13108,q,a,cx_stage3,,"[[[13, 674], [27, 674]], [], [true, true]]",
13109,q,a,cx_stage1,,"[[[14, 677], [27, 677]], [], [true, true]]",
13110,q,a,cx_stage3,,"[[[14, 677], [27, 677]], [], [true, true]]",
13111,q,a,p,,"[[[27, 678]], [], [true]]",
13112,q,a,cx_stage1,,"[[[14, 681], [27, 681]], [], [true, true]]",
13113,q,a,cx_stage3,,"[[[14, 681], [27, 681]], [], [true, true]]",
13114,q,a,cx_stage1,,"[[[15, 684], [27, 684]], [], [true, true]]",
13115,q,a,cx_stage3,,"[[[15, 684], [27, 684]], [], [true, true]]",
13116,q,a,p,,"[[[27, 685]], [], [true]]",
13117,q,a,cx_stage1,,"[[[15, 688], [27, 688]], [], [true, true]]",
13118,q,a,cx_stage3,,"[[[15, 688], [27, 688]], [], [true, true]]",
13119,q,a,cx_stage1,,"[[[16, 691], [27, 691]], [], [true, true]]",
13120,q,a,cx_stage3,,"[[[16, 691], [27, 691]], [], [true, true]]",
13121,q,a,p,,"[[[27, 692]], [], [true]]",
13122,q,a,cx_stage1,,"[[[16, 695], [27, 695]], [], [true, true]]",
13123,q,a,cx_stage3,,"[[[16, 695], [27, 695]], [], [true, true]]",
13124,q,a,cx_stage1,,"[[[17, 698], [27, 698]], [], [true, true]]",
13125,q,a,cx_stage3,,"[[[17, 698], [27, 698]], [], [true, true]]",
13126,q,a,p,,"[[[27, 699]], [], [true]]",
13127,q,a,cx_stage1,,"[[[17, 702], [27, 702]], [], [true, true]]",
13128,q,a,cx_stage3,,"[[[17, 702], [27, 702]], [], [true, true]]",
13129,q,a,cx_stage1,,"[[[18, 705], [27, 705]], [], [true, true]]",
13130,q,a,cx_stage3,,"[[[18, 705], [27, 705]], [], [true, true]]",
13131,q,a,p,,"[[[27, 706]], [], [true]]",
13132,q,a,cx_stage1,,"[[[18, 709], [27, 709]], [], [true, true]]",
13133,q,a,cx_stage3,,"[[[18, 709], [27, 709]], [], [true, true]]",
13134,q,a,cx_stage1,,"[[[19, 712], [27, 712]], [], [true, true]]",
13135,q,a,cx_stage3,,"[[[19, 712], [27, 712]], [], [true, true]]",
13136,q,a,p,,"[[[27, 713]], [], [true]]",
13137,q,a,cx_stage1,,"[[[19, 716], [27, 716]], [], [true, true]]",
13138,q,a,cx_stage3,,"[[[19, 716], [27, 716]], [], [true, true]]",
13139,q,a,cx_stage1,,"[[[20, 719], [27, 719]], [], [true, true]]",
13140,q,a,cx_stage3,,"[[[20, 719], [27, 719]], [], [true, true]]",
13141,q,a,p,,"[[[27, 720]], [], [true]]",
13142,q,a,cx_stage1,,"[[[20, 723], [27, 723]], [], [true, true]]",
13143,q,a,cx_stage3,,"[[[20, 723], [27, 723]], [], [true, true]]",
13144,q,a,cx_stage1,,"[[[21, 726], [27, 726]], [], [true, true]]",
13145,q,a,cx_stage3,,"[[[21, 726], [27, 726]], [], [true, true]]",
13146,q,a,p,,"[[[27, 727]], [], [true]]",
13147,q,a,cx_stage1,,"[[[21, 730], [27, 730]], [], [true, true]]",
13148,q,a,cx_stage3,,"[[[21, 730], [27, 730]], [], [true, true]]",
13149,q,a,cx_stage1,,"[[[22, 733], [27, 733]], [], [true, true]]",
13150,q,a,cx_stage3,,"[[[22, 733], [27, 733]], [], [true, true]]",
13151,q,a,p,,"[[[27, 734]], [], [true]]",
13152,q,a,cx_stage1,,"[[[22, 737], [27, 737]], [], [true, true]]",
13153,q,a,cx_stage3,,"[[[22, 737], [27, 737]], [], [true, true]]",
13154,q,a,cx_stage1,,"[[[23, 740], [27, 740]], [], [true, true]]",
13155,q,a,cx_stage3,,"[[[23, 740], [27, 740]], [], [true, true]]",
13156,q,a,p,,"[[[27, 741]], [], [true]]",
13157,q,a,cx_stage1,,"[[[23, 744], [27, 744]], [], [true, true]]",
13158,q,a,cx_stage3,,"[[[23, 744], [27, 744]], [], [true, true]]",
13159,q,a,cx_stage1,,"[[[24, 747], [27, 747]], [], [true, true]]",
13160,q,a,cx_stage3,,"[[[24, 747], [27, 747]], [], [true, true]]",
13161,q,a,p,,"[[[27, 748]], [], [true]]",
13162,q,a,cx_stage1,,"[[[24, 751], [27, 751]], [], [true, true]]",
13163,q,a,cx_stage3,,"[[[24, 751], [27, 751]], [], [true, true]]",
13164,q,a,cx_stage1,,"[[[25, 754], [27, 754]], [], [true, true]]",
13165,q,a,cx_stage3,,"[[[25, 754], [27, 754]], [], [true, true]]",
13166,q,a,p,,"[[[27, 755]], [], [true]]",
13167,q,a,cx_stage1,,"[[[25, 758], [27, 758]], [], [true, true]]",
13168,q,a,cx_stage3,,"[[[25, 758], [27, 758]], [], [true, true]]",
13169,q,a,cx_stage1,,"[[[26, 761], [27, 761]], [], [true, true]]",
13170,q,a,cx_stage3,,"[[[26, 761], [27, 761]], [], [true, true]]",
13171,q,a,p,,"[[[27, 762]], [], [true]]",
13172,q,a,cx_stage1,,"[[[26, 765], [27, 765]], [], [true, true]]",
13173,q,a,cx_stage3,,"[[[26, 765], [27, 765]], [], [true, true]]",
13174,q,a,cx_stage1,,"[[[27, 775], [28, 775]], [], [true, true]]",
13175,q,a,cx_stage2,,"[[[27, 775], [28, 775]], [], [true, true]]",
13176,q,a,cx_stage3,,"[[[27, 775], [28, 775]], [], [true, true]]",
13177,q,a,cx_stage1,,"[[[27, 779], [28, 779]], [], [true, true]]",
13178,q,a,cx_stage2,,"[[[27, 779], [28, 779]], [], [true, true]]",
13179,q,a,cx_stage3,,"[[[27, 779], [28, 779]], [], [true, true]]",
13180,q,a,cx_stage1,,"[[[27, 782], [29, 782]], [], [true, true]]",
13181,q,a,cx_stage2,,"[[[27, 782], [29, 782]], [], [true, true]]",
13182,q,a,cx_stage3,,"[[[27, 782], [29, 782]], [], [true, true]]",
13183,q,a,cx_stage1,,"[[[27, 786], [29, 786]], [], [true, true]]",
13184,q,a,cx_stage2,,"[[[27, 786], [29, 786]], [], [true, true]]",
13185,q,a,cx_stage3,,"[[[27, 786], [29, 786]], [], [true, true]]",
13186,q,a,cx_stage1,,"[[[27, 789], [30, 789]], [], [true, true]]",
13187,q,a,cx_stage2,,"[[[27, 789], [30, 789]], [], [true, true]]",
13188,q,a,cx_stage3,,"[[[27, 789], [30, 789]], [], [true, true]]",
13189,q,a,cx_stage1,,"[[[27, 793], [30, 793]], [], [true, true]]",
13190,q,a,cx_stage2,,"[[[27, 793], [30, 793]], [], [true, true]]",
13191,q,a,cx_stage3,,"[[[27, 793], [30, 793]], [], [true, true]]",
13192,q,a,cx_stage1,,"[[[27, 796], [31, 796]], [], [true, true]]",
13193,q,a,cx_stage2,,"[[[27, 796], [31, 796]], [], [true, true]]",
13194,q,a,cx_stage3,,"[[[27, 796], [31, 796]], [], [true, true]]",
13195,q,a,cx_stage1,,"[[[27, 800], [31, 800]], [], [true, true]]",
13196,q,a,cx_stage2,,"[[[27, 800], [31, 800]], [], [true, true]]",
13197,q,a,cx_stage3,,"[[[27, 800], [31, 800]], [], [true, true]]",
13198,q,a,cx_stage1,,"[[[27, 803], [32, 803]], [], [true, true]]",
13199,q,a,cx_stage2,,"[[[27, 803], [32, 803]], [], [true, true]]",
13200,q,a,cx_stage3,,"[[[27, 803], [32, 803]], [], [true, true]]",
13201,q,a,cx_stage1,,"[[[27, 807], [32, 807]], [], [true, true]]",
13202,q,a,cx_stage2,,"[[[27, 807], [32, 807]], [], [true, true]]",
13203,q,a,cx_stage3,,"[[[27, 807], [32, 807]], [], [true, true]]",
13204,q,a,cx_stage1,,"[[[27, 810], [33, 810]], [], [true, true]]",
13205,q,a,cx_stage2,,"[[[27, 810], [33, 810]], [], [true, true]]",
13206,q,a,cx_stage3,,"[[[27, 810], [33, 810]], [], [true, true]]",
13207,q,a,cx_stage1,,"[[[27, 814], [33, 814]], [], [true, true]]",
13208,q,a,cx_stage2,,"[[[27, 814], [33, 814]], [], [true, true]]",
13209,q,a,cx_stage3,,"[[[27, 814], [33, 814]], [], [true, true]]",
13210,q,a,cx_stage1,,"[[[27, 817], [34, 817]], [], [true, true]]",
13211,q,a,cx_stage2,,"[[[27, 817], [34, 817]], [], [true, true]]",
13212,q,a,cx_stage3,,"[[[27, 817], [34, 817]], [], [true, true]]",
13213,q,a,cx_stage1,,"[[[27, 821], [34, 821]], [], [true, true]]",
13214,q,a,cx_stage2,,"[[[27, 821], [34, 821]], [], [true, true]]",
13215,q,a,cx_stage3,,"[[[27, 821], [34, 821]], [], [true, true]]",
13216,q,a,cx_stage1,,"[[[27, 824], [35, 824]], [], [true, true]]",
13217,q,a,cx_stage2,,"[[[27, 824], [35, 824]], [], [true, true]]",
13218,q,a,cx_stage3,,"[[[27, 824], [35, 824]], [], [true, true]]",
13219,q,a,cx_stage1,,"[[[27, 828], [35, 828]], [], [true, true]]",
13220,q,a,cx_stage2,,"[[[27, 828], [35, 828]], [], [true, true]]",
13221,q,a,cx_stage3,,"[[[27, 828], [35, 828]], [], [true, true]]",
13222,q,a,cx_stage1,,"[[[27, 831], [36, 831]], [], [true, true]]",
13223,q,a,cx_stage2,,"[[[27, 831], [36, 831]], [], [true, true]]",
13224,q,a,cx_stage3,,"[[[27, 831], [36, 831]], [], [true, true]]",
13225,q,a,cx_stage1,,"[[[27, 835], [36, 835]], [], [true, true]]",
13226,q,a,cx_stage2,,"[[[27, 835], [36, 835]], [], [true, true]]",
13227,q,a,cx_stage3,,"[[[27, 835], [36, 835]], [], [true, true]]",
13228,q,a,cx_stage1,,"[[[27, 838], [37, 838]], [], [true, true]]",
13229,q,a,cx_stage2,,"[[[27, 838], [37, 838]], [], [true, true]]",
13230,q,a,cx_stage3,,"[[[27, 838], [37, 838]], [], [true, true]]",
13231,q,a,cx_stage1,,"[[[27, 842], [37, 842]], [], [true, true]]",
13232,q,a,cx_stage2,,"[[[27, 842], [37, 842]], [], [true, true]]",
13233,q,a,cx_stage3,,"[[[27, 842], [37, 842]], [], [true, true]]",
13234,q,a,cx_stage1,,"[[[27, 845], [38, 845]], [], [true, true]]",
13235,q,a,cx_stage2,,"[[[27, 845], [38, 845]], [], [true, true]]",
13236,q,a,cx_stage3,,"[[[27, 845], [38, 845]], [], [true, true]]",
13237,q,a,cx_stage1,,"[[[27, 849], [38, 849]], [], [true, true]]",
13238,q,a,cx_stage2,,"[[[27, 849], [38, 849]], [], [true, true]]",
13239,q,a,cx_stage3,,"[[[27, 849], [38, 849]], [], [true, true]]",
13240,q,a,cx_stage1,,"[[[27, 852], [39, 852]], [], [true, true]]",
13241,q,a,cx_stage2,,"[[[27, 852], [39, 852]], [], [true, true]]",
13242,q,a,cx_stage3,,"[[[27, 852], [39, 852]], [], [true, true]]",
13243,q,a,cx_stage1,,"[[[27, 856], [39, 856]], [], [true, true]]",
13244,q,a,cx_stage2,,"[[[27, 856], [39, 856]], [], [true, true]]",
13245,q,a,cx_stage3,,"[[[27, 856], [39, 856]], [], [true, true]]",
13246,q,a,cx_stage1,,"[[[27, 859], [40, 859]], [], [true, true]]",
13247,q,a,cx_stage2,,"[[[27, 859], [40, 859]], [], [true, true]]",
13248,q,a,cx_stage3,,"[[[27, 859], [40, 859]], [], [true, true]]",
13249,q,a,cx_stage1,,"[[[27, 863], [40, 863]], [], [true, true]]",
13250,q,a,cx_stage2,,"[[[27, 863], [40, 863]], [], [true, true]]",
13251,q,a,cx_stage3,,"[[[27, 863], [40, 863]], [], [true, true]]",
13252,q,a,cx_stage1,,"[[[27, 866], [41, 866]], [], [true, true]]",
13253,q,a,cx_stage2,,"[[[27, 866], [41, 866]], [], [true, true]]",
13254,q,a,cx_stage3,,"[[[27, 866], [41, 866]], [], [true, true]]",
13255,q,a,cx_stage1,,"[[[27, 870], [41, 870]], [], [true, true]]",
13256,q,a,cx_stage2,,"[[[27, 870], [41, 870]], [], [true, true]]",
13257,q,a,cx_stage3,,"[[[27, 870], [41, 870]], [], [true, true]]",
13258,q,a,cx_stage1,,"[[[27, 873], [42, 873]], [], [true, true]]",
13259,q,a,cx_stage2,,"[[[27, 873], [42, 873]], [], [true, true]]",
13260,q,a,cx_stage3,,"[[[27, 873], [42, 873]], [], [true, true]]",
13261,q,a,cx_stage1,,"[[[27, 877], [42, 877]], [], [true, true]]",
13262,q,a,cx_stage2,,"[[[27, 877], [42, 877]], [], [true, true]]",
13263,q,a,cx_stage3,,"[[[27, 877], [42, 877]], [], [true, true]]",
13264,q,a,cx_stage1,,"[[[27, 880], [43, 880]], [], [true, true]]",
13265,q,a,cx_stage2,,"[[[27, 880], [43, 880]], [], [true, true]]",
13266,q,a,cx_stage3,,"[[[27, 880], [43, 880]], [], [true, true]]",
13267,q,a,cx_stage1,,"[[[27, 884], [43, 884]], [], [true, true]]",
13268,q,a,cx_stage2,,"[[[27, 884], [43, 884]], [], [true, true]]",
13269,q,a,cx_stage3,,"[[[27, 884], [43, 884]], [], [true, true]]",
13270,q,a,cx_stage1,,"[[[27, 887], [44, 887]], [], [true, true]]",
13271,q,a,cx_stage2,,"[[[27, 887], [44, 887]], [], [true, true]]",
13272,q,a,cx_stage3,,"[[[27, 887], [44, 887]], [], [true, true]]",
13273,q,a,cx_stage1,,"[[[27, 891], [44, 891]], [], [true, true]]",
13274,q,a,cx_stage2,,"[[[27, 891], [44, 891]], [], [true, true]]",
13275,q,a,cx_stage3,,"[[[27, 891], [44, 891]], [], [true, true]]",
13276,q,a,cx_stage1,,"[[[27, 894], [45, 894]], [], [true, true]]",
13277,q,a,cx_stage2,,"[[[27, 894], [45, 894]], [], [true, true]]",
13278,q,a,cx_stage3,,"[[[27, 894], [45, 894]], [], [true, true]]",
13279,q,a,cx_stage1,,"[[[27, 898], [45, 898]], [], [true, true]]",
13280,q,a,cx_stage2,,"[[[27, 898], [45, 898]], [], [true, true]]",
13281,q,a,cx_stage3,,"[[[27, 898], [45, 898]], [], [true, true]]",
13282,q,a,cx_stage1,,"[[[27, 901], [46, 901]], [], [true, true]]",
13283,q,a,cx_stage2,,"[[[27, 901], [46, 901]], [], [true, true]]",
13284,q,a,cx_stage3,,"[[[27, 901], [46, 901]], [], [true, true]]",
13285,q,a,cx_stage1,,"[[[27, 905], [46, 905]], [], [true, true]]",
13286,q,a,cx_stage2,,"[[[27, 905], [46, 905]], [], [true, true]]",
13287,q,a,cx_stage3,,"[[[27, 905], [46, 905]], [], [true, true]]",
13288,q,a,cx_stage1,,"[[[27, 908], [47, 908]], [], [true, true]]",
13289,q,a,cx_stage2,,"[[[27, 908], [47, 908]], [], [true, true]]",
13290,q,a,cx_stage3,,"[[[27, 908], [47, 908]], [], [true, true]]",
13291,q,a,cx_stage1,,"[[[27, 912], [47, 912]], [], [true, true]]",
13292,q,a,cx_stage2,,"[[[27, 912], [47, 912]], [], [true, true]]",
13293,q,a,cx_stage3,,"[[[27, 912], [47, 912]], [], [true, true]]",
13294,q,a,cx_stage1,,"[[[27, 915], [48, 915]], [], [true, true]]",
13295,q,a,cx_stage2,,"[[[27, 915], [48, 915]], [], [true, true]]",
13296,q,a,cx_stage3,,"[[[27, 915], [48, 915]], [], [true, true]]",
13297,q,a,cx_stage1,,"[[[27, 919], [48, 919]], [], [true, true]]",
13298,q,a,cx_stage2,,"[[[27, 919], [48, 919]], [], [true, true]]",
13299,q,a,cx_stage3,,"[[[27, 919], [48, 919]], [], [true, true]]",
13300,q,a,cx_stage1,,"[[[27, 922], [49, 922]], [], [true, true]]",
13301,q,a,cx_stage2,,"[[[27, 922], [49, 922]], [], [true, true]]",
13302,q,a,cx_stage3,,"[[[27, 922], [49, 922]], [], [true, true]]",
13303,q,a,cx_stage1,,"[[[27, 926], [49, 926]], [], [true, true]]",
13304,q,a,cx_stage2,,"[[[27, 926], [49, 926]], [], [true, true]]",
13305,q,a,cx_stage3,,"[[[27, 926], [49, 926]], [], [true, true]]",
13306,q,a,cx_stage1,,"[[[27, 929], [50, 929]], [], [true, true]]",
13307,q,a,cx_stage2,,"[[[27, 929], [50, 929]], [], [true, true]]",
13308,q,a,cx_stage3,,"[[[27, 929], [50, 929]], [], [true, true]]",
13309,q,a,cx_stage1,,"[[[27, 933], [50, 933]], [], [true, true]]",
13310,q,a,cx_stage2,,"[[[27, 933], [50, 933]], [], [true, true]]",
13311,q,a,cx_stage3,,"[[[27, 933], [50, 933]], [], [true, true]]",
13312,q,a,cx_stage1,,"[[[27, 936], [51, 936]], [], [true, true]]",
13313,q,a,cx_stage2,,"[[[27, 936], [51, 936]], [], [true, true]]",
13314,q,a,cx_stage3,,"[[[27, 936], [51, 936]], [], [true, true]]",
13315,q,a,cx_stage1,,"[[[27, 940], [51, 940]], [], [true, true]]",
13316,q,a,cx_stage2,,"[[[27, 940], [51, 940]], [], [true, true]]",
13317,q,a,cx_stage3,,"[[[27, 940], [51, 940]], [], [true, true]]",
13318,q,a,cx_stage1,,"[[[27, 943], [52, 943]], [], [true, true]]",
13319,q,a,cx_stage2,,"[[[27, 943], [52, 943]], [], [true, true]]",
13320,q,a,cx_stage3,,"[[[27, 943], [52, 943]], [], [true, true]]",
13321,q,a,cx_stage1,,"[[[27, 947], [52, 947]], [], [true, true]]",
13322,q,a,cx_stage2,,"[[[27, 947], [52, 947]], [], [true, true]]",
13323,q,a,cx_stage3,,"[[[27, 947], [52, 947]], [], [true, true]]",
13324,q,a,cx_stage1,,"[[[27, 950], [53, 950]], [], [true, true]]",
13325,q,a,cx_stage2,,"[[[27, 950], [53, 950]], [], [true, true]]",
13326,q,a,cx_stage3,,"[[[27, 950], [53, 950]], [], [true, true]]",
13327,q,a,cx_stage1,,"[[[27, 954], [53, 954]], [], [true, true]]",
13328,q,a,cx_stage2,,"[[[27, 954], [53, 954]], [], [true, true]]",
13329,q,a,cx_stage3,,"[[[27, 954], [53, 954]], [], [true, true]]",
13330,q,a,cx_stage1,,"[[[27, 957], [54, 957]], [], [true, true]]",
13331,q,a,cx_stage2,,"[[[27, 957], [54, 957]], [], [true, true]]",
13332,q,a,cx_stage3,,"[[[27, 957], [54, 957]], [], [true, true]]",
13333,q,a,cx_stage1,,"[[[27, 961], [54, 961]], [], [true, true]]",
13334,q,a,cx_stage2,,"[[[27, 961], [54, 961]], [], [true, true]]",
13335,q,a,cx_stage3,,"[[[27, 961], [54, 961]], [], [true, true]]",
13336,q,a,cx_stage1,,"[[[27, 964], [55, 964]], [], [true, true]]",
13337,q,a,cx_stage2,,"[[[27, 964], [55, 964]], [], [true, true]]",
13338,q,a,cx_stage3,,"[[[27, 964], [55, 964]], [], [true, true]]",
13339,q,a,cx_stage1,,"[[[27, 968], [55, 968]], [], [true, true]]",
13340,q,a,cx_stage2,,"[[[27, 968], [55, 968]], [], [true, true]]",
13341,q,a,cx_stage3,,"[[[27, 968], [55, 968]], [], [true, true]]",
13342,q,a,ry,,"[[[27, 969]], [], [true]]",
13343,q,a,u2,,"[[[28, 1]], [], [true]]",
13344,q,a,cx_stage1,,"[[[0, 193], [28, 193]], [], [true, true]]",
13345,q,a,cx_stage2,,"[[[28, 1239], [29, 1239]], [], [true, true]]",
13346,q,a,cx_stage1,,"[[[28, 1239], [29, 1239]], [], [true, true]]",
13347,q,a,cx_stage3,,"[[[28, 1239], [29, 1239]], [], [true, true]]",
13348,q,a,cx_stage1,,"[[[27, 1242], [28, 1242]], [], [true, true]]",
13349,q,a,cx_stage3,,"[[[27, 1242], [28, 1242]], [], [true, true]]",
13350,q,a,ry,,"[[[28, 1243]], [], [true]]",
13351,q,a,cx_stage3,,"[[[0, 193], [28, 193]], [], [true, true]]",
13352,q,a,p,,"[[[28, 194]], [], [true]]",
13353,q,a,cx_stage1,,"[[[0, 197], [28, 197]], [], [true, true]]",
13354,q,a,cx_stage3,,"[[[0, 197], [28, 197]], [], [true, true]]",
13355,q,a,cx_stage1,,"[[[1, 200], [28, 200]], [], [true, true]]",
13356,q,a,cx_stage3,,"[[[1, 200], [28, 200]], [], [true, true]]",
13357,q,a,p,,"[[[28, 201]], [], [true]]",
13358,q,a,cx_stage1,,"[[[1, 204], [28, 204]], [], [true, true]]",
13359,q,a,cx_stage3,,"[[[1, 204], [28, 204]], [], [true, true]]",
13360,q,a,cx_stage1,,"[[[2, 207], [28, 207]], [], [true, true]]",
13361,q,a,cx_stage2,,"[[[2, 207], [28, 207]], [], [true, true]]",
13362,q,a,cx_stage3,,"[[[2, 207], [28, 207]], [], [true, true]]",
13363,q,a,p,,"[[[28, 208]], [], [true]]",
13364,q,a,cx_stage1,,"[[[2, 211], [28, 211]], [], [true, true]]",
13365,q,a,cx_stage2,,"[[[2, 211], [28, 211]], [], [true, true]]",
13366,q,a,cx_stage3,,"[[[2, 211], [28, 211]], [], [true, true]]",
13367,q,a,cx_stage1,,"[[[3, 214], [28, 214]], [], [true, true]]",
13368,q,a,cx_stage2,,"[[[3, 214], [28, 214]], [], [true, true]]",
13369,q,a,cx_stage3,,"[[[3, 214], [28, 214]], [], [true, true]]",
13370,q,a,p,,"[[[28, 215]], [], [true]]",
13371,q,a,cx_stage1,,"[[[3, 218], [28, 218]], [], [true, true]]",
13372,q,a,cx_stage2,,"[[[3, 218], [28, 218]], [], [true, true]]",
13373,q,a,cx_stage3,,"[[[3, 218], [28, 218]], [], [true, true]]",
13374,q,a,cx_stage1,,"[[[4, 221], [28, 221]], [], [true, true]]",
13375,q,a,cx_stage2,,"[[[4, 221], [28, 221]], [], [true, true]]",
13376,q,a,cx_stage3,,"[[[4, 221], [28, 221]], [], [true, true]]",
13377,q,a,p,,"[[[28, 222]], [], [true]]",
13378,q,a,cx_stage1,,"[[[4, 225], [28, 225]], [], [true, true]]",
13379,q,a,cx_stage2,,"[[[4, 225], [28, 225]], [], [true, true]]",
13380,q,a,cx_stage3,,"[[[4, 225], [28, 225]], [], [true, true]]",
13381,q,a,cx_stage1,,"[[[5, 228], [28, 228]], [], [true, true]]",
13382,q,a,cx_stage2,,"[[[5, 228], [28, 228]], [], [true, true]]",
13383,q,a,cx_stage3,,"[[[5, 228], [28, 228]], [], [true, true]]",
13384,q,a,p,,"[[[28, 229]], [], [true]]",
13385,q,a,cx_stage1,,"[[[5, 232], [28, 232]], [], [true, true]]",
13386,q,a,cx_stage2,,"[[[5, 232], [28, 232]], [], [true, true]]",
13387,q,a,cx_stage3,,"[[[5, 232], [28, 232]], [], [true, true]]",
13388,q,a,cx_stage1,,"[[[6, 235], [28, 235]], [], [true, true]]",
13389,q,a,cx_stage2,,"[[[6, 235], [28, 235]], [], [true, true]]",
13390,q,a,cx_stage3,,"[[[6, 235], [28, 235]], [], [true, true]]",
13391,q,a,p,,"[[[28, 236]], [], [true]]",
13392,q,a,cx_stage1,,"[[[6, 239], [28, 239]], [], [true, true]]",
13393,q,a,cx_stage2,,"[[[6, 239], [28, 239]], [], [true, true]]",
13394,q,a,cx_stage3,,"[[[6, 239], [28, 239]], [], [true, true]]",
13395,q,a,cx_stage1,,"[[[7, 242], [28, 242]], [], [true, true]]",
13396,q,a,cx_stage2,,"[[[7, 242], [28, 242]], [], [true, true]]",
13397,q,a,cx_stage3,,"[[[7, 242], [28, 242]], [], [true, true]]",
13398,q,a,p,,"[[[28, 243]], [], [true]]",
13399,q,a,cx_stage1,,"[[[7, 246], [28, 246]], [], [true, true]]",
13400,q,a,cx_stage2,,"[[[7, 246], [28, 246]], [], [true, true]]",
13401,q,a,cx_stage3,,"[[[7, 246], [28, 246]], [], [true, true]]",
13402,q,a,cx_stage1,,"[[[8, 249], [28, 249]], [], [true, true]]",
13403,q,a,cx_stage2,,"[[[8, 249], [28, 249]], [], [true, true]]",
13404,q,a,cx_stage3,,"[[[8, 249], [28, 249]], [], [true, true]]",
13405,q,a,p,,"[[[28, 250]], [], [true]]",
13406,q,a,cx_stage1,,"[[[8, 253], [28, 253]], [], [true, true]]",
13407,q,a,cx_stage2,,"[[[8, 253], [28, 253]], [], [true, true]]",
13408,q,a,cx_stage3,,"[[[8, 253], [28, 253]], [], [true, true]]",
13409,q,a,cx_stage1,,"[[[9, 256], [28, 256]], [], [true, true]]",
13410,q,a,cx_stage2,,"[[[9, 256], [28, 256]], [], [true, true]]",
13411,q,a,cx_stage3,,"[[[9, 256], [28, 256]], [], [true, true]]",
13412,q,a,p,,"[[[28, 257]], [], [true]]",
13413,q,a,cx_stage1,,"[[[9, 260], [28, 260]], [], [true, true]]",
13414,q,a,cx_stage2,,"[[[9, 260], [28, 260]], [], [true, true]]",
13415,q,a,cx_stage3,,"[[[9, 260], [28, 260]], [], [true, true]]",
13416,q,a,cx_stage1,,"[[[10, 263], [28, 263]], [], [true, true]]",
13417,q,a,cx_stage3,,"[[[10, 263], [28, 263]], [], [true, true]]",
13418,q,a,p,,"[[[28, 264]], [], [true]]",
13419,q,a,cx_stage1,,"[[[10, 267], [28, 267]], [], [true, true]]",
13420,q,a,cx_stage3,,"[[[10, 267], [28, 267]], [], [true, true]]",
13421,q,a,cx_stage1,,"[[[11, 270], [28, 270]], [], [true, true]]",
13422,q,a,cx_stage3,,"[[[11, 270], [28, 270]], [], [true, true]]",
13423,q,a,p,,"[[[28, 271]], [], [true]]",
13424,q,a,cx_stage1,,"[[[11, 274], [28, 274]], [], [true, true]]",
13425,q,a,cx_stage3,,"[[[11, 274], [28, 274]], [], [true, true]]",
13426,q,a,cx_stage1,,"[[[12, 277], [28, 277]], [], [true, true]]",
13427,q,a,cx_stage3,,"[[[12, 277], [28, 277]], [], [true, true]]",
13428,q,a,p,,"[[[28, 278]], [], [true]]",
13429,q,a,cx_stage1,,"[[[12, 281], [28, 281]], [], [true, true]]",
13430,q,a,cx_stage3,,"[[[12, 281], [28, 281]], [], [true, true]]",
13431,q,a,cx_stage1,,"[[[13, 284], [28, 284]], [], [true, true]]",
13432,q,a,cx_stage3,,"[[[13, 284], [28, 284]], [], [true, true]]",
13433,q,a,p,,"[[[28, 285]], [], [true]]",
13434,q,a,cx_stage1,,"[[[13, 288], [28, 288]], [], [true, true]]",
13435,q,a,cx_stage3,,"[[[13, 288], [28, 288]], [], [true, true]]",
13436,q,a,cx_stage1,,"[[[14, 291], [28, 291]], [], [true, true]]",
13437,q,a,cx_stage3,,"[[[14, 291], [28, 291]], [], [true, true]]",
13438,q,a,p,,"[[[28, 292]], [], [true]]",
13439,q,a,cx_stage1,,"[[[14, 295], [28, 295]], [], [true, true]]",
13440,q,a,cx_stage3,,"[[[14, 295], [28, 295]], [], [true, true]]",
13441,q,a,cx_stage1,,"[[[15, 298], [28, 298]], [], [true, true]]",
13442,q,a,cx_stage3,,"[[[15, 298], [28, 298]], [], [true, true]]",
13443,q,a,p,,"[[[28, 299]], [], [true]]",
13444,q,a,cx_stage1,,"[[[15, 302], [28, 302]], [], [true, true]]",
13445,q,a,cx_stage3,,"[[[15, 302], [28, 302]], [], [true, true]]",
13446,q,a,cx_stage1,,"[[[16, 305], [28, 305]], [], [true, true]]",
13447,q,a,cx_stage3,,"[[[16, 305], [28, 305]], [], [true, true]]",
13448,q,a,p,,"[[[28, 306]], [], [true]]",
13449,q,a,cx_stage1,,"[[[16, 309], [28, 309]], [], [true, true]]",
13450,q,a,cx_stage3,,"[[[16, 309], [28, 309]], [], [true, true]]",
13451,q,a,cx_stage1,,"[[[17, 312], [28, 312]], [], [true, true]]",
13452,q,a,cx_stage3,,"[[[17, 312], [28, 312]], [], [true, true]]",
13453,q,a,p,,"[[[28, 313]], [], [true]]",
13454,q,a,cx_stage1,,"[[[17, 316], [28, 316]], [], [true, true]]",
13455,q,a,cx_stage3,,"[[[17, 316], [28, 316]], [], [true, true]]",
13456,q,a,cx_stage1,,"[[[18, 319], [28, 319]], [], [true, true]]",
13457,q,a,cx_stage3,,"[[[18, 319], [28, 319]], [], [true, true]]",
13458,q,a,p,,"[[[28, 320]], [], [true]]",
13459,q,a,cx_stage1,,"[[[18, 323], [28, 323]], [], [true, true]]",
13460,q,a,cx_stage3,,"[[[18, 323], [28, 323]], [], [true, true]]",
13461,q,a,cx_stage1,,"[[[19, 326], [28, 326]], [], [true, true]]",
13462,q,a,cx_stage3,,"[[[19, 326], [28, 326]], [], [true, true]]",
13463,q,a,p,,"[[[28, 327]], [], [true]]",
13464,q,a,cx_stage1,,"[[[19, 330], [28, 330]], [], [true, true]]",
13465,q,a,cx_stage3,,"[[[19, 330], [28, 330]], [], [true, true]]",
13466,q,a,cx_stage1,,"[[[20, 333], [28, 333]], [], [true, true]]",
13467,q,a,cx_stage3,,"[[[20, 333], [28, 333]], [], [true, true]]",
13468,q,a,p,,"[[[28, 334]], [], [true]]",
13469,q,a,cx_stage1,,"[[[20, 337], [28, 337]], [], [true, true]]",
13470,q,a,cx_stage3,,"[[[20, 337], [28, 337]], [], [true, true]]",
13471,q,a,cx_stage1,,"[[[21, 340], [28, 340]], [], [true, true]]",
13472,q,a,cx_stage3,,"[[[21, 340], [28, 340]], [], [true, true]]",
13473,q,a,p,,"[[[28, 341]], [], [true]]",
13474,q,a,cx_stage1,,"[[[21, 344], [28, 344]], [], [true, true]]",
13475,q,a,cx_stage3,,"[[[21, 344], [28, 344]], [], [true, true]]",
13476,q,a,cx_stage1,,"[[[22, 347], [28, 347]], [], [true, true]]",
13477,q,a,cx_stage3,,"[[[22, 347], [28, 347]], [], [true, true]]",
13478,q,a,p,,"[[[28, 348]], [], [true]]",
13479,q,a,cx_stage1,,"[[[22, 351], [28, 351]], [], [true, true]]",
13480,q,a,cx_stage3,,"[[[22, 351], [28, 351]], [], [true, true]]",
13481,q,a,cx_stage1,,"[[[23, 354], [28, 354]], [], [true, true]]",
13482,q,a,cx_stage3,,"[[[23, 354], [28, 354]], [], [true, true]]",
13483,q,a,p,,"[[[28, 355]], [], [true]]",
13484,q,a,cx_stage1,,"[[[23, 358], [28, 358]], [], [true, true]]",
13485,q,a,cx_stage3,,"[[[23, 358], [28, 358]], [], [true, true]]",
13486,q,a,cx_stage1,,"[[[24, 361], [28, 361]], [], [true, true]]",
13487,q,a,cx_stage3,,"[[[24, 361], [28, 361]], [], [true, true]]",
13488,q,a,p,,"[[[28, 362]], [], [true]]",
13489,q,a,cx_stage1,,"[[[24, 365], [28, 365]], [], [true, true]]",
13490,q,a,cx_stage3,,"[[[24, 365], [28, 365]], [], [true, true]]",
13491,q,a,cx_stage1,,"[[[25, 368], [28, 368]], [], [true, true]]",
13492,q,a,cx_stage3,,"[[[25, 368], [28, 368]], [], [true, true]]",
13493,q,a,p,,"[[[28, 369]], [], [true]]",
13494,q,a,cx_stage1,,"[[[25, 372], [28, 372]], [], [true, true]]",
13495,q,a,cx_stage3,,"[[[25, 372], [28, 372]], [], [true, true]]",
13496,q,a,cx_stage1,,"[[[26, 375], [28, 375]], [], [true, true]]",
13497,q,a,cx_stage3,,"[[[26, 375], [28, 375]], [], [true, true]]",
13498,q,a,p,,"[[[28, 376]], [], [true]]",
13499,q,a,cx_stage1,,"[[[26, 379], [28, 379]], [], [true, true]]",
13500,q,a,cx_stage3,,"[[[26, 379], [28, 379]], [], [true, true]]",
13501,q,a,cx_stage1,,"[[[27, 382], [28, 382]], [], [true, true]]",
13502,q,a,cx_stage3,,"[[[27, 382], [28, 382]], [], [true, true]]",
13503,q,a,p,,"[[[28, 383]], [], [true]]",
13504,q,a,cx_stage1,,"[[[27, 386], [28, 386]], [], [true, true]]",
13505,q,a,cx_stage3,,"[[[27, 386], [28, 386]], [], [true, true]]",
13506,q,a,cx_stage1,,"[[[28, 396], [29, 396]], [], [true, true]]",
13507,q,a,cx_stage2,,"[[[28, 396], [29, 396]], [], [true, true]]",
13508,q,a,cx_stage3,,"[[[28, 396], [29, 396]], [], [true, true]]",
13509,q,a,cx_stage1,,"[[[28, 400], [29, 400]], [], [true, true]]",
13510,q,a,cx_stage2,,"[[[28, 400], [29, 400]], [], [true, true]]",
13511,q,a,cx_stage3,,"[[[28, 400], [29, 400]], [], [true, true]]",
13512,q,a,cx_stage1,,"[[[28, 403], [30, 403]], [], [true, true]]",
13513,q,a,cx_stage2,,"[[[28, 403], [30, 403]], [], [true, true]]",
13514,q,a,cx_stage3,,"[[[28, 403], [30, 403]], [], [true, true]]",
13515,q,a,cx_stage1,,"[[[28, 407], [30, 407]], [], [true, true]]",
13516,q,a,cx_stage2,,"[[[28, 407], [30, 407]], [], [true, true]]",
13517,q,a,cx_stage3,,"[[[28, 407], [30, 407]], [], [true, true]]",
13518,q,a,cx_stage1,,"[[[28, 410], [31, 410]], [], [true, true]]",
13519,q,a,cx_stage2,,"[[[28, 410], [31, 410]], [], [true, true]]",
13520,q,a,cx_stage3,,"[[[28, 410], [31, 410]], [], [true, true]]",
13521,q,a,cx_stage1,,"[[[28, 414], [31, 414]], [], [true, true]]",
13522,q,a,cx_stage2,,"[[[28, 414], [31, 414]], [], [true, true]]",
13523,q,a,cx_stage3,,"[[[28, 414], [31, 414]], [], [true, true]]",
13524,q,a,cx_stage1,,"[[[28, 417], [32, 417]], [], [true, true]]",
13525,q,a,cx_stage2,,"[[[28, 417], [32, 417]], [], [true, true]]",
13526,q,a,cx_stage3,,"[[[28, 417], [32, 417]], [], [true, true]]",
13527,q,a,cx_stage1,,"[[[28, 421], [32, 421]], [], [true, true]]",
13528,q,a,cx_stage2,,"[[[28, 421], [32, 421]], [], [true, true]]",
13529,q,a,cx_stage3,,"[[[28, 421], [32, 421]], [], [true, true]]",
13530,q,a,cx_stage1,,"[[[28, 424], [33, 424]], [], [true, true]]",
13531,q,a,cx_stage2,,"[[[28, 424], [33, 424]], [], [true, true]]",
13532,q,a,cx_stage3,,"[[[28, 424], [33, 424]], [], [true, true]]",
13533,q,a,cx_stage1,,"[[[28, 428], [33, 428]], [], [true, true]]",
13534,q,a,cx_stage2,,"[[[28, 428], [33, 428]], [], [true, true]]",
13535,q,a,cx_stage3,,"[[[28, 428], [33, 428]], [], [true, true]]",
13536,q,a,cx_stage1,,"[[[28, 431], [34, 431]], [], [true, true]]",
13537,q,a,cx_stage2,,"[[[28, 431], [34, 431]], [], [true, true]]",
13538,q,a,cx_stage3,,"[[[28, 431], [34, 431]], [], [true, true]]",
13539,q,a,cx_stage1,,"[[[28, 435], [34, 435]], [], [true, true]]",
13540,q,a,cx_stage2,,"[[[28, 435], [34, 435]], [], [true, true]]",
13541,q,a,cx_stage3,,"[[[28, 435], [34, 435]], [], [true, true]]",
13542,q,a,cx_stage1,,"[[[28, 438], [35, 438]], [], [true, true]]",
13543,q,a,cx_stage2,,"[[[28, 438], [35, 438]], [], [true, true]]",
13544,q,a,cx_stage3,,"[[[28, 438], [35, 438]], [], [true, true]]",
13545,q,a,cx_stage1,,"[[[28, 442], [35, 442]], [], [true, true]]",
13546,q,a,cx_stage2,,"[[[28, 442], [35, 442]], [], [true, true]]",
13547,q,a,cx_stage3,,"[[[28, 442], [35, 442]], [], [true, true]]",
13548,q,a,cx_stage1,,"[[[28, 445], [36, 445]], [], [true, true]]",
13549,q,a,cx_stage2,,"[[[28, 445], [36, 445]], [], [true, true]]",
13550,q,a,cx_stage3,,"[[[28, 445], [36, 445]], [], [true, true]]",
13551,q,a,cx_stage1,,"[[[28, 449], [36, 449]], [], [true, true]]",
13552,q,a,cx_stage2,,"[[[28, 449], [36, 449]], [], [true, true]]",
13553,q,a,cx_stage3,,"[[[28, 449], [36, 449]], [], [true, true]]",
13554,q,a,cx_stage1,,"[[[28, 452], [37, 452]], [], [true, true]]",
13555,q,a,cx_stage2,,"[[[28, 452], [37, 452]], [], [true, true]]",
13556,q,a,cx_stage3,,"[[[28, 452], [37, 452]], [], [true, true]]",
13557,q,a,cx_stage1,,"[[[28, 456], [37, 456]], [], [true, true]]",
13558,q,a,cx_stage2,,"[[[28, 456], [37, 456]], [], [true, true]]",
13559,q,a,cx_stage3,,"[[[28, 456], [37, 456]], [], [true, true]]",
13560,q,a,cx_stage1,,"[[[28, 459], [38, 459]], [], [true, true]]",
13561,q,a,cx_stage2,,"[[[28, 459], [38, 459]], [], [true, true]]",
13562,q,a,cx_stage3,,"[[[28, 459], [38, 459]], [], [true, true]]",
13563,q,a,cx_stage1,,"[[[28, 463], [38, 463]], [], [true, true]]",
13564,q,a,cx_stage2,,"[[[28, 463], [38, 463]], [], [true, true]]",
13565,q,a,cx_stage3,,"[[[28, 463], [38, 463]], [], [true, true]]",
13566,q,a,cx_stage1,,"[[[28, 466], [39, 466]], [], [true, true]]",
13567,q,a,cx_stage2,,"[[[28, 466], [39, 466]], [], [true, true]]",
13568,q,a,cx_stage3,,"[[[28, 466], [39, 466]], [], [true, true]]",
13569,q,a,cx_stage1,,"[[[28, 470], [39, 470]], [], [true, true]]",
13570,q,a,cx_stage2,,"[[[28, 470], [39, 470]], [], [true, true]]",
13571,q,a,cx_stage3,,"[[[28, 470], [39, 470]], [], [true, true]]",
13572,q,a,cx_stage1,,"[[[28, 473], [40, 473]], [], [true, true]]",
13573,q,a,cx_stage2,,"[[[28, 473], [40, 473]], [], [true, true]]",
13574,q,a,cx_stage3,,"[[[28, 473], [40, 473]], [], [true, true]]",
13575,q,a,cx_stage1,,"[[[28, 477], [40, 477]], [], [true, true]]",
13576,q,a,cx_stage2,,"[[[28, 477], [40, 477]], [], [true, true]]",
13577,q,a,cx_stage3,,"[[[28, 477], [40, 477]], [], [true, true]]",
13578,q,a,cx_stage1,,"[[[28, 480], [41, 480]], [], [true, true]]",
13579,q,a,cx_stage2,,"[[[28, 480], [41, 480]], [], [true, true]]",
13580,q,a,cx_stage3,,"[[[28, 480], [41, 480]], [], [true, true]]",
13581,q,a,cx_stage1,,"[[[28, 484], [41, 484]], [], [true, true]]",
13582,q,a,cx_stage2,,"[[[28, 484], [41, 484]], [], [true, true]]",
13583,q,a,cx_stage3,,"[[[28, 484], [41, 484]], [], [true, true]]",
13584,q,a,cx_stage1,,"[[[28, 487], [42, 487]], [], [true, true]]",
13585,q,a,cx_stage2,,"[[[28, 487], [42, 487]], [], [true, true]]",
13586,q,a,cx_stage3,,"[[[28, 487], [42, 487]], [], [true, true]]",
13587,q,a,cx_stage1,,"[[[28, 491], [42, 491]], [], [true, true]]",
13588,q,a,cx_stage2,,"[[[28, 491], [42, 491]], [], [true, true]]",
13589,q,a,cx_stage3,,"[[[28, 491], [42, 491]], [], [true, true]]",
13590,q,a,cx_stage1,,"[[[28, 494], [43, 494]], [], [true, true]]",
13591,q,a,cx_stage2,,"[[[28, 494], [43, 494]], [], [true, true]]",
13592,q,a,cx_stage3,,"[[[28, 494], [43, 494]], [], [true, true]]",
13593,q,a,cx_stage1,,"[[[28, 498], [43, 498]], [], [true, true]]",
13594,q,a,cx_stage2,,"[[[28, 498], [43, 498]], [], [true, true]]",
13595,q,a,cx_stage3,,"[[[28, 498], [43, 498]], [], [true, true]]",
13596,q,a,cx_stage1,,"[[[28, 501], [44, 501]], [], [true, true]]",
13597,q,a,cx_stage2,,"[[[28, 501], [44, 501]], [], [true, true]]",
13598,q,a,cx_stage3,,"[[[28, 501], [44, 501]], [], [true, true]]",
13599,q,a,cx_stage1,,"[[[28, 505], [44, 505]], [], [true, true]]",
13600,q,a,cx_stage2,,"[[[28, 505], [44, 505]], [], [true, true]]",
13601,q,a,cx_stage3,,"[[[28, 505], [44, 505]], [], [true, true]]",
13602,q,a,cx_stage1,,"[[[28, 508], [45, 508]], [], [true, true]]",
13603,q,a,cx_stage2,,"[[[28, 508], [45, 508]], [], [true, true]]",
13604,q,a,cx_stage3,,"[[[28, 508], [45, 508]], [], [true, true]]",
13605,q,a,cx_stage1,,"[[[28, 512], [45, 512]], [], [true, true]]",
13606,q,a,cx_stage2,,"[[[28, 512], [45, 512]], [], [true, true]]",
13607,q,a,cx_stage3,,"[[[28, 512], [45, 512]], [], [true, true]]",
13608,q,a,cx_stage1,,"[[[28, 515], [46, 515]], [], [true, true]]",
13609,q,a,cx_stage2,,"[[[28, 515], [46, 515]], [], [true, true]]",
13610,q,a,cx_stage3,,"[[[28, 515], [46, 515]], [], [true, true]]",
13611,q,a,cx_stage1,,"[[[28, 519], [46, 519]], [], [true, true]]",
13612,q,a,cx_stage2,,"[[[28, 519], [46, 519]], [], [true, true]]",
13613,q,a,cx_stage3,,"[[[28, 519], [46, 519]], [], [true, true]]",
13614,q,a,cx_stage1,,"[[[28, 522], [47, 522]], [], [true, true]]",
13615,q,a,cx_stage2,,"[[[28, 522], [47, 522]], [], [true, true]]",
13616,q,a,cx_stage3,,"[[[28, 522], [47, 522]], [], [true, true]]",
13617,q,a,cx_stage1,,"[[[28, 526], [47, 526]], [], [true, true]]",
13618,q,a,cx_stage2,,"[[[28, 526], [47, 526]], [], [true, true]]",
13619,q,a,cx_stage3,,"[[[28, 526], [47, 526]], [], [true, true]]",
13620,q,a,cx_stage1,,"[[[28, 529], [48, 529]], [], [true, true]]",
13621,q,a,cx_stage2,,"[[[28, 529], [48, 529]], [], [true, true]]",
13622,q,a,cx_stage3,,"[[[28, 529], [48, 529]], [], [true, true]]",
13623,q,a,cx_stage1,,"[[[28, 533], [48, 533]], [], [true, true]]",
13624,q,a,cx_stage2,,"[[[28, 533], [48, 533]], [], [true, true]]",
13625,q,a,cx_stage3,,"[[[28, 533], [48, 533]], [], [true, true]]",
13626,q,a,cx_stage1,,"[[[28, 536], [49, 536]], [], [true, true]]",
13627,q,a,cx_stage2,,"[[[28, 536], [49, 536]], [], [true, true]]",
13628,q,a,cx_stage3,,"[[[28, 536], [49, 536]], [], [true, true]]",
13629,q,a,cx_stage1,,"[[[28, 540], [49, 540]], [], [true, true]]",
13630,q,a,cx_stage2,,"[[[28, 540], [49, 540]], [], [true, true]]",
13631,q,a,cx_stage3,,"[[[28, 540], [49, 540]], [], [true, true]]",
13632,q,a,cx_stage1,,"[[[28, 543], [50, 543]], [], [true, true]]",
13633,q,a,cx_stage2,,"[[[28, 543], [50, 543]], [], [true, true]]",
13634,q,a,cx_stage3,,"[[[28, 543], [50, 543]], [], [true, true]]",
13635,q,a,cx_stage1,,"[[[28, 547], [50, 547]], [], [true, true]]",
13636,q,a,cx_stage2,,"[[[28, 547], [50, 547]], [], [true, true]]",
13637,q,a,cx_stage3,,"[[[28, 547], [50, 547]], [], [true, true]]",
13638,q,a,cx_stage1,,"[[[28, 550], [51, 550]], [], [true, true]]",
13639,q,a,cx_stage2,,"[[[28, 550], [51, 550]], [], [true, true]]",
13640,q,a,cx_stage3,,"[[[28, 550], [51, 550]], [], [true, true]]",
13641,q,a,cx_stage1,,"[[[28, 554], [51, 554]], [], [true, true]]",
13642,q,a,cx_stage2,,"[[[28, 554], [51, 554]], [], [true, true]]",
13643,q,a,cx_stage3,,"[[[28, 554], [51, 554]], [], [true, true]]",
13644,q,a,cx_stage1,,"[[[28, 557], [52, 557]], [], [true, true]]",
13645,q,a,cx_stage2,,"[[[28, 557], [52, 557]], [], [true, true]]",
13646,q,a,cx_stage3,,"[[[28, 557], [52, 557]], [], [true, true]]",
13647,q,a,cx_stage1,,"[[[28, 561], [52, 561]], [], [true, true]]",
13648,q,a,cx_stage2,,"[[[28, 561], [52, 561]], [], [true, true]]",
13649,q,a,cx_stage3,,"[[[28, 561], [52, 561]], [], [true, true]]",
13650,q,a,cx_stage1,,"[[[28, 564], [53, 564]], [], [true, true]]",
13651,q,a,cx_stage2,,"[[[28, 564], [53, 564]], [], [true, true]]",
13652,q,a,cx_stage3,,"[[[28, 564], [53, 564]], [], [true, true]]",
13653,q,a,cx_stage1,,"[[[28, 568], [53, 568]], [], [true, true]]",
13654,q,a,cx_stage2,,"[[[28, 568], [53, 568]], [], [true, true]]",
13655,q,a,cx_stage3,,"[[[28, 568], [53, 568]], [], [true, true]]",
13656,q,a,cx_stage1,,"[[[28, 571], [54, 571]], [], [true, true]]",
13657,q,a,cx_stage2,,"[[[28, 571], [54, 571]], [], [true, true]]",
13658,q,a,cx_stage3,,"[[[28, 571], [54, 571]], [], [true, true]]",
13659,q,a,cx_stage1,,"[[[28, 575], [54, 575]], [], [true, true]]",
13660,q,a,cx_stage2,,"[[[28, 575], [54, 575]], [], [true, true]]",
13661,q,a,cx_stage3,,"[[[28, 575], [54, 575]], [], [true, true]]",
13662,q,a,cx_stage1,,"[[[28, 578], [55, 578]], [], [true, true]]",
13663,q,a,cx_stage2,,"[[[28, 578], [55, 578]], [], [true, true]]",
13664,q,a,cx_stage3,,"[[[28, 578], [55, 578]], [], [true, true]]",
13665,q,a,cx_stage1,,"[[[28, 582], [55, 582]], [], [true, true]]",
13666,q,a,cx_stage2,,"[[[28, 582], [55, 582]], [], [true, true]]",
13667,q,a,cx_stage3,,"[[[28, 582], [55, 582]], [], [true, true]]",
13668,q,a,u2,,"[[[28, 583]], [], [true]]",
13669,q,a,cx_stage1,,"[[[0, 586], [28, 586]], [], [true, true]]",
13670,q,a,cx_stage3,,"[[[0, 586], [28, 586]], [], [true, true]]",
13671,q,a,p,,"[[[28, 587]], [], [true]]",
13672,q,a,cx_stage1,,"[[[0, 590], [28, 590]], [], [true, true]]",
13673,q,a,cx_stage3,,"[[[0, 590], [28, 590]], [], [true, true]]",
13674,q,a,cx_stage1,,"[[[1, 593], [28, 593]], [], [true, true]]",
13675,q,a,cx_stage3,,"[[[1, 593], [28, 593]], [], [true, true]]",
13676,q,a,p,,"[[[28, 594]], [], [true]]",
13677,q,a,cx_stage1,,"[[[1, 597], [28, 597]], [], [true, true]]",
13678,q,a,cx_stage3,,"[[[1, 597], [28, 597]], [], [true, true]]",
13679,q,a,cx_stage1,,"[[[2, 600], [28, 600]], [], [true, true]]",
13680,q,a,cx_stage2,,"[[[2, 600], [28, 600]], [], [true, true]]",
13681,q,a,cx_stage3,,"[[[2, 600], [28, 600]], [], [true, true]]",
13682,q,a,p,,"[[[28, 601]], [], [true]]",
13683,q,a,cx_stage1,,"[[[2, 604], [28, 604]], [], [true, true]]",
13684,q,a,cx_stage2,,"[[[2, 604], [28, 604]], [], [true, true]]",
13685,q,a,cx_stage3,,"[[[2, 604], [28, 604]], [], [true, true]]",
13686,q,a,cx_stage1,,"[[[3, 607], [28, 607]], [], [true, true]]",
13687,q,a,cx_stage2,,"[[[3, 607], [28, 607]], [], [true, true]]",
13688,q,a,cx_stage3,,"[[[3, 607], [28, 607]], [], [true, true]]",
13689,q,a,p,,"[[[28, 608]], [], [true]]",
13690,q,a,cx_stage1,,"[[[3, 611], [28, 611]], [], [true, true]]",
13691,q,a,cx_stage2,,"[[[3, 611], [28, 611]], [], [true, true]]",
13692,q,a,cx_stage3,,"[[[3, 611], [28, 611]], [], [true, true]]",
13693,q,a,cx_stage1,,"[[[4, 614], [28, 614]], [], [true, true]]",
13694,q,a,cx_stage2,,"[[[4, 614], [28, 614]], [], [true, true]]",
13695,q,a,cx_stage3,,"[[[4, 614], [28, 614]], [], [true, true]]",
13696,q,a,p,,"[[[28, 615]], [], [true]]",
13697,q,a,cx_stage1,,"[[[4, 618], [28, 618]], [], [true, true]]",
13698,q,a,cx_stage2,,"[[[4, 618], [28, 618]], [], [true, true]]",
13699,q,a,cx_stage3,,"[[[4, 618], [28, 618]], [], [true, true]]",
13700,q,a,cx_stage1,,"[[[5, 621], [28, 621]], [], [true, true]]",
13701,q,a,cx_stage2,,"[[[5, 621], [28, 621]], [], [true, true]]",
13702,q,a,cx_stage3,,"[[[5, 621], [28, 621]], [], [true, true]]",
13703,q,a,p,,"[[[28, 622]], [], [true]]",
13704,q,a,cx_stage1,,"[[[5, 625], [28, 625]], [], [true, true]]",
13705,q,a,cx_stage2,,"[[[5, 625], [28, 625]], [], [true, true]]",
13706,q,a,cx_stage3,,"[[[5, 625], [28, 625]], [], [true, true]]",
13707,q,a,cx_stage1,,"[[[6, 628], [28, 628]], [], [true, true]]",
13708,q,a,cx_stage2,,"[[[6, 628], [28, 628]], [], [true, true]]",
13709,q,a,cx_stage3,,"[[[6, 628], [28, 628]], [], [true, true]]",
13710,q,a,p,,"[[[28, 629]], [], [true]]",
13711,q,a,cx_stage1,,"[[[6, 632], [28, 632]], [], [true, true]]",
13712,q,a,cx_stage2,,"[[[6, 632], [28, 632]], [], [true, true]]",
13713,q,a,cx_stage3,,"[[[6, 632], [28, 632]], [], [true, true]]",
13714,q,a,cx_stage1,,"[[[7, 635], [28, 635]], [], [true, true]]",
13715,q,a,cx_stage2,,"[[[7, 635], [28, 635]], [], [true, true]]",
13716,q,a,cx_stage3,,"[[[7, 635], [28, 635]], [], [true, true]]",
13717,q,a,p,,"[[[28, 636]], [], [true]]",
13718,q,a,cx_stage1,,"[[[7, 639], [28, 639]], [], [true, true]]",
13719,q,a,cx_stage2,,"[[[7, 639], [28, 639]], [], [true, true]]",
13720,q,a,cx_stage3,,"[[[7, 639], [28, 639]], [], [true, true]]",
13721,q,a,cx_stage1,,"[[[8, 642], [28, 642]], [], [true, true]]",
13722,q,a,cx_stage2,,"[[[8, 642], [28, 642]], [], [true, true]]",
13723,q,a,cx_stage3,,"[[[8, 642], [28, 642]], [], [true, true]]",
13724,q,a,p,,"[[[28, 643]], [], [true]]",
13725,q,a,cx_stage1,,"[[[8, 646], [28, 646]], [], [true, true]]",
13726,q,a,cx_stage2,,"[[[8, 646], [28, 646]], [], [true, true]]",
13727,q,a,cx_stage3,,"[[[8, 646], [28, 646]], [], [true, true]]",
13728,q,a,cx_stage1,,"[[[9, 649], [28, 649]], [], [true, true]]",
13729,q,a,cx_stage2,,"[[[9, 649], [28, 649]], [], [true, true]]",
13730,q,a,cx_stage3,,"[[[9, 649], [28, 649]], [], [true, true]]",
13731,q,a,p,,"[[[28, 650]], [], [true]]",
13732,q,a,cx_stage1,,"[[[9, 653], [28, 653]], [], [true, true]]",
13733,q,a,cx_stage2,,"[[[9, 653], [28, 653]], [], [true, true]]",
13734,q,a,cx_stage3,,"[[[9, 653], [28, 653]], [], [true, true]]",
13735,q,a,cx_stage1,,"[[[10, 656], [28, 656]], [], [true, true]]",
13736,q,a,cx_stage3,,"[[[10, 656], [28, 656]], [], [true, true]]",
13737,q,a,p,,"[[[28, 657]], [], [true]]",
13738,q,a,cx_stage1,,"[[[10, 660], [28, 660]], [], [true, true]]",
13739,q,a,cx_stage3,,"[[[10, 660], [28, 660]], [], [true, true]]",
13740,q,a,cx_stage1,,"[[[11, 663], [28, 663]], [], [true, true]]",
13741,q,a,cx_stage3,,"[[[11, 663], [28, 663]], [], [true, true]]",
13742,q,a,p,,"[[[28, 664]], [], [true]]",
13743,q,a,cx_stage1,,"[[[11, 667], [28, 667]], [], [true, true]]",
13744,q,a,cx_stage3,,"[[[11, 667], [28, 667]], [], [true, true]]",
13745,q,a,cx_stage1,,"[[[12, 670], [28, 670]], [], [true, true]]",
13746,q,a,cx_stage3,,"[[[12, 670], [28, 670]], [], [true, true]]",
13747,q,a,p,,"[[[28, 671]], [], [true]]",
13748,q,a,cx_stage1,,"[[[12, 674], [28, 674]], [], [true, true]]",
13749,q,a,cx_stage3,,"[[[12, 674], [28, 674]], [], [true, true]]",
13750,q,a,cx_stage1,,"[[[13, 677], [28, 677]], [], [true, true]]",
13751,q,a,cx_stage3,,"[[[13, 677], [28, 677]], [], [true, true]]",
13752,q,a,p,,"[[[28, 678]], [], [true]]",
13753,q,a,cx_stage1,,"[[[13, 681], [28, 681]], [], [true, true]]",
13754,q,a,cx_stage3,,"[[[13, 681], [28, 681]], [], [true, true]]",
13755,q,a,cx_stage1,,"[[[14, 684], [28, 684]], [], [true, true]]",
13756,q,a,cx_stage3,,"[[[14, 684], [28, 684]], [], [true, true]]",
13757,q,a,p,,"[[[28, 685]], [], [true]]",
13758,q,a,cx_stage1,,"[[[14, 688], [28, 688]], [], [true, true]]",
13759,q,a,cx_stage3,,"[[[14, 688], [28, 688]], [], [true, true]]",
13760,q,a,cx_stage1,,"[[[15, 691], [28, 691]], [], [true, true]]",
13761,q,a,cx_stage3,,"[[[15, 691], [28, 691]], [], [true, true]]",
13762,q,a,p,,"[[[28, 692]], [], [true]]",
13763,q,a,cx_stage1,,"[[[15, 695], [28, 695]], [], [true, true]]",
13764,q,a,cx_stage3,,"[[[15, 695], [28, 695]], [], [true, true]]",
13765,q,a,cx_stage1,,"[[[16, 698], [28, 698]], [], [true, true]]",
13766,q,a,cx_stage3,,"[[[16, 698], [28, 698]], [], [true, true]]",
13767,q,a,p,,"[[[28, 699]], [], [true]]",
13768,q,a,cx_stage1,,"[[[16, 702], [28, 702]], [], [true, true]]",
13769,q,a,cx_stage3,,"[[[16, 702], [28, 702]], [], [true, true]]",
13770,q,a,cx_stage1,,"[[[17, 705], [28, 705]], [], [true, true]]",
13771,q,a,cx_stage3,,"[[[17, 705], [28, 705]], [], [true, true]]",
13772,q,a,p,,"[[[28, 706]], [], [true]]",
13773,q,a,cx_stage1,,"[[[17, 709], [28, 709]], [], [true, true]]",
13774,q,a,cx_stage3,,"[[[17, 709], [28, 709]], [], [true, true]]",
13775,q,a,cx_stage1,,"[[[18, 712], [28, 712]], [], [true, true]]",
13776,q,a,cx_stage3,,"[[[18, 712], [28, 712]], [], [true, true]]",
13777,q,a,p,,"[[[28, 713]], [], [true]]",
13778,q,a,cx_stage1,,"[[[18, 716], [28, 716]], [], [true, true]]",
13779,q,a,cx_stage3,,"[[[18, 716], [28, 716]], [], [true, true]]",
13780,q,a,cx_stage1,,"[[[19, 719], [28, 719]], [], [true, true]]",
13781,q,a,cx_stage3,,"[[[19, 719], [28, 719]], [], [true, true]]",
13782,q,a,p,,"[[[28, 720]], [], [true]]",
13783,q,a,cx_stage1,,"[[[19, 723], [28, 723]], [], [true, true]]",
13784,q,a,cx_stage3,,"[[[19, 723], [28, 723]], [], [true, true]]",
13785,q,a,cx_stage1,,"[[[20, 726], [28, 726]], [], [true, true]]",
13786,q,a,cx_stage3,,"[[[20, 726], [28, 726]], [], [true, true]]",
13787,q,a,p,,"[[[28, 727]], [], [true]]",
13788,q,a,cx_stage1,,"[[[20, 730], [28, 730]], [], [true, true]]",
13789,q,a,cx_stage3,,"[[[20, 730], [28, 730]], [], [true, true]]",
13790,q,a,cx_stage1,,"[[[21, 733], [28, 733]], [], [true, true]]",
13791,q,a,cx_stage3,,"[[[21, 733], [28, 733]], [], [true, true]]",
13792,q,a,p,,"[[[28, 734]], [], [true]]",
13793,q,a,cx_stage1,,"[[[21, 737], [28, 737]], [], [true, true]]",
13794,q,a,cx_stage3,,"[[[21, 737], [28, 737]], [], [true, true]]",
13795,q,a,cx_stage1,,"[[[22, 740], [28, 740]], [], [true, true]]",
13796,q,a,cx_stage3,,"[[[22, 740], [28, 740]], [], [true, true]]",
13797,q,a,p,,"[[[28, 741]], [], [true]]",
13798,q,a,cx_stage1,,"[[[22, 744], [28, 744]], [], [true, true]]",
13799,q,a,cx_stage3,,"[[[22, 744], [28, 744]], [], [true, true]]",
13800,q,a,cx_stage1,,"[[[23, 747], [28, 747]], [], [true, true]]",
13801,q,a,cx_stage3,,"[[[23, 747], [28, 747]], [], [true, true]]",
13802,q,a,p,,"[[[28, 748]], [], [true]]",
13803,q,a,cx_stage1,,"[[[23, 751], [28, 751]], [], [true, true]]",
13804,q,a,cx_stage3,,"[[[23, 751], [28, 751]], [], [true, true]]",
13805,q,a,cx_stage1,,"[[[24, 754], [28, 754]], [], [true, true]]",
13806,q,a,cx_stage3,,"[[[24, 754], [28, 754]], [], [true, true]]",
13807,q,a,p,,"[[[28, 755]], [], [true]]",
13808,q,a,cx_stage1,,"[[[24, 758], [28, 758]], [], [true, true]]",
13809,q,a,cx_stage3,,"[[[24, 758], [28, 758]], [], [true, true]]",
13810,q,a,cx_stage1,,"[[[25, 761], [28, 761]], [], [true, true]]",
13811,q,a,cx_stage3,,"[[[25, 761], [28, 761]], [], [true, true]]",
13812,q,a,p,,"[[[28, 762]], [], [true]]",
13813,q,a,cx_stage1,,"[[[25, 765], [28, 765]], [], [true, true]]",
13814,q,a,cx_stage3,,"[[[25, 765], [28, 765]], [], [true, true]]",
13815,q,a,cx_stage1,,"[[[26, 768], [28, 768]], [], [true, true]]",
13816,q,a,cx_stage3,,"[[[26, 768], [28, 768]], [], [true, true]]",
13817,q,a,p,,"[[[28, 769]], [], [true]]",
13818,q,a,cx_stage1,,"[[[26, 772], [28, 772]], [], [true, true]]",
13819,q,a,cx_stage3,,"[[[26, 772], [28, 772]], [], [true, true]]",
13820,q,a,cx_stage1,,"[[[27, 775], [28, 775]], [], [true, true]]",
13821,q,a,cx_stage3,,"[[[27, 775], [28, 775]], [], [true, true]]",
13822,q,a,p,,"[[[28, 776]], [], [true]]",
13823,q,a,cx_stage1,,"[[[27, 779], [28, 779]], [], [true, true]]",
13824,q,a,cx_stage3,,"[[[27, 779], [28, 779]], [], [true, true]]",
13825,q,a,cx_stage1,,"[[[28, 789], [29, 789]], [], [true, true]]",
13826,q,a,cx_stage2,,"[[[28, 789], [29, 789]], [], [true, true]]",
13827,q,a,cx_stage3,,"[[[28, 789], [29, 789]], [], [true, true]]",
13828,q,a,cx_stage1,,"[[[28, 793], [29, 793]], [], [true, true]]",
13829,q,a,cx_stage2,,"[[[28, 793], [29, 793]], [], [true, true]]",
13830,q,a,cx_stage3,,"[[[28, 793], [29, 793]], [], [true, true]]",
13831,q,a,cx_stage1,,"[[[28, 796], [30, 796]], [], [true, true]]",
13832,q,a,cx_stage2,,"[[[28, 796], [30, 796]], [], [true, true]]",
13833,q,a,cx_stage3,,"[[[28, 796], [30, 796]], [], [true, true]]",
13834,q,a,cx_stage1,,"[[[28, 800], [30, 800]], [], [true, true]]",
13835,q,a,cx_stage2,,"[[[28, 800], [30, 800]], [], [true, true]]",
13836,q,a,cx_stage3,,"[[[28, 800], [30, 800]], [], [true, true]]",
13837,q,a,cx_stage1,,"[[[28, 803], [31, 803]], [], [true, true]]",
13838,q,a,cx_stage2,,"[[[28, 803], [31, 803]], [], [true, true]]",
13839,q,a,cx_stage3,,"[[[28, 803], [31, 803]], [], [true, true]]",
13840,q,a,cx_stage1,,"[[[28, 807], [31, 807]], [], [true, true]]",
13841,q,a,cx_stage2,,"[[[28, 807], [31, 807]], [], [true, true]]",
13842,q,a,cx_stage3,,"[[[28, 807], [31, 807]], [], [true, true]]",
13843,q,a,cx_stage1,,"[[[28, 810], [32, 810]], [], [true, true]]",
13844,q,a,cx_stage2,,"[[[28, 810], [32, 810]], [], [true, true]]",
13845,q,a,cx_stage3,,"[[[28, 810], [32, 810]], [], [true, true]]",
13846,q,a,cx_stage1,,"[[[28, 814], [32, 814]], [], [true, true]]",
13847,q,a,cx_stage2,,"[[[28, 814], [32, 814]], [], [true, true]]",
13848,q,a,cx_stage3,,"[[[28, 814], [32, 814]], [], [true, true]]",
13849,q,a,cx_stage1,,"[[[28, 817], [33, 817]], [], [true, true]]",
13850,q,a,cx_stage2,,"[[[28, 817], [33, 817]], [], [true, true]]",
13851,q,a,cx_stage3,,"[[[28, 817], [33, 817]], [], [true, true]]",
13852,q,a,cx_stage1,,"[[[28, 821], [33, 821]], [], [true, true]]",
13853,q,a,cx_stage2,,"[[[28, 821], [33, 821]], [], [true, true]]",
13854,q,a,cx_stage3,,"[[[28, 821], [33, 821]], [], [true, true]]",
13855,q,a,cx_stage1,,"[[[28, 824], [34, 824]], [], [true, true]]",
13856,q,a,cx_stage2,,"[[[28, 824], [34, 824]], [], [true, true]]",
13857,q,a,cx_stage3,,"[[[28, 824], [34, 824]], [], [true, true]]",
13858,q,a,cx_stage1,,"[[[28, 828], [34, 828]], [], [true, true]]",
13859,q,a,cx_stage2,,"[[[28, 828], [34, 828]], [], [true, true]]",
13860,q,a,cx_stage3,,"[[[28, 828], [34, 828]], [], [true, true]]",
13861,q,a,cx_stage1,,"[[[28, 831], [35, 831]], [], [true, true]]",
13862,q,a,cx_stage2,,"[[[28, 831], [35, 831]], [], [true, true]]",
13863,q,a,cx_stage3,,"[[[28, 831], [35, 831]], [], [true, true]]",
13864,q,a,cx_stage1,,"[[[28, 835], [35, 835]], [], [true, true]]",
13865,q,a,cx_stage2,,"[[[28, 835], [35, 835]], [], [true, true]]",
13866,q,a,cx_stage3,,"[[[28, 835], [35, 835]], [], [true, true]]",
13867,q,a,cx_stage1,,"[[[28, 838], [36, 838]], [], [true, true]]",
13868,q,a,cx_stage2,,"[[[28, 838], [36, 838]], [], [true, true]]",
13869,q,a,cx_stage3,,"[[[28, 838], [36, 838]], [], [true, true]]",
13870,q,a,cx_stage1,,"[[[28, 842], [36, 842]], [], [true, true]]",
13871,q,a,cx_stage2,,"[[[28, 842], [36, 842]], [], [true, true]]",
13872,q,a,cx_stage3,,"[[[28, 842], [36, 842]], [], [true, true]]",
13873,q,a,cx_stage1,,"[[[28, 845], [37, 845]], [], [true, true]]",
13874,q,a,cx_stage2,,"[[[28, 845], [37, 845]], [], [true, true]]",
13875,q,a,cx_stage3,,"[[[28, 845], [37, 845]], [], [true, true]]",
13876,q,a,cx_stage1,,"[[[28, 849], [37, 849]], [], [true, true]]",
13877,q,a,cx_stage2,,"[[[28, 849], [37, 849]], [], [true, true]]",
13878,q,a,cx_stage3,,"[[[28, 849], [37, 849]], [], [true, true]]",
13879,q,a,cx_stage1,,"[[[28, 852], [38, 852]], [], [true, true]]",
13880,q,a,cx_stage2,,"[[[28, 852], [38, 852]], [], [true, true]]",
13881,q,a,cx_stage3,,"[[[28, 852], [38, 852]], [], [true, true]]",
13882,q,a,cx_stage1,,"[[[28, 856], [38, 856]], [], [true, true]]",
13883,q,a,cx_stage2,,"[[[28, 856], [38, 856]], [], [true, true]]",
13884,q,a,cx_stage3,,"[[[28, 856], [38, 856]], [], [true, true]]",
13885,q,a,cx_stage1,,"[[[28, 859], [39, 859]], [], [true, true]]",
13886,q,a,cx_stage2,,"[[[28, 859], [39, 859]], [], [true, true]]",
13887,q,a,cx_stage3,,"[[[28, 859], [39, 859]], [], [true, true]]",
13888,q,a,cx_stage1,,"[[[28, 863], [39, 863]], [], [true, true]]",
13889,q,a,cx_stage2,,"[[[28, 863], [39, 863]], [], [true, true]]",
13890,q,a,cx_stage3,,"[[[28, 863], [39, 863]], [], [true, true]]",
13891,q,a,cx_stage1,,"[[[28, 866], [40, 866]], [], [true, true]]",
13892,q,a,cx_stage2,,"[[[28, 866], [40, 866]], [], [true, true]]",
13893,q,a,cx_stage3,,"[[[28, 866], [40, 866]], [], [true, true]]",
13894,q,a,cx_stage1,,"[[[28, 870], [40, 870]], [], [true, true]]",
13895,q,a,cx_stage2,,"[[[28, 870], [40, 870]], [], [true, true]]",
13896,q,a,cx_stage3,,"[[[28, 870], [40, 870]], [], [true, true]]",
13897,q,a,cx_stage1,,"[[[28, 873], [41, 873]], [], [true, true]]",
13898,q,a,cx_stage2,,"[[[28, 873], [41, 873]], [], [true, true]]",
13899,q,a,cx_stage3,,"[[[28, 873], [41, 873]], [], [true, true]]",
13900,q,a,cx_stage1,,"[[[28, 877], [41, 877]], [], [true, true]]",
13901,q,a,cx_stage2,,"[[[28, 877], [41, 877]], [], [true, true]]",
13902,q,a,cx_stage3,,"[[[28, 877], [41, 877]], [], [true, true]]",
13903,q,a,cx_stage1,,"[[[28, 880], [42, 880]], [], [true, true]]",
13904,q,a,cx_stage2,,"[[[28, 880], [42, 880]], [], [true, true]]",
13905,q,a,cx_stage3,,"[[[28, 880], [42, 880]], [], [true, true]]",
13906,q,a,cx_stage1,,"[[[28, 884], [42, 884]], [], [true, true]]",
13907,q,a,cx_stage2,,"[[[28, 884], [42, 884]], [], [true, true]]",
13908,q,a,cx_stage3,,"[[[28, 884], [42, 884]], [], [true, true]]",
13909,q,a,cx_stage1,,"[[[28, 887], [43, 887]], [], [true, true]]",
13910,q,a,cx_stage2,,"[[[28, 887], [43, 887]], [], [true, true]]",
13911,q,a,cx_stage3,,"[[[28, 887], [43, 887]], [], [true, true]]",
13912,q,a,cx_stage1,,"[[[28, 891], [43, 891]], [], [true, true]]",
13913,q,a,cx_stage2,,"[[[28, 891], [43, 891]], [], [true, true]]",
13914,q,a,cx_stage3,,"[[[28, 891], [43, 891]], [], [true, true]]",
13915,q,a,cx_stage1,,"[[[28, 894], [44, 894]], [], [true, true]]",
13916,q,a,cx_stage2,,"[[[28, 894], [44, 894]], [], [true, true]]",
13917,q,a,cx_stage3,,"[[[28, 894], [44, 894]], [], [true, true]]",
13918,q,a,cx_stage1,,"[[[28, 898], [44, 898]], [], [true, true]]",
13919,q,a,cx_stage2,,"[[[28, 898], [44, 898]], [], [true, true]]",
13920,q,a,cx_stage3,,"[[[28, 898], [44, 898]], [], [true, true]]",
13921,q,a,cx_stage1,,"[[[28, 901], [45, 901]], [], [true, true]]",
13922,q,a,cx_stage2,,"[[[28, 901], [45, 901]], [], [true, true]]",
13923,q,a,cx_stage3,,"[[[28, 901], [45, 901]], [], [true, true]]",
13924,q,a,cx_stage1,,"[[[28, 905], [45, 905]], [], [true, true]]",
13925,q,a,cx_stage2,,"[[[28, 905], [45, 905]], [], [true, true]]",
13926,q,a,cx_stage3,,"[[[28, 905], [45, 905]], [], [true, true]]",
13927,q,a,cx_stage1,,"[[[28, 908], [46, 908]], [], [true, true]]",
13928,q,a,cx_stage2,,"[[[28, 908], [46, 908]], [], [true, true]]",
13929,q,a,cx_stage3,,"[[[28, 908], [46, 908]], [], [true, true]]",
13930,q,a,cx_stage1,,"[[[28, 912], [46, 912]], [], [true, true]]",
13931,q,a,cx_stage2,,"[[[28, 912], [46, 912]], [], [true, true]]",
13932,q,a,cx_stage3,,"[[[28, 912], [46, 912]], [], [true, true]]",
13933,q,a,cx_stage1,,"[[[28, 915], [47, 915]], [], [true, true]]",
13934,q,a,cx_stage2,,"[[[28, 915], [47, 915]], [], [true, true]]",
13935,q,a,cx_stage3,,"[[[28, 915], [47, 915]], [], [true, true]]",
13936,q,a,cx_stage1,,"[[[28, 919], [47, 919]], [], [true, true]]",
13937,q,a,cx_stage2,,"[[[28, 919], [47, 919]], [], [true, true]]",
13938,q,a,cx_stage3,,"[[[28, 919], [47, 919]], [], [true, true]]",
13939,q,a,cx_stage1,,"[[[28, 922], [48, 922]], [], [true, true]]",
13940,q,a,cx_stage2,,"[[[28, 922], [48, 922]], [], [true, true]]",
13941,q,a,cx_stage3,,"[[[28, 922], [48, 922]], [], [true, true]]",
13942,q,a,cx_stage1,,"[[[28, 926], [48, 926]], [], [true, true]]",
13943,q,a,cx_stage2,,"[[[28, 926], [48, 926]], [], [true, true]]",
13944,q,a,cx_stage3,,"[[[28, 926], [48, 926]], [], [true, true]]",
13945,q,a,cx_stage1,,"[[[28, 929], [49, 929]], [], [true, true]]",
13946,q,a,cx_stage2,,"[[[28, 929], [49, 929]], [], [true, true]]",
13947,q,a,cx_stage3,,"[[[28, 929], [49, 929]], [], [true, true]]",
13948,q,a,cx_stage1,,"[[[28, 933], [49, 933]], [], [true, true]]",
13949,q,a,cx_stage2,,"[[[28, 933], [49, 933]], [], [true, true]]",
13950,q,a,cx_stage3,,"[[[28, 933], [49, 933]], [], [true, true]]",
13951,q,a,cx_stage1,,"[[[28, 936], [50, 936]], [], [true, true]]",
13952,q,a,cx_stage2,,"[[[28, 936], [50, 936]], [], [true, true]]",
13953,q,a,cx_stage3,,"[[[28, 936], [50, 936]], [], [true, true]]",
13954,q,a,cx_stage1,,"[[[28, 940], [50, 940]], [], [true, true]]",
13955,q,a,cx_stage2,,"[[[28, 940], [50, 940]], [], [true, true]]",
13956,q,a,cx_stage3,,"[[[28, 940], [50, 940]], [], [true, true]]",
13957,q,a,cx_stage1,,"[[[28, 943], [51, 943]], [], [true, true]]",
13958,q,a,cx_stage2,,"[[[28, 943], [51, 943]], [], [true, true]]",
13959,q,a,cx_stage3,,"[[[28, 943], [51, 943]], [], [true, true]]",
13960,q,a,cx_stage1,,"[[[28, 947], [51, 947]], [], [true, true]]",
13961,q,a,cx_stage2,,"[[[28, 947], [51, 947]], [], [true, true]]",
13962,q,a,cx_stage3,,"[[[28, 947], [51, 947]], [], [true, true]]",
13963,q,a,cx_stage1,,"[[[28, 950], [52, 950]], [], [true, true]]",
13964,q,a,cx_stage2,,"[[[28, 950], [52, 950]], [], [true, true]]",
13965,q,a,cx_stage3,,"[[[28, 950], [52, 950]], [], [true, true]]",
13966,q,a,cx_stage1,,"[[[28, 954], [52, 954]], [], [true, true]]",
13967,q,a,cx_stage2,,"[[[28, 954], [52, 954]], [], [true, true]]",
13968,q,a,cx_stage3,,"[[[28, 954], [52, 954]], [], [true, true]]",
13969,q,a,cx_stage1,,"[[[28, 957], [53, 957]], [], [true, true]]",
13970,q,a,cx_stage2,,"[[[28, 957], [53, 957]], [], [true, true]]",
13971,q,a,cx_stage3,,"[[[28, 957], [53, 957]], [], [true, true]]",
13972,q,a,cx_stage1,,"[[[28, 961], [53, 961]], [], [true, true]]",
13973,q,a,cx_stage2,,"[[[28, 961], [53, 961]], [], [true, true]]",
13974,q,a,cx_stage3,,"[[[28, 961], [53, 961]], [], [true, true]]",
13975,q,a,cx_stage1,,"[[[28, 964], [54, 964]], [], [true, true]]",
13976,q,a,cx_stage2,,"[[[28, 964], [54, 964]], [], [true, true]]",
13977,q,a,cx_stage3,,"[[[28, 964], [54, 964]], [], [true, true]]",
13978,q,a,cx_stage1,,"[[[28, 968], [54, 968]], [], [true, true]]",
13979,q,a,cx_stage2,,"[[[28, 968], [54, 968]], [], [true, true]]",
13980,q,a,cx_stage3,,"[[[28, 968], [54, 968]], [], [true, true]]",
13981,q,a,cx_stage1,,"[[[28, 971], [55, 971]], [], [true, true]]",
13982,q,a,cx_stage2,,"[[[28, 971], [55, 971]], [], [true, true]]",
13983,q,a,cx_stage3,,"[[[28, 971], [55, 971]], [], [true, true]]",
13984,q,a,cx_stage1,,"[[[28, 975], [55, 975]], [], [true, true]]",
13985,q,a,cx_stage2,,"[[[28, 975], [55, 975]], [], [true, true]]",
13986,q,a,cx_stage3,,"[[[28, 975], [55, 975]], [], [true, true]]",
13987,q,a,ry,,"[[[28, 976]], [], [true]]",
13988,q,a,u2,,"[[[29, 1]], [], [true]]",
13989,q,a,cx_stage1,,"[[[0, 200], [29, 200]], [], [true, true]]",
13990,q,a,cx_stage2,,"[[[29, 1236], [30, 1236]], [], [true, true]]",
13991,q,a,cx_stage1,,"[[[29, 1236], [30, 1236]], [], [true, true]]",
13992,q,a,cx_stage3,,"[[[29, 1236], [30, 1236]], [], [true, true]]",
13993,q,a,cx_stage1,,"[[[28, 1239], [29, 1239]], [], [true, true]]",
13994,q,a,cx_stage3,,"[[[28, 1239], [29, 1239]], [], [true, true]]",
13995,q,a,ry,,"[[[29, 1240]], [], [true]]",
13996,q,a,cx_stage3,,"[[[0, 200], [29, 200]], [], [true, true]]",
13997,q,a,p,,"[[[29, 201]], [], [true]]",
13998,q,a,cx_stage1,,"[[[0, 204], [29, 204]], [], [true, true]]",
13999,q,a,cx_stage3,,"[[[0, 204], [29, 204]], [], [true, true]]",
14000,q,a,cx_stage1,,"[[[1, 207], [29, 207]], [], [true, true]]",
14001,q,a,cx_stage3,,"[[[1, 207], [29, 207]], [], [true, true]]",
14002,q,a,p,,"[[[29, 208]], [], [true]]",
14003,q,a,cx_stage1,,"[[[1, 211], [29, 211]], [], [true, true]]",
14004,q,a,cx_stage3,,"[[[1, 211], [29, 211]], [], [true, true]]",
14005,q,a,cx_stage1,,"[[[2, 214], [29, 214]], [], [true, true]]",
14006,q,a,cx_stage2,,"[[[2, 214], [29, 214]], [], [true, true]]",
14007,q,a,cx_stage3,,"[[[2, 214], [29, 214]], [], [true, true]]",
14008,q,a,p,,"[[[29, 215]], [], [true]]",
14009,q,a,cx_stage1,,"[[[2, 218], [29, 218]], [], [true, true]]",
14010,q,a,cx_stage2,,"[[[2, 218], [29, 218]], [], [true, true]]",
14011,q,a,cx_stage3,,"[[[2, 218], [29, 218]], [], [true, true]]",
14012,q,a,cx_stage1,,"[[[3, 221], [29, 221]], [], [true, true]]",
14013,q,a,cx_stage2,,"[[[3, 221], [29, 221]], [], [true, true]]",
14014,q,a,cx_stage3,,"[[[3, 221], [29, 221]], [], [true, true]]",
14015,q,a,p,,"[[[29, 222]], [], [true]]",
14016,q,a,cx_stage1,,"[[[3, 225], [29, 225]], [], [true, true]]",
14017,q,a,cx_stage2,,"[[[3, 225], [29, 225]], [], [true, true]]",
14018,q,a,cx_stage3,,"[[[3, 225], [29, 225]], [], [true, true]]",
14019,q,a,cx_stage1,,"[[[4, 228], [29, 228]], [], [true, true]]",
14020,q,a,cx_stage2,,"[[[4, 228], [29, 228]], [], [true, true]]",
14021,q,a,cx_stage3,,"[[[4, 228], [29, 228]], [], [true, true]]",
14022,q,a,p,,"[[[29, 229]], [], [true]]",
14023,q,a,cx_stage1,,"[[[4, 232], [29, 232]], [], [true, true]]",
14024,q,a,cx_stage2,,"[[[4, 232], [29, 232]], [], [true, true]]",
14025,q,a,cx_stage3,,"[[[4, 232], [29, 232]], [], [true, true]]",
14026,q,a,cx_stage1,,"[[[5, 235], [29, 235]], [], [true, true]]",
14027,q,a,cx_stage2,,"[[[5, 235], [29, 235]], [], [true, true]]",
14028,q,a,cx_stage3,,"[[[5, 235], [29, 235]], [], [true, true]]",
14029,q,a,p,,"[[[29, 236]], [], [true]]",
14030,q,a,cx_stage1,,"[[[5, 239], [29, 239]], [], [true, true]]",
14031,q,a,cx_stage2,,"[[[5, 239], [29, 239]], [], [true, true]]",
14032,q,a,cx_stage3,,"[[[5, 239], [29, 239]], [], [true, true]]",
14033,q,a,cx_stage1,,"[[[6, 242], [29, 242]], [], [true, true]]",
14034,q,a,cx_stage2,,"[[[6, 242], [29, 242]], [], [true, true]]",
14035,q,a,cx_stage3,,"[[[6, 242], [29, 242]], [], [true, true]]",
14036,q,a,p,,"[[[29, 243]], [], [true]]",
14037,q,a,cx_stage1,,"[[[6, 246], [29, 246]], [], [true, true]]",
14038,q,a,cx_stage2,,"[[[6, 246], [29, 246]], [], [true, true]]",
14039,q,a,cx_stage3,,"[[[6, 246], [29, 246]], [], [true, true]]",
14040,q,a,cx_stage1,,"[[[7, 249], [29, 249]], [], [true, true]]",
14041,q,a,cx_stage2,,"[[[7, 249], [29, 249]], [], [true, true]]",
14042,q,a,cx_stage3,,"[[[7, 249], [29, 249]], [], [true, true]]",
14043,q,a,p,,"[[[29, 250]], [], [true]]",
14044,q,a,cx_stage1,,"[[[7, 253], [29, 253]], [], [true, true]]",
14045,q,a,cx_stage2,,"[[[7, 253], [29, 253]], [], [true, true]]",
14046,q,a,cx_stage3,,"[[[7, 253], [29, 253]], [], [true, true]]",
14047,q,a,cx_stage1,,"[[[8, 256], [29, 256]], [], [true, true]]",
14048,q,a,cx_stage2,,"[[[8, 256], [29, 256]], [], [true, true]]",
14049,q,a,cx_stage3,,"[[[8, 256], [29, 256]], [], [true, true]]",
14050,q,a,p,,"[[[29, 257]], [], [true]]",
14051,q,a,cx_stage1,,"[[[8, 260], [29, 260]], [], [true, true]]",
14052,q,a,cx_stage2,,"[[[8, 260], [29, 260]], [], [true, true]]",
14053,q,a,cx_stage3,,"[[[8, 260], [29, 260]], [], [true, true]]",
14054,q,a,cx_stage1,,"[[[9, 263], [29, 263]], [], [true, true]]",
14055,q,a,cx_stage2,,"[[[9, 263], [29, 263]], [], [true, true]]",
14056,q,a,cx_stage3,,"[[[9, 263], [29, 263]], [], [true, true]]",
14057,q,a,p,,"[[[29, 264]], [], [true]]",
14058,q,a,cx_stage1,,"[[[9, 267], [29, 267]], [], [true, true]]",
14059,q,a,cx_stage2,,"[[[9, 267], [29, 267]], [], [true, true]]",
14060,q,a,cx_stage3,,"[[[9, 267], [29, 267]], [], [true, true]]",
14061,q,a,cx_stage1,,"[[[10, 270], [29, 270]], [], [true, true]]",
14062,q,a,cx_stage3,,"[[[10, 270], [29, 270]], [], [true, true]]",
14063,q,a,p,,"[[[29, 271]], [], [true]]",
14064,q,a,cx_stage1,,"[[[10, 274], [29, 274]], [], [true, true]]",
14065,q,a,cx_stage3,,"[[[10, 274], [29, 274]], [], [true, true]]",
14066,q,a,cx_stage1,,"[[[11, 277], [29, 277]], [], [true, true]]",
14067,q,a,cx_stage3,,"[[[11, 277], [29, 277]], [], [true, true]]",
14068,q,a,p,,"[[[29, 278]], [], [true]]",
14069,q,a,cx_stage1,,"[[[11, 281], [29, 281]], [], [true, true]]",
14070,q,a,cx_stage3,,"[[[11, 281], [29, 281]], [], [true, true]]",
14071,q,a,cx_stage1,,"[[[12, 284], [29, 284]], [], [true, true]]",
14072,q,a,cx_stage3,,"[[[12, 284], [29, 284]], [], [true, true]]",
14073,q,a,p,,"[[[29, 285]], [], [true]]",
14074,q,a,cx_stage1,,"[[[12, 288], [29, 288]], [], [true, true]]",
14075,q,a,cx_stage3,,"[[[12, 288], [29, 288]], [], [true, true]]",
14076,q,a,cx_stage1,,"[[[13, 291], [29, 291]], [], [true, true]]",
14077,q,a,cx_stage3,,"[[[13, 291], [29, 291]], [], [true, true]]",
14078,q,a,p,,"[[[29, 292]], [], [true]]",
14079,q,a,cx_stage1,,"[[[13, 295], [29, 295]], [], [true, true]]",
14080,q,a,cx_stage3,,"[[[13, 295], [29, 295]], [], [true, true]]",
14081,q,a,cx_stage1,,"[[[14, 298], [29, 298]], [], [true, true]]",
14082,q,a,cx_stage3,,"[[[14, 298], [29, 298]], [], [true, true]]",
14083,q,a,p,,"[[[29, 299]], [], [true]]",
14084,q,a,cx_stage1,,"[[[14, 302], [29, 302]], [], [true, true]]",
14085,q,a,cx_stage3,,"[[[14, 302], [29, 302]], [], [true, true]]",
14086,q,a,cx_stage1,,"[[[15, 305], [29, 305]], [], [true, true]]",
14087,q,a,cx_stage3,,"[[[15, 305], [29, 305]], [], [true, true]]",
14088,q,a,p,,"[[[29, 306]], [], [true]]",
14089,q,a,cx_stage1,,"[[[15, 309], [29, 309]], [], [true, true]]",
14090,q,a,cx_stage3,,"[[[15, 309], [29, 309]], [], [true, true]]",
14091,q,a,cx_stage1,,"[[[16, 312], [29, 312]], [], [true, true]]",
14092,q,a,cx_stage3,,"[[[16, 312], [29, 312]], [], [true, true]]",
14093,q,a,p,,"[[[29, 313]], [], [true]]",
14094,q,a,cx_stage1,,"[[[16, 316], [29, 316]], [], [true, true]]",
14095,q,a,cx_stage3,,"[[[16, 316], [29, 316]], [], [true, true]]",
14096,q,a,cx_stage1,,"[[[17, 319], [29, 319]], [], [true, true]]",
14097,q,a,cx_stage3,,"[[[17, 319], [29, 319]], [], [true, true]]",
14098,q,a,p,,"[[[29, 320]], [], [true]]",
14099,q,a,cx_stage1,,"[[[17, 323], [29, 323]], [], [true, true]]",
14100,q,a,cx_stage3,,"[[[17, 323], [29, 323]], [], [true, true]]",
14101,q,a,cx_stage1,,"[[[18, 326], [29, 326]], [], [true, true]]",
14102,q,a,cx_stage3,,"[[[18, 326], [29, 326]], [], [true, true]]",
14103,q,a,p,,"[[[29, 327]], [], [true]]",
14104,q,a,cx_stage1,,"[[[18, 330], [29, 330]], [], [true, true]]",
14105,q,a,cx_stage3,,"[[[18, 330], [29, 330]], [], [true, true]]",
14106,q,a,cx_stage1,,"[[[19, 333], [29, 333]], [], [true, true]]",
14107,q,a,cx_stage3,,"[[[19, 333], [29, 333]], [], [true, true]]",
14108,q,a,p,,"[[[29, 334]], [], [true]]",
14109,q,a,cx_stage1,,"[[[19, 337], [29, 337]], [], [true, true]]",
14110,q,a,cx_stage3,,"[[[19, 337], [29, 337]], [], [true, true]]",
14111,q,a,cx_stage1,,"[[[20, 340], [29, 340]], [], [true, true]]",
14112,q,a,cx_stage3,,"[[[20, 340], [29, 340]], [], [true, true]]",
14113,q,a,p,,"[[[29, 341]], [], [true]]",
14114,q,a,cx_stage1,,"[[[20, 344], [29, 344]], [], [true, true]]",
14115,q,a,cx_stage3,,"[[[20, 344], [29, 344]], [], [true, true]]",
14116,q,a,cx_stage1,,"[[[21, 347], [29, 347]], [], [true, true]]",
14117,q,a,cx_stage3,,"[[[21, 347], [29, 347]], [], [true, true]]",
14118,q,a,p,,"[[[29, 348]], [], [true]]",
14119,q,a,cx_stage1,,"[[[21, 351], [29, 351]], [], [true, true]]",
14120,q,a,cx_stage3,,"[[[21, 351], [29, 351]], [], [true, true]]",
14121,q,a,cx_stage1,,"[[[22, 354], [29, 354]], [], [true, true]]",
14122,q,a,cx_stage3,,"[[[22, 354], [29, 354]], [], [true, true]]",
14123,q,a,p,,"[[[29, 355]], [], [true]]",
14124,q,a,cx_stage1,,"[[[22, 358], [29, 358]], [], [true, true]]",
14125,q,a,cx_stage3,,"[[[22, 358], [29, 358]], [], [true, true]]",
14126,q,a,cx_stage1,,"[[[23, 361], [29, 361]], [], [true, true]]",
14127,q,a,cx_stage3,,"[[[23, 361], [29, 361]], [], [true, true]]",
14128,q,a,p,,"[[[29, 362]], [], [true]]",
14129,q,a,cx_stage1,,"[[[23, 365], [29, 365]], [], [true, true]]",
14130,q,a,cx_stage3,,"[[[23, 365], [29, 365]], [], [true, true]]",
14131,q,a,cx_stage1,,"[[[24, 368], [29, 368]], [], [true, true]]",
14132,q,a,cx_stage3,,"[[[24, 368], [29, 368]], [], [true, true]]",
14133,q,a,p,,"[[[29, 369]], [], [true]]",
14134,q,a,cx_stage1,,"[[[24, 372], [29, 372]], [], [true, true]]",
14135,q,a,cx_stage3,,"[[[24, 372], [29, 372]], [], [true, true]]",
14136,q,a,cx_stage1,,"[[[25, 375], [29, 375]], [], [true, true]]",
14137,q,a,cx_stage3,,"[[[25, 375], [29, 375]], [], [true, true]]",
14138,q,a,p,,"[[[29, 376]], [], [true]]",
14139,q,a,cx_stage1,,"[[[25, 379], [29, 379]], [], [true, true]]",
14140,q,a,cx_stage3,,"[[[25, 379], [29, 379]], [], [true, true]]",
14141,q,a,cx_stage1,,"[[[26, 382], [29, 382]], [], [true, true]]",
14142,q,a,cx_stage3,,"[[[26, 382], [29, 382]], [], [true, true]]",
14143,q,a,p,,"[[[29, 383]], [], [true]]",
14144,q,a,cx_stage1,,"[[[26, 386], [29, 386]], [], [true, true]]",
14145,q,a,cx_stage3,,"[[[26, 386], [29, 386]], [], [true, true]]",
14146,q,a,cx_stage1,,"[[[27, 389], [29, 389]], [], [true, true]]",
14147,q,a,cx_stage3,,"[[[27, 389], [29, 389]], [], [true, true]]",
14148,q,a,p,,"[[[29, 390]], [], [true]]",
14149,q,a,cx_stage1,,"[[[27, 393], [29, 393]], [], [true, true]]",
14150,q,a,cx_stage3,,"[[[27, 393], [29, 393]], [], [true, true]]",
14151,q,a,cx_stage1,,"[[[28, 396], [29, 396]], [], [true, true]]",
14152,q,a,cx_stage3,,"[[[28, 396], [29, 396]], [], [true, true]]",
14153,q,a,p,,"[[[29, 397]], [], [true]]",
14154,q,a,cx_stage1,,"[[[28, 400], [29, 400]], [], [true, true]]",
14155,q,a,cx_stage3,,"[[[28, 400], [29, 400]], [], [true, true]]",
14156,q,a,cx_stage1,,"[[[29, 410], [30, 410]], [], [true, true]]",
14157,q,a,cx_stage2,,"[[[29, 410], [30, 410]], [], [true, true]]",
14158,q,a,cx_stage3,,"[[[29, 410], [30, 410]], [], [true, true]]",
14159,q,a,cx_stage1,,"[[[29, 414], [30, 414]], [], [true, true]]",
14160,q,a,cx_stage2,,"[[[29, 414], [30, 414]], [], [true, true]]",
14161,q,a,cx_stage3,,"[[[29, 414], [30, 414]], [], [true, true]]",
14162,q,a,cx_stage1,,"[[[29, 417], [31, 417]], [], [true, true]]",
14163,q,a,cx_stage2,,"[[[29, 417], [31, 417]], [], [true, true]]",
14164,q,a,cx_stage3,,"[[[29, 417], [31, 417]], [], [true, true]]",
14165,q,a,cx_stage1,,"[[[29, 421], [31, 421]], [], [true, true]]",
14166,q,a,cx_stage2,,"[[[29, 421], [31, 421]], [], [true, true]]",
14167,q,a,cx_stage3,,"[[[29, 421], [31, 421]], [], [true, true]]",
14168,q,a,cx_stage1,,"[[[29, 424], [32, 424]], [], [true, true]]",
14169,q,a,cx_stage2,,"[[[29, 424], [32, 424]], [], [true, true]]",
14170,q,a,cx_stage3,,"[[[29, 424], [32, 424]], [], [true, true]]",
14171,q,a,cx_stage1,,"[[[29, 428], [32, 428]], [], [true, true]]",
14172,q,a,cx_stage2,,"[[[29, 428], [32, 428]], [], [true, true]]",
14173,q,a,cx_stage3,,"[[[29, 428], [32, 428]], [], [true, true]]",
14174,q,a,cx_stage1,,"[[[29, 431], [33, 431]], [], [true, true]]",
14175,q,a,cx_stage2,,"[[[29, 431], [33, 431]], [], [true, true]]",
14176,q,a,cx_stage3,,"[[[29, 431], [33, 431]], [], [true, true]]",
14177,q,a,cx_stage1,,"[[[29, 435], [33, 435]], [], [true, true]]",
14178,q,a,cx_stage2,,"[[[29, 435], [33, 435]], [], [true, true]]",
14179,q,a,cx_stage3,,"[[[29, 435], [33, 435]], [], [true, true]]",
14180,q,a,cx_stage1,,"[[[29, 438], [34, 438]], [], [true, true]]",
14181,q,a,cx_stage2,,"[[[29, 438], [34, 438]], [], [true, true]]",
14182,q,a,cx_stage3,,"[[[29, 438], [34, 438]], [], [true, true]]",
14183,q,a,cx_stage1,,"[[[29, 442], [34, 442]], [], [true, true]]",
14184,q,a,cx_stage2,,"[[[29, 442], [34, 442]], [], [true, true]]",
14185,q,a,cx_stage3,,"[[[29, 442], [34, 442]], [], [true, true]]",
14186,q,a,cx_stage1,,"[[[29, 445], [35, 445]], [], [true, true]]",
14187,q,a,cx_stage2,,"[[[29, 445], [35, 445]], [], [true, true]]",
14188,q,a,cx_stage3,,"[[[29, 445], [35, 445]], [], [true, true]]",
14189,q,a,cx_stage1,,"[[[29, 449], [35, 449]], [], [true, true]]",
14190,q,a,cx_stage2,,"[[[29, 449], [35, 449]], [], [true, true]]",
14191,q,a,cx_stage3,,"[[[29, 449], [35, 449]], [], [true, true]]",
14192,q,a,cx_stage1,,"[[[29, 452], [36, 452]], [], [true, true]]",
14193,q,a,cx_stage2,,"[[[29, 452], [36, 452]], [], [true, true]]",
14194,q,a,cx_stage3,,"[[[29, 452], [36, 452]], [], [true, true]]",
14195,q,a,cx_stage1,,"[[[29, 456], [36, 456]], [], [true, true]]",
14196,q,a,cx_stage2,,"[[[29, 456], [36, 456]], [], [true, true]]",
14197,q,a,cx_stage3,,"[[[29, 456], [36, 456]], [], [true, true]]",
14198,q,a,cx_stage1,,"[[[29, 459], [37, 459]], [], [true, true]]",
14199,q,a,cx_stage2,,"[[[29, 459], [37, 459]], [], [true, true]]",
14200,q,a,cx_stage3,,"[[[29, 459], [37, 459]], [], [true, true]]",
14201,q,a,cx_stage1,,"[[[29, 463], [37, 463]], [], [true, true]]",
14202,q,a,cx_stage2,,"[[[29, 463], [37, 463]], [], [true, true]]",
14203,q,a,cx_stage3,,"[[[29, 463], [37, 463]], [], [true, true]]",
14204,q,a,cx_stage1,,"[[[29, 466], [38, 466]], [], [true, true]]",
14205,q,a,cx_stage2,,"[[[29, 466], [38, 466]], [], [true, true]]",
14206,q,a,cx_stage3,,"[[[29, 466], [38, 466]], [], [true, true]]",
14207,q,a,cx_stage1,,"[[[29, 470], [38, 470]], [], [true, true]]",
14208,q,a,cx_stage2,,"[[[29, 470], [38, 470]], [], [true, true]]",
14209,q,a,cx_stage3,,"[[[29, 470], [38, 470]], [], [true, true]]",
14210,q,a,cx_stage1,,"[[[29, 473], [39, 473]], [], [true, true]]",
14211,q,a,cx_stage2,,"[[[29, 473], [39, 473]], [], [true, true]]",
14212,q,a,cx_stage3,,"[[[29, 473], [39, 473]], [], [true, true]]",
14213,q,a,cx_stage1,,"[[[29, 477], [39, 477]], [], [true, true]]",
14214,q,a,cx_stage2,,"[[[29, 477], [39, 477]], [], [true, true]]",
14215,q,a,cx_stage3,,"[[[29, 477], [39, 477]], [], [true, true]]",
14216,q,a,cx_stage1,,"[[[29, 480], [40, 480]], [], [true, true]]",
14217,q,a,cx_stage2,,"[[[29, 480], [40, 480]], [], [true, true]]",
14218,q,a,cx_stage3,,"[[[29, 480], [40, 480]], [], [true, true]]",
14219,q,a,cx_stage1,,"[[[29, 484], [40, 484]], [], [true, true]]",
14220,q,a,cx_stage2,,"[[[29, 484], [40, 484]], [], [true, true]]",
14221,q,a,cx_stage3,,"[[[29, 484], [40, 484]], [], [true, true]]",
14222,q,a,cx_stage1,,"[[[29, 487], [41, 487]], [], [true, true]]",
14223,q,a,cx_stage2,,"[[[29, 487], [41, 487]], [], [true, true]]",
14224,q,a,cx_stage3,,"[[[29, 487], [41, 487]], [], [true, true]]",
14225,q,a,cx_stage1,,"[[[29, 491], [41, 491]], [], [true, true]]",
14226,q,a,cx_stage2,,"[[[29, 491], [41, 491]], [], [true, true]]",
14227,q,a,cx_stage3,,"[[[29, 491], [41, 491]], [], [true, true]]",
14228,q,a,cx_stage1,,"[[[29, 494], [42, 494]], [], [true, true]]",
14229,q,a,cx_stage2,,"[[[29, 494], [42, 494]], [], [true, true]]",
14230,q,a,cx_stage3,,"[[[29, 494], [42, 494]], [], [true, true]]",
14231,q,a,cx_stage1,,"[[[29, 498], [42, 498]], [], [true, true]]",
14232,q,a,cx_stage2,,"[[[29, 498], [42, 498]], [], [true, true]]",
14233,q,a,cx_stage3,,"[[[29, 498], [42, 498]], [], [true, true]]",
14234,q,a,cx_stage1,,"[[[29, 501], [43, 501]], [], [true, true]]",
14235,q,a,cx_stage2,,"[[[29, 501], [43, 501]], [], [true, true]]",
14236,q,a,cx_stage3,,"[[[29, 501], [43, 501]], [], [true, true]]",
14237,q,a,cx_stage1,,"[[[29, 505], [43, 505]], [], [true, true]]",
14238,q,a,cx_stage2,,"[[[29, 505], [43, 505]], [], [true, true]]",
14239,q,a,cx_stage3,,"[[[29, 505], [43, 505]], [], [true, true]]",
14240,q,a,cx_stage1,,"[[[29, 508], [44, 508]], [], [true, true]]",
14241,q,a,cx_stage2,,"[[[29, 508], [44, 508]], [], [true, true]]",
14242,q,a,cx_stage3,,"[[[29, 508], [44, 508]], [], [true, true]]",
14243,q,a,cx_stage1,,"[[[29, 512], [44, 512]], [], [true, true]]",
14244,q,a,cx_stage2,,"[[[29, 512], [44, 512]], [], [true, true]]",
14245,q,a,cx_stage3,,"[[[29, 512], [44, 512]], [], [true, true]]",
14246,q,a,cx_stage1,,"[[[29, 515], [45, 515]], [], [true, true]]",
14247,q,a,cx_stage2,,"[[[29, 515], [45, 515]], [], [true, true]]",
14248,q,a,cx_stage3,,"[[[29, 515], [45, 515]], [], [true, true]]",
14249,q,a,cx_stage1,,"[[[29, 519], [45, 519]], [], [true, true]]",
14250,q,a,cx_stage2,,"[[[29, 519], [45, 519]], [], [true, true]]",
14251,q,a,cx_stage3,,"[[[29, 519], [45, 519]], [], [true, true]]",
14252,q,a,cx_stage1,,"[[[29, 522], [46, 522]], [], [true, true]]",
14253,q,a,cx_stage2,,"[[[29, 522], [46, 522]], [], [true, true]]",
14254,q,a,cx_stage3,,"[[[29, 522], [46, 522]], [], [true, true]]",
14255,q,a,cx_stage1,,"[[[29, 526], [46, 526]], [], [true, true]]",
14256,q,a,cx_stage2,,"[[[29, 526], [46, 526]], [], [true, true]]",
14257,q,a,cx_stage3,,"[[[29, 526], [46, 526]], [], [true, true]]",
14258,q,a,cx_stage1,,"[[[29, 529], [47, 529]], [], [true, true]]",
14259,q,a,cx_stage2,,"[[[29, 529], [47, 529]], [], [true, true]]",
14260,q,a,cx_stage3,,"[[[29, 529], [47, 529]], [], [true, true]]",
14261,q,a,cx_stage1,,"[[[29, 533], [47, 533]], [], [true, true]]",
14262,q,a,cx_stage2,,"[[[29, 533], [47, 533]], [], [true, true]]",
14263,q,a,cx_stage3,,"[[[29, 533], [47, 533]], [], [true, true]]",
14264,q,a,cx_stage1,,"[[[29, 536], [48, 536]], [], [true, true]]",
14265,q,a,cx_stage2,,"[[[29, 536], [48, 536]], [], [true, true]]",
14266,q,a,cx_stage3,,"[[[29, 536], [48, 536]], [], [true, true]]",
14267,q,a,cx_stage1,,"[[[29, 540], [48, 540]], [], [true, true]]",
14268,q,a,cx_stage2,,"[[[29, 540], [48, 540]], [], [true, true]]",
14269,q,a,cx_stage3,,"[[[29, 540], [48, 540]], [], [true, true]]",
14270,q,a,cx_stage1,,"[[[29, 543], [49, 543]], [], [true, true]]",
14271,q,a,cx_stage2,,"[[[29, 543], [49, 543]], [], [true, true]]",
14272,q,a,cx_stage3,,"[[[29, 543], [49, 543]], [], [true, true]]",
14273,q,a,cx_stage1,,"[[[29, 547], [49, 547]], [], [true, true]]",
14274,q,a,cx_stage2,,"[[[29, 547], [49, 547]], [], [true, true]]",
14275,q,a,cx_stage3,,"[[[29, 547], [49, 547]], [], [true, true]]",
14276,q,a,cx_stage1,,"[[[29, 550], [50, 550]], [], [true, true]]",
14277,q,a,cx_stage2,,"[[[29, 550], [50, 550]], [], [true, true]]",
14278,q,a,cx_stage3,,"[[[29, 550], [50, 550]], [], [true, true]]",
14279,q,a,cx_stage1,,"[[[29, 554], [50, 554]], [], [true, true]]",
14280,q,a,cx_stage2,,"[[[29, 554], [50, 554]], [], [true, true]]",
14281,q,a,cx_stage3,,"[[[29, 554], [50, 554]], [], [true, true]]",
14282,q,a,cx_stage1,,"[[[29, 557], [51, 557]], [], [true, true]]",
14283,q,a,cx_stage2,,"[[[29, 557], [51, 557]], [], [true, true]]",
14284,q,a,cx_stage3,,"[[[29, 557], [51, 557]], [], [true, true]]",
14285,q,a,cx_stage1,,"[[[29, 561], [51, 561]], [], [true, true]]",
14286,q,a,cx_stage2,,"[[[29, 561], [51, 561]], [], [true, true]]",
14287,q,a,cx_stage3,,"[[[29, 561], [51, 561]], [], [true, true]]",
14288,q,a,cx_stage1,,"[[[29, 564], [52, 564]], [], [true, true]]",
14289,q,a,cx_stage2,,"[[[29, 564], [52, 564]], [], [true, true]]",
14290,q,a,cx_stage3,,"[[[29, 564], [52, 564]], [], [true, true]]",
14291,q,a,cx_stage1,,"[[[29, 568], [52, 568]], [], [true, true]]",
14292,q,a,cx_stage2,,"[[[29, 568], [52, 568]], [], [true, true]]",
14293,q,a,cx_stage3,,"[[[29, 568], [52, 568]], [], [true, true]]",
14294,q,a,cx_stage1,,"[[[29, 571], [53, 571]], [], [true, true]]",
14295,q,a,cx_stage2,,"[[[29, 571], [53, 571]], [], [true, true]]",
14296,q,a,cx_stage3,,"[[[29, 571], [53, 571]], [], [true, true]]",
14297,q,a,cx_stage1,,"[[[29, 575], [53, 575]], [], [true, true]]",
14298,q,a,cx_stage2,,"[[[29, 575], [53, 575]], [], [true, true]]",
14299,q,a,cx_stage3,,"[[[29, 575], [53, 575]], [], [true, true]]",
14300,q,a,cx_stage1,,"[[[29, 578], [54, 578]], [], [true, true]]",
14301,q,a,cx_stage2,,"[[[29, 578], [54, 578]], [], [true, true]]",
14302,q,a,cx_stage3,,"[[[29, 578], [54, 578]], [], [true, true]]",
14303,q,a,cx_stage1,,"[[[29, 582], [54, 582]], [], [true, true]]",
14304,q,a,cx_stage2,,"[[[29, 582], [54, 582]], [], [true, true]]",
14305,q,a,cx_stage3,,"[[[29, 582], [54, 582]], [], [true, true]]",
14306,q,a,cx_stage1,,"[[[29, 585], [55, 585]], [], [true, true]]",
14307,q,a,cx_stage2,,"[[[29, 585], [55, 585]], [], [true, true]]",
14308,q,a,cx_stage3,,"[[[29, 585], [55, 585]], [], [true, true]]",
14309,q,a,cx_stage1,,"[[[29, 589], [55, 589]], [], [true, true]]",
14310,q,a,cx_stage2,,"[[[29, 589], [55, 589]], [], [true, true]]",
14311,q,a,cx_stage3,,"[[[29, 589], [55, 589]], [], [true, true]]",
14312,q,a,u2,,"[[[29, 590]], [], [true]]",
14313,q,a,cx_stage1,,"[[[0, 593], [29, 593]], [], [true, true]]",
14314,q,a,cx_stage3,,"[[[0, 593], [29, 593]], [], [true, true]]",
14315,q,a,p,,"[[[29, 594]], [], [true]]",
14316,q,a,cx_stage1,,"[[[0, 597], [29, 597]], [], [true, true]]",
14317,q,a,cx_stage3,,"[[[0, 597], [29, 597]], [], [true, true]]",
14318,q,a,cx_stage1,,"[[[1, 600], [29, 600]], [], [true, true]]",
14319,q,a,cx_stage3,,"[[[1, 600], [29, 600]], [], [true, true]]",
14320,q,a,p,,"[[[29, 601]], [], [true]]",
14321,q,a,cx_stage1,,"[[[1, 604], [29, 604]], [], [true, true]]",
14322,q,a,cx_stage3,,"[[[1, 604], [29, 604]], [], [true, true]]",
14323,q,a,cx_stage1,,"[[[2, 607], [29, 607]], [], [true, true]]",
14324,q,a,cx_stage2,,"[[[2, 607], [29, 607]], [], [true, true]]",
14325,q,a,cx_stage3,,"[[[2, 607], [29, 607]], [], [true, true]]",
14326,q,a,p,,"[[[29, 608]], [], [true]]",
14327,q,a,cx_stage1,,"[[[2, 611], [29, 611]], [], [true, true]]",
14328,q,a,cx_stage2,,"[[[2, 611], [29, 611]], [], [true, true]]",
14329,q,a,cx_stage3,,"[[[2, 611], [29, 611]], [], [true, true]]",
14330,q,a,cx_stage1,,"[[[3, 614], [29, 614]], [], [true, true]]",
14331,q,a,cx_stage2,,"[[[3, 614], [29, 614]], [], [true, true]]",
14332,q,a,cx_stage3,,"[[[3, 614], [29, 614]], [], [true, true]]",
14333,q,a,p,,"[[[29, 615]], [], [true]]",
14334,q,a,cx_stage1,,"[[[3, 618], [29, 618]], [], [true, true]]",
14335,q,a,cx_stage2,,"[[[3, 618], [29, 618]], [], [true, true]]",
14336,q,a,cx_stage3,,"[[[3, 618], [29, 618]], [], [true, true]]",
14337,q,a,cx_stage1,,"[[[4, 621], [29, 621]], [], [true, true]]",
14338,q,a,cx_stage2,,"[[[4, 621], [29, 621]], [], [true, true]]",
14339,q,a,cx_stage3,,"[[[4, 621], [29, 621]], [], [true, true]]",
14340,q,a,p,,"[[[29, 622]], [], [true]]",
14341,q,a,cx_stage1,,"[[[4, 625], [29, 625]], [], [true, true]]",
14342,q,a,cx_stage2,,"[[[4, 625], [29, 625]], [], [true, true]]",
14343,q,a,cx_stage3,,"[[[4, 625], [29, 625]], [], [true, true]]",
14344,q,a,cx_stage1,,"[[[5, 628], [29, 628]], [], [true, true]]",
14345,q,a,cx_stage2,,"[[[5, 628], [29, 628]], [], [true, true]]",
14346,q,a,cx_stage3,,"[[[5, 628], [29, 628]], [], [true, true]]",
14347,q,a,p,,"[[[29, 629]], [], [true]]",
14348,q,a,cx_stage1,,"[[[5, 632], [29, 632]], [], [true, true]]",
14349,q,a,cx_stage2,,"[[[5, 632], [29, 632]], [], [true, true]]",
14350,q,a,cx_stage3,,"[[[5, 632], [29, 632]], [], [true, true]]",
14351,q,a,cx_stage1,,"[[[6, 635], [29, 635]], [], [true, true]]",
14352,q,a,cx_stage2,,"[[[6, 635], [29, 635]], [], [true, true]]",
14353,q,a,cx_stage3,,"[[[6, 635], [29, 635]], [], [true, true]]",
14354,q,a,p,,"[[[29, 636]], [], [true]]",
14355,q,a,cx_stage1,,"[[[6, 639], [29, 639]], [], [true, true]]",
14356,q,a,cx_stage2,,"[[[6, 639], [29, 639]], [], [true, true]]",
14357,q,a,cx_stage3,,"[[[6, 639], [29, 639]], [], [true, true]]",
14358,q,a,cx_stage1,,"[[[7, 642], [29, 642]], [], [true, true]]",
14359,q,a,cx_stage2,,"[[[7, 642], [29, 642]], [], [true, true]]",
14360,q,a,cx_stage3,,"[[[7, 642], [29, 642]], [], [true, true]]",
14361,q,a,p,,"[[[29, 643]], [], [true]]",
14362,q,a,cx_stage1,,"[[[7, 646], [29, 646]], [], [true, true]]",
14363,q,a,cx_stage2,,"[[[7, 646], [29, 646]], [], [true, true]]",
14364,q,a,cx_stage3,,"[[[7, 646], [29, 646]], [], [true, true]]",
14365,q,a,cx_stage1,,"[[[8, 649], [29, 649]], [], [true, true]]",
14366,q,a,cx_stage2,,"[[[8, 649], [29, 649]], [], [true, true]]",
14367,q,a,cx_stage3,,"[[[8, 649], [29, 649]], [], [true, true]]",
14368,q,a,p,,"[[[29, 650]], [], [true]]",
14369,q,a,cx_stage1,,"[[[8, 653], [29, 653]], [], [true, true]]",
14370,q,a,cx_stage2,,"[[[8, 653], [29, 653]], [], [true, true]]",
14371,q,a,cx_stage3,,"[[[8, 653], [29, 653]], [], [true, true]]",
14372,q,a,cx_stage1,,"[[[9, 656], [29, 656]], [], [true, true]]",
14373,q,a,cx_stage2,,"[[[9, 656], [29, 656]], [], [true, true]]",
14374,q,a,cx_stage3,,"[[[9, 656], [29, 656]], [], [true, true]]",
14375,q,a,p,,"[[[29, 657]], [], [true]]",
14376,q,a,cx_stage1,,"[[[9, 660], [29, 660]], [], [true, true]]",
14377,q,a,cx_stage2,,"[[[9, 660], [29, 660]], [], [true, true]]",
14378,q,a,cx_stage3,,"[[[9, 660], [29, 660]], [], [true, true]]",
14379,q,a,cx_stage1,,"[[[10, 663], [29, 663]], [], [true, true]]",
14380,q,a,cx_stage3,,"[[[10, 663], [29, 663]], [], [true, true]]",
14381,q,a,p,,"[[[29, 664]], [], [true]]",
14382,q,a,cx_stage1,,"[[[10, 667], [29, 667]], [], [true, true]]",
14383,q,a,cx_stage3,,"[[[10, 667], [29, 667]], [], [true, true]]",
14384,q,a,cx_stage1,,"[[[11, 670], [29, 670]], [], [true, true]]",
14385,q,a,cx_stage3,,"[[[11, 670], [29, 670]], [], [true, true]]",
14386,q,a,p,,"[[[29, 671]], [], [true]]",
14387,q,a,cx_stage1,,"[[[11, 674], [29, 674]], [], [true, true]]",
14388,q,a,cx_stage3,,"[[[11, 674], [29, 674]], [], [true, true]]",
14389,q,a,cx_stage1,,"[[[12, 677], [29, 677]], [], [true, true]]",
14390,q,a,cx_stage3,,"[[[12, 677], [29, 677]], [], [true, true]]",
14391,q,a,p,,"[[[29, 678]], [], [true]]",
14392,q,a,cx_stage1,,"[[[12, 681], [29, 681]], [], [true, true]]",
14393,q,a,cx_stage3,,"[[[12, 681], [29, 681]], [], [true, true]]",
14394,q,a,cx_stage1,,"[[[13, 684], [29, 684]], [], [true, true]]",
14395,q,a,cx_stage3,,"[[[13, 684], [29, 684]], [], [true, true]]",
14396,q,a,p,,"[[[29, 685]], [], [true]]",
14397,q,a,cx_stage1,,"[[[13, 688], [29, 688]], [], [true, true]]",
14398,q,a,cx_stage3,,"[[[13, 688], [29, 688]], [], [true, true]]",
14399,q,a,cx_stage1,,"[[[14, 691], [29, 691]], [], [true, true]]",
14400,q,a,cx_stage3,,"[[[14, 691], [29, 691]], [], [true, true]]",
14401,q,a,p,,"[[[29, 692]], [], [true]]",
14402,q,a,cx_stage1,,"[[[14, 695], [29, 695]], [], [true, true]]",
14403,q,a,cx_stage3,,"[[[14, 695], [29, 695]], [], [true, true]]",
14404,q,a,cx_stage1,,"[[[15, 698], [29, 698]], [], [true, true]]",
14405,q,a,cx_stage3,,"[[[15, 698], [29, 698]], [], [true, true]]",
14406,q,a,p,,"[[[29, 699]], [], [true]]",
14407,q,a,cx_stage1,,"[[[15, 702], [29, 702]], [], [true, true]]",
14408,q,a,cx_stage3,,"[[[15, 702], [29, 702]], [], [true, true]]",
14409,q,a,cx_stage1,,"[[[16, 705], [29, 705]], [], [true, true]]",
14410,q,a,cx_stage3,,"[[[16, 705], [29, 705]], [], [true, true]]",
14411,q,a,p,,"[[[29, 706]], [], [true]]",
14412,q,a,cx_stage1,,"[[[16, 709], [29, 709]], [], [true, true]]",
14413,q,a,cx_stage3,,"[[[16, 709], [29, 709]], [], [true, true]]",
14414,q,a,cx_stage1,,"[[[17, 712], [29, 712]], [], [true, true]]",
14415,q,a,cx_stage3,,"[[[17, 712], [29, 712]], [], [true, true]]",
14416,q,a,p,,"[[[29, 713]], [], [true]]",
14417,q,a,cx_stage1,,"[[[17, 716], [29, 716]], [], [true, true]]",
14418,q,a,cx_stage3,,"[[[17, 716], [29, 716]], [], [true, true]]",
14419,q,a,cx_stage1,,"[[[18, 719], [29, 719]], [], [true, true]]",
14420,q,a,cx_stage3,,"[[[18, 719], [29, 719]], [], [true, true]]",
14421,q,a,p,,"[[[29, 720]], [], [true]]",
14422,q,a,cx_stage1,,"[[[18, 723], [29, 723]], [], [true, true]]",
14423,q,a,cx_stage3,,"[[[18, 723], [29, 723]], [], [true, true]]",
14424,q,a,cx_stage1,,"[[[19, 726], [29, 726]], [], [true, true]]",
14425,q,a,cx_stage3,,"[[[19, 726], [29, 726]], [], [true, true]]",
14426,q,a,p,,"[[[29, 727]], [], [true]]",
14427,q,a,cx_stage1,,"[[[19, 730], [29, 730]], [], [true, true]]",
14428,q,a,cx_stage3,,"[[[19, 730], [29, 730]], [], [true, true]]",
14429,q,a,cx_stage1,,"[[[20, 733], [29, 733]], [], [true, true]]",
14430,q,a,cx_stage3,,"[[[20, 733], [29, 733]], [], [true, true]]",
14431,q,a,p,,"[[[29, 734]], [], [true]]",
14432,q,a,cx_stage1,,"[[[20, 737], [29, 737]], [], [true, true]]",
14433,q,a,cx_stage3,,"[[[20, 737], [29, 737]], [], [true, true]]",
14434,q,a,cx_stage1,,"[[[21, 740], [29, 740]], [], [true, true]]",
14435,q,a,cx_stage3,,"[[[21, 740], [29, 740]], [], [true, true]]",
14436,q,a,p,,"[[[29, 741]], [], [true]]",
14437,q,a,cx_stage1,,"[[[21, 744], [29, 744]], [], [true, true]]",
14438,q,a,cx_stage3,,"[[[21, 744], [29, 744]], [], [true, true]]",
14439,q,a,cx_stage1,,"[[[22, 747], [29, 747]], [], [true, true]]",
14440,q,a,cx_stage3,,"[[[22, 747], [29, 747]], [], [true, true]]",
14441,q,a,p,,"[[[29, 748]], [], [true]]",
14442,q,a,cx_stage1,,"[[[22, 751], [29, 751]], [], [true, true]]",
14443,q,a,cx_stage3,,"[[[22, 751], [29, 751]], [], [true, true]]",
14444,q,a,cx_stage1,,"[[[23, 754], [29, 754]], [], [true, true]]",
14445,q,a,cx_stage3,,"[[[23, 754], [29, 754]], [], [true, true]]",
14446,q,a,p,,"[[[29, 755]], [], [true]]",
14447,q,a,cx_stage1,,"[[[23, 758], [29, 758]], [], [true, true]]",
14448,q,a,cx_stage3,,"[[[23, 758], [29, 758]], [], [true, true]]",
14449,q,a,cx_stage1,,"[[[24, 761], [29, 761]], [], [true, true]]",
14450,q,a,cx_stage3,,"[[[24, 761], [29, 761]], [], [true, true]]",
14451,q,a,p,,"[[[29, 762]], [], [true]]",
14452,q,a,cx_stage1,,"[[[24, 765], [29, 765]], [], [true, true]]",
14453,q,a,cx_stage3,,"[[[24, 765], [29, 765]], [], [true, true]]",
14454,q,a,cx_stage1,,"[[[25, 768], [29, 768]], [], [true, true]]",
14455,q,a,cx_stage3,,"[[[25, 768], [29, 768]], [], [true, true]]",
14456,q,a,p,,"[[[29, 769]], [], [true]]",
14457,q,a,cx_stage1,,"[[[25, 772], [29, 772]], [], [true, true]]",
14458,q,a,cx_stage3,,"[[[25, 772], [29, 772]], [], [true, true]]",
14459,q,a,cx_stage1,,"[[[26, 775], [29, 775]], [], [true, true]]",
14460,q,a,cx_stage3,,"[[[26, 775], [29, 775]], [], [true, true]]",
14461,q,a,p,,"[[[29, 776]], [], [true]]",
14462,q,a,cx_stage1,,"[[[26, 779], [29, 779]], [], [true, true]]",
14463,q,a,cx_stage3,,"[[[26, 779], [29, 779]], [], [true, true]]",
14464,q,a,cx_stage1,,"[[[27, 782], [29, 782]], [], [true, true]]",
14465,q,a,cx_stage3,,"[[[27, 782], [29, 782]], [], [true, true]]",
14466,q,a,p,,"[[[29, 783]], [], [true]]",
14467,q,a,cx_stage1,,"[[[27, 786], [29, 786]], [], [true, true]]",
14468,q,a,cx_stage3,,"[[[27, 786], [29, 786]], [], [true, true]]",
14469,q,a,cx_stage1,,"[[[28, 789], [29, 789]], [], [true, true]]",
14470,q,a,cx_stage3,,"[[[28, 789], [29, 789]], [], [true, true]]",
14471,q,a,p,,"[[[29, 790]], [], [true]]",
14472,q,a,cx_stage1,,"[[[28, 793], [29, 793]], [], [true, true]]",
14473,q,a,cx_stage3,,"[[[28, 793], [29, 793]], [], [true, true]]",
14474,q,a,cx_stage1,,"[[[29, 803], [30, 803]], [], [true, true]]",
14475,q,a,cx_stage2,,"[[[29, 803], [30, 803]], [], [true, true]]",
14476,q,a,cx_stage3,,"[[[29, 803], [30, 803]], [], [true, true]]",
14477,q,a,cx_stage1,,"[[[29, 807], [30, 807]], [], [true, true]]",
14478,q,a,cx_stage2,,"[[[29, 807], [30, 807]], [], [true, true]]",
14479,q,a,cx_stage3,,"[[[29, 807], [30, 807]], [], [true, true]]",
14480,q,a,cx_stage1,,"[[[29, 810], [31, 810]], [], [true, true]]",
14481,q,a,cx_stage2,,"[[[29, 810], [31, 810]], [], [true, true]]",
14482,q,a,cx_stage3,,"[[[29, 810], [31, 810]], [], [true, true]]",
14483,q,a,cx_stage1,,"[[[29, 814], [31, 814]], [], [true, true]]",
14484,q,a,cx_stage2,,"[[[29, 814], [31, 814]], [], [true, true]]",
14485,q,a,cx_stage3,,"[[[29, 814], [31, 814]], [], [true, true]]",
14486,q,a,cx_stage1,,"[[[29, 817], [32, 817]], [], [true, true]]",
14487,q,a,cx_stage2,,"[[[29, 817], [32, 817]], [], [true, true]]",
14488,q,a,cx_stage3,,"[[[29, 817], [32, 817]], [], [true, true]]",
14489,q,a,cx_stage1,,"[[[29, 821], [32, 821]], [], [true, true]]",
14490,q,a,cx_stage2,,"[[[29, 821], [32, 821]], [], [true, true]]",
14491,q,a,cx_stage3,,"[[[29, 821], [32, 821]], [], [true, true]]",
14492,q,a,cx_stage1,,"[[[29, 824], [33, 824]], [], [true, true]]",
14493,q,a,cx_stage2,,"[[[29, 824], [33, 824]], [], [true, true]]",
14494,q,a,cx_stage3,,"[[[29, 824], [33, 824]], [], [true, true]]",
14495,q,a,cx_stage1,,"[[[29, 828], [33, 828]], [], [true, true]]",
14496,q,a,cx_stage2,,"[[[29, 828], [33, 828]], [], [true, true]]",
14497,q,a,cx_stage3,,"[[[29, 828], [33, 828]], [], [true, true]]",
14498,q,a,cx_stage1,,"[[[29, 831], [34, 831]], [], [true, true]]",
14499,q,a,cx_stage2,,"[[[29, 831], [34, 831]], [], [true, true]]",
14500,q,a,cx_stage3,,"[[[29, 831], [34, 831]], [], [true, true]]",
14501,q,a,cx_stage1,,"[[[29, 835], [34, 835]], [], [true, true]]",
14502,q,a,cx_stage2,,"[[[29, 835], [34, 835]], [], [true, true]]",
14503,q,a,cx_stage3,,"[[[29, 835], [34, 835]], [], [true, true]]",
14504,q,a,cx_stage1,,"[[[29, 838], [35, 838]], [], [true, true]]",
14505,q,a,cx_stage2,,"[[[29, 838], [35, 838]], [], [true, true]]",
14506,q,a,cx_stage3,,"[[[29, 838], [35, 838]], [], [true, true]]",
14507,q,a,cx_stage1,,"[[[29, 842], [35, 842]], [], [true, true]]",
14508,q,a,cx_stage2,,"[[[29, 842], [35, 842]], [], [true, true]]",
14509,q,a,cx_stage3,,"[[[29, 842], [35, 842]], [], [true, true]]",
14510,q,a,cx_stage1,,"[[[29, 845], [36, 845]], [], [true, true]]",
14511,q,a,cx_stage2,,"[[[29, 845], [36, 845]], [], [true, true]]",
14512,q,a,cx_stage3,,"[[[29, 845], [36, 845]], [], [true, true]]",
14513,q,a,cx_stage1,,"[[[29, 849], [36, 849]], [], [true, true]]",
14514,q,a,cx_stage2,,"[[[29, 849], [36, 849]], [], [true, true]]",
14515,q,a,cx_stage3,,"[[[29, 849], [36, 849]], [], [true, true]]",
14516,q,a,cx_stage1,,"[[[29, 852], [37, 852]], [], [true, true]]",
14517,q,a,cx_stage2,,"[[[29, 852], [37, 852]], [], [true, true]]",
14518,q,a,cx_stage3,,"[[[29, 852], [37, 852]], [], [true, true]]",
14519,q,a,cx_stage1,,"[[[29, 856], [37, 856]], [], [true, true]]",
14520,q,a,cx_stage2,,"[[[29, 856], [37, 856]], [], [true, true]]",
14521,q,a,cx_stage3,,"[[[29, 856], [37, 856]], [], [true, true]]",
14522,q,a,cx_stage1,,"[[[29, 859], [38, 859]], [], [true, true]]",
14523,q,a,cx_stage2,,"[[[29, 859], [38, 859]], [], [true, true]]",
14524,q,a,cx_stage3,,"[[[29, 859], [38, 859]], [], [true, true]]",
14525,q,a,cx_stage1,,"[[[29, 863], [38, 863]], [], [true, true]]",
14526,q,a,cx_stage2,,"[[[29, 863], [38, 863]], [], [true, true]]",
14527,q,a,cx_stage3,,"[[[29, 863], [38, 863]], [], [true, true]]",
14528,q,a,cx_stage1,,"[[[29, 866], [39, 866]], [], [true, true]]",
14529,q,a,cx_stage2,,"[[[29, 866], [39, 866]], [], [true, true]]",
14530,q,a,cx_stage3,,"[[[29, 866], [39, 866]], [], [true, true]]",
14531,q,a,cx_stage1,,"[[[29, 870], [39, 870]], [], [true, true]]",
14532,q,a,cx_stage2,,"[[[29, 870], [39, 870]], [], [true, true]]",
14533,q,a,cx_stage3,,"[[[29, 870], [39, 870]], [], [true, true]]",
14534,q,a,cx_stage1,,"[[[29, 873], [40, 873]], [], [true, true]]",
14535,q,a,cx_stage2,,"[[[29, 873], [40, 873]], [], [true, true]]",
14536,q,a,cx_stage3,,"[[[29, 873], [40, 873]], [], [true, true]]",
14537,q,a,cx_stage1,,"[[[29, 877], [40, 877]], [], [true, true]]",
14538,q,a,cx_stage2,,"[[[29, 877], [40, 877]], [], [true, true]]",
14539,q,a,cx_stage3,,"[[[29, 877], [40, 877]], [], [true, true]]",
14540,q,a,cx_stage1,,"[[[29, 880], [41, 880]], [], [true, true]]",
14541,q,a,cx_stage2,,"[[[29, 880], [41, 880]], [], [true, true]]",
14542,q,a,cx_stage3,,"[[[29, 880], [41, 880]], [], [true, true]]",
14543,q,a,cx_stage1,,"[[[29, 884], [41, 884]], [], [true, true]]",
14544,q,a,cx_stage2,,"[[[29, 884], [41, 884]], [], [true, true]]",
14545,q,a,cx_stage3,,"[[[29, 884], [41, 884]], [], [true, true]]",
14546,q,a,cx_stage1,,"[[[29, 887], [42, 887]], [], [true, true]]",
14547,q,a,cx_stage2,,"[[[29, 887], [42, 887]], [], [true, true]]",
14548,q,a,cx_stage3,,"[[[29, 887], [42, 887]], [], [true, true]]",
14549,q,a,cx_stage1,,"[[[29, 891], [42, 891]], [], [true, true]]",
14550,q,a,cx_stage2,,"[[[29, 891], [42, 891]], [], [true, true]]",
14551,q,a,cx_stage3,,"[[[29, 891], [42, 891]], [], [true, true]]",
14552,q,a,cx_stage1,,"[[[29, 894], [43, 894]], [], [true, true]]",
14553,q,a,cx_stage2,,"[[[29, 894], [43, 894]], [], [true, true]]",
14554,q,a,cx_stage3,,"[[[29, 894], [43, 894]], [], [true, true]]",
14555,q,a,cx_stage1,,"[[[29, 898], [43, 898]], [], [true, true]]",
14556,q,a,cx_stage2,,"[[[29, 898], [43, 898]], [], [true, true]]",
14557,q,a,cx_stage3,,"[[[29, 898], [43, 898]], [], [true, true]]",
14558,q,a,cx_stage1,,"[[[29, 901], [44, 901]], [], [true, true]]",
14559,q,a,cx_stage2,,"[[[29, 901], [44, 901]], [], [true, true]]",
14560,q,a,cx_stage3,,"[[[29, 901], [44, 901]], [], [true, true]]",
14561,q,a,cx_stage1,,"[[[29, 905], [44, 905]], [], [true, true]]",
14562,q,a,cx_stage2,,"[[[29, 905], [44, 905]], [], [true, true]]",
14563,q,a,cx_stage3,,"[[[29, 905], [44, 905]], [], [true, true]]",
14564,q,a,cx_stage1,,"[[[29, 908], [45, 908]], [], [true, true]]",
14565,q,a,cx_stage2,,"[[[29, 908], [45, 908]], [], [true, true]]",
14566,q,a,cx_stage3,,"[[[29, 908], [45, 908]], [], [true, true]]",
14567,q,a,cx_stage1,,"[[[29, 912], [45, 912]], [], [true, true]]",
14568,q,a,cx_stage2,,"[[[29, 912], [45, 912]], [], [true, true]]",
14569,q,a,cx_stage3,,"[[[29, 912], [45, 912]], [], [true, true]]",
14570,q,a,cx_stage1,,"[[[29, 915], [46, 915]], [], [true, true]]",
14571,q,a,cx_stage2,,"[[[29, 915], [46, 915]], [], [true, true]]",
14572,q,a,cx_stage3,,"[[[29, 915], [46, 915]], [], [true, true]]",
14573,q,a,cx_stage1,,"[[[29, 919], [46, 919]], [], [true, true]]",
14574,q,a,cx_stage2,,"[[[29, 919], [46, 919]], [], [true, true]]",
14575,q,a,cx_stage3,,"[[[29, 919], [46, 919]], [], [true, true]]",
14576,q,a,cx_stage1,,"[[[29, 922], [47, 922]], [], [true, true]]",
14577,q,a,cx_stage2,,"[[[29, 922], [47, 922]], [], [true, true]]",
14578,q,a,cx_stage3,,"[[[29, 922], [47, 922]], [], [true, true]]",
14579,q,a,cx_stage1,,"[[[29, 926], [47, 926]], [], [true, true]]",
14580,q,a,cx_stage2,,"[[[29, 926], [47, 926]], [], [true, true]]",
14581,q,a,cx_stage3,,"[[[29, 926], [47, 926]], [], [true, true]]",
14582,q,a,cx_stage1,,"[[[29, 929], [48, 929]], [], [true, true]]",
14583,q,a,cx_stage2,,"[[[29, 929], [48, 929]], [], [true, true]]",
14584,q,a,cx_stage3,,"[[[29, 929], [48, 929]], [], [true, true]]",
14585,q,a,cx_stage1,,"[[[29, 933], [48, 933]], [], [true, true]]",
14586,q,a,cx_stage2,,"[[[29, 933], [48, 933]], [], [true, true]]",
14587,q,a,cx_stage3,,"[[[29, 933], [48, 933]], [], [true, true]]",
14588,q,a,cx_stage1,,"[[[29, 936], [49, 936]], [], [true, true]]",
14589,q,a,cx_stage2,,"[[[29, 936], [49, 936]], [], [true, true]]",
14590,q,a,cx_stage3,,"[[[29, 936], [49, 936]], [], [true, true]]",
14591,q,a,cx_stage1,,"[[[29, 940], [49, 940]], [], [true, true]]",
14592,q,a,cx_stage2,,"[[[29, 940], [49, 940]], [], [true, true]]",
14593,q,a,cx_stage3,,"[[[29, 940], [49, 940]], [], [true, true]]",
14594,q,a,cx_stage1,,"[[[29, 943], [50, 943]], [], [true, true]]",
14595,q,a,cx_stage2,,"[[[29, 943], [50, 943]], [], [true, true]]",
14596,q,a,cx_stage3,,"[[[29, 943], [50, 943]], [], [true, true]]",
14597,q,a,cx_stage1,,"[[[29, 947], [50, 947]], [], [true, true]]",
14598,q,a,cx_stage2,,"[[[29, 947], [50, 947]], [], [true, true]]",
14599,q,a,cx_stage3,,"[[[29, 947], [50, 947]], [], [true, true]]",
14600,q,a,cx_stage1,,"[[[29, 950], [51, 950]], [], [true, true]]",
14601,q,a,cx_stage2,,"[[[29, 950], [51, 950]], [], [true, true]]",
14602,q,a,cx_stage3,,"[[[29, 950], [51, 950]], [], [true, true]]",
14603,q,a,cx_stage1,,"[[[29, 954], [51, 954]], [], [true, true]]",
14604,q,a,cx_stage2,,"[[[29, 954], [51, 954]], [], [true, true]]",
14605,q,a,cx_stage3,,"[[[29, 954], [51, 954]], [], [true, true]]",
14606,q,a,cx_stage1,,"[[[29, 957], [52, 957]], [], [true, true]]",
14607,q,a,cx_stage2,,"[[[29, 957], [52, 957]], [], [true, true]]",
14608,q,a,cx_stage3,,"[[[29, 957], [52, 957]], [], [true, true]]",
14609,q,a,cx_stage1,,"[[[29, 961], [52, 961]], [], [true, true]]",
14610,q,a,cx_stage2,,"[[[29, 961], [52, 961]], [], [true, true]]",
14611,q,a,cx_stage3,,"[[[29, 961], [52, 961]], [], [true, true]]",
14612,q,a,cx_stage1,,"[[[29, 964], [53, 964]], [], [true, true]]",
14613,q,a,cx_stage2,,"[[[29, 964], [53, 964]], [], [true, true]]",
14614,q,a,cx_stage3,,"[[[29, 964], [53, 964]], [], [true, true]]",
14615,q,a,cx_stage1,,"[[[29, 968], [53, 968]], [], [true, true]]",
14616,q,a,cx_stage2,,"[[[29, 968], [53, 968]], [], [true, true]]",
14617,q,a,cx_stage3,,"[[[29, 968], [53, 968]], [], [true, true]]",
14618,q,a,cx_stage1,,"[[[29, 971], [54, 971]], [], [true, true]]",
14619,q,a,cx_stage2,,"[[[29, 971], [54, 971]], [], [true, true]]",
14620,q,a,cx_stage3,,"[[[29, 971], [54, 971]], [], [true, true]]",
14621,q,a,cx_stage1,,"[[[29, 975], [54, 975]], [], [true, true]]",
14622,q,a,cx_stage2,,"[[[29, 975], [54, 975]], [], [true, true]]",
14623,q,a,cx_stage3,,"[[[29, 975], [54, 975]], [], [true, true]]",
14624,q,a,cx_stage1,,"[[[29, 978], [55, 978]], [], [true, true]]",
14625,q,a,cx_stage2,,"[[[29, 978], [55, 978]], [], [true, true]]",
14626,q,a,cx_stage3,,"[[[29, 978], [55, 978]], [], [true, true]]",
14627,q,a,cx_stage1,,"[[[29, 982], [55, 982]], [], [true, true]]",
14628,q,a,cx_stage2,,"[[[29, 982], [55, 982]], [], [true, true]]",
14629,q,a,cx_stage3,,"[[[29, 982], [55, 982]], [], [true, true]]",
14630,q,a,ry,,"[[[29, 983]], [], [true]]",
14631,q,a,u2,,"[[[2, 1]], [], [true]]",
14632,q,a,cx_stage1,,"[[[0, 11], [2, 11]], [], [true, true]]",
14633,q,a,cx_stage3,,"[[[0, 11], [2, 11]], [], [true, true]]",
14634,q,a,cx_stage1,,"[[[2, 102], [13, 102]], [], [true, true]]",
14635,q,a,cx_stage3,,"[[[2, 102], [13, 102]], [], [true, true]]",
14636,q,a,cx_stage1,,"[[[2, 106], [13, 106]], [], [true, true]]",
14637,q,a,cx_stage3,,"[[[2, 106], [13, 106]], [], [true, true]]",
14638,q,a,cx_stage1,,"[[[2, 109], [14, 109]], [], [true, true]]",
14639,q,a,cx_stage3,,"[[[2, 109], [14, 109]], [], [true, true]]",
14640,q,a,cx_stage1,,"[[[2, 113], [14, 113]], [], [true, true]]",
14641,q,a,p,,"[[[2, 12]], [], [true]]",
14642,q,a,cx_stage3,,"[[[2, 113], [14, 113]], [], [true, true]]",
14643,q,a,cx_stage1,,"[[[2, 116], [15, 116]], [], [true, true]]",
14644,q,a,cx_stage3,,"[[[2, 116], [15, 116]], [], [true, true]]",
14645,q,a,cx_stage1,,"[[[2, 120], [15, 120]], [], [true, true]]",
14646,q,a,cx_stage3,,"[[[2, 120], [15, 120]], [], [true, true]]",
14647,q,a,cx_stage1,,"[[[0, 15], [2, 15]], [], [true, true]]",
14648,q,a,cx_stage1,,"[[[2, 123], [16, 123]], [], [true, true]]",
14649,q,a,cx_stage3,,"[[[2, 123], [16, 123]], [], [true, true]]",
14650,q,a,cx_stage1,,"[[[2, 127], [16, 127]], [], [true, true]]",
14651,q,a,cx_stage3,,"[[[2, 127], [16, 127]], [], [true, true]]",
14652,q,a,cx_stage1,,"[[[2, 130], [17, 130]], [], [true, true]]",
14653,q,a,cx_stage3,,"[[[2, 130], [17, 130]], [], [true, true]]",
14654,q,a,cx_stage1,,"[[[2, 134], [17, 134]], [], [true, true]]",
14655,q,a,cx_stage2,,"[[[2, 1317], [3, 1317]], [], [true, true]]",
14656,q,a,cx_stage1,,"[[[2, 1317], [3, 1317]], [], [true, true]]",
14657,q,a,cx_stage3,,"[[[2, 1317], [3, 1317]], [], [true, true]]",
14658,q,a,cx_stage1,,"[[[1, 1320], [2, 1320]], [], [true, true]]",
14659,q,a,cx_stage3,,"[[[1, 1320], [2, 1320]], [], [true, true]]",
14660,q,a,ry,,"[[[2, 1321]], [], [true]]",
14661,q,a,cx_stage3,,"[[[2, 134], [17, 134]], [], [true, true]]",
14662,q,a,cx_stage1,,"[[[2, 137], [18, 137]], [], [true, true]]",
14663,q,a,cx_stage3,,"[[[2, 137], [18, 137]], [], [true, true]]",
14664,q,a,cx_stage1,,"[[[2, 141], [18, 141]], [], [true, true]]",
14665,q,a,cx_stage3,,"[[[0, 15], [2, 15]], [], [true, true]]",
14666,q,a,cx_stage3,,"[[[2, 141], [18, 141]], [], [true, true]]",
14667,q,a,cx_stage1,,"[[[2, 144], [19, 144]], [], [true, true]]",
14668,q,a,cx_stage3,,"[[[2, 144], [19, 144]], [], [true, true]]",
14669,q,a,cx_stage1,,"[[[2, 148], [19, 148]], [], [true, true]]",
14670,q,a,cx_stage3,,"[[[2, 148], [19, 148]], [], [true, true]]",
14671,q,a,cx_stage1,,"[[[2, 151], [20, 151]], [], [true, true]]",
14672,q,a,cx_stage1,,"[[[1, 18], [2, 18]], [], [true, true]]",
14673,q,a,cx_stage3,,"[[[2, 151], [20, 151]], [], [true, true]]",
14674,q,a,cx_stage1,,"[[[2, 155], [20, 155]], [], [true, true]]",
14675,q,a,cx_stage3,,"[[[2, 155], [20, 155]], [], [true, true]]",
14676,q,a,cx_stage1,,"[[[2, 158], [21, 158]], [], [true, true]]",
14677,q,a,cx_stage3,,"[[[2, 158], [21, 158]], [], [true, true]]",
14678,q,a,cx_stage1,,"[[[2, 162], [21, 162]], [], [true, true]]",
14679,q,a,cx_stage3,,"[[[2, 162], [21, 162]], [], [true, true]]",
14680,q,a,cx_stage1,,"[[[2, 165], [22, 165]], [], [true, true]]",
14681,q,a,cx_stage3,,"[[[2, 165], [22, 165]], [], [true, true]]",
14682,q,a,cx_stage1,,"[[[2, 169], [22, 169]], [], [true, true]]",
14683,q,a,cx_stage3,,"[[[2, 169], [22, 169]], [], [true, true]]",
14684,q,a,cx_stage1,,"[[[2, 172], [23, 172]], [], [true, true]]",
14685,q,a,cx_stage3,,"[[[1, 18], [2, 18]], [], [true, true]]",
14686,q,a,cx_stage3,,"[[[2, 172], [23, 172]], [], [true, true]]",
14687,q,a,cx_stage1,,"[[[2, 176], [23, 176]], [], [true, true]]",
14688,q,a,cx_stage3,,"[[[2, 176], [23, 176]], [], [true, true]]",
14689,q,a,cx_stage1,,"[[[2, 179], [24, 179]], [], [true, true]]",
14690,q,a,cx_stage3,,"[[[2, 179], [24, 179]], [], [true, true]]",
14691,q,a,cx_stage1,,"[[[2, 183], [24, 183]], [], [true, true]]",
14692,q,a,p,,"[[[2, 19]], [], [true]]",
14693,q,a,cx_stage3,,"[[[2, 183], [24, 183]], [], [true, true]]",
14694,q,a,cx_stage1,,"[[[2, 186], [25, 186]], [], [true, true]]",
14695,q,a,cx_stage3,,"[[[2, 186], [25, 186]], [], [true, true]]",
14696,q,a,cx_stage1,,"[[[2, 190], [25, 190]], [], [true, true]]",
14697,q,a,cx_stage3,,"[[[2, 190], [25, 190]], [], [true, true]]",
14698,q,a,cx_stage1,,"[[[1, 22], [2, 22]], [], [true, true]]",
14699,q,a,cx_stage1,,"[[[2, 193], [26, 193]], [], [true, true]]",
14700,q,a,cx_stage3,,"[[[2, 193], [26, 193]], [], [true, true]]",
14701,q,a,cx_stage1,,"[[[2, 197], [26, 197]], [], [true, true]]",
14702,q,a,cx_stage3,,"[[[2, 197], [26, 197]], [], [true, true]]",
14703,q,a,cx_stage1,,"[[[2, 200], [27, 200]], [], [true, true]]",
14704,q,a,cx_stage3,,"[[[2, 200], [27, 200]], [], [true, true]]",
14705,q,a,cx_stage1,,"[[[2, 204], [27, 204]], [], [true, true]]",
14706,q,a,cx_stage3,,"[[[2, 204], [27, 204]], [], [true, true]]",
14707,q,a,cx_stage1,,"[[[2, 207], [28, 207]], [], [true, true]]",
14708,q,a,cx_stage3,,"[[[2, 207], [28, 207]], [], [true, true]]",
14709,q,a,cx_stage1,,"[[[2, 211], [28, 211]], [], [true, true]]",
14710,q,a,cx_stage3,,"[[[1, 22], [2, 22]], [], [true, true]]",
14711,q,a,cx_stage3,,"[[[2, 211], [28, 211]], [], [true, true]]",
14712,q,a,cx_stage1,,"[[[2, 214], [29, 214]], [], [true, true]]",
14713,q,a,cx_stage3,,"[[[2, 214], [29, 214]], [], [true, true]]",
14714,q,a,cx_stage1,,"[[[2, 218], [29, 218]], [], [true, true]]",
14715,q,a,cx_stage3,,"[[[2, 218], [29, 218]], [], [true, true]]",
14716,q,a,cx_stage1,,"[[[2, 221], [30, 221]], [], [true, true]]",
14717,q,a,cx_stage2,,"[[[2, 221], [30, 221]], [], [true, true]]",
14718,q,a,cx_stage1,,"[[[2, 32], [3, 32]], [], [true, true]]",
14719,q,a,cx_stage3,,"[[[2, 221], [30, 221]], [], [true, true]]",
14720,q,a,cx_stage1,,"[[[2, 225], [30, 225]], [], [true, true]]",
14721,q,a,cx_stage2,,"[[[2, 225], [30, 225]], [], [true, true]]",
14722,q,a,cx_stage3,,"[[[2, 225], [30, 225]], [], [true, true]]",
14723,q,a,cx_stage1,,"[[[2, 228], [31, 228]], [], [true, true]]",
14724,q,a,cx_stage2,,"[[[2, 228], [31, 228]], [], [true, true]]",
14725,q,a,cx_stage3,,"[[[2, 228], [31, 228]], [], [true, true]]",
14726,q,a,cx_stage1,,"[[[2, 232], [31, 232]], [], [true, true]]",
14727,q,a,cx_stage2,,"[[[2, 232], [31, 232]], [], [true, true]]",
14728,q,a,cx_stage3,,"[[[2, 232], [31, 232]], [], [true, true]]",
14729,q,a,cx_stage1,,"[[[2, 235], [32, 235]], [], [true, true]]",
14730,q,a,cx_stage2,,"[[[2, 235], [32, 235]], [], [true, true]]",
14731,q,a,cx_stage3,,"[[[2, 235], [32, 235]], [], [true, true]]",
14732,q,a,cx_stage1,,"[[[2, 239], [32, 239]], [], [true, true]]",
14733,q,a,cx_stage2,,"[[[2, 239], [32, 239]], [], [true, true]]",
14734,q,a,cx_stage3,,"[[[2, 239], [32, 239]], [], [true, true]]",
14735,q,a,cx_stage1,,"[[[2, 242], [33, 242]], [], [true, true]]",
14736,q,a,cx_stage2,,"[[[2, 242], [33, 242]], [], [true, true]]",
14737,q,a,cx_stage3,,"[[[2, 242], [33, 242]], [], [true, true]]",
14738,q,a,cx_stage1,,"[[[2, 246], [33, 246]], [], [true, true]]",
14739,q,a,cx_stage2,,"[[[2, 246], [33, 246]], [], [true, true]]",
14740,q,a,cx_stage3,,"[[[2, 246], [33, 246]], [], [true, true]]",
14741,q,a,cx_stage1,,"[[[2, 249], [34, 249]], [], [true, true]]",
14742,q,a,cx_stage2,,"[[[2, 249], [34, 249]], [], [true, true]]",
14743,q,a,cx_stage3,,"[[[2, 249], [34, 249]], [], [true, true]]",
14744,q,a,cx_stage1,,"[[[2, 253], [34, 253]], [], [true, true]]",
14745,q,a,cx_stage2,,"[[[2, 253], [34, 253]], [], [true, true]]",
14746,q,a,cx_stage3,,"[[[2, 253], [34, 253]], [], [true, true]]",
14747,q,a,cx_stage1,,"[[[2, 256], [35, 256]], [], [true, true]]",
14748,q,a,cx_stage2,,"[[[2, 256], [35, 256]], [], [true, true]]",
14749,q,a,cx_stage3,,"[[[2, 256], [35, 256]], [], [true, true]]",
14750,q,a,cx_stage1,,"[[[2, 260], [35, 260]], [], [true, true]]",
14751,q,a,cx_stage2,,"[[[2, 260], [35, 260]], [], [true, true]]",
14752,q,a,cx_stage3,,"[[[2, 260], [35, 260]], [], [true, true]]",
14753,q,a,cx_stage1,,"[[[2, 263], [36, 263]], [], [true, true]]",
14754,q,a,cx_stage2,,"[[[2, 263], [36, 263]], [], [true, true]]",
14755,q,a,cx_stage3,,"[[[2, 263], [36, 263]], [], [true, true]]",
14756,q,a,cx_stage1,,"[[[2, 267], [36, 267]], [], [true, true]]",
14757,q,a,cx_stage2,,"[[[2, 267], [36, 267]], [], [true, true]]",
14758,q,a,cx_stage3,,"[[[2, 267], [36, 267]], [], [true, true]]",
14759,q,a,cx_stage1,,"[[[2, 270], [37, 270]], [], [true, true]]",
14760,q,a,cx_stage2,,"[[[2, 270], [37, 270]], [], [true, true]]",
14761,q,a,cx_stage3,,"[[[2, 270], [37, 270]], [], [true, true]]",
14762,q,a,cx_stage1,,"[[[2, 274], [37, 274]], [], [true, true]]",
14763,q,a,cx_stage2,,"[[[2, 274], [37, 274]], [], [true, true]]",
14764,q,a,cx_stage3,,"[[[2, 274], [37, 274]], [], [true, true]]",
14765,q,a,cx_stage1,,"[[[2, 277], [38, 277]], [], [true, true]]",
14766,q,a,cx_stage2,,"[[[2, 277], [38, 277]], [], [true, true]]",
14767,q,a,cx_stage3,,"[[[2, 277], [38, 277]], [], [true, true]]",
14768,q,a,cx_stage1,,"[[[2, 281], [38, 281]], [], [true, true]]",
14769,q,a,cx_stage2,,"[[[2, 281], [38, 281]], [], [true, true]]",
14770,q,a,cx_stage3,,"[[[2, 281], [38, 281]], [], [true, true]]",
14771,q,a,cx_stage1,,"[[[2, 284], [39, 284]], [], [true, true]]",
14772,q,a,cx_stage2,,"[[[2, 284], [39, 284]], [], [true, true]]",
14773,q,a,cx_stage3,,"[[[2, 284], [39, 284]], [], [true, true]]",
14774,q,a,cx_stage1,,"[[[2, 288], [39, 288]], [], [true, true]]",
14775,q,a,cx_stage2,,"[[[2, 288], [39, 288]], [], [true, true]]",
14776,q,a,cx_stage3,,"[[[2, 288], [39, 288]], [], [true, true]]",
14777,q,a,cx_stage1,,"[[[2, 291], [40, 291]], [], [true, true]]",
14778,q,a,cx_stage2,,"[[[2, 291], [40, 291]], [], [true, true]]",
14779,q,a,cx_stage3,,"[[[2, 291], [40, 291]], [], [true, true]]",
14780,q,a,cx_stage1,,"[[[2, 295], [40, 295]], [], [true, true]]",
14781,q,a,cx_stage2,,"[[[2, 295], [40, 295]], [], [true, true]]",
14782,q,a,cx_stage3,,"[[[2, 295], [40, 295]], [], [true, true]]",
14783,q,a,cx_stage1,,"[[[2, 298], [41, 298]], [], [true, true]]",
14784,q,a,cx_stage2,,"[[[2, 298], [41, 298]], [], [true, true]]",
14785,q,a,cx_stage3,,"[[[2, 298], [41, 298]], [], [true, true]]",
14786,q,a,cx_stage1,,"[[[2, 302], [41, 302]], [], [true, true]]",
14787,q,a,cx_stage2,,"[[[2, 32], [3, 32]], [], [true, true]]",
14788,q,a,cx_stage2,,"[[[2, 302], [41, 302]], [], [true, true]]",
14789,q,a,cx_stage3,,"[[[2, 302], [41, 302]], [], [true, true]]",
14790,q,a,cx_stage1,,"[[[2, 305], [42, 305]], [], [true, true]]",
14791,q,a,cx_stage2,,"[[[2, 305], [42, 305]], [], [true, true]]",
14792,q,a,cx_stage3,,"[[[2, 305], [42, 305]], [], [true, true]]",
14793,q,a,cx_stage1,,"[[[2, 309], [42, 309]], [], [true, true]]",
14794,q,a,cx_stage2,,"[[[2, 309], [42, 309]], [], [true, true]]",
14795,q,a,cx_stage3,,"[[[2, 309], [42, 309]], [], [true, true]]",
14796,q,a,cx_stage1,,"[[[2, 312], [43, 312]], [], [true, true]]",
14797,q,a,cx_stage3,,"[[[2, 32], [3, 32]], [], [true, true]]",
14798,q,a,cx_stage2,,"[[[2, 312], [43, 312]], [], [true, true]]",
14799,q,a,cx_stage3,,"[[[2, 312], [43, 312]], [], [true, true]]",
14800,q,a,cx_stage1,,"[[[2, 316], [43, 316]], [], [true, true]]",
14801,q,a,cx_stage2,,"[[[2, 316], [43, 316]], [], [true, true]]",
14802,q,a,cx_stage3,,"[[[2, 316], [43, 316]], [], [true, true]]",
14803,q,a,cx_stage1,,"[[[2, 319], [44, 319]], [], [true, true]]",
14804,q,a,cx_stage2,,"[[[2, 319], [44, 319]], [], [true, true]]",
14805,q,a,cx_stage3,,"[[[2, 319], [44, 319]], [], [true, true]]",
14806,q,a,cx_stage1,,"[[[2, 323], [44, 323]], [], [true, true]]",
14807,q,a,cx_stage1,,"[[[2, 36], [3, 36]], [], [true, true]]",
14808,q,a,cx_stage2,,"[[[2, 323], [44, 323]], [], [true, true]]",
14809,q,a,cx_stage3,,"[[[2, 323], [44, 323]], [], [true, true]]",
14810,q,a,cx_stage1,,"[[[2, 326], [45, 326]], [], [true, true]]",
14811,q,a,cx_stage2,,"[[[2, 326], [45, 326]], [], [true, true]]",
14812,q,a,cx_stage3,,"[[[2, 326], [45, 326]], [], [true, true]]",
14813,q,a,cx_stage1,,"[[[2, 330], [45, 330]], [], [true, true]]",
14814,q,a,cx_stage2,,"[[[2, 330], [45, 330]], [], [true, true]]",
14815,q,a,cx_stage3,,"[[[2, 330], [45, 330]], [], [true, true]]",
14816,q,a,cx_stage1,,"[[[2, 333], [46, 333]], [], [true, true]]",
14817,q,a,cx_stage2,,"[[[2, 333], [46, 333]], [], [true, true]]",
14818,q,a,cx_stage3,,"[[[2, 333], [46, 333]], [], [true, true]]",
14819,q,a,cx_stage1,,"[[[2, 337], [46, 337]], [], [true, true]]",
14820,q,a,cx_stage2,,"[[[2, 337], [46, 337]], [], [true, true]]",
14821,q,a,cx_stage3,,"[[[2, 337], [46, 337]], [], [true, true]]",
14822,q,a,cx_stage1,,"[[[2, 340], [47, 340]], [], [true, true]]",
14823,q,a,cx_stage2,,"[[[2, 340], [47, 340]], [], [true, true]]",
14824,q,a,cx_stage3,,"[[[2, 340], [47, 340]], [], [true, true]]",
14825,q,a,cx_stage2,,"[[[2, 36], [3, 36]], [], [true, true]]",
14826,q,a,cx_stage1,,"[[[2, 344], [47, 344]], [], [true, true]]",
14827,q,a,cx_stage2,,"[[[2, 344], [47, 344]], [], [true, true]]",
14828,q,a,cx_stage3,,"[[[2, 344], [47, 344]], [], [true, true]]",
14829,q,a,cx_stage1,,"[[[2, 347], [48, 347]], [], [true, true]]",
14830,q,a,cx_stage2,,"[[[2, 347], [48, 347]], [], [true, true]]",
14831,q,a,cx_stage3,,"[[[2, 347], [48, 347]], [], [true, true]]",
14832,q,a,cx_stage1,,"[[[2, 351], [48, 351]], [], [true, true]]",
14833,q,a,cx_stage2,,"[[[2, 351], [48, 351]], [], [true, true]]",
14834,q,a,cx_stage3,,"[[[2, 36], [3, 36]], [], [true, true]]",
14835,q,a,cx_stage3,,"[[[2, 351], [48, 351]], [], [true, true]]",
14836,q,a,cx_stage1,,"[[[2, 354], [49, 354]], [], [true, true]]",
14837,q,a,cx_stage2,,"[[[2, 354], [49, 354]], [], [true, true]]",
14838,q,a,cx_stage3,,"[[[2, 354], [49, 354]], [], [true, true]]",
14839,q,a,cx_stage1,,"[[[2, 358], [49, 358]], [], [true, true]]",
14840,q,a,cx_stage2,,"[[[2, 358], [49, 358]], [], [true, true]]",
14841,q,a,cx_stage3,,"[[[2, 358], [49, 358]], [], [true, true]]",
14842,q,a,cx_stage1,,"[[[2, 361], [50, 361]], [], [true, true]]",
14843,q,a,cx_stage2,,"[[[2, 361], [50, 361]], [], [true, true]]",
14844,q,a,cx_stage1,,"[[[2, 39], [4, 39]], [], [true, true]]",
14845,q,a,cx_stage3,,"[[[2, 361], [50, 361]], [], [true, true]]",
14846,q,a,cx_stage1,,"[[[2, 365], [50, 365]], [], [true, true]]",
14847,q,a,cx_stage2,,"[[[2, 365], [50, 365]], [], [true, true]]",
14848,q,a,cx_stage3,,"[[[2, 365], [50, 365]], [], [true, true]]",
14849,q,a,cx_stage1,,"[[[2, 368], [51, 368]], [], [true, true]]",
14850,q,a,cx_stage2,,"[[[2, 368], [51, 368]], [], [true, true]]",
14851,q,a,cx_stage3,,"[[[2, 368], [51, 368]], [], [true, true]]",
14852,q,a,cx_stage1,,"[[[2, 372], [51, 372]], [], [true, true]]",
14853,q,a,cx_stage2,,"[[[2, 39], [4, 39]], [], [true, true]]",
14854,q,a,cx_stage2,,"[[[2, 372], [51, 372]], [], [true, true]]",
14855,q,a,cx_stage3,,"[[[2, 372], [51, 372]], [], [true, true]]",
14856,q,a,cx_stage1,,"[[[2, 375], [52, 375]], [], [true, true]]",
14857,q,a,cx_stage2,,"[[[2, 375], [52, 375]], [], [true, true]]",
14858,q,a,cx_stage3,,"[[[2, 375], [52, 375]], [], [true, true]]",
14859,q,a,cx_stage1,,"[[[2, 379], [52, 379]], [], [true, true]]",
14860,q,a,cx_stage2,,"[[[2, 379], [52, 379]], [], [true, true]]",
14861,q,a,cx_stage3,,"[[[2, 379], [52, 379]], [], [true, true]]",
14862,q,a,cx_stage1,,"[[[2, 382], [53, 382]], [], [true, true]]",
14863,q,a,cx_stage3,,"[[[2, 39], [4, 39]], [], [true, true]]",
14864,q,a,cx_stage2,,"[[[2, 382], [53, 382]], [], [true, true]]",
14865,q,a,cx_stage3,,"[[[2, 382], [53, 382]], [], [true, true]]",
14866,q,a,cx_stage1,,"[[[2, 386], [53, 386]], [], [true, true]]",
14867,q,a,cx_stage2,,"[[[2, 386], [53, 386]], [], [true, true]]",
14868,q,a,cx_stage3,,"[[[2, 386], [53, 386]], [], [true, true]]",
14869,q,a,cx_stage1,,"[[[2, 389], [54, 389]], [], [true, true]]",
14870,q,a,cx_stage2,,"[[[2, 389], [54, 389]], [], [true, true]]",
14871,q,a,cx_stage3,,"[[[2, 389], [54, 389]], [], [true, true]]",
14872,q,a,cx_stage1,,"[[[2, 393], [54, 393]], [], [true, true]]",
14873,q,a,cx_stage1,,"[[[2, 43], [4, 43]], [], [true, true]]",
14874,q,a,cx_stage2,,"[[[2, 393], [54, 393]], [], [true, true]]",
14875,q,a,cx_stage3,,"[[[2, 393], [54, 393]], [], [true, true]]",
14876,q,a,cx_stage1,,"[[[2, 396], [55, 396]], [], [true, true]]",
14877,q,a,cx_stage2,,"[[[2, 396], [55, 396]], [], [true, true]]",
14878,q,a,cx_stage3,,"[[[2, 396], [55, 396]], [], [true, true]]",
14879,q,a,cx_stage1,,"[[[2, 400], [55, 400]], [], [true, true]]",
14880,q,a,cx_stage2,,"[[[2, 400], [55, 400]], [], [true, true]]",
14881,q,a,cx_stage3,,"[[[2, 400], [55, 400]], [], [true, true]]",
14882,q,a,u2,,"[[[2, 401]], [], [true]]",
14883,q,a,cx_stage1,,"[[[0, 404], [2, 404]], [], [true, true]]",
14884,q,a,cx_stage3,,"[[[0, 404], [2, 404]], [], [true, true]]",
14885,q,a,p,,"[[[2, 405]], [], [true]]",
14886,q,a,cx_stage1,,"[[[0, 408], [2, 408]], [], [true, true]]",
14887,q,a,cx_stage3,,"[[[0, 408], [2, 408]], [], [true, true]]",
14888,q,a,cx_stage1,,"[[[1, 411], [2, 411]], [], [true, true]]",
14889,q,a,cx_stage2,,"[[[2, 43], [4, 43]], [], [true, true]]",
14890,q,a,cx_stage3,,"[[[1, 411], [2, 411]], [], [true, true]]",
14891,q,a,p,,"[[[2, 412]], [], [true]]",
14892,q,a,cx_stage1,,"[[[1, 415], [2, 415]], [], [true, true]]",
14893,q,a,cx_stage3,,"[[[1, 415], [2, 415]], [], [true, true]]",
14894,q,a,cx_stage1,,"[[[2, 425], [3, 425]], [], [true, true]]",
14895,q,a,cx_stage3,,"[[[2, 43], [4, 43]], [], [true, true]]",
14896,q,a,cx_stage2,,"[[[2, 425], [3, 425]], [], [true, true]]",
14897,q,a,cx_stage3,,"[[[2, 425], [3, 425]], [], [true, true]]",
14898,q,a,cx_stage1,,"[[[2, 429], [3, 429]], [], [true, true]]",
14899,q,a,cx_stage2,,"[[[2, 429], [3, 429]], [], [true, true]]",
14900,q,a,cx_stage3,,"[[[2, 429], [3, 429]], [], [true, true]]",
14901,q,a,cx_stage1,,"[[[2, 432], [4, 432]], [], [true, true]]",
14902,q,a,cx_stage1,,"[[[2, 46], [5, 46]], [], [true, true]]",
14903,q,a,cx_stage2,,"[[[2, 432], [4, 432]], [], [true, true]]",
14904,q,a,cx_stage3,,"[[[2, 432], [4, 432]], [], [true, true]]",
14905,q,a,cx_stage1,,"[[[2, 436], [4, 436]], [], [true, true]]",
14906,q,a,cx_stage2,,"[[[2, 436], [4, 436]], [], [true, true]]",
14907,q,a,cx_stage3,,"[[[2, 436], [4, 436]], [], [true, true]]",
14908,q,a,cx_stage1,,"[[[2, 439], [5, 439]], [], [true, true]]",
14909,q,a,cx_stage2,,"[[[2, 439], [5, 439]], [], [true, true]]",
14910,q,a,cx_stage3,,"[[[2, 439], [5, 439]], [], [true, true]]",
14911,q,a,cx_stage1,,"[[[2, 443], [5, 443]], [], [true, true]]",
14912,q,a,cx_stage2,,"[[[2, 46], [5, 46]], [], [true, true]]",
14913,q,a,cx_stage2,,"[[[2, 443], [5, 443]], [], [true, true]]",
14914,q,a,cx_stage3,,"[[[2, 443], [5, 443]], [], [true, true]]",
14915,q,a,cx_stage1,,"[[[2, 446], [6, 446]], [], [true, true]]",
14916,q,a,cx_stage2,,"[[[2, 446], [6, 446]], [], [true, true]]",
14917,q,a,cx_stage3,,"[[[2, 446], [6, 446]], [], [true, true]]",
14918,q,a,cx_stage1,,"[[[2, 450], [6, 450]], [], [true, true]]",
14919,q,a,cx_stage2,,"[[[2, 450], [6, 450]], [], [true, true]]",
14920,q,a,cx_stage3,,"[[[2, 450], [6, 450]], [], [true, true]]",
14921,q,a,cx_stage3,,"[[[2, 46], [5, 46]], [], [true, true]]",
14922,q,a,cx_stage1,,"[[[2, 453], [7, 453]], [], [true, true]]",
14923,q,a,cx_stage2,,"[[[2, 453], [7, 453]], [], [true, true]]",
14924,q,a,cx_stage3,,"[[[2, 453], [7, 453]], [], [true, true]]",
14925,q,a,cx_stage1,,"[[[2, 457], [7, 457]], [], [true, true]]",
14926,q,a,cx_stage2,,"[[[2, 457], [7, 457]], [], [true, true]]",
14927,q,a,cx_stage3,,"[[[2, 457], [7, 457]], [], [true, true]]",
14928,q,a,cx_stage1,,"[[[2, 460], [8, 460]], [], [true, true]]",
14929,q,a,cx_stage2,,"[[[2, 460], [8, 460]], [], [true, true]]",
14930,q,a,cx_stage3,,"[[[2, 460], [8, 460]], [], [true, true]]",
14931,q,a,cx_stage1,,"[[[2, 50], [5, 50]], [], [true, true]]",
14932,q,a,cx_stage1,,"[[[2, 464], [8, 464]], [], [true, true]]",
14933,q,a,cx_stage2,,"[[[2, 464], [8, 464]], [], [true, true]]",
14934,q,a,cx_stage3,,"[[[2, 464], [8, 464]], [], [true, true]]",
14935,q,a,cx_stage1,,"[[[2, 467], [9, 467]], [], [true, true]]",
14936,q,a,cx_stage2,,"[[[2, 467], [9, 467]], [], [true, true]]",
14937,q,a,cx_stage3,,"[[[2, 467], [9, 467]], [], [true, true]]",
14938,q,a,cx_stage1,,"[[[2, 471], [9, 471]], [], [true, true]]",
14939,q,a,cx_stage2,,"[[[2, 471], [9, 471]], [], [true, true]]",
14940,q,a,cx_stage3,,"[[[2, 471], [9, 471]], [], [true, true]]",
14941,q,a,cx_stage1,,"[[[2, 474], [10, 474]], [], [true, true]]",
14942,q,a,cx_stage3,,"[[[2, 474], [10, 474]], [], [true, true]]",
14943,q,a,cx_stage1,,"[[[2, 478], [10, 478]], [], [true, true]]",
14944,q,a,cx_stage3,,"[[[2, 478], [10, 478]], [], [true, true]]",
14945,q,a,cx_stage1,,"[[[2, 481], [11, 481]], [], [true, true]]",
14946,q,a,cx_stage2,,"[[[2, 50], [5, 50]], [], [true, true]]",
14947,q,a,cx_stage3,,"[[[2, 481], [11, 481]], [], [true, true]]",
14948,q,a,cx_stage1,,"[[[2, 485], [11, 485]], [], [true, true]]",
14949,q,a,cx_stage3,,"[[[2, 485], [11, 485]], [], [true, true]]",
14950,q,a,cx_stage1,,"[[[2, 488], [12, 488]], [], [true, true]]",
14951,q,a,cx_stage3,,"[[[2, 488], [12, 488]], [], [true, true]]",
14952,q,a,cx_stage1,,"[[[2, 492], [12, 492]], [], [true, true]]",
14953,q,a,cx_stage3,,"[[[2, 50], [5, 50]], [], [true, true]]",
14954,q,a,cx_stage3,,"[[[2, 492], [12, 492]], [], [true, true]]",
14955,q,a,cx_stage1,,"[[[2, 495], [13, 495]], [], [true, true]]",
14956,q,a,cx_stage3,,"[[[2, 495], [13, 495]], [], [true, true]]",
14957,q,a,cx_stage1,,"[[[2, 499], [13, 499]], [], [true, true]]",
14958,q,a,cx_stage3,,"[[[2, 499], [13, 499]], [], [true, true]]",
14959,q,a,cx_stage1,,"[[[2, 502], [14, 502]], [], [true, true]]",
14960,q,a,cx_stage1,,"[[[2, 53], [6, 53]], [], [true, true]]",
14961,q,a,cx_stage3,,"[[[2, 502], [14, 502]], [], [true, true]]",
14962,q,a,cx_stage1,,"[[[2, 506], [14, 506]], [], [true, true]]",
14963,q,a,cx_stage3,,"[[[2, 506], [14, 506]], [], [true, true]]",
14964,q,a,cx_stage1,,"[[[2, 509], [15, 509]], [], [true, true]]",
14965,q,a,cx_stage3,,"[[[2, 509], [15, 509]], [], [true, true]]",
14966,q,a,cx_stage1,,"[[[2, 513], [15, 513]], [], [true, true]]",
14967,q,a,cx_stage2,,"[[[2, 53], [6, 53]], [], [true, true]]",
14968,q,a,cx_stage3,,"[[[2, 513], [15, 513]], [], [true, true]]",
14969,q,a,cx_stage1,,"[[[2, 516], [16, 516]], [], [true, true]]",
14970,q,a,cx_stage3,,"[[[2, 516], [16, 516]], [], [true, true]]",
14971,q,a,cx_stage1,,"[[[2, 520], [16, 520]], [], [true, true]]",
14972,q,a,cx_stage3,,"[[[2, 520], [16, 520]], [], [true, true]]",
14973,q,a,cx_stage3,,"[[[2, 53], [6, 53]], [], [true, true]]",
14974,q,a,cx_stage1,,"[[[2, 523], [17, 523]], [], [true, true]]",
14975,q,a,cx_stage3,,"[[[2, 523], [17, 523]], [], [true, true]]",
14976,q,a,cx_stage1,,"[[[2, 527], [17, 527]], [], [true, true]]",
14977,q,a,cx_stage3,,"[[[2, 527], [17, 527]], [], [true, true]]",
14978,q,a,cx_stage1,,"[[[2, 530], [18, 530]], [], [true, true]]",
14979,q,a,cx_stage3,,"[[[2, 530], [18, 530]], [], [true, true]]",
14980,q,a,cx_stage1,,"[[[2, 57], [6, 57]], [], [true, true]]",
14981,q,a,cx_stage1,,"[[[2, 534], [18, 534]], [], [true, true]]",
14982,q,a,cx_stage3,,"[[[2, 534], [18, 534]], [], [true, true]]",
14983,q,a,cx_stage1,,"[[[2, 537], [19, 537]], [], [true, true]]",
14984,q,a,cx_stage3,,"[[[2, 537], [19, 537]], [], [true, true]]",
14985,q,a,cx_stage1,,"[[[2, 541], [19, 541]], [], [true, true]]",
14986,q,a,cx_stage3,,"[[[2, 541], [19, 541]], [], [true, true]]",
14987,q,a,cx_stage1,,"[[[2, 544], [20, 544]], [], [true, true]]",
14988,q,a,cx_stage3,,"[[[2, 544], [20, 544]], [], [true, true]]",
14989,q,a,cx_stage1,,"[[[2, 548], [20, 548]], [], [true, true]]",
14990,q,a,cx_stage3,,"[[[2, 548], [20, 548]], [], [true, true]]",
14991,q,a,cx_stage1,,"[[[2, 551], [21, 551]], [], [true, true]]",
14992,q,a,cx_stage2,,"[[[2, 57], [6, 57]], [], [true, true]]",
14993,q,a,cx_stage3,,"[[[2, 551], [21, 551]], [], [true, true]]",
14994,q,a,cx_stage1,,"[[[2, 555], [21, 555]], [], [true, true]]",
14995,q,a,cx_stage3,,"[[[2, 555], [21, 555]], [], [true, true]]",
14996,q,a,cx_stage1,,"[[[2, 558], [22, 558]], [], [true, true]]",
14997,q,a,cx_stage3,,"[[[2, 558], [22, 558]], [], [true, true]]",
14998,q,a,cx_stage1,,"[[[2, 562], [22, 562]], [], [true, true]]",
14999,q,a,cx_stage3,,"[[[2, 57], [6, 57]], [], [true, true]]",
15000,q,a,cx_stage3,,"[[[2, 562], [22, 562]], [], [true, true]]",
15001,q,a,cx_stage1,,"[[[2, 565], [23, 565]], [], [true, true]]",
15002,q,a,cx_stage3,,"[[[2, 565], [23, 565]], [], [true, true]]",
15003,q,a,cx_stage1,,"[[[2, 569], [23, 569]], [], [true, true]]",
15004,q,a,cx_stage3,,"[[[2, 569], [23, 569]], [], [true, true]]",
15005,q,a,cx_stage1,,"[[[2, 572], [24, 572]], [], [true, true]]",
15006,q,a,cx_stage1,,"[[[2, 60], [7, 60]], [], [true, true]]",
15007,q,a,cx_stage3,,"[[[2, 572], [24, 572]], [], [true, true]]",
15008,q,a,cx_stage1,,"[[[2, 576], [24, 576]], [], [true, true]]",
15009,q,a,cx_stage3,,"[[[2, 576], [24, 576]], [], [true, true]]",
15010,q,a,cx_stage1,,"[[[2, 579], [25, 579]], [], [true, true]]",
15011,q,a,cx_stage3,,"[[[2, 579], [25, 579]], [], [true, true]]",
15012,q,a,cx_stage1,,"[[[2, 583], [25, 583]], [], [true, true]]",
15013,q,a,cx_stage2,,"[[[2, 60], [7, 60]], [], [true, true]]",
15014,q,a,cx_stage3,,"[[[2, 583], [25, 583]], [], [true, true]]",
15015,q,a,cx_stage1,,"[[[2, 586], [26, 586]], [], [true, true]]",
15016,q,a,cx_stage3,,"[[[2, 586], [26, 586]], [], [true, true]]",
15017,q,a,cx_stage1,,"[[[2, 590], [26, 590]], [], [true, true]]",
15018,q,a,cx_stage3,,"[[[2, 590], [26, 590]], [], [true, true]]",
15019,q,a,cx_stage3,,"[[[2, 60], [7, 60]], [], [true, true]]",
15020,q,a,cx_stage1,,"[[[2, 593], [27, 593]], [], [true, true]]",
15021,q,a,cx_stage3,,"[[[2, 593], [27, 593]], [], [true, true]]",
15022,q,a,cx_stage1,,"[[[2, 597], [27, 597]], [], [true, true]]",
15023,q,a,cx_stage3,,"[[[2, 597], [27, 597]], [], [true, true]]",
15024,q,a,cx_stage1,,"[[[2, 600], [28, 600]], [], [true, true]]",
15025,q,a,cx_stage3,,"[[[2, 600], [28, 600]], [], [true, true]]",
15026,q,a,cx_stage1,,"[[[2, 64], [7, 64]], [], [true, true]]",
15027,q,a,cx_stage1,,"[[[2, 604], [28, 604]], [], [true, true]]",
15028,q,a,cx_stage3,,"[[[2, 604], [28, 604]], [], [true, true]]",
15029,q,a,cx_stage1,,"[[[2, 607], [29, 607]], [], [true, true]]",
15030,q,a,cx_stage3,,"[[[2, 607], [29, 607]], [], [true, true]]",
15031,q,a,cx_stage1,,"[[[2, 611], [29, 611]], [], [true, true]]",
15032,q,a,cx_stage3,,"[[[2, 611], [29, 611]], [], [true, true]]",
15033,q,a,cx_stage1,,"[[[2, 614], [30, 614]], [], [true, true]]",
15034,q,a,cx_stage2,,"[[[2, 614], [30, 614]], [], [true, true]]",
15035,q,a,cx_stage3,,"[[[2, 614], [30, 614]], [], [true, true]]",
15036,q,a,cx_stage1,,"[[[2, 618], [30, 618]], [], [true, true]]",
15037,q,a,cx_stage2,,"[[[2, 618], [30, 618]], [], [true, true]]",
15038,q,a,cx_stage3,,"[[[2, 618], [30, 618]], [], [true, true]]",
15039,q,a,cx_stage1,,"[[[2, 621], [31, 621]], [], [true, true]]",
15040,q,a,cx_stage2,,"[[[2, 621], [31, 621]], [], [true, true]]",
15041,q,a,cx_stage2,,"[[[2, 64], [7, 64]], [], [true, true]]",
15042,q,a,cx_stage3,,"[[[2, 621], [31, 621]], [], [true, true]]",
15043,q,a,cx_stage1,,"[[[2, 625], [31, 625]], [], [true, true]]",
15044,q,a,cx_stage2,,"[[[2, 625], [31, 625]], [], [true, true]]",
15045,q,a,cx_stage3,,"[[[2, 625], [31, 625]], [], [true, true]]",
15046,q,a,cx_stage1,,"[[[2, 628], [32, 628]], [], [true, true]]",
15047,q,a,cx_stage2,,"[[[2, 628], [32, 628]], [], [true, true]]",
15048,q,a,cx_stage3,,"[[[2, 628], [32, 628]], [], [true, true]]",
15049,q,a,cx_stage1,,"[[[2, 632], [32, 632]], [], [true, true]]",
15050,q,a,cx_stage3,,"[[[2, 64], [7, 64]], [], [true, true]]",
15051,q,a,cx_stage2,,"[[[2, 632], [32, 632]], [], [true, true]]",
15052,q,a,cx_stage3,,"[[[2, 632], [32, 632]], [], [true, true]]",
15053,q,a,cx_stage1,,"[[[2, 635], [33, 635]], [], [true, true]]",
15054,q,a,cx_stage2,,"[[[2, 635], [33, 635]], [], [true, true]]",
15055,q,a,cx_stage3,,"[[[2, 635], [33, 635]], [], [true, true]]",
15056,q,a,cx_stage1,,"[[[2, 639], [33, 639]], [], [true, true]]",
15057,q,a,cx_stage2,,"[[[2, 639], [33, 639]], [], [true, true]]",
15058,q,a,cx_stage3,,"[[[2, 639], [33, 639]], [], [true, true]]",
15059,q,a,cx_stage1,,"[[[2, 642], [34, 642]], [], [true, true]]",
15060,q,a,cx_stage1,,"[[[2, 67], [8, 67]], [], [true, true]]",
15061,q,a,cx_stage2,,"[[[2, 642], [34, 642]], [], [true, true]]",
15062,q,a,cx_stage3,,"[[[2, 642], [34, 642]], [], [true, true]]",
15063,q,a,cx_stage1,,"[[[2, 646], [34, 646]], [], [true, true]]",
15064,q,a,cx_stage2,,"[[[2, 646], [34, 646]], [], [true, true]]",
15065,q,a,cx_stage3,,"[[[2, 646], [34, 646]], [], [true, true]]",
15066,q,a,cx_stage1,,"[[[2, 649], [35, 649]], [], [true, true]]",
15067,q,a,cx_stage2,,"[[[2, 649], [35, 649]], [], [true, true]]",
15068,q,a,cx_stage3,,"[[[2, 649], [35, 649]], [], [true, true]]",
15069,q,a,cx_stage1,,"[[[2, 653], [35, 653]], [], [true, true]]",
15070,q,a,cx_stage2,,"[[[2, 67], [8, 67]], [], [true, true]]",
15071,q,a,cx_stage2,,"[[[2, 653], [35, 653]], [], [true, true]]",
15072,q,a,cx_stage3,,"[[[2, 653], [35, 653]], [], [true, true]]",
15073,q,a,cx_stage1,,"[[[2, 656], [36, 656]], [], [true, true]]",
15074,q,a,cx_stage2,,"[[[2, 656], [36, 656]], [], [true, true]]",
15075,q,a,cx_stage3,,"[[[2, 656], [36, 656]], [], [true, true]]",
15076,q,a,cx_stage1,,"[[[2, 660], [36, 660]], [], [true, true]]",
15077,q,a,cx_stage2,,"[[[2, 660], [36, 660]], [], [true, true]]",
15078,q,a,cx_stage3,,"[[[2, 660], [36, 660]], [], [true, true]]",
15079,q,a,cx_stage3,,"[[[2, 67], [8, 67]], [], [true, true]]",
15080,q,a,cx_stage1,,"[[[2, 663], [37, 663]], [], [true, true]]",
15081,q,a,cx_stage2,,"[[[2, 663], [37, 663]], [], [true, true]]",
15082,q,a,cx_stage3,,"[[[2, 663], [37, 663]], [], [true, true]]",
15083,q,a,cx_stage1,,"[[[2, 667], [37, 667]], [], [true, true]]",
15084,q,a,cx_stage2,,"[[[2, 667], [37, 667]], [], [true, true]]",
15085,q,a,cx_stage3,,"[[[2, 667], [37, 667]], [], [true, true]]",
15086,q,a,cx_stage1,,"[[[2, 670], [38, 670]], [], [true, true]]",
15087,q,a,cx_stage2,,"[[[2, 670], [38, 670]], [], [true, true]]",
15088,q,a,cx_stage3,,"[[[2, 670], [38, 670]], [], [true, true]]",
15089,q,a,cx_stage1,,"[[[2, 71], [8, 71]], [], [true, true]]",
15090,q,a,cx_stage1,,"[[[2, 674], [38, 674]], [], [true, true]]",
15091,q,a,cx_stage2,,"[[[2, 674], [38, 674]], [], [true, true]]",
15092,q,a,cx_stage3,,"[[[2, 674], [38, 674]], [], [true, true]]",
15093,q,a,cx_stage1,,"[[[2, 677], [39, 677]], [], [true, true]]",
15094,q,a,cx_stage2,,"[[[2, 677], [39, 677]], [], [true, true]]",
15095,q,a,cx_stage3,,"[[[2, 677], [39, 677]], [], [true, true]]",
15096,q,a,cx_stage1,,"[[[2, 681], [39, 681]], [], [true, true]]",
15097,q,a,cx_stage2,,"[[[2, 681], [39, 681]], [], [true, true]]",
15098,q,a,cx_stage3,,"[[[2, 681], [39, 681]], [], [true, true]]",
15099,q,a,cx_stage1,,"[[[2, 684], [40, 684]], [], [true, true]]",
15100,q,a,cx_stage2,,"[[[2, 684], [40, 684]], [], [true, true]]",
15101,q,a,cx_stage3,,"[[[2, 684], [40, 684]], [], [true, true]]",
15102,q,a,cx_stage1,,"[[[2, 688], [40, 688]], [], [true, true]]",
15103,q,a,cx_stage2,,"[[[2, 688], [40, 688]], [], [true, true]]",
15104,q,a,cx_stage3,,"[[[2, 688], [40, 688]], [], [true, true]]",
15105,q,a,cx_stage1,,"[[[2, 691], [41, 691]], [], [true, true]]",
15106,q,a,cx_stage2,,"[[[2, 691], [41, 691]], [], [true, true]]",
15107,q,a,cx_stage2,,"[[[2, 71], [8, 71]], [], [true, true]]",
15108,q,a,cx_stage3,,"[[[2, 691], [41, 691]], [], [true, true]]",
15109,q,a,cx_stage1,,"[[[2, 695], [41, 695]], [], [true, true]]",
15110,q,a,cx_stage2,,"[[[2, 695], [41, 695]], [], [true, true]]",
15111,q,a,cx_stage3,,"[[[2, 695], [41, 695]], [], [true, true]]",
15112,q,a,cx_stage1,,"[[[2, 698], [42, 698]], [], [true, true]]",
15113,q,a,cx_stage2,,"[[[2, 698], [42, 698]], [], [true, true]]",
15114,q,a,cx_stage3,,"[[[2, 698], [42, 698]], [], [true, true]]",
15115,q,a,cx_stage1,,"[[[2, 702], [42, 702]], [], [true, true]]",
15116,q,a,cx_stage3,,"[[[2, 71], [8, 71]], [], [true, true]]",
15117,q,a,cx_stage2,,"[[[2, 702], [42, 702]], [], [true, true]]",
15118,q,a,cx_stage3,,"[[[2, 702], [42, 702]], [], [true, true]]",
15119,q,a,cx_stage1,,"[[[2, 705], [43, 705]], [], [true, true]]",
15120,q,a,cx_stage2,,"[[[2, 705], [43, 705]], [], [true, true]]",
15121,q,a,cx_stage3,,"[[[2, 705], [43, 705]], [], [true, true]]",
15122,q,a,cx_stage1,,"[[[2, 709], [43, 709]], [], [true, true]]",
15123,q,a,cx_stage2,,"[[[2, 709], [43, 709]], [], [true, true]]",
15124,q,a,cx_stage3,,"[[[2, 709], [43, 709]], [], [true, true]]",
15125,q,a,cx_stage1,,"[[[2, 712], [44, 712]], [], [true, true]]",
15126,q,a,cx_stage1,,"[[[2, 74], [9, 74]], [], [true, true]]",
15127,q,a,cx_stage2,,"[[[2, 712], [44, 712]], [], [true, true]]",
15128,q,a,cx_stage3,,"[[[2, 712], [44, 712]], [], [true, true]]",
15129,q,a,cx_stage1,,"[[[2, 716], [44, 716]], [], [true, true]]",
15130,q,a,cx_stage2,,"[[[2, 716], [44, 716]], [], [true, true]]",
15131,q,a,cx_stage3,,"[[[2, 716], [44, 716]], [], [true, true]]",
15132,q,a,cx_stage1,,"[[[2, 719], [45, 719]], [], [true, true]]",
15133,q,a,cx_stage2,,"[[[2, 719], [45, 719]], [], [true, true]]",
15134,q,a,cx_stage3,,"[[[2, 719], [45, 719]], [], [true, true]]",
15135,q,a,cx_stage1,,"[[[2, 723], [45, 723]], [], [true, true]]",
15136,q,a,cx_stage2,,"[[[2, 74], [9, 74]], [], [true, true]]",
15137,q,a,cx_stage2,,"[[[2, 723], [45, 723]], [], [true, true]]",
15138,q,a,cx_stage3,,"[[[2, 723], [45, 723]], [], [true, true]]",
15139,q,a,cx_stage1,,"[[[2, 726], [46, 726]], [], [true, true]]",
15140,q,a,cx_stage2,,"[[[2, 726], [46, 726]], [], [true, true]]",
15141,q,a,cx_stage3,,"[[[2, 726], [46, 726]], [], [true, true]]",
15142,q,a,cx_stage1,,"[[[2, 730], [46, 730]], [], [true, true]]",
15143,q,a,cx_stage2,,"[[[2, 730], [46, 730]], [], [true, true]]",
15144,q,a,cx_stage3,,"[[[2, 730], [46, 730]], [], [true, true]]",
15145,q,a,cx_stage3,,"[[[2, 74], [9, 74]], [], [true, true]]",
15146,q,a,cx_stage1,,"[[[2, 733], [47, 733]], [], [true, true]]",
15147,q,a,cx_stage2,,"[[[2, 733], [47, 733]], [], [true, true]]",
15148,q,a,cx_stage3,,"[[[2, 733], [47, 733]], [], [true, true]]",
15149,q,a,cx_stage1,,"[[[2, 737], [47, 737]], [], [true, true]]",
15150,q,a,cx_stage2,,"[[[2, 737], [47, 737]], [], [true, true]]",
15151,q,a,cx_stage3,,"[[[2, 737], [47, 737]], [], [true, true]]",
15152,q,a,cx_stage1,,"[[[2, 740], [48, 740]], [], [true, true]]",
15153,q,a,cx_stage2,,"[[[2, 740], [48, 740]], [], [true, true]]",
15154,q,a,cx_stage3,,"[[[2, 740], [48, 740]], [], [true, true]]",
15155,q,a,cx_stage1,,"[[[2, 78], [9, 78]], [], [true, true]]",
15156,q,a,cx_stage1,,"[[[2, 744], [48, 744]], [], [true, true]]",
15157,q,a,cx_stage2,,"[[[2, 744], [48, 744]], [], [true, true]]",
15158,q,a,cx_stage3,,"[[[2, 744], [48, 744]], [], [true, true]]",
15159,q,a,cx_stage1,,"[[[2, 747], [49, 747]], [], [true, true]]",
15160,q,a,cx_stage2,,"[[[2, 747], [49, 747]], [], [true, true]]",
15161,q,a,cx_stage3,,"[[[2, 747], [49, 747]], [], [true, true]]",
15162,q,a,cx_stage1,,"[[[2, 751], [49, 751]], [], [true, true]]",
15163,q,a,cx_stage2,,"[[[2, 751], [49, 751]], [], [true, true]]",
15164,q,a,cx_stage3,,"[[[2, 751], [49, 751]], [], [true, true]]",
15165,q,a,cx_stage1,,"[[[2, 754], [50, 754]], [], [true, true]]",
15166,q,a,cx_stage2,,"[[[2, 754], [50, 754]], [], [true, true]]",
15167,q,a,cx_stage3,,"[[[2, 754], [50, 754]], [], [true, true]]",
15168,q,a,cx_stage1,,"[[[2, 758], [50, 758]], [], [true, true]]",
15169,q,a,cx_stage2,,"[[[2, 758], [50, 758]], [], [true, true]]",
15170,q,a,cx_stage3,,"[[[2, 758], [50, 758]], [], [true, true]]",
15171,q,a,cx_stage1,,"[[[2, 761], [51, 761]], [], [true, true]]",
15172,q,a,cx_stage2,,"[[[2, 761], [51, 761]], [], [true, true]]",
15173,q,a,cx_stage2,,"[[[2, 78], [9, 78]], [], [true, true]]",
15174,q,a,cx_stage3,,"[[[2, 761], [51, 761]], [], [true, true]]",
15175,q,a,cx_stage1,,"[[[2, 765], [51, 765]], [], [true, true]]",
15176,q,a,cx_stage2,,"[[[2, 765], [51, 765]], [], [true, true]]",
15177,q,a,cx_stage3,,"[[[2, 765], [51, 765]], [], [true, true]]",
15178,q,a,cx_stage1,,"[[[2, 768], [52, 768]], [], [true, true]]",
15179,q,a,cx_stage2,,"[[[2, 768], [52, 768]], [], [true, true]]",
15180,q,a,cx_stage3,,"[[[2, 768], [52, 768]], [], [true, true]]",
15181,q,a,cx_stage1,,"[[[2, 772], [52, 772]], [], [true, true]]",
15182,q,a,cx_stage3,,"[[[2, 78], [9, 78]], [], [true, true]]",
15183,q,a,cx_stage2,,"[[[2, 772], [52, 772]], [], [true, true]]",
15184,q,a,cx_stage3,,"[[[2, 772], [52, 772]], [], [true, true]]",
15185,q,a,cx_stage1,,"[[[2, 775], [53, 775]], [], [true, true]]",
15186,q,a,cx_stage2,,"[[[2, 775], [53, 775]], [], [true, true]]",
15187,q,a,cx_stage3,,"[[[2, 775], [53, 775]], [], [true, true]]",
15188,q,a,cx_stage1,,"[[[2, 779], [53, 779]], [], [true, true]]",
15189,q,a,cx_stage2,,"[[[2, 779], [53, 779]], [], [true, true]]",
15190,q,a,cx_stage3,,"[[[2, 779], [53, 779]], [], [true, true]]",
15191,q,a,cx_stage1,,"[[[2, 782], [54, 782]], [], [true, true]]",
15192,q,a,cx_stage1,,"[[[2, 81], [10, 81]], [], [true, true]]",
15193,q,a,cx_stage2,,"[[[2, 782], [54, 782]], [], [true, true]]",
15194,q,a,cx_stage3,,"[[[2, 782], [54, 782]], [], [true, true]]",
15195,q,a,cx_stage1,,"[[[2, 786], [54, 786]], [], [true, true]]",
15196,q,a,cx_stage2,,"[[[2, 786], [54, 786]], [], [true, true]]",
15197,q,a,cx_stage3,,"[[[2, 786], [54, 786]], [], [true, true]]",
15198,q,a,cx_stage1,,"[[[2, 789], [55, 789]], [], [true, true]]",
15199,q,a,cx_stage2,,"[[[2, 789], [55, 789]], [], [true, true]]",
15200,q,a,cx_stage3,,"[[[2, 789], [55, 789]], [], [true, true]]",
15201,q,a,cx_stage1,,"[[[2, 793], [55, 793]], [], [true, true]]",
15202,q,a,cx_stage2,,"[[[2, 793], [55, 793]], [], [true, true]]",
15203,q,a,cx_stage3,,"[[[2, 793], [55, 793]], [], [true, true]]",
15204,q,a,ry,,"[[[2, 794]], [], [true]]",
15205,q,a,cx_stage3,,"[[[2, 81], [10, 81]], [], [true, true]]",
15206,q,a,cx_stage1,,"[[[2, 85], [10, 85]], [], [true, true]]",
15207,q,a,cx_stage3,,"[[[2, 85], [10, 85]], [], [true, true]]",
15208,q,a,cx_stage1,,"[[[2, 88], [11, 88]], [], [true, true]]",
15209,q,a,cx_stage3,,"[[[2, 88], [11, 88]], [], [true, true]]",
15210,q,a,cx_stage1,,"[[[2, 92], [11, 92]], [], [true, true]]",
15211,q,a,cx_stage3,,"[[[2, 92], [11, 92]], [], [true, true]]",
15212,q,a,cx_stage1,,"[[[2, 95], [12, 95]], [], [true, true]]",
15213,q,a,cx_stage3,,"[[[2, 95], [12, 95]], [], [true, true]]",
15214,q,a,cx_stage1,,"[[[2, 99], [12, 99]], [], [true, true]]",
15215,q,a,cx_stage3,,"[[[2, 99], [12, 99]], [], [true, true]]",
15216,q,a,u2,,"[[[30, 1]], [], [true]]",
15217,q,a,cx_stage1,,"[[[0, 207], [30, 207]], [], [true, true]]",
15218,q,a,cx_stage2,,"[[[30, 1233], [31, 1233]], [], [true, true]]",
15219,q,a,cx_stage1,,"[[[30, 1233], [31, 1233]], [], [true, true]]",
15220,q,a,cx_stage3,,"[[[30, 1233], [31, 1233]], [], [true, true]]",
15221,q,a,cx_stage1,,"[[[29, 1236], [30, 1236]], [], [true, true]]",
15222,q,a,cx_stage3,,"[[[29, 1236], [30, 1236]], [], [true, true]]",
15223,q,a,ry,,"[[[30, 1237]], [], [true]]",
15224,q,a,cx_stage3,,"[[[0, 207], [30, 207]], [], [true, true]]",
15225,q,a,p,,"[[[30, 208]], [], [true]]",
15226,q,a,cx_stage1,,"[[[0, 211], [30, 211]], [], [true, true]]",
15227,q,a,cx_stage3,,"[[[0, 211], [30, 211]], [], [true, true]]",
15228,q,a,cx_stage1,,"[[[1, 214], [30, 214]], [], [true, true]]",
15229,q,a,cx_stage3,,"[[[1, 214], [30, 214]], [], [true, true]]",
15230,q,a,p,,"[[[30, 215]], [], [true]]",
15231,q,a,cx_stage1,,"[[[1, 218], [30, 218]], [], [true, true]]",
15232,q,a,cx_stage3,,"[[[1, 218], [30, 218]], [], [true, true]]",
15233,q,a,cx_stage1,,"[[[2, 221], [30, 221]], [], [true, true]]",
15234,q,a,cx_stage3,,"[[[2, 221], [30, 221]], [], [true, true]]",
15235,q,a,p,,"[[[30, 222]], [], [true]]",
15236,q,a,cx_stage1,,"[[[2, 225], [30, 225]], [], [true, true]]",
15237,q,a,cx_stage3,,"[[[2, 225], [30, 225]], [], [true, true]]",
15238,q,a,cx_stage1,,"[[[3, 228], [30, 228]], [], [true, true]]",
15239,q,a,cx_stage2,,"[[[3, 228], [30, 228]], [], [true, true]]",
15240,q,a,cx_stage3,,"[[[3, 228], [30, 228]], [], [true, true]]",
15241,q,a,p,,"[[[30, 229]], [], [true]]",
15242,q,a,cx_stage1,,"[[[3, 232], [30, 232]], [], [true, true]]",
15243,q,a,cx_stage2,,"[[[3, 232], [30, 232]], [], [true, true]]",
15244,q,a,cx_stage3,,"[[[3, 232], [30, 232]], [], [true, true]]",
15245,q,a,cx_stage1,,"[[[4, 235], [30, 235]], [], [true, true]]",
15246,q,a,cx_stage2,,"[[[4, 235], [30, 235]], [], [true, true]]",
15247,q,a,cx_stage3,,"[[[4, 235], [30, 235]], [], [true, true]]",
15248,q,a,p,,"[[[30, 236]], [], [true]]",
15249,q,a,cx_stage1,,"[[[4, 239], [30, 239]], [], [true, true]]",
15250,q,a,cx_stage2,,"[[[4, 239], [30, 239]], [], [true, true]]",
15251,q,a,cx_stage3,,"[[[4, 239], [30, 239]], [], [true, true]]",
15252,q,a,cx_stage1,,"[[[5, 242], [30, 242]], [], [true, true]]",
15253,q,a,cx_stage2,,"[[[5, 242], [30, 242]], [], [true, true]]",
15254,q,a,cx_stage3,,"[[[5, 242], [30, 242]], [], [true, true]]",
15255,q,a,p,,"[[[30, 243]], [], [true]]",
15256,q,a,cx_stage1,,"[[[5, 246], [30, 246]], [], [true, true]]",
15257,q,a,cx_stage2,,"[[[5, 246], [30, 246]], [], [true, true]]",
15258,q,a,cx_stage3,,"[[[5, 246], [30, 246]], [], [true, true]]",
15259,q,a,cx_stage1,,"[[[6, 249], [30, 249]], [], [true, true]]",
15260,q,a,cx_stage2,,"[[[6, 249], [30, 249]], [], [true, true]]",
15261,q,a,cx_stage3,,"[[[6, 249], [30, 249]], [], [true, true]]",
15262,q,a,p,,"[[[30, 250]], [], [true]]",
15263,q,a,cx_stage1,,"[[[6, 253], [30, 253]], [], [true, true]]",
15264,q,a,cx_stage2,,"[[[6, 253], [30, 253]], [], [true, true]]",
15265,q,a,cx_stage3,,"[[[6, 253], [30, 253]], [], [true, true]]",
15266,q,a,cx_stage1,,"[[[7, 256], [30, 256]], [], [true, true]]",
15267,q,a,cx_stage2,,"[[[7, 256], [30, 256]], [], [true, true]]",
15268,q,a,cx_stage3,,"[[[7, 256], [30, 256]], [], [true, true]]",
15269,q,a,p,,"[[[30, 257]], [], [true]]",
15270,q,a,cx_stage1,,"[[[7, 260], [30, 260]], [], [true, true]]",
15271,q,a,cx_stage2,,"[[[7, 260], [30, 260]], [], [true, true]]",
15272,q,a,cx_stage3,,"[[[7, 260], [30, 260]], [], [true, true]]",
15273,q,a,cx_stage1,,"[[[8, 263], [30, 263]], [], [true, true]]",
15274,q,a,cx_stage2,,"[[[8, 263], [30, 263]], [], [true, true]]",
15275,q,a,cx_stage3,,"[[[8, 263], [30, 263]], [], [true, true]]",
15276,q,a,p,,"[[[30, 264]], [], [true]]",
15277,q,a,cx_stage1,,"[[[8, 267], [30, 267]], [], [true, true]]",
15278,q,a,cx_stage2,,"[[[8, 267], [30, 267]], [], [true, true]]",
15279,q,a,cx_stage3,,"[[[8, 267], [30, 267]], [], [true, true]]",
15280,q,a,cx_stage1,,"[[[9, 270], [30, 270]], [], [true, true]]",
15281,q,a,cx_stage2,,"[[[9, 270], [30, 270]], [], [true, true]]",
15282,q,a,cx_stage3,,"[[[9, 270], [30, 270]], [], [true, true]]",
15283,q,a,p,,"[[[30, 271]], [], [true]]",
15284,q,a,cx_stage1,,"[[[9, 274], [30, 274]], [], [true, true]]",
15285,q,a,cx_stage2,,"[[[9, 274], [30, 274]], [], [true, true]]",
15286,q,a,cx_stage3,,"[[[9, 274], [30, 274]], [], [true, true]]",
15287,q,a,cx_stage1,,"[[[10, 277], [30, 277]], [], [true, true]]",
15288,q,a,cx_stage3,,"[[[10, 277], [30, 277]], [], [true, true]]",
15289,q,a,p,,"[[[30, 278]], [], [true]]",
15290,q,a,cx_stage1,,"[[[10, 281], [30, 281]], [], [true, true]]",
15291,q,a,cx_stage3,,"[[[10, 281], [30, 281]], [], [true, true]]",
15292,q,a,cx_stage1,,"[[[11, 284], [30, 284]], [], [true, true]]",
15293,q,a,cx_stage3,,"[[[11, 284], [30, 284]], [], [true, true]]",
15294,q,a,p,,"[[[30, 285]], [], [true]]",
15295,q,a,cx_stage1,,"[[[11, 288], [30, 288]], [], [true, true]]",
15296,q,a,cx_stage3,,"[[[11, 288], [30, 288]], [], [true, true]]",
15297,q,a,cx_stage1,,"[[[12, 291], [30, 291]], [], [true, true]]",
15298,q,a,cx_stage3,,"[[[12, 291], [30, 291]], [], [true, true]]",
15299,q,a,p,,"[[[30, 292]], [], [true]]",
15300,q,a,cx_stage1,,"[[[12, 295], [30, 295]], [], [true, true]]",
15301,q,a,cx_stage3,,"[[[12, 295], [30, 295]], [], [true, true]]",
15302,q,a,cx_stage1,,"[[[13, 298], [30, 298]], [], [true, true]]",
15303,q,a,cx_stage3,,"[[[13, 298], [30, 298]], [], [true, true]]",
15304,q,a,p,,"[[[30, 299]], [], [true]]",
15305,q,a,cx_stage1,,"[[[13, 302], [30, 302]], [], [true, true]]",
15306,q,a,cx_stage3,,"[[[13, 302], [30, 302]], [], [true, true]]",
15307,q,a,cx_stage1,,"[[[14, 305], [30, 305]], [], [true, true]]",
15308,q,a,cx_stage3,,"[[[14, 305], [30, 305]], [], [true, true]]",
15309,q,a,p,,"[[[30, 306]], [], [true]]",
15310,q,a,cx_stage1,,"[[[14, 309], [30, 309]], [], [true, true]]",
15311,q,a,cx_stage3,,"[[[14, 309], [30, 309]], [], [true, true]]",
15312,q,a,cx_stage1,,"[[[15, 312], [30, 312]], [], [true, true]]",
15313,q,a,cx_stage3,,"[[[15, 312], [30, 312]], [], [true, true]]",
15314,q,a,p,,"[[[30, 313]], [], [true]]",
15315,q,a,cx_stage1,,"[[[15, 316], [30, 316]], [], [true, true]]",
15316,q,a,cx_stage3,,"[[[15, 316], [30, 316]], [], [true, true]]",
15317,q,a,cx_stage1,,"[[[16, 319], [30, 319]], [], [true, true]]",
15318,q,a,cx_stage3,,"[[[16, 319], [30, 319]], [], [true, true]]",
15319,q,a,p,,"[[[30, 320]], [], [true]]",
15320,q,a,cx_stage1,,"[[[16, 323], [30, 323]], [], [true, true]]",
15321,q,a,cx_stage3,,"[[[16, 323], [30, 323]], [], [true, true]]",
15322,q,a,cx_stage1,,"[[[17, 326], [30, 326]], [], [true, true]]",
15323,q,a,cx_stage3,,"[[[17, 326], [30, 326]], [], [true, true]]",
15324,q,a,p,,"[[[30, 327]], [], [true]]",
15325,q,a,cx_stage1,,"[[[17, 330], [30, 330]], [], [true, true]]",
15326,q,a,cx_stage3,,"[[[17, 330], [30, 330]], [], [true, true]]",
15327,q,a,cx_stage1,,"[[[18, 333], [30, 333]], [], [true, true]]",
15328,q,a,cx_stage3,,"[[[18, 333], [30, 333]], [], [true, true]]",
15329,q,a,p,,"[[[30, 334]], [], [true]]",
15330,q,a,cx_stage1,,"[[[18, 337], [30, 337]], [], [true, true]]",
15331,q,a,cx_stage3,,"[[[18, 337], [30, 337]], [], [true, true]]",
15332,q,a,cx_stage1,,"[[[19, 340], [30, 340]], [], [true, true]]",
15333,q,a,cx_stage3,,"[[[19, 340], [30, 340]], [], [true, true]]",
15334,q,a,p,,"[[[30, 341]], [], [true]]",
15335,q,a,cx_stage1,,"[[[19, 344], [30, 344]], [], [true, true]]",
15336,q,a,cx_stage3,,"[[[19, 344], [30, 344]], [], [true, true]]",
15337,q,a,cx_stage1,,"[[[20, 347], [30, 347]], [], [true, true]]",
15338,q,a,cx_stage3,,"[[[20, 347], [30, 347]], [], [true, true]]",
15339,q,a,p,,"[[[30, 348]], [], [true]]",
15340,q,a,cx_stage1,,"[[[20, 351], [30, 351]], [], [true, true]]",
15341,q,a,cx_stage3,,"[[[20, 351], [30, 351]], [], [true, true]]",
15342,q,a,cx_stage1,,"[[[21, 354], [30, 354]], [], [true, true]]",
15343,q,a,cx_stage3,,"[[[21, 354], [30, 354]], [], [true, true]]",
15344,q,a,p,,"[[[30, 355]], [], [true]]",
15345,q,a,cx_stage1,,"[[[21, 358], [30, 358]], [], [true, true]]",
15346,q,a,cx_stage3,,"[[[21, 358], [30, 358]], [], [true, true]]",
15347,q,a,cx_stage1,,"[[[22, 361], [30, 361]], [], [true, true]]",
15348,q,a,cx_stage3,,"[[[22, 361], [30, 361]], [], [true, true]]",
15349,q,a,p,,"[[[30, 362]], [], [true]]",
15350,q,a,cx_stage1,,"[[[22, 365], [30, 365]], [], [true, true]]",
15351,q,a,cx_stage3,,"[[[22, 365], [30, 365]], [], [true, true]]",
15352,q,a,cx_stage1,,"[[[23, 368], [30, 368]], [], [true, true]]",
15353,q,a,cx_stage3,,"[[[23, 368], [30, 368]], [], [true, true]]",
15354,q,a,p,,"[[[30, 369]], [], [true]]",
15355,q,a,cx_stage1,,"[[[23, 372], [30, 372]], [], [true, true]]",
15356,q,a,cx_stage3,,"[[[23, 372], [30, 372]], [], [true, true]]",
15357,q,a,cx_stage1,,"[[[24, 375], [30, 375]], [], [true, true]]",
15358,q,a,cx_stage3,,"[[[24, 375], [30, 375]], [], [true, true]]",
15359,q,a,p,,"[[[30, 376]], [], [true]]",
15360,q,a,cx_stage1,,"[[[24, 379], [30, 379]], [], [true, true]]",
15361,q,a,cx_stage3,,"[[[24, 379], [30, 379]], [], [true, true]]",
15362,q,a,cx_stage1,,"[[[25, 382], [30, 382]], [], [true, true]]",
15363,q,a,cx_stage3,,"[[[25, 382], [30, 382]], [], [true, true]]",
15364,q,a,p,,"[[[30, 383]], [], [true]]",
15365,q,a,cx_stage1,,"[[[25, 386], [30, 386]], [], [true, true]]",
15366,q,a,cx_stage3,,"[[[25, 386], [30, 386]], [], [true, true]]",
15367,q,a,cx_stage1,,"[[[26, 389], [30, 389]], [], [true, true]]",
15368,q,a,cx_stage3,,"[[[26, 389], [30, 389]], [], [true, true]]",
15369,q,a,p,,"[[[30, 390]], [], [true]]",
15370,q,a,cx_stage1,,"[[[26, 393], [30, 393]], [], [true, true]]",
15371,q,a,cx_stage3,,"[[[26, 393], [30, 393]], [], [true, true]]",
15372,q,a,cx_stage1,,"[[[27, 396], [30, 396]], [], [true, true]]",
15373,q,a,cx_stage3,,"[[[27, 396], [30, 396]], [], [true, true]]",
15374,q,a,p,,"[[[30, 397]], [], [true]]",
15375,q,a,cx_stage1,,"[[[27, 400], [30, 400]], [], [true, true]]",
15376,q,a,cx_stage3,,"[[[27, 400], [30, 400]], [], [true, true]]",
15377,q,a,cx_stage1,,"[[[28, 403], [30, 403]], [], [true, true]]",
15378,q,a,cx_stage3,,"[[[28, 403], [30, 403]], [], [true, true]]",
15379,q,a,p,,"[[[30, 404]], [], [true]]",
15380,q,a,cx_stage1,,"[[[28, 407], [30, 407]], [], [true, true]]",
15381,q,a,cx_stage3,,"[[[28, 407], [30, 407]], [], [true, true]]",
15382,q,a,cx_stage1,,"[[[29, 410], [30, 410]], [], [true, true]]",
15383,q,a,cx_stage3,,"[[[29, 410], [30, 410]], [], [true, true]]",
15384,q,a,p,,"[[[30, 411]], [], [true]]",
15385,q,a,cx_stage1,,"[[[29, 414], [30, 414]], [], [true, true]]",
15386,q,a,cx_stage3,,"[[[29, 414], [30, 414]], [], [true, true]]",
15387,q,a,cx_stage1,,"[[[30, 424], [31, 424]], [], [true, true]]",
15388,q,a,cx_stage2,,"[[[30, 424], [31, 424]], [], [true, true]]",
15389,q,a,cx_stage3,,"[[[30, 424], [31, 424]], [], [true, true]]",
15390,q,a,cx_stage1,,"[[[30, 428], [31, 428]], [], [true, true]]",
15391,q,a,cx_stage2,,"[[[30, 428], [31, 428]], [], [true, true]]",
15392,q,a,cx_stage3,,"[[[30, 428], [31, 428]], [], [true, true]]",
15393,q,a,cx_stage1,,"[[[30, 431], [32, 431]], [], [true, true]]",
15394,q,a,cx_stage2,,"[[[30, 431], [32, 431]], [], [true, true]]",
15395,q,a,cx_stage3,,"[[[30, 431], [32, 431]], [], [true, true]]",
15396,q,a,cx_stage1,,"[[[30, 435], [32, 435]], [], [true, true]]",
15397,q,a,cx_stage2,,"[[[30, 435], [32, 435]], [], [true, true]]",
15398,q,a,cx_stage3,,"[[[30, 435], [32, 435]], [], [true, true]]",
15399,q,a,cx_stage1,,"[[[30, 438], [33, 438]], [], [true, true]]",
15400,q,a,cx_stage2,,"[[[30, 438], [33, 438]], [], [true, true]]",
15401,q,a,cx_stage3,,"[[[30, 438], [33, 438]], [], [true, true]]",
15402,q,a,cx_stage1,,"[[[30, 442], [33, 442]], [], [true, true]]",
15403,q,a,cx_stage2,,"[[[30, 442], [33, 442]], [], [true, true]]",
15404,q,a,cx_stage3,,"[[[30, 442], [33, 442]], [], [true, true]]",
15405,q,a,cx_stage1,,"[[[30, 445], [34, 445]], [], [true, true]]",
15406,q,a,cx_stage2,,"[[[30, 445], [34, 445]], [], [true, true]]",
15407,q,a,cx_stage3,,"[[[30, 445], [34, 445]], [], [true, true]]",
15408,q,a,cx_stage1,,"[[[30, 449], [34, 449]], [], [true, true]]",
15409,q,a,cx_stage2,,"[[[30, 449], [34, 449]], [], [true, true]]",
15410,q,a,cx_stage3,,"[[[30, 449], [34, 449]], [], [true, true]]",
15411,q,a,cx_stage1,,"[[[30, 452], [35, 452]], [], [true, true]]",
15412,q,a,cx_stage2,,"[[[30, 452], [35, 452]], [], [true, true]]",
15413,q,a,cx_stage3,,"[[[30, 452], [35, 452]], [], [true, true]]",
15414,q,a,cx_stage1,,"[[[30, 456], [35, 456]], [], [true, true]]",
15415,q,a,cx_stage2,,"[[[30, 456], [35, 456]], [], [true, true]]",
15416,q,a,cx_stage3,,"[[[30, 456], [35, 456]], [], [true, true]]",
15417,q,a,cx_stage1,,"[[[30, 459], [36, 459]], [], [true, true]]",
15418,q,a,cx_stage2,,"[[[30, 459], [36, 459]], [], [true, true]]",
15419,q,a,cx_stage3,,"[[[30, 459], [36, 459]], [], [true, true]]",
15420,q,a,cx_stage1,,"[[[30, 463], [36, 463]], [], [true, true]]",
15421,q,a,cx_stage2,,"[[[30, 463], [36, 463]], [], [true, true]]",
15422,q,a,cx_stage3,,"[[[30, 463], [36, 463]], [], [true, true]]",
15423,q,a,cx_stage1,,"[[[30, 466], [37, 466]], [], [true, true]]",
15424,q,a,cx_stage2,,"[[[30, 466], [37, 466]], [], [true, true]]",
15425,q,a,cx_stage3,,"[[[30, 466], [37, 466]], [], [true, true]]",
15426,q,a,cx_stage1,,"[[[30, 470], [37, 470]], [], [true, true]]",
15427,q,a,cx_stage2,,"[[[30, 470], [37, 470]], [], [true, true]]",
15428,q,a,cx_stage3,,"[[[30, 470], [37, 470]], [], [true, true]]",
15429,q,a,cx_stage1,,"[[[30, 473], [38, 473]], [], [true, true]]",
15430,q,a,cx_stage2,,"[[[30, 473], [38, 473]], [], [true, true]]",
15431,q,a,cx_stage3,,"[[[30, 473], [38, 473]], [], [true, true]]",
15432,q,a,cx_stage1,,"[[[30, 477], [38, 477]], [], [true, true]]",
15433,q,a,cx_stage2,,"[[[30, 477], [38, 477]], [], [true, true]]",
15434,q,a,cx_stage3,,"[[[30, 477], [38, 477]], [], [true, true]]",
15435,q,a,cx_stage1,,"[[[30, 480], [39, 480]], [], [true, true]]",
15436,q,a,cx_stage2,,"[[[30, 480], [39, 480]], [], [true, true]]",
15437,q,a,cx_stage3,,"[[[30, 480], [39, 480]], [], [true, true]]",
15438,q,a,cx_stage1,,"[[[30, 484], [39, 484]], [], [true, true]]",
15439,q,a,cx_stage2,,"[[[30, 484], [39, 484]], [], [true, true]]",
15440,q,a,cx_stage3,,"[[[30, 484], [39, 484]], [], [true, true]]",
15441,q,a,cx_stage1,,"[[[30, 487], [40, 487]], [], [true, true]]",
15442,q,a,cx_stage2,,"[[[30, 487], [40, 487]], [], [true, true]]",
15443,q,a,cx_stage3,,"[[[30, 487], [40, 487]], [], [true, true]]",
15444,q,a,cx_stage1,,"[[[30, 491], [40, 491]], [], [true, true]]",
15445,q,a,cx_stage2,,"[[[30, 491], [40, 491]], [], [true, true]]",
15446,q,a,cx_stage3,,"[[[30, 491], [40, 491]], [], [true, true]]",
15447,q,a,cx_stage1,,"[[[30, 494], [41, 494]], [], [true, true]]",
15448,q,a,cx_stage2,,"[[[30, 494], [41, 494]], [], [true, true]]",
15449,q,a,cx_stage3,,"[[[30, 494], [41, 494]], [], [true, true]]",
15450,q,a,cx_stage1,,"[[[30, 498], [41, 498]], [], [true, true]]",
15451,q,a,cx_stage2,,"[[[30, 498], [41, 498]], [], [true, true]]",
15452,q,a,cx_stage3,,"[[[30, 498], [41, 498]], [], [true, true]]",
15453,q,a,cx_stage1,,"[[[30, 501], [42, 501]], [], [true, true]]",
15454,q,a,cx_stage2,,"[[[30, 501], [42, 501]], [], [true, true]]",
15455,q,a,cx_stage3,,"[[[30, 501], [42, 501]], [], [true, true]]",
15456,q,a,cx_stage1,,"[[[30, 505], [42, 505]], [], [true, true]]",
15457,q,a,cx_stage2,,"[[[30, 505], [42, 505]], [], [true, true]]",
15458,q,a,cx_stage3,,"[[[30, 505], [42, 505]], [], [true, true]]",
15459,q,a,cx_stage1,,"[[[30, 508], [43, 508]], [], [true, true]]",
15460,q,a,cx_stage2,,"[[[30, 508], [43, 508]], [], [true, true]]",
15461,q,a,cx_stage3,,"[[[30, 508], [43, 508]], [], [true, true]]",
15462,q,a,cx_stage1,,"[[[30, 512], [43, 512]], [], [true, true]]",
15463,q,a,cx_stage2,,"[[[30, 512], [43, 512]], [], [true, true]]",
15464,q,a,cx_stage3,,"[[[30, 512], [43, 512]], [], [true, true]]",
15465,q,a,cx_stage1,,"[[[30, 515], [44, 515]], [], [true, true]]",
15466,q,a,cx_stage2,,"[[[30, 515], [44, 515]], [], [true, true]]",
15467,q,a,cx_stage3,,"[[[30, 515], [44, 515]], [], [true, true]]",
15468,q,a,cx_stage1,,"[[[30, 519], [44, 519]], [], [true, true]]",
15469,q,a,cx_stage2,,"[[[30, 519], [44, 519]], [], [true, true]]",
15470,q,a,cx_stage3,,"[[[30, 519], [44, 519]], [], [true, true]]",
15471,q,a,cx_stage1,,"[[[30, 522], [45, 522]], [], [true, true]]",
15472,q,a,cx_stage2,,"[[[30, 522], [45, 522]], [], [true, true]]",
15473,q,a,cx_stage3,,"[[[30, 522], [45, 522]], [], [true, true]]",
15474,q,a,cx_stage1,,"[[[30, 526], [45, 526]], [], [true, true]]",
15475,q,a,cx_stage2,,"[[[30, 526], [45, 526]], [], [true, true]]",
15476,q,a,cx_stage3,,"[[[30, 526], [45, 526]], [], [true, true]]",
15477,q,a,cx_stage1,,"[[[30, 529], [46, 529]], [], [true, true]]",
15478,q,a,cx_stage2,,"[[[30, 529], [46, 529]], [], [true, true]]",
15479,q,a,cx_stage3,,"[[[30, 529], [46, 529]], [], [true, true]]",
15480,q,a,cx_stage1,,"[[[30, 533], [46, 533]], [], [true, true]]",
15481,q,a,cx_stage2,,"[[[30, 533], [46, 533]], [], [true, true]]",
15482,q,a,cx_stage3,,"[[[30, 533], [46, 533]], [], [true, true]]",
15483,q,a,cx_stage1,,"[[[30, 536], [47, 536]], [], [true, true]]",
15484,q,a,cx_stage2,,"[[[30, 536], [47, 536]], [], [true, true]]",
15485,q,a,cx_stage3,,"[[[30, 536], [47, 536]], [], [true, true]]",
15486,q,a,cx_stage1,,"[[[30, 540], [47, 540]], [], [true, true]]",
15487,q,a,cx_stage2,,"[[[30, 540], [47, 540]], [], [true, true]]",
15488,q,a,cx_stage3,,"[[[30, 540], [47, 540]], [], [true, true]]",
15489,q,a,cx_stage1,,"[[[30, 543], [48, 543]], [], [true, true]]",
15490,q,a,cx_stage2,,"[[[30, 543], [48, 543]], [], [true, true]]",
15491,q,a,cx_stage3,,"[[[30, 543], [48, 543]], [], [true, true]]",
15492,q,a,cx_stage1,,"[[[30, 547], [48, 547]], [], [true, true]]",
15493,q,a,cx_stage2,,"[[[30, 547], [48, 547]], [], [true, true]]",
15494,q,a,cx_stage3,,"[[[30, 547], [48, 547]], [], [true, true]]",
15495,q,a,cx_stage1,,"[[[30, 550], [49, 550]], [], [true, true]]",
15496,q,a,cx_stage2,,"[[[30, 550], [49, 550]], [], [true, true]]",
15497,q,a,cx_stage3,,"[[[30, 550], [49, 550]], [], [true, true]]",
15498,q,a,cx_stage1,,"[[[30, 554], [49, 554]], [], [true, true]]",
15499,q,a,cx_stage2,,"[[[30, 554], [49, 554]], [], [true, true]]",
15500,q,a,cx_stage3,,"[[[30, 554], [49, 554]], [], [true, true]]",
15501,q,a,cx_stage1,,"[[[30, 557], [50, 557]], [], [true, true]]",
15502,q,a,cx_stage2,,"[[[30, 557], [50, 557]], [], [true, true]]",
15503,q,a,cx_stage3,,"[[[30, 557], [50, 557]], [], [true, true]]",
15504,q,a,cx_stage1,,"[[[30, 561], [50, 561]], [], [true, true]]",
15505,q,a,cx_stage2,,"[[[30, 561], [50, 561]], [], [true, true]]",
15506,q,a,cx_stage3,,"[[[30, 561], [50, 561]], [], [true, true]]",
15507,q,a,cx_stage1,,"[[[30, 564], [51, 564]], [], [true, true]]",
15508,q,a,cx_stage2,,"[[[30, 564], [51, 564]], [], [true, true]]",
15509,q,a,cx_stage3,,"[[[30, 564], [51, 564]], [], [true, true]]",
15510,q,a,cx_stage1,,"[[[30, 568], [51, 568]], [], [true, true]]",
15511,q,a,cx_stage2,,"[[[30, 568], [51, 568]], [], [true, true]]",
15512,q,a,cx_stage3,,"[[[30, 568], [51, 568]], [], [true, true]]",
15513,q,a,cx_stage1,,"[[[30, 571], [52, 571]], [], [true, true]]",
15514,q,a,cx_stage2,,"[[[30, 571], [52, 571]], [], [true, true]]",
15515,q,a,cx_stage3,,"[[[30, 571], [52, 571]], [], [true, true]]",
15516,q,a,cx_stage1,,"[[[30, 575], [52, 575]], [], [true, true]]",
15517,q,a,cx_stage2,,"[[[30, 575], [52, 575]], [], [true, true]]",
15518,q,a,cx_stage3,,"[[[30, 575], [52, 575]], [], [true, true]]",
15519,q,a,cx_stage1,,"[[[30, 578], [53, 578]], [], [true, true]]",
15520,q,a,cx_stage2,,"[[[30, 578], [53, 578]], [], [true, true]]",
15521,q,a,cx_stage3,,"[[[30, 578], [53, 578]], [], [true, true]]",
15522,q,a,cx_stage1,,"[[[30, 582], [53, 582]], [], [true, true]]",
15523,q,a,cx_stage2,,"[[[30, 582], [53, 582]], [], [true, true]]",
15524,q,a,cx_stage3,,"[[[30, 582], [53, 582]], [], [true, true]]",
15525,q,a,cx_stage1,,"[[[30, 585], [54, 585]], [], [true, true]]",
15526,q,a,cx_stage2,,"[[[30, 585], [54, 585]], [], [true, true]]",
15527,q,a,cx_stage3,,"[[[30, 585], [54, 585]], [], [true, true]]",
15528,q,a,cx_stage1,,"[[[30, 589], [54, 589]], [], [true, true]]",
15529,q,a,cx_stage2,,"[[[30, 589], [54, 589]], [], [true, true]]",
15530,q,a,cx_stage3,,"[[[30, 589], [54, 589]], [], [true, true]]",
15531,q,a,cx_stage1,,"[[[30, 592], [55, 592]], [], [true, true]]",
15532,q,a,cx_stage2,,"[[[30, 592], [55, 592]], [], [true, true]]",
15533,q,a,cx_stage3,,"[[[30, 592], [55, 592]], [], [true, true]]",
15534,q,a,cx_stage1,,"[[[30, 596], [55, 596]], [], [true, true]]",
15535,q,a,cx_stage2,,"[[[30, 596], [55, 596]], [], [true, true]]",
15536,q,a,cx_stage3,,"[[[30, 596], [55, 596]], [], [true, true]]",
15537,q,a,u2,,"[[[30, 597]], [], [true]]",
15538,q,a,cx_stage1,,"[[[0, 600], [30, 600]], [], [true, true]]",
15539,q,a,cx_stage3,,"[[[0, 600], [30, 600]], [], [true, true]]",
15540,q,a,p,,"[[[30, 601]], [], [true]]",
15541,q,a,cx_stage1,,"[[[0, 604], [30, 604]], [], [true, true]]",
15542,q,a,cx_stage3,,"[[[0, 604], [30, 604]], [], [true, true]]",
15543,q,a,cx_stage1,,"[[[1, 607], [30, 607]], [], [true, true]]",
15544,q,a,cx_stage3,,"[[[1, 607], [30, 607]], [], [true, true]]",
15545,q,a,p,,"[[[30, 608]], [], [true]]",
15546,q,a,cx_stage1,,"[[[1, 611], [30, 611]], [], [true, true]]",
15547,q,a,cx_stage3,,"[[[1, 611], [30, 611]], [], [true, true]]",
15548,q,a,cx_stage1,,"[[[2, 614], [30, 614]], [], [true, true]]",
15549,q,a,cx_stage3,,"[[[2, 614], [30, 614]], [], [true, true]]",
15550,q,a,p,,"[[[30, 615]], [], [true]]",
15551,q,a,cx_stage1,,"[[[2, 618], [30, 618]], [], [true, true]]",
15552,q,a,cx_stage3,,"[[[2, 618], [30, 618]], [], [true, true]]",
15553,q,a,cx_stage1,,"[[[3, 621], [30, 621]], [], [true, true]]",
15554,q,a,cx_stage2,,"[[[3, 621], [30, 621]], [], [true, true]]",
15555,q,a,cx_stage3,,"[[[3, 621], [30, 621]], [], [true, true]]",
15556,q,a,p,,"[[[30, 622]], [], [true]]",
15557,q,a,cx_stage1,,"[[[3, 625], [30, 625]], [], [true, true]]",
15558,q,a,cx_stage2,,"[[[3, 625], [30, 625]], [], [true, true]]",
15559,q,a,cx_stage3,,"[[[3, 625], [30, 625]], [], [true, true]]",
15560,q,a,cx_stage1,,"[[[4, 628], [30, 628]], [], [true, true]]",
15561,q,a,cx_stage2,,"[[[4, 628], [30, 628]], [], [true, true]]",
15562,q,a,cx_stage3,,"[[[4, 628], [30, 628]], [], [true, true]]",
15563,q,a,p,,"[[[30, 629]], [], [true]]",
15564,q,a,cx_stage1,,"[[[4, 632], [30, 632]], [], [true, true]]",
15565,q,a,cx_stage2,,"[[[4, 632], [30, 632]], [], [true, true]]",
15566,q,a,cx_stage3,,"[[[4, 632], [30, 632]], [], [true, true]]",
15567,q,a,cx_stage1,,"[[[5, 635], [30, 635]], [], [true, true]]",
15568,q,a,cx_stage2,,"[[[5, 635], [30, 635]], [], [true, true]]",
15569,q,a,cx_stage3,,"[[[5, 635], [30, 635]], [], [true, true]]",
15570,q,a,p,,"[[[30, 636]], [], [true]]",
15571,q,a,cx_stage1,,"[[[5, 639], [30, 639]], [], [true, true]]",
15572,q,a,cx_stage2,,"[[[5, 639], [30, 639]], [], [true, true]]",
15573,q,a,cx_stage3,,"[[[5, 639], [30, 639]], [], [true, true]]",
15574,q,a,cx_stage1,,"[[[6, 642], [30, 642]], [], [true, true]]",
15575,q,a,cx_stage2,,"[[[6, 642], [30, 642]], [], [true, true]]",
15576,q,a,cx_stage3,,"[[[6, 642], [30, 642]], [], [true, true]]",
15577,q,a,p,,"[[[30, 643]], [], [true]]",
15578,q,a,cx_stage1,,"[[[6, 646], [30, 646]], [], [true, true]]",
15579,q,a,cx_stage2,,"[[[6, 646], [30, 646]], [], [true, true]]",
15580,q,a,cx_stage3,,"[[[6, 646], [30, 646]], [], [true, true]]",
15581,q,a,cx_stage1,,"[[[7, 649], [30, 649]], [], [true, true]]",
15582,q,a,cx_stage2,,"[[[7, 649], [30, 649]], [], [true, true]]",
15583,q,a,cx_stage3,,"[[[7, 649], [30, 649]], [], [true, true]]",
15584,q,a,p,,"[[[30, 650]], [], [true]]",
15585,q,a,cx_stage1,,"[[[7, 653], [30, 653]], [], [true, true]]",
15586,q,a,cx_stage2,,"[[[7, 653], [30, 653]], [], [true, true]]",
15587,q,a,cx_stage3,,"[[[7, 653], [30, 653]], [], [true, true]]",
15588,q,a,cx_stage1,,"[[[8, 656], [30, 656]], [], [true, true]]",
15589,q,a,cx_stage2,,"[[[8, 656], [30, 656]], [], [true, true]]",
15590,q,a,cx_stage3,,"[[[8, 656], [30, 656]], [], [true, true]]",
15591,q,a,p,,"[[[30, 657]], [], [true]]",
15592,q,a,cx_stage1,,"[[[8, 660], [30, 660]], [], [true, true]]",
15593,q,a,cx_stage2,,"[[[8, 660], [30, 660]], [], [true, true]]",
15594,q,a,cx_stage3,,"[[[8, 660], [30, 660]], [], [true, true]]",
15595,q,a,cx_stage1,,"[[[9, 663], [30, 663]], [], [true, true]]",
15596,q,a,cx_stage2,,"[[[9, 663], [30, 663]], [], [true, true]]",
15597,q,a,cx_stage3,,"[[[9, 663], [30, 663]], [], [true, true]]",
15598,q,a,p,,"[[[30, 664]], [], [true]]",
15599,q,a,cx_stage1,,"[[[9, 667], [30, 667]], [], [true, true]]",
15600,q,a,cx_stage2,,"[[[9, 667], [30, 667]], [], [true, true]]",
15601,q,a,cx_stage3,,"[[[9, 667], [30, 667]], [], [true, true]]",
15602,q,a,cx_stage1,,"[[[10, 670], [30, 670]], [], [true, true]]",
15603,q,a,cx_stage3,,"[[[10, 670], [30, 670]], [], [true, true]]",
15604,q,a,p,,"[[[30, 671]], [], [true]]",
15605,q,a,cx_stage1,,"[[[10, 674], [30, 674]], [], [true, true]]",
15606,q,a,cx_stage3,,"[[[10, 674], [30, 674]], [], [true, true]]",
15607,q,a,cx_stage1,,"[[[11, 677], [30, 677]], [], [true, true]]",
15608,q,a,cx_stage3,,"[[[11, 677], [30, 677]], [], [true, true]]",
15609,q,a,p,,"[[[30, 678]], [], [true]]",
15610,q,a,cx_stage1,,"[[[11, 681], [30, 681]], [], [true, true]]",
15611,q,a,cx_stage3,,"[[[11, 681], [30, 681]], [], [true, true]]",
15612,q,a,cx_stage1,,"[[[12, 684], [30, 684]], [], [true, true]]",
15613,q,a,cx_stage3,,"[[[12, 684], [30, 684]], [], [true, true]]",
15614,q,a,p,,"[[[30, 685]], [], [true]]",
15615,q,a,cx_stage1,,"[[[12, 688], [30, 688]], [], [true, true]]",
15616,q,a,cx_stage3,,"[[[12, 688], [30, 688]], [], [true, true]]",
15617,q,a,cx_stage1,,"[[[13, 691], [30, 691]], [], [true, true]]",
15618,q,a,cx_stage3,,"[[[13, 691], [30, 691]], [], [true, true]]",
15619,q,a,p,,"[[[30, 692]], [], [true]]",
15620,q,a,cx_stage1,,"[[[13, 695], [30, 695]], [], [true, true]]",
15621,q,a,cx_stage3,,"[[[13, 695], [30, 695]], [], [true, true]]",
15622,q,a,cx_stage1,,"[[[14, 698], [30, 698]], [], [true, true]]",
15623,q,a,cx_stage3,,"[[[14, 698], [30, 698]], [], [true, true]]",
15624,q,a,p,,"[[[30, 699]], [], [true]]",
15625,q,a,cx_stage1,,"[[[14, 702], [30, 702]], [], [true, true]]",
15626,q,a,cx_stage3,,"[[[14, 702], [30, 702]], [], [true, true]]",
15627,q,a,cx_stage1,,"[[[15, 705], [30, 705]], [], [true, true]]",
15628,q,a,cx_stage3,,"[[[15, 705], [30, 705]], [], [true, true]]",
15629,q,a,p,,"[[[30, 706]], [], [true]]",
15630,q,a,cx_stage1,,"[[[15, 709], [30, 709]], [], [true, true]]",
15631,q,a,cx_stage3,,"[[[15, 709], [30, 709]], [], [true, true]]",
15632,q,a,cx_stage1,,"[[[16, 712], [30, 712]], [], [true, true]]",
15633,q,a,cx_stage3,,"[[[16, 712], [30, 712]], [], [true, true]]",
15634,q,a,p,,"[[[30, 713]], [], [true]]",
15635,q,a,cx_stage1,,"[[[16, 716], [30, 716]], [], [true, true]]",
15636,q,a,cx_stage3,,"[[[16, 716], [30, 716]], [], [true, true]]",
15637,q,a,cx_stage1,,"[[[17, 719], [30, 719]], [], [true, true]]",
15638,q,a,cx_stage3,,"[[[17, 719], [30, 719]], [], [true, true]]",
15639,q,a,p,,"[[[30, 720]], [], [true]]",
15640,q,a,cx_stage1,,"[[[17, 723], [30, 723]], [], [true, true]]",
15641,q,a,cx_stage3,,"[[[17, 723], [30, 723]], [], [true, true]]",
15642,q,a,cx_stage1,,"[[[18, 726], [30, 726]], [], [true, true]]",
15643,q,a,cx_stage3,,"[[[18, 726], [30, 726]], [], [true, true]]",
15644,q,a,p,,"[[[30, 727]], [], [true]]",
15645,q,a,cx_stage1,,"[[[18, 730], [30, 730]], [], [true, true]]",
15646,q,a,cx_stage3,,"[[[18, 730], [30, 730]], [], [true, true]]",
15647,q,a,cx_stage1,,"[[[19, 733], [30, 733]], [], [true, true]]",
15648,q,a,cx_stage3,,"[[[19, 733], [30, 733]], [], [true, true]]",
15649,q,a,p,,"[[[30, 734]], [], [true]]",
15650,q,a,cx_stage1,,"[[[19, 737], [30, 737]], [], [true, true]]",
15651,q,a,cx_stage3,,"[[[19, 737], [30, 737]], [], [true, true]]",
15652,q,a,cx_stage1,,"[[[20, 740], [30, 740]], [], [true, true]]",
15653,q,a,cx_stage3,,"[[[20, 740], [30, 740]], [], [true, true]]",
15654,q,a,p,,"[[[30, 741]], [], [true]]",
15655,q,a,cx_stage1,,"[[[20, 744], [30, 744]], [], [true, true]]",
15656,q,a,cx_stage3,,"[[[20, 744], [30, 744]], [], [true, true]]",
15657,q,a,cx_stage1,,"[[[21, 747], [30, 747]], [], [true, true]]",
15658,q,a,cx_stage3,,"[[[21, 747], [30, 747]], [], [true, true]]",
15659,q,a,p,,"[[[30, 748]], [], [true]]",
15660,q,a,cx_stage1,,"[[[21, 751], [30, 751]], [], [true, true]]",
15661,q,a,cx_stage3,,"[[[21, 751], [30, 751]], [], [true, true]]",
15662,q,a,cx_stage1,,"[[[22, 754], [30, 754]], [], [true, true]]",
15663,q,a,cx_stage3,,"[[[22, 754], [30, 754]], [], [true, true]]",
15664,q,a,p,,"[[[30, 755]], [], [true]]",
15665,q,a,cx_stage1,,"[[[22, 758], [30, 758]], [], [true, true]]",
15666,q,a,cx_stage3,,"[[[22, 758], [30, 758]], [], [true, true]]",
15667,q,a,cx_stage1,,"[[[23, 761], [30, 761]], [], [true, true]]",
15668,q,a,cx_stage3,,"[[[23, 761], [30, 761]], [], [true, true]]",
15669,q,a,p,,"[[[30, 762]], [], [true]]",
15670,q,a,cx_stage1,,"[[[23, 765], [30, 765]], [], [true, true]]",
15671,q,a,cx_stage3,,"[[[23, 765], [30, 765]], [], [true, true]]",
15672,q,a,cx_stage1,,"[[[24, 768], [30, 768]], [], [true, true]]",
15673,q,a,cx_stage3,,"[[[24, 768], [30, 768]], [], [true, true]]",
15674,q,a,p,,"[[[30, 769]], [], [true]]",
15675,q,a,cx_stage1,,"[[[24, 772], [30, 772]], [], [true, true]]",
15676,q,a,cx_stage3,,"[[[24, 772], [30, 772]], [], [true, true]]",
15677,q,a,cx_stage1,,"[[[25, 775], [30, 775]], [], [true, true]]",
15678,q,a,cx_stage3,,"[[[25, 775], [30, 775]], [], [true, true]]",
15679,q,a,p,,"[[[30, 776]], [], [true]]",
15680,q,a,cx_stage1,,"[[[25, 779], [30, 779]], [], [true, true]]",
15681,q,a,cx_stage3,,"[[[25, 779], [30, 779]], [], [true, true]]",
15682,q,a,cx_stage1,,"[[[26, 782], [30, 782]], [], [true, true]]",
15683,q,a,cx_stage3,,"[[[26, 782], [30, 782]], [], [true, true]]",
15684,q,a,p,,"[[[30, 783]], [], [true]]",
15685,q,a,cx_stage1,,"[[[26, 786], [30, 786]], [], [true, true]]",
15686,q,a,cx_stage3,,"[[[26, 786], [30, 786]], [], [true, true]]",
15687,q,a,cx_stage1,,"[[[27, 789], [30, 789]], [], [true, true]]",
15688,q,a,cx_stage3,,"[[[27, 789], [30, 789]], [], [true, true]]",
15689,q,a,p,,"[[[30, 790]], [], [true]]",
15690,q,a,cx_stage1,,"[[[27, 793], [30, 793]], [], [true, true]]",
15691,q,a,cx_stage3,,"[[[27, 793], [30, 793]], [], [true, true]]",
15692,q,a,cx_stage1,,"[[[28, 796], [30, 796]], [], [true, true]]",
15693,q,a,cx_stage3,,"[[[28, 796], [30, 796]], [], [true, true]]",
15694,q,a,p,,"[[[30, 797]], [], [true]]",
15695,q,a,cx_stage1,,"[[[28, 800], [30, 800]], [], [true, true]]",
15696,q,a,cx_stage3,,"[[[28, 800], [30, 800]], [], [true, true]]",
15697,q,a,cx_stage1,,"[[[29, 803], [30, 803]], [], [true, true]]",
15698,q,a,cx_stage3,,"[[[29, 803], [30, 803]], [], [true, true]]",
15699,q,a,p,,"[[[30, 804]], [], [true]]",
15700,q,a,cx_stage1,,"[[[29, 807], [30, 807]], [], [true, true]]",
15701,q,a,cx_stage3,,"[[[29, 807], [30, 807]], [], [true, true]]",
15702,q,a,cx_stage1,,"[[[30, 817], [31, 817]], [], [true, true]]",
15703,q,a,cx_stage2,,"[[[30, 817], [31, 817]], [], [true, true]]",
15704,q,a,cx_stage3,,"[[[30, 817], [31, 817]], [], [true, true]]",
15705,q,a,cx_stage1,,"[[[30, 821], [31, 821]], [], [true, true]]",
15706,q,a,cx_stage2,,"[[[30, 821], [31, 821]], [], [true, true]]",
15707,q,a,cx_stage3,,"[[[30, 821], [31, 821]], [], [true, true]]",
15708,q,a,cx_stage1,,"[[[30, 824], [32, 824]], [], [true, true]]",
15709,q,a,cx_stage2,,"[[[30, 824], [32, 824]], [], [true, true]]",
15710,q,a,cx_stage3,,"[[[30, 824], [32, 824]], [], [true, true]]",
15711,q,a,cx_stage1,,"[[[30, 828], [32, 828]], [], [true, true]]",
15712,q,a,cx_stage2,,"[[[30, 828], [32, 828]], [], [true, true]]",
15713,q,a,cx_stage3,,"[[[30, 828], [32, 828]], [], [true, true]]",
15714,q,a,cx_stage1,,"[[[30, 831], [33, 831]], [], [true, true]]",
15715,q,a,cx_stage2,,"[[[30, 831], [33, 831]], [], [true, true]]",
15716,q,a,cx_stage3,,"[[[30, 831], [33, 831]], [], [true, true]]",
15717,q,a,cx_stage1,,"[[[30, 835], [33, 835]], [], [true, true]]",
15718,q,a,cx_stage2,,"[[[30, 835], [33, 835]], [], [true, true]]",
15719,q,a,cx_stage3,,"[[[30, 835], [33, 835]], [], [true, true]]",
15720,q,a,cx_stage1,,"[[[30, 838], [34, 838]], [], [true, true]]",
15721,q,a,cx_stage2,,"[[[30, 838], [34, 838]], [], [true, true]]",
15722,q,a,cx_stage3,,"[[[30, 838], [34, 838]], [], [true, true]]",
15723,q,a,cx_stage1,,"[[[30, 842], [34, 842]], [], [true, true]]",
15724,q,a,cx_stage2,,"[[[30, 842], [34, 842]], [], [true, true]]",
15725,q,a,cx_stage3,,"[[[30, 842], [34, 842]], [], [true, true]]",
15726,q,a,cx_stage1,,"[[[30, 845], [35, 845]], [], [true, true]]",
15727,q,a,cx_stage2,,"[[[30, 845], [35, 845]], [], [true, true]]",
15728,q,a,cx_stage3,,"[[[30, 845], [35, 845]], [], [true, true]]",
15729,q,a,cx_stage1,,"[[[30, 849], [35, 849]], [], [true, true]]",
15730,q,a,cx_stage2,,"[[[30, 849], [35, 849]], [], [true, true]]",
15731,q,a,cx_stage3,,"[[[30, 849], [35, 849]], [], [true, true]]",
15732,q,a,cx_stage1,,"[[[30, 852], [36, 852]], [], [true, true]]",
15733,q,a,cx_stage2,,"[[[30, 852], [36, 852]], [], [true, true]]",
15734,q,a,cx_stage3,,"[[[30, 852], [36, 852]], [], [true, true]]",
15735,q,a,cx_stage1,,"[[[30, 856], [36, 856]], [], [true, true]]",
15736,q,a,cx_stage2,,"[[[30, 856], [36, 856]], [], [true, true]]",
15737,q,a,cx_stage3,,"[[[30, 856], [36, 856]], [], [true, true]]",
15738,q,a,cx_stage1,,"[[[30, 859], [37, 859]], [], [true, true]]",
15739,q,a,cx_stage2,,"[[[30, 859], [37, 859]], [], [true, true]]",
15740,q,a,cx_stage3,,"[[[30, 859], [37, 859]], [], [true, true]]",
15741,q,a,cx_stage1,,"[[[30, 863], [37, 863]], [], [true, true]]",
15742,q,a,cx_stage2,,"[[[30, 863], [37, 863]], [], [true, true]]",
15743,q,a,cx_stage3,,"[[[30, 863], [37, 863]], [], [true, true]]",
15744,q,a,cx_stage1,,"[[[30, 866], [38, 866]], [], [true, true]]",
15745,q,a,cx_stage2,,"[[[30, 866], [38, 866]], [], [true, true]]",
15746,q,a,cx_stage3,,"[[[30, 866], [38, 866]], [], [true, true]]",
15747,q,a,cx_stage1,,"[[[30, 870], [38, 870]], [], [true, true]]",
15748,q,a,cx_stage2,,"[[[30, 870], [38, 870]], [], [true, true]]",
15749,q,a,cx_stage3,,"[[[30, 870], [38, 870]], [], [true, true]]",
15750,q,a,cx_stage1,,"[[[30, 873], [39, 873]], [], [true, true]]",
15751,q,a,cx_stage2,,"[[[30, 873], [39, 873]], [], [true, true]]",
15752,q,a,cx_stage3,,"[[[30, 873], [39, 873]], [], [true, true]]",
15753,q,a,cx_stage1,,"[[[30, 877], [39, 877]], [], [true, true]]",
15754,q,a,cx_stage2,,"[[[30, 877], [39, 877]], [], [true, true]]",
15755,q,a,cx_stage3,,"[[[30, 877], [39, 877]], [], [true, true]]",
15756,q,a,cx_stage1,,"[[[30, 880], [40, 880]], [], [true, true]]",
15757,q,a,cx_stage2,,"[[[30, 880], [40, 880]], [], [true, true]]",
15758,q,a,cx_stage3,,"[[[30, 880], [40, 880]], [], [true, true]]",
15759,q,a,cx_stage1,,"[[[30, 884], [40, 884]], [], [true, true]]",
15760,q,a,cx_stage2,,"[[[30, 884], [40, 884]], [], [true, true]]",
15761,q,a,cx_stage3,,"[[[30, 884], [40, 884]], [], [true, true]]",
15762,q,a,cx_stage1,,"[[[30, 887], [41, 887]], [], [true, true]]",
15763,q,a,cx_stage2,,"[[[30, 887], [41, 887]], [], [true, true]]",
15764,q,a,cx_stage3,,"[[[30, 887], [41, 887]], [], [true, true]]",
15765,q,a,cx_stage1,,"[[[30, 891], [41, 891]], [], [true, true]]",
15766,q,a,cx_stage2,,"[[[30, 891], [41, 891]], [], [true, true]]",
15767,q,a,cx_stage3,,"[[[30, 891], [41, 891]], [], [true, true]]",
15768,q,a,cx_stage1,,"[[[30, 894], [42, 894]], [], [true, true]]",
15769,q,a,cx_stage2,,"[[[30, 894], [42, 894]], [], [true, true]]",
15770,q,a,cx_stage3,,"[[[30, 894], [42, 894]], [], [true, true]]",
15771,q,a,cx_stage1,,"[[[30, 898], [42, 898]], [], [true, true]]",
15772,q,a,cx_stage2,,"[[[30, 898], [42, 898]], [], [true, true]]",
15773,q,a,cx_stage3,,"[[[30, 898], [42, 898]], [], [true, true]]",
15774,q,a,cx_stage1,,"[[[30, 901], [43, 901]], [], [true, true]]",
15775,q,a,cx_stage2,,"[[[30, 901], [43, 901]], [], [true, true]]",
15776,q,a,cx_stage3,,"[[[30, 901], [43, 901]], [], [true, true]]",
15777,q,a,cx_stage1,,"[[[30, 905], [43, 905]], [], [true, true]]",
15778,q,a,cx_stage2,,"[[[30, 905], [43, 905]], [], [true, true]]",
15779,q,a,cx_stage3,,"[[[30, 905], [43, 905]], [], [true, true]]",
15780,q,a,cx_stage1,,"[[[30, 908], [44, 908]], [], [true, true]]",
15781,q,a,cx_stage2,,"[[[30, 908], [44, 908]], [], [true, true]]",
15782,q,a,cx_stage3,,"[[[30, 908], [44, 908]], [], [true, true]]",
15783,q,a,cx_stage1,,"[[[30, 912], [44, 912]], [], [true, true]]",
15784,q,a,cx_stage2,,"[[[30, 912], [44, 912]], [], [true, true]]",
15785,q,a,cx_stage3,,"[[[30, 912], [44, 912]], [], [true, true]]",
15786,q,a,cx_stage1,,"[[[30, 915], [45, 915]], [], [true, true]]",
15787,q,a,cx_stage2,,"[[[30, 915], [45, 915]], [], [true, true]]",
15788,q,a,cx_stage3,,"[[[30, 915], [45, 915]], [], [true, true]]",
15789,q,a,cx_stage1,,"[[[30, 919], [45, 919]], [], [true, true]]",
15790,q,a,cx_stage2,,"[[[30, 919], [45, 919]], [], [true, true]]",
15791,q,a,cx_stage3,,"[[[30, 919], [45, 919]], [], [true, true]]",
15792,q,a,cx_stage1,,"[[[30, 922], [46, 922]], [], [true, true]]",
15793,q,a,cx_stage2,,"[[[30, 922], [46, 922]], [], [true, true]]",
15794,q,a,cx_stage3,,"[[[30, 922], [46, 922]], [], [true, true]]",
15795,q,a,cx_stage1,,"[[[30, 926], [46, 926]], [], [true, true]]",
15796,q,a,cx_stage2,,"[[[30, 926], [46, 926]], [], [true, true]]",
15797,q,a,cx_stage3,,"[[[30, 926], [46, 926]], [], [true, true]]",
15798,q,a,cx_stage1,,"[[[30, 929], [47, 929]], [], [true, true]]",
15799,q,a,cx_stage2,,"[[[30, 929], [47, 929]], [], [true, true]]",
15800,q,a,cx_stage3,,"[[[30, 929], [47, 929]], [], [true, true]]",
15801,q,a,cx_stage1,,"[[[30, 933], [47, 933]], [], [true, true]]",
15802,q,a,cx_stage2,,"[[[30, 933], [47, 933]], [], [true, true]]",
15803,q,a,cx_stage3,,"[[[30, 933], [47, 933]], [], [true, true]]",
15804,q,a,cx_stage1,,"[[[30, 936], [48, 936]], [], [true, true]]",
15805,q,a,cx_stage2,,"[[[30, 936], [48, 936]], [], [true, true]]",
15806,q,a,cx_stage3,,"[[[30, 936], [48, 936]], [], [true, true]]",
15807,q,a,cx_stage1,,"[[[30, 940], [48, 940]], [], [true, true]]",
15808,q,a,cx_stage2,,"[[[30, 940], [48, 940]], [], [true, true]]",
15809,q,a,cx_stage3,,"[[[30, 940], [48, 940]], [], [true, true]]",
15810,q,a,cx_stage1,,"[[[30, 943], [49, 943]], [], [true, true]]",
15811,q,a,cx_stage2,,"[[[30, 943], [49, 943]], [], [true, true]]",
15812,q,a,cx_stage3,,"[[[30, 943], [49, 943]], [], [true, true]]",
15813,q,a,cx_stage1,,"[[[30, 947], [49, 947]], [], [true, true]]",
15814,q,a,cx_stage2,,"[[[30, 947], [49, 947]], [], [true, true]]",
15815,q,a,cx_stage3,,"[[[30, 947], [49, 947]], [], [true, true]]",
15816,q,a,cx_stage1,,"[[[30, 950], [50, 950]], [], [true, true]]",
15817,q,a,cx_stage2,,"[[[30, 950], [50, 950]], [], [true, true]]",
15818,q,a,cx_stage3,,"[[[30, 950], [50, 950]], [], [true, true]]",
15819,q,a,cx_stage1,,"[[[30, 954], [50, 954]], [], [true, true]]",
15820,q,a,cx_stage2,,"[[[30, 954], [50, 954]], [], [true, true]]",
15821,q,a,cx_stage3,,"[[[30, 954], [50, 954]], [], [true, true]]",
15822,q,a,cx_stage1,,"[[[30, 957], [51, 957]], [], [true, true]]",
15823,q,a,cx_stage2,,"[[[30, 957], [51, 957]], [], [true, true]]",
15824,q,a,cx_stage3,,"[[[30, 957], [51, 957]], [], [true, true]]",
15825,q,a,cx_stage1,,"[[[30, 961], [51, 961]], [], [true, true]]",
15826,q,a,cx_stage2,,"[[[30, 961], [51, 961]], [], [true, true]]",
15827,q,a,cx_stage3,,"[[[30, 961], [51, 961]], [], [true, true]]",
15828,q,a,cx_stage1,,"[[[30, 964], [52, 964]], [], [true, true]]",
15829,q,a,cx_stage2,,"[[[30, 964], [52, 964]], [], [true, true]]",
15830,q,a,cx_stage3,,"[[[30, 964], [52, 964]], [], [true, true]]",
15831,q,a,cx_stage1,,"[[[30, 968], [52, 968]], [], [true, true]]",
15832,q,a,cx_stage2,,"[[[30, 968], [52, 968]], [], [true, true]]",
15833,q,a,cx_stage3,,"[[[30, 968], [52, 968]], [], [true, true]]",
15834,q,a,cx_stage1,,"[[[30, 971], [53, 971]], [], [true, true]]",
15835,q,a,cx_stage2,,"[[[30, 971], [53, 971]], [], [true, true]]",
15836,q,a,cx_stage3,,"[[[30, 971], [53, 971]], [], [true, true]]",
15837,q,a,cx_stage1,,"[[[30, 975], [53, 975]], [], [true, true]]",
15838,q,a,cx_stage2,,"[[[30, 975], [53, 975]], [], [true, true]]",
15839,q,a,cx_stage3,,"[[[30, 975], [53, 975]], [], [true, true]]",
15840,q,a,cx_stage1,,"[[[30, 978], [54, 978]], [], [true, true]]",
15841,q,a,cx_stage2,,"[[[30, 978], [54, 978]], [], [true, true]]",
15842,q,a,cx_stage3,,"[[[30, 978], [54, 978]], [], [true, true]]",
15843,q,a,cx_stage1,,"[[[30, 982], [54, 982]], [], [true, true]]",
15844,q,a,cx_stage2,,"[[[30, 982], [54, 982]], [], [true, true]]",
15845,q,a,cx_stage3,,"[[[30, 982], [54, 982]], [], [true, true]]",
15846,q,a,cx_stage1,,"[[[30, 985], [55, 985]], [], [true, true]]",
15847,q,a,cx_stage2,,"[[[30, 985], [55, 985]], [], [true, true]]",
15848,q,a,cx_stage3,,"[[[30, 985], [55, 985]], [], [true, true]]",
15849,q,a,cx_stage1,,"[[[30, 989], [55, 989]], [], [true, true]]",
15850,q,a,cx_stage2,,"[[[30, 989], [55, 989]], [], [true, true]]",
15851,q,a,cx_stage3,,"[[[30, 989], [55, 989]], [], [true, true]]",
15852,q,a,ry,,"[[[30, 990]], [], [true]]",
15853,q,a,u2,,"[[[31, 1]], [], [true]]",
15854,q,a,cx_stage1,,"[[[0, 214], [31, 214]], [], [true, true]]",
15855,q,a,cx_stage2,,"[[[31, 1230], [32, 1230]], [], [true, true]]",
15856,q,a,cx_stage1,,"[[[31, 1230], [32, 1230]], [], [true, true]]",
15857,q,a,cx_stage3,,"[[[31, 1230], [32, 1230]], [], [true, true]]",
15858,q,a,cx_stage1,,"[[[30, 1233], [31, 1233]], [], [true, true]]",
15859,q,a,cx_stage3,,"[[[30, 1233], [31, 1233]], [], [true, true]]",
15860,q,a,ry,,"[[[31, 1234]], [], [true]]",
15861,q,a,cx_stage3,,"[[[0, 214], [31, 214]], [], [true, true]]",
15862,q,a,p,,"[[[31, 215]], [], [true]]",
15863,q,a,cx_stage1,,"[[[0, 218], [31, 218]], [], [true, true]]",
15864,q,a,cx_stage3,,"[[[0, 218], [31, 218]], [], [true, true]]",
15865,q,a,cx_stage1,,"[[[1, 221], [31, 221]], [], [true, true]]",
15866,q,a,cx_stage3,,"[[[1, 221], [31, 221]], [], [true, true]]",
15867,q,a,p,,"[[[31, 222]], [], [true]]",
15868,q,a,cx_stage1,,"[[[1, 225], [31, 225]], [], [true, true]]",
15869,q,a,cx_stage3,,"[[[1, 225], [31, 225]], [], [true, true]]",
15870,q,a,cx_stage1,,"[[[2, 228], [31, 228]], [], [true, true]]",
15871,q,a,cx_stage3,,"[[[2, 228], [31, 228]], [], [true, true]]",
15872,q,a,p,,"[[[31, 229]], [], [true]]",
15873,q,a,cx_stage1,,"[[[2, 232], [31, 232]], [], [true, true]]",
15874,q,a,cx_stage3,,"[[[2, 232], [31, 232]], [], [true, true]]",
15875,q,a,cx_stage1,,"[[[3, 235], [31, 235]], [], [true, true]]",
15876,q,a,cx_stage2,,"[[[3, 235], [31, 235]], [], [true, true]]",
15877,q,a,cx_stage3,,"[[[3, 235], [31, 235]], [], [true, true]]",
15878,q,a,p,,"[[[31, 236]], [], [true]]",
15879,q,a,cx_stage1,,"[[[3, 239], [31, 239]], [], [true, true]]",
15880,q,a,cx_stage2,,"[[[3, 239], [31, 239]], [], [true, true]]",
15881,q,a,cx_stage3,,"[[[3, 239], [31, 239]], [], [true, true]]",
15882,q,a,cx_stage1,,"[[[4, 242], [31, 242]], [], [true, true]]",
15883,q,a,cx_stage2,,"[[[4, 242], [31, 242]], [], [true, true]]",
15884,q,a,cx_stage3,,"[[[4, 242], [31, 242]], [], [true, true]]",
15885,q,a,p,,"[[[31, 243]], [], [true]]",
15886,q,a,cx_stage1,,"[[[4, 246], [31, 246]], [], [true, true]]",
15887,q,a,cx_stage2,,"[[[4, 246], [31, 246]], [], [true, true]]",
15888,q,a,cx_stage3,,"[[[4, 246], [31, 246]], [], [true, true]]",
15889,q,a,cx_stage1,,"[[[5, 249], [31, 249]], [], [true, true]]",
15890,q,a,cx_stage2,,"[[[5, 249], [31, 249]], [], [true, true]]",
15891,q,a,cx_stage3,,"[[[5, 249], [31, 249]], [], [true, true]]",
15892,q,a,p,,"[[[31, 250]], [], [true]]",
15893,q,a,cx_stage1,,"[[[5, 253], [31, 253]], [], [true, true]]",
15894,q,a,cx_stage2,,"[[[5, 253], [31, 253]], [], [true, true]]",
15895,q,a,cx_stage3,,"[[[5, 253], [31, 253]], [], [true, true]]",
15896,q,a,cx_stage1,,"[[[6, 256], [31, 256]], [], [true, true]]",
15897,q,a,cx_stage2,,"[[[6, 256], [31, 256]], [], [true, true]]",
15898,q,a,cx_stage3,,"[[[6, 256], [31, 256]], [], [true, true]]",
15899,q,a,p,,"[[[31, 257]], [], [true]]",
15900,q,a,cx_stage1,,"[[[6, 260], [31, 260]], [], [true, true]]",
15901,q,a,cx_stage2,,"[[[6, 260], [31, 260]], [], [true, true]]",
15902,q,a,cx_stage3,,"[[[6, 260], [31, 260]], [], [true, true]]",
15903,q,a,cx_stage1,,"[[[7, 263], [31, 263]], [], [true, true]]",
15904,q,a,cx_stage2,,"[[[7, 263], [31, 263]], [], [true, true]]",
15905,q,a,cx_stage3,,"[[[7, 263], [31, 263]], [], [true, true]]",
15906,q,a,p,,"[[[31, 264]], [], [true]]",
15907,q,a,cx_stage1,,"[[[7, 267], [31, 267]], [], [true, true]]",
15908,q,a,cx_stage2,,"[[[7, 267], [31, 267]], [], [true, true]]",
15909,q,a,cx_stage3,,"[[[7, 267], [31, 267]], [], [true, true]]",
15910,q,a,cx_stage1,,"[[[8, 270], [31, 270]], [], [true, true]]",
15911,q,a,cx_stage2,,"[[[8, 270], [31, 270]], [], [true, true]]",
15912,q,a,cx_stage3,,"[[[8, 270], [31, 270]], [], [true, true]]",
15913,q,a,p,,"[[[31, 271]], [], [true]]",
15914,q,a,cx_stage1,,"[[[8, 274], [31, 274]], [], [true, true]]",
15915,q,a,cx_stage2,,"[[[8, 274], [31, 274]], [], [true, true]]",
15916,q,a,cx_stage3,,"[[[8, 274], [31, 274]], [], [true, true]]",
15917,q,a,cx_stage1,,"[[[9, 277], [31, 277]], [], [true, true]]",
15918,q,a,cx_stage2,,"[[[9, 277], [31, 277]], [], [true, true]]",
15919,q,a,cx_stage3,,"[[[9, 277], [31, 277]], [], [true, true]]",
15920,q,a,p,,"[[[31, 278]], [], [true]]",
15921,q,a,cx_stage1,,"[[[9, 281], [31, 281]], [], [true, true]]",
15922,q,a,cx_stage2,,"[[[9, 281], [31, 281]], [], [true, true]]",
15923,q,a,cx_stage3,,"[[[9, 281], [31, 281]], [], [true, true]]",
15924,q,a,cx_stage1,,"[[[10, 284], [31, 284]], [], [true, true]]",
15925,q,a,cx_stage3,,"[[[10, 284], [31, 284]], [], [true, true]]",
15926,q,a,p,,"[[[31, 285]], [], [true]]",
15927,q,a,cx_stage1,,"[[[10, 288], [31, 288]], [], [true, true]]",
15928,q,a,cx_stage3,,"[[[10, 288], [31, 288]], [], [true, true]]",
15929,q,a,cx_stage1,,"[[[11, 291], [31, 291]], [], [true, true]]",
15930,q,a,cx_stage3,,"[[[11, 291], [31, 291]], [], [true, true]]",
15931,q,a,p,,"[[[31, 292]], [], [true]]",
15932,q,a,cx_stage1,,"[[[11, 295], [31, 295]], [], [true, true]]",
15933,q,a,cx_stage3,,"[[[11, 295], [31, 295]], [], [true, true]]",
15934,q,a,cx_stage1,,"[[[12, 298], [31, 298]], [], [true, true]]",
15935,q,a,cx_stage3,,"[[[12, 298], [31, 298]], [], [true, true]]",
15936,q,a,p,,"[[[31, 299]], [], [true]]",
15937,q,a,cx_stage1,,"[[[12, 302], [31, 302]], [], [true, true]]",
15938,q,a,cx_stage3,,"[[[12, 302], [31, 302]], [], [true, true]]",
15939,q,a,cx_stage1,,"[[[13, 305], [31, 305]], [], [true, true]]",
15940,q,a,cx_stage3,,"[[[13, 305], [31, 305]], [], [true, true]]",
15941,q,a,p,,"[[[31, 306]], [], [true]]",
15942,q,a,cx_stage1,,"[[[13, 309], [31, 309]], [], [true, true]]",
15943,q,a,cx_stage3,,"[[[13, 309], [31, 309]], [], [true, true]]",
15944,q,a,cx_stage1,,"[[[14, 312], [31, 312]], [], [true, true]]",
15945,q,a,cx_stage3,,"[[[14, 312], [31, 312]], [], [true, true]]",
15946,q,a,p,,"[[[31, 313]], [], [true]]",
15947,q,a,cx_stage1,,"[[[14, 316], [31, 316]], [], [true, true]]",
15948,q,a,cx_stage3,,"[[[14, 316], [31, 316]], [], [true, true]]",
15949,q,a,cx_stage1,,"[[[15, 319], [31, 319]], [], [true, true]]",
15950,q,a,cx_stage3,,"[[[15, 319], [31, 319]], [], [true, true]]",
15951,q,a,p,,"[[[31, 320]], [], [true]]",
15952,q,a,cx_stage1,,"[[[15, 323], [31, 323]], [], [true, true]]",
15953,q,a,cx_stage3,,"[[[15, 323], [31, 323]], [], [true, true]]",
15954,q,a,cx_stage1,,"[[[16, 326], [31, 326]], [], [true, true]]",
15955,q,a,cx_stage3,,"[[[16, 326], [31, 326]], [], [true, true]]",
15956,q,a,p,,"[[[31, 327]], [], [true]]",
15957,q,a,cx_stage1,,"[[[16, 330], [31, 330]], [], [true, true]]",
15958,q,a,cx_stage3,,"[[[16, 330], [31, 330]], [], [true, true]]",
15959,q,a,cx_stage1,,"[[[17, 333], [31, 333]], [], [true, true]]",
15960,q,a,cx_stage3,,"[[[17, 333], [31, 333]], [], [true, true]]",
15961,q,a,p,,"[[[31, 334]], [], [true]]",
15962,q,a,cx_stage1,,"[[[17, 337], [31, 337]], [], [true, true]]",
15963,q,a,cx_stage3,,"[[[17, 337], [31, 337]], [], [true, true]]",
15964,q,a,cx_stage1,,"[[[18, 340], [31, 340]], [], [true, true]]",
15965,q,a,cx_stage3,,"[[[18, 340], [31, 340]], [], [true, true]]",
15966,q,a,p,,"[[[31, 341]], [], [true]]",
15967,q,a,cx_stage1,,"[[[18, 344], [31, 344]], [], [true, true]]",
15968,q,a,cx_stage3,,"[[[18, 344], [31, 344]], [], [true, true]]",
15969,q,a,cx_stage1,,"[[[19, 347], [31, 347]], [], [true, true]]",
15970,q,a,cx_stage3,,"[[[19, 347], [31, 347]], [], [true, true]]",
15971,q,a,p,,"[[[31, 348]], [], [true]]",
15972,q,a,cx_stage1,,"[[[19, 351], [31, 351]], [], [true, true]]",
15973,q,a,cx_stage3,,"[[[19, 351], [31, 351]], [], [true, true]]",
15974,q,a,cx_stage1,,"[[[20, 354], [31, 354]], [], [true, true]]",
15975,q,a,cx_stage3,,"[[[20, 354], [31, 354]], [], [true, true]]",
15976,q,a,p,,"[[[31, 355]], [], [true]]",
15977,q,a,cx_stage1,,"[[[20, 358], [31, 358]], [], [true, true]]",
15978,q,a,cx_stage3,,"[[[20, 358], [31, 358]], [], [true, true]]",
15979,q,a,cx_stage1,,"[[[21, 361], [31, 361]], [], [true, true]]",
15980,q,a,cx_stage3,,"[[[21, 361], [31, 361]], [], [true, true]]",
15981,q,a,p,,"[[[31, 362]], [], [true]]",
15982,q,a,cx_stage1,,"[[[21, 365], [31, 365]], [], [true, true]]",
15983,q,a,cx_stage3,,"[[[21, 365], [31, 365]], [], [true, true]]",
15984,q,a,cx_stage1,,"[[[22, 368], [31, 368]], [], [true, true]]",
15985,q,a,cx_stage3,,"[[[22, 368], [31, 368]], [], [true, true]]",
15986,q,a,p,,"[[[31, 369]], [], [true]]",
15987,q,a,cx_stage1,,"[[[22, 372], [31, 372]], [], [true, true]]",
15988,q,a,cx_stage3,,"[[[22, 372], [31, 372]], [], [true, true]]",
15989,q,a,cx_stage1,,"[[[23, 375], [31, 375]], [], [true, true]]",
15990,q,a,cx_stage3,,"[[[23, 375], [31, 375]], [], [true, true]]",
15991,q,a,p,,"[[[31, 376]], [], [true]]",
15992,q,a,cx_stage1,,"[[[23, 379], [31, 379]], [], [true, true]]",
15993,q,a,cx_stage3,,"[[[23, 379], [31, 379]], [], [true, true]]",
15994,q,a,cx_stage1,,"[[[24, 382], [31, 382]], [], [true, true]]",
15995,q,a,cx_stage3,,"[[[24, 382], [31, 382]], [], [true, true]]",
15996,q,a,p,,"[[[31, 383]], [], [true]]",
15997,q,a,cx_stage1,,"[[[24, 386], [31, 386]], [], [true, true]]",
15998,q,a,cx_stage3,,"[[[24, 386], [31, 386]], [], [true, true]]",
15999,q,a,cx_stage1,,"[[[25, 389], [31, 389]], [], [true, true]]",
16000,q,a,cx_stage3,,"[[[25, 389], [31, 389]], [], [true, true]]",
16001,q,a,p,,"[[[31, 390]], [], [true]]",
16002,q,a,cx_stage1,,"[[[25, 393], [31, 393]], [], [true, true]]",
16003,q,a,cx_stage3,,"[[[25, 393], [31, 393]], [], [true, true]]",
16004,q,a,cx_stage1,,"[[[26, 396], [31, 396]], [], [true, true]]",
16005,q,a,cx_stage3,,"[[[26, 396], [31, 396]], [], [true, true]]",
16006,q,a,p,,"[[[31, 397]], [], [true]]",
16007,q,a,cx_stage1,,"[[[26, 400], [31, 400]], [], [true, true]]",
16008,q,a,cx_stage3,,"[[[26, 400], [31, 400]], [], [true, true]]",
16009,q,a,cx_stage1,,"[[[27, 403], [31, 403]], [], [true, true]]",
16010,q,a,cx_stage3,,"[[[27, 403], [31, 403]], [], [true, true]]",
16011,q,a,p,,"[[[31, 404]], [], [true]]",
16012,q,a,cx_stage1,,"[[[27, 407], [31, 407]], [], [true, true]]",
16013,q,a,cx_stage3,,"[[[27, 407], [31, 407]], [], [true, true]]",
16014,q,a,cx_stage1,,"[[[28, 410], [31, 410]], [], [true, true]]",
16015,q,a,cx_stage3,,"[[[28, 410], [31, 410]], [], [true, true]]",
16016,q,a,p,,"[[[31, 411]], [], [true]]",
16017,q,a,cx_stage1,,"[[[28, 414], [31, 414]], [], [true, true]]",
16018,q,a,cx_stage3,,"[[[28, 414], [31, 414]], [], [true, true]]",
16019,q,a,cx_stage1,,"[[[29, 417], [31, 417]], [], [true, true]]",
16020,q,a,cx_stage3,,"[[[29, 417], [31, 417]], [], [true, true]]",
16021,q,a,p,,"[[[31, 418]], [], [true]]",
16022,q,a,cx_stage1,,"[[[29, 421], [31, 421]], [], [true, true]]",
16023,q,a,cx_stage3,,"[[[29, 421], [31, 421]], [], [true, true]]",
16024,q,a,cx_stage1,,"[[[30, 424], [31, 424]], [], [true, true]]",
16025,q,a,cx_stage3,,"[[[30, 424], [31, 424]], [], [true, true]]",
16026,q,a,p,,"[[[31, 425]], [], [true]]",
16027,q,a,cx_stage1,,"[[[30, 428], [31, 428]], [], [true, true]]",
16028,q,a,cx_stage3,,"[[[30, 428], [31, 428]], [], [true, true]]",
16029,q,a,cx_stage1,,"[[[31, 438], [32, 438]], [], [true, true]]",
16030,q,a,cx_stage2,,"[[[31, 438], [32, 438]], [], [true, true]]",
16031,q,a,cx_stage3,,"[[[31, 438], [32, 438]], [], [true, true]]",
16032,q,a,cx_stage1,,"[[[31, 442], [32, 442]], [], [true, true]]",
16033,q,a,cx_stage2,,"[[[31, 442], [32, 442]], [], [true, true]]",
16034,q,a,cx_stage3,,"[[[31, 442], [32, 442]], [], [true, true]]",
16035,q,a,cx_stage1,,"[[[31, 445], [33, 445]], [], [true, true]]",
16036,q,a,cx_stage2,,"[[[31, 445], [33, 445]], [], [true, true]]",
16037,q,a,cx_stage3,,"[[[31, 445], [33, 445]], [], [true, true]]",
16038,q,a,cx_stage1,,"[[[31, 449], [33, 449]], [], [true, true]]",
16039,q,a,cx_stage2,,"[[[31, 449], [33, 449]], [], [true, true]]",
16040,q,a,cx_stage3,,"[[[31, 449], [33, 449]], [], [true, true]]",
16041,q,a,cx_stage1,,"[[[31, 452], [34, 452]], [], [true, true]]",
16042,q,a,cx_stage2,,"[[[31, 452], [34, 452]], [], [true, true]]",
16043,q,a,cx_stage3,,"[[[31, 452], [34, 452]], [], [true, true]]",
16044,q,a,cx_stage1,,"[[[31, 456], [34, 456]], [], [true, true]]",
16045,q,a,cx_stage2,,"[[[31, 456], [34, 456]], [], [true, true]]",
16046,q,a,cx_stage3,,"[[[31, 456], [34, 456]], [], [true, true]]",
16047,q,a,cx_stage1,,"[[[31, 459], [35, 459]], [], [true, true]]",
16048,q,a,cx_stage2,,"[[[31, 459], [35, 459]], [], [true, true]]",
16049,q,a,cx_stage3,,"[[[31, 459], [35, 459]], [], [true, true]]",
16050,q,a,cx_stage1,,"[[[31, 463], [35, 463]], [], [true, true]]",
16051,q,a,cx_stage2,,"[[[31, 463], [35, 463]], [], [true, true]]",
16052,q,a,cx_stage3,,"[[[31, 463], [35, 463]], [], [true, true]]",
16053,q,a,cx_stage1,,"[[[31, 466], [36, 466]], [], [true, true]]",
16054,q,a,cx_stage2,,"[[[31, 466], [36, 466]], [], [true, true]]",
16055,q,a,cx_stage3,,"[[[31, 466], [36, 466]], [], [true, true]]",
16056,q,a,cx_stage1,,"[[[31, 470], [36, 470]], [], [true, true]]",
16057,q,a,cx_stage2,,"[[[31, 470], [36, 470]], [], [true, true]]",
16058,q,a,cx_stage3,,"[[[31, 470], [36, 470]], [], [true, true]]",
16059,q,a,cx_stage1,,"[[[31, 473], [37, 473]], [], [true, true]]",
16060,q,a,cx_stage2,,"[[[31, 473], [37, 473]], [], [true, true]]",
16061,q,a,cx_stage3,,"[[[31, 473], [37, 473]], [], [true, true]]",
16062,q,a,cx_stage1,,"[[[31, 477], [37, 477]], [], [true, true]]",
16063,q,a,cx_stage2,,"[[[31, 477], [37, 477]], [], [true, true]]",
16064,q,a,cx_stage3,,"[[[31, 477], [37, 477]], [], [true, true]]",
16065,q,a,cx_stage1,,"[[[31, 480], [38, 480]], [], [true, true]]",
16066,q,a,cx_stage2,,"[[[31, 480], [38, 480]], [], [true, true]]",
16067,q,a,cx_stage3,,"[[[31, 480], [38, 480]], [], [true, true]]",
16068,q,a,cx_stage1,,"[[[31, 484], [38, 484]], [], [true, true]]",
16069,q,a,cx_stage2,,"[[[31, 484], [38, 484]], [], [true, true]]",
16070,q,a,cx_stage3,,"[[[31, 484], [38, 484]], [], [true, true]]",
16071,q,a,cx_stage1,,"[[[31, 487], [39, 487]], [], [true, true]]",
16072,q,a,cx_stage2,,"[[[31, 487], [39, 487]], [], [true, true]]",
16073,q,a,cx_stage3,,"[[[31, 487], [39, 487]], [], [true, true]]",
16074,q,a,cx_stage1,,"[[[31, 491], [39, 491]], [], [true, true]]",
16075,q,a,cx_stage2,,"[[[31, 491], [39, 491]], [], [true, true]]",
16076,q,a,cx_stage3,,"[[[31, 491], [39, 491]], [], [true, true]]",
16077,q,a,cx_stage1,,"[[[31, 494], [40, 494]], [], [true, true]]",
16078,q,a,cx_stage2,,"[[[31, 494], [40, 494]], [], [true, true]]",
16079,q,a,cx_stage3,,"[[[31, 494], [40, 494]], [], [true, true]]",
16080,q,a,cx_stage1,,"[[[31, 498], [40, 498]], [], [true, true]]",
16081,q,a,cx_stage2,,"[[[31, 498], [40, 498]], [], [true, true]]",
16082,q,a,cx_stage3,,"[[[31, 498], [40, 498]], [], [true, true]]",
16083,q,a,cx_stage1,,"[[[31, 501], [41, 501]], [], [true, true]]",
16084,q,a,cx_stage2,,"[[[31, 501], [41, 501]], [], [true, true]]",
16085,q,a,cx_stage3,,"[[[31, 501], [41, 501]], [], [true, true]]",
16086,q,a,cx_stage1,,"[[[31, 505], [41, 505]], [], [true, true]]",
16087,q,a,cx_stage2,,"[[[31, 505], [41, 505]], [], [true, true]]",
16088,q,a,cx_stage3,,"[[[31, 505], [41, 505]], [], [true, true]]",
16089,q,a,cx_stage1,,"[[[31, 508], [42, 508]], [], [true, true]]",
16090,q,a,cx_stage2,,"[[[31, 508], [42, 508]], [], [true, true]]",
16091,q,a,cx_stage3,,"[[[31, 508], [42, 508]], [], [true, true]]",
16092,q,a,cx_stage1,,"[[[31, 512], [42, 512]], [], [true, true]]",
16093,q,a,cx_stage2,,"[[[31, 512], [42, 512]], [], [true, true]]",
16094,q,a,cx_stage3,,"[[[31, 512], [42, 512]], [], [true, true]]",
16095,q,a,cx_stage1,,"[[[31, 515], [43, 515]], [], [true, true]]",
16096,q,a,cx_stage2,,"[[[31, 515], [43, 515]], [], [true, true]]",
16097,q,a,cx_stage3,,"[[[31, 515], [43, 515]], [], [true, true]]",
16098,q,a,cx_stage1,,"[[[31, 519], [43, 519]], [], [true, true]]",
16099,q,a,cx_stage2,,"[[[31, 519], [43, 519]], [], [true, true]]",
16100,q,a,cx_stage3,,"[[[31, 519], [43, 519]], [], [true, true]]",
16101,q,a,cx_stage1,,"[[[31, 522], [44, 522]], [], [true, true]]",
16102,q,a,cx_stage2,,"[[[31, 522], [44, 522]], [], [true, true]]",
16103,q,a,cx_stage3,,"[[[31, 522], [44, 522]], [], [true, true]]",
16104,q,a,cx_stage1,,"[[[31, 526], [44, 526]], [], [true, true]]",
16105,q,a,cx_stage2,,"[[[31, 526], [44, 526]], [], [true, true]]",
16106,q,a,cx_stage3,,"[[[31, 526], [44, 526]], [], [true, true]]",
16107,q,a,cx_stage1,,"[[[31, 529], [45, 529]], [], [true, true]]",
16108,q,a,cx_stage2,,"[[[31, 529], [45, 529]], [], [true, true]]",
16109,q,a,cx_stage3,,"[[[31, 529], [45, 529]], [], [true, true]]",
16110,q,a,cx_stage1,,"[[[31, 533], [45, 533]], [], [true, true]]",
16111,q,a,cx_stage2,,"[[[31, 533], [45, 533]], [], [true, true]]",
16112,q,a,cx_stage3,,"[[[31, 533], [45, 533]], [], [true, true]]",
16113,q,a,cx_stage1,,"[[[31, 536], [46, 536]], [], [true, true]]",
16114,q,a,cx_stage2,,"[[[31, 536], [46, 536]], [], [true, true]]",
16115,q,a,cx_stage3,,"[[[31, 536], [46, 536]], [], [true, true]]",
16116,q,a,cx_stage1,,"[[[31, 540], [46, 540]], [], [true, true]]",
16117,q,a,cx_stage2,,"[[[31, 540], [46, 540]], [], [true, true]]",
16118,q,a,cx_stage3,,"[[[31, 540], [46, 540]], [], [true, true]]",
16119,q,a,cx_stage1,,"[[[31, 543], [47, 543]], [], [true, true]]",
16120,q,a,cx_stage2,,"[[[31, 543], [47, 543]], [], [true, true]]",
16121,q,a,cx_stage3,,"[[[31, 543], [47, 543]], [], [true, true]]",
16122,q,a,cx_stage1,,"[[[31, 547], [47, 547]], [], [true, true]]",
16123,q,a,cx_stage2,,"[[[31, 547], [47, 547]], [], [true, true]]",
16124,q,a,cx_stage3,,"[[[31, 547], [47, 547]], [], [true, true]]",
16125,q,a,cx_stage1,,"[[[31, 550], [48, 550]], [], [true, true]]",
16126,q,a,cx_stage2,,"[[[31, 550], [48, 550]], [], [true, true]]",
16127,q,a,cx_stage3,,"[[[31, 550], [48, 550]], [], [true, true]]",
16128,q,a,cx_stage1,,"[[[31, 554], [48, 554]], [], [true, true]]",
16129,q,a,cx_stage2,,"[[[31, 554], [48, 554]], [], [true, true]]",
16130,q,a,cx_stage3,,"[[[31, 554], [48, 554]], [], [true, true]]",
16131,q,a,cx_stage1,,"[[[31, 557], [49, 557]], [], [true, true]]",
16132,q,a,cx_stage2,,"[[[31, 557], [49, 557]], [], [true, true]]",
16133,q,a,cx_stage3,,"[[[31, 557], [49, 557]], [], [true, true]]",
16134,q,a,cx_stage1,,"[[[31, 561], [49, 561]], [], [true, true]]",
16135,q,a,cx_stage2,,"[[[31, 561], [49, 561]], [], [true, true]]",
16136,q,a,cx_stage3,,"[[[31, 561], [49, 561]], [], [true, true]]",
16137,q,a,cx_stage1,,"[[[31, 564], [50, 564]], [], [true, true]]",
16138,q,a,cx_stage2,,"[[[31, 564], [50, 564]], [], [true, true]]",
16139,q,a,cx_stage3,,"[[[31, 564], [50, 564]], [], [true, true]]",
16140,q,a,cx_stage1,,"[[[31, 568], [50, 568]], [], [true, true]]",
16141,q,a,cx_stage2,,"[[[31, 568], [50, 568]], [], [true, true]]",
16142,q,a,cx_stage3,,"[[[31, 568], [50, 568]], [], [true, true]]",
16143,q,a,cx_stage1,,"[[[31, 571], [51, 571]], [], [true, true]]",
16144,q,a,cx_stage2,,"[[[31, 571], [51, 571]], [], [true, true]]",
16145,q,a,cx_stage3,,"[[[31, 571], [51, 571]], [], [true, true]]",
16146,q,a,cx_stage1,,"[[[31, 575], [51, 575]], [], [true, true]]",
16147,q,a,cx_stage2,,"[[[31, 575], [51, 575]], [], [true, true]]",
16148,q,a,cx_stage3,,"[[[31, 575], [51, 575]], [], [true, true]]",
16149,q,a,cx_stage1,,"[[[31, 578], [52, 578]], [], [true, true]]",
16150,q,a,cx_stage2,,"[[[31, 578], [52, 578]], [], [true, true]]",
16151,q,a,cx_stage3,,"[[[31, 578], [52, 578]], [], [true, true]]",
16152,q,a,cx_stage1,,"[[[31, 582], [52, 582]], [], [true, true]]",
16153,q,a,cx_stage2,,"[[[31, 582], [52, 582]], [], [true, true]]",
16154,q,a,cx_stage3,,"[[[31, 582], [52, 582]], [], [true, true]]",
16155,q,a,cx_stage1,,"[[[31, 585], [53, 585]], [], [true, true]]",
16156,q,a,cx_stage2,,"[[[31, 585], [53, 585]], [], [true, true]]",
16157,q,a,cx_stage3,,"[[[31, 585], [53, 585]], [], [true, true]]",
16158,q,a,cx_stage1,,"[[[31, 589], [53, 589]], [], [true, true]]",
16159,q,a,cx_stage2,,"[[[31, 589], [53, 589]], [], [true, true]]",
16160,q,a,cx_stage3,,"[[[31, 589], [53, 589]], [], [true, true]]",
16161,q,a,cx_stage1,,"[[[31, 592], [54, 592]], [], [true, true]]",
16162,q,a,cx_stage2,,"[[[31, 592], [54, 592]], [], [true, true]]",
16163,q,a,cx_stage3,,"[[[31, 592], [54, 592]], [], [true, true]]",
16164,q,a,cx_stage1,,"[[[31, 596], [54, 596]], [], [true, true]]",
16165,q,a,cx_stage2,,"[[[31, 596], [54, 596]], [], [true, true]]",
16166,q,a,cx_stage3,,"[[[31, 596], [54, 596]], [], [true, true]]",
16167,q,a,cx_stage1,,"[[[31, 599], [55, 599]], [], [true, true]]",
16168,q,a,cx_stage2,,"[[[31, 599], [55, 599]], [], [true, true]]",
16169,q,a,cx_stage3,,"[[[31, 599], [55, 599]], [], [true, true]]",
16170,q,a,cx_stage1,,"[[[31, 603], [55, 603]], [], [true, true]]",
16171,q,a,cx_stage2,,"[[[31, 603], [55, 603]], [], [true, true]]",
16172,q,a,cx_stage3,,"[[[31, 603], [55, 603]], [], [true, true]]",
16173,q,a,u2,,"[[[31, 604]], [], [true]]",
16174,q,a,cx_stage1,,"[[[0, 607], [31, 607]], [], [true, true]]",
16175,q,a,cx_stage3,,"[[[0, 607], [31, 607]], [], [true, true]]",
16176,q,a,p,,"[[[31, 608]], [], [true]]",
16177,q,a,cx_stage1,,"[[[0, 611], [31, 611]], [], [true, true]]",
16178,q,a,cx_stage3,,"[[[0, 611], [31, 611]], [], [true, true]]",
16179,q,a,cx_stage1,,"[[[1, 614], [31, 614]], [], [true, true]]",
16180,q,a,cx_stage3,,"[[[1, 614], [31, 614]], [], [true, true]]",
16181,q,a,p,,"[[[31, 615]], [], [true]]",
16182,q,a,cx_stage1,,"[[[1, 618], [31, 618]], [], [true, true]]",
16183,q,a,cx_stage3,,"[[[1, 618], [31, 618]], [], [true, true]]",
16184,q,a,cx_stage1,,"[[[2, 621], [31, 621]], [], [true, true]]",
16185,q,a,cx_stage3,,"[[[2, 621], [31, 621]], [], [true, true]]",
16186,q,a,p,,"[[[31, 622]], [], [true]]",
16187,q,a,cx_stage1,,"[[[2, 625], [31, 625]], [], [true, true]]",
16188,q,a,cx_stage3,,"[[[2, 625], [31, 625]], [], [true, true]]",
16189,q,a,cx_stage1,,"[[[3, 628], [31, 628]], [], [true, true]]",
16190,q,a,cx_stage2,,"[[[3, 628], [31, 628]], [], [true, true]]",
16191,q,a,cx_stage3,,"[[[3, 628], [31, 628]], [], [true, true]]",
16192,q,a,p,,"[[[31, 629]], [], [true]]",
16193,q,a,cx_stage1,,"[[[3, 632], [31, 632]], [], [true, true]]",
16194,q,a,cx_stage2,,"[[[3, 632], [31, 632]], [], [true, true]]",
16195,q,a,cx_stage3,,"[[[3, 632], [31, 632]], [], [true, true]]",
16196,q,a,cx_stage1,,"[[[4, 635], [31, 635]], [], [true, true]]",
16197,q,a,cx_stage2,,"[[[4, 635], [31, 635]], [], [true, true]]",
16198,q,a,cx_stage3,,"[[[4, 635], [31, 635]], [], [true, true]]",
16199,q,a,p,,"[[[31, 636]], [], [true]]",
16200,q,a,cx_stage1,,"[[[4, 639], [31, 639]], [], [true, true]]",
16201,q,a,cx_stage2,,"[[[4, 639], [31, 639]], [], [true, true]]",
16202,q,a,cx_stage3,,"[[[4, 639], [31, 639]], [], [true, true]]",
16203,q,a,cx_stage1,,"[[[5, 642], [31, 642]], [], [true, true]]",
16204,q,a,cx_stage2,,"[[[5, 642], [31, 642]], [], [true, true]]",
16205,q,a,cx_stage3,,"[[[5, 642], [31, 642]], [], [true, true]]",
16206,q,a,p,,"[[[31, 643]], [], [true]]",
16207,q,a,cx_stage1,,"[[[5, 646], [31, 646]], [], [true, true]]",
16208,q,a,cx_stage2,,"[[[5, 646], [31, 646]], [], [true, true]]",
16209,q,a,cx_stage3,,"[[[5, 646], [31, 646]], [], [true, true]]",
16210,q,a,cx_stage1,,"[[[6, 649], [31, 649]], [], [true, true]]",
16211,q,a,cx_stage2,,"[[[6, 649], [31, 649]], [], [true, true]]",
16212,q,a,cx_stage3,,"[[[6, 649], [31, 649]], [], [true, true]]",
16213,q,a,p,,"[[[31, 650]], [], [true]]",
16214,q,a,cx_stage1,,"[[[6, 653], [31, 653]], [], [true, true]]",
16215,q,a,cx_stage2,,"[[[6, 653], [31, 653]], [], [true, true]]",
16216,q,a,cx_stage3,,"[[[6, 653], [31, 653]], [], [true, true]]",
16217,q,a,cx_stage1,,"[[[7, 656], [31, 656]], [], [true, true]]",
16218,q,a,cx_stage2,,"[[[7, 656], [31, 656]], [], [true, true]]",
16219,q,a,cx_stage3,,"[[[7, 656], [31, 656]], [], [true, true]]",
16220,q,a,p,,"[[[31, 657]], [], [true]]",
16221,q,a,cx_stage1,,"[[[7, 660], [31, 660]], [], [true, true]]",
16222,q,a,cx_stage2,,"[[[7, 660], [31, 660]], [], [true, true]]",
16223,q,a,cx_stage3,,"[[[7, 660], [31, 660]], [], [true, true]]",
16224,q,a,cx_stage1,,"[[[8, 663], [31, 663]], [], [true, true]]",
16225,q,a,cx_stage2,,"[[[8, 663], [31, 663]], [], [true, true]]",
16226,q,a,cx_stage3,,"[[[8, 663], [31, 663]], [], [true, true]]",
16227,q,a,p,,"[[[31, 664]], [], [true]]",
16228,q,a,cx_stage1,,"[[[8, 667], [31, 667]], [], [true, true]]",
16229,q,a,cx_stage2,,"[[[8, 667], [31, 667]], [], [true, true]]",
16230,q,a,cx_stage3,,"[[[8, 667], [31, 667]], [], [true, true]]",
16231,q,a,cx_stage1,,"[[[9, 670], [31, 670]], [], [true, true]]",
16232,q,a,cx_stage2,,"[[[9, 670], [31, 670]], [], [true, true]]",
16233,q,a,cx_stage3,,"[[[9, 670], [31, 670]], [], [true, true]]",
16234,q,a,p,,"[[[31, 671]], [], [true]]",
16235,q,a,cx_stage1,,"[[[9, 674], [31, 674]], [], [true, true]]",
16236,q,a,cx_stage2,,"[[[9, 674], [31, 674]], [], [true, true]]",
16237,q,a,cx_stage3,,"[[[9, 674], [31, 674]], [], [true, true]]",
16238,q,a,cx_stage1,,"[[[10, 677], [31, 677]], [], [true, true]]",
16239,q,a,cx_stage3,,"[[[10, 677], [31, 677]], [], [true, true]]",
16240,q,a,p,,"[[[31, 678]], [], [true]]",
16241,q,a,cx_stage1,,"[[[10, 681], [31, 681]], [], [true, true]]",
16242,q,a,cx_stage3,,"[[[10, 681], [31, 681]], [], [true, true]]",
16243,q,a,cx_stage1,,"[[[11, 684], [31, 684]], [], [true, true]]",
16244,q,a,cx_stage3,,"[[[11, 684], [31, 684]], [], [true, true]]",
16245,q,a,p,,"[[[31, 685]], [], [true]]",
16246,q,a,cx_stage1,,"[[[11, 688], [31, 688]], [], [true, true]]",
16247,q,a,cx_stage3,,"[[[11, 688], [31, 688]], [], [true, true]]",
16248,q,a,cx_stage1,,"[[[12, 691], [31, 691]], [], [true, true]]",
16249,q,a,cx_stage3,,"[[[12, 691], [31, 691]], [], [true, true]]",
16250,q,a,p,,"[[[31, 692]], [], [true]]",
16251,q,a,cx_stage1,,"[[[12, 695], [31, 695]], [], [true, true]]",
16252,q,a,cx_stage3,,"[[[12, 695], [31, 695]], [], [true, true]]",
16253,q,a,cx_stage1,,"[[[13, 698], [31, 698]], [], [true, true]]",
16254,q,a,cx_stage3,,"[[[13, 698], [31, 698]], [], [true, true]]",
16255,q,a,p,,"[[[31, 699]], [], [true]]",
16256,q,a,cx_stage1,,"[[[13, 702], [31, 702]], [], [true, true]]",
16257,q,a,cx_stage3,,"[[[13, 702], [31, 702]], [], [true, true]]",
16258,q,a,cx_stage1,,"[[[14, 705], [31, 705]], [], [true, true]]",
16259,q,a,cx_stage3,,"[[[14, 705], [31, 705]], [], [true, true]]",
16260,q,a,p,,"[[[31, 706]], [], [true]]",
16261,q,a,cx_stage1,,"[[[14, 709], [31, 709]], [], [true, true]]",
16262,q,a,cx_stage3,,"[[[14, 709], [31, 709]], [], [true, true]]",
16263,q,a,cx_stage1,,"[[[15, 712], [31, 712]], [], [true, true]]",
16264,q,a,cx_stage3,,"[[[15, 712], [31, 712]], [], [true, true]]",
16265,q,a,p,,"[[[31, 713]], [], [true]]",
16266,q,a,cx_stage1,,"[[[15, 716], [31, 716]], [], [true, true]]",
16267,q,a,cx_stage3,,"[[[15, 716], [31, 716]], [], [true, true]]",
16268,q,a,cx_stage1,,"[[[16, 719], [31, 719]], [], [true, true]]",
16269,q,a,cx_stage3,,"[[[16, 719], [31, 719]], [], [true, true]]",
16270,q,a,p,,"[[[31, 720]], [], [true]]",
16271,q,a,cx_stage1,,"[[[16, 723], [31, 723]], [], [true, true]]",
16272,q,a,cx_stage3,,"[[[16, 723], [31, 723]], [], [true, true]]",
16273,q,a,cx_stage1,,"[[[17, 726], [31, 726]], [], [true, true]]",
16274,q,a,cx_stage3,,"[[[17, 726], [31, 726]], [], [true, true]]",
16275,q,a,p,,"[[[31, 727]], [], [true]]",
16276,q,a,cx_stage1,,"[[[17, 730], [31, 730]], [], [true, true]]",
16277,q,a,cx_stage3,,"[[[17, 730], [31, 730]], [], [true, true]]",
16278,q,a,cx_stage1,,"[[[18, 733], [31, 733]], [], [true, true]]",
16279,q,a,cx_stage3,,"[[[18, 733], [31, 733]], [], [true, true]]",
16280,q,a,p,,"[[[31, 734]], [], [true]]",
16281,q,a,cx_stage1,,"[[[18, 737], [31, 737]], [], [true, true]]",
16282,q,a,cx_stage3,,"[[[18, 737], [31, 737]], [], [true, true]]",
16283,q,a,cx_stage1,,"[[[19, 740], [31, 740]], [], [true, true]]",
16284,q,a,cx_stage3,,"[[[19, 740], [31, 740]], [], [true, true]]",
16285,q,a,p,,"[[[31, 741]], [], [true]]",
16286,q,a,cx_stage1,,"[[[19, 744], [31, 744]], [], [true, true]]",
16287,q,a,cx_stage3,,"[[[19, 744], [31, 744]], [], [true, true]]",
16288,q,a,cx_stage1,,"[[[20, 747], [31, 747]], [], [true, true]]",
16289,q,a,cx_stage3,,"[[[20, 747], [31, 747]], [], [true, true]]",
16290,q,a,p,,"[[[31, 748]], [], [true]]",
16291,q,a,cx_stage1,,"[[[20, 751], [31, 751]], [], [true, true]]",
16292,q,a,cx_stage3,,"[[[20, 751], [31, 751]], [], [true, true]]",
16293,q,a,cx_stage1,,"[[[21, 754], [31, 754]], [], [true, true]]",
16294,q,a,cx_stage3,,"[[[21, 754], [31, 754]], [], [true, true]]",
16295,q,a,p,,"[[[31, 755]], [], [true]]",
16296,q,a,cx_stage1,,"[[[21, 758], [31, 758]], [], [true, true]]",
16297,q,a,cx_stage3,,"[[[21, 758], [31, 758]], [], [true, true]]",
16298,q,a,cx_stage1,,"[[[22, 761], [31, 761]], [], [true, true]]",
16299,q,a,cx_stage3,,"[[[22, 761], [31, 761]], [], [true, true]]",
16300,q,a,p,,"[[[31, 762]], [], [true]]",
16301,q,a,cx_stage1,,"[[[22, 765], [31, 765]], [], [true, true]]",
16302,q,a,cx_stage3,,"[[[22, 765], [31, 765]], [], [true, true]]",
16303,q,a,cx_stage1,,"[[[23, 768], [31, 768]], [], [true, true]]",
16304,q,a,cx_stage3,,"[[[23, 768], [31, 768]], [], [true, true]]",
16305,q,a,p,,"[[[31, 769]], [], [true]]",
16306,q,a,cx_stage1,,"[[[23, 772], [31, 772]], [], [true, true]]",
16307,q,a,cx_stage3,,"[[[23, 772], [31, 772]], [], [true, true]]",
16308,q,a,cx_stage1,,"[[[24, 775], [31, 775]], [], [true, true]]",
16309,q,a,cx_stage3,,"[[[24, 775], [31, 775]], [], [true, true]]",
16310,q,a,p,,"[[[31, 776]], [], [true]]",
16311,q,a,cx_stage1,,"[[[24, 779], [31, 779]], [], [true, true]]",
16312,q,a,cx_stage3,,"[[[24, 779], [31, 779]], [], [true, true]]",
16313,q,a,cx_stage1,,"[[[25, 782], [31, 782]], [], [true, true]]",
16314,q,a,cx_stage3,,"[[[25, 782], [31, 782]], [], [true, true]]",
16315,q,a,p,,"[[[31, 783]], [], [true]]",
16316,q,a,cx_stage1,,"[[[25, 786], [31, 786]], [], [true, true]]",
16317,q,a,cx_stage3,,"[[[25, 786], [31, 786]], [], [true, true]]",
16318,q,a,cx_stage1,,"[[[26, 789], [31, 789]], [], [true, true]]",
16319,q,a,cx_stage3,,"[[[26, 789], [31, 789]], [], [true, true]]",
16320,q,a,p,,"[[[31, 790]], [], [true]]",
16321,q,a,cx_stage1,,"[[[26, 793], [31, 793]], [], [true, true]]",
16322,q,a,cx_stage3,,"[[[26, 793], [31, 793]], [], [true, true]]",
16323,q,a,cx_stage1,,"[[[27, 796], [31, 796]], [], [true, true]]",
16324,q,a,cx_stage3,,"[[[27, 796], [31, 796]], [], [true, true]]",
16325,q,a,p,,"[[[31, 797]], [], [true]]",
16326,q,a,cx_stage1,,"[[[27, 800], [31, 800]], [], [true, true]]",
16327,q,a,cx_stage3,,"[[[27, 800], [31, 800]], [], [true, true]]",
16328,q,a,cx_stage1,,"[[[28, 803], [31, 803]], [], [true, true]]",
16329,q,a,cx_stage3,,"[[[28, 803], [31, 803]], [], [true, true]]",
16330,q,a,p,,"[[[31, 804]], [], [true]]",
16331,q,a,cx_stage1,,"[[[28, 807], [31, 807]], [], [true, true]]",
16332,q,a,cx_stage3,,"[[[28, 807], [31, 807]], [], [true, true]]",
16333,q,a,cx_stage1,,"[[[29, 810], [31, 810]], [], [true, true]]",
16334,q,a,cx_stage3,,"[[[29, 810], [31, 810]], [], [true, true]]",
16335,q,a,p,,"[[[31, 811]], [], [true]]",
16336,q,a,cx_stage1,,"[[[29, 814], [31, 814]], [], [true, true]]",
16337,q,a,cx_stage3,,"[[[29, 814], [31, 814]], [], [true, true]]",
16338,q,a,cx_stage1,,"[[[30, 817], [31, 817]], [], [true, true]]",
16339,q,a,cx_stage3,,"[[[30, 817], [31, 817]], [], [true, true]]",
16340,q,a,p,,"[[[31, 818]], [], [true]]",
16341,q,a,cx_stage1,,"[[[30, 821], [31, 821]], [], [true, true]]",
16342,q,a,cx_stage3,,"[[[30, 821], [31, 821]], [], [true, true]]",
16343,q,a,cx_stage1,,"[[[31, 831], [32, 831]], [], [true, true]]",
16344,q,a,cx_stage2,,"[[[31, 831], [32, 831]], [], [true, true]]",
16345,q,a,cx_stage3,,"[[[31, 831], [32, 831]], [], [true, true]]",
16346,q,a,cx_stage1,,"[[[31, 835], [32, 835]], [], [true, true]]",
16347,q,a,cx_stage2,,"[[[31, 835], [32, 835]], [], [true, true]]",
16348,q,a,cx_stage3,,"[[[31, 835], [32, 835]], [], [true, true]]",
16349,q,a,cx_stage1,,"[[[31, 838], [33, 838]], [], [true, true]]",
16350,q,a,cx_stage2,,"[[[31, 838], [33, 838]], [], [true, true]]",
16351,q,a,cx_stage3,,"[[[31, 838], [33, 838]], [], [true, true]]",
16352,q,a,cx_stage1,,"[[[31, 842], [33, 842]], [], [true, true]]",
16353,q,a,cx_stage2,,"[[[31, 842], [33, 842]], [], [true, true]]",
16354,q,a,cx_stage3,,"[[[31, 842], [33, 842]], [], [true, true]]",
16355,q,a,cx_stage1,,"[[[31, 845], [34, 845]], [], [true, true]]",
16356,q,a,cx_stage2,,"[[[31, 845], [34, 845]], [], [true, true]]",
16357,q,a,cx_stage3,,"[[[31, 845], [34, 845]], [], [true, true]]",
16358,q,a,cx_stage1,,"[[[31, 849], [34, 849]], [], [true, true]]",
16359,q,a,cx_stage2,,"[[[31, 849], [34, 849]], [], [true, true]]",
16360,q,a,cx_stage3,,"[[[31, 849], [34, 849]], [], [true, true]]",
16361,q,a,cx_stage1,,"[[[31, 852], [35, 852]], [], [true, true]]",
16362,q,a,cx_stage2,,"[[[31, 852], [35, 852]], [], [true, true]]",
16363,q,a,cx_stage3,,"[[[31, 852], [35, 852]], [], [true, true]]",
16364,q,a,cx_stage1,,"[[[31, 856], [35, 856]], [], [true, true]]",
16365,q,a,cx_stage2,,"[[[31, 856], [35, 856]], [], [true, true]]",
16366,q,a,cx_stage3,,"[[[31, 856], [35, 856]], [], [true, true]]",
16367,q,a,cx_stage1,,"[[[31, 859], [36, 859]], [], [true, true]]",
16368,q,a,cx_stage2,,"[[[31, 859], [36, 859]], [], [true, true]]",
16369,q,a,cx_stage3,,"[[[31, 859], [36, 859]], [], [true, true]]",
16370,q,a,cx_stage1,,"[[[31, 863], [36, 863]], [], [true, true]]",
16371,q,a,cx_stage2,,"[[[31, 863], [36, 863]], [], [true, true]]",
16372,q,a,cx_stage3,,"[[[31, 863], [36, 863]], [], [true, true]]",
16373,q,a,cx_stage1,,"[[[31, 866], [37, 866]], [], [true, true]]",
16374,q,a,cx_stage2,,"[[[31, 866], [37, 866]], [], [true, true]]",
16375,q,a,cx_stage3,,"[[[31, 866], [37, 866]], [], [true, true]]",
16376,q,a,cx_stage1,,"[[[31, 870], [37, 870]], [], [true, true]]",
16377,q,a,cx_stage2,,"[[[31, 870], [37, 870]], [], [true, true]]",
16378,q,a,cx_stage3,,"[[[31, 870], [37, 870]], [], [true, true]]",
16379,q,a,cx_stage1,,"[[[31, 873], [38, 873]], [], [true, true]]",
16380,q,a,cx_stage2,,"[[[31, 873], [38, 873]], [], [true, true]]",
16381,q,a,cx_stage3,,"[[[31, 873], [38, 873]], [], [true, true]]",
16382,q,a,cx_stage1,,"[[[31, 877], [38, 877]], [], [true, true]]",
16383,q,a,cx_stage2,,"[[[31, 877], [38, 877]], [], [true, true]]",
16384,q,a,cx_stage3,,"[[[31, 877], [38, 877]], [], [true, true]]",
16385,q,a,cx_stage1,,"[[[31, 880], [39, 880]], [], [true, true]]",
16386,q,a,cx_stage2,,"[[[31, 880], [39, 880]], [], [true, true]]",
16387,q,a,cx_stage3,,"[[[31, 880], [39, 880]], [], [true, true]]",
16388,q,a,cx_stage1,,"[[[31, 884], [39, 884]], [], [true, true]]",
16389,q,a,cx_stage2,,"[[[31, 884], [39, 884]], [], [true, true]]",
16390,q,a,cx_stage3,,"[[[31, 884], [39, 884]], [], [true, true]]",
16391,q,a,cx_stage1,,"[[[31, 887], [40, 887]], [], [true, true]]",
16392,q,a,cx_stage2,,"[[[31, 887], [40, 887]], [], [true, true]]",
16393,q,a,cx_stage3,,"[[[31, 887], [40, 887]], [], [true, true]]",
16394,q,a,cx_stage1,,"[[[31, 891], [40, 891]], [], [true, true]]",
16395,q,a,cx_stage2,,"[[[31, 891], [40, 891]], [], [true, true]]",
16396,q,a,cx_stage3,,"[[[31, 891], [40, 891]], [], [true, true]]",
16397,q,a,cx_stage1,,"[[[31, 894], [41, 894]], [], [true, true]]",
16398,q,a,cx_stage2,,"[[[31, 894], [41, 894]], [], [true, true]]",
16399,q,a,cx_stage3,,"[[[31, 894], [41, 894]], [], [true, true]]",
16400,q,a,cx_stage1,,"[[[31, 898], [41, 898]], [], [true, true]]",
16401,q,a,cx_stage2,,"[[[31, 898], [41, 898]], [], [true, true]]",
16402,q,a,cx_stage3,,"[[[31, 898], [41, 898]], [], [true, true]]",
16403,q,a,cx_stage1,,"[[[31, 901], [42, 901]], [], [true, true]]",
16404,q,a,cx_stage2,,"[[[31, 901], [42, 901]], [], [true, true]]",
16405,q,a,cx_stage3,,"[[[31, 901], [42, 901]], [], [true, true]]",
16406,q,a,cx_stage1,,"[[[31, 905], [42, 905]], [], [true, true]]",
16407,q,a,cx_stage2,,"[[[31, 905], [42, 905]], [], [true, true]]",
16408,q,a,cx_stage3,,"[[[31, 905], [42, 905]], [], [true, true]]",
16409,q,a,cx_stage1,,"[[[31, 908], [43, 908]], [], [true, true]]",
16410,q,a,cx_stage2,,"[[[31, 908], [43, 908]], [], [true, true]]",
16411,q,a,cx_stage3,,"[[[31, 908], [43, 908]], [], [true, true]]",
16412,q,a,cx_stage1,,"[[[31, 912], [43, 912]], [], [true, true]]",
16413,q,a,cx_stage2,,"[[[31, 912], [43, 912]], [], [true, true]]",
16414,q,a,cx_stage3,,"[[[31, 912], [43, 912]], [], [true, true]]",
16415,q,a,cx_stage1,,"[[[31, 915], [44, 915]], [], [true, true]]",
16416,q,a,cx_stage2,,"[[[31, 915], [44, 915]], [], [true, true]]",
16417,q,a,cx_stage3,,"[[[31, 915], [44, 915]], [], [true, true]]",
16418,q,a,cx_stage1,,"[[[31, 919], [44, 919]], [], [true, true]]",
16419,q,a,cx_stage2,,"[[[31, 919], [44, 919]], [], [true, true]]",
16420,q,a,cx_stage3,,"[[[31, 919], [44, 919]], [], [true, true]]",
16421,q,a,cx_stage1,,"[[[31, 922], [45, 922]], [], [true, true]]",
16422,q,a,cx_stage2,,"[[[31, 922], [45, 922]], [], [true, true]]",
16423,q,a,cx_stage3,,"[[[31, 922], [45, 922]], [], [true, true]]",
16424,q,a,cx_stage1,,"[[[31, 926], [45, 926]], [], [true, true]]",
16425,q,a,cx_stage2,,"[[[31, 926], [45, 926]], [], [true, true]]",
16426,q,a,cx_stage3,,"[[[31, 926], [45, 926]], [], [true, true]]",
16427,q,a,cx_stage1,,"[[[31, 929], [46, 929]], [], [true, true]]",
16428,q,a,cx_stage2,,"[[[31, 929], [46, 929]], [], [true, true]]",
16429,q,a,cx_stage3,,"[[[31, 929], [46, 929]], [], [true, true]]",
16430,q,a,cx_stage1,,"[[[31, 933], [46, 933]], [], [true, true]]",
16431,q,a,cx_stage2,,"[[[31, 933], [46, 933]], [], [true, true]]",
16432,q,a,cx_stage3,,"[[[31, 933], [46, 933]], [], [true, true]]",
16433,q,a,cx_stage1,,"[[[31, 936], [47, 936]], [], [true, true]]",
16434,q,a,cx_stage2,,"[[[31, 936], [47, 936]], [], [true, true]]",
16435,q,a,cx_stage3,,"[[[31, 936], [47, 936]], [], [true, true]]",
16436,q,a,cx_stage1,,"[[[31, 940], [47, 940]], [], [true, true]]",
16437,q,a,cx_stage2,,"[[[31, 940], [47, 940]], [], [true, true]]",
16438,q,a,cx_stage3,,"[[[31, 940], [47, 940]], [], [true, true]]",
16439,q,a,cx_stage1,,"[[[31, 943], [48, 943]], [], [true, true]]",
16440,q,a,cx_stage2,,"[[[31, 943], [48, 943]], [], [true, true]]",
16441,q,a,cx_stage3,,"[[[31, 943], [48, 943]], [], [true, true]]",
16442,q,a,cx_stage1,,"[[[31, 947], [48, 947]], [], [true, true]]",
16443,q,a,cx_stage2,,"[[[31, 947], [48, 947]], [], [true, true]]",
16444,q,a,cx_stage3,,"[[[31, 947], [48, 947]], [], [true, true]]",
16445,q,a,cx_stage1,,"[[[31, 950], [49, 950]], [], [true, true]]",
16446,q,a,cx_stage2,,"[[[31, 950], [49, 950]], [], [true, true]]",
16447,q,a,cx_stage3,,"[[[31, 950], [49, 950]], [], [true, true]]",
16448,q,a,cx_stage1,,"[[[31, 954], [49, 954]], [], [true, true]]",
16449,q,a,cx_stage2,,"[[[31, 954], [49, 954]], [], [true, true]]",
16450,q,a,cx_stage3,,"[[[31, 954], [49, 954]], [], [true, true]]",
16451,q,a,cx_stage1,,"[[[31, 957], [50, 957]], [], [true, true]]",
16452,q,a,cx_stage2,,"[[[31, 957], [50, 957]], [], [true, true]]",
16453,q,a,cx_stage3,,"[[[31, 957], [50, 957]], [], [true, true]]",
16454,q,a,cx_stage1,,"[[[31, 961], [50, 961]], [], [true, true]]",
16455,q,a,cx_stage2,,"[[[31, 961], [50, 961]], [], [true, true]]",
16456,q,a,cx_stage3,,"[[[31, 961], [50, 961]], [], [true, true]]",
16457,q,a,cx_stage1,,"[[[31, 964], [51, 964]], [], [true, true]]",
16458,q,a,cx_stage2,,"[[[31, 964], [51, 964]], [], [true, true]]",
16459,q,a,cx_stage3,,"[[[31, 964], [51, 964]], [], [true, true]]",
16460,q,a,cx_stage1,,"[[[31, 968], [51, 968]], [], [true, true]]",
16461,q,a,cx_stage2,,"[[[31, 968], [51, 968]], [], [true, true]]",
16462,q,a,cx_stage3,,"[[[31, 968], [51, 968]], [], [true, true]]",
16463,q,a,cx_stage1,,"[[[31, 971], [52, 971]], [], [true, true]]",
16464,q,a,cx_stage2,,"[[[31, 971], [52, 971]], [], [true, true]]",
16465,q,a,cx_stage3,,"[[[31, 971], [52, 971]], [], [true, true]]",
16466,q,a,cx_stage1,,"[[[31, 975], [52, 975]], [], [true, true]]",
16467,q,a,cx_stage2,,"[[[31, 975], [52, 975]], [], [true, true]]",
16468,q,a,cx_stage3,,"[[[31, 975], [52, 975]], [], [true, true]]",
16469,q,a,cx_stage1,,"[[[31, 978], [53, 978]], [], [true, true]]",
16470,q,a,cx_stage2,,"[[[31, 978], [53, 978]], [], [true, true]]",
16471,q,a,cx_stage3,,"[[[31, 978], [53, 978]], [], [true, true]]",
16472,q,a,cx_stage1,,"[[[31, 982], [53, 982]], [], [true, true]]",
16473,q,a,cx_stage2,,"[[[31, 982], [53, 982]], [], [true, true]]",
16474,q,a,cx_stage3,,"[[[31, 982], [53, 982]], [], [true, true]]",
16475,q,a,cx_stage1,,"[[[31, 985], [54, 985]], [], [true, true]]",
16476,q,a,cx_stage2,,"[[[31, 985], [54, 985]], [], [true, true]]",
16477,q,a,cx_stage3,,"[[[31, 985], [54, 985]], [], [true, true]]",
16478,q,a,cx_stage1,,"[[[31, 989], [54, 989]], [], [true, true]]",
16479,q,a,cx_stage2,,"[[[31, 989], [54, 989]], [], [true, true]]",
16480,q,a,cx_stage3,,"[[[31, 989], [54, 989]], [], [true, true]]",
16481,q,a,cx_stage1,,"[[[31, 992], [55, 992]], [], [true, true]]",
16482,q,a,cx_stage2,,"[[[31, 992], [55, 992]], [], [true, true]]",
16483,q,a,cx_stage3,,"[[[31, 992], [55, 992]], [], [true, true]]",
16484,q,a,cx_stage1,,"[[[31, 996], [55, 996]], [], [true, true]]",
16485,q,a,cx_stage2,,"[[[31, 996], [55, 996]], [], [true, true]]",
16486,q,a,cx_stage3,,"[[[31, 996], [55, 996]], [], [true, true]]",
16487,q,a,ry,,"[[[31, 997]], [], [true]]",
16488,q,a,u2,,"[[[32, 1]], [], [true]]",
16489,q,a,cx_stage1,,"[[[0, 221], [32, 221]], [], [true, true]]",
16490,q,a,cx_stage2,,"[[[32, 1003], [55, 1003]], [], [true, true]]",
16491,q,a,cx_stage1,,"[[[32, 1003], [55, 1003]], [], [true, true]]",
16492,q,a,cx_stage3,,"[[[32, 1003], [55, 1003]], [], [true, true]]",
16493,q,a,ry,,"[[[32, 1004]], [], [true]]",
16494,q,a,cx_stage1,,"[[[32, 1227], [33, 1227]], [], [true, true]]",
16495,q,a,cx_stage2,,"[[[32, 1227], [33, 1227]], [], [true, true]]",
16496,q,a,cx_stage3,,"[[[32, 1227], [33, 1227]], [], [true, true]]",
16497,q,a,cx_stage1,,"[[[31, 1230], [32, 1230]], [], [true, true]]",
16498,q,a,cx_stage3,,"[[[31, 1230], [32, 1230]], [], [true, true]]",
16499,q,a,ry,,"[[[32, 1231]], [], [true]]",
16500,q,a,cx_stage3,,"[[[0, 221], [32, 221]], [], [true, true]]",
16501,q,a,p,,"[[[32, 222]], [], [true]]",
16502,q,a,cx_stage1,,"[[[0, 225], [32, 225]], [], [true, true]]",
16503,q,a,cx_stage3,,"[[[0, 225], [32, 225]], [], [true, true]]",
16504,q,a,cx_stage1,,"[[[1, 228], [32, 228]], [], [true, true]]",
16505,q,a,cx_stage3,,"[[[1, 228], [32, 228]], [], [true, true]]",
16506,q,a,p,,"[[[32, 229]], [], [true]]",
16507,q,a,cx_stage1,,"[[[1, 232], [32, 232]], [], [true, true]]",
16508,q,a,cx_stage3,,"[[[1, 232], [32, 232]], [], [true, true]]",
16509,q,a,cx_stage1,,"[[[2, 235], [32, 235]], [], [true, true]]",
16510,q,a,cx_stage3,,"[[[2, 235], [32, 235]], [], [true, true]]",
16511,q,a,p,,"[[[32, 236]], [], [true]]",
16512,q,a,cx_stage1,,"[[[2, 239], [32, 239]], [], [true, true]]",
16513,q,a,cx_stage3,,"[[[2, 239], [32, 239]], [], [true, true]]",
16514,q,a,cx_stage1,,"[[[3, 242], [32, 242]], [], [true, true]]",
16515,q,a,cx_stage2,,"[[[3, 242], [32, 242]], [], [true, true]]",
16516,q,a,cx_stage3,,"[[[3, 242], [32, 242]], [], [true, true]]",
16517,q,a,p,,"[[[32, 243]], [], [true]]",
16518,q,a,cx_stage1,,"[[[3, 246], [32, 246]], [], [true, true]]",
16519,q,a,cx_stage2,,"[[[3, 246], [32, 246]], [], [true, true]]",
16520,q,a,cx_stage3,,"[[[3, 246], [32, 246]], [], [true, true]]",
16521,q,a,cx_stage1,,"[[[4, 249], [32, 249]], [], [true, true]]",
16522,q,a,cx_stage2,,"[[[4, 249], [32, 249]], [], [true, true]]",
16523,q,a,cx_stage3,,"[[[4, 249], [32, 249]], [], [true, true]]",
16524,q,a,p,,"[[[32, 250]], [], [true]]",
16525,q,a,cx_stage1,,"[[[4, 253], [32, 253]], [], [true, true]]",
16526,q,a,cx_stage2,,"[[[4, 253], [32, 253]], [], [true, true]]",
16527,q,a,cx_stage3,,"[[[4, 253], [32, 253]], [], [true, true]]",
16528,q,a,cx_stage1,,"[[[5, 256], [32, 256]], [], [true, true]]",
16529,q,a,cx_stage2,,"[[[5, 256], [32, 256]], [], [true, true]]",
16530,q,a,cx_stage3,,"[[[5, 256], [32, 256]], [], [true, true]]",
16531,q,a,p,,"[[[32, 257]], [], [true]]",
16532,q,a,cx_stage1,,"[[[5, 260], [32, 260]], [], [true, true]]",
16533,q,a,cx_stage2,,"[[[5, 260], [32, 260]], [], [true, true]]",
16534,q,a,cx_stage3,,"[[[5, 260], [32, 260]], [], [true, true]]",
16535,q,a,cx_stage1,,"[[[6, 263], [32, 263]], [], [true, true]]",
16536,q,a,cx_stage2,,"[[[6, 263], [32, 263]], [], [true, true]]",
16537,q,a,cx_stage3,,"[[[6, 263], [32, 263]], [], [true, true]]",
16538,q,a,p,,"[[[32, 264]], [], [true]]",
16539,q,a,cx_stage1,,"[[[6, 267], [32, 267]], [], [true, true]]",
16540,q,a,cx_stage2,,"[[[6, 267], [32, 267]], [], [true, true]]",
16541,q,a,cx_stage3,,"[[[6, 267], [32, 267]], [], [true, true]]",
16542,q,a,cx_stage1,,"[[[7, 270], [32, 270]], [], [true, true]]",
16543,q,a,cx_stage2,,"[[[7, 270], [32, 270]], [], [true, true]]",
16544,q,a,cx_stage3,,"[[[7, 270], [32, 270]], [], [true, true]]",
16545,q,a,p,,"[[[32, 271]], [], [true]]",
16546,q,a,cx_stage1,,"[[[7, 274], [32, 274]], [], [true, true]]",
16547,q,a,cx_stage2,,"[[[7, 274], [32, 274]], [], [true, true]]",
16548,q,a,cx_stage3,,"[[[7, 274], [32, 274]], [], [true, true]]",
16549,q,a,cx_stage1,,"[[[8, 277], [32, 277]], [], [true, true]]",
16550,q,a,cx_stage2,,"[[[8, 277], [32, 277]], [], [true, true]]",
16551,q,a,cx_stage3,,"[[[8, 277], [32, 277]], [], [true, true]]",
16552,q,a,p,,"[[[32, 278]], [], [true]]",
16553,q,a,cx_stage1,,"[[[8, 281], [32, 281]], [], [true, true]]",
16554,q,a,cx_stage2,,"[[[8, 281], [32, 281]], [], [true, true]]",
16555,q,a,cx_stage3,,"[[[8, 281], [32, 281]], [], [true, true]]",
16556,q,a,cx_stage1,,"[[[9, 284], [32, 284]], [], [true, true]]",
16557,q,a,cx_stage2,,"[[[9, 284], [32, 284]], [], [true, true]]",
16558,q,a,cx_stage3,,"[[[9, 284], [32, 284]], [], [true, true]]",
16559,q,a,p,,"[[[32, 285]], [], [true]]",
16560,q,a,cx_stage1,,"[[[9, 288], [32, 288]], [], [true, true]]",
16561,q,a,cx_stage2,,"[[[9, 288], [32, 288]], [], [true, true]]",
16562,q,a,cx_stage3,,"[[[9, 288], [32, 288]], [], [true, true]]",
16563,q,a,cx_stage1,,"[[[10, 291], [32, 291]], [], [true, true]]",
16564,q,a,cx_stage3,,"[[[10, 291], [32, 291]], [], [true, true]]",
16565,q,a,p,,"[[[32, 292]], [], [true]]",
16566,q,a,cx_stage1,,"[[[10, 295], [32, 295]], [], [true, true]]",
16567,q,a,cx_stage3,,"[[[10, 295], [32, 295]], [], [true, true]]",
16568,q,a,cx_stage1,,"[[[11, 298], [32, 298]], [], [true, true]]",
16569,q,a,cx_stage3,,"[[[11, 298], [32, 298]], [], [true, true]]",
16570,q,a,p,,"[[[32, 299]], [], [true]]",
16571,q,a,cx_stage1,,"[[[11, 302], [32, 302]], [], [true, true]]",
16572,q,a,cx_stage3,,"[[[11, 302], [32, 302]], [], [true, true]]",
16573,q,a,cx_stage1,,"[[[12, 305], [32, 305]], [], [true, true]]",
16574,q,a,cx_stage3,,"[[[12, 305], [32, 305]], [], [true, true]]",
16575,q,a,p,,"[[[32, 306]], [], [true]]",
16576,q,a,cx_stage1,,"[[[12, 309], [32, 309]], [], [true, true]]",
16577,q,a,cx_stage3,,"[[[12, 309], [32, 309]], [], [true, true]]",
16578,q,a,cx_stage1,,"[[[13, 312], [32, 312]], [], [true, true]]",
16579,q,a,cx_stage3,,"[[[13, 312], [32, 312]], [], [true, true]]",
16580,q,a,p,,"[[[32, 313]], [], [true]]",
16581,q,a,cx_stage1,,"[[[13, 316], [32, 316]], [], [true, true]]",
16582,q,a,cx_stage3,,"[[[13, 316], [32, 316]], [], [true, true]]",
16583,q,a,cx_stage1,,"[[[14, 319], [32, 319]], [], [true, true]]",
16584,q,a,cx_stage3,,"[[[14, 319], [32, 319]], [], [true, true]]",
16585,q,a,p,,"[[[32, 320]], [], [true]]",
16586,q,a,cx_stage1,,"[[[14, 323], [32, 323]], [], [true, true]]",
16587,q,a,cx_stage3,,"[[[14, 323], [32, 323]], [], [true, true]]",
16588,q,a,cx_stage1,,"[[[15, 326], [32, 326]], [], [true, true]]",
16589,q,a,cx_stage3,,"[[[15, 326], [32, 326]], [], [true, true]]",
16590,q,a,p,,"[[[32, 327]], [], [true]]",
16591,q,a,cx_stage1,,"[[[15, 330], [32, 330]], [], [true, true]]",
16592,q,a,cx_stage3,,"[[[15, 330], [32, 330]], [], [true, true]]",
16593,q,a,cx_stage1,,"[[[16, 333], [32, 333]], [], [true, true]]",
16594,q,a,cx_stage3,,"[[[16, 333], [32, 333]], [], [true, true]]",
16595,q,a,p,,"[[[32, 334]], [], [true]]",
16596,q,a,cx_stage1,,"[[[16, 337], [32, 337]], [], [true, true]]",
16597,q,a,cx_stage3,,"[[[16, 337], [32, 337]], [], [true, true]]",
16598,q,a,cx_stage1,,"[[[17, 340], [32, 340]], [], [true, true]]",
16599,q,a,cx_stage3,,"[[[17, 340], [32, 340]], [], [true, true]]",
16600,q,a,p,,"[[[32, 341]], [], [true]]",
16601,q,a,cx_stage1,,"[[[17, 344], [32, 344]], [], [true, true]]",
16602,q,a,cx_stage3,,"[[[17, 344], [32, 344]], [], [true, true]]",
16603,q,a,cx_stage1,,"[[[18, 347], [32, 347]], [], [true, true]]",
16604,q,a,cx_stage3,,"[[[18, 347], [32, 347]], [], [true, true]]",
16605,q,a,p,,"[[[32, 348]], [], [true]]",
16606,q,a,cx_stage1,,"[[[18, 351], [32, 351]], [], [true, true]]",
16607,q,a,cx_stage3,,"[[[18, 351], [32, 351]], [], [true, true]]",
16608,q,a,cx_stage1,,"[[[19, 354], [32, 354]], [], [true, true]]",
16609,q,a,cx_stage3,,"[[[19, 354], [32, 354]], [], [true, true]]",
16610,q,a,p,,"[[[32, 355]], [], [true]]",
16611,q,a,cx_stage1,,"[[[19, 358], [32, 358]], [], [true, true]]",
16612,q,a,cx_stage3,,"[[[19, 358], [32, 358]], [], [true, true]]",
16613,q,a,cx_stage1,,"[[[20, 361], [32, 361]], [], [true, true]]",
16614,q,a,cx_stage3,,"[[[20, 361], [32, 361]], [], [true, true]]",
16615,q,a,p,,"[[[32, 362]], [], [true]]",
16616,q,a,cx_stage1,,"[[[20, 365], [32, 365]], [], [true, true]]",
16617,q,a,cx_stage3,,"[[[20, 365], [32, 365]], [], [true, true]]",
16618,q,a,cx_stage1,,"[[[21, 368], [32, 368]], [], [true, true]]",
16619,q,a,cx_stage3,,"[[[21, 368], [32, 368]], [], [true, true]]",
16620,q,a,p,,"[[[32, 369]], [], [true]]",
16621,q,a,cx_stage1,,"[[[21, 372], [32, 372]], [], [true, true]]",
16622,q,a,cx_stage3,,"[[[21, 372], [32, 372]], [], [true, true]]",
16623,q,a,cx_stage1,,"[[[22, 375], [32, 375]], [], [true, true]]",
16624,q,a,cx_stage3,,"[[[22, 375], [32, 375]], [], [true, true]]",
16625,q,a,p,,"[[[32, 376]], [], [true]]",
16626,q,a,cx_stage1,,"[[[22, 379], [32, 379]], [], [true, true]]",
16627,q,a,cx_stage3,,"[[[22, 379], [32, 379]], [], [true, true]]",
16628,q,a,cx_stage1,,"[[[23, 382], [32, 382]], [], [true, true]]",
16629,q,a,cx_stage3,,"[[[23, 382], [32, 382]], [], [true, true]]",
16630,q,a,p,,"[[[32, 383]], [], [true]]",
16631,q,a,cx_stage1,,"[[[23, 386], [32, 386]], [], [true, true]]",
16632,q,a,cx_stage3,,"[[[23, 386], [32, 386]], [], [true, true]]",
16633,q,a,cx_stage1,,"[[[24, 389], [32, 389]], [], [true, true]]",
16634,q,a,cx_stage3,,"[[[24, 389], [32, 389]], [], [true, true]]",
16635,q,a,p,,"[[[32, 390]], [], [true]]",
16636,q,a,cx_stage1,,"[[[24, 393], [32, 393]], [], [true, true]]",
16637,q,a,cx_stage3,,"[[[24, 393], [32, 393]], [], [true, true]]",
16638,q,a,cx_stage1,,"[[[25, 396], [32, 396]], [], [true, true]]",
16639,q,a,cx_stage3,,"[[[25, 396], [32, 396]], [], [true, true]]",
16640,q,a,p,,"[[[32, 397]], [], [true]]",
16641,q,a,cx_stage1,,"[[[25, 400], [32, 400]], [], [true, true]]",
16642,q,a,cx_stage3,,"[[[25, 400], [32, 400]], [], [true, true]]",
16643,q,a,cx_stage1,,"[[[26, 403], [32, 403]], [], [true, true]]",
16644,q,a,cx_stage3,,"[[[26, 403], [32, 403]], [], [true, true]]",
16645,q,a,p,,"[[[32, 404]], [], [true]]",
16646,q,a,cx_stage1,,"[[[26, 407], [32, 407]], [], [true, true]]",
16647,q,a,cx_stage3,,"[[[26, 407], [32, 407]], [], [true, true]]",
16648,q,a,cx_stage1,,"[[[27, 410], [32, 410]], [], [true, true]]",
16649,q,a,cx_stage3,,"[[[27, 410], [32, 410]], [], [true, true]]",
16650,q,a,p,,"[[[32, 411]], [], [true]]",
16651,q,a,cx_stage1,,"[[[27, 414], [32, 414]], [], [true, true]]",
16652,q,a,cx_stage3,,"[[[27, 414], [32, 414]], [], [true, true]]",
16653,q,a,cx_stage1,,"[[[28, 417], [32, 417]], [], [true, true]]",
16654,q,a,cx_stage3,,"[[[28, 417], [32, 417]], [], [true, true]]",
16655,q,a,p,,"[[[32, 418]], [], [true]]",
16656,q,a,cx_stage1,,"[[[28, 421], [32, 421]], [], [true, true]]",
16657,q,a,cx_stage3,,"[[[28, 421], [32, 421]], [], [true, true]]",
16658,q,a,cx_stage1,,"[[[29, 424], [32, 424]], [], [true, true]]",
16659,q,a,cx_stage3,,"[[[29, 424], [32, 424]], [], [true, true]]",
16660,q,a,p,,"[[[32, 425]], [], [true]]",
16661,q,a,cx_stage1,,"[[[29, 428], [32, 428]], [], [true, true]]",
16662,q,a,cx_stage3,,"[[[29, 428], [32, 428]], [], [true, true]]",
16663,q,a,cx_stage1,,"[[[30, 431], [32, 431]], [], [true, true]]",
16664,q,a,cx_stage3,,"[[[30, 431], [32, 431]], [], [true, true]]",
16665,q,a,p,,"[[[32, 432]], [], [true]]",
16666,q,a,cx_stage1,,"[[[30, 435], [32, 435]], [], [true, true]]",
16667,q,a,cx_stage3,,"[[[30, 435], [32, 435]], [], [true, true]]",
16668,q,a,cx_stage1,,"[[[31, 438], [32, 438]], [], [true, true]]",
16669,q,a,cx_stage3,,"[[[31, 438], [32, 438]], [], [true, true]]",
16670,q,a,p,,"[[[32, 439]], [], [true]]",
16671,q,a,cx_stage1,,"[[[31, 442], [32, 442]], [], [true, true]]",
16672,q,a,cx_stage3,,"[[[31, 442], [32, 442]], [], [true, true]]",
16673,q,a,cx_stage1,,"[[[32, 452], [33, 452]], [], [true, true]]",
16674,q,a,cx_stage2,,"[[[32, 452], [33, 452]], [], [true, true]]",
16675,q,a,cx_stage3,,"[[[32, 452], [33, 452]], [], [true, true]]",
16676,q,a,cx_stage1,,"[[[32, 456], [33, 456]], [], [true, true]]",
16677,q,a,cx_stage2,,"[[[32, 456], [33, 456]], [], [true, true]]",
16678,q,a,cx_stage3,,"[[[32, 456], [33, 456]], [], [true, true]]",
16679,q,a,cx_stage1,,"[[[32, 459], [34, 459]], [], [true, true]]",
16680,q,a,cx_stage2,,"[[[32, 459], [34, 459]], [], [true, true]]",
16681,q,a,cx_stage3,,"[[[32, 459], [34, 459]], [], [true, true]]",
16682,q,a,cx_stage1,,"[[[32, 463], [34, 463]], [], [true, true]]",
16683,q,a,cx_stage2,,"[[[32, 463], [34, 463]], [], [true, true]]",
16684,q,a,cx_stage3,,"[[[32, 463], [34, 463]], [], [true, true]]",
16685,q,a,cx_stage1,,"[[[32, 466], [35, 466]], [], [true, true]]",
16686,q,a,cx_stage2,,"[[[32, 466], [35, 466]], [], [true, true]]",
16687,q,a,cx_stage3,,"[[[32, 466], [35, 466]], [], [true, true]]",
16688,q,a,cx_stage1,,"[[[32, 470], [35, 470]], [], [true, true]]",
16689,q,a,cx_stage2,,"[[[32, 470], [35, 470]], [], [true, true]]",
16690,q,a,cx_stage3,,"[[[32, 470], [35, 470]], [], [true, true]]",
16691,q,a,cx_stage1,,"[[[32, 473], [36, 473]], [], [true, true]]",
16692,q,a,cx_stage2,,"[[[32, 473], [36, 473]], [], [true, true]]",
16693,q,a,cx_stage3,,"[[[32, 473], [36, 473]], [], [true, true]]",
16694,q,a,cx_stage1,,"[[[32, 477], [36, 477]], [], [true, true]]",
16695,q,a,cx_stage2,,"[[[32, 477], [36, 477]], [], [true, true]]",
16696,q,a,cx_stage3,,"[[[32, 477], [36, 477]], [], [true, true]]",
16697,q,a,cx_stage1,,"[[[32, 480], [37, 480]], [], [true, true]]",
16698,q,a,cx_stage2,,"[[[32, 480], [37, 480]], [], [true, true]]",
16699,q,a,cx_stage3,,"[[[32, 480], [37, 480]], [], [true, true]]",
16700,q,a,cx_stage1,,"[[[32, 484], [37, 484]], [], [true, true]]",
16701,q,a,cx_stage2,,"[[[32, 484], [37, 484]], [], [true, true]]",
16702,q,a,cx_stage3,,"[[[32, 484], [37, 484]], [], [true, true]]",
16703,q,a,cx_stage1,,"[[[32, 487], [38, 487]], [], [true, true]]",
16704,q,a,cx_stage2,,"[[[32, 487], [38, 487]], [], [true, true]]",
16705,q,a,cx_stage3,,"[[[32, 487], [38, 487]], [], [true, true]]",
16706,q,a,cx_stage1,,"[[[32, 491], [38, 491]], [], [true, true]]",
16707,q,a,cx_stage2,,"[[[32, 491], [38, 491]], [], [true, true]]",
16708,q,a,cx_stage3,,"[[[32, 491], [38, 491]], [], [true, true]]",
16709,q,a,cx_stage1,,"[[[32, 494], [39, 494]], [], [true, true]]",
16710,q,a,cx_stage2,,"[[[32, 494], [39, 494]], [], [true, true]]",
16711,q,a,cx_stage3,,"[[[32, 494], [39, 494]], [], [true, true]]",
16712,q,a,cx_stage1,,"[[[32, 498], [39, 498]], [], [true, true]]",
16713,q,a,cx_stage2,,"[[[32, 498], [39, 498]], [], [true, true]]",
16714,q,a,cx_stage3,,"[[[32, 498], [39, 498]], [], [true, true]]",
16715,q,a,cx_stage1,,"[[[32, 501], [40, 501]], [], [true, true]]",
16716,q,a,cx_stage2,,"[[[32, 501], [40, 501]], [], [true, true]]",
16717,q,a,cx_stage3,,"[[[32, 501], [40, 501]], [], [true, true]]",
16718,q,a,cx_stage1,,"[[[32, 505], [40, 505]], [], [true, true]]",
16719,q,a,cx_stage2,,"[[[32, 505], [40, 505]], [], [true, true]]",
16720,q,a,cx_stage3,,"[[[32, 505], [40, 505]], [], [true, true]]",
16721,q,a,cx_stage1,,"[[[32, 508], [41, 508]], [], [true, true]]",
16722,q,a,cx_stage2,,"[[[32, 508], [41, 508]], [], [true, true]]",
16723,q,a,cx_stage3,,"[[[32, 508], [41, 508]], [], [true, true]]",
16724,q,a,cx_stage1,,"[[[32, 512], [41, 512]], [], [true, true]]",
16725,q,a,cx_stage2,,"[[[32, 512], [41, 512]], [], [true, true]]",
16726,q,a,cx_stage3,,"[[[32, 512], [41, 512]], [], [true, true]]",
16727,q,a,cx_stage1,,"[[[32, 515], [42, 515]], [], [true, true]]",
16728,q,a,cx_stage2,,"[[[32, 515], [42, 515]], [], [true, true]]",
16729,q,a,cx_stage3,,"[[[32, 515], [42, 515]], [], [true, true]]",
16730,q,a,cx_stage1,,"[[[32, 519], [42, 519]], [], [true, true]]",
16731,q,a,cx_stage2,,"[[[32, 519], [42, 519]], [], [true, true]]",
16732,q,a,cx_stage3,,"[[[32, 519], [42, 519]], [], [true, true]]",
16733,q,a,cx_stage1,,"[[[32, 522], [43, 522]], [], [true, true]]",
16734,q,a,cx_stage2,,"[[[32, 522], [43, 522]], [], [true, true]]",
16735,q,a,cx_stage3,,"[[[32, 522], [43, 522]], [], [true, true]]",
16736,q,a,cx_stage1,,"[[[32, 526], [43, 526]], [], [true, true]]",
16737,q,a,cx_stage2,,"[[[32, 526], [43, 526]], [], [true, true]]",
16738,q,a,cx_stage3,,"[[[32, 526], [43, 526]], [], [true, true]]",
16739,q,a,cx_stage1,,"[[[32, 529], [44, 529]], [], [true, true]]",
16740,q,a,cx_stage2,,"[[[32, 529], [44, 529]], [], [true, true]]",
16741,q,a,cx_stage3,,"[[[32, 529], [44, 529]], [], [true, true]]",
16742,q,a,cx_stage1,,"[[[32, 533], [44, 533]], [], [true, true]]",
16743,q,a,cx_stage2,,"[[[32, 533], [44, 533]], [], [true, true]]",
16744,q,a,cx_stage3,,"[[[32, 533], [44, 533]], [], [true, true]]",
16745,q,a,cx_stage1,,"[[[32, 536], [45, 536]], [], [true, true]]",
16746,q,a,cx_stage2,,"[[[32, 536], [45, 536]], [], [true, true]]",
16747,q,a,cx_stage3,,"[[[32, 536], [45, 536]], [], [true, true]]",
16748,q,a,cx_stage1,,"[[[32, 540], [45, 540]], [], [true, true]]",
16749,q,a,cx_stage2,,"[[[32, 540], [45, 540]], [], [true, true]]",
16750,q,a,cx_stage3,,"[[[32, 540], [45, 540]], [], [true, true]]",
16751,q,a,cx_stage1,,"[[[32, 543], [46, 543]], [], [true, true]]",
16752,q,a,cx_stage2,,"[[[32, 543], [46, 543]], [], [true, true]]",
16753,q,a,cx_stage3,,"[[[32, 543], [46, 543]], [], [true, true]]",
16754,q,a,cx_stage1,,"[[[32, 547], [46, 547]], [], [true, true]]",
16755,q,a,cx_stage2,,"[[[32, 547], [46, 547]], [], [true, true]]",
16756,q,a,cx_stage3,,"[[[32, 547], [46, 547]], [], [true, true]]",
16757,q,a,cx_stage1,,"[[[32, 550], [47, 550]], [], [true, true]]",
16758,q,a,cx_stage2,,"[[[32, 550], [47, 550]], [], [true, true]]",
16759,q,a,cx_stage3,,"[[[32, 550], [47, 550]], [], [true, true]]",
16760,q,a,cx_stage1,,"[[[32, 554], [47, 554]], [], [true, true]]",
16761,q,a,cx_stage2,,"[[[32, 554], [47, 554]], [], [true, true]]",
16762,q,a,cx_stage3,,"[[[32, 554], [47, 554]], [], [true, true]]",
16763,q,a,cx_stage1,,"[[[32, 557], [48, 557]], [], [true, true]]",
16764,q,a,cx_stage2,,"[[[32, 557], [48, 557]], [], [true, true]]",
16765,q,a,cx_stage3,,"[[[32, 557], [48, 557]], [], [true, true]]",
16766,q,a,cx_stage1,,"[[[32, 561], [48, 561]], [], [true, true]]",
16767,q,a,cx_stage2,,"[[[32, 561], [48, 561]], [], [true, true]]",
16768,q,a,cx_stage3,,"[[[32, 561], [48, 561]], [], [true, true]]",
16769,q,a,cx_stage1,,"[[[32, 564], [49, 564]], [], [true, true]]",
16770,q,a,cx_stage2,,"[[[32, 564], [49, 564]], [], [true, true]]",
16771,q,a,cx_stage3,,"[[[32, 564], [49, 564]], [], [true, true]]",
16772,q,a,cx_stage1,,"[[[32, 568], [49, 568]], [], [true, true]]",
16773,q,a,cx_stage2,,"[[[32, 568], [49, 568]], [], [true, true]]",
16774,q,a,cx_stage3,,"[[[32, 568], [49, 568]], [], [true, true]]",
16775,q,a,cx_stage1,,"[[[32, 571], [50, 571]], [], [true, true]]",
16776,q,a,cx_stage2,,"[[[32, 571], [50, 571]], [], [true, true]]",
16777,q,a,cx_stage3,,"[[[32, 571], [50, 571]], [], [true, true]]",
16778,q,a,cx_stage1,,"[[[32, 575], [50, 575]], [], [true, true]]",
16779,q,a,cx_stage2,,"[[[32, 575], [50, 575]], [], [true, true]]",
16780,q,a,cx_stage3,,"[[[32, 575], [50, 575]], [], [true, true]]",
16781,q,a,cx_stage1,,"[[[32, 578], [51, 578]], [], [true, true]]",
16782,q,a,cx_stage2,,"[[[32, 578], [51, 578]], [], [true, true]]",
16783,q,a,cx_stage3,,"[[[32, 578], [51, 578]], [], [true, true]]",
16784,q,a,cx_stage1,,"[[[32, 582], [51, 582]], [], [true, true]]",
16785,q,a,cx_stage2,,"[[[32, 582], [51, 582]], [], [true, true]]",
16786,q,a,cx_stage3,,"[[[32, 582], [51, 582]], [], [true, true]]",
16787,q,a,cx_stage1,,"[[[32, 585], [52, 585]], [], [true, true]]",
16788,q,a,cx_stage2,,"[[[32, 585], [52, 585]], [], [true, true]]",
16789,q,a,cx_stage3,,"[[[32, 585], [52, 585]], [], [true, true]]",
16790,q,a,cx_stage1,,"[[[32, 589], [52, 589]], [], [true, true]]",
16791,q,a,cx_stage2,,"[[[32, 589], [52, 589]], [], [true, true]]",
16792,q,a,cx_stage3,,"[[[32, 589], [52, 589]], [], [true, true]]",
16793,q,a,cx_stage1,,"[[[32, 592], [53, 592]], [], [true, true]]",
16794,q,a,cx_stage2,,"[[[32, 592], [53, 592]], [], [true, true]]",
16795,q,a,cx_stage3,,"[[[32, 592], [53, 592]], [], [true, true]]",
16796,q,a,cx_stage1,,"[[[32, 596], [53, 596]], [], [true, true]]",
16797,q,a,cx_stage2,,"[[[32, 596], [53, 596]], [], [true, true]]",
16798,q,a,cx_stage3,,"[[[32, 596], [53, 596]], [], [true, true]]",
16799,q,a,cx_stage1,,"[[[32, 599], [54, 599]], [], [true, true]]",
16800,q,a,cx_stage2,,"[[[32, 599], [54, 599]], [], [true, true]]",
16801,q,a,cx_stage3,,"[[[32, 599], [54, 599]], [], [true, true]]",
16802,q,a,cx_stage1,,"[[[32, 603], [54, 603]], [], [true, true]]",
16803,q,a,cx_stage2,,"[[[32, 603], [54, 603]], [], [true, true]]",
16804,q,a,cx_stage3,,"[[[32, 603], [54, 603]], [], [true, true]]",
16805,q,a,cx_stage1,,"[[[32, 606], [55, 606]], [], [true, true]]",
16806,q,a,cx_stage2,,"[[[32, 606], [55, 606]], [], [true, true]]",
16807,q,a,cx_stage3,,"[[[32, 606], [55, 606]], [], [true, true]]",
16808,q,a,cx_stage1,,"[[[32, 610], [55, 610]], [], [true, true]]",
16809,q,a,cx_stage2,,"[[[32, 610], [55, 610]], [], [true, true]]",
16810,q,a,cx_stage3,,"[[[32, 610], [55, 610]], [], [true, true]]",
16811,q,a,u2,,"[[[32, 611]], [], [true]]",
16812,q,a,cx_stage1,,"[[[0, 614], [32, 614]], [], [true, true]]",
16813,q,a,cx_stage3,,"[[[0, 614], [32, 614]], [], [true, true]]",
16814,q,a,p,,"[[[32, 615]], [], [true]]",
16815,q,a,cx_stage1,,"[[[0, 618], [32, 618]], [], [true, true]]",
16816,q,a,cx_stage3,,"[[[0, 618], [32, 618]], [], [true, true]]",
16817,q,a,cx_stage1,,"[[[1, 621], [32, 621]], [], [true, true]]",
16818,q,a,cx_stage3,,"[[[1, 621], [32, 621]], [], [true, true]]",
16819,q,a,p,,"[[[32, 622]], [], [true]]",
16820,q,a,cx_stage1,,"[[[1, 625], [32, 625]], [], [true, true]]",
16821,q,a,cx_stage3,,"[[[1, 625], [32, 625]], [], [true, true]]",
16822,q,a,cx_stage1,,"[[[2, 628], [32, 628]], [], [true, true]]",
16823,q,a,cx_stage3,,"[[[2, 628], [32, 628]], [], [true, true]]",
16824,q,a,p,,"[[[32, 629]], [], [true]]",
16825,q,a,cx_stage1,,"[[[2, 632], [32, 632]], [], [true, true]]",
16826,q,a,cx_stage3,,"[[[2, 632], [32, 632]], [], [true, true]]",
16827,q,a,cx_stage1,,"[[[3, 635], [32, 635]], [], [true, true]]",
16828,q,a,cx_stage2,,"[[[3, 635], [32, 635]], [], [true, true]]",
16829,q,a,cx_stage3,,"[[[3, 635], [32, 635]], [], [true, true]]",
16830,q,a,p,,"[[[32, 636]], [], [true]]",
16831,q,a,cx_stage1,,"[[[3, 639], [32, 639]], [], [true, true]]",
16832,q,a,cx_stage2,,"[[[3, 639], [32, 639]], [], [true, true]]",
16833,q,a,cx_stage3,,"[[[3, 639], [32, 639]], [], [true, true]]",
16834,q,a,cx_stage1,,"[[[4, 642], [32, 642]], [], [true, true]]",
16835,q,a,cx_stage2,,"[[[4, 642], [32, 642]], [], [true, true]]",
16836,q,a,cx_stage3,,"[[[4, 642], [32, 642]], [], [true, true]]",
16837,q,a,p,,"[[[32, 643]], [], [true]]",
16838,q,a,cx_stage1,,"[[[4, 646], [32, 646]], [], [true, true]]",
16839,q,a,cx_stage2,,"[[[4, 646], [32, 646]], [], [true, true]]",
16840,q,a,cx_stage3,,"[[[4, 646], [32, 646]], [], [true, true]]",
16841,q,a,cx_stage1,,"[[[5, 649], [32, 649]], [], [true, true]]",
16842,q,a,cx_stage2,,"[[[5, 649], [32, 649]], [], [true, true]]",
16843,q,a,cx_stage3,,"[[[5, 649], [32, 649]], [], [true, true]]",
16844,q,a,p,,"[[[32, 650]], [], [true]]",
16845,q,a,cx_stage1,,"[[[5, 653], [32, 653]], [], [true, true]]",
16846,q,a,cx_stage2,,"[[[5, 653], [32, 653]], [], [true, true]]",
16847,q,a,cx_stage3,,"[[[5, 653], [32, 653]], [], [true, true]]",
16848,q,a,cx_stage1,,"[[[6, 656], [32, 656]], [], [true, true]]",
16849,q,a,cx_stage2,,"[[[6, 656], [32, 656]], [], [true, true]]",
16850,q,a,cx_stage3,,"[[[6, 656], [32, 656]], [], [true, true]]",
16851,q,a,p,,"[[[32, 657]], [], [true]]",
16852,q,a,cx_stage1,,"[[[6, 660], [32, 660]], [], [true, true]]",
16853,q,a,cx_stage2,,"[[[6, 660], [32, 660]], [], [true, true]]",
16854,q,a,cx_stage3,,"[[[6, 660], [32, 660]], [], [true, true]]",
16855,q,a,cx_stage1,,"[[[7, 663], [32, 663]], [], [true, true]]",
16856,q,a,cx_stage2,,"[[[7, 663], [32, 663]], [], [true, true]]",
16857,q,a,cx_stage3,,"[[[7, 663], [32, 663]], [], [true, true]]",
16858,q,a,p,,"[[[32, 664]], [], [true]]",
16859,q,a,cx_stage1,,"[[[7, 667], [32, 667]], [], [true, true]]",
16860,q,a,cx_stage2,,"[[[7, 667], [32, 667]], [], [true, true]]",
16861,q,a,cx_stage3,,"[[[7, 667], [32, 667]], [], [true, true]]",
16862,q,a,cx_stage1,,"[[[8, 670], [32, 670]], [], [true, true]]",
16863,q,a,cx_stage2,,"[[[8, 670], [32, 670]], [], [true, true]]",
16864,q,a,cx_stage3,,"[[[8, 670], [32, 670]], [], [true, true]]",
16865,q,a,p,,"[[[32, 671]], [], [true]]",
16866,q,a,cx_stage1,,"[[[8, 674], [32, 674]], [], [true, true]]",
16867,q,a,cx_stage2,,"[[[8, 674], [32, 674]], [], [true, true]]",
16868,q,a,cx_stage3,,"[[[8, 674], [32, 674]], [], [true, true]]",
16869,q,a,cx_stage1,,"[[[9, 677], [32, 677]], [], [true, true]]",
16870,q,a,cx_stage2,,"[[[9, 677], [32, 677]], [], [true, true]]",
16871,q,a,cx_stage3,,"[[[9, 677], [32, 677]], [], [true, true]]",
16872,q,a,p,,"[[[32, 678]], [], [true]]",
16873,q,a,cx_stage1,,"[[[9, 681], [32, 681]], [], [true, true]]",
16874,q,a,cx_stage2,,"[[[9, 681], [32, 681]], [], [true, true]]",
16875,q,a,cx_stage3,,"[[[9, 681], [32, 681]], [], [true, true]]",
16876,q,a,cx_stage1,,"[[[10, 684], [32, 684]], [], [true, true]]",
16877,q,a,cx_stage3,,"[[[10, 684], [32, 684]], [], [true, true]]",
16878,q,a,p,,"[[[32, 685]], [], [true]]",
16879,q,a,cx_stage1,,"[[[10, 688], [32, 688]], [], [true, true]]",
16880,q,a,cx_stage3,,"[[[10, 688], [32, 688]], [], [true, true]]",
16881,q,a,cx_stage1,,"[[[11, 691], [32, 691]], [], [true, true]]",
16882,q,a,cx_stage3,,"[[[11, 691], [32, 691]], [], [true, true]]",
16883,q,a,p,,"[[[32, 692]], [], [true]]",
16884,q,a,cx_stage1,,"[[[11, 695], [32, 695]], [], [true, true]]",
16885,q,a,cx_stage3,,"[[[11, 695], [32, 695]], [], [true, true]]",
16886,q,a,cx_stage1,,"[[[12, 698], [32, 698]], [], [true, true]]",
16887,q,a,cx_stage3,,"[[[12, 698], [32, 698]], [], [true, true]]",
16888,q,a,p,,"[[[32, 699]], [], [true]]",
16889,q,a,cx_stage1,,"[[[12, 702], [32, 702]], [], [true, true]]",
16890,q,a,cx_stage3,,"[[[12, 702], [32, 702]], [], [true, true]]",
16891,q,a,cx_stage1,,"[[[13, 705], [32, 705]], [], [true, true]]",
16892,q,a,cx_stage3,,"[[[13, 705], [32, 705]], [], [true, true]]",
16893,q,a,p,,"[[[32, 706]], [], [true]]",
16894,q,a,cx_stage1,,"[[[13, 709], [32, 709]], [], [true, true]]",
16895,q,a,cx_stage3,,"[[[13, 709], [32, 709]], [], [true, true]]",
16896,q,a,cx_stage1,,"[[[14, 712], [32, 712]], [], [true, true]]",
16897,q,a,cx_stage3,,"[[[14, 712], [32, 712]], [], [true, true]]",
16898,q,a,p,,"[[[32, 713]], [], [true]]",
16899,q,a,cx_stage1,,"[[[14, 716], [32, 716]], [], [true, true]]",
16900,q,a,cx_stage3,,"[[[14, 716], [32, 716]], [], [true, true]]",
16901,q,a,cx_stage1,,"[[[15, 719], [32, 719]], [], [true, true]]",
16902,q,a,cx_stage3,,"[[[15, 719], [32, 719]], [], [true, true]]",
16903,q,a,p,,"[[[32, 720]], [], [true]]",
16904,q,a,cx_stage1,,"[[[15, 723], [32, 723]], [], [true, true]]",
16905,q,a,cx_stage3,,"[[[15, 723], [32, 723]], [], [true, true]]",
16906,q,a,cx_stage1,,"[[[16, 726], [32, 726]], [], [true, true]]",
16907,q,a,cx_stage3,,"[[[16, 726], [32, 726]], [], [true, true]]",
16908,q,a,p,,"[[[32, 727]], [], [true]]",
16909,q,a,cx_stage1,,"[[[16, 730], [32, 730]], [], [true, true]]",
16910,q,a,cx_stage3,,"[[[16, 730], [32, 730]], [], [true, true]]",
16911,q,a,cx_stage1,,"[[[17, 733], [32, 733]], [], [true, true]]",
16912,q,a,cx_stage3,,"[[[17, 733], [32, 733]], [], [true, true]]",
16913,q,a,p,,"[[[32, 734]], [], [true]]",
16914,q,a,cx_stage1,,"[[[17, 737], [32, 737]], [], [true, true]]",
16915,q,a,cx_stage3,,"[[[17, 737], [32, 737]], [], [true, true]]",
16916,q,a,cx_stage1,,"[[[18, 740], [32, 740]], [], [true, true]]",
16917,q,a,cx_stage3,,"[[[18, 740], [32, 740]], [], [true, true]]",
16918,q,a,p,,"[[[32, 741]], [], [true]]",
16919,q,a,cx_stage1,,"[[[18, 744], [32, 744]], [], [true, true]]",
16920,q,a,cx_stage3,,"[[[18, 744], [32, 744]], [], [true, true]]",
16921,q,a,cx_stage1,,"[[[19, 747], [32, 747]], [], [true, true]]",
16922,q,a,cx_stage3,,"[[[19, 747], [32, 747]], [], [true, true]]",
16923,q,a,p,,"[[[32, 748]], [], [true]]",
16924,q,a,cx_stage1,,"[[[19, 751], [32, 751]], [], [true, true]]",
16925,q,a,cx_stage3,,"[[[19, 751], [32, 751]], [], [true, true]]",
16926,q,a,cx_stage1,,"[[[20, 754], [32, 754]], [], [true, true]]",
16927,q,a,cx_stage3,,"[[[20, 754], [32, 754]], [], [true, true]]",
16928,q,a,p,,"[[[32, 755]], [], [true]]",
16929,q,a,cx_stage1,,"[[[20, 758], [32, 758]], [], [true, true]]",
16930,q,a,cx_stage3,,"[[[20, 758], [32, 758]], [], [true, true]]",
16931,q,a,cx_stage1,,"[[[21, 761], [32, 761]], [], [true, true]]",
16932,q,a,cx_stage3,,"[[[21, 761], [32, 761]], [], [true, true]]",
16933,q,a,p,,"[[[32, 762]], [], [true]]",
16934,q,a,cx_stage1,,"[[[21, 765], [32, 765]], [], [true, true]]",
16935,q,a,cx_stage3,,"[[[21, 765], [32, 765]], [], [true, true]]",
16936,q,a,cx_stage1,,"[[[22, 768], [32, 768]], [], [true, true]]",
16937,q,a,cx_stage3,,"[[[22, 768], [32, 768]], [], [true, true]]",
16938,q,a,p,,"[[[32, 769]], [], [true]]",
16939,q,a,cx_stage1,,"[[[22, 772], [32, 772]], [], [true, true]]",
16940,q,a,cx_stage3,,"[[[22, 772], [32, 772]], [], [true, true]]",
16941,q,a,cx_stage1,,"[[[23, 775], [32, 775]], [], [true, true]]",
16942,q,a,cx_stage3,,"[[[23, 775], [32, 775]], [], [true, true]]",
16943,q,a,p,,"[[[32, 776]], [], [true]]",
16944,q,a,cx_stage1,,"[[[23, 779], [32, 779]], [], [true, true]]",
16945,q,a,cx_stage3,,"[[[23, 779], [32, 779]], [], [true, true]]",
16946,q,a,cx_stage1,,"[[[24, 782], [32, 782]], [], [true, true]]",
16947,q,a,cx_stage3,,"[[[24, 782], [32, 782]], [], [true, true]]",
16948,q,a,p,,"[[[32, 783]], [], [true]]",
16949,q,a,cx_stage1,,"[[[24, 786], [32, 786]], [], [true, true]]",
16950,q,a,cx_stage3,,"[[[24, 786], [32, 786]], [], [true, true]]",
16951,q,a,cx_stage1,,"[[[25, 789], [32, 789]], [], [true, true]]",
16952,q,a,cx_stage3,,"[[[25, 789], [32, 789]], [], [true, true]]",
16953,q,a,p,,"[[[32, 790]], [], [true]]",
16954,q,a,cx_stage1,,"[[[25, 793], [32, 793]], [], [true, true]]",
16955,q,a,cx_stage3,,"[[[25, 793], [32, 793]], [], [true, true]]",
16956,q,a,cx_stage1,,"[[[26, 796], [32, 796]], [], [true, true]]",
16957,q,a,cx_stage3,,"[[[26, 796], [32, 796]], [], [true, true]]",
16958,q,a,p,,"[[[32, 797]], [], [true]]",
16959,q,a,cx_stage1,,"[[[26, 800], [32, 800]], [], [true, true]]",
16960,q,a,cx_stage3,,"[[[26, 800], [32, 800]], [], [true, true]]",
16961,q,a,cx_stage1,,"[[[27, 803], [32, 803]], [], [true, true]]",
16962,q,a,cx_stage3,,"[[[27, 803], [32, 803]], [], [true, true]]",
16963,q,a,p,,"[[[32, 804]], [], [true]]",
16964,q,a,cx_stage1,,"[[[27, 807], [32, 807]], [], [true, true]]",
16965,q,a,cx_stage3,,"[[[27, 807], [32, 807]], [], [true, true]]",
16966,q,a,cx_stage1,,"[[[28, 810], [32, 810]], [], [true, true]]",
16967,q,a,cx_stage3,,"[[[28, 810], [32, 810]], [], [true, true]]",
16968,q,a,p,,"[[[32, 811]], [], [true]]",
16969,q,a,cx_stage1,,"[[[28, 814], [32, 814]], [], [true, true]]",
16970,q,a,cx_stage3,,"[[[28, 814], [32, 814]], [], [true, true]]",
16971,q,a,cx_stage1,,"[[[29, 817], [32, 817]], [], [true, true]]",
16972,q,a,cx_stage3,,"[[[29, 817], [32, 817]], [], [true, true]]",
16973,q,a,p,,"[[[32, 818]], [], [true]]",
16974,q,a,cx_stage1,,"[[[29, 821], [32, 821]], [], [true, true]]",
16975,q,a,cx_stage3,,"[[[29, 821], [32, 821]], [], [true, true]]",
16976,q,a,cx_stage1,,"[[[30, 824], [32, 824]], [], [true, true]]",
16977,q,a,cx_stage3,,"[[[30, 824], [32, 824]], [], [true, true]]",
16978,q,a,p,,"[[[32, 825]], [], [true]]",
16979,q,a,cx_stage1,,"[[[30, 828], [32, 828]], [], [true, true]]",
16980,q,a,cx_stage3,,"[[[30, 828], [32, 828]], [], [true, true]]",
16981,q,a,cx_stage1,,"[[[31, 831], [32, 831]], [], [true, true]]",
16982,q,a,cx_stage3,,"[[[31, 831], [32, 831]], [], [true, true]]",
16983,q,a,p,,"[[[32, 832]], [], [true]]",
16984,q,a,cx_stage1,,"[[[31, 835], [32, 835]], [], [true, true]]",
16985,q,a,cx_stage3,,"[[[31, 835], [32, 835]], [], [true, true]]",
16986,q,a,cx_stage1,,"[[[32, 845], [33, 845]], [], [true, true]]",
16987,q,a,cx_stage2,,"[[[32, 845], [33, 845]], [], [true, true]]",
16988,q,a,cx_stage3,,"[[[32, 845], [33, 845]], [], [true, true]]",
16989,q,a,cx_stage1,,"[[[32, 849], [33, 849]], [], [true, true]]",
16990,q,a,cx_stage2,,"[[[32, 849], [33, 849]], [], [true, true]]",
16991,q,a,cx_stage3,,"[[[32, 849], [33, 849]], [], [true, true]]",
16992,q,a,cx_stage1,,"[[[32, 852], [34, 852]], [], [true, true]]",
16993,q,a,cx_stage2,,"[[[32, 852], [34, 852]], [], [true, true]]",
16994,q,a,cx_stage3,,"[[[32, 852], [34, 852]], [], [true, true]]",
16995,q,a,cx_stage1,,"[[[32, 856], [34, 856]], [], [true, true]]",
16996,q,a,cx_stage2,,"[[[32, 856], [34, 856]], [], [true, true]]",
16997,q,a,cx_stage3,,"[[[32, 856], [34, 856]], [], [true, true]]",
16998,q,a,cx_stage1,,"[[[32, 859], [35, 859]], [], [true, true]]",
16999,q,a,cx_stage2,,"[[[32, 859], [35, 859]], [], [true, true]]",
17000,q,a,cx_stage3,,"[[[32, 859], [35, 859]], [], [true, true]]",
17001,q,a,cx_stage1,,"[[[32, 863], [35, 863]], [], [true, true]]",
17002,q,a,cx_stage2,,"[[[32, 863], [35, 863]], [], [true, true]]",
17003,q,a,cx_stage3,,"[[[32, 863], [35, 863]], [], [true, true]]",
17004,q,a,cx_stage1,,"[[[32, 866], [36, 866]], [], [true, true]]",
17005,q,a,cx_stage2,,"[[[32, 866], [36, 866]], [], [true, true]]",
17006,q,a,cx_stage3,,"[[[32, 866], [36, 866]], [], [true, true]]",
17007,q,a,cx_stage1,,"[[[32, 870], [36, 870]], [], [true, true]]",
17008,q,a,cx_stage2,,"[[[32, 870], [36, 870]], [], [true, true]]",
17009,q,a,cx_stage3,,"[[[32, 870], [36, 870]], [], [true, true]]",
17010,q,a,cx_stage1,,"[[[32, 873], [37, 873]], [], [true, true]]",
17011,q,a,cx_stage2,,"[[[32, 873], [37, 873]], [], [true, true]]",
17012,q,a,cx_stage3,,"[[[32, 873], [37, 873]], [], [true, true]]",
17013,q,a,cx_stage1,,"[[[32, 877], [37, 877]], [], [true, true]]",
17014,q,a,cx_stage2,,"[[[32, 877], [37, 877]], [], [true, true]]",
17015,q,a,cx_stage3,,"[[[32, 877], [37, 877]], [], [true, true]]",
17016,q,a,cx_stage1,,"[[[32, 880], [38, 880]], [], [true, true]]",
17017,q,a,cx_stage2,,"[[[32, 880], [38, 880]], [], [true, true]]",
17018,q,a,cx_stage3,,"[[[32, 880], [38, 880]], [], [true, true]]",
17019,q,a,cx_stage1,,"[[[32, 884], [38, 884]], [], [true, true]]",
17020,q,a,cx_stage2,,"[[[32, 884], [38, 884]], [], [true, true]]",
17021,q,a,cx_stage3,,"[[[32, 884], [38, 884]], [], [true, true]]",
17022,q,a,cx_stage1,,"[[[32, 887], [39, 887]], [], [true, true]]",
17023,q,a,cx_stage2,,"[[[32, 887], [39, 887]], [], [true, true]]",
17024,q,a,cx_stage3,,"[[[32, 887], [39, 887]], [], [true, true]]",
17025,q,a,cx_stage1,,"[[[32, 891], [39, 891]], [], [true, true]]",
17026,q,a,cx_stage2,,"[[[32, 891], [39, 891]], [], [true, true]]",
17027,q,a,cx_stage3,,"[[[32, 891], [39, 891]], [], [true, true]]",
17028,q,a,cx_stage1,,"[[[32, 894], [40, 894]], [], [true, true]]",
17029,q,a,cx_stage2,,"[[[32, 894], [40, 894]], [], [true, true]]",
17030,q,a,cx_stage3,,"[[[32, 894], [40, 894]], [], [true, true]]",
17031,q,a,cx_stage1,,"[[[32, 898], [40, 898]], [], [true, true]]",
17032,q,a,cx_stage2,,"[[[32, 898], [40, 898]], [], [true, true]]",
17033,q,a,cx_stage3,,"[[[32, 898], [40, 898]], [], [true, true]]",
17034,q,a,cx_stage1,,"[[[32, 901], [41, 901]], [], [true, true]]",
17035,q,a,cx_stage2,,"[[[32, 901], [41, 901]], [], [true, true]]",
17036,q,a,cx_stage3,,"[[[32, 901], [41, 901]], [], [true, true]]",
17037,q,a,cx_stage1,,"[[[32, 905], [41, 905]], [], [true, true]]",
17038,q,a,cx_stage2,,"[[[32, 905], [41, 905]], [], [true, true]]",
17039,q,a,cx_stage3,,"[[[32, 905], [41, 905]], [], [true, true]]",
17040,q,a,cx_stage1,,"[[[32, 908], [42, 908]], [], [true, true]]",
17041,q,a,cx_stage2,,"[[[32, 908], [42, 908]], [], [true, true]]",
17042,q,a,cx_stage3,,"[[[32, 908], [42, 908]], [], [true, true]]",
17043,q,a,cx_stage1,,"[[[32, 912], [42, 912]], [], [true, true]]",
17044,q,a,cx_stage2,,"[[[32, 912], [42, 912]], [], [true, true]]",
17045,q,a,cx_stage3,,"[[[32, 912], [42, 912]], [], [true, true]]",
17046,q,a,cx_stage1,,"[[[32, 915], [43, 915]], [], [true, true]]",
17047,q,a,cx_stage2,,"[[[32, 915], [43, 915]], [], [true, true]]",
17048,q,a,cx_stage3,,"[[[32, 915], [43, 915]], [], [true, true]]",
17049,q,a,cx_stage1,,"[[[32, 919], [43, 919]], [], [true, true]]",
17050,q,a,cx_stage2,,"[[[32, 919], [43, 919]], [], [true, true]]",
17051,q,a,cx_stage3,,"[[[32, 919], [43, 919]], [], [true, true]]",
17052,q,a,cx_stage1,,"[[[32, 922], [44, 922]], [], [true, true]]",
17053,q,a,cx_stage2,,"[[[32, 922], [44, 922]], [], [true, true]]",
17054,q,a,cx_stage3,,"[[[32, 922], [44, 922]], [], [true, true]]",
17055,q,a,cx_stage1,,"[[[32, 926], [44, 926]], [], [true, true]]",
17056,q,a,cx_stage2,,"[[[32, 926], [44, 926]], [], [true, true]]",
17057,q,a,cx_stage3,,"[[[32, 926], [44, 926]], [], [true, true]]",
17058,q,a,cx_stage1,,"[[[32, 929], [45, 929]], [], [true, true]]",
17059,q,a,cx_stage2,,"[[[32, 929], [45, 929]], [], [true, true]]",
17060,q,a,cx_stage3,,"[[[32, 929], [45, 929]], [], [true, true]]",
17061,q,a,cx_stage1,,"[[[32, 933], [45, 933]], [], [true, true]]",
17062,q,a,cx_stage2,,"[[[32, 933], [45, 933]], [], [true, true]]",
17063,q,a,cx_stage3,,"[[[32, 933], [45, 933]], [], [true, true]]",
17064,q,a,cx_stage1,,"[[[32, 936], [46, 936]], [], [true, true]]",
17065,q,a,cx_stage2,,"[[[32, 936], [46, 936]], [], [true, true]]",
17066,q,a,cx_stage3,,"[[[32, 936], [46, 936]], [], [true, true]]",
17067,q,a,cx_stage1,,"[[[32, 940], [46, 940]], [], [true, true]]",
17068,q,a,cx_stage2,,"[[[32, 940], [46, 940]], [], [true, true]]",
17069,q,a,cx_stage3,,"[[[32, 940], [46, 940]], [], [true, true]]",
17070,q,a,cx_stage1,,"[[[32, 943], [47, 943]], [], [true, true]]",
17071,q,a,cx_stage2,,"[[[32, 943], [47, 943]], [], [true, true]]",
17072,q,a,cx_stage3,,"[[[32, 943], [47, 943]], [], [true, true]]",
17073,q,a,cx_stage1,,"[[[32, 947], [47, 947]], [], [true, true]]",
17074,q,a,cx_stage2,,"[[[32, 947], [47, 947]], [], [true, true]]",
17075,q,a,cx_stage3,,"[[[32, 947], [47, 947]], [], [true, true]]",
17076,q,a,cx_stage1,,"[[[32, 950], [48, 950]], [], [true, true]]",
17077,q,a,cx_stage2,,"[[[32, 950], [48, 950]], [], [true, true]]",
17078,q,a,cx_stage3,,"[[[32, 950], [48, 950]], [], [true, true]]",
17079,q,a,cx_stage1,,"[[[32, 954], [48, 954]], [], [true, true]]",
17080,q,a,cx_stage2,,"[[[32, 954], [48, 954]], [], [true, true]]",
17081,q,a,cx_stage3,,"[[[32, 954], [48, 954]], [], [true, true]]",
17082,q,a,cx_stage1,,"[[[32, 957], [49, 957]], [], [true, true]]",
17083,q,a,cx_stage2,,"[[[32, 957], [49, 957]], [], [true, true]]",
17084,q,a,cx_stage3,,"[[[32, 957], [49, 957]], [], [true, true]]",
17085,q,a,cx_stage1,,"[[[32, 961], [49, 961]], [], [true, true]]",
17086,q,a,cx_stage2,,"[[[32, 961], [49, 961]], [], [true, true]]",
17087,q,a,cx_stage3,,"[[[32, 961], [49, 961]], [], [true, true]]",
17088,q,a,cx_stage1,,"[[[32, 964], [50, 964]], [], [true, true]]",
17089,q,a,cx_stage2,,"[[[32, 964], [50, 964]], [], [true, true]]",
17090,q,a,cx_stage3,,"[[[32, 964], [50, 964]], [], [true, true]]",
17091,q,a,cx_stage1,,"[[[32, 968], [50, 968]], [], [true, true]]",
17092,q,a,cx_stage2,,"[[[32, 968], [50, 968]], [], [true, true]]",
17093,q,a,cx_stage3,,"[[[32, 968], [50, 968]], [], [true, true]]",
17094,q,a,cx_stage1,,"[[[32, 971], [51, 971]], [], [true, true]]",
17095,q,a,cx_stage2,,"[[[32, 971], [51, 971]], [], [true, true]]",
17096,q,a,cx_stage3,,"[[[32, 971], [51, 971]], [], [true, true]]",
17097,q,a,cx_stage1,,"[[[32, 975], [51, 975]], [], [true, true]]",
17098,q,a,cx_stage2,,"[[[32, 975], [51, 975]], [], [true, true]]",
17099,q,a,cx_stage3,,"[[[32, 975], [51, 975]], [], [true, true]]",
17100,q,a,cx_stage1,,"[[[32, 978], [52, 978]], [], [true, true]]",
17101,q,a,cx_stage2,,"[[[32, 978], [52, 978]], [], [true, true]]",
17102,q,a,cx_stage3,,"[[[32, 978], [52, 978]], [], [true, true]]",
17103,q,a,cx_stage1,,"[[[32, 982], [52, 982]], [], [true, true]]",
17104,q,a,cx_stage2,,"[[[32, 982], [52, 982]], [], [true, true]]",
17105,q,a,cx_stage3,,"[[[32, 982], [52, 982]], [], [true, true]]",
17106,q,a,cx_stage1,,"[[[32, 985], [53, 985]], [], [true, true]]",
17107,q,a,cx_stage2,,"[[[32, 985], [53, 985]], [], [true, true]]",
17108,q,a,cx_stage3,,"[[[32, 985], [53, 985]], [], [true, true]]",
17109,q,a,cx_stage1,,"[[[32, 989], [53, 989]], [], [true, true]]",
17110,q,a,cx_stage2,,"[[[32, 989], [53, 989]], [], [true, true]]",
17111,q,a,cx_stage3,,"[[[32, 989], [53, 989]], [], [true, true]]",
17112,q,a,cx_stage1,,"[[[32, 992], [54, 992]], [], [true, true]]",
17113,q,a,cx_stage2,,"[[[32, 992], [54, 992]], [], [true, true]]",
17114,q,a,cx_stage3,,"[[[32, 992], [54, 992]], [], [true, true]]",
17115,q,a,cx_stage1,,"[[[32, 996], [54, 996]], [], [true, true]]",
17116,q,a,cx_stage2,,"[[[32, 996], [54, 996]], [], [true, true]]",
17117,q,a,cx_stage3,,"[[[32, 996], [54, 996]], [], [true, true]]",
17118,q,a,cx_stage1,,"[[[32, 999], [55, 999]], [], [true, true]]",
17119,q,a,cx_stage2,,"[[[32, 999], [55, 999]], [], [true, true]]",
17120,q,a,cx_stage3,,"[[[32, 999], [55, 999]], [], [true, true]]",
17121,q,a,u2,,"[[[33, 1]], [], [true]]",
17122,q,a,cx_stage1,,"[[[0, 228], [33, 228]], [], [true, true]]",
17123,q,a,cx_stage2,,"[[[33, 1003], [54, 1003]], [], [true, true]]",
17124,q,a,cx_stage1,,"[[[33, 1003], [54, 1003]], [], [true, true]]",
17125,q,a,cx_stage3,,"[[[33, 1003], [54, 1003]], [], [true, true]]",
17126,q,a,cx_stage1,,"[[[33, 1006], [55, 1006]], [], [true, true]]",
17127,q,a,cx_stage2,,"[[[33, 1006], [55, 1006]], [], [true, true]]",
17128,q,a,cx_stage3,,"[[[33, 1006], [55, 1006]], [], [true, true]]",
17129,q,a,cx_stage1,,"[[[33, 1010], [55, 1010]], [], [true, true]]",
17130,q,a,cx_stage2,,"[[[33, 1010], [55, 1010]], [], [true, true]]",
17131,q,a,cx_stage3,,"[[[33, 1010], [55, 1010]], [], [true, true]]",
17132,q,a,ry,,"[[[33, 1011]], [], [true]]",
17133,q,a,cx_stage1,,"[[[33, 1224], [34, 1224]], [], [true, true]]",
17134,q,a,cx_stage2,,"[[[33, 1224], [34, 1224]], [], [true, true]]",
17135,q,a,cx_stage3,,"[[[33, 1224], [34, 1224]], [], [true, true]]",
17136,q,a,cx_stage1,,"[[[32, 1227], [33, 1227]], [], [true, true]]",
17137,q,a,cx_stage3,,"[[[32, 1227], [33, 1227]], [], [true, true]]",
17138,q,a,ry,,"[[[33, 1228]], [], [true]]",
17139,q,a,cx_stage3,,"[[[0, 228], [33, 228]], [], [true, true]]",
17140,q,a,p,,"[[[33, 229]], [], [true]]",
17141,q,a,cx_stage1,,"[[[0, 232], [33, 232]], [], [true, true]]",
17142,q,a,cx_stage3,,"[[[0, 232], [33, 232]], [], [true, true]]",
17143,q,a,cx_stage1,,"[[[1, 235], [33, 235]], [], [true, true]]",
17144,q,a,cx_stage3,,"[[[1, 235], [33, 235]], [], [true, true]]",
17145,q,a,p,,"[[[33, 236]], [], [true]]",
17146,q,a,cx_stage1,,"[[[1, 239], [33, 239]], [], [true, true]]",
17147,q,a,cx_stage3,,"[[[1, 239], [33, 239]], [], [true, true]]",
17148,q,a,cx_stage1,,"[[[2, 242], [33, 242]], [], [true, true]]",
17149,q,a,cx_stage3,,"[[[2, 242], [33, 242]], [], [true, true]]",
17150,q,a,p,,"[[[33, 243]], [], [true]]",
17151,q,a,cx_stage1,,"[[[2, 246], [33, 246]], [], [true, true]]",
17152,q,a,cx_stage3,,"[[[2, 246], [33, 246]], [], [true, true]]",
17153,q,a,cx_stage1,,"[[[3, 249], [33, 249]], [], [true, true]]",
17154,q,a,cx_stage2,,"[[[3, 249], [33, 249]], [], [true, true]]",
17155,q,a,cx_stage3,,"[[[3, 249], [33, 249]], [], [true, true]]",
17156,q,a,p,,"[[[33, 250]], [], [true]]",
17157,q,a,cx_stage1,,"[[[3, 253], [33, 253]], [], [true, true]]",
17158,q,a,cx_stage2,,"[[[3, 253], [33, 253]], [], [true, true]]",
17159,q,a,cx_stage3,,"[[[3, 253], [33, 253]], [], [true, true]]",
17160,q,a,cx_stage1,,"[[[4, 256], [33, 256]], [], [true, true]]",
17161,q,a,cx_stage2,,"[[[4, 256], [33, 256]], [], [true, true]]",
17162,q,a,cx_stage3,,"[[[4, 256], [33, 256]], [], [true, true]]",
17163,q,a,p,,"[[[33, 257]], [], [true]]",
17164,q,a,cx_stage1,,"[[[4, 260], [33, 260]], [], [true, true]]",
17165,q,a,cx_stage2,,"[[[4, 260], [33, 260]], [], [true, true]]",
17166,q,a,cx_stage3,,"[[[4, 260], [33, 260]], [], [true, true]]",
17167,q,a,cx_stage1,,"[[[5, 263], [33, 263]], [], [true, true]]",
17168,q,a,cx_stage2,,"[[[5, 263], [33, 263]], [], [true, true]]",
17169,q,a,cx_stage3,,"[[[5, 263], [33, 263]], [], [true, true]]",
17170,q,a,p,,"[[[33, 264]], [], [true]]",
17171,q,a,cx_stage1,,"[[[5, 267], [33, 267]], [], [true, true]]",
17172,q,a,cx_stage2,,"[[[5, 267], [33, 267]], [], [true, true]]",
17173,q,a,cx_stage3,,"[[[5, 267], [33, 267]], [], [true, true]]",
17174,q,a,cx_stage1,,"[[[6, 270], [33, 270]], [], [true, true]]",
17175,q,a,cx_stage2,,"[[[6, 270], [33, 270]], [], [true, true]]",
17176,q,a,cx_stage3,,"[[[6, 270], [33, 270]], [], [true, true]]",
17177,q,a,p,,"[[[33, 271]], [], [true]]",
17178,q,a,cx_stage1,,"[[[6, 274], [33, 274]], [], [true, true]]",
17179,q,a,cx_stage2,,"[[[6, 274], [33, 274]], [], [true, true]]",
17180,q,a,cx_stage3,,"[[[6, 274], [33, 274]], [], [true, true]]",
17181,q,a,cx_stage1,,"[[[7, 277], [33, 277]], [], [true, true]]",
17182,q,a,cx_stage2,,"[[[7, 277], [33, 277]], [], [true, true]]",
17183,q,a,cx_stage3,,"[[[7, 277], [33, 277]], [], [true, true]]",
17184,q,a,p,,"[[[33, 278]], [], [true]]",
17185,q,a,cx_stage1,,"[[[7, 281], [33, 281]], [], [true, true]]",
17186,q,a,cx_stage2,,"[[[7, 281], [33, 281]], [], [true, true]]",
17187,q,a,cx_stage3,,"[[[7, 281], [33, 281]], [], [true, true]]",
17188,q,a,cx_stage1,,"[[[8, 284], [33, 284]], [], [true, true]]",
17189,q,a,cx_stage2,,"[[[8, 284], [33, 284]], [], [true, true]]",
17190,q,a,cx_stage3,,"[[[8, 284], [33, 284]], [], [true, true]]",
17191,q,a,p,,"[[[33, 285]], [], [true]]",
17192,q,a,cx_stage1,,"[[[8, 288], [33, 288]], [], [true, true]]",
17193,q,a,cx_stage2,,"[[[8, 288], [33, 288]], [], [true, true]]",
17194,q,a,cx_stage3,,"[[[8, 288], [33, 288]], [], [true, true]]",
17195,q,a,cx_stage1,,"[[[9, 291], [33, 291]], [], [true, true]]",
17196,q,a,cx_stage2,,"[[[9, 291], [33, 291]], [], [true, true]]",
17197,q,a,cx_stage3,,"[[[9, 291], [33, 291]], [], [true, true]]",
17198,q,a,p,,"[[[33, 292]], [], [true]]",
17199,q,a,cx_stage1,,"[[[9, 295], [33, 295]], [], [true, true]]",
17200,q,a,cx_stage2,,"[[[9, 295], [33, 295]], [], [true, true]]",
17201,q,a,cx_stage3,,"[[[9, 295], [33, 295]], [], [true, true]]",
17202,q,a,cx_stage1,,"[[[10, 298], [33, 298]], [], [true, true]]",
17203,q,a,cx_stage3,,"[[[10, 298], [33, 298]], [], [true, true]]",
17204,q,a,p,,"[[[33, 299]], [], [true]]",
17205,q,a,cx_stage1,,"[[[10, 302], [33, 302]], [], [true, true]]",
17206,q,a,cx_stage3,,"[[[10, 302], [33, 302]], [], [true, true]]",
17207,q,a,cx_stage1,,"[[[11, 305], [33, 305]], [], [true, true]]",
17208,q,a,cx_stage3,,"[[[11, 305], [33, 305]], [], [true, true]]",
17209,q,a,p,,"[[[33, 306]], [], [true]]",
17210,q,a,cx_stage1,,"[[[11, 309], [33, 309]], [], [true, true]]",
17211,q,a,cx_stage3,,"[[[11, 309], [33, 309]], [], [true, true]]",
17212,q,a,cx_stage1,,"[[[12, 312], [33, 312]], [], [true, true]]",
17213,q,a,cx_stage3,,"[[[12, 312], [33, 312]], [], [true, true]]",
17214,q,a,p,,"[[[33, 313]], [], [true]]",
17215,q,a,cx_stage1,,"[[[12, 316], [33, 316]], [], [true, true]]",
17216,q,a,cx_stage3,,"[[[12, 316], [33, 316]], [], [true, true]]",
17217,q,a,cx_stage1,,"[[[13, 319], [33, 319]], [], [true, true]]",
17218,q,a,cx_stage3,,"[[[13, 319], [33, 319]], [], [true, true]]",
17219,q,a,p,,"[[[33, 320]], [], [true]]",
17220,q,a,cx_stage1,,"[[[13, 323], [33, 323]], [], [true, true]]",
17221,q,a,cx_stage3,,"[[[13, 323], [33, 323]], [], [true, true]]",
17222,q,a,cx_stage1,,"[[[14, 326], [33, 326]], [], [true, true]]",
17223,q,a,cx_stage3,,"[[[14, 326], [33, 326]], [], [true, true]]",
17224,q,a,p,,"[[[33, 327]], [], [true]]",
17225,q,a,cx_stage1,,"[[[14, 330], [33, 330]], [], [true, true]]",
17226,q,a,cx_stage3,,"[[[14, 330], [33, 330]], [], [true, true]]",
17227,q,a,cx_stage1,,"[[[15, 333], [33, 333]], [], [true, true]]",
17228,q,a,cx_stage3,,"[[[15, 333], [33, 333]], [], [true, true]]",
17229,q,a,p,,"[[[33, 334]], [], [true]]",
17230,q,a,cx_stage1,,"[[[15, 337], [33, 337]], [], [true, true]]",
17231,q,a,cx_stage3,,"[[[15, 337], [33, 337]], [], [true, true]]",
17232,q,a,cx_stage1,,"[[[16, 340], [33, 340]], [], [true, true]]",
17233,q,a,cx_stage3,,"[[[16, 340], [33, 340]], [], [true, true]]",
17234,q,a,p,,"[[[33, 341]], [], [true]]",
17235,q,a,cx_stage1,,"[[[16, 344], [33, 344]], [], [true, true]]",
17236,q,a,cx_stage3,,"[[[16, 344], [33, 344]], [], [true, true]]",
17237,q,a,cx_stage1,,"[[[17, 347], [33, 347]], [], [true, true]]",
17238,q,a,cx_stage3,,"[[[17, 347], [33, 347]], [], [true, true]]",
17239,q,a,p,,"[[[33, 348]], [], [true]]",
17240,q,a,cx_stage1,,"[[[17, 351], [33, 351]], [], [true, true]]",
17241,q,a,cx_stage3,,"[[[17, 351], [33, 351]], [], [true, true]]",
17242,q,a,cx_stage1,,"[[[18, 354], [33, 354]], [], [true, true]]",
17243,q,a,cx_stage3,,"[[[18, 354], [33, 354]], [], [true, true]]",
17244,q,a,p,,"[[[33, 355]], [], [true]]",
17245,q,a,cx_stage1,,"[[[18, 358], [33, 358]], [], [true, true]]",
17246,q,a,cx_stage3,,"[[[18, 358], [33, 358]], [], [true, true]]",
17247,q,a,cx_stage1,,"[[[19, 361], [33, 361]], [], [true, true]]",
17248,q,a,cx_stage3,,"[[[19, 361], [33, 361]], [], [true, true]]",
17249,q,a,p,,"[[[33, 362]], [], [true]]",
17250,q,a,cx_stage1,,"[[[19, 365], [33, 365]], [], [true, true]]",
17251,q,a,cx_stage3,,"[[[19, 365], [33, 365]], [], [true, true]]",
17252,q,a,cx_stage1,,"[[[20, 368], [33, 368]], [], [true, true]]",
17253,q,a,cx_stage3,,"[[[20, 368], [33, 368]], [], [true, true]]",
17254,q,a,p,,"[[[33, 369]], [], [true]]",
17255,q,a,cx_stage1,,"[[[20, 372], [33, 372]], [], [true, true]]",
17256,q,a,cx_stage3,,"[[[20, 372], [33, 372]], [], [true, true]]",
17257,q,a,cx_stage1,,"[[[21, 375], [33, 375]], [], [true, true]]",
17258,q,a,cx_stage3,,"[[[21, 375], [33, 375]], [], [true, true]]",
17259,q,a,p,,"[[[33, 376]], [], [true]]",
17260,q,a,cx_stage1,,"[[[21, 379], [33, 379]], [], [true, true]]",
17261,q,a,cx_stage3,,"[[[21, 379], [33, 379]], [], [true, true]]",
17262,q,a,cx_stage1,,"[[[22, 382], [33, 382]], [], [true, true]]",
17263,q,a,cx_stage3,,"[[[22, 382], [33, 382]], [], [true, true]]",
17264,q,a,p,,"[[[33, 383]], [], [true]]",
17265,q,a,cx_stage1,,"[[[22, 386], [33, 386]], [], [true, true]]",
17266,q,a,cx_stage3,,"[[[22, 386], [33, 386]], [], [true, true]]",
17267,q,a,cx_stage1,,"[[[23, 389], [33, 389]], [], [true, true]]",
17268,q,a,cx_stage3,,"[[[23, 389], [33, 389]], [], [true, true]]",
17269,q,a,p,,"[[[33, 390]], [], [true]]",
17270,q,a,cx_stage1,,"[[[23, 393], [33, 393]], [], [true, true]]",
17271,q,a,cx_stage3,,"[[[23, 393], [33, 393]], [], [true, true]]",
17272,q,a,cx_stage1,,"[[[24, 396], [33, 396]], [], [true, true]]",
17273,q,a,cx_stage3,,"[[[24, 396], [33, 396]], [], [true, true]]",
17274,q,a,p,,"[[[33, 397]], [], [true]]",
17275,q,a,cx_stage1,,"[[[24, 400], [33, 400]], [], [true, true]]",
17276,q,a,cx_stage3,,"[[[24, 400], [33, 400]], [], [true, true]]",
17277,q,a,cx_stage1,,"[[[25, 403], [33, 403]], [], [true, true]]",
17278,q,a,cx_stage3,,"[[[25, 403], [33, 403]], [], [true, true]]",
17279,q,a,p,,"[[[33, 404]], [], [true]]",
17280,q,a,cx_stage1,,"[[[25, 407], [33, 407]], [], [true, true]]",
17281,q,a,cx_stage3,,"[[[25, 407], [33, 407]], [], [true, true]]",
17282,q,a,cx_stage1,,"[[[26, 410], [33, 410]], [], [true, true]]",
17283,q,a,cx_stage3,,"[[[26, 410], [33, 410]], [], [true, true]]",
17284,q,a,p,,"[[[33, 411]], [], [true]]",
17285,q,a,cx_stage1,,"[[[26, 414], [33, 414]], [], [true, true]]",
17286,q,a,cx_stage3,,"[[[26, 414], [33, 414]], [], [true, true]]",
17287,q,a,cx_stage1,,"[[[27, 417], [33, 417]], [], [true, true]]",
17288,q,a,cx_stage3,,"[[[27, 417], [33, 417]], [], [true, true]]",
17289,q,a,p,,"[[[33, 418]], [], [true]]",
17290,q,a,cx_stage1,,"[[[27, 421], [33, 421]], [], [true, true]]",
17291,q,a,cx_stage3,,"[[[27, 421], [33, 421]], [], [true, true]]",
17292,q,a,cx_stage1,,"[[[28, 424], [33, 424]], [], [true, true]]",
17293,q,a,cx_stage3,,"[[[28, 424], [33, 424]], [], [true, true]]",
17294,q,a,p,,"[[[33, 425]], [], [true]]",
17295,q,a,cx_stage1,,"[[[28, 428], [33, 428]], [], [true, true]]",
17296,q,a,cx_stage3,,"[[[28, 428], [33, 428]], [], [true, true]]",
17297,q,a,cx_stage1,,"[[[29, 431], [33, 431]], [], [true, true]]",
17298,q,a,cx_stage3,,"[[[29, 431], [33, 431]], [], [true, true]]",
17299,q,a,p,,"[[[33, 432]], [], [true]]",
17300,q,a,cx_stage1,,"[[[29, 435], [33, 435]], [], [true, true]]",
17301,q,a,cx_stage3,,"[[[29, 435], [33, 435]], [], [true, true]]",
17302,q,a,cx_stage1,,"[[[30, 438], [33, 438]], [], [true, true]]",
17303,q,a,cx_stage3,,"[[[30, 438], [33, 438]], [], [true, true]]",
17304,q,a,p,,"[[[33, 439]], [], [true]]",
17305,q,a,cx_stage1,,"[[[30, 442], [33, 442]], [], [true, true]]",
17306,q,a,cx_stage3,,"[[[30, 442], [33, 442]], [], [true, true]]",
17307,q,a,cx_stage1,,"[[[31, 445], [33, 445]], [], [true, true]]",
17308,q,a,cx_stage3,,"[[[31, 445], [33, 445]], [], [true, true]]",
17309,q,a,p,,"[[[33, 446]], [], [true]]",
17310,q,a,cx_stage1,,"[[[31, 449], [33, 449]], [], [true, true]]",
17311,q,a,cx_stage3,,"[[[31, 449], [33, 449]], [], [true, true]]",
17312,q,a,cx_stage1,,"[[[32, 452], [33, 452]], [], [true, true]]",
17313,q,a,cx_stage3,,"[[[32, 452], [33, 452]], [], [true, true]]",
17314,q,a,p,,"[[[33, 453]], [], [true]]",
17315,q,a,cx_stage1,,"[[[32, 456], [33, 456]], [], [true, true]]",
17316,q,a,cx_stage3,,"[[[32, 456], [33, 456]], [], [true, true]]",
17317,q,a,cx_stage1,,"[[[33, 466], [34, 466]], [], [true, true]]",
17318,q,a,cx_stage2,,"[[[33, 466], [34, 466]], [], [true, true]]",
17319,q,a,cx_stage3,,"[[[33, 466], [34, 466]], [], [true, true]]",
17320,q,a,cx_stage1,,"[[[33, 470], [34, 470]], [], [true, true]]",
17321,q,a,cx_stage2,,"[[[33, 470], [34, 470]], [], [true, true]]",
17322,q,a,cx_stage3,,"[[[33, 470], [34, 470]], [], [true, true]]",
17323,q,a,cx_stage1,,"[[[33, 473], [35, 473]], [], [true, true]]",
17324,q,a,cx_stage2,,"[[[33, 473], [35, 473]], [], [true, true]]",
17325,q,a,cx_stage3,,"[[[33, 473], [35, 473]], [], [true, true]]",
17326,q,a,cx_stage1,,"[[[33, 477], [35, 477]], [], [true, true]]",
17327,q,a,cx_stage2,,"[[[33, 477], [35, 477]], [], [true, true]]",
17328,q,a,cx_stage3,,"[[[33, 477], [35, 477]], [], [true, true]]",
17329,q,a,cx_stage1,,"[[[33, 480], [36, 480]], [], [true, true]]",
17330,q,a,cx_stage2,,"[[[33, 480], [36, 480]], [], [true, true]]",
17331,q,a,cx_stage3,,"[[[33, 480], [36, 480]], [], [true, true]]",
17332,q,a,cx_stage1,,"[[[33, 484], [36, 484]], [], [true, true]]",
17333,q,a,cx_stage2,,"[[[33, 484], [36, 484]], [], [true, true]]",
17334,q,a,cx_stage3,,"[[[33, 484], [36, 484]], [], [true, true]]",
17335,q,a,cx_stage1,,"[[[33, 487], [37, 487]], [], [true, true]]",
17336,q,a,cx_stage2,,"[[[33, 487], [37, 487]], [], [true, true]]",
17337,q,a,cx_stage3,,"[[[33, 487], [37, 487]], [], [true, true]]",
17338,q,a,cx_stage1,,"[[[33, 491], [37, 491]], [], [true, true]]",
17339,q,a,cx_stage2,,"[[[33, 491], [37, 491]], [], [true, true]]",
17340,q,a,cx_stage3,,"[[[33, 491], [37, 491]], [], [true, true]]",
17341,q,a,cx_stage1,,"[[[33, 494], [38, 494]], [], [true, true]]",
17342,q,a,cx_stage2,,"[[[33, 494], [38, 494]], [], [true, true]]",
17343,q,a,cx_stage3,,"[[[33, 494], [38, 494]], [], [true, true]]",
17344,q,a,cx_stage1,,"[[[33, 498], [38, 498]], [], [true, true]]",
17345,q,a,cx_stage2,,"[[[33, 498], [38, 498]], [], [true, true]]",
17346,q,a,cx_stage3,,"[[[33, 498], [38, 498]], [], [true, true]]",
17347,q,a,cx_stage1,,"[[[33, 501], [39, 501]], [], [true, true]]",
17348,q,a,cx_stage2,,"[[[33, 501], [39, 501]], [], [true, true]]",
17349,q,a,cx_stage3,,"[[[33, 501], [39, 501]], [], [true, true]]",
17350,q,a,cx_stage1,,"[[[33, 505], [39, 505]], [], [true, true]]",
17351,q,a,cx_stage2,,"[[[33, 505], [39, 505]], [], [true, true]]",
17352,q,a,cx_stage3,,"[[[33, 505], [39, 505]], [], [true, true]]",
17353,q,a,cx_stage1,,"[[[33, 508], [40, 508]], [], [true, true]]",
17354,q,a,cx_stage2,,"[[[33, 508], [40, 508]], [], [true, true]]",
17355,q,a,cx_stage3,,"[[[33, 508], [40, 508]], [], [true, true]]",
17356,q,a,cx_stage1,,"[[[33, 512], [40, 512]], [], [true, true]]",
17357,q,a,cx_stage2,,"[[[33, 512], [40, 512]], [], [true, true]]",
17358,q,a,cx_stage3,,"[[[33, 512], [40, 512]], [], [true, true]]",
17359,q,a,cx_stage1,,"[[[33, 515], [41, 515]], [], [true, true]]",
17360,q,a,cx_stage2,,"[[[33, 515], [41, 515]], [], [true, true]]",
17361,q,a,cx_stage3,,"[[[33, 515], [41, 515]], [], [true, true]]",
17362,q,a,cx_stage1,,"[[[33, 519], [41, 519]], [], [true, true]]",
17363,q,a,cx_stage2,,"[[[33, 519], [41, 519]], [], [true, true]]",
17364,q,a,cx_stage3,,"[[[33, 519], [41, 519]], [], [true, true]]",
17365,q,a,cx_stage1,,"[[[33, 522], [42, 522]], [], [true, true]]",
17366,q,a,cx_stage2,,"[[[33, 522], [42, 522]], [], [true, true]]",
17367,q,a,cx_stage3,,"[[[33, 522], [42, 522]], [], [true, true]]",
17368,q,a,cx_stage1,,"[[[33, 526], [42, 526]], [], [true, true]]",
17369,q,a,cx_stage2,,"[[[33, 526], [42, 526]], [], [true, true]]",
17370,q,a,cx_stage3,,"[[[33, 526], [42, 526]], [], [true, true]]",
17371,q,a,cx_stage1,,"[[[33, 529], [43, 529]], [], [true, true]]",
17372,q,a,cx_stage2,,"[[[33, 529], [43, 529]], [], [true, true]]",
17373,q,a,cx_stage3,,"[[[33, 529], [43, 529]], [], [true, true]]",
17374,q,a,cx_stage1,,"[[[33, 533], [43, 533]], [], [true, true]]",
17375,q,a,cx_stage2,,"[[[33, 533], [43, 533]], [], [true, true]]",
17376,q,a,cx_stage3,,"[[[33, 533], [43, 533]], [], [true, true]]",
17377,q,a,cx_stage1,,"[[[33, 536], [44, 536]], [], [true, true]]",
17378,q,a,cx_stage2,,"[[[33, 536], [44, 536]], [], [true, true]]",
17379,q,a,cx_stage3,,"[[[33, 536], [44, 536]], [], [true, true]]",
17380,q,a,cx_stage1,,"[[[33, 540], [44, 540]], [], [true, true]]",
17381,q,a,cx_stage2,,"[[[33, 540], [44, 540]], [], [true, true]]",
17382,q,a,cx_stage3,,"[[[33, 540], [44, 540]], [], [true, true]]",
17383,q,a,cx_stage1,,"[[[33, 543], [45, 543]], [], [true, true]]",
17384,q,a,cx_stage2,,"[[[33, 543], [45, 543]], [], [true, true]]",
17385,q,a,cx_stage3,,"[[[33, 543], [45, 543]], [], [true, true]]",
17386,q,a,cx_stage1,,"[[[33, 547], [45, 547]], [], [true, true]]",
17387,q,a,cx_stage2,,"[[[33, 547], [45, 547]], [], [true, true]]",
17388,q,a,cx_stage3,,"[[[33, 547], [45, 547]], [], [true, true]]",
17389,q,a,cx_stage1,,"[[[33, 550], [46, 550]], [], [true, true]]",
17390,q,a,cx_stage2,,"[[[33, 550], [46, 550]], [], [true, true]]",
17391,q,a,cx_stage3,,"[[[33, 550], [46, 550]], [], [true, true]]",
17392,q,a,cx_stage1,,"[[[33, 554], [46, 554]], [], [true, true]]",
17393,q,a,cx_stage2,,"[[[33, 554], [46, 554]], [], [true, true]]",
17394,q,a,cx_stage3,,"[[[33, 554], [46, 554]], [], [true, true]]",
17395,q,a,cx_stage1,,"[[[33, 557], [47, 557]], [], [true, true]]",
17396,q,a,cx_stage2,,"[[[33, 557], [47, 557]], [], [true, true]]",
17397,q,a,cx_stage3,,"[[[33, 557], [47, 557]], [], [true, true]]",
17398,q,a,cx_stage1,,"[[[33, 561], [47, 561]], [], [true, true]]",
17399,q,a,cx_stage2,,"[[[33, 561], [47, 561]], [], [true, true]]",
17400,q,a,cx_stage3,,"[[[33, 561], [47, 561]], [], [true, true]]",
17401,q,a,cx_stage1,,"[[[33, 564], [48, 564]], [], [true, true]]",
17402,q,a,cx_stage2,,"[[[33, 564], [48, 564]], [], [true, true]]",
17403,q,a,cx_stage3,,"[[[33, 564], [48, 564]], [], [true, true]]",
17404,q,a,cx_stage1,,"[[[33, 568], [48, 568]], [], [true, true]]",
17405,q,a,cx_stage2,,"[[[33, 568], [48, 568]], [], [true, true]]",
17406,q,a,cx_stage3,,"[[[33, 568], [48, 568]], [], [true, true]]",
17407,q,a,cx_stage1,,"[[[33, 571], [49, 571]], [], [true, true]]",
17408,q,a,cx_stage2,,"[[[33, 571], [49, 571]], [], [true, true]]",
17409,q,a,cx_stage3,,"[[[33, 571], [49, 571]], [], [true, true]]",
17410,q,a,cx_stage1,,"[[[33, 575], [49, 575]], [], [true, true]]",
17411,q,a,cx_stage2,,"[[[33, 575], [49, 575]], [], [true, true]]",
17412,q,a,cx_stage3,,"[[[33, 575], [49, 575]], [], [true, true]]",
17413,q,a,cx_stage1,,"[[[33, 578], [50, 578]], [], [true, true]]",
17414,q,a,cx_stage2,,"[[[33, 578], [50, 578]], [], [true, true]]",
17415,q,a,cx_stage3,,"[[[33, 578], [50, 578]], [], [true, true]]",
17416,q,a,cx_stage1,,"[[[33, 582], [50, 582]], [], [true, true]]",
17417,q,a,cx_stage2,,"[[[33, 582], [50, 582]], [], [true, true]]",
17418,q,a,cx_stage3,,"[[[33, 582], [50, 582]], [], [true, true]]",
17419,q,a,cx_stage1,,"[[[33, 585], [51, 585]], [], [true, true]]",
17420,q,a,cx_stage2,,"[[[33, 585], [51, 585]], [], [true, true]]",
17421,q,a,cx_stage3,,"[[[33, 585], [51, 585]], [], [true, true]]",
17422,q,a,cx_stage1,,"[[[33, 589], [51, 589]], [], [true, true]]",
17423,q,a,cx_stage2,,"[[[33, 589], [51, 589]], [], [true, true]]",
17424,q,a,cx_stage3,,"[[[33, 589], [51, 589]], [], [true, true]]",
17425,q,a,cx_stage1,,"[[[33, 592], [52, 592]], [], [true, true]]",
17426,q,a,cx_stage2,,"[[[33, 592], [52, 592]], [], [true, true]]",
17427,q,a,cx_stage3,,"[[[33, 592], [52, 592]], [], [true, true]]",
17428,q,a,cx_stage1,,"[[[33, 596], [52, 596]], [], [true, true]]",
17429,q,a,cx_stage2,,"[[[33, 596], [52, 596]], [], [true, true]]",
17430,q,a,cx_stage3,,"[[[33, 596], [52, 596]], [], [true, true]]",
17431,q,a,cx_stage1,,"[[[33, 599], [53, 599]], [], [true, true]]",
17432,q,a,cx_stage2,,"[[[33, 599], [53, 599]], [], [true, true]]",
17433,q,a,cx_stage3,,"[[[33, 599], [53, 599]], [], [true, true]]",
17434,q,a,cx_stage1,,"[[[33, 603], [53, 603]], [], [true, true]]",
17435,q,a,cx_stage2,,"[[[33, 603], [53, 603]], [], [true, true]]",
17436,q,a,cx_stage3,,"[[[33, 603], [53, 603]], [], [true, true]]",
17437,q,a,cx_stage1,,"[[[33, 606], [54, 606]], [], [true, true]]",
17438,q,a,cx_stage2,,"[[[33, 606], [54, 606]], [], [true, true]]",
17439,q,a,cx_stage3,,"[[[33, 606], [54, 606]], [], [true, true]]",
17440,q,a,cx_stage1,,"[[[33, 610], [54, 610]], [], [true, true]]",
17441,q,a,cx_stage2,,"[[[33, 610], [54, 610]], [], [true, true]]",
17442,q,a,cx_stage3,,"[[[33, 610], [54, 610]], [], [true, true]]",
17443,q,a,cx_stage1,,"[[[33, 613], [55, 613]], [], [true, true]]",
17444,q,a,cx_stage2,,"[[[33, 613], [55, 613]], [], [true, true]]",
17445,q,a,cx_stage3,,"[[[33, 613], [55, 613]], [], [true, true]]",
17446,q,a,cx_stage1,,"[[[33, 617], [55, 617]], [], [true, true]]",
17447,q,a,cx_stage2,,"[[[33, 617], [55, 617]], [], [true, true]]",
17448,q,a,cx_stage3,,"[[[33, 617], [55, 617]], [], [true, true]]",
17449,q,a,u2,,"[[[33, 618]], [], [true]]",
17450,q,a,cx_stage1,,"[[[0, 621], [33, 621]], [], [true, true]]",
17451,q,a,cx_stage3,,"[[[0, 621], [33, 621]], [], [true, true]]",
17452,q,a,p,,"[[[33, 622]], [], [true]]",
17453,q,a,cx_stage1,,"[[[0, 625], [33, 625]], [], [true, true]]",
17454,q,a,cx_stage3,,"[[[0, 625], [33, 625]], [], [true, true]]",
17455,q,a,cx_stage1,,"[[[1, 628], [33, 628]], [], [true, true]]",
17456,q,a,cx_stage3,,"[[[1, 628], [33, 628]], [], [true, true]]",
17457,q,a,p,,"[[[33, 629]], [], [true]]",
17458,q,a,cx_stage1,,"[[[1, 632], [33, 632]], [], [true, true]]",
17459,q,a,cx_stage3,,"[[[1, 632], [33, 632]], [], [true, true]]",
17460,q,a,cx_stage1,,"[[[2, 635], [33, 635]], [], [true, true]]",
17461,q,a,cx_stage3,,"[[[2, 635], [33, 635]], [], [true, true]]",
17462,q,a,p,,"[[[33, 636]], [], [true]]",
17463,q,a,cx_stage1,,"[[[2, 639], [33, 639]], [], [true, true]]",
17464,q,a,cx_stage3,,"[[[2, 639], [33, 639]], [], [true, true]]",
17465,q,a,cx_stage1,,"[[[3, 642], [33, 642]], [], [true, true]]",
17466,q,a,cx_stage2,,"[[[3, 642], [33, 642]], [], [true, true]]",
17467,q,a,cx_stage3,,"[[[3, 642], [33, 642]], [], [true, true]]",
17468,q,a,p,,"[[[33, 643]], [], [true]]",
17469,q,a,cx_stage1,,"[[[3, 646], [33, 646]], [], [true, true]]",
17470,q,a,cx_stage2,,"[[[3, 646], [33, 646]], [], [true, true]]",
17471,q,a,cx_stage3,,"[[[3, 646], [33, 646]], [], [true, true]]",
17472,q,a,cx_stage1,,"[[[4, 649], [33, 649]], [], [true, true]]",
17473,q,a,cx_stage2,,"[[[4, 649], [33, 649]], [], [true, true]]",
17474,q,a,cx_stage3,,"[[[4, 649], [33, 649]], [], [true, true]]",
17475,q,a,p,,"[[[33, 650]], [], [true]]",
17476,q,a,cx_stage1,,"[[[4, 653], [33, 653]], [], [true, true]]",
17477,q,a,cx_stage2,,"[[[4, 653], [33, 653]], [], [true, true]]",
17478,q,a,cx_stage3,,"[[[4, 653], [33, 653]], [], [true, true]]",
17479,q,a,cx_stage1,,"[[[5, 656], [33, 656]], [], [true, true]]",
17480,q,a,cx_stage2,,"[[[5, 656], [33, 656]], [], [true, true]]",
17481,q,a,cx_stage3,,"[[[5, 656], [33, 656]], [], [true, true]]",
17482,q,a,p,,"[[[33, 657]], [], [true]]",
17483,q,a,cx_stage1,,"[[[5, 660], [33, 660]], [], [true, true]]",
17484,q,a,cx_stage2,,"[[[5, 660], [33, 660]], [], [true, true]]",
17485,q,a,cx_stage3,,"[[[5, 660], [33, 660]], [], [true, true]]",
17486,q,a,cx_stage1,,"[[[6, 663], [33, 663]], [], [true, true]]",
17487,q,a,cx_stage2,,"[[[6, 663], [33, 663]], [], [true, true]]",
17488,q,a,cx_stage3,,"[[[6, 663], [33, 663]], [], [true, true]]",
17489,q,a,p,,"[[[33, 664]], [], [true]]",
17490,q,a,cx_stage1,,"[[[6, 667], [33, 667]], [], [true, true]]",
17491,q,a,cx_stage2,,"[[[6, 667], [33, 667]], [], [true, true]]",
17492,q,a,cx_stage3,,"[[[6, 667], [33, 667]], [], [true, true]]",
17493,q,a,cx_stage1,,"[[[7, 670], [33, 670]], [], [true, true]]",
17494,q,a,cx_stage2,,"[[[7, 670], [33, 670]], [], [true, true]]",
17495,q,a,cx_stage3,,"[[[7, 670], [33, 670]], [], [true, true]]",
17496,q,a,p,,"[[[33, 671]], [], [true]]",
17497,q,a,cx_stage1,,"[[[7, 674], [33, 674]], [], [true, true]]",
17498,q,a,cx_stage2,,"[[[7, 674], [33, 674]], [], [true, true]]",
17499,q,a,cx_stage3,,"[[[7, 674], [33, 674]], [], [true, true]]",
17500,q,a,cx_stage1,,"[[[8, 677], [33, 677]], [], [true, true]]",
17501,q,a,cx_stage2,,"[[[8, 677], [33, 677]], [], [true, true]]",
17502,q,a,cx_stage3,,"[[[8, 677], [33, 677]], [], [true, true]]",
17503,q,a,p,,"[[[33, 678]], [], [true]]",
17504,q,a,cx_stage1,,"[[[8, 681], [33, 681]], [], [true, true]]",
17505,q,a,cx_stage2,,"[[[8, 681], [33, 681]], [], [true, true]]",
17506,q,a,cx_stage3,,"[[[8, 681], [33, 681]], [], [true, true]]",
17507,q,a,cx_stage1,,"[[[9, 684], [33, 684]], [], [true, true]]",
17508,q,a,cx_stage2,,"[[[9, 684], [33, 684]], [], [true, true]]",
17509,q,a,cx_stage3,,"[[[9, 684], [33, 684]], [], [true, true]]",
17510,q,a,p,,"[[[33, 685]], [], [true]]",
17511,q,a,cx_stage1,,"[[[9, 688], [33, 688]], [], [true, true]]",
17512,q,a,cx_stage2,,"[[[9, 688], [33, 688]], [], [true, true]]",
17513,q,a,cx_stage3,,"[[[9, 688], [33, 688]], [], [true, true]]",
17514,q,a,cx_stage1,,"[[[10, 691], [33, 691]], [], [true, true]]",
17515,q,a,cx_stage3,,"[[[10, 691], [33, 691]], [], [true, true]]",
17516,q,a,p,,"[[[33, 692]], [], [true]]",
17517,q,a,cx_stage1,,"[[[10, 695], [33, 695]], [], [true, true]]",
17518,q,a,cx_stage3,,"[[[10, 695], [33, 695]], [], [true, true]]",
17519,q,a,cx_stage1,,"[[[11, 698], [33, 698]], [], [true, true]]",
17520,q,a,cx_stage3,,"[[[11, 698], [33, 698]], [], [true, true]]",
17521,q,a,p,,"[[[33, 699]], [], [true]]",
17522,q,a,cx_stage1,,"[[[11, 702], [33, 702]], [], [true, true]]",
17523,q,a,cx_stage3,,"[[[11, 702], [33, 702]], [], [true, true]]",
17524,q,a,cx_stage1,,"[[[12, 705], [33, 705]], [], [true, true]]",
17525,q,a,cx_stage3,,"[[[12, 705], [33, 705]], [], [true, true]]",
17526,q,a,p,,"[[[33, 706]], [], [true]]",
17527,q,a,cx_stage1,,"[[[12, 709], [33, 709]], [], [true, true]]",
17528,q,a,cx_stage3,,"[[[12, 709], [33, 709]], [], [true, true]]",
17529,q,a,cx_stage1,,"[[[13, 712], [33, 712]], [], [true, true]]",
17530,q,a,cx_stage3,,"[[[13, 712], [33, 712]], [], [true, true]]",
17531,q,a,p,,"[[[33, 713]], [], [true]]",
17532,q,a,cx_stage1,,"[[[13, 716], [33, 716]], [], [true, true]]",
17533,q,a,cx_stage3,,"[[[13, 716], [33, 716]], [], [true, true]]",
17534,q,a,cx_stage1,,"[[[14, 719], [33, 719]], [], [true, true]]",
17535,q,a,cx_stage3,,"[[[14, 719], [33, 719]], [], [true, true]]",
17536,q,a,p,,"[[[33, 720]], [], [true]]",
17537,q,a,cx_stage1,,"[[[14, 723], [33, 723]], [], [true, true]]",
17538,q,a,cx_stage3,,"[[[14, 723], [33, 723]], [], [true, true]]",
17539,q,a,cx_stage1,,"[[[15, 726], [33, 726]], [], [true, true]]",
17540,q,a,cx_stage3,,"[[[15, 726], [33, 726]], [], [true, true]]",
17541,q,a,p,,"[[[33, 727]], [], [true]]",
17542,q,a,cx_stage1,,"[[[15, 730], [33, 730]], [], [true, true]]",
17543,q,a,cx_stage3,,"[[[15, 730], [33, 730]], [], [true, true]]",
17544,q,a,cx_stage1,,"[[[16, 733], [33, 733]], [], [true, true]]",
17545,q,a,cx_stage3,,"[[[16, 733], [33, 733]], [], [true, true]]",
17546,q,a,p,,"[[[33, 734]], [], [true]]",
17547,q,a,cx_stage1,,"[[[16, 737], [33, 737]], [], [true, true]]",
17548,q,a,cx_stage3,,"[[[16, 737], [33, 737]], [], [true, true]]",
17549,q,a,cx_stage1,,"[[[17, 740], [33, 740]], [], [true, true]]",
17550,q,a,cx_stage3,,"[[[17, 740], [33, 740]], [], [true, true]]",
17551,q,a,p,,"[[[33, 741]], [], [true]]",
17552,q,a,cx_stage1,,"[[[17, 744], [33, 744]], [], [true, true]]",
17553,q,a,cx_stage3,,"[[[17, 744], [33, 744]], [], [true, true]]",
17554,q,a,cx_stage1,,"[[[18, 747], [33, 747]], [], [true, true]]",
17555,q,a,cx_stage3,,"[[[18, 747], [33, 747]], [], [true, true]]",
17556,q,a,p,,"[[[33, 748]], [], [true]]",
17557,q,a,cx_stage1,,"[[[18, 751], [33, 751]], [], [true, true]]",
17558,q,a,cx_stage3,,"[[[18, 751], [33, 751]], [], [true, true]]",
17559,q,a,cx_stage1,,"[[[19, 754], [33, 754]], [], [true, true]]",
17560,q,a,cx_stage3,,"[[[19, 754], [33, 754]], [], [true, true]]",
17561,q,a,p,,"[[[33, 755]], [], [true]]",
17562,q,a,cx_stage1,,"[[[19, 758], [33, 758]], [], [true, true]]",
17563,q,a,cx_stage3,,"[[[19, 758], [33, 758]], [], [true, true]]",
17564,q,a,cx_stage1,,"[[[20, 761], [33, 761]], [], [true, true]]",
17565,q,a,cx_stage3,,"[[[20, 761], [33, 761]], [], [true, true]]",
17566,q,a,p,,"[[[33, 762]], [], [true]]",
17567,q,a,cx_stage1,,"[[[20, 765], [33, 765]], [], [true, true]]",
17568,q,a,cx_stage3,,"[[[20, 765], [33, 765]], [], [true, true]]",
17569,q,a,cx_stage1,,"[[[21, 768], [33, 768]], [], [true, true]]",
17570,q,a,cx_stage3,,"[[[21, 768], [33, 768]], [], [true, true]]",
17571,q,a,p,,"[[[33, 769]], [], [true]]",
17572,q,a,cx_stage1,,"[[[21, 772], [33, 772]], [], [true, true]]",
17573,q,a,cx_stage3,,"[[[21, 772], [33, 772]], [], [true, true]]",
17574,q,a,cx_stage1,,"[[[22, 775], [33, 775]], [], [true, true]]",
17575,q,a,cx_stage3,,"[[[22, 775], [33, 775]], [], [true, true]]",
17576,q,a,p,,"[[[33, 776]], [], [true]]",
17577,q,a,cx_stage1,,"[[[22, 779], [33, 779]], [], [true, true]]",
17578,q,a,cx_stage3,,"[[[22, 779], [33, 779]], [], [true, true]]",
17579,q,a,cx_stage1,,"[[[23, 782], [33, 782]], [], [true, true]]",
17580,q,a,cx_stage3,,"[[[23, 782], [33, 782]], [], [true, true]]",
17581,q,a,p,,"[[[33, 783]], [], [true]]",
17582,q,a,cx_stage1,,"[[[23, 786], [33, 786]], [], [true, true]]",
17583,q,a,cx_stage3,,"[[[23, 786], [33, 786]], [], [true, true]]",
17584,q,a,cx_stage1,,"[[[24, 789], [33, 789]], [], [true, true]]",
17585,q,a,cx_stage3,,"[[[24, 789], [33, 789]], [], [true, true]]",
17586,q,a,p,,"[[[33, 790]], [], [true]]",
17587,q,a,cx_stage1,,"[[[24, 793], [33, 793]], [], [true, true]]",
17588,q,a,cx_stage3,,"[[[24, 793], [33, 793]], [], [true, true]]",
17589,q,a,cx_stage1,,"[[[25, 796], [33, 796]], [], [true, true]]",
17590,q,a,cx_stage3,,"[[[25, 796], [33, 796]], [], [true, true]]",
17591,q,a,p,,"[[[33, 797]], [], [true]]",
17592,q,a,cx_stage1,,"[[[25, 800], [33, 800]], [], [true, true]]",
17593,q,a,cx_stage3,,"[[[25, 800], [33, 800]], [], [true, true]]",
17594,q,a,cx_stage1,,"[[[26, 803], [33, 803]], [], [true, true]]",
17595,q,a,cx_stage3,,"[[[26, 803], [33, 803]], [], [true, true]]",
17596,q,a,p,,"[[[33, 804]], [], [true]]",
17597,q,a,cx_stage1,,"[[[26, 807], [33, 807]], [], [true, true]]",
17598,q,a,cx_stage3,,"[[[26, 807], [33, 807]], [], [true, true]]",
17599,q,a,cx_stage1,,"[[[27, 810], [33, 810]], [], [true, true]]",
17600,q,a,cx_stage3,,"[[[27, 810], [33, 810]], [], [true, true]]",
17601,q,a,p,,"[[[33, 811]], [], [true]]",
17602,q,a,cx_stage1,,"[[[27, 814], [33, 814]], [], [true, true]]",
17603,q,a,cx_stage3,,"[[[27, 814], [33, 814]], [], [true, true]]",
17604,q,a,cx_stage1,,"[[[28, 817], [33, 817]], [], [true, true]]",
17605,q,a,cx_stage3,,"[[[28, 817], [33, 817]], [], [true, true]]",
17606,q,a,p,,"[[[33, 818]], [], [true]]",
17607,q,a,cx_stage1,,"[[[28, 821], [33, 821]], [], [true, true]]",
17608,q,a,cx_stage3,,"[[[28, 821], [33, 821]], [], [true, true]]",
17609,q,a,cx_stage1,,"[[[29, 824], [33, 824]], [], [true, true]]",
17610,q,a,cx_stage3,,"[[[29, 824], [33, 824]], [], [true, true]]",
17611,q,a,p,,"[[[33, 825]], [], [true]]",
17612,q,a,cx_stage1,,"[[[29, 828], [33, 828]], [], [true, true]]",
17613,q,a,cx_stage3,,"[[[29, 828], [33, 828]], [], [true, true]]",
17614,q,a,cx_stage1,,"[[[30, 831], [33, 831]], [], [true, true]]",
17615,q,a,cx_stage3,,"[[[30, 831], [33, 831]], [], [true, true]]",
17616,q,a,p,,"[[[33, 832]], [], [true]]",
17617,q,a,cx_stage1,,"[[[30, 835], [33, 835]], [], [true, true]]",
17618,q,a,cx_stage3,,"[[[30, 835], [33, 835]], [], [true, true]]",
17619,q,a,cx_stage1,,"[[[31, 838], [33, 838]], [], [true, true]]",
17620,q,a,cx_stage3,,"[[[31, 838], [33, 838]], [], [true, true]]",
17621,q,a,p,,"[[[33, 839]], [], [true]]",
17622,q,a,cx_stage1,,"[[[31, 842], [33, 842]], [], [true, true]]",
17623,q,a,cx_stage3,,"[[[31, 842], [33, 842]], [], [true, true]]",
17624,q,a,cx_stage1,,"[[[32, 845], [33, 845]], [], [true, true]]",
17625,q,a,cx_stage3,,"[[[32, 845], [33, 845]], [], [true, true]]",
17626,q,a,p,,"[[[33, 846]], [], [true]]",
17627,q,a,cx_stage1,,"[[[32, 849], [33, 849]], [], [true, true]]",
17628,q,a,cx_stage3,,"[[[32, 849], [33, 849]], [], [true, true]]",
17629,q,a,cx_stage1,,"[[[33, 859], [34, 859]], [], [true, true]]",
17630,q,a,cx_stage2,,"[[[33, 859], [34, 859]], [], [true, true]]",
17631,q,a,cx_stage3,,"[[[33, 859], [34, 859]], [], [true, true]]",
17632,q,a,cx_stage1,,"[[[33, 863], [34, 863]], [], [true, true]]",
17633,q,a,cx_stage2,,"[[[33, 863], [34, 863]], [], [true, true]]",
17634,q,a,cx_stage3,,"[[[33, 863], [34, 863]], [], [true, true]]",
17635,q,a,cx_stage1,,"[[[33, 866], [35, 866]], [], [true, true]]",
17636,q,a,cx_stage2,,"[[[33, 866], [35, 866]], [], [true, true]]",
17637,q,a,cx_stage3,,"[[[33, 866], [35, 866]], [], [true, true]]",
17638,q,a,cx_stage1,,"[[[33, 870], [35, 870]], [], [true, true]]",
17639,q,a,cx_stage2,,"[[[33, 870], [35, 870]], [], [true, true]]",
17640,q,a,cx_stage3,,"[[[33, 870], [35, 870]], [], [true, true]]",
17641,q,a,cx_stage1,,"[[[33, 873], [36, 873]], [], [true, true]]",
17642,q,a,cx_stage2,,"[[[33, 873], [36, 873]], [], [true, true]]",
17643,q,a,cx_stage3,,"[[[33, 873], [36, 873]], [], [true, true]]",
17644,q,a,cx_stage1,,"[[[33, 877], [36, 877]], [], [true, true]]",
17645,q,a,cx_stage2,,"[[[33, 877], [36, 877]], [], [true, true]]",
17646,q,a,cx_stage3,,"[[[33, 877], [36, 877]], [], [true, true]]",
17647,q,a,cx_stage1,,"[[[33, 880], [37, 880]], [], [true, true]]",
17648,q,a,cx_stage2,,"[[[33, 880], [37, 880]], [], [true, true]]",
17649,q,a,cx_stage3,,"[[[33, 880], [37, 880]], [], [true, true]]",
17650,q,a,cx_stage1,,"[[[33, 884], [37, 884]], [], [true, true]]",
17651,q,a,cx_stage2,,"[[[33, 884], [37, 884]], [], [true, true]]",
17652,q,a,cx_stage3,,"[[[33, 884], [37, 884]], [], [true, true]]",
17653,q,a,cx_stage1,,"[[[33, 887], [38, 887]], [], [true, true]]",
17654,q,a,cx_stage2,,"[[[33, 887], [38, 887]], [], [true, true]]",
17655,q,a,cx_stage3,,"[[[33, 887], [38, 887]], [], [true, true]]",
17656,q,a,cx_stage1,,"[[[33, 891], [38, 891]], [], [true, true]]",
17657,q,a,cx_stage2,,"[[[33, 891], [38, 891]], [], [true, true]]",
17658,q,a,cx_stage3,,"[[[33, 891], [38, 891]], [], [true, true]]",
17659,q,a,cx_stage1,,"[[[33, 894], [39, 894]], [], [true, true]]",
17660,q,a,cx_stage2,,"[[[33, 894], [39, 894]], [], [true, true]]",
17661,q,a,cx_stage3,,"[[[33, 894], [39, 894]], [], [true, true]]",
17662,q,a,cx_stage1,,"[[[33, 898], [39, 898]], [], [true, true]]",
17663,q,a,cx_stage2,,"[[[33, 898], [39, 898]], [], [true, true]]",
17664,q,a,cx_stage3,,"[[[33, 898], [39, 898]], [], [true, true]]",
17665,q,a,cx_stage1,,"[[[33, 901], [40, 901]], [], [true, true]]",
17666,q,a,cx_stage2,,"[[[33, 901], [40, 901]], [], [true, true]]",
17667,q,a,cx_stage3,,"[[[33, 901], [40, 901]], [], [true, true]]",
17668,q,a,cx_stage1,,"[[[33, 905], [40, 905]], [], [true, true]]",
17669,q,a,cx_stage2,,"[[[33, 905], [40, 905]], [], [true, true]]",
17670,q,a,cx_stage3,,"[[[33, 905], [40, 905]], [], [true, true]]",
17671,q,a,cx_stage1,,"[[[33, 908], [41, 908]], [], [true, true]]",
17672,q,a,cx_stage2,,"[[[33, 908], [41, 908]], [], [true, true]]",
17673,q,a,cx_stage3,,"[[[33, 908], [41, 908]], [], [true, true]]",
17674,q,a,cx_stage1,,"[[[33, 912], [41, 912]], [], [true, true]]",
17675,q,a,cx_stage2,,"[[[33, 912], [41, 912]], [], [true, true]]",
17676,q,a,cx_stage3,,"[[[33, 912], [41, 912]], [], [true, true]]",
17677,q,a,cx_stage1,,"[[[33, 915], [42, 915]], [], [true, true]]",
17678,q,a,cx_stage2,,"[[[33, 915], [42, 915]], [], [true, true]]",
17679,q,a,cx_stage3,,"[[[33, 915], [42, 915]], [], [true, true]]",
17680,q,a,cx_stage1,,"[[[33, 919], [42, 919]], [], [true, true]]",
17681,q,a,cx_stage2,,"[[[33, 919], [42, 919]], [], [true, true]]",
17682,q,a,cx_stage3,,"[[[33, 919], [42, 919]], [], [true, true]]",
17683,q,a,cx_stage1,,"[[[33, 922], [43, 922]], [], [true, true]]",
17684,q,a,cx_stage2,,"[[[33, 922], [43, 922]], [], [true, true]]",
17685,q,a,cx_stage3,,"[[[33, 922], [43, 922]], [], [true, true]]",
17686,q,a,cx_stage1,,"[[[33, 926], [43, 926]], [], [true, true]]",
17687,q,a,cx_stage2,,"[[[33, 926], [43, 926]], [], [true, true]]",
17688,q,a,cx_stage3,,"[[[33, 926], [43, 926]], [], [true, true]]",
17689,q,a,cx_stage1,,"[[[33, 929], [44, 929]], [], [true, true]]",
17690,q,a,cx_stage2,,"[[[33, 929], [44, 929]], [], [true, true]]",
17691,q,a,cx_stage3,,"[[[33, 929], [44, 929]], [], [true, true]]",
17692,q,a,cx_stage1,,"[[[33, 933], [44, 933]], [], [true, true]]",
17693,q,a,cx_stage2,,"[[[33, 933], [44, 933]], [], [true, true]]",
17694,q,a,cx_stage3,,"[[[33, 933], [44, 933]], [], [true, true]]",
17695,q,a,cx_stage1,,"[[[33, 936], [45, 936]], [], [true, true]]",
17696,q,a,cx_stage2,,"[[[33, 936], [45, 936]], [], [true, true]]",
17697,q,a,cx_stage3,,"[[[33, 936], [45, 936]], [], [true, true]]",
17698,q,a,cx_stage1,,"[[[33, 940], [45, 940]], [], [true, true]]",
17699,q,a,cx_stage2,,"[[[33, 940], [45, 940]], [], [true, true]]",
17700,q,a,cx_stage3,,"[[[33, 940], [45, 940]], [], [true, true]]",
17701,q,a,cx_stage1,,"[[[33, 943], [46, 943]], [], [true, true]]",
17702,q,a,cx_stage2,,"[[[33, 943], [46, 943]], [], [true, true]]",
17703,q,a,cx_stage3,,"[[[33, 943], [46, 943]], [], [true, true]]",
17704,q,a,cx_stage1,,"[[[33, 947], [46, 947]], [], [true, true]]",
17705,q,a,cx_stage2,,"[[[33, 947], [46, 947]], [], [true, true]]",
17706,q,a,cx_stage3,,"[[[33, 947], [46, 947]], [], [true, true]]",
17707,q,a,cx_stage1,,"[[[33, 950], [47, 950]], [], [true, true]]",
17708,q,a,cx_stage2,,"[[[33, 950], [47, 950]], [], [true, true]]",
17709,q,a,cx_stage3,,"[[[33, 950], [47, 950]], [], [true, true]]",
17710,q,a,cx_stage1,,"[[[33, 954], [47, 954]], [], [true, true]]",
17711,q,a,cx_stage2,,"[[[33, 954], [47, 954]], [], [true, true]]",
17712,q,a,cx_stage3,,"[[[33, 954], [47, 954]], [], [true, true]]",
17713,q,a,cx_stage1,,"[[[33, 957], [48, 957]], [], [true, true]]",
17714,q,a,cx_stage2,,"[[[33, 957], [48, 957]], [], [true, true]]",
17715,q,a,cx_stage3,,"[[[33, 957], [48, 957]], [], [true, true]]",
17716,q,a,cx_stage1,,"[[[33, 961], [48, 961]], [], [true, true]]",
17717,q,a,cx_stage2,,"[[[33, 961], [48, 961]], [], [true, true]]",
17718,q,a,cx_stage3,,"[[[33, 961], [48, 961]], [], [true, true]]",
17719,q,a,cx_stage1,,"[[[33, 964], [49, 964]], [], [true, true]]",
17720,q,a,cx_stage2,,"[[[33, 964], [49, 964]], [], [true, true]]",
17721,q,a,cx_stage3,,"[[[33, 964], [49, 964]], [], [true, true]]",
17722,q,a,cx_stage1,,"[[[33, 968], [49, 968]], [], [true, true]]",
17723,q,a,cx_stage2,,"[[[33, 968], [49, 968]], [], [true, true]]",
17724,q,a,cx_stage3,,"[[[33, 968], [49, 968]], [], [true, true]]",
17725,q,a,cx_stage1,,"[[[33, 971], [50, 971]], [], [true, true]]",
17726,q,a,cx_stage2,,"[[[33, 971], [50, 971]], [], [true, true]]",
17727,q,a,cx_stage3,,"[[[33, 971], [50, 971]], [], [true, true]]",
17728,q,a,cx_stage1,,"[[[33, 975], [50, 975]], [], [true, true]]",
17729,q,a,cx_stage2,,"[[[33, 975], [50, 975]], [], [true, true]]",
17730,q,a,cx_stage3,,"[[[33, 975], [50, 975]], [], [true, true]]",
17731,q,a,cx_stage1,,"[[[33, 978], [51, 978]], [], [true, true]]",
17732,q,a,cx_stage2,,"[[[33, 978], [51, 978]], [], [true, true]]",
17733,q,a,cx_stage3,,"[[[33, 978], [51, 978]], [], [true, true]]",
17734,q,a,cx_stage1,,"[[[33, 982], [51, 982]], [], [true, true]]",
17735,q,a,cx_stage2,,"[[[33, 982], [51, 982]], [], [true, true]]",
17736,q,a,cx_stage3,,"[[[33, 982], [51, 982]], [], [true, true]]",
17737,q,a,cx_stage1,,"[[[33, 985], [52, 985]], [], [true, true]]",
17738,q,a,cx_stage2,,"[[[33, 985], [52, 985]], [], [true, true]]",
17739,q,a,cx_stage3,,"[[[33, 985], [52, 985]], [], [true, true]]",
17740,q,a,cx_stage1,,"[[[33, 989], [52, 989]], [], [true, true]]",
17741,q,a,cx_stage2,,"[[[33, 989], [52, 989]], [], [true, true]]",
17742,q,a,cx_stage3,,"[[[33, 989], [52, 989]], [], [true, true]]",
17743,q,a,cx_stage1,,"[[[33, 992], [53, 992]], [], [true, true]]",
17744,q,a,cx_stage2,,"[[[33, 992], [53, 992]], [], [true, true]]",
17745,q,a,cx_stage3,,"[[[33, 992], [53, 992]], [], [true, true]]",
17746,q,a,cx_stage1,,"[[[33, 996], [53, 996]], [], [true, true]]",
17747,q,a,cx_stage2,,"[[[33, 996], [53, 996]], [], [true, true]]",
17748,q,a,cx_stage3,,"[[[33, 996], [53, 996]], [], [true, true]]",
17749,q,a,cx_stage1,,"[[[33, 999], [54, 999]], [], [true, true]]",
17750,q,a,cx_stage2,,"[[[33, 999], [54, 999]], [], [true, true]]",
17751,q,a,cx_stage3,,"[[[33, 999], [54, 999]], [], [true, true]]",
17752,q,a,u2,,"[[[34, 1]], [], [true]]",
17753,q,a,cx_stage1,,"[[[0, 235], [34, 235]], [], [true, true]]",
17754,q,a,cx_stage2,,"[[[34, 1003], [53, 1003]], [], [true, true]]",
17755,q,a,cx_stage1,,"[[[34, 1003], [53, 1003]], [], [true, true]]",
17756,q,a,cx_stage3,,"[[[34, 1003], [53, 1003]], [], [true, true]]",
17757,q,a,cx_stage1,,"[[[34, 1006], [54, 1006]], [], [true, true]]",
17758,q,a,cx_stage2,,"[[[34, 1006], [54, 1006]], [], [true, true]]",
17759,q,a,cx_stage3,,"[[[34, 1006], [54, 1006]], [], [true, true]]",
17760,q,a,cx_stage1,,"[[[34, 1010], [54, 1010]], [], [true, true]]",
17761,q,a,cx_stage2,,"[[[34, 1010], [54, 1010]], [], [true, true]]",
17762,q,a,cx_stage3,,"[[[34, 1010], [54, 1010]], [], [true, true]]",
17763,q,a,cx_stage1,,"[[[34, 1013], [55, 1013]], [], [true, true]]",
17764,q,a,cx_stage2,,"[[[34, 1013], [55, 1013]], [], [true, true]]",
17765,q,a,cx_stage3,,"[[[34, 1013], [55, 1013]], [], [true, true]]",
17766,q,a,cx_stage1,,"[[[34, 1017], [55, 1017]], [], [true, true]]",
17767,q,a,cx_stage2,,"[[[34, 1017], [55, 1017]], [], [true, true]]",
17768,q,a,cx_stage3,,"[[[34, 1017], [55, 1017]], [], [true, true]]",
17769,q,a,ry,,"[[[34, 1018]], [], [true]]",
17770,q,a,cx_stage1,,"[[[34, 1221], [35, 1221]], [], [true, true]]",
17771,q,a,cx_stage2,,"[[[34, 1221], [35, 1221]], [], [true, true]]",
17772,q,a,cx_stage3,,"[[[34, 1221], [35, 1221]], [], [true, true]]",
17773,q,a,cx_stage1,,"[[[33, 1224], [34, 1224]], [], [true, true]]",
17774,q,a,cx_stage3,,"[[[33, 1224], [34, 1224]], [], [true, true]]",
17775,q,a,ry,,"[[[34, 1225]], [], [true]]",
17776,q,a,cx_stage3,,"[[[0, 235], [34, 235]], [], [true, true]]",
17777,q,a,p,,"[[[34, 236]], [], [true]]",
17778,q,a,cx_stage1,,"[[[0, 239], [34, 239]], [], [true, true]]",
17779,q,a,cx_stage3,,"[[[0, 239], [34, 239]], [], [true, true]]",
17780,q,a,cx_stage1,,"[[[1, 242], [34, 242]], [], [true, true]]",
17781,q,a,cx_stage3,,"[[[1, 242], [34, 242]], [], [true, true]]",
17782,q,a,p,,"[[[34, 243]], [], [true]]",
17783,q,a,cx_stage1,,"[[[1, 246], [34, 246]], [], [true, true]]",
17784,q,a,cx_stage3,,"[[[1, 246], [34, 246]], [], [true, true]]",
17785,q,a,cx_stage1,,"[[[2, 249], [34, 249]], [], [true, true]]",
17786,q,a,cx_stage3,,"[[[2, 249], [34, 249]], [], [true, true]]",
17787,q,a,p,,"[[[34, 250]], [], [true]]",
17788,q,a,cx_stage1,,"[[[2, 253], [34, 253]], [], [true, true]]",
17789,q,a,cx_stage3,,"[[[2, 253], [34, 253]], [], [true, true]]",
17790,q,a,cx_stage1,,"[[[3, 256], [34, 256]], [], [true, true]]",
17791,q,a,cx_stage2,,"[[[3, 256], [34, 256]], [], [true, true]]",
17792,q,a,cx_stage3,,"[[[3, 256], [34, 256]], [], [true, true]]",
17793,q,a,p,,"[[[34, 257]], [], [true]]",
17794,q,a,cx_stage1,,"[[[3, 260], [34, 260]], [], [true, true]]",
17795,q,a,cx_stage2,,"[[[3, 260], [34, 260]], [], [true, true]]",
17796,q,a,cx_stage3,,"[[[3, 260], [34, 260]], [], [true, true]]",
17797,q,a,cx_stage1,,"[[[4, 263], [34, 263]], [], [true, true]]",
17798,q,a,cx_stage2,,"[[[4, 263], [34, 263]], [], [true, true]]",
17799,q,a,cx_stage3,,"[[[4, 263], [34, 263]], [], [true, true]]",
17800,q,a,p,,"[[[34, 264]], [], [true]]",
17801,q,a,cx_stage1,,"[[[4, 267], [34, 267]], [], [true, true]]",
17802,q,a,cx_stage2,,"[[[4, 267], [34, 267]], [], [true, true]]",
17803,q,a,cx_stage3,,"[[[4, 267], [34, 267]], [], [true, true]]",
17804,q,a,cx_stage1,,"[[[5, 270], [34, 270]], [], [true, true]]",
17805,q,a,cx_stage2,,"[[[5, 270], [34, 270]], [], [true, true]]",
17806,q,a,cx_stage3,,"[[[5, 270], [34, 270]], [], [true, true]]",
17807,q,a,p,,"[[[34, 271]], [], [true]]",
17808,q,a,cx_stage1,,"[[[5, 274], [34, 274]], [], [true, true]]",
17809,q,a,cx_stage2,,"[[[5, 274], [34, 274]], [], [true, true]]",
17810,q,a,cx_stage3,,"[[[5, 274], [34, 274]], [], [true, true]]",
17811,q,a,cx_stage1,,"[[[6, 277], [34, 277]], [], [true, true]]",
17812,q,a,cx_stage2,,"[[[6, 277], [34, 277]], [], [true, true]]",
17813,q,a,cx_stage3,,"[[[6, 277], [34, 277]], [], [true, true]]",
17814,q,a,p,,"[[[34, 278]], [], [true]]",
17815,q,a,cx_stage1,,"[[[6, 281], [34, 281]], [], [true, true]]",
17816,q,a,cx_stage2,,"[[[6, 281], [34, 281]], [], [true, true]]",
17817,q,a,cx_stage3,,"[[[6, 281], [34, 281]], [], [true, true]]",
17818,q,a,cx_stage1,,"[[[7, 284], [34, 284]], [], [true, true]]",
17819,q,a,cx_stage2,,"[[[7, 284], [34, 284]], [], [true, true]]",
17820,q,a,cx_stage3,,"[[[7, 284], [34, 284]], [], [true, true]]",
17821,q,a,p,,"[[[34, 285]], [], [true]]",
17822,q,a,cx_stage1,,"[[[7, 288], [34, 288]], [], [true, true]]",
17823,q,a,cx_stage2,,"[[[7, 288], [34, 288]], [], [true, true]]",
17824,q,a,cx_stage3,,"[[[7, 288], [34, 288]], [], [true, true]]",
17825,q,a,cx_stage1,,"[[[8, 291], [34, 291]], [], [true, true]]",
17826,q,a,cx_stage2,,"[[[8, 291], [34, 291]], [], [true, true]]",
17827,q,a,cx_stage3,,"[[[8, 291], [34, 291]], [], [true, true]]",
17828,q,a,p,,"[[[34, 292]], [], [true]]",
17829,q,a,cx_stage1,,"[[[8, 295], [34, 295]], [], [true, true]]",
17830,q,a,cx_stage2,,"[[[8, 295], [34, 295]], [], [true, true]]",
17831,q,a,cx_stage3,,"[[[8, 295], [34, 295]], [], [true, true]]",
17832,q,a,cx_stage1,,"[[[9, 298], [34, 298]], [], [true, true]]",
17833,q,a,cx_stage2,,"[[[9, 298], [34, 298]], [], [true, true]]",
17834,q,a,cx_stage3,,"[[[9, 298], [34, 298]], [], [true, true]]",
17835,q,a,p,,"[[[34, 299]], [], [true]]",
17836,q,a,cx_stage1,,"[[[9, 302], [34, 302]], [], [true, true]]",
17837,q,a,cx_stage2,,"[[[9, 302], [34, 302]], [], [true, true]]",
17838,q,a,cx_stage3,,"[[[9, 302], [34, 302]], [], [true, true]]",
17839,q,a,cx_stage1,,"[[[10, 305], [34, 305]], [], [true, true]]",
17840,q,a,cx_stage3,,"[[[10, 305], [34, 305]], [], [true, true]]",
17841,q,a,p,,"[[[34, 306]], [], [true]]",
17842,q,a,cx_stage1,,"[[[10, 309], [34, 309]], [], [true, true]]",
17843,q,a,cx_stage3,,"[[[10, 309], [34, 309]], [], [true, true]]",
17844,q,a,cx_stage1,,"[[[11, 312], [34, 312]], [], [true, true]]",
17845,q,a,cx_stage3,,"[[[11, 312], [34, 312]], [], [true, true]]",
17846,q,a,p,,"[[[34, 313]], [], [true]]",
17847,q,a,cx_stage1,,"[[[11, 316], [34, 316]], [], [true, true]]",
17848,q,a,cx_stage3,,"[[[11, 316], [34, 316]], [], [true, true]]",
17849,q,a,cx_stage1,,"[[[12, 319], [34, 319]], [], [true, true]]",
17850,q,a,cx_stage3,,"[[[12, 319], [34, 319]], [], [true, true]]",
17851,q,a,p,,"[[[34, 320]], [], [true]]",
17852,q,a,cx_stage1,,"[[[12, 323], [34, 323]], [], [true, true]]",
17853,q,a,cx_stage3,,"[[[12, 323], [34, 323]], [], [true, true]]",
17854,q,a,cx_stage1,,"[[[13, 326], [34, 326]], [], [true, true]]",
17855,q,a,cx_stage3,,"[[[13, 326], [34, 326]], [], [true, true]]",
17856,q,a,p,,"[[[34, 327]], [], [true]]",
17857,q,a,cx_stage1,,"[[[13, 330], [34, 330]], [], [true, true]]",
17858,q,a,cx_stage3,,"[[[13, 330], [34, 330]], [], [true, true]]",
17859,q,a,cx_stage1,,"[[[14, 333], [34, 333]], [], [true, true]]",
17860,q,a,cx_stage3,,"[[[14, 333], [34, 333]], [], [true, true]]",
17861,q,a,p,,"[[[34, 334]], [], [true]]",
17862,q,a,cx_stage1,,"[[[14, 337], [34, 337]], [], [true, true]]",
17863,q,a,cx_stage3,,"[[[14, 337], [34, 337]], [], [true, true]]",
17864,q,a,cx_stage1,,"[[[15, 340], [34, 340]], [], [true, true]]",
17865,q,a,cx_stage3,,"[[[15, 340], [34, 340]], [], [true, true]]",
17866,q,a,p,,"[[[34, 341]], [], [true]]",
17867,q,a,cx_stage1,,"[[[15, 344], [34, 344]], [], [true, true]]",
17868,q,a,cx_stage3,,"[[[15, 344], [34, 344]], [], [true, true]]",
17869,q,a,cx_stage1,,"[[[16, 347], [34, 347]], [], [true, true]]",
17870,q,a,cx_stage3,,"[[[16, 347], [34, 347]], [], [true, true]]",
17871,q,a,p,,"[[[34, 348]], [], [true]]",
17872,q,a,cx_stage1,,"[[[16, 351], [34, 351]], [], [true, true]]",
17873,q,a,cx_stage3,,"[[[16, 351], [34, 351]], [], [true, true]]",
17874,q,a,cx_stage1,,"[[[17, 354], [34, 354]], [], [true, true]]",
17875,q,a,cx_stage3,,"[[[17, 354], [34, 354]], [], [true, true]]",
17876,q,a,p,,"[[[34, 355]], [], [true]]",
17877,q,a,cx_stage1,,"[[[17, 358], [34, 358]], [], [true, true]]",
17878,q,a,cx_stage3,,"[[[17, 358], [34, 358]], [], [true, true]]",
17879,q,a,cx_stage1,,"[[[18, 361], [34, 361]], [], [true, true]]",
17880,q,a,cx_stage3,,"[[[18, 361], [34, 361]], [], [true, true]]",
17881,q,a,p,,"[[[34, 362]], [], [true]]",
17882,q,a,cx_stage1,,"[[[18, 365], [34, 365]], [], [true, true]]",
17883,q,a,cx_stage3,,"[[[18, 365], [34, 365]], [], [true, true]]",
17884,q,a,cx_stage1,,"[[[19, 368], [34, 368]], [], [true, true]]",
17885,q,a,cx_stage3,,"[[[19, 368], [34, 368]], [], [true, true]]",
17886,q,a,p,,"[[[34, 369]], [], [true]]",
17887,q,a,cx_stage1,,"[[[19, 372], [34, 372]], [], [true, true]]",
17888,q,a,cx_stage3,,"[[[19, 372], [34, 372]], [], [true, true]]",
17889,q,a,cx_stage1,,"[[[20, 375], [34, 375]], [], [true, true]]",
17890,q,a,cx_stage3,,"[[[20, 375], [34, 375]], [], [true, true]]",
17891,q,a,p,,"[[[34, 376]], [], [true]]",
17892,q,a,cx_stage1,,"[[[20, 379], [34, 379]], [], [true, true]]",
17893,q,a,cx_stage3,,"[[[20, 379], [34, 379]], [], [true, true]]",
17894,q,a,cx_stage1,,"[[[21, 382], [34, 382]], [], [true, true]]",
17895,q,a,cx_stage3,,"[[[21, 382], [34, 382]], [], [true, true]]",
17896,q,a,p,,"[[[34, 383]], [], [true]]",
17897,q,a,cx_stage1,,"[[[21, 386], [34, 386]], [], [true, true]]",
17898,q,a,cx_stage3,,"[[[21, 386], [34, 386]], [], [true, true]]",
17899,q,a,cx_stage1,,"[[[22, 389], [34, 389]], [], [true, true]]",
17900,q,a,cx_stage3,,"[[[22, 389], [34, 389]], [], [true, true]]",
17901,q,a,p,,"[[[34, 390]], [], [true]]",
17902,q,a,cx_stage1,,"[[[22, 393], [34, 393]], [], [true, true]]",
17903,q,a,cx_stage3,,"[[[22, 393], [34, 393]], [], [true, true]]",
17904,q,a,cx_stage1,,"[[[23, 396], [34, 396]], [], [true, true]]",
17905,q,a,cx_stage3,,"[[[23, 396], [34, 396]], [], [true, true]]",
17906,q,a,p,,"[[[34, 397]], [], [true]]",
17907,q,a,cx_stage1,,"[[[23, 400], [34, 400]], [], [true, true]]",
17908,q,a,cx_stage3,,"[[[23, 400], [34, 400]], [], [true, true]]",
17909,q,a,cx_stage1,,"[[[24, 403], [34, 403]], [], [true, true]]",
17910,q,a,cx_stage3,,"[[[24, 403], [34, 403]], [], [true, true]]",
17911,q,a,p,,"[[[34, 404]], [], [true]]",
17912,q,a,cx_stage1,,"[[[24, 407], [34, 407]], [], [true, true]]",
17913,q,a,cx_stage3,,"[[[24, 407], [34, 407]], [], [true, true]]",
17914,q,a,cx_stage1,,"[[[25, 410], [34, 410]], [], [true, true]]",
17915,q,a,cx_stage3,,"[[[25, 410], [34, 410]], [], [true, true]]",
17916,q,a,p,,"[[[34, 411]], [], [true]]",
17917,q,a,cx_stage1,,"[[[25, 414], [34, 414]], [], [true, true]]",
17918,q,a,cx_stage3,,"[[[25, 414], [34, 414]], [], [true, true]]",
17919,q,a,cx_stage1,,"[[[26, 417], [34, 417]], [], [true, true]]",
17920,q,a,cx_stage3,,"[[[26, 417], [34, 417]], [], [true, true]]",
17921,q,a,p,,"[[[34, 418]], [], [true]]",
17922,q,a,cx_stage1,,"[[[26, 421], [34, 421]], [], [true, true]]",
17923,q,a,cx_stage3,,"[[[26, 421], [34, 421]], [], [true, true]]",
17924,q,a,cx_stage1,,"[[[27, 424], [34, 424]], [], [true, true]]",
17925,q,a,cx_stage3,,"[[[27, 424], [34, 424]], [], [true, true]]",
17926,q,a,p,,"[[[34, 425]], [], [true]]",
17927,q,a,cx_stage1,,"[[[27, 428], [34, 428]], [], [true, true]]",
17928,q,a,cx_stage3,,"[[[27, 428], [34, 428]], [], [true, true]]",
17929,q,a,cx_stage1,,"[[[28, 431], [34, 431]], [], [true, true]]",
17930,q,a,cx_stage3,,"[[[28, 431], [34, 431]], [], [true, true]]",
17931,q,a,p,,"[[[34, 432]], [], [true]]",
17932,q,a,cx_stage1,,"[[[28, 435], [34, 435]], [], [true, true]]",
17933,q,a,cx_stage3,,"[[[28, 435], [34, 435]], [], [true, true]]",
17934,q,a,cx_stage1,,"[[[29, 438], [34, 438]], [], [true, true]]",
17935,q,a,cx_stage3,,"[[[29, 438], [34, 438]], [], [true, true]]",
17936,q,a,p,,"[[[34, 439]], [], [true]]",
17937,q,a,cx_stage1,,"[[[29, 442], [34, 442]], [], [true, true]]",
17938,q,a,cx_stage3,,"[[[29, 442], [34, 442]], [], [true, true]]",
17939,q,a,cx_stage1,,"[[[30, 445], [34, 445]], [], [true, true]]",
17940,q,a,cx_stage3,,"[[[30, 445], [34, 445]], [], [true, true]]",
17941,q,a,p,,"[[[34, 446]], [], [true]]",
17942,q,a,cx_stage1,,"[[[30, 449], [34, 449]], [], [true, true]]",
17943,q,a,cx_stage3,,"[[[30, 449], [34, 449]], [], [true, true]]",
17944,q,a,cx_stage1,,"[[[31, 452], [34, 452]], [], [true, true]]",
17945,q,a,cx_stage3,,"[[[31, 452], [34, 452]], [], [true, true]]",
17946,q,a,p,,"[[[34, 453]], [], [true]]",
17947,q,a,cx_stage1,,"[[[31, 456], [34, 456]], [], [true, true]]",
17948,q,a,cx_stage3,,"[[[31, 456], [34, 456]], [], [true, true]]",
17949,q,a,cx_stage1,,"[[[32, 459], [34, 459]], [], [true, true]]",
17950,q,a,cx_stage3,,"[[[32, 459], [34, 459]], [], [true, true]]",
17951,q,a,p,,"[[[34, 460]], [], [true]]",
17952,q,a,cx_stage1,,"[[[32, 463], [34, 463]], [], [true, true]]",
17953,q,a,cx_stage3,,"[[[32, 463], [34, 463]], [], [true, true]]",
17954,q,a,cx_stage1,,"[[[33, 466], [34, 466]], [], [true, true]]",
17955,q,a,cx_stage3,,"[[[33, 466], [34, 466]], [], [true, true]]",
17956,q,a,p,,"[[[34, 467]], [], [true]]",
17957,q,a,cx_stage1,,"[[[33, 470], [34, 470]], [], [true, true]]",
17958,q,a,cx_stage3,,"[[[33, 470], [34, 470]], [], [true, true]]",
17959,q,a,cx_stage1,,"[[[34, 480], [35, 480]], [], [true, true]]",
17960,q,a,cx_stage2,,"[[[34, 480], [35, 480]], [], [true, true]]",
17961,q,a,cx_stage3,,"[[[34, 480], [35, 480]], [], [true, true]]",
17962,q,a,cx_stage1,,"[[[34, 484], [35, 484]], [], [true, true]]",
17963,q,a,cx_stage2,,"[[[34, 484], [35, 484]], [], [true, true]]",
17964,q,a,cx_stage3,,"[[[34, 484], [35, 484]], [], [true, true]]",
17965,q,a,cx_stage1,,"[[[34, 487], [36, 487]], [], [true, true]]",
17966,q,a,cx_stage2,,"[[[34, 487], [36, 487]], [], [true, true]]",
17967,q,a,cx_stage3,,"[[[34, 487], [36, 487]], [], [true, true]]",
17968,q,a,cx_stage1,,"[[[34, 491], [36, 491]], [], [true, true]]",
17969,q,a,cx_stage2,,"[[[34, 491], [36, 491]], [], [true, true]]",
17970,q,a,cx_stage3,,"[[[34, 491], [36, 491]], [], [true, true]]",
17971,q,a,cx_stage1,,"[[[34, 494], [37, 494]], [], [true, true]]",
17972,q,a,cx_stage2,,"[[[34, 494], [37, 494]], [], [true, true]]",
17973,q,a,cx_stage3,,"[[[34, 494], [37, 494]], [], [true, true]]",
17974,q,a,cx_stage1,,"[[[34, 498], [37, 498]], [], [true, true]]",
17975,q,a,cx_stage2,,"[[[34, 498], [37, 498]], [], [true, true]]",
17976,q,a,cx_stage3,,"[[[34, 498], [37, 498]], [], [true, true]]",
17977,q,a,cx_stage1,,"[[[34, 501], [38, 501]], [], [true, true]]",
17978,q,a,cx_stage2,,"[[[34, 501], [38, 501]], [], [true, true]]",
17979,q,a,cx_stage3,,"[[[34, 501], [38, 501]], [], [true, true]]",
17980,q,a,cx_stage1,,"[[[34, 505], [38, 505]], [], [true, true]]",
17981,q,a,cx_stage2,,"[[[34, 505], [38, 505]], [], [true, true]]",
17982,q,a,cx_stage3,,"[[[34, 505], [38, 505]], [], [true, true]]",
17983,q,a,cx_stage1,,"[[[34, 508], [39, 508]], [], [true, true]]",
17984,q,a,cx_stage2,,"[[[34, 508], [39, 508]], [], [true, true]]",
17985,q,a,cx_stage3,,"[[[34, 508], [39, 508]], [], [true, true]]",
17986,q,a,cx_stage1,,"[[[34, 512], [39, 512]], [], [true, true]]",
17987,q,a,cx_stage2,,"[[[34, 512], [39, 512]], [], [true, true]]",
17988,q,a,cx_stage3,,"[[[34, 512], [39, 512]], [], [true, true]]",
17989,q,a,cx_stage1,,"[[[34, 515], [40, 515]], [], [true, true]]",
17990,q,a,cx_stage2,,"[[[34, 515], [40, 515]], [], [true, true]]",
17991,q,a,cx_stage3,,"[[[34, 515], [40, 515]], [], [true, true]]",
17992,q,a,cx_stage1,,"[[[34, 519], [40, 519]], [], [true, true]]",
17993,q,a,cx_stage2,,"[[[34, 519], [40, 519]], [], [true, true]]",
17994,q,a,cx_stage3,,"[[[34, 519], [40, 519]], [], [true, true]]",
17995,q,a,cx_stage1,,"[[[34, 522], [41, 522]], [], [true, true]]",
17996,q,a,cx_stage2,,"[[[34, 522], [41, 522]], [], [true, true]]",
17997,q,a,cx_stage3,,"[[[34, 522], [41, 522]], [], [true, true]]",
17998,q,a,cx_stage1,,"[[[34, 526], [41, 526]], [], [true, true]]",
17999,q,a,cx_stage2,,"[[[34, 526], [41, 526]], [], [true, true]]",
18000,q,a,cx_stage3,,"[[[34, 526], [41, 526]], [], [true, true]]",
18001,q,a,cx_stage1,,"[[[34, 529], [42, 529]], [], [true, true]]",
18002,q,a,cx_stage2,,"[[[34, 529], [42, 529]], [], [true, true]]",
18003,q,a,cx_stage3,,"[[[34, 529], [42, 529]], [], [true, true]]",
18004,q,a,cx_stage1,,"[[[34, 533], [42, 533]], [], [true, true]]",
18005,q,a,cx_stage2,,"[[[34, 533], [42, 533]], [], [true, true]]",
18006,q,a,cx_stage3,,"[[[34, 533], [42, 533]], [], [true, true]]",
18007,q,a,cx_stage1,,"[[[34, 536], [43, 536]], [], [true, true]]",
18008,q,a,cx_stage2,,"[[[34, 536], [43, 536]], [], [true, true]]",
18009,q,a,cx_stage3,,"[[[34, 536], [43, 536]], [], [true, true]]",
18010,q,a,cx_stage1,,"[[[34, 540], [43, 540]], [], [true, true]]",
18011,q,a,cx_stage2,,"[[[34, 540], [43, 540]], [], [true, true]]",
18012,q,a,cx_stage3,,"[[[34, 540], [43, 540]], [], [true, true]]",
18013,q,a,cx_stage1,,"[[[34, 543], [44, 543]], [], [true, true]]",
18014,q,a,cx_stage2,,"[[[34, 543], [44, 543]], [], [true, true]]",
18015,q,a,cx_stage3,,"[[[34, 543], [44, 543]], [], [true, true]]",
18016,q,a,cx_stage1,,"[[[34, 547], [44, 547]], [], [true, true]]",
18017,q,a,cx_stage2,,"[[[34, 547], [44, 547]], [], [true, true]]",
18018,q,a,cx_stage3,,"[[[34, 547], [44, 547]], [], [true, true]]",
18019,q,a,cx_stage1,,"[[[34, 550], [45, 550]], [], [true, true]]",
18020,q,a,cx_stage2,,"[[[34, 550], [45, 550]], [], [true, true]]",
18021,q,a,cx_stage3,,"[[[34, 550], [45, 550]], [], [true, true]]",
18022,q,a,cx_stage1,,"[[[34, 554], [45, 554]], [], [true, true]]",
18023,q,a,cx_stage2,,"[[[34, 554], [45, 554]], [], [true, true]]",
18024,q,a,cx_stage3,,"[[[34, 554], [45, 554]], [], [true, true]]",
18025,q,a,cx_stage1,,"[[[34, 557], [46, 557]], [], [true, true]]",
18026,q,a,cx_stage2,,"[[[34, 557], [46, 557]], [], [true, true]]",
18027,q,a,cx_stage3,,"[[[34, 557], [46, 557]], [], [true, true]]",
18028,q,a,cx_stage1,,"[[[34, 561], [46, 561]], [], [true, true]]",
18029,q,a,cx_stage2,,"[[[34, 561], [46, 561]], [], [true, true]]",
18030,q,a,cx_stage3,,"[[[34, 561], [46, 561]], [], [true, true]]",
18031,q,a,cx_stage1,,"[[[34, 564], [47, 564]], [], [true, true]]",
18032,q,a,cx_stage2,,"[[[34, 564], [47, 564]], [], [true, true]]",
18033,q,a,cx_stage3,,"[[[34, 564], [47, 564]], [], [true, true]]",
18034,q,a,cx_stage1,,"[[[34, 568], [47, 568]], [], [true, true]]",
18035,q,a,cx_stage2,,"[[[34, 568], [47, 568]], [], [true, true]]",
18036,q,a,cx_stage3,,"[[[34, 568], [47, 568]], [], [true, true]]",
18037,q,a,cx_stage1,,"[[[34, 571], [48, 571]], [], [true, true]]",
18038,q,a,cx_stage2,,"[[[34, 571], [48, 571]], [], [true, true]]",
18039,q,a,cx_stage3,,"[[[34, 571], [48, 571]], [], [true, true]]",
18040,q,a,cx_stage1,,"[[[34, 575], [48, 575]], [], [true, true]]",
18041,q,a,cx_stage2,,"[[[34, 575], [48, 575]], [], [true, true]]",
18042,q,a,cx_stage3,,"[[[34, 575], [48, 575]], [], [true, true]]",
18043,q,a,cx_stage1,,"[[[34, 578], [49, 578]], [], [true, true]]",
18044,q,a,cx_stage2,,"[[[34, 578], [49, 578]], [], [true, true]]",
18045,q,a,cx_stage3,,"[[[34, 578], [49, 578]], [], [true, true]]",
18046,q,a,cx_stage1,,"[[[34, 582], [49, 582]], [], [true, true]]",
18047,q,a,cx_stage2,,"[[[34, 582], [49, 582]], [], [true, true]]",
18048,q,a,cx_stage3,,"[[[34, 582], [49, 582]], [], [true, true]]",
18049,q,a,cx_stage1,,"[[[34, 585], [50, 585]], [], [true, true]]",
18050,q,a,cx_stage2,,"[[[34, 585], [50, 585]], [], [true, true]]",
18051,q,a,cx_stage3,,"[[[34, 585], [50, 585]], [], [true, true]]",
18052,q,a,cx_stage1,,"[[[34, 589], [50, 589]], [], [true, true]]",
18053,q,a,cx_stage2,,"[[[34, 589], [50, 589]], [], [true, true]]",
18054,q,a,cx_stage3,,"[[[34, 589], [50, 589]], [], [true, true]]",
18055,q,a,cx_stage1,,"[[[34, 592], [51, 592]], [], [true, true]]",
18056,q,a,cx_stage2,,"[[[34, 592], [51, 592]], [], [true, true]]",
18057,q,a,cx_stage3,,"[[[34, 592], [51, 592]], [], [true, true]]",
18058,q,a,cx_stage1,,"[[[34, 596], [51, 596]], [], [true, true]]",
18059,q,a,cx_stage2,,"[[[34, 596], [51, 596]], [], [true, true]]",
18060,q,a,cx_stage3,,"[[[34, 596], [51, 596]], [], [true, true]]",
18061,q,a,cx_stage1,,"[[[34, 599], [52, 599]], [], [true, true]]",
18062,q,a,cx_stage2,,"[[[34, 599], [52, 599]], [], [true, true]]",
18063,q,a,cx_stage3,,"[[[34, 599], [52, 599]], [], [true, true]]",
18064,q,a,cx_stage1,,"[[[34, 603], [52, 603]], [], [true, true]]",
18065,q,a,cx_stage2,,"[[[34, 603], [52, 603]], [], [true, true]]",
18066,q,a,cx_stage3,,"[[[34, 603], [52, 603]], [], [true, true]]",
18067,q,a,cx_stage1,,"[[[34, 606], [53, 606]], [], [true, true]]",
18068,q,a,cx_stage2,,"[[[34, 606], [53, 606]], [], [true, true]]",
18069,q,a,cx_stage3,,"[[[34, 606], [53, 606]], [], [true, true]]",
18070,q,a,cx_stage1,,"[[[34, 610], [53, 610]], [], [true, true]]",
18071,q,a,cx_stage2,,"[[[34, 610], [53, 610]], [], [true, true]]",
18072,q,a,cx_stage3,,"[[[34, 610], [53, 610]], [], [true, true]]",
18073,q,a,cx_stage1,,"[[[34, 613], [54, 613]], [], [true, true]]",
18074,q,a,cx_stage2,,"[[[34, 613], [54, 613]], [], [true, true]]",
18075,q,a,cx_stage3,,"[[[34, 613], [54, 613]], [], [true, true]]",
18076,q,a,cx_stage1,,"[[[34, 617], [54, 617]], [], [true, true]]",
18077,q,a,cx_stage2,,"[[[34, 617], [54, 617]], [], [true, true]]",
18078,q,a,cx_stage3,,"[[[34, 617], [54, 617]], [], [true, true]]",
18079,q,a,cx_stage1,,"[[[34, 620], [55, 620]], [], [true, true]]",
18080,q,a,cx_stage2,,"[[[34, 620], [55, 620]], [], [true, true]]",
18081,q,a,cx_stage3,,"[[[34, 620], [55, 620]], [], [true, true]]",
18082,q,a,cx_stage1,,"[[[34, 624], [55, 624]], [], [true, true]]",
18083,q,a,cx_stage2,,"[[[34, 624], [55, 624]], [], [true, true]]",
18084,q,a,cx_stage3,,"[[[34, 624], [55, 624]], [], [true, true]]",
18085,q,a,u2,,"[[[34, 625]], [], [true]]",
18086,q,a,cx_stage1,,"[[[0, 628], [34, 628]], [], [true, true]]",
18087,q,a,cx_stage3,,"[[[0, 628], [34, 628]], [], [true, true]]",
18088,q,a,p,,"[[[34, 629]], [], [true]]",
18089,q,a,cx_stage1,,"[[[0, 632], [34, 632]], [], [true, true]]",
18090,q,a,cx_stage3,,"[[[0, 632], [34, 632]], [], [true, true]]",
18091,q,a,cx_stage1,,"[[[1, 635], [34, 635]], [], [true, true]]",
18092,q,a,cx_stage3,,"[[[1, 635], [34, 635]], [], [true, true]]",
18093,q,a,p,,"[[[34, 636]], [], [true]]",
18094,q,a,cx_stage1,,"[[[1, 639], [34, 639]], [], [true, true]]",
18095,q,a,cx_stage3,,"[[[1, 639], [34, 639]], [], [true, true]]",
18096,q,a,cx_stage1,,"[[[2, 642], [34, 642]], [], [true, true]]",
18097,q,a,cx_stage3,,"[[[2, 642], [34, 642]], [], [true, true]]",
18098,q,a,p,,"[[[34, 643]], [], [true]]",
18099,q,a,cx_stage1,,"[[[2, 646], [34, 646]], [], [true, true]]",
18100,q,a,cx_stage3,,"[[[2, 646], [34, 646]], [], [true, true]]",
18101,q,a,cx_stage1,,"[[[3, 649], [34, 649]], [], [true, true]]",
18102,q,a,cx_stage2,,"[[[3, 649], [34, 649]], [], [true, true]]",
18103,q,a,cx_stage3,,"[[[3, 649], [34, 649]], [], [true, true]]",
18104,q,a,p,,"[[[34, 650]], [], [true]]",
18105,q,a,cx_stage1,,"[[[3, 653], [34, 653]], [], [true, true]]",
18106,q,a,cx_stage2,,"[[[3, 653], [34, 653]], [], [true, true]]",
18107,q,a,cx_stage3,,"[[[3, 653], [34, 653]], [], [true, true]]",
18108,q,a,cx_stage1,,"[[[4, 656], [34, 656]], [], [true, true]]",
18109,q,a,cx_stage2,,"[[[4, 656], [34, 656]], [], [true, true]]",
18110,q,a,cx_stage3,,"[[[4, 656], [34, 656]], [], [true, true]]",
18111,q,a,p,,"[[[34, 657]], [], [true]]",
18112,q,a,cx_stage1,,"[[[4, 660], [34, 660]], [], [true, true]]",
18113,q,a,cx_stage2,,"[[[4, 660], [34, 660]], [], [true, true]]",
18114,q,a,cx_stage3,,"[[[4, 660], [34, 660]], [], [true, true]]",
18115,q,a,cx_stage1,,"[[[5, 663], [34, 663]], [], [true, true]]",
18116,q,a,cx_stage2,,"[[[5, 663], [34, 663]], [], [true, true]]",
18117,q,a,cx_stage3,,"[[[5, 663], [34, 663]], [], [true, true]]",
18118,q,a,p,,"[[[34, 664]], [], [true]]",
18119,q,a,cx_stage1,,"[[[5, 667], [34, 667]], [], [true, true]]",
18120,q,a,cx_stage2,,"[[[5, 667], [34, 667]], [], [true, true]]",
18121,q,a,cx_stage3,,"[[[5, 667], [34, 667]], [], [true, true]]",
18122,q,a,cx_stage1,,"[[[6, 670], [34, 670]], [], [true, true]]",
18123,q,a,cx_stage2,,"[[[6, 670], [34, 670]], [], [true, true]]",
18124,q,a,cx_stage3,,"[[[6, 670], [34, 670]], [], [true, true]]",
18125,q,a,p,,"[[[34, 671]], [], [true]]",
18126,q,a,cx_stage1,,"[[[6, 674], [34, 674]], [], [true, true]]",
18127,q,a,cx_stage2,,"[[[6, 674], [34, 674]], [], [true, true]]",
18128,q,a,cx_stage3,,"[[[6, 674], [34, 674]], [], [true, true]]",
18129,q,a,cx_stage1,,"[[[7, 677], [34, 677]], [], [true, true]]",
18130,q,a,cx_stage2,,"[[[7, 677], [34, 677]], [], [true, true]]",
18131,q,a,cx_stage3,,"[[[7, 677], [34, 677]], [], [true, true]]",
18132,q,a,p,,"[[[34, 678]], [], [true]]",
18133,q,a,cx_stage1,,"[[[7, 681], [34, 681]], [], [true, true]]",
18134,q,a,cx_stage2,,"[[[7, 681], [34, 681]], [], [true, true]]",
18135,q,a,cx_stage3,,"[[[7, 681], [34, 681]], [], [true, true]]",
18136,q,a,cx_stage1,,"[[[8, 684], [34, 684]], [], [true, true]]",
18137,q,a,cx_stage2,,"[[[8, 684], [34, 684]], [], [true, true]]",
18138,q,a,cx_stage3,,"[[[8, 684], [34, 684]], [], [true, true]]",
18139,q,a,p,,"[[[34, 685]], [], [true]]",
18140,q,a,cx_stage1,,"[[[8, 688], [34, 688]], [], [true, true]]",
18141,q,a,cx_stage2,,"[[[8, 688], [34, 688]], [], [true, true]]",
18142,q,a,cx_stage3,,"[[[8, 688], [34, 688]], [], [true, true]]",
18143,q,a,cx_stage1,,"[[[9, 691], [34, 691]], [], [true, true]]",
18144,q,a,cx_stage2,,"[[[9, 691], [34, 691]], [], [true, true]]",
18145,q,a,cx_stage3,,"[[[9, 691], [34, 691]], [], [true, true]]",
18146,q,a,p,,"[[[34, 692]], [], [true]]",
18147,q,a,cx_stage1,,"[[[9, 695], [34, 695]], [], [true, true]]",
18148,q,a,cx_stage2,,"[[[9, 695], [34, 695]], [], [true, true]]",
18149,q,a,cx_stage3,,"[[[9, 695], [34, 695]], [], [true, true]]",
18150,q,a,cx_stage1,,"[[[10, 698], [34, 698]], [], [true, true]]",
18151,q,a,cx_stage3,,"[[[10, 698], [34, 698]], [], [true, true]]",
18152,q,a,p,,"[[[34, 699]], [], [true]]",
18153,q,a,cx_stage1,,"[[[10, 702], [34, 702]], [], [true, true]]",
18154,q,a,cx_stage3,,"[[[10, 702], [34, 702]], [], [true, true]]",
18155,q,a,cx_stage1,,"[[[11, 705], [34, 705]], [], [true, true]]",
18156,q,a,cx_stage3,,"[[[11, 705], [34, 705]], [], [true, true]]",
18157,q,a,p,,"[[[34, 706]], [], [true]]",
18158,q,a,cx_stage1,,"[[[11, 709], [34, 709]], [], [true, true]]",
18159,q,a,cx_stage3,,"[[[11, 709], [34, 709]], [], [true, true]]",
18160,q,a,cx_stage1,,"[[[12, 712], [34, 712]], [], [true, true]]",
18161,q,a,cx_stage3,,"[[[12, 712], [34, 712]], [], [true, true]]",
18162,q,a,p,,"[[[34, 713]], [], [true]]",
18163,q,a,cx_stage1,,"[[[12, 716], [34, 716]], [], [true, true]]",
18164,q,a,cx_stage3,,"[[[12, 716], [34, 716]], [], [true, true]]",
18165,q,a,cx_stage1,,"[[[13, 719], [34, 719]], [], [true, true]]",
18166,q,a,cx_stage3,,"[[[13, 719], [34, 719]], [], [true, true]]",
18167,q,a,p,,"[[[34, 720]], [], [true]]",
18168,q,a,cx_stage1,,"[[[13, 723], [34, 723]], [], [true, true]]",
18169,q,a,cx_stage3,,"[[[13, 723], [34, 723]], [], [true, true]]",
18170,q,a,cx_stage1,,"[[[14, 726], [34, 726]], [], [true, true]]",
18171,q,a,cx_stage3,,"[[[14, 726], [34, 726]], [], [true, true]]",
18172,q,a,p,,"[[[34, 727]], [], [true]]",
18173,q,a,cx_stage1,,"[[[14, 730], [34, 730]], [], [true, true]]",
18174,q,a,cx_stage3,,"[[[14, 730], [34, 730]], [], [true, true]]",
18175,q,a,cx_stage1,,"[[[15, 733], [34, 733]], [], [true, true]]",
18176,q,a,cx_stage3,,"[[[15, 733], [34, 733]], [], [true, true]]",
18177,q,a,p,,"[[[34, 734]], [], [true]]",
18178,q,a,cx_stage1,,"[[[15, 737], [34, 737]], [], [true, true]]",
18179,q,a,cx_stage3,,"[[[15, 737], [34, 737]], [], [true, true]]",
18180,q,a,cx_stage1,,"[[[16, 740], [34, 740]], [], [true, true]]",
18181,q,a,cx_stage3,,"[[[16, 740], [34, 740]], [], [true, true]]",
18182,q,a,p,,"[[[34, 741]], [], [true]]",
18183,q,a,cx_stage1,,"[[[16, 744], [34, 744]], [], [true, true]]",
18184,q,a,cx_stage3,,"[[[16, 744], [34, 744]], [], [true, true]]",
18185,q,a,cx_stage1,,"[[[17, 747], [34, 747]], [], [true, true]]",
18186,q,a,cx_stage3,,"[[[17, 747], [34, 747]], [], [true, true]]",
18187,q,a,p,,"[[[34, 748]], [], [true]]",
18188,q,a,cx_stage1,,"[[[17, 751], [34, 751]], [], [true, true]]",
18189,q,a,cx_stage3,,"[[[17, 751], [34, 751]], [], [true, true]]",
18190,q,a,cx_stage1,,"[[[18, 754], [34, 754]], [], [true, true]]",
18191,q,a,cx_stage3,,"[[[18, 754], [34, 754]], [], [true, true]]",
18192,q,a,p,,"[[[34, 755]], [], [true]]",
18193,q,a,cx_stage1,,"[[[18, 758], [34, 758]], [], [true, true]]",
18194,q,a,cx_stage3,,"[[[18, 758], [34, 758]], [], [true, true]]",
18195,q,a,cx_stage1,,"[[[19, 761], [34, 761]], [], [true, true]]",
18196,q,a,cx_stage3,,"[[[19, 761], [34, 761]], [], [true, true]]",
18197,q,a,p,,"[[[34, 762]], [], [true]]",
18198,q,a,cx_stage1,,"[[[19, 765], [34, 765]], [], [true, true]]",
18199,q,a,cx_stage3,,"[[[19, 765], [34, 765]], [], [true, true]]",
18200,q,a,cx_stage1,,"[[[20, 768], [34, 768]], [], [true, true]]",
18201,q,a,cx_stage3,,"[[[20, 768], [34, 768]], [], [true, true]]",
18202,q,a,p,,"[[[34, 769]], [], [true]]",
18203,q,a,cx_stage1,,"[[[20, 772], [34, 772]], [], [true, true]]",
18204,q,a,cx_stage3,,"[[[20, 772], [34, 772]], [], [true, true]]",
18205,q,a,cx_stage1,,"[[[21, 775], [34, 775]], [], [true, true]]",
18206,q,a,cx_stage3,,"[[[21, 775], [34, 775]], [], [true, true]]",
18207,q,a,p,,"[[[34, 776]], [], [true]]",
18208,q,a,cx_stage1,,"[[[21, 779], [34, 779]], [], [true, true]]",
18209,q,a,cx_stage3,,"[[[21, 779], [34, 779]], [], [true, true]]",
18210,q,a,cx_stage1,,"[[[22, 782], [34, 782]], [], [true, true]]",
18211,q,a,cx_stage3,,"[[[22, 782], [34, 782]], [], [true, true]]",
18212,q,a,p,,"[[[34, 783]], [], [true]]",
18213,q,a,cx_stage1,,"[[[22, 786], [34, 786]], [], [true, true]]",
18214,q,a,cx_stage3,,"[[[22, 786], [34, 786]], [], [true, true]]",
18215,q,a,cx_stage1,,"[[[23, 789], [34, 789]], [], [true, true]]",
18216,q,a,cx_stage3,,"[[[23, 789], [34, 789]], [], [true, true]]",
18217,q,a,p,,"[[[34, 790]], [], [true]]",
18218,q,a,cx_stage1,,"[[[23, 793], [34, 793]], [], [true, true]]",
18219,q,a,cx_stage3,,"[[[23, 793], [34, 793]], [], [true, true]]",
18220,q,a,cx_stage1,,"[[[24, 796], [34, 796]], [], [true, true]]",
18221,q,a,cx_stage3,,"[[[24, 796], [34, 796]], [], [true, true]]",
18222,q,a,p,,"[[[34, 797]], [], [true]]",
18223,q,a,cx_stage1,,"[[[24, 800], [34, 800]], [], [true, true]]",
18224,q,a,cx_stage3,,"[[[24, 800], [34, 800]], [], [true, true]]",
18225,q,a,cx_stage1,,"[[[25, 803], [34, 803]], [], [true, true]]",
18226,q,a,cx_stage3,,"[[[25, 803], [34, 803]], [], [true, true]]",
18227,q,a,p,,"[[[34, 804]], [], [true]]",
18228,q,a,cx_stage1,,"[[[25, 807], [34, 807]], [], [true, true]]",
18229,q,a,cx_stage3,,"[[[25, 807], [34, 807]], [], [true, true]]",
18230,q,a,cx_stage1,,"[[[26, 810], [34, 810]], [], [true, true]]",
18231,q,a,cx_stage3,,"[[[26, 810], [34, 810]], [], [true, true]]",
18232,q,a,p,,"[[[34, 811]], [], [true]]",
18233,q,a,cx_stage1,,"[[[26, 814], [34, 814]], [], [true, true]]",
18234,q,a,cx_stage3,,"[[[26, 814], [34, 814]], [], [true, true]]",
18235,q,a,cx_stage1,,"[[[27, 817], [34, 817]], [], [true, true]]",
18236,q,a,cx_stage3,,"[[[27, 817], [34, 817]], [], [true, true]]",
18237,q,a,p,,"[[[34, 818]], [], [true]]",
18238,q,a,cx_stage1,,"[[[27, 821], [34, 821]], [], [true, true]]",
18239,q,a,cx_stage3,,"[[[27, 821], [34, 821]], [], [true, true]]",
18240,q,a,cx_stage1,,"[[[28, 824], [34, 824]], [], [true, true]]",
18241,q,a,cx_stage3,,"[[[28, 824], [34, 824]], [], [true, true]]",
18242,q,a,p,,"[[[34, 825]], [], [true]]",
18243,q,a,cx_stage1,,"[[[28, 828], [34, 828]], [], [true, true]]",
18244,q,a,cx_stage3,,"[[[28, 828], [34, 828]], [], [true, true]]",
18245,q,a,cx_stage1,,"[[[29, 831], [34, 831]], [], [true, true]]",
18246,q,a,cx_stage3,,"[[[29, 831], [34, 831]], [], [true, true]]",
18247,q,a,p,,"[[[34, 832]], [], [true]]",
18248,q,a,cx_stage1,,"[[[29, 835], [34, 835]], [], [true, true]]",
18249,q,a,cx_stage3,,"[[[29, 835], [34, 835]], [], [true, true]]",
18250,q,a,cx_stage1,,"[[[30, 838], [34, 838]], [], [true, true]]",
18251,q,a,cx_stage3,,"[[[30, 838], [34, 838]], [], [true, true]]",
18252,q,a,p,,"[[[34, 839]], [], [true]]",
18253,q,a,cx_stage1,,"[[[30, 842], [34, 842]], [], [true, true]]",
18254,q,a,cx_stage3,,"[[[30, 842], [34, 842]], [], [true, true]]",
18255,q,a,cx_stage1,,"[[[31, 845], [34, 845]], [], [true, true]]",
18256,q,a,cx_stage3,,"[[[31, 845], [34, 845]], [], [true, true]]",
18257,q,a,p,,"[[[34, 846]], [], [true]]",
18258,q,a,cx_stage1,,"[[[31, 849], [34, 849]], [], [true, true]]",
18259,q,a,cx_stage3,,"[[[31, 849], [34, 849]], [], [true, true]]",
18260,q,a,cx_stage1,,"[[[32, 852], [34, 852]], [], [true, true]]",
18261,q,a,cx_stage3,,"[[[32, 852], [34, 852]], [], [true, true]]",
18262,q,a,p,,"[[[34, 853]], [], [true]]",
18263,q,a,cx_stage1,,"[[[32, 856], [34, 856]], [], [true, true]]",
18264,q,a,cx_stage3,,"[[[32, 856], [34, 856]], [], [true, true]]",
18265,q,a,cx_stage1,,"[[[33, 859], [34, 859]], [], [true, true]]",
18266,q,a,cx_stage3,,"[[[33, 859], [34, 859]], [], [true, true]]",
18267,q,a,p,,"[[[34, 860]], [], [true]]",
18268,q,a,cx_stage1,,"[[[33, 863], [34, 863]], [], [true, true]]",
18269,q,a,cx_stage3,,"[[[33, 863], [34, 863]], [], [true, true]]",
18270,q,a,cx_stage1,,"[[[34, 873], [35, 873]], [], [true, true]]",
18271,q,a,cx_stage2,,"[[[34, 873], [35, 873]], [], [true, true]]",
18272,q,a,cx_stage3,,"[[[34, 873], [35, 873]], [], [true, true]]",
18273,q,a,cx_stage1,,"[[[34, 877], [35, 877]], [], [true, true]]",
18274,q,a,cx_stage2,,"[[[34, 877], [35, 877]], [], [true, true]]",
18275,q,a,cx_stage3,,"[[[34, 877], [35, 877]], [], [true, true]]",
18276,q,a,cx_stage1,,"[[[34, 880], [36, 880]], [], [true, true]]",
18277,q,a,cx_stage2,,"[[[34, 880], [36, 880]], [], [true, true]]",
18278,q,a,cx_stage3,,"[[[34, 880], [36, 880]], [], [true, true]]",
18279,q,a,cx_stage1,,"[[[34, 884], [36, 884]], [], [true, true]]",
18280,q,a,cx_stage2,,"[[[34, 884], [36, 884]], [], [true, true]]",
18281,q,a,cx_stage3,,"[[[34, 884], [36, 884]], [], [true, true]]",
18282,q,a,cx_stage1,,"[[[34, 887], [37, 887]], [], [true, true]]",
18283,q,a,cx_stage2,,"[[[34, 887], [37, 887]], [], [true, true]]",
18284,q,a,cx_stage3,,"[[[34, 887], [37, 887]], [], [true, true]]",
18285,q,a,cx_stage1,,"[[[34, 891], [37, 891]], [], [true, true]]",
18286,q,a,cx_stage2,,"[[[34, 891], [37, 891]], [], [true, true]]",
18287,q,a,cx_stage3,,"[[[34, 891], [37, 891]], [], [true, true]]",
18288,q,a,cx_stage1,,"[[[34, 894], [38, 894]], [], [true, true]]",
18289,q,a,cx_stage2,,"[[[34, 894], [38, 894]], [], [true, true]]",
18290,q,a,cx_stage3,,"[[[34, 894], [38, 894]], [], [true, true]]",
18291,q,a,cx_stage1,,"[[[34, 898], [38, 898]], [], [true, true]]",
18292,q,a,cx_stage2,,"[[[34, 898], [38, 898]], [], [true, true]]",
18293,q,a,cx_stage3,,"[[[34, 898], [38, 898]], [], [true, true]]",
18294,q,a,cx_stage1,,"[[[34, 901], [39, 901]], [], [true, true]]",
18295,q,a,cx_stage2,,"[[[34, 901], [39, 901]], [], [true, true]]",
18296,q,a,cx_stage3,,"[[[34, 901], [39, 901]], [], [true, true]]",
18297,q,a,cx_stage1,,"[[[34, 905], [39, 905]], [], [true, true]]",
18298,q,a,cx_stage2,,"[[[34, 905], [39, 905]], [], [true, true]]",
18299,q,a,cx_stage3,,"[[[34, 905], [39, 905]], [], [true, true]]",
18300,q,a,cx_stage1,,"[[[34, 908], [40, 908]], [], [true, true]]",
18301,q,a,cx_stage2,,"[[[34, 908], [40, 908]], [], [true, true]]",
18302,q,a,cx_stage3,,"[[[34, 908], [40, 908]], [], [true, true]]",
18303,q,a,cx_stage1,,"[[[34, 912], [40, 912]], [], [true, true]]",
18304,q,a,cx_stage2,,"[[[34, 912], [40, 912]], [], [true, true]]",
18305,q,a,cx_stage3,,"[[[34, 912], [40, 912]], [], [true, true]]",
18306,q,a,cx_stage1,,"[[[34, 915], [41, 915]], [], [true, true]]",
18307,q,a,cx_stage2,,"[[[34, 915], [41, 915]], [], [true, true]]",
18308,q,a,cx_stage3,,"[[[34, 915], [41, 915]], [], [true, true]]",
18309,q,a,cx_stage1,,"[[[34, 919], [41, 919]], [], [true, true]]",
18310,q,a,cx_stage2,,"[[[34, 919], [41, 919]], [], [true, true]]",
18311,q,a,cx_stage3,,"[[[34, 919], [41, 919]], [], [true, true]]",
18312,q,a,cx_stage1,,"[[[34, 922], [42, 922]], [], [true, true]]",
18313,q,a,cx_stage2,,"[[[34, 922], [42, 922]], [], [true, true]]",
18314,q,a,cx_stage3,,"[[[34, 922], [42, 922]], [], [true, true]]",
18315,q,a,cx_stage1,,"[[[34, 926], [42, 926]], [], [true, true]]",
18316,q,a,cx_stage2,,"[[[34, 926], [42, 926]], [], [true, true]]",
18317,q,a,cx_stage3,,"[[[34, 926], [42, 926]], [], [true, true]]",
18318,q,a,cx_stage1,,"[[[34, 929], [43, 929]], [], [true, true]]",
18319,q,a,cx_stage2,,"[[[34, 929], [43, 929]], [], [true, true]]",
18320,q,a,cx_stage3,,"[[[34, 929], [43, 929]], [], [true, true]]",
18321,q,a,cx_stage1,,"[[[34, 933], [43, 933]], [], [true, true]]",
18322,q,a,cx_stage2,,"[[[34, 933], [43, 933]], [], [true, true]]",
18323,q,a,cx_stage3,,"[[[34, 933], [43, 933]], [], [true, true]]",
18324,q,a,cx_stage1,,"[[[34, 936], [44, 936]], [], [true, true]]",
18325,q,a,cx_stage2,,"[[[34, 936], [44, 936]], [], [true, true]]",
18326,q,a,cx_stage3,,"[[[34, 936], [44, 936]], [], [true, true]]",
18327,q,a,cx_stage1,,"[[[34, 940], [44, 940]], [], [true, true]]",
18328,q,a,cx_stage2,,"[[[34, 940], [44, 940]], [], [true, true]]",
18329,q,a,cx_stage3,,"[[[34, 940], [44, 940]], [], [true, true]]",
18330,q,a,cx_stage1,,"[[[34, 943], [45, 943]], [], [true, true]]",
18331,q,a,cx_stage2,,"[[[34, 943], [45, 943]], [], [true, true]]",
18332,q,a,cx_stage3,,"[[[34, 943], [45, 943]], [], [true, true]]",
18333,q,a,cx_stage1,,"[[[34, 947], [45, 947]], [], [true, true]]",
18334,q,a,cx_stage2,,"[[[34, 947], [45, 947]], [], [true, true]]",
18335,q,a,cx_stage3,,"[[[34, 947], [45, 947]], [], [true, true]]",
18336,q,a,cx_stage1,,"[[[34, 950], [46, 950]], [], [true, true]]",
18337,q,a,cx_stage2,,"[[[34, 950], [46, 950]], [], [true, true]]",
18338,q,a,cx_stage3,,"[[[34, 950], [46, 950]], [], [true, true]]",
18339,q,a,cx_stage1,,"[[[34, 954], [46, 954]], [], [true, true]]",
18340,q,a,cx_stage2,,"[[[34, 954], [46, 954]], [], [true, true]]",
18341,q,a,cx_stage3,,"[[[34, 954], [46, 954]], [], [true, true]]",
18342,q,a,cx_stage1,,"[[[34, 957], [47, 957]], [], [true, true]]",
18343,q,a,cx_stage2,,"[[[34, 957], [47, 957]], [], [true, true]]",
18344,q,a,cx_stage3,,"[[[34, 957], [47, 957]], [], [true, true]]",
18345,q,a,cx_stage1,,"[[[34, 961], [47, 961]], [], [true, true]]",
18346,q,a,cx_stage2,,"[[[34, 961], [47, 961]], [], [true, true]]",
18347,q,a,cx_stage3,,"[[[34, 961], [47, 961]], [], [true, true]]",
18348,q,a,cx_stage1,,"[[[34, 964], [48, 964]], [], [true, true]]",
18349,q,a,cx_stage2,,"[[[34, 964], [48, 964]], [], [true, true]]",
18350,q,a,cx_stage3,,"[[[34, 964], [48, 964]], [], [true, true]]",
18351,q,a,cx_stage1,,"[[[34, 968], [48, 968]], [], [true, true]]",
18352,q,a,cx_stage2,,"[[[34, 968], [48, 968]], [], [true, true]]",
18353,q,a,cx_stage3,,"[[[34, 968], [48, 968]], [], [true, true]]",
18354,q,a,cx_stage1,,"[[[34, 971], [49, 971]], [], [true, true]]",
18355,q,a,cx_stage2,,"[[[34, 971], [49, 971]], [], [true, true]]",
18356,q,a,cx_stage3,,"[[[34, 971], [49, 971]], [], [true, true]]",
18357,q,a,cx_stage1,,"[[[34, 975], [49, 975]], [], [true, true]]",
18358,q,a,cx_stage2,,"[[[34, 975], [49, 975]], [], [true, true]]",
18359,q,a,cx_stage3,,"[[[34, 975], [49, 975]], [], [true, true]]",
18360,q,a,cx_stage1,,"[[[34, 978], [50, 978]], [], [true, true]]",
18361,q,a,cx_stage2,,"[[[34, 978], [50, 978]], [], [true, true]]",
18362,q,a,cx_stage3,,"[[[34, 978], [50, 978]], [], [true, true]]",
18363,q,a,cx_stage1,,"[[[34, 982], [50, 982]], [], [true, true]]",
18364,q,a,cx_stage2,,"[[[34, 982], [50, 982]], [], [true, true]]",
18365,q,a,cx_stage3,,"[[[34, 982], [50, 982]], [], [true, true]]",
18366,q,a,cx_stage1,,"[[[34, 985], [51, 985]], [], [true, true]]",
18367,q,a,cx_stage2,,"[[[34, 985], [51, 985]], [], [true, true]]",
18368,q,a,cx_stage3,,"[[[34, 985], [51, 985]], [], [true, true]]",
18369,q,a,cx_stage1,,"[[[34, 989], [51, 989]], [], [true, true]]",
18370,q,a,cx_stage2,,"[[[34, 989], [51, 989]], [], [true, true]]",
18371,q,a,cx_stage3,,"[[[34, 989], [51, 989]], [], [true, true]]",
18372,q,a,cx_stage1,,"[[[34, 992], [52, 992]], [], [true, true]]",
18373,q,a,cx_stage2,,"[[[34, 992], [52, 992]], [], [true, true]]",
18374,q,a,cx_stage3,,"[[[34, 992], [52, 992]], [], [true, true]]",
18375,q,a,cx_stage1,,"[[[34, 996], [52, 996]], [], [true, true]]",
18376,q,a,cx_stage2,,"[[[34, 996], [52, 996]], [], [true, true]]",
18377,q,a,cx_stage3,,"[[[34, 996], [52, 996]], [], [true, true]]",
18378,q,a,cx_stage1,,"[[[34, 999], [53, 999]], [], [true, true]]",
18379,q,a,cx_stage2,,"[[[34, 999], [53, 999]], [], [true, true]]",
18380,q,a,cx_stage3,,"[[[34, 999], [53, 999]], [], [true, true]]",
18381,q,a,u2,,"[[[35, 1]], [], [true]]",
18382,q,a,cx_stage1,,"[[[0, 242], [35, 242]], [], [true, true]]",
18383,q,a,cx_stage2,,"[[[35, 1003], [52, 1003]], [], [true, true]]",
18384,q,a,cx_stage1,,"[[[35, 1003], [52, 1003]], [], [true, true]]",
18385,q,a,cx_stage3,,"[[[35, 1003], [52, 1003]], [], [true, true]]",
18386,q,a,cx_stage1,,"[[[35, 1006], [53, 1006]], [], [true, true]]",
18387,q,a,cx_stage2,,"[[[35, 1006], [53, 1006]], [], [true, true]]",
18388,q,a,cx_stage3,,"[[[35, 1006], [53, 1006]], [], [true, true]]",
18389,q,a,cx_stage1,,"[[[35, 1010], [53, 1010]], [], [true, true]]",
18390,q,a,cx_stage2,,"[[[35, 1010], [53, 1010]], [], [true, true]]",
18391,q,a,cx_stage3,,"[[[35, 1010], [53, 1010]], [], [true, true]]",
18392,q,a,cx_stage1,,"[[[35, 1013], [54, 1013]], [], [true, true]]",
18393,q,a,cx_stage2,,"[[[35, 1013], [54, 1013]], [], [true, true]]",
18394,q,a,cx_stage3,,"[[[35, 1013], [54, 1013]], [], [true, true]]",
18395,q,a,cx_stage1,,"[[[35, 1017], [54, 1017]], [], [true, true]]",
18396,q,a,cx_stage2,,"[[[35, 1017], [54, 1017]], [], [true, true]]",
18397,q,a,cx_stage3,,"[[[35, 1017], [54, 1017]], [], [true, true]]",
18398,q,a,cx_stage1,,"[[[35, 1020], [55, 1020]], [], [true, true]]",
18399,q,a,cx_stage2,,"[[[35, 1020], [55, 1020]], [], [true, true]]",
18400,q,a,cx_stage3,,"[[[35, 1020], [55, 1020]], [], [true, true]]",
18401,q,a,cx_stage1,,"[[[35, 1024], [55, 1024]], [], [true, true]]",
18402,q,a,cx_stage2,,"[[[35, 1024], [55, 1024]], [], [true, true]]",
18403,q,a,cx_stage3,,"[[[35, 1024], [55, 1024]], [], [true, true]]",
18404,q,a,ry,,"[[[35, 1025]], [], [true]]",
18405,q,a,cx_stage1,,"[[[35, 1218], [36, 1218]], [], [true, true]]",
18406,q,a,cx_stage2,,"[[[35, 1218], [36, 1218]], [], [true, true]]",
18407,q,a,cx_stage3,,"[[[35, 1218], [36, 1218]], [], [true, true]]",
18408,q,a,cx_stage1,,"[[[34, 1221], [35, 1221]], [], [true, true]]",
18409,q,a,cx_stage3,,"[[[34, 1221], [35, 1221]], [], [true, true]]",
18410,q,a,ry,,"[[[35, 1222]], [], [true]]",
18411,q,a,cx_stage3,,"[[[0, 242], [35, 242]], [], [true, true]]",
18412,q,a,p,,"[[[35, 243]], [], [true]]",
18413,q,a,cx_stage1,,"[[[0, 246], [35, 246]], [], [true, true]]",
18414,q,a,cx_stage3,,"[[[0, 246], [35, 246]], [], [true, true]]",
18415,q,a,cx_stage1,,"[[[1, 249], [35, 249]], [], [true, true]]",
18416,q,a,cx_stage3,,"[[[1, 249], [35, 249]], [], [true, true]]",
18417,q,a,p,,"[[[35, 250]], [], [true]]",
18418,q,a,cx_stage1,,"[[[1, 253], [35, 253]], [], [true, true]]",
18419,q,a,cx_stage3,,"[[[1, 253], [35, 253]], [], [true, true]]",
18420,q,a,cx_stage1,,"[[[2, 256], [35, 256]], [], [true, true]]",
18421,q,a,cx_stage3,,"[[[2, 256], [35, 256]], [], [true, true]]",
18422,q,a,p,,"[[[35, 257]], [], [true]]",
18423,q,a,cx_stage1,,"[[[2, 260], [35, 260]], [], [true, true]]",
18424,q,a,cx_stage3,,"[[[2, 260], [35, 260]], [], [true, true]]",
18425,q,a,cx_stage1,,"[[[3, 263], [35, 263]], [], [true, true]]",
18426,q,a,cx_stage2,,"[[[3, 263], [35, 263]], [], [true, true]]",
18427,q,a,cx_stage3,,"[[[3, 263], [35, 263]], [], [true, true]]",
18428,q,a,p,,"[[[35, 264]], [], [true]]",
18429,q,a,cx_stage1,,"[[[3, 267], [35, 267]], [], [true, true]]",
18430,q,a,cx_stage2,,"[[[3, 267], [35, 267]], [], [true, true]]",
18431,q,a,cx_stage3,,"[[[3, 267], [35, 267]], [], [true, true]]",
18432,q,a,cx_stage1,,"[[[4, 270], [35, 270]], [], [true, true]]",
18433,q,a,cx_stage2,,"[[[4, 270], [35, 270]], [], [true, true]]",
18434,q,a,cx_stage3,,"[[[4, 270], [35, 270]], [], [true, true]]",
18435,q,a,p,,"[[[35, 271]], [], [true]]",
18436,q,a,cx_stage1,,"[[[4, 274], [35, 274]], [], [true, true]]",
18437,q,a,cx_stage2,,"[[[4, 274], [35, 274]], [], [true, true]]",
18438,q,a,cx_stage3,,"[[[4, 274], [35, 274]], [], [true, true]]",
18439,q,a,cx_stage1,,"[[[5, 277], [35, 277]], [], [true, true]]",
18440,q,a,cx_stage2,,"[[[5, 277], [35, 277]], [], [true, true]]",
18441,q,a,cx_stage3,,"[[[5, 277], [35, 277]], [], [true, true]]",
18442,q,a,p,,"[[[35, 278]], [], [true]]",
18443,q,a,cx_stage1,,"[[[5, 281], [35, 281]], [], [true, true]]",
18444,q,a,cx_stage2,,"[[[5, 281], [35, 281]], [], [true, true]]",
18445,q,a,cx_stage3,,"[[[5, 281], [35, 281]], [], [true, true]]",
18446,q,a,cx_stage1,,"[[[6, 284], [35, 284]], [], [true, true]]",
18447,q,a,cx_stage2,,"[[[6, 284], [35, 284]], [], [true, true]]",
18448,q,a,cx_stage3,,"[[[6, 284], [35, 284]], [], [true, true]]",
18449,q,a,p,,"[[[35, 285]], [], [true]]",
18450,q,a,cx_stage1,,"[[[6, 288], [35, 288]], [], [true, true]]",
18451,q,a,cx_stage2,,"[[[6, 288], [35, 288]], [], [true, true]]",
18452,q,a,cx_stage3,,"[[[6, 288], [35, 288]], [], [true, true]]",
18453,q,a,cx_stage1,,"[[[7, 291], [35, 291]], [], [true, true]]",
18454,q,a,cx_stage2,,"[[[7, 291], [35, 291]], [], [true, true]]",
18455,q,a,cx_stage3,,"[[[7, 291], [35, 291]], [], [true, true]]",
18456,q,a,p,,"[[[35, 292]], [], [true]]",
18457,q,a,cx_stage1,,"[[[7, 295], [35, 295]], [], [true, true]]",
18458,q,a,cx_stage2,,"[[[7, 295], [35, 295]], [], [true, true]]",
18459,q,a,cx_stage3,,"[[[7, 295], [35, 295]], [], [true, true]]",
18460,q,a,cx_stage1,,"[[[8, 298], [35, 298]], [], [true, true]]",
18461,q,a,cx_stage2,,"[[[8, 298], [35, 298]], [], [true, true]]",
18462,q,a,cx_stage3,,"[[[8, 298], [35, 298]], [], [true, true]]",
18463,q,a,p,,"[[[35, 299]], [], [true]]",
18464,q,a,cx_stage1,,"[[[8, 302], [35, 302]], [], [true, true]]",
18465,q,a,cx_stage2,,"[[[8, 302], [35, 302]], [], [true, true]]",
18466,q,a,cx_stage3,,"[[[8, 302], [35, 302]], [], [true, true]]",
18467,q,a,cx_stage1,,"[[[9, 305], [35, 305]], [], [true, true]]",
18468,q,a,cx_stage2,,"[[[9, 305], [35, 305]], [], [true, true]]",
18469,q,a,cx_stage3,,"[[[9, 305], [35, 305]], [], [true, true]]",
18470,q,a,p,,"[[[35, 306]], [], [true]]",
18471,q,a,cx_stage1,,"[[[9, 309], [35, 309]], [], [true, true]]",
18472,q,a,cx_stage2,,"[[[9, 309], [35, 309]], [], [true, true]]",
18473,q,a,cx_stage3,,"[[[9, 309], [35, 309]], [], [true, true]]",
18474,q,a,cx_stage1,,"[[[10, 312], [35, 312]], [], [true, true]]",
18475,q,a,cx_stage3,,"[[[10, 312], [35, 312]], [], [true, true]]",
18476,q,a,p,,"[[[35, 313]], [], [true]]",
18477,q,a,cx_stage1,,"[[[10, 316], [35, 316]], [], [true, true]]",
18478,q,a,cx_stage3,,"[[[10, 316], [35, 316]], [], [true, true]]",
18479,q,a,cx_stage1,,"[[[11, 319], [35, 319]], [], [true, true]]",
18480,q,a,cx_stage3,,"[[[11, 319], [35, 319]], [], [true, true]]",
18481,q,a,p,,"[[[35, 320]], [], [true]]",
18482,q,a,cx_stage1,,"[[[11, 323], [35, 323]], [], [true, true]]",
18483,q,a,cx_stage3,,"[[[11, 323], [35, 323]], [], [true, true]]",
18484,q,a,cx_stage1,,"[[[12, 326], [35, 326]], [], [true, true]]",
18485,q,a,cx_stage3,,"[[[12, 326], [35, 326]], [], [true, true]]",
18486,q,a,p,,"[[[35, 327]], [], [true]]",
18487,q,a,cx_stage1,,"[[[12, 330], [35, 330]], [], [true, true]]",
18488,q,a,cx_stage3,,"[[[12, 330], [35, 330]], [], [true, true]]",
18489,q,a,cx_stage1,,"[[[13, 333], [35, 333]], [], [true, true]]",
18490,q,a,cx_stage3,,"[[[13, 333], [35, 333]], [], [true, true]]",
18491,q,a,p,,"[[[35, 334]], [], [true]]",
18492,q,a,cx_stage1,,"[[[13, 337], [35, 337]], [], [true, true]]",
18493,q,a,cx_stage3,,"[[[13, 337], [35, 337]], [], [true, true]]",
18494,q,a,cx_stage1,,"[[[14, 340], [35, 340]], [], [true, true]]",
18495,q,a,cx_stage3,,"[[[14, 340], [35, 340]], [], [true, true]]",
18496,q,a,p,,"[[[35, 341]], [], [true]]",
18497,q,a,cx_stage1,,"[[[14, 344], [35, 344]], [], [true, true]]",
18498,q,a,cx_stage3,,"[[[14, 344], [35, 344]], [], [true, true]]",
18499,q,a,cx_stage1,,"[[[15, 347], [35, 347]], [], [true, true]]",
18500,q,a,cx_stage3,,"[[[15, 347], [35, 347]], [], [true, true]]",
18501,q,a,p,,"[[[35, 348]], [], [true]]",
18502,q,a,cx_stage1,,"[[[15, 351], [35, 351]], [], [true, true]]",
18503,q,a,cx_stage3,,"[[[15, 351], [35, 351]], [], [true, true]]",
18504,q,a,cx_stage1,,"[[[16, 354], [35, 354]], [], [true, true]]",
18505,q,a,cx_stage3,,"[[[16, 354], [35, 354]], [], [true, true]]",
18506,q,a,p,,"[[[35, 355]], [], [true]]",
18507,q,a,cx_stage1,,"[[[16, 358], [35, 358]], [], [true, true]]",
18508,q,a,cx_stage3,,"[[[16, 358], [35, 358]], [], [true, true]]",
18509,q,a,cx_stage1,,"[[[17, 361], [35, 361]], [], [true, true]]",
18510,q,a,cx_stage3,,"[[[17, 361], [35, 361]], [], [true, true]]",
18511,q,a,p,,"[[[35, 362]], [], [true]]",
18512,q,a,cx_stage1,,"[[[17, 365], [35, 365]], [], [true, true]]",
18513,q,a,cx_stage3,,"[[[17, 365], [35, 365]], [], [true, true]]",
18514,q,a,cx_stage1,,"[[[18, 368], [35, 368]], [], [true, true]]",
18515,q,a,cx_stage3,,"[[[18, 368], [35, 368]], [], [true, true]]",
18516,q,a,p,,"[[[35, 369]], [], [true]]",
18517,q,a,cx_stage1,,"[[[18, 372], [35, 372]], [], [true, true]]",
18518,q,a,cx_stage3,,"[[[18, 372], [35, 372]], [], [true, true]]",
18519,q,a,cx_stage1,,"[[[19, 375], [35, 375]], [], [true, true]]",
18520,q,a,cx_stage3,,"[[[19, 375], [35, 375]], [], [true, true]]",
18521,q,a,p,,"[[[35, 376]], [], [true]]",
18522,q,a,cx_stage1,,"[[[19, 379], [35, 379]], [], [true, true]]",
18523,q,a,cx_stage3,,"[[[19, 379], [35, 379]], [], [true, true]]",
18524,q,a,cx_stage1,,"[[[20, 382], [35, 382]], [], [true, true]]",
18525,q,a,cx_stage3,,"[[[20, 382], [35, 382]], [], [true, true]]",
18526,q,a,p,,"[[[35, 383]], [], [true]]",
18527,q,a,cx_stage1,,"[[[20, 386], [35, 386]], [], [true, true]]",
18528,q,a,cx_stage3,,"[[[20, 386], [35, 386]], [], [true, true]]",
18529,q,a,cx_stage1,,"[[[21, 389], [35, 389]], [], [true, true]]",
18530,q,a,cx_stage3,,"[[[21, 389], [35, 389]], [], [true, true]]",
18531,q,a,p,,"[[[35, 390]], [], [true]]",
18532,q,a,cx_stage1,,"[[[21, 393], [35, 393]], [], [true, true]]",
18533,q,a,cx_stage3,,"[[[21, 393], [35, 393]], [], [true, true]]",
18534,q,a,cx_stage1,,"[[[22, 396], [35, 396]], [], [true, true]]",
18535,q,a,cx_stage3,,"[[[22, 396], [35, 396]], [], [true, true]]",
18536,q,a,p,,"[[[35, 397]], [], [true]]",
18537,q,a,cx_stage1,,"[[[22, 400], [35, 400]], [], [true, true]]",
18538,q,a,cx_stage3,,"[[[22, 400], [35, 400]], [], [true, true]]",
18539,q,a,cx_stage1,,"[[[23, 403], [35, 403]], [], [true, true]]",
18540,q,a,cx_stage3,,"[[[23, 403], [35, 403]], [], [true, true]]",
18541,q,a,p,,"[[[35, 404]], [], [true]]",
18542,q,a,cx_stage1,,"[[[23, 407], [35, 407]], [], [true, true]]",
18543,q,a,cx_stage3,,"[[[23, 407], [35, 407]], [], [true, true]]",
18544,q,a,cx_stage1,,"[[[24, 410], [35, 410]], [], [true, true]]",
18545,q,a,cx_stage3,,"[[[24, 410], [35, 410]], [], [true, true]]",
18546,q,a,p,,"[[[35, 411]], [], [true]]",
18547,q,a,cx_stage1,,"[[[24, 414], [35, 414]], [], [true, true]]",
18548,q,a,cx_stage3,,"[[[24, 414], [35, 414]], [], [true, true]]",
18549,q,a,cx_stage1,,"[[[25, 417], [35, 417]], [], [true, true]]",
18550,q,a,cx_stage3,,"[[[25, 417], [35, 417]], [], [true, true]]",
18551,q,a,p,,"[[[35, 418]], [], [true]]",
18552,q,a,cx_stage1,,"[[[25, 421], [35, 421]], [], [true, true]]",
18553,q,a,cx_stage3,,"[[[25, 421], [35, 421]], [], [true, true]]",
18554,q,a,cx_stage1,,"[[[26, 424], [35, 424]], [], [true, true]]",
18555,q,a,cx_stage3,,"[[[26, 424], [35, 424]], [], [true, true]]",
18556,q,a,p,,"[[[35, 425]], [], [true]]",
18557,q,a,cx_stage1,,"[[[26, 428], [35, 428]], [], [true, true]]",
18558,q,a,cx_stage3,,"[[[26, 428], [35, 428]], [], [true, true]]",
18559,q,a,cx_stage1,,"[[[27, 431], [35, 431]], [], [true, true]]",
18560,q,a,cx_stage3,,"[[[27, 431], [35, 431]], [], [true, true]]",
18561,q,a,p,,"[[[35, 432]], [], [true]]",
18562,q,a,cx_stage1,,"[[[27, 435], [35, 435]], [], [true, true]]",
18563,q,a,cx_stage3,,"[[[27, 435], [35, 435]], [], [true, true]]",
18564,q,a,cx_stage1,,"[[[28, 438], [35, 438]], [], [true, true]]",
18565,q,a,cx_stage3,,"[[[28, 438], [35, 438]], [], [true, true]]",
18566,q,a,p,,"[[[35, 439]], [], [true]]",
18567,q,a,cx_stage1,,"[[[28, 442], [35, 442]], [], [true, true]]",
18568,q,a,cx_stage3,,"[[[28, 442], [35, 442]], [], [true, true]]",
18569,q,a,cx_stage1,,"[[[29, 445], [35, 445]], [], [true, true]]",
18570,q,a,cx_stage3,,"[[[29, 445], [35, 445]], [], [true, true]]",
18571,q,a,p,,"[[[35, 446]], [], [true]]",
18572,q,a,cx_stage1,,"[[[29, 449], [35, 449]], [], [true, true]]",
18573,q,a,cx_stage3,,"[[[29, 449], [35, 449]], [], [true, true]]",
18574,q,a,cx_stage1,,"[[[30, 452], [35, 452]], [], [true, true]]",
18575,q,a,cx_stage3,,"[[[30, 452], [35, 452]], [], [true, true]]",
18576,q,a,p,,"[[[35, 453]], [], [true]]",
18577,q,a,cx_stage1,,"[[[30, 456], [35, 456]], [], [true, true]]",
18578,q,a,cx_stage3,,"[[[30, 456], [35, 456]], [], [true, true]]",
18579,q,a,cx_stage1,,"[[[31, 459], [35, 459]], [], [true, true]]",
18580,q,a,cx_stage3,,"[[[31, 459], [35, 459]], [], [true, true]]",
18581,q,a,p,,"[[[35, 460]], [], [true]]",
18582,q,a,cx_stage1,,"[[[31, 463], [35, 463]], [], [true, true]]",
18583,q,a,cx_stage3,,"[[[31, 463], [35, 463]], [], [true, true]]",
18584,q,a,cx_stage1,,"[[[32, 466], [35, 466]], [], [true, true]]",
18585,q,a,cx_stage3,,"[[[32, 466], [35, 466]], [], [true, true]]",
18586,q,a,p,,"[[[35, 467]], [], [true]]",
18587,q,a,cx_stage1,,"[[[32, 470], [35, 470]], [], [true, true]]",
18588,q,a,cx_stage3,,"[[[32, 470], [35, 470]], [], [true, true]]",
18589,q,a,cx_stage1,,"[[[33, 473], [35, 473]], [], [true, true]]",
18590,q,a,cx_stage3,,"[[[33, 473], [35, 473]], [], [true, true]]",
18591,q,a,p,,"[[[35, 474]], [], [true]]",
18592,q,a,cx_stage1,,"[[[33, 477], [35, 477]], [], [true, true]]",
18593,q,a,cx_stage3,,"[[[33, 477], [35, 477]], [], [true, true]]",
18594,q,a,cx_stage1,,"[[[34, 480], [35, 480]], [], [true, true]]",
18595,q,a,cx_stage3,,"[[[34, 480], [35, 480]], [], [true, true]]",
18596,q,a,p,,"[[[35, 481]], [], [true]]",
18597,q,a,cx_stage1,,"[[[34, 484], [35, 484]], [], [true, true]]",
18598,q,a,cx_stage3,,"[[[34, 484], [35, 484]], [], [true, true]]",
18599,q,a,cx_stage1,,"[[[35, 494], [36, 494]], [], [true, true]]",
18600,q,a,cx_stage2,,"[[[35, 494], [36, 494]], [], [true, true]]",
18601,q,a,cx_stage3,,"[[[35, 494], [36, 494]], [], [true, true]]",
18602,q,a,cx_stage1,,"[[[35, 498], [36, 498]], [], [true, true]]",
18603,q,a,cx_stage2,,"[[[35, 498], [36, 498]], [], [true, true]]",
18604,q,a,cx_stage3,,"[[[35, 498], [36, 498]], [], [true, true]]",
18605,q,a,cx_stage1,,"[[[35, 501], [37, 501]], [], [true, true]]",
18606,q,a,cx_stage2,,"[[[35, 501], [37, 501]], [], [true, true]]",
18607,q,a,cx_stage3,,"[[[35, 501], [37, 501]], [], [true, true]]",
18608,q,a,cx_stage1,,"[[[35, 505], [37, 505]], [], [true, true]]",
18609,q,a,cx_stage2,,"[[[35, 505], [37, 505]], [], [true, true]]",
18610,q,a,cx_stage3,,"[[[35, 505], [37, 505]], [], [true, true]]",
18611,q,a,cx_stage1,,"[[[35, 508], [38, 508]], [], [true, true]]",
18612,q,a,cx_stage2,,"[[[35, 508], [38, 508]], [], [true, true]]",
18613,q,a,cx_stage3,,"[[[35, 508], [38, 508]], [], [true, true]]",
18614,q,a,cx_stage1,,"[[[35, 512], [38, 512]], [], [true, true]]",
18615,q,a,cx_stage2,,"[[[35, 512], [38, 512]], [], [true, true]]",
18616,q,a,cx_stage3,,"[[[35, 512], [38, 512]], [], [true, true]]",
18617,q,a,cx_stage1,,"[[[35, 515], [39, 515]], [], [true, true]]",
18618,q,a,cx_stage2,,"[[[35, 515], [39, 515]], [], [true, true]]",
18619,q,a,cx_stage3,,"[[[35, 515], [39, 515]], [], [true, true]]",
18620,q,a,cx_stage1,,"[[[35, 519], [39, 519]], [], [true, true]]",
18621,q,a,cx_stage2,,"[[[35, 519], [39, 519]], [], [true, true]]",
18622,q,a,cx_stage3,,"[[[35, 519], [39, 519]], [], [true, true]]",
18623,q,a,cx_stage1,,"[[[35, 522], [40, 522]], [], [true, true]]",
18624,q,a,cx_stage2,,"[[[35, 522], [40, 522]], [], [true, true]]",
18625,q,a,cx_stage3,,"[[[35, 522], [40, 522]], [], [true, true]]",
18626,q,a,cx_stage1,,"[[[35, 526], [40, 526]], [], [true, true]]",
18627,q,a,cx_stage2,,"[[[35, 526], [40, 526]], [], [true, true]]",
18628,q,a,cx_stage3,,"[[[35, 526], [40, 526]], [], [true, true]]",
18629,q,a,cx_stage1,,"[[[35, 529], [41, 529]], [], [true, true]]",
18630,q,a,cx_stage2,,"[[[35, 529], [41, 529]], [], [true, true]]",
18631,q,a,cx_stage3,,"[[[35, 529], [41, 529]], [], [true, true]]",
18632,q,a,cx_stage1,,"[[[35, 533], [41, 533]], [], [true, true]]",
18633,q,a,cx_stage2,,"[[[35, 533], [41, 533]], [], [true, true]]",
18634,q,a,cx_stage3,,"[[[35, 533], [41, 533]], [], [true, true]]",
18635,q,a,cx_stage1,,"[[[35, 536], [42, 536]], [], [true, true]]",
18636,q,a,cx_stage2,,"[[[35, 536], [42, 536]], [], [true, true]]",
18637,q,a,cx_stage3,,"[[[35, 536], [42, 536]], [], [true, true]]",
18638,q,a,cx_stage1,,"[[[35, 540], [42, 540]], [], [true, true]]",
18639,q,a,cx_stage2,,"[[[35, 540], [42, 540]], [], [true, true]]",
18640,q,a,cx_stage3,,"[[[35, 540], [42, 540]], [], [true, true]]",
18641,q,a,cx_stage1,,"[[[35, 543], [43, 543]], [], [true, true]]",
18642,q,a,cx_stage2,,"[[[35, 543], [43, 543]], [], [true, true]]",
18643,q,a,cx_stage3,,"[[[35, 543], [43, 543]], [], [true, true]]",
18644,q,a,cx_stage1,,"[[[35, 547], [43, 547]], [], [true, true]]",
18645,q,a,cx_stage2,,"[[[35, 547], [43, 547]], [], [true, true]]",
18646,q,a,cx_stage3,,"[[[35, 547], [43, 547]], [], [true, true]]",
18647,q,a,cx_stage1,,"[[[35, 550], [44, 550]], [], [true, true]]",
18648,q,a,cx_stage2,,"[[[35, 550], [44, 550]], [], [true, true]]",
18649,q,a,cx_stage3,,"[[[35, 550], [44, 550]], [], [true, true]]",
18650,q,a,cx_stage1,,"[[[35, 554], [44, 554]], [], [true, true]]",
18651,q,a,cx_stage2,,"[[[35, 554], [44, 554]], [], [true, true]]",
18652,q,a,cx_stage3,,"[[[35, 554], [44, 554]], [], [true, true]]",
18653,q,a,cx_stage1,,"[[[35, 557], [45, 557]], [], [true, true]]",
18654,q,a,cx_stage2,,"[[[35, 557], [45, 557]], [], [true, true]]",
18655,q,a,cx_stage3,,"[[[35, 557], [45, 557]], [], [true, true]]",
18656,q,a,cx_stage1,,"[[[35, 561], [45, 561]], [], [true, true]]",
18657,q,a,cx_stage2,,"[[[35, 561], [45, 561]], [], [true, true]]",
18658,q,a,cx_stage3,,"[[[35, 561], [45, 561]], [], [true, true]]",
18659,q,a,cx_stage1,,"[[[35, 564], [46, 564]], [], [true, true]]",
18660,q,a,cx_stage2,,"[[[35, 564], [46, 564]], [], [true, true]]",
18661,q,a,cx_stage3,,"[[[35, 564], [46, 564]], [], [true, true]]",
18662,q,a,cx_stage1,,"[[[35, 568], [46, 568]], [], [true, true]]",
18663,q,a,cx_stage2,,"[[[35, 568], [46, 568]], [], [true, true]]",
18664,q,a,cx_stage3,,"[[[35, 568], [46, 568]], [], [true, true]]",
18665,q,a,cx_stage1,,"[[[35, 571], [47, 571]], [], [true, true]]",
18666,q,a,cx_stage2,,"[[[35, 571], [47, 571]], [], [true, true]]",
18667,q,a,cx_stage3,,"[[[35, 571], [47, 571]], [], [true, true]]",
18668,q,a,cx_stage1,,"[[[35, 575], [47, 575]], [], [true, true]]",
18669,q,a,cx_stage2,,"[[[35, 575], [47, 575]], [], [true, true]]",
18670,q,a,cx_stage3,,"[[[35, 575], [47, 575]], [], [true, true]]",
18671,q,a,cx_stage1,,"[[[35, 578], [48, 578]], [], [true, true]]",
18672,q,a,cx_stage2,,"[[[35, 578], [48, 578]], [], [true, true]]",
18673,q,a,cx_stage3,,"[[[35, 578], [48, 578]], [], [true, true]]",
18674,q,a,cx_stage1,,"[[[35, 582], [48, 582]], [], [true, true]]",
18675,q,a,cx_stage2,,"[[[35, 582], [48, 582]], [], [true, true]]",
18676,q,a,cx_stage3,,"[[[35, 582], [48, 582]], [], [true, true]]",
18677,q,a,cx_stage1,,"[[[35, 585], [49, 585]], [], [true, true]]",
18678,q,a,cx_stage2,,"[[[35, 585], [49, 585]], [], [true, true]]",
18679,q,a,cx_stage3,,"[[[35, 585], [49, 585]], [], [true, true]]",
18680,q,a,cx_stage1,,"[[[35, 589], [49, 589]], [], [true, true]]",
18681,q,a,cx_stage2,,"[[[35, 589], [49, 589]], [], [true, true]]",
18682,q,a,cx_stage3,,"[[[35, 589], [49, 589]], [], [true, true]]",
18683,q,a,cx_stage1,,"[[[35, 592], [50, 592]], [], [true, true]]",
18684,q,a,cx_stage2,,"[[[35, 592], [50, 592]], [], [true, true]]",
18685,q,a,cx_stage3,,"[[[35, 592], [50, 592]], [], [true, true]]",
18686,q,a,cx_stage1,,"[[[35, 596], [50, 596]], [], [true, true]]",
18687,q,a,cx_stage2,,"[[[35, 596], [50, 596]], [], [true, true]]",
18688,q,a,cx_stage3,,"[[[35, 596], [50, 596]], [], [true, true]]",
18689,q,a,cx_stage1,,"[[[35, 599], [51, 599]], [], [true, true]]",
18690,q,a,cx_stage2,,"[[[35, 599], [51, 599]], [], [true, true]]",
18691,q,a,cx_stage3,,"[[[35, 599], [51, 599]], [], [true, true]]",
18692,q,a,cx_stage1,,"[[[35, 603], [51, 603]], [], [true, true]]",
18693,q,a,cx_stage2,,"[[[35, 603], [51, 603]], [], [true, true]]",
18694,q,a,cx_stage3,,"[[[35, 603], [51, 603]], [], [true, true]]",
18695,q,a,cx_stage1,,"[[[35, 606], [52, 606]], [], [true, true]]",
18696,q,a,cx_stage2,,"[[[35, 606], [52, 606]], [], [true, true]]",
18697,q,a,cx_stage3,,"[[[35, 606], [52, 606]], [], [true, true]]",
18698,q,a,cx_stage1,,"[[[35, 610], [52, 610]], [], [true, true]]",
18699,q,a,cx_stage2,,"[[[35, 610], [52, 610]], [], [true, true]]",
18700,q,a,cx_stage3,,"[[[35, 610], [52, 610]], [], [true, true]]",
18701,q,a,cx_stage1,,"[[[35, 613], [53, 613]], [], [true, true]]",
18702,q,a,cx_stage2,,"[[[35, 613], [53, 613]], [], [true, true]]",
18703,q,a,cx_stage3,,"[[[35, 613], [53, 613]], [], [true, true]]",
18704,q,a,cx_stage1,,"[[[35, 617], [53, 617]], [], [true, true]]",
18705,q,a,cx_stage2,,"[[[35, 617], [53, 617]], [], [true, true]]",
18706,q,a,cx_stage3,,"[[[35, 617], [53, 617]], [], [true, true]]",
18707,q,a,cx_stage1,,"[[[35, 620], [54, 620]], [], [true, true]]",
18708,q,a,cx_stage2,,"[[[35, 620], [54, 620]], [], [true, true]]",
18709,q,a,cx_stage3,,"[[[35, 620], [54, 620]], [], [true, true]]",
18710,q,a,cx_stage1,,"[[[35, 624], [54, 624]], [], [true, true]]",
18711,q,a,cx_stage2,,"[[[35, 624], [54, 624]], [], [true, true]]",
18712,q,a,cx_stage3,,"[[[35, 624], [54, 624]], [], [true, true]]",
18713,q,a,cx_stage1,,"[[[35, 627], [55, 627]], [], [true, true]]",
18714,q,a,cx_stage2,,"[[[35, 627], [55, 627]], [], [true, true]]",
18715,q,a,cx_stage3,,"[[[35, 627], [55, 627]], [], [true, true]]",
18716,q,a,cx_stage1,,"[[[35, 631], [55, 631]], [], [true, true]]",
18717,q,a,cx_stage2,,"[[[35, 631], [55, 631]], [], [true, true]]",
18718,q,a,cx_stage3,,"[[[35, 631], [55, 631]], [], [true, true]]",
18719,q,a,u2,,"[[[35, 632]], [], [true]]",
18720,q,a,cx_stage1,,"[[[0, 635], [35, 635]], [], [true, true]]",
18721,q,a,cx_stage3,,"[[[0, 635], [35, 635]], [], [true, true]]",
18722,q,a,p,,"[[[35, 636]], [], [true]]",
18723,q,a,cx_stage1,,"[[[0, 639], [35, 639]], [], [true, true]]",
18724,q,a,cx_stage3,,"[[[0, 639], [35, 639]], [], [true, true]]",
18725,q,a,cx_stage1,,"[[[1, 642], [35, 642]], [], [true, true]]",
18726,q,a,cx_stage3,,"[[[1, 642], [35, 642]], [], [true, true]]",
18727,q,a,p,,"[[[35, 643]], [], [true]]",
18728,q,a,cx_stage1,,"[[[1, 646], [35, 646]], [], [true, true]]",
18729,q,a,cx_stage3,,"[[[1, 646], [35, 646]], [], [true, true]]",
18730,q,a,cx_stage1,,"[[[2, 649], [35, 649]], [], [true, true]]",
18731,q,a,cx_stage3,,"[[[2, 649], [35, 649]], [], [true, true]]",
18732,q,a,p,,"[[[35, 650]], [], [true]]",
18733,q,a,cx_stage1,,"[[[2, 653], [35, 653]], [], [true, true]]",
18734,q,a,cx_stage3,,"[[[2, 653], [35, 653]], [], [true, true]]",
18735,q,a,cx_stage1,,"[[[3, 656], [35, 656]], [], [true, true]]",
18736,q,a,cx_stage2,,"[[[3, 656], [35, 656]], [], [true, true]]",
18737,q,a,cx_stage3,,"[[[3, 656], [35, 656]], [], [true, true]]",
18738,q,a,p,,"[[[35, 657]], [], [true]]",
18739,q,a,cx_stage1,,"[[[3, 660], [35, 660]], [], [true, true]]",
18740,q,a,cx_stage2,,"[[[3, 660], [35, 660]], [], [true, true]]",
18741,q,a,cx_stage3,,"[[[3, 660], [35, 660]], [], [true, true]]",
18742,q,a,cx_stage1,,"[[[4, 663], [35, 663]], [], [true, true]]",
18743,q,a,cx_stage2,,"[[[4, 663], [35, 663]], [], [true, true]]",
18744,q,a,cx_stage3,,"[[[4, 663], [35, 663]], [], [true, true]]",
18745,q,a,p,,"[[[35, 664]], [], [true]]",
18746,q,a,cx_stage1,,"[[[4, 667], [35, 667]], [], [true, true]]",
18747,q,a,cx_stage2,,"[[[4, 667], [35, 667]], [], [true, true]]",
18748,q,a,cx_stage3,,"[[[4, 667], [35, 667]], [], [true, true]]",
18749,q,a,cx_stage1,,"[[[5, 670], [35, 670]], [], [true, true]]",
18750,q,a,cx_stage2,,"[[[5, 670], [35, 670]], [], [true, true]]",
18751,q,a,cx_stage3,,"[[[5, 670], [35, 670]], [], [true, true]]",
18752,q,a,p,,"[[[35, 671]], [], [true]]",
18753,q,a,cx_stage1,,"[[[5, 674], [35, 674]], [], [true, true]]",
18754,q,a,cx_stage2,,"[[[5, 674], [35, 674]], [], [true, true]]",
18755,q,a,cx_stage3,,"[[[5, 674], [35, 674]], [], [true, true]]",
18756,q,a,cx_stage1,,"[[[6, 677], [35, 677]], [], [true, true]]",
18757,q,a,cx_stage2,,"[[[6, 677], [35, 677]], [], [true, true]]",
18758,q,a,cx_stage3,,"[[[6, 677], [35, 677]], [], [true, true]]",
18759,q,a,p,,"[[[35, 678]], [], [true]]",
18760,q,a,cx_stage1,,"[[[6, 681], [35, 681]], [], [true, true]]",
18761,q,a,cx_stage2,,"[[[6, 681], [35, 681]], [], [true, true]]",
18762,q,a,cx_stage3,,"[[[6, 681], [35, 681]], [], [true, true]]",
18763,q,a,cx_stage1,,"[[[7, 684], [35, 684]], [], [true, true]]",
18764,q,a,cx_stage2,,"[[[7, 684], [35, 684]], [], [true, true]]",
18765,q,a,cx_stage3,,"[[[7, 684], [35, 684]], [], [true, true]]",
18766,q,a,p,,"[[[35, 685]], [], [true]]",
18767,q,a,cx_stage1,,"[[[7, 688], [35, 688]], [], [true, true]]",
18768,q,a,cx_stage2,,"[[[7, 688], [35, 688]], [], [true, true]]",
18769,q,a,cx_stage3,,"[[[7, 688], [35, 688]], [], [true, true]]",
18770,q,a,cx_stage1,,"[[[8, 691], [35, 691]], [], [true, true]]",
18771,q,a,cx_stage2,,"[[[8, 691], [35, 691]], [], [true, true]]",
18772,q,a,cx_stage3,,"[[[8, 691], [35, 691]], [], [true, true]]",
18773,q,a,p,,"[[[35, 692]], [], [true]]",
18774,q,a,cx_stage1,,"[[[8, 695], [35, 695]], [], [true, true]]",
18775,q,a,cx_stage2,,"[[[8, 695], [35, 695]], [], [true, true]]",
18776,q,a,cx_stage3,,"[[[8, 695], [35, 695]], [], [true, true]]",
18777,q,a,cx_stage1,,"[[[9, 698], [35, 698]], [], [true, true]]",
18778,q,a,cx_stage2,,"[[[9, 698], [35, 698]], [], [true, true]]",
18779,q,a,cx_stage3,,"[[[9, 698], [35, 698]], [], [true, true]]",
18780,q,a,p,,"[[[35, 699]], [], [true]]",
18781,q,a,cx_stage1,,"[[[9, 702], [35, 702]], [], [true, true]]",
18782,q,a,cx_stage2,,"[[[9, 702], [35, 702]], [], [true, true]]",
18783,q,a,cx_stage3,,"[[[9, 702], [35, 702]], [], [true, true]]",
18784,q,a,cx_stage1,,"[[[10, 705], [35, 705]], [], [true, true]]",
18785,q,a,cx_stage3,,"[[[10, 705], [35, 705]], [], [true, true]]",
18786,q,a,p,,"[[[35, 706]], [], [true]]",
18787,q,a,cx_stage1,,"[[[10, 709], [35, 709]], [], [true, true]]",
18788,q,a,cx_stage3,,"[[[10, 709], [35, 709]], [], [true, true]]",
18789,q,a,cx_stage1,,"[[[11, 712], [35, 712]], [], [true, true]]",
18790,q,a,cx_stage3,,"[[[11, 712], [35, 712]], [], [true, true]]",
18791,q,a,p,,"[[[35, 713]], [], [true]]",
18792,q,a,cx_stage1,,"[[[11, 716], [35, 716]], [], [true, true]]",
18793,q,a,cx_stage3,,"[[[11, 716], [35, 716]], [], [true, true]]",
18794,q,a,cx_stage1,,"[[[12, 719], [35, 719]], [], [true, true]]",
18795,q,a,cx_stage3,,"[[[12, 719], [35, 719]], [], [true, true]]",
18796,q,a,p,,"[[[35, 720]], [], [true]]",
18797,q,a,cx_stage1,,"[[[12, 723], [35, 723]], [], [true, true]]",
18798,q,a,cx_stage3,,"[[[12, 723], [35, 723]], [], [true, true]]",
18799,q,a,cx_stage1,,"[[[13, 726], [35, 726]], [], [true, true]]",
18800,q,a,cx_stage3,,"[[[13, 726], [35, 726]], [], [true, true]]",
18801,q,a,p,,"[[[35, 727]], [], [true]]",
18802,q,a,cx_stage1,,"[[[13, 730], [35, 730]], [], [true, true]]",
18803,q,a,cx_stage3,,"[[[13, 730], [35, 730]], [], [true, true]]",
18804,q,a,cx_stage1,,"[[[14, 733], [35, 733]], [], [true, true]]",
18805,q,a,cx_stage3,,"[[[14, 733], [35, 733]], [], [true, true]]",
18806,q,a,p,,"[[[35, 734]], [], [true]]",
18807,q,a,cx_stage1,,"[[[14, 737], [35, 737]], [], [true, true]]",
18808,q,a,cx_stage3,,"[[[14, 737], [35, 737]], [], [true, true]]",
18809,q,a,cx_stage1,,"[[[15, 740], [35, 740]], [], [true, true]]",
18810,q,a,cx_stage3,,"[[[15, 740], [35, 740]], [], [true, true]]",
18811,q,a,p,,"[[[35, 741]], [], [true]]",
18812,q,a,cx_stage1,,"[[[15, 744], [35, 744]], [], [true, true]]",
18813,q,a,cx_stage3,,"[[[15, 744], [35, 744]], [], [true, true]]",
18814,q,a,cx_stage1,,"[[[16, 747], [35, 747]], [], [true, true]]",
18815,q,a,cx_stage3,,"[[[16, 747], [35, 747]], [], [true, true]]",
18816,q,a,p,,"[[[35, 748]], [], [true]]",
18817,q,a,cx_stage1,,"[[[16, 751], [35, 751]], [], [true, true]]",
18818,q,a,cx_stage3,,"[[[16, 751], [35, 751]], [], [true, true]]",
18819,q,a,cx_stage1,,"[[[17, 754], [35, 754]], [], [true, true]]",
18820,q,a,cx_stage3,,"[[[17, 754], [35, 754]], [], [true, true]]",
18821,q,a,p,,"[[[35, 755]], [], [true]]",
18822,q,a,cx_stage1,,"[[[17, 758], [35, 758]], [], [true, true]]",
18823,q,a,cx_stage3,,"[[[17, 758], [35, 758]], [], [true, true]]",
18824,q,a,cx_stage1,,"[[[18, 761], [35, 761]], [], [true, true]]",
18825,q,a,cx_stage3,,"[[[18, 761], [35, 761]], [], [true, true]]",
18826,q,a,p,,"[[[35, 762]], [], [true]]",
18827,q,a,cx_stage1,,"[[[18, 765], [35, 765]], [], [true, true]]",
18828,q,a,cx_stage3,,"[[[18, 765], [35, 765]], [], [true, true]]",
18829,q,a,cx_stage1,,"[[[19, 768], [35, 768]], [], [true, true]]",
18830,q,a,cx_stage3,,"[[[19, 768], [35, 768]], [], [true, true]]",
18831,q,a,p,,"[[[35, 769]], [], [true]]",
18832,q,a,cx_stage1,,"[[[19, 772], [35, 772]], [], [true, true]]",
18833,q,a,cx_stage3,,"[[[19, 772], [35, 772]], [], [true, true]]",
18834,q,a,cx_stage1,,"[[[20, 775], [35, 775]], [], [true, true]]",
18835,q,a,cx_stage3,,"[[[20, 775], [35, 775]], [], [true, true]]",
18836,q,a,p,,"[[[35, 776]], [], [true]]",
18837,q,a,cx_stage1,,"[[[20, 779], [35, 779]], [], [true, true]]",
18838,q,a,cx_stage3,,"[[[20, 779], [35, 779]], [], [true, true]]",
18839,q,a,cx_stage1,,"[[[21, 782], [35, 782]], [], [true, true]]",
18840,q,a,cx_stage3,,"[[[21, 782], [35, 782]], [], [true, true]]",
18841,q,a,p,,"[[[35, 783]], [], [true]]",
18842,q,a,cx_stage1,,"[[[21, 786], [35, 786]], [], [true, true]]",
18843,q,a,cx_stage3,,"[[[21, 786], [35, 786]], [], [true, true]]",
18844,q,a,cx_stage1,,"[[[22, 789], [35, 789]], [], [true, true]]",
18845,q,a,cx_stage3,,"[[[22, 789], [35, 789]], [], [true, true]]",
18846,q,a,p,,"[[[35, 790]], [], [true]]",
18847,q,a,cx_stage1,,"[[[22, 793], [35, 793]], [], [true, true]]",
18848,q,a,cx_stage3,,"[[[22, 793], [35, 793]], [], [true, true]]",
18849,q,a,cx_stage1,,"[[[23, 796], [35, 796]], [], [true, true]]",
18850,q,a,cx_stage3,,"[[[23, 796], [35, 796]], [], [true, true]]",
18851,q,a,p,,"[[[35, 797]], [], [true]]",
18852,q,a,cx_stage1,,"[[[23, 800], [35, 800]], [], [true, true]]",
18853,q,a,cx_stage3,,"[[[23, 800], [35, 800]], [], [true, true]]",
18854,q,a,cx_stage1,,"[[[24, 803], [35, 803]], [], [true, true]]",
18855,q,a,cx_stage3,,"[[[24, 803], [35, 803]], [], [true, true]]",
18856,q,a,p,,"[[[35, 804]], [], [true]]",
18857,q,a,cx_stage1,,"[[[24, 807], [35, 807]], [], [true, true]]",
18858,q,a,cx_stage3,,"[[[24, 807], [35, 807]], [], [true, true]]",
18859,q,a,cx_stage1,,"[[[25, 810], [35, 810]], [], [true, true]]",
18860,q,a,cx_stage3,,"[[[25, 810], [35, 810]], [], [true, true]]",
18861,q,a,p,,"[[[35, 811]], [], [true]]",
18862,q,a,cx_stage1,,"[[[25, 814], [35, 814]], [], [true, true]]",
18863,q,a,cx_stage3,,"[[[25, 814], [35, 814]], [], [true, true]]",
18864,q,a,cx_stage1,,"[[[26, 817], [35, 817]], [], [true, true]]",
18865,q,a,cx_stage3,,"[[[26, 817], [35, 817]], [], [true, true]]",
18866,q,a,p,,"[[[35, 818]], [], [true]]",
18867,q,a,cx_stage1,,"[[[26, 821], [35, 821]], [], [true, true]]",
18868,q,a,cx_stage3,,"[[[26, 821], [35, 821]], [], [true, true]]",
18869,q,a,cx_stage1,,"[[[27, 824], [35, 824]], [], [true, true]]",
18870,q,a,cx_stage3,,"[[[27, 824], [35, 824]], [], [true, true]]",
18871,q,a,p,,"[[[35, 825]], [], [true]]",
18872,q,a,cx_stage1,,"[[[27, 828], [35, 828]], [], [true, true]]",
18873,q,a,cx_stage3,,"[[[27, 828], [35, 828]], [], [true, true]]",
18874,q,a,cx_stage1,,"[[[28, 831], [35, 831]], [], [true, true]]",
18875,q,a,cx_stage3,,"[[[28, 831], [35, 831]], [], [true, true]]",
18876,q,a,p,,"[[[35, 832]], [], [true]]",
18877,q,a,cx_stage1,,"[[[28, 835], [35, 835]], [], [true, true]]",
18878,q,a,cx_stage3,,"[[[28, 835], [35, 835]], [], [true, true]]",
18879,q,a,cx_stage1,,"[[[29, 838], [35, 838]], [], [true, true]]",
18880,q,a,cx_stage3,,"[[[29, 838], [35, 838]], [], [true, true]]",
18881,q,a,p,,"[[[35, 839]], [], [true]]",
18882,q,a,cx_stage1,,"[[[29, 842], [35, 842]], [], [true, true]]",
18883,q,a,cx_stage3,,"[[[29, 842], [35, 842]], [], [true, true]]",
18884,q,a,cx_stage1,,"[[[30, 845], [35, 845]], [], [true, true]]",
18885,q,a,cx_stage3,,"[[[30, 845], [35, 845]], [], [true, true]]",
18886,q,a,p,,"[[[35, 846]], [], [true]]",
18887,q,a,cx_stage1,,"[[[30, 849], [35, 849]], [], [true, true]]",
18888,q,a,cx_stage3,,"[[[30, 849], [35, 849]], [], [true, true]]",
18889,q,a,cx_stage1,,"[[[31, 852], [35, 852]], [], [true, true]]",
18890,q,a,cx_stage3,,"[[[31, 852], [35, 852]], [], [true, true]]",
18891,q,a,p,,"[[[35, 853]], [], [true]]",
18892,q,a,cx_stage1,,"[[[31, 856], [35, 856]], [], [true, true]]",
18893,q,a,cx_stage3,,"[[[31, 856], [35, 856]], [], [true, true]]",
18894,q,a,cx_stage1,,"[[[32, 859], [35, 859]], [], [true, true]]",
18895,q,a,cx_stage3,,"[[[32, 859], [35, 859]], [], [true, true]]",
18896,q,a,p,,"[[[35, 860]], [], [true]]",
18897,q,a,cx_stage1,,"[[[32, 863], [35, 863]], [], [true, true]]",
18898,q,a,cx_stage3,,"[[[32, 863], [35, 863]], [], [true, true]]",
18899,q,a,cx_stage1,,"[[[33, 866], [35, 866]], [], [true, true]]",
18900,q,a,cx_stage3,,"[[[33, 866], [35, 866]], [], [true, true]]",
18901,q,a,p,,"[[[35, 867]], [], [true]]",
18902,q,a,cx_stage1,,"[[[33, 870], [35, 870]], [], [true, true]]",
18903,q,a,cx_stage3,,"[[[33, 870], [35, 870]], [], [true, true]]",
18904,q,a,cx_stage1,,"[[[34, 873], [35, 873]], [], [true, true]]",
18905,q,a,cx_stage3,,"[[[34, 873], [35, 873]], [], [true, true]]",
18906,q,a,p,,"[[[35, 874]], [], [true]]",
18907,q,a,cx_stage1,,"[[[34, 877], [35, 877]], [], [true, true]]",
18908,q,a,cx_stage3,,"[[[34, 877], [35, 877]], [], [true, true]]",
18909,q,a,cx_stage1,,"[[[35, 887], [36, 887]], [], [true, true]]",
18910,q,a,cx_stage2,,"[[[35, 887], [36, 887]], [], [true, true]]",
18911,q,a,cx_stage3,,"[[[35, 887], [36, 887]], [], [true, true]]",
18912,q,a,cx_stage1,,"[[[35, 891], [36, 891]], [], [true, true]]",
18913,q,a,cx_stage2,,"[[[35, 891], [36, 891]], [], [true, true]]",
18914,q,a,cx_stage3,,"[[[35, 891], [36, 891]], [], [true, true]]",
18915,q,a,cx_stage1,,"[[[35, 894], [37, 894]], [], [true, true]]",
18916,q,a,cx_stage2,,"[[[35, 894], [37, 894]], [], [true, true]]",
18917,q,a,cx_stage3,,"[[[35, 894], [37, 894]], [], [true, true]]",
18918,q,a,cx_stage1,,"[[[35, 898], [37, 898]], [], [true, true]]",
18919,q,a,cx_stage2,,"[[[35, 898], [37, 898]], [], [true, true]]",
18920,q,a,cx_stage3,,"[[[35, 898], [37, 898]], [], [true, true]]",
18921,q,a,cx_stage1,,"[[[35, 901], [38, 901]], [], [true, true]]",
18922,q,a,cx_stage2,,"[[[35, 901], [38, 901]], [], [true, true]]",
18923,q,a,cx_stage3,,"[[[35, 901], [38, 901]], [], [true, true]]",
18924,q,a,cx_stage1,,"[[[35, 905], [38, 905]], [], [true, true]]",
18925,q,a,cx_stage2,,"[[[35, 905], [38, 905]], [], [true, true]]",
18926,q,a,cx_stage3,,"[[[35, 905], [38, 905]], [], [true, true]]",
18927,q,a,cx_stage1,,"[[[35, 908], [39, 908]], [], [true, true]]",
18928,q,a,cx_stage2,,"[[[35, 908], [39, 908]], [], [true, true]]",
18929,q,a,cx_stage3,,"[[[35, 908], [39, 908]], [], [true, true]]",
18930,q,a,cx_stage1,,"[[[35, 912], [39, 912]], [], [true, true]]",
18931,q,a,cx_stage2,,"[[[35, 912], [39, 912]], [], [true, true]]",
18932,q,a,cx_stage3,,"[[[35, 912], [39, 912]], [], [true, true]]",
18933,q,a,cx_stage1,,"[[[35, 915], [40, 915]], [], [true, true]]",
18934,q,a,cx_stage2,,"[[[35, 915], [40, 915]], [], [true, true]]",
18935,q,a,cx_stage3,,"[[[35, 915], [40, 915]], [], [true, true]]",
18936,q,a,cx_stage1,,"[[[35, 919], [40, 919]], [], [true, true]]",
18937,q,a,cx_stage2,,"[[[35, 919], [40, 919]], [], [true, true]]",
18938,q,a,cx_stage3,,"[[[35, 919], [40, 919]], [], [true, true]]",
18939,q,a,cx_stage1,,"[[[35, 922], [41, 922]], [], [true, true]]",
18940,q,a,cx_stage2,,"[[[35, 922], [41, 922]], [], [true, true]]",
18941,q,a,cx_stage3,,"[[[35, 922], [41, 922]], [], [true, true]]",
18942,q,a,cx_stage1,,"[[[35, 926], [41, 926]], [], [true, true]]",
18943,q,a,cx_stage2,,"[[[35, 926], [41, 926]], [], [true, true]]",
18944,q,a,cx_stage3,,"[[[35, 926], [41, 926]], [], [true, true]]",
18945,q,a,cx_stage1,,"[[[35, 929], [42, 929]], [], [true, true]]",
18946,q,a,cx_stage2,,"[[[35, 929], [42, 929]], [], [true, true]]",
18947,q,a,cx_stage3,,"[[[35, 929], [42, 929]], [], [true, true]]",
18948,q,a,cx_stage1,,"[[[35, 933], [42, 933]], [], [true, true]]",
18949,q,a,cx_stage2,,"[[[35, 933], [42, 933]], [], [true, true]]",
18950,q,a,cx_stage3,,"[[[35, 933], [42, 933]], [], [true, true]]",
18951,q,a,cx_stage1,,"[[[35, 936], [43, 936]], [], [true, true]]",
18952,q,a,cx_stage2,,"[[[35, 936], [43, 936]], [], [true, true]]",
18953,q,a,cx_stage3,,"[[[35, 936], [43, 936]], [], [true, true]]",
18954,q,a,cx_stage1,,"[[[35, 940], [43, 940]], [], [true, true]]",
18955,q,a,cx_stage2,,"[[[35, 940], [43, 940]], [], [true, true]]",
18956,q,a,cx_stage3,,"[[[35, 940], [43, 940]], [], [true, true]]",
18957,q,a,cx_stage1,,"[[[35, 943], [44, 943]], [], [true, true]]",
18958,q,a,cx_stage2,,"[[[35, 943], [44, 943]], [], [true, true]]",
18959,q,a,cx_stage3,,"[[[35, 943], [44, 943]], [], [true, true]]",
18960,q,a,cx_stage1,,"[[[35, 947], [44, 947]], [], [true, true]]",
18961,q,a,cx_stage2,,"[[[35, 947], [44, 947]], [], [true, true]]",
18962,q,a,cx_stage3,,"[[[35, 947], [44, 947]], [], [true, true]]",
18963,q,a,cx_stage1,,"[[[35, 950], [45, 950]], [], [true, true]]",
18964,q,a,cx_stage2,,"[[[35, 950], [45, 950]], [], [true, true]]",
18965,q,a,cx_stage3,,"[[[35, 950], [45, 950]], [], [true, true]]",
18966,q,a,cx_stage1,,"[[[35, 954], [45, 954]], [], [true, true]]",
18967,q,a,cx_stage2,,"[[[35, 954], [45, 954]], [], [true, true]]",
18968,q,a,cx_stage3,,"[[[35, 954], [45, 954]], [], [true, true]]",
18969,q,a,cx_stage1,,"[[[35, 957], [46, 957]], [], [true, true]]",
18970,q,a,cx_stage2,,"[[[35, 957], [46, 957]], [], [true, true]]",
18971,q,a,cx_stage3,,"[[[35, 957], [46, 957]], [], [true, true]]",
18972,q,a,cx_stage1,,"[[[35, 961], [46, 961]], [], [true, true]]",
18973,q,a,cx_stage2,,"[[[35, 961], [46, 961]], [], [true, true]]",
18974,q,a,cx_stage3,,"[[[35, 961], [46, 961]], [], [true, true]]",
18975,q,a,cx_stage1,,"[[[35, 964], [47, 964]], [], [true, true]]",
18976,q,a,cx_stage2,,"[[[35, 964], [47, 964]], [], [true, true]]",
18977,q,a,cx_stage3,,"[[[35, 964], [47, 964]], [], [true, true]]",
18978,q,a,cx_stage1,,"[[[35, 968], [47, 968]], [], [true, true]]",
18979,q,a,cx_stage2,,"[[[35, 968], [47, 968]], [], [true, true]]",
18980,q,a,cx_stage3,,"[[[35, 968], [47, 968]], [], [true, true]]",
18981,q,a,cx_stage1,,"[[[35, 971], [48, 971]], [], [true, true]]",
18982,q,a,cx_stage2,,"[[[35, 971], [48, 971]], [], [true, true]]",
18983,q,a,cx_stage3,,"[[[35, 971], [48, 971]], [], [true, true]]",
18984,q,a,cx_stage1,,"[[[35, 975], [48, 975]], [], [true, true]]",
18985,q,a,cx_stage2,,"[[[35, 975], [48, 975]], [], [true, true]]",
18986,q,a,cx_stage3,,"[[[35, 975], [48, 975]], [], [true, true]]",
18987,q,a,cx_stage1,,"[[[35, 978], [49, 978]], [], [true, true]]",
18988,q,a,cx_stage2,,"[[[35, 978], [49, 978]], [], [true, true]]",
18989,q,a,cx_stage3,,"[[[35, 978], [49, 978]], [], [true, true]]",
18990,q,a,cx_stage1,,"[[[35, 982], [49, 982]], [], [true, true]]",
18991,q,a,cx_stage2,,"[[[35, 982], [49, 982]], [], [true, true]]",
18992,q,a,cx_stage3,,"[[[35, 982], [49, 982]], [], [true, true]]",
18993,q,a,cx_stage1,,"[[[35, 985], [50, 985]], [], [true, true]]",
18994,q,a,cx_stage2,,"[[[35, 985], [50, 985]], [], [true, true]]",
18995,q,a,cx_stage3,,"[[[35, 985], [50, 985]], [], [true, true]]",
18996,q,a,cx_stage1,,"[[[35, 989], [50, 989]], [], [true, true]]",
18997,q,a,cx_stage2,,"[[[35, 989], [50, 989]], [], [true, true]]",
18998,q,a,cx_stage3,,"[[[35, 989], [50, 989]], [], [true, true]]",
18999,q,a,cx_stage1,,"[[[35, 992], [51, 992]], [], [true, true]]",
19000,q,a,cx_stage2,,"[[[35, 992], [51, 992]], [], [true, true]]",
19001,q,a,cx_stage3,,"[[[35, 992], [51, 992]], [], [true, true]]",
19002,q,a,cx_stage1,,"[[[35, 996], [51, 996]], [], [true, true]]",
19003,q,a,cx_stage2,,"[[[35, 996], [51, 996]], [], [true, true]]",
19004,q,a,cx_stage3,,"[[[35, 996], [51, 996]], [], [true, true]]",
19005,q,a,cx_stage1,,"[[[35, 999], [52, 999]], [], [true, true]]",
19006,q,a,cx_stage2,,"[[[35, 999], [52, 999]], [], [true, true]]",
19007,q,a,cx_stage3,,"[[[35, 999], [52, 999]], [], [true, true]]",
19008,q,a,u2,,"[[[36, 1]], [], [true]]",
19009,q,a,cx_stage1,,"[[[0, 249], [36, 249]], [], [true, true]]",
19010,q,a,cx_stage2,,"[[[36, 1003], [51, 1003]], [], [true, true]]",
19011,q,a,cx_stage1,,"[[[36, 1003], [51, 1003]], [], [true, true]]",
19012,q,a,cx_stage3,,"[[[36, 1003], [51, 1003]], [], [true, true]]",
19013,q,a,cx_stage1,,"[[[36, 1006], [52, 1006]], [], [true, true]]",
19014,q,a,cx_stage2,,"[[[36, 1006], [52, 1006]], [], [true, true]]",
19015,q,a,cx_stage3,,"[[[36, 1006], [52, 1006]], [], [true, true]]",
19016,q,a,cx_stage1,,"[[[36, 1010], [52, 1010]], [], [true, true]]",
19017,q,a,cx_stage2,,"[[[36, 1010], [52, 1010]], [], [true, true]]",
19018,q,a,cx_stage3,,"[[[36, 1010], [52, 1010]], [], [true, true]]",
19019,q,a,cx_stage1,,"[[[36, 1013], [53, 1013]], [], [true, true]]",
19020,q,a,cx_stage2,,"[[[36, 1013], [53, 1013]], [], [true, true]]",
19021,q,a,cx_stage3,,"[[[36, 1013], [53, 1013]], [], [true, true]]",
19022,q,a,cx_stage1,,"[[[36, 1017], [53, 1017]], [], [true, true]]",
19023,q,a,cx_stage2,,"[[[36, 1017], [53, 1017]], [], [true, true]]",
19024,q,a,cx_stage3,,"[[[36, 1017], [53, 1017]], [], [true, true]]",
19025,q,a,cx_stage1,,"[[[36, 1020], [54, 1020]], [], [true, true]]",
19026,q,a,cx_stage2,,"[[[36, 1020], [54, 1020]], [], [true, true]]",
19027,q,a,cx_stage3,,"[[[36, 1020], [54, 1020]], [], [true, true]]",
19028,q,a,cx_stage1,,"[[[36, 1024], [54, 1024]], [], [true, true]]",
19029,q,a,cx_stage2,,"[[[36, 1024], [54, 1024]], [], [true, true]]",
19030,q,a,cx_stage3,,"[[[36, 1024], [54, 1024]], [], [true, true]]",
19031,q,a,cx_stage1,,"[[[36, 1027], [55, 1027]], [], [true, true]]",
19032,q,a,cx_stage2,,"[[[36, 1027], [55, 1027]], [], [true, true]]",
19033,q,a,cx_stage3,,"[[[36, 1027], [55, 1027]], [], [true, true]]",
19034,q,a,cx_stage1,,"[[[36, 1031], [55, 1031]], [], [true, true]]",
19035,q,a,cx_stage2,,"[[[36, 1031], [55, 1031]], [], [true, true]]",
19036,q,a,cx_stage3,,"[[[36, 1031], [55, 1031]], [], [true, true]]",
19037,q,a,ry,,"[[[36, 1032]], [], [true]]",
19038,q,a,cx_stage1,,"[[[36, 1215], [37, 1215]], [], [true, true]]",
19039,q,a,cx_stage2,,"[[[36, 1215], [37, 1215]], [], [true, true]]",
19040,q,a,cx_stage3,,"[[[36, 1215], [37, 1215]], [], [true, true]]",
19041,q,a,cx_stage1,,"[[[35, 1218], [36, 1218]], [], [true, true]]",
19042,q,a,cx_stage3,,"[[[35, 1218], [36, 1218]], [], [true, true]]",
19043,q,a,ry,,"[[[36, 1219]], [], [true]]",
19044,q,a,cx_stage3,,"[[[0, 249], [36, 249]], [], [true, true]]",
19045,q,a,p,,"[[[36, 250]], [], [true]]",
19046,q,a,cx_stage1,,"[[[0, 253], [36, 253]], [], [true, true]]",
19047,q,a,cx_stage3,,"[[[0, 253], [36, 253]], [], [true, true]]",
19048,q,a,cx_stage1,,"[[[1, 256], [36, 256]], [], [true, true]]",
19049,q,a,cx_stage3,,"[[[1, 256], [36, 256]], [], [true, true]]",
19050,q,a,p,,"[[[36, 257]], [], [true]]",
19051,q,a,cx_stage1,,"[[[1, 260], [36, 260]], [], [true, true]]",
19052,q,a,cx_stage3,,"[[[1, 260], [36, 260]], [], [true, true]]",
19053,q,a,cx_stage1,,"[[[2, 263], [36, 263]], [], [true, true]]",
19054,q,a,cx_stage3,,"[[[2, 263], [36, 263]], [], [true, true]]",
19055,q,a,p,,"[[[36, 264]], [], [true]]",
19056,q,a,cx_stage1,,"[[[2, 267], [36, 267]], [], [true, true]]",
19057,q,a,cx_stage3,,"[[[2, 267], [36, 267]], [], [true, true]]",
19058,q,a,cx_stage1,,"[[[3, 270], [36, 270]], [], [true, true]]",
19059,q,a,cx_stage2,,"[[[3, 270], [36, 270]], [], [true, true]]",
19060,q,a,cx_stage3,,"[[[3, 270], [36, 270]], [], [true, true]]",
19061,q,a,p,,"[[[36, 271]], [], [true]]",
19062,q,a,cx_stage1,,"[[[3, 274], [36, 274]], [], [true, true]]",
19063,q,a,cx_stage2,,"[[[3, 274], [36, 274]], [], [true, true]]",
19064,q,a,cx_stage3,,"[[[3, 274], [36, 274]], [], [true, true]]",
19065,q,a,cx_stage1,,"[[[4, 277], [36, 277]], [], [true, true]]",
19066,q,a,cx_stage2,,"[[[4, 277], [36, 277]], [], [true, true]]",
19067,q,a,cx_stage3,,"[[[4, 277], [36, 277]], [], [true, true]]",
19068,q,a,p,,"[[[36, 278]], [], [true]]",
19069,q,a,cx_stage1,,"[[[4, 281], [36, 281]], [], [true, true]]",
19070,q,a,cx_stage2,,"[[[4, 281], [36, 281]], [], [true, true]]",
19071,q,a,cx_stage3,,"[[[4, 281], [36, 281]], [], [true, true]]",
19072,q,a,cx_stage1,,"[[[5, 284], [36, 284]], [], [true, true]]",
19073,q,a,cx_stage2,,"[[[5, 284], [36, 284]], [], [true, true]]",
19074,q,a,cx_stage3,,"[[[5, 284], [36, 284]], [], [true, true]]",
19075,q,a,p,,"[[[36, 285]], [], [true]]",
19076,q,a,cx_stage1,,"[[[5, 288], [36, 288]], [], [true, true]]",
19077,q,a,cx_stage2,,"[[[5, 288], [36, 288]], [], [true, true]]",
19078,q,a,cx_stage3,,"[[[5, 288], [36, 288]], [], [true, true]]",
19079,q,a,cx_stage1,,"[[[6, 291], [36, 291]], [], [true, true]]",
19080,q,a,cx_stage2,,"[[[6, 291], [36, 291]], [], [true, true]]",
19081,q,a,cx_stage3,,"[[[6, 291], [36, 291]], [], [true, true]]",
19082,q,a,p,,"[[[36, 292]], [], [true]]",
19083,q,a,cx_stage1,,"[[[6, 295], [36, 295]], [], [true, true]]",
19084,q,a,cx_stage2,,"[[[6, 295], [36, 295]], [], [true, true]]",
19085,q,a,cx_stage3,,"[[[6, 295], [36, 295]], [], [true, true]]",
19086,q,a,cx_stage1,,"[[[7, 298], [36, 298]], [], [true, true]]",
19087,q,a,cx_stage2,,"[[[7, 298], [36, 298]], [], [true, true]]",
19088,q,a,cx_stage3,,"[[[7, 298], [36, 298]], [], [true, true]]",
19089,q,a,p,,"[[[36, 299]], [], [true]]",
19090,q,a,cx_stage1,,"[[[7, 302], [36, 302]], [], [true, true]]",
19091,q,a,cx_stage2,,"[[[7, 302], [36, 302]], [], [true, true]]",
19092,q,a,cx_stage3,,"[[[7, 302], [36, 302]], [], [true, true]]",
19093,q,a,cx_stage1,,"[[[8, 305], [36, 305]], [], [true, true]]",
19094,q,a,cx_stage2,,"[[[8, 305], [36, 305]], [], [true, true]]",
19095,q,a,cx_stage3,,"[[[8, 305], [36, 305]], [], [true, true]]",
19096,q,a,p,,"[[[36, 306]], [], [true]]",
19097,q,a,cx_stage1,,"[[[8, 309], [36, 309]], [], [true, true]]",
19098,q,a,cx_stage2,,"[[[8, 309], [36, 309]], [], [true, true]]",
19099,q,a,cx_stage3,,"[[[8, 309], [36, 309]], [], [true, true]]",
19100,q,a,cx_stage1,,"[[[9, 312], [36, 312]], [], [true, true]]",
19101,q,a,cx_stage2,,"[[[9, 312], [36, 312]], [], [true, true]]",
19102,q,a,cx_stage3,,"[[[9, 312], [36, 312]], [], [true, true]]",
19103,q,a,p,,"[[[36, 313]], [], [true]]",
19104,q,a,cx_stage1,,"[[[9, 316], [36, 316]], [], [true, true]]",
19105,q,a,cx_stage2,,"[[[9, 316], [36, 316]], [], [true, true]]",
19106,q,a,cx_stage3,,"[[[9, 316], [36, 316]], [], [true, true]]",
19107,q,a,cx_stage1,,"[[[10, 319], [36, 319]], [], [true, true]]",
19108,q,a,cx_stage3,,"[[[10, 319], [36, 319]], [], [true, true]]",
19109,q,a,p,,"[[[36, 320]], [], [true]]",
19110,q,a,cx_stage1,,"[[[10, 323], [36, 323]], [], [true, true]]",
19111,q,a,cx_stage3,,"[[[10, 323], [36, 323]], [], [true, true]]",
19112,q,a,cx_stage1,,"[[[11, 326], [36, 326]], [], [true, true]]",
19113,q,a,cx_stage3,,"[[[11, 326], [36, 326]], [], [true, true]]",
19114,q,a,p,,"[[[36, 327]], [], [true]]",
19115,q,a,cx_stage1,,"[[[11, 330], [36, 330]], [], [true, true]]",
19116,q,a,cx_stage3,,"[[[11, 330], [36, 330]], [], [true, true]]",
19117,q,a,cx_stage1,,"[[[12, 333], [36, 333]], [], [true, true]]",
19118,q,a,cx_stage3,,"[[[12, 333], [36, 333]], [], [true, true]]",
19119,q,a,p,,"[[[36, 334]], [], [true]]",
19120,q,a,cx_stage1,,"[[[12, 337], [36, 337]], [], [true, true]]",
19121,q,a,cx_stage3,,"[[[12, 337], [36, 337]], [], [true, true]]",
19122,q,a,cx_stage1,,"[[[13, 340], [36, 340]], [], [true, true]]",
19123,q,a,cx_stage3,,"[[[13, 340], [36, 340]], [], [true, true]]",
19124,q,a,p,,"[[[36, 341]], [], [true]]",
19125,q,a,cx_stage1,,"[[[13, 344], [36, 344]], [], [true, true]]",
19126,q,a,cx_stage3,,"[[[13, 344], [36, 344]], [], [true, true]]",
19127,q,a,cx_stage1,,"[[[14, 347], [36, 347]], [], [true, true]]",
19128,q,a,cx_stage3,,"[[[14, 347], [36, 347]], [], [true, true]]",
19129,q,a,p,,"[[[36, 348]], [], [true]]",
19130,q,a,cx_stage1,,"[[[14, 351], [36, 351]], [], [true, true]]",
19131,q,a,cx_stage3,,"[[[14, 351], [36, 351]], [], [true, true]]",
19132,q,a,cx_stage1,,"[[[15, 354], [36, 354]], [], [true, true]]",
19133,q,a,cx_stage3,,"[[[15, 354], [36, 354]], [], [true, true]]",
19134,q,a,p,,"[[[36, 355]], [], [true]]",
19135,q,a,cx_stage1,,"[[[15, 358], [36, 358]], [], [true, true]]",
19136,q,a,cx_stage3,,"[[[15, 358], [36, 358]], [], [true, true]]",
19137,q,a,cx_stage1,,"[[[16, 361], [36, 361]], [], [true, true]]",
19138,q,a,cx_stage3,,"[[[16, 361], [36, 361]], [], [true, true]]",
19139,q,a,p,,"[[[36, 362]], [], [true]]",
19140,q,a,cx_stage1,,"[[[16, 365], [36, 365]], [], [true, true]]",
19141,q,a,cx_stage3,,"[[[16, 365], [36, 365]], [], [true, true]]",
19142,q,a,cx_stage1,,"[[[17, 368], [36, 368]], [], [true, true]]",
19143,q,a,cx_stage3,,"[[[17, 368], [36, 368]], [], [true, true]]",
19144,q,a,p,,"[[[36, 369]], [], [true]]",
19145,q,a,cx_stage1,,"[[[17, 372], [36, 372]], [], [true, true]]",
19146,q,a,cx_stage3,,"[[[17, 372], [36, 372]], [], [true, true]]",
19147,q,a,cx_stage1,,"[[[18, 375], [36, 375]], [], [true, true]]",
19148,q,a,cx_stage3,,"[[[18, 375], [36, 375]], [], [true, true]]",
19149,q,a,p,,"[[[36, 376]], [], [true]]",
19150,q,a,cx_stage1,,"[[[18, 379], [36, 379]], [], [true, true]]",
19151,q,a,cx_stage3,,"[[[18, 379], [36, 379]], [], [true, true]]",
19152,q,a,cx_stage1,,"[[[19, 382], [36, 382]], [], [true, true]]",
19153,q,a,cx_stage3,,"[[[19, 382], [36, 382]], [], [true, true]]",
19154,q,a,p,,"[[[36, 383]], [], [true]]",
19155,q,a,cx_stage1,,"[[[19, 386], [36, 386]], [], [true, true]]",
19156,q,a,cx_stage3,,"[[[19, 386], [36, 386]], [], [true, true]]",
19157,q,a,cx_stage1,,"[[[20, 389], [36, 389]], [], [true, true]]",
19158,q,a,cx_stage3,,"[[[20, 389], [36, 389]], [], [true, true]]",
19159,q,a,p,,"[[[36, 390]], [], [true]]",
19160,q,a,cx_stage1,,"[[[20, 393], [36, 393]], [], [true, true]]",
19161,q,a,cx_stage3,,"[[[20, 393], [36, 393]], [], [true, true]]",
19162,q,a,cx_stage1,,"[[[21, 396], [36, 396]], [], [true, true]]",
19163,q,a,cx_stage3,,"[[[21, 396], [36, 396]], [], [true, true]]",
19164,q,a,p,,"[[[36, 397]], [], [true]]",
19165,q,a,cx_stage1,,"[[[21, 400], [36, 400]], [], [true, true]]",
19166,q,a,cx_stage3,,"[[[21, 400], [36, 400]], [], [true, true]]",
19167,q,a,cx_stage1,,"[[[22, 403], [36, 403]], [], [true, true]]",
19168,q,a,cx_stage3,,"[[[22, 403], [36, 403]], [], [true, true]]",
19169,q,a,p,,"[[[36, 404]], [], [true]]",
19170,q,a,cx_stage1,,"[[[22, 407], [36, 407]], [], [true, true]]",
19171,q,a,cx_stage3,,"[[[22, 407], [36, 407]], [], [true, true]]",
19172,q,a,cx_stage1,,"[[[23, 410], [36, 410]], [], [true, true]]",
19173,q,a,cx_stage3,,"[[[23, 410], [36, 410]], [], [true, true]]",
19174,q,a,p,,"[[[36, 411]], [], [true]]",
19175,q,a,cx_stage1,,"[[[23, 414], [36, 414]], [], [true, true]]",
19176,q,a,cx_stage3,,"[[[23, 414], [36, 414]], [], [true, true]]",
19177,q,a,cx_stage1,,"[[[24, 417], [36, 417]], [], [true, true]]",
19178,q,a,cx_stage3,,"[[[24, 417], [36, 417]], [], [true, true]]",
19179,q,a,p,,"[[[36, 418]], [], [true]]",
19180,q,a,cx_stage1,,"[[[24, 421], [36, 421]], [], [true, true]]",
19181,q,a,cx_stage3,,"[[[24, 421], [36, 421]], [], [true, true]]",
19182,q,a,cx_stage1,,"[[[25, 424], [36, 424]], [], [true, true]]",
19183,q,a,cx_stage3,,"[[[25, 424], [36, 424]], [], [true, true]]",
19184,q,a,p,,"[[[36, 425]], [], [true]]",
19185,q,a,cx_stage1,,"[[[25, 428], [36, 428]], [], [true, true]]",
19186,q,a,cx_stage3,,"[[[25, 428], [36, 428]], [], [true, true]]",
19187,q,a,cx_stage1,,"[[[26, 431], [36, 431]], [], [true, true]]",
19188,q,a,cx_stage3,,"[[[26, 431], [36, 431]], [], [true, true]]",
19189,q,a,p,,"[[[36, 432]], [], [true]]",
19190,q,a,cx_stage1,,"[[[26, 435], [36, 435]], [], [true, true]]",
19191,q,a,cx_stage3,,"[[[26, 435], [36, 435]], [], [true, true]]",
19192,q,a,cx_stage1,,"[[[27, 438], [36, 438]], [], [true, true]]",
19193,q,a,cx_stage3,,"[[[27, 438], [36, 438]], [], [true, true]]",
19194,q,a,p,,"[[[36, 439]], [], [true]]",
19195,q,a,cx_stage1,,"[[[27, 442], [36, 442]], [], [true, true]]",
19196,q,a,cx_stage3,,"[[[27, 442], [36, 442]], [], [true, true]]",
19197,q,a,cx_stage1,,"[[[28, 445], [36, 445]], [], [true, true]]",
19198,q,a,cx_stage3,,"[[[28, 445], [36, 445]], [], [true, true]]",
19199,q,a,p,,"[[[36, 446]], [], [true]]",
19200,q,a,cx_stage1,,"[[[28, 449], [36, 449]], [], [true, true]]",
19201,q,a,cx_stage3,,"[[[28, 449], [36, 449]], [], [true, true]]",
19202,q,a,cx_stage1,,"[[[29, 452], [36, 452]], [], [true, true]]",
19203,q,a,cx_stage3,,"[[[29, 452], [36, 452]], [], [true, true]]",
19204,q,a,p,,"[[[36, 453]], [], [true]]",
19205,q,a,cx_stage1,,"[[[29, 456], [36, 456]], [], [true, true]]",
19206,q,a,cx_stage3,,"[[[29, 456], [36, 456]], [], [true, true]]",
19207,q,a,cx_stage1,,"[[[30, 459], [36, 459]], [], [true, true]]",
19208,q,a,cx_stage3,,"[[[30, 459], [36, 459]], [], [true, true]]",
19209,q,a,p,,"[[[36, 460]], [], [true]]",
19210,q,a,cx_stage1,,"[[[30, 463], [36, 463]], [], [true, true]]",
19211,q,a,cx_stage3,,"[[[30, 463], [36, 463]], [], [true, true]]",
19212,q,a,cx_stage1,,"[[[31, 466], [36, 466]], [], [true, true]]",
19213,q,a,cx_stage3,,"[[[31, 466], [36, 466]], [], [true, true]]",
19214,q,a,p,,"[[[36, 467]], [], [true]]",
19215,q,a,cx_stage1,,"[[[31, 470], [36, 470]], [], [true, true]]",
19216,q,a,cx_stage3,,"[[[31, 470], [36, 470]], [], [true, true]]",
19217,q,a,cx_stage1,,"[[[32, 473], [36, 473]], [], [true, true]]",
19218,q,a,cx_stage3,,"[[[32, 473], [36, 473]], [], [true, true]]",
19219,q,a,p,,"[[[36, 474]], [], [true]]",
19220,q,a,cx_stage1,,"[[[32, 477], [36, 477]], [], [true, true]]",
19221,q,a,cx_stage3,,"[[[32, 477], [36, 477]], [], [true, true]]",
19222,q,a,cx_stage1,,"[[[33, 480], [36, 480]], [], [true, true]]",
19223,q,a,cx_stage3,,"[[[33, 480], [36, 480]], [], [true, true]]",
19224,q,a,p,,"[[[36, 481]], [], [true]]",
19225,q,a,cx_stage1,,"[[[33, 484], [36, 484]], [], [true, true]]",
19226,q,a,cx_stage3,,"[[[33, 484], [36, 484]], [], [true, true]]",
19227,q,a,cx_stage1,,"[[[34, 487], [36, 487]], [], [true, true]]",
19228,q,a,cx_stage3,,"[[[34, 487], [36, 487]], [], [true, true]]",
19229,q,a,p,,"[[[36, 488]], [], [true]]",
19230,q,a,cx_stage1,,"[[[34, 491], [36, 491]], [], [true, true]]",
19231,q,a,cx_stage3,,"[[[34, 491], [36, 491]], [], [true, true]]",
19232,q,a,cx_stage1,,"[[[35, 494], [36, 494]], [], [true, true]]",
19233,q,a,cx_stage3,,"[[[35, 494], [36, 494]], [], [true, true]]",
19234,q,a,p,,"[[[36, 495]], [], [true]]",
19235,q,a,cx_stage1,,"[[[35, 498], [36, 498]], [], [true, true]]",
19236,q,a,cx_stage3,,"[[[35, 498], [36, 498]], [], [true, true]]",
19237,q,a,cx_stage1,,"[[[36, 508], [37, 508]], [], [true, true]]",
19238,q,a,cx_stage2,,"[[[36, 508], [37, 508]], [], [true, true]]",
19239,q,a,cx_stage3,,"[[[36, 508], [37, 508]], [], [true, true]]",
19240,q,a,cx_stage1,,"[[[36, 512], [37, 512]], [], [true, true]]",
19241,q,a,cx_stage2,,"[[[36, 512], [37, 512]], [], [true, true]]",
19242,q,a,cx_stage3,,"[[[36, 512], [37, 512]], [], [true, true]]",
19243,q,a,cx_stage1,,"[[[36, 515], [38, 515]], [], [true, true]]",
19244,q,a,cx_stage2,,"[[[36, 515], [38, 515]], [], [true, true]]",
19245,q,a,cx_stage3,,"[[[36, 515], [38, 515]], [], [true, true]]",
19246,q,a,cx_stage1,,"[[[36, 519], [38, 519]], [], [true, true]]",
19247,q,a,cx_stage2,,"[[[36, 519], [38, 519]], [], [true, true]]",
19248,q,a,cx_stage3,,"[[[36, 519], [38, 519]], [], [true, true]]",
19249,q,a,cx_stage1,,"[[[36, 522], [39, 522]], [], [true, true]]",
19250,q,a,cx_stage2,,"[[[36, 522], [39, 522]], [], [true, true]]",
19251,q,a,cx_stage3,,"[[[36, 522], [39, 522]], [], [true, true]]",
19252,q,a,cx_stage1,,"[[[36, 526], [39, 526]], [], [true, true]]",
19253,q,a,cx_stage2,,"[[[36, 526], [39, 526]], [], [true, true]]",
19254,q,a,cx_stage3,,"[[[36, 526], [39, 526]], [], [true, true]]",
19255,q,a,cx_stage1,,"[[[36, 529], [40, 529]], [], [true, true]]",
19256,q,a,cx_stage2,,"[[[36, 529], [40, 529]], [], [true, true]]",
19257,q,a,cx_stage3,,"[[[36, 529], [40, 529]], [], [true, true]]",
19258,q,a,cx_stage1,,"[[[36, 533], [40, 533]], [], [true, true]]",
19259,q,a,cx_stage2,,"[[[36, 533], [40, 533]], [], [true, true]]",
19260,q,a,cx_stage3,,"[[[36, 533], [40, 533]], [], [true, true]]",
19261,q,a,cx_stage1,,"[[[36, 536], [41, 536]], [], [true, true]]",
19262,q,a,cx_stage2,,"[[[36, 536], [41, 536]], [], [true, true]]",
19263,q,a,cx_stage3,,"[[[36, 536], [41, 536]], [], [true, true]]",
19264,q,a,cx_stage1,,"[[[36, 540], [41, 540]], [], [true, true]]",
19265,q,a,cx_stage2,,"[[[36, 540], [41, 540]], [], [true, true]]",
19266,q,a,cx_stage3,,"[[[36, 540], [41, 540]], [], [true, true]]",
19267,q,a,cx_stage1,,"[[[36, 543], [42, 543]], [], [true, true]]",
19268,q,a,cx_stage2,,"[[[36, 543], [42, 543]], [], [true, true]]",
19269,q,a,cx_stage3,,"[[[36, 543], [42, 543]], [], [true, true]]",
19270,q,a,cx_stage1,,"[[[36, 547], [42, 547]], [], [true, true]]",
19271,q,a,cx_stage2,,"[[[36, 547], [42, 547]], [], [true, true]]",
19272,q,a,cx_stage3,,"[[[36, 547], [42, 547]], [], [true, true]]",
19273,q,a,cx_stage1,,"[[[36, 550], [43, 550]], [], [true, true]]",
19274,q,a,cx_stage2,,"[[[36, 550], [43, 550]], [], [true, true]]",
19275,q,a,cx_stage3,,"[[[36, 550], [43, 550]], [], [true, true]]",
19276,q,a,cx_stage1,,"[[[36, 554], [43, 554]], [], [true, true]]",
19277,q,a,cx_stage2,,"[[[36, 554], [43, 554]], [], [true, true]]",
19278,q,a,cx_stage3,,"[[[36, 554], [43, 554]], [], [true, true]]",
19279,q,a,cx_stage1,,"[[[36, 557], [44, 557]], [], [true, true]]",
19280,q,a,cx_stage2,,"[[[36, 557], [44, 557]], [], [true, true]]",
19281,q,a,cx_stage3,,"[[[36, 557], [44, 557]], [], [true, true]]",
19282,q,a,cx_stage1,,"[[[36, 561], [44, 561]], [], [true, true]]",
19283,q,a,cx_stage2,,"[[[36, 561], [44, 561]], [], [true, true]]",
19284,q,a,cx_stage3,,"[[[36, 561], [44, 561]], [], [true, true]]",
19285,q,a,cx_stage1,,"[[[36, 564], [45, 564]], [], [true, true]]",
19286,q,a,cx_stage2,,"[[[36, 564], [45, 564]], [], [true, true]]",
19287,q,a,cx_stage3,,"[[[36, 564], [45, 564]], [], [true, true]]",
19288,q,a,cx_stage1,,"[[[36, 568], [45, 568]], [], [true, true]]",
19289,q,a,cx_stage2,,"[[[36, 568], [45, 568]], [], [true, true]]",
19290,q,a,cx_stage3,,"[[[36, 568], [45, 568]], [], [true, true]]",
19291,q,a,cx_stage1,,"[[[36, 571], [46, 571]], [], [true, true]]",
19292,q,a,cx_stage2,,"[[[36, 571], [46, 571]], [], [true, true]]",
19293,q,a,cx_stage3,,"[[[36, 571], [46, 571]], [], [true, true]]",
19294,q,a,cx_stage1,,"[[[36, 575], [46, 575]], [], [true, true]]",
19295,q,a,cx_stage2,,"[[[36, 575], [46, 575]], [], [true, true]]",
19296,q,a,cx_stage3,,"[[[36, 575], [46, 575]], [], [true, true]]",
19297,q,a,cx_stage1,,"[[[36, 578], [47, 578]], [], [true, true]]",
19298,q,a,cx_stage2,,"[[[36, 578], [47, 578]], [], [true, true]]",
19299,q,a,cx_stage3,,"[[[36, 578], [47, 578]], [], [true, true]]",
19300,q,a,cx_stage1,,"[[[36, 582], [47, 582]], [], [true, true]]",
19301,q,a,cx_stage2,,"[[[36, 582], [47, 582]], [], [true, true]]",
19302,q,a,cx_stage3,,"[[[36, 582], [47, 582]], [], [true, true]]",
19303,q,a,cx_stage1,,"[[[36, 585], [48, 585]], [], [true, true]]",
19304,q,a,cx_stage2,,"[[[36, 585], [48, 585]], [], [true, true]]",
19305,q,a,cx_stage3,,"[[[36, 585], [48, 585]], [], [true, true]]",
19306,q,a,cx_stage1,,"[[[36, 589], [48, 589]], [], [true, true]]",
19307,q,a,cx_stage2,,"[[[36, 589], [48, 589]], [], [true, true]]",
19308,q,a,cx_stage3,,"[[[36, 589], [48, 589]], [], [true, true]]",
19309,q,a,cx_stage1,,"[[[36, 592], [49, 592]], [], [true, true]]",
19310,q,a,cx_stage2,,"[[[36, 592], [49, 592]], [], [true, true]]",
19311,q,a,cx_stage3,,"[[[36, 592], [49, 592]], [], [true, true]]",
19312,q,a,cx_stage1,,"[[[36, 596], [49, 596]], [], [true, true]]",
19313,q,a,cx_stage2,,"[[[36, 596], [49, 596]], [], [true, true]]",
19314,q,a,cx_stage3,,"[[[36, 596], [49, 596]], [], [true, true]]",
19315,q,a,cx_stage1,,"[[[36, 599], [50, 599]], [], [true, true]]",
19316,q,a,cx_stage2,,"[[[36, 599], [50, 599]], [], [true, true]]",
19317,q,a,cx_stage3,,"[[[36, 599], [50, 599]], [], [true, true]]",
19318,q,a,cx_stage1,,"[[[36, 603], [50, 603]], [], [true, true]]",
19319,q,a,cx_stage2,,"[[[36, 603], [50, 603]], [], [true, true]]",
19320,q,a,cx_stage3,,"[[[36, 603], [50, 603]], [], [true, true]]",
19321,q,a,cx_stage1,,"[[[36, 606], [51, 606]], [], [true, true]]",
19322,q,a,cx_stage2,,"[[[36, 606], [51, 606]], [], [true, true]]",
19323,q,a,cx_stage3,,"[[[36, 606], [51, 606]], [], [true, true]]",
19324,q,a,cx_stage1,,"[[[36, 610], [51, 610]], [], [true, true]]",
19325,q,a,cx_stage2,,"[[[36, 610], [51, 610]], [], [true, true]]",
19326,q,a,cx_stage3,,"[[[36, 610], [51, 610]], [], [true, true]]",
19327,q,a,cx_stage1,,"[[[36, 613], [52, 613]], [], [true, true]]",
19328,q,a,cx_stage2,,"[[[36, 613], [52, 613]], [], [true, true]]",
19329,q,a,cx_stage3,,"[[[36, 613], [52, 613]], [], [true, true]]",
19330,q,a,cx_stage1,,"[[[36, 617], [52, 617]], [], [true, true]]",
19331,q,a,cx_stage2,,"[[[36, 617], [52, 617]], [], [true, true]]",
19332,q,a,cx_stage3,,"[[[36, 617], [52, 617]], [], [true, true]]",
19333,q,a,cx_stage1,,"[[[36, 620], [53, 620]], [], [true, true]]",
19334,q,a,cx_stage2,,"[[[36, 620], [53, 620]], [], [true, true]]",
19335,q,a,cx_stage3,,"[[[36, 620], [53, 620]], [], [true, true]]",
19336,q,a,cx_stage1,,"[[[36, 624], [53, 624]], [], [true, true]]",
19337,q,a,cx_stage2,,"[[[36, 624], [53, 624]], [], [true, true]]",
19338,q,a,cx_stage3,,"[[[36, 624], [53, 624]], [], [true, true]]",
19339,q,a,cx_stage1,,"[[[36, 627], [54, 627]], [], [true, true]]",
19340,q,a,cx_stage2,,"[[[36, 627], [54, 627]], [], [true, true]]",
19341,q,a,cx_stage3,,"[[[36, 627], [54, 627]], [], [true, true]]",
19342,q,a,cx_stage1,,"[[[36, 631], [54, 631]], [], [true, true]]",
19343,q,a,cx_stage2,,"[[[36, 631], [54, 631]], [], [true, true]]",
19344,q,a,cx_stage3,,"[[[36, 631], [54, 631]], [], [true, true]]",
19345,q,a,cx_stage1,,"[[[36, 634], [55, 634]], [], [true, true]]",
19346,q,a,cx_stage2,,"[[[36, 634], [55, 634]], [], [true, true]]",
19347,q,a,cx_stage3,,"[[[36, 634], [55, 634]], [], [true, true]]",
19348,q,a,cx_stage1,,"[[[36, 638], [55, 638]], [], [true, true]]",
19349,q,a,cx_stage2,,"[[[36, 638], [55, 638]], [], [true, true]]",
19350,q,a,cx_stage3,,"[[[36, 638], [55, 638]], [], [true, true]]",
19351,q,a,u2,,"[[[36, 639]], [], [true]]",
19352,q,a,cx_stage1,,"[[[0, 642], [36, 642]], [], [true, true]]",
19353,q,a,cx_stage3,,"[[[0, 642], [36, 642]], [], [true, true]]",
19354,q,a,p,,"[[[36, 643]], [], [true]]",
19355,q,a,cx_stage1,,"[[[0, 646], [36, 646]], [], [true, true]]",
19356,q,a,cx_stage3,,"[[[0, 646], [36, 646]], [], [true, true]]",
19357,q,a,cx_stage1,,"[[[1, 649], [36, 649]], [], [true, true]]",
19358,q,a,cx_stage3,,"[[[1, 649], [36, 649]], [], [true, true]]",
19359,q,a,p,,"[[[36, 650]], [], [true]]",
19360,q,a,cx_stage1,,"[[[1, 653], [36, 653]], [], [true, true]]",
19361,q,a,cx_stage3,,"[[[1, 653], [36, 653]], [], [true, true]]",
19362,q,a,cx_stage1,,"[[[2, 656], [36, 656]], [], [true, true]]",
19363,q,a,cx_stage3,,"[[[2, 656], [36, 656]], [], [true, true]]",
19364,q,a,p,,"[[[36, 657]], [], [true]]",
19365,q,a,cx_stage1,,"[[[2, 660], [36, 660]], [], [true, true]]",
19366,q,a,cx_stage3,,"[[[2, 660], [36, 660]], [], [true, true]]",
19367,q,a,cx_stage1,,"[[[3, 663], [36, 663]], [], [true, true]]",
19368,q,a,cx_stage2,,"[[[3, 663], [36, 663]], [], [true, true]]",
19369,q,a,cx_stage3,,"[[[3, 663], [36, 663]], [], [true, true]]",
19370,q,a,p,,"[[[36, 664]], [], [true]]",
19371,q,a,cx_stage1,,"[[[3, 667], [36, 667]], [], [true, true]]",
19372,q,a,cx_stage2,,"[[[3, 667], [36, 667]], [], [true, true]]",
19373,q,a,cx_stage3,,"[[[3, 667], [36, 667]], [], [true, true]]",
19374,q,a,cx_stage1,,"[[[4, 670], [36, 670]], [], [true, true]]",
19375,q,a,cx_stage2,,"[[[4, 670], [36, 670]], [], [true, true]]",
19376,q,a,cx_stage3,,"[[[4, 670], [36, 670]], [], [true, true]]",
19377,q,a,p,,"[[[36, 671]], [], [true]]",
19378,q,a,cx_stage1,,"[[[4, 674], [36, 674]], [], [true, true]]",
19379,q,a,cx_stage2,,"[[[4, 674], [36, 674]], [], [true, true]]",
19380,q,a,cx_stage3,,"[[[4, 674], [36, 674]], [], [true, true]]",
19381,q,a,cx_stage1,,"[[[5, 677], [36, 677]], [], [true, true]]",
19382,q,a,cx_stage2,,"[[[5, 677], [36, 677]], [], [true, true]]",
19383,q,a,cx_stage3,,"[[[5, 677], [36, 677]], [], [true, true]]",
19384,q,a,p,,"[[[36, 678]], [], [true]]",
19385,q,a,cx_stage1,,"[[[5, 681], [36, 681]], [], [true, true]]",
19386,q,a,cx_stage2,,"[[[5, 681], [36, 681]], [], [true, true]]",
19387,q,a,cx_stage3,,"[[[5, 681], [36, 681]], [], [true, true]]",
19388,q,a,cx_stage1,,"[[[6, 684], [36, 684]], [], [true, true]]",
19389,q,a,cx_stage2,,"[[[6, 684], [36, 684]], [], [true, true]]",
19390,q,a,cx_stage3,,"[[[6, 684], [36, 684]], [], [true, true]]",
19391,q,a,p,,"[[[36, 685]], [], [true]]",
19392,q,a,cx_stage1,,"[[[6, 688], [36, 688]], [], [true, true]]",
19393,q,a,cx_stage2,,"[[[6, 688], [36, 688]], [], [true, true]]",
19394,q,a,cx_stage3,,"[[[6, 688], [36, 688]], [], [true, true]]",
19395,q,a,cx_stage1,,"[[[7, 691], [36, 691]], [], [true, true]]",
19396,q,a,cx_stage2,,"[[[7, 691], [36, 691]], [], [true, true]]",
19397,q,a,cx_stage3,,"[[[7, 691], [36, 691]], [], [true, true]]",
19398,q,a,p,,"[[[36, 692]], [], [true]]",
19399,q,a,cx_stage1,,"[[[7, 695], [36, 695]], [], [true, true]]",
19400,q,a,cx_stage2,,"[[[7, 695], [36, 695]], [], [true, true]]",
19401,q,a,cx_stage3,,"[[[7, 695], [36, 695]], [], [true, true]]",
19402,q,a,cx_stage1,,"[[[8, 698], [36, 698]], [], [true, true]]",
19403,q,a,cx_stage2,,"[[[8, 698], [36, 698]], [], [true, true]]",
19404,q,a,cx_stage3,,"[[[8, 698], [36, 698]], [], [true, true]]",
19405,q,a,p,,"[[[36, 699]], [], [true]]",
19406,q,a,cx_stage1,,"[[[8, 702], [36, 702]], [], [true, true]]",
19407,q,a,cx_stage2,,"[[[8, 702], [36, 702]], [], [true, true]]",
19408,q,a,cx_stage3,,"[[[8, 702], [36, 702]], [], [true, true]]",
19409,q,a,cx_stage1,,"[[[9, 705], [36, 705]], [], [true, true]]",
19410,q,a,cx_stage2,,"[[[9, 705], [36, 705]], [], [true, true]]",
19411,q,a,cx_stage3,,"[[[9, 705], [36, 705]], [], [true, true]]",
19412,q,a,p,,"[[[36, 706]], [], [true]]",
19413,q,a,cx_stage1,,"[[[9, 709], [36, 709]], [], [true, true]]",
19414,q,a,cx_stage2,,"[[[9, 709], [36, 709]], [], [true, true]]",
19415,q,a,cx_stage3,,"[[[9, 709], [36, 709]], [], [true, true]]",
19416,q,a,cx_stage1,,"[[[10, 712], [36, 712]], [], [true, true]]",
19417,q,a,cx_stage3,,"[[[10, 712], [36, 712]], [], [true, true]]",
19418,q,a,p,,"[[[36, 713]], [], [true]]",
19419,q,a,cx_stage1,,"[[[10, 716], [36, 716]], [], [true, true]]",
19420,q,a,cx_stage3,,"[[[10, 716], [36, 716]], [], [true, true]]",
19421,q,a,cx_stage1,,"[[[11, 719], [36, 719]], [], [true, true]]",
19422,q,a,cx_stage3,,"[[[11, 719], [36, 719]], [], [true, true]]",
19423,q,a,p,,"[[[36, 720]], [], [true]]",
19424,q,a,cx_stage1,,"[[[11, 723], [36, 723]], [], [true, true]]",
19425,q,a,cx_stage3,,"[[[11, 723], [36, 723]], [], [true, true]]",
19426,q,a,cx_stage1,,"[[[12, 726], [36, 726]], [], [true, true]]",
19427,q,a,cx_stage3,,"[[[12, 726], [36, 726]], [], [true, true]]",
19428,q,a,p,,"[[[36, 727]], [], [true]]",
19429,q,a,cx_stage1,,"[[[12, 730], [36, 730]], [], [true, true]]",
19430,q,a,cx_stage3,,"[[[12, 730], [36, 730]], [], [true, true]]",
19431,q,a,cx_stage1,,"[[[13, 733], [36, 733]], [], [true, true]]",
19432,q,a,cx_stage3,,"[[[13, 733], [36, 733]], [], [true, true]]",
19433,q,a,p,,"[[[36, 734]], [], [true]]",
19434,q,a,cx_stage1,,"[[[13, 737], [36, 737]], [], [true, true]]",
19435,q,a,cx_stage3,,"[[[13, 737], [36, 737]], [], [true, true]]",
19436,q,a,cx_stage1,,"[[[14, 740], [36, 740]], [], [true, true]]",
19437,q,a,cx_stage3,,"[[[14, 740], [36, 740]], [], [true, true]]",
19438,q,a,p,,"[[[36, 741]], [], [true]]",
19439,q,a,cx_stage1,,"[[[14, 744], [36, 744]], [], [true, true]]",
19440,q,a,cx_stage3,,"[[[14, 744], [36, 744]], [], [true, true]]",
19441,q,a,cx_stage1,,"[[[15, 747], [36, 747]], [], [true, true]]",
19442,q,a,cx_stage3,,"[[[15, 747], [36, 747]], [], [true, true]]",
19443,q,a,p,,"[[[36, 748]], [], [true]]",
19444,q,a,cx_stage1,,"[[[15, 751], [36, 751]], [], [true, true]]",
19445,q,a,cx_stage3,,"[[[15, 751], [36, 751]], [], [true, true]]",
19446,q,a,cx_stage1,,"[[[16, 754], [36, 754]], [], [true, true]]",
19447,q,a,cx_stage3,,"[[[16, 754], [36, 754]], [], [true, true]]",
19448,q,a,p,,"[[[36, 755]], [], [true]]",
19449,q,a,cx_stage1,,"[[[16, 758], [36, 758]], [], [true, true]]",
19450,q,a,cx_stage3,,"[[[16, 758], [36, 758]], [], [true, true]]",
19451,q,a,cx_stage1,,"[[[17, 761], [36, 761]], [], [true, true]]",
19452,q,a,cx_stage3,,"[[[17, 761], [36, 761]], [], [true, true]]",
19453,q,a,p,,"[[[36, 762]], [], [true]]",
19454,q,a,cx_stage1,,"[[[17, 765], [36, 765]], [], [true, true]]",
19455,q,a,cx_stage3,,"[[[17, 765], [36, 765]], [], [true, true]]",
19456,q,a,cx_stage1,,"[[[18, 768], [36, 768]], [], [true, true]]",
19457,q,a,cx_stage3,,"[[[18, 768], [36, 768]], [], [true, true]]",
19458,q,a,p,,"[[[36, 769]], [], [true]]",
19459,q,a,cx_stage1,,"[[[18, 772], [36, 772]], [], [true, true]]",
19460,q,a,cx_stage3,,"[[[18, 772], [36, 772]], [], [true, true]]",
19461,q,a,cx_stage1,,"[[[19, 775], [36, 775]], [], [true, true]]",
19462,q,a,cx_stage3,,"[[[19, 775], [36, 775]], [], [true, true]]",
19463,q,a,p,,"[[[36, 776]], [], [true]]",
19464,q,a,cx_stage1,,"[[[19, 779], [36, 779]], [], [true, true]]",
19465,q,a,cx_stage3,,"[[[19, 779], [36, 779]], [], [true, true]]",
19466,q,a,cx_stage1,,"[[[20, 782], [36, 782]], [], [true, true]]",
19467,q,a,cx_stage3,,"[[[20, 782], [36, 782]], [], [true, true]]",
19468,q,a,p,,"[[[36, 783]], [], [true]]",
19469,q,a,cx_stage1,,"[[[20, 786], [36, 786]], [], [true, true]]",
19470,q,a,cx_stage3,,"[[[20, 786], [36, 786]], [], [true, true]]",
19471,q,a,cx_stage1,,"[[[21, 789], [36, 789]], [], [true, true]]",
19472,q,a,cx_stage3,,"[[[21, 789], [36, 789]], [], [true, true]]",
19473,q,a,p,,"[[[36, 790]], [], [true]]",
19474,q,a,cx_stage1,,"[[[21, 793], [36, 793]], [], [true, true]]",
19475,q,a,cx_stage3,,"[[[21, 793], [36, 793]], [], [true, true]]",
19476,q,a,cx_stage1,,"[[[22, 796], [36, 796]], [], [true, true]]",
19477,q,a,cx_stage3,,"[[[22, 796], [36, 796]], [], [true, true]]",
19478,q,a,p,,"[[[36, 797]], [], [true]]",
19479,q,a,cx_stage1,,"[[[22, 800], [36, 800]], [], [true, true]]",
19480,q,a,cx_stage3,,"[[[22, 800], [36, 800]], [], [true, true]]",
19481,q,a,cx_stage1,,"[[[23, 803], [36, 803]], [], [true, true]]",
19482,q,a,cx_stage3,,"[[[23, 803], [36, 803]], [], [true, true]]",
19483,q,a,p,,"[[[36, 804]], [], [true]]",
19484,q,a,cx_stage1,,"[[[23, 807], [36, 807]], [], [true, true]]",
19485,q,a,cx_stage3,,"[[[23, 807], [36, 807]], [], [true, true]]",
19486,q,a,cx_stage1,,"[[[24, 810], [36, 810]], [], [true, true]]",
19487,q,a,cx_stage3,,"[[[24, 810], [36, 810]], [], [true, true]]",
19488,q,a,p,,"[[[36, 811]], [], [true]]",
19489,q,a,cx_stage1,,"[[[24, 814], [36, 814]], [], [true, true]]",
19490,q,a,cx_stage3,,"[[[24, 814], [36, 814]], [], [true, true]]",
19491,q,a,cx_stage1,,"[[[25, 817], [36, 817]], [], [true, true]]",
19492,q,a,cx_stage3,,"[[[25, 817], [36, 817]], [], [true, true]]",
19493,q,a,p,,"[[[36, 818]], [], [true]]",
19494,q,a,cx_stage1,,"[[[25, 821], [36, 821]], [], [true, true]]",
19495,q,a,cx_stage3,,"[[[25, 821], [36, 821]], [], [true, true]]",
19496,q,a,cx_stage1,,"[[[26, 824], [36, 824]], [], [true, true]]",
19497,q,a,cx_stage3,,"[[[26, 824], [36, 824]], [], [true, true]]",
19498,q,a,p,,"[[[36, 825]], [], [true]]",
19499,q,a,cx_stage1,,"[[[26, 828], [36, 828]], [], [true, true]]",
19500,q,a,cx_stage3,,"[[[26, 828], [36, 828]], [], [true, true]]",
19501,q,a,cx_stage1,,"[[[27, 831], [36, 831]], [], [true, true]]",
19502,q,a,cx_stage3,,"[[[27, 831], [36, 831]], [], [true, true]]",
19503,q,a,p,,"[[[36, 832]], [], [true]]",
19504,q,a,cx_stage1,,"[[[27, 835], [36, 835]], [], [true, true]]",
19505,q,a,cx_stage3,,"[[[27, 835], [36, 835]], [], [true, true]]",
19506,q,a,cx_stage1,,"[[[28, 838], [36, 838]], [], [true, true]]",
19507,q,a,cx_stage3,,"[[[28, 838], [36, 838]], [], [true, true]]",
19508,q,a,p,,"[[[36, 839]], [], [true]]",
19509,q,a,cx_stage1,,"[[[28, 842], [36, 842]], [], [true, true]]",
19510,q,a,cx_stage3,,"[[[28, 842], [36, 842]], [], [true, true]]",
19511,q,a,cx_stage1,,"[[[29, 845], [36, 845]], [], [true, true]]",
19512,q,a,cx_stage3,,"[[[29, 845], [36, 845]], [], [true, true]]",
19513,q,a,p,,"[[[36, 846]], [], [true]]",
19514,q,a,cx_stage1,,"[[[29, 849], [36, 849]], [], [true, true]]",
19515,q,a,cx_stage3,,"[[[29, 849], [36, 849]], [], [true, true]]",
19516,q,a,cx_stage1,,"[[[30, 852], [36, 852]], [], [true, true]]",
19517,q,a,cx_stage3,,"[[[30, 852], [36, 852]], [], [true, true]]",
19518,q,a,p,,"[[[36, 853]], [], [true]]",
19519,q,a,cx_stage1,,"[[[30, 856], [36, 856]], [], [true, true]]",
19520,q,a,cx_stage3,,"[[[30, 856], [36, 856]], [], [true, true]]",
19521,q,a,cx_stage1,,"[[[31, 859], [36, 859]], [], [true, true]]",
19522,q,a,cx_stage3,,"[[[31, 859], [36, 859]], [], [true, true]]",
19523,q,a,p,,"[[[36, 860]], [], [true]]",
19524,q,a,cx_stage1,,"[[[31, 863], [36, 863]], [], [true, true]]",
19525,q,a,cx_stage3,,"[[[31, 863], [36, 863]], [], [true, true]]",
19526,q,a,cx_stage1,,"[[[32, 866], [36, 866]], [], [true, true]]",
19527,q,a,cx_stage3,,"[[[32, 866], [36, 866]], [], [true, true]]",
19528,q,a,p,,"[[[36, 867]], [], [true]]",
19529,q,a,cx_stage1,,"[[[32, 870], [36, 870]], [], [true, true]]",
19530,q,a,cx_stage3,,"[[[32, 870], [36, 870]], [], [true, true]]",
19531,q,a,cx_stage1,,"[[[33, 873], [36, 873]], [], [true, true]]",
19532,q,a,cx_stage3,,"[[[33, 873], [36, 873]], [], [true, true]]",
19533,q,a,p,,"[[[36, 874]], [], [true]]",
19534,q,a,cx_stage1,,"[[[33, 877], [36, 877]], [], [true, true]]",
19535,q,a,cx_stage3,,"[[[33, 877], [36, 877]], [], [true, true]]",
19536,q,a,cx_stage1,,"[[[34, 880], [36, 880]], [], [true, true]]",
19537,q,a,cx_stage3,,"[[[34, 880], [36, 880]], [], [true, true]]",
19538,q,a,p,,"[[[36, 881]], [], [true]]",
19539,q,a,cx_stage1,,"[[[34, 884], [36, 884]], [], [true, true]]",
19540,q,a,cx_stage3,,"[[[34, 884], [36, 884]], [], [true, true]]",
19541,q,a,cx_stage1,,"[[[35, 887], [36, 887]], [], [true, true]]",
19542,q,a,cx_stage3,,"[[[35, 887], [36, 887]], [], [true, true]]",
19543,q,a,p,,"[[[36, 888]], [], [true]]",
19544,q,a,cx_stage1,,"[[[35, 891], [36, 891]], [], [true, true]]",
19545,q,a,cx_stage3,,"[[[35, 891], [36, 891]], [], [true, true]]",
19546,q,a,cx_stage1,,"[[[36, 901], [37, 901]], [], [true, true]]",
19547,q,a,cx_stage2,,"[[[36, 901], [37, 901]], [], [true, true]]",
19548,q,a,cx_stage3,,"[[[36, 901], [37, 901]], [], [true, true]]",
19549,q,a,cx_stage1,,"[[[36, 905], [37, 905]], [], [true, true]]",
19550,q,a,cx_stage2,,"[[[36, 905], [37, 905]], [], [true, true]]",
19551,q,a,cx_stage3,,"[[[36, 905], [37, 905]], [], [true, true]]",
19552,q,a,cx_stage1,,"[[[36, 908], [38, 908]], [], [true, true]]",
19553,q,a,cx_stage2,,"[[[36, 908], [38, 908]], [], [true, true]]",
19554,q,a,cx_stage3,,"[[[36, 908], [38, 908]], [], [true, true]]",
19555,q,a,cx_stage1,,"[[[36, 912], [38, 912]], [], [true, true]]",
19556,q,a,cx_stage2,,"[[[36, 912], [38, 912]], [], [true, true]]",
19557,q,a,cx_stage3,,"[[[36, 912], [38, 912]], [], [true, true]]",
19558,q,a,cx_stage1,,"[[[36, 915], [39, 915]], [], [true, true]]",
19559,q,a,cx_stage2,,"[[[36, 915], [39, 915]], [], [true, true]]",
19560,q,a,cx_stage3,,"[[[36, 915], [39, 915]], [], [true, true]]",
19561,q,a,cx_stage1,,"[[[36, 919], [39, 919]], [], [true, true]]",
19562,q,a,cx_stage2,,"[[[36, 919], [39, 919]], [], [true, true]]",
19563,q,a,cx_stage3,,"[[[36, 919], [39, 919]], [], [true, true]]",
19564,q,a,cx_stage1,,"[[[36, 922], [40, 922]], [], [true, true]]",
19565,q,a,cx_stage2,,"[[[36, 922], [40, 922]], [], [true, true]]",
19566,q,a,cx_stage3,,"[[[36, 922], [40, 922]], [], [true, true]]",
19567,q,a,cx_stage1,,"[[[36, 926], [40, 926]], [], [true, true]]",
19568,q,a,cx_stage2,,"[[[36, 926], [40, 926]], [], [true, true]]",
19569,q,a,cx_stage3,,"[[[36, 926], [40, 926]], [], [true, true]]",
19570,q,a,cx_stage1,,"[[[36, 929], [41, 929]], [], [true, true]]",
19571,q,a,cx_stage2,,"[[[36, 929], [41, 929]], [], [true, true]]",
19572,q,a,cx_stage3,,"[[[36, 929], [41, 929]], [], [true, true]]",
19573,q,a,cx_stage1,,"[[[36, 933], [41, 933]], [], [true, true]]",
19574,q,a,cx_stage2,,"[[[36, 933], [41, 933]], [], [true, true]]",
19575,q,a,cx_stage3,,"[[[36, 933], [41, 933]], [], [true, true]]",
19576,q,a,cx_stage1,,"[[[36, 936], [42, 936]], [], [true, true]]",
19577,q,a,cx_stage2,,"[[[36, 936], [42, 936]], [], [true, true]]",
19578,q,a,cx_stage3,,"[[[36, 936], [42, 936]], [], [true, true]]",
19579,q,a,cx_stage1,,"[[[36, 940], [42, 940]], [], [true, true]]",
19580,q,a,cx_stage2,,"[[[36, 940], [42, 940]], [], [true, true]]",
19581,q,a,cx_stage3,,"[[[36, 940], [42, 940]], [], [true, true]]",
19582,q,a,cx_stage1,,"[[[36, 943], [43, 943]], [], [true, true]]",
19583,q,a,cx_stage2,,"[[[36, 943], [43, 943]], [], [true, true]]",
19584,q,a,cx_stage3,,"[[[36, 943], [43, 943]], [], [true, true]]",
19585,q,a,cx_stage1,,"[[[36, 947], [43, 947]], [], [true, true]]",
19586,q,a,cx_stage2,,"[[[36, 947], [43, 947]], [], [true, true]]",
19587,q,a,cx_stage3,,"[[[36, 947], [43, 947]], [], [true, true]]",
19588,q,a,cx_stage1,,"[[[36, 950], [44, 950]], [], [true, true]]",
19589,q,a,cx_stage2,,"[[[36, 950], [44, 950]], [], [true, true]]",
19590,q,a,cx_stage3,,"[[[36, 950], [44, 950]], [], [true, true]]",
19591,q,a,cx_stage1,,"[[[36, 954], [44, 954]], [], [true, true]]",
19592,q,a,cx_stage2,,"[[[36, 954], [44, 954]], [], [true, true]]",
19593,q,a,cx_stage3,,"[[[36, 954], [44, 954]], [], [true, true]]",
19594,q,a,cx_stage1,,"[[[36, 957], [45, 957]], [], [true, true]]",
19595,q,a,cx_stage2,,"[[[36, 957], [45, 957]], [], [true, true]]",
19596,q,a,cx_stage3,,"[[[36, 957], [45, 957]], [], [true, true]]",
19597,q,a,cx_stage1,,"[[[36, 961], [45, 961]], [], [true, true]]",
19598,q,a,cx_stage2,,"[[[36, 961], [45, 961]], [], [true, true]]",
19599,q,a,cx_stage3,,"[[[36, 961], [45, 961]], [], [true, true]]",
19600,q,a,cx_stage1,,"[[[36, 964], [46, 964]], [], [true, true]]",
19601,q,a,cx_stage2,,"[[[36, 964], [46, 964]], [], [true, true]]",
19602,q,a,cx_stage3,,"[[[36, 964], [46, 964]], [], [true, true]]",
19603,q,a,cx_stage1,,"[[[36, 968], [46, 968]], [], [true, true]]",
19604,q,a,cx_stage2,,"[[[36, 968], [46, 968]], [], [true, true]]",
19605,q,a,cx_stage3,,"[[[36, 968], [46, 968]], [], [true, true]]",
19606,q,a,cx_stage1,,"[[[36, 971], [47, 971]], [], [true, true]]",
19607,q,a,cx_stage2,,"[[[36, 971], [47, 971]], [], [true, true]]",
19608,q,a,cx_stage3,,"[[[36, 971], [47, 971]], [], [true, true]]",
19609,q,a,cx_stage1,,"[[[36, 975], [47, 975]], [], [true, true]]",
19610,q,a,cx_stage2,,"[[[36, 975], [47, 975]], [], [true, true]]",
19611,q,a,cx_stage3,,"[[[36, 975], [47, 975]], [], [true, true]]",
19612,q,a,cx_stage1,,"[[[36, 978], [48, 978]], [], [true, true]]",
19613,q,a,cx_stage2,,"[[[36, 978], [48, 978]], [], [true, true]]",
19614,q,a,cx_stage3,,"[[[36, 978], [48, 978]], [], [true, true]]",
19615,q,a,cx_stage1,,"[[[36, 982], [48, 982]], [], [true, true]]",
19616,q,a,cx_stage2,,"[[[36, 982], [48, 982]], [], [true, true]]",
19617,q,a,cx_stage3,,"[[[36, 982], [48, 982]], [], [true, true]]",
19618,q,a,cx_stage1,,"[[[36, 985], [49, 985]], [], [true, true]]",
19619,q,a,cx_stage2,,"[[[36, 985], [49, 985]], [], [true, true]]",
19620,q,a,cx_stage3,,"[[[36, 985], [49, 985]], [], [true, true]]",
19621,q,a,cx_stage1,,"[[[36, 989], [49, 989]], [], [true, true]]",
19622,q,a,cx_stage2,,"[[[36, 989], [49, 989]], [], [true, true]]",
19623,q,a,cx_stage3,,"[[[36, 989], [49, 989]], [], [true, true]]",
19624,q,a,cx_stage1,,"[[[36, 992], [50, 992]], [], [true, true]]",
19625,q,a,cx_stage2,,"[[[36, 992], [50, 992]], [], [true, true]]",
19626,q,a,cx_stage3,,"[[[36, 992], [50, 992]], [], [true, true]]",
19627,q,a,cx_stage1,,"[[[36, 996], [50, 996]], [], [true, true]]",
19628,q,a,cx_stage2,,"[[[36, 996], [50, 996]], [], [true, true]]",
19629,q,a,cx_stage3,,"[[[36, 996], [50, 996]], [], [true, true]]",
19630,q,a,cx_stage1,,"[[[36, 999], [51, 999]], [], [true, true]]",
19631,q,a,cx_stage2,,"[[[36, 999], [51, 999]], [], [true, true]]",
19632,q,a,cx_stage3,,"[[[36, 999], [51, 999]], [], [true, true]]",
19633,q,a,u2,,"[[[37, 1]], [], [true]]",
19634,q,a,cx_stage1,,"[[[0, 256], [37, 256]], [], [true, true]]",
19635,q,a,cx_stage2,,"[[[37, 1003], [50, 1003]], [], [true, true]]",
19636,q,a,cx_stage1,,"[[[37, 1003], [50, 1003]], [], [true, true]]",
19637,q,a,cx_stage3,,"[[[37, 1003], [50, 1003]], [], [true, true]]",
19638,q,a,cx_stage1,,"[[[37, 1006], [51, 1006]], [], [true, true]]",
19639,q,a,cx_stage2,,"[[[37, 1006], [51, 1006]], [], [true, true]]",
19640,q,a,cx_stage3,,"[[[37, 1006], [51, 1006]], [], [true, true]]",
19641,q,a,cx_stage1,,"[[[37, 1010], [51, 1010]], [], [true, true]]",
19642,q,a,cx_stage2,,"[[[37, 1010], [51, 1010]], [], [true, true]]",
19643,q,a,cx_stage3,,"[[[37, 1010], [51, 1010]], [], [true, true]]",
19644,q,a,cx_stage1,,"[[[37, 1013], [52, 1013]], [], [true, true]]",
19645,q,a,cx_stage2,,"[[[37, 1013], [52, 1013]], [], [true, true]]",
19646,q,a,cx_stage3,,"[[[37, 1013], [52, 1013]], [], [true, true]]",
19647,q,a,cx_stage1,,"[[[37, 1017], [52, 1017]], [], [true, true]]",
19648,q,a,cx_stage2,,"[[[37, 1017], [52, 1017]], [], [true, true]]",
19649,q,a,cx_stage3,,"[[[37, 1017], [52, 1017]], [], [true, true]]",
19650,q,a,cx_stage1,,"[[[37, 1020], [53, 1020]], [], [true, true]]",
19651,q,a,cx_stage2,,"[[[37, 1020], [53, 1020]], [], [true, true]]",
19652,q,a,cx_stage3,,"[[[37, 1020], [53, 1020]], [], [true, true]]",
19653,q,a,cx_stage1,,"[[[37, 1024], [53, 1024]], [], [true, true]]",
19654,q,a,cx_stage2,,"[[[37, 1024], [53, 1024]], [], [true, true]]",
19655,q,a,cx_stage3,,"[[[37, 1024], [53, 1024]], [], [true, true]]",
19656,q,a,cx_stage1,,"[[[37, 1027], [54, 1027]], [], [true, true]]",
19657,q,a,cx_stage2,,"[[[37, 1027], [54, 1027]], [], [true, true]]",
19658,q,a,cx_stage3,,"[[[37, 1027], [54, 1027]], [], [true, true]]",
19659,q,a,cx_stage1,,"[[[37, 1031], [54, 1031]], [], [true, true]]",
19660,q,a,cx_stage2,,"[[[37, 1031], [54, 1031]], [], [true, true]]",
19661,q,a,cx_stage3,,"[[[37, 1031], [54, 1031]], [], [true, true]]",
19662,q,a,cx_stage1,,"[[[37, 1034], [55, 1034]], [], [true, true]]",
19663,q,a,cx_stage2,,"[[[37, 1034], [55, 1034]], [], [true, true]]",
19664,q,a,cx_stage3,,"[[[37, 1034], [55, 1034]], [], [true, true]]",
19665,q,a,cx_stage1,,"[[[37, 1038], [55, 1038]], [], [true, true]]",
19666,q,a,cx_stage2,,"[[[37, 1038], [55, 1038]], [], [true, true]]",
19667,q,a,cx_stage3,,"[[[37, 1038], [55, 1038]], [], [true, true]]",
19668,q,a,ry,,"[[[37, 1039]], [], [true]]",
19669,q,a,cx_stage1,,"[[[37, 1212], [38, 1212]], [], [true, true]]",
19670,q,a,cx_stage2,,"[[[37, 1212], [38, 1212]], [], [true, true]]",
19671,q,a,cx_stage3,,"[[[37, 1212], [38, 1212]], [], [true, true]]",
19672,q,a,cx_stage1,,"[[[36, 1215], [37, 1215]], [], [true, true]]",
19673,q,a,cx_stage3,,"[[[36, 1215], [37, 1215]], [], [true, true]]",
19674,q,a,ry,,"[[[37, 1216]], [], [true]]",
19675,q,a,cx_stage3,,"[[[0, 256], [37, 256]], [], [true, true]]",
19676,q,a,p,,"[[[37, 257]], [], [true]]",
19677,q,a,cx_stage1,,"[[[0, 260], [37, 260]], [], [true, true]]",
19678,q,a,cx_stage3,,"[[[0, 260], [37, 260]], [], [true, true]]",
19679,q,a,cx_stage1,,"[[[1, 263], [37, 263]], [], [true, true]]",
19680,q,a,cx_stage3,,"[[[1, 263], [37, 263]], [], [true, true]]",
19681,q,a,p,,"[[[37, 264]], [], [true]]",
19682,q,a,cx_stage1,,"[[[1, 267], [37, 267]], [], [true, true]]",
19683,q,a,cx_stage3,,"[[[1, 267], [37, 267]], [], [true, true]]",
19684,q,a,cx_stage1,,"[[[2, 270], [37, 270]], [], [true, true]]",
19685,q,a,cx_stage3,,"[[[2, 270], [37, 270]], [], [true, true]]",
19686,q,a,p,,"[[[37, 271]], [], [true]]",
19687,q,a,cx_stage1,,"[[[2, 274], [37, 274]], [], [true, true]]",
19688,q,a,cx_stage3,,"[[[2, 274], [37, 274]], [], [true, true]]",
19689,q,a,cx_stage1,,"[[[3, 277], [37, 277]], [], [true, true]]",
19690,q,a,cx_stage2,,"[[[3, 277], [37, 277]], [], [true, true]]",
19691,q,a,cx_stage3,,"[[[3, 277], [37, 277]], [], [true, true]]",
19692,q,a,p,,"[[[37, 278]], [], [true]]",
19693,q,a,cx_stage1,,"[[[3, 281], [37, 281]], [], [true, true]]",
19694,q,a,cx_stage2,,"[[[3, 281], [37, 281]], [], [true, true]]",
19695,q,a,cx_stage3,,"[[[3, 281], [37, 281]], [], [true, true]]",
19696,q,a,cx_stage1,,"[[[4, 284], [37, 284]], [], [true, true]]",
19697,q,a,cx_stage2,,"[[[4, 284], [37, 284]], [], [true, true]]",
19698,q,a,cx_stage3,,"[[[4, 284], [37, 284]], [], [true, true]]",
19699,q,a,p,,"[[[37, 285]], [], [true]]",
19700,q,a,cx_stage1,,"[[[4, 288], [37, 288]], [], [true, true]]",
19701,q,a,cx_stage2,,"[[[4, 288], [37, 288]], [], [true, true]]",
19702,q,a,cx_stage3,,"[[[4, 288], [37, 288]], [], [true, true]]",
19703,q,a,cx_stage1,,"[[[5, 291], [37, 291]], [], [true, true]]",
19704,q,a,cx_stage2,,"[[[5, 291], [37, 291]], [], [true, true]]",
19705,q,a,cx_stage3,,"[[[5, 291], [37, 291]], [], [true, true]]",
19706,q,a,p,,"[[[37, 292]], [], [true]]",
19707,q,a,cx_stage1,,"[[[5, 295], [37, 295]], [], [true, true]]",
19708,q,a,cx_stage2,,"[[[5, 295], [37, 295]], [], [true, true]]",
19709,q,a,cx_stage3,,"[[[5, 295], [37, 295]], [], [true, true]]",
19710,q,a,cx_stage1,,"[[[6, 298], [37, 298]], [], [true, true]]",
19711,q,a,cx_stage2,,"[[[6, 298], [37, 298]], [], [true, true]]",
19712,q,a,cx_stage3,,"[[[6, 298], [37, 298]], [], [true, true]]",
19713,q,a,p,,"[[[37, 299]], [], [true]]",
19714,q,a,cx_stage1,,"[[[6, 302], [37, 302]], [], [true, true]]",
19715,q,a,cx_stage2,,"[[[6, 302], [37, 302]], [], [true, true]]",
19716,q,a,cx_stage3,,"[[[6, 302], [37, 302]], [], [true, true]]",
19717,q,a,cx_stage1,,"[[[7, 305], [37, 305]], [], [true, true]]",
19718,q,a,cx_stage2,,"[[[7, 305], [37, 305]], [], [true, true]]",
19719,q,a,cx_stage3,,"[[[7, 305], [37, 305]], [], [true, true]]",
19720,q,a,p,,"[[[37, 306]], [], [true]]",
19721,q,a,cx_stage1,,"[[[7, 309], [37, 309]], [], [true, true]]",
19722,q,a,cx_stage2,,"[[[7, 309], [37, 309]], [], [true, true]]",
19723,q,a,cx_stage3,,"[[[7, 309], [37, 309]], [], [true, true]]",
19724,q,a,cx_stage1,,"[[[8, 312], [37, 312]], [], [true, true]]",
19725,q,a,cx_stage2,,"[[[8, 312], [37, 312]], [], [true, true]]",
19726,q,a,cx_stage3,,"[[[8, 312], [37, 312]], [], [true, true]]",
19727,q,a,p,,"[[[37, 313]], [], [true]]",
19728,q,a,cx_stage1,,"[[[8, 316], [37, 316]], [], [true, true]]",
19729,q,a,cx_stage2,,"[[[8, 316], [37, 316]], [], [true, true]]",
19730,q,a,cx_stage3,,"[[[8, 316], [37, 316]], [], [true, true]]",
19731,q,a,cx_stage1,,"[[[9, 319], [37, 319]], [], [true, true]]",
19732,q,a,cx_stage2,,"[[[9, 319], [37, 319]], [], [true, true]]",
19733,q,a,cx_stage3,,"[[[9, 319], [37, 319]], [], [true, true]]",
19734,q,a,p,,"[[[37, 320]], [], [true]]",
19735,q,a,cx_stage1,,"[[[9, 323], [37, 323]], [], [true, true]]",
19736,q,a,cx_stage2,,"[[[9, 323], [37, 323]], [], [true, true]]",
19737,q,a,cx_stage3,,"[[[9, 323], [37, 323]], [], [true, true]]",
19738,q,a,cx_stage1,,"[[[10, 326], [37, 326]], [], [true, true]]",
19739,q,a,cx_stage3,,"[[[10, 326], [37, 326]], [], [true, true]]",
19740,q,a,p,,"[[[37, 327]], [], [true]]",
19741,q,a,cx_stage1,,"[[[10, 330], [37, 330]], [], [true, true]]",
19742,q,a,cx_stage3,,"[[[10, 330], [37, 330]], [], [true, true]]",
19743,q,a,cx_stage1,,"[[[11, 333], [37, 333]], [], [true, true]]",
19744,q,a,cx_stage3,,"[[[11, 333], [37, 333]], [], [true, true]]",
19745,q,a,p,,"[[[37, 334]], [], [true]]",
19746,q,a,cx_stage1,,"[[[11, 337], [37, 337]], [], [true, true]]",
19747,q,a,cx_stage3,,"[[[11, 337], [37, 337]], [], [true, true]]",
19748,q,a,cx_stage1,,"[[[12, 340], [37, 340]], [], [true, true]]",
19749,q,a,cx_stage3,,"[[[12, 340], [37, 340]], [], [true, true]]",
19750,q,a,p,,"[[[37, 341]], [], [true]]",
19751,q,a,cx_stage1,,"[[[12, 344], [37, 344]], [], [true, true]]",
19752,q,a,cx_stage3,,"[[[12, 344], [37, 344]], [], [true, true]]",
19753,q,a,cx_stage1,,"[[[13, 347], [37, 347]], [], [true, true]]",
19754,q,a,cx_stage3,,"[[[13, 347], [37, 347]], [], [true, true]]",
19755,q,a,p,,"[[[37, 348]], [], [true]]",
19756,q,a,cx_stage1,,"[[[13, 351], [37, 351]], [], [true, true]]",
19757,q,a,cx_stage3,,"[[[13, 351], [37, 351]], [], [true, true]]",
19758,q,a,cx_stage1,,"[[[14, 354], [37, 354]], [], [true, true]]",
19759,q,a,cx_stage3,,"[[[14, 354], [37, 354]], [], [true, true]]",
19760,q,a,p,,"[[[37, 355]], [], [true]]",
19761,q,a,cx_stage1,,"[[[14, 358], [37, 358]], [], [true, true]]",
19762,q,a,cx_stage3,,"[[[14, 358], [37, 358]], [], [true, true]]",
19763,q,a,cx_stage1,,"[[[15, 361], [37, 361]], [], [true, true]]",
19764,q,a,cx_stage3,,"[[[15, 361], [37, 361]], [], [true, true]]",
19765,q,a,p,,"[[[37, 362]], [], [true]]",
19766,q,a,cx_stage1,,"[[[15, 365], [37, 365]], [], [true, true]]",
19767,q,a,cx_stage3,,"[[[15, 365], [37, 365]], [], [true, true]]",
19768,q,a,cx_stage1,,"[[[16, 368], [37, 368]], [], [true, true]]",
19769,q,a,cx_stage3,,"[[[16, 368], [37, 368]], [], [true, true]]",
19770,q,a,p,,"[[[37, 369]], [], [true]]",
19771,q,a,cx_stage1,,"[[[16, 372], [37, 372]], [], [true, true]]",
19772,q,a,cx_stage3,,"[[[16, 372], [37, 372]], [], [true, true]]",
19773,q,a,cx_stage1,,"[[[17, 375], [37, 375]], [], [true, true]]",
19774,q,a,cx_stage3,,"[[[17, 375], [37, 375]], [], [true, true]]",
19775,q,a,p,,"[[[37, 376]], [], [true]]",
19776,q,a,cx_stage1,,"[[[17, 379], [37, 379]], [], [true, true]]",
19777,q,a,cx_stage3,,"[[[17, 379], [37, 379]], [], [true, true]]",
19778,q,a,cx_stage1,,"[[[18, 382], [37, 382]], [], [true, true]]",
19779,q,a,cx_stage3,,"[[[18, 382], [37, 382]], [], [true, true]]",
19780,q,a,p,,"[[[37, 383]], [], [true]]",
19781,q,a,cx_stage1,,"[[[18, 386], [37, 386]], [], [true, true]]",
19782,q,a,cx_stage3,,"[[[18, 386], [37, 386]], [], [true, true]]",
19783,q,a,cx_stage1,,"[[[19, 389], [37, 389]], [], [true, true]]",
19784,q,a,cx_stage3,,"[[[19, 389], [37, 389]], [], [true, true]]",
19785,q,a,p,,"[[[37, 390]], [], [true]]",
19786,q,a,cx_stage1,,"[[[19, 393], [37, 393]], [], [true, true]]",
19787,q,a,cx_stage3,,"[[[19, 393], [37, 393]], [], [true, true]]",
19788,q,a,cx_stage1,,"[[[20, 396], [37, 396]], [], [true, true]]",
19789,q,a,cx_stage3,,"[[[20, 396], [37, 396]], [], [true, true]]",
19790,q,a,p,,"[[[37, 397]], [], [true]]",
19791,q,a,cx_stage1,,"[[[20, 400], [37, 400]], [], [true, true]]",
19792,q,a,cx_stage3,,"[[[20, 400], [37, 400]], [], [true, true]]",
19793,q,a,cx_stage1,,"[[[21, 403], [37, 403]], [], [true, true]]",
19794,q,a,cx_stage3,,"[[[21, 403], [37, 403]], [], [true, true]]",
19795,q,a,p,,"[[[37, 404]], [], [true]]",
19796,q,a,cx_stage1,,"[[[21, 407], [37, 407]], [], [true, true]]",
19797,q,a,cx_stage3,,"[[[21, 407], [37, 407]], [], [true, true]]",
19798,q,a,cx_stage1,,"[[[22, 410], [37, 410]], [], [true, true]]",
19799,q,a,cx_stage3,,"[[[22, 410], [37, 410]], [], [true, true]]",
19800,q,a,p,,"[[[37, 411]], [], [true]]",
19801,q,a,cx_stage1,,"[[[22, 414], [37, 414]], [], [true, true]]",
19802,q,a,cx_stage3,,"[[[22, 414], [37, 414]], [], [true, true]]",
19803,q,a,cx_stage1,,"[[[23, 417], [37, 417]], [], [true, true]]",
19804,q,a,cx_stage3,,"[[[23, 417], [37, 417]], [], [true, true]]",
19805,q,a,p,,"[[[37, 418]], [], [true]]",
19806,q,a,cx_stage1,,"[[[23, 421], [37, 421]], [], [true, true]]",
19807,q,a,cx_stage3,,"[[[23, 421], [37, 421]], [], [true, true]]",
19808,q,a,cx_stage1,,"[[[24, 424], [37, 424]], [], [true, true]]",
19809,q,a,cx_stage3,,"[[[24, 424], [37, 424]], [], [true, true]]",
19810,q,a,p,,"[[[37, 425]], [], [true]]",
19811,q,a,cx_stage1,,"[[[24, 428], [37, 428]], [], [true, true]]",
19812,q,a,cx_stage3,,"[[[24, 428], [37, 428]], [], [true, true]]",
19813,q,a,cx_stage1,,"[[[25, 431], [37, 431]], [], [true, true]]",
19814,q,a,cx_stage3,,"[[[25, 431], [37, 431]], [], [true, true]]",
19815,q,a,p,,"[[[37, 432]], [], [true]]",
19816,q,a,cx_stage1,,"[[[25, 435], [37, 435]], [], [true, true]]",
19817,q,a,cx_stage3,,"[[[25, 435], [37, 435]], [], [true, true]]",
19818,q,a,cx_stage1,,"[[[26, 438], [37, 438]], [], [true, true]]",
19819,q,a,cx_stage3,,"[[[26, 438], [37, 438]], [], [true, true]]",
19820,q,a,p,,"[[[37, 439]], [], [true]]",
19821,q,a,cx_stage1,,"[[[26, 442], [37, 442]], [], [true, true]]",
19822,q,a,cx_stage3,,"[[[26, 442], [37, 442]], [], [true, true]]",
19823,q,a,cx_stage1,,"[[[27, 445], [37, 445]], [], [true, true]]",
19824,q,a,cx_stage3,,"[[[27, 445], [37, 445]], [], [true, true]]",
19825,q,a,p,,"[[[37, 446]], [], [true]]",
19826,q,a,cx_stage1,,"[[[27, 449], [37, 449]], [], [true, true]]",
19827,q,a,cx_stage3,,"[[[27, 449], [37, 449]], [], [true, true]]",
19828,q,a,cx_stage1,,"[[[28, 452], [37, 452]], [], [true, true]]",
19829,q,a,cx_stage3,,"[[[28, 452], [37, 452]], [], [true, true]]",
19830,q,a,p,,"[[[37, 453]], [], [true]]",
19831,q,a,cx_stage1,,"[[[28, 456], [37, 456]], [], [true, true]]",
19832,q,a,cx_stage3,,"[[[28, 456], [37, 456]], [], [true, true]]",
19833,q,a,cx_stage1,,"[[[29, 459], [37, 459]], [], [true, true]]",
19834,q,a,cx_stage3,,"[[[29, 459], [37, 459]], [], [true, true]]",
19835,q,a,p,,"[[[37, 460]], [], [true]]",
19836,q,a,cx_stage1,,"[[[29, 463], [37, 463]], [], [true, true]]",
19837,q,a,cx_stage3,,"[[[29, 463], [37, 463]], [], [true, true]]",
19838,q,a,cx_stage1,,"[[[30, 466], [37, 466]], [], [true, true]]",
19839,q,a,cx_stage3,,"[[[30, 466], [37, 466]], [], [true, true]]",
19840,q,a,p,,"[[[37, 467]], [], [true]]",
19841,q,a,cx_stage1,,"[[[30, 470], [37, 470]], [], [true, true]]",
19842,q,a,cx_stage3,,"[[[30, 470], [37, 470]], [], [true, true]]",
19843,q,a,cx_stage1,,"[[[31, 473], [37, 473]], [], [true, true]]",
19844,q,a,cx_stage3,,"[[[31, 473], [37, 473]], [], [true, true]]",
19845,q,a,p,,"[[[37, 474]], [], [true]]",
19846,q,a,cx_stage1,,"[[[31, 477], [37, 477]], [], [true, true]]",
19847,q,a,cx_stage3,,"[[[31, 477], [37, 477]], [], [true, true]]",
19848,q,a,cx_stage1,,"[[[32, 480], [37, 480]], [], [true, true]]",
19849,q,a,cx_stage3,,"[[[32, 480], [37, 480]], [], [true, true]]",
19850,q,a,p,,"[[[37, 481]], [], [true]]",
19851,q,a,cx_stage1,,"[[[32, 484], [37, 484]], [], [true, true]]",
19852,q,a,cx_stage3,,"[[[32, 484], [37, 484]], [], [true, true]]",
19853,q,a,cx_stage1,,"[[[33, 487], [37, 487]], [], [true, true]]",
19854,q,a,cx_stage3,,"[[[33, 487], [37, 487]], [], [true, true]]",
19855,q,a,p,,"[[[37, 488]], [], [true]]",
19856,q,a,cx_stage1,,"[[[33, 491], [37, 491]], [], [true, true]]",
19857,q,a,cx_stage3,,"[[[33, 491], [37, 491]], [], [true, true]]",
19858,q,a,cx_stage1,,"[[[34, 494], [37, 494]], [], [true, true]]",
19859,q,a,cx_stage3,,"[[[34, 494], [37, 494]], [], [true, true]]",
19860,q,a,p,,"[[[37, 495]], [], [true]]",
19861,q,a,cx_stage1,,"[[[34, 498], [37, 498]], [], [true, true]]",
19862,q,a,cx_stage3,,"[[[34, 498], [37, 498]], [], [true, true]]",
19863,q,a,cx_stage1,,"[[[35, 501], [37, 501]], [], [true, true]]",
19864,q,a,cx_stage3,,"[[[35, 501], [37, 501]], [], [true, true]]",
19865,q,a,p,,"[[[37, 502]], [], [true]]",
19866,q,a,cx_stage1,,"[[[35, 505], [37, 505]], [], [true, true]]",
19867,q,a,cx_stage3,,"[[[35, 505], [37, 505]], [], [true, true]]",
19868,q,a,cx_stage1,,"[[[36, 508], [37, 508]], [], [true, true]]",
19869,q,a,cx_stage3,,"[[[36, 508], [37, 508]], [], [true, true]]",
19870,q,a,p,,"[[[37, 509]], [], [true]]",
19871,q,a,cx_stage1,,"[[[36, 512], [37, 512]], [], [true, true]]",
19872,q,a,cx_stage3,,"[[[36, 512], [37, 512]], [], [true, true]]",
19873,q,a,cx_stage1,,"[[[37, 522], [38, 522]], [], [true, true]]",
19874,q,a,cx_stage2,,"[[[37, 522], [38, 522]], [], [true, true]]",
19875,q,a,cx_stage3,,"[[[37, 522], [38, 522]], [], [true, true]]",
19876,q,a,cx_stage1,,"[[[37, 526], [38, 526]], [], [true, true]]",
19877,q,a,cx_stage2,,"[[[37, 526], [38, 526]], [], [true, true]]",
19878,q,a,cx_stage3,,"[[[37, 526], [38, 526]], [], [true, true]]",
19879,q,a,cx_stage1,,"[[[37, 529], [39, 529]], [], [true, true]]",
19880,q,a,cx_stage2,,"[[[37, 529], [39, 529]], [], [true, true]]",
19881,q,a,cx_stage3,,"[[[37, 529], [39, 529]], [], [true, true]]",
19882,q,a,cx_stage1,,"[[[37, 533], [39, 533]], [], [true, true]]",
19883,q,a,cx_stage2,,"[[[37, 533], [39, 533]], [], [true, true]]",
19884,q,a,cx_stage3,,"[[[37, 533], [39, 533]], [], [true, true]]",
19885,q,a,cx_stage1,,"[[[37, 536], [40, 536]], [], [true, true]]",
19886,q,a,cx_stage2,,"[[[37, 536], [40, 536]], [], [true, true]]",
19887,q,a,cx_stage3,,"[[[37, 536], [40, 536]], [], [true, true]]",
19888,q,a,cx_stage1,,"[[[37, 540], [40, 540]], [], [true, true]]",
19889,q,a,cx_stage2,,"[[[37, 540], [40, 540]], [], [true, true]]",
19890,q,a,cx_stage3,,"[[[37, 540], [40, 540]], [], [true, true]]",
19891,q,a,cx_stage1,,"[[[37, 543], [41, 543]], [], [true, true]]",
19892,q,a,cx_stage2,,"[[[37, 543], [41, 543]], [], [true, true]]",
19893,q,a,cx_stage3,,"[[[37, 543], [41, 543]], [], [true, true]]",
19894,q,a,cx_stage1,,"[[[37, 547], [41, 547]], [], [true, true]]",
19895,q,a,cx_stage2,,"[[[37, 547], [41, 547]], [], [true, true]]",
19896,q,a,cx_stage3,,"[[[37, 547], [41, 547]], [], [true, true]]",
19897,q,a,cx_stage1,,"[[[37, 550], [42, 550]], [], [true, true]]",
19898,q,a,cx_stage2,,"[[[37, 550], [42, 550]], [], [true, true]]",
19899,q,a,cx_stage3,,"[[[37, 550], [42, 550]], [], [true, true]]",
19900,q,a,cx_stage1,,"[[[37, 554], [42, 554]], [], [true, true]]",
19901,q,a,cx_stage2,,"[[[37, 554], [42, 554]], [], [true, true]]",
19902,q,a,cx_stage3,,"[[[37, 554], [42, 554]], [], [true, true]]",
19903,q,a,cx_stage1,,"[[[37, 557], [43, 557]], [], [true, true]]",
19904,q,a,cx_stage2,,"[[[37, 557], [43, 557]], [], [true, true]]",
19905,q,a,cx_stage3,,"[[[37, 557], [43, 557]], [], [true, true]]",
19906,q,a,cx_stage1,,"[[[37, 561], [43, 561]], [], [true, true]]",
19907,q,a,cx_stage2,,"[[[37, 561], [43, 561]], [], [true, true]]",
19908,q,a,cx_stage3,,"[[[37, 561], [43, 561]], [], [true, true]]",
19909,q,a,cx_stage1,,"[[[37, 564], [44, 564]], [], [true, true]]",
19910,q,a,cx_stage2,,"[[[37, 564], [44, 564]], [], [true, true]]",
19911,q,a,cx_stage3,,"[[[37, 564], [44, 564]], [], [true, true]]",
19912,q,a,cx_stage1,,"[[[37, 568], [44, 568]], [], [true, true]]",
19913,q,a,cx_stage2,,"[[[37, 568], [44, 568]], [], [true, true]]",
19914,q,a,cx_stage3,,"[[[37, 568], [44, 568]], [], [true, true]]",
19915,q,a,cx_stage1,,"[[[37, 571], [45, 571]], [], [true, true]]",
19916,q,a,cx_stage2,,"[[[37, 571], [45, 571]], [], [true, true]]",
19917,q,a,cx_stage3,,"[[[37, 571], [45, 571]], [], [true, true]]",
19918,q,a,cx_stage1,,"[[[37, 575], [45, 575]], [], [true, true]]",
19919,q,a,cx_stage2,,"[[[37, 575], [45, 575]], [], [true, true]]",
19920,q,a,cx_stage3,,"[[[37, 575], [45, 575]], [], [true, true]]",
19921,q,a,cx_stage1,,"[[[37, 578], [46, 578]], [], [true, true]]",
19922,q,a,cx_stage2,,"[[[37, 578], [46, 578]], [], [true, true]]",
19923,q,a,cx_stage3,,"[[[37, 578], [46, 578]], [], [true, true]]",
19924,q,a,cx_stage1,,"[[[37, 582], [46, 582]], [], [true, true]]",
19925,q,a,cx_stage2,,"[[[37, 582], [46, 582]], [], [true, true]]",
19926,q,a,cx_stage3,,"[[[37, 582], [46, 582]], [], [true, true]]",
19927,q,a,cx_stage1,,"[[[37, 585], [47, 585]], [], [true, true]]",
19928,q,a,cx_stage2,,"[[[37, 585], [47, 585]], [], [true, true]]",
19929,q,a,cx_stage3,,"[[[37, 585], [47, 585]], [], [true, true]]",
19930,q,a,cx_stage1,,"[[[37, 589], [47, 589]], [], [true, true]]",
19931,q,a,cx_stage2,,"[[[37, 589], [47, 589]], [], [true, true]]",
19932,q,a,cx_stage3,,"[[[37, 589], [47, 589]], [], [true, true]]",
19933,q,a,cx_stage1,,"[[[37, 592], [48, 592]], [], [true, true]]",
19934,q,a,cx_stage2,,"[[[37, 592], [48, 592]], [], [true, true]]",
19935,q,a,cx_stage3,,"[[[37, 592], [48, 592]], [], [true, true]]",
19936,q,a,cx_stage1,,"[[[37, 596], [48, 596]], [], [true, true]]",
19937,q,a,cx_stage2,,"[[[37, 596], [48, 596]], [], [true, true]]",
19938,q,a,cx_stage3,,"[[[37, 596], [48, 596]], [], [true, true]]",
19939,q,a,cx_stage1,,"[[[37, 599], [49, 599]], [], [true, true]]",
19940,q,a,cx_stage2,,"[[[37, 599], [49, 599]], [], [true, true]]",
19941,q,a,cx_stage3,,"[[[37, 599], [49, 599]], [], [true, true]]",
19942,q,a,cx_stage1,,"[[[37, 603], [49, 603]], [], [true, true]]",
19943,q,a,cx_stage2,,"[[[37, 603], [49, 603]], [], [true, true]]",
19944,q,a,cx_stage3,,"[[[37, 603], [49, 603]], [], [true, true]]",
19945,q,a,cx_stage1,,"[[[37, 606], [50, 606]], [], [true, true]]",
19946,q,a,cx_stage2,,"[[[37, 606], [50, 606]], [], [true, true]]",
19947,q,a,cx_stage3,,"[[[37, 606], [50, 606]], [], [true, true]]",
19948,q,a,cx_stage1,,"[[[37, 610], [50, 610]], [], [true, true]]",
19949,q,a,cx_stage2,,"[[[37, 610], [50, 610]], [], [true, true]]",
19950,q,a,cx_stage3,,"[[[37, 610], [50, 610]], [], [true, true]]",
19951,q,a,cx_stage1,,"[[[37, 613], [51, 613]], [], [true, true]]",
19952,q,a,cx_stage2,,"[[[37, 613], [51, 613]], [], [true, true]]",
19953,q,a,cx_stage3,,"[[[37, 613], [51, 613]], [], [true, true]]",
19954,q,a,cx_stage1,,"[[[37, 617], [51, 617]], [], [true, true]]",
19955,q,a,cx_stage2,,"[[[37, 617], [51, 617]], [], [true, true]]",
19956,q,a,cx_stage3,,"[[[37, 617], [51, 617]], [], [true, true]]",
19957,q,a,cx_stage1,,"[[[37, 620], [52, 620]], [], [true, true]]",
19958,q,a,cx_stage2,,"[[[37, 620], [52, 620]], [], [true, true]]",
19959,q,a,cx_stage3,,"[[[37, 620], [52, 620]], [], [true, true]]",
19960,q,a,cx_stage1,,"[[[37, 624], [52, 624]], [], [true, true]]",
19961,q,a,cx_stage2,,"[[[37, 624], [52, 624]], [], [true, true]]",
19962,q,a,cx_stage3,,"[[[37, 624], [52, 624]], [], [true, true]]",
19963,q,a,cx_stage1,,"[[[37, 627], [53, 627]], [], [true, true]]",
19964,q,a,cx_stage2,,"[[[37, 627], [53, 627]], [], [true, true]]",
19965,q,a,cx_stage3,,"[[[37, 627], [53, 627]], [], [true, true]]",
19966,q,a,cx_stage1,,"[[[37, 631], [53, 631]], [], [true, true]]",
19967,q,a,cx_stage2,,"[[[37, 631], [53, 631]], [], [true, true]]",
19968,q,a,cx_stage3,,"[[[37, 631], [53, 631]], [], [true, true]]",
19969,q,a,cx_stage1,,"[[[37, 634], [54, 634]], [], [true, true]]",
19970,q,a,cx_stage2,,"[[[37, 634], [54, 634]], [], [true, true]]",
19971,q,a,cx_stage3,,"[[[37, 634], [54, 634]], [], [true, true]]",
19972,q,a,cx_stage1,,"[[[37, 638], [54, 638]], [], [true, true]]",
19973,q,a,cx_stage2,,"[[[37, 638], [54, 638]], [], [true, true]]",
19974,q,a,cx_stage3,,"[[[37, 638], [54, 638]], [], [true, true]]",
19975,q,a,cx_stage1,,"[[[37, 641], [55, 641]], [], [true, true]]",
19976,q,a,cx_stage2,,"[[[37, 641], [55, 641]], [], [true, true]]",
19977,q,a,cx_stage3,,"[[[37, 641], [55, 641]], [], [true, true]]",
19978,q,a,cx_stage1,,"[[[37, 645], [55, 645]], [], [true, true]]",
19979,q,a,cx_stage2,,"[[[37, 645], [55, 645]], [], [true, true]]",
19980,q,a,cx_stage3,,"[[[37, 645], [55, 645]], [], [true, true]]",
19981,q,a,u2,,"[[[37, 646]], [], [true]]",
19982,q,a,cx_stage1,,"[[[0, 649], [37, 649]], [], [true, true]]",
19983,q,a,cx_stage3,,"[[[0, 649], [37, 649]], [], [true, true]]",
19984,q,a,p,,"[[[37, 650]], [], [true]]",
19985,q,a,cx_stage1,,"[[[0, 653], [37, 653]], [], [true, true]]",
19986,q,a,cx_stage3,,"[[[0, 653], [37, 653]], [], [true, true]]",
19987,q,a,cx_stage1,,"[[[1, 656], [37, 656]], [], [true, true]]",
19988,q,a,cx_stage3,,"[[[1, 656], [37, 656]], [], [true, true]]",
19989,q,a,p,,"[[[37, 657]], [], [true]]",
19990,q,a,cx_stage1,,"[[[1, 660], [37, 660]], [], [true, true]]",
19991,q,a,cx_stage3,,"[[[1, 660], [37, 660]], [], [true, true]]",
19992,q,a,cx_stage1,,"[[[2, 663], [37, 663]], [], [true, true]]",
19993,q,a,cx_stage3,,"[[[2, 663], [37, 663]], [], [true, true]]",
19994,q,a,p,,"[[[37, 664]], [], [true]]",
19995,q,a,cx_stage1,,"[[[2, 667], [37, 667]], [], [true, true]]",
19996,q,a,cx_stage3,,"[[[2, 667], [37, 667]], [], [true, true]]",
19997,q,a,cx_stage1,,"[[[3, 670], [37, 670]], [], [true, true]]",
19998,q,a,cx_stage2,,"[[[3, 670], [37, 670]], [], [true, true]]",
19999,q,a,cx_stage3,,"[[[3, 670], [37, 670]], [], [true, true]]",
20000,q,a,p,,"[[[37, 671]], [], [true]]",
20001,q,a,cx_stage1,,"[[[3, 674], [37, 674]], [], [true, true]]",
20002,q,a,cx_stage2,,"[[[3, 674], [37, 674]], [], [true, true]]",
20003,q,a,cx_stage3,,"[[[3, 674], [37, 674]], [], [true, true]]",
20004,q,a,cx_stage1,,"[[[4, 677], [37, 677]], [], [true, true]]",
20005,q,a,cx_stage2,,"[[[4, 677], [37, 677]], [], [true, true]]",
20006,q,a,cx_stage3,,"[[[4, 677], [37, 677]], [], [true, true]]",
20007,q,a,p,,"[[[37, 678]], [], [true]]",
20008,q,a,cx_stage1,,"[[[4, 681], [37, 681]], [], [true, true]]",
20009,q,a,cx_stage2,,"[[[4, 681], [37, 681]], [], [true, true]]",
20010,q,a,cx_stage3,,"[[[4, 681], [37, 681]], [], [true, true]]",
20011,q,a,cx_stage1,,"[[[5, 684], [37, 684]], [], [true, true]]",
20012,q,a,cx_stage2,,"[[[5, 684], [37, 684]], [], [true, true]]",
20013,q,a,cx_stage3,,"[[[5, 684], [37, 684]], [], [true, true]]",
20014,q,a,p,,"[[[37, 685]], [], [true]]",
20015,q,a,cx_stage1,,"[[[5, 688], [37, 688]], [], [true, true]]",
20016,q,a,cx_stage2,,"[[[5, 688], [37, 688]], [], [true, true]]",
20017,q,a,cx_stage3,,"[[[5, 688], [37, 688]], [], [true, true]]",
20018,q,a,cx_stage1,,"[[[6, 691], [37, 691]], [], [true, true]]",
20019,q,a,cx_stage2,,"[[[6, 691], [37, 691]], [], [true, true]]",
20020,q,a,cx_stage3,,"[[[6, 691], [37, 691]], [], [true, true]]",
20021,q,a,p,,"[[[37, 692]], [], [true]]",
20022,q,a,cx_stage1,,"[[[6, 695], [37, 695]], [], [true, true]]",
20023,q,a,cx_stage2,,"[[[6, 695], [37, 695]], [], [true, true]]",
20024,q,a,cx_stage3,,"[[[6, 695], [37, 695]], [], [true, true]]",
20025,q,a,cx_stage1,,"[[[7, 698], [37, 698]], [], [true, true]]",
20026,q,a,cx_stage2,,"[[[7, 698], [37, 698]], [], [true, true]]",
20027,q,a,cx_stage3,,"[[[7, 698], [37, 698]], [], [true, true]]",
20028,q,a,p,,"[[[37, 699]], [], [true]]",
20029,q,a,cx_stage1,,"[[[7, 702], [37, 702]], [], [true, true]]",
20030,q,a,cx_stage2,,"[[[7, 702], [37, 702]], [], [true, true]]",
20031,q,a,cx_stage3,,"[[[7, 702], [37, 702]], [], [true, true]]",
20032,q,a,cx_stage1,,"[[[8, 705], [37, 705]], [], [true, true]]",
20033,q,a,cx_stage2,,"[[[8, 705], [37, 705]], [], [true, true]]",
20034,q,a,cx_stage3,,"[[[8, 705], [37, 705]], [], [true, true]]",
20035,q,a,p,,"[[[37, 706]], [], [true]]",
20036,q,a,cx_stage1,,"[[[8, 709], [37, 709]], [], [true, true]]",
20037,q,a,cx_stage2,,"[[[8, 709], [37, 709]], [], [true, true]]",
20038,q,a,cx_stage3,,"[[[8, 709], [37, 709]], [], [true, true]]",
20039,q,a,cx_stage1,,"[[[9, 712], [37, 712]], [], [true, true]]",
20040,q,a,cx_stage2,,"[[[9, 712], [37, 712]], [], [true, true]]",
20041,q,a,cx_stage3,,"[[[9, 712], [37, 712]], [], [true, true]]",
20042,q,a,p,,"[[[37, 713]], [], [true]]",
20043,q,a,cx_stage1,,"[[[9, 716], [37, 716]], [], [true, true]]",
20044,q,a,cx_stage2,,"[[[9, 716], [37, 716]], [], [true, true]]",
20045,q,a,cx_stage3,,"[[[9, 716], [37, 716]], [], [true, true]]",
20046,q,a,cx_stage1,,"[[[10, 719], [37, 719]], [], [true, true]]",
20047,q,a,cx_stage3,,"[[[10, 719], [37, 719]], [], [true, true]]",
20048,q,a,p,,"[[[37, 720]], [], [true]]",
20049,q,a,cx_stage1,,"[[[10, 723], [37, 723]], [], [true, true]]",
20050,q,a,cx_stage3,,"[[[10, 723], [37, 723]], [], [true, true]]",
20051,q,a,cx_stage1,,"[[[11, 726], [37, 726]], [], [true, true]]",
20052,q,a,cx_stage3,,"[[[11, 726], [37, 726]], [], [true, true]]",
20053,q,a,p,,"[[[37, 727]], [], [true]]",
20054,q,a,cx_stage1,,"[[[11, 730], [37, 730]], [], [true, true]]",
20055,q,a,cx_stage3,,"[[[11, 730], [37, 730]], [], [true, true]]",
20056,q,a,cx_stage1,,"[[[12, 733], [37, 733]], [], [true, true]]",
20057,q,a,cx_stage3,,"[[[12, 733], [37, 733]], [], [true, true]]",
20058,q,a,p,,"[[[37, 734]], [], [true]]",
20059,q,a,cx_stage1,,"[[[12, 737], [37, 737]], [], [true, true]]",
20060,q,a,cx_stage3,,"[[[12, 737], [37, 737]], [], [true, true]]",
20061,q,a,cx_stage1,,"[[[13, 740], [37, 740]], [], [true, true]]",
20062,q,a,cx_stage3,,"[[[13, 740], [37, 740]], [], [true, true]]",
20063,q,a,p,,"[[[37, 741]], [], [true]]",
20064,q,a,cx_stage1,,"[[[13, 744], [37, 744]], [], [true, true]]",
20065,q,a,cx_stage3,,"[[[13, 744], [37, 744]], [], [true, true]]",
20066,q,a,cx_stage1,,"[[[14, 747], [37, 747]], [], [true, true]]",
20067,q,a,cx_stage3,,"[[[14, 747], [37, 747]], [], [true, true]]",
20068,q,a,p,,"[[[37, 748]], [], [true]]",
20069,q,a,cx_stage1,,"[[[14, 751], [37, 751]], [], [true, true]]",
20070,q,a,cx_stage3,,"[[[14, 751], [37, 751]], [], [true, true]]",
20071,q,a,cx_stage1,,"[[[15, 754], [37, 754]], [], [true, true]]",
20072,q,a,cx_stage3,,"[[[15, 754], [37, 754]], [], [true, true]]",
20073,q,a,p,,"[[[37, 755]], [], [true]]",
20074,q,a,cx_stage1,,"[[[15, 758], [37, 758]], [], [true, true]]",
20075,q,a,cx_stage3,,"[[[15, 758], [37, 758]], [], [true, true]]",
20076,q,a,cx_stage1,,"[[[16, 761], [37, 761]], [], [true, true]]",
20077,q,a,cx_stage3,,"[[[16, 761], [37, 761]], [], [true, true]]",
20078,q,a,p,,"[[[37, 762]], [], [true]]",
20079,q,a,cx_stage1,,"[[[16, 765], [37, 765]], [], [true, true]]",
20080,q,a,cx_stage3,,"[[[16, 765], [37, 765]], [], [true, true]]",
20081,q,a,cx_stage1,,"[[[17, 768], [37, 768]], [], [true, true]]",
20082,q,a,cx_stage3,,"[[[17, 768], [37, 768]], [], [true, true]]",
20083,q,a,p,,"[[[37, 769]], [], [true]]",
20084,q,a,cx_stage1,,"[[[17, 772], [37, 772]], [], [true, true]]",
20085,q,a,cx_stage3,,"[[[17, 772], [37, 772]], [], [true, true]]",
20086,q,a,cx_stage1,,"[[[18, 775], [37, 775]], [], [true, true]]",
20087,q,a,cx_stage3,,"[[[18, 775], [37, 775]], [], [true, true]]",
20088,q,a,p,,"[[[37, 776]], [], [true]]",
20089,q,a,cx_stage1,,"[[[18, 779], [37, 779]], [], [true, true]]",
20090,q,a,cx_stage3,,"[[[18, 779], [37, 779]], [], [true, true]]",
20091,q,a,cx_stage1,,"[[[19, 782], [37, 782]], [], [true, true]]",
20092,q,a,cx_stage3,,"[[[19, 782], [37, 782]], [], [true, true]]",
20093,q,a,p,,"[[[37, 783]], [], [true]]",
20094,q,a,cx_stage1,,"[[[19, 786], [37, 786]], [], [true, true]]",
20095,q,a,cx_stage3,,"[[[19, 786], [37, 786]], [], [true, true]]",
20096,q,a,cx_stage1,,"[[[20, 789], [37, 789]], [], [true, true]]",
20097,q,a,cx_stage3,,"[[[20, 789], [37, 789]], [], [true, true]]",
20098,q,a,p,,"[[[37, 790]], [], [true]]",
20099,q,a,cx_stage1,,"[[[20, 793], [37, 793]], [], [true, true]]",
20100,q,a,cx_stage3,,"[[[20, 793], [37, 793]], [], [true, true]]",
20101,q,a,cx_stage1,,"[[[21, 796], [37, 796]], [], [true, true]]",
20102,q,a,cx_stage3,,"[[[21, 796], [37, 796]], [], [true, true]]",
20103,q,a,p,,"[[[37, 797]], [], [true]]",
20104,q,a,cx_stage1,,"[[[21, 800], [37, 800]], [], [true, true]]",
20105,q,a,cx_stage3,,"[[[21, 800], [37, 800]], [], [true, true]]",
20106,q,a,cx_stage1,,"[[[22, 803], [37, 803]], [], [true, true]]",
20107,q,a,cx_stage3,,"[[[22, 803], [37, 803]], [], [true, true]]",
20108,q,a,p,,"[[[37, 804]], [], [true]]",
20109,q,a,cx_stage1,,"[[[22, 807], [37, 807]], [], [true, true]]",
20110,q,a,cx_stage3,,"[[[22, 807], [37, 807]], [], [true, true]]",
20111,q,a,cx_stage1,,"[[[23, 810], [37, 810]], [], [true, true]]",
20112,q,a,cx_stage3,,"[[[23, 810], [37, 810]], [], [true, true]]",
20113,q,a,p,,"[[[37, 811]], [], [true]]",
20114,q,a,cx_stage1,,"[[[23, 814], [37, 814]], [], [true, true]]",
20115,q,a,cx_stage3,,"[[[23, 814], [37, 814]], [], [true, true]]",
20116,q,a,cx_stage1,,"[[[24, 817], [37, 817]], [], [true, true]]",
20117,q,a,cx_stage3,,"[[[24, 817], [37, 817]], [], [true, true]]",
20118,q,a,p,,"[[[37, 818]], [], [true]]",
20119,q,a,cx_stage1,,"[[[24, 821], [37, 821]], [], [true, true]]",
20120,q,a,cx_stage3,,"[[[24, 821], [37, 821]], [], [true, true]]",
20121,q,a,cx_stage1,,"[[[25, 824], [37, 824]], [], [true, true]]",
20122,q,a,cx_stage3,,"[[[25, 824], [37, 824]], [], [true, true]]",
20123,q,a,p,,"[[[37, 825]], [], [true]]",
20124,q,a,cx_stage1,,"[[[25, 828], [37, 828]], [], [true, true]]",
20125,q,a,cx_stage3,,"[[[25, 828], [37, 828]], [], [true, true]]",
20126,q,a,cx_stage1,,"[[[26, 831], [37, 831]], [], [true, true]]",
20127,q,a,cx_stage3,,"[[[26, 831], [37, 831]], [], [true, true]]",
20128,q,a,p,,"[[[37, 832]], [], [true]]",
20129,q,a,cx_stage1,,"[[[26, 835], [37, 835]], [], [true, true]]",
20130,q,a,cx_stage3,,"[[[26, 835], [37, 835]], [], [true, true]]",
20131,q,a,cx_stage1,,"[[[27, 838], [37, 838]], [], [true, true]]",
20132,q,a,cx_stage3,,"[[[27, 838], [37, 838]], [], [true, true]]",
20133,q,a,p,,"[[[37, 839]], [], [true]]",
20134,q,a,cx_stage1,,"[[[27, 842], [37, 842]], [], [true, true]]",
20135,q,a,cx_stage3,,"[[[27, 842], [37, 842]], [], [true, true]]",
20136,q,a,cx_stage1,,"[[[28, 845], [37, 845]], [], [true, true]]",
20137,q,a,cx_stage3,,"[[[28, 845], [37, 845]], [], [true, true]]",
20138,q,a,p,,"[[[37, 846]], [], [true]]",
20139,q,a,cx_stage1,,"[[[28, 849], [37, 849]], [], [true, true]]",
20140,q,a,cx_stage3,,"[[[28, 849], [37, 849]], [], [true, true]]",
20141,q,a,cx_stage1,,"[[[29, 852], [37, 852]], [], [true, true]]",
20142,q,a,cx_stage3,,"[[[29, 852], [37, 852]], [], [true, true]]",
20143,q,a,p,,"[[[37, 853]], [], [true]]",
20144,q,a,cx_stage1,,"[[[29, 856], [37, 856]], [], [true, true]]",
20145,q,a,cx_stage3,,"[[[29, 856], [37, 856]], [], [true, true]]",
20146,q,a,cx_stage1,,"[[[30, 859], [37, 859]], [], [true, true]]",
20147,q,a,cx_stage3,,"[[[30, 859], [37, 859]], [], [true, true]]",
20148,q,a,p,,"[[[37, 860]], [], [true]]",
20149,q,a,cx_stage1,,"[[[30, 863], [37, 863]], [], [true, true]]",
20150,q,a,cx_stage3,,"[[[30, 863], [37, 863]], [], [true, true]]",
20151,q,a,cx_stage1,,"[[[31, 866], [37, 866]], [], [true, true]]",
20152,q,a,cx_stage3,,"[[[31, 866], [37, 866]], [], [true, true]]",
20153,q,a,p,,"[[[37, 867]], [], [true]]",
20154,q,a,cx_stage1,,"[[[31, 870], [37, 870]], [], [true, true]]",
20155,q,a,cx_stage3,,"[[[31, 870], [37, 870]], [], [true, true]]",
20156,q,a,cx_stage1,,"[[[32, 873], [37, 873]], [], [true, true]]",
20157,q,a,cx_stage3,,"[[[32, 873], [37, 873]], [], [true, true]]",
20158,q,a,p,,"[[[37, 874]], [], [true]]",
20159,q,a,cx_stage1,,"[[[32, 877], [37, 877]], [], [true, true]]",
20160,q,a,cx_stage3,,"[[[32, 877], [37, 877]], [], [true, true]]",
20161,q,a,cx_stage1,,"[[[33, 880], [37, 880]], [], [true, true]]",
20162,q,a,cx_stage3,,"[[[33, 880], [37, 880]], [], [true, true]]",
20163,q,a,p,,"[[[37, 881]], [], [true]]",
20164,q,a,cx_stage1,,"[[[33, 884], [37, 884]], [], [true, true]]",
20165,q,a,cx_stage3,,"[[[33, 884], [37, 884]], [], [true, true]]",
20166,q,a,cx_stage1,,"[[[34, 887], [37, 887]], [], [true, true]]",
20167,q,a,cx_stage3,,"[[[34, 887], [37, 887]], [], [true, true]]",
20168,q,a,p,,"[[[37, 888]], [], [true]]",
20169,q,a,cx_stage1,,"[[[34, 891], [37, 891]], [], [true, true]]",
20170,q,a,cx_stage3,,"[[[34, 891], [37, 891]], [], [true, true]]",
20171,q,a,cx_stage1,,"[[[35, 894], [37, 894]], [], [true, true]]",
20172,q,a,cx_stage3,,"[[[35, 894], [37, 894]], [], [true, true]]",
20173,q,a,p,,"[[[37, 895]], [], [true]]",
20174,q,a,cx_stage1,,"[[[35, 898], [37, 898]], [], [true, true]]",
20175,q,a,cx_stage3,,"[[[35, 898], [37, 898]], [], [true, true]]",
20176,q,a,cx_stage1,,"[[[36, 901], [37, 901]], [], [true, true]]",
20177,q,a,cx_stage3,,"[[[36, 901], [37, 901]], [], [true, true]]",
20178,q,a,p,,"[[[37, 902]], [], [true]]",
20179,q,a,cx_stage1,,"[[[36, 905], [37, 905]], [], [true, true]]",
20180,q,a,cx_stage3,,"[[[36, 905], [37, 905]], [], [true, true]]",
20181,q,a,cx_stage1,,"[[[37, 915], [38, 915]], [], [true, true]]",
20182,q,a,cx_stage2,,"[[[37, 915], [38, 915]], [], [true, true]]",
20183,q,a,cx_stage3,,"[[[37, 915], [38, 915]], [], [true, true]]",
20184,q,a,cx_stage1,,"[[[37, 919], [38, 919]], [], [true, true]]",
20185,q,a,cx_stage2,,"[[[37, 919], [38, 919]], [], [true, true]]",
20186,q,a,cx_stage3,,"[[[37, 919], [38, 919]], [], [true, true]]",
20187,q,a,cx_stage1,,"[[[37, 922], [39, 922]], [], [true, true]]",
20188,q,a,cx_stage2,,"[[[37, 922], [39, 922]], [], [true, true]]",
20189,q,a,cx_stage3,,"[[[37, 922], [39, 922]], [], [true, true]]",
20190,q,a,cx_stage1,,"[[[37, 926], [39, 926]], [], [true, true]]",
20191,q,a,cx_stage2,,"[[[37, 926], [39, 926]], [], [true, true]]",
20192,q,a,cx_stage3,,"[[[37, 926], [39, 926]], [], [true, true]]",
20193,q,a,cx_stage1,,"[[[37, 929], [40, 929]], [], [true, true]]",
20194,q,a,cx_stage2,,"[[[37, 929], [40, 929]], [], [true, true]]",
20195,q,a,cx_stage3,,"[[[37, 929], [40, 929]], [], [true, true]]",
20196,q,a,cx_stage1,,"[[[37, 933], [40, 933]], [], [true, true]]",
20197,q,a,cx_stage2,,"[[[37, 933], [40, 933]], [], [true, true]]",
20198,q,a,cx_stage3,,"[[[37, 933], [40, 933]], [], [true, true]]",
20199,q,a,cx_stage1,,"[[[37, 936], [41, 936]], [], [true, true]]",
20200,q,a,cx_stage2,,"[[[37, 936], [41, 936]], [], [true, true]]",
20201,q,a,cx_stage3,,"[[[37, 936], [41, 936]], [], [true, true]]",
20202,q,a,cx_stage1,,"[[[37, 940], [41, 940]], [], [true, true]]",
20203,q,a,cx_stage2,,"[[[37, 940], [41, 940]], [], [true, true]]",
20204,q,a,cx_stage3,,"[[[37, 940], [41, 940]], [], [true, true]]",
20205,q,a,cx_stage1,,"[[[37, 943], [42, 943]], [], [true, true]]",
20206,q,a,cx_stage2,,"[[[37, 943], [42, 943]], [], [true, true]]",
20207,q,a,cx_stage3,,"[[[37, 943], [42, 943]], [], [true, true]]",
20208,q,a,cx_stage1,,"[[[37, 947], [42, 947]], [], [true, true]]",
20209,q,a,cx_stage2,,"[[[37, 947], [42, 947]], [], [true, true]]",
20210,q,a,cx_stage3,,"[[[37, 947], [42, 947]], [], [true, true]]",
20211,q,a,cx_stage1,,"[[[37, 950], [43, 950]], [], [true, true]]",
20212,q,a,cx_stage2,,"[[[37, 950], [43, 950]], [], [true, true]]",
20213,q,a,cx_stage3,,"[[[37, 950], [43, 950]], [], [true, true]]",
20214,q,a,cx_stage1,,"[[[37, 954], [43, 954]], [], [true, true]]",
20215,q,a,cx_stage2,,"[[[37, 954], [43, 954]], [], [true, true]]",
20216,q,a,cx_stage3,,"[[[37, 954], [43, 954]], [], [true, true]]",
20217,q,a,cx_stage1,,"[[[37, 957], [44, 957]], [], [true, true]]",
20218,q,a,cx_stage2,,"[[[37, 957], [44, 957]], [], [true, true]]",
20219,q,a,cx_stage3,,"[[[37, 957], [44, 957]], [], [true, true]]",
20220,q,a,cx_stage1,,"[[[37, 961], [44, 961]], [], [true, true]]",
20221,q,a,cx_stage2,,"[[[37, 961], [44, 961]], [], [true, true]]",
20222,q,a,cx_stage3,,"[[[37, 961], [44, 961]], [], [true, true]]",
20223,q,a,cx_stage1,,"[[[37, 964], [45, 964]], [], [true, true]]",
20224,q,a,cx_stage2,,"[[[37, 964], [45, 964]], [], [true, true]]",
20225,q,a,cx_stage3,,"[[[37, 964], [45, 964]], [], [true, true]]",
20226,q,a,cx_stage1,,"[[[37, 968], [45, 968]], [], [true, true]]",
20227,q,a,cx_stage2,,"[[[37, 968], [45, 968]], [], [true, true]]",
20228,q,a,cx_stage3,,"[[[37, 968], [45, 968]], [], [true, true]]",
20229,q,a,cx_stage1,,"[[[37, 971], [46, 971]], [], [true, true]]",
20230,q,a,cx_stage2,,"[[[37, 971], [46, 971]], [], [true, true]]",
20231,q,a,cx_stage3,,"[[[37, 971], [46, 971]], [], [true, true]]",
20232,q,a,cx_stage1,,"[[[37, 975], [46, 975]], [], [true, true]]",
20233,q,a,cx_stage2,,"[[[37, 975], [46, 975]], [], [true, true]]",
20234,q,a,cx_stage3,,"[[[37, 975], [46, 975]], [], [true, true]]",
20235,q,a,cx_stage1,,"[[[37, 978], [47, 978]], [], [true, true]]",
20236,q,a,cx_stage2,,"[[[37, 978], [47, 978]], [], [true, true]]",
20237,q,a,cx_stage3,,"[[[37, 978], [47, 978]], [], [true, true]]",
20238,q,a,cx_stage1,,"[[[37, 982], [47, 982]], [], [true, true]]",
20239,q,a,cx_stage2,,"[[[37, 982], [47, 982]], [], [true, true]]",
20240,q,a,cx_stage3,,"[[[37, 982], [47, 982]], [], [true, true]]",
20241,q,a,cx_stage1,,"[[[37, 985], [48, 985]], [], [true, true]]",
20242,q,a,cx_stage2,,"[[[37, 985], [48, 985]], [], [true, true]]",
20243,q,a,cx_stage3,,"[[[37, 985], [48, 985]], [], [true, true]]",
20244,q,a,cx_stage1,,"[[[37, 989], [48, 989]], [], [true, true]]",
20245,q,a,cx_stage2,,"[[[37, 989], [48, 989]], [], [true, true]]",
20246,q,a,cx_stage3,,"[[[37, 989], [48, 989]], [], [true, true]]",
20247,q,a,cx_stage1,,"[[[37, 992], [49, 992]], [], [true, true]]",
20248,q,a,cx_stage2,,"[[[37, 992], [49, 992]], [], [true, true]]",
20249,q,a,cx_stage3,,"[[[37, 992], [49, 992]], [], [true, true]]",
20250,q,a,cx_stage1,,"[[[37, 996], [49, 996]], [], [true, true]]",
20251,q,a,cx_stage2,,"[[[37, 996], [49, 996]], [], [true, true]]",
20252,q,a,cx_stage3,,"[[[37, 996], [49, 996]], [], [true, true]]",
20253,q,a,cx_stage1,,"[[[37, 999], [50, 999]], [], [true, true]]",
20254,q,a,cx_stage2,,"[[[37, 999], [50, 999]], [], [true, true]]",
20255,q,a,cx_stage3,,"[[[37, 999], [50, 999]], [], [true, true]]",
20256,q,a,u2,,"[[[38, 1]], [], [true]]",
20257,q,a,cx_stage1,,"[[[0, 263], [38, 263]], [], [true, true]]",
20258,q,a,cx_stage2,,"[[[38, 1003], [49, 1003]], [], [true, true]]",
20259,q,a,cx_stage1,,"[[[38, 1003], [49, 1003]], [], [true, true]]",
20260,q,a,cx_stage3,,"[[[38, 1003], [49, 1003]], [], [true, true]]",
20261,q,a,cx_stage1,,"[[[38, 1006], [50, 1006]], [], [true, true]]",
20262,q,a,cx_stage2,,"[[[38, 1006], [50, 1006]], [], [true, true]]",
20263,q,a,cx_stage3,,"[[[38, 1006], [50, 1006]], [], [true, true]]",
20264,q,a,cx_stage1,,"[[[38, 1010], [50, 1010]], [], [true, true]]",
20265,q,a,cx_stage2,,"[[[38, 1010], [50, 1010]], [], [true, true]]",
20266,q,a,cx_stage3,,"[[[38, 1010], [50, 1010]], [], [true, true]]",
20267,q,a,cx_stage1,,"[[[38, 1013], [51, 1013]], [], [true, true]]",
20268,q,a,cx_stage2,,"[[[38, 1013], [51, 1013]], [], [true, true]]",
20269,q,a,cx_stage3,,"[[[38, 1013], [51, 1013]], [], [true, true]]",
20270,q,a,cx_stage1,,"[[[38, 1017], [51, 1017]], [], [true, true]]",
20271,q,a,cx_stage2,,"[[[38, 1017], [51, 1017]], [], [true, true]]",
20272,q,a,cx_stage3,,"[[[38, 1017], [51, 1017]], [], [true, true]]",
20273,q,a,cx_stage1,,"[[[38, 1020], [52, 1020]], [], [true, true]]",
20274,q,a,cx_stage2,,"[[[38, 1020], [52, 1020]], [], [true, true]]",
20275,q,a,cx_stage3,,"[[[38, 1020], [52, 1020]], [], [true, true]]",
20276,q,a,cx_stage1,,"[[[38, 1024], [52, 1024]], [], [true, true]]",
20277,q,a,cx_stage2,,"[[[38, 1024], [52, 1024]], [], [true, true]]",
20278,q,a,cx_stage3,,"[[[38, 1024], [52, 1024]], [], [true, true]]",
20279,q,a,cx_stage1,,"[[[38, 1027], [53, 1027]], [], [true, true]]",
20280,q,a,cx_stage2,,"[[[38, 1027], [53, 1027]], [], [true, true]]",
20281,q,a,cx_stage3,,"[[[38, 1027], [53, 1027]], [], [true, true]]",
20282,q,a,cx_stage1,,"[[[38, 1031], [53, 1031]], [], [true, true]]",
20283,q,a,cx_stage2,,"[[[38, 1031], [53, 1031]], [], [true, true]]",
20284,q,a,cx_stage3,,"[[[38, 1031], [53, 1031]], [], [true, true]]",
20285,q,a,cx_stage1,,"[[[38, 1034], [54, 1034]], [], [true, true]]",
20286,q,a,cx_stage2,,"[[[38, 1034], [54, 1034]], [], [true, true]]",
20287,q,a,cx_stage3,,"[[[38, 1034], [54, 1034]], [], [true, true]]",
20288,q,a,cx_stage1,,"[[[38, 1038], [54, 1038]], [], [true, true]]",
20289,q,a,cx_stage2,,"[[[38, 1038], [54, 1038]], [], [true, true]]",
20290,q,a,cx_stage3,,"[[[38, 1038], [54, 1038]], [], [true, true]]",
20291,q,a,cx_stage1,,"[[[38, 1041], [55, 1041]], [], [true, true]]",
20292,q,a,cx_stage2,,"[[[38, 1041], [55, 1041]], [], [true, true]]",
20293,q,a,cx_stage3,,"[[[38, 1041], [55, 1041]], [], [true, true]]",
20294,q,a,cx_stage1,,"[[[38, 1045], [55, 1045]], [], [true, true]]",
20295,q,a,cx_stage2,,"[[[38, 1045], [55, 1045]], [], [true, true]]",
20296,q,a,cx_stage3,,"[[[38, 1045], [55, 1045]], [], [true, true]]",
20297,q,a,ry,,"[[[38, 1046]], [], [true]]",
20298,q,a,cx_stage1,,"[[[38, 1209], [39, 1209]], [], [true, true]]",
20299,q,a,cx_stage2,,"[[[38, 1209], [39, 1209]], [], [true, true]]",
20300,q,a,cx_stage3,,"[[[38, 1209], [39, 1209]], [], [true, true]]",
20301,q,a,cx_stage1,,"[[[37, 1212], [38, 1212]], [], [true, true]]",
20302,q,a,cx_stage3,,"[[[37, 1212], [38, 1212]], [], [true, true]]",
20303,q,a,ry,,"[[[38, 1213]], [], [true]]",
20304,q,a,cx_stage3,,"[[[0, 263], [38, 263]], [], [true, true]]",
20305,q,a,p,,"[[[38, 264]], [], [true]]",
20306,q,a,cx_stage1,,"[[[0, 267], [38, 267]], [], [true, true]]",
20307,q,a,cx_stage3,,"[[[0, 267], [38, 267]], [], [true, true]]",
20308,q,a,cx_stage1,,"[[[1, 270], [38, 270]], [], [true, true]]",
20309,q,a,cx_stage3,,"[[[1, 270], [38, 270]], [], [true, true]]",
20310,q,a,p,,"[[[38, 271]], [], [true]]",
20311,q,a,cx_stage1,,"[[[1, 274], [38, 274]], [], [true, true]]",
20312,q,a,cx_stage3,,"[[[1, 274], [38, 274]], [], [true, true]]",
20313,q,a,cx_stage1,,"[[[2, 277], [38, 277]], [], [true, true]]",
20314,q,a,cx_stage3,,"[[[2, 277], [38, 277]], [], [true, true]]",
20315,q,a,p,,"[[[38, 278]], [], [true]]",
20316,q,a,cx_stage1,,"[[[2, 281], [38, 281]], [], [true, true]]",
20317,q,a,cx_stage3,,"[[[2, 281], [38, 281]], [], [true, true]]",
20318,q,a,cx_stage1,,"[[[3, 284], [38, 284]], [], [true, true]]",
20319,q,a,cx_stage2,,"[[[3, 284], [38, 284]], [], [true, true]]",
20320,q,a,cx_stage3,,"[[[3, 284], [38, 284]], [], [true, true]]",
20321,q,a,p,,"[[[38, 285]], [], [true]]",
20322,q,a,cx_stage1,,"[[[3, 288], [38, 288]], [], [true, true]]",
20323,q,a,cx_stage2,,"[[[3, 288], [38, 288]], [], [true, true]]",
20324,q,a,cx_stage3,,"[[[3, 288], [38, 288]], [], [true, true]]",
20325,q,a,cx_stage1,,"[[[4, 291], [38, 291]], [], [true, true]]",
20326,q,a,cx_stage2,,"[[[4, 291], [38, 291]], [], [true, true]]",
20327,q,a,cx_stage3,,"[[[4, 291], [38, 291]], [], [true, true]]",
20328,q,a,p,,"[[[38, 292]], [], [true]]",
20329,q,a,cx_stage1,,"[[[4, 295], [38, 295]], [], [true, true]]",
20330,q,a,cx_stage2,,"[[[4, 295], [38, 295]], [], [true, true]]",
20331,q,a,cx_stage3,,"[[[4, 295], [38, 295]], [], [true, true]]",
20332,q,a,cx_stage1,,"[[[5, 298], [38, 298]], [], [true, true]]",
20333,q,a,cx_stage2,,"[[[5, 298], [38, 298]], [], [true, true]]",
20334,q,a,cx_stage3,,"[[[5, 298], [38, 298]], [], [true, true]]",
20335,q,a,p,,"[[[38, 299]], [], [true]]",
20336,q,a,cx_stage1,,"[[[5, 302], [38, 302]], [], [true, true]]",
20337,q,a,cx_stage2,,"[[[5, 302], [38, 302]], [], [true, true]]",
20338,q,a,cx_stage3,,"[[[5, 302], [38, 302]], [], [true, true]]",
20339,q,a,cx_stage1,,"[[[6, 305], [38, 305]], [], [true, true]]",
20340,q,a,cx_stage2,,"[[[6, 305], [38, 305]], [], [true, true]]",
20341,q,a,cx_stage3,,"[[[6, 305], [38, 305]], [], [true, true]]",
20342,q,a,p,,"[[[38, 306]], [], [true]]",
20343,q,a,cx_stage1,,"[[[6, 309], [38, 309]], [], [true, true]]",
20344,q,a,cx_stage2,,"[[[6, 309], [38, 309]], [], [true, true]]",
20345,q,a,cx_stage3,,"[[[6, 309], [38, 309]], [], [true, true]]",
20346,q,a,cx_stage1,,"[[[7, 312], [38, 312]], [], [true, true]]",
20347,q,a,cx_stage2,,"[[[7, 312], [38, 312]], [], [true, true]]",
20348,q,a,cx_stage3,,"[[[7, 312], [38, 312]], [], [true, true]]",
20349,q,a,p,,"[[[38, 313]], [], [true]]",
20350,q,a,cx_stage1,,"[[[7, 316], [38, 316]], [], [true, true]]",
20351,q,a,cx_stage2,,"[[[7, 316], [38, 316]], [], [true, true]]",
20352,q,a,cx_stage3,,"[[[7, 316], [38, 316]], [], [true, true]]",
20353,q,a,cx_stage1,,"[[[8, 319], [38, 319]], [], [true, true]]",
20354,q,a,cx_stage2,,"[[[8, 319], [38, 319]], [], [true, true]]",
20355,q,a,cx_stage3,,"[[[8, 319], [38, 319]], [], [true, true]]",
20356,q,a,p,,"[[[38, 320]], [], [true]]",
20357,q,a,cx_stage1,,"[[[8, 323], [38, 323]], [], [true, true]]",
20358,q,a,cx_stage2,,"[[[8, 323], [38, 323]], [], [true, true]]",
20359,q,a,cx_stage3,,"[[[8, 323], [38, 323]], [], [true, true]]",
20360,q,a,cx_stage1,,"[[[9, 326], [38, 326]], [], [true, true]]",
20361,q,a,cx_stage2,,"[[[9, 326], [38, 326]], [], [true, true]]",
20362,q,a,cx_stage3,,"[[[9, 326], [38, 326]], [], [true, true]]",
20363,q,a,p,,"[[[38, 327]], [], [true]]",
20364,q,a,cx_stage1,,"[[[9, 330], [38, 330]], [], [true, true]]",
20365,q,a,cx_stage2,,"[[[9, 330], [38, 330]], [], [true, true]]",
20366,q,a,cx_stage3,,"[[[9, 330], [38, 330]], [], [true, true]]",
20367,q,a,cx_stage1,,"[[[10, 333], [38, 333]], [], [true, true]]",
20368,q,a,cx_stage3,,"[[[10, 333], [38, 333]], [], [true, true]]",
20369,q,a,p,,"[[[38, 334]], [], [true]]",
20370,q,a,cx_stage1,,"[[[10, 337], [38, 337]], [], [true, true]]",
20371,q,a,cx_stage3,,"[[[10, 337], [38, 337]], [], [true, true]]",
20372,q,a,cx_stage1,,"[[[11, 340], [38, 340]], [], [true, true]]",
20373,q,a,cx_stage3,,"[[[11, 340], [38, 340]], [], [true, true]]",
20374,q,a,p,,"[[[38, 341]], [], [true]]",
20375,q,a,cx_stage1,,"[[[11, 344], [38, 344]], [], [true, true]]",
20376,q,a,cx_stage3,,"[[[11, 344], [38, 344]], [], [true, true]]",
20377,q,a,cx_stage1,,"[[[12, 347], [38, 347]], [], [true, true]]",
20378,q,a,cx_stage3,,"[[[12, 347], [38, 347]], [], [true, true]]",
20379,q,a,p,,"[[[38, 348]], [], [true]]",
20380,q,a,cx_stage1,,"[[[12, 351], [38, 351]], [], [true, true]]",
20381,q,a,cx_stage3,,"[[[12, 351], [38, 351]], [], [true, true]]",
20382,q,a,cx_stage1,,"[[[13, 354], [38, 354]], [], [true, true]]",
20383,q,a,cx_stage3,,"[[[13, 354], [38, 354]], [], [true, true]]",
20384,q,a,p,,"[[[38, 355]], [], [true]]",
20385,q,a,cx_stage1,,"[[[13, 358], [38, 358]], [], [true, true]]",
20386,q,a,cx_stage3,,"[[[13, 358], [38, 358]], [], [true, true]]",
20387,q,a,cx_stage1,,"[[[14, 361], [38, 361]], [], [true, true]]",
20388,q,a,cx_stage3,,"[[[14, 361], [38, 361]], [], [true, true]]",
20389,q,a,p,,"[[[38, 362]], [], [true]]",
20390,q,a,cx_stage1,,"[[[14, 365], [38, 365]], [], [true, true]]",
20391,q,a,cx_stage3,,"[[[14, 365], [38, 365]], [], [true, true]]",
20392,q,a,cx_stage1,,"[[[15, 368], [38, 368]], [], [true, true]]",
20393,q,a,cx_stage3,,"[[[15, 368], [38, 368]], [], [true, true]]",
20394,q,a,p,,"[[[38, 369]], [], [true]]",
20395,q,a,cx_stage1,,"[[[15, 372], [38, 372]], [], [true, true]]",
20396,q,a,cx_stage3,,"[[[15, 372], [38, 372]], [], [true, true]]",
20397,q,a,cx_stage1,,"[[[16, 375], [38, 375]], [], [true, true]]",
20398,q,a,cx_stage3,,"[[[16, 375], [38, 375]], [], [true, true]]",
20399,q,a,p,,"[[[38, 376]], [], [true]]",
20400,q,a,cx_stage1,,"[[[16, 379], [38, 379]], [], [true, true]]",
20401,q,a,cx_stage3,,"[[[16, 379], [38, 379]], [], [true, true]]",
20402,q,a,cx_stage1,,"[[[17, 382], [38, 382]], [], [true, true]]",
20403,q,a,cx_stage3,,"[[[17, 382], [38, 382]], [], [true, true]]",
20404,q,a,p,,"[[[38, 383]], [], [true]]",
20405,q,a,cx_stage1,,"[[[17, 386], [38, 386]], [], [true, true]]",
20406,q,a,cx_stage3,,"[[[17, 386], [38, 386]], [], [true, true]]",
20407,q,a,cx_stage1,,"[[[18, 389], [38, 389]], [], [true, true]]",
20408,q,a,cx_stage3,,"[[[18, 389], [38, 389]], [], [true, true]]",
20409,q,a,p,,"[[[38, 390]], [], [true]]",
20410,q,a,cx_stage1,,"[[[18, 393], [38, 393]], [], [true, true]]",
20411,q,a,cx_stage3,,"[[[18, 393], [38, 393]], [], [true, true]]",
20412,q,a,cx_stage1,,"[[[19, 396], [38, 396]], [], [true, true]]",
20413,q,a,cx_stage3,,"[[[19, 396], [38, 396]], [], [true, true]]",
20414,q,a,p,,"[[[38, 397]], [], [true]]",
20415,q,a,cx_stage1,,"[[[19, 400], [38, 400]], [], [true, true]]",
20416,q,a,cx_stage3,,"[[[19, 400], [38, 400]], [], [true, true]]",
20417,q,a,cx_stage1,,"[[[20, 403], [38, 403]], [], [true, true]]",
20418,q,a,cx_stage3,,"[[[20, 403], [38, 403]], [], [true, true]]",
20419,q,a,p,,"[[[38, 404]], [], [true]]",
20420,q,a,cx_stage1,,"[[[20, 407], [38, 407]], [], [true, true]]",
20421,q,a,cx_stage3,,"[[[20, 407], [38, 407]], [], [true, true]]",
20422,q,a,cx_stage1,,"[[[21, 410], [38, 410]], [], [true, true]]",
20423,q,a,cx_stage3,,"[[[21, 410], [38, 410]], [], [true, true]]",
20424,q,a,p,,"[[[38, 411]], [], [true]]",
20425,q,a,cx_stage1,,"[[[21, 414], [38, 414]], [], [true, true]]",
20426,q,a,cx_stage3,,"[[[21, 414], [38, 414]], [], [true, true]]",
20427,q,a,cx_stage1,,"[[[22, 417], [38, 417]], [], [true, true]]",
20428,q,a,cx_stage3,,"[[[22, 417], [38, 417]], [], [true, true]]",
20429,q,a,p,,"[[[38, 418]], [], [true]]",
20430,q,a,cx_stage1,,"[[[22, 421], [38, 421]], [], [true, true]]",
20431,q,a,cx_stage3,,"[[[22, 421], [38, 421]], [], [true, true]]",
20432,q,a,cx_stage1,,"[[[23, 424], [38, 424]], [], [true, true]]",
20433,q,a,cx_stage3,,"[[[23, 424], [38, 424]], [], [true, true]]",
20434,q,a,p,,"[[[38, 425]], [], [true]]",
20435,q,a,cx_stage1,,"[[[23, 428], [38, 428]], [], [true, true]]",
20436,q,a,cx_stage3,,"[[[23, 428], [38, 428]], [], [true, true]]",
20437,q,a,cx_stage1,,"[[[24, 431], [38, 431]], [], [true, true]]",
20438,q,a,cx_stage3,,"[[[24, 431], [38, 431]], [], [true, true]]",
20439,q,a,p,,"[[[38, 432]], [], [true]]",
20440,q,a,cx_stage1,,"[[[24, 435], [38, 435]], [], [true, true]]",
20441,q,a,cx_stage3,,"[[[24, 435], [38, 435]], [], [true, true]]",
20442,q,a,cx_stage1,,"[[[25, 438], [38, 438]], [], [true, true]]",
20443,q,a,cx_stage3,,"[[[25, 438], [38, 438]], [], [true, true]]",
20444,q,a,p,,"[[[38, 439]], [], [true]]",
20445,q,a,cx_stage1,,"[[[25, 442], [38, 442]], [], [true, true]]",
20446,q,a,cx_stage3,,"[[[25, 442], [38, 442]], [], [true, true]]",
20447,q,a,cx_stage1,,"[[[26, 445], [38, 445]], [], [true, true]]",
20448,q,a,cx_stage3,,"[[[26, 445], [38, 445]], [], [true, true]]",
20449,q,a,p,,"[[[38, 446]], [], [true]]",
20450,q,a,cx_stage1,,"[[[26, 449], [38, 449]], [], [true, true]]",
20451,q,a,cx_stage3,,"[[[26, 449], [38, 449]], [], [true, true]]",
20452,q,a,cx_stage1,,"[[[27, 452], [38, 452]], [], [true, true]]",
20453,q,a,cx_stage3,,"[[[27, 452], [38, 452]], [], [true, true]]",
20454,q,a,p,,"[[[38, 453]], [], [true]]",
20455,q,a,cx_stage1,,"[[[27, 456], [38, 456]], [], [true, true]]",
20456,q,a,cx_stage3,,"[[[27, 456], [38, 456]], [], [true, true]]",
20457,q,a,cx_stage1,,"[[[28, 459], [38, 459]], [], [true, true]]",
20458,q,a,cx_stage3,,"[[[28, 459], [38, 459]], [], [true, true]]",
20459,q,a,p,,"[[[38, 460]], [], [true]]",
20460,q,a,cx_stage1,,"[[[28, 463], [38, 463]], [], [true, true]]",
20461,q,a,cx_stage3,,"[[[28, 463], [38, 463]], [], [true, true]]",
20462,q,a,cx_stage1,,"[[[29, 466], [38, 466]], [], [true, true]]",
20463,q,a,cx_stage3,,"[[[29, 466], [38, 466]], [], [true, true]]",
20464,q,a,p,,"[[[38, 467]], [], [true]]",
20465,q,a,cx_stage1,,"[[[29, 470], [38, 470]], [], [true, true]]",
20466,q,a,cx_stage3,,"[[[29, 470], [38, 470]], [], [true, true]]",
20467,q,a,cx_stage1,,"[[[30, 473], [38, 473]], [], [true, true]]",
20468,q,a,cx_stage3,,"[[[30, 473], [38, 473]], [], [true, true]]",
20469,q,a,p,,"[[[38, 474]], [], [true]]",
20470,q,a,cx_stage1,,"[[[30, 477], [38, 477]], [], [true, true]]",
20471,q,a,cx_stage3,,"[[[30, 477], [38, 477]], [], [true, true]]",
20472,q,a,cx_stage1,,"[[[31, 480], [38, 480]], [], [true, true]]",
20473,q,a,cx_stage3,,"[[[31, 480], [38, 480]], [], [true, true]]",
20474,q,a,p,,"[[[38, 481]], [], [true]]",
20475,q,a,cx_stage1,,"[[[31, 484], [38, 484]], [], [true, true]]",
20476,q,a,cx_stage3,,"[[[31, 484], [38, 484]], [], [true, true]]",
20477,q,a,cx_stage1,,"[[[32, 487], [38, 487]], [], [true, true]]",
20478,q,a,cx_stage3,,"[[[32, 487], [38, 487]], [], [true, true]]",
20479,q,a,p,,"[[[38, 488]], [], [true]]",
20480,q,a,cx_stage1,,"[[[32, 491], [38, 491]], [], [true, true]]",
20481,q,a,cx_stage3,,"[[[32, 491], [38, 491]], [], [true, true]]",
20482,q,a,cx_stage1,,"[[[33, 494], [38, 494]], [], [true, true]]",
20483,q,a,cx_stage3,,"[[[33, 494], [38, 494]], [], [true, true]]",
20484,q,a,p,,"[[[38, 495]], [], [true]]",
20485,q,a,cx_stage1,,"[[[33, 498], [38, 498]], [], [true, true]]",
20486,q,a,cx_stage3,,"[[[33, 498], [38, 498]], [], [true, true]]",
20487,q,a,cx_stage1,,"[[[34, 501], [38, 501]], [], [true, true]]",
20488,q,a,cx_stage3,,"[[[34, 501], [38, 501]], [], [true, true]]",
20489,q,a,p,,"[[[38, 502]], [], [true]]",
20490,q,a,cx_stage1,,"[[[34, 505], [38, 505]], [], [true, true]]",
20491,q,a,cx_stage3,,"[[[34, 505], [38, 505]], [], [true, true]]",
20492,q,a,cx_stage1,,"[[[35, 508], [38, 508]], [], [true, true]]",
20493,q,a,cx_stage3,,"[[[35, 508], [38, 508]], [], [true, true]]",
20494,q,a,p,,"[[[38, 509]], [], [true]]",
20495,q,a,cx_stage1,,"[[[35, 512], [38, 512]], [], [true, true]]",
20496,q,a,cx_stage3,,"[[[35, 512], [38, 512]], [], [true, true]]",
20497,q,a,cx_stage1,,"[[[36, 515], [38, 515]], [], [true, true]]",
20498,q,a,cx_stage3,,"[[[36, 515], [38, 515]], [], [true, true]]",
20499,q,a,p,,"[[[38, 516]], [], [true]]",
20500,q,a,cx_stage1,,"[[[36, 519], [38, 519]], [], [true, true]]",
20501,q,a,cx_stage3,,"[[[36, 519], [38, 519]], [], [true, true]]",
20502,q,a,cx_stage1,,"[[[37, 522], [38, 522]], [], [true, true]]",
20503,q,a,cx_stage3,,"[[[37, 522], [38, 522]], [], [true, true]]",
20504,q,a,p,,"[[[38, 523]], [], [true]]",
20505,q,a,cx_stage1,,"[[[37, 526], [38, 526]], [], [true, true]]",
20506,q,a,cx_stage3,,"[[[37, 526], [38, 526]], [], [true, true]]",
20507,q,a,cx_stage1,,"[[[38, 536], [39, 536]], [], [true, true]]",
20508,q,a,cx_stage2,,"[[[38, 536], [39, 536]], [], [true, true]]",
20509,q,a,cx_stage3,,"[[[38, 536], [39, 536]], [], [true, true]]",
20510,q,a,cx_stage1,,"[[[38, 540], [39, 540]], [], [true, true]]",
20511,q,a,cx_stage2,,"[[[38, 540], [39, 540]], [], [true, true]]",
20512,q,a,cx_stage3,,"[[[38, 540], [39, 540]], [], [true, true]]",
20513,q,a,cx_stage1,,"[[[38, 543], [40, 543]], [], [true, true]]",
20514,q,a,cx_stage2,,"[[[38, 543], [40, 543]], [], [true, true]]",
20515,q,a,cx_stage3,,"[[[38, 543], [40, 543]], [], [true, true]]",
20516,q,a,cx_stage1,,"[[[38, 547], [40, 547]], [], [true, true]]",
20517,q,a,cx_stage2,,"[[[38, 547], [40, 547]], [], [true, true]]",
20518,q,a,cx_stage3,,"[[[38, 547], [40, 547]], [], [true, true]]",
20519,q,a,cx_stage1,,"[[[38, 550], [41, 550]], [], [true, true]]",
20520,q,a,cx_stage2,,"[[[38, 550], [41, 550]], [], [true, true]]",
20521,q,a,cx_stage3,,"[[[38, 550], [41, 550]], [], [true, true]]",
20522,q,a,cx_stage1,,"[[[38, 554], [41, 554]], [], [true, true]]",
20523,q,a,cx_stage2,,"[[[38, 554], [41, 554]], [], [true, true]]",
20524,q,a,cx_stage3,,"[[[38, 554], [41, 554]], [], [true, true]]",
20525,q,a,cx_stage1,,"[[[38, 557], [42, 557]], [], [true, true]]",
20526,q,a,cx_stage2,,"[[[38, 557], [42, 557]], [], [true, true]]",
20527,q,a,cx_stage3,,"[[[38, 557], [42, 557]], [], [true, true]]",
20528,q,a,cx_stage1,,"[[[38, 561], [42, 561]], [], [true, true]]",
20529,q,a,cx_stage2,,"[[[38, 561], [42, 561]], [], [true, true]]",
20530,q,a,cx_stage3,,"[[[38, 561], [42, 561]], [], [true, true]]",
20531,q,a,cx_stage1,,"[[[38, 564], [43, 564]], [], [true, true]]",
20532,q,a,cx_stage2,,"[[[38, 564], [43, 564]], [], [true, true]]",
20533,q,a,cx_stage3,,"[[[38, 564], [43, 564]], [], [true, true]]",
20534,q,a,cx_stage1,,"[[[38, 568], [43, 568]], [], [true, true]]",
20535,q,a,cx_stage2,,"[[[38, 568], [43, 568]], [], [true, true]]",
20536,q,a,cx_stage3,,"[[[38, 568], [43, 568]], [], [true, true]]",
20537,q,a,cx_stage1,,"[[[38, 571], [44, 571]], [], [true, true]]",
20538,q,a,cx_stage2,,"[[[38, 571], [44, 571]], [], [true, true]]",
20539,q,a,cx_stage3,,"[[[38, 571], [44, 571]], [], [true, true]]",
20540,q,a,cx_stage1,,"[[[38, 575], [44, 575]], [], [true, true]]",
20541,q,a,cx_stage2,,"[[[38, 575], [44, 575]], [], [true, true]]",
20542,q,a,cx_stage3,,"[[[38, 575], [44, 575]], [], [true, true]]",
20543,q,a,cx_stage1,,"[[[38, 578], [45, 578]], [], [true, true]]",
20544,q,a,cx_stage2,,"[[[38, 578], [45, 578]], [], [true, true]]",
20545,q,a,cx_stage3,,"[[[38, 578], [45, 578]], [], [true, true]]",
20546,q,a,cx_stage1,,"[[[38, 582], [45, 582]], [], [true, true]]",
20547,q,a,cx_stage2,,"[[[38, 582], [45, 582]], [], [true, true]]",
20548,q,a,cx_stage3,,"[[[38, 582], [45, 582]], [], [true, true]]",
20549,q,a,cx_stage1,,"[[[38, 585], [46, 585]], [], [true, true]]",
20550,q,a,cx_stage2,,"[[[38, 585], [46, 585]], [], [true, true]]",
20551,q,a,cx_stage3,,"[[[38, 585], [46, 585]], [], [true, true]]",
20552,q,a,cx_stage1,,"[[[38, 589], [46, 589]], [], [true, true]]",
20553,q,a,cx_stage2,,"[[[38, 589], [46, 589]], [], [true, true]]",
20554,q,a,cx_stage3,,"[[[38, 589], [46, 589]], [], [true, true]]",
20555,q,a,cx_stage1,,"[[[38, 592], [47, 592]], [], [true, true]]",
20556,q,a,cx_stage2,,"[[[38, 592], [47, 592]], [], [true, true]]",
20557,q,a,cx_stage3,,"[[[38, 592], [47, 592]], [], [true, true]]",
20558,q,a,cx_stage1,,"[[[38, 596], [47, 596]], [], [true, true]]",
20559,q,a,cx_stage2,,"[[[38, 596], [47, 596]], [], [true, true]]",
20560,q,a,cx_stage3,,"[[[38, 596], [47, 596]], [], [true, true]]",
20561,q,a,cx_stage1,,"[[[38, 599], [48, 599]], [], [true, true]]",
20562,q,a,cx_stage2,,"[[[38, 599], [48, 599]], [], [true, true]]",
20563,q,a,cx_stage3,,"[[[38, 599], [48, 599]], [], [true, true]]",
20564,q,a,cx_stage1,,"[[[38, 603], [48, 603]], [], [true, true]]",
20565,q,a,cx_stage2,,"[[[38, 603], [48, 603]], [], [true, true]]",
20566,q,a,cx_stage3,,"[[[38, 603], [48, 603]], [], [true, true]]",
20567,q,a,cx_stage1,,"[[[38, 606], [49, 606]], [], [true, true]]",
20568,q,a,cx_stage2,,"[[[38, 606], [49, 606]], [], [true, true]]",
20569,q,a,cx_stage3,,"[[[38, 606], [49, 606]], [], [true, true]]",
20570,q,a,cx_stage1,,"[[[38, 610], [49, 610]], [], [true, true]]",
20571,q,a,cx_stage2,,"[[[38, 610], [49, 610]], [], [true, true]]",
20572,q,a,cx_stage3,,"[[[38, 610], [49, 610]], [], [true, true]]",
20573,q,a,cx_stage1,,"[[[38, 613], [50, 613]], [], [true, true]]",
20574,q,a,cx_stage2,,"[[[38, 613], [50, 613]], [], [true, true]]",
20575,q,a,cx_stage3,,"[[[38, 613], [50, 613]], [], [true, true]]",
20576,q,a,cx_stage1,,"[[[38, 617], [50, 617]], [], [true, true]]",
20577,q,a,cx_stage2,,"[[[38, 617], [50, 617]], [], [true, true]]",
20578,q,a,cx_stage3,,"[[[38, 617], [50, 617]], [], [true, true]]",
20579,q,a,cx_stage1,,"[[[38, 620], [51, 620]], [], [true, true]]",
20580,q,a,cx_stage2,,"[[[38, 620], [51, 620]], [], [true, true]]",
20581,q,a,cx_stage3,,"[[[38, 620], [51, 620]], [], [true, true]]",
20582,q,a,cx_stage1,,"[[[38, 624], [51, 624]], [], [true, true]]",
20583,q,a,cx_stage2,,"[[[38, 624], [51, 624]], [], [true, true]]",
20584,q,a,cx_stage3,,"[[[38, 624], [51, 624]], [], [true, true]]",
20585,q,a,cx_stage1,,"[[[38, 627], [52, 627]], [], [true, true]]",
20586,q,a,cx_stage2,,"[[[38, 627], [52, 627]], [], [true, true]]",
20587,q,a,cx_stage3,,"[[[38, 627], [52, 627]], [], [true, true]]",
20588,q,a,cx_stage1,,"[[[38, 631], [52, 631]], [], [true, true]]",
20589,q,a,cx_stage2,,"[[[38, 631], [52, 631]], [], [true, true]]",
20590,q,a,cx_stage3,,"[[[38, 631], [52, 631]], [], [true, true]]",
20591,q,a,cx_stage1,,"[[[38, 634], [53, 634]], [], [true, true]]",
20592,q,a,cx_stage2,,"[[[38, 634], [53, 634]], [], [true, true]]",
20593,q,a,cx_stage3,,"[[[38, 634], [53, 634]], [], [true, true]]",
20594,q,a,cx_stage1,,"[[[38, 638], [53, 638]], [], [true, true]]",
20595,q,a,cx_stage2,,"[[[38, 638], [53, 638]], [], [true, true]]",
20596,q,a,cx_stage3,,"[[[38, 638], [53, 638]], [], [true, true]]",
20597,q,a,cx_stage1,,"[[[38, 641], [54, 641]], [], [true, true]]",
20598,q,a,cx_stage2,,"[[[38, 641], [54, 641]], [], [true, true]]",
20599,q,a,cx_stage3,,"[[[38, 641], [54, 641]], [], [true, true]]",
20600,q,a,cx_stage1,,"[[[38, 645], [54, 645]], [], [true, true]]",
20601,q,a,cx_stage2,,"[[[38, 645], [54, 645]], [], [true, true]]",
20602,q,a,cx_stage3,,"[[[38, 645], [54, 645]], [], [true, true]]",
20603,q,a,cx_stage1,,"[[[38, 648], [55, 648]], [], [true, true]]",
20604,q,a,cx_stage2,,"[[[38, 648], [55, 648]], [], [true, true]]",
20605,q,a,cx_stage3,,"[[[38, 648], [55, 648]], [], [true, true]]",
20606,q,a,cx_stage1,,"[[[38, 652], [55, 652]], [], [true, true]]",
20607,q,a,cx_stage2,,"[[[38, 652], [55, 652]], [], [true, true]]",
20608,q,a,cx_stage3,,"[[[38, 652], [55, 652]], [], [true, true]]",
20609,q,a,u2,,"[[[38, 653]], [], [true]]",
20610,q,a,cx_stage1,,"[[[0, 656], [38, 656]], [], [true, true]]",
20611,q,a,cx_stage3,,"[[[0, 656], [38, 656]], [], [true, true]]",
20612,q,a,p,,"[[[38, 657]], [], [true]]",
20613,q,a,cx_stage1,,"[[[0, 660], [38, 660]], [], [true, true]]",
20614,q,a,cx_stage3,,"[[[0, 660], [38, 660]], [], [true, true]]",
20615,q,a,cx_stage1,,"[[[1, 663], [38, 663]], [], [true, true]]",
20616,q,a,cx_stage3,,"[[[1, 663], [38, 663]], [], [true, true]]",
20617,q,a,p,,"[[[38, 664]], [], [true]]",
20618,q,a,cx_stage1,,"[[[1, 667], [38, 667]], [], [true, true]]",
20619,q,a,cx_stage3,,"[[[1, 667], [38, 667]], [], [true, true]]",
20620,q,a,cx_stage1,,"[[[2, 670], [38, 670]], [], [true, true]]",
20621,q,a,cx_stage3,,"[[[2, 670], [38, 670]], [], [true, true]]",
20622,q,a,p,,"[[[38, 671]], [], [true]]",
20623,q,a,cx_stage1,,"[[[2, 674], [38, 674]], [], [true, true]]",
20624,q,a,cx_stage3,,"[[[2, 674], [38, 674]], [], [true, true]]",
20625,q,a,cx_stage1,,"[[[3, 677], [38, 677]], [], [true, true]]",
20626,q,a,cx_stage2,,"[[[3, 677], [38, 677]], [], [true, true]]",
20627,q,a,cx_stage3,,"[[[3, 677], [38, 677]], [], [true, true]]",
20628,q,a,p,,"[[[38, 678]], [], [true]]",
20629,q,a,cx_stage1,,"[[[3, 681], [38, 681]], [], [true, true]]",
20630,q,a,cx_stage2,,"[[[3, 681], [38, 681]], [], [true, true]]",
20631,q,a,cx_stage3,,"[[[3, 681], [38, 681]], [], [true, true]]",
20632,q,a,cx_stage1,,"[[[4, 684], [38, 684]], [], [true, true]]",
20633,q,a,cx_stage2,,"[[[4, 684], [38, 684]], [], [true, true]]",
20634,q,a,cx_stage3,,"[[[4, 684], [38, 684]], [], [true, true]]",
20635,q,a,p,,"[[[38, 685]], [], [true]]",
20636,q,a,cx_stage1,,"[[[4, 688], [38, 688]], [], [true, true]]",
20637,q,a,cx_stage2,,"[[[4, 688], [38, 688]], [], [true, true]]",
20638,q,a,cx_stage3,,"[[[4, 688], [38, 688]], [], [true, true]]",
20639,q,a,cx_stage1,,"[[[5, 691], [38, 691]], [], [true, true]]",
20640,q,a,cx_stage2,,"[[[5, 691], [38, 691]], [], [true, true]]",
20641,q,a,cx_stage3,,"[[[5, 691], [38, 691]], [], [true, true]]",
20642,q,a,p,,"[[[38, 692]], [], [true]]",
20643,q,a,cx_stage1,,"[[[5, 695], [38, 695]], [], [true, true]]",
20644,q,a,cx_stage2,,"[[[5, 695], [38, 695]], [], [true, true]]",
20645,q,a,cx_stage3,,"[[[5, 695], [38, 695]], [], [true, true]]",
20646,q,a,cx_stage1,,"[[[6, 698], [38, 698]], [], [true, true]]",
20647,q,a,cx_stage2,,"[[[6, 698], [38, 698]], [], [true, true]]",
20648,q,a,cx_stage3,,"[[[6, 698], [38, 698]], [], [true, true]]",
20649,q,a,p,,"[[[38, 699]], [], [true]]",
20650,q,a,cx_stage1,,"[[[6, 702], [38, 702]], [], [true, true]]",
20651,q,a,cx_stage2,,"[[[6, 702], [38, 702]], [], [true, true]]",
20652,q,a,cx_stage3,,"[[[6, 702], [38, 702]], [], [true, true]]",
20653,q,a,cx_stage1,,"[[[7, 705], [38, 705]], [], [true, true]]",
20654,q,a,cx_stage2,,"[[[7, 705], [38, 705]], [], [true, true]]",
20655,q,a,cx_stage3,,"[[[7, 705], [38, 705]], [], [true, true]]",
20656,q,a,p,,"[[[38, 706]], [], [true]]",
20657,q,a,cx_stage1,,"[[[7, 709], [38, 709]], [], [true, true]]",
20658,q,a,cx_stage2,,"[[[7, 709], [38, 709]], [], [true, true]]",
20659,q,a,cx_stage3,,"[[[7, 709], [38, 709]], [], [true, true]]",
20660,q,a,cx_stage1,,"[[[8, 712], [38, 712]], [], [true, true]]",
20661,q,a,cx_stage2,,"[[[8, 712], [38, 712]], [], [true, true]]",
20662,q,a,cx_stage3,,"[[[8, 712], [38, 712]], [], [true, true]]",
20663,q,a,p,,"[[[38, 713]], [], [true]]",
20664,q,a,cx_stage1,,"[[[8, 716], [38, 716]], [], [true, true]]",
20665,q,a,cx_stage2,,"[[[8, 716], [38, 716]], [], [true, true]]",
20666,q,a,cx_stage3,,"[[[8, 716], [38, 716]], [], [true, true]]",
20667,q,a,cx_stage1,,"[[[9, 719], [38, 719]], [], [true, true]]",
20668,q,a,cx_stage2,,"[[[9, 719], [38, 719]], [], [true, true]]",
20669,q,a,cx_stage3,,"[[[9, 719], [38, 719]], [], [true, true]]",
20670,q,a,p,,"[[[38, 720]], [], [true]]",
20671,q,a,cx_stage1,,"[[[9, 723], [38, 723]], [], [true, true]]",
20672,q,a,cx_stage2,,"[[[9, 723], [38, 723]], [], [true, true]]",
20673,q,a,cx_stage3,,"[[[9, 723], [38, 723]], [], [true, true]]",
20674,q,a,cx_stage1,,"[[[10, 726], [38, 726]], [], [true, true]]",
20675,q,a,cx_stage3,,"[[[10, 726], [38, 726]], [], [true, true]]",
20676,q,a,p,,"[[[38, 727]], [], [true]]",
20677,q,a,cx_stage1,,"[[[10, 730], [38, 730]], [], [true, true]]",
20678,q,a,cx_stage3,,"[[[10, 730], [38, 730]], [], [true, true]]",
20679,q,a,cx_stage1,,"[[[11, 733], [38, 733]], [], [true, true]]",
20680,q,a,cx_stage3,,"[[[11, 733], [38, 733]], [], [true, true]]",
20681,q,a,p,,"[[[38, 734]], [], [true]]",
20682,q,a,cx_stage1,,"[[[11, 737], [38, 737]], [], [true, true]]",
20683,q,a,cx_stage3,,"[[[11, 737], [38, 737]], [], [true, true]]",
20684,q,a,cx_stage1,,"[[[12, 740], [38, 740]], [], [true, true]]",
20685,q,a,cx_stage3,,"[[[12, 740], [38, 740]], [], [true, true]]",
20686,q,a,p,,"[[[38, 741]], [], [true]]",
20687,q,a,cx_stage1,,"[[[12, 744], [38, 744]], [], [true, true]]",
20688,q,a,cx_stage3,,"[[[12, 744], [38, 744]], [], [true, true]]",
20689,q,a,cx_stage1,,"[[[13, 747], [38, 747]], [], [true, true]]",
20690,q,a,cx_stage3,,"[[[13, 747], [38, 747]], [], [true, true]]",
20691,q,a,p,,"[[[38, 748]], [], [true]]",
20692,q,a,cx_stage1,,"[[[13, 751], [38, 751]], [], [true, true]]",
20693,q,a,cx_stage3,,"[[[13, 751], [38, 751]], [], [true, true]]",
20694,q,a,cx_stage1,,"[[[14, 754], [38, 754]], [], [true, true]]",
20695,q,a,cx_stage3,,"[[[14, 754], [38, 754]], [], [true, true]]",
20696,q,a,p,,"[[[38, 755]], [], [true]]",
20697,q,a,cx_stage1,,"[[[14, 758], [38, 758]], [], [true, true]]",
20698,q,a,cx_stage3,,"[[[14, 758], [38, 758]], [], [true, true]]",
20699,q,a,cx_stage1,,"[[[15, 761], [38, 761]], [], [true, true]]",
20700,q,a,cx_stage3,,"[[[15, 761], [38, 761]], [], [true, true]]",
20701,q,a,p,,"[[[38, 762]], [], [true]]",
20702,q,a,cx_stage1,,"[[[15, 765], [38, 765]], [], [true, true]]",
20703,q,a,cx_stage3,,"[[[15, 765], [38, 765]], [], [true, true]]",
20704,q,a,cx_stage1,,"[[[16, 768], [38, 768]], [], [true, true]]",
20705,q,a,cx_stage3,,"[[[16, 768], [38, 768]], [], [true, true]]",
20706,q,a,p,,"[[[38, 769]], [], [true]]",
20707,q,a,cx_stage1,,"[[[16, 772], [38, 772]], [], [true, true]]",
20708,q,a,cx_stage3,,"[[[16, 772], [38, 772]], [], [true, true]]",
20709,q,a,cx_stage1,,"[[[17, 775], [38, 775]], [], [true, true]]",
20710,q,a,cx_stage3,,"[[[17, 775], [38, 775]], [], [true, true]]",
20711,q,a,p,,"[[[38, 776]], [], [true]]",
20712,q,a,cx_stage1,,"[[[17, 779], [38, 779]], [], [true, true]]",
20713,q,a,cx_stage3,,"[[[17, 779], [38, 779]], [], [true, true]]",
20714,q,a,cx_stage1,,"[[[18, 782], [38, 782]], [], [true, true]]",
20715,q,a,cx_stage3,,"[[[18, 782], [38, 782]], [], [true, true]]",
20716,q,a,p,,"[[[38, 783]], [], [true]]",
20717,q,a,cx_stage1,,"[[[18, 786], [38, 786]], [], [true, true]]",
20718,q,a,cx_stage3,,"[[[18, 786], [38, 786]], [], [true, true]]",
20719,q,a,cx_stage1,,"[[[19, 789], [38, 789]], [], [true, true]]",
20720,q,a,cx_stage3,,"[[[19, 789], [38, 789]], [], [true, true]]",
20721,q,a,p,,"[[[38, 790]], [], [true]]",
20722,q,a,cx_stage1,,"[[[19, 793], [38, 793]], [], [true, true]]",
20723,q,a,cx_stage3,,"[[[19, 793], [38, 793]], [], [true, true]]",
20724,q,a,cx_stage1,,"[[[20, 796], [38, 796]], [], [true, true]]",
20725,q,a,cx_stage3,,"[[[20, 796], [38, 796]], [], [true, true]]",
20726,q,a,p,,"[[[38, 797]], [], [true]]",
20727,q,a,cx_stage1,,"[[[20, 800], [38, 800]], [], [true, true]]",
20728,q,a,cx_stage3,,"[[[20, 800], [38, 800]], [], [true, true]]",
20729,q,a,cx_stage1,,"[[[21, 803], [38, 803]], [], [true, true]]",
20730,q,a,cx_stage3,,"[[[21, 803], [38, 803]], [], [true, true]]",
20731,q,a,p,,"[[[38, 804]], [], [true]]",
20732,q,a,cx_stage1,,"[[[21, 807], [38, 807]], [], [true, true]]",
20733,q,a,cx_stage3,,"[[[21, 807], [38, 807]], [], [true, true]]",
20734,q,a,cx_stage1,,"[[[22, 810], [38, 810]], [], [true, true]]",
20735,q,a,cx_stage3,,"[[[22, 810], [38, 810]], [], [true, true]]",
20736,q,a,p,,"[[[38, 811]], [], [true]]",
20737,q,a,cx_stage1,,"[[[22, 814], [38, 814]], [], [true, true]]",
20738,q,a,cx_stage3,,"[[[22, 814], [38, 814]], [], [true, true]]",
20739,q,a,cx_stage1,,"[[[23, 817], [38, 817]], [], [true, true]]",
20740,q,a,cx_stage3,,"[[[23, 817], [38, 817]], [], [true, true]]",
20741,q,a,p,,"[[[38, 818]], [], [true]]",
20742,q,a,cx_stage1,,"[[[23, 821], [38, 821]], [], [true, true]]",
20743,q,a,cx_stage3,,"[[[23, 821], [38, 821]], [], [true, true]]",
20744,q,a,cx_stage1,,"[[[24, 824], [38, 824]], [], [true, true]]",
20745,q,a,cx_stage3,,"[[[24, 824], [38, 824]], [], [true, true]]",
20746,q,a,p,,"[[[38, 825]], [], [true]]",
20747,q,a,cx_stage1,,"[[[24, 828], [38, 828]], [], [true, true]]",
20748,q,a,cx_stage3,,"[[[24, 828], [38, 828]], [], [true, true]]",
20749,q,a,cx_stage1,,"[[[25, 831], [38, 831]], [], [true, true]]",
20750,q,a,cx_stage3,,"[[[25, 831], [38, 831]], [], [true, true]]",
20751,q,a,p,,"[[[38, 832]], [], [true]]",
20752,q,a,cx_stage1,,"[[[25, 835], [38, 835]], [], [true, true]]",
20753,q,a,cx_stage3,,"[[[25, 835], [38, 835]], [], [true, true]]",
20754,q,a,cx_stage1,,"[[[26, 838], [38, 838]], [], [true, true]]",
20755,q,a,cx_stage3,,"[[[26, 838], [38, 838]], [], [true, true]]",
20756,q,a,p,,"[[[38, 839]], [], [true]]",
20757,q,a,cx_stage1,,"[[[26, 842], [38, 842]], [], [true, true]]",
20758,q,a,cx_stage3,,"[[[26, 842], [38, 842]], [], [true, true]]",
20759,q,a,cx_stage1,,"[[[27, 845], [38, 845]], [], [true, true]]",
20760,q,a,cx_stage3,,"[[[27, 845], [38, 845]], [], [true, true]]",
20761,q,a,p,,"[[[38, 846]], [], [true]]",
20762,q,a,cx_stage1,,"[[[27, 849], [38, 849]], [], [true, true]]",
20763,q,a,cx_stage3,,"[[[27, 849], [38, 849]], [], [true, true]]",
20764,q,a,cx_stage1,,"[[[28, 852], [38, 852]], [], [true, true]]",
20765,q,a,cx_stage3,,"[[[28, 852], [38, 852]], [], [true, true]]",
20766,q,a,p,,"[[[38, 853]], [], [true]]",
20767,q,a,cx_stage1,,"[[[28, 856], [38, 856]], [], [true, true]]",
20768,q,a,cx_stage3,,"[[[28, 856], [38, 856]], [], [true, true]]",
20769,q,a,cx_stage1,,"[[[29, 859], [38, 859]], [], [true, true]]",
20770,q,a,cx_stage3,,"[[[29, 859], [38, 859]], [], [true, true]]",
20771,q,a,p,,"[[[38, 860]], [], [true]]",
20772,q,a,cx_stage1,,"[[[29, 863], [38, 863]], [], [true, true]]",
20773,q,a,cx_stage3,,"[[[29, 863], [38, 863]], [], [true, true]]",
20774,q,a,cx_stage1,,"[[[30, 866], [38, 866]], [], [true, true]]",
20775,q,a,cx_stage3,,"[[[30, 866], [38, 866]], [], [true, true]]",
20776,q,a,p,,"[[[38, 867]], [], [true]]",
20777,q,a,cx_stage1,,"[[[30, 870], [38, 870]], [], [true, true]]",
20778,q,a,cx_stage3,,"[[[30, 870], [38, 870]], [], [true, true]]",
20779,q,a,cx_stage1,,"[[[31, 873], [38, 873]], [], [true, true]]",
20780,q,a,cx_stage3,,"[[[31, 873], [38, 873]], [], [true, true]]",
20781,q,a,p,,"[[[38, 874]], [], [true]]",
20782,q,a,cx_stage1,,"[[[31, 877], [38, 877]], [], [true, true]]",
20783,q,a,cx_stage3,,"[[[31, 877], [38, 877]], [], [true, true]]",
20784,q,a,cx_stage1,,"[[[32, 880], [38, 880]], [], [true, true]]",
20785,q,a,cx_stage3,,"[[[32, 880], [38, 880]], [], [true, true]]",
20786,q,a,p,,"[[[38, 881]], [], [true]]",
20787,q,a,cx_stage1,,"[[[32, 884], [38, 884]], [], [true, true]]",
20788,q,a,cx_stage3,,"[[[32, 884], [38, 884]], [], [true, true]]",
20789,q,a,cx_stage1,,"[[[33, 887], [38, 887]], [], [true, true]]",
20790,q,a,cx_stage3,,"[[[33, 887], [38, 887]], [], [true, true]]",
20791,q,a,p,,"[[[38, 888]], [], [true]]",
20792,q,a,cx_stage1,,"[[[33, 891], [38, 891]], [], [true, true]]",
20793,q,a,cx_stage3,,"[[[33, 891], [38, 891]], [], [true, true]]",
20794,q,a,cx_stage1,,"[[[34, 894], [38, 894]], [], [true, true]]",
20795,q,a,cx_stage3,,"[[[34, 894], [38, 894]], [], [true, true]]",
20796,q,a,p,,"[[[38, 895]], [], [true]]",
20797,q,a,cx_stage1,,"[[[34, 898], [38, 898]], [], [true, true]]",
20798,q,a,cx_stage3,,"[[[34, 898], [38, 898]], [], [true, true]]",
20799,q,a,cx_stage1,,"[[[35, 901], [38, 901]], [], [true, true]]",
20800,q,a,cx_stage3,,"[[[35, 901], [38, 901]], [], [true, true]]",
20801,q,a,p,,"[[[38, 902]], [], [true]]",
20802,q,a,cx_stage1,,"[[[35, 905], [38, 905]], [], [true, true]]",
20803,q,a,cx_stage3,,"[[[35, 905], [38, 905]], [], [true, true]]",
20804,q,a,cx_stage1,,"[[[36, 908], [38, 908]], [], [true, true]]",
20805,q,a,cx_stage3,,"[[[36, 908], [38, 908]], [], [true, true]]",
20806,q,a,p,,"[[[38, 909]], [], [true]]",
20807,q,a,cx_stage1,,"[[[36, 912], [38, 912]], [], [true, true]]",
20808,q,a,cx_stage3,,"[[[36, 912], [38, 912]], [], [true, true]]",
20809,q,a,cx_stage1,,"[[[37, 915], [38, 915]], [], [true, true]]",
20810,q,a,cx_stage3,,"[[[37, 915], [38, 915]], [], [true, true]]",
20811,q,a,p,,"[[[38, 916]], [], [true]]",
20812,q,a,cx_stage1,,"[[[37, 919], [38, 919]], [], [true, true]]",
20813,q,a,cx_stage3,,"[[[37, 919], [38, 919]], [], [true, true]]",
20814,q,a,cx_stage1,,"[[[38, 929], [39, 929]], [], [true, true]]",
20815,q,a,cx_stage2,,"[[[38, 929], [39, 929]], [], [true, true]]",
20816,q,a,cx_stage3,,"[[[38, 929], [39, 929]], [], [true, true]]",
20817,q,a,cx_stage1,,"[[[38, 933], [39, 933]], [], [true, true]]",
20818,q,a,cx_stage2,,"[[[38, 933], [39, 933]], [], [true, true]]",
20819,q,a,cx_stage3,,"[[[38, 933], [39, 933]], [], [true, true]]",
20820,q,a,cx_stage1,,"[[[38, 936], [40, 936]], [], [true, true]]",
20821,q,a,cx_stage2,,"[[[38, 936], [40, 936]], [], [true, true]]",
20822,q,a,cx_stage3,,"[[[38, 936], [40, 936]], [], [true, true]]",
20823,q,a,cx_stage1,,"[[[38, 940], [40, 940]], [], [true, true]]",
20824,q,a,cx_stage2,,"[[[38, 940], [40, 940]], [], [true, true]]",
20825,q,a,cx_stage3,,"[[[38, 940], [40, 940]], [], [true, true]]",
20826,q,a,cx_stage1,,"[[[38, 943], [41, 943]], [], [true, true]]",
20827,q,a,cx_stage2,,"[[[38, 943], [41, 943]], [], [true, true]]",
20828,q,a,cx_stage3,,"[[[38, 943], [41, 943]], [], [true, true]]",
20829,q,a,cx_stage1,,"[[[38, 947], [41, 947]], [], [true, true]]",
20830,q,a,cx_stage2,,"[[[38, 947], [41, 947]], [], [true, true]]",
20831,q,a,cx_stage3,,"[[[38, 947], [41, 947]], [], [true, true]]",
20832,q,a,cx_stage1,,"[[[38, 950], [42, 950]], [], [true, true]]",
20833,q,a,cx_stage2,,"[[[38, 950], [42, 950]], [], [true, true]]",
20834,q,a,cx_stage3,,"[[[38, 950], [42, 950]], [], [true, true]]",
20835,q,a,cx_stage1,,"[[[38, 954], [42, 954]], [], [true, true]]",
20836,q,a,cx_stage2,,"[[[38, 954], [42, 954]], [], [true, true]]",
20837,q,a,cx_stage3,,"[[[38, 954], [42, 954]], [], [true, true]]",
20838,q,a,cx_stage1,,"[[[38, 957], [43, 957]], [], [true, true]]",
20839,q,a,cx_stage2,,"[[[38, 957], [43, 957]], [], [true, true]]",
20840,q,a,cx_stage3,,"[[[38, 957], [43, 957]], [], [true, true]]",
20841,q,a,cx_stage1,,"[[[38, 961], [43, 961]], [], [true, true]]",
20842,q,a,cx_stage2,,"[[[38, 961], [43, 961]], [], [true, true]]",
20843,q,a,cx_stage3,,"[[[38, 961], [43, 961]], [], [true, true]]",
20844,q,a,cx_stage1,,"[[[38, 964], [44, 964]], [], [true, true]]",
20845,q,a,cx_stage2,,"[[[38, 964], [44, 964]], [], [true, true]]",
20846,q,a,cx_stage3,,"[[[38, 964], [44, 964]], [], [true, true]]",
20847,q,a,cx_stage1,,"[[[38, 968], [44, 968]], [], [true, true]]",
20848,q,a,cx_stage2,,"[[[38, 968], [44, 968]], [], [true, true]]",
20849,q,a,cx_stage3,,"[[[38, 968], [44, 968]], [], [true, true]]",
20850,q,a,cx_stage1,,"[[[38, 971], [45, 971]], [], [true, true]]",
20851,q,a,cx_stage2,,"[[[38, 971], [45, 971]], [], [true, true]]",
20852,q,a,cx_stage3,,"[[[38, 971], [45, 971]], [], [true, true]]",
20853,q,a,cx_stage1,,"[[[38, 975], [45, 975]], [], [true, true]]",
20854,q,a,cx_stage2,,"[[[38, 975], [45, 975]], [], [true, true]]",
20855,q,a,cx_stage3,,"[[[38, 975], [45, 975]], [], [true, true]]",
20856,q,a,cx_stage1,,"[[[38, 978], [46, 978]], [], [true, true]]",
20857,q,a,cx_stage2,,"[[[38, 978], [46, 978]], [], [true, true]]",
20858,q,a,cx_stage3,,"[[[38, 978], [46, 978]], [], [true, true]]",
20859,q,a,cx_stage1,,"[[[38, 982], [46, 982]], [], [true, true]]",
20860,q,a,cx_stage2,,"[[[38, 982], [46, 982]], [], [true, true]]",
20861,q,a,cx_stage3,,"[[[38, 982], [46, 982]], [], [true, true]]",
20862,q,a,cx_stage1,,"[[[38, 985], [47, 985]], [], [true, true]]",
20863,q,a,cx_stage2,,"[[[38, 985], [47, 985]], [], [true, true]]",
20864,q,a,cx_stage3,,"[[[38, 985], [47, 985]], [], [true, true]]",
20865,q,a,cx_stage1,,"[[[38, 989], [47, 989]], [], [true, true]]",
20866,q,a,cx_stage2,,"[[[38, 989], [47, 989]], [], [true, true]]",
20867,q,a,cx_stage3,,"[[[38, 989], [47, 989]], [], [true, true]]",
20868,q,a,cx_stage1,,"[[[38, 992], [48, 992]], [], [true, true]]",
20869,q,a,cx_stage2,,"[[[38, 992], [48, 992]], [], [true, true]]",
20870,q,a,cx_stage3,,"[[[38, 992], [48, 992]], [], [true, true]]",
20871,q,a,cx_stage1,,"[[[38, 996], [48, 996]], [], [true, true]]",
20872,q,a,cx_stage2,,"[[[38, 996], [48, 996]], [], [true, true]]",
20873,q,a,cx_stage3,,"[[[38, 996], [48, 996]], [], [true, true]]",
20874,q,a,cx_stage1,,"[[[38, 999], [49, 999]], [], [true, true]]",
20875,q,a,cx_stage2,,"[[[38, 999], [49, 999]], [], [true, true]]",
20876,q,a,cx_stage3,,"[[[38, 999], [49, 999]], [], [true, true]]",
20877,q,a,u2,,"[[[39, 1]], [], [true]]",
20878,q,a,cx_stage1,,"[[[0, 270], [39, 270]], [], [true, true]]",
20879,q,a,cx_stage2,,"[[[39, 1003], [48, 1003]], [], [true, true]]",
20880,q,a,cx_stage1,,"[[[39, 1003], [48, 1003]], [], [true, true]]",
20881,q,a,cx_stage3,,"[[[39, 1003], [48, 1003]], [], [true, true]]",
20882,q,a,cx_stage1,,"[[[39, 1006], [49, 1006]], [], [true, true]]",
20883,q,a,cx_stage2,,"[[[39, 1006], [49, 1006]], [], [true, true]]",
20884,q,a,cx_stage3,,"[[[39, 1006], [49, 1006]], [], [true, true]]",
20885,q,a,cx_stage1,,"[[[39, 1010], [49, 1010]], [], [true, true]]",
20886,q,a,cx_stage2,,"[[[39, 1010], [49, 1010]], [], [true, true]]",
20887,q,a,cx_stage3,,"[[[39, 1010], [49, 1010]], [], [true, true]]",
20888,q,a,cx_stage1,,"[[[39, 1013], [50, 1013]], [], [true, true]]",
20889,q,a,cx_stage2,,"[[[39, 1013], [50, 1013]], [], [true, true]]",
20890,q,a,cx_stage3,,"[[[39, 1013], [50, 1013]], [], [true, true]]",
20891,q,a,cx_stage1,,"[[[39, 1017], [50, 1017]], [], [true, true]]",
20892,q,a,cx_stage2,,"[[[39, 1017], [50, 1017]], [], [true, true]]",
20893,q,a,cx_stage3,,"[[[39, 1017], [50, 1017]], [], [true, true]]",
20894,q,a,cx_stage1,,"[[[39, 1020], [51, 1020]], [], [true, true]]",
20895,q,a,cx_stage2,,"[[[39, 1020], [51, 1020]], [], [true, true]]",
20896,q,a,cx_stage3,,"[[[39, 1020], [51, 1020]], [], [true, true]]",
20897,q,a,cx_stage1,,"[[[39, 1024], [51, 1024]], [], [true, true]]",
20898,q,a,cx_stage2,,"[[[39, 1024], [51, 1024]], [], [true, true]]",
20899,q,a,cx_stage3,,"[[[39, 1024], [51, 1024]], [], [true, true]]",
20900,q,a,cx_stage1,,"[[[39, 1027], [52, 1027]], [], [true, true]]",
20901,q,a,cx_stage2,,"[[[39, 1027], [52, 1027]], [], [true, true]]",
20902,q,a,cx_stage3,,"[[[39, 1027], [52, 1027]], [], [true, true]]",
20903,q,a,cx_stage1,,"[[[39, 1031], [52, 1031]], [], [true, true]]",
20904,q,a,cx_stage2,,"[[[39, 1031], [52, 1031]], [], [true, true]]",
20905,q,a,cx_stage3,,"[[[39, 1031], [52, 1031]], [], [true, true]]",
20906,q,a,cx_stage1,,"[[[39, 1034], [53, 1034]], [], [true, true]]",
20907,q,a,cx_stage2,,"[[[39, 1034], [53, 1034]], [], [true, true]]",
20908,q,a,cx_stage3,,"[[[39, 1034], [53, 1034]], [], [true, true]]",
20909,q,a,cx_stage1,,"[[[39, 1038], [53, 1038]], [], [true, true]]",
20910,q,a,cx_stage2,,"[[[39, 1038], [53, 1038]], [], [true, true]]",
20911,q,a,cx_stage3,,"[[[39, 1038], [53, 1038]], [], [true, true]]",
20912,q,a,cx_stage1,,"[[[39, 1041], [54, 1041]], [], [true, true]]",
20913,q,a,cx_stage2,,"[[[39, 1041], [54, 1041]], [], [true, true]]",
20914,q,a,cx_stage3,,"[[[39, 1041], [54, 1041]], [], [true, true]]",
20915,q,a,cx_stage1,,"[[[39, 1045], [54, 1045]], [], [true, true]]",
20916,q,a,cx_stage2,,"[[[39, 1045], [54, 1045]], [], [true, true]]",
20917,q,a,cx_stage3,,"[[[39, 1045], [54, 1045]], [], [true, true]]",
20918,q,a,cx_stage1,,"[[[39, 1048], [55, 1048]], [], [true, true]]",
20919,q,a,cx_stage2,,"[[[39, 1048], [55, 1048]], [], [true, true]]",
20920,q,a,cx_stage3,,"[[[39, 1048], [55, 1048]], [], [true, true]]",
20921,q,a,cx_stage1,,"[[[39, 1052], [55, 1052]], [], [true, true]]",
20922,q,a,cx_stage2,,"[[[39, 1052], [55, 1052]], [], [true, true]]",
20923,q,a,cx_stage3,,"[[[39, 1052], [55, 1052]], [], [true, true]]",
20924,q,a,ry,,"[[[39, 1053]], [], [true]]",
20925,q,a,cx_stage1,,"[[[39, 1206], [40, 1206]], [], [true, true]]",
20926,q,a,cx_stage2,,"[[[39, 1206], [40, 1206]], [], [true, true]]",
20927,q,a,cx_stage3,,"[[[39, 1206], [40, 1206]], [], [true, true]]",
20928,q,a,cx_stage1,,"[[[38, 1209], [39, 1209]], [], [true, true]]",
20929,q,a,cx_stage3,,"[[[38, 1209], [39, 1209]], [], [true, true]]",
20930,q,a,ry,,"[[[39, 1210]], [], [true]]",
20931,q,a,cx_stage3,,"[[[0, 270], [39, 270]], [], [true, true]]",
20932,q,a,p,,"[[[39, 271]], [], [true]]",
20933,q,a,cx_stage1,,"[[[0, 274], [39, 274]], [], [true, true]]",
20934,q,a,cx_stage3,,"[[[0, 274], [39, 274]], [], [true, true]]",
20935,q,a,cx_stage1,,"[[[1, 277], [39, 277]], [], [true, true]]",
20936,q,a,cx_stage3,,"[[[1, 277], [39, 277]], [], [true, true]]",
20937,q,a,p,,"[[[39, 278]], [], [true]]",
20938,q,a,cx_stage1,,"[[[1, 281], [39, 281]], [], [true, true]]",
20939,q,a,cx_stage3,,"[[[1, 281], [39, 281]], [], [true, true]]",
20940,q,a,cx_stage1,,"[[[2, 284], [39, 284]], [], [true, true]]",
20941,q,a,cx_stage3,,"[[[2, 284], [39, 284]], [], [true, true]]",
20942,q,a,p,,"[[[39, 285]], [], [true]]",
20943,q,a,cx_stage1,,"[[[2, 288], [39, 288]], [], [true, true]]",
20944,q,a,cx_stage3,,"[[[2, 288], [39, 288]], [], [true, true]]",
20945,q,a,cx_stage1,,"[[[3, 291], [39, 291]], [], [true, true]]",
20946,q,a,cx_stage2,,"[[[3, 291], [39, 291]], [], [true, true]]",
20947,q,a,cx_stage3,,"[[[3, 291], [39, 291]], [], [true, true]]",
20948,q,a,p,,"[[[39, 292]], [], [true]]",
20949,q,a,cx_stage1,,"[[[3, 295], [39, 295]], [], [true, true]]",
20950,q,a,cx_stage2,,"[[[3, 295], [39, 295]], [], [true, true]]",
20951,q,a,cx_stage3,,"[[[3, 295], [39, 295]], [], [true, true]]",
20952,q,a,cx_stage1,,"[[[4, 298], [39, 298]], [], [true, true]]",
20953,q,a,cx_stage2,,"[[[4, 298], [39, 298]], [], [true, true]]",
20954,q,a,cx_stage3,,"[[[4, 298], [39, 298]], [], [true, true]]",
20955,q,a,p,,"[[[39, 299]], [], [true]]",
20956,q,a,cx_stage1,,"[[[4, 302], [39, 302]], [], [true, true]]",
20957,q,a,cx_stage2,,"[[[4, 302], [39, 302]], [], [true, true]]",
20958,q,a,cx_stage3,,"[[[4, 302], [39, 302]], [], [true, true]]",
20959,q,a,cx_stage1,,"[[[5, 305], [39, 305]], [], [true, true]]",
20960,q,a,cx_stage2,,"[[[5, 305], [39, 305]], [], [true, true]]",
20961,q,a,cx_stage3,,"[[[5, 305], [39, 305]], [], [true, true]]",
20962,q,a,p,,"[[[39, 306]], [], [true]]",
20963,q,a,cx_stage1,,"[[[5, 309], [39, 309]], [], [true, true]]",
20964,q,a,cx_stage2,,"[[[5, 309], [39, 309]], [], [true, true]]",
20965,q,a,cx_stage3,,"[[[5, 309], [39, 309]], [], [true, true]]",
20966,q,a,cx_stage1,,"[[[6, 312], [39, 312]], [], [true, true]]",
20967,q,a,cx_stage2,,"[[[6, 312], [39, 312]], [], [true, true]]",
20968,q,a,cx_stage3,,"[[[6, 312], [39, 312]], [], [true, true]]",
20969,q,a,p,,"[[[39, 313]], [], [true]]",
20970,q,a,cx_stage1,,"[[[6, 316], [39, 316]], [], [true, true]]",
20971,q,a,cx_stage2,,"[[[6, 316], [39, 316]], [], [true, true]]",
20972,q,a,cx_stage3,,"[[[6, 316], [39, 316]], [], [true, true]]",
20973,q,a,cx_stage1,,"[[[7, 319], [39, 319]], [], [true, true]]",
20974,q,a,cx_stage2,,"[[[7, 319], [39, 319]], [], [true, true]]",
20975,q,a,cx_stage3,,"[[[7, 319], [39, 319]], [], [true, true]]",
20976,q,a,p,,"[[[39, 320]], [], [true]]",
20977,q,a,cx_stage1,,"[[[7, 323], [39, 323]], [], [true, true]]",
20978,q,a,cx_stage2,,"[[[7, 323], [39, 323]], [], [true, true]]",
20979,q,a,cx_stage3,,"[[[7, 323], [39, 323]], [], [true, true]]",
20980,q,a,cx_stage1,,"[[[8, 326], [39, 326]], [], [true, true]]",
20981,q,a,cx_stage2,,"[[[8, 326], [39, 326]], [], [true, true]]",
20982,q,a,cx_stage3,,"[[[8, 326], [39, 326]], [], [true, true]]",
20983,q,a,p,,"[[[39, 327]], [], [true]]",
20984,q,a,cx_stage1,,"[[[8, 330], [39, 330]], [], [true, true]]",
20985,q,a,cx_stage2,,"[[[8, 330], [39, 330]], [], [true, true]]",
20986,q,a,cx_stage3,,"[[[8, 330], [39, 330]], [], [true, true]]",
20987,q,a,cx_stage1,,"[[[9, 333], [39, 333]], [], [true, true]]",
20988,q,a,cx_stage2,,"[[[9, 333], [39, 333]], [], [true, true]]",
20989,q,a,cx_stage3,,"[[[9, 333], [39, 333]], [], [true, true]]",
20990,q,a,p,,"[[[39, 334]], [], [true]]",
20991,q,a,cx_stage1,,"[[[9, 337], [39, 337]], [], [true, true]]",
20992,q,a,cx_stage2,,"[[[9, 337], [39, 337]], [], [true, true]]",
20993,q,a,cx_stage3,,"[[[9, 337], [39, 337]], [], [true, true]]",
20994,q,a,cx_stage1,,"[[[10, 340], [39, 340]], [], [true, true]]",
20995,q,a,cx_stage3,,"[[[10, 340], [39, 340]], [], [true, true]]",
20996,q,a,p,,"[[[39, 341]], [], [true]]",
20997,q,a,cx_stage1,,"[[[10, 344], [39, 344]], [], [true, true]]",
20998,q,a,cx_stage3,,"[[[10, 344], [39, 344]], [], [true, true]]",
20999,q,a,cx_stage1,,"[[[11, 347], [39, 347]], [], [true, true]]",
21000,q,a,cx_stage3,,"[[[11, 347], [39, 347]], [], [true, true]]",
21001,q,a,p,,"[[[39, 348]], [], [true]]",
21002,q,a,cx_stage1,,"[[[11, 351], [39, 351]], [], [true, true]]",
21003,q,a,cx_stage3,,"[[[11, 351], [39, 351]], [], [true, true]]",
21004,q,a,cx_stage1,,"[[[12, 354], [39, 354]], [], [true, true]]",
21005,q,a,cx_stage3,,"[[[12, 354], [39, 354]], [], [true, true]]",
21006,q,a,p,,"[[[39, 355]], [], [true]]",
21007,q,a,cx_stage1,,"[[[12, 358], [39, 358]], [], [true, true]]",
21008,q,a,cx_stage3,,"[[[12, 358], [39, 358]], [], [true, true]]",
21009,q,a,cx_stage1,,"[[[13, 361], [39, 361]], [], [true, true]]",
21010,q,a,cx_stage3,,"[[[13, 361], [39, 361]], [], [true, true]]",
21011,q,a,p,,"[[[39, 362]], [], [true]]",
21012,q,a,cx_stage1,,"[[[13, 365], [39, 365]], [], [true, true]]",
21013,q,a,cx_stage3,,"[[[13, 365], [39, 365]], [], [true, true]]",
21014,q,a,cx_stage1,,"[[[14, 368], [39, 368]], [], [true, true]]",
21015,q,a,cx_stage3,,"[[[14, 368], [39, 368]], [], [true, true]]",
21016,q,a,p,,"[[[39, 369]], [], [true]]",
21017,q,a,cx_stage1,,"[[[14, 372], [39, 372]], [], [true, true]]",
21018,q,a,cx_stage3,,"[[[14, 372], [39, 372]], [], [true, true]]",
21019,q,a,cx_stage1,,"[[[15, 375], [39, 375]], [], [true, true]]",
21020,q,a,cx_stage3,,"[[[15, 375], [39, 375]], [], [true, true]]",
21021,q,a,p,,"[[[39, 376]], [], [true]]",
21022,q,a,cx_stage1,,"[[[15, 379], [39, 379]], [], [true, true]]",
21023,q,a,cx_stage3,,"[[[15, 379], [39, 379]], [], [true, true]]",
21024,q,a,cx_stage1,,"[[[16, 382], [39, 382]], [], [true, true]]",
21025,q,a,cx_stage3,,"[[[16, 382], [39, 382]], [], [true, true]]",
21026,q,a,p,,"[[[39, 383]], [], [true]]",
21027,q,a,cx_stage1,,"[[[16, 386], [39, 386]], [], [true, true]]",
21028,q,a,cx_stage3,,"[[[16, 386], [39, 386]], [], [true, true]]",
21029,q,a,cx_stage1,,"[[[17, 389], [39, 389]], [], [true, true]]",
21030,q,a,cx_stage3,,"[[[17, 389], [39, 389]], [], [true, true]]",
21031,q,a,p,,"[[[39, 390]], [], [true]]",
21032,q,a,cx_stage1,,"[[[17, 393], [39, 393]], [], [true, true]]",
21033,q,a,cx_stage3,,"[[[17, 393], [39, 393]], [], [true, true]]",
21034,q,a,cx_stage1,,"[[[18, 396], [39, 396]], [], [true, true]]",
21035,q,a,cx_stage3,,"[[[18, 396], [39, 396]], [], [true, true]]",
21036,q,a,p,,"[[[39, 397]], [], [true]]",
21037,q,a,cx_stage1,,"[[[18, 400], [39, 400]], [], [true, true]]",
21038,q,a,cx_stage3,,"[[[18, 400], [39, 400]], [], [true, true]]",
21039,q,a,cx_stage1,,"[[[19, 403], [39, 403]], [], [true, true]]",
21040,q,a,cx_stage3,,"[[[19, 403], [39, 403]], [], [true, true]]",
21041,q,a,p,,"[[[39, 404]], [], [true]]",
21042,q,a,cx_stage1,,"[[[19, 407], [39, 407]], [], [true, true]]",
21043,q,a,cx_stage3,,"[[[19, 407], [39, 407]], [], [true, true]]",
21044,q,a,cx_stage1,,"[[[20, 410], [39, 410]], [], [true, true]]",
21045,q,a,cx_stage3,,"[[[20, 410], [39, 410]], [], [true, true]]",
21046,q,a,p,,"[[[39, 411]], [], [true]]",
21047,q,a,cx_stage1,,"[[[20, 414], [39, 414]], [], [true, true]]",
21048,q,a,cx_stage3,,"[[[20, 414], [39, 414]], [], [true, true]]",
21049,q,a,cx_stage1,,"[[[21, 417], [39, 417]], [], [true, true]]",
21050,q,a,cx_stage3,,"[[[21, 417], [39, 417]], [], [true, true]]",
21051,q,a,p,,"[[[39, 418]], [], [true]]",
21052,q,a,cx_stage1,,"[[[21, 421], [39, 421]], [], [true, true]]",
21053,q,a,cx_stage3,,"[[[21, 421], [39, 421]], [], [true, true]]",
21054,q,a,cx_stage1,,"[[[22, 424], [39, 424]], [], [true, true]]",
21055,q,a,cx_stage3,,"[[[22, 424], [39, 424]], [], [true, true]]",
21056,q,a,p,,"[[[39, 425]], [], [true]]",
21057,q,a,cx_stage1,,"[[[22, 428], [39, 428]], [], [true, true]]",
21058,q,a,cx_stage3,,"[[[22, 428], [39, 428]], [], [true, true]]",
21059,q,a,cx_stage1,,"[[[23, 431], [39, 431]], [], [true, true]]",
21060,q,a,cx_stage3,,"[[[23, 431], [39, 431]], [], [true, true]]",
21061,q,a,p,,"[[[39, 432]], [], [true]]",
21062,q,a,cx_stage1,,"[[[23, 435], [39, 435]], [], [true, true]]",
21063,q,a,cx_stage3,,"[[[23, 435], [39, 435]], [], [true, true]]",
21064,q,a,cx_stage1,,"[[[24, 438], [39, 438]], [], [true, true]]",
21065,q,a,cx_stage3,,"[[[24, 438], [39, 438]], [], [true, true]]",
21066,q,a,p,,"[[[39, 439]], [], [true]]",
21067,q,a,cx_stage1,,"[[[24, 442], [39, 442]], [], [true, true]]",
21068,q,a,cx_stage3,,"[[[24, 442], [39, 442]], [], [true, true]]",
21069,q,a,cx_stage1,,"[[[25, 445], [39, 445]], [], [true, true]]",
21070,q,a,cx_stage3,,"[[[25, 445], [39, 445]], [], [true, true]]",
21071,q,a,p,,"[[[39, 446]], [], [true]]",
21072,q,a,cx_stage1,,"[[[25, 449], [39, 449]], [], [true, true]]",
21073,q,a,cx_stage3,,"[[[25, 449], [39, 449]], [], [true, true]]",
21074,q,a,cx_stage1,,"[[[26, 452], [39, 452]], [], [true, true]]",
21075,q,a,cx_stage3,,"[[[26, 452], [39, 452]], [], [true, true]]",
21076,q,a,p,,"[[[39, 453]], [], [true]]",
21077,q,a,cx_stage1,,"[[[26, 456], [39, 456]], [], [true, true]]",
21078,q,a,cx_stage3,,"[[[26, 456], [39, 456]], [], [true, true]]",
21079,q,a,cx_stage1,,"[[[27, 459], [39, 459]], [], [true, true]]",
21080,q,a,cx_stage3,,"[[[27, 459], [39, 459]], [], [true, true]]",
21081,q,a,p,,"[[[39, 460]], [], [true]]",
21082,q,a,cx_stage1,,"[[[27, 463], [39, 463]], [], [true, true]]",
21083,q,a,cx_stage3,,"[[[27, 463], [39, 463]], [], [true, true]]",
21084,q,a,cx_stage1,,"[[[28, 466], [39, 466]], [], [true, true]]",
21085,q,a,cx_stage3,,"[[[28, 466], [39, 466]], [], [true, true]]",
21086,q,a,p,,"[[[39, 467]], [], [true]]",
21087,q,a,cx_stage1,,"[[[28, 470], [39, 470]], [], [true, true]]",
21088,q,a,cx_stage3,,"[[[28, 470], [39, 470]], [], [true, true]]",
21089,q,a,cx_stage1,,"[[[29, 473], [39, 473]], [], [true, true]]",
21090,q,a,cx_stage3,,"[[[29, 473], [39, 473]], [], [true, true]]",
21091,q,a,p,,"[[[39, 474]], [], [true]]",
21092,q,a,cx_stage1,,"[[[29, 477], [39, 477]], [], [true, true]]",
21093,q,a,cx_stage3,,"[[[29, 477], [39, 477]], [], [true, true]]",
21094,q,a,cx_stage1,,"[[[30, 480], [39, 480]], [], [true, true]]",
21095,q,a,cx_stage3,,"[[[30, 480], [39, 480]], [], [true, true]]",
21096,q,a,p,,"[[[39, 481]], [], [true]]",
21097,q,a,cx_stage1,,"[[[30, 484], [39, 484]], [], [true, true]]",
21098,q,a,cx_stage3,,"[[[30, 484], [39, 484]], [], [true, true]]",
21099,q,a,cx_stage1,,"[[[31, 487], [39, 487]], [], [true, true]]",
21100,q,a,cx_stage3,,"[[[31, 487], [39, 487]], [], [true, true]]",
21101,q,a,p,,"[[[39, 488]], [], [true]]",
21102,q,a,cx_stage1,,"[[[31, 491], [39, 491]], [], [true, true]]",
21103,q,a,cx_stage3,,"[[[31, 491], [39, 491]], [], [true, true]]",
21104,q,a,cx_stage1,,"[[[32, 494], [39, 494]], [], [true, true]]",
21105,q,a,cx_stage3,,"[[[32, 494], [39, 494]], [], [true, true]]",
21106,q,a,p,,"[[[39, 495]], [], [true]]",
21107,q,a,cx_stage1,,"[[[32, 498], [39, 498]], [], [true, true]]",
21108,q,a,cx_stage3,,"[[[32, 498], [39, 498]], [], [true, true]]",
21109,q,a,cx_stage1,,"[[[33, 501], [39, 501]], [], [true, true]]",
21110,q,a,cx_stage3,,"[[[33, 501], [39, 501]], [], [true, true]]",
21111,q,a,p,,"[[[39, 502]], [], [true]]",
21112,q,a,cx_stage1,,"[[[33, 505], [39, 505]], [], [true, true]]",
21113,q,a,cx_stage3,,"[[[33, 505], [39, 505]], [], [true, true]]",
21114,q,a,cx_stage1,,"[[[34, 508], [39, 508]], [], [true, true]]",
21115,q,a,cx_stage3,,"[[[34, 508], [39, 508]], [], [true, true]]",
21116,q,a,p,,"[[[39, 509]], [], [true]]",
21117,q,a,cx_stage1,,"[[[34, 512], [39, 512]], [], [true, true]]",
21118,q,a,cx_stage3,,"[[[34, 512], [39, 512]], [], [true, true]]",
21119,q,a,cx_stage1,,"[[[35, 515], [39, 515]], [], [true, true]]",
21120,q,a,cx_stage3,,"[[[35, 515], [39, 515]], [], [true, true]]",
21121,q,a,p,,"[[[39, 516]], [], [true]]",
21122,q,a,cx_stage1,,"[[[35, 519], [39, 519]], [], [true, true]]",
21123,q,a,cx_stage3,,"[[[35, 519], [39, 519]], [], [true, true]]",
21124,q,a,cx_stage1,,"[[[36, 522], [39, 522]], [], [true, true]]",
21125,q,a,cx_stage3,,"[[[36, 522], [39, 522]], [], [true, true]]",
21126,q,a,p,,"[[[39, 523]], [], [true]]",
21127,q,a,cx_stage1,,"[[[36, 526], [39, 526]], [], [true, true]]",
21128,q,a,cx_stage3,,"[[[36, 526], [39, 526]], [], [true, true]]",
21129,q,a,cx_stage1,,"[[[37, 529], [39, 529]], [], [true, true]]",
21130,q,a,cx_stage3,,"[[[37, 529], [39, 529]], [], [true, true]]",
21131,q,a,p,,"[[[39, 530]], [], [true]]",
21132,q,a,cx_stage1,,"[[[37, 533], [39, 533]], [], [true, true]]",
21133,q,a,cx_stage3,,"[[[37, 533], [39, 533]], [], [true, true]]",
21134,q,a,cx_stage1,,"[[[38, 536], [39, 536]], [], [true, true]]",
21135,q,a,cx_stage3,,"[[[38, 536], [39, 536]], [], [true, true]]",
21136,q,a,p,,"[[[39, 537]], [], [true]]",
21137,q,a,cx_stage1,,"[[[38, 540], [39, 540]], [], [true, true]]",
21138,q,a,cx_stage3,,"[[[38, 540], [39, 540]], [], [true, true]]",
21139,q,a,cx_stage1,,"[[[39, 550], [40, 550]], [], [true, true]]",
21140,q,a,cx_stage2,,"[[[39, 550], [40, 550]], [], [true, true]]",
21141,q,a,cx_stage3,,"[[[39, 550], [40, 550]], [], [true, true]]",
21142,q,a,cx_stage1,,"[[[39, 554], [40, 554]], [], [true, true]]",
21143,q,a,cx_stage2,,"[[[39, 554], [40, 554]], [], [true, true]]",
21144,q,a,cx_stage3,,"[[[39, 554], [40, 554]], [], [true, true]]",
21145,q,a,cx_stage1,,"[[[39, 557], [41, 557]], [], [true, true]]",
21146,q,a,cx_stage2,,"[[[39, 557], [41, 557]], [], [true, true]]",
21147,q,a,cx_stage3,,"[[[39, 557], [41, 557]], [], [true, true]]",
21148,q,a,cx_stage1,,"[[[39, 561], [41, 561]], [], [true, true]]",
21149,q,a,cx_stage2,,"[[[39, 561], [41, 561]], [], [true, true]]",
21150,q,a,cx_stage3,,"[[[39, 561], [41, 561]], [], [true, true]]",
21151,q,a,cx_stage1,,"[[[39, 564], [42, 564]], [], [true, true]]",
21152,q,a,cx_stage2,,"[[[39, 564], [42, 564]], [], [true, true]]",
21153,q,a,cx_stage3,,"[[[39, 564], [42, 564]], [], [true, true]]",
21154,q,a,cx_stage1,,"[[[39, 568], [42, 568]], [], [true, true]]",
21155,q,a,cx_stage2,,"[[[39, 568], [42, 568]], [], [true, true]]",
21156,q,a,cx_stage3,,"[[[39, 568], [42, 568]], [], [true, true]]",
21157,q,a,cx_stage1,,"[[[39, 571], [43, 571]], [], [true, true]]",
21158,q,a,cx_stage2,,"[[[39, 571], [43, 571]], [], [true, true]]",
21159,q,a,cx_stage3,,"[[[39, 571], [43, 571]], [], [true, true]]",
21160,q,a,cx_stage1,,"[[[39, 575], [43, 575]], [], [true, true]]",
21161,q,a,cx_stage2,,"[[[39, 575], [43, 575]], [], [true, true]]",
21162,q,a,cx_stage3,,"[[[39, 575], [43, 575]], [], [true, true]]",
21163,q,a,cx_stage1,,"[[[39, 578], [44, 578]], [], [true, true]]",
21164,q,a,cx_stage2,,"[[[39, 578], [44, 578]], [], [true, true]]",
21165,q,a,cx_stage3,,"[[[39, 578], [44, 578]], [], [true, true]]",
21166,q,a,cx_stage1,,"[[[39, 582], [44, 582]], [], [true, true]]",
21167,q,a,cx_stage2,,"[[[39, 582], [44, 582]], [], [true, true]]",
21168,q,a,cx_stage3,,"[[[39, 582], [44, 582]], [], [true, true]]",
21169,q,a,cx_stage1,,"[[[39, 585], [45, 585]], [], [true, true]]",
21170,q,a,cx_stage2,,"[[[39, 585], [45, 585]], [], [true, true]]",
21171,q,a,cx_stage3,,"[[[39, 585], [45, 585]], [], [true, true]]",
21172,q,a,cx_stage1,,"[[[39, 589], [45, 589]], [], [true, true]]",
21173,q,a,cx_stage2,,"[[[39, 589], [45, 589]], [], [true, true]]",
21174,q,a,cx_stage3,,"[[[39, 589], [45, 589]], [], [true, true]]",
21175,q,a,cx_stage1,,"[[[39, 592], [46, 592]], [], [true, true]]",
21176,q,a,cx_stage2,,"[[[39, 592], [46, 592]], [], [true, true]]",
21177,q,a,cx_stage3,,"[[[39, 592], [46, 592]], [], [true, true]]",
21178,q,a,cx_stage1,,"[[[39, 596], [46, 596]], [], [true, true]]",
21179,q,a,cx_stage2,,"[[[39, 596], [46, 596]], [], [true, true]]",
21180,q,a,cx_stage3,,"[[[39, 596], [46, 596]], [], [true, true]]",
21181,q,a,cx_stage1,,"[[[39, 599], [47, 599]], [], [true, true]]",
21182,q,a,cx_stage2,,"[[[39, 599], [47, 599]], [], [true, true]]",
21183,q,a,cx_stage3,,"[[[39, 599], [47, 599]], [], [true, true]]",
21184,q,a,cx_stage1,,"[[[39, 603], [47, 603]], [], [true, true]]",
21185,q,a,cx_stage2,,"[[[39, 603], [47, 603]], [], [true, true]]",
21186,q,a,cx_stage3,,"[[[39, 603], [47, 603]], [], [true, true]]",
21187,q,a,cx_stage1,,"[[[39, 606], [48, 606]], [], [true, true]]",
21188,q,a,cx_stage2,,"[[[39, 606], [48, 606]], [], [true, true]]",
21189,q,a,cx_stage3,,"[[[39, 606], [48, 606]], [], [true, true]]",
21190,q,a,cx_stage1,,"[[[39, 610], [48, 610]], [], [true, true]]",
21191,q,a,cx_stage2,,"[[[39, 610], [48, 610]], [], [true, true]]",
21192,q,a,cx_stage3,,"[[[39, 610], [48, 610]], [], [true, true]]",
21193,q,a,cx_stage1,,"[[[39, 613], [49, 613]], [], [true, true]]",
21194,q,a,cx_stage2,,"[[[39, 613], [49, 613]], [], [true, true]]",
21195,q,a,cx_stage3,,"[[[39, 613], [49, 613]], [], [true, true]]",
21196,q,a,cx_stage1,,"[[[39, 617], [49, 617]], [], [true, true]]",
21197,q,a,cx_stage2,,"[[[39, 617], [49, 617]], [], [true, true]]",
21198,q,a,cx_stage3,,"[[[39, 617], [49, 617]], [], [true, true]]",
21199,q,a,cx_stage1,,"[[[39, 620], [50, 620]], [], [true, true]]",
21200,q,a,cx_stage2,,"[[[39, 620], [50, 620]], [], [true, true]]",
21201,q,a,cx_stage3,,"[[[39, 620], [50, 620]], [], [true, true]]",
21202,q,a,cx_stage1,,"[[[39, 624], [50, 624]], [], [true, true]]",
21203,q,a,cx_stage2,,"[[[39, 624], [50, 624]], [], [true, true]]",
21204,q,a,cx_stage3,,"[[[39, 624], [50, 624]], [], [true, true]]",
21205,q,a,cx_stage1,,"[[[39, 627], [51, 627]], [], [true, true]]",
21206,q,a,cx_stage2,,"[[[39, 627], [51, 627]], [], [true, true]]",
21207,q,a,cx_stage3,,"[[[39, 627], [51, 627]], [], [true, true]]",
21208,q,a,cx_stage1,,"[[[39, 631], [51, 631]], [], [true, true]]",
21209,q,a,cx_stage2,,"[[[39, 631], [51, 631]], [], [true, true]]",
21210,q,a,cx_stage3,,"[[[39, 631], [51, 631]], [], [true, true]]",
21211,q,a,cx_stage1,,"[[[39, 634], [52, 634]], [], [true, true]]",
21212,q,a,cx_stage2,,"[[[39, 634], [52, 634]], [], [true, true]]",
21213,q,a,cx_stage3,,"[[[39, 634], [52, 634]], [], [true, true]]",
21214,q,a,cx_stage1,,"[[[39, 638], [52, 638]], [], [true, true]]",
21215,q,a,cx_stage2,,"[[[39, 638], [52, 638]], [], [true, true]]",
21216,q,a,cx_stage3,,"[[[39, 638], [52, 638]], [], [true, true]]",
21217,q,a,cx_stage1,,"[[[39, 641], [53, 641]], [], [true, true]]",
21218,q,a,cx_stage2,,"[[[39, 641], [53, 641]], [], [true, true]]",
21219,q,a,cx_stage3,,"[[[39, 641], [53, 641]], [], [true, true]]",
21220,q,a,cx_stage1,,"[[[39, 645], [53, 645]], [], [true, true]]",
21221,q,a,cx_stage2,,"[[[39, 645], [53, 645]], [], [true, true]]",
21222,q,a,cx_stage3,,"[[[39, 645], [53, 645]], [], [true, true]]",
21223,q,a,cx_stage1,,"[[[39, 648], [54, 648]], [], [true, true]]",
21224,q,a,cx_stage2,,"[[[39, 648], [54, 648]], [], [true, true]]",
21225,q,a,cx_stage3,,"[[[39, 648], [54, 648]], [], [true, true]]",
21226,q,a,cx_stage1,,"[[[39, 652], [54, 652]], [], [true, true]]",
21227,q,a,cx_stage2,,"[[[39, 652], [54, 652]], [], [true, true]]",
21228,q,a,cx_stage3,,"[[[39, 652], [54, 652]], [], [true, true]]",
21229,q,a,cx_stage1,,"[[[39, 655], [55, 655]], [], [true, true]]",
21230,q,a,cx_stage2,,"[[[39, 655], [55, 655]], [], [true, true]]",
21231,q,a,cx_stage3,,"[[[39, 655], [55, 655]], [], [true, true]]",
21232,q,a,cx_stage1,,"[[[39, 659], [55, 659]], [], [true, true]]",
21233,q,a,cx_stage2,,"[[[39, 659], [55, 659]], [], [true, true]]",
21234,q,a,cx_stage3,,"[[[39, 659], [55, 659]], [], [true, true]]",
21235,q,a,u2,,"[[[39, 660]], [], [true]]",
21236,q,a,cx_stage1,,"[[[0, 663], [39, 663]], [], [true, true]]",
21237,q,a,cx_stage3,,"[[[0, 663], [39, 663]], [], [true, true]]",
21238,q,a,p,,"[[[39, 664]], [], [true]]",
21239,q,a,cx_stage1,,"[[[0, 667], [39, 667]], [], [true, true]]",
21240,q,a,cx_stage3,,"[[[0, 667], [39, 667]], [], [true, true]]",
21241,q,a,cx_stage1,,"[[[1, 670], [39, 670]], [], [true, true]]",
21242,q,a,cx_stage3,,"[[[1, 670], [39, 670]], [], [true, true]]",
21243,q,a,p,,"[[[39, 671]], [], [true]]",
21244,q,a,cx_stage1,,"[[[1, 674], [39, 674]], [], [true, true]]",
21245,q,a,cx_stage3,,"[[[1, 674], [39, 674]], [], [true, true]]",
21246,q,a,cx_stage1,,"[[[2, 677], [39, 677]], [], [true, true]]",
21247,q,a,cx_stage3,,"[[[2, 677], [39, 677]], [], [true, true]]",
21248,q,a,p,,"[[[39, 678]], [], [true]]",
21249,q,a,cx_stage1,,"[[[2, 681], [39, 681]], [], [true, true]]",
21250,q,a,cx_stage3,,"[[[2, 681], [39, 681]], [], [true, true]]",
21251,q,a,cx_stage1,,"[[[3, 684], [39, 684]], [], [true, true]]",
21252,q,a,cx_stage2,,"[[[3, 684], [39, 684]], [], [true, true]]",
21253,q,a,cx_stage3,,"[[[3, 684], [39, 684]], [], [true, true]]",
21254,q,a,p,,"[[[39, 685]], [], [true]]",
21255,q,a,cx_stage1,,"[[[3, 688], [39, 688]], [], [true, true]]",
21256,q,a,cx_stage2,,"[[[3, 688], [39, 688]], [], [true, true]]",
21257,q,a,cx_stage3,,"[[[3, 688], [39, 688]], [], [true, true]]",
21258,q,a,cx_stage1,,"[[[4, 691], [39, 691]], [], [true, true]]",
21259,q,a,cx_stage2,,"[[[4, 691], [39, 691]], [], [true, true]]",
21260,q,a,cx_stage3,,"[[[4, 691], [39, 691]], [], [true, true]]",
21261,q,a,p,,"[[[39, 692]], [], [true]]",
21262,q,a,cx_stage1,,"[[[4, 695], [39, 695]], [], [true, true]]",
21263,q,a,cx_stage2,,"[[[4, 695], [39, 695]], [], [true, true]]",
21264,q,a,cx_stage3,,"[[[4, 695], [39, 695]], [], [true, true]]",
21265,q,a,cx_stage1,,"[[[5, 698], [39, 698]], [], [true, true]]",
21266,q,a,cx_stage2,,"[[[5, 698], [39, 698]], [], [true, true]]",
21267,q,a,cx_stage3,,"[[[5, 698], [39, 698]], [], [true, true]]",
21268,q,a,p,,"[[[39, 699]], [], [true]]",
21269,q,a,cx_stage1,,"[[[5, 702], [39, 702]], [], [true, true]]",
21270,q,a,cx_stage2,,"[[[5, 702], [39, 702]], [], [true, true]]",
21271,q,a,cx_stage3,,"[[[5, 702], [39, 702]], [], [true, true]]",
21272,q,a,cx_stage1,,"[[[6, 705], [39, 705]], [], [true, true]]",
21273,q,a,cx_stage2,,"[[[6, 705], [39, 705]], [], [true, true]]",
21274,q,a,cx_stage3,,"[[[6, 705], [39, 705]], [], [true, true]]",
21275,q,a,p,,"[[[39, 706]], [], [true]]",
21276,q,a,cx_stage1,,"[[[6, 709], [39, 709]], [], [true, true]]",
21277,q,a,cx_stage2,,"[[[6, 709], [39, 709]], [], [true, true]]",
21278,q,a,cx_stage3,,"[[[6, 709], [39, 709]], [], [true, true]]",
21279,q,a,cx_stage1,,"[[[7, 712], [39, 712]], [], [true, true]]",
21280,q,a,cx_stage2,,"[[[7, 712], [39, 712]], [], [true, true]]",
21281,q,a,cx_stage3,,"[[[7, 712], [39, 712]], [], [true, true]]",
21282,q,a,p,,"[[[39, 713]], [], [true]]",
21283,q,a,cx_stage1,,"[[[7, 716], [39, 716]], [], [true, true]]",
21284,q,a,cx_stage2,,"[[[7, 716], [39, 716]], [], [true, true]]",
21285,q,a,cx_stage3,,"[[[7, 716], [39, 716]], [], [true, true]]",
21286,q,a,cx_stage1,,"[[[8, 719], [39, 719]], [], [true, true]]",
21287,q,a,cx_stage2,,"[[[8, 719], [39, 719]], [], [true, true]]",
21288,q,a,cx_stage3,,"[[[8, 719], [39, 719]], [], [true, true]]",
21289,q,a,p,,"[[[39, 720]], [], [true]]",
21290,q,a,cx_stage1,,"[[[8, 723], [39, 723]], [], [true, true]]",
21291,q,a,cx_stage2,,"[[[8, 723], [39, 723]], [], [true, true]]",
21292,q,a,cx_stage3,,"[[[8, 723], [39, 723]], [], [true, true]]",
21293,q,a,cx_stage1,,"[[[9, 726], [39, 726]], [], [true, true]]",
21294,q,a,cx_stage2,,"[[[9, 726], [39, 726]], [], [true, true]]",
21295,q,a,cx_stage3,,"[[[9, 726], [39, 726]], [], [true, true]]",
21296,q,a,p,,"[[[39, 727]], [], [true]]",
21297,q,a,cx_stage1,,"[[[9, 730], [39, 730]], [], [true, true]]",
21298,q,a,cx_stage2,,"[[[9, 730], [39, 730]], [], [true, true]]",
21299,q,a,cx_stage3,,"[[[9, 730], [39, 730]], [], [true, true]]",
21300,q,a,cx_stage1,,"[[[10, 733], [39, 733]], [], [true, true]]",
21301,q,a,cx_stage3,,"[[[10, 733], [39, 733]], [], [true, true]]",
21302,q,a,p,,"[[[39, 734]], [], [true]]",
21303,q,a,cx_stage1,,"[[[10, 737], [39, 737]], [], [true, true]]",
21304,q,a,cx_stage3,,"[[[10, 737], [39, 737]], [], [true, true]]",
21305,q,a,cx_stage1,,"[[[11, 740], [39, 740]], [], [true, true]]",
21306,q,a,cx_stage3,,"[[[11, 740], [39, 740]], [], [true, true]]",
21307,q,a,p,,"[[[39, 741]], [], [true]]",
21308,q,a,cx_stage1,,"[[[11, 744], [39, 744]], [], [true, true]]",
21309,q,a,cx_stage3,,"[[[11, 744], [39, 744]], [], [true, true]]",
21310,q,a,cx_stage1,,"[[[12, 747], [39, 747]], [], [true, true]]",
21311,q,a,cx_stage3,,"[[[12, 747], [39, 747]], [], [true, true]]",
21312,q,a,p,,"[[[39, 748]], [], [true]]",
21313,q,a,cx_stage1,,"[[[12, 751], [39, 751]], [], [true, true]]",
21314,q,a,cx_stage3,,"[[[12, 751], [39, 751]], [], [true, true]]",
21315,q,a,cx_stage1,,"[[[13, 754], [39, 754]], [], [true, true]]",
21316,q,a,cx_stage3,,"[[[13, 754], [39, 754]], [], [true, true]]",
21317,q,a,p,,"[[[39, 755]], [], [true]]",
21318,q,a,cx_stage1,,"[[[13, 758], [39, 758]], [], [true, true]]",
21319,q,a,cx_stage3,,"[[[13, 758], [39, 758]], [], [true, true]]",
21320,q,a,cx_stage1,,"[[[14, 761], [39, 761]], [], [true, true]]",
21321,q,a,cx_stage3,,"[[[14, 761], [39, 761]], [], [true, true]]",
21322,q,a,p,,"[[[39, 762]], [], [true]]",
21323,q,a,cx_stage1,,"[[[14, 765], [39, 765]], [], [true, true]]",
21324,q,a,cx_stage3,,"[[[14, 765], [39, 765]], [], [true, true]]",
21325,q,a,cx_stage1,,"[[[15, 768], [39, 768]], [], [true, true]]",
21326,q,a,cx_stage3,,"[[[15, 768], [39, 768]], [], [true, true]]",
21327,q,a,p,,"[[[39, 769]], [], [true]]",
21328,q,a,cx_stage1,,"[[[15, 772], [39, 772]], [], [true, true]]",
21329,q,a,cx_stage3,,"[[[15, 772], [39, 772]], [], [true, true]]",
21330,q,a,cx_stage1,,"[[[16, 775], [39, 775]], [], [true, true]]",
21331,q,a,cx_stage3,,"[[[16, 775], [39, 775]], [], [true, true]]",
21332,q,a,p,,"[[[39, 776]], [], [true]]",
21333,q,a,cx_stage1,,"[[[16, 779], [39, 779]], [], [true, true]]",
21334,q,a,cx_stage3,,"[[[16, 779], [39, 779]], [], [true, true]]",
21335,q,a,cx_stage1,,"[[[17, 782], [39, 782]], [], [true, true]]",
21336,q,a,cx_stage3,,"[[[17, 782], [39, 782]], [], [true, true]]",
21337,q,a,p,,"[[[39, 783]], [], [true]]",
21338,q,a,cx_stage1,,"[[[17, 786], [39, 786]], [], [true, true]]",
21339,q,a,cx_stage3,,"[[[17, 786], [39, 786]], [], [true, true]]",
21340,q,a,cx_stage1,,"[[[18, 789], [39, 789]], [], [true, true]]",
21341,q,a,cx_stage3,,"[[[18, 789], [39, 789]], [], [true, true]]",
21342,q,a,p,,"[[[39, 790]], [], [true]]",
21343,q,a,cx_stage1,,"[[[18, 793], [39, 793]], [], [true, true]]",
21344,q,a,cx_stage3,,"[[[18, 793], [39, 793]], [], [true, true]]",
21345,q,a,cx_stage1,,"[[[19, 796], [39, 796]], [], [true, true]]",
21346,q,a,cx_stage3,,"[[[19, 796], [39, 796]], [], [true, true]]",
21347,q,a,p,,"[[[39, 797]], [], [true]]",
21348,q,a,cx_stage1,,"[[[19, 800], [39, 800]], [], [true, true]]",
21349,q,a,cx_stage3,,"[[[19, 800], [39, 800]], [], [true, true]]",
21350,q,a,cx_stage1,,"[[[20, 803], [39, 803]], [], [true, true]]",
21351,q,a,cx_stage3,,"[[[20, 803], [39, 803]], [], [true, true]]",
21352,q,a,p,,"[[[39, 804]], [], [true]]",
21353,q,a,cx_stage1,,"[[[20, 807], [39, 807]], [], [true, true]]",
21354,q,a,cx_stage3,,"[[[20, 807], [39, 807]], [], [true, true]]",
21355,q,a,cx_stage1,,"[[[21, 810], [39, 810]], [], [true, true]]",
21356,q,a,cx_stage3,,"[[[21, 810], [39, 810]], [], [true, true]]",
21357,q,a,p,,"[[[39, 811]], [], [true]]",
21358,q,a,cx_stage1,,"[[[21, 814], [39, 814]], [], [true, true]]",
21359,q,a,cx_stage3,,"[[[21, 814], [39, 814]], [], [true, true]]",
21360,q,a,cx_stage1,,"[[[22, 817], [39, 817]], [], [true, true]]",
21361,q,a,cx_stage3,,"[[[22, 817], [39, 817]], [], [true, true]]",
21362,q,a,p,,"[[[39, 818]], [], [true]]",
21363,q,a,cx_stage1,,"[[[22, 821], [39, 821]], [], [true, true]]",
21364,q,a,cx_stage3,,"[[[22, 821], [39, 821]], [], [true, true]]",
21365,q,a,cx_stage1,,"[[[23, 824], [39, 824]], [], [true, true]]",
21366,q,a,cx_stage3,,"[[[23, 824], [39, 824]], [], [true, true]]",
21367,q,a,p,,"[[[39, 825]], [], [true]]",
21368,q,a,cx_stage1,,"[[[23, 828], [39, 828]], [], [true, true]]",
21369,q,a,cx_stage3,,"[[[23, 828], [39, 828]], [], [true, true]]",
21370,q,a,cx_stage1,,"[[[24, 831], [39, 831]], [], [true, true]]",
21371,q,a,cx_stage3,,"[[[24, 831], [39, 831]], [], [true, true]]",
21372,q,a,p,,"[[[39, 832]], [], [true]]",
21373,q,a,cx_stage1,,"[[[24, 835], [39, 835]], [], [true, true]]",
21374,q,a,cx_stage3,,"[[[24, 835], [39, 835]], [], [true, true]]",
21375,q,a,cx_stage1,,"[[[25, 838], [39, 838]], [], [true, true]]",
21376,q,a,cx_stage3,,"[[[25, 838], [39, 838]], [], [true, true]]",
21377,q,a,p,,"[[[39, 839]], [], [true]]",
21378,q,a,cx_stage1,,"[[[25, 842], [39, 842]], [], [true, true]]",
21379,q,a,cx_stage3,,"[[[25, 842], [39, 842]], [], [true, true]]",
21380,q,a,cx_stage1,,"[[[26, 845], [39, 845]], [], [true, true]]",
21381,q,a,cx_stage3,,"[[[26, 845], [39, 845]], [], [true, true]]",
21382,q,a,p,,"[[[39, 846]], [], [true]]",
21383,q,a,cx_stage1,,"[[[26, 849], [39, 849]], [], [true, true]]",
21384,q,a,cx_stage3,,"[[[26, 849], [39, 849]], [], [true, true]]",
21385,q,a,cx_stage1,,"[[[27, 852], [39, 852]], [], [true, true]]",
21386,q,a,cx_stage3,,"[[[27, 852], [39, 852]], [], [true, true]]",
21387,q,a,p,,"[[[39, 853]], [], [true]]",
21388,q,a,cx_stage1,,"[[[27, 856], [39, 856]], [], [true, true]]",
21389,q,a,cx_stage3,,"[[[27, 856], [39, 856]], [], [true, true]]",
21390,q,a,cx_stage1,,"[[[28, 859], [39, 859]], [], [true, true]]",
21391,q,a,cx_stage3,,"[[[28, 859], [39, 859]], [], [true, true]]",
21392,q,a,p,,"[[[39, 860]], [], [true]]",
21393,q,a,cx_stage1,,"[[[28, 863], [39, 863]], [], [true, true]]",
21394,q,a,cx_stage3,,"[[[28, 863], [39, 863]], [], [true, true]]",
21395,q,a,cx_stage1,,"[[[29, 866], [39, 866]], [], [true, true]]",
21396,q,a,cx_stage3,,"[[[29, 866], [39, 866]], [], [true, true]]",
21397,q,a,p,,"[[[39, 867]], [], [true]]",
21398,q,a,cx_stage1,,"[[[29, 870], [39, 870]], [], [true, true]]",
21399,q,a,cx_stage3,,"[[[29, 870], [39, 870]], [], [true, true]]",
21400,q,a,cx_stage1,,"[[[30, 873], [39, 873]], [], [true, true]]",
21401,q,a,cx_stage3,,"[[[30, 873], [39, 873]], [], [true, true]]",
21402,q,a,p,,"[[[39, 874]], [], [true]]",
21403,q,a,cx_stage1,,"[[[30, 877], [39, 877]], [], [true, true]]",
21404,q,a,cx_stage3,,"[[[30, 877], [39, 877]], [], [true, true]]",
21405,q,a,cx_stage1,,"[[[31, 880], [39, 880]], [], [true, true]]",
21406,q,a,cx_stage3,,"[[[31, 880], [39, 880]], [], [true, true]]",
21407,q,a,p,,"[[[39, 881]], [], [true]]",
21408,q,a,cx_stage1,,"[[[31, 884], [39, 884]], [], [true, true]]",
21409,q,a,cx_stage3,,"[[[31, 884], [39, 884]], [], [true, true]]",
21410,q,a,cx_stage1,,"[[[32, 887], [39, 887]], [], [true, true]]",
21411,q,a,cx_stage3,,"[[[32, 887], [39, 887]], [], [true, true]]",
21412,q,a,p,,"[[[39, 888]], [], [true]]",
21413,q,a,cx_stage1,,"[[[32, 891], [39, 891]], [], [true, true]]",
21414,q,a,cx_stage3,,"[[[32, 891], [39, 891]], [], [true, true]]",
21415,q,a,cx_stage1,,"[[[33, 894], [39, 894]], [], [true, true]]",
21416,q,a,cx_stage3,,"[[[33, 894], [39, 894]], [], [true, true]]",
21417,q,a,p,,"[[[39, 895]], [], [true]]",
21418,q,a,cx_stage1,,"[[[33, 898], [39, 898]], [], [true, true]]",
21419,q,a,cx_stage3,,"[[[33, 898], [39, 898]], [], [true, true]]",
21420,q,a,cx_stage1,,"[[[34, 901], [39, 901]], [], [true, true]]",
21421,q,a,cx_stage3,,"[[[34, 901], [39, 901]], [], [true, true]]",
21422,q,a,p,,"[[[39, 902]], [], [true]]",
21423,q,a,cx_stage1,,"[[[34, 905], [39, 905]], [], [true, true]]",
21424,q,a,cx_stage3,,"[[[34, 905], [39, 905]], [], [true, true]]",
21425,q,a,cx_stage1,,"[[[35, 908], [39, 908]], [], [true, true]]",
21426,q,a,cx_stage3,,"[[[35, 908], [39, 908]], [], [true, true]]",
21427,q,a,p,,"[[[39, 909]], [], [true]]",
21428,q,a,cx_stage1,,"[[[35, 912], [39, 912]], [], [true, true]]",
21429,q,a,cx_stage3,,"[[[35, 912], [39, 912]], [], [true, true]]",
21430,q,a,cx_stage1,,"[[[36, 915], [39, 915]], [], [true, true]]",
21431,q,a,cx_stage3,,"[[[36, 915], [39, 915]], [], [true, true]]",
21432,q,a,p,,"[[[39, 916]], [], [true]]",
21433,q,a,cx_stage1,,"[[[36, 919], [39, 919]], [], [true, true]]",
21434,q,a,cx_stage3,,"[[[36, 919], [39, 919]], [], [true, true]]",
21435,q,a,cx_stage1,,"[[[37, 922], [39, 922]], [], [true, true]]",
21436,q,a,cx_stage3,,"[[[37, 922], [39, 922]], [], [true, true]]",
21437,q,a,p,,"[[[39, 923]], [], [true]]",
21438,q,a,cx_stage1,,"[[[37, 926], [39, 926]], [], [true, true]]",
21439,q,a,cx_stage3,,"[[[37, 926], [39, 926]], [], [true, true]]",
21440,q,a,cx_stage1,,"[[[38, 929], [39, 929]], [], [true, true]]",
21441,q,a,cx_stage3,,"[[[38, 929], [39, 929]], [], [true, true]]",
21442,q,a,p,,"[[[39, 930]], [], [true]]",
21443,q,a,cx_stage1,,"[[[38, 933], [39, 933]], [], [true, true]]",
21444,q,a,cx_stage3,,"[[[38, 933], [39, 933]], [], [true, true]]",
21445,q,a,cx_stage1,,"[[[39, 943], [40, 943]], [], [true, true]]",
21446,q,a,cx_stage2,,"[[[39, 943], [40, 943]], [], [true, true]]",
21447,q,a,cx_stage3,,"[[[39, 943], [40, 943]], [], [true, true]]",
21448,q,a,cx_stage1,,"[[[39, 947], [40, 947]], [], [true, true]]",
21449,q,a,cx_stage2,,"[[[39, 947], [40, 947]], [], [true, true]]",
21450,q,a,cx_stage3,,"[[[39, 947], [40, 947]], [], [true, true]]",
21451,q,a,cx_stage1,,"[[[39, 950], [41, 950]], [], [true, true]]",
21452,q,a,cx_stage2,,"[[[39, 950], [41, 950]], [], [true, true]]",
21453,q,a,cx_stage3,,"[[[39, 950], [41, 950]], [], [true, true]]",
21454,q,a,cx_stage1,,"[[[39, 954], [41, 954]], [], [true, true]]",
21455,q,a,cx_stage2,,"[[[39, 954], [41, 954]], [], [true, true]]",
21456,q,a,cx_stage3,,"[[[39, 954], [41, 954]], [], [true, true]]",
21457,q,a,cx_stage1,,"[[[39, 957], [42, 957]], [], [true, true]]",
21458,q,a,cx_stage2,,"[[[39, 957], [42, 957]], [], [true, true]]",
21459,q,a,cx_stage3,,"[[[39, 957], [42, 957]], [], [true, true]]",
21460,q,a,cx_stage1,,"[[[39, 961], [42, 961]], [], [true, true]]",
21461,q,a,cx_stage2,,"[[[39, 961], [42, 961]], [], [true, true]]",
21462,q,a,cx_stage3,,"[[[39, 961], [42, 961]], [], [true, true]]",
21463,q,a,cx_stage1,,"[[[39, 964], [43, 964]], [], [true, true]]",
21464,q,a,cx_stage2,,"[[[39, 964], [43, 964]], [], [true, true]]",
21465,q,a,cx_stage3,,"[[[39, 964], [43, 964]], [], [true, true]]",
21466,q,a,cx_stage1,,"[[[39, 968], [43, 968]], [], [true, true]]",
21467,q,a,cx_stage2,,"[[[39, 968], [43, 968]], [], [true, true]]",
21468,q,a,cx_stage3,,"[[[39, 968], [43, 968]], [], [true, true]]",
21469,q,a,cx_stage1,,"[[[39, 971], [44, 971]], [], [true, true]]",
21470,q,a,cx_stage2,,"[[[39, 971], [44, 971]], [], [true, true]]",
21471,q,a,cx_stage3,,"[[[39, 971], [44, 971]], [], [true, true]]",
21472,q,a,cx_stage1,,"[[[39, 975], [44, 975]], [], [true, true]]",
21473,q,a,cx_stage2,,"[[[39, 975], [44, 975]], [], [true, true]]",
21474,q,a,cx_stage3,,"[[[39, 975], [44, 975]], [], [true, true]]",
21475,q,a,cx_stage1,,"[[[39, 978], [45, 978]], [], [true, true]]",
21476,q,a,cx_stage2,,"[[[39, 978], [45, 978]], [], [true, true]]",
21477,q,a,cx_stage3,,"[[[39, 978], [45, 978]], [], [true, true]]",
21478,q,a,cx_stage1,,"[[[39, 982], [45, 982]], [], [true, true]]",
21479,q,a,cx_stage2,,"[[[39, 982], [45, 982]], [], [true, true]]",
21480,q,a,cx_stage3,,"[[[39, 982], [45, 982]], [], [true, true]]",
21481,q,a,cx_stage1,,"[[[39, 985], [46, 985]], [], [true, true]]",
21482,q,a,cx_stage2,,"[[[39, 985], [46, 985]], [], [true, true]]",
21483,q,a,cx_stage3,,"[[[39, 985], [46, 985]], [], [true, true]]",
21484,q,a,cx_stage1,,"[[[39, 989], [46, 989]], [], [true, true]]",
21485,q,a,cx_stage2,,"[[[39, 989], [46, 989]], [], [true, true]]",
21486,q,a,cx_stage3,,"[[[39, 989], [46, 989]], [], [true, true]]",
21487,q,a,cx_stage1,,"[[[39, 992], [47, 992]], [], [true, true]]",
21488,q,a,cx_stage2,,"[[[39, 992], [47, 992]], [], [true, true]]",
21489,q,a,cx_stage3,,"[[[39, 992], [47, 992]], [], [true, true]]",
21490,q,a,cx_stage1,,"[[[39, 996], [47, 996]], [], [true, true]]",
21491,q,a,cx_stage2,,"[[[39, 996], [47, 996]], [], [true, true]]",
21492,q,a,cx_stage3,,"[[[39, 996], [47, 996]], [], [true, true]]",
21493,q,a,cx_stage1,,"[[[39, 999], [48, 999]], [], [true, true]]",
21494,q,a,cx_stage2,,"[[[39, 999], [48, 999]], [], [true, true]]",
21495,q,a,cx_stage3,,"[[[39, 999], [48, 999]], [], [true, true]]",
21496,q,a,u2,,"[[[3, 1]], [], [true]]",
21497,q,a,cx_stage1,,"[[[0, 18], [3, 18]], [], [true, true]]",
21498,q,a,cx_stage1,,"[[[3, 102], [12, 102]], [], [true, true]]",
21499,q,a,cx_stage3,,"[[[3, 102], [12, 102]], [], [true, true]]",
21500,q,a,cx_stage1,,"[[[3, 106], [12, 106]], [], [true, true]]",
21501,q,a,cx_stage3,,"[[[3, 106], [12, 106]], [], [true, true]]",
21502,q,a,cx_stage1,,"[[[3, 109], [13, 109]], [], [true, true]]",
21503,q,a,cx_stage3,,"[[[3, 109], [13, 109]], [], [true, true]]",
21504,q,a,cx_stage1,,"[[[3, 113], [13, 113]], [], [true, true]]",
21505,q,a,cx_stage3,,"[[[3, 113], [13, 113]], [], [true, true]]",
21506,q,a,cx_stage1,,"[[[3, 116], [14, 116]], [], [true, true]]",
21507,q,a,cx_stage3,,"[[[3, 116], [14, 116]], [], [true, true]]",
21508,q,a,cx_stage1,,"[[[3, 120], [14, 120]], [], [true, true]]",
21509,q,a,cx_stage3,,"[[[3, 120], [14, 120]], [], [true, true]]",
21510,q,a,cx_stage1,,"[[[3, 123], [15, 123]], [], [true, true]]",
21511,q,a,cx_stage3,,"[[[3, 123], [15, 123]], [], [true, true]]",
21512,q,a,cx_stage1,,"[[[3, 127], [15, 127]], [], [true, true]]",
21513,q,a,cx_stage3,,"[[[3, 127], [15, 127]], [], [true, true]]",
21514,q,a,cx_stage1,,"[[[3, 130], [16, 130]], [], [true, true]]",
21515,q,a,cx_stage3,,"[[[3, 130], [16, 130]], [], [true, true]]",
21516,q,a,cx_stage1,,"[[[3, 134], [16, 134]], [], [true, true]]",
21517,q,a,cx_stage2,,"[[[3, 1314], [4, 1314]], [], [true, true]]",
21518,q,a,cx_stage1,,"[[[3, 1314], [4, 1314]], [], [true, true]]",
21519,q,a,cx_stage3,,"[[[3, 1314], [4, 1314]], [], [true, true]]",
21520,q,a,cx_stage1,,"[[[2, 1317], [3, 1317]], [], [true, true]]",
21521,q,a,cx_stage3,,"[[[2, 1317], [3, 1317]], [], [true, true]]",
21522,q,a,ry,,"[[[3, 1318]], [], [true]]",
21523,q,a,cx_stage3,,"[[[3, 134], [16, 134]], [], [true, true]]",
21524,q,a,cx_stage1,,"[[[3, 137], [17, 137]], [], [true, true]]",
21525,q,a,cx_stage3,,"[[[3, 137], [17, 137]], [], [true, true]]",
21526,q,a,cx_stage1,,"[[[3, 141], [17, 141]], [], [true, true]]",
21527,q,a,cx_stage3,,"[[[3, 141], [17, 141]], [], [true, true]]",
21528,q,a,cx_stage1,,"[[[3, 144], [18, 144]], [], [true, true]]",
21529,q,a,cx_stage3,,"[[[3, 144], [18, 144]], [], [true, true]]",
21530,q,a,cx_stage1,,"[[[3, 148], [18, 148]], [], [true, true]]",
21531,q,a,cx_stage3,,"[[[3, 148], [18, 148]], [], [true, true]]",
21532,q,a,cx_stage1,,"[[[3, 151], [19, 151]], [], [true, true]]",
21533,q,a,cx_stage3,,"[[[3, 151], [19, 151]], [], [true, true]]",
21534,q,a,cx_stage1,,"[[[3, 155], [19, 155]], [], [true, true]]",
21535,q,a,cx_stage3,,"[[[3, 155], [19, 155]], [], [true, true]]",
21536,q,a,cx_stage1,,"[[[3, 158], [20, 158]], [], [true, true]]",
21537,q,a,cx_stage3,,"[[[3, 158], [20, 158]], [], [true, true]]",
21538,q,a,cx_stage1,,"[[[3, 162], [20, 162]], [], [true, true]]",
21539,q,a,cx_stage3,,"[[[3, 162], [20, 162]], [], [true, true]]",
21540,q,a,cx_stage1,,"[[[3, 165], [21, 165]], [], [true, true]]",
21541,q,a,cx_stage3,,"[[[3, 165], [21, 165]], [], [true, true]]",
21542,q,a,cx_stage1,,"[[[3, 169], [21, 169]], [], [true, true]]",
21543,q,a,cx_stage3,,"[[[3, 169], [21, 169]], [], [true, true]]",
21544,q,a,cx_stage1,,"[[[3, 172], [22, 172]], [], [true, true]]",
21545,q,a,cx_stage3,,"[[[0, 18], [3, 18]], [], [true, true]]",
21546,q,a,cx_stage3,,"[[[3, 172], [22, 172]], [], [true, true]]",
21547,q,a,cx_stage1,,"[[[3, 176], [22, 176]], [], [true, true]]",
21548,q,a,cx_stage3,,"[[[3, 176], [22, 176]], [], [true, true]]",
21549,q,a,cx_stage1,,"[[[3, 179], [23, 179]], [], [true, true]]",
21550,q,a,cx_stage3,,"[[[3, 179], [23, 179]], [], [true, true]]",
21551,q,a,cx_stage1,,"[[[3, 183], [23, 183]], [], [true, true]]",
21552,q,a,p,,"[[[3, 19]], [], [true]]",
21553,q,a,cx_stage3,,"[[[3, 183], [23, 183]], [], [true, true]]",
21554,q,a,cx_stage1,,"[[[3, 186], [24, 186]], [], [true, true]]",
21555,q,a,cx_stage3,,"[[[3, 186], [24, 186]], [], [true, true]]",
21556,q,a,cx_stage1,,"[[[3, 190], [24, 190]], [], [true, true]]",
21557,q,a,cx_stage3,,"[[[3, 190], [24, 190]], [], [true, true]]",
21558,q,a,cx_stage1,,"[[[0, 22], [3, 22]], [], [true, true]]",
21559,q,a,cx_stage1,,"[[[3, 193], [25, 193]], [], [true, true]]",
21560,q,a,cx_stage3,,"[[[3, 193], [25, 193]], [], [true, true]]",
21561,q,a,cx_stage1,,"[[[3, 197], [25, 197]], [], [true, true]]",
21562,q,a,cx_stage3,,"[[[3, 197], [25, 197]], [], [true, true]]",
21563,q,a,cx_stage1,,"[[[3, 200], [26, 200]], [], [true, true]]",
21564,q,a,cx_stage3,,"[[[3, 200], [26, 200]], [], [true, true]]",
21565,q,a,cx_stage1,,"[[[3, 204], [26, 204]], [], [true, true]]",
21566,q,a,cx_stage3,,"[[[3, 204], [26, 204]], [], [true, true]]",
21567,q,a,cx_stage1,,"[[[3, 207], [27, 207]], [], [true, true]]",
21568,q,a,cx_stage3,,"[[[3, 207], [27, 207]], [], [true, true]]",
21569,q,a,cx_stage1,,"[[[3, 211], [27, 211]], [], [true, true]]",
21570,q,a,cx_stage3,,"[[[0, 22], [3, 22]], [], [true, true]]",
21571,q,a,cx_stage3,,"[[[3, 211], [27, 211]], [], [true, true]]",
21572,q,a,cx_stage1,,"[[[3, 214], [28, 214]], [], [true, true]]",
21573,q,a,cx_stage3,,"[[[3, 214], [28, 214]], [], [true, true]]",
21574,q,a,cx_stage1,,"[[[3, 218], [28, 218]], [], [true, true]]",
21575,q,a,cx_stage3,,"[[[3, 218], [28, 218]], [], [true, true]]",
21576,q,a,cx_stage1,,"[[[3, 221], [29, 221]], [], [true, true]]",
21577,q,a,cx_stage1,,"[[[1, 25], [3, 25]], [], [true, true]]",
21578,q,a,cx_stage3,,"[[[3, 221], [29, 221]], [], [true, true]]",
21579,q,a,cx_stage1,,"[[[3, 225], [29, 225]], [], [true, true]]",
21580,q,a,cx_stage3,,"[[[3, 225], [29, 225]], [], [true, true]]",
21581,q,a,cx_stage1,,"[[[3, 228], [30, 228]], [], [true, true]]",
21582,q,a,cx_stage3,,"[[[3, 228], [30, 228]], [], [true, true]]",
21583,q,a,cx_stage1,,"[[[3, 232], [30, 232]], [], [true, true]]",
21584,q,a,cx_stage3,,"[[[3, 232], [30, 232]], [], [true, true]]",
21585,q,a,cx_stage1,,"[[[3, 235], [31, 235]], [], [true, true]]",
21586,q,a,cx_stage3,,"[[[3, 235], [31, 235]], [], [true, true]]",
21587,q,a,cx_stage1,,"[[[3, 239], [31, 239]], [], [true, true]]",
21588,q,a,cx_stage3,,"[[[3, 239], [31, 239]], [], [true, true]]",
21589,q,a,cx_stage1,,"[[[3, 242], [32, 242]], [], [true, true]]",
21590,q,a,cx_stage3,,"[[[1, 25], [3, 25]], [], [true, true]]",
21591,q,a,cx_stage3,,"[[[3, 242], [32, 242]], [], [true, true]]",
21592,q,a,cx_stage1,,"[[[3, 246], [32, 246]], [], [true, true]]",
21593,q,a,cx_stage3,,"[[[3, 246], [32, 246]], [], [true, true]]",
21594,q,a,cx_stage1,,"[[[3, 249], [33, 249]], [], [true, true]]",
21595,q,a,cx_stage3,,"[[[3, 249], [33, 249]], [], [true, true]]",
21596,q,a,cx_stage1,,"[[[3, 253], [33, 253]], [], [true, true]]",
21597,q,a,p,,"[[[3, 26]], [], [true]]",
21598,q,a,cx_stage3,,"[[[3, 253], [33, 253]], [], [true, true]]",
21599,q,a,cx_stage1,,"[[[3, 256], [34, 256]], [], [true, true]]",
21600,q,a,cx_stage3,,"[[[3, 256], [34, 256]], [], [true, true]]",
21601,q,a,cx_stage1,,"[[[3, 260], [34, 260]], [], [true, true]]",
21602,q,a,cx_stage3,,"[[[3, 260], [34, 260]], [], [true, true]]",
21603,q,a,cx_stage1,,"[[[1, 29], [3, 29]], [], [true, true]]",
21604,q,a,cx_stage1,,"[[[3, 263], [35, 263]], [], [true, true]]",
21605,q,a,cx_stage3,,"[[[3, 263], [35, 263]], [], [true, true]]",
21606,q,a,cx_stage1,,"[[[3, 267], [35, 267]], [], [true, true]]",
21607,q,a,cx_stage3,,"[[[3, 267], [35, 267]], [], [true, true]]",
21608,q,a,cx_stage1,,"[[[3, 270], [36, 270]], [], [true, true]]",
21609,q,a,cx_stage3,,"[[[3, 270], [36, 270]], [], [true, true]]",
21610,q,a,cx_stage1,,"[[[3, 274], [36, 274]], [], [true, true]]",
21611,q,a,cx_stage3,,"[[[3, 274], [36, 274]], [], [true, true]]",
21612,q,a,cx_stage1,,"[[[3, 277], [37, 277]], [], [true, true]]",
21613,q,a,cx_stage3,,"[[[3, 277], [37, 277]], [], [true, true]]",
21614,q,a,cx_stage1,,"[[[3, 281], [37, 281]], [], [true, true]]",
21615,q,a,cx_stage3,,"[[[1, 29], [3, 29]], [], [true, true]]",
21616,q,a,cx_stage3,,"[[[3, 281], [37, 281]], [], [true, true]]",
21617,q,a,cx_stage1,,"[[[3, 284], [38, 284]], [], [true, true]]",
21618,q,a,cx_stage3,,"[[[3, 284], [38, 284]], [], [true, true]]",
21619,q,a,cx_stage1,,"[[[3, 288], [38, 288]], [], [true, true]]",
21620,q,a,cx_stage3,,"[[[3, 288], [38, 288]], [], [true, true]]",
21621,q,a,cx_stage1,,"[[[3, 291], [39, 291]], [], [true, true]]",
21622,q,a,cx_stage1,,"[[[2, 32], [3, 32]], [], [true, true]]",
21623,q,a,cx_stage3,,"[[[3, 291], [39, 291]], [], [true, true]]",
21624,q,a,cx_stage1,,"[[[3, 295], [39, 295]], [], [true, true]]",
21625,q,a,cx_stage3,,"[[[3, 295], [39, 295]], [], [true, true]]",
21626,q,a,cx_stage1,,"[[[3, 298], [40, 298]], [], [true, true]]",
21627,q,a,cx_stage2,,"[[[3, 298], [40, 298]], [], [true, true]]",
21628,q,a,cx_stage3,,"[[[3, 298], [40, 298]], [], [true, true]]",
21629,q,a,cx_stage1,,"[[[3, 302], [40, 302]], [], [true, true]]",
21630,q,a,cx_stage2,,"[[[3, 302], [40, 302]], [], [true, true]]",
21631,q,a,cx_stage3,,"[[[3, 302], [40, 302]], [], [true, true]]",
21632,q,a,cx_stage1,,"[[[3, 305], [41, 305]], [], [true, true]]",
21633,q,a,cx_stage2,,"[[[3, 305], [41, 305]], [], [true, true]]",
21634,q,a,cx_stage3,,"[[[3, 305], [41, 305]], [], [true, true]]",
21635,q,a,cx_stage1,,"[[[3, 309], [41, 309]], [], [true, true]]",
21636,q,a,cx_stage2,,"[[[3, 309], [41, 309]], [], [true, true]]",
21637,q,a,cx_stage3,,"[[[3, 309], [41, 309]], [], [true, true]]",
21638,q,a,cx_stage1,,"[[[3, 312], [42, 312]], [], [true, true]]",
21639,q,a,cx_stage3,,"[[[2, 32], [3, 32]], [], [true, true]]",
21640,q,a,cx_stage2,,"[[[3, 312], [42, 312]], [], [true, true]]",
21641,q,a,cx_stage3,,"[[[3, 312], [42, 312]], [], [true, true]]",
21642,q,a,cx_stage1,,"[[[3, 316], [42, 316]], [], [true, true]]",
21643,q,a,cx_stage2,,"[[[3, 316], [42, 316]], [], [true, true]]",
21644,q,a,cx_stage3,,"[[[3, 316], [42, 316]], [], [true, true]]",
21645,q,a,cx_stage1,,"[[[3, 319], [43, 319]], [], [true, true]]",
21646,q,a,cx_stage2,,"[[[3, 319], [43, 319]], [], [true, true]]",
21647,q,a,cx_stage3,,"[[[3, 319], [43, 319]], [], [true, true]]",
21648,q,a,cx_stage1,,"[[[3, 323], [43, 323]], [], [true, true]]",
21649,q,a,p,,"[[[3, 33]], [], [true]]",
21650,q,a,cx_stage2,,"[[[3, 323], [43, 323]], [], [true, true]]",
21651,q,a,cx_stage3,,"[[[3, 323], [43, 323]], [], [true, true]]",
21652,q,a,cx_stage1,,"[[[3, 326], [44, 326]], [], [true, true]]",
21653,q,a,cx_stage2,,"[[[3, 326], [44, 326]], [], [true, true]]",
21654,q,a,cx_stage3,,"[[[3, 326], [44, 326]], [], [true, true]]",
21655,q,a,cx_stage1,,"[[[3, 330], [44, 330]], [], [true, true]]",
21656,q,a,cx_stage2,,"[[[3, 330], [44, 330]], [], [true, true]]",
21657,q,a,cx_stage3,,"[[[3, 330], [44, 330]], [], [true, true]]",
21658,q,a,cx_stage1,,"[[[2, 36], [3, 36]], [], [true, true]]",
21659,q,a,cx_stage1,,"[[[3, 333], [45, 333]], [], [true, true]]",
21660,q,a,cx_stage2,,"[[[3, 333], [45, 333]], [], [true, true]]",
21661,q,a,cx_stage3,,"[[[3, 333], [45, 333]], [], [true, true]]",
21662,q,a,cx_stage1,,"[[[3, 337], [45, 337]], [], [true, true]]",
21663,q,a,cx_stage2,,"[[[3, 337], [45, 337]], [], [true, true]]",
21664,q,a,cx_stage3,,"[[[3, 337], [45, 337]], [], [true, true]]",
21665,q,a,cx_stage1,,"[[[3, 340], [46, 340]], [], [true, true]]",
21666,q,a,cx_stage2,,"[[[3, 340], [46, 340]], [], [true, true]]",
21667,q,a,cx_stage3,,"[[[3, 340], [46, 340]], [], [true, true]]",
21668,q,a,cx_stage1,,"[[[3, 344], [46, 344]], [], [true, true]]",
21669,q,a,cx_stage2,,"[[[3, 344], [46, 344]], [], [true, true]]",
21670,q,a,cx_stage3,,"[[[3, 344], [46, 344]], [], [true, true]]",
21671,q,a,cx_stage1,,"[[[3, 347], [47, 347]], [], [true, true]]",
21672,q,a,cx_stage2,,"[[[3, 347], [47, 347]], [], [true, true]]",
21673,q,a,cx_stage3,,"[[[3, 347], [47, 347]], [], [true, true]]",
21674,q,a,cx_stage1,,"[[[3, 351], [47, 351]], [], [true, true]]",
21675,q,a,cx_stage2,,"[[[3, 351], [47, 351]], [], [true, true]]",
21676,q,a,cx_stage3,,"[[[2, 36], [3, 36]], [], [true, true]]",
21677,q,a,cx_stage3,,"[[[3, 351], [47, 351]], [], [true, true]]",
21678,q,a,cx_stage1,,"[[[3, 354], [48, 354]], [], [true, true]]",
21679,q,a,cx_stage2,,"[[[3, 354], [48, 354]], [], [true, true]]",
21680,q,a,cx_stage3,,"[[[3, 354], [48, 354]], [], [true, true]]",
21681,q,a,cx_stage1,,"[[[3, 358], [48, 358]], [], [true, true]]",
21682,q,a,cx_stage2,,"[[[3, 358], [48, 358]], [], [true, true]]",
21683,q,a,cx_stage3,,"[[[3, 358], [48, 358]], [], [true, true]]",
21684,q,a,cx_stage1,,"[[[3, 361], [49, 361]], [], [true, true]]",
21685,q,a,cx_stage2,,"[[[3, 361], [49, 361]], [], [true, true]]",
21686,q,a,cx_stage1,,"[[[3, 46], [4, 46]], [], [true, true]]",
21687,q,a,cx_stage3,,"[[[3, 361], [49, 361]], [], [true, true]]",
21688,q,a,cx_stage1,,"[[[3, 365], [49, 365]], [], [true, true]]",
21689,q,a,cx_stage2,,"[[[3, 365], [49, 365]], [], [true, true]]",
21690,q,a,cx_stage3,,"[[[3, 365], [49, 365]], [], [true, true]]",
21691,q,a,cx_stage1,,"[[[3, 368], [50, 368]], [], [true, true]]",
21692,q,a,cx_stage2,,"[[[3, 368], [50, 368]], [], [true, true]]",
21693,q,a,cx_stage3,,"[[[3, 368], [50, 368]], [], [true, true]]",
21694,q,a,cx_stage1,,"[[[3, 372], [50, 372]], [], [true, true]]",
21695,q,a,cx_stage2,,"[[[3, 372], [50, 372]], [], [true, true]]",
21696,q,a,cx_stage3,,"[[[3, 372], [50, 372]], [], [true, true]]",
21697,q,a,cx_stage1,,"[[[3, 375], [51, 375]], [], [true, true]]",
21698,q,a,cx_stage2,,"[[[3, 375], [51, 375]], [], [true, true]]",
21699,q,a,cx_stage3,,"[[[3, 375], [51, 375]], [], [true, true]]",
21700,q,a,cx_stage1,,"[[[3, 379], [51, 379]], [], [true, true]]",
21701,q,a,cx_stage2,,"[[[3, 379], [51, 379]], [], [true, true]]",
21702,q,a,cx_stage3,,"[[[3, 379], [51, 379]], [], [true, true]]",
21703,q,a,cx_stage1,,"[[[3, 382], [52, 382]], [], [true, true]]",
21704,q,a,cx_stage2,,"[[[3, 382], [52, 382]], [], [true, true]]",
21705,q,a,cx_stage3,,"[[[3, 382], [52, 382]], [], [true, true]]",
21706,q,a,cx_stage1,,"[[[3, 386], [52, 386]], [], [true, true]]",
21707,q,a,cx_stage2,,"[[[3, 386], [52, 386]], [], [true, true]]",
21708,q,a,cx_stage3,,"[[[3, 386], [52, 386]], [], [true, true]]",
21709,q,a,cx_stage1,,"[[[3, 389], [53, 389]], [], [true, true]]",
21710,q,a,cx_stage2,,"[[[3, 389], [53, 389]], [], [true, true]]",
21711,q,a,cx_stage3,,"[[[3, 389], [53, 389]], [], [true, true]]",
21712,q,a,cx_stage1,,"[[[3, 393], [53, 393]], [], [true, true]]",
21713,q,a,cx_stage2,,"[[[3, 393], [53, 393]], [], [true, true]]",
21714,q,a,cx_stage3,,"[[[3, 393], [53, 393]], [], [true, true]]",
21715,q,a,cx_stage1,,"[[[3, 396], [54, 396]], [], [true, true]]",
21716,q,a,cx_stage2,,"[[[3, 396], [54, 396]], [], [true, true]]",
21717,q,a,cx_stage3,,"[[[3, 396], [54, 396]], [], [true, true]]",
21718,q,a,cx_stage1,,"[[[3, 400], [54, 400]], [], [true, true]]",
21719,q,a,cx_stage2,,"[[[3, 400], [54, 400]], [], [true, true]]",
21720,q,a,cx_stage3,,"[[[3, 400], [54, 400]], [], [true, true]]",
21721,q,a,cx_stage1,,"[[[3, 403], [55, 403]], [], [true, true]]",
21722,q,a,cx_stage2,,"[[[3, 403], [55, 403]], [], [true, true]]",
21723,q,a,cx_stage3,,"[[[3, 403], [55, 403]], [], [true, true]]",
21724,q,a,cx_stage1,,"[[[3, 407], [55, 407]], [], [true, true]]",
21725,q,a,cx_stage2,,"[[[3, 407], [55, 407]], [], [true, true]]",
21726,q,a,cx_stage3,,"[[[3, 407], [55, 407]], [], [true, true]]",
21727,q,a,u2,,"[[[3, 408]], [], [true]]",
21728,q,a,cx_stage1,,"[[[0, 411], [3, 411]], [], [true, true]]",
21729,q,a,cx_stage3,,"[[[0, 411], [3, 411]], [], [true, true]]",
21730,q,a,p,,"[[[3, 412]], [], [true]]",
21731,q,a,cx_stage1,,"[[[0, 415], [3, 415]], [], [true, true]]",
21732,q,a,cx_stage3,,"[[[0, 415], [3, 415]], [], [true, true]]",
21733,q,a,cx_stage1,,"[[[1, 418], [3, 418]], [], [true, true]]",
21734,q,a,cx_stage3,,"[[[1, 418], [3, 418]], [], [true, true]]",
21735,q,a,p,,"[[[3, 419]], [], [true]]",
21736,q,a,cx_stage1,,"[[[1, 422], [3, 422]], [], [true, true]]",
21737,q,a,cx_stage3,,"[[[1, 422], [3, 422]], [], [true, true]]",
21738,q,a,cx_stage1,,"[[[2, 425], [3, 425]], [], [true, true]]",
21739,q,a,cx_stage3,,"[[[2, 425], [3, 425]], [], [true, true]]",
21740,q,a,p,,"[[[3, 426]], [], [true]]",
21741,q,a,cx_stage1,,"[[[2, 429], [3, 429]], [], [true, true]]",
21742,q,a,cx_stage3,,"[[[2, 429], [3, 429]], [], [true, true]]",
21743,q,a,cx_stage1,,"[[[3, 439], [4, 439]], [], [true, true]]",
21744,q,a,cx_stage2,,"[[[3, 439], [4, 439]], [], [true, true]]",
21745,q,a,cx_stage3,,"[[[3, 439], [4, 439]], [], [true, true]]",
21746,q,a,cx_stage1,,"[[[3, 443], [4, 443]], [], [true, true]]",
21747,q,a,cx_stage2,,"[[[3, 46], [4, 46]], [], [true, true]]",
21748,q,a,cx_stage2,,"[[[3, 443], [4, 443]], [], [true, true]]",
21749,q,a,cx_stage3,,"[[[3, 443], [4, 443]], [], [true, true]]",
21750,q,a,cx_stage1,,"[[[3, 446], [5, 446]], [], [true, true]]",
21751,q,a,cx_stage2,,"[[[3, 446], [5, 446]], [], [true, true]]",
21752,q,a,cx_stage3,,"[[[3, 446], [5, 446]], [], [true, true]]",
21753,q,a,cx_stage1,,"[[[3, 450], [5, 450]], [], [true, true]]",
21754,q,a,cx_stage2,,"[[[3, 450], [5, 450]], [], [true, true]]",
21755,q,a,cx_stage3,,"[[[3, 450], [5, 450]], [], [true, true]]",
21756,q,a,cx_stage3,,"[[[3, 46], [4, 46]], [], [true, true]]",
21757,q,a,cx_stage1,,"[[[3, 453], [6, 453]], [], [true, true]]",
21758,q,a,cx_stage2,,"[[[3, 453], [6, 453]], [], [true, true]]",
21759,q,a,cx_stage3,,"[[[3, 453], [6, 453]], [], [true, true]]",
21760,q,a,cx_stage1,,"[[[3, 457], [6, 457]], [], [true, true]]",
21761,q,a,cx_stage2,,"[[[3, 457], [6, 457]], [], [true, true]]",
21762,q,a,cx_stage3,,"[[[3, 457], [6, 457]], [], [true, true]]",
21763,q,a,cx_stage1,,"[[[3, 460], [7, 460]], [], [true, true]]",
21764,q,a,cx_stage2,,"[[[3, 460], [7, 460]], [], [true, true]]",
21765,q,a,cx_stage3,,"[[[3, 460], [7, 460]], [], [true, true]]",
21766,q,a,cx_stage1,,"[[[3, 50], [4, 50]], [], [true, true]]",
21767,q,a,cx_stage1,,"[[[3, 464], [7, 464]], [], [true, true]]",
21768,q,a,cx_stage2,,"[[[3, 464], [7, 464]], [], [true, true]]",
21769,q,a,cx_stage3,,"[[[3, 464], [7, 464]], [], [true, true]]",
21770,q,a,cx_stage1,,"[[[3, 467], [8, 467]], [], [true, true]]",
21771,q,a,cx_stage2,,"[[[3, 467], [8, 467]], [], [true, true]]",
21772,q,a,cx_stage3,,"[[[3, 467], [8, 467]], [], [true, true]]",
21773,q,a,cx_stage1,,"[[[3, 471], [8, 471]], [], [true, true]]",
21774,q,a,cx_stage2,,"[[[3, 471], [8, 471]], [], [true, true]]",
21775,q,a,cx_stage3,,"[[[3, 471], [8, 471]], [], [true, true]]",
21776,q,a,cx_stage1,,"[[[3, 474], [9, 474]], [], [true, true]]",
21777,q,a,cx_stage2,,"[[[3, 474], [9, 474]], [], [true, true]]",
21778,q,a,cx_stage3,,"[[[3, 474], [9, 474]], [], [true, true]]",
21779,q,a,cx_stage1,,"[[[3, 478], [9, 478]], [], [true, true]]",
21780,q,a,cx_stage2,,"[[[3, 478], [9, 478]], [], [true, true]]",
21781,q,a,cx_stage3,,"[[[3, 478], [9, 478]], [], [true, true]]",
21782,q,a,cx_stage1,,"[[[3, 481], [10, 481]], [], [true, true]]",
21783,q,a,cx_stage2,,"[[[3, 50], [4, 50]], [], [true, true]]",
21784,q,a,cx_stage3,,"[[[3, 481], [10, 481]], [], [true, true]]",
21785,q,a,cx_stage1,,"[[[3, 485], [10, 485]], [], [true, true]]",
21786,q,a,cx_stage3,,"[[[3, 485], [10, 485]], [], [true, true]]",
21787,q,a,cx_stage1,,"[[[3, 488], [11, 488]], [], [true, true]]",
21788,q,a,cx_stage3,,"[[[3, 488], [11, 488]], [], [true, true]]",
21789,q,a,cx_stage1,,"[[[3, 492], [11, 492]], [], [true, true]]",
21790,q,a,cx_stage3,,"[[[3, 50], [4, 50]], [], [true, true]]",
21791,q,a,cx_stage3,,"[[[3, 492], [11, 492]], [], [true, true]]",
21792,q,a,cx_stage1,,"[[[3, 495], [12, 495]], [], [true, true]]",
21793,q,a,cx_stage3,,"[[[3, 495], [12, 495]], [], [true, true]]",
21794,q,a,cx_stage1,,"[[[3, 499], [12, 499]], [], [true, true]]",
21795,q,a,cx_stage3,,"[[[3, 499], [12, 499]], [], [true, true]]",
21796,q,a,cx_stage1,,"[[[3, 502], [13, 502]], [], [true, true]]",
21797,q,a,cx_stage1,,"[[[3, 53], [5, 53]], [], [true, true]]",
21798,q,a,cx_stage3,,"[[[3, 502], [13, 502]], [], [true, true]]",
21799,q,a,cx_stage1,,"[[[3, 506], [13, 506]], [], [true, true]]",
21800,q,a,cx_stage3,,"[[[3, 506], [13, 506]], [], [true, true]]",
21801,q,a,cx_stage1,,"[[[3, 509], [14, 509]], [], [true, true]]",
21802,q,a,cx_stage3,,"[[[3, 509], [14, 509]], [], [true, true]]",
21803,q,a,cx_stage1,,"[[[3, 513], [14, 513]], [], [true, true]]",
21804,q,a,cx_stage2,,"[[[3, 53], [5, 53]], [], [true, true]]",
21805,q,a,cx_stage3,,"[[[3, 513], [14, 513]], [], [true, true]]",
21806,q,a,cx_stage1,,"[[[3, 516], [15, 516]], [], [true, true]]",
21807,q,a,cx_stage3,,"[[[3, 516], [15, 516]], [], [true, true]]",
21808,q,a,cx_stage1,,"[[[3, 520], [15, 520]], [], [true, true]]",
21809,q,a,cx_stage3,,"[[[3, 520], [15, 520]], [], [true, true]]",
21810,q,a,cx_stage3,,"[[[3, 53], [5, 53]], [], [true, true]]",
21811,q,a,cx_stage1,,"[[[3, 523], [16, 523]], [], [true, true]]",
21812,q,a,cx_stage3,,"[[[3, 523], [16, 523]], [], [true, true]]",
21813,q,a,cx_stage1,,"[[[3, 527], [16, 527]], [], [true, true]]",
21814,q,a,cx_stage3,,"[[[3, 527], [16, 527]], [], [true, true]]",
21815,q,a,cx_stage1,,"[[[3, 530], [17, 530]], [], [true, true]]",
21816,q,a,cx_stage3,,"[[[3, 530], [17, 530]], [], [true, true]]",
21817,q,a,cx_stage1,,"[[[3, 57], [5, 57]], [], [true, true]]",
21818,q,a,cx_stage1,,"[[[3, 534], [17, 534]], [], [true, true]]",
21819,q,a,cx_stage3,,"[[[3, 534], [17, 534]], [], [true, true]]",
21820,q,a,cx_stage1,,"[[[3, 537], [18, 537]], [], [true, true]]",
21821,q,a,cx_stage3,,"[[[3, 537], [18, 537]], [], [true, true]]",
21822,q,a,cx_stage1,,"[[[3, 541], [18, 541]], [], [true, true]]",
21823,q,a,cx_stage3,,"[[[3, 541], [18, 541]], [], [true, true]]",
21824,q,a,cx_stage1,,"[[[3, 544], [19, 544]], [], [true, true]]",
21825,q,a,cx_stage3,,"[[[3, 544], [19, 544]], [], [true, true]]",
21826,q,a,cx_stage1,,"[[[3, 548], [19, 548]], [], [true, true]]",
21827,q,a,cx_stage3,,"[[[3, 548], [19, 548]], [], [true, true]]",
21828,q,a,cx_stage1,,"[[[3, 551], [20, 551]], [], [true, true]]",
21829,q,a,cx_stage2,,"[[[3, 57], [5, 57]], [], [true, true]]",
21830,q,a,cx_stage3,,"[[[3, 551], [20, 551]], [], [true, true]]",
21831,q,a,cx_stage1,,"[[[3, 555], [20, 555]], [], [true, true]]",
21832,q,a,cx_stage3,,"[[[3, 555], [20, 555]], [], [true, true]]",
21833,q,a,cx_stage1,,"[[[3, 558], [21, 558]], [], [true, true]]",
21834,q,a,cx_stage3,,"[[[3, 558], [21, 558]], [], [true, true]]",
21835,q,a,cx_stage1,,"[[[3, 562], [21, 562]], [], [true, true]]",
21836,q,a,cx_stage3,,"[[[3, 57], [5, 57]], [], [true, true]]",
21837,q,a,cx_stage3,,"[[[3, 562], [21, 562]], [], [true, true]]",
21838,q,a,cx_stage1,,"[[[3, 565], [22, 565]], [], [true, true]]",
21839,q,a,cx_stage3,,"[[[3, 565], [22, 565]], [], [true, true]]",
21840,q,a,cx_stage1,,"[[[3, 569], [22, 569]], [], [true, true]]",
21841,q,a,cx_stage3,,"[[[3, 569], [22, 569]], [], [true, true]]",
21842,q,a,cx_stage1,,"[[[3, 572], [23, 572]], [], [true, true]]",
21843,q,a,cx_stage1,,"[[[3, 60], [6, 60]], [], [true, true]]",
21844,q,a,cx_stage3,,"[[[3, 572], [23, 572]], [], [true, true]]",
21845,q,a,cx_stage1,,"[[[3, 576], [23, 576]], [], [true, true]]",
21846,q,a,cx_stage3,,"[[[3, 576], [23, 576]], [], [true, true]]",
21847,q,a,cx_stage1,,"[[[3, 579], [24, 579]], [], [true, true]]",
21848,q,a,cx_stage3,,"[[[3, 579], [24, 579]], [], [true, true]]",
21849,q,a,cx_stage1,,"[[[3, 583], [24, 583]], [], [true, true]]",
21850,q,a,cx_stage2,,"[[[3, 60], [6, 60]], [], [true, true]]",
21851,q,a,cx_stage3,,"[[[3, 583], [24, 583]], [], [true, true]]",
21852,q,a,cx_stage1,,"[[[3, 586], [25, 586]], [], [true, true]]",
21853,q,a,cx_stage3,,"[[[3, 586], [25, 586]], [], [true, true]]",
21854,q,a,cx_stage1,,"[[[3, 590], [25, 590]], [], [true, true]]",
21855,q,a,cx_stage3,,"[[[3, 590], [25, 590]], [], [true, true]]",
21856,q,a,cx_stage3,,"[[[3, 60], [6, 60]], [], [true, true]]",
21857,q,a,cx_stage1,,"[[[3, 593], [26, 593]], [], [true, true]]",
21858,q,a,cx_stage3,,"[[[3, 593], [26, 593]], [], [true, true]]",
21859,q,a,cx_stage1,,"[[[3, 597], [26, 597]], [], [true, true]]",
21860,q,a,cx_stage3,,"[[[3, 597], [26, 597]], [], [true, true]]",
21861,q,a,cx_stage1,,"[[[3, 600], [27, 600]], [], [true, true]]",
21862,q,a,cx_stage3,,"[[[3, 600], [27, 600]], [], [true, true]]",
21863,q,a,cx_stage1,,"[[[3, 64], [6, 64]], [], [true, true]]",
21864,q,a,cx_stage1,,"[[[3, 604], [27, 604]], [], [true, true]]",
21865,q,a,cx_stage3,,"[[[3, 604], [27, 604]], [], [true, true]]",
21866,q,a,cx_stage1,,"[[[3, 607], [28, 607]], [], [true, true]]",
21867,q,a,cx_stage3,,"[[[3, 607], [28, 607]], [], [true, true]]",
21868,q,a,cx_stage1,,"[[[3, 611], [28, 611]], [], [true, true]]",
21869,q,a,cx_stage3,,"[[[3, 611], [28, 611]], [], [true, true]]",
21870,q,a,cx_stage1,,"[[[3, 614], [29, 614]], [], [true, true]]",
21871,q,a,cx_stage3,,"[[[3, 614], [29, 614]], [], [true, true]]",
21872,q,a,cx_stage1,,"[[[3, 618], [29, 618]], [], [true, true]]",
21873,q,a,cx_stage3,,"[[[3, 618], [29, 618]], [], [true, true]]",
21874,q,a,cx_stage1,,"[[[3, 621], [30, 621]], [], [true, true]]",
21875,q,a,cx_stage2,,"[[[3, 64], [6, 64]], [], [true, true]]",
21876,q,a,cx_stage3,,"[[[3, 621], [30, 621]], [], [true, true]]",
21877,q,a,cx_stage1,,"[[[3, 625], [30, 625]], [], [true, true]]",
21878,q,a,cx_stage3,,"[[[3, 625], [30, 625]], [], [true, true]]",
21879,q,a,cx_stage1,,"[[[3, 628], [31, 628]], [], [true, true]]",
21880,q,a,cx_stage3,,"[[[3, 628], [31, 628]], [], [true, true]]",
21881,q,a,cx_stage1,,"[[[3, 632], [31, 632]], [], [true, true]]",
21882,q,a,cx_stage3,,"[[[3, 64], [6, 64]], [], [true, true]]",
21883,q,a,cx_stage3,,"[[[3, 632], [31, 632]], [], [true, true]]",
21884,q,a,cx_stage1,,"[[[3, 635], [32, 635]], [], [true, true]]",
21885,q,a,cx_stage3,,"[[[3, 635], [32, 635]], [], [true, true]]",
21886,q,a,cx_stage1,,"[[[3, 639], [32, 639]], [], [true, true]]",
21887,q,a,cx_stage3,,"[[[3, 639], [32, 639]], [], [true, true]]",
21888,q,a,cx_stage1,,"[[[3, 642], [33, 642]], [], [true, true]]",
21889,q,a,cx_stage1,,"[[[3, 67], [7, 67]], [], [true, true]]",
21890,q,a,cx_stage3,,"[[[3, 642], [33, 642]], [], [true, true]]",
21891,q,a,cx_stage1,,"[[[3, 646], [33, 646]], [], [true, true]]",
21892,q,a,cx_stage3,,"[[[3, 646], [33, 646]], [], [true, true]]",
21893,q,a,cx_stage1,,"[[[3, 649], [34, 649]], [], [true, true]]",
21894,q,a,cx_stage3,,"[[[3, 649], [34, 649]], [], [true, true]]",
21895,q,a,cx_stage1,,"[[[3, 653], [34, 653]], [], [true, true]]",
21896,q,a,cx_stage2,,"[[[3, 67], [7, 67]], [], [true, true]]",
21897,q,a,cx_stage3,,"[[[3, 653], [34, 653]], [], [true, true]]",
21898,q,a,cx_stage1,,"[[[3, 656], [35, 656]], [], [true, true]]",
21899,q,a,cx_stage3,,"[[[3, 656], [35, 656]], [], [true, true]]",
21900,q,a,cx_stage1,,"[[[3, 660], [35, 660]], [], [true, true]]",
21901,q,a,cx_stage3,,"[[[3, 660], [35, 660]], [], [true, true]]",
21902,q,a,cx_stage3,,"[[[3, 67], [7, 67]], [], [true, true]]",
21903,q,a,cx_stage1,,"[[[3, 663], [36, 663]], [], [true, true]]",
21904,q,a,cx_stage3,,"[[[3, 663], [36, 663]], [], [true, true]]",
21905,q,a,cx_stage1,,"[[[3, 667], [36, 667]], [], [true, true]]",
21906,q,a,cx_stage3,,"[[[3, 667], [36, 667]], [], [true, true]]",
21907,q,a,cx_stage1,,"[[[3, 670], [37, 670]], [], [true, true]]",
21908,q,a,cx_stage3,,"[[[3, 670], [37, 670]], [], [true, true]]",
21909,q,a,cx_stage1,,"[[[3, 71], [7, 71]], [], [true, true]]",
21910,q,a,cx_stage1,,"[[[3, 674], [37, 674]], [], [true, true]]",
21911,q,a,cx_stage3,,"[[[3, 674], [37, 674]], [], [true, true]]",
21912,q,a,cx_stage1,,"[[[3, 677], [38, 677]], [], [true, true]]",
21913,q,a,cx_stage3,,"[[[3, 677], [38, 677]], [], [true, true]]",
21914,q,a,cx_stage1,,"[[[3, 681], [38, 681]], [], [true, true]]",
21915,q,a,cx_stage3,,"[[[3, 681], [38, 681]], [], [true, true]]",
21916,q,a,cx_stage1,,"[[[3, 684], [39, 684]], [], [true, true]]",
21917,q,a,cx_stage3,,"[[[3, 684], [39, 684]], [], [true, true]]",
21918,q,a,cx_stage1,,"[[[3, 688], [39, 688]], [], [true, true]]",
21919,q,a,cx_stage3,,"[[[3, 688], [39, 688]], [], [true, true]]",
21920,q,a,cx_stage1,,"[[[3, 691], [40, 691]], [], [true, true]]",
21921,q,a,cx_stage2,,"[[[3, 691], [40, 691]], [], [true, true]]",
21922,q,a,cx_stage2,,"[[[3, 71], [7, 71]], [], [true, true]]",
21923,q,a,cx_stage3,,"[[[3, 691], [40, 691]], [], [true, true]]",
21924,q,a,cx_stage1,,"[[[3, 695], [40, 695]], [], [true, true]]",
21925,q,a,cx_stage2,,"[[[3, 695], [40, 695]], [], [true, true]]",
21926,q,a,cx_stage3,,"[[[3, 695], [40, 695]], [], [true, true]]",
21927,q,a,cx_stage1,,"[[[3, 698], [41, 698]], [], [true, true]]",
21928,q,a,cx_stage2,,"[[[3, 698], [41, 698]], [], [true, true]]",
21929,q,a,cx_stage3,,"[[[3, 698], [41, 698]], [], [true, true]]",
21930,q,a,cx_stage1,,"[[[3, 702], [41, 702]], [], [true, true]]",
21931,q,a,cx_stage3,,"[[[3, 71], [7, 71]], [], [true, true]]",
21932,q,a,cx_stage2,,"[[[3, 702], [41, 702]], [], [true, true]]",
21933,q,a,cx_stage3,,"[[[3, 702], [41, 702]], [], [true, true]]",
21934,q,a,cx_stage1,,"[[[3, 705], [42, 705]], [], [true, true]]",
21935,q,a,cx_stage2,,"[[[3, 705], [42, 705]], [], [true, true]]",
21936,q,a,cx_stage3,,"[[[3, 705], [42, 705]], [], [true, true]]",
21937,q,a,cx_stage1,,"[[[3, 709], [42, 709]], [], [true, true]]",
21938,q,a,cx_stage2,,"[[[3, 709], [42, 709]], [], [true, true]]",
21939,q,a,cx_stage3,,"[[[3, 709], [42, 709]], [], [true, true]]",
21940,q,a,cx_stage1,,"[[[3, 712], [43, 712]], [], [true, true]]",
21941,q,a,cx_stage1,,"[[[3, 74], [8, 74]], [], [true, true]]",
21942,q,a,cx_stage2,,"[[[3, 712], [43, 712]], [], [true, true]]",
21943,q,a,cx_stage3,,"[[[3, 712], [43, 712]], [], [true, true]]",
21944,q,a,cx_stage1,,"[[[3, 716], [43, 716]], [], [true, true]]",
21945,q,a,cx_stage2,,"[[[3, 716], [43, 716]], [], [true, true]]",
21946,q,a,cx_stage3,,"[[[3, 716], [43, 716]], [], [true, true]]",
21947,q,a,cx_stage1,,"[[[3, 719], [44, 719]], [], [true, true]]",
21948,q,a,cx_stage2,,"[[[3, 719], [44, 719]], [], [true, true]]",
21949,q,a,cx_stage3,,"[[[3, 719], [44, 719]], [], [true, true]]",
21950,q,a,cx_stage1,,"[[[3, 723], [44, 723]], [], [true, true]]",
21951,q,a,cx_stage2,,"[[[3, 74], [8, 74]], [], [true, true]]",
21952,q,a,cx_stage2,,"[[[3, 723], [44, 723]], [], [true, true]]",
21953,q,a,cx_stage3,,"[[[3, 723], [44, 723]], [], [true, true]]",
21954,q,a,cx_stage1,,"[[[3, 726], [45, 726]], [], [true, true]]",
21955,q,a,cx_stage2,,"[[[3, 726], [45, 726]], [], [true, true]]",
21956,q,a,cx_stage3,,"[[[3, 726], [45, 726]], [], [true, true]]",
21957,q,a,cx_stage1,,"[[[3, 730], [45, 730]], [], [true, true]]",
21958,q,a,cx_stage2,,"[[[3, 730], [45, 730]], [], [true, true]]",
21959,q,a,cx_stage3,,"[[[3, 730], [45, 730]], [], [true, true]]",
21960,q,a,cx_stage3,,"[[[3, 74], [8, 74]], [], [true, true]]",
21961,q,a,cx_stage1,,"[[[3, 733], [46, 733]], [], [true, true]]",
21962,q,a,cx_stage2,,"[[[3, 733], [46, 733]], [], [true, true]]",
21963,q,a,cx_stage3,,"[[[3, 733], [46, 733]], [], [true, true]]",
21964,q,a,cx_stage1,,"[[[3, 737], [46, 737]], [], [true, true]]",
21965,q,a,cx_stage2,,"[[[3, 737], [46, 737]], [], [true, true]]",
21966,q,a,cx_stage3,,"[[[3, 737], [46, 737]], [], [true, true]]",
21967,q,a,cx_stage1,,"[[[3, 740], [47, 740]], [], [true, true]]",
21968,q,a,cx_stage2,,"[[[3, 740], [47, 740]], [], [true, true]]",
21969,q,a,cx_stage3,,"[[[3, 740], [47, 740]], [], [true, true]]",
21970,q,a,cx_stage1,,"[[[3, 78], [8, 78]], [], [true, true]]",
21971,q,a,cx_stage1,,"[[[3, 744], [47, 744]], [], [true, true]]",
21972,q,a,cx_stage2,,"[[[3, 744], [47, 744]], [], [true, true]]",
21973,q,a,cx_stage3,,"[[[3, 744], [47, 744]], [], [true, true]]",
21974,q,a,cx_stage1,,"[[[3, 747], [48, 747]], [], [true, true]]",
21975,q,a,cx_stage2,,"[[[3, 747], [48, 747]], [], [true, true]]",
21976,q,a,cx_stage3,,"[[[3, 747], [48, 747]], [], [true, true]]",
21977,q,a,cx_stage1,,"[[[3, 751], [48, 751]], [], [true, true]]",
21978,q,a,cx_stage2,,"[[[3, 751], [48, 751]], [], [true, true]]",
21979,q,a,cx_stage3,,"[[[3, 751], [48, 751]], [], [true, true]]",
21980,q,a,cx_stage1,,"[[[3, 754], [49, 754]], [], [true, true]]",
21981,q,a,cx_stage2,,"[[[3, 754], [49, 754]], [], [true, true]]",
21982,q,a,cx_stage3,,"[[[3, 754], [49, 754]], [], [true, true]]",
21983,q,a,cx_stage1,,"[[[3, 758], [49, 758]], [], [true, true]]",
21984,q,a,cx_stage2,,"[[[3, 758], [49, 758]], [], [true, true]]",
21985,q,a,cx_stage3,,"[[[3, 758], [49, 758]], [], [true, true]]",
21986,q,a,cx_stage1,,"[[[3, 761], [50, 761]], [], [true, true]]",
21987,q,a,cx_stage2,,"[[[3, 761], [50, 761]], [], [true, true]]",
21988,q,a,cx_stage2,,"[[[3, 78], [8, 78]], [], [true, true]]",
21989,q,a,cx_stage3,,"[[[3, 761], [50, 761]], [], [true, true]]",
21990,q,a,cx_stage1,,"[[[3, 765], [50, 765]], [], [true, true]]",
21991,q,a,cx_stage2,,"[[[3, 765], [50, 765]], [], [true, true]]",
21992,q,a,cx_stage3,,"[[[3, 765], [50, 765]], [], [true, true]]",
21993,q,a,cx_stage1,,"[[[3, 768], [51, 768]], [], [true, true]]",
21994,q,a,cx_stage2,,"[[[3, 768], [51, 768]], [], [true, true]]",
21995,q,a,cx_stage3,,"[[[3, 768], [51, 768]], [], [true, true]]",
21996,q,a,cx_stage1,,"[[[3, 772], [51, 772]], [], [true, true]]",
21997,q,a,cx_stage3,,"[[[3, 78], [8, 78]], [], [true, true]]",
21998,q,a,cx_stage2,,"[[[3, 772], [51, 772]], [], [true, true]]",
21999,q,a,cx_stage3,,"[[[3, 772], [51, 772]], [], [true, true]]",
22000,q,a,cx_stage1,,"[[[3, 775], [52, 775]], [], [true, true]]",
22001,q,a,cx_stage2,,"[[[3, 775], [52, 775]], [], [true, true]]",
22002,q,a,cx_stage3,,"[[[3, 775], [52, 775]], [], [true, true]]",
22003,q,a,cx_stage1,,"[[[3, 779], [52, 779]], [], [true, true]]",
22004,q,a,cx_stage2,,"[[[3, 779], [52, 779]], [], [true, true]]",
22005,q,a,cx_stage3,,"[[[3, 779], [52, 779]], [], [true, true]]",
22006,q,a,cx_stage1,,"[[[3, 782], [53, 782]], [], [true, true]]",
22007,q,a,cx_stage1,,"[[[3, 81], [9, 81]], [], [true, true]]",
22008,q,a,cx_stage2,,"[[[3, 782], [53, 782]], [], [true, true]]",
22009,q,a,cx_stage3,,"[[[3, 782], [53, 782]], [], [true, true]]",
22010,q,a,cx_stage1,,"[[[3, 786], [53, 786]], [], [true, true]]",
22011,q,a,cx_stage2,,"[[[3, 786], [53, 786]], [], [true, true]]",
22012,q,a,cx_stage3,,"[[[3, 786], [53, 786]], [], [true, true]]",
22013,q,a,cx_stage1,,"[[[3, 789], [54, 789]], [], [true, true]]",
22014,q,a,cx_stage2,,"[[[3, 789], [54, 789]], [], [true, true]]",
22015,q,a,cx_stage3,,"[[[3, 789], [54, 789]], [], [true, true]]",
22016,q,a,cx_stage1,,"[[[3, 793], [54, 793]], [], [true, true]]",
22017,q,a,cx_stage2,,"[[[3, 81], [9, 81]], [], [true, true]]",
22018,q,a,cx_stage2,,"[[[3, 793], [54, 793]], [], [true, true]]",
22019,q,a,cx_stage3,,"[[[3, 793], [54, 793]], [], [true, true]]",
22020,q,a,cx_stage1,,"[[[3, 796], [55, 796]], [], [true, true]]",
22021,q,a,cx_stage2,,"[[[3, 796], [55, 796]], [], [true, true]]",
22022,q,a,cx_stage3,,"[[[3, 796], [55, 796]], [], [true, true]]",
22023,q,a,cx_stage1,,"[[[3, 800], [55, 800]], [], [true, true]]",
22024,q,a,cx_stage2,,"[[[3, 800], [55, 800]], [], [true, true]]",
22025,q,a,cx_stage3,,"[[[3, 800], [55, 800]], [], [true, true]]",
22026,q,a,cx_stage3,,"[[[3, 81], [9, 81]], [], [true, true]]",
22027,q,a,ry,,"[[[3, 801]], [], [true]]",
22028,q,a,cx_stage1,,"[[[3, 85], [9, 85]], [], [true, true]]",
22029,q,a,cx_stage2,,"[[[3, 85], [9, 85]], [], [true, true]]",
22030,q,a,cx_stage3,,"[[[3, 85], [9, 85]], [], [true, true]]",
22031,q,a,cx_stage1,,"[[[3, 88], [10, 88]], [], [true, true]]",
22032,q,a,cx_stage3,,"[[[3, 88], [10, 88]], [], [true, true]]",
22033,q,a,cx_stage1,,"[[[3, 92], [10, 92]], [], [true, true]]",
22034,q,a,cx_stage3,,"[[[3, 92], [10, 92]], [], [true, true]]",
22035,q,a,cx_stage1,,"[[[3, 95], [11, 95]], [], [true, true]]",
22036,q,a,cx_stage3,,"[[[3, 95], [11, 95]], [], [true, true]]",
22037,q,a,cx_stage1,,"[[[3, 99], [11, 99]], [], [true, true]]",
22038,q,a,cx_stage3,,"[[[3, 99], [11, 99]], [], [true, true]]",
22039,q,a,u2,,"[[[40, 1]], [], [true]]",
22040,q,a,cx_stage1,,"[[[0, 277], [40, 277]], [], [true, true]]",
22041,q,a,cx_stage2,,"[[[40, 1003], [47, 1003]], [], [true, true]]",
22042,q,a,cx_stage1,,"[[[40, 1003], [47, 1003]], [], [true, true]]",
22043,q,a,cx_stage3,,"[[[40, 1003], [47, 1003]], [], [true, true]]",
22044,q,a,cx_stage1,,"[[[40, 1006], [48, 1006]], [], [true, true]]",
22045,q,a,cx_stage2,,"[[[40, 1006], [48, 1006]], [], [true, true]]",
22046,q,a,cx_stage3,,"[[[40, 1006], [48, 1006]], [], [true, true]]",
22047,q,a,cx_stage1,,"[[[40, 1010], [48, 1010]], [], [true, true]]",
22048,q,a,cx_stage2,,"[[[40, 1010], [48, 1010]], [], [true, true]]",
22049,q,a,cx_stage3,,"[[[40, 1010], [48, 1010]], [], [true, true]]",
22050,q,a,cx_stage1,,"[[[40, 1013], [49, 1013]], [], [true, true]]",
22051,q,a,cx_stage2,,"[[[40, 1013], [49, 1013]], [], [true, true]]",
22052,q,a,cx_stage3,,"[[[40, 1013], [49, 1013]], [], [true, true]]",
22053,q,a,cx_stage1,,"[[[40, 1017], [49, 1017]], [], [true, true]]",
22054,q,a,cx_stage2,,"[[[40, 1017], [49, 1017]], [], [true, true]]",
22055,q,a,cx_stage3,,"[[[40, 1017], [49, 1017]], [], [true, true]]",
22056,q,a,cx_stage1,,"[[[40, 1020], [50, 1020]], [], [true, true]]",
22057,q,a,cx_stage2,,"[[[40, 1020], [50, 1020]], [], [true, true]]",
22058,q,a,cx_stage3,,"[[[40, 1020], [50, 1020]], [], [true, true]]",
22059,q,a,cx_stage1,,"[[[40, 1024], [50, 1024]], [], [true, true]]",
22060,q,a,cx_stage2,,"[[[40, 1024], [50, 1024]], [], [true, true]]",
22061,q,a,cx_stage3,,"[[[40, 1024], [50, 1024]], [], [true, true]]",
22062,q,a,cx_stage1,,"[[[40, 1027], [51, 1027]], [], [true, true]]",
22063,q,a,cx_stage2,,"[[[40, 1027], [51, 1027]], [], [true, true]]",
22064,q,a,cx_stage3,,"[[[40, 1027], [51, 1027]], [], [true, true]]",
22065,q,a,cx_stage1,,"[[[40, 1031], [51, 1031]], [], [true, true]]",
22066,q,a,cx_stage2,,"[[[40, 1031], [51, 1031]], [], [true, true]]",
22067,q,a,cx_stage3,,"[[[40, 1031], [51, 1031]], [], [true, true]]",
22068,q,a,cx_stage1,,"[[[40, 1034], [52, 1034]], [], [true, true]]",
22069,q,a,cx_stage2,,"[[[40, 1034], [52, 1034]], [], [true, true]]",
22070,q,a,cx_stage3,,"[[[40, 1034], [52, 1034]], [], [true, true]]",
22071,q,a,cx_stage1,,"[[[40, 1038], [52, 1038]], [], [true, true]]",
22072,q,a,cx_stage2,,"[[[40, 1038], [52, 1038]], [], [true, true]]",
22073,q,a,cx_stage3,,"[[[40, 1038], [52, 1038]], [], [true, true]]",
22074,q,a,cx_stage1,,"[[[40, 1041], [53, 1041]], [], [true, true]]",
22075,q,a,cx_stage2,,"[[[40, 1041], [53, 1041]], [], [true, true]]",
22076,q,a,cx_stage3,,"[[[40, 1041], [53, 1041]], [], [true, true]]",
22077,q,a,cx_stage1,,"[[[40, 1045], [53, 1045]], [], [true, true]]",
22078,q,a,cx_stage2,,"[[[40, 1045], [53, 1045]], [], [true, true]]",
22079,q,a,cx_stage3,,"[[[40, 1045], [53, 1045]], [], [true, true]]",
22080,q,a,cx_stage1,,"[[[40, 1048], [54, 1048]], [], [true, true]]",
22081,q,a,cx_stage2,,"[[[40, 1048], [54, 1048]], [], [true, true]]",
22082,q,a,cx_stage3,,"[[[40, 1048], [54, 1048]], [], [true, true]]",
22083,q,a,cx_stage1,,"[[[40, 1052], [54, 1052]], [], [true, true]]",
22084,q,a,cx_stage2,,"[[[40, 1052], [54, 1052]], [], [true, true]]",
22085,q,a,cx_stage3,,"[[[40, 1052], [54, 1052]], [], [true, true]]",
22086,q,a,cx_stage1,,"[[[40, 1055], [55, 1055]], [], [true, true]]",
22087,q,a,cx_stage2,,"[[[40, 1055], [55, 1055]], [], [true, true]]",
22088,q,a,cx_stage3,,"[[[40, 1055], [55, 1055]], [], [true, true]]",
22089,q,a,cx_stage1,,"[[[40, 1059], [55, 1059]], [], [true, true]]",
22090,q,a,cx_stage2,,"[[[40, 1059], [55, 1059]], [], [true, true]]",
22091,q,a,cx_stage3,,"[[[40, 1059], [55, 1059]], [], [true, true]]",
22092,q,a,ry,,"[[[40, 1060]], [], [true]]",
22093,q,a,cx_stage1,,"[[[40, 1203], [41, 1203]], [], [true, true]]",
22094,q,a,cx_stage2,,"[[[40, 1203], [41, 1203]], [], [true, true]]",
22095,q,a,cx_stage3,,"[[[40, 1203], [41, 1203]], [], [true, true]]",
22096,q,a,cx_stage1,,"[[[39, 1206], [40, 1206]], [], [true, true]]",
22097,q,a,cx_stage3,,"[[[39, 1206], [40, 1206]], [], [true, true]]",
22098,q,a,ry,,"[[[40, 1207]], [], [true]]",
22099,q,a,cx_stage3,,"[[[0, 277], [40, 277]], [], [true, true]]",
22100,q,a,p,,"[[[40, 278]], [], [true]]",
22101,q,a,cx_stage1,,"[[[0, 281], [40, 281]], [], [true, true]]",
22102,q,a,cx_stage3,,"[[[0, 281], [40, 281]], [], [true, true]]",
22103,q,a,cx_stage1,,"[[[1, 284], [40, 284]], [], [true, true]]",
22104,q,a,cx_stage3,,"[[[1, 284], [40, 284]], [], [true, true]]",
22105,q,a,p,,"[[[40, 285]], [], [true]]",
22106,q,a,cx_stage1,,"[[[1, 288], [40, 288]], [], [true, true]]",
22107,q,a,cx_stage3,,"[[[1, 288], [40, 288]], [], [true, true]]",
22108,q,a,cx_stage1,,"[[[2, 291], [40, 291]], [], [true, true]]",
22109,q,a,cx_stage3,,"[[[2, 291], [40, 291]], [], [true, true]]",
22110,q,a,p,,"[[[40, 292]], [], [true]]",
22111,q,a,cx_stage1,,"[[[2, 295], [40, 295]], [], [true, true]]",
22112,q,a,cx_stage3,,"[[[2, 295], [40, 295]], [], [true, true]]",
22113,q,a,cx_stage1,,"[[[3, 298], [40, 298]], [], [true, true]]",
22114,q,a,cx_stage3,,"[[[3, 298], [40, 298]], [], [true, true]]",
22115,q,a,p,,"[[[40, 299]], [], [true]]",
22116,q,a,cx_stage1,,"[[[3, 302], [40, 302]], [], [true, true]]",
22117,q,a,cx_stage3,,"[[[3, 302], [40, 302]], [], [true, true]]",
22118,q,a,cx_stage1,,"[[[4, 305], [40, 305]], [], [true, true]]",
22119,q,a,cx_stage2,,"[[[4, 305], [40, 305]], [], [true, true]]",
22120,q,a,cx_stage3,,"[[[4, 305], [40, 305]], [], [true, true]]",
22121,q,a,p,,"[[[40, 306]], [], [true]]",
22122,q,a,cx_stage1,,"[[[4, 309], [40, 309]], [], [true, true]]",
22123,q,a,cx_stage2,,"[[[4, 309], [40, 309]], [], [true, true]]",
22124,q,a,cx_stage3,,"[[[4, 309], [40, 309]], [], [true, true]]",
22125,q,a,cx_stage1,,"[[[5, 312], [40, 312]], [], [true, true]]",
22126,q,a,cx_stage2,,"[[[5, 312], [40, 312]], [], [true, true]]",
22127,q,a,cx_stage3,,"[[[5, 312], [40, 312]], [], [true, true]]",
22128,q,a,p,,"[[[40, 313]], [], [true]]",
22129,q,a,cx_stage1,,"[[[5, 316], [40, 316]], [], [true, true]]",
22130,q,a,cx_stage2,,"[[[5, 316], [40, 316]], [], [true, true]]",
22131,q,a,cx_stage3,,"[[[5, 316], [40, 316]], [], [true, true]]",
22132,q,a,cx_stage1,,"[[[6, 319], [40, 319]], [], [true, true]]",
22133,q,a,cx_stage2,,"[[[6, 319], [40, 319]], [], [true, true]]",
22134,q,a,cx_stage3,,"[[[6, 319], [40, 319]], [], [true, true]]",
22135,q,a,p,,"[[[40, 320]], [], [true]]",
22136,q,a,cx_stage1,,"[[[6, 323], [40, 323]], [], [true, true]]",
22137,q,a,cx_stage2,,"[[[6, 323], [40, 323]], [], [true, true]]",
22138,q,a,cx_stage3,,"[[[6, 323], [40, 323]], [], [true, true]]",
22139,q,a,cx_stage1,,"[[[7, 326], [40, 326]], [], [true, true]]",
22140,q,a,cx_stage2,,"[[[7, 326], [40, 326]], [], [true, true]]",
22141,q,a,cx_stage3,,"[[[7, 326], [40, 326]], [], [true, true]]",
22142,q,a,p,,"[[[40, 327]], [], [true]]",
22143,q,a,cx_stage1,,"[[[7, 330], [40, 330]], [], [true, true]]",
22144,q,a,cx_stage2,,"[[[7, 330], [40, 330]], [], [true, true]]",
22145,q,a,cx_stage3,,"[[[7, 330], [40, 330]], [], [true, true]]",
22146,q,a,cx_stage1,,"[[[8, 333], [40, 333]], [], [true, true]]",
22147,q,a,cx_stage2,,"[[[8, 333], [40, 333]], [], [true, true]]",
22148,q,a,cx_stage3,,"[[[8, 333], [40, 333]], [], [true, true]]",
22149,q,a,p,,"[[[40, 334]], [], [true]]",
22150,q,a,cx_stage1,,"[[[8, 337], [40, 337]], [], [true, true]]",
22151,q,a,cx_stage2,,"[[[8, 337], [40, 337]], [], [true, true]]",
22152,q,a,cx_stage3,,"[[[8, 337], [40, 337]], [], [true, true]]",
22153,q,a,cx_stage1,,"[[[9, 340], [40, 340]], [], [true, true]]",
22154,q,a,cx_stage2,,"[[[9, 340], [40, 340]], [], [true, true]]",
22155,q,a,cx_stage3,,"[[[9, 340], [40, 340]], [], [true, true]]",
22156,q,a,p,,"[[[40, 341]], [], [true]]",
22157,q,a,cx_stage1,,"[[[9, 344], [40, 344]], [], [true, true]]",
22158,q,a,cx_stage2,,"[[[9, 344], [40, 344]], [], [true, true]]",
22159,q,a,cx_stage3,,"[[[9, 344], [40, 344]], [], [true, true]]",
22160,q,a,cx_stage1,,"[[[10, 347], [40, 347]], [], [true, true]]",
22161,q,a,cx_stage3,,"[[[10, 347], [40, 347]], [], [true, true]]",
22162,q,a,p,,"[[[40, 348]], [], [true]]",
22163,q,a,cx_stage1,,"[[[10, 351], [40, 351]], [], [true, true]]",
22164,q,a,cx_stage3,,"[[[10, 351], [40, 351]], [], [true, true]]",
22165,q,a,cx_stage1,,"[[[11, 354], [40, 354]], [], [true, true]]",
22166,q,a,cx_stage3,,"[[[11, 354], [40, 354]], [], [true, true]]",
22167,q,a,p,,"[[[40, 355]], [], [true]]",
22168,q,a,cx_stage1,,"[[[11, 358], [40, 358]], [], [true, true]]",
22169,q,a,cx_stage3,,"[[[11, 358], [40, 358]], [], [true, true]]",
22170,q,a,cx_stage1,,"[[[12, 361], [40, 361]], [], [true, true]]",
22171,q,a,cx_stage3,,"[[[12, 361], [40, 361]], [], [true, true]]",
22172,q,a,p,,"[[[40, 362]], [], [true]]",
22173,q,a,cx_stage1,,"[[[12, 365], [40, 365]], [], [true, true]]",
22174,q,a,cx_stage3,,"[[[12, 365], [40, 365]], [], [true, true]]",
22175,q,a,cx_stage1,,"[[[13, 368], [40, 368]], [], [true, true]]",
22176,q,a,cx_stage3,,"[[[13, 368], [40, 368]], [], [true, true]]",
22177,q,a,p,,"[[[40, 369]], [], [true]]",
22178,q,a,cx_stage1,,"[[[13, 372], [40, 372]], [], [true, true]]",
22179,q,a,cx_stage3,,"[[[13, 372], [40, 372]], [], [true, true]]",
22180,q,a,cx_stage1,,"[[[14, 375], [40, 375]], [], [true, true]]",
22181,q,a,cx_stage3,,"[[[14, 375], [40, 375]], [], [true, true]]",
22182,q,a,p,,"[[[40, 376]], [], [true]]",
22183,q,a,cx_stage1,,"[[[14, 379], [40, 379]], [], [true, true]]",
22184,q,a,cx_stage3,,"[[[14, 379], [40, 379]], [], [true, true]]",
22185,q,a,cx_stage1,,"[[[15, 382], [40, 382]], [], [true, true]]",
22186,q,a,cx_stage3,,"[[[15, 382], [40, 382]], [], [true, true]]",
22187,q,a,p,,"[[[40, 383]], [], [true]]",
22188,q,a,cx_stage1,,"[[[15, 386], [40, 386]], [], [true, true]]",
22189,q,a,cx_stage3,,"[[[15, 386], [40, 386]], [], [true, true]]",
22190,q,a,cx_stage1,,"[[[16, 389], [40, 389]], [], [true, true]]",
22191,q,a,cx_stage3,,"[[[16, 389], [40, 389]], [], [true, true]]",
22192,q,a,p,,"[[[40, 390]], [], [true]]",
22193,q,a,cx_stage1,,"[[[16, 393], [40, 393]], [], [true, true]]",
22194,q,a,cx_stage3,,"[[[16, 393], [40, 393]], [], [true, true]]",
22195,q,a,cx_stage1,,"[[[17, 396], [40, 396]], [], [true, true]]",
22196,q,a,cx_stage3,,"[[[17, 396], [40, 396]], [], [true, true]]",
22197,q,a,p,,"[[[40, 397]], [], [true]]",
22198,q,a,cx_stage1,,"[[[17, 400], [40, 400]], [], [true, true]]",
22199,q,a,cx_stage3,,"[[[17, 400], [40, 400]], [], [true, true]]",
22200,q,a,cx_stage1,,"[[[18, 403], [40, 403]], [], [true, true]]",
22201,q,a,cx_stage3,,"[[[18, 403], [40, 403]], [], [true, true]]",
22202,q,a,p,,"[[[40, 404]], [], [true]]",
22203,q,a,cx_stage1,,"[[[18, 407], [40, 407]], [], [true, true]]",
22204,q,a,cx_stage3,,"[[[18, 407], [40, 407]], [], [true, true]]",
22205,q,a,cx_stage1,,"[[[19, 410], [40, 410]], [], [true, true]]",
22206,q,a,cx_stage3,,"[[[19, 410], [40, 410]], [], [true, true]]",
22207,q,a,p,,"[[[40, 411]], [], [true]]",
22208,q,a,cx_stage1,,"[[[19, 414], [40, 414]], [], [true, true]]",
22209,q,a,cx_stage3,,"[[[19, 414], [40, 414]], [], [true, true]]",
22210,q,a,cx_stage1,,"[[[20, 417], [40, 417]], [], [true, true]]",
22211,q,a,cx_stage3,,"[[[20, 417], [40, 417]], [], [true, true]]",
22212,q,a,p,,"[[[40, 418]], [], [true]]",
22213,q,a,cx_stage1,,"[[[20, 421], [40, 421]], [], [true, true]]",
22214,q,a,cx_stage3,,"[[[20, 421], [40, 421]], [], [true, true]]",
22215,q,a,cx_stage1,,"[[[21, 424], [40, 424]], [], [true, true]]",
22216,q,a,cx_stage3,,"[[[21, 424], [40, 424]], [], [true, true]]",
22217,q,a,p,,"[[[40, 425]], [], [true]]",
22218,q,a,cx_stage1,,"[[[21, 428], [40, 428]], [], [true, true]]",
22219,q,a,cx_stage3,,"[[[21, 428], [40, 428]], [], [true, true]]",
22220,q,a,cx_stage1,,"[[[22, 431], [40, 431]], [], [true, true]]",
22221,q,a,cx_stage3,,"[[[22, 431], [40, 431]], [], [true, true]]",
22222,q,a,p,,"[[[40, 432]], [], [true]]",
22223,q,a,cx_stage1,,"[[[22, 435], [40, 435]], [], [true, true]]",
22224,q,a,cx_stage3,,"[[[22, 435], [40, 435]], [], [true, true]]",
22225,q,a,cx_stage1,,"[[[23, 438], [40, 438]], [], [true, true]]",
22226,q,a,cx_stage3,,"[[[23, 438], [40, 438]], [], [true, true]]",
22227,q,a,p,,"[[[40, 439]], [], [true]]",
22228,q,a,cx_stage1,,"[[[23, 442], [40, 442]], [], [true, true]]",
22229,q,a,cx_stage3,,"[[[23, 442], [40, 442]], [], [true, true]]",
22230,q,a,cx_stage1,,"[[[24, 445], [40, 445]], [], [true, true]]",
22231,q,a,cx_stage3,,"[[[24, 445], [40, 445]], [], [true, true]]",
22232,q,a,p,,"[[[40, 446]], [], [true]]",
22233,q,a,cx_stage1,,"[[[24, 449], [40, 449]], [], [true, true]]",
22234,q,a,cx_stage3,,"[[[24, 449], [40, 449]], [], [true, true]]",
22235,q,a,cx_stage1,,"[[[25, 452], [40, 452]], [], [true, true]]",
22236,q,a,cx_stage3,,"[[[25, 452], [40, 452]], [], [true, true]]",
22237,q,a,p,,"[[[40, 453]], [], [true]]",
22238,q,a,cx_stage1,,"[[[25, 456], [40, 456]], [], [true, true]]",
22239,q,a,cx_stage3,,"[[[25, 456], [40, 456]], [], [true, true]]",
22240,q,a,cx_stage1,,"[[[26, 459], [40, 459]], [], [true, true]]",
22241,q,a,cx_stage3,,"[[[26, 459], [40, 459]], [], [true, true]]",
22242,q,a,p,,"[[[40, 460]], [], [true]]",
22243,q,a,cx_stage1,,"[[[26, 463], [40, 463]], [], [true, true]]",
22244,q,a,cx_stage3,,"[[[26, 463], [40, 463]], [], [true, true]]",
22245,q,a,cx_stage1,,"[[[27, 466], [40, 466]], [], [true, true]]",
22246,q,a,cx_stage3,,"[[[27, 466], [40, 466]], [], [true, true]]",
22247,q,a,p,,"[[[40, 467]], [], [true]]",
22248,q,a,cx_stage1,,"[[[27, 470], [40, 470]], [], [true, true]]",
22249,q,a,cx_stage3,,"[[[27, 470], [40, 470]], [], [true, true]]",
22250,q,a,cx_stage1,,"[[[28, 473], [40, 473]], [], [true, true]]",
22251,q,a,cx_stage3,,"[[[28, 473], [40, 473]], [], [true, true]]",
22252,q,a,p,,"[[[40, 474]], [], [true]]",
22253,q,a,cx_stage1,,"[[[28, 477], [40, 477]], [], [true, true]]",
22254,q,a,cx_stage3,,"[[[28, 477], [40, 477]], [], [true, true]]",
22255,q,a,cx_stage1,,"[[[29, 480], [40, 480]], [], [true, true]]",
22256,q,a,cx_stage3,,"[[[29, 480], [40, 480]], [], [true, true]]",
22257,q,a,p,,"[[[40, 481]], [], [true]]",
22258,q,a,cx_stage1,,"[[[29, 484], [40, 484]], [], [true, true]]",
22259,q,a,cx_stage3,,"[[[29, 484], [40, 484]], [], [true, true]]",
22260,q,a,cx_stage1,,"[[[30, 487], [40, 487]], [], [true, true]]",
22261,q,a,cx_stage3,,"[[[30, 487], [40, 487]], [], [true, true]]",
22262,q,a,p,,"[[[40, 488]], [], [true]]",
22263,q,a,cx_stage1,,"[[[30, 491], [40, 491]], [], [true, true]]",
22264,q,a,cx_stage3,,"[[[30, 491], [40, 491]], [], [true, true]]",
22265,q,a,cx_stage1,,"[[[31, 494], [40, 494]], [], [true, true]]",
22266,q,a,cx_stage3,,"[[[31, 494], [40, 494]], [], [true, true]]",
22267,q,a,p,,"[[[40, 495]], [], [true]]",
22268,q,a,cx_stage1,,"[[[31, 498], [40, 498]], [], [true, true]]",
22269,q,a,cx_stage3,,"[[[31, 498], [40, 498]], [], [true, true]]",
22270,q,a,cx_stage1,,"[[[32, 501], [40, 501]], [], [true, true]]",
22271,q,a,cx_stage3,,"[[[32, 501], [40, 501]], [], [true, true]]",
22272,q,a,p,,"[[[40, 502]], [], [true]]",
22273,q,a,cx_stage1,,"[[[32, 505], [40, 505]], [], [true, true]]",
22274,q,a,cx_stage3,,"[[[32, 505], [40, 505]], [], [true, true]]",
22275,q,a,cx_stage1,,"[[[33, 508], [40, 508]], [], [true, true]]",
22276,q,a,cx_stage3,,"[[[33, 508], [40, 508]], [], [true, true]]",
22277,q,a,p,,"[[[40, 509]], [], [true]]",
22278,q,a,cx_stage1,,"[[[33, 512], [40, 512]], [], [true, true]]",
22279,q,a,cx_stage3,,"[[[33, 512], [40, 512]], [], [true, true]]",
22280,q,a,cx_stage1,,"[[[34, 515], [40, 515]], [], [true, true]]",
22281,q,a,cx_stage3,,"[[[34, 515], [40, 515]], [], [true, true]]",
22282,q,a,p,,"[[[40, 516]], [], [true]]",
22283,q,a,cx_stage1,,"[[[34, 519], [40, 519]], [], [true, true]]",
22284,q,a,cx_stage3,,"[[[34, 519], [40, 519]], [], [true, true]]",
22285,q,a,cx_stage1,,"[[[35, 522], [40, 522]], [], [true, true]]",
22286,q,a,cx_stage3,,"[[[35, 522], [40, 522]], [], [true, true]]",
22287,q,a,p,,"[[[40, 523]], [], [true]]",
22288,q,a,cx_stage1,,"[[[35, 526], [40, 526]], [], [true, true]]",
22289,q,a,cx_stage3,,"[[[35, 526], [40, 526]], [], [true, true]]",
22290,q,a,cx_stage1,,"[[[36, 529], [40, 529]], [], [true, true]]",
22291,q,a,cx_stage3,,"[[[36, 529], [40, 529]], [], [true, true]]",
22292,q,a,p,,"[[[40, 530]], [], [true]]",
22293,q,a,cx_stage1,,"[[[36, 533], [40, 533]], [], [true, true]]",
22294,q,a,cx_stage3,,"[[[36, 533], [40, 533]], [], [true, true]]",
22295,q,a,cx_stage1,,"[[[37, 536], [40, 536]], [], [true, true]]",
22296,q,a,cx_stage3,,"[[[37, 536], [40, 536]], [], [true, true]]",
22297,q,a,p,,"[[[40, 537]], [], [true]]",
22298,q,a,cx_stage1,,"[[[37, 540], [40, 540]], [], [true, true]]",
22299,q,a,cx_stage3,,"[[[37, 540], [40, 540]], [], [true, true]]",
22300,q,a,cx_stage1,,"[[[38, 543], [40, 543]], [], [true, true]]",
22301,q,a,cx_stage3,,"[[[38, 543], [40, 543]], [], [true, true]]",
22302,q,a,p,,"[[[40, 544]], [], [true]]",
22303,q,a,cx_stage1,,"[[[38, 547], [40, 547]], [], [true, true]]",
22304,q,a,cx_stage3,,"[[[38, 547], [40, 547]], [], [true, true]]",
22305,q,a,cx_stage1,,"[[[39, 550], [40, 550]], [], [true, true]]",
22306,q,a,cx_stage3,,"[[[39, 550], [40, 550]], [], [true, true]]",
22307,q,a,p,,"[[[40, 551]], [], [true]]",
22308,q,a,cx_stage1,,"[[[39, 554], [40, 554]], [], [true, true]]",
22309,q,a,cx_stage3,,"[[[39, 554], [40, 554]], [], [true, true]]",
22310,q,a,cx_stage1,,"[[[40, 564], [41, 564]], [], [true, true]]",
22311,q,a,cx_stage2,,"[[[40, 564], [41, 564]], [], [true, true]]",
22312,q,a,cx_stage3,,"[[[40, 564], [41, 564]], [], [true, true]]",
22313,q,a,cx_stage1,,"[[[40, 568], [41, 568]], [], [true, true]]",
22314,q,a,cx_stage2,,"[[[40, 568], [41, 568]], [], [true, true]]",
22315,q,a,cx_stage3,,"[[[40, 568], [41, 568]], [], [true, true]]",
22316,q,a,cx_stage1,,"[[[40, 571], [42, 571]], [], [true, true]]",
22317,q,a,cx_stage2,,"[[[40, 571], [42, 571]], [], [true, true]]",
22318,q,a,cx_stage3,,"[[[40, 571], [42, 571]], [], [true, true]]",
22319,q,a,cx_stage1,,"[[[40, 575], [42, 575]], [], [true, true]]",
22320,q,a,cx_stage2,,"[[[40, 575], [42, 575]], [], [true, true]]",
22321,q,a,cx_stage3,,"[[[40, 575], [42, 575]], [], [true, true]]",
22322,q,a,cx_stage1,,"[[[40, 578], [43, 578]], [], [true, true]]",
22323,q,a,cx_stage2,,"[[[40, 578], [43, 578]], [], [true, true]]",
22324,q,a,cx_stage3,,"[[[40, 578], [43, 578]], [], [true, true]]",
22325,q,a,cx_stage1,,"[[[40, 582], [43, 582]], [], [true, true]]",
22326,q,a,cx_stage2,,"[[[40, 582], [43, 582]], [], [true, true]]",
22327,q,a,cx_stage3,,"[[[40, 582], [43, 582]], [], [true, true]]",
22328,q,a,cx_stage1,,"[[[40, 585], [44, 585]], [], [true, true]]",
22329,q,a,cx_stage2,,"[[[40, 585], [44, 585]], [], [true, true]]",
22330,q,a,cx_stage3,,"[[[40, 585], [44, 585]], [], [true, true]]",
22331,q,a,cx_stage1,,"[[[40, 589], [44, 589]], [], [true, true]]",
22332,q,a,cx_stage2,,"[[[40, 589], [44, 589]], [], [true, true]]",
22333,q,a,cx_stage3,,"[[[40, 589], [44, 589]], [], [true, true]]",
22334,q,a,cx_stage1,,"[[[40, 592], [45, 592]], [], [true, true]]",
22335,q,a,cx_stage2,,"[[[40, 592], [45, 592]], [], [true, true]]",
22336,q,a,cx_stage3,,"[[[40, 592], [45, 592]], [], [true, true]]",
22337,q,a,cx_stage1,,"[[[40, 596], [45, 596]], [], [true, true]]",
22338,q,a,cx_stage2,,"[[[40, 596], [45, 596]], [], [true, true]]",
22339,q,a,cx_stage3,,"[[[40, 596], [45, 596]], [], [true, true]]",
22340,q,a,cx_stage1,,"[[[40, 599], [46, 599]], [], [true, true]]",
22341,q,a,cx_stage2,,"[[[40, 599], [46, 599]], [], [true, true]]",
22342,q,a,cx_stage3,,"[[[40, 599], [46, 599]], [], [true, true]]",
22343,q,a,cx_stage1,,"[[[40, 603], [46, 603]], [], [true, true]]",
22344,q,a,cx_stage2,,"[[[40, 603], [46, 603]], [], [true, true]]",
22345,q,a,cx_stage3,,"[[[40, 603], [46, 603]], [], [true, true]]",
22346,q,a,cx_stage1,,"[[[40, 606], [47, 606]], [], [true, true]]",
22347,q,a,cx_stage2,,"[[[40, 606], [47, 606]], [], [true, true]]",
22348,q,a,cx_stage3,,"[[[40, 606], [47, 606]], [], [true, true]]",
22349,q,a,cx_stage1,,"[[[40, 610], [47, 610]], [], [true, true]]",
22350,q,a,cx_stage2,,"[[[40, 610], [47, 610]], [], [true, true]]",
22351,q,a,cx_stage3,,"[[[40, 610], [47, 610]], [], [true, true]]",
22352,q,a,cx_stage1,,"[[[40, 613], [48, 613]], [], [true, true]]",
22353,q,a,cx_stage2,,"[[[40, 613], [48, 613]], [], [true, true]]",
22354,q,a,cx_stage3,,"[[[40, 613], [48, 613]], [], [true, true]]",
22355,q,a,cx_stage1,,"[[[40, 617], [48, 617]], [], [true, true]]",
22356,q,a,cx_stage2,,"[[[40, 617], [48, 617]], [], [true, true]]",
22357,q,a,cx_stage3,,"[[[40, 617], [48, 617]], [], [true, true]]",
22358,q,a,cx_stage1,,"[[[40, 620], [49, 620]], [], [true, true]]",
22359,q,a,cx_stage2,,"[[[40, 620], [49, 620]], [], [true, true]]",
22360,q,a,cx_stage3,,"[[[40, 620], [49, 620]], [], [true, true]]",
22361,q,a,cx_stage1,,"[[[40, 624], [49, 624]], [], [true, true]]",
22362,q,a,cx_stage2,,"[[[40, 624], [49, 624]], [], [true, true]]",
22363,q,a,cx_stage3,,"[[[40, 624], [49, 624]], [], [true, true]]",
22364,q,a,cx_stage1,,"[[[40, 627], [50, 627]], [], [true, true]]",
22365,q,a,cx_stage2,,"[[[40, 627], [50, 627]], [], [true, true]]",
22366,q,a,cx_stage3,,"[[[40, 627], [50, 627]], [], [true, true]]",
22367,q,a,cx_stage1,,"[[[40, 631], [50, 631]], [], [true, true]]",
22368,q,a,cx_stage2,,"[[[40, 631], [50, 631]], [], [true, true]]",
22369,q,a,cx_stage3,,"[[[40, 631], [50, 631]], [], [true, true]]",
22370,q,a,cx_stage1,,"[[[40, 634], [51, 634]], [], [true, true]]",
22371,q,a,cx_stage2,,"[[[40, 634], [51, 634]], [], [true, true]]",
22372,q,a,cx_stage3,,"[[[40, 634], [51, 634]], [], [true, true]]",
22373,q,a,cx_stage1,,"[[[40, 638], [51, 638]], [], [true, true]]",
22374,q,a,cx_stage2,,"[[[40, 638], [51, 638]], [], [true, true]]",
22375,q,a,cx_stage3,,"[[[40, 638], [51, 638]], [], [true, true]]",
22376,q,a,cx_stage1,,"[[[40, 641], [52, 641]], [], [true, true]]",
22377,q,a,cx_stage2,,"[[[40, 641], [52, 641]], [], [true, true]]",
22378,q,a,cx_stage3,,"[[[40, 641], [52, 641]], [], [true, true]]",
22379,q,a,cx_stage1,,"[[[40, 645], [52, 645]], [], [true, true]]",
22380,q,a,cx_stage2,,"[[[40, 645], [52, 645]], [], [true, true]]",
22381,q,a,cx_stage3,,"[[[40, 645], [52, 645]], [], [true, true]]",
22382,q,a,cx_stage1,,"[[[40, 648], [53, 648]], [], [true, true]]",
22383,q,a,cx_stage2,,"[[[40, 648], [53, 648]], [], [true, true]]",
22384,q,a,cx_stage3,,"[[[40, 648], [53, 648]], [], [true, true]]",
22385,q,a,cx_stage1,,"[[[40, 652], [53, 652]], [], [true, true]]",
22386,q,a,cx_stage2,,"[[[40, 652], [53, 652]], [], [true, true]]",
22387,q,a,cx_stage3,,"[[[40, 652], [53, 652]], [], [true, true]]",
22388,q,a,cx_stage1,,"[[[40, 655], [54, 655]], [], [true, true]]",
22389,q,a,cx_stage2,,"[[[40, 655], [54, 655]], [], [true, true]]",
22390,q,a,cx_stage3,,"[[[40, 655], [54, 655]], [], [true, true]]",
22391,q,a,cx_stage1,,"[[[40, 659], [54, 659]], [], [true, true]]",
22392,q,a,cx_stage2,,"[[[40, 659], [54, 659]], [], [true, true]]",
22393,q,a,cx_stage3,,"[[[40, 659], [54, 659]], [], [true, true]]",
22394,q,a,cx_stage1,,"[[[40, 662], [55, 662]], [], [true, true]]",
22395,q,a,cx_stage2,,"[[[40, 662], [55, 662]], [], [true, true]]",
22396,q,a,cx_stage3,,"[[[40, 662], [55, 662]], [], [true, true]]",
22397,q,a,cx_stage1,,"[[[40, 666], [55, 666]], [], [true, true]]",
22398,q,a,cx_stage2,,"[[[40, 666], [55, 666]], [], [true, true]]",
22399,q,a,cx_stage3,,"[[[40, 666], [55, 666]], [], [true, true]]",
22400,q,a,u2,,"[[[40, 667]], [], [true]]",
22401,q,a,cx_stage1,,"[[[0, 670], [40, 670]], [], [true, true]]",
22402,q,a,cx_stage3,,"[[[0, 670], [40, 670]], [], [true, true]]",
22403,q,a,p,,"[[[40, 671]], [], [true]]",
22404,q,a,cx_stage1,,"[[[0, 674], [40, 674]], [], [true, true]]",
22405,q,a,cx_stage3,,"[[[0, 674], [40, 674]], [], [true, true]]",
22406,q,a,cx_stage1,,"[[[1, 677], [40, 677]], [], [true, true]]",
22407,q,a,cx_stage3,,"[[[1, 677], [40, 677]], [], [true, true]]",
22408,q,a,p,,"[[[40, 678]], [], [true]]",
22409,q,a,cx_stage1,,"[[[1, 681], [40, 681]], [], [true, true]]",
22410,q,a,cx_stage3,,"[[[1, 681], [40, 681]], [], [true, true]]",
22411,q,a,cx_stage1,,"[[[2, 684], [40, 684]], [], [true, true]]",
22412,q,a,cx_stage3,,"[[[2, 684], [40, 684]], [], [true, true]]",
22413,q,a,p,,"[[[40, 685]], [], [true]]",
22414,q,a,cx_stage1,,"[[[2, 688], [40, 688]], [], [true, true]]",
22415,q,a,cx_stage3,,"[[[2, 688], [40, 688]], [], [true, true]]",
22416,q,a,cx_stage1,,"[[[3, 691], [40, 691]], [], [true, true]]",
22417,q,a,cx_stage3,,"[[[3, 691], [40, 691]], [], [true, true]]",
22418,q,a,p,,"[[[40, 692]], [], [true]]",
22419,q,a,cx_stage1,,"[[[3, 695], [40, 695]], [], [true, true]]",
22420,q,a,cx_stage3,,"[[[3, 695], [40, 695]], [], [true, true]]",
22421,q,a,cx_stage1,,"[[[4, 698], [40, 698]], [], [true, true]]",
22422,q,a,cx_stage2,,"[[[4, 698], [40, 698]], [], [true, true]]",
22423,q,a,cx_stage3,,"[[[4, 698], [40, 698]], [], [true, true]]",
22424,q,a,p,,"[[[40, 699]], [], [true]]",
22425,q,a,cx_stage1,,"[[[4, 702], [40, 702]], [], [true, true]]",
22426,q,a,cx_stage2,,"[[[4, 702], [40, 702]], [], [true, true]]",
22427,q,a,cx_stage3,,"[[[4, 702], [40, 702]], [], [true, true]]",
22428,q,a,cx_stage1,,"[[[5, 705], [40, 705]], [], [true, true]]",
22429,q,a,cx_stage2,,"[[[5, 705], [40, 705]], [], [true, true]]",
22430,q,a,cx_stage3,,"[[[5, 705], [40, 705]], [], [true, true]]",
22431,q,a,p,,"[[[40, 706]], [], [true]]",
22432,q,a,cx_stage1,,"[[[5, 709], [40, 709]], [], [true, true]]",
22433,q,a,cx_stage2,,"[[[5, 709], [40, 709]], [], [true, true]]",
22434,q,a,cx_stage3,,"[[[5, 709], [40, 709]], [], [true, true]]",
22435,q,a,cx_stage1,,"[[[6, 712], [40, 712]], [], [true, true]]",
22436,q,a,cx_stage2,,"[[[6, 712], [40, 712]], [], [true, true]]",
22437,q,a,cx_stage3,,"[[[6, 712], [40, 712]], [], [true, true]]",
22438,q,a,p,,"[[[40, 713]], [], [true]]",
22439,q,a,cx_stage1,,"[[[6, 716], [40, 716]], [], [true, true]]",
22440,q,a,cx_stage2,,"[[[6, 716], [40, 716]], [], [true, true]]",
22441,q,a,cx_stage3,,"[[[6, 716], [40, 716]], [], [true, true]]",
22442,q,a,cx_stage1,,"[[[7, 719], [40, 719]], [], [true, true]]",
22443,q,a,cx_stage2,,"[[[7, 719], [40, 719]], [], [true, true]]",
22444,q,a,cx_stage3,,"[[[7, 719], [40, 719]], [], [true, true]]",
22445,q,a,p,,"[[[40, 720]], [], [true]]",
22446,q,a,cx_stage1,,"[[[7, 723], [40, 723]], [], [true, true]]",
22447,q,a,cx_stage2,,"[[[7, 723], [40, 723]], [], [true, true]]",
22448,q,a,cx_stage3,,"[[[7, 723], [40, 723]], [], [true, true]]",
22449,q,a,cx_stage1,,"[[[8, 726], [40, 726]], [], [true, true]]",
22450,q,a,cx_stage2,,"[[[8, 726], [40, 726]], [], [true, true]]",
22451,q,a,cx_stage3,,"[[[8, 726], [40, 726]], [], [true, true]]",
22452,q,a,p,,"[[[40, 727]], [], [true]]",
22453,q,a,cx_stage1,,"[[[8, 730], [40, 730]], [], [true, true]]",
22454,q,a,cx_stage2,,"[[[8, 730], [40, 730]], [], [true, true]]",
22455,q,a,cx_stage3,,"[[[8, 730], [40, 730]], [], [true, true]]",
22456,q,a,cx_stage1,,"[[[9, 733], [40, 733]], [], [true, true]]",
22457,q,a,cx_stage2,,"[[[9, 733], [40, 733]], [], [true, true]]",
22458,q,a,cx_stage3,,"[[[9, 733], [40, 733]], [], [true, true]]",
22459,q,a,p,,"[[[40, 734]], [], [true]]",
22460,q,a,cx_stage1,,"[[[9, 737], [40, 737]], [], [true, true]]",
22461,q,a,cx_stage2,,"[[[9, 737], [40, 737]], [], [true, true]]",
22462,q,a,cx_stage3,,"[[[9, 737], [40, 737]], [], [true, true]]",
22463,q,a,cx_stage1,,"[[[10, 740], [40, 740]], [], [true, true]]",
22464,q,a,cx_stage3,,"[[[10, 740], [40, 740]], [], [true, true]]",
22465,q,a,p,,"[[[40, 741]], [], [true]]",
22466,q,a,cx_stage1,,"[[[10, 744], [40, 744]], [], [true, true]]",
22467,q,a,cx_stage3,,"[[[10, 744], [40, 744]], [], [true, true]]",
22468,q,a,cx_stage1,,"[[[11, 747], [40, 747]], [], [true, true]]",
22469,q,a,cx_stage3,,"[[[11, 747], [40, 747]], [], [true, true]]",
22470,q,a,p,,"[[[40, 748]], [], [true]]",
22471,q,a,cx_stage1,,"[[[11, 751], [40, 751]], [], [true, true]]",
22472,q,a,cx_stage3,,"[[[11, 751], [40, 751]], [], [true, true]]",
22473,q,a,cx_stage1,,"[[[12, 754], [40, 754]], [], [true, true]]",
22474,q,a,cx_stage3,,"[[[12, 754], [40, 754]], [], [true, true]]",
22475,q,a,p,,"[[[40, 755]], [], [true]]",
22476,q,a,cx_stage1,,"[[[12, 758], [40, 758]], [], [true, true]]",
22477,q,a,cx_stage3,,"[[[12, 758], [40, 758]], [], [true, true]]",
22478,q,a,cx_stage1,,"[[[13, 761], [40, 761]], [], [true, true]]",
22479,q,a,cx_stage3,,"[[[13, 761], [40, 761]], [], [true, true]]",
22480,q,a,p,,"[[[40, 762]], [], [true]]",
22481,q,a,cx_stage1,,"[[[13, 765], [40, 765]], [], [true, true]]",
22482,q,a,cx_stage3,,"[[[13, 765], [40, 765]], [], [true, true]]",
22483,q,a,cx_stage1,,"[[[14, 768], [40, 768]], [], [true, true]]",
22484,q,a,cx_stage3,,"[[[14, 768], [40, 768]], [], [true, true]]",
22485,q,a,p,,"[[[40, 769]], [], [true]]",
22486,q,a,cx_stage1,,"[[[14, 772], [40, 772]], [], [true, true]]",
22487,q,a,cx_stage3,,"[[[14, 772], [40, 772]], [], [true, true]]",
22488,q,a,cx_stage1,,"[[[15, 775], [40, 775]], [], [true, true]]",
22489,q,a,cx_stage3,,"[[[15, 775], [40, 775]], [], [true, true]]",
22490,q,a,p,,"[[[40, 776]], [], [true]]",
22491,q,a,cx_stage1,,"[[[15, 779], [40, 779]], [], [true, true]]",
22492,q,a,cx_stage3,,"[[[15, 779], [40, 779]], [], [true, true]]",
22493,q,a,cx_stage1,,"[[[16, 782], [40, 782]], [], [true, true]]",
22494,q,a,cx_stage3,,"[[[16, 782], [40, 782]], [], [true, true]]",
22495,q,a,p,,"[[[40, 783]], [], [true]]",
22496,q,a,cx_stage1,,"[[[16, 786], [40, 786]], [], [true, true]]",
22497,q,a,cx_stage3,,"[[[16, 786], [40, 786]], [], [true, true]]",
22498,q,a,cx_stage1,,"[[[17, 789], [40, 789]], [], [true, true]]",
22499,q,a,cx_stage3,,"[[[17, 789], [40, 789]], [], [true, true]]",
22500,q,a,p,,"[[[40, 790]], [], [true]]",
22501,q,a,cx_stage1,,"[[[17, 793], [40, 793]], [], [true, true]]",
22502,q,a,cx_stage3,,"[[[17, 793], [40, 793]], [], [true, true]]",
22503,q,a,cx_stage1,,"[[[18, 796], [40, 796]], [], [true, true]]",
22504,q,a,cx_stage3,,"[[[18, 796], [40, 796]], [], [true, true]]",
22505,q,a,p,,"[[[40, 797]], [], [true]]",
22506,q,a,cx_stage1,,"[[[18, 800], [40, 800]], [], [true, true]]",
22507,q,a,cx_stage3,,"[[[18, 800], [40, 800]], [], [true, true]]",
22508,q,a,cx_stage1,,"[[[19, 803], [40, 803]], [], [true, true]]",
22509,q,a,cx_stage3,,"[[[19, 803], [40, 803]], [], [true, true]]",
22510,q,a,p,,"[[[40, 804]], [], [true]]",
22511,q,a,cx_stage1,,"[[[19, 807], [40, 807]], [], [true, true]]",
22512,q,a,cx_stage3,,"[[[19, 807], [40, 807]], [], [true, true]]",
22513,q,a,cx_stage1,,"[[[20, 810], [40, 810]], [], [true, true]]",
22514,q,a,cx_stage3,,"[[[20, 810], [40, 810]], [], [true, true]]",
22515,q,a,p,,"[[[40, 811]], [], [true]]",
22516,q,a,cx_stage1,,"[[[20, 814], [40, 814]], [], [true, true]]",
22517,q,a,cx_stage3,,"[[[20, 814], [40, 814]], [], [true, true]]",
22518,q,a,cx_stage1,,"[[[21, 817], [40, 817]], [], [true, true]]",
22519,q,a,cx_stage3,,"[[[21, 817], [40, 817]], [], [true, true]]",
22520,q,a,p,,"[[[40, 818]], [], [true]]",
22521,q,a,cx_stage1,,"[[[21, 821], [40, 821]], [], [true, true]]",
22522,q,a,cx_stage3,,"[[[21, 821], [40, 821]], [], [true, true]]",
22523,q,a,cx_stage1,,"[[[22, 824], [40, 824]], [], [true, true]]",
22524,q,a,cx_stage3,,"[[[22, 824], [40, 824]], [], [true, true]]",
22525,q,a,p,,"[[[40, 825]], [], [true]]",
22526,q,a,cx_stage1,,"[[[22, 828], [40, 828]], [], [true, true]]",
22527,q,a,cx_stage3,,"[[[22, 828], [40, 828]], [], [true, true]]",
22528,q,a,cx_stage1,,"[[[23, 831], [40, 831]], [], [true, true]]",
22529,q,a,cx_stage3,,"[[[23, 831], [40, 831]], [], [true, true]]",
22530,q,a,p,,"[[[40, 832]], [], [true]]",
22531,q,a,cx_stage1,,"[[[23, 835], [40, 835]], [], [true, true]]",
22532,q,a,cx_stage3,,"[[[23, 835], [40, 835]], [], [true, true]]",
22533,q,a,cx_stage1,,"[[[24, 838], [40, 838]], [], [true, true]]",
22534,q,a,cx_stage3,,"[[[24, 838], [40, 838]], [], [true, true]]",
22535,q,a,p,,"[[[40, 839]], [], [true]]",
22536,q,a,cx_stage1,,"[[[24, 842], [40, 842]], [], [true, true]]",
22537,q,a,cx_stage3,,"[[[24, 842], [40, 842]], [], [true, true]]",
22538,q,a,cx_stage1,,"[[[25, 845], [40, 845]], [], [true, true]]",
22539,q,a,cx_stage3,,"[[[25, 845], [40, 845]], [], [true, true]]",
22540,q,a,p,,"[[[40, 846]], [], [true]]",
22541,q,a,cx_stage1,,"[[[25, 849], [40, 849]], [], [true, true]]",
22542,q,a,cx_stage3,,"[[[25, 849], [40, 849]], [], [true, true]]",
22543,q,a,cx_stage1,,"[[[26, 852], [40, 852]], [], [true, true]]",
22544,q,a,cx_stage3,,"[[[26, 852], [40, 852]], [], [true, true]]",
22545,q,a,p,,"[[[40, 853]], [], [true]]",
22546,q,a,cx_stage1,,"[[[26, 856], [40, 856]], [], [true, true]]",
22547,q,a,cx_stage3,,"[[[26, 856], [40, 856]], [], [true, true]]",
22548,q,a,cx_stage1,,"[[[27, 859], [40, 859]], [], [true, true]]",
22549,q,a,cx_stage3,,"[[[27, 859], [40, 859]], [], [true, true]]",
22550,q,a,p,,"[[[40, 860]], [], [true]]",
22551,q,a,cx_stage1,,"[[[27, 863], [40, 863]], [], [true, true]]",
22552,q,a,cx_stage3,,"[[[27, 863], [40, 863]], [], [true, true]]",
22553,q,a,cx_stage1,,"[[[28, 866], [40, 866]], [], [true, true]]",
22554,q,a,cx_stage3,,"[[[28, 866], [40, 866]], [], [true, true]]",
22555,q,a,p,,"[[[40, 867]], [], [true]]",
22556,q,a,cx_stage1,,"[[[28, 870], [40, 870]], [], [true, true]]",
22557,q,a,cx_stage3,,"[[[28, 870], [40, 870]], [], [true, true]]",
22558,q,a,cx_stage1,,"[[[29, 873], [40, 873]], [], [true, true]]",
22559,q,a,cx_stage3,,"[[[29, 873], [40, 873]], [], [true, true]]",
22560,q,a,p,,"[[[40, 874]], [], [true]]",
22561,q,a,cx_stage1,,"[[[29, 877], [40, 877]], [], [true, true]]",
22562,q,a,cx_stage3,,"[[[29, 877], [40, 877]], [], [true, true]]",
22563,q,a,cx_stage1,,"[[[30, 880], [40, 880]], [], [true, true]]",
22564,q,a,cx_stage3,,"[[[30, 880], [40, 880]], [], [true, true]]",
22565,q,a,p,,"[[[40, 881]], [], [true]]",
22566,q,a,cx_stage1,,"[[[30, 884], [40, 884]], [], [true, true]]",
22567,q,a,cx_stage3,,"[[[30, 884], [40, 884]], [], [true, true]]",
22568,q,a,cx_stage1,,"[[[31, 887], [40, 887]], [], [true, true]]",
22569,q,a,cx_stage3,,"[[[31, 887], [40, 887]], [], [true, true]]",
22570,q,a,p,,"[[[40, 888]], [], [true]]",
22571,q,a,cx_stage1,,"[[[31, 891], [40, 891]], [], [true, true]]",
22572,q,a,cx_stage3,,"[[[31, 891], [40, 891]], [], [true, true]]",
22573,q,a,cx_stage1,,"[[[32, 894], [40, 894]], [], [true, true]]",
22574,q,a,cx_stage3,,"[[[32, 894], [40, 894]], [], [true, true]]",
22575,q,a,p,,"[[[40, 895]], [], [true]]",
22576,q,a,cx_stage1,,"[[[32, 898], [40, 898]], [], [true, true]]",
22577,q,a,cx_stage3,,"[[[32, 898], [40, 898]], [], [true, true]]",
22578,q,a,cx_stage1,,"[[[33, 901], [40, 901]], [], [true, true]]",
22579,q,a,cx_stage3,,"[[[33, 901], [40, 901]], [], [true, true]]",
22580,q,a,p,,"[[[40, 902]], [], [true]]",
22581,q,a,cx_stage1,,"[[[33, 905], [40, 905]], [], [true, true]]",
22582,q,a,cx_stage3,,"[[[33, 905], [40, 905]], [], [true, true]]",
22583,q,a,cx_stage1,,"[[[34, 908], [40, 908]], [], [true, true]]",
22584,q,a,cx_stage3,,"[[[34, 908], [40, 908]], [], [true, true]]",
22585,q,a,p,,"[[[40, 909]], [], [true]]",
22586,q,a,cx_stage1,,"[[[34, 912], [40, 912]], [], [true, true]]",
22587,q,a,cx_stage3,,"[[[34, 912], [40, 912]], [], [true, true]]",
22588,q,a,cx_stage1,,"[[[35, 915], [40, 915]], [], [true, true]]",
22589,q,a,cx_stage3,,"[[[35, 915], [40, 915]], [], [true, true]]",
22590,q,a,p,,"[[[40, 916]], [], [true]]",
22591,q,a,cx_stage1,,"[[[35, 919], [40, 919]], [], [true, true]]",
22592,q,a,cx_stage3,,"[[[35, 919], [40, 919]], [], [true, true]]",
22593,q,a,cx_stage1,,"[[[36, 922], [40, 922]], [], [true, true]]",
22594,q,a,cx_stage3,,"[[[36, 922], [40, 922]], [], [true, true]]",
22595,q,a,p,,"[[[40, 923]], [], [true]]",
22596,q,a,cx_stage1,,"[[[36, 926], [40, 926]], [], [true, true]]",
22597,q,a,cx_stage3,,"[[[36, 926], [40, 926]], [], [true, true]]",
22598,q,a,cx_stage1,,"[[[37, 929], [40, 929]], [], [true, true]]",
22599,q,a,cx_stage3,,"[[[37, 929], [40, 929]], [], [true, true]]",
22600,q,a,p,,"[[[40, 930]], [], [true]]",
22601,q,a,cx_stage1,,"[[[37, 933], [40, 933]], [], [true, true]]",
22602,q,a,cx_stage3,,"[[[37, 933], [40, 933]], [], [true, true]]",
22603,q,a,cx_stage1,,"[[[38, 936], [40, 936]], [], [true, true]]",
22604,q,a,cx_stage3,,"[[[38, 936], [40, 936]], [], [true, true]]",
22605,q,a,p,,"[[[40, 937]], [], [true]]",
22606,q,a,cx_stage1,,"[[[38, 940], [40, 940]], [], [true, true]]",
22607,q,a,cx_stage3,,"[[[38, 940], [40, 940]], [], [true, true]]",
22608,q,a,cx_stage1,,"[[[39, 943], [40, 943]], [], [true, true]]",
22609,q,a,cx_stage3,,"[[[39, 943], [40, 943]], [], [true, true]]",
22610,q,a,p,,"[[[40, 944]], [], [true]]",
22611,q,a,cx_stage1,,"[[[39, 947], [40, 947]], [], [true, true]]",
22612,q,a,cx_stage3,,"[[[39, 947], [40, 947]], [], [true, true]]",
22613,q,a,cx_stage1,,"[[[40, 957], [41, 957]], [], [true, true]]",
22614,q,a,cx_stage2,,"[[[40, 957], [41, 957]], [], [true, true]]",
22615,q,a,cx_stage3,,"[[[40, 957], [41, 957]], [], [true, true]]",
22616,q,a,cx_stage1,,"[[[40, 961], [41, 961]], [], [true, true]]",
22617,q,a,cx_stage2,,"[[[40, 961], [41, 961]], [], [true, true]]",
22618,q,a,cx_stage3,,"[[[40, 961], [41, 961]], [], [true, true]]",
22619,q,a,cx_stage1,,"[[[40, 964], [42, 964]], [], [true, true]]",
22620,q,a,cx_stage2,,"[[[40, 964], [42, 964]], [], [true, true]]",
22621,q,a,cx_stage3,,"[[[40, 964], [42, 964]], [], [true, true]]",
22622,q,a,cx_stage1,,"[[[40, 968], [42, 968]], [], [true, true]]",
22623,q,a,cx_stage2,,"[[[40, 968], [42, 968]], [], [true, true]]",
22624,q,a,cx_stage3,,"[[[40, 968], [42, 968]], [], [true, true]]",
22625,q,a,cx_stage1,,"[[[40, 971], [43, 971]], [], [true, true]]",
22626,q,a,cx_stage2,,"[[[40, 971], [43, 971]], [], [true, true]]",
22627,q,a,cx_stage3,,"[[[40, 971], [43, 971]], [], [true, true]]",
22628,q,a,cx_stage1,,"[[[40, 975], [43, 975]], [], [true, true]]",
22629,q,a,cx_stage2,,"[[[40, 975], [43, 975]], [], [true, true]]",
22630,q,a,cx_stage3,,"[[[40, 975], [43, 975]], [], [true, true]]",
22631,q,a,cx_stage1,,"[[[40, 978], [44, 978]], [], [true, true]]",
22632,q,a,cx_stage2,,"[[[40, 978], [44, 978]], [], [true, true]]",
22633,q,a,cx_stage3,,"[[[40, 978], [44, 978]], [], [true, true]]",
22634,q,a,cx_stage1,,"[[[40, 982], [44, 982]], [], [true, true]]",
22635,q,a,cx_stage2,,"[[[40, 982], [44, 982]], [], [true, true]]",
22636,q,a,cx_stage3,,"[[[40, 982], [44, 982]], [], [true, true]]",
22637,q,a,cx_stage1,,"[[[40, 985], [45, 985]], [], [true, true]]",
22638,q,a,cx_stage2,,"[[[40, 985], [45, 985]], [], [true, true]]",
22639,q,a,cx_stage3,,"[[[40, 985], [45, 985]], [], [true, true]]",
22640,q,a,cx_stage1,,"[[[40, 989], [45, 989]], [], [true, true]]",
22641,q,a,cx_stage2,,"[[[40, 989], [45, 989]], [], [true, true]]",
22642,q,a,cx_stage3,,"[[[40, 989], [45, 989]], [], [true, true]]",
22643,q,a,cx_stage1,,"[[[40, 992], [46, 992]], [], [true, true]]",
22644,q,a,cx_stage2,,"[[[40, 992], [46, 992]], [], [true, true]]",
22645,q,a,cx_stage3,,"[[[40, 992], [46, 992]], [], [true, true]]",
22646,q,a,cx_stage1,,"[[[40, 996], [46, 996]], [], [true, true]]",
22647,q,a,cx_stage2,,"[[[40, 996], [46, 996]], [], [true, true]]",
22648,q,a,cx_stage3,,"[[[40, 996], [46, 996]], [], [true, true]]",
22649,q,a,cx_stage1,,"[[[40, 999], [47, 999]], [], [true, true]]",
22650,q,a,cx_stage2,,"[[[40, 999], [47, 999]], [], [true, true]]",
22651,q,a,cx_stage3,,"[[[40, 999], [47, 999]], [], [true, true]]",
22652,q,a,u2,,"[[[41, 1]], [], [true]]",
22653,q,a,cx_stage1,,"[[[0, 284], [41, 284]], [], [true, true]]",
22654,q,a,cx_stage2,,"[[[41, 1003], [46, 1003]], [], [true, true]]",
22655,q,a,cx_stage1,,"[[[41, 1003], [46, 1003]], [], [true, true]]",
22656,q,a,cx_stage3,,"[[[41, 1003], [46, 1003]], [], [true, true]]",
22657,q,a,cx_stage1,,"[[[41, 1006], [47, 1006]], [], [true, true]]",
22658,q,a,cx_stage2,,"[[[41, 1006], [47, 1006]], [], [true, true]]",
22659,q,a,cx_stage3,,"[[[41, 1006], [47, 1006]], [], [true, true]]",
22660,q,a,cx_stage1,,"[[[41, 1010], [47, 1010]], [], [true, true]]",
22661,q,a,cx_stage2,,"[[[41, 1010], [47, 1010]], [], [true, true]]",
22662,q,a,cx_stage3,,"[[[41, 1010], [47, 1010]], [], [true, true]]",
22663,q,a,cx_stage1,,"[[[41, 1013], [48, 1013]], [], [true, true]]",
22664,q,a,cx_stage2,,"[[[41, 1013], [48, 1013]], [], [true, true]]",
22665,q,a,cx_stage3,,"[[[41, 1013], [48, 1013]], [], [true, true]]",
22666,q,a,cx_stage1,,"[[[41, 1017], [48, 1017]], [], [true, true]]",
22667,q,a,cx_stage2,,"[[[41, 1017], [48, 1017]], [], [true, true]]",
22668,q,a,cx_stage3,,"[[[41, 1017], [48, 1017]], [], [true, true]]",
22669,q,a,cx_stage1,,"[[[41, 1020], [49, 1020]], [], [true, true]]",
22670,q,a,cx_stage2,,"[[[41, 1020], [49, 1020]], [], [true, true]]",
22671,q,a,cx_stage3,,"[[[41, 1020], [49, 1020]], [], [true, true]]",
22672,q,a,cx_stage1,,"[[[41, 1024], [49, 1024]], [], [true, true]]",
22673,q,a,cx_stage2,,"[[[41, 1024], [49, 1024]], [], [true, true]]",
22674,q,a,cx_stage3,,"[[[41, 1024], [49, 1024]], [], [true, true]]",
22675,q,a,cx_stage1,,"[[[41, 1027], [50, 1027]], [], [true, true]]",
22676,q,a,cx_stage2,,"[[[41, 1027], [50, 1027]], [], [true, true]]",
22677,q,a,cx_stage3,,"[[[41, 1027], [50, 1027]], [], [true, true]]",
22678,q,a,cx_stage1,,"[[[41, 1031], [50, 1031]], [], [true, true]]",
22679,q,a,cx_stage2,,"[[[41, 1031], [50, 1031]], [], [true, true]]",
22680,q,a,cx_stage3,,"[[[41, 1031], [50, 1031]], [], [true, true]]",
22681,q,a,cx_stage1,,"[[[41, 1034], [51, 1034]], [], [true, true]]",
22682,q,a,cx_stage2,,"[[[41, 1034], [51, 1034]], [], [true, true]]",
22683,q,a,cx_stage3,,"[[[41, 1034], [51, 1034]], [], [true, true]]",
22684,q,a,cx_stage1,,"[[[41, 1038], [51, 1038]], [], [true, true]]",
22685,q,a,cx_stage2,,"[[[41, 1038], [51, 1038]], [], [true, true]]",
22686,q,a,cx_stage3,,"[[[41, 1038], [51, 1038]], [], [true, true]]",
22687,q,a,cx_stage1,,"[[[41, 1041], [52, 1041]], [], [true, true]]",
22688,q,a,cx_stage2,,"[[[41, 1041], [52, 1041]], [], [true, true]]",
22689,q,a,cx_stage3,,"[[[41, 1041], [52, 1041]], [], [true, true]]",
22690,q,a,cx_stage1,,"[[[41, 1045], [52, 1045]], [], [true, true]]",
22691,q,a,cx_stage2,,"[[[41, 1045], [52, 1045]], [], [true, true]]",
22692,q,a,cx_stage3,,"[[[41, 1045], [52, 1045]], [], [true, true]]",
22693,q,a,cx_stage1,,"[[[41, 1048], [53, 1048]], [], [true, true]]",
22694,q,a,cx_stage2,,"[[[41, 1048], [53, 1048]], [], [true, true]]",
22695,q,a,cx_stage3,,"[[[41, 1048], [53, 1048]], [], [true, true]]",
22696,q,a,cx_stage1,,"[[[41, 1052], [53, 1052]], [], [true, true]]",
22697,q,a,cx_stage2,,"[[[41, 1052], [53, 1052]], [], [true, true]]",
22698,q,a,cx_stage3,,"[[[41, 1052], [53, 1052]], [], [true, true]]",
22699,q,a,cx_stage1,,"[[[41, 1055], [54, 1055]], [], [true, true]]",
22700,q,a,cx_stage2,,"[[[41, 1055], [54, 1055]], [], [true, true]]",
22701,q,a,cx_stage3,,"[[[41, 1055], [54, 1055]], [], [true, true]]",
22702,q,a,cx_stage1,,"[[[41, 1059], [54, 1059]], [], [true, true]]",
22703,q,a,cx_stage2,,"[[[41, 1059], [54, 1059]], [], [true, true]]",
22704,q,a,cx_stage3,,"[[[41, 1059], [54, 1059]], [], [true, true]]",
22705,q,a,cx_stage1,,"[[[41, 1062], [55, 1062]], [], [true, true]]",
22706,q,a,cx_stage2,,"[[[41, 1062], [55, 1062]], [], [true, true]]",
22707,q,a,cx_stage3,,"[[[41, 1062], [55, 1062]], [], [true, true]]",
22708,q,a,cx_stage1,,"[[[41, 1066], [55, 1066]], [], [true, true]]",
22709,q,a,cx_stage2,,"[[[41, 1066], [55, 1066]], [], [true, true]]",
22710,q,a,cx_stage3,,"[[[41, 1066], [55, 1066]], [], [true, true]]",
22711,q,a,ry,,"[[[41, 1067]], [], [true]]",
22712,q,a,cx_stage1,,"[[[41, 1200], [42, 1200]], [], [true, true]]",
22713,q,a,cx_stage2,,"[[[41, 1200], [42, 1200]], [], [true, true]]",
22714,q,a,cx_stage3,,"[[[41, 1200], [42, 1200]], [], [true, true]]",
22715,q,a,cx_stage1,,"[[[40, 1203], [41, 1203]], [], [true, true]]",
22716,q,a,cx_stage3,,"[[[40, 1203], [41, 1203]], [], [true, true]]",
22717,q,a,ry,,"[[[41, 1204]], [], [true]]",
22718,q,a,cx_stage3,,"[[[0, 284], [41, 284]], [], [true, true]]",
22719,q,a,p,,"[[[41, 285]], [], [true]]",
22720,q,a,cx_stage1,,"[[[0, 288], [41, 288]], [], [true, true]]",
22721,q,a,cx_stage3,,"[[[0, 288], [41, 288]], [], [true, true]]",
22722,q,a,cx_stage1,,"[[[1, 291], [41, 291]], [], [true, true]]",
22723,q,a,cx_stage3,,"[[[1, 291], [41, 291]], [], [true, true]]",
22724,q,a,p,,"[[[41, 292]], [], [true]]",
22725,q,a,cx_stage1,,"[[[1, 295], [41, 295]], [], [true, true]]",
22726,q,a,cx_stage3,,"[[[1, 295], [41, 295]], [], [true, true]]",
22727,q,a,cx_stage1,,"[[[2, 298], [41, 298]], [], [true, true]]",
22728,q,a,cx_stage3,,"[[[2, 298], [41, 298]], [], [true, true]]",
22729,q,a,p,,"[[[41, 299]], [], [true]]",
22730,q,a,cx_stage1,,"[[[2, 302], [41, 302]], [], [true, true]]",
22731,q,a,cx_stage3,,"[[[2, 302], [41, 302]], [], [true, true]]",
22732,q,a,cx_stage1,,"[[[3, 305], [41, 305]], [], [true, true]]",
22733,q,a,cx_stage3,,"[[[3, 305], [41, 305]], [], [true, true]]",
22734,q,a,p,,"[[[41, 306]], [], [true]]",
22735,q,a,cx_stage1,,"[[[3, 309], [41, 309]], [], [true, true]]",
22736,q,a,cx_stage3,,"[[[3, 309], [41, 309]], [], [true, true]]",
22737,q,a,cx_stage1,,"[[[4, 312], [41, 312]], [], [true, true]]",
22738,q,a,cx_stage2,,"[[[4, 312], [41, 312]], [], [true, true]]",
22739,q,a,cx_stage3,,"[[[4, 312], [41, 312]], [], [true, true]]",
22740,q,a,p,,"[[[41, 313]], [], [true]]",
22741,q,a,cx_stage1,,"[[[4, 316], [41, 316]], [], [true, true]]",
22742,q,a,cx_stage2,,"[[[4, 316], [41, 316]], [], [true, true]]",
22743,q,a,cx_stage3,,"[[[4, 316], [41, 316]], [], [true, true]]",
22744,q,a,cx_stage1,,"[[[5, 319], [41, 319]], [], [true, true]]",
22745,q,a,cx_stage2,,"[[[5, 319], [41, 319]], [], [true, true]]",
22746,q,a,cx_stage3,,"[[[5, 319], [41, 319]], [], [true, true]]",
22747,q,a,p,,"[[[41, 320]], [], [true]]",
22748,q,a,cx_stage1,,"[[[5, 323], [41, 323]], [], [true, true]]",
22749,q,a,cx_stage2,,"[[[5, 323], [41, 323]], [], [true, true]]",
22750,q,a,cx_stage3,,"[[[5, 323], [41, 323]], [], [true, true]]",
22751,q,a,cx_stage1,,"[[[6, 326], [41, 326]], [], [true, true]]",
22752,q,a,cx_stage2,,"[[[6, 326], [41, 326]], [], [true, true]]",
22753,q,a,cx_stage3,,"[[[6, 326], [41, 326]], [], [true, true]]",
22754,q,a,p,,"[[[41, 327]], [], [true]]",
22755,q,a,cx_stage1,,"[[[6, 330], [41, 330]], [], [true, true]]",
22756,q,a,cx_stage2,,"[[[6, 330], [41, 330]], [], [true, true]]",
22757,q,a,cx_stage3,,"[[[6, 330], [41, 330]], [], [true, true]]",
22758,q,a,cx_stage1,,"[[[7, 333], [41, 333]], [], [true, true]]",
22759,q,a,cx_stage2,,"[[[7, 333], [41, 333]], [], [true, true]]",
22760,q,a,cx_stage3,,"[[[7, 333], [41, 333]], [], [true, true]]",
22761,q,a,p,,"[[[41, 334]], [], [true]]",
22762,q,a,cx_stage1,,"[[[7, 337], [41, 337]], [], [true, true]]",
22763,q,a,cx_stage2,,"[[[7, 337], [41, 337]], [], [true, true]]",
22764,q,a,cx_stage3,,"[[[7, 337], [41, 337]], [], [true, true]]",
22765,q,a,cx_stage1,,"[[[8, 340], [41, 340]], [], [true, true]]",
22766,q,a,cx_stage2,,"[[[8, 340], [41, 340]], [], [true, true]]",
22767,q,a,cx_stage3,,"[[[8, 340], [41, 340]], [], [true, true]]",
22768,q,a,p,,"[[[41, 341]], [], [true]]",
22769,q,a,cx_stage1,,"[[[8, 344], [41, 344]], [], [true, true]]",
22770,q,a,cx_stage2,,"[[[8, 344], [41, 344]], [], [true, true]]",
22771,q,a,cx_stage3,,"[[[8, 344], [41, 344]], [], [true, true]]",
22772,q,a,cx_stage1,,"[[[9, 347], [41, 347]], [], [true, true]]",
22773,q,a,cx_stage2,,"[[[9, 347], [41, 347]], [], [true, true]]",
22774,q,a,cx_stage3,,"[[[9, 347], [41, 347]], [], [true, true]]",
22775,q,a,p,,"[[[41, 348]], [], [true]]",
22776,q,a,cx_stage1,,"[[[9, 351], [41, 351]], [], [true, true]]",
22777,q,a,cx_stage2,,"[[[9, 351], [41, 351]], [], [true, true]]",
22778,q,a,cx_stage3,,"[[[9, 351], [41, 351]], [], [true, true]]",
22779,q,a,cx_stage1,,"[[[10, 354], [41, 354]], [], [true, true]]",
22780,q,a,cx_stage3,,"[[[10, 354], [41, 354]], [], [true, true]]",
22781,q,a,p,,"[[[41, 355]], [], [true]]",
22782,q,a,cx_stage1,,"[[[10, 358], [41, 358]], [], [true, true]]",
22783,q,a,cx_stage3,,"[[[10, 358], [41, 358]], [], [true, true]]",
22784,q,a,cx_stage1,,"[[[11, 361], [41, 361]], [], [true, true]]",
22785,q,a,cx_stage3,,"[[[11, 361], [41, 361]], [], [true, true]]",
22786,q,a,p,,"[[[41, 362]], [], [true]]",
22787,q,a,cx_stage1,,"[[[11, 365], [41, 365]], [], [true, true]]",
22788,q,a,cx_stage3,,"[[[11, 365], [41, 365]], [], [true, true]]",
22789,q,a,cx_stage1,,"[[[12, 368], [41, 368]], [], [true, true]]",
22790,q,a,cx_stage3,,"[[[12, 368], [41, 368]], [], [true, true]]",
22791,q,a,p,,"[[[41, 369]], [], [true]]",
22792,q,a,cx_stage1,,"[[[12, 372], [41, 372]], [], [true, true]]",
22793,q,a,cx_stage3,,"[[[12, 372], [41, 372]], [], [true, true]]",
22794,q,a,cx_stage1,,"[[[13, 375], [41, 375]], [], [true, true]]",
22795,q,a,cx_stage3,,"[[[13, 375], [41, 375]], [], [true, true]]",
22796,q,a,p,,"[[[41, 376]], [], [true]]",
22797,q,a,cx_stage1,,"[[[13, 379], [41, 379]], [], [true, true]]",
22798,q,a,cx_stage3,,"[[[13, 379], [41, 379]], [], [true, true]]",
22799,q,a,cx_stage1,,"[[[14, 382], [41, 382]], [], [true, true]]",
22800,q,a,cx_stage3,,"[[[14, 382], [41, 382]], [], [true, true]]",
22801,q,a,p,,"[[[41, 383]], [], [true]]",
22802,q,a,cx_stage1,,"[[[14, 386], [41, 386]], [], [true, true]]",
22803,q,a,cx_stage3,,"[[[14, 386], [41, 386]], [], [true, true]]",
22804,q,a,cx_stage1,,"[[[15, 389], [41, 389]], [], [true, true]]",
22805,q,a,cx_stage3,,"[[[15, 389], [41, 389]], [], [true, true]]",
22806,q,a,p,,"[[[41, 390]], [], [true]]",
22807,q,a,cx_stage1,,"[[[15, 393], [41, 393]], [], [true, true]]",
22808,q,a,cx_stage3,,"[[[15, 393], [41, 393]], [], [true, true]]",
22809,q,a,cx_stage1,,"[[[16, 396], [41, 396]], [], [true, true]]",
22810,q,a,cx_stage3,,"[[[16, 396], [41, 396]], [], [true, true]]",
22811,q,a,p,,"[[[41, 397]], [], [true]]",
22812,q,a,cx_stage1,,"[[[16, 400], [41, 400]], [], [true, true]]",
22813,q,a,cx_stage3,,"[[[16, 400], [41, 400]], [], [true, true]]",
22814,q,a,cx_stage1,,"[[[17, 403], [41, 403]], [], [true, true]]",
22815,q,a,cx_stage3,,"[[[17, 403], [41, 403]], [], [true, true]]",
22816,q,a,p,,"[[[41, 404]], [], [true]]",
22817,q,a,cx_stage1,,"[[[17, 407], [41, 407]], [], [true, true]]",
22818,q,a,cx_stage3,,"[[[17, 407], [41, 407]], [], [true, true]]",
22819,q,a,cx_stage1,,"[[[18, 410], [41, 410]], [], [true, true]]",
22820,q,a,cx_stage3,,"[[[18, 410], [41, 410]], [], [true, true]]",
22821,q,a,p,,"[[[41, 411]], [], [true]]",
22822,q,a,cx_stage1,,"[[[18, 414], [41, 414]], [], [true, true]]",
22823,q,a,cx_stage3,,"[[[18, 414], [41, 414]], [], [true, true]]",
22824,q,a,cx_stage1,,"[[[19, 417], [41, 417]], [], [true, true]]",
22825,q,a,cx_stage3,,"[[[19, 417], [41, 417]], [], [true, true]]",
22826,q,a,p,,"[[[41, 418]], [], [true]]",
22827,q,a,cx_stage1,,"[[[19, 421], [41, 421]], [], [true, true]]",
22828,q,a,cx_stage3,,"[[[19, 421], [41, 421]], [], [true, true]]",
22829,q,a,cx_stage1,,"[[[20, 424], [41, 424]], [], [true, true]]",
22830,q,a,cx_stage3,,"[[[20, 424], [41, 424]], [], [true, true]]",
22831,q,a,p,,"[[[41, 425]], [], [true]]",
22832,q,a,cx_stage1,,"[[[20, 428], [41, 428]], [], [true, true]]",
22833,q,a,cx_stage3,,"[[[20, 428], [41, 428]], [], [true, true]]",
22834,q,a,cx_stage1,,"[[[21, 431], [41, 431]], [], [true, true]]",
22835,q,a,cx_stage3,,"[[[21, 431], [41, 431]], [], [true, true]]",
22836,q,a,p,,"[[[41, 432]], [], [true]]",
22837,q,a,cx_stage1,,"[[[21, 435], [41, 435]], [], [true, true]]",
22838,q,a,cx_stage3,,"[[[21, 435], [41, 435]], [], [true, true]]",
22839,q,a,cx_stage1,,"[[[22, 438], [41, 438]], [], [true, true]]",
22840,q,a,cx_stage3,,"[[[22, 438], [41, 438]], [], [true, true]]",
22841,q,a,p,,"[[[41, 439]], [], [true]]",
22842,q,a,cx_stage1,,"[[[22, 442], [41, 442]], [], [true, true]]",
22843,q,a,cx_stage3,,"[[[22, 442], [41, 442]], [], [true, true]]",
22844,q,a,cx_stage1,,"[[[23, 445], [41, 445]], [], [true, true]]",
22845,q,a,cx_stage3,,"[[[23, 445], [41, 445]], [], [true, true]]",
22846,q,a,p,,"[[[41, 446]], [], [true]]",
22847,q,a,cx_stage1,,"[[[23, 449], [41, 449]], [], [true, true]]",
22848,q,a,cx_stage3,,"[[[23, 449], [41, 449]], [], [true, true]]",
22849,q,a,cx_stage1,,"[[[24, 452], [41, 452]], [], [true, true]]",
22850,q,a,cx_stage3,,"[[[24, 452], [41, 452]], [], [true, true]]",
22851,q,a,p,,"[[[41, 453]], [], [true]]",
22852,q,a,cx_stage1,,"[[[24, 456], [41, 456]], [], [true, true]]",
22853,q,a,cx_stage3,,"[[[24, 456], [41, 456]], [], [true, true]]",
22854,q,a,cx_stage1,,"[[[25, 459], [41, 459]], [], [true, true]]",
22855,q,a,cx_stage3,,"[[[25, 459], [41, 459]], [], [true, true]]",
22856,q,a,p,,"[[[41, 460]], [], [true]]",
22857,q,a,cx_stage1,,"[[[25, 463], [41, 463]], [], [true, true]]",
22858,q,a,cx_stage3,,"[[[25, 463], [41, 463]], [], [true, true]]",
22859,q,a,cx_stage1,,"[[[26, 466], [41, 466]], [], [true, true]]",
22860,q,a,cx_stage3,,"[[[26, 466], [41, 466]], [], [true, true]]",
22861,q,a,p,,"[[[41, 467]], [], [true]]",
22862,q,a,cx_stage1,,"[[[26, 470], [41, 470]], [], [true, true]]",
22863,q,a,cx_stage3,,"[[[26, 470], [41, 470]], [], [true, true]]",
22864,q,a,cx_stage1,,"[[[27, 473], [41, 473]], [], [true, true]]",
22865,q,a,cx_stage3,,"[[[27, 473], [41, 473]], [], [true, true]]",
22866,q,a,p,,"[[[41, 474]], [], [true]]",
22867,q,a,cx_stage1,,"[[[27, 477], [41, 477]], [], [true, true]]",
22868,q,a,cx_stage3,,"[[[27, 477], [41, 477]], [], [true, true]]",
22869,q,a,cx_stage1,,"[[[28, 480], [41, 480]], [], [true, true]]",
22870,q,a,cx_stage3,,"[[[28, 480], [41, 480]], [], [true, true]]",
22871,q,a,p,,"[[[41, 481]], [], [true]]",
22872,q,a,cx_stage1,,"[[[28, 484], [41, 484]], [], [true, true]]",
22873,q,a,cx_stage3,,"[[[28, 484], [41, 484]], [], [true, true]]",
22874,q,a,cx_stage1,,"[[[29, 487], [41, 487]], [], [true, true]]",
22875,q,a,cx_stage3,,"[[[29, 487], [41, 487]], [], [true, true]]",
22876,q,a,p,,"[[[41, 488]], [], [true]]",
22877,q,a,cx_stage1,,"[[[29, 491], [41, 491]], [], [true, true]]",
22878,q,a,cx_stage3,,"[[[29, 491], [41, 491]], [], [true, true]]",
22879,q,a,cx_stage1,,"[[[30, 494], [41, 494]], [], [true, true]]",
22880,q,a,cx_stage3,,"[[[30, 494], [41, 494]], [], [true, true]]",
22881,q,a,p,,"[[[41, 495]], [], [true]]",
22882,q,a,cx_stage1,,"[[[30, 498], [41, 498]], [], [true, true]]",
22883,q,a,cx_stage3,,"[[[30, 498], [41, 498]], [], [true, true]]",
22884,q,a,cx_stage1,,"[[[31, 501], [41, 501]], [], [true, true]]",
22885,q,a,cx_stage3,,"[[[31, 501], [41, 501]], [], [true, true]]",
22886,q,a,p,,"[[[41, 502]], [], [true]]",
22887,q,a,cx_stage1,,"[[[31, 505], [41, 505]], [], [true, true]]",
22888,q,a,cx_stage3,,"[[[31, 505], [41, 505]], [], [true, true]]",
22889,q,a,cx_stage1,,"[[[32, 508], [41, 508]], [], [true, true]]",
22890,q,a,cx_stage3,,"[[[32, 508], [41, 508]], [], [true, true]]",
22891,q,a,p,,"[[[41, 509]], [], [true]]",
22892,q,a,cx_stage1,,"[[[32, 512], [41, 512]], [], [true, true]]",
22893,q,a,cx_stage3,,"[[[32, 512], [41, 512]], [], [true, true]]",
22894,q,a,cx_stage1,,"[[[33, 515], [41, 515]], [], [true, true]]",
22895,q,a,cx_stage3,,"[[[33, 515], [41, 515]], [], [true, true]]",
22896,q,a,p,,"[[[41, 516]], [], [true]]",
22897,q,a,cx_stage1,,"[[[33, 519], [41, 519]], [], [true, true]]",
22898,q,a,cx_stage3,,"[[[33, 519], [41, 519]], [], [true, true]]",
22899,q,a,cx_stage1,,"[[[34, 522], [41, 522]], [], [true, true]]",
22900,q,a,cx_stage3,,"[[[34, 522], [41, 522]], [], [true, true]]",
22901,q,a,p,,"[[[41, 523]], [], [true]]",
22902,q,a,cx_stage1,,"[[[34, 526], [41, 526]], [], [true, true]]",
22903,q,a,cx_stage3,,"[[[34, 526], [41, 526]], [], [true, true]]",
22904,q,a,cx_stage1,,"[[[35, 529], [41, 529]], [], [true, true]]",
22905,q,a,cx_stage3,,"[[[35, 529], [41, 529]], [], [true, true]]",
22906,q,a,p,,"[[[41, 530]], [], [true]]",
22907,q,a,cx_stage1,,"[[[35, 533], [41, 533]], [], [true, true]]",
22908,q,a,cx_stage3,,"[[[35, 533], [41, 533]], [], [true, true]]",
22909,q,a,cx_stage1,,"[[[36, 536], [41, 536]], [], [true, true]]",
22910,q,a,cx_stage3,,"[[[36, 536], [41, 536]], [], [true, true]]",
22911,q,a,p,,"[[[41, 537]], [], [true]]",
22912,q,a,cx_stage1,,"[[[36, 540], [41, 540]], [], [true, true]]",
22913,q,a,cx_stage3,,"[[[36, 540], [41, 540]], [], [true, true]]",
22914,q,a,cx_stage1,,"[[[37, 543], [41, 543]], [], [true, true]]",
22915,q,a,cx_stage3,,"[[[37, 543], [41, 543]], [], [true, true]]",
22916,q,a,p,,"[[[41, 544]], [], [true]]",
22917,q,a,cx_stage1,,"[[[37, 547], [41, 547]], [], [true, true]]",
22918,q,a,cx_stage3,,"[[[37, 547], [41, 547]], [], [true, true]]",
22919,q,a,cx_stage1,,"[[[38, 550], [41, 550]], [], [true, true]]",
22920,q,a,cx_stage3,,"[[[38, 550], [41, 550]], [], [true, true]]",
22921,q,a,p,,"[[[41, 551]], [], [true]]",
22922,q,a,cx_stage1,,"[[[38, 554], [41, 554]], [], [true, true]]",
22923,q,a,cx_stage3,,"[[[38, 554], [41, 554]], [], [true, true]]",
22924,q,a,cx_stage1,,"[[[39, 557], [41, 557]], [], [true, true]]",
22925,q,a,cx_stage3,,"[[[39, 557], [41, 557]], [], [true, true]]",
22926,q,a,p,,"[[[41, 558]], [], [true]]",
22927,q,a,cx_stage1,,"[[[39, 561], [41, 561]], [], [true, true]]",
22928,q,a,cx_stage3,,"[[[39, 561], [41, 561]], [], [true, true]]",
22929,q,a,cx_stage1,,"[[[40, 564], [41, 564]], [], [true, true]]",
22930,q,a,cx_stage3,,"[[[40, 564], [41, 564]], [], [true, true]]",
22931,q,a,p,,"[[[41, 565]], [], [true]]",
22932,q,a,cx_stage1,,"[[[40, 568], [41, 568]], [], [true, true]]",
22933,q,a,cx_stage3,,"[[[40, 568], [41, 568]], [], [true, true]]",
22934,q,a,cx_stage1,,"[[[41, 578], [42, 578]], [], [true, true]]",
22935,q,a,cx_stage2,,"[[[41, 578], [42, 578]], [], [true, true]]",
22936,q,a,cx_stage3,,"[[[41, 578], [42, 578]], [], [true, true]]",
22937,q,a,cx_stage1,,"[[[41, 582], [42, 582]], [], [true, true]]",
22938,q,a,cx_stage2,,"[[[41, 582], [42, 582]], [], [true, true]]",
22939,q,a,cx_stage3,,"[[[41, 582], [42, 582]], [], [true, true]]",
22940,q,a,cx_stage1,,"[[[41, 585], [43, 585]], [], [true, true]]",
22941,q,a,cx_stage2,,"[[[41, 585], [43, 585]], [], [true, true]]",
22942,q,a,cx_stage3,,"[[[41, 585], [43, 585]], [], [true, true]]",
22943,q,a,cx_stage1,,"[[[41, 589], [43, 589]], [], [true, true]]",
22944,q,a,cx_stage2,,"[[[41, 589], [43, 589]], [], [true, true]]",
22945,q,a,cx_stage3,,"[[[41, 589], [43, 589]], [], [true, true]]",
22946,q,a,cx_stage1,,"[[[41, 592], [44, 592]], [], [true, true]]",
22947,q,a,cx_stage2,,"[[[41, 592], [44, 592]], [], [true, true]]",
22948,q,a,cx_stage3,,"[[[41, 592], [44, 592]], [], [true, true]]",
22949,q,a,cx_stage1,,"[[[41, 596], [44, 596]], [], [true, true]]",
22950,q,a,cx_stage2,,"[[[41, 596], [44, 596]], [], [true, true]]",
22951,q,a,cx_stage3,,"[[[41, 596], [44, 596]], [], [true, true]]",
22952,q,a,cx_stage1,,"[[[41, 599], [45, 599]], [], [true, true]]",
22953,q,a,cx_stage2,,"[[[41, 599], [45, 599]], [], [true, true]]",
22954,q,a,cx_stage3,,"[[[41, 599], [45, 599]], [], [true, true]]",
22955,q,a,cx_stage1,,"[[[41, 603], [45, 603]], [], [true, true]]",
22956,q,a,cx_stage2,,"[[[41, 603], [45, 603]], [], [true, true]]",
22957,q,a,cx_stage3,,"[[[41, 603], [45, 603]], [], [true, true]]",
22958,q,a,cx_stage1,,"[[[41, 606], [46, 606]], [], [true, true]]",
22959,q,a,cx_stage2,,"[[[41, 606], [46, 606]], [], [true, true]]",
22960,q,a,cx_stage3,,"[[[41, 606], [46, 606]], [], [true, true]]",
22961,q,a,cx_stage1,,"[[[41, 610], [46, 610]], [], [true, true]]",
22962,q,a,cx_stage2,,"[[[41, 610], [46, 610]], [], [true, true]]",
22963,q,a,cx_stage3,,"[[[41, 610], [46, 610]], [], [true, true]]",
22964,q,a,cx_stage1,,"[[[41, 613], [47, 613]], [], [true, true]]",
22965,q,a,cx_stage2,,"[[[41, 613], [47, 613]], [], [true, true]]",
22966,q,a,cx_stage3,,"[[[41, 613], [47, 613]], [], [true, true]]",
22967,q,a,cx_stage1,,"[[[41, 617], [47, 617]], [], [true, true]]",
22968,q,a,cx_stage2,,"[[[41, 617], [47, 617]], [], [true, true]]",
22969,q,a,cx_stage3,,"[[[41, 617], [47, 617]], [], [true, true]]",
22970,q,a,cx_stage1,,"[[[41, 620], [48, 620]], [], [true, true]]",
22971,q,a,cx_stage2,,"[[[41, 620], [48, 620]], [], [true, true]]",
22972,q,a,cx_stage3,,"[[[41, 620], [48, 620]], [], [true, true]]",
22973,q,a,cx_stage1,,"[[[41, 624], [48, 624]], [], [true, true]]",
22974,q,a,cx_stage2,,"[[[41, 624], [48, 624]], [], [true, true]]",
22975,q,a,cx_stage3,,"[[[41, 624], [48, 624]], [], [true, true]]",
22976,q,a,cx_stage1,,"[[[41, 627], [49, 627]], [], [true, true]]",
22977,q,a,cx_stage2,,"[[[41, 627], [49, 627]], [], [true, true]]",
22978,q,a,cx_stage3,,"[[[41, 627], [49, 627]], [], [true, true]]",
22979,q,a,cx_stage1,,"[[[41, 631], [49, 631]], [], [true, true]]",
22980,q,a,cx_stage2,,"[[[41, 631], [49, 631]], [], [true, true]]",
22981,q,a,cx_stage3,,"[[[41, 631], [49, 631]], [], [true, true]]",
22982,q,a,cx_stage1,,"[[[41, 634], [50, 634]], [], [true, true]]",
22983,q,a,cx_stage2,,"[[[41, 634], [50, 634]], [], [true, true]]",
22984,q,a,cx_stage3,,"[[[41, 634], [50, 634]], [], [true, true]]",
22985,q,a,cx_stage1,,"[[[41, 638], [50, 638]], [], [true, true]]",
22986,q,a,cx_stage2,,"[[[41, 638], [50, 638]], [], [true, true]]",
22987,q,a,cx_stage3,,"[[[41, 638], [50, 638]], [], [true, true]]",
22988,q,a,cx_stage1,,"[[[41, 641], [51, 641]], [], [true, true]]",
22989,q,a,cx_stage2,,"[[[41, 641], [51, 641]], [], [true, true]]",
22990,q,a,cx_stage3,,"[[[41, 641], [51, 641]], [], [true, true]]",
22991,q,a,cx_stage1,,"[[[41, 645], [51, 645]], [], [true, true]]",
22992,q,a,cx_stage2,,"[[[41, 645], [51, 645]], [], [true, true]]",
22993,q,a,cx_stage3,,"[[[41, 645], [51, 645]], [], [true, true]]",
22994,q,a,cx_stage1,,"[[[41, 648], [52, 648]], [], [true, true]]",
22995,q,a,cx_stage2,,"[[[41, 648], [52, 648]], [], [true, true]]",
22996,q,a,cx_stage3,,"[[[41, 648], [52, 648]], [], [true, true]]",
22997,q,a,cx_stage1,,"[[[41, 652], [52, 652]], [], [true, true]]",
22998,q,a,cx_stage2,,"[[[41, 652], [52, 652]], [], [true, true]]",
22999,q,a,cx_stage3,,"[[[41, 652], [52, 652]], [], [true, true]]",
23000,q,a,cx_stage1,,"[[[41, 655], [53, 655]], [], [true, true]]",
23001,q,a,cx_stage2,,"[[[41, 655], [53, 655]], [], [true, true]]",
23002,q,a,cx_stage3,,"[[[41, 655], [53, 655]], [], [true, true]]",
23003,q,a,cx_stage1,,"[[[41, 659], [53, 659]], [], [true, true]]",
23004,q,a,cx_stage2,,"[[[41, 659], [53, 659]], [], [true, true]]",
23005,q,a,cx_stage3,,"[[[41, 659], [53, 659]], [], [true, true]]",
23006,q,a,cx_stage1,,"[[[41, 662], [54, 662]], [], [true, true]]",
23007,q,a,cx_stage2,,"[[[41, 662], [54, 662]], [], [true, true]]",
23008,q,a,cx_stage3,,"[[[41, 662], [54, 662]], [], [true, true]]",
23009,q,a,cx_stage1,,"[[[41, 666], [54, 666]], [], [true, true]]",
23010,q,a,cx_stage2,,"[[[41, 666], [54, 666]], [], [true, true]]",
23011,q,a,cx_stage3,,"[[[41, 666], [54, 666]], [], [true, true]]",
23012,q,a,cx_stage1,,"[[[41, 669], [55, 669]], [], [true, true]]",
23013,q,a,cx_stage2,,"[[[41, 669], [55, 669]], [], [true, true]]",
23014,q,a,cx_stage3,,"[[[41, 669], [55, 669]], [], [true, true]]",
23015,q,a,cx_stage1,,"[[[41, 673], [55, 673]], [], [true, true]]",
23016,q,a,cx_stage2,,"[[[41, 673], [55, 673]], [], [true, true]]",
23017,q,a,cx_stage3,,"[[[41, 673], [55, 673]], [], [true, true]]",
23018,q,a,u2,,"[[[41, 674]], [], [true]]",
23019,q,a,cx_stage1,,"[[[0, 677], [41, 677]], [], [true, true]]",
23020,q,a,cx_stage3,,"[[[0, 677], [41, 677]], [], [true, true]]",
23021,q,a,p,,"[[[41, 678]], [], [true]]",
23022,q,a,cx_stage1,,"[[[0, 681], [41, 681]], [], [true, true]]",
23023,q,a,cx_stage3,,"[[[0, 681], [41, 681]], [], [true, true]]",
23024,q,a,cx_stage1,,"[[[1, 684], [41, 684]], [], [true, true]]",
23025,q,a,cx_stage3,,"[[[1, 684], [41, 684]], [], [true, true]]",
23026,q,a,p,,"[[[41, 685]], [], [true]]",
23027,q,a,cx_stage1,,"[[[1, 688], [41, 688]], [], [true, true]]",
23028,q,a,cx_stage3,,"[[[1, 688], [41, 688]], [], [true, true]]",
23029,q,a,cx_stage1,,"[[[2, 691], [41, 691]], [], [true, true]]",
23030,q,a,cx_stage3,,"[[[2, 691], [41, 691]], [], [true, true]]",
23031,q,a,p,,"[[[41, 692]], [], [true]]",
23032,q,a,cx_stage1,,"[[[2, 695], [41, 695]], [], [true, true]]",
23033,q,a,cx_stage3,,"[[[2, 695], [41, 695]], [], [true, true]]",
23034,q,a,cx_stage1,,"[[[3, 698], [41, 698]], [], [true, true]]",
23035,q,a,cx_stage3,,"[[[3, 698], [41, 698]], [], [true, true]]",
23036,q,a,p,,"[[[41, 699]], [], [true]]",
23037,q,a,cx_stage1,,"[[[3, 702], [41, 702]], [], [true, true]]",
23038,q,a,cx_stage3,,"[[[3, 702], [41, 702]], [], [true, true]]",
23039,q,a,cx_stage1,,"[[[4, 705], [41, 705]], [], [true, true]]",
23040,q,a,cx_stage2,,"[[[4, 705], [41, 705]], [], [true, true]]",
23041,q,a,cx_stage3,,"[[[4, 705], [41, 705]], [], [true, true]]",
23042,q,a,p,,"[[[41, 706]], [], [true]]",
23043,q,a,cx_stage1,,"[[[4, 709], [41, 709]], [], [true, true]]",
23044,q,a,cx_stage2,,"[[[4, 709], [41, 709]], [], [true, true]]",
23045,q,a,cx_stage3,,"[[[4, 709], [41, 709]], [], [true, true]]",
23046,q,a,cx_stage1,,"[[[5, 712], [41, 712]], [], [true, true]]",
23047,q,a,cx_stage2,,"[[[5, 712], [41, 712]], [], [true, true]]",
23048,q,a,cx_stage3,,"[[[5, 712], [41, 712]], [], [true, true]]",
23049,q,a,p,,"[[[41, 713]], [], [true]]",
23050,q,a,cx_stage1,,"[[[5, 716], [41, 716]], [], [true, true]]",
23051,q,a,cx_stage2,,"[[[5, 716], [41, 716]], [], [true, true]]",
23052,q,a,cx_stage3,,"[[[5, 716], [41, 716]], [], [true, true]]",
23053,q,a,cx_stage1,,"[[[6, 719], [41, 719]], [], [true, true]]",
23054,q,a,cx_stage2,,"[[[6, 719], [41, 719]], [], [true, true]]",
23055,q,a,cx_stage3,,"[[[6, 719], [41, 719]], [], [true, true]]",
23056,q,a,p,,"[[[41, 720]], [], [true]]",
23057,q,a,cx_stage1,,"[[[6, 723], [41, 723]], [], [true, true]]",
23058,q,a,cx_stage2,,"[[[6, 723], [41, 723]], [], [true, true]]",
23059,q,a,cx_stage3,,"[[[6, 723], [41, 723]], [], [true, true]]",
23060,q,a,cx_stage1,,"[[[7, 726], [41, 726]], [], [true, true]]",
23061,q,a,cx_stage2,,"[[[7, 726], [41, 726]], [], [true, true]]",
23062,q,a,cx_stage3,,"[[[7, 726], [41, 726]], [], [true, true]]",
23063,q,a,p,,"[[[41, 727]], [], [true]]",
23064,q,a,cx_stage1,,"[[[7, 730], [41, 730]], [], [true, true]]",
23065,q,a,cx_stage2,,"[[[7, 730], [41, 730]], [], [true, true]]",
23066,q,a,cx_stage3,,"[[[7, 730], [41, 730]], [], [true, true]]",
23067,q,a,cx_stage1,,"[[[8, 733], [41, 733]], [], [true, true]]",
23068,q,a,cx_stage2,,"[[[8, 733], [41, 733]], [], [true, true]]",
23069,q,a,cx_stage3,,"[[[8, 733], [41, 733]], [], [true, true]]",
23070,q,a,p,,"[[[41, 734]], [], [true]]",
23071,q,a,cx_stage1,,"[[[8, 737], [41, 737]], [], [true, true]]",
23072,q,a,cx_stage2,,"[[[8, 737], [41, 737]], [], [true, true]]",
23073,q,a,cx_stage3,,"[[[8, 737], [41, 737]], [], [true, true]]",
23074,q,a,cx_stage1,,"[[[9, 740], [41, 740]], [], [true, true]]",
23075,q,a,cx_stage2,,"[[[9, 740], [41, 740]], [], [true, true]]",
23076,q,a,cx_stage3,,"[[[9, 740], [41, 740]], [], [true, true]]",
23077,q,a,p,,"[[[41, 741]], [], [true]]",
23078,q,a,cx_stage1,,"[[[9, 744], [41, 744]], [], [true, true]]",
23079,q,a,cx_stage2,,"[[[9, 744], [41, 744]], [], [true, true]]",
23080,q,a,cx_stage3,,"[[[9, 744], [41, 744]], [], [true, true]]",
23081,q,a,cx_stage1,,"[[[10, 747], [41, 747]], [], [true, true]]",
23082,q,a,cx_stage3,,"[[[10, 747], [41, 747]], [], [true, true]]",
23083,q,a,p,,"[[[41, 748]], [], [true]]",
23084,q,a,cx_stage1,,"[[[10, 751], [41, 751]], [], [true, true]]",
23085,q,a,cx_stage3,,"[[[10, 751], [41, 751]], [], [true, true]]",
23086,q,a,cx_stage1,,"[[[11, 754], [41, 754]], [], [true, true]]",
23087,q,a,cx_stage3,,"[[[11, 754], [41, 754]], [], [true, true]]",
23088,q,a,p,,"[[[41, 755]], [], [true]]",
23089,q,a,cx_stage1,,"[[[11, 758], [41, 758]], [], [true, true]]",
23090,q,a,cx_stage3,,"[[[11, 758], [41, 758]], [], [true, true]]",
23091,q,a,cx_stage1,,"[[[12, 761], [41, 761]], [], [true, true]]",
23092,q,a,cx_stage3,,"[[[12, 761], [41, 761]], [], [true, true]]",
23093,q,a,p,,"[[[41, 762]], [], [true]]",
23094,q,a,cx_stage1,,"[[[12, 765], [41, 765]], [], [true, true]]",
23095,q,a,cx_stage3,,"[[[12, 765], [41, 765]], [], [true, true]]",
23096,q,a,cx_stage1,,"[[[13, 768], [41, 768]], [], [true, true]]",
23097,q,a,cx_stage3,,"[[[13, 768], [41, 768]], [], [true, true]]",
23098,q,a,p,,"[[[41, 769]], [], [true]]",
23099,q,a,cx_stage1,,"[[[13, 772], [41, 772]], [], [true, true]]",
23100,q,a,cx_stage3,,"[[[13, 772], [41, 772]], [], [true, true]]",
23101,q,a,cx_stage1,,"[[[14, 775], [41, 775]], [], [true, true]]",
23102,q,a,cx_stage3,,"[[[14, 775], [41, 775]], [], [true, true]]",
23103,q,a,p,,"[[[41, 776]], [], [true]]",
23104,q,a,cx_stage1,,"[[[14, 779], [41, 779]], [], [true, true]]",
23105,q,a,cx_stage3,,"[[[14, 779], [41, 779]], [], [true, true]]",
23106,q,a,cx_stage1,,"[[[15, 782], [41, 782]], [], [true, true]]",
23107,q,a,cx_stage3,,"[[[15, 782], [41, 782]], [], [true, true]]",
23108,q,a,p,,"[[[41, 783]], [], [true]]",
23109,q,a,cx_stage1,,"[[[15, 786], [41, 786]], [], [true, true]]",
23110,q,a,cx_stage3,,"[[[15, 786], [41, 786]], [], [true, true]]",
23111,q,a,cx_stage1,,"[[[16, 789], [41, 789]], [], [true, true]]",
23112,q,a,cx_stage3,,"[[[16, 789], [41, 789]], [], [true, true]]",
23113,q,a,p,,"[[[41, 790]], [], [true]]",
23114,q,a,cx_stage1,,"[[[16, 793], [41, 793]], [], [true, true]]",
23115,q,a,cx_stage3,,"[[[16, 793], [41, 793]], [], [true, true]]",
23116,q,a,cx_stage1,,"[[[17, 796], [41, 796]], [], [true, true]]",
23117,q,a,cx_stage3,,"[[[17, 796], [41, 796]], [], [true, true]]",
23118,q,a,p,,"[[[41, 797]], [], [true]]",
23119,q,a,cx_stage1,,"[[[17, 800], [41, 800]], [], [true, true]]",
23120,q,a,cx_stage3,,"[[[17, 800], [41, 800]], [], [true, true]]",
23121,q,a,cx_stage1,,"[[[18, 803], [41, 803]], [], [true, true]]",
23122,q,a,cx_stage3,,"[[[18, 803], [41, 803]], [], [true, true]]",
23123,q,a,p,,"[[[41, 804]], [], [true]]",
23124,q,a,cx_stage1,,"[[[18, 807], [41, 807]], [], [true, true]]",
23125,q,a,cx_stage3,,"[[[18, 807], [41, 807]], [], [true, true]]",
23126,q,a,cx_stage1,,"[[[19, 810], [41, 810]], [], [true, true]]",
23127,q,a,cx_stage3,,"[[[19, 810], [41, 810]], [], [true, true]]",
23128,q,a,p,,"[[[41, 811]], [], [true]]",
23129,q,a,cx_stage1,,"[[[19, 814], [41, 814]], [], [true, true]]",
23130,q,a,cx_stage3,,"[[[19, 814], [41, 814]], [], [true, true]]",
23131,q,a,cx_stage1,,"[[[20, 817], [41, 817]], [], [true, true]]",
23132,q,a,cx_stage3,,"[[[20, 817], [41, 817]], [], [true, true]]",
23133,q,a,p,,"[[[41, 818]], [], [true]]",
23134,q,a,cx_stage1,,"[[[20, 821], [41, 821]], [], [true, true]]",
23135,q,a,cx_stage3,,"[[[20, 821], [41, 821]], [], [true, true]]",
23136,q,a,cx_stage1,,"[[[21, 824], [41, 824]], [], [true, true]]",
23137,q,a,cx_stage3,,"[[[21, 824], [41, 824]], [], [true, true]]",
23138,q,a,p,,"[[[41, 825]], [], [true]]",
23139,q,a,cx_stage1,,"[[[21, 828], [41, 828]], [], [true, true]]",
23140,q,a,cx_stage3,,"[[[21, 828], [41, 828]], [], [true, true]]",
23141,q,a,cx_stage1,,"[[[22, 831], [41, 831]], [], [true, true]]",
23142,q,a,cx_stage3,,"[[[22, 831], [41, 831]], [], [true, true]]",
23143,q,a,p,,"[[[41, 832]], [], [true]]",
23144,q,a,cx_stage1,,"[[[22, 835], [41, 835]], [], [true, true]]",
23145,q,a,cx_stage3,,"[[[22, 835], [41, 835]], [], [true, true]]",
23146,q,a,cx_stage1,,"[[[23, 838], [41, 838]], [], [true, true]]",
23147,q,a,cx_stage3,,"[[[23, 838], [41, 838]], [], [true, true]]",
23148,q,a,p,,"[[[41, 839]], [], [true]]",
23149,q,a,cx_stage1,,"[[[23, 842], [41, 842]], [], [true, true]]",
23150,q,a,cx_stage3,,"[[[23, 842], [41, 842]], [], [true, true]]",
23151,q,a,cx_stage1,,"[[[24, 845], [41, 845]], [], [true, true]]",
23152,q,a,cx_stage3,,"[[[24, 845], [41, 845]], [], [true, true]]",
23153,q,a,p,,"[[[41, 846]], [], [true]]",
23154,q,a,cx_stage1,,"[[[24, 849], [41, 849]], [], [true, true]]",
23155,q,a,cx_stage3,,"[[[24, 849], [41, 849]], [], [true, true]]",
23156,q,a,cx_stage1,,"[[[25, 852], [41, 852]], [], [true, true]]",
23157,q,a,cx_stage3,,"[[[25, 852], [41, 852]], [], [true, true]]",
23158,q,a,p,,"[[[41, 853]], [], [true]]",
23159,q,a,cx_stage1,,"[[[25, 856], [41, 856]], [], [true, true]]",
23160,q,a,cx_stage3,,"[[[25, 856], [41, 856]], [], [true, true]]",
23161,q,a,cx_stage1,,"[[[26, 859], [41, 859]], [], [true, true]]",
23162,q,a,cx_stage3,,"[[[26, 859], [41, 859]], [], [true, true]]",
23163,q,a,p,,"[[[41, 860]], [], [true]]",
23164,q,a,cx_stage1,,"[[[26, 863], [41, 863]], [], [true, true]]",
23165,q,a,cx_stage3,,"[[[26, 863], [41, 863]], [], [true, true]]",
23166,q,a,cx_stage1,,"[[[27, 866], [41, 866]], [], [true, true]]",
23167,q,a,cx_stage3,,"[[[27, 866], [41, 866]], [], [true, true]]",
23168,q,a,p,,"[[[41, 867]], [], [true]]",
23169,q,a,cx_stage1,,"[[[27, 870], [41, 870]], [], [true, true]]",
23170,q,a,cx_stage3,,"[[[27, 870], [41, 870]], [], [true, true]]",
23171,q,a,cx_stage1,,"[[[28, 873], [41, 873]], [], [true, true]]",
23172,q,a,cx_stage3,,"[[[28, 873], [41, 873]], [], [true, true]]",
23173,q,a,p,,"[[[41, 874]], [], [true]]",
23174,q,a,cx_stage1,,"[[[28, 877], [41, 877]], [], [true, true]]",
23175,q,a,cx_stage3,,"[[[28, 877], [41, 877]], [], [true, true]]",
23176,q,a,cx_stage1,,"[[[29, 880], [41, 880]], [], [true, true]]",
23177,q,a,cx_stage3,,"[[[29, 880], [41, 880]], [], [true, true]]",
23178,q,a,p,,"[[[41, 881]], [], [true]]",
23179,q,a,cx_stage1,,"[[[29, 884], [41, 884]], [], [true, true]]",
23180,q,a,cx_stage3,,"[[[29, 884], [41, 884]], [], [true, true]]",
23181,q,a,cx_stage1,,"[[[30, 887], [41, 887]], [], [true, true]]",
23182,q,a,cx_stage3,,"[[[30, 887], [41, 887]], [], [true, true]]",
23183,q,a,p,,"[[[41, 888]], [], [true]]",
23184,q,a,cx_stage1,,"[[[30, 891], [41, 891]], [], [true, true]]",
23185,q,a,cx_stage3,,"[[[30, 891], [41, 891]], [], [true, true]]",
23186,q,a,cx_stage1,,"[[[31, 894], [41, 894]], [], [true, true]]",
23187,q,a,cx_stage3,,"[[[31, 894], [41, 894]], [], [true, true]]",
23188,q,a,p,,"[[[41, 895]], [], [true]]",
23189,q,a,cx_stage1,,"[[[31, 898], [41, 898]], [], [true, true]]",
23190,q,a,cx_stage3,,"[[[31, 898], [41, 898]], [], [true, true]]",
23191,q,a,cx_stage1,,"[[[32, 901], [41, 901]], [], [true, true]]",
23192,q,a,cx_stage3,,"[[[32, 901], [41, 901]], [], [true, true]]",
23193,q,a,p,,"[[[41, 902]], [], [true]]",
23194,q,a,cx_stage1,,"[[[32, 905], [41, 905]], [], [true, true]]",
23195,q,a,cx_stage3,,"[[[32, 905], [41, 905]], [], [true, true]]",
23196,q,a,cx_stage1,,"[[[33, 908], [41, 908]], [], [true, true]]",
23197,q,a,cx_stage3,,"[[[33, 908], [41, 908]], [], [true, true]]",
23198,q,a,p,,"[[[41, 909]], [], [true]]",
23199,q,a,cx_stage1,,"[[[33, 912], [41, 912]], [], [true, true]]",
23200,q,a,cx_stage3,,"[[[33, 912], [41, 912]], [], [true, true]]",
23201,q,a,cx_stage1,,"[[[34, 915], [41, 915]], [], [true, true]]",
23202,q,a,cx_stage3,,"[[[34, 915], [41, 915]], [], [true, true]]",
23203,q,a,p,,"[[[41, 916]], [], [true]]",
23204,q,a,cx_stage1,,"[[[34, 919], [41, 919]], [], [true, true]]",
23205,q,a,cx_stage3,,"[[[34, 919], [41, 919]], [], [true, true]]",
23206,q,a,cx_stage1,,"[[[35, 922], [41, 922]], [], [true, true]]",
23207,q,a,cx_stage3,,"[[[35, 922], [41, 922]], [], [true, true]]",
23208,q,a,p,,"[[[41, 923]], [], [true]]",
23209,q,a,cx_stage1,,"[[[35, 926], [41, 926]], [], [true, true]]",
23210,q,a,cx_stage3,,"[[[35, 926], [41, 926]], [], [true, true]]",
23211,q,a,cx_stage1,,"[[[36, 929], [41, 929]], [], [true, true]]",
23212,q,a,cx_stage3,,"[[[36, 929], [41, 929]], [], [true, true]]",
23213,q,a,p,,"[[[41, 930]], [], [true]]",
23214,q,a,cx_stage1,,"[[[36, 933], [41, 933]], [], [true, true]]",
23215,q,a,cx_stage3,,"[[[36, 933], [41, 933]], [], [true, true]]",
23216,q,a,cx_stage1,,"[[[37, 936], [41, 936]], [], [true, true]]",
23217,q,a,cx_stage3,,"[[[37, 936], [41, 936]], [], [true, true]]",
23218,q,a,p,,"[[[41, 937]], [], [true]]",
23219,q,a,cx_stage1,,"[[[37, 940], [41, 940]], [], [true, true]]",
23220,q,a,cx_stage3,,"[[[37, 940], [41, 940]], [], [true, true]]",
23221,q,a,cx_stage1,,"[[[38, 943], [41, 943]], [], [true, true]]",
23222,q,a,cx_stage3,,"[[[38, 943], [41, 943]], [], [true, true]]",
23223,q,a,p,,"[[[41, 944]], [], [true]]",
23224,q,a,cx_stage1,,"[[[38, 947], [41, 947]], [], [true, true]]",
23225,q,a,cx_stage3,,"[[[38, 947], [41, 947]], [], [true, true]]",
23226,q,a,cx_stage1,,"[[[39, 950], [41, 950]], [], [true, true]]",
23227,q,a,cx_stage3,,"[[[39, 950], [41, 950]], [], [true, true]]",
23228,q,a,p,,"[[[41, 951]], [], [true]]",
23229,q,a,cx_stage1,,"[[[39, 954], [41, 954]], [], [true, true]]",
23230,q,a,cx_stage3,,"[[[39, 954], [41, 954]], [], [true, true]]",
23231,q,a,cx_stage1,,"[[[40, 957], [41, 957]], [], [true, true]]",
23232,q,a,cx_stage3,,"[[[40, 957], [41, 957]], [], [true, true]]",
23233,q,a,p,,"[[[41, 958]], [], [true]]",
23234,q,a,cx_stage1,,"[[[40, 961], [41, 961]], [], [true, true]]",
23235,q,a,cx_stage3,,"[[[40, 961], [41, 961]], [], [true, true]]",
23236,q,a,cx_stage1,,"[[[41, 971], [42, 971]], [], [true, true]]",
23237,q,a,cx_stage2,,"[[[41, 971], [42, 971]], [], [true, true]]",
23238,q,a,cx_stage3,,"[[[41, 971], [42, 971]], [], [true, true]]",
23239,q,a,cx_stage1,,"[[[41, 975], [42, 975]], [], [true, true]]",
23240,q,a,cx_stage2,,"[[[41, 975], [42, 975]], [], [true, true]]",
23241,q,a,cx_stage3,,"[[[41, 975], [42, 975]], [], [true, true]]",
23242,q,a,cx_stage1,,"[[[41, 978], [43, 978]], [], [true, true]]",
23243,q,a,cx_stage2,,"[[[41, 978], [43, 978]], [], [true, true]]",
23244,q,a,cx_stage3,,"[[[41, 978], [43, 978]], [], [true, true]]",
23245,q,a,cx_stage1,,"[[[41, 982], [43, 982]], [], [true, true]]",
23246,q,a,cx_stage2,,"[[[41, 982], [43, 982]], [], [true, true]]",
23247,q,a,cx_stage3,,"[[[41, 982], [43, 982]], [], [true, true]]",
23248,q,a,cx_stage1,,"[[[41, 985], [44, 985]], [], [true, true]]",
23249,q,a,cx_stage2,,"[[[41, 985], [44, 985]], [], [true, true]]",
23250,q,a,cx_stage3,,"[[[41, 985], [44, 985]], [], [true, true]]",
23251,q,a,cx_stage1,,"[[[41, 989], [44, 989]], [], [true, true]]",
23252,q,a,cx_stage2,,"[[[41, 989], [44, 989]], [], [true, true]]",
23253,q,a,cx_stage3,,"[[[41, 989], [44, 989]], [], [true, true]]",
23254,q,a,cx_stage1,,"[[[41, 992], [45, 992]], [], [true, true]]",
23255,q,a,cx_stage2,,"[[[41, 992], [45, 992]], [], [true, true]]",
23256,q,a,cx_stage3,,"[[[41, 992], [45, 992]], [], [true, true]]",
23257,q,a,cx_stage1,,"[[[41, 996], [45, 996]], [], [true, true]]",
23258,q,a,cx_stage2,,"[[[41, 996], [45, 996]], [], [true, true]]",
23259,q,a,cx_stage3,,"[[[41, 996], [45, 996]], [], [true, true]]",
23260,q,a,cx_stage1,,"[[[41, 999], [46, 999]], [], [true, true]]",
23261,q,a,cx_stage2,,"[[[41, 999], [46, 999]], [], [true, true]]",
23262,q,a,cx_stage3,,"[[[41, 999], [46, 999]], [], [true, true]]",
23263,q,a,u2,,"[[[42, 1]], [], [true]]",
23264,q,a,cx_stage1,,"[[[0, 291], [42, 291]], [], [true, true]]",
23265,q,a,cx_stage2,,"[[[42, 1003], [45, 1003]], [], [true, true]]",
23266,q,a,cx_stage1,,"[[[42, 1003], [45, 1003]], [], [true, true]]",
23267,q,a,cx_stage3,,"[[[42, 1003], [45, 1003]], [], [true, true]]",
23268,q,a,cx_stage1,,"[[[42, 1006], [46, 1006]], [], [true, true]]",
23269,q,a,cx_stage2,,"[[[42, 1006], [46, 1006]], [], [true, true]]",
23270,q,a,cx_stage3,,"[[[42, 1006], [46, 1006]], [], [true, true]]",
23271,q,a,cx_stage1,,"[[[42, 1010], [46, 1010]], [], [true, true]]",
23272,q,a,cx_stage2,,"[[[42, 1010], [46, 1010]], [], [true, true]]",
23273,q,a,cx_stage3,,"[[[42, 1010], [46, 1010]], [], [true, true]]",
23274,q,a,cx_stage1,,"[[[42, 1013], [47, 1013]], [], [true, true]]",
23275,q,a,cx_stage2,,"[[[42, 1013], [47, 1013]], [], [true, true]]",
23276,q,a,cx_stage3,,"[[[42, 1013], [47, 1013]], [], [true, true]]",
23277,q,a,cx_stage1,,"[[[42, 1017], [47, 1017]], [], [true, true]]",
23278,q,a,cx_stage2,,"[[[42, 1017], [47, 1017]], [], [true, true]]",
23279,q,a,cx_stage3,,"[[[42, 1017], [47, 1017]], [], [true, true]]",
23280,q,a,cx_stage1,,"[[[42, 1020], [48, 1020]], [], [true, true]]",
23281,q,a,cx_stage2,,"[[[42, 1020], [48, 1020]], [], [true, true]]",
23282,q,a,cx_stage3,,"[[[42, 1020], [48, 1020]], [], [true, true]]",
23283,q,a,cx_stage1,,"[[[42, 1024], [48, 1024]], [], [true, true]]",
23284,q,a,cx_stage2,,"[[[42, 1024], [48, 1024]], [], [true, true]]",
23285,q,a,cx_stage3,,"[[[42, 1024], [48, 1024]], [], [true, true]]",
23286,q,a,cx_stage1,,"[[[42, 1027], [49, 1027]], [], [true, true]]",
23287,q,a,cx_stage2,,"[[[42, 1027], [49, 1027]], [], [true, true]]",
23288,q,a,cx_stage3,,"[[[42, 1027], [49, 1027]], [], [true, true]]",
23289,q,a,cx_stage1,,"[[[42, 1031], [49, 1031]], [], [true, true]]",
23290,q,a,cx_stage2,,"[[[42, 1031], [49, 1031]], [], [true, true]]",
23291,q,a,cx_stage3,,"[[[42, 1031], [49, 1031]], [], [true, true]]",
23292,q,a,cx_stage1,,"[[[42, 1034], [50, 1034]], [], [true, true]]",
23293,q,a,cx_stage2,,"[[[42, 1034], [50, 1034]], [], [true, true]]",
23294,q,a,cx_stage3,,"[[[42, 1034], [50, 1034]], [], [true, true]]",
23295,q,a,cx_stage1,,"[[[42, 1038], [50, 1038]], [], [true, true]]",
23296,q,a,cx_stage2,,"[[[42, 1038], [50, 1038]], [], [true, true]]",
23297,q,a,cx_stage3,,"[[[42, 1038], [50, 1038]], [], [true, true]]",
23298,q,a,cx_stage1,,"[[[42, 1041], [51, 1041]], [], [true, true]]",
23299,q,a,cx_stage2,,"[[[42, 1041], [51, 1041]], [], [true, true]]",
23300,q,a,cx_stage3,,"[[[42, 1041], [51, 1041]], [], [true, true]]",
23301,q,a,cx_stage1,,"[[[42, 1045], [51, 1045]], [], [true, true]]",
23302,q,a,cx_stage2,,"[[[42, 1045], [51, 1045]], [], [true, true]]",
23303,q,a,cx_stage3,,"[[[42, 1045], [51, 1045]], [], [true, true]]",
23304,q,a,cx_stage1,,"[[[42, 1048], [52, 1048]], [], [true, true]]",
23305,q,a,cx_stage2,,"[[[42, 1048], [52, 1048]], [], [true, true]]",
23306,q,a,cx_stage3,,"[[[42, 1048], [52, 1048]], [], [true, true]]",
23307,q,a,cx_stage1,,"[[[42, 1052], [52, 1052]], [], [true, true]]",
23308,q,a,cx_stage2,,"[[[42, 1052], [52, 1052]], [], [true, true]]",
23309,q,a,cx_stage3,,"[[[42, 1052], [52, 1052]], [], [true, true]]",
23310,q,a,cx_stage1,,"[[[42, 1055], [53, 1055]], [], [true, true]]",
23311,q,a,cx_stage2,,"[[[42, 1055], [53, 1055]], [], [true, true]]",
23312,q,a,cx_stage3,,"[[[42, 1055], [53, 1055]], [], [true, true]]",
23313,q,a,cx_stage1,,"[[[42, 1059], [53, 1059]], [], [true, true]]",
23314,q,a,cx_stage2,,"[[[42, 1059], [53, 1059]], [], [true, true]]",
23315,q,a,cx_stage3,,"[[[42, 1059], [53, 1059]], [], [true, true]]",
23316,q,a,cx_stage1,,"[[[42, 1062], [54, 1062]], [], [true, true]]",
23317,q,a,cx_stage2,,"[[[42, 1062], [54, 1062]], [], [true, true]]",
23318,q,a,cx_stage3,,"[[[42, 1062], [54, 1062]], [], [true, true]]",
23319,q,a,cx_stage1,,"[[[42, 1066], [54, 1066]], [], [true, true]]",
23320,q,a,cx_stage2,,"[[[42, 1066], [54, 1066]], [], [true, true]]",
23321,q,a,cx_stage3,,"[[[42, 1066], [54, 1066]], [], [true, true]]",
23322,q,a,cx_stage1,,"[[[42, 1069], [55, 1069]], [], [true, true]]",
23323,q,a,cx_stage2,,"[[[42, 1069], [55, 1069]], [], [true, true]]",
23324,q,a,cx_stage3,,"[[[42, 1069], [55, 1069]], [], [true, true]]",
23325,q,a,cx_stage1,,"[[[42, 1073], [55, 1073]], [], [true, true]]",
23326,q,a,cx_stage2,,"[[[42, 1073], [55, 1073]], [], [true, true]]",
23327,q,a,cx_stage3,,"[[[42, 1073], [55, 1073]], [], [true, true]]",
23328,q,a,ry,,"[[[42, 1074]], [], [true]]",
23329,q,a,cx_stage1,,"[[[42, 1197], [43, 1197]], [], [true, true]]",
23330,q,a,cx_stage2,,"[[[42, 1197], [43, 1197]], [], [true, true]]",
23331,q,a,cx_stage3,,"[[[42, 1197], [43, 1197]], [], [true, true]]",
23332,q,a,cx_stage1,,"[[[41, 1200], [42, 1200]], [], [true, true]]",
23333,q,a,cx_stage3,,"[[[41, 1200], [42, 1200]], [], [true, true]]",
23334,q,a,ry,,"[[[42, 1201]], [], [true]]",
23335,q,a,cx_stage3,,"[[[0, 291], [42, 291]], [], [true, true]]",
23336,q,a,p,,"[[[42, 292]], [], [true]]",
23337,q,a,cx_stage1,,"[[[0, 295], [42, 295]], [], [true, true]]",
23338,q,a,cx_stage3,,"[[[0, 295], [42, 295]], [], [true, true]]",
23339,q,a,cx_stage1,,"[[[1, 298], [42, 298]], [], [true, true]]",
23340,q,a,cx_stage3,,"[[[1, 298], [42, 298]], [], [true, true]]",
23341,q,a,p,,"[[[42, 299]], [], [true]]",
23342,q,a,cx_stage1,,"[[[1, 302], [42, 302]], [], [true, true]]",
23343,q,a,cx_stage3,,"[[[1, 302], [42, 302]], [], [true, true]]",
23344,q,a,cx_stage1,,"[[[2, 305], [42, 305]], [], [true, true]]",
23345,q,a,cx_stage3,,"[[[2, 305], [42, 305]], [], [true, true]]",
23346,q,a,p,,"[[[42, 306]], [], [true]]",
23347,q,a,cx_stage1,,"[[[2, 309], [42, 309]], [], [true, true]]",
23348,q,a,cx_stage3,,"[[[2, 309], [42, 309]], [], [true, true]]",
23349,q,a,cx_stage1,,"[[[3, 312], [42, 312]], [], [true, true]]",
23350,q,a,cx_stage3,,"[[[3, 312], [42, 312]], [], [true, true]]",
23351,q,a,p,,"[[[42, 313]], [], [true]]",
23352,q,a,cx_stage1,,"[[[3, 316], [42, 316]], [], [true, true]]",
23353,q,a,cx_stage3,,"[[[3, 316], [42, 316]], [], [true, true]]",
23354,q,a,cx_stage1,,"[[[4, 319], [42, 319]], [], [true, true]]",
23355,q,a,cx_stage2,,"[[[4, 319], [42, 319]], [], [true, true]]",
23356,q,a,cx_stage3,,"[[[4, 319], [42, 319]], [], [true, true]]",
23357,q,a,p,,"[[[42, 320]], [], [true]]",
23358,q,a,cx_stage1,,"[[[4, 323], [42, 323]], [], [true, true]]",
23359,q,a,cx_stage2,,"[[[4, 323], [42, 323]], [], [true, true]]",
23360,q,a,cx_stage3,,"[[[4, 323], [42, 323]], [], [true, true]]",
23361,q,a,cx_stage1,,"[[[5, 326], [42, 326]], [], [true, true]]",
23362,q,a,cx_stage2,,"[[[5, 326], [42, 326]], [], [true, true]]",
23363,q,a,cx_stage3,,"[[[5, 326], [42, 326]], [], [true, true]]",
23364,q,a,p,,"[[[42, 327]], [], [true]]",
23365,q,a,cx_stage1,,"[[[5, 330], [42, 330]], [], [true, true]]",
23366,q,a,cx_stage2,,"[[[5, 330], [42, 330]], [], [true, true]]",
23367,q,a,cx_stage3,,"[[[5, 330], [42, 330]], [], [true, true]]",
23368,q,a,cx_stage1,,"[[[6, 333], [42, 333]], [], [true, true]]",
23369,q,a,cx_stage2,,"[[[6, 333], [42, 333]], [], [true, true]]",
23370,q,a,cx_stage3,,"[[[6, 333], [42, 333]], [], [true, true]]",
23371,q,a,p,,"[[[42, 334]], [], [true]]",
23372,q,a,cx_stage1,,"[[[6, 337], [42, 337]], [], [true, true]]",
23373,q,a,cx_stage2,,"[[[6, 337], [42, 337]], [], [true, true]]",
23374,q,a,cx_stage3,,"[[[6, 337], [42, 337]], [], [true, true]]",
23375,q,a,cx_stage1,,"[[[7, 340], [42, 340]], [], [true, true]]",
23376,q,a,cx_stage2,,"[[[7, 340], [42, 340]], [], [true, true]]",
23377,q,a,cx_stage3,,"[[[7, 340], [42, 340]], [], [true, true]]",
23378,q,a,p,,"[[[42, 341]], [], [true]]",
23379,q,a,cx_stage1,,"[[[7, 344], [42, 344]], [], [true, true]]",
23380,q,a,cx_stage2,,"[[[7, 344], [42, 344]], [], [true, true]]",
23381,q,a,cx_stage3,,"[[[7, 344], [42, 344]], [], [true, true]]",
23382,q,a,cx_stage1,,"[[[8, 347], [42, 347]], [], [true, true]]",
23383,q,a,cx_stage2,,"[[[8, 347], [42, 347]], [], [true, true]]",
23384,q,a,cx_stage3,,"[[[8, 347], [42, 347]], [], [true, true]]",
23385,q,a,p,,"[[[42, 348]], [], [true]]",
23386,q,a,cx_stage1,,"[[[8, 351], [42, 351]], [], [true, true]]",
23387,q,a,cx_stage2,,"[[[8, 351], [42, 351]], [], [true, true]]",
23388,q,a,cx_stage3,,"[[[8, 351], [42, 351]], [], [true, true]]",
23389,q,a,cx_stage1,,"[[[9, 354], [42, 354]], [], [true, true]]",
23390,q,a,cx_stage2,,"[[[9, 354], [42, 354]], [], [true, true]]",
23391,q,a,cx_stage3,,"[[[9, 354], [42, 354]], [], [true, true]]",
23392,q,a,p,,"[[[42, 355]], [], [true]]",
23393,q,a,cx_stage1,,"[[[9, 358], [42, 358]], [], [true, true]]",
23394,q,a,cx_stage2,,"[[[9, 358], [42, 358]], [], [true, true]]",
23395,q,a,cx_stage3,,"[[[9, 358], [42, 358]], [], [true, true]]",
23396,q,a,cx_stage1,,"[[[10, 361], [42, 361]], [], [true, true]]",
23397,q,a,cx_stage3,,"[[[10, 361], [42, 361]], [], [true, true]]",
23398,q,a,p,,"[[[42, 362]], [], [true]]",
23399,q,a,cx_stage1,,"[[[10, 365], [42, 365]], [], [true, true]]",
23400,q,a,cx_stage3,,"[[[10, 365], [42, 365]], [], [true, true]]",
23401,q,a,cx_stage1,,"[[[11, 368], [42, 368]], [], [true, true]]",
23402,q,a,cx_stage3,,"[[[11, 368], [42, 368]], [], [true, true]]",
23403,q,a,p,,"[[[42, 369]], [], [true]]",
23404,q,a,cx_stage1,,"[[[11, 372], [42, 372]], [], [true, true]]",
23405,q,a,cx_stage3,,"[[[11, 372], [42, 372]], [], [true, true]]",
23406,q,a,cx_stage1,,"[[[12, 375], [42, 375]], [], [true, true]]",
23407,q,a,cx_stage3,,"[[[12, 375], [42, 375]], [], [true, true]]",
23408,q,a,p,,"[[[42, 376]], [], [true]]",
23409,q,a,cx_stage1,,"[[[12, 379], [42, 379]], [], [true, true]]",
23410,q,a,cx_stage3,,"[[[12, 379], [42, 379]], [], [true, true]]",
23411,q,a,cx_stage1,,"[[[13, 382], [42, 382]], [], [true, true]]",
23412,q,a,cx_stage3,,"[[[13, 382], [42, 382]], [], [true, true]]",
23413,q,a,p,,"[[[42, 383]], [], [true]]",
23414,q,a,cx_stage1,,"[[[13, 386], [42, 386]], [], [true, true]]",
23415,q,a,cx_stage3,,"[[[13, 386], [42, 386]], [], [true, true]]",
23416,q,a,cx_stage1,,"[[[14, 389], [42, 389]], [], [true, true]]",
23417,q,a,cx_stage3,,"[[[14, 389], [42, 389]], [], [true, true]]",
23418,q,a,p,,"[[[42, 390]], [], [true]]",
23419,q,a,cx_stage1,,"[[[14, 393], [42, 393]], [], [true, true]]",
23420,q,a,cx_stage3,,"[[[14, 393], [42, 393]], [], [true, true]]",
23421,q,a,cx_stage1,,"[[[15, 396], [42, 396]], [], [true, true]]",
23422,q,a,cx_stage3,,"[[[15, 396], [42, 396]], [], [true, true]]",
23423,q,a,p,,"[[[42, 397]], [], [true]]",
23424,q,a,cx_stage1,,"[[[15, 400], [42, 400]], [], [true, true]]",
23425,q,a,cx_stage3,,"[[[15, 400], [42, 400]], [], [true, true]]",
23426,q,a,cx_stage1,,"[[[16, 403], [42, 403]], [], [true, true]]",
23427,q,a,cx_stage3,,"[[[16, 403], [42, 403]], [], [true, true]]",
23428,q,a,p,,"[[[42, 404]], [], [true]]",
23429,q,a,cx_stage1,,"[[[16, 407], [42, 407]], [], [true, true]]",
23430,q,a,cx_stage3,,"[[[16, 407], [42, 407]], [], [true, true]]",
23431,q,a,cx_stage1,,"[[[17, 410], [42, 410]], [], [true, true]]",
23432,q,a,cx_stage3,,"[[[17, 410], [42, 410]], [], [true, true]]",
23433,q,a,p,,"[[[42, 411]], [], [true]]",
23434,q,a,cx_stage1,,"[[[17, 414], [42, 414]], [], [true, true]]",
23435,q,a,cx_stage3,,"[[[17, 414], [42, 414]], [], [true, true]]",
23436,q,a,cx_stage1,,"[[[18, 417], [42, 417]], [], [true, true]]",
23437,q,a,cx_stage3,,"[[[18, 417], [42, 417]], [], [true, true]]",
23438,q,a,p,,"[[[42, 418]], [], [true]]",
23439,q,a,cx_stage1,,"[[[18, 421], [42, 421]], [], [true, true]]",
23440,q,a,cx_stage3,,"[[[18, 421], [42, 421]], [], [true, true]]",
23441,q,a,cx_stage1,,"[[[19, 424], [42, 424]], [], [true, true]]",
23442,q,a,cx_stage3,,"[[[19, 424], [42, 424]], [], [true, true]]",
23443,q,a,p,,"[[[42, 425]], [], [true]]",
23444,q,a,cx_stage1,,"[[[19, 428], [42, 428]], [], [true, true]]",
23445,q,a,cx_stage3,,"[[[19, 428], [42, 428]], [], [true, true]]",
23446,q,a,cx_stage1,,"[[[20, 431], [42, 431]], [], [true, true]]",
23447,q,a,cx_stage3,,"[[[20, 431], [42, 431]], [], [true, true]]",
23448,q,a,p,,"[[[42, 432]], [], [true]]",
23449,q,a,cx_stage1,,"[[[20, 435], [42, 435]], [], [true, true]]",
23450,q,a,cx_stage3,,"[[[20, 435], [42, 435]], [], [true, true]]",
23451,q,a,cx_stage1,,"[[[21, 438], [42, 438]], [], [true, true]]",
23452,q,a,cx_stage3,,"[[[21, 438], [42, 438]], [], [true, true]]",
23453,q,a,p,,"[[[42, 439]], [], [true]]",
23454,q,a,cx_stage1,,"[[[21, 442], [42, 442]], [], [true, true]]",
23455,q,a,cx_stage3,,"[[[21, 442], [42, 442]], [], [true, true]]",
23456,q,a,cx_stage1,,"[[[22, 445], [42, 445]], [], [true, true]]",
23457,q,a,cx_stage3,,"[[[22, 445], [42, 445]], [], [true, true]]",
23458,q,a,p,,"[[[42, 446]], [], [true]]",
23459,q,a,cx_stage1,,"[[[22, 449], [42, 449]], [], [true, true]]",
23460,q,a,cx_stage3,,"[[[22, 449], [42, 449]], [], [true, true]]",
23461,q,a,cx_stage1,,"[[[23, 452], [42, 452]], [], [true, true]]",
23462,q,a,cx_stage3,,"[[[23, 452], [42, 452]], [], [true, true]]",
23463,q,a,p,,"[[[42, 453]], [], [true]]",
23464,q,a,cx_stage1,,"[[[23, 456], [42, 456]], [], [true, true]]",
23465,q,a,cx_stage3,,"[[[23, 456], [42, 456]], [], [true, true]]",
23466,q,a,cx_stage1,,"[[[24, 459], [42, 459]], [], [true, true]]",
23467,q,a,cx_stage3,,"[[[24, 459], [42, 459]], [], [true, true]]",
23468,q,a,p,,"[[[42, 460]], [], [true]]",
23469,q,a,cx_stage1,,"[[[24, 463], [42, 463]], [], [true, true]]",
23470,q,a,cx_stage3,,"[[[24, 463], [42, 463]], [], [true, true]]",
23471,q,a,cx_stage1,,"[[[25, 466], [42, 466]], [], [true, true]]",
23472,q,a,cx_stage3,,"[[[25, 466], [42, 466]], [], [true, true]]",
23473,q,a,p,,"[[[42, 467]], [], [true]]",
23474,q,a,cx_stage1,,"[[[25, 470], [42, 470]], [], [true, true]]",
23475,q,a,cx_stage3,,"[[[25, 470], [42, 470]], [], [true, true]]",
23476,q,a,cx_stage1,,"[[[26, 473], [42, 473]], [], [true, true]]",
23477,q,a,cx_stage3,,"[[[26, 473], [42, 473]], [], [true, true]]",
23478,q,a,p,,"[[[42, 474]], [], [true]]",
23479,q,a,cx_stage1,,"[[[26, 477], [42, 477]], [], [true, true]]",
23480,q,a,cx_stage3,,"[[[26, 477], [42, 477]], [], [true, true]]",
23481,q,a,cx_stage1,,"[[[27, 480], [42, 480]], [], [true, true]]",
23482,q,a,cx_stage3,,"[[[27, 480], [42, 480]], [], [true, true]]",
23483,q,a,p,,"[[[42, 481]], [], [true]]",
23484,q,a,cx_stage1,,"[[[27, 484], [42, 484]], [], [true, true]]",
23485,q,a,cx_stage3,,"[[[27, 484], [42, 484]], [], [true, true]]",
23486,q,a,cx_stage1,,"[[[28, 487], [42, 487]], [], [true, true]]",
23487,q,a,cx_stage3,,"[[[28, 487], [42, 487]], [], [true, true]]",
23488,q,a,p,,"[[[42, 488]], [], [true]]",
23489,q,a,cx_stage1,,"[[[28, 491], [42, 491]], [], [true, true]]",
23490,q,a,cx_stage3,,"[[[28, 491], [42, 491]], [], [true, true]]",
23491,q,a,cx_stage1,,"[[[29, 494], [42, 494]], [], [true, true]]",
23492,q,a,cx_stage3,,"[[[29, 494], [42, 494]], [], [true, true]]",
23493,q,a,p,,"[[[42, 495]], [], [true]]",
23494,q,a,cx_stage1,,"[[[29, 498], [42, 498]], [], [true, true]]",
23495,q,a,cx_stage3,,"[[[29, 498], [42, 498]], [], [true, true]]",
23496,q,a,cx_stage1,,"[[[30, 501], [42, 501]], [], [true, true]]",
23497,q,a,cx_stage3,,"[[[30, 501], [42, 501]], [], [true, true]]",
23498,q,a,p,,"[[[42, 502]], [], [true]]",
23499,q,a,cx_stage1,,"[[[30, 505], [42, 505]], [], [true, true]]",
23500,q,a,cx_stage3,,"[[[30, 505], [42, 505]], [], [true, true]]",
23501,q,a,cx_stage1,,"[[[31, 508], [42, 508]], [], [true, true]]",
23502,q,a,cx_stage3,,"[[[31, 508], [42, 508]], [], [true, true]]",
23503,q,a,p,,"[[[42, 509]], [], [true]]",
23504,q,a,cx_stage1,,"[[[31, 512], [42, 512]], [], [true, true]]",
23505,q,a,cx_stage3,,"[[[31, 512], [42, 512]], [], [true, true]]",
23506,q,a,cx_stage1,,"[[[32, 515], [42, 515]], [], [true, true]]",
23507,q,a,cx_stage3,,"[[[32, 515], [42, 515]], [], [true, true]]",
23508,q,a,p,,"[[[42, 516]], [], [true]]",
23509,q,a,cx_stage1,,"[[[32, 519], [42, 519]], [], [true, true]]",
23510,q,a,cx_stage3,,"[[[32, 519], [42, 519]], [], [true, true]]",
23511,q,a,cx_stage1,,"[[[33, 522], [42, 522]], [], [true, true]]",
23512,q,a,cx_stage3,,"[[[33, 522], [42, 522]], [], [true, true]]",
23513,q,a,p,,"[[[42, 523]], [], [true]]",
23514,q,a,cx_stage1,,"[[[33, 526], [42, 526]], [], [true, true]]",
23515,q,a,cx_stage3,,"[[[33, 526], [42, 526]], [], [true, true]]",
23516,q,a,cx_stage1,,"[[[34, 529], [42, 529]], [], [true, true]]",
23517,q,a,cx_stage3,,"[[[34, 529], [42, 529]], [], [true, true]]",
23518,q,a,p,,"[[[42, 530]], [], [true]]",
23519,q,a,cx_stage1,,"[[[34, 533], [42, 533]], [], [true, true]]",
23520,q,a,cx_stage3,,"[[[34, 533], [42, 533]], [], [true, true]]",
23521,q,a,cx_stage1,,"[[[35, 536], [42, 536]], [], [true, true]]",
23522,q,a,cx_stage3,,"[[[35, 536], [42, 536]], [], [true, true]]",
23523,q,a,p,,"[[[42, 537]], [], [true]]",
23524,q,a,cx_stage1,,"[[[35, 540], [42, 540]], [], [true, true]]",
23525,q,a,cx_stage3,,"[[[35, 540], [42, 540]], [], [true, true]]",
23526,q,a,cx_stage1,,"[[[36, 543], [42, 543]], [], [true, true]]",
23527,q,a,cx_stage3,,"[[[36, 543], [42, 543]], [], [true, true]]",
23528,q,a,p,,"[[[42, 544]], [], [true]]",
23529,q,a,cx_stage1,,"[[[36, 547], [42, 547]], [], [true, true]]",
23530,q,a,cx_stage3,,"[[[36, 547], [42, 547]], [], [true, true]]",
23531,q,a,cx_stage1,,"[[[37, 550], [42, 550]], [], [true, true]]",
23532,q,a,cx_stage3,,"[[[37, 550], [42, 550]], [], [true, true]]",
23533,q,a,p,,"[[[42, 551]], [], [true]]",
23534,q,a,cx_stage1,,"[[[37, 554], [42, 554]], [], [true, true]]",
23535,q,a,cx_stage3,,"[[[37, 554], [42, 554]], [], [true, true]]",
23536,q,a,cx_stage1,,"[[[38, 557], [42, 557]], [], [true, true]]",
23537,q,a,cx_stage3,,"[[[38, 557], [42, 557]], [], [true, true]]",
23538,q,a,p,,"[[[42, 558]], [], [true]]",
23539,q,a,cx_stage1,,"[[[38, 561], [42, 561]], [], [true, true]]",
23540,q,a,cx_stage3,,"[[[38, 561], [42, 561]], [], [true, true]]",
23541,q,a,cx_stage1,,"[[[39, 564], [42, 564]], [], [true, true]]",
23542,q,a,cx_stage3,,"[[[39, 564], [42, 564]], [], [true, true]]",
23543,q,a,p,,"[[[42, 565]], [], [true]]",
23544,q,a,cx_stage1,,"[[[39, 568], [42, 568]], [], [true, true]]",
23545,q,a,cx_stage3,,"[[[39, 568], [42, 568]], [], [true, true]]",
23546,q,a,cx_stage1,,"[[[40, 571], [42, 571]], [], [true, true]]",
23547,q,a,cx_stage3,,"[[[40, 571], [42, 571]], [], [true, true]]",
23548,q,a,p,,"[[[42, 572]], [], [true]]",
23549,q,a,cx_stage1,,"[[[40, 575], [42, 575]], [], [true, true]]",
23550,q,a,cx_stage3,,"[[[40, 575], [42, 575]], [], [true, true]]",
23551,q,a,cx_stage1,,"[[[41, 578], [42, 578]], [], [true, true]]",
23552,q,a,cx_stage3,,"[[[41, 578], [42, 578]], [], [true, true]]",
23553,q,a,p,,"[[[42, 579]], [], [true]]",
23554,q,a,cx_stage1,,"[[[41, 582], [42, 582]], [], [true, true]]",
23555,q,a,cx_stage3,,"[[[41, 582], [42, 582]], [], [true, true]]",
23556,q,a,cx_stage1,,"[[[42, 592], [43, 592]], [], [true, true]]",
23557,q,a,cx_stage2,,"[[[42, 592], [43, 592]], [], [true, true]]",
23558,q,a,cx_stage3,,"[[[42, 592], [43, 592]], [], [true, true]]",
23559,q,a,cx_stage1,,"[[[42, 596], [43, 596]], [], [true, true]]",
23560,q,a,cx_stage2,,"[[[42, 596], [43, 596]], [], [true, true]]",
23561,q,a,cx_stage3,,"[[[42, 596], [43, 596]], [], [true, true]]",
23562,q,a,cx_stage1,,"[[[42, 599], [44, 599]], [], [true, true]]",
23563,q,a,cx_stage2,,"[[[42, 599], [44, 599]], [], [true, true]]",
23564,q,a,cx_stage3,,"[[[42, 599], [44, 599]], [], [true, true]]",
23565,q,a,cx_stage1,,"[[[42, 603], [44, 603]], [], [true, true]]",
23566,q,a,cx_stage2,,"[[[42, 603], [44, 603]], [], [true, true]]",
23567,q,a,cx_stage3,,"[[[42, 603], [44, 603]], [], [true, true]]",
23568,q,a,cx_stage1,,"[[[42, 606], [45, 606]], [], [true, true]]",
23569,q,a,cx_stage2,,"[[[42, 606], [45, 606]], [], [true, true]]",
23570,q,a,cx_stage3,,"[[[42, 606], [45, 606]], [], [true, true]]",
23571,q,a,cx_stage1,,"[[[42, 610], [45, 610]], [], [true, true]]",
23572,q,a,cx_stage2,,"[[[42, 610], [45, 610]], [], [true, true]]",
23573,q,a,cx_stage3,,"[[[42, 610], [45, 610]], [], [true, true]]",
23574,q,a,cx_stage1,,"[[[42, 613], [46, 613]], [], [true, true]]",
23575,q,a,cx_stage2,,"[[[42, 613], [46, 613]], [], [true, true]]",
23576,q,a,cx_stage3,,"[[[42, 613], [46, 613]], [], [true, true]]",
23577,q,a,cx_stage1,,"[[[42, 617], [46, 617]], [], [true, true]]",
23578,q,a,cx_stage2,,"[[[42, 617], [46, 617]], [], [true, true]]",
23579,q,a,cx_stage3,,"[[[42, 617], [46, 617]], [], [true, true]]",
23580,q,a,cx_stage1,,"[[[42, 620], [47, 620]], [], [true, true]]",
23581,q,a,cx_stage2,,"[[[42, 620], [47, 620]], [], [true, true]]",
23582,q,a,cx_stage3,,"[[[42, 620], [47, 620]], [], [true, true]]",
23583,q,a,cx_stage1,,"[[[42, 624], [47, 624]], [], [true, true]]",
23584,q,a,cx_stage2,,"[[[42, 624], [47, 624]], [], [true, true]]",
23585,q,a,cx_stage3,,"[[[42, 624], [47, 624]], [], [true, true]]",
23586,q,a,cx_stage1,,"[[[42, 627], [48, 627]], [], [true, true]]",
23587,q,a,cx_stage2,,"[[[42, 627], [48, 627]], [], [true, true]]",
23588,q,a,cx_stage3,,"[[[42, 627], [48, 627]], [], [true, true]]",
23589,q,a,cx_stage1,,"[[[42, 631], [48, 631]], [], [true, true]]",
23590,q,a,cx_stage2,,"[[[42, 631], [48, 631]], [], [true, true]]",
23591,q,a,cx_stage3,,"[[[42, 631], [48, 631]], [], [true, true]]",
23592,q,a,cx_stage1,,"[[[42, 634], [49, 634]], [], [true, true]]",
23593,q,a,cx_stage2,,"[[[42, 634], [49, 634]], [], [true, true]]",
23594,q,a,cx_stage3,,"[[[42, 634], [49, 634]], [], [true, true]]",
23595,q,a,cx_stage1,,"[[[42, 638], [49, 638]], [], [true, true]]",
23596,q,a,cx_stage2,,"[[[42, 638], [49, 638]], [], [true, true]]",
23597,q,a,cx_stage3,,"[[[42, 638], [49, 638]], [], [true, true]]",
23598,q,a,cx_stage1,,"[[[42, 641], [50, 641]], [], [true, true]]",
23599,q,a,cx_stage2,,"[[[42, 641], [50, 641]], [], [true, true]]",
23600,q,a,cx_stage3,,"[[[42, 641], [50, 641]], [], [true, true]]",
23601,q,a,cx_stage1,,"[[[42, 645], [50, 645]], [], [true, true]]",
23602,q,a,cx_stage2,,"[[[42, 645], [50, 645]], [], [true, true]]",
23603,q,a,cx_stage3,,"[[[42, 645], [50, 645]], [], [true, true]]",
23604,q,a,cx_stage1,,"[[[42, 648], [51, 648]], [], [true, true]]",
23605,q,a,cx_stage2,,"[[[42, 648], [51, 648]], [], [true, true]]",
23606,q,a,cx_stage3,,"[[[42, 648], [51, 648]], [], [true, true]]",
23607,q,a,cx_stage1,,"[[[42, 652], [51, 652]], [], [true, true]]",
23608,q,a,cx_stage2,,"[[[42, 652], [51, 652]], [], [true, true]]",
23609,q,a,cx_stage3,,"[[[42, 652], [51, 652]], [], [true, true]]",
23610,q,a,cx_stage1,,"[[[42, 655], [52, 655]], [], [true, true]]",
23611,q,a,cx_stage2,,"[[[42, 655], [52, 655]], [], [true, true]]",
23612,q,a,cx_stage3,,"[[[42, 655], [52, 655]], [], [true, true]]",
23613,q,a,cx_stage1,,"[[[42, 659], [52, 659]], [], [true, true]]",
23614,q,a,cx_stage2,,"[[[42, 659], [52, 659]], [], [true, true]]",
23615,q,a,cx_stage3,,"[[[42, 659], [52, 659]], [], [true, true]]",
23616,q,a,cx_stage1,,"[[[42, 662], [53, 662]], [], [true, true]]",
23617,q,a,cx_stage2,,"[[[42, 662], [53, 662]], [], [true, true]]",
23618,q,a,cx_stage3,,"[[[42, 662], [53, 662]], [], [true, true]]",
23619,q,a,cx_stage1,,"[[[42, 666], [53, 666]], [], [true, true]]",
23620,q,a,cx_stage2,,"[[[42, 666], [53, 666]], [], [true, true]]",
23621,q,a,cx_stage3,,"[[[42, 666], [53, 666]], [], [true, true]]",
23622,q,a,cx_stage1,,"[[[42, 669], [54, 669]], [], [true, true]]",
23623,q,a,cx_stage2,,"[[[42, 669], [54, 669]], [], [true, true]]",
23624,q,a,cx_stage3,,"[[[42, 669], [54, 669]], [], [true, true]]",
23625,q,a,cx_stage1,,"[[[42, 673], [54, 673]], [], [true, true]]",
23626,q,a,cx_stage2,,"[[[42, 673], [54, 673]], [], [true, true]]",
23627,q,a,cx_stage3,,"[[[42, 673], [54, 673]], [], [true, true]]",
23628,q,a,cx_stage1,,"[[[42, 676], [55, 676]], [], [true, true]]",
23629,q,a,cx_stage2,,"[[[42, 676], [55, 676]], [], [true, true]]",
23630,q,a,cx_stage3,,"[[[42, 676], [55, 676]], [], [true, true]]",
23631,q,a,cx_stage1,,"[[[42, 680], [55, 680]], [], [true, true]]",
23632,q,a,cx_stage2,,"[[[42, 680], [55, 680]], [], [true, true]]",
23633,q,a,cx_stage3,,"[[[42, 680], [55, 680]], [], [true, true]]",
23634,q,a,u2,,"[[[42, 681]], [], [true]]",
23635,q,a,cx_stage1,,"[[[0, 684], [42, 684]], [], [true, true]]",
23636,q,a,cx_stage3,,"[[[0, 684], [42, 684]], [], [true, true]]",
23637,q,a,p,,"[[[42, 685]], [], [true]]",
23638,q,a,cx_stage1,,"[[[0, 688], [42, 688]], [], [true, true]]",
23639,q,a,cx_stage3,,"[[[0, 688], [42, 688]], [], [true, true]]",
23640,q,a,cx_stage1,,"[[[1, 691], [42, 691]], [], [true, true]]",
23641,q,a,cx_stage3,,"[[[1, 691], [42, 691]], [], [true, true]]",
23642,q,a,p,,"[[[42, 692]], [], [true]]",
23643,q,a,cx_stage1,,"[[[1, 695], [42, 695]], [], [true, true]]",
23644,q,a,cx_stage3,,"[[[1, 695], [42, 695]], [], [true, true]]",
23645,q,a,cx_stage1,,"[[[2, 698], [42, 698]], [], [true, true]]",
23646,q,a,cx_stage3,,"[[[2, 698], [42, 698]], [], [true, true]]",
23647,q,a,p,,"[[[42, 699]], [], [true]]",
23648,q,a,cx_stage1,,"[[[2, 702], [42, 702]], [], [true, true]]",
23649,q,a,cx_stage3,,"[[[2, 702], [42, 702]], [], [true, true]]",
23650,q,a,cx_stage1,,"[[[3, 705], [42, 705]], [], [true, true]]",
23651,q,a,cx_stage3,,"[[[3, 705], [42, 705]], [], [true, true]]",
23652,q,a,p,,"[[[42, 706]], [], [true]]",
23653,q,a,cx_stage1,,"[[[3, 709], [42, 709]], [], [true, true]]",
23654,q,a,cx_stage3,,"[[[3, 709], [42, 709]], [], [true, true]]",
23655,q,a,cx_stage1,,"[[[4, 712], [42, 712]], [], [true, true]]",
23656,q,a,cx_stage2,,"[[[4, 712], [42, 712]], [], [true, true]]",
23657,q,a,cx_stage3,,"[[[4, 712], [42, 712]], [], [true, true]]",
23658,q,a,p,,"[[[42, 713]], [], [true]]",
23659,q,a,cx_stage1,,"[[[4, 716], [42, 716]], [], [true, true]]",
23660,q,a,cx_stage2,,"[[[4, 716], [42, 716]], [], [true, true]]",
23661,q,a,cx_stage3,,"[[[4, 716], [42, 716]], [], [true, true]]",
23662,q,a,cx_stage1,,"[[[5, 719], [42, 719]], [], [true, true]]",
23663,q,a,cx_stage2,,"[[[5, 719], [42, 719]], [], [true, true]]",
23664,q,a,cx_stage3,,"[[[5, 719], [42, 719]], [], [true, true]]",
23665,q,a,p,,"[[[42, 720]], [], [true]]",
23666,q,a,cx_stage1,,"[[[5, 723], [42, 723]], [], [true, true]]",
23667,q,a,cx_stage2,,"[[[5, 723], [42, 723]], [], [true, true]]",
23668,q,a,cx_stage3,,"[[[5, 723], [42, 723]], [], [true, true]]",
23669,q,a,cx_stage1,,"[[[6, 726], [42, 726]], [], [true, true]]",
23670,q,a,cx_stage2,,"[[[6, 726], [42, 726]], [], [true, true]]",
23671,q,a,cx_stage3,,"[[[6, 726], [42, 726]], [], [true, true]]",
23672,q,a,p,,"[[[42, 727]], [], [true]]",
23673,q,a,cx_stage1,,"[[[6, 730], [42, 730]], [], [true, true]]",
23674,q,a,cx_stage2,,"[[[6, 730], [42, 730]], [], [true, true]]",
23675,q,a,cx_stage3,,"[[[6, 730], [42, 730]], [], [true, true]]",
23676,q,a,cx_stage1,,"[[[7, 733], [42, 733]], [], [true, true]]",
23677,q,a,cx_stage2,,"[[[7, 733], [42, 733]], [], [true, true]]",
23678,q,a,cx_stage3,,"[[[7, 733], [42, 733]], [], [true, true]]",
23679,q,a,p,,"[[[42, 734]], [], [true]]",
23680,q,a,cx_stage1,,"[[[7, 737], [42, 737]], [], [true, true]]",
23681,q,a,cx_stage2,,"[[[7, 737], [42, 737]], [], [true, true]]",
23682,q,a,cx_stage3,,"[[[7, 737], [42, 737]], [], [true, true]]",
23683,q,a,cx_stage1,,"[[[8, 740], [42, 740]], [], [true, true]]",
23684,q,a,cx_stage2,,"[[[8, 740], [42, 740]], [], [true, true]]",
23685,q,a,cx_stage3,,"[[[8, 740], [42, 740]], [], [true, true]]",
23686,q,a,p,,"[[[42, 741]], [], [true]]",
23687,q,a,cx_stage1,,"[[[8, 744], [42, 744]], [], [true, true]]",
23688,q,a,cx_stage2,,"[[[8, 744], [42, 744]], [], [true, true]]",
23689,q,a,cx_stage3,,"[[[8, 744], [42, 744]], [], [true, true]]",
23690,q,a,cx_stage1,,"[[[9, 747], [42, 747]], [], [true, true]]",
23691,q,a,cx_stage2,,"[[[9, 747], [42, 747]], [], [true, true]]",
23692,q,a,cx_stage3,,"[[[9, 747], [42, 747]], [], [true, true]]",
23693,q,a,p,,"[[[42, 748]], [], [true]]",
23694,q,a,cx_stage1,,"[[[9, 751], [42, 751]], [], [true, true]]",
23695,q,a,cx_stage2,,"[[[9, 751], [42, 751]], [], [true, true]]",
23696,q,a,cx_stage3,,"[[[9, 751], [42, 751]], [], [true, true]]",
23697,q,a,cx_stage1,,"[[[10, 754], [42, 754]], [], [true, true]]",
23698,q,a,cx_stage3,,"[[[10, 754], [42, 754]], [], [true, true]]",
23699,q,a,p,,"[[[42, 755]], [], [true]]",
23700,q,a,cx_stage1,,"[[[10, 758], [42, 758]], [], [true, true]]",
23701,q,a,cx_stage3,,"[[[10, 758], [42, 758]], [], [true, true]]",
23702,q,a,cx_stage1,,"[[[11, 761], [42, 761]], [], [true, true]]",
23703,q,a,cx_stage3,,"[[[11, 761], [42, 761]], [], [true, true]]",
23704,q,a,p,,"[[[42, 762]], [], [true]]",
23705,q,a,cx_stage1,,"[[[11, 765], [42, 765]], [], [true, true]]",
23706,q,a,cx_stage3,,"[[[11, 765], [42, 765]], [], [true, true]]",
23707,q,a,cx_stage1,,"[[[12, 768], [42, 768]], [], [true, true]]",
23708,q,a,cx_stage3,,"[[[12, 768], [42, 768]], [], [true, true]]",
23709,q,a,p,,"[[[42, 769]], [], [true]]",
23710,q,a,cx_stage1,,"[[[12, 772], [42, 772]], [], [true, true]]",
23711,q,a,cx_stage3,,"[[[12, 772], [42, 772]], [], [true, true]]",
23712,q,a,cx_stage1,,"[[[13, 775], [42, 775]], [], [true, true]]",
23713,q,a,cx_stage3,,"[[[13, 775], [42, 775]], [], [true, true]]",
23714,q,a,p,,"[[[42, 776]], [], [true]]",
23715,q,a,cx_stage1,,"[[[13, 779], [42, 779]], [], [true, true]]",
23716,q,a,cx_stage3,,"[[[13, 779], [42, 779]], [], [true, true]]",
23717,q,a,cx_stage1,,"[[[14, 782], [42, 782]], [], [true, true]]",
23718,q,a,cx_stage3,,"[[[14, 782], [42, 782]], [], [true, true]]",
23719,q,a,p,,"[[[42, 783]], [], [true]]",
23720,q,a,cx_stage1,,"[[[14, 786], [42, 786]], [], [true, true]]",
23721,q,a,cx_stage3,,"[[[14, 786], [42, 786]], [], [true, true]]",
23722,q,a,cx_stage1,,"[[[15, 789], [42, 789]], [], [true, true]]",
23723,q,a,cx_stage3,,"[[[15, 789], [42, 789]], [], [true, true]]",
23724,q,a,p,,"[[[42, 790]], [], [true]]",
23725,q,a,cx_stage1,,"[[[15, 793], [42, 793]], [], [true, true]]",
23726,q,a,cx_stage3,,"[[[15, 793], [42, 793]], [], [true, true]]",
23727,q,a,cx_stage1,,"[[[16, 796], [42, 796]], [], [true, true]]",
23728,q,a,cx_stage3,,"[[[16, 796], [42, 796]], [], [true, true]]",
23729,q,a,p,,"[[[42, 797]], [], [true]]",
23730,q,a,cx_stage1,,"[[[16, 800], [42, 800]], [], [true, true]]",
23731,q,a,cx_stage3,,"[[[16, 800], [42, 800]], [], [true, true]]",
23732,q,a,cx_stage1,,"[[[17, 803], [42, 803]], [], [true, true]]",
23733,q,a,cx_stage3,,"[[[17, 803], [42, 803]], [], [true, true]]",
23734,q,a,p,,"[[[42, 804]], [], [true]]",
23735,q,a,cx_stage1,,"[[[17, 807], [42, 807]], [], [true, true]]",
23736,q,a,cx_stage3,,"[[[17, 807], [42, 807]], [], [true, true]]",
23737,q,a,cx_stage1,,"[[[18, 810], [42, 810]], [], [true, true]]",
23738,q,a,cx_stage3,,"[[[18, 810], [42, 810]], [], [true, true]]",
23739,q,a,p,,"[[[42, 811]], [], [true]]",
23740,q,a,cx_stage1,,"[[[18, 814], [42, 814]], [], [true, true]]",
23741,q,a,cx_stage3,,"[[[18, 814], [42, 814]], [], [true, true]]",
23742,q,a,cx_stage1,,"[[[19, 817], [42, 817]], [], [true, true]]",
23743,q,a,cx_stage3,,"[[[19, 817], [42, 817]], [], [true, true]]",
23744,q,a,p,,"[[[42, 818]], [], [true]]",
23745,q,a,cx_stage1,,"[[[19, 821], [42, 821]], [], [true, true]]",
23746,q,a,cx_stage3,,"[[[19, 821], [42, 821]], [], [true, true]]",
23747,q,a,cx_stage1,,"[[[20, 824], [42, 824]], [], [true, true]]",
23748,q,a,cx_stage3,,"[[[20, 824], [42, 824]], [], [true, true]]",
23749,q,a,p,,"[[[42, 825]], [], [true]]",
23750,q,a,cx_stage1,,"[[[20, 828], [42, 828]], [], [true, true]]",
23751,q,a,cx_stage3,,"[[[20, 828], [42, 828]], [], [true, true]]",
23752,q,a,cx_stage1,,"[[[21, 831], [42, 831]], [], [true, true]]",
23753,q,a,cx_stage3,,"[[[21, 831], [42, 831]], [], [true, true]]",
23754,q,a,p,,"[[[42, 832]], [], [true]]",
23755,q,a,cx_stage1,,"[[[21, 835], [42, 835]], [], [true, true]]",
23756,q,a,cx_stage3,,"[[[21, 835], [42, 835]], [], [true, true]]",
23757,q,a,cx_stage1,,"[[[22, 838], [42, 838]], [], [true, true]]",
23758,q,a,cx_stage3,,"[[[22, 838], [42, 838]], [], [true, true]]",
23759,q,a,p,,"[[[42, 839]], [], [true]]",
23760,q,a,cx_stage1,,"[[[22, 842], [42, 842]], [], [true, true]]",
23761,q,a,cx_stage3,,"[[[22, 842], [42, 842]], [], [true, true]]",
23762,q,a,cx_stage1,,"[[[23, 845], [42, 845]], [], [true, true]]",
23763,q,a,cx_stage3,,"[[[23, 845], [42, 845]], [], [true, true]]",
23764,q,a,p,,"[[[42, 846]], [], [true]]",
23765,q,a,cx_stage1,,"[[[23, 849], [42, 849]], [], [true, true]]",
23766,q,a,cx_stage3,,"[[[23, 849], [42, 849]], [], [true, true]]",
23767,q,a,cx_stage1,,"[[[24, 852], [42, 852]], [], [true, true]]",
23768,q,a,cx_stage3,,"[[[24, 852], [42, 852]], [], [true, true]]",
23769,q,a,p,,"[[[42, 853]], [], [true]]",
23770,q,a,cx_stage1,,"[[[24, 856], [42, 856]], [], [true, true]]",
23771,q,a,cx_stage3,,"[[[24, 856], [42, 856]], [], [true, true]]",
23772,q,a,cx_stage1,,"[[[25, 859], [42, 859]], [], [true, true]]",
23773,q,a,cx_stage3,,"[[[25, 859], [42, 859]], [], [true, true]]",
23774,q,a,p,,"[[[42, 860]], [], [true]]",
23775,q,a,cx_stage1,,"[[[25, 863], [42, 863]], [], [true, true]]",
23776,q,a,cx_stage3,,"[[[25, 863], [42, 863]], [], [true, true]]",
23777,q,a,cx_stage1,,"[[[26, 866], [42, 866]], [], [true, true]]",
23778,q,a,cx_stage3,,"[[[26, 866], [42, 866]], [], [true, true]]",
23779,q,a,p,,"[[[42, 867]], [], [true]]",
23780,q,a,cx_stage1,,"[[[26, 870], [42, 870]], [], [true, true]]",
23781,q,a,cx_stage3,,"[[[26, 870], [42, 870]], [], [true, true]]",
23782,q,a,cx_stage1,,"[[[27, 873], [42, 873]], [], [true, true]]",
23783,q,a,cx_stage3,,"[[[27, 873], [42, 873]], [], [true, true]]",
23784,q,a,p,,"[[[42, 874]], [], [true]]",
23785,q,a,cx_stage1,,"[[[27, 877], [42, 877]], [], [true, true]]",
23786,q,a,cx_stage3,,"[[[27, 877], [42, 877]], [], [true, true]]",
23787,q,a,cx_stage1,,"[[[28, 880], [42, 880]], [], [true, true]]",
23788,q,a,cx_stage3,,"[[[28, 880], [42, 880]], [], [true, true]]",
23789,q,a,p,,"[[[42, 881]], [], [true]]",
23790,q,a,cx_stage1,,"[[[28, 884], [42, 884]], [], [true, true]]",
23791,q,a,cx_stage3,,"[[[28, 884], [42, 884]], [], [true, true]]",
23792,q,a,cx_stage1,,"[[[29, 887], [42, 887]], [], [true, true]]",
23793,q,a,cx_stage3,,"[[[29, 887], [42, 887]], [], [true, true]]",
23794,q,a,p,,"[[[42, 888]], [], [true]]",
23795,q,a,cx_stage1,,"[[[29, 891], [42, 891]], [], [true, true]]",
23796,q,a,cx_stage3,,"[[[29, 891], [42, 891]], [], [true, true]]",
23797,q,a,cx_stage1,,"[[[30, 894], [42, 894]], [], [true, true]]",
23798,q,a,cx_stage3,,"[[[30, 894], [42, 894]], [], [true, true]]",
23799,q,a,p,,"[[[42, 895]], [], [true]]",
23800,q,a,cx_stage1,,"[[[30, 898], [42, 898]], [], [true, true]]",
23801,q,a,cx_stage3,,"[[[30, 898], [42, 898]], [], [true, true]]",
23802,q,a,cx_stage1,,"[[[31, 901], [42, 901]], [], [true, true]]",
23803,q,a,cx_stage3,,"[[[31, 901], [42, 901]], [], [true, true]]",
23804,q,a,p,,"[[[42, 902]], [], [true]]",
23805,q,a,cx_stage1,,"[[[31, 905], [42, 905]], [], [true, true]]",
23806,q,a,cx_stage3,,"[[[31, 905], [42, 905]], [], [true, true]]",
23807,q,a,cx_stage1,,"[[[32, 908], [42, 908]], [], [true, true]]",
23808,q,a,cx_stage3,,"[[[32, 908], [42, 908]], [], [true, true]]",
23809,q,a,p,,"[[[42, 909]], [], [true]]",
23810,q,a,cx_stage1,,"[[[32, 912], [42, 912]], [], [true, true]]",
23811,q,a,cx_stage3,,"[[[32, 912], [42, 912]], [], [true, true]]",
23812,q,a,cx_stage1,,"[[[33, 915], [42, 915]], [], [true, true]]",
23813,q,a,cx_stage3,,"[[[33, 915], [42, 915]], [], [true, true]]",
23814,q,a,p,,"[[[42, 916]], [], [true]]",
23815,q,a,cx_stage1,,"[[[33, 919], [42, 919]], [], [true, true]]",
23816,q,a,cx_stage3,,"[[[33, 919], [42, 919]], [], [true, true]]",
23817,q,a,cx_stage1,,"[[[34, 922], [42, 922]], [], [true, true]]",
23818,q,a,cx_stage3,,"[[[34, 922], [42, 922]], [], [true, true]]",
23819,q,a,p,,"[[[42, 923]], [], [true]]",
23820,q,a,cx_stage1,,"[[[34, 926], [42, 926]], [], [true, true]]",
23821,q,a,cx_stage3,,"[[[34, 926], [42, 926]], [], [true, true]]",
23822,q,a,cx_stage1,,"[[[35, 929], [42, 929]], [], [true, true]]",
23823,q,a,cx_stage3,,"[[[35, 929], [42, 929]], [], [true, true]]",
23824,q,a,p,,"[[[42, 930]], [], [true]]",
23825,q,a,cx_stage1,,"[[[35, 933], [42, 933]], [], [true, true]]",
23826,q,a,cx_stage3,,"[[[35, 933], [42, 933]], [], [true, true]]",
23827,q,a,cx_stage1,,"[[[36, 936], [42, 936]], [], [true, true]]",
23828,q,a,cx_stage3,,"[[[36, 936], [42, 936]], [], [true, true]]",
23829,q,a,p,,"[[[42, 937]], [], [true]]",
23830,q,a,cx_stage1,,"[[[36, 940], [42, 940]], [], [true, true]]",
23831,q,a,cx_stage3,,"[[[36, 940], [42, 940]], [], [true, true]]",
23832,q,a,cx_stage1,,"[[[37, 943], [42, 943]], [], [true, true]]",
23833,q,a,cx_stage3,,"[[[37, 943], [42, 943]], [], [true, true]]",
23834,q,a,p,,"[[[42, 944]], [], [true]]",
23835,q,a,cx_stage1,,"[[[37, 947], [42, 947]], [], [true, true]]",
23836,q,a,cx_stage3,,"[[[37, 947], [42, 947]], [], [true, true]]",
23837,q,a,cx_stage1,,"[[[38, 950], [42, 950]], [], [true, true]]",
23838,q,a,cx_stage3,,"[[[38, 950], [42, 950]], [], [true, true]]",
23839,q,a,p,,"[[[42, 951]], [], [true]]",
23840,q,a,cx_stage1,,"[[[38, 954], [42, 954]], [], [true, true]]",
23841,q,a,cx_stage3,,"[[[38, 954], [42, 954]], [], [true, true]]",
23842,q,a,cx_stage1,,"[[[39, 957], [42, 957]], [], [true, true]]",
23843,q,a,cx_stage3,,"[[[39, 957], [42, 957]], [], [true, true]]",
23844,q,a,p,,"[[[42, 958]], [], [true]]",
23845,q,a,cx_stage1,,"[[[39, 961], [42, 961]], [], [true, true]]",
23846,q,a,cx_stage3,,"[[[39, 961], [42, 961]], [], [true, true]]",
23847,q,a,cx_stage1,,"[[[40, 964], [42, 964]], [], [true, true]]",
23848,q,a,cx_stage3,,"[[[40, 964], [42, 964]], [], [true, true]]",
23849,q,a,p,,"[[[42, 965]], [], [true]]",
23850,q,a,cx_stage1,,"[[[40, 968], [42, 968]], [], [true, true]]",
23851,q,a,cx_stage3,,"[[[40, 968], [42, 968]], [], [true, true]]",
23852,q,a,cx_stage1,,"[[[41, 971], [42, 971]], [], [true, true]]",
23853,q,a,cx_stage3,,"[[[41, 971], [42, 971]], [], [true, true]]",
23854,q,a,p,,"[[[42, 972]], [], [true]]",
23855,q,a,cx_stage1,,"[[[41, 975], [42, 975]], [], [true, true]]",
23856,q,a,cx_stage3,,"[[[41, 975], [42, 975]], [], [true, true]]",
23857,q,a,cx_stage1,,"[[[42, 985], [43, 985]], [], [true, true]]",
23858,q,a,cx_stage2,,"[[[42, 985], [43, 985]], [], [true, true]]",
23859,q,a,cx_stage3,,"[[[42, 985], [43, 985]], [], [true, true]]",
23860,q,a,cx_stage1,,"[[[42, 989], [43, 989]], [], [true, true]]",
23861,q,a,cx_stage2,,"[[[42, 989], [43, 989]], [], [true, true]]",
23862,q,a,cx_stage3,,"[[[42, 989], [43, 989]], [], [true, true]]",
23863,q,a,cx_stage1,,"[[[42, 992], [44, 992]], [], [true, true]]",
23864,q,a,cx_stage2,,"[[[42, 992], [44, 992]], [], [true, true]]",
23865,q,a,cx_stage3,,"[[[42, 992], [44, 992]], [], [true, true]]",
23866,q,a,cx_stage1,,"[[[42, 996], [44, 996]], [], [true, true]]",
23867,q,a,cx_stage2,,"[[[42, 996], [44, 996]], [], [true, true]]",
23868,q,a,cx_stage3,,"[[[42, 996], [44, 996]], [], [true, true]]",
23869,q,a,cx_stage1,,"[[[42, 999], [45, 999]], [], [true, true]]",
23870,q,a,cx_stage2,,"[[[42, 999], [45, 999]], [], [true, true]]",
23871,q,a,cx_stage3,,"[[[42, 999], [45, 999]], [], [true, true]]",
23872,q,a,u2,,"[[[43, 1]], [], [true]]",
23873,q,a,cx_stage1,,"[[[0, 298], [43, 298]], [], [true, true]]",
23874,q,a,cx_stage2,,"[[[43, 1003], [44, 1003]], [], [true, true]]",
23875,q,a,cx_stage1,,"[[[43, 1003], [44, 1003]], [], [true, true]]",
23876,q,a,cx_stage3,,"[[[43, 1003], [44, 1003]], [], [true, true]]",
23877,q,a,cx_stage1,,"[[[43, 1006], [45, 1006]], [], [true, true]]",
23878,q,a,cx_stage2,,"[[[43, 1006], [45, 1006]], [], [true, true]]",
23879,q,a,cx_stage3,,"[[[43, 1006], [45, 1006]], [], [true, true]]",
23880,q,a,cx_stage1,,"[[[43, 1010], [45, 1010]], [], [true, true]]",
23881,q,a,cx_stage2,,"[[[43, 1010], [45, 1010]], [], [true, true]]",
23882,q,a,cx_stage3,,"[[[43, 1010], [45, 1010]], [], [true, true]]",
23883,q,a,cx_stage1,,"[[[43, 1013], [46, 1013]], [], [true, true]]",
23884,q,a,cx_stage2,,"[[[43, 1013], [46, 1013]], [], [true, true]]",
23885,q,a,cx_stage3,,"[[[43, 1013], [46, 1013]], [], [true, true]]",
23886,q,a,cx_stage1,,"[[[43, 1017], [46, 1017]], [], [true, true]]",
23887,q,a,cx_stage2,,"[[[43, 1017], [46, 1017]], [], [true, true]]",
23888,q,a,cx_stage3,,"[[[43, 1017], [46, 1017]], [], [true, true]]",
23889,q,a,cx_stage1,,"[[[43, 1020], [47, 1020]], [], [true, true]]",
23890,q,a,cx_stage2,,"[[[43, 1020], [47, 1020]], [], [true, true]]",
23891,q,a,cx_stage3,,"[[[43, 1020], [47, 1020]], [], [true, true]]",
23892,q,a,cx_stage1,,"[[[43, 1024], [47, 1024]], [], [true, true]]",
23893,q,a,cx_stage2,,"[[[43, 1024], [47, 1024]], [], [true, true]]",
23894,q,a,cx_stage3,,"[[[43, 1024], [47, 1024]], [], [true, true]]",
23895,q,a,cx_stage1,,"[[[43, 1027], [48, 1027]], [], [true, true]]",
23896,q,a,cx_stage2,,"[[[43, 1027], [48, 1027]], [], [true, true]]",
23897,q,a,cx_stage3,,"[[[43, 1027], [48, 1027]], [], [true, true]]",
23898,q,a,cx_stage1,,"[[[43, 1031], [48, 1031]], [], [true, true]]",
23899,q,a,cx_stage2,,"[[[43, 1031], [48, 1031]], [], [true, true]]",
23900,q,a,cx_stage3,,"[[[43, 1031], [48, 1031]], [], [true, true]]",
23901,q,a,cx_stage1,,"[[[43, 1034], [49, 1034]], [], [true, true]]",
23902,q,a,cx_stage2,,"[[[43, 1034], [49, 1034]], [], [true, true]]",
23903,q,a,cx_stage3,,"[[[43, 1034], [49, 1034]], [], [true, true]]",
23904,q,a,cx_stage1,,"[[[43, 1038], [49, 1038]], [], [true, true]]",
23905,q,a,cx_stage2,,"[[[43, 1038], [49, 1038]], [], [true, true]]",
23906,q,a,cx_stage3,,"[[[43, 1038], [49, 1038]], [], [true, true]]",
23907,q,a,cx_stage1,,"[[[43, 1041], [50, 1041]], [], [true, true]]",
23908,q,a,cx_stage2,,"[[[43, 1041], [50, 1041]], [], [true, true]]",
23909,q,a,cx_stage3,,"[[[43, 1041], [50, 1041]], [], [true, true]]",
23910,q,a,cx_stage1,,"[[[43, 1045], [50, 1045]], [], [true, true]]",
23911,q,a,cx_stage2,,"[[[43, 1045], [50, 1045]], [], [true, true]]",
23912,q,a,cx_stage3,,"[[[43, 1045], [50, 1045]], [], [true, true]]",
23913,q,a,cx_stage1,,"[[[43, 1048], [51, 1048]], [], [true, true]]",
23914,q,a,cx_stage2,,"[[[43, 1048], [51, 1048]], [], [true, true]]",
23915,q,a,cx_stage3,,"[[[43, 1048], [51, 1048]], [], [true, true]]",
23916,q,a,cx_stage1,,"[[[43, 1052], [51, 1052]], [], [true, true]]",
23917,q,a,cx_stage2,,"[[[43, 1052], [51, 1052]], [], [true, true]]",
23918,q,a,cx_stage3,,"[[[43, 1052], [51, 1052]], [], [true, true]]",
23919,q,a,cx_stage1,,"[[[43, 1055], [52, 1055]], [], [true, true]]",
23920,q,a,cx_stage2,,"[[[43, 1055], [52, 1055]], [], [true, true]]",
23921,q,a,cx_stage3,,"[[[43, 1055], [52, 1055]], [], [true, true]]",
23922,q,a,cx_stage1,,"[[[43, 1059], [52, 1059]], [], [true, true]]",
23923,q,a,cx_stage2,,"[[[43, 1059], [52, 1059]], [], [true, true]]",
23924,q,a,cx_stage3,,"[[[43, 1059], [52, 1059]], [], [true, true]]",
23925,q,a,cx_stage1,,"[[[43, 1062], [53, 1062]], [], [true, true]]",
23926,q,a,cx_stage2,,"[[[43, 1062], [53, 1062]], [], [true, true]]",
23927,q,a,cx_stage3,,"[[[43, 1062], [53, 1062]], [], [true, true]]",
23928,q,a,cx_stage1,,"[[[43, 1066], [53, 1066]], [], [true, true]]",
23929,q,a,cx_stage2,,"[[[43, 1066], [53, 1066]], [], [true, true]]",
23930,q,a,cx_stage3,,"[[[43, 1066], [53, 1066]], [], [true, true]]",
23931,q,a,cx_stage1,,"[[[43, 1069], [54, 1069]], [], [true, true]]",
23932,q,a,cx_stage2,,"[[[43, 1069], [54, 1069]], [], [true, true]]",
23933,q,a,cx_stage3,,"[[[43, 1069], [54, 1069]], [], [true, true]]",
23934,q,a,cx_stage1,,"[[[43, 1073], [54, 1073]], [], [true, true]]",
23935,q,a,cx_stage2,,"[[[43, 1073], [54, 1073]], [], [true, true]]",
23936,q,a,cx_stage3,,"[[[43, 1073], [54, 1073]], [], [true, true]]",
23937,q,a,cx_stage1,,"[[[43, 1076], [55, 1076]], [], [true, true]]",
23938,q,a,cx_stage2,,"[[[43, 1076], [55, 1076]], [], [true, true]]",
23939,q,a,cx_stage3,,"[[[43, 1076], [55, 1076]], [], [true, true]]",
23940,q,a,cx_stage1,,"[[[43, 1080], [55, 1080]], [], [true, true]]",
23941,q,a,cx_stage2,,"[[[43, 1080], [55, 1080]], [], [true, true]]",
23942,q,a,cx_stage3,,"[[[43, 1080], [55, 1080]], [], [true, true]]",
23943,q,a,ry,,"[[[43, 1081]], [], [true]]",
23944,q,a,cx_stage1,,"[[[43, 1194], [44, 1194]], [], [true, true]]",
23945,q,a,cx_stage2,,"[[[43, 1194], [44, 1194]], [], [true, true]]",
23946,q,a,cx_stage3,,"[[[43, 1194], [44, 1194]], [], [true, true]]",
23947,q,a,cx_stage1,,"[[[42, 1197], [43, 1197]], [], [true, true]]",
23948,q,a,cx_stage3,,"[[[42, 1197], [43, 1197]], [], [true, true]]",
23949,q,a,ry,,"[[[43, 1198]], [], [true]]",
23950,q,a,cx_stage3,,"[[[0, 298], [43, 298]], [], [true, true]]",
23951,q,a,p,,"[[[43, 299]], [], [true]]",
23952,q,a,cx_stage1,,"[[[0, 302], [43, 302]], [], [true, true]]",
23953,q,a,cx_stage3,,"[[[0, 302], [43, 302]], [], [true, true]]",
23954,q,a,cx_stage1,,"[[[1, 305], [43, 305]], [], [true, true]]",
23955,q,a,cx_stage3,,"[[[1, 305], [43, 305]], [], [true, true]]",
23956,q,a,p,,"[[[43, 306]], [], [true]]",
23957,q,a,cx_stage1,,"[[[1, 309], [43, 309]], [], [true, true]]",
23958,q,a,cx_stage3,,"[[[1, 309], [43, 309]], [], [true, true]]",
23959,q,a,cx_stage1,,"[[[2, 312], [43, 312]], [], [true, true]]",
23960,q,a,cx_stage3,,"[[[2, 312], [43, 312]], [], [true, true]]",
23961,q,a,p,,"[[[43, 313]], [], [true]]",
23962,q,a,cx_stage1,,"[[[2, 316], [43, 316]], [], [true, true]]",
23963,q,a,cx_stage3,,"[[[2, 316], [43, 316]], [], [true, true]]",
23964,q,a,cx_stage1,,"[[[3, 319], [43, 319]], [], [true, true]]",
23965,q,a,cx_stage3,,"[[[3, 319], [43, 319]], [], [true, true]]",
23966,q,a,p,,"[[[43, 320]], [], [true]]",
23967,q,a,cx_stage1,,"[[[3, 323], [43, 323]], [], [true, true]]",
23968,q,a,cx_stage3,,"[[[3, 323], [43, 323]], [], [true, true]]",
23969,q,a,cx_stage1,,"[[[4, 326], [43, 326]], [], [true, true]]",
23970,q,a,cx_stage2,,"[[[4, 326], [43, 326]], [], [true, true]]",
23971,q,a,cx_stage3,,"[[[4, 326], [43, 326]], [], [true, true]]",
23972,q,a,p,,"[[[43, 327]], [], [true]]",
23973,q,a,cx_stage1,,"[[[4, 330], [43, 330]], [], [true, true]]",
23974,q,a,cx_stage2,,"[[[4, 330], [43, 330]], [], [true, true]]",
23975,q,a,cx_stage3,,"[[[4, 330], [43, 330]], [], [true, true]]",
23976,q,a,cx_stage1,,"[[[5, 333], [43, 333]], [], [true, true]]",
23977,q,a,cx_stage2,,"[[[5, 333], [43, 333]], [], [true, true]]",
23978,q,a,cx_stage3,,"[[[5, 333], [43, 333]], [], [true, true]]",
23979,q,a,p,,"[[[43, 334]], [], [true]]",
23980,q,a,cx_stage1,,"[[[5, 337], [43, 337]], [], [true, true]]",
23981,q,a,cx_stage2,,"[[[5, 337], [43, 337]], [], [true, true]]",
23982,q,a,cx_stage3,,"[[[5, 337], [43, 337]], [], [true, true]]",
23983,q,a,cx_stage1,,"[[[6, 340], [43, 340]], [], [true, true]]",
23984,q,a,cx_stage2,,"[[[6, 340], [43, 340]], [], [true, true]]",
23985,q,a,cx_stage3,,"[[[6, 340], [43, 340]], [], [true, true]]",
23986,q,a,p,,"[[[43, 341]], [], [true]]",
23987,q,a,cx_stage1,,"[[[6, 344], [43, 344]], [], [true, true]]",
23988,q,a,cx_stage2,,"[[[6, 344], [43, 344]], [], [true, true]]",
23989,q,a,cx_stage3,,"[[[6, 344], [43, 344]], [], [true, true]]",
23990,q,a,cx_stage1,,"[[[7, 347], [43, 347]], [], [true, true]]",
23991,q,a,cx_stage2,,"[[[7, 347], [43, 347]], [], [true, true]]",
23992,q,a,cx_stage3,,"[[[7, 347], [43, 347]], [], [true, true]]",
23993,q,a,p,,"[[[43, 348]], [], [true]]",
23994,q,a,cx_stage1,,"[[[7, 351], [43, 351]], [], [true, true]]",
23995,q,a,cx_stage2,,"[[[7, 351], [43, 351]], [], [true, true]]",
23996,q,a,cx_stage3,,"[[[7, 351], [43, 351]], [], [true, true]]",
23997,q,a,cx_stage1,,"[[[8, 354], [43, 354]], [], [true, true]]",
23998,q,a,cx_stage2,,"[[[8, 354], [43, 354]], [], [true, true]]",
23999,q,a,cx_stage3,,"[[[8, 354], [43, 354]], [], [true, true]]",
24000,q,a,p,,"[[[43, 355]], [], [true]]",
24001,q,a,cx_stage1,,"[[[8, 358], [43, 358]], [], [true, true]]",
24002,q,a,cx_stage2,,"[[[8, 358], [43, 358]], [], [true, true]]",
24003,q,a,cx_stage3,,"[[[8, 358], [43, 358]], [], [true, true]]",
24004,q,a,cx_stage1,,"[[[9, 361], [43, 361]], [], [true, true]]",
24005,q,a,cx_stage2,,"[[[9, 361], [43, 361]], [], [true, true]]",
24006,q,a,cx_stage3,,"[[[9, 361], [43, 361]], [], [true, true]]",
24007,q,a,p,,"[[[43, 362]], [], [true]]",
24008,q,a,cx_stage1,,"[[[9, 365], [43, 365]], [], [true, true]]",
24009,q,a,cx_stage2,,"[[[9, 365], [43, 365]], [], [true, true]]",
24010,q,a,cx_stage3,,"[[[9, 365], [43, 365]], [], [true, true]]",
24011,q,a,cx_stage1,,"[[[10, 368], [43, 368]], [], [true, true]]",
24012,q,a,cx_stage3,,"[[[10, 368], [43, 368]], [], [true, true]]",
24013,q,a,p,,"[[[43, 369]], [], [true]]",
24014,q,a,cx_stage1,,"[[[10, 372], [43, 372]], [], [true, true]]",
24015,q,a,cx_stage3,,"[[[10, 372], [43, 372]], [], [true, true]]",
24016,q,a,cx_stage1,,"[[[11, 375], [43, 375]], [], [true, true]]",
24017,q,a,cx_stage3,,"[[[11, 375], [43, 375]], [], [true, true]]",
24018,q,a,p,,"[[[43, 376]], [], [true]]",
24019,q,a,cx_stage1,,"[[[11, 379], [43, 379]], [], [true, true]]",
24020,q,a,cx_stage3,,"[[[11, 379], [43, 379]], [], [true, true]]",
24021,q,a,cx_stage1,,"[[[12, 382], [43, 382]], [], [true, true]]",
24022,q,a,cx_stage3,,"[[[12, 382], [43, 382]], [], [true, true]]",
24023,q,a,p,,"[[[43, 383]], [], [true]]",
24024,q,a,cx_stage1,,"[[[12, 386], [43, 386]], [], [true, true]]",
24025,q,a,cx_stage3,,"[[[12, 386], [43, 386]], [], [true, true]]",
24026,q,a,cx_stage1,,"[[[13, 389], [43, 389]], [], [true, true]]",
24027,q,a,cx_stage3,,"[[[13, 389], [43, 389]], [], [true, true]]",
24028,q,a,p,,"[[[43, 390]], [], [true]]",
24029,q,a,cx_stage1,,"[[[13, 393], [43, 393]], [], [true, true]]",
24030,q,a,cx_stage3,,"[[[13, 393], [43, 393]], [], [true, true]]",
24031,q,a,cx_stage1,,"[[[14, 396], [43, 396]], [], [true, true]]",
24032,q,a,cx_stage3,,"[[[14, 396], [43, 396]], [], [true, true]]",
24033,q,a,p,,"[[[43, 397]], [], [true]]",
24034,q,a,cx_stage1,,"[[[14, 400], [43, 400]], [], [true, true]]",
24035,q,a,cx_stage3,,"[[[14, 400], [43, 400]], [], [true, true]]",
24036,q,a,cx_stage1,,"[[[15, 403], [43, 403]], [], [true, true]]",
24037,q,a,cx_stage3,,"[[[15, 403], [43, 403]], [], [true, true]]",
24038,q,a,p,,"[[[43, 404]], [], [true]]",
24039,q,a,cx_stage1,,"[[[15, 407], [43, 407]], [], [true, true]]",
24040,q,a,cx_stage3,,"[[[15, 407], [43, 407]], [], [true, true]]",
24041,q,a,cx_stage1,,"[[[16, 410], [43, 410]], [], [true, true]]",
24042,q,a,cx_stage3,,"[[[16, 410], [43, 410]], [], [true, true]]",
24043,q,a,p,,"[[[43, 411]], [], [true]]",
24044,q,a,cx_stage1,,"[[[16, 414], [43, 414]], [], [true, true]]",
24045,q,a,cx_stage3,,"[[[16, 414], [43, 414]], [], [true, true]]",
24046,q,a,cx_stage1,,"[[[17, 417], [43, 417]], [], [true, true]]",
24047,q,a,cx_stage3,,"[[[17, 417], [43, 417]], [], [true, true]]",
24048,q,a,p,,"[[[43, 418]], [], [true]]",
24049,q,a,cx_stage1,,"[[[17, 421], [43, 421]], [], [true, true]]",
24050,q,a,cx_stage3,,"[[[17, 421], [43, 421]], [], [true, true]]",
24051,q,a,cx_stage1,,"[[[18, 424], [43, 424]], [], [true, true]]",
24052,q,a,cx_stage3,,"[[[18, 424], [43, 424]], [], [true, true]]",
24053,q,a,p,,"[[[43, 425]], [], [true]]",
24054,q,a,cx_stage1,,"[[[18, 428], [43, 428]], [], [true, true]]",
24055,q,a,cx_stage3,,"[[[18, 428], [43, 428]], [], [true, true]]",
24056,q,a,cx_stage1,,"[[[19, 431], [43, 431]], [], [true, true]]",
24057,q,a,cx_stage3,,"[[[19, 431], [43, 431]], [], [true, true]]",
24058,q,a,p,,"[[[43, 432]], [], [true]]",
24059,q,a,cx_stage1,,"[[[19, 435], [43, 435]], [], [true, true]]",
24060,q,a,cx_stage3,,"[[[19, 435], [43, 435]], [], [true, true]]",
24061,q,a,cx_stage1,,"[[[20, 438], [43, 438]], [], [true, true]]",
24062,q,a,cx_stage3,,"[[[20, 438], [43, 438]], [], [true, true]]",
24063,q,a,p,,"[[[43, 439]], [], [true]]",
24064,q,a,cx_stage1,,"[[[20, 442], [43, 442]], [], [true, true]]",
24065,q,a,cx_stage3,,"[[[20, 442], [43, 442]], [], [true, true]]",
24066,q,a,cx_stage1,,"[[[21, 445], [43, 445]], [], [true, true]]",
24067,q,a,cx_stage3,,"[[[21, 445], [43, 445]], [], [true, true]]",
24068,q,a,p,,"[[[43, 446]], [], [true]]",
24069,q,a,cx_stage1,,"[[[21, 449], [43, 449]], [], [true, true]]",
24070,q,a,cx_stage3,,"[[[21, 449], [43, 449]], [], [true, true]]",
24071,q,a,cx_stage1,,"[[[22, 452], [43, 452]], [], [true, true]]",
24072,q,a,cx_stage3,,"[[[22, 452], [43, 452]], [], [true, true]]",
24073,q,a,p,,"[[[43, 453]], [], [true]]",
24074,q,a,cx_stage1,,"[[[22, 456], [43, 456]], [], [true, true]]",
24075,q,a,cx_stage3,,"[[[22, 456], [43, 456]], [], [true, true]]",
24076,q,a,cx_stage1,,"[[[23, 459], [43, 459]], [], [true, true]]",
24077,q,a,cx_stage3,,"[[[23, 459], [43, 459]], [], [true, true]]",
24078,q,a,p,,"[[[43, 460]], [], [true]]",
24079,q,a,cx_stage1,,"[[[23, 463], [43, 463]], [], [true, true]]",
24080,q,a,cx_stage3,,"[[[23, 463], [43, 463]], [], [true, true]]",
24081,q,a,cx_stage1,,"[[[24, 466], [43, 466]], [], [true, true]]",
24082,q,a,cx_stage3,,"[[[24, 466], [43, 466]], [], [true, true]]",
24083,q,a,p,,"[[[43, 467]], [], [true]]",
24084,q,a,cx_stage1,,"[[[24, 470], [43, 470]], [], [true, true]]",
24085,q,a,cx_stage3,,"[[[24, 470], [43, 470]], [], [true, true]]",
24086,q,a,cx_stage1,,"[[[25, 473], [43, 473]], [], [true, true]]",
24087,q,a,cx_stage3,,"[[[25, 473], [43, 473]], [], [true, true]]",
24088,q,a,p,,"[[[43, 474]], [], [true]]",
24089,q,a,cx_stage1,,"[[[25, 477], [43, 477]], [], [true, true]]",
24090,q,a,cx_stage3,,"[[[25, 477], [43, 477]], [], [true, true]]",
24091,q,a,cx_stage1,,"[[[26, 480], [43, 480]], [], [true, true]]",
24092,q,a,cx_stage3,,"[[[26, 480], [43, 480]], [], [true, true]]",
24093,q,a,p,,"[[[43, 481]], [], [true]]",
24094,q,a,cx_stage1,,"[[[26, 484], [43, 484]], [], [true, true]]",
24095,q,a,cx_stage3,,"[[[26, 484], [43, 484]], [], [true, true]]",
24096,q,a,cx_stage1,,"[[[27, 487], [43, 487]], [], [true, true]]",
24097,q,a,cx_stage3,,"[[[27, 487], [43, 487]], [], [true, true]]",
24098,q,a,p,,"[[[43, 488]], [], [true]]",
24099,q,a,cx_stage1,,"[[[27, 491], [43, 491]], [], [true, true]]",
24100,q,a,cx_stage3,,"[[[27, 491], [43, 491]], [], [true, true]]",
24101,q,a,cx_stage1,,"[[[28, 494], [43, 494]], [], [true, true]]",
24102,q,a,cx_stage3,,"[[[28, 494], [43, 494]], [], [true, true]]",
24103,q,a,p,,"[[[43, 495]], [], [true]]",
24104,q,a,cx_stage1,,"[[[28, 498], [43, 498]], [], [true, true]]",
24105,q,a,cx_stage3,,"[[[28, 498], [43, 498]], [], [true, true]]",
24106,q,a,cx_stage1,,"[[[29, 501], [43, 501]], [], [true, true]]",
24107,q,a,cx_stage3,,"[[[29, 501], [43, 501]], [], [true, true]]",
24108,q,a,p,,"[[[43, 502]], [], [true]]",
24109,q,a,cx_stage1,,"[[[29, 505], [43, 505]], [], [true, true]]",
24110,q,a,cx_stage3,,"[[[29, 505], [43, 505]], [], [true, true]]",
24111,q,a,cx_stage1,,"[[[30, 508], [43, 508]], [], [true, true]]",
24112,q,a,cx_stage3,,"[[[30, 508], [43, 508]], [], [true, true]]",
24113,q,a,p,,"[[[43, 509]], [], [true]]",
24114,q,a,cx_stage1,,"[[[30, 512], [43, 512]], [], [true, true]]",
24115,q,a,cx_stage3,,"[[[30, 512], [43, 512]], [], [true, true]]",
24116,q,a,cx_stage1,,"[[[31, 515], [43, 515]], [], [true, true]]",
24117,q,a,cx_stage3,,"[[[31, 515], [43, 515]], [], [true, true]]",
24118,q,a,p,,"[[[43, 516]], [], [true]]",
24119,q,a,cx_stage1,,"[[[31, 519], [43, 519]], [], [true, true]]",
24120,q,a,cx_stage3,,"[[[31, 519], [43, 519]], [], [true, true]]",
24121,q,a,cx_stage1,,"[[[32, 522], [43, 522]], [], [true, true]]",
24122,q,a,cx_stage3,,"[[[32, 522], [43, 522]], [], [true, true]]",
24123,q,a,p,,"[[[43, 523]], [], [true]]",
24124,q,a,cx_stage1,,"[[[32, 526], [43, 526]], [], [true, true]]",
24125,q,a,cx_stage3,,"[[[32, 526], [43, 526]], [], [true, true]]",
24126,q,a,cx_stage1,,"[[[33, 529], [43, 529]], [], [true, true]]",
24127,q,a,cx_stage3,,"[[[33, 529], [43, 529]], [], [true, true]]",
24128,q,a,p,,"[[[43, 530]], [], [true]]",
24129,q,a,cx_stage1,,"[[[33, 533], [43, 533]], [], [true, true]]",
24130,q,a,cx_stage3,,"[[[33, 533], [43, 533]], [], [true, true]]",
24131,q,a,cx_stage1,,"[[[34, 536], [43, 536]], [], [true, true]]",
24132,q,a,cx_stage3,,"[[[34, 536], [43, 536]], [], [true, true]]",
24133,q,a,p,,"[[[43, 537]], [], [true]]",
24134,q,a,cx_stage1,,"[[[34, 540], [43, 540]], [], [true, true]]",
24135,q,a,cx_stage3,,"[[[34, 540], [43, 540]], [], [true, true]]",
24136,q,a,cx_stage1,,"[[[35, 543], [43, 543]], [], [true, true]]",
24137,q,a,cx_stage3,,"[[[35, 543], [43, 543]], [], [true, true]]",
24138,q,a,p,,"[[[43, 544]], [], [true]]",
24139,q,a,cx_stage1,,"[[[35, 547], [43, 547]], [], [true, true]]",
24140,q,a,cx_stage3,,"[[[35, 547], [43, 547]], [], [true, true]]",
24141,q,a,cx_stage1,,"[[[36, 550], [43, 550]], [], [true, true]]",
24142,q,a,cx_stage3,,"[[[36, 550], [43, 550]], [], [true, true]]",
24143,q,a,p,,"[[[43, 551]], [], [true]]",
24144,q,a,cx_stage1,,"[[[36, 554], [43, 554]], [], [true, true]]",
24145,q,a,cx_stage3,,"[[[36, 554], [43, 554]], [], [true, true]]",
24146,q,a,cx_stage1,,"[[[37, 557], [43, 557]], [], [true, true]]",
24147,q,a,cx_stage3,,"[[[37, 557], [43, 557]], [], [true, true]]",
24148,q,a,p,,"[[[43, 558]], [], [true]]",
24149,q,a,cx_stage1,,"[[[37, 561], [43, 561]], [], [true, true]]",
24150,q,a,cx_stage3,,"[[[37, 561], [43, 561]], [], [true, true]]",
24151,q,a,cx_stage1,,"[[[38, 564], [43, 564]], [], [true, true]]",
24152,q,a,cx_stage3,,"[[[38, 564], [43, 564]], [], [true, true]]",
24153,q,a,p,,"[[[43, 565]], [], [true]]",
24154,q,a,cx_stage1,,"[[[38, 568], [43, 568]], [], [true, true]]",
24155,q,a,cx_stage3,,"[[[38, 568], [43, 568]], [], [true, true]]",
24156,q,a,cx_stage1,,"[[[39, 571], [43, 571]], [], [true, true]]",
24157,q,a,cx_stage3,,"[[[39, 571], [43, 571]], [], [true, true]]",
24158,q,a,p,,"[[[43, 572]], [], [true]]",
24159,q,a,cx_stage1,,"[[[39, 575], [43, 575]], [], [true, true]]",
24160,q,a,cx_stage3,,"[[[39, 575], [43, 575]], [], [true, true]]",
24161,q,a,cx_stage1,,"[[[40, 578], [43, 578]], [], [true, true]]",
24162,q,a,cx_stage3,,"[[[40, 578], [43, 578]], [], [true, true]]",
24163,q,a,p,,"[[[43, 579]], [], [true]]",
24164,q,a,cx_stage1,,"[[[40, 582], [43, 582]], [], [true, true]]",
24165,q,a,cx_stage3,,"[[[40, 582], [43, 582]], [], [true, true]]",
24166,q,a,cx_stage1,,"[[[41, 585], [43, 585]], [], [true, true]]",
24167,q,a,cx_stage3,,"[[[41, 585], [43, 585]], [], [true, true]]",
24168,q,a,p,,"[[[43, 586]], [], [true]]",
24169,q,a,cx_stage1,,"[[[41, 589], [43, 589]], [], [true, true]]",
24170,q,a,cx_stage3,,"[[[41, 589], [43, 589]], [], [true, true]]",
24171,q,a,cx_stage1,,"[[[42, 592], [43, 592]], [], [true, true]]",
24172,q,a,cx_stage3,,"[[[42, 592], [43, 592]], [], [true, true]]",
24173,q,a,p,,"[[[43, 593]], [], [true]]",
24174,q,a,cx_stage1,,"[[[42, 596], [43, 596]], [], [true, true]]",
24175,q,a,cx_stage3,,"[[[42, 596], [43, 596]], [], [true, true]]",
24176,q,a,cx_stage1,,"[[[43, 606], [44, 606]], [], [true, true]]",
24177,q,a,cx_stage2,,"[[[43, 606], [44, 606]], [], [true, true]]",
24178,q,a,cx_stage3,,"[[[43, 606], [44, 606]], [], [true, true]]",
24179,q,a,cx_stage1,,"[[[43, 610], [44, 610]], [], [true, true]]",
24180,q,a,cx_stage2,,"[[[43, 610], [44, 610]], [], [true, true]]",
24181,q,a,cx_stage3,,"[[[43, 610], [44, 610]], [], [true, true]]",
24182,q,a,cx_stage1,,"[[[43, 613], [45, 613]], [], [true, true]]",
24183,q,a,cx_stage2,,"[[[43, 613], [45, 613]], [], [true, true]]",
24184,q,a,cx_stage3,,"[[[43, 613], [45, 613]], [], [true, true]]",
24185,q,a,cx_stage1,,"[[[43, 617], [45, 617]], [], [true, true]]",
24186,q,a,cx_stage2,,"[[[43, 617], [45, 617]], [], [true, true]]",
24187,q,a,cx_stage3,,"[[[43, 617], [45, 617]], [], [true, true]]",
24188,q,a,cx_stage1,,"[[[43, 620], [46, 620]], [], [true, true]]",
24189,q,a,cx_stage2,,"[[[43, 620], [46, 620]], [], [true, true]]",
24190,q,a,cx_stage3,,"[[[43, 620], [46, 620]], [], [true, true]]",
24191,q,a,cx_stage1,,"[[[43, 624], [46, 624]], [], [true, true]]",
24192,q,a,cx_stage2,,"[[[43, 624], [46, 624]], [], [true, true]]",
24193,q,a,cx_stage3,,"[[[43, 624], [46, 624]], [], [true, true]]",
24194,q,a,cx_stage1,,"[[[43, 627], [47, 627]], [], [true, true]]",
24195,q,a,cx_stage2,,"[[[43, 627], [47, 627]], [], [true, true]]",
24196,q,a,cx_stage3,,"[[[43, 627], [47, 627]], [], [true, true]]",
24197,q,a,cx_stage1,,"[[[43, 631], [47, 631]], [], [true, true]]",
24198,q,a,cx_stage2,,"[[[43, 631], [47, 631]], [], [true, true]]",
24199,q,a,cx_stage3,,"[[[43, 631], [47, 631]], [], [true, true]]",
24200,q,a,cx_stage1,,"[[[43, 634], [48, 634]], [], [true, true]]",
24201,q,a,cx_stage2,,"[[[43, 634], [48, 634]], [], [true, true]]",
24202,q,a,cx_stage3,,"[[[43, 634], [48, 634]], [], [true, true]]",
24203,q,a,cx_stage1,,"[[[43, 638], [48, 638]], [], [true, true]]",
24204,q,a,cx_stage2,,"[[[43, 638], [48, 638]], [], [true, true]]",
24205,q,a,cx_stage3,,"[[[43, 638], [48, 638]], [], [true, true]]",
24206,q,a,cx_stage1,,"[[[43, 641], [49, 641]], [], [true, true]]",
24207,q,a,cx_stage2,,"[[[43, 641], [49, 641]], [], [true, true]]",
24208,q,a,cx_stage3,,"[[[43, 641], [49, 641]], [], [true, true]]",
24209,q,a,cx_stage1,,"[[[43, 645], [49, 645]], [], [true, true]]",
24210,q,a,cx_stage2,,"[[[43, 645], [49, 645]], [], [true, true]]",
24211,q,a,cx_stage3,,"[[[43, 645], [49, 645]], [], [true, true]]",
24212,q,a,cx_stage1,,"[[[43, 648], [50, 648]], [], [true, true]]",
24213,q,a,cx_stage2,,"[[[43, 648], [50, 648]], [], [true, true]]",
24214,q,a,cx_stage3,,"[[[43, 648], [50, 648]], [], [true, true]]",
24215,q,a,cx_stage1,,"[[[43, 652], [50, 652]], [], [true, true]]",
24216,q,a,cx_stage2,,"[[[43, 652], [50, 652]], [], [true, true]]",
24217,q,a,cx_stage3,,"[[[43, 652], [50, 652]], [], [true, true]]",
24218,q,a,cx_stage1,,"[[[43, 655], [51, 655]], [], [true, true]]",
24219,q,a,cx_stage2,,"[[[43, 655], [51, 655]], [], [true, true]]",
24220,q,a,cx_stage3,,"[[[43, 655], [51, 655]], [], [true, true]]",
24221,q,a,cx_stage1,,"[[[43, 659], [51, 659]], [], [true, true]]",
24222,q,a,cx_stage2,,"[[[43, 659], [51, 659]], [], [true, true]]",
24223,q,a,cx_stage3,,"[[[43, 659], [51, 659]], [], [true, true]]",
24224,q,a,cx_stage1,,"[[[43, 662], [52, 662]], [], [true, true]]",
24225,q,a,cx_stage2,,"[[[43, 662], [52, 662]], [], [true, true]]",
24226,q,a,cx_stage3,,"[[[43, 662], [52, 662]], [], [true, true]]",
24227,q,a,cx_stage1,,"[[[43, 666], [52, 666]], [], [true, true]]",
24228,q,a,cx_stage2,,"[[[43, 666], [52, 666]], [], [true, true]]",
24229,q,a,cx_stage3,,"[[[43, 666], [52, 666]], [], [true, true]]",
24230,q,a,cx_stage1,,"[[[43, 669], [53, 669]], [], [true, true]]",
24231,q,a,cx_stage2,,"[[[43, 669], [53, 669]], [], [true, true]]",
24232,q,a,cx_stage3,,"[[[43, 669], [53, 669]], [], [true, true]]",
24233,q,a,cx_stage1,,"[[[43, 673], [53, 673]], [], [true, true]]",
24234,q,a,cx_stage2,,"[[[43, 673], [53, 673]], [], [true, true]]",
24235,q,a,cx_stage3,,"[[[43, 673], [53, 673]], [], [true, true]]",
24236,q,a,cx_stage1,,"[[[43, 676], [54, 676]], [], [true, true]]",
24237,q,a,cx_stage2,,"[[[43, 676], [54, 676]], [], [true, true]]",
24238,q,a,cx_stage3,,"[[[43, 676], [54, 676]], [], [true, true]]",
24239,q,a,cx_stage1,,"[[[43, 680], [54, 680]], [], [true, true]]",
24240,q,a,cx_stage2,,"[[[43, 680], [54, 680]], [], [true, true]]",
24241,q,a,cx_stage3,,"[[[43, 680], [54, 680]], [], [true, true]]",
24242,q,a,cx_stage1,,"[[[43, 683], [55, 683]], [], [true, true]]",
24243,q,a,cx_stage2,,"[[[43, 683], [55, 683]], [], [true, true]]",
24244,q,a,cx_stage3,,"[[[43, 683], [55, 683]], [], [true, true]]",
24245,q,a,cx_stage1,,"[[[43, 687], [55, 687]], [], [true, true]]",
24246,q,a,cx_stage2,,"[[[43, 687], [55, 687]], [], [true, true]]",
24247,q,a,cx_stage3,,"[[[43, 687], [55, 687]], [], [true, true]]",
24248,q,a,u2,,"[[[43, 688]], [], [true]]",
24249,q,a,cx_stage1,,"[[[0, 691], [43, 691]], [], [true, true]]",
24250,q,a,cx_stage3,,"[[[0, 691], [43, 691]], [], [true, true]]",
24251,q,a,p,,"[[[43, 692]], [], [true]]",
24252,q,a,cx_stage1,,"[[[0, 695], [43, 695]], [], [true, true]]",
24253,q,a,cx_stage3,,"[[[0, 695], [43, 695]], [], [true, true]]",
24254,q,a,cx_stage1,,"[[[1, 698], [43, 698]], [], [true, true]]",
24255,q,a,cx_stage3,,"[[[1, 698], [43, 698]], [], [true, true]]",
24256,q,a,p,,"[[[43, 699]], [], [true]]",
24257,q,a,cx_stage1,,"[[[1, 702], [43, 702]], [], [true, true]]",
24258,q,a,cx_stage3,,"[[[1, 702], [43, 702]], [], [true, true]]",
24259,q,a,cx_stage1,,"[[[2, 705], [43, 705]], [], [true, true]]",
24260,q,a,cx_stage3,,"[[[2, 705], [43, 705]], [], [true, true]]",
24261,q,a,p,,"[[[43, 706]], [], [true]]",
24262,q,a,cx_stage1,,"[[[2, 709], [43, 709]], [], [true, true]]",
24263,q,a,cx_stage3,,"[[[2, 709], [43, 709]], [], [true, true]]",
24264,q,a,cx_stage1,,"[[[3, 712], [43, 712]], [], [true, true]]",
24265,q,a,cx_stage3,,"[[[3, 712], [43, 712]], [], [true, true]]",
24266,q,a,p,,"[[[43, 713]], [], [true]]",
24267,q,a,cx_stage1,,"[[[3, 716], [43, 716]], [], [true, true]]",
24268,q,a,cx_stage3,,"[[[3, 716], [43, 716]], [], [true, true]]",
24269,q,a,cx_stage1,,"[[[4, 719], [43, 719]], [], [true, true]]",
24270,q,a,cx_stage2,,"[[[4, 719], [43, 719]], [], [true, true]]",
24271,q,a,cx_stage3,,"[[[4, 719], [43, 719]], [], [true, true]]",
24272,q,a,p,,"[[[43, 720]], [], [true]]",
24273,q,a,cx_stage1,,"[[[4, 723], [43, 723]], [], [true, true]]",
24274,q,a,cx_stage2,,"[[[4, 723], [43, 723]], [], [true, true]]",
24275,q,a,cx_stage3,,"[[[4, 723], [43, 723]], [], [true, true]]",
24276,q,a,cx_stage1,,"[[[5, 726], [43, 726]], [], [true, true]]",
24277,q,a,cx_stage2,,"[[[5, 726], [43, 726]], [], [true, true]]",
24278,q,a,cx_stage3,,"[[[5, 726], [43, 726]], [], [true, true]]",
24279,q,a,p,,"[[[43, 727]], [], [true]]",
24280,q,a,cx_stage1,,"[[[5, 730], [43, 730]], [], [true, true]]",
24281,q,a,cx_stage2,,"[[[5, 730], [43, 730]], [], [true, true]]",
24282,q,a,cx_stage3,,"[[[5, 730], [43, 730]], [], [true, true]]",
24283,q,a,cx_stage1,,"[[[6, 733], [43, 733]], [], [true, true]]",
24284,q,a,cx_stage2,,"[[[6, 733], [43, 733]], [], [true, true]]",
24285,q,a,cx_stage3,,"[[[6, 733], [43, 733]], [], [true, true]]",
24286,q,a,p,,"[[[43, 734]], [], [true]]",
24287,q,a,cx_stage1,,"[[[6, 737], [43, 737]], [], [true, true]]",
24288,q,a,cx_stage2,,"[[[6, 737], [43, 737]], [], [true, true]]",
24289,q,a,cx_stage3,,"[[[6, 737], [43, 737]], [], [true, true]]",
24290,q,a,cx_stage1,,"[[[7, 740], [43, 740]], [], [true, true]]",
24291,q,a,cx_stage2,,"[[[7, 740], [43, 740]], [], [true, true]]",
24292,q,a,cx_stage3,,"[[[7, 740], [43, 740]], [], [true, true]]",
24293,q,a,p,,"[[[43, 741]], [], [true]]",
24294,q,a,cx_stage1,,"[[[7, 744], [43, 744]], [], [true, true]]",
24295,q,a,cx_stage2,,"[[[7, 744], [43, 744]], [], [true, true]]",
24296,q,a,cx_stage3,,"[[[7, 744], [43, 744]], [], [true, true]]",
24297,q,a,cx_stage1,,"[[[8, 747], [43, 747]], [], [true, true]]",
24298,q,a,cx_stage2,,"[[[8, 747], [43, 747]], [], [true, true]]",
24299,q,a,cx_stage3,,"[[[8, 747], [43, 747]], [], [true, true]]",
24300,q,a,p,,"[[[43, 748]], [], [true]]",
24301,q,a,cx_stage1,,"[[[8, 751], [43, 751]], [], [true, true]]",
24302,q,a,cx_stage2,,"[[[8, 751], [43, 751]], [], [true, true]]",
24303,q,a,cx_stage3,,"[[[8, 751], [43, 751]], [], [true, true]]",
24304,q,a,cx_stage1,,"[[[9, 754], [43, 754]], [], [true, true]]",
24305,q,a,cx_stage2,,"[[[9, 754], [43, 754]], [], [true, true]]",
24306,q,a,cx_stage3,,"[[[9, 754], [43, 754]], [], [true, true]]",
24307,q,a,p,,"[[[43, 755]], [], [true]]",
24308,q,a,cx_stage1,,"[[[9, 758], [43, 758]], [], [true, true]]",
24309,q,a,cx_stage2,,"[[[9, 758], [43, 758]], [], [true, true]]",
24310,q,a,cx_stage3,,"[[[9, 758], [43, 758]], [], [true, true]]",
24311,q,a,cx_stage1,,"[[[10, 761], [43, 761]], [], [true, true]]",
24312,q,a,cx_stage3,,"[[[10, 761], [43, 761]], [], [true, true]]",
24313,q,a,p,,"[[[43, 762]], [], [true]]",
24314,q,a,cx_stage1,,"[[[10, 765], [43, 765]], [], [true, true]]",
24315,q,a,cx_stage3,,"[[[10, 765], [43, 765]], [], [true, true]]",
24316,q,a,cx_stage1,,"[[[11, 768], [43, 768]], [], [true, true]]",
24317,q,a,cx_stage3,,"[[[11, 768], [43, 768]], [], [true, true]]",
24318,q,a,p,,"[[[43, 769]], [], [true]]",
24319,q,a,cx_stage1,,"[[[11, 772], [43, 772]], [], [true, true]]",
24320,q,a,cx_stage3,,"[[[11, 772], [43, 772]], [], [true, true]]",
24321,q,a,cx_stage1,,"[[[12, 775], [43, 775]], [], [true, true]]",
24322,q,a,cx_stage3,,"[[[12, 775], [43, 775]], [], [true, true]]",
24323,q,a,p,,"[[[43, 776]], [], [true]]",
24324,q,a,cx_stage1,,"[[[12, 779], [43, 779]], [], [true, true]]",
24325,q,a,cx_stage3,,"[[[12, 779], [43, 779]], [], [true, true]]",
24326,q,a,cx_stage1,,"[[[13, 782], [43, 782]], [], [true, true]]",
24327,q,a,cx_stage3,,"[[[13, 782], [43, 782]], [], [true, true]]",
24328,q,a,p,,"[[[43, 783]], [], [true]]",
24329,q,a,cx_stage1,,"[[[13, 786], [43, 786]], [], [true, true]]",
24330,q,a,cx_stage3,,"[[[13, 786], [43, 786]], [], [true, true]]",
24331,q,a,cx_stage1,,"[[[14, 789], [43, 789]], [], [true, true]]",
24332,q,a,cx_stage3,,"[[[14, 789], [43, 789]], [], [true, true]]",
24333,q,a,p,,"[[[43, 790]], [], [true]]",
24334,q,a,cx_stage1,,"[[[14, 793], [43, 793]], [], [true, true]]",
24335,q,a,cx_stage3,,"[[[14, 793], [43, 793]], [], [true, true]]",
24336,q,a,cx_stage1,,"[[[15, 796], [43, 796]], [], [true, true]]",
24337,q,a,cx_stage3,,"[[[15, 796], [43, 796]], [], [true, true]]",
24338,q,a,p,,"[[[43, 797]], [], [true]]",
24339,q,a,cx_stage1,,"[[[15, 800], [43, 800]], [], [true, true]]",
24340,q,a,cx_stage3,,"[[[15, 800], [43, 800]], [], [true, true]]",
24341,q,a,cx_stage1,,"[[[16, 803], [43, 803]], [], [true, true]]",
24342,q,a,cx_stage3,,"[[[16, 803], [43, 803]], [], [true, true]]",
24343,q,a,p,,"[[[43, 804]], [], [true]]",
24344,q,a,cx_stage1,,"[[[16, 807], [43, 807]], [], [true, true]]",
24345,q,a,cx_stage3,,"[[[16, 807], [43, 807]], [], [true, true]]",
24346,q,a,cx_stage1,,"[[[17, 810], [43, 810]], [], [true, true]]",
24347,q,a,cx_stage3,,"[[[17, 810], [43, 810]], [], [true, true]]",
24348,q,a,p,,"[[[43, 811]], [], [true]]",
24349,q,a,cx_stage1,,"[[[17, 814], [43, 814]], [], [true, true]]",
24350,q,a,cx_stage3,,"[[[17, 814], [43, 814]], [], [true, true]]",
24351,q,a,cx_stage1,,"[[[18, 817], [43, 817]], [], [true, true]]",
24352,q,a,cx_stage3,,"[[[18, 817], [43, 817]], [], [true, true]]",
24353,q,a,p,,"[[[43, 818]], [], [true]]",
24354,q,a,cx_stage1,,"[[[18, 821], [43, 821]], [], [true, true]]",
24355,q,a,cx_stage3,,"[[[18, 821], [43, 821]], [], [true, true]]",
24356,q,a,cx_stage1,,"[[[19, 824], [43, 824]], [], [true, true]]",
24357,q,a,cx_stage3,,"[[[19, 824], [43, 824]], [], [true, true]]",
24358,q,a,p,,"[[[43, 825]], [], [true]]",
24359,q,a,cx_stage1,,"[[[19, 828], [43, 828]], [], [true, true]]",
24360,q,a,cx_stage3,,"[[[19, 828], [43, 828]], [], [true, true]]",
24361,q,a,cx_stage1,,"[[[20, 831], [43, 831]], [], [true, true]]",
24362,q,a,cx_stage3,,"[[[20, 831], [43, 831]], [], [true, true]]",
24363,q,a,p,,"[[[43, 832]], [], [true]]",
24364,q,a,cx_stage1,,"[[[20, 835], [43, 835]], [], [true, true]]",
24365,q,a,cx_stage3,,"[[[20, 835], [43, 835]], [], [true, true]]",
24366,q,a,cx_stage1,,"[[[21, 838], [43, 838]], [], [true, true]]",
24367,q,a,cx_stage3,,"[[[21, 838], [43, 838]], [], [true, true]]",
24368,q,a,p,,"[[[43, 839]], [], [true]]",
24369,q,a,cx_stage1,,"[[[21, 842], [43, 842]], [], [true, true]]",
24370,q,a,cx_stage3,,"[[[21, 842], [43, 842]], [], [true, true]]",
24371,q,a,cx_stage1,,"[[[22, 845], [43, 845]], [], [true, true]]",
24372,q,a,cx_stage3,,"[[[22, 845], [43, 845]], [], [true, true]]",
24373,q,a,p,,"[[[43, 846]], [], [true]]",
24374,q,a,cx_stage1,,"[[[22, 849], [43, 849]], [], [true, true]]",
24375,q,a,cx_stage3,,"[[[22, 849], [43, 849]], [], [true, true]]",
24376,q,a,cx_stage1,,"[[[23, 852], [43, 852]], [], [true, true]]",
24377,q,a,cx_stage3,,"[[[23, 852], [43, 852]], [], [true, true]]",
24378,q,a,p,,"[[[43, 853]], [], [true]]",
24379,q,a,cx_stage1,,"[[[23, 856], [43, 856]], [], [true, true]]",
24380,q,a,cx_stage3,,"[[[23, 856], [43, 856]], [], [true, true]]",
24381,q,a,cx_stage1,,"[[[24, 859], [43, 859]], [], [true, true]]",
24382,q,a,cx_stage3,,"[[[24, 859], [43, 859]], [], [true, true]]",
24383,q,a,p,,"[[[43, 860]], [], [true]]",
24384,q,a,cx_stage1,,"[[[24, 863], [43, 863]], [], [true, true]]",
24385,q,a,cx_stage3,,"[[[24, 863], [43, 863]], [], [true, true]]",
24386,q,a,cx_stage1,,"[[[25, 866], [43, 866]], [], [true, true]]",
24387,q,a,cx_stage3,,"[[[25, 866], [43, 866]], [], [true, true]]",
24388,q,a,p,,"[[[43, 867]], [], [true]]",
24389,q,a,cx_stage1,,"[[[25, 870], [43, 870]], [], [true, true]]",
24390,q,a,cx_stage3,,"[[[25, 870], [43, 870]], [], [true, true]]",
24391,q,a,cx_stage1,,"[[[26, 873], [43, 873]], [], [true, true]]",
24392,q,a,cx_stage3,,"[[[26, 873], [43, 873]], [], [true, true]]",
24393,q,a,p,,"[[[43, 874]], [], [true]]",
24394,q,a,cx_stage1,,"[[[26, 877], [43, 877]], [], [true, true]]",
24395,q,a,cx_stage3,,"[[[26, 877], [43, 877]], [], [true, true]]",
24396,q,a,cx_stage1,,"[[[27, 880], [43, 880]], [], [true, true]]",
24397,q,a,cx_stage3,,"[[[27, 880], [43, 880]], [], [true, true]]",
24398,q,a,p,,"[[[43, 881]], [], [true]]",
24399,q,a,cx_stage1,,"[[[27, 884], [43, 884]], [], [true, true]]",
24400,q,a,cx_stage3,,"[[[27, 884], [43, 884]], [], [true, true]]",
24401,q,a,cx_stage1,,"[[[28, 887], [43, 887]], [], [true, true]]",
24402,q,a,cx_stage3,,"[[[28, 887], [43, 887]], [], [true, true]]",
24403,q,a,p,,"[[[43, 888]], [], [true]]",
24404,q,a,cx_stage1,,"[[[28, 891], [43, 891]], [], [true, true]]",
24405,q,a,cx_stage3,,"[[[28, 891], [43, 891]], [], [true, true]]",
24406,q,a,cx_stage1,,"[[[29, 894], [43, 894]], [], [true, true]]",
24407,q,a,cx_stage3,,"[[[29, 894], [43, 894]], [], [true, true]]",
24408,q,a,p,,"[[[43, 895]], [], [true]]",
24409,q,a,cx_stage1,,"[[[29, 898], [43, 898]], [], [true, true]]",
24410,q,a,cx_stage3,,"[[[29, 898], [43, 898]], [], [true, true]]",
24411,q,a,cx_stage1,,"[[[30, 901], [43, 901]], [], [true, true]]",
24412,q,a,cx_stage3,,"[[[30, 901], [43, 901]], [], [true, true]]",
24413,q,a,p,,"[[[43, 902]], [], [true]]",
24414,q,a,cx_stage1,,"[[[30, 905], [43, 905]], [], [true, true]]",
24415,q,a,cx_stage3,,"[[[30, 905], [43, 905]], [], [true, true]]",
24416,q,a,cx_stage1,,"[[[31, 908], [43, 908]], [], [true, true]]",
24417,q,a,cx_stage3,,"[[[31, 908], [43, 908]], [], [true, true]]",
24418,q,a,p,,"[[[43, 909]], [], [true]]",
24419,q,a,cx_stage1,,"[[[31, 912], [43, 912]], [], [true, true]]",
24420,q,a,cx_stage3,,"[[[31, 912], [43, 912]], [], [true, true]]",
24421,q,a,cx_stage1,,"[[[32, 915], [43, 915]], [], [true, true]]",
24422,q,a,cx_stage3,,"[[[32, 915], [43, 915]], [], [true, true]]",
24423,q,a,p,,"[[[43, 916]], [], [true]]",
24424,q,a,cx_stage1,,"[[[32, 919], [43, 919]], [], [true, true]]",
24425,q,a,cx_stage3,,"[[[32, 919], [43, 919]], [], [true, true]]",
24426,q,a,cx_stage1,,"[[[33, 922], [43, 922]], [], [true, true]]",
24427,q,a,cx_stage3,,"[[[33, 922], [43, 922]], [], [true, true]]",
24428,q,a,p,,"[[[43, 923]], [], [true]]",
24429,q,a,cx_stage1,,"[[[33, 926], [43, 926]], [], [true, true]]",
24430,q,a,cx_stage3,,"[[[33, 926], [43, 926]], [], [true, true]]",
24431,q,a,cx_stage1,,"[[[34, 929], [43, 929]], [], [true, true]]",
24432,q,a,cx_stage3,,"[[[34, 929], [43, 929]], [], [true, true]]",
24433,q,a,p,,"[[[43, 930]], [], [true]]",
24434,q,a,cx_stage1,,"[[[34, 933], [43, 933]], [], [true, true]]",
24435,q,a,cx_stage3,,"[[[34, 933], [43, 933]], [], [true, true]]",
24436,q,a,cx_stage1,,"[[[35, 936], [43, 936]], [], [true, true]]",
24437,q,a,cx_stage3,,"[[[35, 936], [43, 936]], [], [true, true]]",
24438,q,a,p,,"[[[43, 937]], [], [true]]",
24439,q,a,cx_stage1,,"[[[35, 940], [43, 940]], [], [true, true]]",
24440,q,a,cx_stage3,,"[[[35, 940], [43, 940]], [], [true, true]]",
24441,q,a,cx_stage1,,"[[[36, 943], [43, 943]], [], [true, true]]",
24442,q,a,cx_stage3,,"[[[36, 943], [43, 943]], [], [true, true]]",
24443,q,a,p,,"[[[43, 944]], [], [true]]",
24444,q,a,cx_stage1,,"[[[36, 947], [43, 947]], [], [true, true]]",
24445,q,a,cx_stage3,,"[[[36, 947], [43, 947]], [], [true, true]]",
24446,q,a,cx_stage1,,"[[[37, 950], [43, 950]], [], [true, true]]",
24447,q,a,cx_stage3,,"[[[37, 950], [43, 950]], [], [true, true]]",
24448,q,a,p,,"[[[43, 951]], [], [true]]",
24449,q,a,cx_stage1,,"[[[37, 954], [43, 954]], [], [true, true]]",
24450,q,a,cx_stage3,,"[[[37, 954], [43, 954]], [], [true, true]]",
24451,q,a,cx_stage1,,"[[[38, 957], [43, 957]], [], [true, true]]",
24452,q,a,cx_stage3,,"[[[38, 957], [43, 957]], [], [true, true]]",
24453,q,a,p,,"[[[43, 958]], [], [true]]",
24454,q,a,cx_stage1,,"[[[38, 961], [43, 961]], [], [true, true]]",
24455,q,a,cx_stage3,,"[[[38, 961], [43, 961]], [], [true, true]]",
24456,q,a,cx_stage1,,"[[[39, 964], [43, 964]], [], [true, true]]",
24457,q,a,cx_stage3,,"[[[39, 964], [43, 964]], [], [true, true]]",
24458,q,a,p,,"[[[43, 965]], [], [true]]",
24459,q,a,cx_stage1,,"[[[39, 968], [43, 968]], [], [true, true]]",
24460,q,a,cx_stage3,,"[[[39, 968], [43, 968]], [], [true, true]]",
24461,q,a,cx_stage1,,"[[[40, 971], [43, 971]], [], [true, true]]",
24462,q,a,cx_stage3,,"[[[40, 971], [43, 971]], [], [true, true]]",
24463,q,a,p,,"[[[43, 972]], [], [true]]",
24464,q,a,cx_stage1,,"[[[40, 975], [43, 975]], [], [true, true]]",
24465,q,a,cx_stage3,,"[[[40, 975], [43, 975]], [], [true, true]]",
24466,q,a,cx_stage1,,"[[[41, 978], [43, 978]], [], [true, true]]",
24467,q,a,cx_stage3,,"[[[41, 978], [43, 978]], [], [true, true]]",
24468,q,a,p,,"[[[43, 979]], [], [true]]",
24469,q,a,cx_stage1,,"[[[41, 982], [43, 982]], [], [true, true]]",
24470,q,a,cx_stage3,,"[[[41, 982], [43, 982]], [], [true, true]]",
24471,q,a,cx_stage1,,"[[[42, 985], [43, 985]], [], [true, true]]",
24472,q,a,cx_stage3,,"[[[42, 985], [43, 985]], [], [true, true]]",
24473,q,a,p,,"[[[43, 986]], [], [true]]",
24474,q,a,cx_stage1,,"[[[42, 989], [43, 989]], [], [true, true]]",
24475,q,a,cx_stage3,,"[[[42, 989], [43, 989]], [], [true, true]]",
24476,q,a,cx_stage1,,"[[[43, 999], [44, 999]], [], [true, true]]",
24477,q,a,cx_stage2,,"[[[43, 999], [44, 999]], [], [true, true]]",
24478,q,a,cx_stage3,,"[[[43, 999], [44, 999]], [], [true, true]]",
24479,q,a,u2,,"[[[44, 1]], [], [true]]",
24480,q,a,cx_stage1,,"[[[0, 305], [44, 305]], [], [true, true]]",
24481,q,a,cx_stage1,,"[[[43, 1003], [44, 1003]], [], [true, true]]",
24482,q,a,p,,"[[[44, 1000]], [], [true]]",
24483,q,a,cx_stage3,,"[[[43, 1003], [44, 1003]], [], [true, true]]",
24484,q,a,cx_stage1,,"[[[44, 1013], [45, 1013]], [], [true, true]]",
24485,q,a,cx_stage2,,"[[[44, 1013], [45, 1013]], [], [true, true]]",
24486,q,a,cx_stage3,,"[[[44, 1013], [45, 1013]], [], [true, true]]",
24487,q,a,cx_stage1,,"[[[44, 1017], [45, 1017]], [], [true, true]]",
24488,q,a,cx_stage2,,"[[[44, 1017], [45, 1017]], [], [true, true]]",
24489,q,a,cx_stage3,,"[[[44, 1017], [45, 1017]], [], [true, true]]",
24490,q,a,cx_stage1,,"[[[44, 1020], [46, 1020]], [], [true, true]]",
24491,q,a,cx_stage2,,"[[[44, 1020], [46, 1020]], [], [true, true]]",
24492,q,a,cx_stage3,,"[[[44, 1020], [46, 1020]], [], [true, true]]",
24493,q,a,cx_stage1,,"[[[44, 1024], [46, 1024]], [], [true, true]]",
24494,q,a,cx_stage2,,"[[[44, 1024], [46, 1024]], [], [true, true]]",
24495,q,a,cx_stage3,,"[[[44, 1024], [46, 1024]], [], [true, true]]",
24496,q,a,cx_stage1,,"[[[44, 1027], [47, 1027]], [], [true, true]]",
24497,q,a,cx_stage2,,"[[[44, 1027], [47, 1027]], [], [true, true]]",
24498,q,a,cx_stage3,,"[[[44, 1027], [47, 1027]], [], [true, true]]",
24499,q,a,cx_stage1,,"[[[44, 1031], [47, 1031]], [], [true, true]]",
24500,q,a,cx_stage2,,"[[[44, 1031], [47, 1031]], [], [true, true]]",
24501,q,a,cx_stage3,,"[[[44, 1031], [47, 1031]], [], [true, true]]",
24502,q,a,cx_stage1,,"[[[44, 1034], [48, 1034]], [], [true, true]]",
24503,q,a,cx_stage2,,"[[[44, 1034], [48, 1034]], [], [true, true]]",
24504,q,a,cx_stage3,,"[[[44, 1034], [48, 1034]], [], [true, true]]",
24505,q,a,cx_stage1,,"[[[44, 1038], [48, 1038]], [], [true, true]]",
24506,q,a,cx_stage2,,"[[[44, 1038], [48, 1038]], [], [true, true]]",
24507,q,a,cx_stage3,,"[[[44, 1038], [48, 1038]], [], [true, true]]",
24508,q,a,cx_stage1,,"[[[44, 1041], [49, 1041]], [], [true, true]]",
24509,q,a,cx_stage2,,"[[[44, 1041], [49, 1041]], [], [true, true]]",
24510,q,a,cx_stage3,,"[[[44, 1041], [49, 1041]], [], [true, true]]",
24511,q,a,cx_stage1,,"[[[44, 1045], [49, 1045]], [], [true, true]]",
24512,q,a,cx_stage2,,"[[[44, 1045], [49, 1045]], [], [true, true]]",
24513,q,a,cx_stage3,,"[[[44, 1045], [49, 1045]], [], [true, true]]",
24514,q,a,cx_stage1,,"[[[44, 1048], [50, 1048]], [], [true, true]]",
24515,q,a,cx_stage2,,"[[[44, 1048], [50, 1048]], [], [true, true]]",
24516,q,a,cx_stage3,,"[[[44, 1048], [50, 1048]], [], [true, true]]",
24517,q,a,cx_stage1,,"[[[44, 1052], [50, 1052]], [], [true, true]]",
24518,q,a,cx_stage2,,"[[[44, 1052], [50, 1052]], [], [true, true]]",
24519,q,a,cx_stage3,,"[[[44, 1052], [50, 1052]], [], [true, true]]",
24520,q,a,cx_stage1,,"[[[44, 1055], [51, 1055]], [], [true, true]]",
24521,q,a,cx_stage2,,"[[[44, 1055], [51, 1055]], [], [true, true]]",
24522,q,a,cx_stage3,,"[[[44, 1055], [51, 1055]], [], [true, true]]",
24523,q,a,cx_stage1,,"[[[44, 1059], [51, 1059]], [], [true, true]]",
24524,q,a,cx_stage2,,"[[[44, 1059], [51, 1059]], [], [true, true]]",
24525,q,a,cx_stage3,,"[[[44, 1059], [51, 1059]], [], [true, true]]",
24526,q,a,cx_stage1,,"[[[44, 1062], [52, 1062]], [], [true, true]]",
24527,q,a,cx_stage2,,"[[[44, 1062], [52, 1062]], [], [true, true]]",
24528,q,a,cx_stage3,,"[[[44, 1062], [52, 1062]], [], [true, true]]",
24529,q,a,cx_stage1,,"[[[44, 1066], [52, 1066]], [], [true, true]]",
24530,q,a,cx_stage2,,"[[[44, 1066], [52, 1066]], [], [true, true]]",
24531,q,a,cx_stage3,,"[[[44, 1066], [52, 1066]], [], [true, true]]",
24532,q,a,cx_stage1,,"[[[44, 1069], [53, 1069]], [], [true, true]]",
24533,q,a,cx_stage2,,"[[[44, 1069], [53, 1069]], [], [true, true]]",
24534,q,a,cx_stage3,,"[[[44, 1069], [53, 1069]], [], [true, true]]",
24535,q,a,cx_stage1,,"[[[44, 1073], [53, 1073]], [], [true, true]]",
24536,q,a,cx_stage2,,"[[[44, 1073], [53, 1073]], [], [true, true]]",
24537,q,a,cx_stage3,,"[[[44, 1073], [53, 1073]], [], [true, true]]",
24538,q,a,cx_stage1,,"[[[44, 1076], [54, 1076]], [], [true, true]]",
24539,q,a,cx_stage2,,"[[[44, 1076], [54, 1076]], [], [true, true]]",
24540,q,a,cx_stage3,,"[[[44, 1076], [54, 1076]], [], [true, true]]",
24541,q,a,cx_stage1,,"[[[44, 1080], [54, 1080]], [], [true, true]]",
24542,q,a,cx_stage2,,"[[[44, 1080], [54, 1080]], [], [true, true]]",
24543,q,a,cx_stage3,,"[[[44, 1080], [54, 1080]], [], [true, true]]",
24544,q,a,cx_stage1,,"[[[44, 1083], [55, 1083]], [], [true, true]]",
24545,q,a,cx_stage2,,"[[[44, 1083], [55, 1083]], [], [true, true]]",
24546,q,a,cx_stage3,,"[[[44, 1083], [55, 1083]], [], [true, true]]",
24547,q,a,cx_stage1,,"[[[44, 1087], [55, 1087]], [], [true, true]]",
24548,q,a,cx_stage2,,"[[[44, 1087], [55, 1087]], [], [true, true]]",
24549,q,a,cx_stage3,,"[[[44, 1087], [55, 1087]], [], [true, true]]",
24550,q,a,ry,,"[[[44, 1088]], [], [true]]",
24551,q,a,cx_stage1,,"[[[44, 1191], [45, 1191]], [], [true, true]]",
24552,q,a,cx_stage2,,"[[[44, 1191], [45, 1191]], [], [true, true]]",
24553,q,a,cx_stage3,,"[[[44, 1191], [45, 1191]], [], [true, true]]",
24554,q,a,cx_stage1,,"[[[43, 1194], [44, 1194]], [], [true, true]]",
24555,q,a,cx_stage3,,"[[[43, 1194], [44, 1194]], [], [true, true]]",
24556,q,a,ry,,"[[[44, 1195]], [], [true]]",
24557,q,a,cx_stage3,,"[[[0, 305], [44, 305]], [], [true, true]]",
24558,q,a,p,,"[[[44, 306]], [], [true]]",
24559,q,a,cx_stage1,,"[[[0, 309], [44, 309]], [], [true, true]]",
24560,q,a,cx_stage3,,"[[[0, 309], [44, 309]], [], [true, true]]",
24561,q,a,cx_stage1,,"[[[1, 312], [44, 312]], [], [true, true]]",
24562,q,a,cx_stage3,,"[[[1, 312], [44, 312]], [], [true, true]]",
24563,q,a,p,,"[[[44, 313]], [], [true]]",
24564,q,a,cx_stage1,,"[[[1, 316], [44, 316]], [], [true, true]]",
24565,q,a,cx_stage3,,"[[[1, 316], [44, 316]], [], [true, true]]",
24566,q,a,cx_stage1,,"[[[2, 319], [44, 319]], [], [true, true]]",
24567,q,a,cx_stage3,,"[[[2, 319], [44, 319]], [], [true, true]]",
24568,q,a,p,,"[[[44, 320]], [], [true]]",
24569,q,a,cx_stage1,,"[[[2, 323], [44, 323]], [], [true, true]]",
24570,q,a,cx_stage3,,"[[[2, 323], [44, 323]], [], [true, true]]",
24571,q,a,cx_stage1,,"[[[3, 326], [44, 326]], [], [true, true]]",
24572,q,a,cx_stage3,,"[[[3, 326], [44, 326]], [], [true, true]]",
24573,q,a,p,,"[[[44, 327]], [], [true]]",
24574,q,a,cx_stage1,,"[[[3, 330], [44, 330]], [], [true, true]]",
24575,q,a,cx_stage3,,"[[[3, 330], [44, 330]], [], [true, true]]",
24576,q,a,cx_stage1,,"[[[4, 333], [44, 333]], [], [true, true]]",
24577,q,a,cx_stage2,,"[[[4, 333], [44, 333]], [], [true, true]]",
24578,q,a,cx_stage3,,"[[[4, 333], [44, 333]], [], [true, true]]",
24579,q,a,p,,"[[[44, 334]], [], [true]]",
24580,q,a,cx_stage1,,"[[[4, 337], [44, 337]], [], [true, true]]",
24581,q,a,cx_stage2,,"[[[4, 337], [44, 337]], [], [true, true]]",
24582,q,a,cx_stage3,,"[[[4, 337], [44, 337]], [], [true, true]]",
24583,q,a,cx_stage1,,"[[[5, 340], [44, 340]], [], [true, true]]",
24584,q,a,cx_stage2,,"[[[5, 340], [44, 340]], [], [true, true]]",
24585,q,a,cx_stage3,,"[[[5, 340], [44, 340]], [], [true, true]]",
24586,q,a,p,,"[[[44, 341]], [], [true]]",
24587,q,a,cx_stage1,,"[[[5, 344], [44, 344]], [], [true, true]]",
24588,q,a,cx_stage2,,"[[[5, 344], [44, 344]], [], [true, true]]",
24589,q,a,cx_stage3,,"[[[5, 344], [44, 344]], [], [true, true]]",
24590,q,a,cx_stage1,,"[[[6, 347], [44, 347]], [], [true, true]]",
24591,q,a,cx_stage2,,"[[[6, 347], [44, 347]], [], [true, true]]",
24592,q,a,cx_stage3,,"[[[6, 347], [44, 347]], [], [true, true]]",
24593,q,a,p,,"[[[44, 348]], [], [true]]",
24594,q,a,cx_stage1,,"[[[6, 351], [44, 351]], [], [true, true]]",
24595,q,a,cx_stage2,,"[[[6, 351], [44, 351]], [], [true, true]]",
24596,q,a,cx_stage3,,"[[[6, 351], [44, 351]], [], [true, true]]",
24597,q,a,cx_stage1,,"[[[7, 354], [44, 354]], [], [true, true]]",
24598,q,a,cx_stage2,,"[[[7, 354], [44, 354]], [], [true, true]]",
24599,q,a,cx_stage3,,"[[[7, 354], [44, 354]], [], [true, true]]",
24600,q,a,p,,"[[[44, 355]], [], [true]]",
24601,q,a,cx_stage1,,"[[[7, 358], [44, 358]], [], [true, true]]",
24602,q,a,cx_stage2,,"[[[7, 358], [44, 358]], [], [true, true]]",
24603,q,a,cx_stage3,,"[[[7, 358], [44, 358]], [], [true, true]]",
24604,q,a,cx_stage1,,"[[[8, 361], [44, 361]], [], [true, true]]",
24605,q,a,cx_stage2,,"[[[8, 361], [44, 361]], [], [true, true]]",
24606,q,a,cx_stage3,,"[[[8, 361], [44, 361]], [], [true, true]]",
24607,q,a,p,,"[[[44, 362]], [], [true]]",
24608,q,a,cx_stage1,,"[[[8, 365], [44, 365]], [], [true, true]]",
24609,q,a,cx_stage2,,"[[[8, 365], [44, 365]], [], [true, true]]",
24610,q,a,cx_stage3,,"[[[8, 365], [44, 365]], [], [true, true]]",
24611,q,a,cx_stage1,,"[[[9, 368], [44, 368]], [], [true, true]]",
24612,q,a,cx_stage2,,"[[[9, 368], [44, 368]], [], [true, true]]",
24613,q,a,cx_stage3,,"[[[9, 368], [44, 368]], [], [true, true]]",
24614,q,a,p,,"[[[44, 369]], [], [true]]",
24615,q,a,cx_stage1,,"[[[9, 372], [44, 372]], [], [true, true]]",
24616,q,a,cx_stage2,,"[[[9, 372], [44, 372]], [], [true, true]]",
24617,q,a,cx_stage3,,"[[[9, 372], [44, 372]], [], [true, true]]",
24618,q,a,cx_stage1,,"[[[10, 375], [44, 375]], [], [true, true]]",
24619,q,a,cx_stage3,,"[[[10, 375], [44, 375]], [], [true, true]]",
24620,q,a,p,,"[[[44, 376]], [], [true]]",
24621,q,a,cx_stage1,,"[[[10, 379], [44, 379]], [], [true, true]]",
24622,q,a,cx_stage3,,"[[[10, 379], [44, 379]], [], [true, true]]",
24623,q,a,cx_stage1,,"[[[11, 382], [44, 382]], [], [true, true]]",
24624,q,a,cx_stage3,,"[[[11, 382], [44, 382]], [], [true, true]]",
24625,q,a,p,,"[[[44, 383]], [], [true]]",
24626,q,a,cx_stage1,,"[[[11, 386], [44, 386]], [], [true, true]]",
24627,q,a,cx_stage3,,"[[[11, 386], [44, 386]], [], [true, true]]",
24628,q,a,cx_stage1,,"[[[12, 389], [44, 389]], [], [true, true]]",
24629,q,a,cx_stage3,,"[[[12, 389], [44, 389]], [], [true, true]]",
24630,q,a,p,,"[[[44, 390]], [], [true]]",
24631,q,a,cx_stage1,,"[[[12, 393], [44, 393]], [], [true, true]]",
24632,q,a,cx_stage3,,"[[[12, 393], [44, 393]], [], [true, true]]",
24633,q,a,cx_stage1,,"[[[13, 396], [44, 396]], [], [true, true]]",
24634,q,a,cx_stage3,,"[[[13, 396], [44, 396]], [], [true, true]]",
24635,q,a,p,,"[[[44, 397]], [], [true]]",
24636,q,a,cx_stage1,,"[[[13, 400], [44, 400]], [], [true, true]]",
24637,q,a,cx_stage3,,"[[[13, 400], [44, 400]], [], [true, true]]",
24638,q,a,cx_stage1,,"[[[14, 403], [44, 403]], [], [true, true]]",
24639,q,a,cx_stage3,,"[[[14, 403], [44, 403]], [], [true, true]]",
24640,q,a,p,,"[[[44, 404]], [], [true]]",
24641,q,a,cx_stage1,,"[[[14, 407], [44, 407]], [], [true, true]]",
24642,q,a,cx_stage3,,"[[[14, 407], [44, 407]], [], [true, true]]",
24643,q,a,cx_stage1,,"[[[15, 410], [44, 410]], [], [true, true]]",
24644,q,a,cx_stage3,,"[[[15, 410], [44, 410]], [], [true, true]]",
24645,q,a,p,,"[[[44, 411]], [], [true]]",
24646,q,a,cx_stage1,,"[[[15, 414], [44, 414]], [], [true, true]]",
24647,q,a,cx_stage3,,"[[[15, 414], [44, 414]], [], [true, true]]",
24648,q,a,cx_stage1,,"[[[16, 417], [44, 417]], [], [true, true]]",
24649,q,a,cx_stage3,,"[[[16, 417], [44, 417]], [], [true, true]]",
24650,q,a,p,,"[[[44, 418]], [], [true]]",
24651,q,a,cx_stage1,,"[[[16, 421], [44, 421]], [], [true, true]]",
24652,q,a,cx_stage3,,"[[[16, 421], [44, 421]], [], [true, true]]",
24653,q,a,cx_stage1,,"[[[17, 424], [44, 424]], [], [true, true]]",
24654,q,a,cx_stage3,,"[[[17, 424], [44, 424]], [], [true, true]]",
24655,q,a,p,,"[[[44, 425]], [], [true]]",
24656,q,a,cx_stage1,,"[[[17, 428], [44, 428]], [], [true, true]]",
24657,q,a,cx_stage3,,"[[[17, 428], [44, 428]], [], [true, true]]",
24658,q,a,cx_stage1,,"[[[18, 431], [44, 431]], [], [true, true]]",
24659,q,a,cx_stage3,,"[[[18, 431], [44, 431]], [], [true, true]]",
24660,q,a,p,,"[[[44, 432]], [], [true]]",
24661,q,a,cx_stage1,,"[[[18, 435], [44, 435]], [], [true, true]]",
24662,q,a,cx_stage3,,"[[[18, 435], [44, 435]], [], [true, true]]",
24663,q,a,cx_stage1,,"[[[19, 438], [44, 438]], [], [true, true]]",
24664,q,a,cx_stage3,,"[[[19, 438], [44, 438]], [], [true, true]]",
24665,q,a,p,,"[[[44, 439]], [], [true]]",
24666,q,a,cx_stage1,,"[[[19, 442], [44, 442]], [], [true, true]]",
24667,q,a,cx_stage3,,"[[[19, 442], [44, 442]], [], [true, true]]",
24668,q,a,cx_stage1,,"[[[20, 445], [44, 445]], [], [true, true]]",
24669,q,a,cx_stage3,,"[[[20, 445], [44, 445]], [], [true, true]]",
24670,q,a,p,,"[[[44, 446]], [], [true]]",
24671,q,a,cx_stage1,,"[[[20, 449], [44, 449]], [], [true, true]]",
24672,q,a,cx_stage3,,"[[[20, 449], [44, 449]], [], [true, true]]",
24673,q,a,cx_stage1,,"[[[21, 452], [44, 452]], [], [true, true]]",
24674,q,a,cx_stage3,,"[[[21, 452], [44, 452]], [], [true, true]]",
24675,q,a,p,,"[[[44, 453]], [], [true]]",
24676,q,a,cx_stage1,,"[[[21, 456], [44, 456]], [], [true, true]]",
24677,q,a,cx_stage3,,"[[[21, 456], [44, 456]], [], [true, true]]",
24678,q,a,cx_stage1,,"[[[22, 459], [44, 459]], [], [true, true]]",
24679,q,a,cx_stage3,,"[[[22, 459], [44, 459]], [], [true, true]]",
24680,q,a,p,,"[[[44, 460]], [], [true]]",
24681,q,a,cx_stage1,,"[[[22, 463], [44, 463]], [], [true, true]]",
24682,q,a,cx_stage3,,"[[[22, 463], [44, 463]], [], [true, true]]",
24683,q,a,cx_stage1,,"[[[23, 466], [44, 466]], [], [true, true]]",
24684,q,a,cx_stage3,,"[[[23, 466], [44, 466]], [], [true, true]]",
24685,q,a,p,,"[[[44, 467]], [], [true]]",
24686,q,a,cx_stage1,,"[[[23, 470], [44, 470]], [], [true, true]]",
24687,q,a,cx_stage3,,"[[[23, 470], [44, 470]], [], [true, true]]",
24688,q,a,cx_stage1,,"[[[24, 473], [44, 473]], [], [true, true]]",
24689,q,a,cx_stage3,,"[[[24, 473], [44, 473]], [], [true, true]]",
24690,q,a,p,,"[[[44, 474]], [], [true]]",
24691,q,a,cx_stage1,,"[[[24, 477], [44, 477]], [], [true, true]]",
24692,q,a,cx_stage3,,"[[[24, 477], [44, 477]], [], [true, true]]",
24693,q,a,cx_stage1,,"[[[25, 480], [44, 480]], [], [true, true]]",
24694,q,a,cx_stage3,,"[[[25, 480], [44, 480]], [], [true, true]]",
24695,q,a,p,,"[[[44, 481]], [], [true]]",
24696,q,a,cx_stage1,,"[[[25, 484], [44, 484]], [], [true, true]]",
24697,q,a,cx_stage3,,"[[[25, 484], [44, 484]], [], [true, true]]",
24698,q,a,cx_stage1,,"[[[26, 487], [44, 487]], [], [true, true]]",
24699,q,a,cx_stage3,,"[[[26, 487], [44, 487]], [], [true, true]]",
24700,q,a,p,,"[[[44, 488]], [], [true]]",
24701,q,a,cx_stage1,,"[[[26, 491], [44, 491]], [], [true, true]]",
24702,q,a,cx_stage3,,"[[[26, 491], [44, 491]], [], [true, true]]",
24703,q,a,cx_stage1,,"[[[27, 494], [44, 494]], [], [true, true]]",
24704,q,a,cx_stage3,,"[[[27, 494], [44, 494]], [], [true, true]]",
24705,q,a,p,,"[[[44, 495]], [], [true]]",
24706,q,a,cx_stage1,,"[[[27, 498], [44, 498]], [], [true, true]]",
24707,q,a,cx_stage3,,"[[[27, 498], [44, 498]], [], [true, true]]",
24708,q,a,cx_stage1,,"[[[28, 501], [44, 501]], [], [true, true]]",
24709,q,a,cx_stage3,,"[[[28, 501], [44, 501]], [], [true, true]]",
24710,q,a,p,,"[[[44, 502]], [], [true]]",
24711,q,a,cx_stage1,,"[[[28, 505], [44, 505]], [], [true, true]]",
24712,q,a,cx_stage3,,"[[[28, 505], [44, 505]], [], [true, true]]",
24713,q,a,cx_stage1,,"[[[29, 508], [44, 508]], [], [true, true]]",
24714,q,a,cx_stage3,,"[[[29, 508], [44, 508]], [], [true, true]]",
24715,q,a,p,,"[[[44, 509]], [], [true]]",
24716,q,a,cx_stage1,,"[[[29, 512], [44, 512]], [], [true, true]]",
24717,q,a,cx_stage3,,"[[[29, 512], [44, 512]], [], [true, true]]",
24718,q,a,cx_stage1,,"[[[30, 515], [44, 515]], [], [true, true]]",
24719,q,a,cx_stage3,,"[[[30, 515], [44, 515]], [], [true, true]]",
24720,q,a,p,,"[[[44, 516]], [], [true]]",
24721,q,a,cx_stage1,,"[[[30, 519], [44, 519]], [], [true, true]]",
24722,q,a,cx_stage3,,"[[[30, 519], [44, 519]], [], [true, true]]",
24723,q,a,cx_stage1,,"[[[31, 522], [44, 522]], [], [true, true]]",
24724,q,a,cx_stage3,,"[[[31, 522], [44, 522]], [], [true, true]]",
24725,q,a,p,,"[[[44, 523]], [], [true]]",
24726,q,a,cx_stage1,,"[[[31, 526], [44, 526]], [], [true, true]]",
24727,q,a,cx_stage3,,"[[[31, 526], [44, 526]], [], [true, true]]",
24728,q,a,cx_stage1,,"[[[32, 529], [44, 529]], [], [true, true]]",
24729,q,a,cx_stage3,,"[[[32, 529], [44, 529]], [], [true, true]]",
24730,q,a,p,,"[[[44, 530]], [], [true]]",
24731,q,a,cx_stage1,,"[[[32, 533], [44, 533]], [], [true, true]]",
24732,q,a,cx_stage3,,"[[[32, 533], [44, 533]], [], [true, true]]",
24733,q,a,cx_stage1,,"[[[33, 536], [44, 536]], [], [true, true]]",
24734,q,a,cx_stage3,,"[[[33, 536], [44, 536]], [], [true, true]]",
24735,q,a,p,,"[[[44, 537]], [], [true]]",
24736,q,a,cx_stage1,,"[[[33, 540], [44, 540]], [], [true, true]]",
24737,q,a,cx_stage3,,"[[[33, 540], [44, 540]], [], [true, true]]",
24738,q,a,cx_stage1,,"[[[34, 543], [44, 543]], [], [true, true]]",
24739,q,a,cx_stage3,,"[[[34, 543], [44, 543]], [], [true, true]]",
24740,q,a,p,,"[[[44, 544]], [], [true]]",
24741,q,a,cx_stage1,,"[[[34, 547], [44, 547]], [], [true, true]]",
24742,q,a,cx_stage3,,"[[[34, 547], [44, 547]], [], [true, true]]",
24743,q,a,cx_stage1,,"[[[35, 550], [44, 550]], [], [true, true]]",
24744,q,a,cx_stage3,,"[[[35, 550], [44, 550]], [], [true, true]]",
24745,q,a,p,,"[[[44, 551]], [], [true]]",
24746,q,a,cx_stage1,,"[[[35, 554], [44, 554]], [], [true, true]]",
24747,q,a,cx_stage3,,"[[[35, 554], [44, 554]], [], [true, true]]",
24748,q,a,cx_stage1,,"[[[36, 557], [44, 557]], [], [true, true]]",
24749,q,a,cx_stage3,,"[[[36, 557], [44, 557]], [], [true, true]]",
24750,q,a,p,,"[[[44, 558]], [], [true]]",
24751,q,a,cx_stage1,,"[[[36, 561], [44, 561]], [], [true, true]]",
24752,q,a,cx_stage3,,"[[[36, 561], [44, 561]], [], [true, true]]",
24753,q,a,cx_stage1,,"[[[37, 564], [44, 564]], [], [true, true]]",
24754,q,a,cx_stage3,,"[[[37, 564], [44, 564]], [], [true, true]]",
24755,q,a,p,,"[[[44, 565]], [], [true]]",
24756,q,a,cx_stage1,,"[[[37, 568], [44, 568]], [], [true, true]]",
24757,q,a,cx_stage3,,"[[[37, 568], [44, 568]], [], [true, true]]",
24758,q,a,cx_stage1,,"[[[38, 571], [44, 571]], [], [true, true]]",
24759,q,a,cx_stage3,,"[[[38, 571], [44, 571]], [], [true, true]]",
24760,q,a,p,,"[[[44, 572]], [], [true]]",
24761,q,a,cx_stage1,,"[[[38, 575], [44, 575]], [], [true, true]]",
24762,q,a,cx_stage3,,"[[[38, 575], [44, 575]], [], [true, true]]",
24763,q,a,cx_stage1,,"[[[39, 578], [44, 578]], [], [true, true]]",
24764,q,a,cx_stage3,,"[[[39, 578], [44, 578]], [], [true, true]]",
24765,q,a,p,,"[[[44, 579]], [], [true]]",
24766,q,a,cx_stage1,,"[[[39, 582], [44, 582]], [], [true, true]]",
24767,q,a,cx_stage3,,"[[[39, 582], [44, 582]], [], [true, true]]",
24768,q,a,cx_stage1,,"[[[40, 585], [44, 585]], [], [true, true]]",
24769,q,a,cx_stage3,,"[[[40, 585], [44, 585]], [], [true, true]]",
24770,q,a,p,,"[[[44, 586]], [], [true]]",
24771,q,a,cx_stage1,,"[[[40, 589], [44, 589]], [], [true, true]]",
24772,q,a,cx_stage3,,"[[[40, 589], [44, 589]], [], [true, true]]",
24773,q,a,cx_stage1,,"[[[41, 592], [44, 592]], [], [true, true]]",
24774,q,a,cx_stage3,,"[[[41, 592], [44, 592]], [], [true, true]]",
24775,q,a,p,,"[[[44, 593]], [], [true]]",
24776,q,a,cx_stage1,,"[[[41, 596], [44, 596]], [], [true, true]]",
24777,q,a,cx_stage3,,"[[[41, 596], [44, 596]], [], [true, true]]",
24778,q,a,cx_stage1,,"[[[42, 599], [44, 599]], [], [true, true]]",
24779,q,a,cx_stage3,,"[[[42, 599], [44, 599]], [], [true, true]]",
24780,q,a,p,,"[[[44, 600]], [], [true]]",
24781,q,a,cx_stage1,,"[[[42, 603], [44, 603]], [], [true, true]]",
24782,q,a,cx_stage3,,"[[[42, 603], [44, 603]], [], [true, true]]",
24783,q,a,cx_stage1,,"[[[43, 606], [44, 606]], [], [true, true]]",
24784,q,a,cx_stage3,,"[[[43, 606], [44, 606]], [], [true, true]]",
24785,q,a,p,,"[[[44, 607]], [], [true]]",
24786,q,a,cx_stage1,,"[[[43, 610], [44, 610]], [], [true, true]]",
24787,q,a,cx_stage3,,"[[[43, 610], [44, 610]], [], [true, true]]",
24788,q,a,cx_stage1,,"[[[44, 620], [45, 620]], [], [true, true]]",
24789,q,a,cx_stage2,,"[[[44, 620], [45, 620]], [], [true, true]]",
24790,q,a,cx_stage3,,"[[[44, 620], [45, 620]], [], [true, true]]",
24791,q,a,cx_stage1,,"[[[44, 624], [45, 624]], [], [true, true]]",
24792,q,a,cx_stage2,,"[[[44, 624], [45, 624]], [], [true, true]]",
24793,q,a,cx_stage3,,"[[[44, 624], [45, 624]], [], [true, true]]",
24794,q,a,cx_stage1,,"[[[44, 627], [46, 627]], [], [true, true]]",
24795,q,a,cx_stage2,,"[[[44, 627], [46, 627]], [], [true, true]]",
24796,q,a,cx_stage3,,"[[[44, 627], [46, 627]], [], [true, true]]",
24797,q,a,cx_stage1,,"[[[44, 631], [46, 631]], [], [true, true]]",
24798,q,a,cx_stage2,,"[[[44, 631], [46, 631]], [], [true, true]]",
24799,q,a,cx_stage3,,"[[[44, 631], [46, 631]], [], [true, true]]",
24800,q,a,cx_stage1,,"[[[44, 634], [47, 634]], [], [true, true]]",
24801,q,a,cx_stage2,,"[[[44, 634], [47, 634]], [], [true, true]]",
24802,q,a,cx_stage3,,"[[[44, 634], [47, 634]], [], [true, true]]",
24803,q,a,cx_stage1,,"[[[44, 638], [47, 638]], [], [true, true]]",
24804,q,a,cx_stage2,,"[[[44, 638], [47, 638]], [], [true, true]]",
24805,q,a,cx_stage3,,"[[[44, 638], [47, 638]], [], [true, true]]",
24806,q,a,cx_stage1,,"[[[44, 641], [48, 641]], [], [true, true]]",
24807,q,a,cx_stage2,,"[[[44, 641], [48, 641]], [], [true, true]]",
24808,q,a,cx_stage3,,"[[[44, 641], [48, 641]], [], [true, true]]",
24809,q,a,cx_stage1,,"[[[44, 645], [48, 645]], [], [true, true]]",
24810,q,a,cx_stage2,,"[[[44, 645], [48, 645]], [], [true, true]]",
24811,q,a,cx_stage3,,"[[[44, 645], [48, 645]], [], [true, true]]",
24812,q,a,cx_stage1,,"[[[44, 648], [49, 648]], [], [true, true]]",
24813,q,a,cx_stage2,,"[[[44, 648], [49, 648]], [], [true, true]]",
24814,q,a,cx_stage3,,"[[[44, 648], [49, 648]], [], [true, true]]",
24815,q,a,cx_stage1,,"[[[44, 652], [49, 652]], [], [true, true]]",
24816,q,a,cx_stage2,,"[[[44, 652], [49, 652]], [], [true, true]]",
24817,q,a,cx_stage3,,"[[[44, 652], [49, 652]], [], [true, true]]",
24818,q,a,cx_stage1,,"[[[44, 655], [50, 655]], [], [true, true]]",
24819,q,a,cx_stage2,,"[[[44, 655], [50, 655]], [], [true, true]]",
24820,q,a,cx_stage3,,"[[[44, 655], [50, 655]], [], [true, true]]",
24821,q,a,cx_stage1,,"[[[44, 659], [50, 659]], [], [true, true]]",
24822,q,a,cx_stage2,,"[[[44, 659], [50, 659]], [], [true, true]]",
24823,q,a,cx_stage3,,"[[[44, 659], [50, 659]], [], [true, true]]",
24824,q,a,cx_stage1,,"[[[44, 662], [51, 662]], [], [true, true]]",
24825,q,a,cx_stage2,,"[[[44, 662], [51, 662]], [], [true, true]]",
24826,q,a,cx_stage3,,"[[[44, 662], [51, 662]], [], [true, true]]",
24827,q,a,cx_stage1,,"[[[44, 666], [51, 666]], [], [true, true]]",
24828,q,a,cx_stage2,,"[[[44, 666], [51, 666]], [], [true, true]]",
24829,q,a,cx_stage3,,"[[[44, 666], [51, 666]], [], [true, true]]",
24830,q,a,cx_stage1,,"[[[44, 669], [52, 669]], [], [true, true]]",
24831,q,a,cx_stage2,,"[[[44, 669], [52, 669]], [], [true, true]]",
24832,q,a,cx_stage3,,"[[[44, 669], [52, 669]], [], [true, true]]",
24833,q,a,cx_stage1,,"[[[44, 673], [52, 673]], [], [true, true]]",
24834,q,a,cx_stage2,,"[[[44, 673], [52, 673]], [], [true, true]]",
24835,q,a,cx_stage3,,"[[[44, 673], [52, 673]], [], [true, true]]",
24836,q,a,cx_stage1,,"[[[44, 676], [53, 676]], [], [true, true]]",
24837,q,a,cx_stage2,,"[[[44, 676], [53, 676]], [], [true, true]]",
24838,q,a,cx_stage3,,"[[[44, 676], [53, 676]], [], [true, true]]",
24839,q,a,cx_stage1,,"[[[44, 680], [53, 680]], [], [true, true]]",
24840,q,a,cx_stage2,,"[[[44, 680], [53, 680]], [], [true, true]]",
24841,q,a,cx_stage3,,"[[[44, 680], [53, 680]], [], [true, true]]",
24842,q,a,cx_stage1,,"[[[44, 683], [54, 683]], [], [true, true]]",
24843,q,a,cx_stage2,,"[[[44, 683], [54, 683]], [], [true, true]]",
24844,q,a,cx_stage3,,"[[[44, 683], [54, 683]], [], [true, true]]",
24845,q,a,cx_stage1,,"[[[44, 687], [54, 687]], [], [true, true]]",
24846,q,a,cx_stage2,,"[[[44, 687], [54, 687]], [], [true, true]]",
24847,q,a,cx_stage3,,"[[[44, 687], [54, 687]], [], [true, true]]",
24848,q,a,cx_stage1,,"[[[44, 690], [55, 690]], [], [true, true]]",
24849,q,a,cx_stage2,,"[[[44, 690], [55, 690]], [], [true, true]]",
24850,q,a,cx_stage3,,"[[[44, 690], [55, 690]], [], [true, true]]",
24851,q,a,cx_stage1,,"[[[44, 694], [55, 694]], [], [true, true]]",
24852,q,a,cx_stage2,,"[[[44, 694], [55, 694]], [], [true, true]]",
24853,q,a,cx_stage3,,"[[[44, 694], [55, 694]], [], [true, true]]",
24854,q,a,u2,,"[[[44, 695]], [], [true]]",
24855,q,a,cx_stage1,,"[[[0, 698], [44, 698]], [], [true, true]]",
24856,q,a,cx_stage3,,"[[[0, 698], [44, 698]], [], [true, true]]",
24857,q,a,p,,"[[[44, 699]], [], [true]]",
24858,q,a,cx_stage1,,"[[[0, 702], [44, 702]], [], [true, true]]",
24859,q,a,cx_stage3,,"[[[0, 702], [44, 702]], [], [true, true]]",
24860,q,a,cx_stage1,,"[[[1, 705], [44, 705]], [], [true, true]]",
24861,q,a,cx_stage3,,"[[[1, 705], [44, 705]], [], [true, true]]",
24862,q,a,p,,"[[[44, 706]], [], [true]]",
24863,q,a,cx_stage1,,"[[[1, 709], [44, 709]], [], [true, true]]",
24864,q,a,cx_stage3,,"[[[1, 709], [44, 709]], [], [true, true]]",
24865,q,a,cx_stage1,,"[[[2, 712], [44, 712]], [], [true, true]]",
24866,q,a,cx_stage3,,"[[[2, 712], [44, 712]], [], [true, true]]",
24867,q,a,p,,"[[[44, 713]], [], [true]]",
24868,q,a,cx_stage1,,"[[[2, 716], [44, 716]], [], [true, true]]",
24869,q,a,cx_stage3,,"[[[2, 716], [44, 716]], [], [true, true]]",
24870,q,a,cx_stage1,,"[[[3, 719], [44, 719]], [], [true, true]]",
24871,q,a,cx_stage3,,"[[[3, 719], [44, 719]], [], [true, true]]",
24872,q,a,p,,"[[[44, 720]], [], [true]]",
24873,q,a,cx_stage1,,"[[[3, 723], [44, 723]], [], [true, true]]",
24874,q,a,cx_stage3,,"[[[3, 723], [44, 723]], [], [true, true]]",
24875,q,a,cx_stage1,,"[[[4, 726], [44, 726]], [], [true, true]]",
24876,q,a,cx_stage2,,"[[[4, 726], [44, 726]], [], [true, true]]",
24877,q,a,cx_stage3,,"[[[4, 726], [44, 726]], [], [true, true]]",
24878,q,a,p,,"[[[44, 727]], [], [true]]",
24879,q,a,cx_stage1,,"[[[4, 730], [44, 730]], [], [true, true]]",
24880,q,a,cx_stage2,,"[[[4, 730], [44, 730]], [], [true, true]]",
24881,q,a,cx_stage3,,"[[[4, 730], [44, 730]], [], [true, true]]",
24882,q,a,cx_stage1,,"[[[5, 733], [44, 733]], [], [true, true]]",
24883,q,a,cx_stage2,,"[[[5, 733], [44, 733]], [], [true, true]]",
24884,q,a,cx_stage3,,"[[[5, 733], [44, 733]], [], [true, true]]",
24885,q,a,p,,"[[[44, 734]], [], [true]]",
24886,q,a,cx_stage1,,"[[[5, 737], [44, 737]], [], [true, true]]",
24887,q,a,cx_stage2,,"[[[5, 737], [44, 737]], [], [true, true]]",
24888,q,a,cx_stage3,,"[[[5, 737], [44, 737]], [], [true, true]]",
24889,q,a,cx_stage1,,"[[[6, 740], [44, 740]], [], [true, true]]",
24890,q,a,cx_stage2,,"[[[6, 740], [44, 740]], [], [true, true]]",
24891,q,a,cx_stage3,,"[[[6, 740], [44, 740]], [], [true, true]]",
24892,q,a,p,,"[[[44, 741]], [], [true]]",
24893,q,a,cx_stage1,,"[[[6, 744], [44, 744]], [], [true, true]]",
24894,q,a,cx_stage2,,"[[[6, 744], [44, 744]], [], [true, true]]",
24895,q,a,cx_stage3,,"[[[6, 744], [44, 744]], [], [true, true]]",
24896,q,a,cx_stage1,,"[[[7, 747], [44, 747]], [], [true, true]]",
24897,q,a,cx_stage2,,"[[[7, 747], [44, 747]], [], [true, true]]",
24898,q,a,cx_stage3,,"[[[7, 747], [44, 747]], [], [true, true]]",
24899,q,a,p,,"[[[44, 748]], [], [true]]",
24900,q,a,cx_stage1,,"[[[7, 751], [44, 751]], [], [true, true]]",
24901,q,a,cx_stage2,,"[[[7, 751], [44, 751]], [], [true, true]]",
24902,q,a,cx_stage3,,"[[[7, 751], [44, 751]], [], [true, true]]",
24903,q,a,cx_stage1,,"[[[8, 754], [44, 754]], [], [true, true]]",
24904,q,a,cx_stage2,,"[[[8, 754], [44, 754]], [], [true, true]]",
24905,q,a,cx_stage3,,"[[[8, 754], [44, 754]], [], [true, true]]",
24906,q,a,p,,"[[[44, 755]], [], [true]]",
24907,q,a,cx_stage1,,"[[[8, 758], [44, 758]], [], [true, true]]",
24908,q,a,cx_stage2,,"[[[8, 758], [44, 758]], [], [true, true]]",
24909,q,a,cx_stage3,,"[[[8, 758], [44, 758]], [], [true, true]]",
24910,q,a,cx_stage1,,"[[[9, 761], [44, 761]], [], [true, true]]",
24911,q,a,cx_stage2,,"[[[9, 761], [44, 761]], [], [true, true]]",
24912,q,a,cx_stage3,,"[[[9, 761], [44, 761]], [], [true, true]]",
24913,q,a,p,,"[[[44, 762]], [], [true]]",
24914,q,a,cx_stage1,,"[[[9, 765], [44, 765]], [], [true, true]]",
24915,q,a,cx_stage2,,"[[[9, 765], [44, 765]], [], [true, true]]",
24916,q,a,cx_stage3,,"[[[9, 765], [44, 765]], [], [true, true]]",
24917,q,a,cx_stage1,,"[[[10, 768], [44, 768]], [], [true, true]]",
24918,q,a,cx_stage3,,"[[[10, 768], [44, 768]], [], [true, true]]",
24919,q,a,p,,"[[[44, 769]], [], [true]]",
24920,q,a,cx_stage1,,"[[[10, 772], [44, 772]], [], [true, true]]",
24921,q,a,cx_stage3,,"[[[10, 772], [44, 772]], [], [true, true]]",
24922,q,a,cx_stage1,,"[[[11, 775], [44, 775]], [], [true, true]]",
24923,q,a,cx_stage3,,"[[[11, 775], [44, 775]], [], [true, true]]",
24924,q,a,p,,"[[[44, 776]], [], [true]]",
24925,q,a,cx_stage1,,"[[[11, 779], [44, 779]], [], [true, true]]",
24926,q,a,cx_stage3,,"[[[11, 779], [44, 779]], [], [true, true]]",
24927,q,a,cx_stage1,,"[[[12, 782], [44, 782]], [], [true, true]]",
24928,q,a,cx_stage3,,"[[[12, 782], [44, 782]], [], [true, true]]",
24929,q,a,p,,"[[[44, 783]], [], [true]]",
24930,q,a,cx_stage1,,"[[[12, 786], [44, 786]], [], [true, true]]",
24931,q,a,cx_stage3,,"[[[12, 786], [44, 786]], [], [true, true]]",
24932,q,a,cx_stage1,,"[[[13, 789], [44, 789]], [], [true, true]]",
24933,q,a,cx_stage3,,"[[[13, 789], [44, 789]], [], [true, true]]",
24934,q,a,p,,"[[[44, 790]], [], [true]]",
24935,q,a,cx_stage1,,"[[[13, 793], [44, 793]], [], [true, true]]",
24936,q,a,cx_stage3,,"[[[13, 793], [44, 793]], [], [true, true]]",
24937,q,a,cx_stage1,,"[[[14, 796], [44, 796]], [], [true, true]]",
24938,q,a,cx_stage3,,"[[[14, 796], [44, 796]], [], [true, true]]",
24939,q,a,p,,"[[[44, 797]], [], [true]]",
24940,q,a,cx_stage1,,"[[[14, 800], [44, 800]], [], [true, true]]",
24941,q,a,cx_stage3,,"[[[14, 800], [44, 800]], [], [true, true]]",
24942,q,a,cx_stage1,,"[[[15, 803], [44, 803]], [], [true, true]]",
24943,q,a,cx_stage3,,"[[[15, 803], [44, 803]], [], [true, true]]",
24944,q,a,p,,"[[[44, 804]], [], [true]]",
24945,q,a,cx_stage1,,"[[[15, 807], [44, 807]], [], [true, true]]",
24946,q,a,cx_stage3,,"[[[15, 807], [44, 807]], [], [true, true]]",
24947,q,a,cx_stage1,,"[[[16, 810], [44, 810]], [], [true, true]]",
24948,q,a,cx_stage3,,"[[[16, 810], [44, 810]], [], [true, true]]",
24949,q,a,p,,"[[[44, 811]], [], [true]]",
24950,q,a,cx_stage1,,"[[[16, 814], [44, 814]], [], [true, true]]",
24951,q,a,cx_stage3,,"[[[16, 814], [44, 814]], [], [true, true]]",
24952,q,a,cx_stage1,,"[[[17, 817], [44, 817]], [], [true, true]]",
24953,q,a,cx_stage3,,"[[[17, 817], [44, 817]], [], [true, true]]",
24954,q,a,p,,"[[[44, 818]], [], [true]]",
24955,q,a,cx_stage1,,"[[[17, 821], [44, 821]], [], [true, true]]",
24956,q,a,cx_stage3,,"[[[17, 821], [44, 821]], [], [true, true]]",
24957,q,a,cx_stage1,,"[[[18, 824], [44, 824]], [], [true, true]]",
24958,q,a,cx_stage3,,"[[[18, 824], [44, 824]], [], [true, true]]",
24959,q,a,p,,"[[[44, 825]], [], [true]]",
24960,q,a,cx_stage1,,"[[[18, 828], [44, 828]], [], [true, true]]",
24961,q,a,cx_stage3,,"[[[18, 828], [44, 828]], [], [true, true]]",
24962,q,a,cx_stage1,,"[[[19, 831], [44, 831]], [], [true, true]]",
24963,q,a,cx_stage3,,"[[[19, 831], [44, 831]], [], [true, true]]",
24964,q,a,p,,"[[[44, 832]], [], [true]]",
24965,q,a,cx_stage1,,"[[[19, 835], [44, 835]], [], [true, true]]",
24966,q,a,cx_stage3,,"[[[19, 835], [44, 835]], [], [true, true]]",
24967,q,a,cx_stage1,,"[[[20, 838], [44, 838]], [], [true, true]]",
24968,q,a,cx_stage3,,"[[[20, 838], [44, 838]], [], [true, true]]",
24969,q,a,p,,"[[[44, 839]], [], [true]]",
24970,q,a,cx_stage1,,"[[[20, 842], [44, 842]], [], [true, true]]",
24971,q,a,cx_stage3,,"[[[20, 842], [44, 842]], [], [true, true]]",
24972,q,a,cx_stage1,,"[[[21, 845], [44, 845]], [], [true, true]]",
24973,q,a,cx_stage3,,"[[[21, 845], [44, 845]], [], [true, true]]",
24974,q,a,p,,"[[[44, 846]], [], [true]]",
24975,q,a,cx_stage1,,"[[[21, 849], [44, 849]], [], [true, true]]",
24976,q,a,cx_stage3,,"[[[21, 849], [44, 849]], [], [true, true]]",
24977,q,a,cx_stage1,,"[[[22, 852], [44, 852]], [], [true, true]]",
24978,q,a,cx_stage3,,"[[[22, 852], [44, 852]], [], [true, true]]",
24979,q,a,p,,"[[[44, 853]], [], [true]]",
24980,q,a,cx_stage1,,"[[[22, 856], [44, 856]], [], [true, true]]",
24981,q,a,cx_stage3,,"[[[22, 856], [44, 856]], [], [true, true]]",
24982,q,a,cx_stage1,,"[[[23, 859], [44, 859]], [], [true, true]]",
24983,q,a,cx_stage3,,"[[[23, 859], [44, 859]], [], [true, true]]",
24984,q,a,p,,"[[[44, 860]], [], [true]]",
24985,q,a,cx_stage1,,"[[[23, 863], [44, 863]], [], [true, true]]",
24986,q,a,cx_stage3,,"[[[23, 863], [44, 863]], [], [true, true]]",
24987,q,a,cx_stage1,,"[[[24, 866], [44, 866]], [], [true, true]]",
24988,q,a,cx_stage3,,"[[[24, 866], [44, 866]], [], [true, true]]",
24989,q,a,p,,"[[[44, 867]], [], [true]]",
24990,q,a,cx_stage1,,"[[[24, 870], [44, 870]], [], [true, true]]",
24991,q,a,cx_stage3,,"[[[24, 870], [44, 870]], [], [true, true]]",
24992,q,a,cx_stage1,,"[[[25, 873], [44, 873]], [], [true, true]]",
24993,q,a,cx_stage3,,"[[[25, 873], [44, 873]], [], [true, true]]",
24994,q,a,p,,"[[[44, 874]], [], [true]]",
24995,q,a,cx_stage1,,"[[[25, 877], [44, 877]], [], [true, true]]",
24996,q,a,cx_stage3,,"[[[25, 877], [44, 877]], [], [true, true]]",
24997,q,a,cx_stage1,,"[[[26, 880], [44, 880]], [], [true, true]]",
24998,q,a,cx_stage3,,"[[[26, 880], [44, 880]], [], [true, true]]",
24999,q,a,p,,"[[[44, 881]], [], [true]]",
25000,q,a,cx_stage1,,"[[[26, 884], [44, 884]], [], [true, true]]",
25001,q,a,cx_stage3,,"[[[26, 884], [44, 884]], [], [true, true]]",
25002,q,a,cx_stage1,,"[[[27, 887], [44, 887]], [], [true, true]]",
25003,q,a,cx_stage3,,"[[[27, 887], [44, 887]], [], [true, true]]",
25004,q,a,p,,"[[[44, 888]], [], [true]]",
25005,q,a,cx_stage1,,"[[[27, 891], [44, 891]], [], [true, true]]",
25006,q,a,cx_stage3,,"[[[27, 891], [44, 891]], [], [true, true]]",
25007,q,a,cx_stage1,,"[[[28, 894], [44, 894]], [], [true, true]]",
25008,q,a,cx_stage3,,"[[[28, 894], [44, 894]], [], [true, true]]",
25009,q,a,p,,"[[[44, 895]], [], [true]]",
25010,q,a,cx_stage1,,"[[[28, 898], [44, 898]], [], [true, true]]",
25011,q,a,cx_stage3,,"[[[28, 898], [44, 898]], [], [true, true]]",
25012,q,a,cx_stage1,,"[[[29, 901], [44, 901]], [], [true, true]]",
25013,q,a,cx_stage3,,"[[[29, 901], [44, 901]], [], [true, true]]",
25014,q,a,p,,"[[[44, 902]], [], [true]]",
25015,q,a,cx_stage1,,"[[[29, 905], [44, 905]], [], [true, true]]",
25016,q,a,cx_stage3,,"[[[29, 905], [44, 905]], [], [true, true]]",
25017,q,a,cx_stage1,,"[[[30, 908], [44, 908]], [], [true, true]]",
25018,q,a,cx_stage3,,"[[[30, 908], [44, 908]], [], [true, true]]",
25019,q,a,p,,"[[[44, 909]], [], [true]]",
25020,q,a,cx_stage1,,"[[[30, 912], [44, 912]], [], [true, true]]",
25021,q,a,cx_stage3,,"[[[30, 912], [44, 912]], [], [true, true]]",
25022,q,a,cx_stage1,,"[[[31, 915], [44, 915]], [], [true, true]]",
25023,q,a,cx_stage3,,"[[[31, 915], [44, 915]], [], [true, true]]",
25024,q,a,p,,"[[[44, 916]], [], [true]]",
25025,q,a,cx_stage1,,"[[[31, 919], [44, 919]], [], [true, true]]",
25026,q,a,cx_stage3,,"[[[31, 919], [44, 919]], [], [true, true]]",
25027,q,a,cx_stage1,,"[[[32, 922], [44, 922]], [], [true, true]]",
25028,q,a,cx_stage3,,"[[[32, 922], [44, 922]], [], [true, true]]",
25029,q,a,p,,"[[[44, 923]], [], [true]]",
25030,q,a,cx_stage1,,"[[[32, 926], [44, 926]], [], [true, true]]",
25031,q,a,cx_stage3,,"[[[32, 926], [44, 926]], [], [true, true]]",
25032,q,a,cx_stage1,,"[[[33, 929], [44, 929]], [], [true, true]]",
25033,q,a,cx_stage3,,"[[[33, 929], [44, 929]], [], [true, true]]",
25034,q,a,p,,"[[[44, 930]], [], [true]]",
25035,q,a,cx_stage1,,"[[[33, 933], [44, 933]], [], [true, true]]",
25036,q,a,cx_stage3,,"[[[33, 933], [44, 933]], [], [true, true]]",
25037,q,a,cx_stage1,,"[[[34, 936], [44, 936]], [], [true, true]]",
25038,q,a,cx_stage3,,"[[[34, 936], [44, 936]], [], [true, true]]",
25039,q,a,p,,"[[[44, 937]], [], [true]]",
25040,q,a,cx_stage1,,"[[[34, 940], [44, 940]], [], [true, true]]",
25041,q,a,cx_stage3,,"[[[34, 940], [44, 940]], [], [true, true]]",
25042,q,a,cx_stage1,,"[[[35, 943], [44, 943]], [], [true, true]]",
25043,q,a,cx_stage3,,"[[[35, 943], [44, 943]], [], [true, true]]",
25044,q,a,p,,"[[[44, 944]], [], [true]]",
25045,q,a,cx_stage1,,"[[[35, 947], [44, 947]], [], [true, true]]",
25046,q,a,cx_stage3,,"[[[35, 947], [44, 947]], [], [true, true]]",
25047,q,a,cx_stage1,,"[[[36, 950], [44, 950]], [], [true, true]]",
25048,q,a,cx_stage3,,"[[[36, 950], [44, 950]], [], [true, true]]",
25049,q,a,p,,"[[[44, 951]], [], [true]]",
25050,q,a,cx_stage1,,"[[[36, 954], [44, 954]], [], [true, true]]",
25051,q,a,cx_stage3,,"[[[36, 954], [44, 954]], [], [true, true]]",
25052,q,a,cx_stage1,,"[[[37, 957], [44, 957]], [], [true, true]]",
25053,q,a,cx_stage3,,"[[[37, 957], [44, 957]], [], [true, true]]",
25054,q,a,p,,"[[[44, 958]], [], [true]]",
25055,q,a,cx_stage1,,"[[[37, 961], [44, 961]], [], [true, true]]",
25056,q,a,cx_stage3,,"[[[37, 961], [44, 961]], [], [true, true]]",
25057,q,a,cx_stage1,,"[[[38, 964], [44, 964]], [], [true, true]]",
25058,q,a,cx_stage3,,"[[[38, 964], [44, 964]], [], [true, true]]",
25059,q,a,p,,"[[[44, 965]], [], [true]]",
25060,q,a,cx_stage1,,"[[[38, 968], [44, 968]], [], [true, true]]",
25061,q,a,cx_stage3,,"[[[38, 968], [44, 968]], [], [true, true]]",
25062,q,a,cx_stage1,,"[[[39, 971], [44, 971]], [], [true, true]]",
25063,q,a,cx_stage3,,"[[[39, 971], [44, 971]], [], [true, true]]",
25064,q,a,p,,"[[[44, 972]], [], [true]]",
25065,q,a,cx_stage1,,"[[[39, 975], [44, 975]], [], [true, true]]",
25066,q,a,cx_stage3,,"[[[39, 975], [44, 975]], [], [true, true]]",
25067,q,a,cx_stage1,,"[[[40, 978], [44, 978]], [], [true, true]]",
25068,q,a,cx_stage3,,"[[[40, 978], [44, 978]], [], [true, true]]",
25069,q,a,p,,"[[[44, 979]], [], [true]]",
25070,q,a,cx_stage1,,"[[[40, 982], [44, 982]], [], [true, true]]",
25071,q,a,cx_stage3,,"[[[40, 982], [44, 982]], [], [true, true]]",
25072,q,a,cx_stage1,,"[[[41, 985], [44, 985]], [], [true, true]]",
25073,q,a,cx_stage3,,"[[[41, 985], [44, 985]], [], [true, true]]",
25074,q,a,p,,"[[[44, 986]], [], [true]]",
25075,q,a,cx_stage1,,"[[[41, 989], [44, 989]], [], [true, true]]",
25076,q,a,cx_stage3,,"[[[41, 989], [44, 989]], [], [true, true]]",
25077,q,a,cx_stage1,,"[[[42, 992], [44, 992]], [], [true, true]]",
25078,q,a,cx_stage3,,"[[[42, 992], [44, 992]], [], [true, true]]",
25079,q,a,p,,"[[[44, 993]], [], [true]]",
25080,q,a,cx_stage1,,"[[[42, 996], [44, 996]], [], [true, true]]",
25081,q,a,cx_stage3,,"[[[42, 996], [44, 996]], [], [true, true]]",
25082,q,a,cx_stage1,,"[[[43, 999], [44, 999]], [], [true, true]]",
25083,q,a,cx_stage3,,"[[[43, 999], [44, 999]], [], [true, true]]",
25084,q,a,u2,,"[[[45, 1]], [], [true]]",
25085,q,a,cx_stage1,,"[[[0, 312], [45, 312]], [], [true, true]]",
25086,q,a,cx_stage1,,"[[[42, 1003], [45, 1003]], [], [true, true]]",
25087,q,a,p,,"[[[45, 1000]], [], [true]]",
25088,q,a,cx_stage3,,"[[[42, 1003], [45, 1003]], [], [true, true]]",
25089,q,a,cx_stage1,,"[[[43, 1006], [45, 1006]], [], [true, true]]",
25090,q,a,cx_stage3,,"[[[43, 1006], [45, 1006]], [], [true, true]]",
25091,q,a,p,,"[[[45, 1007]], [], [true]]",
25092,q,a,cx_stage1,,"[[[43, 1010], [45, 1010]], [], [true, true]]",
25093,q,a,cx_stage3,,"[[[43, 1010], [45, 1010]], [], [true, true]]",
25094,q,a,cx_stage1,,"[[[44, 1013], [45, 1013]], [], [true, true]]",
25095,q,a,cx_stage3,,"[[[44, 1013], [45, 1013]], [], [true, true]]",
25096,q,a,p,,"[[[45, 1014]], [], [true]]",
25097,q,a,cx_stage1,,"[[[44, 1017], [45, 1017]], [], [true, true]]",
25098,q,a,cx_stage3,,"[[[44, 1017], [45, 1017]], [], [true, true]]",
25099,q,a,cx_stage1,,"[[[45, 1027], [46, 1027]], [], [true, true]]",
25100,q,a,cx_stage2,,"[[[45, 1027], [46, 1027]], [], [true, true]]",
25101,q,a,cx_stage3,,"[[[45, 1027], [46, 1027]], [], [true, true]]",
25102,q,a,cx_stage1,,"[[[45, 1031], [46, 1031]], [], [true, true]]",
25103,q,a,cx_stage2,,"[[[45, 1031], [46, 1031]], [], [true, true]]",
25104,q,a,cx_stage3,,"[[[45, 1031], [46, 1031]], [], [true, true]]",
25105,q,a,cx_stage1,,"[[[45, 1034], [47, 1034]], [], [true, true]]",
25106,q,a,cx_stage2,,"[[[45, 1034], [47, 1034]], [], [true, true]]",
25107,q,a,cx_stage3,,"[[[45, 1034], [47, 1034]], [], [true, true]]",
25108,q,a,cx_stage1,,"[[[45, 1038], [47, 1038]], [], [true, true]]",
25109,q,a,cx_stage2,,"[[[45, 1038], [47, 1038]], [], [true, true]]",
25110,q,a,cx_stage3,,"[[[45, 1038], [47, 1038]], [], [true, true]]",
25111,q,a,cx_stage1,,"[[[45, 1041], [48, 1041]], [], [true, true]]",
25112,q,a,cx_stage2,,"[[[45, 1041], [48, 1041]], [], [true, true]]",
25113,q,a,cx_stage3,,"[[[45, 1041], [48, 1041]], [], [true, true]]",
25114,q,a,cx_stage1,,"[[[45, 1045], [48, 1045]], [], [true, true]]",
25115,q,a,cx_stage2,,"[[[45, 1045], [48, 1045]], [], [true, true]]",
25116,q,a,cx_stage3,,"[[[45, 1045], [48, 1045]], [], [true, true]]",
25117,q,a,cx_stage1,,"[[[45, 1048], [49, 1048]], [], [true, true]]",
25118,q,a,cx_stage2,,"[[[45, 1048], [49, 1048]], [], [true, true]]",
25119,q,a,cx_stage3,,"[[[45, 1048], [49, 1048]], [], [true, true]]",
25120,q,a,cx_stage1,,"[[[45, 1052], [49, 1052]], [], [true, true]]",
25121,q,a,cx_stage2,,"[[[45, 1052], [49, 1052]], [], [true, true]]",
25122,q,a,cx_stage3,,"[[[45, 1052], [49, 1052]], [], [true, true]]",
25123,q,a,cx_stage1,,"[[[45, 1055], [50, 1055]], [], [true, true]]",
25124,q,a,cx_stage2,,"[[[45, 1055], [50, 1055]], [], [true, true]]",
25125,q,a,cx_stage3,,"[[[45, 1055], [50, 1055]], [], [true, true]]",
25126,q,a,cx_stage1,,"[[[45, 1059], [50, 1059]], [], [true, true]]",
25127,q,a,cx_stage2,,"[[[45, 1059], [50, 1059]], [], [true, true]]",
25128,q,a,cx_stage3,,"[[[45, 1059], [50, 1059]], [], [true, true]]",
25129,q,a,cx_stage1,,"[[[45, 1062], [51, 1062]], [], [true, true]]",
25130,q,a,cx_stage2,,"[[[45, 1062], [51, 1062]], [], [true, true]]",
25131,q,a,cx_stage3,,"[[[45, 1062], [51, 1062]], [], [true, true]]",
25132,q,a,cx_stage1,,"[[[45, 1066], [51, 1066]], [], [true, true]]",
25133,q,a,cx_stage2,,"[[[45, 1066], [51, 1066]], [], [true, true]]",
25134,q,a,cx_stage3,,"[[[45, 1066], [51, 1066]], [], [true, true]]",
25135,q,a,cx_stage1,,"[[[45, 1069], [52, 1069]], [], [true, true]]",
25136,q,a,cx_stage2,,"[[[45, 1069], [52, 1069]], [], [true, true]]",
25137,q,a,cx_stage3,,"[[[45, 1069], [52, 1069]], [], [true, true]]",
25138,q,a,cx_stage1,,"[[[45, 1073], [52, 1073]], [], [true, true]]",
25139,q,a,cx_stage2,,"[[[45, 1073], [52, 1073]], [], [true, true]]",
25140,q,a,cx_stage3,,"[[[45, 1073], [52, 1073]], [], [true, true]]",
25141,q,a,cx_stage1,,"[[[45, 1076], [53, 1076]], [], [true, true]]",
25142,q,a,cx_stage2,,"[[[45, 1076], [53, 1076]], [], [true, true]]",
25143,q,a,cx_stage3,,"[[[45, 1076], [53, 1076]], [], [true, true]]",
25144,q,a,cx_stage1,,"[[[45, 1080], [53, 1080]], [], [true, true]]",
25145,q,a,cx_stage2,,"[[[45, 1080], [53, 1080]], [], [true, true]]",
25146,q,a,cx_stage3,,"[[[45, 1080], [53, 1080]], [], [true, true]]",
25147,q,a,cx_stage1,,"[[[45, 1083], [54, 1083]], [], [true, true]]",
25148,q,a,cx_stage2,,"[[[45, 1083], [54, 1083]], [], [true, true]]",
25149,q,a,cx_stage3,,"[[[45, 1083], [54, 1083]], [], [true, true]]",
25150,q,a,cx_stage1,,"[[[45, 1087], [54, 1087]], [], [true, true]]",
25151,q,a,cx_stage2,,"[[[45, 1087], [54, 1087]], [], [true, true]]",
25152,q,a,cx_stage3,,"[[[45, 1087], [54, 1087]], [], [true, true]]",
25153,q,a,cx_stage1,,"[[[45, 1090], [55, 1090]], [], [true, true]]",
25154,q,a,cx_stage2,,"[[[45, 1090], [55, 1090]], [], [true, true]]",
25155,q,a,cx_stage3,,"[[[45, 1090], [55, 1090]], [], [true, true]]",
25156,q,a,cx_stage1,,"[[[45, 1094], [55, 1094]], [], [true, true]]",
25157,q,a,cx_stage2,,"[[[45, 1094], [55, 1094]], [], [true, true]]",
25158,q,a,cx_stage3,,"[[[45, 1094], [55, 1094]], [], [true, true]]",
25159,q,a,ry,,"[[[45, 1095]], [], [true]]",
25160,q,a,cx_stage1,,"[[[45, 1188], [46, 1188]], [], [true, true]]",
25161,q,a,cx_stage2,,"[[[45, 1188], [46, 1188]], [], [true, true]]",
25162,q,a,cx_stage3,,"[[[45, 1188], [46, 1188]], [], [true, true]]",
25163,q,a,cx_stage1,,"[[[44, 1191], [45, 1191]], [], [true, true]]",
25164,q,a,cx_stage3,,"[[[44, 1191], [45, 1191]], [], [true, true]]",
25165,q,a,ry,,"[[[45, 1192]], [], [true]]",
25166,q,a,cx_stage3,,"[[[0, 312], [45, 312]], [], [true, true]]",
25167,q,a,p,,"[[[45, 313]], [], [true]]",
25168,q,a,cx_stage1,,"[[[0, 316], [45, 316]], [], [true, true]]",
25169,q,a,cx_stage3,,"[[[0, 316], [45, 316]], [], [true, true]]",
25170,q,a,cx_stage1,,"[[[1, 319], [45, 319]], [], [true, true]]",
25171,q,a,cx_stage3,,"[[[1, 319], [45, 319]], [], [true, true]]",
25172,q,a,p,,"[[[45, 320]], [], [true]]",
25173,q,a,cx_stage1,,"[[[1, 323], [45, 323]], [], [true, true]]",
25174,q,a,cx_stage3,,"[[[1, 323], [45, 323]], [], [true, true]]",
25175,q,a,cx_stage1,,"[[[2, 326], [45, 326]], [], [true, true]]",
25176,q,a,cx_stage3,,"[[[2, 326], [45, 326]], [], [true, true]]",
25177,q,a,p,,"[[[45, 327]], [], [true]]",
25178,q,a,cx_stage1,,"[[[2, 330], [45, 330]], [], [true, true]]",
25179,q,a,cx_stage3,,"[[[2, 330], [45, 330]], [], [true, true]]",
25180,q,a,cx_stage1,,"[[[3, 333], [45, 333]], [], [true, true]]",
25181,q,a,cx_stage3,,"[[[3, 333], [45, 333]], [], [true, true]]",
25182,q,a,p,,"[[[45, 334]], [], [true]]",
25183,q,a,cx_stage1,,"[[[3, 337], [45, 337]], [], [true, true]]",
25184,q,a,cx_stage3,,"[[[3, 337], [45, 337]], [], [true, true]]",
25185,q,a,cx_stage1,,"[[[4, 340], [45, 340]], [], [true, true]]",
25186,q,a,cx_stage2,,"[[[4, 340], [45, 340]], [], [true, true]]",
25187,q,a,cx_stage3,,"[[[4, 340], [45, 340]], [], [true, true]]",
25188,q,a,p,,"[[[45, 341]], [], [true]]",
25189,q,a,cx_stage1,,"[[[4, 344], [45, 344]], [], [true, true]]",
25190,q,a,cx_stage2,,"[[[4, 344], [45, 344]], [], [true, true]]",
25191,q,a,cx_stage3,,"[[[4, 344], [45, 344]], [], [true, true]]",
25192,q,a,cx_stage1,,"[[[5, 347], [45, 347]], [], [true, true]]",
25193,q,a,cx_stage2,,"[[[5, 347], [45, 347]], [], [true, true]]",
25194,q,a,cx_stage3,,"[[[5, 347], [45, 347]], [], [true, true]]",
25195,q,a,p,,"[[[45, 348]], [], [true]]",
25196,q,a,cx_stage1,,"[[[5, 351], [45, 351]], [], [true, true]]",
25197,q,a,cx_stage2,,"[[[5, 351], [45, 351]], [], [true, true]]",
25198,q,a,cx_stage3,,"[[[5, 351], [45, 351]], [], [true, true]]",
25199,q,a,cx_stage1,,"[[[6, 354], [45, 354]], [], [true, true]]",
25200,q,a,cx_stage2,,"[[[6, 354], [45, 354]], [], [true, true]]",
25201,q,a,cx_stage3,,"[[[6, 354], [45, 354]], [], [true, true]]",
25202,q,a,p,,"[[[45, 355]], [], [true]]",
25203,q,a,cx_stage1,,"[[[6, 358], [45, 358]], [], [true, true]]",
25204,q,a,cx_stage2,,"[[[6, 358], [45, 358]], [], [true, true]]",
25205,q,a,cx_stage3,,"[[[6, 358], [45, 358]], [], [true, true]]",
25206,q,a,cx_stage1,,"[[[7, 361], [45, 361]], [], [true, true]]",
25207,q,a,cx_stage2,,"[[[7, 361], [45, 361]], [], [true, true]]",
25208,q,a,cx_stage3,,"[[[7, 361], [45, 361]], [], [true, true]]",
25209,q,a,p,,"[[[45, 362]], [], [true]]",
25210,q,a,cx_stage1,,"[[[7, 365], [45, 365]], [], [true, true]]",
25211,q,a,cx_stage2,,"[[[7, 365], [45, 365]], [], [true, true]]",
25212,q,a,cx_stage3,,"[[[7, 365], [45, 365]], [], [true, true]]",
25213,q,a,cx_stage1,,"[[[8, 368], [45, 368]], [], [true, true]]",
25214,q,a,cx_stage2,,"[[[8, 368], [45, 368]], [], [true, true]]",
25215,q,a,cx_stage3,,"[[[8, 368], [45, 368]], [], [true, true]]",
25216,q,a,p,,"[[[45, 369]], [], [true]]",
25217,q,a,cx_stage1,,"[[[8, 372], [45, 372]], [], [true, true]]",
25218,q,a,cx_stage2,,"[[[8, 372], [45, 372]], [], [true, true]]",
25219,q,a,cx_stage3,,"[[[8, 372], [45, 372]], [], [true, true]]",
25220,q,a,cx_stage1,,"[[[9, 375], [45, 375]], [], [true, true]]",
25221,q,a,cx_stage2,,"[[[9, 375], [45, 375]], [], [true, true]]",
25222,q,a,cx_stage3,,"[[[9, 375], [45, 375]], [], [true, true]]",
25223,q,a,p,,"[[[45, 376]], [], [true]]",
25224,q,a,cx_stage1,,"[[[9, 379], [45, 379]], [], [true, true]]",
25225,q,a,cx_stage2,,"[[[9, 379], [45, 379]], [], [true, true]]",
25226,q,a,cx_stage3,,"[[[9, 379], [45, 379]], [], [true, true]]",
25227,q,a,cx_stage1,,"[[[10, 382], [45, 382]], [], [true, true]]",
25228,q,a,cx_stage3,,"[[[10, 382], [45, 382]], [], [true, true]]",
25229,q,a,p,,"[[[45, 383]], [], [true]]",
25230,q,a,cx_stage1,,"[[[10, 386], [45, 386]], [], [true, true]]",
25231,q,a,cx_stage3,,"[[[10, 386], [45, 386]], [], [true, true]]",
25232,q,a,cx_stage1,,"[[[11, 389], [45, 389]], [], [true, true]]",
25233,q,a,cx_stage3,,"[[[11, 389], [45, 389]], [], [true, true]]",
25234,q,a,p,,"[[[45, 390]], [], [true]]",
25235,q,a,cx_stage1,,"[[[11, 393], [45, 393]], [], [true, true]]",
25236,q,a,cx_stage3,,"[[[11, 393], [45, 393]], [], [true, true]]",
25237,q,a,cx_stage1,,"[[[12, 396], [45, 396]], [], [true, true]]",
25238,q,a,cx_stage3,,"[[[12, 396], [45, 396]], [], [true, true]]",
25239,q,a,p,,"[[[45, 397]], [], [true]]",
25240,q,a,cx_stage1,,"[[[12, 400], [45, 400]], [], [true, true]]",
25241,q,a,cx_stage3,,"[[[12, 400], [45, 400]], [], [true, true]]",
25242,q,a,cx_stage1,,"[[[13, 403], [45, 403]], [], [true, true]]",
25243,q,a,cx_stage3,,"[[[13, 403], [45, 403]], [], [true, true]]",
25244,q,a,p,,"[[[45, 404]], [], [true]]",
25245,q,a,cx_stage1,,"[[[13, 407], [45, 407]], [], [true, true]]",
25246,q,a,cx_stage3,,"[[[13, 407], [45, 407]], [], [true, true]]",
25247,q,a,cx_stage1,,"[[[14, 410], [45, 410]], [], [true, true]]",
25248,q,a,cx_stage3,,"[[[14, 410], [45, 410]], [], [true, true]]",
25249,q,a,p,,"[[[45, 411]], [], [true]]",
25250,q,a,cx_stage1,,"[[[14, 414], [45, 414]], [], [true, true]]",
25251,q,a,cx_stage3,,"[[[14, 414], [45, 414]], [], [true, true]]",
25252,q,a,cx_stage1,,"[[[15, 417], [45, 417]], [], [true, true]]",
25253,q,a,cx_stage3,,"[[[15, 417], [45, 417]], [], [true, true]]",
25254,q,a,p,,"[[[45, 418]], [], [true]]",
25255,q,a,cx_stage1,,"[[[15, 421], [45, 421]], [], [true, true]]",
25256,q,a,cx_stage3,,"[[[15, 421], [45, 421]], [], [true, true]]",
25257,q,a,cx_stage1,,"[[[16, 424], [45, 424]], [], [true, true]]",
25258,q,a,cx_stage3,,"[[[16, 424], [45, 424]], [], [true, true]]",
25259,q,a,p,,"[[[45, 425]], [], [true]]",
25260,q,a,cx_stage1,,"[[[16, 428], [45, 428]], [], [true, true]]",
25261,q,a,cx_stage3,,"[[[16, 428], [45, 428]], [], [true, true]]",
25262,q,a,cx_stage1,,"[[[17, 431], [45, 431]], [], [true, true]]",
25263,q,a,cx_stage3,,"[[[17, 431], [45, 431]], [], [true, true]]",
25264,q,a,p,,"[[[45, 432]], [], [true]]",
25265,q,a,cx_stage1,,"[[[17, 435], [45, 435]], [], [true, true]]",
25266,q,a,cx_stage3,,"[[[17, 435], [45, 435]], [], [true, true]]",
25267,q,a,cx_stage1,,"[[[18, 438], [45, 438]], [], [true, true]]",
25268,q,a,cx_stage3,,"[[[18, 438], [45, 438]], [], [true, true]]",
25269,q,a,p,,"[[[45, 439]], [], [true]]",
25270,q,a,cx_stage1,,"[[[18, 442], [45, 442]], [], [true, true]]",
25271,q,a,cx_stage3,,"[[[18, 442], [45, 442]], [], [true, true]]",
25272,q,a,cx_stage1,,"[[[19, 445], [45, 445]], [], [true, true]]",
25273,q,a,cx_stage3,,"[[[19, 445], [45, 445]], [], [true, true]]",
25274,q,a,p,,"[[[45, 446]], [], [true]]",
25275,q,a,cx_stage1,,"[[[19, 449], [45, 449]], [], [true, true]]",
25276,q,a,cx_stage3,,"[[[19, 449], [45, 449]], [], [true, true]]",
25277,q,a,cx_stage1,,"[[[20, 452], [45, 452]], [], [true, true]]",
25278,q,a,cx_stage3,,"[[[20, 452], [45, 452]], [], [true, true]]",
25279,q,a,p,,"[[[45, 453]], [], [true]]",
25280,q,a,cx_stage1,,"[[[20, 456], [45, 456]], [], [true, true]]",
25281,q,a,cx_stage3,,"[[[20, 456], [45, 456]], [], [true, true]]",
25282,q,a,cx_stage1,,"[[[21, 459], [45, 459]], [], [true, true]]",
25283,q,a,cx_stage3,,"[[[21, 459], [45, 459]], [], [true, true]]",
25284,q,a,p,,"[[[45, 460]], [], [true]]",
25285,q,a,cx_stage1,,"[[[21, 463], [45, 463]], [], [true, true]]",
25286,q,a,cx_stage3,,"[[[21, 463], [45, 463]], [], [true, true]]",
25287,q,a,cx_stage1,,"[[[22, 466], [45, 466]], [], [true, true]]",
25288,q,a,cx_stage3,,"[[[22, 466], [45, 466]], [], [true, true]]",
25289,q,a,p,,"[[[45, 467]], [], [true]]",
25290,q,a,cx_stage1,,"[[[22, 470], [45, 470]], [], [true, true]]",
25291,q,a,cx_stage3,,"[[[22, 470], [45, 470]], [], [true, true]]",
25292,q,a,cx_stage1,,"[[[23, 473], [45, 473]], [], [true, true]]",
25293,q,a,cx_stage3,,"[[[23, 473], [45, 473]], [], [true, true]]",
25294,q,a,p,,"[[[45, 474]], [], [true]]",
25295,q,a,cx_stage1,,"[[[23, 477], [45, 477]], [], [true, true]]",
25296,q,a,cx_stage3,,"[[[23, 477], [45, 477]], [], [true, true]]",
25297,q,a,cx_stage1,,"[[[24, 480], [45, 480]], [], [true, true]]",
25298,q,a,cx_stage3,,"[[[24, 480], [45, 480]], [], [true, true]]",
25299,q,a,p,,"[[[45, 481]], [], [true]]",
25300,q,a,cx_stage1,,"[[[24, 484], [45, 484]], [], [true, true]]",
25301,q,a,cx_stage3,,"[[[24, 484], [45, 484]], [], [true, true]]",
25302,q,a,cx_stage1,,"[[[25, 487], [45, 487]], [], [true, true]]",
25303,q,a,cx_stage3,,"[[[25, 487], [45, 487]], [], [true, true]]",
25304,q,a,p,,"[[[45, 488]], [], [true]]",
25305,q,a,cx_stage1,,"[[[25, 491], [45, 491]], [], [true, true]]",
25306,q,a,cx_stage3,,"[[[25, 491], [45, 491]], [], [true, true]]",
25307,q,a,cx_stage1,,"[[[26, 494], [45, 494]], [], [true, true]]",
25308,q,a,cx_stage3,,"[[[26, 494], [45, 494]], [], [true, true]]",
25309,q,a,p,,"[[[45, 495]], [], [true]]",
25310,q,a,cx_stage1,,"[[[26, 498], [45, 498]], [], [true, true]]",
25311,q,a,cx_stage3,,"[[[26, 498], [45, 498]], [], [true, true]]",
25312,q,a,cx_stage1,,"[[[27, 501], [45, 501]], [], [true, true]]",
25313,q,a,cx_stage3,,"[[[27, 501], [45, 501]], [], [true, true]]",
25314,q,a,p,,"[[[45, 502]], [], [true]]",
25315,q,a,cx_stage1,,"[[[27, 505], [45, 505]], [], [true, true]]",
25316,q,a,cx_stage3,,"[[[27, 505], [45, 505]], [], [true, true]]",
25317,q,a,cx_stage1,,"[[[28, 508], [45, 508]], [], [true, true]]",
25318,q,a,cx_stage3,,"[[[28, 508], [45, 508]], [], [true, true]]",
25319,q,a,p,,"[[[45, 509]], [], [true]]",
25320,q,a,cx_stage1,,"[[[28, 512], [45, 512]], [], [true, true]]",
25321,q,a,cx_stage3,,"[[[28, 512], [45, 512]], [], [true, true]]",
25322,q,a,cx_stage1,,"[[[29, 515], [45, 515]], [], [true, true]]",
25323,q,a,cx_stage3,,"[[[29, 515], [45, 515]], [], [true, true]]",
25324,q,a,p,,"[[[45, 516]], [], [true]]",
25325,q,a,cx_stage1,,"[[[29, 519], [45, 519]], [], [true, true]]",
25326,q,a,cx_stage3,,"[[[29, 519], [45, 519]], [], [true, true]]",
25327,q,a,cx_stage1,,"[[[30, 522], [45, 522]], [], [true, true]]",
25328,q,a,cx_stage3,,"[[[30, 522], [45, 522]], [], [true, true]]",
25329,q,a,p,,"[[[45, 523]], [], [true]]",
25330,q,a,cx_stage1,,"[[[30, 526], [45, 526]], [], [true, true]]",
25331,q,a,cx_stage3,,"[[[30, 526], [45, 526]], [], [true, true]]",
25332,q,a,cx_stage1,,"[[[31, 529], [45, 529]], [], [true, true]]",
25333,q,a,cx_stage3,,"[[[31, 529], [45, 529]], [], [true, true]]",
25334,q,a,p,,"[[[45, 530]], [], [true]]",
25335,q,a,cx_stage1,,"[[[31, 533], [45, 533]], [], [true, true]]",
25336,q,a,cx_stage3,,"[[[31, 533], [45, 533]], [], [true, true]]",
25337,q,a,cx_stage1,,"[[[32, 536], [45, 536]], [], [true, true]]",
25338,q,a,cx_stage3,,"[[[32, 536], [45, 536]], [], [true, true]]",
25339,q,a,p,,"[[[45, 537]], [], [true]]",
25340,q,a,cx_stage1,,"[[[32, 540], [45, 540]], [], [true, true]]",
25341,q,a,cx_stage3,,"[[[32, 540], [45, 540]], [], [true, true]]",
25342,q,a,cx_stage1,,"[[[33, 543], [45, 543]], [], [true, true]]",
25343,q,a,cx_stage3,,"[[[33, 543], [45, 543]], [], [true, true]]",
25344,q,a,p,,"[[[45, 544]], [], [true]]",
25345,q,a,cx_stage1,,"[[[33, 547], [45, 547]], [], [true, true]]",
25346,q,a,cx_stage3,,"[[[33, 547], [45, 547]], [], [true, true]]",
25347,q,a,cx_stage1,,"[[[34, 550], [45, 550]], [], [true, true]]",
25348,q,a,cx_stage3,,"[[[34, 550], [45, 550]], [], [true, true]]",
25349,q,a,p,,"[[[45, 551]], [], [true]]",
25350,q,a,cx_stage1,,"[[[34, 554], [45, 554]], [], [true, true]]",
25351,q,a,cx_stage3,,"[[[34, 554], [45, 554]], [], [true, true]]",
25352,q,a,cx_stage1,,"[[[35, 557], [45, 557]], [], [true, true]]",
25353,q,a,cx_stage3,,"[[[35, 557], [45, 557]], [], [true, true]]",
25354,q,a,p,,"[[[45, 558]], [], [true]]",
25355,q,a,cx_stage1,,"[[[35, 561], [45, 561]], [], [true, true]]",
25356,q,a,cx_stage3,,"[[[35, 561], [45, 561]], [], [true, true]]",
25357,q,a,cx_stage1,,"[[[36, 564], [45, 564]], [], [true, true]]",
25358,q,a,cx_stage3,,"[[[36, 564], [45, 564]], [], [true, true]]",
25359,q,a,p,,"[[[45, 565]], [], [true]]",
25360,q,a,cx_stage1,,"[[[36, 568], [45, 568]], [], [true, true]]",
25361,q,a,cx_stage3,,"[[[36, 568], [45, 568]], [], [true, true]]",
25362,q,a,cx_stage1,,"[[[37, 571], [45, 571]], [], [true, true]]",
25363,q,a,cx_stage3,,"[[[37, 571], [45, 571]], [], [true, true]]",
25364,q,a,p,,"[[[45, 572]], [], [true]]",
25365,q,a,cx_stage1,,"[[[37, 575], [45, 575]], [], [true, true]]",
25366,q,a,cx_stage3,,"[[[37, 575], [45, 575]], [], [true, true]]",
25367,q,a,cx_stage1,,"[[[38, 578], [45, 578]], [], [true, true]]",
25368,q,a,cx_stage3,,"[[[38, 578], [45, 578]], [], [true, true]]",
25369,q,a,p,,"[[[45, 579]], [], [true]]",
25370,q,a,cx_stage1,,"[[[38, 582], [45, 582]], [], [true, true]]",
25371,q,a,cx_stage3,,"[[[38, 582], [45, 582]], [], [true, true]]",
25372,q,a,cx_stage1,,"[[[39, 585], [45, 585]], [], [true, true]]",
25373,q,a,cx_stage3,,"[[[39, 585], [45, 585]], [], [true, true]]",
25374,q,a,p,,"[[[45, 586]], [], [true]]",
25375,q,a,cx_stage1,,"[[[39, 589], [45, 589]], [], [true, true]]",
25376,q,a,cx_stage3,,"[[[39, 589], [45, 589]], [], [true, true]]",
25377,q,a,cx_stage1,,"[[[40, 592], [45, 592]], [], [true, true]]",
25378,q,a,cx_stage3,,"[[[40, 592], [45, 592]], [], [true, true]]",
25379,q,a,p,,"[[[45, 593]], [], [true]]",
25380,q,a,cx_stage1,,"[[[40, 596], [45, 596]], [], [true, true]]",
25381,q,a,cx_stage3,,"[[[40, 596], [45, 596]], [], [true, true]]",
25382,q,a,cx_stage1,,"[[[41, 599], [45, 599]], [], [true, true]]",
25383,q,a,cx_stage3,,"[[[41, 599], [45, 599]], [], [true, true]]",
25384,q,a,p,,"[[[45, 600]], [], [true]]",
25385,q,a,cx_stage1,,"[[[41, 603], [45, 603]], [], [true, true]]",
25386,q,a,cx_stage3,,"[[[41, 603], [45, 603]], [], [true, true]]",
25387,q,a,cx_stage1,,"[[[42, 606], [45, 606]], [], [true, true]]",
25388,q,a,cx_stage3,,"[[[42, 606], [45, 606]], [], [true, true]]",
25389,q,a,p,,"[[[45, 607]], [], [true]]",
25390,q,a,cx_stage1,,"[[[42, 610], [45, 610]], [], [true, true]]",
25391,q,a,cx_stage3,,"[[[42, 610], [45, 610]], [], [true, true]]",
25392,q,a,cx_stage1,,"[[[43, 613], [45, 613]], [], [true, true]]",
25393,q,a,cx_stage3,,"[[[43, 613], [45, 613]], [], [true, true]]",
25394,q,a,p,,"[[[45, 614]], [], [true]]",
25395,q,a,cx_stage1,,"[[[43, 617], [45, 617]], [], [true, true]]",
25396,q,a,cx_stage3,,"[[[43, 617], [45, 617]], [], [true, true]]",
25397,q,a,cx_stage1,,"[[[44, 620], [45, 620]], [], [true, true]]",
25398,q,a,cx_stage3,,"[[[44, 620], [45, 620]], [], [true, true]]",
25399,q,a,p,,"[[[45, 621]], [], [true]]",
25400,q,a,cx_stage1,,"[[[44, 624], [45, 624]], [], [true, true]]",
25401,q,a,cx_stage3,,"[[[44, 624], [45, 624]], [], [true, true]]",
25402,q,a,cx_stage1,,"[[[45, 634], [46, 634]], [], [true, true]]",
25403,q,a,cx_stage2,,"[[[45, 634], [46, 634]], [], [true, true]]",
25404,q,a,cx_stage3,,"[[[45, 634], [46, 634]], [], [true, true]]",
25405,q,a,cx_stage1,,"[[[45, 638], [46, 638]], [], [true, true]]",
25406,q,a,cx_stage2,,"[[[45, 638], [46, 638]], [], [true, true]]",
25407,q,a,cx_stage3,,"[[[45, 638], [46, 638]], [], [true, true]]",
25408,q,a,cx_stage1,,"[[[45, 641], [47, 641]], [], [true, true]]",
25409,q,a,cx_stage2,,"[[[45, 641], [47, 641]], [], [true, true]]",
25410,q,a,cx_stage3,,"[[[45, 641], [47, 641]], [], [true, true]]",
25411,q,a,cx_stage1,,"[[[45, 645], [47, 645]], [], [true, true]]",
25412,q,a,cx_stage2,,"[[[45, 645], [47, 645]], [], [true, true]]",
25413,q,a,cx_stage3,,"[[[45, 645], [47, 645]], [], [true, true]]",
25414,q,a,cx_stage1,,"[[[45, 648], [48, 648]], [], [true, true]]",
25415,q,a,cx_stage2,,"[[[45, 648], [48, 648]], [], [true, true]]",
25416,q,a,cx_stage3,,"[[[45, 648], [48, 648]], [], [true, true]]",
25417,q,a,cx_stage1,,"[[[45, 652], [48, 652]], [], [true, true]]",
25418,q,a,cx_stage2,,"[[[45, 652], [48, 652]], [], [true, true]]",
25419,q,a,cx_stage3,,"[[[45, 652], [48, 652]], [], [true, true]]",
25420,q,a,cx_stage1,,"[[[45, 655], [49, 655]], [], [true, true]]",
25421,q,a,cx_stage2,,"[[[45, 655], [49, 655]], [], [true, true]]",
25422,q,a,cx_stage3,,"[[[45, 655], [49, 655]], [], [true, true]]",
25423,q,a,cx_stage1,,"[[[45, 659], [49, 659]], [], [true, true]]",
25424,q,a,cx_stage2,,"[[[45, 659], [49, 659]], [], [true, true]]",
25425,q,a,cx_stage3,,"[[[45, 659], [49, 659]], [], [true, true]]",
25426,q,a,cx_stage1,,"[[[45, 662], [50, 662]], [], [true, true]]",
25427,q,a,cx_stage2,,"[[[45, 662], [50, 662]], [], [true, true]]",
25428,q,a,cx_stage3,,"[[[45, 662], [50, 662]], [], [true, true]]",
25429,q,a,cx_stage1,,"[[[45, 666], [50, 666]], [], [true, true]]",
25430,q,a,cx_stage2,,"[[[45, 666], [50, 666]], [], [true, true]]",
25431,q,a,cx_stage3,,"[[[45, 666], [50, 666]], [], [true, true]]",
25432,q,a,cx_stage1,,"[[[45, 669], [51, 669]], [], [true, true]]",
25433,q,a,cx_stage2,,"[[[45, 669], [51, 669]], [], [true, true]]",
25434,q,a,cx_stage3,,"[[[45, 669], [51, 669]], [], [true, true]]",
25435,q,a,cx_stage1,,"[[[45, 673], [51, 673]], [], [true, true]]",
25436,q,a,cx_stage2,,"[[[45, 673], [51, 673]], [], [true, true]]",
25437,q,a,cx_stage3,,"[[[45, 673], [51, 673]], [], [true, true]]",
25438,q,a,cx_stage1,,"[[[45, 676], [52, 676]], [], [true, true]]",
25439,q,a,cx_stage2,,"[[[45, 676], [52, 676]], [], [true, true]]",
25440,q,a,cx_stage3,,"[[[45, 676], [52, 676]], [], [true, true]]",
25441,q,a,cx_stage1,,"[[[45, 680], [52, 680]], [], [true, true]]",
25442,q,a,cx_stage2,,"[[[45, 680], [52, 680]], [], [true, true]]",
25443,q,a,cx_stage3,,"[[[45, 680], [52, 680]], [], [true, true]]",
25444,q,a,cx_stage1,,"[[[45, 683], [53, 683]], [], [true, true]]",
25445,q,a,cx_stage2,,"[[[45, 683], [53, 683]], [], [true, true]]",
25446,q,a,cx_stage3,,"[[[45, 683], [53, 683]], [], [true, true]]",
25447,q,a,cx_stage1,,"[[[45, 687], [53, 687]], [], [true, true]]",
25448,q,a,cx_stage2,,"[[[45, 687], [53, 687]], [], [true, true]]",
25449,q,a,cx_stage3,,"[[[45, 687], [53, 687]], [], [true, true]]",
25450,q,a,cx_stage1,,"[[[45, 690], [54, 690]], [], [true, true]]",
25451,q,a,cx_stage2,,"[[[45, 690], [54, 690]], [], [true, true]]",
25452,q,a,cx_stage3,,"[[[45, 690], [54, 690]], [], [true, true]]",
25453,q,a,cx_stage1,,"[[[45, 694], [54, 694]], [], [true, true]]",
25454,q,a,cx_stage2,,"[[[45, 694], [54, 694]], [], [true, true]]",
25455,q,a,cx_stage3,,"[[[45, 694], [54, 694]], [], [true, true]]",
25456,q,a,cx_stage1,,"[[[45, 697], [55, 697]], [], [true, true]]",
25457,q,a,cx_stage2,,"[[[45, 697], [55, 697]], [], [true, true]]",
25458,q,a,cx_stage3,,"[[[45, 697], [55, 697]], [], [true, true]]",
25459,q,a,cx_stage1,,"[[[45, 701], [55, 701]], [], [true, true]]",
25460,q,a,cx_stage2,,"[[[45, 701], [55, 701]], [], [true, true]]",
25461,q,a,cx_stage3,,"[[[45, 701], [55, 701]], [], [true, true]]",
25462,q,a,u2,,"[[[45, 702]], [], [true]]",
25463,q,a,cx_stage1,,"[[[0, 705], [45, 705]], [], [true, true]]",
25464,q,a,cx_stage3,,"[[[0, 705], [45, 705]], [], [true, true]]",
25465,q,a,p,,"[[[45, 706]], [], [true]]",
25466,q,a,cx_stage1,,"[[[0, 709], [45, 709]], [], [true, true]]",
25467,q,a,cx_stage3,,"[[[0, 709], [45, 709]], [], [true, true]]",
25468,q,a,cx_stage1,,"[[[1, 712], [45, 712]], [], [true, true]]",
25469,q,a,cx_stage3,,"[[[1, 712], [45, 712]], [], [true, true]]",
25470,q,a,p,,"[[[45, 713]], [], [true]]",
25471,q,a,cx_stage1,,"[[[1, 716], [45, 716]], [], [true, true]]",
25472,q,a,cx_stage3,,"[[[1, 716], [45, 716]], [], [true, true]]",
25473,q,a,cx_stage1,,"[[[2, 719], [45, 719]], [], [true, true]]",
25474,q,a,cx_stage3,,"[[[2, 719], [45, 719]], [], [true, true]]",
25475,q,a,p,,"[[[45, 720]], [], [true]]",
25476,q,a,cx_stage1,,"[[[2, 723], [45, 723]], [], [true, true]]",
25477,q,a,cx_stage3,,"[[[2, 723], [45, 723]], [], [true, true]]",
25478,q,a,cx_stage1,,"[[[3, 726], [45, 726]], [], [true, true]]",
25479,q,a,cx_stage3,,"[[[3, 726], [45, 726]], [], [true, true]]",
25480,q,a,p,,"[[[45, 727]], [], [true]]",
25481,q,a,cx_stage1,,"[[[3, 730], [45, 730]], [], [true, true]]",
25482,q,a,cx_stage3,,"[[[3, 730], [45, 730]], [], [true, true]]",
25483,q,a,cx_stage1,,"[[[4, 733], [45, 733]], [], [true, true]]",
25484,q,a,cx_stage2,,"[[[4, 733], [45, 733]], [], [true, true]]",
25485,q,a,cx_stage3,,"[[[4, 733], [45, 733]], [], [true, true]]",
25486,q,a,p,,"[[[45, 734]], [], [true]]",
25487,q,a,cx_stage1,,"[[[4, 737], [45, 737]], [], [true, true]]",
25488,q,a,cx_stage2,,"[[[4, 737], [45, 737]], [], [true, true]]",
25489,q,a,cx_stage3,,"[[[4, 737], [45, 737]], [], [true, true]]",
25490,q,a,cx_stage1,,"[[[5, 740], [45, 740]], [], [true, true]]",
25491,q,a,cx_stage2,,"[[[5, 740], [45, 740]], [], [true, true]]",
25492,q,a,cx_stage3,,"[[[5, 740], [45, 740]], [], [true, true]]",
25493,q,a,p,,"[[[45, 741]], [], [true]]",
25494,q,a,cx_stage1,,"[[[5, 744], [45, 744]], [], [true, true]]",
25495,q,a,cx_stage2,,"[[[5, 744], [45, 744]], [], [true, true]]",
25496,q,a,cx_stage3,,"[[[5, 744], [45, 744]], [], [true, true]]",
25497,q,a,cx_stage1,,"[[[6, 747], [45, 747]], [], [true, true]]",
25498,q,a,cx_stage2,,"[[[6, 747], [45, 747]], [], [true, true]]",
25499,q,a,cx_stage3,,"[[[6, 747], [45, 747]], [], [true, true]]",
25500,q,a,p,,"[[[45, 748]], [], [true]]",
25501,q,a,cx_stage1,,"[[[6, 751], [45, 751]], [], [true, true]]",
25502,q,a,cx_stage2,,"[[[6, 751], [45, 751]], [], [true, true]]",
25503,q,a,cx_stage3,,"[[[6, 751], [45, 751]], [], [true, true]]",
25504,q,a,cx_stage1,,"[[[7, 754], [45, 754]], [], [true, true]]",
25505,q,a,cx_stage2,,"[[[7, 754], [45, 754]], [], [true, true]]",
25506,q,a,cx_stage3,,"[[[7, 754], [45, 754]], [], [true, true]]",
25507,q,a,p,,"[[[45, 755]], [], [true]]",
25508,q,a,cx_stage1,,"[[[7, 758], [45, 758]], [], [true, true]]",
25509,q,a,cx_stage2,,"[[[7, 758], [45, 758]], [], [true, true]]",
25510,q,a,cx_stage3,,"[[[7, 758], [45, 758]], [], [true, true]]",
25511,q,a,cx_stage1,,"[[[8, 761], [45, 761]], [], [true, true]]",
25512,q,a,cx_stage2,,"[[[8, 761], [45, 761]], [], [true, true]]",
25513,q,a,cx_stage3,,"[[[8, 761], [45, 761]], [], [true, true]]",
25514,q,a,p,,"[[[45, 762]], [], [true]]",
25515,q,a,cx_stage1,,"[[[8, 765], [45, 765]], [], [true, true]]",
25516,q,a,cx_stage2,,"[[[8, 765], [45, 765]], [], [true, true]]",
25517,q,a,cx_stage3,,"[[[8, 765], [45, 765]], [], [true, true]]",
25518,q,a,cx_stage1,,"[[[9, 768], [45, 768]], [], [true, true]]",
25519,q,a,cx_stage2,,"[[[9, 768], [45, 768]], [], [true, true]]",
25520,q,a,cx_stage3,,"[[[9, 768], [45, 768]], [], [true, true]]",
25521,q,a,p,,"[[[45, 769]], [], [true]]",
25522,q,a,cx_stage1,,"[[[9, 772], [45, 772]], [], [true, true]]",
25523,q,a,cx_stage2,,"[[[9, 772], [45, 772]], [], [true, true]]",
25524,q,a,cx_stage3,,"[[[9, 772], [45, 772]], [], [true, true]]",
25525,q,a,cx_stage1,,"[[[10, 775], [45, 775]], [], [true, true]]",
25526,q,a,cx_stage3,,"[[[10, 775], [45, 775]], [], [true, true]]",
25527,q,a,p,,"[[[45, 776]], [], [true]]",
25528,q,a,cx_stage1,,"[[[10, 779], [45, 779]], [], [true, true]]",
25529,q,a,cx_stage3,,"[[[10, 779], [45, 779]], [], [true, true]]",
25530,q,a,cx_stage1,,"[[[11, 782], [45, 782]], [], [true, true]]",
25531,q,a,cx_stage3,,"[[[11, 782], [45, 782]], [], [true, true]]",
25532,q,a,p,,"[[[45, 783]], [], [true]]",
25533,q,a,cx_stage1,,"[[[11, 786], [45, 786]], [], [true, true]]",
25534,q,a,cx_stage3,,"[[[11, 786], [45, 786]], [], [true, true]]",
25535,q,a,cx_stage1,,"[[[12, 789], [45, 789]], [], [true, true]]",
25536,q,a,cx_stage3,,"[[[12, 789], [45, 789]], [], [true, true]]",
25537,q,a,p,,"[[[45, 790]], [], [true]]",
25538,q,a,cx_stage1,,"[[[12, 793], [45, 793]], [], [true, true]]",
25539,q,a,cx_stage3,,"[[[12, 793], [45, 793]], [], [true, true]]",
25540,q,a,cx_stage1,,"[[[13, 796], [45, 796]], [], [true, true]]",
25541,q,a,cx_stage3,,"[[[13, 796], [45, 796]], [], [true, true]]",
25542,q,a,p,,"[[[45, 797]], [], [true]]",
25543,q,a,cx_stage1,,"[[[13, 800], [45, 800]], [], [true, true]]",
25544,q,a,cx_stage3,,"[[[13, 800], [45, 800]], [], [true, true]]",
25545,q,a,cx_stage1,,"[[[14, 803], [45, 803]], [], [true, true]]",
25546,q,a,cx_stage3,,"[[[14, 803], [45, 803]], [], [true, true]]",
25547,q,a,p,,"[[[45, 804]], [], [true]]",
25548,q,a,cx_stage1,,"[[[14, 807], [45, 807]], [], [true, true]]",
25549,q,a,cx_stage3,,"[[[14, 807], [45, 807]], [], [true, true]]",
25550,q,a,cx_stage1,,"[[[15, 810], [45, 810]], [], [true, true]]",
25551,q,a,cx_stage3,,"[[[15, 810], [45, 810]], [], [true, true]]",
25552,q,a,p,,"[[[45, 811]], [], [true]]",
25553,q,a,cx_stage1,,"[[[15, 814], [45, 814]], [], [true, true]]",
25554,q,a,cx_stage3,,"[[[15, 814], [45, 814]], [], [true, true]]",
25555,q,a,cx_stage1,,"[[[16, 817], [45, 817]], [], [true, true]]",
25556,q,a,cx_stage3,,"[[[16, 817], [45, 817]], [], [true, true]]",
25557,q,a,p,,"[[[45, 818]], [], [true]]",
25558,q,a,cx_stage1,,"[[[16, 821], [45, 821]], [], [true, true]]",
25559,q,a,cx_stage3,,"[[[16, 821], [45, 821]], [], [true, true]]",
25560,q,a,cx_stage1,,"[[[17, 824], [45, 824]], [], [true, true]]",
25561,q,a,cx_stage3,,"[[[17, 824], [45, 824]], [], [true, true]]",
25562,q,a,p,,"[[[45, 825]], [], [true]]",
25563,q,a,cx_stage1,,"[[[17, 828], [45, 828]], [], [true, true]]",
25564,q,a,cx_stage3,,"[[[17, 828], [45, 828]], [], [true, true]]",
25565,q,a,cx_stage1,,"[[[18, 831], [45, 831]], [], [true, true]]",
25566,q,a,cx_stage3,,"[[[18, 831], [45, 831]], [], [true, true]]",
25567,q,a,p,,"[[[45, 832]], [], [true]]",
25568,q,a,cx_stage1,,"[[[18, 835], [45, 835]], [], [true, true]]",
25569,q,a,cx_stage3,,"[[[18, 835], [45, 835]], [], [true, true]]",
25570,q,a,cx_stage1,,"[[[19, 838], [45, 838]], [], [true, true]]",
25571,q,a,cx_stage3,,"[[[19, 838], [45, 838]], [], [true, true]]",
25572,q,a,p,,"[[[45, 839]], [], [true]]",
25573,q,a,cx_stage1,,"[[[19, 842], [45, 842]], [], [true, true]]",
25574,q,a,cx_stage3,,"[[[19, 842], [45, 842]], [], [true, true]]",
25575,q,a,cx_stage1,,"[[[20, 845], [45, 845]], [], [true, true]]",
25576,q,a,cx_stage3,,"[[[20, 845], [45, 845]], [], [true, true]]",
25577,q,a,p,,"[[[45, 846]], [], [true]]",
25578,q,a,cx_stage1,,"[[[20, 849], [45, 849]], [], [true, true]]",
25579,q,a,cx_stage3,,"[[[20, 849], [45, 849]], [], [true, true]]",
25580,q,a,cx_stage1,,"[[[21, 852], [45, 852]], [], [true, true]]",
25581,q,a,cx_stage3,,"[[[21, 852], [45, 852]], [], [true, true]]",
25582,q,a,p,,"[[[45, 853]], [], [true]]",
25583,q,a,cx_stage1,,"[[[21, 856], [45, 856]], [], [true, true]]",
25584,q,a,cx_stage3,,"[[[21, 856], [45, 856]], [], [true, true]]",
25585,q,a,cx_stage1,,"[[[22, 859], [45, 859]], [], [true, true]]",
25586,q,a,cx_stage3,,"[[[22, 859], [45, 859]], [], [true, true]]",
25587,q,a,p,,"[[[45, 860]], [], [true]]",
25588,q,a,cx_stage1,,"[[[22, 863], [45, 863]], [], [true, true]]",
25589,q,a,cx_stage3,,"[[[22, 863], [45, 863]], [], [true, true]]",
25590,q,a,cx_stage1,,"[[[23, 866], [45, 866]], [], [true, true]]",
25591,q,a,cx_stage3,,"[[[23, 866], [45, 866]], [], [true, true]]",
25592,q,a,p,,"[[[45, 867]], [], [true]]",
25593,q,a,cx_stage1,,"[[[23, 870], [45, 870]], [], [true, true]]",
25594,q,a,cx_stage3,,"[[[23, 870], [45, 870]], [], [true, true]]",
25595,q,a,cx_stage1,,"[[[24, 873], [45, 873]], [], [true, true]]",
25596,q,a,cx_stage3,,"[[[24, 873], [45, 873]], [], [true, true]]",
25597,q,a,p,,"[[[45, 874]], [], [true]]",
25598,q,a,cx_stage1,,"[[[24, 877], [45, 877]], [], [true, true]]",
25599,q,a,cx_stage3,,"[[[24, 877], [45, 877]], [], [true, true]]",
25600,q,a,cx_stage1,,"[[[25, 880], [45, 880]], [], [true, true]]",
25601,q,a,cx_stage3,,"[[[25, 880], [45, 880]], [], [true, true]]",
25602,q,a,p,,"[[[45, 881]], [], [true]]",
25603,q,a,cx_stage1,,"[[[25, 884], [45, 884]], [], [true, true]]",
25604,q,a,cx_stage3,,"[[[25, 884], [45, 884]], [], [true, true]]",
25605,q,a,cx_stage1,,"[[[26, 887], [45, 887]], [], [true, true]]",
25606,q,a,cx_stage3,,"[[[26, 887], [45, 887]], [], [true, true]]",
25607,q,a,p,,"[[[45, 888]], [], [true]]",
25608,q,a,cx_stage1,,"[[[26, 891], [45, 891]], [], [true, true]]",
25609,q,a,cx_stage3,,"[[[26, 891], [45, 891]], [], [true, true]]",
25610,q,a,cx_stage1,,"[[[27, 894], [45, 894]], [], [true, true]]",
25611,q,a,cx_stage3,,"[[[27, 894], [45, 894]], [], [true, true]]",
25612,q,a,p,,"[[[45, 895]], [], [true]]",
25613,q,a,cx_stage1,,"[[[27, 898], [45, 898]], [], [true, true]]",
25614,q,a,cx_stage3,,"[[[27, 898], [45, 898]], [], [true, true]]",
25615,q,a,cx_stage1,,"[[[28, 901], [45, 901]], [], [true, true]]",
25616,q,a,cx_stage3,,"[[[28, 901], [45, 901]], [], [true, true]]",
25617,q,a,p,,"[[[45, 902]], [], [true]]",
25618,q,a,cx_stage1,,"[[[28, 905], [45, 905]], [], [true, true]]",
25619,q,a,cx_stage3,,"[[[28, 905], [45, 905]], [], [true, true]]",
25620,q,a,cx_stage1,,"[[[29, 908], [45, 908]], [], [true, true]]",
25621,q,a,cx_stage3,,"[[[29, 908], [45, 908]], [], [true, true]]",
25622,q,a,p,,"[[[45, 909]], [], [true]]",
25623,q,a,cx_stage1,,"[[[29, 912], [45, 912]], [], [true, true]]",
25624,q,a,cx_stage3,,"[[[29, 912], [45, 912]], [], [true, true]]",
25625,q,a,cx_stage1,,"[[[30, 915], [45, 915]], [], [true, true]]",
25626,q,a,cx_stage3,,"[[[30, 915], [45, 915]], [], [true, true]]",
25627,q,a,p,,"[[[45, 916]], [], [true]]",
25628,q,a,cx_stage1,,"[[[30, 919], [45, 919]], [], [true, true]]",
25629,q,a,cx_stage3,,"[[[30, 919], [45, 919]], [], [true, true]]",
25630,q,a,cx_stage1,,"[[[31, 922], [45, 922]], [], [true, true]]",
25631,q,a,cx_stage3,,"[[[31, 922], [45, 922]], [], [true, true]]",
25632,q,a,p,,"[[[45, 923]], [], [true]]",
25633,q,a,cx_stage1,,"[[[31, 926], [45, 926]], [], [true, true]]",
25634,q,a,cx_stage3,,"[[[31, 926], [45, 926]], [], [true, true]]",
25635,q,a,cx_stage1,,"[[[32, 929], [45, 929]], [], [true, true]]",
25636,q,a,cx_stage3,,"[[[32, 929], [45, 929]], [], [true, true]]",
25637,q,a,p,,"[[[45, 930]], [], [true]]",
25638,q,a,cx_stage1,,"[[[32, 933], [45, 933]], [], [true, true]]",
25639,q,a,cx_stage3,,"[[[32, 933], [45, 933]], [], [true, true]]",
25640,q,a,cx_stage1,,"[[[33, 936], [45, 936]], [], [true, true]]",
25641,q,a,cx_stage3,,"[[[33, 936], [45, 936]], [], [true, true]]",
25642,q,a,p,,"[[[45, 937]], [], [true]]",
25643,q,a,cx_stage1,,"[[[33, 940], [45, 940]], [], [true, true]]",
25644,q,a,cx_stage3,,"[[[33, 940], [45, 940]], [], [true, true]]",
25645,q,a,cx_stage1,,"[[[34, 943], [45, 943]], [], [true, true]]",
25646,q,a,cx_stage3,,"[[[34, 943], [45, 943]], [], [true, true]]",
25647,q,a,p,,"[[[45, 944]], [], [true]]",
25648,q,a,cx_stage1,,"[[[34, 947], [45, 947]], [], [true, true]]",
25649,q,a,cx_stage3,,"[[[34, 947], [45, 947]], [], [true, true]]",
25650,q,a,cx_stage1,,"[[[35, 950], [45, 950]], [], [true, true]]",
25651,q,a,cx_stage3,,"[[[35, 950], [45, 950]], [], [true, true]]",
25652,q,a,p,,"[[[45, 951]], [], [true]]",
25653,q,a,cx_stage1,,"[[[35, 954], [45, 954]], [], [true, true]]",
25654,q,a,cx_stage3,,"[[[35, 954], [45, 954]], [], [true, true]]",
25655,q,a,cx_stage1,,"[[[36, 957], [45, 957]], [], [true, true]]",
25656,q,a,cx_stage3,,"[[[36, 957], [45, 957]], [], [true, true]]",
25657,q,a,p,,"[[[45, 958]], [], [true]]",
25658,q,a,cx_stage1,,"[[[36, 961], [45, 961]], [], [true, true]]",
25659,q,a,cx_stage3,,"[[[36, 961], [45, 961]], [], [true, true]]",
25660,q,a,cx_stage1,,"[[[37, 964], [45, 964]], [], [true, true]]",
25661,q,a,cx_stage3,,"[[[37, 964], [45, 964]], [], [true, true]]",
25662,q,a,p,,"[[[45, 965]], [], [true]]",
25663,q,a,cx_stage1,,"[[[37, 968], [45, 968]], [], [true, true]]",
25664,q,a,cx_stage3,,"[[[37, 968], [45, 968]], [], [true, true]]",
25665,q,a,cx_stage1,,"[[[38, 971], [45, 971]], [], [true, true]]",
25666,q,a,cx_stage3,,"[[[38, 971], [45, 971]], [], [true, true]]",
25667,q,a,p,,"[[[45, 972]], [], [true]]",
25668,q,a,cx_stage1,,"[[[38, 975], [45, 975]], [], [true, true]]",
25669,q,a,cx_stage3,,"[[[38, 975], [45, 975]], [], [true, true]]",
25670,q,a,cx_stage1,,"[[[39, 978], [45, 978]], [], [true, true]]",
25671,q,a,cx_stage3,,"[[[39, 978], [45, 978]], [], [true, true]]",
25672,q,a,p,,"[[[45, 979]], [], [true]]",
25673,q,a,cx_stage1,,"[[[39, 982], [45, 982]], [], [true, true]]",
25674,q,a,cx_stage3,,"[[[39, 982], [45, 982]], [], [true, true]]",
25675,q,a,cx_stage1,,"[[[40, 985], [45, 985]], [], [true, true]]",
25676,q,a,cx_stage3,,"[[[40, 985], [45, 985]], [], [true, true]]",
25677,q,a,p,,"[[[45, 986]], [], [true]]",
25678,q,a,cx_stage1,,"[[[40, 989], [45, 989]], [], [true, true]]",
25679,q,a,cx_stage3,,"[[[40, 989], [45, 989]], [], [true, true]]",
25680,q,a,cx_stage1,,"[[[41, 992], [45, 992]], [], [true, true]]",
25681,q,a,cx_stage3,,"[[[41, 992], [45, 992]], [], [true, true]]",
25682,q,a,p,,"[[[45, 993]], [], [true]]",
25683,q,a,cx_stage1,,"[[[41, 996], [45, 996]], [], [true, true]]",
25684,q,a,cx_stage3,,"[[[41, 996], [45, 996]], [], [true, true]]",
25685,q,a,cx_stage1,,"[[[42, 999], [45, 999]], [], [true, true]]",
25686,q,a,cx_stage3,,"[[[42, 999], [45, 999]], [], [true, true]]",
25687,q,a,u2,,"[[[46, 1]], [], [true]]",
25688,q,a,cx_stage1,,"[[[0, 319], [46, 319]], [], [true, true]]",
25689,q,a,cx_stage1,,"[[[41, 1003], [46, 1003]], [], [true, true]]",
25690,q,a,p,,"[[[46, 1000]], [], [true]]",
25691,q,a,cx_stage3,,"[[[41, 1003], [46, 1003]], [], [true, true]]",
25692,q,a,cx_stage1,,"[[[42, 1006], [46, 1006]], [], [true, true]]",
25693,q,a,cx_stage3,,"[[[42, 1006], [46, 1006]], [], [true, true]]",
25694,q,a,p,,"[[[46, 1007]], [], [true]]",
25695,q,a,cx_stage1,,"[[[42, 1010], [46, 1010]], [], [true, true]]",
25696,q,a,cx_stage3,,"[[[42, 1010], [46, 1010]], [], [true, true]]",
25697,q,a,cx_stage1,,"[[[43, 1013], [46, 1013]], [], [true, true]]",
25698,q,a,cx_stage3,,"[[[43, 1013], [46, 1013]], [], [true, true]]",
25699,q,a,p,,"[[[46, 1014]], [], [true]]",
25700,q,a,cx_stage1,,"[[[43, 1017], [46, 1017]], [], [true, true]]",
25701,q,a,cx_stage3,,"[[[43, 1017], [46, 1017]], [], [true, true]]",
25702,q,a,cx_stage1,,"[[[44, 1020], [46, 1020]], [], [true, true]]",
25703,q,a,cx_stage3,,"[[[44, 1020], [46, 1020]], [], [true, true]]",
25704,q,a,p,,"[[[46, 1021]], [], [true]]",
25705,q,a,cx_stage1,,"[[[44, 1024], [46, 1024]], [], [true, true]]",
25706,q,a,cx_stage3,,"[[[44, 1024], [46, 1024]], [], [true, true]]",
25707,q,a,cx_stage1,,"[[[45, 1027], [46, 1027]], [], [true, true]]",
25708,q,a,cx_stage3,,"[[[45, 1027], [46, 1027]], [], [true, true]]",
25709,q,a,p,,"[[[46, 1028]], [], [true]]",
25710,q,a,cx_stage1,,"[[[45, 1031], [46, 1031]], [], [true, true]]",
25711,q,a,cx_stage3,,"[[[45, 1031], [46, 1031]], [], [true, true]]",
25712,q,a,cx_stage1,,"[[[46, 1041], [47, 1041]], [], [true, true]]",
25713,q,a,cx_stage2,,"[[[46, 1041], [47, 1041]], [], [true, true]]",
25714,q,a,cx_stage3,,"[[[46, 1041], [47, 1041]], [], [true, true]]",
25715,q,a,cx_stage1,,"[[[46, 1045], [47, 1045]], [], [true, true]]",
25716,q,a,cx_stage2,,"[[[46, 1045], [47, 1045]], [], [true, true]]",
25717,q,a,cx_stage3,,"[[[46, 1045], [47, 1045]], [], [true, true]]",
25718,q,a,cx_stage1,,"[[[46, 1048], [48, 1048]], [], [true, true]]",
25719,q,a,cx_stage2,,"[[[46, 1048], [48, 1048]], [], [true, true]]",
25720,q,a,cx_stage3,,"[[[46, 1048], [48, 1048]], [], [true, true]]",
25721,q,a,cx_stage1,,"[[[46, 1052], [48, 1052]], [], [true, true]]",
25722,q,a,cx_stage2,,"[[[46, 1052], [48, 1052]], [], [true, true]]",
25723,q,a,cx_stage3,,"[[[46, 1052], [48, 1052]], [], [true, true]]",
25724,q,a,cx_stage1,,"[[[46, 1055], [49, 1055]], [], [true, true]]",
25725,q,a,cx_stage2,,"[[[46, 1055], [49, 1055]], [], [true, true]]",
25726,q,a,cx_stage3,,"[[[46, 1055], [49, 1055]], [], [true, true]]",
25727,q,a,cx_stage1,,"[[[46, 1059], [49, 1059]], [], [true, true]]",
25728,q,a,cx_stage2,,"[[[46, 1059], [49, 1059]], [], [true, true]]",
25729,q,a,cx_stage3,,"[[[46, 1059], [49, 1059]], [], [true, true]]",
25730,q,a,cx_stage1,,"[[[46, 1062], [50, 1062]], [], [true, true]]",
25731,q,a,cx_stage2,,"[[[46, 1062], [50, 1062]], [], [true, true]]",
25732,q,a,cx_stage3,,"[[[46, 1062], [50, 1062]], [], [true, true]]",
25733,q,a,cx_stage1,,"[[[46, 1066], [50, 1066]], [], [true, true]]",
25734,q,a,cx_stage2,,"[[[46, 1066], [50, 1066]], [], [true, true]]",
25735,q,a,cx_stage3,,"[[[46, 1066], [50, 1066]], [], [true, true]]",
25736,q,a,cx_stage1,,"[[[46, 1069], [51, 1069]], [], [true, true]]",
25737,q,a,cx_stage2,,"[[[46, 1069], [51, 1069]], [], [true, true]]",
25738,q,a,cx_stage3,,"[[[46, 1069], [51, 1069]], [], [true, true]]",
25739,q,a,cx_stage1,,"[[[46, 1073], [51, 1073]], [], [true, true]]",
25740,q,a,cx_stage2,,"[[[46, 1073], [51, 1073]], [], [true, true]]",
25741,q,a,cx_stage3,,"[[[46, 1073], [51, 1073]], [], [true, true]]",
25742,q,a,cx_stage1,,"[[[46, 1076], [52, 1076]], [], [true, true]]",
25743,q,a,cx_stage2,,"[[[46, 1076], [52, 1076]], [], [true, true]]",
25744,q,a,cx_stage3,,"[[[46, 1076], [52, 1076]], [], [true, true]]",
25745,q,a,cx_stage1,,"[[[46, 1080], [52, 1080]], [], [true, true]]",
25746,q,a,cx_stage2,,"[[[46, 1080], [52, 1080]], [], [true, true]]",
25747,q,a,cx_stage3,,"[[[46, 1080], [52, 1080]], [], [true, true]]",
25748,q,a,cx_stage1,,"[[[46, 1083], [53, 1083]], [], [true, true]]",
25749,q,a,cx_stage2,,"[[[46, 1083], [53, 1083]], [], [true, true]]",
25750,q,a,cx_stage3,,"[[[46, 1083], [53, 1083]], [], [true, true]]",
25751,q,a,cx_stage1,,"[[[46, 1087], [53, 1087]], [], [true, true]]",
25752,q,a,cx_stage2,,"[[[46, 1087], [53, 1087]], [], [true, true]]",
25753,q,a,cx_stage3,,"[[[46, 1087], [53, 1087]], [], [true, true]]",
25754,q,a,cx_stage1,,"[[[46, 1090], [54, 1090]], [], [true, true]]",
25755,q,a,cx_stage2,,"[[[46, 1090], [54, 1090]], [], [true, true]]",
25756,q,a,cx_stage3,,"[[[46, 1090], [54, 1090]], [], [true, true]]",
25757,q,a,cx_stage1,,"[[[46, 1094], [54, 1094]], [], [true, true]]",
25758,q,a,cx_stage2,,"[[[46, 1094], [54, 1094]], [], [true, true]]",
25759,q,a,cx_stage3,,"[[[46, 1094], [54, 1094]], [], [true, true]]",
25760,q,a,cx_stage1,,"[[[46, 1097], [55, 1097]], [], [true, true]]",
25761,q,a,cx_stage2,,"[[[46, 1097], [55, 1097]], [], [true, true]]",
25762,q,a,cx_stage3,,"[[[46, 1097], [55, 1097]], [], [true, true]]",
25763,q,a,cx_stage1,,"[[[46, 1101], [55, 1101]], [], [true, true]]",
25764,q,a,cx_stage2,,"[[[46, 1101], [55, 1101]], [], [true, true]]",
25765,q,a,cx_stage3,,"[[[46, 1101], [55, 1101]], [], [true, true]]",
25766,q,a,ry,,"[[[46, 1102]], [], [true]]",
25767,q,a,cx_stage1,,"[[[46, 1185], [47, 1185]], [], [true, true]]",
25768,q,a,cx_stage2,,"[[[46, 1185], [47, 1185]], [], [true, true]]",
25769,q,a,cx_stage3,,"[[[46, 1185], [47, 1185]], [], [true, true]]",
25770,q,a,cx_stage1,,"[[[45, 1188], [46, 1188]], [], [true, true]]",
25771,q,a,cx_stage3,,"[[[45, 1188], [46, 1188]], [], [true, true]]",
25772,q,a,ry,,"[[[46, 1189]], [], [true]]",
25773,q,a,cx_stage3,,"[[[0, 319], [46, 319]], [], [true, true]]",
25774,q,a,p,,"[[[46, 320]], [], [true]]",
25775,q,a,cx_stage1,,"[[[0, 323], [46, 323]], [], [true, true]]",
25776,q,a,cx_stage3,,"[[[0, 323], [46, 323]], [], [true, true]]",
25777,q,a,cx_stage1,,"[[[1, 326], [46, 326]], [], [true, true]]",
25778,q,a,cx_stage3,,"[[[1, 326], [46, 326]], [], [true, true]]",
25779,q,a,p,,"[[[46, 327]], [], [true]]",
25780,q,a,cx_stage1,,"[[[1, 330], [46, 330]], [], [true, true]]",
25781,q,a,cx_stage3,,"[[[1, 330], [46, 330]], [], [true, true]]",
25782,q,a,cx_stage1,,"[[[2, 333], [46, 333]], [], [true, true]]",
25783,q,a,cx_stage3,,"[[[2, 333], [46, 333]], [], [true, true]]",
25784,q,a,p,,"[[[46, 334]], [], [true]]",
25785,q,a,cx_stage1,,"[[[2, 337], [46, 337]], [], [true, true]]",
25786,q,a,cx_stage3,,"[[[2, 337], [46, 337]], [], [true, true]]",
25787,q,a,cx_stage1,,"[[[3, 340], [46, 340]], [], [true, true]]",
25788,q,a,cx_stage3,,"[[[3, 340], [46, 340]], [], [true, true]]",
25789,q,a,p,,"[[[46, 341]], [], [true]]",
25790,q,a,cx_stage1,,"[[[3, 344], [46, 344]], [], [true, true]]",
25791,q,a,cx_stage3,,"[[[3, 344], [46, 344]], [], [true, true]]",
25792,q,a,cx_stage1,,"[[[4, 347], [46, 347]], [], [true, true]]",
25793,q,a,cx_stage2,,"[[[4, 347], [46, 347]], [], [true, true]]",
25794,q,a,cx_stage3,,"[[[4, 347], [46, 347]], [], [true, true]]",
25795,q,a,p,,"[[[46, 348]], [], [true]]",
25796,q,a,cx_stage1,,"[[[4, 351], [46, 351]], [], [true, true]]",
25797,q,a,cx_stage2,,"[[[4, 351], [46, 351]], [], [true, true]]",
25798,q,a,cx_stage3,,"[[[4, 351], [46, 351]], [], [true, true]]",
25799,q,a,cx_stage1,,"[[[5, 354], [46, 354]], [], [true, true]]",
25800,q,a,cx_stage2,,"[[[5, 354], [46, 354]], [], [true, true]]",
25801,q,a,cx_stage3,,"[[[5, 354], [46, 354]], [], [true, true]]",
25802,q,a,p,,"[[[46, 355]], [], [true]]",
25803,q,a,cx_stage1,,"[[[5, 358], [46, 358]], [], [true, true]]",
25804,q,a,cx_stage2,,"[[[5, 358], [46, 358]], [], [true, true]]",
25805,q,a,cx_stage3,,"[[[5, 358], [46, 358]], [], [true, true]]",
25806,q,a,cx_stage1,,"[[[6, 361], [46, 361]], [], [true, true]]",
25807,q,a,cx_stage2,,"[[[6, 361], [46, 361]], [], [true, true]]",
25808,q,a,cx_stage3,,"[[[6, 361], [46, 361]], [], [true, true]]",
25809,q,a,p,,"[[[46, 362]], [], [true]]",
25810,q,a,cx_stage1,,"[[[6, 365], [46, 365]], [], [true, true]]",
25811,q,a,cx_stage2,,"[[[6, 365], [46, 365]], [], [true, true]]",
25812,q,a,cx_stage3,,"[[[6, 365], [46, 365]], [], [true, true]]",
25813,q,a,cx_stage1,,"[[[7, 368], [46, 368]], [], [true, true]]",
25814,q,a,cx_stage2,,"[[[7, 368], [46, 368]], [], [true, true]]",
25815,q,a,cx_stage3,,"[[[7, 368], [46, 368]], [], [true, true]]",
25816,q,a,p,,"[[[46, 369]], [], [true]]",
25817,q,a,cx_stage1,,"[[[7, 372], [46, 372]], [], [true, true]]",
25818,q,a,cx_stage2,,"[[[7, 372], [46, 372]], [], [true, true]]",
25819,q,a,cx_stage3,,"[[[7, 372], [46, 372]], [], [true, true]]",
25820,q,a,cx_stage1,,"[[[8, 375], [46, 375]], [], [true, true]]",
25821,q,a,cx_stage2,,"[[[8, 375], [46, 375]], [], [true, true]]",
25822,q,a,cx_stage3,,"[[[8, 375], [46, 375]], [], [true, true]]",
25823,q,a,p,,"[[[46, 376]], [], [true]]",
25824,q,a,cx_stage1,,"[[[8, 379], [46, 379]], [], [true, true]]",
25825,q,a,cx_stage2,,"[[[8, 379], [46, 379]], [], [true, true]]",
25826,q,a,cx_stage3,,"[[[8, 379], [46, 379]], [], [true, true]]",
25827,q,a,cx_stage1,,"[[[9, 382], [46, 382]], [], [true, true]]",
25828,q,a,cx_stage2,,"[[[9, 382], [46, 382]], [], [true, true]]",
25829,q,a,cx_stage3,,"[[[9, 382], [46, 382]], [], [true, true]]",
25830,q,a,p,,"[[[46, 383]], [], [true]]",
25831,q,a,cx_stage1,,"[[[9, 386], [46, 386]], [], [true, true]]",
25832,q,a,cx_stage2,,"[[[9, 386], [46, 386]], [], [true, true]]",
25833,q,a,cx_stage3,,"[[[9, 386], [46, 386]], [], [true, true]]",
25834,q,a,cx_stage1,,"[[[10, 389], [46, 389]], [], [true, true]]",
25835,q,a,cx_stage3,,"[[[10, 389], [46, 389]], [], [true, true]]",
25836,q,a,p,,"[[[46, 390]], [], [true]]",
25837,q,a,cx_stage1,,"[[[10, 393], [46, 393]], [], [true, true]]",
25838,q,a,cx_stage3,,"[[[10, 393], [46, 393]], [], [true, true]]",
25839,q,a,cx_stage1,,"[[[11, 396], [46, 396]], [], [true, true]]",
25840,q,a,cx_stage3,,"[[[11, 396], [46, 396]], [], [true, true]]",
25841,q,a,p,,"[[[46, 397]], [], [true]]",
25842,q,a,cx_stage1,,"[[[11, 400], [46, 400]], [], [true, true]]",
25843,q,a,cx_stage3,,"[[[11, 400], [46, 400]], [], [true, true]]",
25844,q,a,cx_stage1,,"[[[12, 403], [46, 403]], [], [true, true]]",
25845,q,a,cx_stage3,,"[[[12, 403], [46, 403]], [], [true, true]]",
25846,q,a,p,,"[[[46, 404]], [], [true]]",
25847,q,a,cx_stage1,,"[[[12, 407], [46, 407]], [], [true, true]]",
25848,q,a,cx_stage3,,"[[[12, 407], [46, 407]], [], [true, true]]",
25849,q,a,cx_stage1,,"[[[13, 410], [46, 410]], [], [true, true]]",
25850,q,a,cx_stage3,,"[[[13, 410], [46, 410]], [], [true, true]]",
25851,q,a,p,,"[[[46, 411]], [], [true]]",
25852,q,a,cx_stage1,,"[[[13, 414], [46, 414]], [], [true, true]]",
25853,q,a,cx_stage3,,"[[[13, 414], [46, 414]], [], [true, true]]",
25854,q,a,cx_stage1,,"[[[14, 417], [46, 417]], [], [true, true]]",
25855,q,a,cx_stage3,,"[[[14, 417], [46, 417]], [], [true, true]]",
25856,q,a,p,,"[[[46, 418]], [], [true]]",
25857,q,a,cx_stage1,,"[[[14, 421], [46, 421]], [], [true, true]]",
25858,q,a,cx_stage3,,"[[[14, 421], [46, 421]], [], [true, true]]",
25859,q,a,cx_stage1,,"[[[15, 424], [46, 424]], [], [true, true]]",
25860,q,a,cx_stage3,,"[[[15, 424], [46, 424]], [], [true, true]]",
25861,q,a,p,,"[[[46, 425]], [], [true]]",
25862,q,a,cx_stage1,,"[[[15, 428], [46, 428]], [], [true, true]]",
25863,q,a,cx_stage3,,"[[[15, 428], [46, 428]], [], [true, true]]",
25864,q,a,cx_stage1,,"[[[16, 431], [46, 431]], [], [true, true]]",
25865,q,a,cx_stage3,,"[[[16, 431], [46, 431]], [], [true, true]]",
25866,q,a,p,,"[[[46, 432]], [], [true]]",
25867,q,a,cx_stage1,,"[[[16, 435], [46, 435]], [], [true, true]]",
25868,q,a,cx_stage3,,"[[[16, 435], [46, 435]], [], [true, true]]",
25869,q,a,cx_stage1,,"[[[17, 438], [46, 438]], [], [true, true]]",
25870,q,a,cx_stage3,,"[[[17, 438], [46, 438]], [], [true, true]]",
25871,q,a,p,,"[[[46, 439]], [], [true]]",
25872,q,a,cx_stage1,,"[[[17, 442], [46, 442]], [], [true, true]]",
25873,q,a,cx_stage3,,"[[[17, 442], [46, 442]], [], [true, true]]",
25874,q,a,cx_stage1,,"[[[18, 445], [46, 445]], [], [true, true]]",
25875,q,a,cx_stage3,,"[[[18, 445], [46, 445]], [], [true, true]]",
25876,q,a,p,,"[[[46, 446]], [], [true]]",
25877,q,a,cx_stage1,,"[[[18, 449], [46, 449]], [], [true, true]]",
25878,q,a,cx_stage3,,"[[[18, 449], [46, 449]], [], [true, true]]",
25879,q,a,cx_stage1,,"[[[19, 452], [46, 452]], [], [true, true]]",
25880,q,a,cx_stage3,,"[[[19, 452], [46, 452]], [], [true, true]]",
25881,q,a,p,,"[[[46, 453]], [], [true]]",
25882,q,a,cx_stage1,,"[[[19, 456], [46, 456]], [], [true, true]]",
25883,q,a,cx_stage3,,"[[[19, 456], [46, 456]], [], [true, true]]",
25884,q,a,cx_stage1,,"[[[20, 459], [46, 459]], [], [true, true]]",
25885,q,a,cx_stage3,,"[[[20, 459], [46, 459]], [], [true, true]]",
25886,q,a,p,,"[[[46, 460]], [], [true]]",
25887,q,a,cx_stage1,,"[[[20, 463], [46, 463]], [], [true, true]]",
25888,q,a,cx_stage3,,"[[[20, 463], [46, 463]], [], [true, true]]",
25889,q,a,cx_stage1,,"[[[21, 466], [46, 466]], [], [true, true]]",
25890,q,a,cx_stage3,,"[[[21, 466], [46, 466]], [], [true, true]]",
25891,q,a,p,,"[[[46, 467]], [], [true]]",
25892,q,a,cx_stage1,,"[[[21, 470], [46, 470]], [], [true, true]]",
25893,q,a,cx_stage3,,"[[[21, 470], [46, 470]], [], [true, true]]",
25894,q,a,cx_stage1,,"[[[22, 473], [46, 473]], [], [true, true]]",
25895,q,a,cx_stage3,,"[[[22, 473], [46, 473]], [], [true, true]]",
25896,q,a,p,,"[[[46, 474]], [], [true]]",
25897,q,a,cx_stage1,,"[[[22, 477], [46, 477]], [], [true, true]]",
25898,q,a,cx_stage3,,"[[[22, 477], [46, 477]], [], [true, true]]",
25899,q,a,cx_stage1,,"[[[23, 480], [46, 480]], [], [true, true]]",
25900,q,a,cx_stage3,,"[[[23, 480], [46, 480]], [], [true, true]]",
25901,q,a,p,,"[[[46, 481]], [], [true]]",
25902,q,a,cx_stage1,,"[[[23, 484], [46, 484]], [], [true, true]]",
25903,q,a,cx_stage3,,"[[[23, 484], [46, 484]], [], [true, true]]",
25904,q,a,cx_stage1,,"[[[24, 487], [46, 487]], [], [true, true]]",
25905,q,a,cx_stage3,,"[[[24, 487], [46, 487]], [], [true, true]]",
25906,q,a,p,,"[[[46, 488]], [], [true]]",
25907,q,a,cx_stage1,,"[[[24, 491], [46, 491]], [], [true, true]]",
25908,q,a,cx_stage3,,"[[[24, 491], [46, 491]], [], [true, true]]",
25909,q,a,cx_stage1,,"[[[25, 494], [46, 494]], [], [true, true]]",
25910,q,a,cx_stage3,,"[[[25, 494], [46, 494]], [], [true, true]]",
25911,q,a,p,,"[[[46, 495]], [], [true]]",
25912,q,a,cx_stage1,,"[[[25, 498], [46, 498]], [], [true, true]]",
25913,q,a,cx_stage3,,"[[[25, 498], [46, 498]], [], [true, true]]",
25914,q,a,cx_stage1,,"[[[26, 501], [46, 501]], [], [true, true]]",
25915,q,a,cx_stage3,,"[[[26, 501], [46, 501]], [], [true, true]]",
25916,q,a,p,,"[[[46, 502]], [], [true]]",
25917,q,a,cx_stage1,,"[[[26, 505], [46, 505]], [], [true, true]]",
25918,q,a,cx_stage3,,"[[[26, 505], [46, 505]], [], [true, true]]",
25919,q,a,cx_stage1,,"[[[27, 508], [46, 508]], [], [true, true]]",
25920,q,a,cx_stage3,,"[[[27, 508], [46, 508]], [], [true, true]]",
25921,q,a,p,,"[[[46, 509]], [], [true]]",
25922,q,a,cx_stage1,,"[[[27, 512], [46, 512]], [], [true, true]]",
25923,q,a,cx_stage3,,"[[[27, 512], [46, 512]], [], [true, true]]",
25924,q,a,cx_stage1,,"[[[28, 515], [46, 515]], [], [true, true]]",
25925,q,a,cx_stage3,,"[[[28, 515], [46, 515]], [], [true, true]]",
25926,q,a,p,,"[[[46, 516]], [], [true]]",
25927,q,a,cx_stage1,,"[[[28, 519], [46, 519]], [], [true, true]]",
25928,q,a,cx_stage3,,"[[[28, 519], [46, 519]], [], [true, true]]",
25929,q,a,cx_stage1,,"[[[29, 522], [46, 522]], [], [true, true]]",
25930,q,a,cx_stage3,,"[[[29, 522], [46, 522]], [], [true, true]]",
25931,q,a,p,,"[[[46, 523]], [], [true]]",
25932,q,a,cx_stage1,,"[[[29, 526], [46, 526]], [], [true, true]]",
25933,q,a,cx_stage3,,"[[[29, 526], [46, 526]], [], [true, true]]",
25934,q,a,cx_stage1,,"[[[30, 529], [46, 529]], [], [true, true]]",
25935,q,a,cx_stage3,,"[[[30, 529], [46, 529]], [], [true, true]]",
25936,q,a,p,,"[[[46, 530]], [], [true]]",
25937,q,a,cx_stage1,,"[[[30, 533], [46, 533]], [], [true, true]]",
25938,q,a,cx_stage3,,"[[[30, 533], [46, 533]], [], [true, true]]",
25939,q,a,cx_stage1,,"[[[31, 536], [46, 536]], [], [true, true]]",
25940,q,a,cx_stage3,,"[[[31, 536], [46, 536]], [], [true, true]]",
25941,q,a,p,,"[[[46, 537]], [], [true]]",
25942,q,a,cx_stage1,,"[[[31, 540], [46, 540]], [], [true, true]]",
25943,q,a,cx_stage3,,"[[[31, 540], [46, 540]], [], [true, true]]",
25944,q,a,cx_stage1,,"[[[32, 543], [46, 543]], [], [true, true]]",
25945,q,a,cx_stage3,,"[[[32, 543], [46, 543]], [], [true, true]]",
25946,q,a,p,,"[[[46, 544]], [], [true]]",
25947,q,a,cx_stage1,,"[[[32, 547], [46, 547]], [], [true, true]]",
25948,q,a,cx_stage3,,"[[[32, 547], [46, 547]], [], [true, true]]",
25949,q,a,cx_stage1,,"[[[33, 550], [46, 550]], [], [true, true]]",
25950,q,a,cx_stage3,,"[[[33, 550], [46, 550]], [], [true, true]]",
25951,q,a,p,,"[[[46, 551]], [], [true]]",
25952,q,a,cx_stage1,,"[[[33, 554], [46, 554]], [], [true, true]]",
25953,q,a,cx_stage3,,"[[[33, 554], [46, 554]], [], [true, true]]",
25954,q,a,cx_stage1,,"[[[34, 557], [46, 557]], [], [true, true]]",
25955,q,a,cx_stage3,,"[[[34, 557], [46, 557]], [], [true, true]]",
25956,q,a,p,,"[[[46, 558]], [], [true]]",
25957,q,a,cx_stage1,,"[[[34, 561], [46, 561]], [], [true, true]]",
25958,q,a,cx_stage3,,"[[[34, 561], [46, 561]], [], [true, true]]",
25959,q,a,cx_stage1,,"[[[35, 564], [46, 564]], [], [true, true]]",
25960,q,a,cx_stage3,,"[[[35, 564], [46, 564]], [], [true, true]]",
25961,q,a,p,,"[[[46, 565]], [], [true]]",
25962,q,a,cx_stage1,,"[[[35, 568], [46, 568]], [], [true, true]]",
25963,q,a,cx_stage3,,"[[[35, 568], [46, 568]], [], [true, true]]",
25964,q,a,cx_stage1,,"[[[36, 571], [46, 571]], [], [true, true]]",
25965,q,a,cx_stage3,,"[[[36, 571], [46, 571]], [], [true, true]]",
25966,q,a,p,,"[[[46, 572]], [], [true]]",
25967,q,a,cx_stage1,,"[[[36, 575], [46, 575]], [], [true, true]]",
25968,q,a,cx_stage3,,"[[[36, 575], [46, 575]], [], [true, true]]",
25969,q,a,cx_stage1,,"[[[37, 578], [46, 578]], [], [true, true]]",
25970,q,a,cx_stage3,,"[[[37, 578], [46, 578]], [], [true, true]]",
25971,q,a,p,,"[[[46, 579]], [], [true]]",
25972,q,a,cx_stage1,,"[[[37, 582], [46, 582]], [], [true, true]]",
25973,q,a,cx_stage3,,"[[[37, 582], [46, 582]], [], [true, true]]",
25974,q,a,cx_stage1,,"[[[38, 585], [46, 585]], [], [true, true]]",
25975,q,a,cx_stage3,,"[[[38, 585], [46, 585]], [], [true, true]]",
25976,q,a,p,,"[[[46, 586]], [], [true]]",
25977,q,a,cx_stage1,,"[[[38, 589], [46, 589]], [], [true, true]]",
25978,q,a,cx_stage3,,"[[[38, 589], [46, 589]], [], [true, true]]",
25979,q,a,cx_stage1,,"[[[39, 592], [46, 592]], [], [true, true]]",
25980,q,a,cx_stage3,,"[[[39, 592], [46, 592]], [], [true, true]]",
25981,q,a,p,,"[[[46, 593]], [], [true]]",
25982,q,a,cx_stage1,,"[[[39, 596], [46, 596]], [], [true, true]]",
25983,q,a,cx_stage3,,"[[[39, 596], [46, 596]], [], [true, true]]",
25984,q,a,cx_stage1,,"[[[40, 599], [46, 599]], [], [true, true]]",
25985,q,a,cx_stage3,,"[[[40, 599], [46, 599]], [], [true, true]]",
25986,q,a,p,,"[[[46, 600]], [], [true]]",
25987,q,a,cx_stage1,,"[[[40, 603], [46, 603]], [], [true, true]]",
25988,q,a,cx_stage3,,"[[[40, 603], [46, 603]], [], [true, true]]",
25989,q,a,cx_stage1,,"[[[41, 606], [46, 606]], [], [true, true]]",
25990,q,a,cx_stage3,,"[[[41, 606], [46, 606]], [], [true, true]]",
25991,q,a,p,,"[[[46, 607]], [], [true]]",
25992,q,a,cx_stage1,,"[[[41, 610], [46, 610]], [], [true, true]]",
25993,q,a,cx_stage3,,"[[[41, 610], [46, 610]], [], [true, true]]",
25994,q,a,cx_stage1,,"[[[42, 613], [46, 613]], [], [true, true]]",
25995,q,a,cx_stage3,,"[[[42, 613], [46, 613]], [], [true, true]]",
25996,q,a,p,,"[[[46, 614]], [], [true]]",
25997,q,a,cx_stage1,,"[[[42, 617], [46, 617]], [], [true, true]]",
25998,q,a,cx_stage3,,"[[[42, 617], [46, 617]], [], [true, true]]",
25999,q,a,cx_stage1,,"[[[43, 620], [46, 620]], [], [true, true]]",
26000,q,a,cx_stage3,,"[[[43, 620], [46, 620]], [], [true, true]]",
26001,q,a,p,,"[[[46, 621]], [], [true]]",
26002,q,a,cx_stage1,,"[[[43, 624], [46, 624]], [], [true, true]]",
26003,q,a,cx_stage3,,"[[[43, 624], [46, 624]], [], [true, true]]",
26004,q,a,cx_stage1,,"[[[44, 627], [46, 627]], [], [true, true]]",
26005,q,a,cx_stage3,,"[[[44, 627], [46, 627]], [], [true, true]]",
26006,q,a,p,,"[[[46, 628]], [], [true]]",
26007,q,a,cx_stage1,,"[[[44, 631], [46, 631]], [], [true, true]]",
26008,q,a,cx_stage3,,"[[[44, 631], [46, 631]], [], [true, true]]",
26009,q,a,cx_stage1,,"[[[45, 634], [46, 634]], [], [true, true]]",
26010,q,a,cx_stage3,,"[[[45, 634], [46, 634]], [], [true, true]]",
26011,q,a,p,,"[[[46, 635]], [], [true]]",
26012,q,a,cx_stage1,,"[[[45, 638], [46, 638]], [], [true, true]]",
26013,q,a,cx_stage3,,"[[[45, 638], [46, 638]], [], [true, true]]",
26014,q,a,cx_stage1,,"[[[46, 648], [47, 648]], [], [true, true]]",
26015,q,a,cx_stage2,,"[[[46, 648], [47, 648]], [], [true, true]]",
26016,q,a,cx_stage3,,"[[[46, 648], [47, 648]], [], [true, true]]",
26017,q,a,cx_stage1,,"[[[46, 652], [47, 652]], [], [true, true]]",
26018,q,a,cx_stage2,,"[[[46, 652], [47, 652]], [], [true, true]]",
26019,q,a,cx_stage3,,"[[[46, 652], [47, 652]], [], [true, true]]",
26020,q,a,cx_stage1,,"[[[46, 655], [48, 655]], [], [true, true]]",
26021,q,a,cx_stage2,,"[[[46, 655], [48, 655]], [], [true, true]]",
26022,q,a,cx_stage3,,"[[[46, 655], [48, 655]], [], [true, true]]",
26023,q,a,cx_stage1,,"[[[46, 659], [48, 659]], [], [true, true]]",
26024,q,a,cx_stage2,,"[[[46, 659], [48, 659]], [], [true, true]]",
26025,q,a,cx_stage3,,"[[[46, 659], [48, 659]], [], [true, true]]",
26026,q,a,cx_stage1,,"[[[46, 662], [49, 662]], [], [true, true]]",
26027,q,a,cx_stage2,,"[[[46, 662], [49, 662]], [], [true, true]]",
26028,q,a,cx_stage3,,"[[[46, 662], [49, 662]], [], [true, true]]",
26029,q,a,cx_stage1,,"[[[46, 666], [49, 666]], [], [true, true]]",
26030,q,a,cx_stage2,,"[[[46, 666], [49, 666]], [], [true, true]]",
26031,q,a,cx_stage3,,"[[[46, 666], [49, 666]], [], [true, true]]",
26032,q,a,cx_stage1,,"[[[46, 669], [50, 669]], [], [true, true]]",
26033,q,a,cx_stage2,,"[[[46, 669], [50, 669]], [], [true, true]]",
26034,q,a,cx_stage3,,"[[[46, 669], [50, 669]], [], [true, true]]",
26035,q,a,cx_stage1,,"[[[46, 673], [50, 673]], [], [true, true]]",
26036,q,a,cx_stage2,,"[[[46, 673], [50, 673]], [], [true, true]]",
26037,q,a,cx_stage3,,"[[[46, 673], [50, 673]], [], [true, true]]",
26038,q,a,cx_stage1,,"[[[46, 676], [51, 676]], [], [true, true]]",
26039,q,a,cx_stage2,,"[[[46, 676], [51, 676]], [], [true, true]]",
26040,q,a,cx_stage3,,"[[[46, 676], [51, 676]], [], [true, true]]",
26041,q,a,cx_stage1,,"[[[46, 680], [51, 680]], [], [true, true]]",
26042,q,a,cx_stage2,,"[[[46, 680], [51, 680]], [], [true, true]]",
26043,q,a,cx_stage3,,"[[[46, 680], [51, 680]], [], [true, true]]",
26044,q,a,cx_stage1,,"[[[46, 683], [52, 683]], [], [true, true]]",
26045,q,a,cx_stage2,,"[[[46, 683], [52, 683]], [], [true, true]]",
26046,q,a,cx_stage3,,"[[[46, 683], [52, 683]], [], [true, true]]",
26047,q,a,cx_stage1,,"[[[46, 687], [52, 687]], [], [true, true]]",
26048,q,a,cx_stage2,,"[[[46, 687], [52, 687]], [], [true, true]]",
26049,q,a,cx_stage3,,"[[[46, 687], [52, 687]], [], [true, true]]",
26050,q,a,cx_stage1,,"[[[46, 690], [53, 690]], [], [true, true]]",
26051,q,a,cx_stage2,,"[[[46, 690], [53, 690]], [], [true, true]]",
26052,q,a,cx_stage3,,"[[[46, 690], [53, 690]], [], [true, true]]",
26053,q,a,cx_stage1,,"[[[46, 694], [53, 694]], [], [true, true]]",
26054,q,a,cx_stage2,,"[[[46, 694], [53, 694]], [], [true, true]]",
26055,q,a,cx_stage3,,"[[[46, 694], [53, 694]], [], [true, true]]",
26056,q,a,cx_stage1,,"[[[46, 697], [54, 697]], [], [true, true]]",
26057,q,a,cx_stage2,,"[[[46, 697], [54, 697]], [], [true, true]]",
26058,q,a,cx_stage3,,"[[[46, 697], [54, 697]], [], [true, true]]",
26059,q,a,cx_stage1,,"[[[46, 701], [54, 701]], [], [true, true]]",
26060,q,a,cx_stage2,,"[[[46, 701], [54, 701]], [], [true, true]]",
26061,q,a,cx_stage3,,"[[[46, 701], [54, 701]], [], [true, true]]",
26062,q,a,cx_stage1,,"[[[46, 704], [55, 704]], [], [true, true]]",
26063,q,a,cx_stage2,,"[[[46, 704], [55, 704]], [], [true, true]]",
26064,q,a,cx_stage3,,"[[[46, 704], [55, 704]], [], [true, true]]",
26065,q,a,cx_stage1,,"[[[46, 708], [55, 708]], [], [true, true]]",
26066,q,a,cx_stage2,,"[[[46, 708], [55, 708]], [], [true, true]]",
26067,q,a,cx_stage3,,"[[[46, 708], [55, 708]], [], [true, true]]",
26068,q,a,u2,,"[[[46, 709]], [], [true]]",
26069,q,a,cx_stage1,,"[[[0, 712], [46, 712]], [], [true, true]]",
26070,q,a,cx_stage3,,"[[[0, 712], [46, 712]], [], [true, true]]",
26071,q,a,p,,"[[[46, 713]], [], [true]]",
26072,q,a,cx_stage1,,"[[[0, 716], [46, 716]], [], [true, true]]",
26073,q,a,cx_stage3,,"[[[0, 716], [46, 716]], [], [true, true]]",
26074,q,a,cx_stage1,,"[[[1, 719], [46, 719]], [], [true, true]]",
26075,q,a,cx_stage3,,"[[[1, 719], [46, 719]], [], [true, true]]",
26076,q,a,p,,"[[[46, 720]], [], [true]]",
26077,q,a,cx_stage1,,"[[[1, 723], [46, 723]], [], [true, true]]",
26078,q,a,cx_stage3,,"[[[1, 723], [46, 723]], [], [true, true]]",
26079,q,a,cx_stage1,,"[[[2, 726], [46, 726]], [], [true, true]]",
26080,q,a,cx_stage3,,"[[[2, 726], [46, 726]], [], [true, true]]",
26081,q,a,p,,"[[[46, 727]], [], [true]]",
26082,q,a,cx_stage1,,"[[[2, 730], [46, 730]], [], [true, true]]",
26083,q,a,cx_stage3,,"[[[2, 730], [46, 730]], [], [true, true]]",
26084,q,a,cx_stage1,,"[[[3, 733], [46, 733]], [], [true, true]]",
26085,q,a,cx_stage3,,"[[[3, 733], [46, 733]], [], [true, true]]",
26086,q,a,p,,"[[[46, 734]], [], [true]]",
26087,q,a,cx_stage1,,"[[[3, 737], [46, 737]], [], [true, true]]",
26088,q,a,cx_stage3,,"[[[3, 737], [46, 737]], [], [true, true]]",
26089,q,a,cx_stage1,,"[[[4, 740], [46, 740]], [], [true, true]]",
26090,q,a,cx_stage2,,"[[[4, 740], [46, 740]], [], [true, true]]",
26091,q,a,cx_stage3,,"[[[4, 740], [46, 740]], [], [true, true]]",
26092,q,a,p,,"[[[46, 741]], [], [true]]",
26093,q,a,cx_stage1,,"[[[4, 744], [46, 744]], [], [true, true]]",
26094,q,a,cx_stage2,,"[[[4, 744], [46, 744]], [], [true, true]]",
26095,q,a,cx_stage3,,"[[[4, 744], [46, 744]], [], [true, true]]",
26096,q,a,cx_stage1,,"[[[5, 747], [46, 747]], [], [true, true]]",
26097,q,a,cx_stage2,,"[[[5, 747], [46, 747]], [], [true, true]]",
26098,q,a,cx_stage3,,"[[[5, 747], [46, 747]], [], [true, true]]",
26099,q,a,p,,"[[[46, 748]], [], [true]]",
26100,q,a,cx_stage1,,"[[[5, 751], [46, 751]], [], [true, true]]",
26101,q,a,cx_stage2,,"[[[5, 751], [46, 751]], [], [true, true]]",
26102,q,a,cx_stage3,,"[[[5, 751], [46, 751]], [], [true, true]]",
26103,q,a,cx_stage1,,"[[[6, 754], [46, 754]], [], [true, true]]",
26104,q,a,cx_stage2,,"[[[6, 754], [46, 754]], [], [true, true]]",
26105,q,a,cx_stage3,,"[[[6, 754], [46, 754]], [], [true, true]]",
26106,q,a,p,,"[[[46, 755]], [], [true]]",
26107,q,a,cx_stage1,,"[[[6, 758], [46, 758]], [], [true, true]]",
26108,q,a,cx_stage2,,"[[[6, 758], [46, 758]], [], [true, true]]",
26109,q,a,cx_stage3,,"[[[6, 758], [46, 758]], [], [true, true]]",
26110,q,a,cx_stage1,,"[[[7, 761], [46, 761]], [], [true, true]]",
26111,q,a,cx_stage2,,"[[[7, 761], [46, 761]], [], [true, true]]",
26112,q,a,cx_stage3,,"[[[7, 761], [46, 761]], [], [true, true]]",
26113,q,a,p,,"[[[46, 762]], [], [true]]",
26114,q,a,cx_stage1,,"[[[7, 765], [46, 765]], [], [true, true]]",
26115,q,a,cx_stage2,,"[[[7, 765], [46, 765]], [], [true, true]]",
26116,q,a,cx_stage3,,"[[[7, 765], [46, 765]], [], [true, true]]",
26117,q,a,cx_stage1,,"[[[8, 768], [46, 768]], [], [true, true]]",
26118,q,a,cx_stage2,,"[[[8, 768], [46, 768]], [], [true, true]]",
26119,q,a,cx_stage3,,"[[[8, 768], [46, 768]], [], [true, true]]",
26120,q,a,p,,"[[[46, 769]], [], [true]]",
26121,q,a,cx_stage1,,"[[[8, 772], [46, 772]], [], [true, true]]",
26122,q,a,cx_stage2,,"[[[8, 772], [46, 772]], [], [true, true]]",
26123,q,a,cx_stage3,,"[[[8, 772], [46, 772]], [], [true, true]]",
26124,q,a,cx_stage1,,"[[[9, 775], [46, 775]], [], [true, true]]",
26125,q,a,cx_stage2,,"[[[9, 775], [46, 775]], [], [true, true]]",
26126,q,a,cx_stage3,,"[[[9, 775], [46, 775]], [], [true, true]]",
26127,q,a,p,,"[[[46, 776]], [], [true]]",
26128,q,a,cx_stage1,,"[[[9, 779], [46, 779]], [], [true, true]]",
26129,q,a,cx_stage2,,"[[[9, 779], [46, 779]], [], [true, true]]",
26130,q,a,cx_stage3,,"[[[9, 779], [46, 779]], [], [true, true]]",
26131,q,a,cx_stage1,,"[[[10, 782], [46, 782]], [], [true, true]]",
26132,q,a,cx_stage3,,"[[[10, 782], [46, 782]], [], [true, true]]",
26133,q,a,p,,"[[[46, 783]], [], [true]]",
26134,q,a,cx_stage1,,"[[[10, 786], [46, 786]], [], [true, true]]",
26135,q,a,cx_stage3,,"[[[10, 786], [46, 786]], [], [true, true]]",
26136,q,a,cx_stage1,,"[[[11, 789], [46, 789]], [], [true, true]]",
26137,q,a,cx_stage3,,"[[[11, 789], [46, 789]], [], [true, true]]",
26138,q,a,p,,"[[[46, 790]], [], [true]]",
26139,q,a,cx_stage1,,"[[[11, 793], [46, 793]], [], [true, true]]",
26140,q,a,cx_stage3,,"[[[11, 793], [46, 793]], [], [true, true]]",
26141,q,a,cx_stage1,,"[[[12, 796], [46, 796]], [], [true, true]]",
26142,q,a,cx_stage3,,"[[[12, 796], [46, 796]], [], [true, true]]",
26143,q,a,p,,"[[[46, 797]], [], [true]]",
26144,q,a,cx_stage1,,"[[[12, 800], [46, 800]], [], [true, true]]",
26145,q,a,cx_stage3,,"[[[12, 800], [46, 800]], [], [true, true]]",
26146,q,a,cx_stage1,,"[[[13, 803], [46, 803]], [], [true, true]]",
26147,q,a,cx_stage3,,"[[[13, 803], [46, 803]], [], [true, true]]",
26148,q,a,p,,"[[[46, 804]], [], [true]]",
26149,q,a,cx_stage1,,"[[[13, 807], [46, 807]], [], [true, true]]",
26150,q,a,cx_stage3,,"[[[13, 807], [46, 807]], [], [true, true]]",
26151,q,a,cx_stage1,,"[[[14, 810], [46, 810]], [], [true, true]]",
26152,q,a,cx_stage3,,"[[[14, 810], [46, 810]], [], [true, true]]",
26153,q,a,p,,"[[[46, 811]], [], [true]]",
26154,q,a,cx_stage1,,"[[[14, 814], [46, 814]], [], [true, true]]",
26155,q,a,cx_stage3,,"[[[14, 814], [46, 814]], [], [true, true]]",
26156,q,a,cx_stage1,,"[[[15, 817], [46, 817]], [], [true, true]]",
26157,q,a,cx_stage3,,"[[[15, 817], [46, 817]], [], [true, true]]",
26158,q,a,p,,"[[[46, 818]], [], [true]]",
26159,q,a,cx_stage1,,"[[[15, 821], [46, 821]], [], [true, true]]",
26160,q,a,cx_stage3,,"[[[15, 821], [46, 821]], [], [true, true]]",
26161,q,a,cx_stage1,,"[[[16, 824], [46, 824]], [], [true, true]]",
26162,q,a,cx_stage3,,"[[[16, 824], [46, 824]], [], [true, true]]",
26163,q,a,p,,"[[[46, 825]], [], [true]]",
26164,q,a,cx_stage1,,"[[[16, 828], [46, 828]], [], [true, true]]",
26165,q,a,cx_stage3,,"[[[16, 828], [46, 828]], [], [true, true]]",
26166,q,a,cx_stage1,,"[[[17, 831], [46, 831]], [], [true, true]]",
26167,q,a,cx_stage3,,"[[[17, 831], [46, 831]], [], [true, true]]",
26168,q,a,p,,"[[[46, 832]], [], [true]]",
26169,q,a,cx_stage1,,"[[[17, 835], [46, 835]], [], [true, true]]",
26170,q,a,cx_stage3,,"[[[17, 835], [46, 835]], [], [true, true]]",
26171,q,a,cx_stage1,,"[[[18, 838], [46, 838]], [], [true, true]]",
26172,q,a,cx_stage3,,"[[[18, 838], [46, 838]], [], [true, true]]",
26173,q,a,p,,"[[[46, 839]], [], [true]]",
26174,q,a,cx_stage1,,"[[[18, 842], [46, 842]], [], [true, true]]",
26175,q,a,cx_stage3,,"[[[18, 842], [46, 842]], [], [true, true]]",
26176,q,a,cx_stage1,,"[[[19, 845], [46, 845]], [], [true, true]]",
26177,q,a,cx_stage3,,"[[[19, 845], [46, 845]], [], [true, true]]",
26178,q,a,p,,"[[[46, 846]], [], [true]]",
26179,q,a,cx_stage1,,"[[[19, 849], [46, 849]], [], [true, true]]",
26180,q,a,cx_stage3,,"[[[19, 849], [46, 849]], [], [true, true]]",
26181,q,a,cx_stage1,,"[[[20, 852], [46, 852]], [], [true, true]]",
26182,q,a,cx_stage3,,"[[[20, 852], [46, 852]], [], [true, true]]",
26183,q,a,p,,"[[[46, 853]], [], [true]]",
26184,q,a,cx_stage1,,"[[[20, 856], [46, 856]], [], [true, true]]",
26185,q,a,cx_stage3,,"[[[20, 856], [46, 856]], [], [true, true]]",
26186,q,a,cx_stage1,,"[[[21, 859], [46, 859]], [], [true, true]]",
26187,q,a,cx_stage3,,"[[[21, 859], [46, 859]], [], [true, true]]",
26188,q,a,p,,"[[[46, 860]], [], [true]]",
26189,q,a,cx_stage1,,"[[[21, 863], [46, 863]], [], [true, true]]",
26190,q,a,cx_stage3,,"[[[21, 863], [46, 863]], [], [true, true]]",
26191,q,a,cx_stage1,,"[[[22, 866], [46, 866]], [], [true, true]]",
26192,q,a,cx_stage3,,"[[[22, 866], [46, 866]], [], [true, true]]",
26193,q,a,p,,"[[[46, 867]], [], [true]]",
26194,q,a,cx_stage1,,"[[[22, 870], [46, 870]], [], [true, true]]",
26195,q,a,cx_stage3,,"[[[22, 870], [46, 870]], [], [true, true]]",
26196,q,a,cx_stage1,,"[[[23, 873], [46, 873]], [], [true, true]]",
26197,q,a,cx_stage3,,"[[[23, 873], [46, 873]], [], [true, true]]",
26198,q,a,p,,"[[[46, 874]], [], [true]]",
26199,q,a,cx_stage1,,"[[[23, 877], [46, 877]], [], [true, true]]",
26200,q,a,cx_stage3,,"[[[23, 877], [46, 877]], [], [true, true]]",
26201,q,a,cx_stage1,,"[[[24, 880], [46, 880]], [], [true, true]]",
26202,q,a,cx_stage3,,"[[[24, 880], [46, 880]], [], [true, true]]",
26203,q,a,p,,"[[[46, 881]], [], [true]]",
26204,q,a,cx_stage1,,"[[[24, 884], [46, 884]], [], [true, true]]",
26205,q,a,cx_stage3,,"[[[24, 884], [46, 884]], [], [true, true]]",
26206,q,a,cx_stage1,,"[[[25, 887], [46, 887]], [], [true, true]]",
26207,q,a,cx_stage3,,"[[[25, 887], [46, 887]], [], [true, true]]",
26208,q,a,p,,"[[[46, 888]], [], [true]]",
26209,q,a,cx_stage1,,"[[[25, 891], [46, 891]], [], [true, true]]",
26210,q,a,cx_stage3,,"[[[25, 891], [46, 891]], [], [true, true]]",
26211,q,a,cx_stage1,,"[[[26, 894], [46, 894]], [], [true, true]]",
26212,q,a,cx_stage3,,"[[[26, 894], [46, 894]], [], [true, true]]",
26213,q,a,p,,"[[[46, 895]], [], [true]]",
26214,q,a,cx_stage1,,"[[[26, 898], [46, 898]], [], [true, true]]",
26215,q,a,cx_stage3,,"[[[26, 898], [46, 898]], [], [true, true]]",
26216,q,a,cx_stage1,,"[[[27, 901], [46, 901]], [], [true, true]]",
26217,q,a,cx_stage3,,"[[[27, 901], [46, 901]], [], [true, true]]",
26218,q,a,p,,"[[[46, 902]], [], [true]]",
26219,q,a,cx_stage1,,"[[[27, 905], [46, 905]], [], [true, true]]",
26220,q,a,cx_stage3,,"[[[27, 905], [46, 905]], [], [true, true]]",
26221,q,a,cx_stage1,,"[[[28, 908], [46, 908]], [], [true, true]]",
26222,q,a,cx_stage3,,"[[[28, 908], [46, 908]], [], [true, true]]",
26223,q,a,p,,"[[[46, 909]], [], [true]]",
26224,q,a,cx_stage1,,"[[[28, 912], [46, 912]], [], [true, true]]",
26225,q,a,cx_stage3,,"[[[28, 912], [46, 912]], [], [true, true]]",
26226,q,a,cx_stage1,,"[[[29, 915], [46, 915]], [], [true, true]]",
26227,q,a,cx_stage3,,"[[[29, 915], [46, 915]], [], [true, true]]",
26228,q,a,p,,"[[[46, 916]], [], [true]]",
26229,q,a,cx_stage1,,"[[[29, 919], [46, 919]], [], [true, true]]",
26230,q,a,cx_stage3,,"[[[29, 919], [46, 919]], [], [true, true]]",
26231,q,a,cx_stage1,,"[[[30, 922], [46, 922]], [], [true, true]]",
26232,q,a,cx_stage3,,"[[[30, 922], [46, 922]], [], [true, true]]",
26233,q,a,p,,"[[[46, 923]], [], [true]]",
26234,q,a,cx_stage1,,"[[[30, 926], [46, 926]], [], [true, true]]",
26235,q,a,cx_stage3,,"[[[30, 926], [46, 926]], [], [true, true]]",
26236,q,a,cx_stage1,,"[[[31, 929], [46, 929]], [], [true, true]]",
26237,q,a,cx_stage3,,"[[[31, 929], [46, 929]], [], [true, true]]",
26238,q,a,p,,"[[[46, 930]], [], [true]]",
26239,q,a,cx_stage1,,"[[[31, 933], [46, 933]], [], [true, true]]",
26240,q,a,cx_stage3,,"[[[31, 933], [46, 933]], [], [true, true]]",
26241,q,a,cx_stage1,,"[[[32, 936], [46, 936]], [], [true, true]]",
26242,q,a,cx_stage3,,"[[[32, 936], [46, 936]], [], [true, true]]",
26243,q,a,p,,"[[[46, 937]], [], [true]]",
26244,q,a,cx_stage1,,"[[[32, 940], [46, 940]], [], [true, true]]",
26245,q,a,cx_stage3,,"[[[32, 940], [46, 940]], [], [true, true]]",
26246,q,a,cx_stage1,,"[[[33, 943], [46, 943]], [], [true, true]]",
26247,q,a,cx_stage3,,"[[[33, 943], [46, 943]], [], [true, true]]",
26248,q,a,p,,"[[[46, 944]], [], [true]]",
26249,q,a,cx_stage1,,"[[[33, 947], [46, 947]], [], [true, true]]",
26250,q,a,cx_stage3,,"[[[33, 947], [46, 947]], [], [true, true]]",
26251,q,a,cx_stage1,,"[[[34, 950], [46, 950]], [], [true, true]]",
26252,q,a,cx_stage3,,"[[[34, 950], [46, 950]], [], [true, true]]",
26253,q,a,p,,"[[[46, 951]], [], [true]]",
26254,q,a,cx_stage1,,"[[[34, 954], [46, 954]], [], [true, true]]",
26255,q,a,cx_stage3,,"[[[34, 954], [46, 954]], [], [true, true]]",
26256,q,a,cx_stage1,,"[[[35, 957], [46, 957]], [], [true, true]]",
26257,q,a,cx_stage3,,"[[[35, 957], [46, 957]], [], [true, true]]",
26258,q,a,p,,"[[[46, 958]], [], [true]]",
26259,q,a,cx_stage1,,"[[[35, 961], [46, 961]], [], [true, true]]",
26260,q,a,cx_stage3,,"[[[35, 961], [46, 961]], [], [true, true]]",
26261,q,a,cx_stage1,,"[[[36, 964], [46, 964]], [], [true, true]]",
26262,q,a,cx_stage3,,"[[[36, 964], [46, 964]], [], [true, true]]",
26263,q,a,p,,"[[[46, 965]], [], [true]]",
26264,q,a,cx_stage1,,"[[[36, 968], [46, 968]], [], [true, true]]",
26265,q,a,cx_stage3,,"[[[36, 968], [46, 968]], [], [true, true]]",
26266,q,a,cx_stage1,,"[[[37, 971], [46, 971]], [], [true, true]]",
26267,q,a,cx_stage3,,"[[[37, 971], [46, 971]], [], [true, true]]",
26268,q,a,p,,"[[[46, 972]], [], [true]]",
26269,q,a,cx_stage1,,"[[[37, 975], [46, 975]], [], [true, true]]",
26270,q,a,cx_stage3,,"[[[37, 975], [46, 975]], [], [true, true]]",
26271,q,a,cx_stage1,,"[[[38, 978], [46, 978]], [], [true, true]]",
26272,q,a,cx_stage3,,"[[[38, 978], [46, 978]], [], [true, true]]",
26273,q,a,p,,"[[[46, 979]], [], [true]]",
26274,q,a,cx_stage1,,"[[[38, 982], [46, 982]], [], [true, true]]",
26275,q,a,cx_stage3,,"[[[38, 982], [46, 982]], [], [true, true]]",
26276,q,a,cx_stage1,,"[[[39, 985], [46, 985]], [], [true, true]]",
26277,q,a,cx_stage3,,"[[[39, 985], [46, 985]], [], [true, true]]",
26278,q,a,p,,"[[[46, 986]], [], [true]]",
26279,q,a,cx_stage1,,"[[[39, 989], [46, 989]], [], [true, true]]",
26280,q,a,cx_stage3,,"[[[39, 989], [46, 989]], [], [true, true]]",
26281,q,a,cx_stage1,,"[[[40, 992], [46, 992]], [], [true, true]]",
26282,q,a,cx_stage3,,"[[[40, 992], [46, 992]], [], [true, true]]",
26283,q,a,p,,"[[[46, 993]], [], [true]]",
26284,q,a,cx_stage1,,"[[[40, 996], [46, 996]], [], [true, true]]",
26285,q,a,cx_stage3,,"[[[40, 996], [46, 996]], [], [true, true]]",
26286,q,a,cx_stage1,,"[[[41, 999], [46, 999]], [], [true, true]]",
26287,q,a,cx_stage3,,"[[[41, 999], [46, 999]], [], [true, true]]",
26288,q,a,u2,,"[[[47, 1]], [], [true]]",
26289,q,a,cx_stage1,,"[[[0, 326], [47, 326]], [], [true, true]]",
26290,q,a,cx_stage1,,"[[[40, 1003], [47, 1003]], [], [true, true]]",
26291,q,a,p,,"[[[47, 1000]], [], [true]]",
26292,q,a,cx_stage3,,"[[[40, 1003], [47, 1003]], [], [true, true]]",
26293,q,a,cx_stage1,,"[[[41, 1006], [47, 1006]], [], [true, true]]",
26294,q,a,cx_stage3,,"[[[41, 1006], [47, 1006]], [], [true, true]]",
26295,q,a,p,,"[[[47, 1007]], [], [true]]",
26296,q,a,cx_stage1,,"[[[41, 1010], [47, 1010]], [], [true, true]]",
26297,q,a,cx_stage3,,"[[[41, 1010], [47, 1010]], [], [true, true]]",
26298,q,a,cx_stage1,,"[[[42, 1013], [47, 1013]], [], [true, true]]",
26299,q,a,cx_stage3,,"[[[42, 1013], [47, 1013]], [], [true, true]]",
26300,q,a,p,,"[[[47, 1014]], [], [true]]",
26301,q,a,cx_stage1,,"[[[42, 1017], [47, 1017]], [], [true, true]]",
26302,q,a,cx_stage3,,"[[[42, 1017], [47, 1017]], [], [true, true]]",
26303,q,a,cx_stage1,,"[[[43, 1020], [47, 1020]], [], [true, true]]",
26304,q,a,cx_stage3,,"[[[43, 1020], [47, 1020]], [], [true, true]]",
26305,q,a,p,,"[[[47, 1021]], [], [true]]",
26306,q,a,cx_stage1,,"[[[43, 1024], [47, 1024]], [], [true, true]]",
26307,q,a,cx_stage3,,"[[[43, 1024], [47, 1024]], [], [true, true]]",
26308,q,a,cx_stage1,,"[[[44, 1027], [47, 1027]], [], [true, true]]",
26309,q,a,cx_stage3,,"[[[44, 1027], [47, 1027]], [], [true, true]]",
26310,q,a,p,,"[[[47, 1028]], [], [true]]",
26311,q,a,cx_stage1,,"[[[44, 1031], [47, 1031]], [], [true, true]]",
26312,q,a,cx_stage3,,"[[[44, 1031], [47, 1031]], [], [true, true]]",
26313,q,a,cx_stage1,,"[[[45, 1034], [47, 1034]], [], [true, true]]",
26314,q,a,cx_stage3,,"[[[45, 1034], [47, 1034]], [], [true, true]]",
26315,q,a,p,,"[[[47, 1035]], [], [true]]",
26316,q,a,cx_stage1,,"[[[45, 1038], [47, 1038]], [], [true, true]]",
26317,q,a,cx_stage3,,"[[[45, 1038], [47, 1038]], [], [true, true]]",
26318,q,a,cx_stage1,,"[[[46, 1041], [47, 1041]], [], [true, true]]",
26319,q,a,cx_stage3,,"[[[46, 1041], [47, 1041]], [], [true, true]]",
26320,q,a,p,,"[[[47, 1042]], [], [true]]",
26321,q,a,cx_stage1,,"[[[46, 1045], [47, 1045]], [], [true, true]]",
26322,q,a,cx_stage3,,"[[[46, 1045], [47, 1045]], [], [true, true]]",
26323,q,a,cx_stage1,,"[[[47, 1055], [48, 1055]], [], [true, true]]",
26324,q,a,cx_stage2,,"[[[47, 1055], [48, 1055]], [], [true, true]]",
26325,q,a,cx_stage3,,"[[[47, 1055], [48, 1055]], [], [true, true]]",
26326,q,a,cx_stage1,,"[[[47, 1059], [48, 1059]], [], [true, true]]",
26327,q,a,cx_stage2,,"[[[47, 1059], [48, 1059]], [], [true, true]]",
26328,q,a,cx_stage3,,"[[[47, 1059], [48, 1059]], [], [true, true]]",
26329,q,a,cx_stage1,,"[[[47, 1062], [49, 1062]], [], [true, true]]",
26330,q,a,cx_stage2,,"[[[47, 1062], [49, 1062]], [], [true, true]]",
26331,q,a,cx_stage3,,"[[[47, 1062], [49, 1062]], [], [true, true]]",
26332,q,a,cx_stage1,,"[[[47, 1066], [49, 1066]], [], [true, true]]",
26333,q,a,cx_stage2,,"[[[47, 1066], [49, 1066]], [], [true, true]]",
26334,q,a,cx_stage3,,"[[[47, 1066], [49, 1066]], [], [true, true]]",
26335,q,a,cx_stage1,,"[[[47, 1069], [50, 1069]], [], [true, true]]",
26336,q,a,cx_stage2,,"[[[47, 1069], [50, 1069]], [], [true, true]]",
26337,q,a,cx_stage3,,"[[[47, 1069], [50, 1069]], [], [true, true]]",
26338,q,a,cx_stage1,,"[[[47, 1073], [50, 1073]], [], [true, true]]",
26339,q,a,cx_stage2,,"[[[47, 1073], [50, 1073]], [], [true, true]]",
26340,q,a,cx_stage3,,"[[[47, 1073], [50, 1073]], [], [true, true]]",
26341,q,a,cx_stage1,,"[[[47, 1076], [51, 1076]], [], [true, true]]",
26342,q,a,cx_stage2,,"[[[47, 1076], [51, 1076]], [], [true, true]]",
26343,q,a,cx_stage3,,"[[[47, 1076], [51, 1076]], [], [true, true]]",
26344,q,a,cx_stage1,,"[[[47, 1080], [51, 1080]], [], [true, true]]",
26345,q,a,cx_stage2,,"[[[47, 1080], [51, 1080]], [], [true, true]]",
26346,q,a,cx_stage3,,"[[[47, 1080], [51, 1080]], [], [true, true]]",
26347,q,a,cx_stage1,,"[[[47, 1083], [52, 1083]], [], [true, true]]",
26348,q,a,cx_stage2,,"[[[47, 1083], [52, 1083]], [], [true, true]]",
26349,q,a,cx_stage3,,"[[[47, 1083], [52, 1083]], [], [true, true]]",
26350,q,a,cx_stage1,,"[[[47, 1087], [52, 1087]], [], [true, true]]",
26351,q,a,cx_stage2,,"[[[47, 1087], [52, 1087]], [], [true, true]]",
26352,q,a,cx_stage3,,"[[[47, 1087], [52, 1087]], [], [true, true]]",
26353,q,a,cx_stage1,,"[[[47, 1090], [53, 1090]], [], [true, true]]",
26354,q,a,cx_stage2,,"[[[47, 1090], [53, 1090]], [], [true, true]]",
26355,q,a,cx_stage3,,"[[[47, 1090], [53, 1090]], [], [true, true]]",
26356,q,a,cx_stage1,,"[[[47, 1094], [53, 1094]], [], [true, true]]",
26357,q,a,cx_stage2,,"[[[47, 1094], [53, 1094]], [], [true, true]]",
26358,q,a,cx_stage3,,"[[[47, 1094], [53, 1094]], [], [true, true]]",
26359,q,a,cx_stage1,,"[[[47, 1097], [54, 1097]], [], [true, true]]",
26360,q,a,cx_stage2,,"[[[47, 1097], [54, 1097]], [], [true, true]]",
26361,q,a,cx_stage3,,"[[[47, 1097], [54, 1097]], [], [true, true]]",
26362,q,a,cx_stage1,,"[[[47, 1101], [54, 1101]], [], [true, true]]",
26363,q,a,cx_stage2,,"[[[47, 1101], [54, 1101]], [], [true, true]]",
26364,q,a,cx_stage3,,"[[[47, 1101], [54, 1101]], [], [true, true]]",
26365,q,a,cx_stage1,,"[[[47, 1104], [55, 1104]], [], [true, true]]",
26366,q,a,cx_stage2,,"[[[47, 1104], [55, 1104]], [], [true, true]]",
26367,q,a,cx_stage3,,"[[[47, 1104], [55, 1104]], [], [true, true]]",
26368,q,a,cx_stage1,,"[[[47, 1108], [55, 1108]], [], [true, true]]",
26369,q,a,cx_stage2,,"[[[47, 1108], [55, 1108]], [], [true, true]]",
26370,q,a,cx_stage3,,"[[[47, 1108], [55, 1108]], [], [true, true]]",
26371,q,a,ry,,"[[[47, 1109]], [], [true]]",
26372,q,a,cx_stage1,,"[[[47, 1182], [48, 1182]], [], [true, true]]",
26373,q,a,cx_stage2,,"[[[47, 1182], [48, 1182]], [], [true, true]]",
26374,q,a,cx_stage3,,"[[[47, 1182], [48, 1182]], [], [true, true]]",
26375,q,a,cx_stage1,,"[[[46, 1185], [47, 1185]], [], [true, true]]",
26376,q,a,cx_stage3,,"[[[46, 1185], [47, 1185]], [], [true, true]]",
26377,q,a,ry,,"[[[47, 1186]], [], [true]]",
26378,q,a,cx_stage3,,"[[[0, 326], [47, 326]], [], [true, true]]",
26379,q,a,p,,"[[[47, 327]], [], [true]]",
26380,q,a,cx_stage1,,"[[[0, 330], [47, 330]], [], [true, true]]",
26381,q,a,cx_stage3,,"[[[0, 330], [47, 330]], [], [true, true]]",
26382,q,a,cx_stage1,,"[[[1, 333], [47, 333]], [], [true, true]]",
26383,q,a,cx_stage3,,"[[[1, 333], [47, 333]], [], [true, true]]",
26384,q,a,p,,"[[[47, 334]], [], [true]]",
26385,q,a,cx_stage1,,"[[[1, 337], [47, 337]], [], [true, true]]",
26386,q,a,cx_stage3,,"[[[1, 337], [47, 337]], [], [true, true]]",
26387,q,a,cx_stage1,,"[[[2, 340], [47, 340]], [], [true, true]]",
26388,q,a,cx_stage3,,"[[[2, 340], [47, 340]], [], [true, true]]",
26389,q,a,p,,"[[[47, 341]], [], [true]]",
26390,q,a,cx_stage1,,"[[[2, 344], [47, 344]], [], [true, true]]",
26391,q,a,cx_stage3,,"[[[2, 344], [47, 344]], [], [true, true]]",
26392,q,a,cx_stage1,,"[[[3, 347], [47, 347]], [], [true, true]]",
26393,q,a,cx_stage3,,"[[[3, 347], [47, 347]], [], [true, true]]",
26394,q,a,p,,"[[[47, 348]], [], [true]]",
26395,q,a,cx_stage1,,"[[[3, 351], [47, 351]], [], [true, true]]",
26396,q,a,cx_stage3,,"[[[3, 351], [47, 351]], [], [true, true]]",
26397,q,a,cx_stage1,,"[[[4, 354], [47, 354]], [], [true, true]]",
26398,q,a,cx_stage2,,"[[[4, 354], [47, 354]], [], [true, true]]",
26399,q,a,cx_stage3,,"[[[4, 354], [47, 354]], [], [true, true]]",
26400,q,a,p,,"[[[47, 355]], [], [true]]",
26401,q,a,cx_stage1,,"[[[4, 358], [47, 358]], [], [true, true]]",
26402,q,a,cx_stage2,,"[[[4, 358], [47, 358]], [], [true, true]]",
26403,q,a,cx_stage3,,"[[[4, 358], [47, 358]], [], [true, true]]",
26404,q,a,cx_stage1,,"[[[5, 361], [47, 361]], [], [true, true]]",
26405,q,a,cx_stage2,,"[[[5, 361], [47, 361]], [], [true, true]]",
26406,q,a,cx_stage3,,"[[[5, 361], [47, 361]], [], [true, true]]",
26407,q,a,p,,"[[[47, 362]], [], [true]]",
26408,q,a,cx_stage1,,"[[[5, 365], [47, 365]], [], [true, true]]",
26409,q,a,cx_stage2,,"[[[5, 365], [47, 365]], [], [true, true]]",
26410,q,a,cx_stage3,,"[[[5, 365], [47, 365]], [], [true, true]]",
26411,q,a,cx_stage1,,"[[[6, 368], [47, 368]], [], [true, true]]",
26412,q,a,cx_stage2,,"[[[6, 368], [47, 368]], [], [true, true]]",
26413,q,a,cx_stage3,,"[[[6, 368], [47, 368]], [], [true, true]]",
26414,q,a,p,,"[[[47, 369]], [], [true]]",
26415,q,a,cx_stage1,,"[[[6, 372], [47, 372]], [], [true, true]]",
26416,q,a,cx_stage2,,"[[[6, 372], [47, 372]], [], [true, true]]",
26417,q,a,cx_stage3,,"[[[6, 372], [47, 372]], [], [true, true]]",
26418,q,a,cx_stage1,,"[[[7, 375], [47, 375]], [], [true, true]]",
26419,q,a,cx_stage2,,"[[[7, 375], [47, 375]], [], [true, true]]",
26420,q,a,cx_stage3,,"[[[7, 375], [47, 375]], [], [true, true]]",
26421,q,a,p,,"[[[47, 376]], [], [true]]",
26422,q,a,cx_stage1,,"[[[7, 379], [47, 379]], [], [true, true]]",
26423,q,a,cx_stage2,,"[[[7, 379], [47, 379]], [], [true, true]]",
26424,q,a,cx_stage3,,"[[[7, 379], [47, 379]], [], [true, true]]",
26425,q,a,cx_stage1,,"[[[8, 382], [47, 382]], [], [true, true]]",
26426,q,a,cx_stage2,,"[[[8, 382], [47, 382]], [], [true, true]]",
26427,q,a,cx_stage3,,"[[[8, 382], [47, 382]], [], [true, true]]",
26428,q,a,p,,"[[[47, 383]], [], [true]]",
26429,q,a,cx_stage1,,"[[[8, 386], [47, 386]], [], [true, true]]",
26430,q,a,cx_stage2,,"[[[8, 386], [47, 386]], [], [true, true]]",
26431,q,a,cx_stage3,,"[[[8, 386], [47, 386]], [], [true, true]]",
26432,q,a,cx_stage1,,"[[[9, 389], [47, 389]], [], [true, true]]",
26433,q,a,cx_stage2,,"[[[9, 389], [47, 389]], [], [true, true]]",
26434,q,a,cx_stage3,,"[[[9, 389], [47, 389]], [], [true, true]]",
26435,q,a,p,,"[[[47, 390]], [], [true]]",
26436,q,a,cx_stage1,,"[[[9, 393], [47, 393]], [], [true, true]]",
26437,q,a,cx_stage2,,"[[[9, 393], [47, 393]], [], [true, true]]",
26438,q,a,cx_stage3,,"[[[9, 393], [47, 393]], [], [true, true]]",
26439,q,a,cx_stage1,,"[[[10, 396], [47, 396]], [], [true, true]]",
26440,q,a,cx_stage3,,"[[[10, 396], [47, 396]], [], [true, true]]",
26441,q,a,p,,"[[[47, 397]], [], [true]]",
26442,q,a,cx_stage1,,"[[[10, 400], [47, 400]], [], [true, true]]",
26443,q,a,cx_stage3,,"[[[10, 400], [47, 400]], [], [true, true]]",
26444,q,a,cx_stage1,,"[[[11, 403], [47, 403]], [], [true, true]]",
26445,q,a,cx_stage3,,"[[[11, 403], [47, 403]], [], [true, true]]",
26446,q,a,p,,"[[[47, 404]], [], [true]]",
26447,q,a,cx_stage1,,"[[[11, 407], [47, 407]], [], [true, true]]",
26448,q,a,cx_stage3,,"[[[11, 407], [47, 407]], [], [true, true]]",
26449,q,a,cx_stage1,,"[[[12, 410], [47, 410]], [], [true, true]]",
26450,q,a,cx_stage3,,"[[[12, 410], [47, 410]], [], [true, true]]",
26451,q,a,p,,"[[[47, 411]], [], [true]]",
26452,q,a,cx_stage1,,"[[[12, 414], [47, 414]], [], [true, true]]",
26453,q,a,cx_stage3,,"[[[12, 414], [47, 414]], [], [true, true]]",
26454,q,a,cx_stage1,,"[[[13, 417], [47, 417]], [], [true, true]]",
26455,q,a,cx_stage3,,"[[[13, 417], [47, 417]], [], [true, true]]",
26456,q,a,p,,"[[[47, 418]], [], [true]]",
26457,q,a,cx_stage1,,"[[[13, 421], [47, 421]], [], [true, true]]",
26458,q,a,cx_stage3,,"[[[13, 421], [47, 421]], [], [true, true]]",
26459,q,a,cx_stage1,,"[[[14, 424], [47, 424]], [], [true, true]]",
26460,q,a,cx_stage3,,"[[[14, 424], [47, 424]], [], [true, true]]",
26461,q,a,p,,"[[[47, 425]], [], [true]]",
26462,q,a,cx_stage1,,"[[[14, 428], [47, 428]], [], [true, true]]",
26463,q,a,cx_stage3,,"[[[14, 428], [47, 428]], [], [true, true]]",
26464,q,a,cx_stage1,,"[[[15, 431], [47, 431]], [], [true, true]]",
26465,q,a,cx_stage3,,"[[[15, 431], [47, 431]], [], [true, true]]",
26466,q,a,p,,"[[[47, 432]], [], [true]]",
26467,q,a,cx_stage1,,"[[[15, 435], [47, 435]], [], [true, true]]",
26468,q,a,cx_stage3,,"[[[15, 435], [47, 435]], [], [true, true]]",
26469,q,a,cx_stage1,,"[[[16, 438], [47, 438]], [], [true, true]]",
26470,q,a,cx_stage3,,"[[[16, 438], [47, 438]], [], [true, true]]",
26471,q,a,p,,"[[[47, 439]], [], [true]]",
26472,q,a,cx_stage1,,"[[[16, 442], [47, 442]], [], [true, true]]",
26473,q,a,cx_stage3,,"[[[16, 442], [47, 442]], [], [true, true]]",
26474,q,a,cx_stage1,,"[[[17, 445], [47, 445]], [], [true, true]]",
26475,q,a,cx_stage3,,"[[[17, 445], [47, 445]], [], [true, true]]",
26476,q,a,p,,"[[[47, 446]], [], [true]]",
26477,q,a,cx_stage1,,"[[[17, 449], [47, 449]], [], [true, true]]",
26478,q,a,cx_stage3,,"[[[17, 449], [47, 449]], [], [true, true]]",
26479,q,a,cx_stage1,,"[[[18, 452], [47, 452]], [], [true, true]]",
26480,q,a,cx_stage3,,"[[[18, 452], [47, 452]], [], [true, true]]",
26481,q,a,p,,"[[[47, 453]], [], [true]]",
26482,q,a,cx_stage1,,"[[[18, 456], [47, 456]], [], [true, true]]",
26483,q,a,cx_stage3,,"[[[18, 456], [47, 456]], [], [true, true]]",
26484,q,a,cx_stage1,,"[[[19, 459], [47, 459]], [], [true, true]]",
26485,q,a,cx_stage3,,"[[[19, 459], [47, 459]], [], [true, true]]",
26486,q,a,p,,"[[[47, 460]], [], [true]]",
26487,q,a,cx_stage1,,"[[[19, 463], [47, 463]], [], [true, true]]",
26488,q,a,cx_stage3,,"[[[19, 463], [47, 463]], [], [true, true]]",
26489,q,a,cx_stage1,,"[[[20, 466], [47, 466]], [], [true, true]]",
26490,q,a,cx_stage3,,"[[[20, 466], [47, 466]], [], [true, true]]",
26491,q,a,p,,"[[[47, 467]], [], [true]]",
26492,q,a,cx_stage1,,"[[[20, 470], [47, 470]], [], [true, true]]",
26493,q,a,cx_stage3,,"[[[20, 470], [47, 470]], [], [true, true]]",
26494,q,a,cx_stage1,,"[[[21, 473], [47, 473]], [], [true, true]]",
26495,q,a,cx_stage3,,"[[[21, 473], [47, 473]], [], [true, true]]",
26496,q,a,p,,"[[[47, 474]], [], [true]]",
26497,q,a,cx_stage1,,"[[[21, 477], [47, 477]], [], [true, true]]",
26498,q,a,cx_stage3,,"[[[21, 477], [47, 477]], [], [true, true]]",
26499,q,a,cx_stage1,,"[[[22, 480], [47, 480]], [], [true, true]]",
26500,q,a,cx_stage3,,"[[[22, 480], [47, 480]], [], [true, true]]",
26501,q,a,p,,"[[[47, 481]], [], [true]]",
26502,q,a,cx_stage1,,"[[[22, 484], [47, 484]], [], [true, true]]",
26503,q,a,cx_stage3,,"[[[22, 484], [47, 484]], [], [true, true]]",
26504,q,a,cx_stage1,,"[[[23, 487], [47, 487]], [], [true, true]]",
26505,q,a,cx_stage3,,"[[[23, 487], [47, 487]], [], [true, true]]",
26506,q,a,p,,"[[[47, 488]], [], [true]]",
26507,q,a,cx_stage1,,"[[[23, 491], [47, 491]], [], [true, true]]",
26508,q,a,cx_stage3,,"[[[23, 491], [47, 491]], [], [true, true]]",
26509,q,a,cx_stage1,,"[[[24, 494], [47, 494]], [], [true, true]]",
26510,q,a,cx_stage3,,"[[[24, 494], [47, 494]], [], [true, true]]",
26511,q,a,p,,"[[[47, 495]], [], [true]]",
26512,q,a,cx_stage1,,"[[[24, 498], [47, 498]], [], [true, true]]",
26513,q,a,cx_stage3,,"[[[24, 498], [47, 498]], [], [true, true]]",
26514,q,a,cx_stage1,,"[[[25, 501], [47, 501]], [], [true, true]]",
26515,q,a,cx_stage3,,"[[[25, 501], [47, 501]], [], [true, true]]",
26516,q,a,p,,"[[[47, 502]], [], [true]]",
26517,q,a,cx_stage1,,"[[[25, 505], [47, 505]], [], [true, true]]",
26518,q,a,cx_stage3,,"[[[25, 505], [47, 505]], [], [true, true]]",
26519,q,a,cx_stage1,,"[[[26, 508], [47, 508]], [], [true, true]]",
26520,q,a,cx_stage3,,"[[[26, 508], [47, 508]], [], [true, true]]",
26521,q,a,p,,"[[[47, 509]], [], [true]]",
26522,q,a,cx_stage1,,"[[[26, 512], [47, 512]], [], [true, true]]",
26523,q,a,cx_stage3,,"[[[26, 512], [47, 512]], [], [true, true]]",
26524,q,a,cx_stage1,,"[[[27, 515], [47, 515]], [], [true, true]]",
26525,q,a,cx_stage3,,"[[[27, 515], [47, 515]], [], [true, true]]",
26526,q,a,p,,"[[[47, 516]], [], [true]]",
26527,q,a,cx_stage1,,"[[[27, 519], [47, 519]], [], [true, true]]",
26528,q,a,cx_stage3,,"[[[27, 519], [47, 519]], [], [true, true]]",
26529,q,a,cx_stage1,,"[[[28, 522], [47, 522]], [], [true, true]]",
26530,q,a,cx_stage3,,"[[[28, 522], [47, 522]], [], [true, true]]",
26531,q,a,p,,"[[[47, 523]], [], [true]]",
26532,q,a,cx_stage1,,"[[[28, 526], [47, 526]], [], [true, true]]",
26533,q,a,cx_stage3,,"[[[28, 526], [47, 526]], [], [true, true]]",
26534,q,a,cx_stage1,,"[[[29, 529], [47, 529]], [], [true, true]]",
26535,q,a,cx_stage3,,"[[[29, 529], [47, 529]], [], [true, true]]",
26536,q,a,p,,"[[[47, 530]], [], [true]]",
26537,q,a,cx_stage1,,"[[[29, 533], [47, 533]], [], [true, true]]",
26538,q,a,cx_stage3,,"[[[29, 533], [47, 533]], [], [true, true]]",
26539,q,a,cx_stage1,,"[[[30, 536], [47, 536]], [], [true, true]]",
26540,q,a,cx_stage3,,"[[[30, 536], [47, 536]], [], [true, true]]",
26541,q,a,p,,"[[[47, 537]], [], [true]]",
26542,q,a,cx_stage1,,"[[[30, 540], [47, 540]], [], [true, true]]",
26543,q,a,cx_stage3,,"[[[30, 540], [47, 540]], [], [true, true]]",
26544,q,a,cx_stage1,,"[[[31, 543], [47, 543]], [], [true, true]]",
26545,q,a,cx_stage3,,"[[[31, 543], [47, 543]], [], [true, true]]",
26546,q,a,p,,"[[[47, 544]], [], [true]]",
26547,q,a,cx_stage1,,"[[[31, 547], [47, 547]], [], [true, true]]",
26548,q,a,cx_stage3,,"[[[31, 547], [47, 547]], [], [true, true]]",
26549,q,a,cx_stage1,,"[[[32, 550], [47, 550]], [], [true, true]]",
26550,q,a,cx_stage3,,"[[[32, 550], [47, 550]], [], [true, true]]",
26551,q,a,p,,"[[[47, 551]], [], [true]]",
26552,q,a,cx_stage1,,"[[[32, 554], [47, 554]], [], [true, true]]",
26553,q,a,cx_stage3,,"[[[32, 554], [47, 554]], [], [true, true]]",
26554,q,a,cx_stage1,,"[[[33, 557], [47, 557]], [], [true, true]]",
26555,q,a,cx_stage3,,"[[[33, 557], [47, 557]], [], [true, true]]",
26556,q,a,p,,"[[[47, 558]], [], [true]]",
26557,q,a,cx_stage1,,"[[[33, 561], [47, 561]], [], [true, true]]",
26558,q,a,cx_stage3,,"[[[33, 561], [47, 561]], [], [true, true]]",
26559,q,a,cx_stage1,,"[[[34, 564], [47, 564]], [], [true, true]]",
26560,q,a,cx_stage3,,"[[[34, 564], [47, 564]], [], [true, true]]",
26561,q,a,p,,"[[[47, 565]], [], [true]]",
26562,q,a,cx_stage1,,"[[[34, 568], [47, 568]], [], [true, true]]",
26563,q,a,cx_stage3,,"[[[34, 568], [47, 568]], [], [true, true]]",
26564,q,a,cx_stage1,,"[[[35, 571], [47, 571]], [], [true, true]]",
26565,q,a,cx_stage3,,"[[[35, 571], [47, 571]], [], [true, true]]",
26566,q,a,p,,"[[[47, 572]], [], [true]]",
26567,q,a,cx_stage1,,"[[[35, 575], [47, 575]], [], [true, true]]",
26568,q,a,cx_stage3,,"[[[35, 575], [47, 575]], [], [true, true]]",
26569,q,a,cx_stage1,,"[[[36, 578], [47, 578]], [], [true, true]]",
26570,q,a,cx_stage3,,"[[[36, 578], [47, 578]], [], [true, true]]",
26571,q,a,p,,"[[[47, 579]], [], [true]]",
26572,q,a,cx_stage1,,"[[[36, 582], [47, 582]], [], [true, true]]",
26573,q,a,cx_stage3,,"[[[36, 582], [47, 582]], [], [true, true]]",
26574,q,a,cx_stage1,,"[[[37, 585], [47, 585]], [], [true, true]]",
26575,q,a,cx_stage3,,"[[[37, 585], [47, 585]], [], [true, true]]",
26576,q,a,p,,"[[[47, 586]], [], [true]]",
26577,q,a,cx_stage1,,"[[[37, 589], [47, 589]], [], [true, true]]",
26578,q,a,cx_stage3,,"[[[37, 589], [47, 589]], [], [true, true]]",
26579,q,a,cx_stage1,,"[[[38, 592], [47, 592]], [], [true, true]]",
26580,q,a,cx_stage3,,"[[[38, 592], [47, 592]], [], [true, true]]",
26581,q,a,p,,"[[[47, 593]], [], [true]]",
26582,q,a,cx_stage1,,"[[[38, 596], [47, 596]], [], [true, true]]",
26583,q,a,cx_stage3,,"[[[38, 596], [47, 596]], [], [true, true]]",
26584,q,a,cx_stage1,,"[[[39, 599], [47, 599]], [], [true, true]]",
26585,q,a,cx_stage3,,"[[[39, 599], [47, 599]], [], [true, true]]",
26586,q,a,p,,"[[[47, 600]], [], [true]]",
26587,q,a,cx_stage1,,"[[[39, 603], [47, 603]], [], [true, true]]",
26588,q,a,cx_stage3,,"[[[39, 603], [47, 603]], [], [true, true]]",
26589,q,a,cx_stage1,,"[[[40, 606], [47, 606]], [], [true, true]]",
26590,q,a,cx_stage3,,"[[[40, 606], [47, 606]], [], [true, true]]",
26591,q,a,p,,"[[[47, 607]], [], [true]]",
26592,q,a,cx_stage1,,"[[[40, 610], [47, 610]], [], [true, true]]",
26593,q,a,cx_stage3,,"[[[40, 610], [47, 610]], [], [true, true]]",
26594,q,a,cx_stage1,,"[[[41, 613], [47, 613]], [], [true, true]]",
26595,q,a,cx_stage3,,"[[[41, 613], [47, 613]], [], [true, true]]",
26596,q,a,p,,"[[[47, 614]], [], [true]]",
26597,q,a,cx_stage1,,"[[[41, 617], [47, 617]], [], [true, true]]",
26598,q,a,cx_stage3,,"[[[41, 617], [47, 617]], [], [true, true]]",
26599,q,a,cx_stage1,,"[[[42, 620], [47, 620]], [], [true, true]]",
26600,q,a,cx_stage3,,"[[[42, 620], [47, 620]], [], [true, true]]",
26601,q,a,p,,"[[[47, 621]], [], [true]]",
26602,q,a,cx_stage1,,"[[[42, 624], [47, 624]], [], [true, true]]",
26603,q,a,cx_stage3,,"[[[42, 624], [47, 624]], [], [true, true]]",
26604,q,a,cx_stage1,,"[[[43, 627], [47, 627]], [], [true, true]]",
26605,q,a,cx_stage3,,"[[[43, 627], [47, 627]], [], [true, true]]",
26606,q,a,p,,"[[[47, 628]], [], [true]]",
26607,q,a,cx_stage1,,"[[[43, 631], [47, 631]], [], [true, true]]",
26608,q,a,cx_stage3,,"[[[43, 631], [47, 631]], [], [true, true]]",
26609,q,a,cx_stage1,,"[[[44, 634], [47, 634]], [], [true, true]]",
26610,q,a,cx_stage3,,"[[[44, 634], [47, 634]], [], [true, true]]",
26611,q,a,p,,"[[[47, 635]], [], [true]]",
26612,q,a,cx_stage1,,"[[[44, 638], [47, 638]], [], [true, true]]",
26613,q,a,cx_stage3,,"[[[44, 638], [47, 638]], [], [true, true]]",
26614,q,a,cx_stage1,,"[[[45, 641], [47, 641]], [], [true, true]]",
26615,q,a,cx_stage3,,"[[[45, 641], [47, 641]], [], [true, true]]",
26616,q,a,p,,"[[[47, 642]], [], [true]]",
26617,q,a,cx_stage1,,"[[[45, 645], [47, 645]], [], [true, true]]",
26618,q,a,cx_stage3,,"[[[45, 645], [47, 645]], [], [true, true]]",
26619,q,a,cx_stage1,,"[[[46, 648], [47, 648]], [], [true, true]]",
26620,q,a,cx_stage3,,"[[[46, 648], [47, 648]], [], [true, true]]",
26621,q,a,p,,"[[[47, 649]], [], [true]]",
26622,q,a,cx_stage1,,"[[[46, 652], [47, 652]], [], [true, true]]",
26623,q,a,cx_stage3,,"[[[46, 652], [47, 652]], [], [true, true]]",
26624,q,a,cx_stage1,,"[[[47, 662], [48, 662]], [], [true, true]]",
26625,q,a,cx_stage2,,"[[[47, 662], [48, 662]], [], [true, true]]",
26626,q,a,cx_stage3,,"[[[47, 662], [48, 662]], [], [true, true]]",
26627,q,a,cx_stage1,,"[[[47, 666], [48, 666]], [], [true, true]]",
26628,q,a,cx_stage2,,"[[[47, 666], [48, 666]], [], [true, true]]",
26629,q,a,cx_stage3,,"[[[47, 666], [48, 666]], [], [true, true]]",
26630,q,a,cx_stage1,,"[[[47, 669], [49, 669]], [], [true, true]]",
26631,q,a,cx_stage2,,"[[[47, 669], [49, 669]], [], [true, true]]",
26632,q,a,cx_stage3,,"[[[47, 669], [49, 669]], [], [true, true]]",
26633,q,a,cx_stage1,,"[[[47, 673], [49, 673]], [], [true, true]]",
26634,q,a,cx_stage2,,"[[[47, 673], [49, 673]], [], [true, true]]",
26635,q,a,cx_stage3,,"[[[47, 673], [49, 673]], [], [true, true]]",
26636,q,a,cx_stage1,,"[[[47, 676], [50, 676]], [], [true, true]]",
26637,q,a,cx_stage2,,"[[[47, 676], [50, 676]], [], [true, true]]",
26638,q,a,cx_stage3,,"[[[47, 676], [50, 676]], [], [true, true]]",
26639,q,a,cx_stage1,,"[[[47, 680], [50, 680]], [], [true, true]]",
26640,q,a,cx_stage2,,"[[[47, 680], [50, 680]], [], [true, true]]",
26641,q,a,cx_stage3,,"[[[47, 680], [50, 680]], [], [true, true]]",
26642,q,a,cx_stage1,,"[[[47, 683], [51, 683]], [], [true, true]]",
26643,q,a,cx_stage2,,"[[[47, 683], [51, 683]], [], [true, true]]",
26644,q,a,cx_stage3,,"[[[47, 683], [51, 683]], [], [true, true]]",
26645,q,a,cx_stage1,,"[[[47, 687], [51, 687]], [], [true, true]]",
26646,q,a,cx_stage2,,"[[[47, 687], [51, 687]], [], [true, true]]",
26647,q,a,cx_stage3,,"[[[47, 687], [51, 687]], [], [true, true]]",
26648,q,a,cx_stage1,,"[[[47, 690], [52, 690]], [], [true, true]]",
26649,q,a,cx_stage2,,"[[[47, 690], [52, 690]], [], [true, true]]",
26650,q,a,cx_stage3,,"[[[47, 690], [52, 690]], [], [true, true]]",
26651,q,a,cx_stage1,,"[[[47, 694], [52, 694]], [], [true, true]]",
26652,q,a,cx_stage2,,"[[[47, 694], [52, 694]], [], [true, true]]",
26653,q,a,cx_stage3,,"[[[47, 694], [52, 694]], [], [true, true]]",
26654,q,a,cx_stage1,,"[[[47, 697], [53, 697]], [], [true, true]]",
26655,q,a,cx_stage2,,"[[[47, 697], [53, 697]], [], [true, true]]",
26656,q,a,cx_stage3,,"[[[47, 697], [53, 697]], [], [true, true]]",
26657,q,a,cx_stage1,,"[[[47, 701], [53, 701]], [], [true, true]]",
26658,q,a,cx_stage2,,"[[[47, 701], [53, 701]], [], [true, true]]",
26659,q,a,cx_stage3,,"[[[47, 701], [53, 701]], [], [true, true]]",
26660,q,a,cx_stage1,,"[[[47, 704], [54, 704]], [], [true, true]]",
26661,q,a,cx_stage2,,"[[[47, 704], [54, 704]], [], [true, true]]",
26662,q,a,cx_stage3,,"[[[47, 704], [54, 704]], [], [true, true]]",
26663,q,a,cx_stage1,,"[[[47, 708], [54, 708]], [], [true, true]]",
26664,q,a,cx_stage2,,"[[[47, 708], [54, 708]], [], [true, true]]",
26665,q,a,cx_stage3,,"[[[47, 708], [54, 708]], [], [true, true]]",
26666,q,a,cx_stage1,,"[[[47, 711], [55, 711]], [], [true, true]]",
26667,q,a,cx_stage2,,"[[[47, 711], [55, 711]], [], [true, true]]",
26668,q,a,cx_stage3,,"[[[47, 711], [55, 711]], [], [true, true]]",
26669,q,a,cx_stage1,,"[[[47, 715], [55, 715]], [], [true, true]]",
26670,q,a,cx_stage2,,"[[[47, 715], [55, 715]], [], [true, true]]",
26671,q,a,cx_stage3,,"[[[47, 715], [55, 715]], [], [true, true]]",
26672,q,a,u2,,"[[[47, 716]], [], [true]]",
26673,q,a,cx_stage1,,"[[[0, 719], [47, 719]], [], [true, true]]",
26674,q,a,cx_stage3,,"[[[0, 719], [47, 719]], [], [true, true]]",
26675,q,a,p,,"[[[47, 720]], [], [true]]",
26676,q,a,cx_stage1,,"[[[0, 723], [47, 723]], [], [true, true]]",
26677,q,a,cx_stage3,,"[[[0, 723], [47, 723]], [], [true, true]]",
26678,q,a,cx_stage1,,"[[[1, 726], [47, 726]], [], [true, true]]",
26679,q,a,cx_stage3,,"[[[1, 726], [47, 726]], [], [true, true]]",
26680,q,a,p,,"[[[47, 727]], [], [true]]",
26681,q,a,cx_stage1,,"[[[1, 730], [47, 730]], [], [true, true]]",
26682,q,a,cx_stage3,,"[[[1, 730], [47, 730]], [], [true, true]]",
26683,q,a,cx_stage1,,"[[[2, 733], [47, 733]], [], [true, true]]",
26684,q,a,cx_stage3,,"[[[2, 733], [47, 733]], [], [true, true]]",
26685,q,a,p,,"[[[47, 734]], [], [true]]",
26686,q,a,cx_stage1,,"[[[2, 737], [47, 737]], [], [true, true]]",
26687,q,a,cx_stage3,,"[[[2, 737], [47, 737]], [], [true, true]]",
26688,q,a,cx_stage1,,"[[[3, 740], [47, 740]], [], [true, true]]",
26689,q,a,cx_stage3,,"[[[3, 740], [47, 740]], [], [true, true]]",
26690,q,a,p,,"[[[47, 741]], [], [true]]",
26691,q,a,cx_stage1,,"[[[3, 744], [47, 744]], [], [true, true]]",
26692,q,a,cx_stage3,,"[[[3, 744], [47, 744]], [], [true, true]]",
26693,q,a,cx_stage1,,"[[[4, 747], [47, 747]], [], [true, true]]",
26694,q,a,cx_stage2,,"[[[4, 747], [47, 747]], [], [true, true]]",
26695,q,a,cx_stage3,,"[[[4, 747], [47, 747]], [], [true, true]]",
26696,q,a,p,,"[[[47, 748]], [], [true]]",
26697,q,a,cx_stage1,,"[[[4, 751], [47, 751]], [], [true, true]]",
26698,q,a,cx_stage2,,"[[[4, 751], [47, 751]], [], [true, true]]",
26699,q,a,cx_stage3,,"[[[4, 751], [47, 751]], [], [true, true]]",
26700,q,a,cx_stage1,,"[[[5, 754], [47, 754]], [], [true, true]]",
26701,q,a,cx_stage2,,"[[[5, 754], [47, 754]], [], [true, true]]",
26702,q,a,cx_stage3,,"[[[5, 754], [47, 754]], [], [true, true]]",
26703,q,a,p,,"[[[47, 755]], [], [true]]",
26704,q,a,cx_stage1,,"[[[5, 758], [47, 758]], [], [true, true]]",
26705,q,a,cx_stage2,,"[[[5, 758], [47, 758]], [], [true, true]]",
26706,q,a,cx_stage3,,"[[[5, 758], [47, 758]], [], [true, true]]",
26707,q,a,cx_stage1,,"[[[6, 761], [47, 761]], [], [true, true]]",
26708,q,a,cx_stage2,,"[[[6, 761], [47, 761]], [], [true, true]]",
26709,q,a,cx_stage3,,"[[[6, 761], [47, 761]], [], [true, true]]",
26710,q,a,p,,"[[[47, 762]], [], [true]]",
26711,q,a,cx_stage1,,"[[[6, 765], [47, 765]], [], [true, true]]",
26712,q,a,cx_stage2,,"[[[6, 765], [47, 765]], [], [true, true]]",
26713,q,a,cx_stage3,,"[[[6, 765], [47, 765]], [], [true, true]]",
26714,q,a,cx_stage1,,"[[[7, 768], [47, 768]], [], [true, true]]",
26715,q,a,cx_stage2,,"[[[7, 768], [47, 768]], [], [true, true]]",
26716,q,a,cx_stage3,,"[[[7, 768], [47, 768]], [], [true, true]]",
26717,q,a,p,,"[[[47, 769]], [], [true]]",
26718,q,a,cx_stage1,,"[[[7, 772], [47, 772]], [], [true, true]]",
26719,q,a,cx_stage2,,"[[[7, 772], [47, 772]], [], [true, true]]",
26720,q,a,cx_stage3,,"[[[7, 772], [47, 772]], [], [true, true]]",
26721,q,a,cx_stage1,,"[[[8, 775], [47, 775]], [], [true, true]]",
26722,q,a,cx_stage2,,"[[[8, 775], [47, 775]], [], [true, true]]",
26723,q,a,cx_stage3,,"[[[8, 775], [47, 775]], [], [true, true]]",
26724,q,a,p,,"[[[47, 776]], [], [true]]",
26725,q,a,cx_stage1,,"[[[8, 779], [47, 779]], [], [true, true]]",
26726,q,a,cx_stage2,,"[[[8, 779], [47, 779]], [], [true, true]]",
26727,q,a,cx_stage3,,"[[[8, 779], [47, 779]], [], [true, true]]",
26728,q,a,cx_stage1,,"[[[9, 782], [47, 782]], [], [true, true]]",
26729,q,a,cx_stage2,,"[[[9, 782], [47, 782]], [], [true, true]]",
26730,q,a,cx_stage3,,"[[[9, 782], [47, 782]], [], [true, true]]",
26731,q,a,p,,"[[[47, 783]], [], [true]]",
26732,q,a,cx_stage1,,"[[[9, 786], [47, 786]], [], [true, true]]",
26733,q,a,cx_stage2,,"[[[9, 786], [47, 786]], [], [true, true]]",
26734,q,a,cx_stage3,,"[[[9, 786], [47, 786]], [], [true, true]]",
26735,q,a,cx_stage1,,"[[[10, 789], [47, 789]], [], [true, true]]",
26736,q,a,cx_stage3,,"[[[10, 789], [47, 789]], [], [true, true]]",
26737,q,a,p,,"[[[47, 790]], [], [true]]",
26738,q,a,cx_stage1,,"[[[10, 793], [47, 793]], [], [true, true]]",
26739,q,a,cx_stage3,,"[[[10, 793], [47, 793]], [], [true, true]]",
26740,q,a,cx_stage1,,"[[[11, 796], [47, 796]], [], [true, true]]",
26741,q,a,cx_stage3,,"[[[11, 796], [47, 796]], [], [true, true]]",
26742,q,a,p,,"[[[47, 797]], [], [true]]",
26743,q,a,cx_stage1,,"[[[11, 800], [47, 800]], [], [true, true]]",
26744,q,a,cx_stage3,,"[[[11, 800], [47, 800]], [], [true, true]]",
26745,q,a,cx_stage1,,"[[[12, 803], [47, 803]], [], [true, true]]",
26746,q,a,cx_stage3,,"[[[12, 803], [47, 803]], [], [true, true]]",
26747,q,a,p,,"[[[47, 804]], [], [true]]",
26748,q,a,cx_stage1,,"[[[12, 807], [47, 807]], [], [true, true]]",
26749,q,a,cx_stage3,,"[[[12, 807], [47, 807]], [], [true, true]]",
26750,q,a,cx_stage1,,"[[[13, 810], [47, 810]], [], [true, true]]",
26751,q,a,cx_stage3,,"[[[13, 810], [47, 810]], [], [true, true]]",
26752,q,a,p,,"[[[47, 811]], [], [true]]",
26753,q,a,cx_stage1,,"[[[13, 814], [47, 814]], [], [true, true]]",
26754,q,a,cx_stage3,,"[[[13, 814], [47, 814]], [], [true, true]]",
26755,q,a,cx_stage1,,"[[[14, 817], [47, 817]], [], [true, true]]",
26756,q,a,cx_stage3,,"[[[14, 817], [47, 817]], [], [true, true]]",
26757,q,a,p,,"[[[47, 818]], [], [true]]",
26758,q,a,cx_stage1,,"[[[14, 821], [47, 821]], [], [true, true]]",
26759,q,a,cx_stage3,,"[[[14, 821], [47, 821]], [], [true, true]]",
26760,q,a,cx_stage1,,"[[[15, 824], [47, 824]], [], [true, true]]",
26761,q,a,cx_stage3,,"[[[15, 824], [47, 824]], [], [true, true]]",
26762,q,a,p,,"[[[47, 825]], [], [true]]",
26763,q,a,cx_stage1,,"[[[15, 828], [47, 828]], [], [true, true]]",
26764,q,a,cx_stage3,,"[[[15, 828], [47, 828]], [], [true, true]]",
26765,q,a,cx_stage1,,"[[[16, 831], [47, 831]], [], [true, true]]",
26766,q,a,cx_stage3,,"[[[16, 831], [47, 831]], [], [true, true]]",
26767,q,a,p,,"[[[47, 832]], [], [true]]",
26768,q,a,cx_stage1,,"[[[16, 835], [47, 835]], [], [true, true]]",
26769,q,a,cx_stage3,,"[[[16, 835], [47, 835]], [], [true, true]]",
26770,q,a,cx_stage1,,"[[[17, 838], [47, 838]], [], [true, true]]",
26771,q,a,cx_stage3,,"[[[17, 838], [47, 838]], [], [true, true]]",
26772,q,a,p,,"[[[47, 839]], [], [true]]",
26773,q,a,cx_stage1,,"[[[17, 842], [47, 842]], [], [true, true]]",
26774,q,a,cx_stage3,,"[[[17, 842], [47, 842]], [], [true, true]]",
26775,q,a,cx_stage1,,"[[[18, 845], [47, 845]], [], [true, true]]",
26776,q,a,cx_stage3,,"[[[18, 845], [47, 845]], [], [true, true]]",
26777,q,a,p,,"[[[47, 846]], [], [true]]",
26778,q,a,cx_stage1,,"[[[18, 849], [47, 849]], [], [true, true]]",
26779,q,a,cx_stage3,,"[[[18, 849], [47, 849]], [], [true, true]]",
26780,q,a,cx_stage1,,"[[[19, 852], [47, 852]], [], [true, true]]",
26781,q,a,cx_stage3,,"[[[19, 852], [47, 852]], [], [true, true]]",
26782,q,a,p,,"[[[47, 853]], [], [true]]",
26783,q,a,cx_stage1,,"[[[19, 856], [47, 856]], [], [true, true]]",
26784,q,a,cx_stage3,,"[[[19, 856], [47, 856]], [], [true, true]]",
26785,q,a,cx_stage1,,"[[[20, 859], [47, 859]], [], [true, true]]",
26786,q,a,cx_stage3,,"[[[20, 859], [47, 859]], [], [true, true]]",
26787,q,a,p,,"[[[47, 860]], [], [true]]",
26788,q,a,cx_stage1,,"[[[20, 863], [47, 863]], [], [true, true]]",
26789,q,a,cx_stage3,,"[[[20, 863], [47, 863]], [], [true, true]]",
26790,q,a,cx_stage1,,"[[[21, 866], [47, 866]], [], [true, true]]",
26791,q,a,cx_stage3,,"[[[21, 866], [47, 866]], [], [true, true]]",
26792,q,a,p,,"[[[47, 867]], [], [true]]",
26793,q,a,cx_stage1,,"[[[21, 870], [47, 870]], [], [true, true]]",
26794,q,a,cx_stage3,,"[[[21, 870], [47, 870]], [], [true, true]]",
26795,q,a,cx_stage1,,"[[[22, 873], [47, 873]], [], [true, true]]",
26796,q,a,cx_stage3,,"[[[22, 873], [47, 873]], [], [true, true]]",
26797,q,a,p,,"[[[47, 874]], [], [true]]",
26798,q,a,cx_stage1,,"[[[22, 877], [47, 877]], [], [true, true]]",
26799,q,a,cx_stage3,,"[[[22, 877], [47, 877]], [], [true, true]]",
26800,q,a,cx_stage1,,"[[[23, 880], [47, 880]], [], [true, true]]",
26801,q,a,cx_stage3,,"[[[23, 880], [47, 880]], [], [true, true]]",
26802,q,a,p,,"[[[47, 881]], [], [true]]",
26803,q,a,cx_stage1,,"[[[23, 884], [47, 884]], [], [true, true]]",
26804,q,a,cx_stage3,,"[[[23, 884], [47, 884]], [], [true, true]]",
26805,q,a,cx_stage1,,"[[[24, 887], [47, 887]], [], [true, true]]",
26806,q,a,cx_stage3,,"[[[24, 887], [47, 887]], [], [true, true]]",
26807,q,a,p,,"[[[47, 888]], [], [true]]",
26808,q,a,cx_stage1,,"[[[24, 891], [47, 891]], [], [true, true]]",
26809,q,a,cx_stage3,,"[[[24, 891], [47, 891]], [], [true, true]]",
26810,q,a,cx_stage1,,"[[[25, 894], [47, 894]], [], [true, true]]",
26811,q,a,cx_stage3,,"[[[25, 894], [47, 894]], [], [true, true]]",
26812,q,a,p,,"[[[47, 895]], [], [true]]",
26813,q,a,cx_stage1,,"[[[25, 898], [47, 898]], [], [true, true]]",
26814,q,a,cx_stage3,,"[[[25, 898], [47, 898]], [], [true, true]]",
26815,q,a,cx_stage1,,"[[[26, 901], [47, 901]], [], [true, true]]",
26816,q,a,cx_stage3,,"[[[26, 901], [47, 901]], [], [true, true]]",
26817,q,a,p,,"[[[47, 902]], [], [true]]",
26818,q,a,cx_stage1,,"[[[26, 905], [47, 905]], [], [true, true]]",
26819,q,a,cx_stage3,,"[[[26, 905], [47, 905]], [], [true, true]]",
26820,q,a,cx_stage1,,"[[[27, 908], [47, 908]], [], [true, true]]",
26821,q,a,cx_stage3,,"[[[27, 908], [47, 908]], [], [true, true]]",
26822,q,a,p,,"[[[47, 909]], [], [true]]",
26823,q,a,cx_stage1,,"[[[27, 912], [47, 912]], [], [true, true]]",
26824,q,a,cx_stage3,,"[[[27, 912], [47, 912]], [], [true, true]]",
26825,q,a,cx_stage1,,"[[[28, 915], [47, 915]], [], [true, true]]",
26826,q,a,cx_stage3,,"[[[28, 915], [47, 915]], [], [true, true]]",
26827,q,a,p,,"[[[47, 916]], [], [true]]",
26828,q,a,cx_stage1,,"[[[28, 919], [47, 919]], [], [true, true]]",
26829,q,a,cx_stage3,,"[[[28, 919], [47, 919]], [], [true, true]]",
26830,q,a,cx_stage1,,"[[[29, 922], [47, 922]], [], [true, true]]",
26831,q,a,cx_stage3,,"[[[29, 922], [47, 922]], [], [true, true]]",
26832,q,a,p,,"[[[47, 923]], [], [true]]",
26833,q,a,cx_stage1,,"[[[29, 926], [47, 926]], [], [true, true]]",
26834,q,a,cx_stage3,,"[[[29, 926], [47, 926]], [], [true, true]]",
26835,q,a,cx_stage1,,"[[[30, 929], [47, 929]], [], [true, true]]",
26836,q,a,cx_stage3,,"[[[30, 929], [47, 929]], [], [true, true]]",
26837,q,a,p,,"[[[47, 930]], [], [true]]",
26838,q,a,cx_stage1,,"[[[30, 933], [47, 933]], [], [true, true]]",
26839,q,a,cx_stage3,,"[[[30, 933], [47, 933]], [], [true, true]]",
26840,q,a,cx_stage1,,"[[[31, 936], [47, 936]], [], [true, true]]",
26841,q,a,cx_stage3,,"[[[31, 936], [47, 936]], [], [true, true]]",
26842,q,a,p,,"[[[47, 937]], [], [true]]",
26843,q,a,cx_stage1,,"[[[31, 940], [47, 940]], [], [true, true]]",
26844,q,a,cx_stage3,,"[[[31, 940], [47, 940]], [], [true, true]]",
26845,q,a,cx_stage1,,"[[[32, 943], [47, 943]], [], [true, true]]",
26846,q,a,cx_stage3,,"[[[32, 943], [47, 943]], [], [true, true]]",
26847,q,a,p,,"[[[47, 944]], [], [true]]",
26848,q,a,cx_stage1,,"[[[32, 947], [47, 947]], [], [true, true]]",
26849,q,a,cx_stage3,,"[[[32, 947], [47, 947]], [], [true, true]]",
26850,q,a,cx_stage1,,"[[[33, 950], [47, 950]], [], [true, true]]",
26851,q,a,cx_stage3,,"[[[33, 950], [47, 950]], [], [true, true]]",
26852,q,a,p,,"[[[47, 951]], [], [true]]",
26853,q,a,cx_stage1,,"[[[33, 954], [47, 954]], [], [true, true]]",
26854,q,a,cx_stage3,,"[[[33, 954], [47, 954]], [], [true, true]]",
26855,q,a,cx_stage1,,"[[[34, 957], [47, 957]], [], [true, true]]",
26856,q,a,cx_stage3,,"[[[34, 957], [47, 957]], [], [true, true]]",
26857,q,a,p,,"[[[47, 958]], [], [true]]",
26858,q,a,cx_stage1,,"[[[34, 961], [47, 961]], [], [true, true]]",
26859,q,a,cx_stage3,,"[[[34, 961], [47, 961]], [], [true, true]]",
26860,q,a,cx_stage1,,"[[[35, 964], [47, 964]], [], [true, true]]",
26861,q,a,cx_stage3,,"[[[35, 964], [47, 964]], [], [true, true]]",
26862,q,a,p,,"[[[47, 965]], [], [true]]",
26863,q,a,cx_stage1,,"[[[35, 968], [47, 968]], [], [true, true]]",
26864,q,a,cx_stage3,,"[[[35, 968], [47, 968]], [], [true, true]]",
26865,q,a,cx_stage1,,"[[[36, 971], [47, 971]], [], [true, true]]",
26866,q,a,cx_stage3,,"[[[36, 971], [47, 971]], [], [true, true]]",
26867,q,a,p,,"[[[47, 972]], [], [true]]",
26868,q,a,cx_stage1,,"[[[36, 975], [47, 975]], [], [true, true]]",
26869,q,a,cx_stage3,,"[[[36, 975], [47, 975]], [], [true, true]]",
26870,q,a,cx_stage1,,"[[[37, 978], [47, 978]], [], [true, true]]",
26871,q,a,cx_stage3,,"[[[37, 978], [47, 978]], [], [true, true]]",
26872,q,a,p,,"[[[47, 979]], [], [true]]",
26873,q,a,cx_stage1,,"[[[37, 982], [47, 982]], [], [true, true]]",
26874,q,a,cx_stage3,,"[[[37, 982], [47, 982]], [], [true, true]]",
26875,q,a,cx_stage1,,"[[[38, 985], [47, 985]], [], [true, true]]",
26876,q,a,cx_stage3,,"[[[38, 985], [47, 985]], [], [true, true]]",
26877,q,a,p,,"[[[47, 986]], [], [true]]",
26878,q,a,cx_stage1,,"[[[38, 989], [47, 989]], [], [true, true]]",
26879,q,a,cx_stage3,,"[[[38, 989], [47, 989]], [], [true, true]]",
26880,q,a,cx_stage1,,"[[[39, 992], [47, 992]], [], [true, true]]",
26881,q,a,cx_stage3,,"[[[39, 992], [47, 992]], [], [true, true]]",
26882,q,a,p,,"[[[47, 993]], [], [true]]",
26883,q,a,cx_stage1,,"[[[39, 996], [47, 996]], [], [true, true]]",
26884,q,a,cx_stage3,,"[[[39, 996], [47, 996]], [], [true, true]]",
26885,q,a,cx_stage1,,"[[[40, 999], [47, 999]], [], [true, true]]",
26886,q,a,cx_stage3,,"[[[40, 999], [47, 999]], [], [true, true]]",
26887,q,a,u2,,"[[[48, 1]], [], [true]]",
26888,q,a,cx_stage1,,"[[[0, 333], [48, 333]], [], [true, true]]",
26889,q,a,cx_stage1,,"[[[39, 1003], [48, 1003]], [], [true, true]]",
26890,q,a,p,,"[[[48, 1000]], [], [true]]",
26891,q,a,cx_stage3,,"[[[39, 1003], [48, 1003]], [], [true, true]]",
26892,q,a,cx_stage1,,"[[[40, 1006], [48, 1006]], [], [true, true]]",
26893,q,a,cx_stage3,,"[[[40, 1006], [48, 1006]], [], [true, true]]",
26894,q,a,p,,"[[[48, 1007]], [], [true]]",
26895,q,a,cx_stage1,,"[[[40, 1010], [48, 1010]], [], [true, true]]",
26896,q,a,cx_stage3,,"[[[40, 1010], [48, 1010]], [], [true, true]]",
26897,q,a,cx_stage1,,"[[[41, 1013], [48, 1013]], [], [true, true]]",
26898,q,a,cx_stage3,,"[[[41, 1013], [48, 1013]], [], [true, true]]",
26899,q,a,p,,"[[[48, 1014]], [], [true]]",
26900,q,a,cx_stage1,,"[[[41, 1017], [48, 1017]], [], [true, true]]",
26901,q,a,cx_stage3,,"[[[41, 1017], [48, 1017]], [], [true, true]]",
26902,q,a,cx_stage1,,"[[[42, 1020], [48, 1020]], [], [true, true]]",
26903,q,a,cx_stage3,,"[[[42, 1020], [48, 1020]], [], [true, true]]",
26904,q,a,p,,"[[[48, 1021]], [], [true]]",
26905,q,a,cx_stage1,,"[[[42, 1024], [48, 1024]], [], [true, true]]",
26906,q,a,cx_stage3,,"[[[42, 1024], [48, 1024]], [], [true, true]]",
26907,q,a,cx_stage1,,"[[[43, 1027], [48, 1027]], [], [true, true]]",
26908,q,a,cx_stage3,,"[[[43, 1027], [48, 1027]], [], [true, true]]",
26909,q,a,p,,"[[[48, 1028]], [], [true]]",
26910,q,a,cx_stage1,,"[[[43, 1031], [48, 1031]], [], [true, true]]",
26911,q,a,cx_stage3,,"[[[43, 1031], [48, 1031]], [], [true, true]]",
26912,q,a,cx_stage1,,"[[[44, 1034], [48, 1034]], [], [true, true]]",
26913,q,a,cx_stage3,,"[[[44, 1034], [48, 1034]], [], [true, true]]",
26914,q,a,p,,"[[[48, 1035]], [], [true]]",
26915,q,a,cx_stage1,,"[[[44, 1038], [48, 1038]], [], [true, true]]",
26916,q,a,cx_stage3,,"[[[44, 1038], [48, 1038]], [], [true, true]]",
26917,q,a,cx_stage1,,"[[[45, 1041], [48, 1041]], [], [true, true]]",
26918,q,a,cx_stage3,,"[[[45, 1041], [48, 1041]], [], [true, true]]",
26919,q,a,p,,"[[[48, 1042]], [], [true]]",
26920,q,a,cx_stage1,,"[[[45, 1045], [48, 1045]], [], [true, true]]",
26921,q,a,cx_stage3,,"[[[45, 1045], [48, 1045]], [], [true, true]]",
26922,q,a,cx_stage1,,"[[[46, 1048], [48, 1048]], [], [true, true]]",
26923,q,a,cx_stage3,,"[[[46, 1048], [48, 1048]], [], [true, true]]",
26924,q,a,p,,"[[[48, 1049]], [], [true]]",
26925,q,a,cx_stage1,,"[[[46, 1052], [48, 1052]], [], [true, true]]",
26926,q,a,cx_stage3,,"[[[46, 1052], [48, 1052]], [], [true, true]]",
26927,q,a,cx_stage1,,"[[[47, 1055], [48, 1055]], [], [true, true]]",
26928,q,a,cx_stage3,,"[[[47, 1055], [48, 1055]], [], [true, true]]",
26929,q,a,p,,"[[[48, 1056]], [], [true]]",
26930,q,a,cx_stage1,,"[[[47, 1059], [48, 1059]], [], [true, true]]",
26931,q,a,cx_stage3,,"[[[47, 1059], [48, 1059]], [], [true, true]]",
26932,q,a,cx_stage1,,"[[[48, 1069], [49, 1069]], [], [true, true]]",
26933,q,a,cx_stage2,,"[[[48, 1069], [49, 1069]], [], [true, true]]",
26934,q,a,cx_stage3,,"[[[48, 1069], [49, 1069]], [], [true, true]]",
26935,q,a,cx_stage1,,"[[[48, 1073], [49, 1073]], [], [true, true]]",
26936,q,a,cx_stage2,,"[[[48, 1073], [49, 1073]], [], [true, true]]",
26937,q,a,cx_stage3,,"[[[48, 1073], [49, 1073]], [], [true, true]]",
26938,q,a,cx_stage1,,"[[[48, 1076], [50, 1076]], [], [true, true]]",
26939,q,a,cx_stage2,,"[[[48, 1076], [50, 1076]], [], [true, true]]",
26940,q,a,cx_stage3,,"[[[48, 1076], [50, 1076]], [], [true, true]]",
26941,q,a,cx_stage1,,"[[[48, 1080], [50, 1080]], [], [true, true]]",
26942,q,a,cx_stage2,,"[[[48, 1080], [50, 1080]], [], [true, true]]",
26943,q,a,cx_stage3,,"[[[48, 1080], [50, 1080]], [], [true, true]]",
26944,q,a,cx_stage1,,"[[[48, 1083], [51, 1083]], [], [true, true]]",
26945,q,a,cx_stage2,,"[[[48, 1083], [51, 1083]], [], [true, true]]",
26946,q,a,cx_stage3,,"[[[48, 1083], [51, 1083]], [], [true, true]]",
26947,q,a,cx_stage1,,"[[[48, 1087], [51, 1087]], [], [true, true]]",
26948,q,a,cx_stage2,,"[[[48, 1087], [51, 1087]], [], [true, true]]",
26949,q,a,cx_stage3,,"[[[48, 1087], [51, 1087]], [], [true, true]]",
26950,q,a,cx_stage1,,"[[[48, 1090], [52, 1090]], [], [true, true]]",
26951,q,a,cx_stage2,,"[[[48, 1090], [52, 1090]], [], [true, true]]",
26952,q,a,cx_stage3,,"[[[48, 1090], [52, 1090]], [], [true, true]]",
26953,q,a,cx_stage1,,"[[[48, 1094], [52, 1094]], [], [true, true]]",
26954,q,a,cx_stage2,,"[[[48, 1094], [52, 1094]], [], [true, true]]",
26955,q,a,cx_stage3,,"[[[48, 1094], [52, 1094]], [], [true, true]]",
26956,q,a,cx_stage1,,"[[[48, 1097], [53, 1097]], [], [true, true]]",
26957,q,a,cx_stage2,,"[[[48, 1097], [53, 1097]], [], [true, true]]",
26958,q,a,cx_stage3,,"[[[48, 1097], [53, 1097]], [], [true, true]]",
26959,q,a,cx_stage1,,"[[[48, 1101], [53, 1101]], [], [true, true]]",
26960,q,a,cx_stage2,,"[[[48, 1101], [53, 1101]], [], [true, true]]",
26961,q,a,cx_stage3,,"[[[48, 1101], [53, 1101]], [], [true, true]]",
26962,q,a,cx_stage1,,"[[[48, 1104], [54, 1104]], [], [true, true]]",
26963,q,a,cx_stage2,,"[[[48, 1104], [54, 1104]], [], [true, true]]",
26964,q,a,cx_stage3,,"[[[48, 1104], [54, 1104]], [], [true, true]]",
26965,q,a,cx_stage1,,"[[[48, 1108], [54, 1108]], [], [true, true]]",
26966,q,a,cx_stage2,,"[[[48, 1108], [54, 1108]], [], [true, true]]",
26967,q,a,cx_stage3,,"[[[48, 1108], [54, 1108]], [], [true, true]]",
26968,q,a,cx_stage1,,"[[[48, 1111], [55, 1111]], [], [true, true]]",
26969,q,a,cx_stage2,,"[[[48, 1111], [55, 1111]], [], [true, true]]",
26970,q,a,cx_stage3,,"[[[48, 1111], [55, 1111]], [], [true, true]]",
26971,q,a,cx_stage1,,"[[[48, 1115], [55, 1115]], [], [true, true]]",
26972,q,a,cx_stage2,,"[[[48, 1115], [55, 1115]], [], [true, true]]",
26973,q,a,cx_stage3,,"[[[48, 1115], [55, 1115]], [], [true, true]]",
26974,q,a,ry,,"[[[48, 1116]], [], [true]]",
26975,q,a,cx_stage1,,"[[[48, 1179], [49, 1179]], [], [true, true]]",
26976,q,a,cx_stage2,,"[[[48, 1179], [49, 1179]], [], [true, true]]",
26977,q,a,cx_stage3,,"[[[48, 1179], [49, 1179]], [], [true, true]]",
26978,q,a,cx_stage1,,"[[[47, 1182], [48, 1182]], [], [true, true]]",
26979,q,a,cx_stage3,,"[[[47, 1182], [48, 1182]], [], [true, true]]",
26980,q,a,ry,,"[[[48, 1183]], [], [true]]",
26981,q,a,cx_stage3,,"[[[0, 333], [48, 333]], [], [true, true]]",
26982,q,a,p,,"[[[48, 334]], [], [true]]",
26983,q,a,cx_stage1,,"[[[0, 337], [48, 337]], [], [true, true]]",
26984,q,a,cx_stage3,,"[[[0, 337], [48, 337]], [], [true, true]]",
26985,q,a,cx_stage1,,"[[[1, 340], [48, 340]], [], [true, true]]",
26986,q,a,cx_stage3,,"[[[1, 340], [48, 340]], [], [true, true]]",
26987,q,a,p,,"[[[48, 341]], [], [true]]",
26988,q,a,cx_stage1,,"[[[1, 344], [48, 344]], [], [true, true]]",
26989,q,a,cx_stage3,,"[[[1, 344], [48, 344]], [], [true, true]]",
26990,q,a,cx_stage1,,"[[[2, 347], [48, 347]], [], [true, true]]",
26991,q,a,cx_stage3,,"[[[2, 347], [48, 347]], [], [true, true]]",
26992,q,a,p,,"[[[48, 348]], [], [true]]",
26993,q,a,cx_stage1,,"[[[2, 351], [48, 351]], [], [true, true]]",
26994,q,a,cx_stage3,,"[[[2, 351], [48, 351]], [], [true, true]]",
26995,q,a,cx_stage1,,"[[[3, 354], [48, 354]], [], [true, true]]",
26996,q,a,cx_stage3,,"[[[3, 354], [48, 354]], [], [true, true]]",
26997,q,a,p,,"[[[48, 355]], [], [true]]",
26998,q,a,cx_stage1,,"[[[3, 358], [48, 358]], [], [true, true]]",
26999,q,a,cx_stage3,,"[[[3, 358], [48, 358]], [], [true, true]]",
27000,q,a,cx_stage1,,"[[[4, 361], [48, 361]], [], [true, true]]",
27001,q,a,cx_stage2,,"[[[4, 361], [48, 361]], [], [true, true]]",
27002,q,a,cx_stage3,,"[[[4, 361], [48, 361]], [], [true, true]]",
27003,q,a,p,,"[[[48, 362]], [], [true]]",
27004,q,a,cx_stage1,,"[[[4, 365], [48, 365]], [], [true, true]]",
27005,q,a,cx_stage2,,"[[[4, 365], [48, 365]], [], [true, true]]",
27006,q,a,cx_stage3,,"[[[4, 365], [48, 365]], [], [true, true]]",
27007,q,a,cx_stage1,,"[[[5, 368], [48, 368]], [], [true, true]]",
27008,q,a,cx_stage2,,"[[[5, 368], [48, 368]], [], [true, true]]",
27009,q,a,cx_stage3,,"[[[5, 368], [48, 368]], [], [true, true]]",
27010,q,a,p,,"[[[48, 369]], [], [true]]",
27011,q,a,cx_stage1,,"[[[5, 372], [48, 372]], [], [true, true]]",
27012,q,a,cx_stage2,,"[[[5, 372], [48, 372]], [], [true, true]]",
27013,q,a,cx_stage3,,"[[[5, 372], [48, 372]], [], [true, true]]",
27014,q,a,cx_stage1,,"[[[6, 375], [48, 375]], [], [true, true]]",
27015,q,a,cx_stage2,,"[[[6, 375], [48, 375]], [], [true, true]]",
27016,q,a,cx_stage3,,"[[[6, 375], [48, 375]], [], [true, true]]",
27017,q,a,p,,"[[[48, 376]], [], [true]]",
27018,q,a,cx_stage1,,"[[[6, 379], [48, 379]], [], [true, true]]",
27019,q,a,cx_stage2,,"[[[6, 379], [48, 379]], [], [true, true]]",
27020,q,a,cx_stage3,,"[[[6, 379], [48, 379]], [], [true, true]]",
27021,q,a,cx_stage1,,"[[[7, 382], [48, 382]], [], [true, true]]",
27022,q,a,cx_stage2,,"[[[7, 382], [48, 382]], [], [true, true]]",
27023,q,a,cx_stage3,,"[[[7, 382], [48, 382]], [], [true, true]]",
27024,q,a,p,,"[[[48, 383]], [], [true]]",
27025,q,a,cx_stage1,,"[[[7, 386], [48, 386]], [], [true, true]]",
27026,q,a,cx_stage2,,"[[[7, 386], [48, 386]], [], [true, true]]",
27027,q,a,cx_stage3,,"[[[7, 386], [48, 386]], [], [true, true]]",
27028,q,a,cx_stage1,,"[[[8, 389], [48, 389]], [], [true, true]]",
27029,q,a,cx_stage2,,"[[[8, 389], [48, 389]], [], [true, true]]",
27030,q,a,cx_stage3,,"[[[8, 389], [48, 389]], [], [true, true]]",
27031,q,a,p,,"[[[48, 390]], [], [true]]",
27032,q,a,cx_stage1,,"[[[8, 393], [48, 393]], [], [true, true]]",
27033,q,a,cx_stage2,,"[[[8, 393], [48, 393]], [], [true, true]]",
27034,q,a,cx_stage3,,"[[[8, 393], [48, 393]], [], [true, true]]",
27035,q,a,cx_stage1,,"[[[9, 396], [48, 396]], [], [true, true]]",
27036,q,a,cx_stage2,,"[[[9, 396], [48, 396]], [], [true, true]]",
27037,q,a,cx_stage3,,"[[[9, 396], [48, 396]], [], [true, true]]",
27038,q,a,p,,"[[[48, 397]], [], [true]]",
27039,q,a,cx_stage1,,"[[[9, 400], [48, 400]], [], [true, true]]",
27040,q,a,cx_stage2,,"[[[9, 400], [48, 400]], [], [true, true]]",
27041,q,a,cx_stage3,,"[[[9, 400], [48, 400]], [], [true, true]]",
27042,q,a,cx_stage1,,"[[[10, 403], [48, 403]], [], [true, true]]",
27043,q,a,cx_stage3,,"[[[10, 403], [48, 403]], [], [true, true]]",
27044,q,a,p,,"[[[48, 404]], [], [true]]",
27045,q,a,cx_stage1,,"[[[10, 407], [48, 407]], [], [true, true]]",
27046,q,a,cx_stage3,,"[[[10, 407], [48, 407]], [], [true, true]]",
27047,q,a,cx_stage1,,"[[[11, 410], [48, 410]], [], [true, true]]",
27048,q,a,cx_stage3,,"[[[11, 410], [48, 410]], [], [true, true]]",
27049,q,a,p,,"[[[48, 411]], [], [true]]",
27050,q,a,cx_stage1,,"[[[11, 414], [48, 414]], [], [true, true]]",
27051,q,a,cx_stage3,,"[[[11, 414], [48, 414]], [], [true, true]]",
27052,q,a,cx_stage1,,"[[[12, 417], [48, 417]], [], [true, true]]",
27053,q,a,cx_stage3,,"[[[12, 417], [48, 417]], [], [true, true]]",
27054,q,a,p,,"[[[48, 418]], [], [true]]",
27055,q,a,cx_stage1,,"[[[12, 421], [48, 421]], [], [true, true]]",
27056,q,a,cx_stage3,,"[[[12, 421], [48, 421]], [], [true, true]]",
27057,q,a,cx_stage1,,"[[[13, 424], [48, 424]], [], [true, true]]",
27058,q,a,cx_stage3,,"[[[13, 424], [48, 424]], [], [true, true]]",
27059,q,a,p,,"[[[48, 425]], [], [true]]",
27060,q,a,cx_stage1,,"[[[13, 428], [48, 428]], [], [true, true]]",
27061,q,a,cx_stage3,,"[[[13, 428], [48, 428]], [], [true, true]]",
27062,q,a,cx_stage1,,"[[[14, 431], [48, 431]], [], [true, true]]",
27063,q,a,cx_stage3,,"[[[14, 431], [48, 431]], [], [true, true]]",
27064,q,a,p,,"[[[48, 432]], [], [true]]",
27065,q,a,cx_stage1,,"[[[14, 435], [48, 435]], [], [true, true]]",
27066,q,a,cx_stage3,,"[[[14, 435], [48, 435]], [], [true, true]]",
27067,q,a,cx_stage1,,"[[[15, 438], [48, 438]], [], [true, true]]",
27068,q,a,cx_stage3,,"[[[15, 438], [48, 438]], [], [true, true]]",
27069,q,a,p,,"[[[48, 439]], [], [true]]",
27070,q,a,cx_stage1,,"[[[15, 442], [48, 442]], [], [true, true]]",
27071,q,a,cx_stage3,,"[[[15, 442], [48, 442]], [], [true, true]]",
27072,q,a,cx_stage1,,"[[[16, 445], [48, 445]], [], [true, true]]",
27073,q,a,cx_stage3,,"[[[16, 445], [48, 445]], [], [true, true]]",
27074,q,a,p,,"[[[48, 446]], [], [true]]",
27075,q,a,cx_stage1,,"[[[16, 449], [48, 449]], [], [true, true]]",
27076,q,a,cx_stage3,,"[[[16, 449], [48, 449]], [], [true, true]]",
27077,q,a,cx_stage1,,"[[[17, 452], [48, 452]], [], [true, true]]",
27078,q,a,cx_stage3,,"[[[17, 452], [48, 452]], [], [true, true]]",
27079,q,a,p,,"[[[48, 453]], [], [true]]",
27080,q,a,cx_stage1,,"[[[17, 456], [48, 456]], [], [true, true]]",
27081,q,a,cx_stage3,,"[[[17, 456], [48, 456]], [], [true, true]]",
27082,q,a,cx_stage1,,"[[[18, 459], [48, 459]], [], [true, true]]",
27083,q,a,cx_stage3,,"[[[18, 459], [48, 459]], [], [true, true]]",
27084,q,a,p,,"[[[48, 460]], [], [true]]",
27085,q,a,cx_stage1,,"[[[18, 463], [48, 463]], [], [true, true]]",
27086,q,a,cx_stage3,,"[[[18, 463], [48, 463]], [], [true, true]]",
27087,q,a,cx_stage1,,"[[[19, 466], [48, 466]], [], [true, true]]",
27088,q,a,cx_stage3,,"[[[19, 466], [48, 466]], [], [true, true]]",
27089,q,a,p,,"[[[48, 467]], [], [true]]",
27090,q,a,cx_stage1,,"[[[19, 470], [48, 470]], [], [true, true]]",
27091,q,a,cx_stage3,,"[[[19, 470], [48, 470]], [], [true, true]]",
27092,q,a,cx_stage1,,"[[[20, 473], [48, 473]], [], [true, true]]",
27093,q,a,cx_stage3,,"[[[20, 473], [48, 473]], [], [true, true]]",
27094,q,a,p,,"[[[48, 474]], [], [true]]",
27095,q,a,cx_stage1,,"[[[20, 477], [48, 477]], [], [true, true]]",
27096,q,a,cx_stage3,,"[[[20, 477], [48, 477]], [], [true, true]]",
27097,q,a,cx_stage1,,"[[[21, 480], [48, 480]], [], [true, true]]",
27098,q,a,cx_stage3,,"[[[21, 480], [48, 480]], [], [true, true]]",
27099,q,a,p,,"[[[48, 481]], [], [true]]",
27100,q,a,cx_stage1,,"[[[21, 484], [48, 484]], [], [true, true]]",
27101,q,a,cx_stage3,,"[[[21, 484], [48, 484]], [], [true, true]]",
27102,q,a,cx_stage1,,"[[[22, 487], [48, 487]], [], [true, true]]",
27103,q,a,cx_stage3,,"[[[22, 487], [48, 487]], [], [true, true]]",
27104,q,a,p,,"[[[48, 488]], [], [true]]",
27105,q,a,cx_stage1,,"[[[22, 491], [48, 491]], [], [true, true]]",
27106,q,a,cx_stage3,,"[[[22, 491], [48, 491]], [], [true, true]]",
27107,q,a,cx_stage1,,"[[[23, 494], [48, 494]], [], [true, true]]",
27108,q,a,cx_stage3,,"[[[23, 494], [48, 494]], [], [true, true]]",
27109,q,a,p,,"[[[48, 495]], [], [true]]",
27110,q,a,cx_stage1,,"[[[23, 498], [48, 498]], [], [true, true]]",
27111,q,a,cx_stage3,,"[[[23, 498], [48, 498]], [], [true, true]]",
27112,q,a,cx_stage1,,"[[[24, 501], [48, 501]], [], [true, true]]",
27113,q,a,cx_stage3,,"[[[24, 501], [48, 501]], [], [true, true]]",
27114,q,a,p,,"[[[48, 502]], [], [true]]",
27115,q,a,cx_stage1,,"[[[24, 505], [48, 505]], [], [true, true]]",
27116,q,a,cx_stage3,,"[[[24, 505], [48, 505]], [], [true, true]]",
27117,q,a,cx_stage1,,"[[[25, 508], [48, 508]], [], [true, true]]",
27118,q,a,cx_stage3,,"[[[25, 508], [48, 508]], [], [true, true]]",
27119,q,a,p,,"[[[48, 509]], [], [true]]",
27120,q,a,cx_stage1,,"[[[25, 512], [48, 512]], [], [true, true]]",
27121,q,a,cx_stage3,,"[[[25, 512], [48, 512]], [], [true, true]]",
27122,q,a,cx_stage1,,"[[[26, 515], [48, 515]], [], [true, true]]",
27123,q,a,cx_stage3,,"[[[26, 515], [48, 515]], [], [true, true]]",
27124,q,a,p,,"[[[48, 516]], [], [true]]",
27125,q,a,cx_stage1,,"[[[26, 519], [48, 519]], [], [true, true]]",
27126,q,a,cx_stage3,,"[[[26, 519], [48, 519]], [], [true, true]]",
27127,q,a,cx_stage1,,"[[[27, 522], [48, 522]], [], [true, true]]",
27128,q,a,cx_stage3,,"[[[27, 522], [48, 522]], [], [true, true]]",
27129,q,a,p,,"[[[48, 523]], [], [true]]",
27130,q,a,cx_stage1,,"[[[27, 526], [48, 526]], [], [true, true]]",
27131,q,a,cx_stage3,,"[[[27, 526], [48, 526]], [], [true, true]]",
27132,q,a,cx_stage1,,"[[[28, 529], [48, 529]], [], [true, true]]",
27133,q,a,cx_stage3,,"[[[28, 529], [48, 529]], [], [true, true]]",
27134,q,a,p,,"[[[48, 530]], [], [true]]",
27135,q,a,cx_stage1,,"[[[28, 533], [48, 533]], [], [true, true]]",
27136,q,a,cx_stage3,,"[[[28, 533], [48, 533]], [], [true, true]]",
27137,q,a,cx_stage1,,"[[[29, 536], [48, 536]], [], [true, true]]",
27138,q,a,cx_stage3,,"[[[29, 536], [48, 536]], [], [true, true]]",
27139,q,a,p,,"[[[48, 537]], [], [true]]",
27140,q,a,cx_stage1,,"[[[29, 540], [48, 540]], [], [true, true]]",
27141,q,a,cx_stage3,,"[[[29, 540], [48, 540]], [], [true, true]]",
27142,q,a,cx_stage1,,"[[[30, 543], [48, 543]], [], [true, true]]",
27143,q,a,cx_stage3,,"[[[30, 543], [48, 543]], [], [true, true]]",
27144,q,a,p,,"[[[48, 544]], [], [true]]",
27145,q,a,cx_stage1,,"[[[30, 547], [48, 547]], [], [true, true]]",
27146,q,a,cx_stage3,,"[[[30, 547], [48, 547]], [], [true, true]]",
27147,q,a,cx_stage1,,"[[[31, 550], [48, 550]], [], [true, true]]",
27148,q,a,cx_stage3,,"[[[31, 550], [48, 550]], [], [true, true]]",
27149,q,a,p,,"[[[48, 551]], [], [true]]",
27150,q,a,cx_stage1,,"[[[31, 554], [48, 554]], [], [true, true]]",
27151,q,a,cx_stage3,,"[[[31, 554], [48, 554]], [], [true, true]]",
27152,q,a,cx_stage1,,"[[[32, 557], [48, 557]], [], [true, true]]",
27153,q,a,cx_stage3,,"[[[32, 557], [48, 557]], [], [true, true]]",
27154,q,a,p,,"[[[48, 558]], [], [true]]",
27155,q,a,cx_stage1,,"[[[32, 561], [48, 561]], [], [true, true]]",
27156,q,a,cx_stage3,,"[[[32, 561], [48, 561]], [], [true, true]]",
27157,q,a,cx_stage1,,"[[[33, 564], [48, 564]], [], [true, true]]",
27158,q,a,cx_stage3,,"[[[33, 564], [48, 564]], [], [true, true]]",
27159,q,a,p,,"[[[48, 565]], [], [true]]",
27160,q,a,cx_stage1,,"[[[33, 568], [48, 568]], [], [true, true]]",
27161,q,a,cx_stage3,,"[[[33, 568], [48, 568]], [], [true, true]]",
27162,q,a,cx_stage1,,"[[[34, 571], [48, 571]], [], [true, true]]",
27163,q,a,cx_stage3,,"[[[34, 571], [48, 571]], [], [true, true]]",
27164,q,a,p,,"[[[48, 572]], [], [true]]",
27165,q,a,cx_stage1,,"[[[34, 575], [48, 575]], [], [true, true]]",
27166,q,a,cx_stage3,,"[[[34, 575], [48, 575]], [], [true, true]]",
27167,q,a,cx_stage1,,"[[[35, 578], [48, 578]], [], [true, true]]",
27168,q,a,cx_stage3,,"[[[35, 578], [48, 578]], [], [true, true]]",
27169,q,a,p,,"[[[48, 579]], [], [true]]",
27170,q,a,cx_stage1,,"[[[35, 582], [48, 582]], [], [true, true]]",
27171,q,a,cx_stage3,,"[[[35, 582], [48, 582]], [], [true, true]]",
27172,q,a,cx_stage1,,"[[[36, 585], [48, 585]], [], [true, true]]",
27173,q,a,cx_stage3,,"[[[36, 585], [48, 585]], [], [true, true]]",
27174,q,a,p,,"[[[48, 586]], [], [true]]",
27175,q,a,cx_stage1,,"[[[36, 589], [48, 589]], [], [true, true]]",
27176,q,a,cx_stage3,,"[[[36, 589], [48, 589]], [], [true, true]]",
27177,q,a,cx_stage1,,"[[[37, 592], [48, 592]], [], [true, true]]",
27178,q,a,cx_stage3,,"[[[37, 592], [48, 592]], [], [true, true]]",
27179,q,a,p,,"[[[48, 593]], [], [true]]",
27180,q,a,cx_stage1,,"[[[37, 596], [48, 596]], [], [true, true]]",
27181,q,a,cx_stage3,,"[[[37, 596], [48, 596]], [], [true, true]]",
27182,q,a,cx_stage1,,"[[[38, 599], [48, 599]], [], [true, true]]",
27183,q,a,cx_stage3,,"[[[38, 599], [48, 599]], [], [true, true]]",
27184,q,a,p,,"[[[48, 600]], [], [true]]",
27185,q,a,cx_stage1,,"[[[38, 603], [48, 603]], [], [true, true]]",
27186,q,a,cx_stage3,,"[[[38, 603], [48, 603]], [], [true, true]]",
27187,q,a,cx_stage1,,"[[[39, 606], [48, 606]], [], [true, true]]",
27188,q,a,cx_stage3,,"[[[39, 606], [48, 606]], [], [true, true]]",
27189,q,a,p,,"[[[48, 607]], [], [true]]",
27190,q,a,cx_stage1,,"[[[39, 610], [48, 610]], [], [true, true]]",
27191,q,a,cx_stage3,,"[[[39, 610], [48, 610]], [], [true, true]]",
27192,q,a,cx_stage1,,"[[[40, 613], [48, 613]], [], [true, true]]",
27193,q,a,cx_stage3,,"[[[40, 613], [48, 613]], [], [true, true]]",
27194,q,a,p,,"[[[48, 614]], [], [true]]",
27195,q,a,cx_stage1,,"[[[40, 617], [48, 617]], [], [true, true]]",
27196,q,a,cx_stage3,,"[[[40, 617], [48, 617]], [], [true, true]]",
27197,q,a,cx_stage1,,"[[[41, 620], [48, 620]], [], [true, true]]",
27198,q,a,cx_stage3,,"[[[41, 620], [48, 620]], [], [true, true]]",
27199,q,a,p,,"[[[48, 621]], [], [true]]",
27200,q,a,cx_stage1,,"[[[41, 624], [48, 624]], [], [true, true]]",
27201,q,a,cx_stage3,,"[[[41, 624], [48, 624]], [], [true, true]]",
27202,q,a,cx_stage1,,"[[[42, 627], [48, 627]], [], [true, true]]",
27203,q,a,cx_stage3,,"[[[42, 627], [48, 627]], [], [true, true]]",
27204,q,a,p,,"[[[48, 628]], [], [true]]",
27205,q,a,cx_stage1,,"[[[42, 631], [48, 631]], [], [true, true]]",
27206,q,a,cx_stage3,,"[[[42, 631], [48, 631]], [], [true, true]]",
27207,q,a,cx_stage1,,"[[[43, 634], [48, 634]], [], [true, true]]",
27208,q,a,cx_stage3,,"[[[43, 634], [48, 634]], [], [true, true]]",
27209,q,a,p,,"[[[48, 635]], [], [true]]",
27210,q,a,cx_stage1,,"[[[43, 638], [48, 638]], [], [true, true]]",
27211,q,a,cx_stage3,,"[[[43, 638], [48, 638]], [], [true, true]]",
27212,q,a,cx_stage1,,"[[[44, 641], [48, 641]], [], [true, true]]",
27213,q,a,cx_stage3,,"[[[44, 641], [48, 641]], [], [true, true]]",
27214,q,a,p,,"[[[48, 642]], [], [true]]",
27215,q,a,cx_stage1,,"[[[44, 645], [48, 645]], [], [true, true]]",
27216,q,a,cx_stage3,,"[[[44, 645], [48, 645]], [], [true, true]]",
27217,q,a,cx_stage1,,"[[[45, 648], [48, 648]], [], [true, true]]",
27218,q,a,cx_stage3,,"[[[45, 648], [48, 648]], [], [true, true]]",
27219,q,a,p,,"[[[48, 649]], [], [true]]",
27220,q,a,cx_stage1,,"[[[45, 652], [48, 652]], [], [true, true]]",
27221,q,a,cx_stage3,,"[[[45, 652], [48, 652]], [], [true, true]]",
27222,q,a,cx_stage1,,"[[[46, 655], [48, 655]], [], [true, true]]",
27223,q,a,cx_stage3,,"[[[46, 655], [48, 655]], [], [true, true]]",
27224,q,a,p,,"[[[48, 656]], [], [true]]",
27225,q,a,cx_stage1,,"[[[46, 659], [48, 659]], [], [true, true]]",
27226,q,a,cx_stage3,,"[[[46, 659], [48, 659]], [], [true, true]]",
27227,q,a,cx_stage1,,"[[[47, 662], [48, 662]], [], [true, true]]",
27228,q,a,cx_stage3,,"[[[47, 662], [48, 662]], [], [true, true]]",
27229,q,a,p,,"[[[48, 663]], [], [true]]",
27230,q,a,cx_stage1,,"[[[47, 666], [48, 666]], [], [true, true]]",
27231,q,a,cx_stage3,,"[[[47, 666], [48, 666]], [], [true, true]]",
27232,q,a,cx_stage1,,"[[[48, 676], [49, 676]], [], [true, true]]",
27233,q,a,cx_stage2,,"[[[48, 676], [49, 676]], [], [true, true]]",
27234,q,a,cx_stage3,,"[[[48, 676], [49, 676]], [], [true, true]]",
27235,q,a,cx_stage1,,"[[[48, 680], [49, 680]], [], [true, true]]",
27236,q,a,cx_stage2,,"[[[48, 680], [49, 680]], [], [true, true]]",
27237,q,a,cx_stage3,,"[[[48, 680], [49, 680]], [], [true, true]]",
27238,q,a,cx_stage1,,"[[[48, 683], [50, 683]], [], [true, true]]",
27239,q,a,cx_stage2,,"[[[48, 683], [50, 683]], [], [true, true]]",
27240,q,a,cx_stage3,,"[[[48, 683], [50, 683]], [], [true, true]]",
27241,q,a,cx_stage1,,"[[[48, 687], [50, 687]], [], [true, true]]",
27242,q,a,cx_stage2,,"[[[48, 687], [50, 687]], [], [true, true]]",
27243,q,a,cx_stage3,,"[[[48, 687], [50, 687]], [], [true, true]]",
27244,q,a,cx_stage1,,"[[[48, 690], [51, 690]], [], [true, true]]",
27245,q,a,cx_stage2,,"[[[48, 690], [51, 690]], [], [true, true]]",
27246,q,a,cx_stage3,,"[[[48, 690], [51, 690]], [], [true, true]]",
27247,q,a,cx_stage1,,"[[[48, 694], [51, 694]], [], [true, true]]",
27248,q,a,cx_stage2,,"[[[48, 694], [51, 694]], [], [true, true]]",
27249,q,a,cx_stage3,,"[[[48, 694], [51, 694]], [], [true, true]]",
27250,q,a,cx_stage1,,"[[[48, 697], [52, 697]], [], [true, true]]",
27251,q,a,cx_stage2,,"[[[48, 697], [52, 697]], [], [true, true]]",
27252,q,a,cx_stage3,,"[[[48, 697], [52, 697]], [], [true, true]]",
27253,q,a,cx_stage1,,"[[[48, 701], [52, 701]], [], [true, true]]",
27254,q,a,cx_stage2,,"[[[48, 701], [52, 701]], [], [true, true]]",
27255,q,a,cx_stage3,,"[[[48, 701], [52, 701]], [], [true, true]]",
27256,q,a,cx_stage1,,"[[[48, 704], [53, 704]], [], [true, true]]",
27257,q,a,cx_stage2,,"[[[48, 704], [53, 704]], [], [true, true]]",
27258,q,a,cx_stage3,,"[[[48, 704], [53, 704]], [], [true, true]]",
27259,q,a,cx_stage1,,"[[[48, 708], [53, 708]], [], [true, true]]",
27260,q,a,cx_stage2,,"[[[48, 708], [53, 708]], [], [true, true]]",
27261,q,a,cx_stage3,,"[[[48, 708], [53, 708]], [], [true, true]]",
27262,q,a,cx_stage1,,"[[[48, 711], [54, 711]], [], [true, true]]",
27263,q,a,cx_stage2,,"[[[48, 711], [54, 711]], [], [true, true]]",
27264,q,a,cx_stage3,,"[[[48, 711], [54, 711]], [], [true, true]]",
27265,q,a,cx_stage1,,"[[[48, 715], [54, 715]], [], [true, true]]",
27266,q,a,cx_stage2,,"[[[48, 715], [54, 715]], [], [true, true]]",
27267,q,a,cx_stage3,,"[[[48, 715], [54, 715]], [], [true, true]]",
27268,q,a,cx_stage1,,"[[[48, 718], [55, 718]], [], [true, true]]",
27269,q,a,cx_stage2,,"[[[48, 718], [55, 718]], [], [true, true]]",
27270,q,a,cx_stage3,,"[[[48, 718], [55, 718]], [], [true, true]]",
27271,q,a,cx_stage1,,"[[[48, 722], [55, 722]], [], [true, true]]",
27272,q,a,cx_stage2,,"[[[48, 722], [55, 722]], [], [true, true]]",
27273,q,a,cx_stage3,,"[[[48, 722], [55, 722]], [], [true, true]]",
27274,q,a,u2,,"[[[48, 723]], [], [true]]",
27275,q,a,cx_stage1,,"[[[0, 726], [48, 726]], [], [true, true]]",
27276,q,a,cx_stage3,,"[[[0, 726], [48, 726]], [], [true, true]]",
27277,q,a,p,,"[[[48, 727]], [], [true]]",
27278,q,a,cx_stage1,,"[[[0, 730], [48, 730]], [], [true, true]]",
27279,q,a,cx_stage3,,"[[[0, 730], [48, 730]], [], [true, true]]",
27280,q,a,cx_stage1,,"[[[1, 733], [48, 733]], [], [true, true]]",
27281,q,a,cx_stage3,,"[[[1, 733], [48, 733]], [], [true, true]]",
27282,q,a,p,,"[[[48, 734]], [], [true]]",
27283,q,a,cx_stage1,,"[[[1, 737], [48, 737]], [], [true, true]]",
27284,q,a,cx_stage3,,"[[[1, 737], [48, 737]], [], [true, true]]",
27285,q,a,cx_stage1,,"[[[2, 740], [48, 740]], [], [true, true]]",
27286,q,a,cx_stage3,,"[[[2, 740], [48, 740]], [], [true, true]]",
27287,q,a,p,,"[[[48, 741]], [], [true]]",
27288,q,a,cx_stage1,,"[[[2, 744], [48, 744]], [], [true, true]]",
27289,q,a,cx_stage3,,"[[[2, 744], [48, 744]], [], [true, true]]",
27290,q,a,cx_stage1,,"[[[3, 747], [48, 747]], [], [true, true]]",
27291,q,a,cx_stage3,,"[[[3, 747], [48, 747]], [], [true, true]]",
27292,q,a,p,,"[[[48, 748]], [], [true]]",
27293,q,a,cx_stage1,,"[[[3, 751], [48, 751]], [], [true, true]]",
27294,q,a,cx_stage3,,"[[[3, 751], [48, 751]], [], [true, true]]",
27295,q,a,cx_stage1,,"[[[4, 754], [48, 754]], [], [true, true]]",
27296,q,a,cx_stage2,,"[[[4, 754], [48, 754]], [], [true, true]]",
27297,q,a,cx_stage3,,"[[[4, 754], [48, 754]], [], [true, true]]",
27298,q,a,p,,"[[[48, 755]], [], [true]]",
27299,q,a,cx_stage1,,"[[[4, 758], [48, 758]], [], [true, true]]",
27300,q,a,cx_stage2,,"[[[4, 758], [48, 758]], [], [true, true]]",
27301,q,a,cx_stage3,,"[[[4, 758], [48, 758]], [], [true, true]]",
27302,q,a,cx_stage1,,"[[[5, 761], [48, 761]], [], [true, true]]",
27303,q,a,cx_stage2,,"[[[5, 761], [48, 761]], [], [true, true]]",
27304,q,a,cx_stage3,,"[[[5, 761], [48, 761]], [], [true, true]]",
27305,q,a,p,,"[[[48, 762]], [], [true]]",
27306,q,a,cx_stage1,,"[[[5, 765], [48, 765]], [], [true, true]]",
27307,q,a,cx_stage2,,"[[[5, 765], [48, 765]], [], [true, true]]",
27308,q,a,cx_stage3,,"[[[5, 765], [48, 765]], [], [true, true]]",
27309,q,a,cx_stage1,,"[[[6, 768], [48, 768]], [], [true, true]]",
27310,q,a,cx_stage2,,"[[[6, 768], [48, 768]], [], [true, true]]",
27311,q,a,cx_stage3,,"[[[6, 768], [48, 768]], [], [true, true]]",
27312,q,a,p,,"[[[48, 769]], [], [true]]",
27313,q,a,cx_stage1,,"[[[6, 772], [48, 772]], [], [true, true]]",
27314,q,a,cx_stage2,,"[[[6, 772], [48, 772]], [], [true, true]]",
27315,q,a,cx_stage3,,"[[[6, 772], [48, 772]], [], [true, true]]",
27316,q,a,cx_stage1,,"[[[7, 775], [48, 775]], [], [true, true]]",
27317,q,a,cx_stage2,,"[[[7, 775], [48, 775]], [], [true, true]]",
27318,q,a,cx_stage3,,"[[[7, 775], [48, 775]], [], [true, true]]",
27319,q,a,p,,"[[[48, 776]], [], [true]]",
27320,q,a,cx_stage1,,"[[[7, 779], [48, 779]], [], [true, true]]",
27321,q,a,cx_stage2,,"[[[7, 779], [48, 779]], [], [true, true]]",
27322,q,a,cx_stage3,,"[[[7, 779], [48, 779]], [], [true, true]]",
27323,q,a,cx_stage1,,"[[[8, 782], [48, 782]], [], [true, true]]",
27324,q,a,cx_stage2,,"[[[8, 782], [48, 782]], [], [true, true]]",
27325,q,a,cx_stage3,,"[[[8, 782], [48, 782]], [], [true, true]]",
27326,q,a,p,,"[[[48, 783]], [], [true]]",
27327,q,a,cx_stage1,,"[[[8, 786], [48, 786]], [], [true, true]]",
27328,q,a,cx_stage2,,"[[[8, 786], [48, 786]], [], [true, true]]",
27329,q,a,cx_stage3,,"[[[8, 786], [48, 786]], [], [true, true]]",
27330,q,a,cx_stage1,,"[[[9, 789], [48, 789]], [], [true, true]]",
27331,q,a,cx_stage2,,"[[[9, 789], [48, 789]], [], [true, true]]",
27332,q,a,cx_stage3,,"[[[9, 789], [48, 789]], [], [true, true]]",
27333,q,a,p,,"[[[48, 790]], [], [true]]",
27334,q,a,cx_stage1,,"[[[9, 793], [48, 793]], [], [true, true]]",
27335,q,a,cx_stage2,,"[[[9, 793], [48, 793]], [], [true, true]]",
27336,q,a,cx_stage3,,"[[[9, 793], [48, 793]], [], [true, true]]",
27337,q,a,cx_stage1,,"[[[10, 796], [48, 796]], [], [true, true]]",
27338,q,a,cx_stage3,,"[[[10, 796], [48, 796]], [], [true, true]]",
27339,q,a,p,,"[[[48, 797]], [], [true]]",
27340,q,a,cx_stage1,,"[[[10, 800], [48, 800]], [], [true, true]]",
27341,q,a,cx_stage3,,"[[[10, 800], [48, 800]], [], [true, true]]",
27342,q,a,cx_stage1,,"[[[11, 803], [48, 803]], [], [true, true]]",
27343,q,a,cx_stage3,,"[[[11, 803], [48, 803]], [], [true, true]]",
27344,q,a,p,,"[[[48, 804]], [], [true]]",
27345,q,a,cx_stage1,,"[[[11, 807], [48, 807]], [], [true, true]]",
27346,q,a,cx_stage3,,"[[[11, 807], [48, 807]], [], [true, true]]",
27347,q,a,cx_stage1,,"[[[12, 810], [48, 810]], [], [true, true]]",
27348,q,a,cx_stage3,,"[[[12, 810], [48, 810]], [], [true, true]]",
27349,q,a,p,,"[[[48, 811]], [], [true]]",
27350,q,a,cx_stage1,,"[[[12, 814], [48, 814]], [], [true, true]]",
27351,q,a,cx_stage3,,"[[[12, 814], [48, 814]], [], [true, true]]",
27352,q,a,cx_stage1,,"[[[13, 817], [48, 817]], [], [true, true]]",
27353,q,a,cx_stage3,,"[[[13, 817], [48, 817]], [], [true, true]]",
27354,q,a,p,,"[[[48, 818]], [], [true]]",
27355,q,a,cx_stage1,,"[[[13, 821], [48, 821]], [], [true, true]]",
27356,q,a,cx_stage3,,"[[[13, 821], [48, 821]], [], [true, true]]",
27357,q,a,cx_stage1,,"[[[14, 824], [48, 824]], [], [true, true]]",
27358,q,a,cx_stage3,,"[[[14, 824], [48, 824]], [], [true, true]]",
27359,q,a,p,,"[[[48, 825]], [], [true]]",
27360,q,a,cx_stage1,,"[[[14, 828], [48, 828]], [], [true, true]]",
27361,q,a,cx_stage3,,"[[[14, 828], [48, 828]], [], [true, true]]",
27362,q,a,cx_stage1,,"[[[15, 831], [48, 831]], [], [true, true]]",
27363,q,a,cx_stage3,,"[[[15, 831], [48, 831]], [], [true, true]]",
27364,q,a,p,,"[[[48, 832]], [], [true]]",
27365,q,a,cx_stage1,,"[[[15, 835], [48, 835]], [], [true, true]]",
27366,q,a,cx_stage3,,"[[[15, 835], [48, 835]], [], [true, true]]",
27367,q,a,cx_stage1,,"[[[16, 838], [48, 838]], [], [true, true]]",
27368,q,a,cx_stage3,,"[[[16, 838], [48, 838]], [], [true, true]]",
27369,q,a,p,,"[[[48, 839]], [], [true]]",
27370,q,a,cx_stage1,,"[[[16, 842], [48, 842]], [], [true, true]]",
27371,q,a,cx_stage3,,"[[[16, 842], [48, 842]], [], [true, true]]",
27372,q,a,cx_stage1,,"[[[17, 845], [48, 845]], [], [true, true]]",
27373,q,a,cx_stage3,,"[[[17, 845], [48, 845]], [], [true, true]]",
27374,q,a,p,,"[[[48, 846]], [], [true]]",
27375,q,a,cx_stage1,,"[[[17, 849], [48, 849]], [], [true, true]]",
27376,q,a,cx_stage3,,"[[[17, 849], [48, 849]], [], [true, true]]",
27377,q,a,cx_stage1,,"[[[18, 852], [48, 852]], [], [true, true]]",
27378,q,a,cx_stage3,,"[[[18, 852], [48, 852]], [], [true, true]]",
27379,q,a,p,,"[[[48, 853]], [], [true]]",
27380,q,a,cx_stage1,,"[[[18, 856], [48, 856]], [], [true, true]]",
27381,q,a,cx_stage3,,"[[[18, 856], [48, 856]], [], [true, true]]",
27382,q,a,cx_stage1,,"[[[19, 859], [48, 859]], [], [true, true]]",
27383,q,a,cx_stage3,,"[[[19, 859], [48, 859]], [], [true, true]]",
27384,q,a,p,,"[[[48, 860]], [], [true]]",
27385,q,a,cx_stage1,,"[[[19, 863], [48, 863]], [], [true, true]]",
27386,q,a,cx_stage3,,"[[[19, 863], [48, 863]], [], [true, true]]",
27387,q,a,cx_stage1,,"[[[20, 866], [48, 866]], [], [true, true]]",
27388,q,a,cx_stage3,,"[[[20, 866], [48, 866]], [], [true, true]]",
27389,q,a,p,,"[[[48, 867]], [], [true]]",
27390,q,a,cx_stage1,,"[[[20, 870], [48, 870]], [], [true, true]]",
27391,q,a,cx_stage3,,"[[[20, 870], [48, 870]], [], [true, true]]",
27392,q,a,cx_stage1,,"[[[21, 873], [48, 873]], [], [true, true]]",
27393,q,a,cx_stage3,,"[[[21, 873], [48, 873]], [], [true, true]]",
27394,q,a,p,,"[[[48, 874]], [], [true]]",
27395,q,a,cx_stage1,,"[[[21, 877], [48, 877]], [], [true, true]]",
27396,q,a,cx_stage3,,"[[[21, 877], [48, 877]], [], [true, true]]",
27397,q,a,cx_stage1,,"[[[22, 880], [48, 880]], [], [true, true]]",
27398,q,a,cx_stage3,,"[[[22, 880], [48, 880]], [], [true, true]]",
27399,q,a,p,,"[[[48, 881]], [], [true]]",
27400,q,a,cx_stage1,,"[[[22, 884], [48, 884]], [], [true, true]]",
27401,q,a,cx_stage3,,"[[[22, 884], [48, 884]], [], [true, true]]",
27402,q,a,cx_stage1,,"[[[23, 887], [48, 887]], [], [true, true]]",
27403,q,a,cx_stage3,,"[[[23, 887], [48, 887]], [], [true, true]]",
27404,q,a,p,,"[[[48, 888]], [], [true]]",
27405,q,a,cx_stage1,,"[[[23, 891], [48, 891]], [], [true, true]]",
27406,q,a,cx_stage3,,"[[[23, 891], [48, 891]], [], [true, true]]",
27407,q,a,cx_stage1,,"[[[24, 894], [48, 894]], [], [true, true]]",
27408,q,a,cx_stage3,,"[[[24, 894], [48, 894]], [], [true, true]]",
27409,q,a,p,,"[[[48, 895]], [], [true]]",
27410,q,a,cx_stage1,,"[[[24, 898], [48, 898]], [], [true, true]]",
27411,q,a,cx_stage3,,"[[[24, 898], [48, 898]], [], [true, true]]",
27412,q,a,cx_stage1,,"[[[25, 901], [48, 901]], [], [true, true]]",
27413,q,a,cx_stage3,,"[[[25, 901], [48, 901]], [], [true, true]]",
27414,q,a,p,,"[[[48, 902]], [], [true]]",
27415,q,a,cx_stage1,,"[[[25, 905], [48, 905]], [], [true, true]]",
27416,q,a,cx_stage3,,"[[[25, 905], [48, 905]], [], [true, true]]",
27417,q,a,cx_stage1,,"[[[26, 908], [48, 908]], [], [true, true]]",
27418,q,a,cx_stage3,,"[[[26, 908], [48, 908]], [], [true, true]]",
27419,q,a,p,,"[[[48, 909]], [], [true]]",
27420,q,a,cx_stage1,,"[[[26, 912], [48, 912]], [], [true, true]]",
27421,q,a,cx_stage3,,"[[[26, 912], [48, 912]], [], [true, true]]",
27422,q,a,cx_stage1,,"[[[27, 915], [48, 915]], [], [true, true]]",
27423,q,a,cx_stage3,,"[[[27, 915], [48, 915]], [], [true, true]]",
27424,q,a,p,,"[[[48, 916]], [], [true]]",
27425,q,a,cx_stage1,,"[[[27, 919], [48, 919]], [], [true, true]]",
27426,q,a,cx_stage3,,"[[[27, 919], [48, 919]], [], [true, true]]",
27427,q,a,cx_stage1,,"[[[28, 922], [48, 922]], [], [true, true]]",
27428,q,a,cx_stage3,,"[[[28, 922], [48, 922]], [], [true, true]]",
27429,q,a,p,,"[[[48, 923]], [], [true]]",
27430,q,a,cx_stage1,,"[[[28, 926], [48, 926]], [], [true, true]]",
27431,q,a,cx_stage3,,"[[[28, 926], [48, 926]], [], [true, true]]",
27432,q,a,cx_stage1,,"[[[29, 929], [48, 929]], [], [true, true]]",
27433,q,a,cx_stage3,,"[[[29, 929], [48, 929]], [], [true, true]]",
27434,q,a,p,,"[[[48, 930]], [], [true]]",
27435,q,a,cx_stage1,,"[[[29, 933], [48, 933]], [], [true, true]]",
27436,q,a,cx_stage3,,"[[[29, 933], [48, 933]], [], [true, true]]",
27437,q,a,cx_stage1,,"[[[30, 936], [48, 936]], [], [true, true]]",
27438,q,a,cx_stage3,,"[[[30, 936], [48, 936]], [], [true, true]]",
27439,q,a,p,,"[[[48, 937]], [], [true]]",
27440,q,a,cx_stage1,,"[[[30, 940], [48, 940]], [], [true, true]]",
27441,q,a,cx_stage3,,"[[[30, 940], [48, 940]], [], [true, true]]",
27442,q,a,cx_stage1,,"[[[31, 943], [48, 943]], [], [true, true]]",
27443,q,a,cx_stage3,,"[[[31, 943], [48, 943]], [], [true, true]]",
27444,q,a,p,,"[[[48, 944]], [], [true]]",
27445,q,a,cx_stage1,,"[[[31, 947], [48, 947]], [], [true, true]]",
27446,q,a,cx_stage3,,"[[[31, 947], [48, 947]], [], [true, true]]",
27447,q,a,cx_stage1,,"[[[32, 950], [48, 950]], [], [true, true]]",
27448,q,a,cx_stage3,,"[[[32, 950], [48, 950]], [], [true, true]]",
27449,q,a,p,,"[[[48, 951]], [], [true]]",
27450,q,a,cx_stage1,,"[[[32, 954], [48, 954]], [], [true, true]]",
27451,q,a,cx_stage3,,"[[[32, 954], [48, 954]], [], [true, true]]",
27452,q,a,cx_stage1,,"[[[33, 957], [48, 957]], [], [true, true]]",
27453,q,a,cx_stage3,,"[[[33, 957], [48, 957]], [], [true, true]]",
27454,q,a,p,,"[[[48, 958]], [], [true]]",
27455,q,a,cx_stage1,,"[[[33, 961], [48, 961]], [], [true, true]]",
27456,q,a,cx_stage3,,"[[[33, 961], [48, 961]], [], [true, true]]",
27457,q,a,cx_stage1,,"[[[34, 964], [48, 964]], [], [true, true]]",
27458,q,a,cx_stage3,,"[[[34, 964], [48, 964]], [], [true, true]]",
27459,q,a,p,,"[[[48, 965]], [], [true]]",
27460,q,a,cx_stage1,,"[[[34, 968], [48, 968]], [], [true, true]]",
27461,q,a,cx_stage3,,"[[[34, 968], [48, 968]], [], [true, true]]",
27462,q,a,cx_stage1,,"[[[35, 971], [48, 971]], [], [true, true]]",
27463,q,a,cx_stage3,,"[[[35, 971], [48, 971]], [], [true, true]]",
27464,q,a,p,,"[[[48, 972]], [], [true]]",
27465,q,a,cx_stage1,,"[[[35, 975], [48, 975]], [], [true, true]]",
27466,q,a,cx_stage3,,"[[[35, 975], [48, 975]], [], [true, true]]",
27467,q,a,cx_stage1,,"[[[36, 978], [48, 978]], [], [true, true]]",
27468,q,a,cx_stage3,,"[[[36, 978], [48, 978]], [], [true, true]]",
27469,q,a,p,,"[[[48, 979]], [], [true]]",
27470,q,a,cx_stage1,,"[[[36, 982], [48, 982]], [], [true, true]]",
27471,q,a,cx_stage3,,"[[[36, 982], [48, 982]], [], [true, true]]",
27472,q,a,cx_stage1,,"[[[37, 985], [48, 985]], [], [true, true]]",
27473,q,a,cx_stage3,,"[[[37, 985], [48, 985]], [], [true, true]]",
27474,q,a,p,,"[[[48, 986]], [], [true]]",
27475,q,a,cx_stage1,,"[[[37, 989], [48, 989]], [], [true, true]]",
27476,q,a,cx_stage3,,"[[[37, 989], [48, 989]], [], [true, true]]",
27477,q,a,cx_stage1,,"[[[38, 992], [48, 992]], [], [true, true]]",
27478,q,a,cx_stage3,,"[[[38, 992], [48, 992]], [], [true, true]]",
27479,q,a,p,,"[[[48, 993]], [], [true]]",
27480,q,a,cx_stage1,,"[[[38, 996], [48, 996]], [], [true, true]]",
27481,q,a,cx_stage3,,"[[[38, 996], [48, 996]], [], [true, true]]",
27482,q,a,cx_stage1,,"[[[39, 999], [48, 999]], [], [true, true]]",
27483,q,a,cx_stage3,,"[[[39, 999], [48, 999]], [], [true, true]]",
27484,q,a,u2,,"[[[49, 1]], [], [true]]",
27485,q,a,cx_stage1,,"[[[0, 340], [49, 340]], [], [true, true]]",
27486,q,a,cx_stage1,,"[[[38, 1003], [49, 1003]], [], [true, true]]",
27487,q,a,p,,"[[[49, 1000]], [], [true]]",
27488,q,a,cx_stage3,,"[[[38, 1003], [49, 1003]], [], [true, true]]",
27489,q,a,cx_stage1,,"[[[39, 1006], [49, 1006]], [], [true, true]]",
27490,q,a,cx_stage3,,"[[[39, 1006], [49, 1006]], [], [true, true]]",
27491,q,a,p,,"[[[49, 1007]], [], [true]]",
27492,q,a,cx_stage1,,"[[[39, 1010], [49, 1010]], [], [true, true]]",
27493,q,a,cx_stage3,,"[[[39, 1010], [49, 1010]], [], [true, true]]",
27494,q,a,cx_stage1,,"[[[40, 1013], [49, 1013]], [], [true, true]]",
27495,q,a,cx_stage3,,"[[[40, 1013], [49, 1013]], [], [true, true]]",
27496,q,a,p,,"[[[49, 1014]], [], [true]]",
27497,q,a,cx_stage1,,"[[[40, 1017], [49, 1017]], [], [true, true]]",
27498,q,a,cx_stage3,,"[[[40, 1017], [49, 1017]], [], [true, true]]",
27499,q,a,cx_stage1,,"[[[41, 1020], [49, 1020]], [], [true, true]]",
27500,q,a,cx_stage3,,"[[[41, 1020], [49, 1020]], [], [true, true]]",
27501,q,a,p,,"[[[49, 1021]], [], [true]]",
27502,q,a,cx_stage1,,"[[[41, 1024], [49, 1024]], [], [true, true]]",
27503,q,a,cx_stage3,,"[[[41, 1024], [49, 1024]], [], [true, true]]",
27504,q,a,cx_stage1,,"[[[42, 1027], [49, 1027]], [], [true, true]]",
27505,q,a,cx_stage3,,"[[[42, 1027], [49, 1027]], [], [true, true]]",
27506,q,a,p,,"[[[49, 1028]], [], [true]]",
27507,q,a,cx_stage1,,"[[[42, 1031], [49, 1031]], [], [true, true]]",
27508,q,a,cx_stage3,,"[[[42, 1031], [49, 1031]], [], [true, true]]",
27509,q,a,cx_stage1,,"[[[43, 1034], [49, 1034]], [], [true, true]]",
27510,q,a,cx_stage3,,"[[[43, 1034], [49, 1034]], [], [true, true]]",
27511,q,a,p,,"[[[49, 1035]], [], [true]]",
27512,q,a,cx_stage1,,"[[[43, 1038], [49, 1038]], [], [true, true]]",
27513,q,a,cx_stage3,,"[[[43, 1038], [49, 1038]], [], [true, true]]",
27514,q,a,cx_stage1,,"[[[44, 1041], [49, 1041]], [], [true, true]]",
27515,q,a,cx_stage3,,"[[[44, 1041], [49, 1041]], [], [true, true]]",
27516,q,a,p,,"[[[49, 1042]], [], [true]]",
27517,q,a,cx_stage1,,"[[[44, 1045], [49, 1045]], [], [true, true]]",
27518,q,a,cx_stage3,,"[[[44, 1045], [49, 1045]], [], [true, true]]",
27519,q,a,cx_stage1,,"[[[45, 1048], [49, 1048]], [], [true, true]]",
27520,q,a,cx_stage3,,"[[[45, 1048], [49, 1048]], [], [true, true]]",
27521,q,a,p,,"[[[49, 1049]], [], [true]]",
27522,q,a,cx_stage1,,"[[[45, 1052], [49, 1052]], [], [true, true]]",
27523,q,a,cx_stage3,,"[[[45, 1052], [49, 1052]], [], [true, true]]",
27524,q,a,cx_stage1,,"[[[46, 1055], [49, 1055]], [], [true, true]]",
27525,q,a,cx_stage3,,"[[[46, 1055], [49, 1055]], [], [true, true]]",
27526,q,a,p,,"[[[49, 1056]], [], [true]]",
27527,q,a,cx_stage1,,"[[[46, 1059], [49, 1059]], [], [true, true]]",
27528,q,a,cx_stage3,,"[[[46, 1059], [49, 1059]], [], [true, true]]",
27529,q,a,cx_stage1,,"[[[47, 1062], [49, 1062]], [], [true, true]]",
27530,q,a,cx_stage3,,"[[[47, 1062], [49, 1062]], [], [true, true]]",
27531,q,a,p,,"[[[49, 1063]], [], [true]]",
27532,q,a,cx_stage1,,"[[[47, 1066], [49, 1066]], [], [true, true]]",
27533,q,a,cx_stage3,,"[[[47, 1066], [49, 1066]], [], [true, true]]",
27534,q,a,cx_stage1,,"[[[48, 1069], [49, 1069]], [], [true, true]]",
27535,q,a,cx_stage3,,"[[[48, 1069], [49, 1069]], [], [true, true]]",
27536,q,a,p,,"[[[49, 1070]], [], [true]]",
27537,q,a,cx_stage1,,"[[[48, 1073], [49, 1073]], [], [true, true]]",
27538,q,a,cx_stage3,,"[[[48, 1073], [49, 1073]], [], [true, true]]",
27539,q,a,cx_stage1,,"[[[49, 1083], [50, 1083]], [], [true, true]]",
27540,q,a,cx_stage2,,"[[[49, 1083], [50, 1083]], [], [true, true]]",
27541,q,a,cx_stage3,,"[[[49, 1083], [50, 1083]], [], [true, true]]",
27542,q,a,cx_stage1,,"[[[49, 1087], [50, 1087]], [], [true, true]]",
27543,q,a,cx_stage2,,"[[[49, 1087], [50, 1087]], [], [true, true]]",
27544,q,a,cx_stage3,,"[[[49, 1087], [50, 1087]], [], [true, true]]",
27545,q,a,cx_stage1,,"[[[49, 1090], [51, 1090]], [], [true, true]]",
27546,q,a,cx_stage2,,"[[[49, 1090], [51, 1090]], [], [true, true]]",
27547,q,a,cx_stage3,,"[[[49, 1090], [51, 1090]], [], [true, true]]",
27548,q,a,cx_stage1,,"[[[49, 1094], [51, 1094]], [], [true, true]]",
27549,q,a,cx_stage2,,"[[[49, 1094], [51, 1094]], [], [true, true]]",
27550,q,a,cx_stage3,,"[[[49, 1094], [51, 1094]], [], [true, true]]",
27551,q,a,cx_stage1,,"[[[49, 1097], [52, 1097]], [], [true, true]]",
27552,q,a,cx_stage2,,"[[[49, 1097], [52, 1097]], [], [true, true]]",
27553,q,a,cx_stage3,,"[[[49, 1097], [52, 1097]], [], [true, true]]",
27554,q,a,cx_stage1,,"[[[49, 1101], [52, 1101]], [], [true, true]]",
27555,q,a,cx_stage2,,"[[[49, 1101], [52, 1101]], [], [true, true]]",
27556,q,a,cx_stage3,,"[[[49, 1101], [52, 1101]], [], [true, true]]",
27557,q,a,cx_stage1,,"[[[49, 1104], [53, 1104]], [], [true, true]]",
27558,q,a,cx_stage2,,"[[[49, 1104], [53, 1104]], [], [true, true]]",
27559,q,a,cx_stage3,,"[[[49, 1104], [53, 1104]], [], [true, true]]",
27560,q,a,cx_stage1,,"[[[49, 1108], [53, 1108]], [], [true, true]]",
27561,q,a,cx_stage2,,"[[[49, 1108], [53, 1108]], [], [true, true]]",
27562,q,a,cx_stage3,,"[[[49, 1108], [53, 1108]], [], [true, true]]",
27563,q,a,cx_stage1,,"[[[49, 1111], [54, 1111]], [], [true, true]]",
27564,q,a,cx_stage2,,"[[[49, 1111], [54, 1111]], [], [true, true]]",
27565,q,a,cx_stage3,,"[[[49, 1111], [54, 1111]], [], [true, true]]",
27566,q,a,cx_stage1,,"[[[49, 1115], [54, 1115]], [], [true, true]]",
27567,q,a,cx_stage2,,"[[[49, 1115], [54, 1115]], [], [true, true]]",
27568,q,a,cx_stage3,,"[[[49, 1115], [54, 1115]], [], [true, true]]",
27569,q,a,cx_stage1,,"[[[49, 1118], [55, 1118]], [], [true, true]]",
27570,q,a,cx_stage2,,"[[[49, 1118], [55, 1118]], [], [true, true]]",
27571,q,a,cx_stage3,,"[[[49, 1118], [55, 1118]], [], [true, true]]",
27572,q,a,cx_stage1,,"[[[49, 1122], [55, 1122]], [], [true, true]]",
27573,q,a,cx_stage2,,"[[[49, 1122], [55, 1122]], [], [true, true]]",
27574,q,a,cx_stage3,,"[[[49, 1122], [55, 1122]], [], [true, true]]",
27575,q,a,ry,,"[[[49, 1123]], [], [true]]",
27576,q,a,cx_stage1,,"[[[49, 1176], [50, 1176]], [], [true, true]]",
27577,q,a,cx_stage2,,"[[[49, 1176], [50, 1176]], [], [true, true]]",
27578,q,a,cx_stage3,,"[[[49, 1176], [50, 1176]], [], [true, true]]",
27579,q,a,cx_stage1,,"[[[48, 1179], [49, 1179]], [], [true, true]]",
27580,q,a,cx_stage3,,"[[[48, 1179], [49, 1179]], [], [true, true]]",
27581,q,a,ry,,"[[[49, 1180]], [], [true]]",
27582,q,a,cx_stage3,,"[[[0, 340], [49, 340]], [], [true, true]]",
27583,q,a,p,,"[[[49, 341]], [], [true]]",
27584,q,a,cx_stage1,,"[[[0, 344], [49, 344]], [], [true, true]]",
27585,q,a,cx_stage3,,"[[[0, 344], [49, 344]], [], [true, true]]",
27586,q,a,cx_stage1,,"[[[1, 347], [49, 347]], [], [true, true]]",
27587,q,a,cx_stage3,,"[[[1, 347], [49, 347]], [], [true, true]]",
27588,q,a,p,,"[[[49, 348]], [], [true]]",
27589,q,a,cx_stage1,,"[[[1, 351], [49, 351]], [], [true, true]]",
27590,q,a,cx_stage3,,"[[[1, 351], [49, 351]], [], [true, true]]",
27591,q,a,cx_stage1,,"[[[2, 354], [49, 354]], [], [true, true]]",
27592,q,a,cx_stage3,,"[[[2, 354], [49, 354]], [], [true, true]]",
27593,q,a,p,,"[[[49, 355]], [], [true]]",
27594,q,a,cx_stage1,,"[[[2, 358], [49, 358]], [], [true, true]]",
27595,q,a,cx_stage3,,"[[[2, 358], [49, 358]], [], [true, true]]",
27596,q,a,cx_stage1,,"[[[3, 361], [49, 361]], [], [true, true]]",
27597,q,a,cx_stage3,,"[[[3, 361], [49, 361]], [], [true, true]]",
27598,q,a,p,,"[[[49, 362]], [], [true]]",
27599,q,a,cx_stage1,,"[[[3, 365], [49, 365]], [], [true, true]]",
27600,q,a,cx_stage3,,"[[[3, 365], [49, 365]], [], [true, true]]",
27601,q,a,cx_stage1,,"[[[4, 368], [49, 368]], [], [true, true]]",
27602,q,a,cx_stage2,,"[[[4, 368], [49, 368]], [], [true, true]]",
27603,q,a,cx_stage3,,"[[[4, 368], [49, 368]], [], [true, true]]",
27604,q,a,p,,"[[[49, 369]], [], [true]]",
27605,q,a,cx_stage1,,"[[[4, 372], [49, 372]], [], [true, true]]",
27606,q,a,cx_stage2,,"[[[4, 372], [49, 372]], [], [true, true]]",
27607,q,a,cx_stage3,,"[[[4, 372], [49, 372]], [], [true, true]]",
27608,q,a,cx_stage1,,"[[[5, 375], [49, 375]], [], [true, true]]",
27609,q,a,cx_stage2,,"[[[5, 375], [49, 375]], [], [true, true]]",
27610,q,a,cx_stage3,,"[[[5, 375], [49, 375]], [], [true, true]]",
27611,q,a,p,,"[[[49, 376]], [], [true]]",
27612,q,a,cx_stage1,,"[[[5, 379], [49, 379]], [], [true, true]]",
27613,q,a,cx_stage2,,"[[[5, 379], [49, 379]], [], [true, true]]",
27614,q,a,cx_stage3,,"[[[5, 379], [49, 379]], [], [true, true]]",
27615,q,a,cx_stage1,,"[[[6, 382], [49, 382]], [], [true, true]]",
27616,q,a,cx_stage2,,"[[[6, 382], [49, 382]], [], [true, true]]",
27617,q,a,cx_stage3,,"[[[6, 382], [49, 382]], [], [true, true]]",
27618,q,a,p,,"[[[49, 383]], [], [true]]",
27619,q,a,cx_stage1,,"[[[6, 386], [49, 386]], [], [true, true]]",
27620,q,a,cx_stage2,,"[[[6, 386], [49, 386]], [], [true, true]]",
27621,q,a,cx_stage3,,"[[[6, 386], [49, 386]], [], [true, true]]",
27622,q,a,cx_stage1,,"[[[7, 389], [49, 389]], [], [true, true]]",
27623,q,a,cx_stage2,,"[[[7, 389], [49, 389]], [], [true, true]]",
27624,q,a,cx_stage3,,"[[[7, 389], [49, 389]], [], [true, true]]",
27625,q,a,p,,"[[[49, 390]], [], [true]]",
27626,q,a,cx_stage1,,"[[[7, 393], [49, 393]], [], [true, true]]",
27627,q,a,cx_stage2,,"[[[7, 393], [49, 393]], [], [true, true]]",
27628,q,a,cx_stage3,,"[[[7, 393], [49, 393]], [], [true, true]]",
27629,q,a,cx_stage1,,"[[[8, 396], [49, 396]], [], [true, true]]",
27630,q,a,cx_stage2,,"[[[8, 396], [49, 396]], [], [true, true]]",
27631,q,a,cx_stage3,,"[[[8, 396], [49, 396]], [], [true, true]]",
27632,q,a,p,,"[[[49, 397]], [], [true]]",
27633,q,a,cx_stage1,,"[[[8, 400], [49, 400]], [], [true, true]]",
27634,q,a,cx_stage2,,"[[[8, 400], [49, 400]], [], [true, true]]",
27635,q,a,cx_stage3,,"[[[8, 400], [49, 400]], [], [true, true]]",
27636,q,a,cx_stage1,,"[[[9, 403], [49, 403]], [], [true, true]]",
27637,q,a,cx_stage2,,"[[[9, 403], [49, 403]], [], [true, true]]",
27638,q,a,cx_stage3,,"[[[9, 403], [49, 403]], [], [true, true]]",
27639,q,a,p,,"[[[49, 404]], [], [true]]",
27640,q,a,cx_stage1,,"[[[9, 407], [49, 407]], [], [true, true]]",
27641,q,a,cx_stage2,,"[[[9, 407], [49, 407]], [], [true, true]]",
27642,q,a,cx_stage3,,"[[[9, 407], [49, 407]], [], [true, true]]",
27643,q,a,cx_stage1,,"[[[10, 410], [49, 410]], [], [true, true]]",
27644,q,a,cx_stage3,,"[[[10, 410], [49, 410]], [], [true, true]]",
27645,q,a,p,,"[[[49, 411]], [], [true]]",
27646,q,a,cx_stage1,,"[[[10, 414], [49, 414]], [], [true, true]]",
27647,q,a,cx_stage3,,"[[[10, 414], [49, 414]], [], [true, true]]",
27648,q,a,cx_stage1,,"[[[11, 417], [49, 417]], [], [true, true]]",
27649,q,a,cx_stage3,,"[[[11, 417], [49, 417]], [], [true, true]]",
27650,q,a,p,,"[[[49, 418]], [], [true]]",
27651,q,a,cx_stage1,,"[[[11, 421], [49, 421]], [], [true, true]]",
27652,q,a,cx_stage3,,"[[[11, 421], [49, 421]], [], [true, true]]",
27653,q,a,cx_stage1,,"[[[12, 424], [49, 424]], [], [true, true]]",
27654,q,a,cx_stage3,,"[[[12, 424], [49, 424]], [], [true, true]]",
27655,q,a,p,,"[[[49, 425]], [], [true]]",
27656,q,a,cx_stage1,,"[[[12, 428], [49, 428]], [], [true, true]]",
27657,q,a,cx_stage3,,"[[[12, 428], [49, 428]], [], [true, true]]",
27658,q,a,cx_stage1,,"[[[13, 431], [49, 431]], [], [true, true]]",
27659,q,a,cx_stage3,,"[[[13, 431], [49, 431]], [], [true, true]]",
27660,q,a,p,,"[[[49, 432]], [], [true]]",
27661,q,a,cx_stage1,,"[[[13, 435], [49, 435]], [], [true, true]]",
27662,q,a,cx_stage3,,"[[[13, 435], [49, 435]], [], [true, true]]",
27663,q,a,cx_stage1,,"[[[14, 438], [49, 438]], [], [true, true]]",
27664,q,a,cx_stage3,,"[[[14, 438], [49, 438]], [], [true, true]]",
27665,q,a,p,,"[[[49, 439]], [], [true]]",
27666,q,a,cx_stage1,,"[[[14, 442], [49, 442]], [], [true, true]]",
27667,q,a,cx_stage3,,"[[[14, 442], [49, 442]], [], [true, true]]",
27668,q,a,cx_stage1,,"[[[15, 445], [49, 445]], [], [true, true]]",
27669,q,a,cx_stage3,,"[[[15, 445], [49, 445]], [], [true, true]]",
27670,q,a,p,,"[[[49, 446]], [], [true]]",
27671,q,a,cx_stage1,,"[[[15, 449], [49, 449]], [], [true, true]]",
27672,q,a,cx_stage3,,"[[[15, 449], [49, 449]], [], [true, true]]",
27673,q,a,cx_stage1,,"[[[16, 452], [49, 452]], [], [true, true]]",
27674,q,a,cx_stage3,,"[[[16, 452], [49, 452]], [], [true, true]]",
27675,q,a,p,,"[[[49, 453]], [], [true]]",
27676,q,a,cx_stage1,,"[[[16, 456], [49, 456]], [], [true, true]]",
27677,q,a,cx_stage3,,"[[[16, 456], [49, 456]], [], [true, true]]",
27678,q,a,cx_stage1,,"[[[17, 459], [49, 459]], [], [true, true]]",
27679,q,a,cx_stage3,,"[[[17, 459], [49, 459]], [], [true, true]]",
27680,q,a,p,,"[[[49, 460]], [], [true]]",
27681,q,a,cx_stage1,,"[[[17, 463], [49, 463]], [], [true, true]]",
27682,q,a,cx_stage3,,"[[[17, 463], [49, 463]], [], [true, true]]",
27683,q,a,cx_stage1,,"[[[18, 466], [49, 466]], [], [true, true]]",
27684,q,a,cx_stage3,,"[[[18, 466], [49, 466]], [], [true, true]]",
27685,q,a,p,,"[[[49, 467]], [], [true]]",
27686,q,a,cx_stage1,,"[[[18, 470], [49, 470]], [], [true, true]]",
27687,q,a,cx_stage3,,"[[[18, 470], [49, 470]], [], [true, true]]",
27688,q,a,cx_stage1,,"[[[19, 473], [49, 473]], [], [true, true]]",
27689,q,a,cx_stage3,,"[[[19, 473], [49, 473]], [], [true, true]]",
27690,q,a,p,,"[[[49, 474]], [], [true]]",
27691,q,a,cx_stage1,,"[[[19, 477], [49, 477]], [], [true, true]]",
27692,q,a,cx_stage3,,"[[[19, 477], [49, 477]], [], [true, true]]",
27693,q,a,cx_stage1,,"[[[20, 480], [49, 480]], [], [true, true]]",
27694,q,a,cx_stage3,,"[[[20, 480], [49, 480]], [], [true, true]]",
27695,q,a,p,,"[[[49, 481]], [], [true]]",
27696,q,a,cx_stage1,,"[[[20, 484], [49, 484]], [], [true, true]]",
27697,q,a,cx_stage3,,"[[[20, 484], [49, 484]], [], [true, true]]",
27698,q,a,cx_stage1,,"[[[21, 487], [49, 487]], [], [true, true]]",
27699,q,a,cx_stage3,,"[[[21, 487], [49, 487]], [], [true, true]]",
27700,q,a,p,,"[[[49, 488]], [], [true]]",
27701,q,a,cx_stage1,,"[[[21, 491], [49, 491]], [], [true, true]]",
27702,q,a,cx_stage3,,"[[[21, 491], [49, 491]], [], [true, true]]",
27703,q,a,cx_stage1,,"[[[22, 494], [49, 494]], [], [true, true]]",
27704,q,a,cx_stage3,,"[[[22, 494], [49, 494]], [], [true, true]]",
27705,q,a,p,,"[[[49, 495]], [], [true]]",
27706,q,a,cx_stage1,,"[[[22, 498], [49, 498]], [], [true, true]]",
27707,q,a,cx_stage3,,"[[[22, 498], [49, 498]], [], [true, true]]",
27708,q,a,cx_stage1,,"[[[23, 501], [49, 501]], [], [true, true]]",
27709,q,a,cx_stage3,,"[[[23, 501], [49, 501]], [], [true, true]]",
27710,q,a,p,,"[[[49, 502]], [], [true]]",
27711,q,a,cx_stage1,,"[[[23, 505], [49, 505]], [], [true, true]]",
27712,q,a,cx_stage3,,"[[[23, 505], [49, 505]], [], [true, true]]",
27713,q,a,cx_stage1,,"[[[24, 508], [49, 508]], [], [true, true]]",
27714,q,a,cx_stage3,,"[[[24, 508], [49, 508]], [], [true, true]]",
27715,q,a,p,,"[[[49, 509]], [], [true]]",
27716,q,a,cx_stage1,,"[[[24, 512], [49, 512]], [], [true, true]]",
27717,q,a,cx_stage3,,"[[[24, 512], [49, 512]], [], [true, true]]",
27718,q,a,cx_stage1,,"[[[25, 515], [49, 515]], [], [true, true]]",
27719,q,a,cx_stage3,,"[[[25, 515], [49, 515]], [], [true, true]]",
27720,q,a,p,,"[[[49, 516]], [], [true]]",
27721,q,a,cx_stage1,,"[[[25, 519], [49, 519]], [], [true, true]]",
27722,q,a,cx_stage3,,"[[[25, 519], [49, 519]], [], [true, true]]",
27723,q,a,cx_stage1,,"[[[26, 522], [49, 522]], [], [true, true]]",
27724,q,a,cx_stage3,,"[[[26, 522], [49, 522]], [], [true, true]]",
27725,q,a,p,,"[[[49, 523]], [], [true]]",
27726,q,a,cx_stage1,,"[[[26, 526], [49, 526]], [], [true, true]]",
27727,q,a,cx_stage3,,"[[[26, 526], [49, 526]], [], [true, true]]",
27728,q,a,cx_stage1,,"[[[27, 529], [49, 529]], [], [true, true]]",
27729,q,a,cx_stage3,,"[[[27, 529], [49, 529]], [], [true, true]]",
27730,q,a,p,,"[[[49, 530]], [], [true]]",
27731,q,a,cx_stage1,,"[[[27, 533], [49, 533]], [], [true, true]]",
27732,q,a,cx_stage3,,"[[[27, 533], [49, 533]], [], [true, true]]",
27733,q,a,cx_stage1,,"[[[28, 536], [49, 536]], [], [true, true]]",
27734,q,a,cx_stage3,,"[[[28, 536], [49, 536]], [], [true, true]]",
27735,q,a,p,,"[[[49, 537]], [], [true]]",
27736,q,a,cx_stage1,,"[[[28, 540], [49, 540]], [], [true, true]]",
27737,q,a,cx_stage3,,"[[[28, 540], [49, 540]], [], [true, true]]",
27738,q,a,cx_stage1,,"[[[29, 543], [49, 543]], [], [true, true]]",
27739,q,a,cx_stage3,,"[[[29, 543], [49, 543]], [], [true, true]]",
27740,q,a,p,,"[[[49, 544]], [], [true]]",
27741,q,a,cx_stage1,,"[[[29, 547], [49, 547]], [], [true, true]]",
27742,q,a,cx_stage3,,"[[[29, 547], [49, 547]], [], [true, true]]",
27743,q,a,cx_stage1,,"[[[30, 550], [49, 550]], [], [true, true]]",
27744,q,a,cx_stage3,,"[[[30, 550], [49, 550]], [], [true, true]]",
27745,q,a,p,,"[[[49, 551]], [], [true]]",
27746,q,a,cx_stage1,,"[[[30, 554], [49, 554]], [], [true, true]]",
27747,q,a,cx_stage3,,"[[[30, 554], [49, 554]], [], [true, true]]",
27748,q,a,cx_stage1,,"[[[31, 557], [49, 557]], [], [true, true]]",
27749,q,a,cx_stage3,,"[[[31, 557], [49, 557]], [], [true, true]]",
27750,q,a,p,,"[[[49, 558]], [], [true]]",
27751,q,a,cx_stage1,,"[[[31, 561], [49, 561]], [], [true, true]]",
27752,q,a,cx_stage3,,"[[[31, 561], [49, 561]], [], [true, true]]",
27753,q,a,cx_stage1,,"[[[32, 564], [49, 564]], [], [true, true]]",
27754,q,a,cx_stage3,,"[[[32, 564], [49, 564]], [], [true, true]]",
27755,q,a,p,,"[[[49, 565]], [], [true]]",
27756,q,a,cx_stage1,,"[[[32, 568], [49, 568]], [], [true, true]]",
27757,q,a,cx_stage3,,"[[[32, 568], [49, 568]], [], [true, true]]",
27758,q,a,cx_stage1,,"[[[33, 571], [49, 571]], [], [true, true]]",
27759,q,a,cx_stage3,,"[[[33, 571], [49, 571]], [], [true, true]]",
27760,q,a,p,,"[[[49, 572]], [], [true]]",
27761,q,a,cx_stage1,,"[[[33, 575], [49, 575]], [], [true, true]]",
27762,q,a,cx_stage3,,"[[[33, 575], [49, 575]], [], [true, true]]",
27763,q,a,cx_stage1,,"[[[34, 578], [49, 578]], [], [true, true]]",
27764,q,a,cx_stage3,,"[[[34, 578], [49, 578]], [], [true, true]]",
27765,q,a,p,,"[[[49, 579]], [], [true]]",
27766,q,a,cx_stage1,,"[[[34, 582], [49, 582]], [], [true, true]]",
27767,q,a,cx_stage3,,"[[[34, 582], [49, 582]], [], [true, true]]",
27768,q,a,cx_stage1,,"[[[35, 585], [49, 585]], [], [true, true]]",
27769,q,a,cx_stage3,,"[[[35, 585], [49, 585]], [], [true, true]]",
27770,q,a,p,,"[[[49, 586]], [], [true]]",
27771,q,a,cx_stage1,,"[[[35, 589], [49, 589]], [], [true, true]]",
27772,q,a,cx_stage3,,"[[[35, 589], [49, 589]], [], [true, true]]",
27773,q,a,cx_stage1,,"[[[36, 592], [49, 592]], [], [true, true]]",
27774,q,a,cx_stage3,,"[[[36, 592], [49, 592]], [], [true, true]]",
27775,q,a,p,,"[[[49, 593]], [], [true]]",
27776,q,a,cx_stage1,,"[[[36, 596], [49, 596]], [], [true, true]]",
27777,q,a,cx_stage3,,"[[[36, 596], [49, 596]], [], [true, true]]",
27778,q,a,cx_stage1,,"[[[37, 599], [49, 599]], [], [true, true]]",
27779,q,a,cx_stage3,,"[[[37, 599], [49, 599]], [], [true, true]]",
27780,q,a,p,,"[[[49, 600]], [], [true]]",
27781,q,a,cx_stage1,,"[[[37, 603], [49, 603]], [], [true, true]]",
27782,q,a,cx_stage3,,"[[[37, 603], [49, 603]], [], [true, true]]",
27783,q,a,cx_stage1,,"[[[38, 606], [49, 606]], [], [true, true]]",
27784,q,a,cx_stage3,,"[[[38, 606], [49, 606]], [], [true, true]]",
27785,q,a,p,,"[[[49, 607]], [], [true]]",
27786,q,a,cx_stage1,,"[[[38, 610], [49, 610]], [], [true, true]]",
27787,q,a,cx_stage3,,"[[[38, 610], [49, 610]], [], [true, true]]",
27788,q,a,cx_stage1,,"[[[39, 613], [49, 613]], [], [true, true]]",
27789,q,a,cx_stage3,,"[[[39, 613], [49, 613]], [], [true, true]]",
27790,q,a,p,,"[[[49, 614]], [], [true]]",
27791,q,a,cx_stage1,,"[[[39, 617], [49, 617]], [], [true, true]]",
27792,q,a,cx_stage3,,"[[[39, 617], [49, 617]], [], [true, true]]",
27793,q,a,cx_stage1,,"[[[40, 620], [49, 620]], [], [true, true]]",
27794,q,a,cx_stage3,,"[[[40, 620], [49, 620]], [], [true, true]]",
27795,q,a,p,,"[[[49, 621]], [], [true]]",
27796,q,a,cx_stage1,,"[[[40, 624], [49, 624]], [], [true, true]]",
27797,q,a,cx_stage3,,"[[[40, 624], [49, 624]], [], [true, true]]",
27798,q,a,cx_stage1,,"[[[41, 627], [49, 627]], [], [true, true]]",
27799,q,a,cx_stage3,,"[[[41, 627], [49, 627]], [], [true, true]]",
27800,q,a,p,,"[[[49, 628]], [], [true]]",
27801,q,a,cx_stage1,,"[[[41, 631], [49, 631]], [], [true, true]]",
27802,q,a,cx_stage3,,"[[[41, 631], [49, 631]], [], [true, true]]",
27803,q,a,cx_stage1,,"[[[42, 634], [49, 634]], [], [true, true]]",
27804,q,a,cx_stage3,,"[[[42, 634], [49, 634]], [], [true, true]]",
27805,q,a,p,,"[[[49, 635]], [], [true]]",
27806,q,a,cx_stage1,,"[[[42, 638], [49, 638]], [], [true, true]]",
27807,q,a,cx_stage3,,"[[[42, 638], [49, 638]], [], [true, true]]",
27808,q,a,cx_stage1,,"[[[43, 641], [49, 641]], [], [true, true]]",
27809,q,a,cx_stage3,,"[[[43, 641], [49, 641]], [], [true, true]]",
27810,q,a,p,,"[[[49, 642]], [], [true]]",
27811,q,a,cx_stage1,,"[[[43, 645], [49, 645]], [], [true, true]]",
27812,q,a,cx_stage3,,"[[[43, 645], [49, 645]], [], [true, true]]",
27813,q,a,cx_stage1,,"[[[44, 648], [49, 648]], [], [true, true]]",
27814,q,a,cx_stage3,,"[[[44, 648], [49, 648]], [], [true, true]]",
27815,q,a,p,,"[[[49, 649]], [], [true]]",
27816,q,a,cx_stage1,,"[[[44, 652], [49, 652]], [], [true, true]]",
27817,q,a,cx_stage3,,"[[[44, 652], [49, 652]], [], [true, true]]",
27818,q,a,cx_stage1,,"[[[45, 655], [49, 655]], [], [true, true]]",
27819,q,a,cx_stage3,,"[[[45, 655], [49, 655]], [], [true, true]]",
27820,q,a,p,,"[[[49, 656]], [], [true]]",
27821,q,a,cx_stage1,,"[[[45, 659], [49, 659]], [], [true, true]]",
27822,q,a,cx_stage3,,"[[[45, 659], [49, 659]], [], [true, true]]",
27823,q,a,cx_stage1,,"[[[46, 662], [49, 662]], [], [true, true]]",
27824,q,a,cx_stage3,,"[[[46, 662], [49, 662]], [], [true, true]]",
27825,q,a,p,,"[[[49, 663]], [], [true]]",
27826,q,a,cx_stage1,,"[[[46, 666], [49, 666]], [], [true, true]]",
27827,q,a,cx_stage3,,"[[[46, 666], [49, 666]], [], [true, true]]",
27828,q,a,cx_stage1,,"[[[47, 669], [49, 669]], [], [true, true]]",
27829,q,a,cx_stage3,,"[[[47, 669], [49, 669]], [], [true, true]]",
27830,q,a,p,,"[[[49, 670]], [], [true]]",
27831,q,a,cx_stage1,,"[[[47, 673], [49, 673]], [], [true, true]]",
27832,q,a,cx_stage3,,"[[[47, 673], [49, 673]], [], [true, true]]",
27833,q,a,cx_stage1,,"[[[48, 676], [49, 676]], [], [true, true]]",
27834,q,a,cx_stage3,,"[[[48, 676], [49, 676]], [], [true, true]]",
27835,q,a,p,,"[[[49, 677]], [], [true]]",
27836,q,a,cx_stage1,,"[[[48, 680], [49, 680]], [], [true, true]]",
27837,q,a,cx_stage3,,"[[[48, 680], [49, 680]], [], [true, true]]",
27838,q,a,cx_stage1,,"[[[49, 690], [50, 690]], [], [true, true]]",
27839,q,a,cx_stage2,,"[[[49, 690], [50, 690]], [], [true, true]]",
27840,q,a,cx_stage3,,"[[[49, 690], [50, 690]], [], [true, true]]",
27841,q,a,cx_stage1,,"[[[49, 694], [50, 694]], [], [true, true]]",
27842,q,a,cx_stage2,,"[[[49, 694], [50, 694]], [], [true, true]]",
27843,q,a,cx_stage3,,"[[[49, 694], [50, 694]], [], [true, true]]",
27844,q,a,cx_stage1,,"[[[49, 697], [51, 697]], [], [true, true]]",
27845,q,a,cx_stage2,,"[[[49, 697], [51, 697]], [], [true, true]]",
27846,q,a,cx_stage3,,"[[[49, 697], [51, 697]], [], [true, true]]",
27847,q,a,cx_stage1,,"[[[49, 701], [51, 701]], [], [true, true]]",
27848,q,a,cx_stage2,,"[[[49, 701], [51, 701]], [], [true, true]]",
27849,q,a,cx_stage3,,"[[[49, 701], [51, 701]], [], [true, true]]",
27850,q,a,cx_stage1,,"[[[49, 704], [52, 704]], [], [true, true]]",
27851,q,a,cx_stage2,,"[[[49, 704], [52, 704]], [], [true, true]]",
27852,q,a,cx_stage3,,"[[[49, 704], [52, 704]], [], [true, true]]",
27853,q,a,cx_stage1,,"[[[49, 708], [52, 708]], [], [true, true]]",
27854,q,a,cx_stage2,,"[[[49, 708], [52, 708]], [], [true, true]]",
27855,q,a,cx_stage3,,"[[[49, 708], [52, 708]], [], [true, true]]",
27856,q,a,cx_stage1,,"[[[49, 711], [53, 711]], [], [true, true]]",
27857,q,a,cx_stage2,,"[[[49, 711], [53, 711]], [], [true, true]]",
27858,q,a,cx_stage3,,"[[[49, 711], [53, 711]], [], [true, true]]",
27859,q,a,cx_stage1,,"[[[49, 715], [53, 715]], [], [true, true]]",
27860,q,a,cx_stage2,,"[[[49, 715], [53, 715]], [], [true, true]]",
27861,q,a,cx_stage3,,"[[[49, 715], [53, 715]], [], [true, true]]",
27862,q,a,cx_stage1,,"[[[49, 718], [54, 718]], [], [true, true]]",
27863,q,a,cx_stage2,,"[[[49, 718], [54, 718]], [], [true, true]]",
27864,q,a,cx_stage3,,"[[[49, 718], [54, 718]], [], [true, true]]",
27865,q,a,cx_stage1,,"[[[49, 722], [54, 722]], [], [true, true]]",
27866,q,a,cx_stage2,,"[[[49, 722], [54, 722]], [], [true, true]]",
27867,q,a,cx_stage3,,"[[[49, 722], [54, 722]], [], [true, true]]",
27868,q,a,cx_stage1,,"[[[49, 725], [55, 725]], [], [true, true]]",
27869,q,a,cx_stage2,,"[[[49, 725], [55, 725]], [], [true, true]]",
27870,q,a,cx_stage3,,"[[[49, 725], [55, 725]], [], [true, true]]",
27871,q,a,cx_stage1,,"[[[49, 729], [55, 729]], [], [true, true]]",
27872,q,a,cx_stage2,,"[[[49, 729], [55, 729]], [], [true, true]]",
27873,q,a,cx_stage3,,"[[[49, 729], [55, 729]], [], [true, true]]",
27874,q,a,u2,,"[[[49, 730]], [], [true]]",
27875,q,a,cx_stage1,,"[[[0, 733], [49, 733]], [], [true, true]]",
27876,q,a,cx_stage3,,"[[[0, 733], [49, 733]], [], [true, true]]",
27877,q,a,p,,"[[[49, 734]], [], [true]]",
27878,q,a,cx_stage1,,"[[[0, 737], [49, 737]], [], [true, true]]",
27879,q,a,cx_stage3,,"[[[0, 737], [49, 737]], [], [true, true]]",
27880,q,a,cx_stage1,,"[[[1, 740], [49, 740]], [], [true, true]]",
27881,q,a,cx_stage3,,"[[[1, 740], [49, 740]], [], [true, true]]",
27882,q,a,p,,"[[[49, 741]], [], [true]]",
27883,q,a,cx_stage1,,"[[[1, 744], [49, 744]], [], [true, true]]",
27884,q,a,cx_stage3,,"[[[1, 744], [49, 744]], [], [true, true]]",
27885,q,a,cx_stage1,,"[[[2, 747], [49, 747]], [], [true, true]]",
27886,q,a,cx_stage3,,"[[[2, 747], [49, 747]], [], [true, true]]",
27887,q,a,p,,"[[[49, 748]], [], [true]]",
27888,q,a,cx_stage1,,"[[[2, 751], [49, 751]], [], [true, true]]",
27889,q,a,cx_stage3,,"[[[2, 751], [49, 751]], [], [true, true]]",
27890,q,a,cx_stage1,,"[[[3, 754], [49, 754]], [], [true, true]]",
27891,q,a,cx_stage3,,"[[[3, 754], [49, 754]], [], [true, true]]",
27892,q,a,p,,"[[[49, 755]], [], [true]]",
27893,q,a,cx_stage1,,"[[[3, 758], [49, 758]], [], [true, true]]",
27894,q,a,cx_stage3,,"[[[3, 758], [49, 758]], [], [true, true]]",
27895,q,a,cx_stage1,,"[[[4, 761], [49, 761]], [], [true, true]]",
27896,q,a,cx_stage2,,"[[[4, 761], [49, 761]], [], [true, true]]",
27897,q,a,cx_stage3,,"[[[4, 761], [49, 761]], [], [true, true]]",
27898,q,a,p,,"[[[49, 762]], [], [true]]",
27899,q,a,cx_stage1,,"[[[4, 765], [49, 765]], [], [true, true]]",
27900,q,a,cx_stage2,,"[[[4, 765], [49, 765]], [], [true, true]]",
27901,q,a,cx_stage3,,"[[[4, 765], [49, 765]], [], [true, true]]",
27902,q,a,cx_stage1,,"[[[5, 768], [49, 768]], [], [true, true]]",
27903,q,a,cx_stage2,,"[[[5, 768], [49, 768]], [], [true, true]]",
27904,q,a,cx_stage3,,"[[[5, 768], [49, 768]], [], [true, true]]",
27905,q,a,p,,"[[[49, 769]], [], [true]]",
27906,q,a,cx_stage1,,"[[[5, 772], [49, 772]], [], [true, true]]",
27907,q,a,cx_stage2,,"[[[5, 772], [49, 772]], [], [true, true]]",
27908,q,a,cx_stage3,,"[[[5, 772], [49, 772]], [], [true, true]]",
27909,q,a,cx_stage1,,"[[[6, 775], [49, 775]], [], [true, true]]",
27910,q,a,cx_stage2,,"[[[6, 775], [49, 775]], [], [true, true]]",
27911,q,a,cx_stage3,,"[[[6, 775], [49, 775]], [], [true, true]]",
27912,q,a,p,,"[[[49, 776]], [], [true]]",
27913,q,a,cx_stage1,,"[[[6, 779], [49, 779]], [], [true, true]]",
27914,q,a,cx_stage2,,"[[[6, 779], [49, 779]], [], [true, true]]",
27915,q,a,cx_stage3,,"[[[6, 779], [49, 779]], [], [true, true]]",
27916,q,a,cx_stage1,,"[[[7, 782], [49, 782]], [], [true, true]]",
27917,q,a,cx_stage2,,"[[[7, 782], [49, 782]], [], [true, true]]",
27918,q,a,cx_stage3,,"[[[7, 782], [49, 782]], [], [true, true]]",
27919,q,a,p,,"[[[49, 783]], [], [true]]",
27920,q,a,cx_stage1,,"[[[7, 786], [49, 786]], [], [true, true]]",
27921,q,a,cx_stage2,,"[[[7, 786], [49, 786]], [], [true, true]]",
27922,q,a,cx_stage3,,"[[[7, 786], [49, 786]], [], [true, true]]",
27923,q,a,cx_stage1,,"[[[8, 789], [49, 789]], [], [true, true]]",
27924,q,a,cx_stage2,,"[[[8, 789], [49, 789]], [], [true, true]]",
27925,q,a,cx_stage3,,"[[[8, 789], [49, 789]], [], [true, true]]",
27926,q,a,p,,"[[[49, 790]], [], [true]]",
27927,q,a,cx_stage1,,"[[[8, 793], [49, 793]], [], [true, true]]",
27928,q,a,cx_stage2,,"[[[8, 793], [49, 793]], [], [true, true]]",
27929,q,a,cx_stage3,,"[[[8, 793], [49, 793]], [], [true, true]]",
27930,q,a,cx_stage1,,"[[[9, 796], [49, 796]], [], [true, true]]",
27931,q,a,cx_stage2,,"[[[9, 796], [49, 796]], [], [true, true]]",
27932,q,a,cx_stage3,,"[[[9, 796], [49, 796]], [], [true, true]]",
27933,q,a,p,,"[[[49, 797]], [], [true]]",
27934,q,a,cx_stage1,,"[[[9, 800], [49, 800]], [], [true, true]]",
27935,q,a,cx_stage2,,"[[[9, 800], [49, 800]], [], [true, true]]",
27936,q,a,cx_stage3,,"[[[9, 800], [49, 800]], [], [true, true]]",
27937,q,a,cx_stage1,,"[[[10, 803], [49, 803]], [], [true, true]]",
27938,q,a,cx_stage3,,"[[[10, 803], [49, 803]], [], [true, true]]",
27939,q,a,p,,"[[[49, 804]], [], [true]]",
27940,q,a,cx_stage1,,"[[[10, 807], [49, 807]], [], [true, true]]",
27941,q,a,cx_stage3,,"[[[10, 807], [49, 807]], [], [true, true]]",
27942,q,a,cx_stage1,,"[[[11, 810], [49, 810]], [], [true, true]]",
27943,q,a,cx_stage3,,"[[[11, 810], [49, 810]], [], [true, true]]",
27944,q,a,p,,"[[[49, 811]], [], [true]]",
27945,q,a,cx_stage1,,"[[[11, 814], [49, 814]], [], [true, true]]",
27946,q,a,cx_stage3,,"[[[11, 814], [49, 814]], [], [true, true]]",
27947,q,a,cx_stage1,,"[[[12, 817], [49, 817]], [], [true, true]]",
27948,q,a,cx_stage3,,"[[[12, 817], [49, 817]], [], [true, true]]",
27949,q,a,p,,"[[[49, 818]], [], [true]]",
27950,q,a,cx_stage1,,"[[[12, 821], [49, 821]], [], [true, true]]",
27951,q,a,cx_stage3,,"[[[12, 821], [49, 821]], [], [true, true]]",
27952,q,a,cx_stage1,,"[[[13, 824], [49, 824]], [], [true, true]]",
27953,q,a,cx_stage3,,"[[[13, 824], [49, 824]], [], [true, true]]",
27954,q,a,p,,"[[[49, 825]], [], [true]]",
27955,q,a,cx_stage1,,"[[[13, 828], [49, 828]], [], [true, true]]",
27956,q,a,cx_stage3,,"[[[13, 828], [49, 828]], [], [true, true]]",
27957,q,a,cx_stage1,,"[[[14, 831], [49, 831]], [], [true, true]]",
27958,q,a,cx_stage3,,"[[[14, 831], [49, 831]], [], [true, true]]",
27959,q,a,p,,"[[[49, 832]], [], [true]]",
27960,q,a,cx_stage1,,"[[[14, 835], [49, 835]], [], [true, true]]",
27961,q,a,cx_stage3,,"[[[14, 835], [49, 835]], [], [true, true]]",
27962,q,a,cx_stage1,,"[[[15, 838], [49, 838]], [], [true, true]]",
27963,q,a,cx_stage3,,"[[[15, 838], [49, 838]], [], [true, true]]",
27964,q,a,p,,"[[[49, 839]], [], [true]]",
27965,q,a,cx_stage1,,"[[[15, 842], [49, 842]], [], [true, true]]",
27966,q,a,cx_stage3,,"[[[15, 842], [49, 842]], [], [true, true]]",
27967,q,a,cx_stage1,,"[[[16, 845], [49, 845]], [], [true, true]]",
27968,q,a,cx_stage3,,"[[[16, 845], [49, 845]], [], [true, true]]",
27969,q,a,p,,"[[[49, 846]], [], [true]]",
27970,q,a,cx_stage1,,"[[[16, 849], [49, 849]], [], [true, true]]",
27971,q,a,cx_stage3,,"[[[16, 849], [49, 849]], [], [true, true]]",
27972,q,a,cx_stage1,,"[[[17, 852], [49, 852]], [], [true, true]]",
27973,q,a,cx_stage3,,"[[[17, 852], [49, 852]], [], [true, true]]",
27974,q,a,p,,"[[[49, 853]], [], [true]]",
27975,q,a,cx_stage1,,"[[[17, 856], [49, 856]], [], [true, true]]",
27976,q,a,cx_stage3,,"[[[17, 856], [49, 856]], [], [true, true]]",
27977,q,a,cx_stage1,,"[[[18, 859], [49, 859]], [], [true, true]]",
27978,q,a,cx_stage3,,"[[[18, 859], [49, 859]], [], [true, true]]",
27979,q,a,p,,"[[[49, 860]], [], [true]]",
27980,q,a,cx_stage1,,"[[[18, 863], [49, 863]], [], [true, true]]",
27981,q,a,cx_stage3,,"[[[18, 863], [49, 863]], [], [true, true]]",
27982,q,a,cx_stage1,,"[[[19, 866], [49, 866]], [], [true, true]]",
27983,q,a,cx_stage3,,"[[[19, 866], [49, 866]], [], [true, true]]",
27984,q,a,p,,"[[[49, 867]], [], [true]]",
27985,q,a,cx_stage1,,"[[[19, 870], [49, 870]], [], [true, true]]",
27986,q,a,cx_stage3,,"[[[19, 870], [49, 870]], [], [true, true]]",
27987,q,a,cx_stage1,,"[[[20, 873], [49, 873]], [], [true, true]]",
27988,q,a,cx_stage3,,"[[[20, 873], [49, 873]], [], [true, true]]",
27989,q,a,p,,"[[[49, 874]], [], [true]]",
27990,q,a,cx_stage1,,"[[[20, 877], [49, 877]], [], [true, true]]",
27991,q,a,cx_stage3,,"[[[20, 877], [49, 877]], [], [true, true]]",
27992,q,a,cx_stage1,,"[[[21, 880], [49, 880]], [], [true, true]]",
27993,q,a,cx_stage3,,"[[[21, 880], [49, 880]], [], [true, true]]",
27994,q,a,p,,"[[[49, 881]], [], [true]]",
27995,q,a,cx_stage1,,"[[[21, 884], [49, 884]], [], [true, true]]",
27996,q,a,cx_stage3,,"[[[21, 884], [49, 884]], [], [true, true]]",
27997,q,a,cx_stage1,,"[[[22, 887], [49, 887]], [], [true, true]]",
27998,q,a,cx_stage3,,"[[[22, 887], [49, 887]], [], [true, true]]",
27999,q,a,p,,"[[[49, 888]], [], [true]]",
28000,q,a,cx_stage1,,"[[[22, 891], [49, 891]], [], [true, true]]",
28001,q,a,cx_stage3,,"[[[22, 891], [49, 891]], [], [true, true]]",
28002,q,a,cx_stage1,,"[[[23, 894], [49, 894]], [], [true, true]]",
28003,q,a,cx_stage3,,"[[[23, 894], [49, 894]], [], [true, true]]",
28004,q,a,p,,"[[[49, 895]], [], [true]]",
28005,q,a,cx_stage1,,"[[[23, 898], [49, 898]], [], [true, true]]",
28006,q,a,cx_stage3,,"[[[23, 898], [49, 898]], [], [true, true]]",
28007,q,a,cx_stage1,,"[[[24, 901], [49, 901]], [], [true, true]]",
28008,q,a,cx_stage3,,"[[[24, 901], [49, 901]], [], [true, true]]",
28009,q,a,p,,"[[[49, 902]], [], [true]]",
28010,q,a,cx_stage1,,"[[[24, 905], [49, 905]], [], [true, true]]",
28011,q,a,cx_stage3,,"[[[24, 905], [49, 905]], [], [true, true]]",
28012,q,a,cx_stage1,,"[[[25, 908], [49, 908]], [], [true, true]]",
28013,q,a,cx_stage3,,"[[[25, 908], [49, 908]], [], [true, true]]",
28014,q,a,p,,"[[[49, 909]], [], [true]]",
28015,q,a,cx_stage1,,"[[[25, 912], [49, 912]], [], [true, true]]",
28016,q,a,cx_stage3,,"[[[25, 912], [49, 912]], [], [true, true]]",
28017,q,a,cx_stage1,,"[[[26, 915], [49, 915]], [], [true, true]]",
28018,q,a,cx_stage3,,"[[[26, 915], [49, 915]], [], [true, true]]",
28019,q,a,p,,"[[[49, 916]], [], [true]]",
28020,q,a,cx_stage1,,"[[[26, 919], [49, 919]], [], [true, true]]",
28021,q,a,cx_stage3,,"[[[26, 919], [49, 919]], [], [true, true]]",
28022,q,a,cx_stage1,,"[[[27, 922], [49, 922]], [], [true, true]]",
28023,q,a,cx_stage3,,"[[[27, 922], [49, 922]], [], [true, true]]",
28024,q,a,p,,"[[[49, 923]], [], [true]]",
28025,q,a,cx_stage1,,"[[[27, 926], [49, 926]], [], [true, true]]",
28026,q,a,cx_stage3,,"[[[27, 926], [49, 926]], [], [true, true]]",
28027,q,a,cx_stage1,,"[[[28, 929], [49, 929]], [], [true, true]]",
28028,q,a,cx_stage3,,"[[[28, 929], [49, 929]], [], [true, true]]",
28029,q,a,p,,"[[[49, 930]], [], [true]]",
28030,q,a,cx_stage1,,"[[[28, 933], [49, 933]], [], [true, true]]",
28031,q,a,cx_stage3,,"[[[28, 933], [49, 933]], [], [true, true]]",
28032,q,a,cx_stage1,,"[[[29, 936], [49, 936]], [], [true, true]]",
28033,q,a,cx_stage3,,"[[[29, 936], [49, 936]], [], [true, true]]",
28034,q,a,p,,"[[[49, 937]], [], [true]]",
28035,q,a,cx_stage1,,"[[[29, 940], [49, 940]], [], [true, true]]",
28036,q,a,cx_stage3,,"[[[29, 940], [49, 940]], [], [true, true]]",
28037,q,a,cx_stage1,,"[[[30, 943], [49, 943]], [], [true, true]]",
28038,q,a,cx_stage3,,"[[[30, 943], [49, 943]], [], [true, true]]",
28039,q,a,p,,"[[[49, 944]], [], [true]]",
28040,q,a,cx_stage1,,"[[[30, 947], [49, 947]], [], [true, true]]",
28041,q,a,cx_stage3,,"[[[30, 947], [49, 947]], [], [true, true]]",
28042,q,a,cx_stage1,,"[[[31, 950], [49, 950]], [], [true, true]]",
28043,q,a,cx_stage3,,"[[[31, 950], [49, 950]], [], [true, true]]",
28044,q,a,p,,"[[[49, 951]], [], [true]]",
28045,q,a,cx_stage1,,"[[[31, 954], [49, 954]], [], [true, true]]",
28046,q,a,cx_stage3,,"[[[31, 954], [49, 954]], [], [true, true]]",
28047,q,a,cx_stage1,,"[[[32, 957], [49, 957]], [], [true, true]]",
28048,q,a,cx_stage3,,"[[[32, 957], [49, 957]], [], [true, true]]",
28049,q,a,p,,"[[[49, 958]], [], [true]]",
28050,q,a,cx_stage1,,"[[[32, 961], [49, 961]], [], [true, true]]",
28051,q,a,cx_stage3,,"[[[32, 961], [49, 961]], [], [true, true]]",
28052,q,a,cx_stage1,,"[[[33, 964], [49, 964]], [], [true, true]]",
28053,q,a,cx_stage3,,"[[[33, 964], [49, 964]], [], [true, true]]",
28054,q,a,p,,"[[[49, 965]], [], [true]]",
28055,q,a,cx_stage1,,"[[[33, 968], [49, 968]], [], [true, true]]",
28056,q,a,cx_stage3,,"[[[33, 968], [49, 968]], [], [true, true]]",
28057,q,a,cx_stage1,,"[[[34, 971], [49, 971]], [], [true, true]]",
28058,q,a,cx_stage3,,"[[[34, 971], [49, 971]], [], [true, true]]",
28059,q,a,p,,"[[[49, 972]], [], [true]]",
28060,q,a,cx_stage1,,"[[[34, 975], [49, 975]], [], [true, true]]",
28061,q,a,cx_stage3,,"[[[34, 975], [49, 975]], [], [true, true]]",
28062,q,a,cx_stage1,,"[[[35, 978], [49, 978]], [], [true, true]]",
28063,q,a,cx_stage3,,"[[[35, 978], [49, 978]], [], [true, true]]",
28064,q,a,p,,"[[[49, 979]], [], [true]]",
28065,q,a,cx_stage1,,"[[[35, 982], [49, 982]], [], [true, true]]",
28066,q,a,cx_stage3,,"[[[35, 982], [49, 982]], [], [true, true]]",
28067,q,a,cx_stage1,,"[[[36, 985], [49, 985]], [], [true, true]]",
28068,q,a,cx_stage3,,"[[[36, 985], [49, 985]], [], [true, true]]",
28069,q,a,p,,"[[[49, 986]], [], [true]]",
28070,q,a,cx_stage1,,"[[[36, 989], [49, 989]], [], [true, true]]",
28071,q,a,cx_stage3,,"[[[36, 989], [49, 989]], [], [true, true]]",
28072,q,a,cx_stage1,,"[[[37, 992], [49, 992]], [], [true, true]]",
28073,q,a,cx_stage3,,"[[[37, 992], [49, 992]], [], [true, true]]",
28074,q,a,p,,"[[[49, 993]], [], [true]]",
28075,q,a,cx_stage1,,"[[[37, 996], [49, 996]], [], [true, true]]",
28076,q,a,cx_stage3,,"[[[37, 996], [49, 996]], [], [true, true]]",
28077,q,a,cx_stage1,,"[[[38, 999], [49, 999]], [], [true, true]]",
28078,q,a,cx_stage3,,"[[[38, 999], [49, 999]], [], [true, true]]",
28079,q,a,u2,,"[[[4, 1]], [], [true]]",
28080,q,a,cx_stage1,,"[[[0, 25], [4, 25]], [], [true, true]]",
28081,q,a,cx_stage1,,"[[[4, 102], [11, 102]], [], [true, true]]",
28082,q,a,cx_stage3,,"[[[4, 102], [11, 102]], [], [true, true]]",
28083,q,a,cx_stage1,,"[[[4, 106], [11, 106]], [], [true, true]]",
28084,q,a,cx_stage3,,"[[[4, 106], [11, 106]], [], [true, true]]",
28085,q,a,cx_stage1,,"[[[4, 109], [12, 109]], [], [true, true]]",
28086,q,a,cx_stage3,,"[[[4, 109], [12, 109]], [], [true, true]]",
28087,q,a,cx_stage1,,"[[[4, 113], [12, 113]], [], [true, true]]",
28088,q,a,cx_stage3,,"[[[4, 113], [12, 113]], [], [true, true]]",
28089,q,a,cx_stage1,,"[[[4, 116], [13, 116]], [], [true, true]]",
28090,q,a,cx_stage3,,"[[[4, 116], [13, 116]], [], [true, true]]",
28091,q,a,cx_stage1,,"[[[4, 120], [13, 120]], [], [true, true]]",
28092,q,a,cx_stage3,,"[[[4, 120], [13, 120]], [], [true, true]]",
28093,q,a,cx_stage1,,"[[[4, 123], [14, 123]], [], [true, true]]",
28094,q,a,cx_stage3,,"[[[4, 123], [14, 123]], [], [true, true]]",
28095,q,a,cx_stage1,,"[[[4, 127], [14, 127]], [], [true, true]]",
28096,q,a,cx_stage3,,"[[[4, 127], [14, 127]], [], [true, true]]",
28097,q,a,cx_stage1,,"[[[4, 130], [15, 130]], [], [true, true]]",
28098,q,a,cx_stage3,,"[[[4, 130], [15, 130]], [], [true, true]]",
28099,q,a,cx_stage1,,"[[[4, 134], [15, 134]], [], [true, true]]",
28100,q,a,cx_stage2,,"[[[4, 1311], [5, 1311]], [], [true, true]]",
28101,q,a,cx_stage1,,"[[[4, 1311], [5, 1311]], [], [true, true]]",
28102,q,a,cx_stage3,,"[[[4, 1311], [5, 1311]], [], [true, true]]",
28103,q,a,cx_stage1,,"[[[3, 1314], [4, 1314]], [], [true, true]]",
28104,q,a,cx_stage3,,"[[[3, 1314], [4, 1314]], [], [true, true]]",
28105,q,a,ry,,"[[[4, 1315]], [], [true]]",
28106,q,a,cx_stage3,,"[[[4, 134], [15, 134]], [], [true, true]]",
28107,q,a,cx_stage1,,"[[[4, 137], [16, 137]], [], [true, true]]",
28108,q,a,cx_stage3,,"[[[4, 137], [16, 137]], [], [true, true]]",
28109,q,a,cx_stage1,,"[[[4, 141], [16, 141]], [], [true, true]]",
28110,q,a,cx_stage3,,"[[[4, 141], [16, 141]], [], [true, true]]",
28111,q,a,cx_stage1,,"[[[4, 144], [17, 144]], [], [true, true]]",
28112,q,a,cx_stage3,,"[[[4, 144], [17, 144]], [], [true, true]]",
28113,q,a,cx_stage1,,"[[[4, 148], [17, 148]], [], [true, true]]",
28114,q,a,cx_stage3,,"[[[4, 148], [17, 148]], [], [true, true]]",
28115,q,a,cx_stage1,,"[[[4, 151], [18, 151]], [], [true, true]]",
28116,q,a,cx_stage3,,"[[[4, 151], [18, 151]], [], [true, true]]",
28117,q,a,cx_stage1,,"[[[4, 155], [18, 155]], [], [true, true]]",
28118,q,a,cx_stage3,,"[[[4, 155], [18, 155]], [], [true, true]]",
28119,q,a,cx_stage1,,"[[[4, 158], [19, 158]], [], [true, true]]",
28120,q,a,cx_stage3,,"[[[4, 158], [19, 158]], [], [true, true]]",
28121,q,a,cx_stage1,,"[[[4, 162], [19, 162]], [], [true, true]]",
28122,q,a,cx_stage3,,"[[[4, 162], [19, 162]], [], [true, true]]",
28123,q,a,cx_stage1,,"[[[4, 165], [20, 165]], [], [true, true]]",
28124,q,a,cx_stage3,,"[[[4, 165], [20, 165]], [], [true, true]]",
28125,q,a,cx_stage1,,"[[[4, 169], [20, 169]], [], [true, true]]",
28126,q,a,cx_stage3,,"[[[4, 169], [20, 169]], [], [true, true]]",
28127,q,a,cx_stage1,,"[[[4, 172], [21, 172]], [], [true, true]]",
28128,q,a,cx_stage3,,"[[[4, 172], [21, 172]], [], [true, true]]",
28129,q,a,cx_stage1,,"[[[4, 176], [21, 176]], [], [true, true]]",
28130,q,a,cx_stage3,,"[[[4, 176], [21, 176]], [], [true, true]]",
28131,q,a,cx_stage1,,"[[[4, 179], [22, 179]], [], [true, true]]",
28132,q,a,cx_stage3,,"[[[4, 179], [22, 179]], [], [true, true]]",
28133,q,a,cx_stage1,,"[[[4, 183], [22, 183]], [], [true, true]]",
28134,q,a,cx_stage3,,"[[[4, 183], [22, 183]], [], [true, true]]",
28135,q,a,cx_stage1,,"[[[4, 186], [23, 186]], [], [true, true]]",
28136,q,a,cx_stage3,,"[[[4, 186], [23, 186]], [], [true, true]]",
28137,q,a,cx_stage1,,"[[[4, 190], [23, 190]], [], [true, true]]",
28138,q,a,cx_stage3,,"[[[4, 190], [23, 190]], [], [true, true]]",
28139,q,a,cx_stage1,,"[[[4, 193], [24, 193]], [], [true, true]]",
28140,q,a,cx_stage3,,"[[[4, 193], [24, 193]], [], [true, true]]",
28141,q,a,cx_stage1,,"[[[4, 197], [24, 197]], [], [true, true]]",
28142,q,a,cx_stage3,,"[[[4, 197], [24, 197]], [], [true, true]]",
28143,q,a,cx_stage1,,"[[[4, 200], [25, 200]], [], [true, true]]",
28144,q,a,cx_stage3,,"[[[4, 200], [25, 200]], [], [true, true]]",
28145,q,a,cx_stage1,,"[[[4, 204], [25, 204]], [], [true, true]]",
28146,q,a,cx_stage3,,"[[[4, 204], [25, 204]], [], [true, true]]",
28147,q,a,cx_stage1,,"[[[4, 207], [26, 207]], [], [true, true]]",
28148,q,a,cx_stage3,,"[[[4, 207], [26, 207]], [], [true, true]]",
28149,q,a,cx_stage1,,"[[[4, 211], [26, 211]], [], [true, true]]",
28150,q,a,cx_stage3,,"[[[4, 211], [26, 211]], [], [true, true]]",
28151,q,a,cx_stage1,,"[[[4, 214], [27, 214]], [], [true, true]]",
28152,q,a,cx_stage3,,"[[[4, 214], [27, 214]], [], [true, true]]",
28153,q,a,cx_stage1,,"[[[4, 218], [27, 218]], [], [true, true]]",
28154,q,a,cx_stage3,,"[[[4, 218], [27, 218]], [], [true, true]]",
28155,q,a,cx_stage1,,"[[[4, 221], [28, 221]], [], [true, true]]",
28156,q,a,cx_stage3,,"[[[4, 221], [28, 221]], [], [true, true]]",
28157,q,a,cx_stage1,,"[[[4, 225], [28, 225]], [], [true, true]]",
28158,q,a,cx_stage3,,"[[[4, 225], [28, 225]], [], [true, true]]",
28159,q,a,cx_stage1,,"[[[4, 228], [29, 228]], [], [true, true]]",
28160,q,a,cx_stage3,,"[[[4, 228], [29, 228]], [], [true, true]]",
28161,q,a,cx_stage1,,"[[[4, 232], [29, 232]], [], [true, true]]",
28162,q,a,cx_stage3,,"[[[4, 232], [29, 232]], [], [true, true]]",
28163,q,a,cx_stage1,,"[[[4, 235], [30, 235]], [], [true, true]]",
28164,q,a,cx_stage3,,"[[[4, 235], [30, 235]], [], [true, true]]",
28165,q,a,cx_stage1,,"[[[4, 239], [30, 239]], [], [true, true]]",
28166,q,a,cx_stage3,,"[[[4, 239], [30, 239]], [], [true, true]]",
28167,q,a,cx_stage1,,"[[[4, 242], [31, 242]], [], [true, true]]",
28168,q,a,cx_stage3,,"[[[0, 25], [4, 25]], [], [true, true]]",
28169,q,a,cx_stage3,,"[[[4, 242], [31, 242]], [], [true, true]]",
28170,q,a,cx_stage1,,"[[[4, 246], [31, 246]], [], [true, true]]",
28171,q,a,cx_stage3,,"[[[4, 246], [31, 246]], [], [true, true]]",
28172,q,a,cx_stage1,,"[[[4, 249], [32, 249]], [], [true, true]]",
28173,q,a,cx_stage3,,"[[[4, 249], [32, 249]], [], [true, true]]",
28174,q,a,cx_stage1,,"[[[4, 253], [32, 253]], [], [true, true]]",
28175,q,a,p,,"[[[4, 26]], [], [true]]",
28176,q,a,cx_stage3,,"[[[4, 253], [32, 253]], [], [true, true]]",
28177,q,a,cx_stage1,,"[[[4, 256], [33, 256]], [], [true, true]]",
28178,q,a,cx_stage3,,"[[[4, 256], [33, 256]], [], [true, true]]",
28179,q,a,cx_stage1,,"[[[4, 260], [33, 260]], [], [true, true]]",
28180,q,a,cx_stage3,,"[[[4, 260], [33, 260]], [], [true, true]]",
28181,q,a,cx_stage1,,"[[[0, 29], [4, 29]], [], [true, true]]",
28182,q,a,cx_stage1,,"[[[4, 263], [34, 263]], [], [true, true]]",
28183,q,a,cx_stage3,,"[[[4, 263], [34, 263]], [], [true, true]]",
28184,q,a,cx_stage1,,"[[[4, 267], [34, 267]], [], [true, true]]",
28185,q,a,cx_stage3,,"[[[4, 267], [34, 267]], [], [true, true]]",
28186,q,a,cx_stage1,,"[[[4, 270], [35, 270]], [], [true, true]]",
28187,q,a,cx_stage3,,"[[[4, 270], [35, 270]], [], [true, true]]",
28188,q,a,cx_stage1,,"[[[4, 274], [35, 274]], [], [true, true]]",
28189,q,a,cx_stage3,,"[[[4, 274], [35, 274]], [], [true, true]]",
28190,q,a,cx_stage1,,"[[[4, 277], [36, 277]], [], [true, true]]",
28191,q,a,cx_stage3,,"[[[4, 277], [36, 277]], [], [true, true]]",
28192,q,a,cx_stage1,,"[[[4, 281], [36, 281]], [], [true, true]]",
28193,q,a,cx_stage3,,"[[[0, 29], [4, 29]], [], [true, true]]",
28194,q,a,cx_stage3,,"[[[4, 281], [36, 281]], [], [true, true]]",
28195,q,a,cx_stage1,,"[[[4, 284], [37, 284]], [], [true, true]]",
28196,q,a,cx_stage3,,"[[[4, 284], [37, 284]], [], [true, true]]",
28197,q,a,cx_stage1,,"[[[4, 288], [37, 288]], [], [true, true]]",
28198,q,a,cx_stage3,,"[[[4, 288], [37, 288]], [], [true, true]]",
28199,q,a,cx_stage1,,"[[[4, 291], [38, 291]], [], [true, true]]",
28200,q,a,cx_stage1,,"[[[1, 32], [4, 32]], [], [true, true]]",
28201,q,a,cx_stage3,,"[[[4, 291], [38, 291]], [], [true, true]]",
28202,q,a,cx_stage1,,"[[[4, 295], [38, 295]], [], [true, true]]",
28203,q,a,cx_stage3,,"[[[4, 295], [38, 295]], [], [true, true]]",
28204,q,a,cx_stage1,,"[[[4, 298], [39, 298]], [], [true, true]]",
28205,q,a,cx_stage3,,"[[[4, 298], [39, 298]], [], [true, true]]",
28206,q,a,cx_stage1,,"[[[4, 302], [39, 302]], [], [true, true]]",
28207,q,a,cx_stage3,,"[[[4, 302], [39, 302]], [], [true, true]]",
28208,q,a,cx_stage1,,"[[[4, 305], [40, 305]], [], [true, true]]",
28209,q,a,cx_stage3,,"[[[4, 305], [40, 305]], [], [true, true]]",
28210,q,a,cx_stage1,,"[[[4, 309], [40, 309]], [], [true, true]]",
28211,q,a,cx_stage3,,"[[[4, 309], [40, 309]], [], [true, true]]",
28212,q,a,cx_stage1,,"[[[4, 312], [41, 312]], [], [true, true]]",
28213,q,a,cx_stage3,,"[[[1, 32], [4, 32]], [], [true, true]]",
28214,q,a,cx_stage3,,"[[[4, 312], [41, 312]], [], [true, true]]",
28215,q,a,cx_stage1,,"[[[4, 316], [41, 316]], [], [true, true]]",
28216,q,a,cx_stage3,,"[[[4, 316], [41, 316]], [], [true, true]]",
28217,q,a,cx_stage1,,"[[[4, 319], [42, 319]], [], [true, true]]",
28218,q,a,cx_stage3,,"[[[4, 319], [42, 319]], [], [true, true]]",
28219,q,a,cx_stage1,,"[[[4, 323], [42, 323]], [], [true, true]]",
28220,q,a,p,,"[[[4, 33]], [], [true]]",
28221,q,a,cx_stage3,,"[[[4, 323], [42, 323]], [], [true, true]]",
28222,q,a,cx_stage1,,"[[[4, 326], [43, 326]], [], [true, true]]",
28223,q,a,cx_stage3,,"[[[4, 326], [43, 326]], [], [true, true]]",
28224,q,a,cx_stage1,,"[[[4, 330], [43, 330]], [], [true, true]]",
28225,q,a,cx_stage3,,"[[[4, 330], [43, 330]], [], [true, true]]",
28226,q,a,cx_stage1,,"[[[1, 36], [4, 36]], [], [true, true]]",
28227,q,a,cx_stage1,,"[[[4, 333], [44, 333]], [], [true, true]]",
28228,q,a,cx_stage3,,"[[[4, 333], [44, 333]], [], [true, true]]",
28229,q,a,cx_stage1,,"[[[4, 337], [44, 337]], [], [true, true]]",
28230,q,a,cx_stage3,,"[[[4, 337], [44, 337]], [], [true, true]]",
28231,q,a,cx_stage1,,"[[[4, 340], [45, 340]], [], [true, true]]",
28232,q,a,cx_stage3,,"[[[4, 340], [45, 340]], [], [true, true]]",
28233,q,a,cx_stage1,,"[[[4, 344], [45, 344]], [], [true, true]]",
28234,q,a,cx_stage3,,"[[[4, 344], [45, 344]], [], [true, true]]",
28235,q,a,cx_stage1,,"[[[4, 347], [46, 347]], [], [true, true]]",
28236,q,a,cx_stage3,,"[[[4, 347], [46, 347]], [], [true, true]]",
28237,q,a,cx_stage1,,"[[[4, 351], [46, 351]], [], [true, true]]",
28238,q,a,cx_stage3,,"[[[1, 36], [4, 36]], [], [true, true]]",
28239,q,a,cx_stage3,,"[[[4, 351], [46, 351]], [], [true, true]]",
28240,q,a,cx_stage1,,"[[[4, 354], [47, 354]], [], [true, true]]",
28241,q,a,cx_stage3,,"[[[4, 354], [47, 354]], [], [true, true]]",
28242,q,a,cx_stage1,,"[[[4, 358], [47, 358]], [], [true, true]]",
28243,q,a,cx_stage3,,"[[[4, 358], [47, 358]], [], [true, true]]",
28244,q,a,cx_stage1,,"[[[4, 361], [48, 361]], [], [true, true]]",
28245,q,a,cx_stage1,,"[[[2, 39], [4, 39]], [], [true, true]]",
28246,q,a,cx_stage3,,"[[[4, 361], [48, 361]], [], [true, true]]",
28247,q,a,cx_stage1,,"[[[4, 365], [48, 365]], [], [true, true]]",
28248,q,a,cx_stage3,,"[[[4, 365], [48, 365]], [], [true, true]]",
28249,q,a,cx_stage1,,"[[[4, 368], [49, 368]], [], [true, true]]",
28250,q,a,cx_stage3,,"[[[4, 368], [49, 368]], [], [true, true]]",
28251,q,a,cx_stage1,,"[[[4, 372], [49, 372]], [], [true, true]]",
28252,q,a,cx_stage3,,"[[[4, 372], [49, 372]], [], [true, true]]",
28253,q,a,cx_stage1,,"[[[4, 375], [50, 375]], [], [true, true]]",
28254,q,a,cx_stage2,,"[[[4, 375], [50, 375]], [], [true, true]]",
28255,q,a,cx_stage3,,"[[[4, 375], [50, 375]], [], [true, true]]",
28256,q,a,cx_stage1,,"[[[4, 379], [50, 379]], [], [true, true]]",
28257,q,a,cx_stage2,,"[[[4, 379], [50, 379]], [], [true, true]]",
28258,q,a,cx_stage3,,"[[[4, 379], [50, 379]], [], [true, true]]",
28259,q,a,cx_stage1,,"[[[4, 382], [51, 382]], [], [true, true]]",
28260,q,a,cx_stage3,,"[[[2, 39], [4, 39]], [], [true, true]]",
28261,q,a,cx_stage2,,"[[[4, 382], [51, 382]], [], [true, true]]",
28262,q,a,cx_stage3,,"[[[4, 382], [51, 382]], [], [true, true]]",
28263,q,a,cx_stage1,,"[[[4, 386], [51, 386]], [], [true, true]]",
28264,q,a,cx_stage2,,"[[[4, 386], [51, 386]], [], [true, true]]",
28265,q,a,cx_stage3,,"[[[4, 386], [51, 386]], [], [true, true]]",
28266,q,a,cx_stage1,,"[[[4, 389], [52, 389]], [], [true, true]]",
28267,q,a,cx_stage2,,"[[[4, 389], [52, 389]], [], [true, true]]",
28268,q,a,cx_stage3,,"[[[4, 389], [52, 389]], [], [true, true]]",
28269,q,a,cx_stage1,,"[[[4, 393], [52, 393]], [], [true, true]]",
28270,q,a,p,,"[[[4, 40]], [], [true]]",
28271,q,a,cx_stage2,,"[[[4, 393], [52, 393]], [], [true, true]]",
28272,q,a,cx_stage3,,"[[[4, 393], [52, 393]], [], [true, true]]",
28273,q,a,cx_stage1,,"[[[4, 396], [53, 396]], [], [true, true]]",
28274,q,a,cx_stage2,,"[[[4, 396], [53, 396]], [], [true, true]]",
28275,q,a,cx_stage3,,"[[[4, 396], [53, 396]], [], [true, true]]",
28276,q,a,cx_stage1,,"[[[4, 400], [53, 400]], [], [true, true]]",
28277,q,a,cx_stage2,,"[[[4, 400], [53, 400]], [], [true, true]]",
28278,q,a,cx_stage3,,"[[[4, 400], [53, 400]], [], [true, true]]",
28279,q,a,cx_stage1,,"[[[2, 43], [4, 43]], [], [true, true]]",
28280,q,a,cx_stage1,,"[[[4, 403], [54, 403]], [], [true, true]]",
28281,q,a,cx_stage2,,"[[[4, 403], [54, 403]], [], [true, true]]",
28282,q,a,cx_stage3,,"[[[4, 403], [54, 403]], [], [true, true]]",
28283,q,a,cx_stage1,,"[[[4, 407], [54, 407]], [], [true, true]]",
28284,q,a,cx_stage2,,"[[[4, 407], [54, 407]], [], [true, true]]",
28285,q,a,cx_stage3,,"[[[4, 407], [54, 407]], [], [true, true]]",
28286,q,a,cx_stage1,,"[[[4, 410], [55, 410]], [], [true, true]]",
28287,q,a,cx_stage2,,"[[[4, 410], [55, 410]], [], [true, true]]",
28288,q,a,cx_stage3,,"[[[4, 410], [55, 410]], [], [true, true]]",
28289,q,a,cx_stage1,,"[[[4, 414], [55, 414]], [], [true, true]]",
28290,q,a,cx_stage2,,"[[[4, 414], [55, 414]], [], [true, true]]",
28291,q,a,cx_stage3,,"[[[4, 414], [55, 414]], [], [true, true]]",
28292,q,a,u2,,"[[[4, 415]], [], [true]]",
28293,q,a,cx_stage1,,"[[[0, 418], [4, 418]], [], [true, true]]",
28294,q,a,cx_stage3,,"[[[0, 418], [4, 418]], [], [true, true]]",
28295,q,a,p,,"[[[4, 419]], [], [true]]",
28296,q,a,cx_stage1,,"[[[0, 422], [4, 422]], [], [true, true]]",
28297,q,a,cx_stage3,,"[[[2, 43], [4, 43]], [], [true, true]]",
28298,q,a,cx_stage3,,"[[[0, 422], [4, 422]], [], [true, true]]",
28299,q,a,cx_stage1,,"[[[1, 425], [4, 425]], [], [true, true]]",
28300,q,a,cx_stage3,,"[[[1, 425], [4, 425]], [], [true, true]]",
28301,q,a,p,,"[[[4, 426]], [], [true]]",
28302,q,a,cx_stage1,,"[[[1, 429], [4, 429]], [], [true, true]]",
28303,q,a,cx_stage3,,"[[[1, 429], [4, 429]], [], [true, true]]",
28304,q,a,cx_stage1,,"[[[2, 432], [4, 432]], [], [true, true]]",
28305,q,a,cx_stage1,,"[[[3, 46], [4, 46]], [], [true, true]]",
28306,q,a,cx_stage3,,"[[[2, 432], [4, 432]], [], [true, true]]",
28307,q,a,p,,"[[[4, 433]], [], [true]]",
28308,q,a,cx_stage1,,"[[[2, 436], [4, 436]], [], [true, true]]",
28309,q,a,cx_stage3,,"[[[2, 436], [4, 436]], [], [true, true]]",
28310,q,a,cx_stage1,,"[[[3, 439], [4, 439]], [], [true, true]]",
28311,q,a,cx_stage3,,"[[[3, 439], [4, 439]], [], [true, true]]",
28312,q,a,p,,"[[[4, 440]], [], [true]]",
28313,q,a,cx_stage1,,"[[[3, 443], [4, 443]], [], [true, true]]",
28314,q,a,cx_stage3,,"[[[3, 443], [4, 443]], [], [true, true]]",
28315,q,a,cx_stage1,,"[[[4, 453], [5, 453]], [], [true, true]]",
28316,q,a,cx_stage3,,"[[[3, 46], [4, 46]], [], [true, true]]",
28317,q,a,cx_stage2,,"[[[4, 453], [5, 453]], [], [true, true]]",
28318,q,a,cx_stage3,,"[[[4, 453], [5, 453]], [], [true, true]]",
28319,q,a,cx_stage1,,"[[[4, 457], [5, 457]], [], [true, true]]",
28320,q,a,cx_stage2,,"[[[4, 457], [5, 457]], [], [true, true]]",
28321,q,a,cx_stage3,,"[[[4, 457], [5, 457]], [], [true, true]]",
28322,q,a,cx_stage1,,"[[[4, 460], [6, 460]], [], [true, true]]",
28323,q,a,cx_stage2,,"[[[4, 460], [6, 460]], [], [true, true]]",
28324,q,a,cx_stage3,,"[[[4, 460], [6, 460]], [], [true, true]]",
28325,q,a,p,,"[[[4, 47]], [], [true]]",
28326,q,a,cx_stage1,,"[[[4, 464], [6, 464]], [], [true, true]]",
28327,q,a,cx_stage2,,"[[[4, 464], [6, 464]], [], [true, true]]",
28328,q,a,cx_stage3,,"[[[4, 464], [6, 464]], [], [true, true]]",
28329,q,a,cx_stage1,,"[[[4, 467], [7, 467]], [], [true, true]]",
28330,q,a,cx_stage2,,"[[[4, 467], [7, 467]], [], [true, true]]",
28331,q,a,cx_stage3,,"[[[4, 467], [7, 467]], [], [true, true]]",
28332,q,a,cx_stage1,,"[[[4, 471], [7, 471]], [], [true, true]]",
28333,q,a,cx_stage2,,"[[[4, 471], [7, 471]], [], [true, true]]",
28334,q,a,cx_stage1,,"[[[3, 50], [4, 50]], [], [true, true]]",
28335,q,a,cx_stage3,,"[[[4, 471], [7, 471]], [], [true, true]]",
28336,q,a,cx_stage1,,"[[[4, 474], [8, 474]], [], [true, true]]",
28337,q,a,cx_stage2,,"[[[4, 474], [8, 474]], [], [true, true]]",
28338,q,a,cx_stage3,,"[[[4, 474], [8, 474]], [], [true, true]]",
28339,q,a,cx_stage1,,"[[[4, 478], [8, 478]], [], [true, true]]",
28340,q,a,cx_stage2,,"[[[4, 478], [8, 478]], [], [true, true]]",
28341,q,a,cx_stage3,,"[[[4, 478], [8, 478]], [], [true, true]]",
28342,q,a,cx_stage1,,"[[[4, 481], [9, 481]], [], [true, true]]",
28343,q,a,cx_stage2,,"[[[4, 481], [9, 481]], [], [true, true]]",
28344,q,a,cx_stage3,,"[[[4, 481], [9, 481]], [], [true, true]]",
28345,q,a,cx_stage1,,"[[[4, 485], [9, 485]], [], [true, true]]",
28346,q,a,cx_stage2,,"[[[4, 485], [9, 485]], [], [true, true]]",
28347,q,a,cx_stage3,,"[[[4, 485], [9, 485]], [], [true, true]]",
28348,q,a,cx_stage1,,"[[[4, 488], [10, 488]], [], [true, true]]",
28349,q,a,cx_stage3,,"[[[4, 488], [10, 488]], [], [true, true]]",
28350,q,a,cx_stage1,,"[[[4, 492], [10, 492]], [], [true, true]]",
28351,q,a,cx_stage3,,"[[[3, 50], [4, 50]], [], [true, true]]",
28352,q,a,cx_stage3,,"[[[4, 492], [10, 492]], [], [true, true]]",
28353,q,a,cx_stage1,,"[[[4, 495], [11, 495]], [], [true, true]]",
28354,q,a,cx_stage3,,"[[[4, 495], [11, 495]], [], [true, true]]",
28355,q,a,cx_stage1,,"[[[4, 499], [11, 499]], [], [true, true]]",
28356,q,a,cx_stage3,,"[[[4, 499], [11, 499]], [], [true, true]]",
28357,q,a,cx_stage1,,"[[[4, 502], [12, 502]], [], [true, true]]",
28358,q,a,cx_stage1,,"[[[4, 60], [5, 60]], [], [true, true]]",
28359,q,a,cx_stage3,,"[[[4, 502], [12, 502]], [], [true, true]]",
28360,q,a,cx_stage1,,"[[[4, 506], [12, 506]], [], [true, true]]",
28361,q,a,cx_stage3,,"[[[4, 506], [12, 506]], [], [true, true]]",
28362,q,a,cx_stage1,,"[[[4, 509], [13, 509]], [], [true, true]]",
28363,q,a,cx_stage3,,"[[[4, 509], [13, 509]], [], [true, true]]",
28364,q,a,cx_stage1,,"[[[4, 513], [13, 513]], [], [true, true]]",
28365,q,a,cx_stage3,,"[[[4, 513], [13, 513]], [], [true, true]]",
28366,q,a,cx_stage1,,"[[[4, 516], [14, 516]], [], [true, true]]",
28367,q,a,cx_stage3,,"[[[4, 516], [14, 516]], [], [true, true]]",
28368,q,a,cx_stage1,,"[[[4, 520], [14, 520]], [], [true, true]]",
28369,q,a,cx_stage3,,"[[[4, 520], [14, 520]], [], [true, true]]",
28370,q,a,cx_stage1,,"[[[4, 523], [15, 523]], [], [true, true]]",
28371,q,a,cx_stage3,,"[[[4, 523], [15, 523]], [], [true, true]]",
28372,q,a,cx_stage1,,"[[[4, 527], [15, 527]], [], [true, true]]",
28373,q,a,cx_stage3,,"[[[4, 527], [15, 527]], [], [true, true]]",
28374,q,a,cx_stage1,,"[[[4, 530], [16, 530]], [], [true, true]]",
28375,q,a,cx_stage3,,"[[[4, 530], [16, 530]], [], [true, true]]",
28376,q,a,cx_stage1,,"[[[4, 534], [16, 534]], [], [true, true]]",
28377,q,a,cx_stage3,,"[[[4, 534], [16, 534]], [], [true, true]]",
28378,q,a,cx_stage1,,"[[[4, 537], [17, 537]], [], [true, true]]",
28379,q,a,cx_stage3,,"[[[4, 537], [17, 537]], [], [true, true]]",
28380,q,a,cx_stage1,,"[[[4, 541], [17, 541]], [], [true, true]]",
28381,q,a,cx_stage3,,"[[[4, 541], [17, 541]], [], [true, true]]",
28382,q,a,cx_stage1,,"[[[4, 544], [18, 544]], [], [true, true]]",
28383,q,a,cx_stage3,,"[[[4, 544], [18, 544]], [], [true, true]]",
28384,q,a,cx_stage1,,"[[[4, 548], [18, 548]], [], [true, true]]",
28385,q,a,cx_stage3,,"[[[4, 548], [18, 548]], [], [true, true]]",
28386,q,a,cx_stage1,,"[[[4, 551], [19, 551]], [], [true, true]]",
28387,q,a,cx_stage3,,"[[[4, 551], [19, 551]], [], [true, true]]",
28388,q,a,cx_stage1,,"[[[4, 555], [19, 555]], [], [true, true]]",
28389,q,a,cx_stage3,,"[[[4, 555], [19, 555]], [], [true, true]]",
28390,q,a,cx_stage1,,"[[[4, 558], [20, 558]], [], [true, true]]",
28391,q,a,cx_stage3,,"[[[4, 558], [20, 558]], [], [true, true]]",
28392,q,a,cx_stage1,,"[[[4, 562], [20, 562]], [], [true, true]]",
28393,q,a,cx_stage3,,"[[[4, 562], [20, 562]], [], [true, true]]",
28394,q,a,cx_stage1,,"[[[4, 565], [21, 565]], [], [true, true]]",
28395,q,a,cx_stage3,,"[[[4, 565], [21, 565]], [], [true, true]]",
28396,q,a,cx_stage1,,"[[[4, 569], [21, 569]], [], [true, true]]",
28397,q,a,cx_stage3,,"[[[4, 569], [21, 569]], [], [true, true]]",
28398,q,a,cx_stage1,,"[[[4, 572], [22, 572]], [], [true, true]]",
28399,q,a,cx_stage3,,"[[[4, 572], [22, 572]], [], [true, true]]",
28400,q,a,cx_stage1,,"[[[4, 576], [22, 576]], [], [true, true]]",
28401,q,a,cx_stage3,,"[[[4, 576], [22, 576]], [], [true, true]]",
28402,q,a,cx_stage1,,"[[[4, 579], [23, 579]], [], [true, true]]",
28403,q,a,cx_stage3,,"[[[4, 579], [23, 579]], [], [true, true]]",
28404,q,a,cx_stage1,,"[[[4, 583], [23, 583]], [], [true, true]]",
28405,q,a,cx_stage2,,"[[[4, 60], [5, 60]], [], [true, true]]",
28406,q,a,cx_stage3,,"[[[4, 583], [23, 583]], [], [true, true]]",
28407,q,a,cx_stage1,,"[[[4, 586], [24, 586]], [], [true, true]]",
28408,q,a,cx_stage3,,"[[[4, 586], [24, 586]], [], [true, true]]",
28409,q,a,cx_stage1,,"[[[4, 590], [24, 590]], [], [true, true]]",
28410,q,a,cx_stage3,,"[[[4, 590], [24, 590]], [], [true, true]]",
28411,q,a,cx_stage3,,"[[[4, 60], [5, 60]], [], [true, true]]",
28412,q,a,cx_stage1,,"[[[4, 593], [25, 593]], [], [true, true]]",
28413,q,a,cx_stage3,,"[[[4, 593], [25, 593]], [], [true, true]]",
28414,q,a,cx_stage1,,"[[[4, 597], [25, 597]], [], [true, true]]",
28415,q,a,cx_stage3,,"[[[4, 597], [25, 597]], [], [true, true]]",
28416,q,a,cx_stage1,,"[[[4, 600], [26, 600]], [], [true, true]]",
28417,q,a,cx_stage3,,"[[[4, 600], [26, 600]], [], [true, true]]",
28418,q,a,cx_stage1,,"[[[4, 64], [5, 64]], [], [true, true]]",
28419,q,a,cx_stage1,,"[[[4, 604], [26, 604]], [], [true, true]]",
28420,q,a,cx_stage3,,"[[[4, 604], [26, 604]], [], [true, true]]",
28421,q,a,cx_stage1,,"[[[4, 607], [27, 607]], [], [true, true]]",
28422,q,a,cx_stage3,,"[[[4, 607], [27, 607]], [], [true, true]]",
28423,q,a,cx_stage1,,"[[[4, 611], [27, 611]], [], [true, true]]",
28424,q,a,cx_stage3,,"[[[4, 611], [27, 611]], [], [true, true]]",
28425,q,a,cx_stage1,,"[[[4, 614], [28, 614]], [], [true, true]]",
28426,q,a,cx_stage3,,"[[[4, 614], [28, 614]], [], [true, true]]",
28427,q,a,cx_stage1,,"[[[4, 618], [28, 618]], [], [true, true]]",
28428,q,a,cx_stage3,,"[[[4, 618], [28, 618]], [], [true, true]]",
28429,q,a,cx_stage1,,"[[[4, 621], [29, 621]], [], [true, true]]",
28430,q,a,cx_stage2,,"[[[4, 64], [5, 64]], [], [true, true]]",
28431,q,a,cx_stage3,,"[[[4, 621], [29, 621]], [], [true, true]]",
28432,q,a,cx_stage1,,"[[[4, 625], [29, 625]], [], [true, true]]",
28433,q,a,cx_stage3,,"[[[4, 625], [29, 625]], [], [true, true]]",
28434,q,a,cx_stage1,,"[[[4, 628], [30, 628]], [], [true, true]]",
28435,q,a,cx_stage3,,"[[[4, 628], [30, 628]], [], [true, true]]",
28436,q,a,cx_stage1,,"[[[4, 632], [30, 632]], [], [true, true]]",
28437,q,a,cx_stage3,,"[[[4, 64], [5, 64]], [], [true, true]]",
28438,q,a,cx_stage3,,"[[[4, 632], [30, 632]], [], [true, true]]",
28439,q,a,cx_stage1,,"[[[4, 635], [31, 635]], [], [true, true]]",
28440,q,a,cx_stage3,,"[[[4, 635], [31, 635]], [], [true, true]]",
28441,q,a,cx_stage1,,"[[[4, 639], [31, 639]], [], [true, true]]",
28442,q,a,cx_stage3,,"[[[4, 639], [31, 639]], [], [true, true]]",
28443,q,a,cx_stage1,,"[[[4, 642], [32, 642]], [], [true, true]]",
28444,q,a,cx_stage1,,"[[[4, 67], [6, 67]], [], [true, true]]",
28445,q,a,cx_stage3,,"[[[4, 642], [32, 642]], [], [true, true]]",
28446,q,a,cx_stage1,,"[[[4, 646], [32, 646]], [], [true, true]]",
28447,q,a,cx_stage3,,"[[[4, 646], [32, 646]], [], [true, true]]",
28448,q,a,cx_stage1,,"[[[4, 649], [33, 649]], [], [true, true]]",
28449,q,a,cx_stage3,,"[[[4, 649], [33, 649]], [], [true, true]]",
28450,q,a,cx_stage1,,"[[[4, 653], [33, 653]], [], [true, true]]",
28451,q,a,cx_stage2,,"[[[4, 67], [6, 67]], [], [true, true]]",
28452,q,a,cx_stage3,,"[[[4, 653], [33, 653]], [], [true, true]]",
28453,q,a,cx_stage1,,"[[[4, 656], [34, 656]], [], [true, true]]",
28454,q,a,cx_stage3,,"[[[4, 656], [34, 656]], [], [true, true]]",
28455,q,a,cx_stage1,,"[[[4, 660], [34, 660]], [], [true, true]]",
28456,q,a,cx_stage3,,"[[[4, 660], [34, 660]], [], [true, true]]",
28457,q,a,cx_stage3,,"[[[4, 67], [6, 67]], [], [true, true]]",
28458,q,a,cx_stage1,,"[[[4, 663], [35, 663]], [], [true, true]]",
28459,q,a,cx_stage3,,"[[[4, 663], [35, 663]], [], [true, true]]",
28460,q,a,cx_stage1,,"[[[4, 667], [35, 667]], [], [true, true]]",
28461,q,a,cx_stage3,,"[[[4, 667], [35, 667]], [], [true, true]]",
28462,q,a,cx_stage1,,"[[[4, 670], [36, 670]], [], [true, true]]",
28463,q,a,cx_stage3,,"[[[4, 670], [36, 670]], [], [true, true]]",
28464,q,a,cx_stage1,,"[[[4, 71], [6, 71]], [], [true, true]]",
28465,q,a,cx_stage1,,"[[[4, 674], [36, 674]], [], [true, true]]",
28466,q,a,cx_stage3,,"[[[4, 674], [36, 674]], [], [true, true]]",
28467,q,a,cx_stage1,,"[[[4, 677], [37, 677]], [], [true, true]]",
28468,q,a,cx_stage3,,"[[[4, 677], [37, 677]], [], [true, true]]",
28469,q,a,cx_stage1,,"[[[4, 681], [37, 681]], [], [true, true]]",
28470,q,a,cx_stage3,,"[[[4, 681], [37, 681]], [], [true, true]]",
28471,q,a,cx_stage1,,"[[[4, 684], [38, 684]], [], [true, true]]",
28472,q,a,cx_stage3,,"[[[4, 684], [38, 684]], [], [true, true]]",
28473,q,a,cx_stage1,,"[[[4, 688], [38, 688]], [], [true, true]]",
28474,q,a,cx_stage3,,"[[[4, 688], [38, 688]], [], [true, true]]",
28475,q,a,cx_stage1,,"[[[4, 691], [39, 691]], [], [true, true]]",
28476,q,a,cx_stage2,,"[[[4, 71], [6, 71]], [], [true, true]]",
28477,q,a,cx_stage3,,"[[[4, 691], [39, 691]], [], [true, true]]",
28478,q,a,cx_stage1,,"[[[4, 695], [39, 695]], [], [true, true]]",
28479,q,a,cx_stage3,,"[[[4, 695], [39, 695]], [], [true, true]]",
28480,q,a,cx_stage1,,"[[[4, 698], [40, 698]], [], [true, true]]",
28481,q,a,cx_stage3,,"[[[4, 698], [40, 698]], [], [true, true]]",
28482,q,a,cx_stage1,,"[[[4, 702], [40, 702]], [], [true, true]]",
28483,q,a,cx_stage3,,"[[[4, 71], [6, 71]], [], [true, true]]",
28484,q,a,cx_stage3,,"[[[4, 702], [40, 702]], [], [true, true]]",
28485,q,a,cx_stage1,,"[[[4, 705], [41, 705]], [], [true, true]]",
28486,q,a,cx_stage3,,"[[[4, 705], [41, 705]], [], [true, true]]",
28487,q,a,cx_stage1,,"[[[4, 709], [41, 709]], [], [true, true]]",
28488,q,a,cx_stage3,,"[[[4, 709], [41, 709]], [], [true, true]]",
28489,q,a,cx_stage1,,"[[[4, 712], [42, 712]], [], [true, true]]",
28490,q,a,cx_stage1,,"[[[4, 74], [7, 74]], [], [true, true]]",
28491,q,a,cx_stage3,,"[[[4, 712], [42, 712]], [], [true, true]]",
28492,q,a,cx_stage1,,"[[[4, 716], [42, 716]], [], [true, true]]",
28493,q,a,cx_stage3,,"[[[4, 716], [42, 716]], [], [true, true]]",
28494,q,a,cx_stage1,,"[[[4, 719], [43, 719]], [], [true, true]]",
28495,q,a,cx_stage3,,"[[[4, 719], [43, 719]], [], [true, true]]",
28496,q,a,cx_stage1,,"[[[4, 723], [43, 723]], [], [true, true]]",
28497,q,a,cx_stage2,,"[[[4, 74], [7, 74]], [], [true, true]]",
28498,q,a,cx_stage3,,"[[[4, 723], [43, 723]], [], [true, true]]",
28499,q,a,cx_stage1,,"[[[4, 726], [44, 726]], [], [true, true]]",
28500,q,a,cx_stage3,,"[[[4, 726], [44, 726]], [], [true, true]]",
28501,q,a,cx_stage1,,"[[[4, 730], [44, 730]], [], [true, true]]",
28502,q,a,cx_stage3,,"[[[4, 730], [44, 730]], [], [true, true]]",
28503,q,a,cx_stage3,,"[[[4, 74], [7, 74]], [], [true, true]]",
28504,q,a,cx_stage1,,"[[[4, 733], [45, 733]], [], [true, true]]",
28505,q,a,cx_stage3,,"[[[4, 733], [45, 733]], [], [true, true]]",
28506,q,a,cx_stage1,,"[[[4, 737], [45, 737]], [], [true, true]]",
28507,q,a,cx_stage3,,"[[[4, 737], [45, 737]], [], [true, true]]",
28508,q,a,cx_stage1,,"[[[4, 740], [46, 740]], [], [true, true]]",
28509,q,a,cx_stage3,,"[[[4, 740], [46, 740]], [], [true, true]]",
28510,q,a,cx_stage1,,"[[[4, 78], [7, 78]], [], [true, true]]",
28511,q,a,cx_stage1,,"[[[4, 744], [46, 744]], [], [true, true]]",
28512,q,a,cx_stage3,,"[[[4, 744], [46, 744]], [], [true, true]]",
28513,q,a,cx_stage1,,"[[[4, 747], [47, 747]], [], [true, true]]",
28514,q,a,cx_stage3,,"[[[4, 747], [47, 747]], [], [true, true]]",
28515,q,a,cx_stage1,,"[[[4, 751], [47, 751]], [], [true, true]]",
28516,q,a,cx_stage3,,"[[[4, 751], [47, 751]], [], [true, true]]",
28517,q,a,cx_stage1,,"[[[4, 754], [48, 754]], [], [true, true]]",
28518,q,a,cx_stage3,,"[[[4, 754], [48, 754]], [], [true, true]]",
28519,q,a,cx_stage1,,"[[[4, 758], [48, 758]], [], [true, true]]",
28520,q,a,cx_stage3,,"[[[4, 758], [48, 758]], [], [true, true]]",
28521,q,a,cx_stage1,,"[[[4, 761], [49, 761]], [], [true, true]]",
28522,q,a,cx_stage2,,"[[[4, 78], [7, 78]], [], [true, true]]",
28523,q,a,cx_stage3,,"[[[4, 761], [49, 761]], [], [true, true]]",
28524,q,a,cx_stage1,,"[[[4, 765], [49, 765]], [], [true, true]]",
28525,q,a,cx_stage3,,"[[[4, 765], [49, 765]], [], [true, true]]",
28526,q,a,cx_stage1,,"[[[4, 768], [50, 768]], [], [true, true]]",
28527,q,a,cx_stage2,,"[[[4, 768], [50, 768]], [], [true, true]]",
28528,q,a,cx_stage3,,"[[[4, 768], [50, 768]], [], [true, true]]",
28529,q,a,cx_stage1,,"[[[4, 772], [50, 772]], [], [true, true]]",
28530,q,a,cx_stage3,,"[[[4, 78], [7, 78]], [], [true, true]]",
28531,q,a,cx_stage2,,"[[[4, 772], [50, 772]], [], [true, true]]",
28532,q,a,cx_stage3,,"[[[4, 772], [50, 772]], [], [true, true]]",
28533,q,a,cx_stage1,,"[[[4, 775], [51, 775]], [], [true, true]]",
28534,q,a,cx_stage2,,"[[[4, 775], [51, 775]], [], [true, true]]",
28535,q,a,cx_stage3,,"[[[4, 775], [51, 775]], [], [true, true]]",
28536,q,a,cx_stage1,,"[[[4, 779], [51, 779]], [], [true, true]]",
28537,q,a,cx_stage2,,"[[[4, 779], [51, 779]], [], [true, true]]",
28538,q,a,cx_stage3,,"[[[4, 779], [51, 779]], [], [true, true]]",
28539,q,a,cx_stage1,,"[[[4, 782], [52, 782]], [], [true, true]]",
28540,q,a,cx_stage1,,"[[[4, 81], [8, 81]], [], [true, true]]",
28541,q,a,cx_stage2,,"[[[4, 782], [52, 782]], [], [true, true]]",
28542,q,a,cx_stage3,,"[[[4, 782], [52, 782]], [], [true, true]]",
28543,q,a,cx_stage1,,"[[[4, 786], [52, 786]], [], [true, true]]",
28544,q,a,cx_stage2,,"[[[4, 786], [52, 786]], [], [true, true]]",
28545,q,a,cx_stage3,,"[[[4, 786], [52, 786]], [], [true, true]]",
28546,q,a,cx_stage1,,"[[[4, 789], [53, 789]], [], [true, true]]",
28547,q,a,cx_stage2,,"[[[4, 789], [53, 789]], [], [true, true]]",
28548,q,a,cx_stage3,,"[[[4, 789], [53, 789]], [], [true, true]]",
28549,q,a,cx_stage1,,"[[[4, 793], [53, 793]], [], [true, true]]",
28550,q,a,cx_stage2,,"[[[4, 81], [8, 81]], [], [true, true]]",
28551,q,a,cx_stage2,,"[[[4, 793], [53, 793]], [], [true, true]]",
28552,q,a,cx_stage3,,"[[[4, 793], [53, 793]], [], [true, true]]",
28553,q,a,cx_stage1,,"[[[4, 796], [54, 796]], [], [true, true]]",
28554,q,a,cx_stage2,,"[[[4, 796], [54, 796]], [], [true, true]]",
28555,q,a,cx_stage3,,"[[[4, 796], [54, 796]], [], [true, true]]",
28556,q,a,cx_stage1,,"[[[4, 800], [54, 800]], [], [true, true]]",
28557,q,a,cx_stage2,,"[[[4, 800], [54, 800]], [], [true, true]]",
28558,q,a,cx_stage3,,"[[[4, 800], [54, 800]], [], [true, true]]",
28559,q,a,cx_stage3,,"[[[4, 81], [8, 81]], [], [true, true]]",
28560,q,a,cx_stage1,,"[[[4, 803], [55, 803]], [], [true, true]]",
28561,q,a,cx_stage2,,"[[[4, 803], [55, 803]], [], [true, true]]",
28562,q,a,cx_stage3,,"[[[4, 803], [55, 803]], [], [true, true]]",
28563,q,a,cx_stage1,,"[[[4, 807], [55, 807]], [], [true, true]]",
28564,q,a,cx_stage2,,"[[[4, 807], [55, 807]], [], [true, true]]",
28565,q,a,cx_stage3,,"[[[4, 807], [55, 807]], [], [true, true]]",
28566,q,a,ry,,"[[[4, 808]], [], [true]]",
28567,q,a,cx_stage1,,"[[[4, 85], [8, 85]], [], [true, true]]",
28568,q,a,cx_stage2,,"[[[4, 85], [8, 85]], [], [true, true]]",
28569,q,a,cx_stage3,,"[[[4, 85], [8, 85]], [], [true, true]]",
28570,q,a,cx_stage1,,"[[[4, 88], [9, 88]], [], [true, true]]",
28571,q,a,cx_stage2,,"[[[4, 88], [9, 88]], [], [true, true]]",
28572,q,a,cx_stage3,,"[[[4, 88], [9, 88]], [], [true, true]]",
28573,q,a,cx_stage1,,"[[[4, 92], [9, 92]], [], [true, true]]",
28574,q,a,cx_stage2,,"[[[4, 92], [9, 92]], [], [true, true]]",
28575,q,a,cx_stage3,,"[[[4, 92], [9, 92]], [], [true, true]]",
28576,q,a,cx_stage1,,"[[[4, 95], [10, 95]], [], [true, true]]",
28577,q,a,cx_stage3,,"[[[4, 95], [10, 95]], [], [true, true]]",
28578,q,a,cx_stage1,,"[[[4, 99], [10, 99]], [], [true, true]]",
28579,q,a,cx_stage3,,"[[[4, 99], [10, 99]], [], [true, true]]",
28580,q,a,u2,,"[[[50, 1]], [], [true]]",
28581,q,a,cx_stage1,,"[[[0, 347], [50, 347]], [], [true, true]]",
28582,q,a,cx_stage1,,"[[[37, 1003], [50, 1003]], [], [true, true]]",
28583,q,a,p,,"[[[50, 1000]], [], [true]]",
28584,q,a,cx_stage3,,"[[[37, 1003], [50, 1003]], [], [true, true]]",
28585,q,a,cx_stage1,,"[[[38, 1006], [50, 1006]], [], [true, true]]",
28586,q,a,cx_stage3,,"[[[38, 1006], [50, 1006]], [], [true, true]]",
28587,q,a,p,,"[[[50, 1007]], [], [true]]",
28588,q,a,cx_stage1,,"[[[38, 1010], [50, 1010]], [], [true, true]]",
28589,q,a,cx_stage3,,"[[[38, 1010], [50, 1010]], [], [true, true]]",
28590,q,a,cx_stage1,,"[[[39, 1013], [50, 1013]], [], [true, true]]",
28591,q,a,cx_stage3,,"[[[39, 1013], [50, 1013]], [], [true, true]]",
28592,q,a,p,,"[[[50, 1014]], [], [true]]",
28593,q,a,cx_stage1,,"[[[39, 1017], [50, 1017]], [], [true, true]]",
28594,q,a,cx_stage3,,"[[[39, 1017], [50, 1017]], [], [true, true]]",
28595,q,a,cx_stage1,,"[[[40, 1020], [50, 1020]], [], [true, true]]",
28596,q,a,cx_stage3,,"[[[40, 1020], [50, 1020]], [], [true, true]]",
28597,q,a,p,,"[[[50, 1021]], [], [true]]",
28598,q,a,cx_stage1,,"[[[40, 1024], [50, 1024]], [], [true, true]]",
28599,q,a,cx_stage3,,"[[[40, 1024], [50, 1024]], [], [true, true]]",
28600,q,a,cx_stage1,,"[[[41, 1027], [50, 1027]], [], [true, true]]",
28601,q,a,cx_stage3,,"[[[41, 1027], [50, 1027]], [], [true, true]]",
28602,q,a,p,,"[[[50, 1028]], [], [true]]",
28603,q,a,cx_stage1,,"[[[41, 1031], [50, 1031]], [], [true, true]]",
28604,q,a,cx_stage3,,"[[[41, 1031], [50, 1031]], [], [true, true]]",
28605,q,a,cx_stage1,,"[[[42, 1034], [50, 1034]], [], [true, true]]",
28606,q,a,cx_stage3,,"[[[42, 1034], [50, 1034]], [], [true, true]]",
28607,q,a,p,,"[[[50, 1035]], [], [true]]",
28608,q,a,cx_stage1,,"[[[42, 1038], [50, 1038]], [], [true, true]]",
28609,q,a,cx_stage3,,"[[[42, 1038], [50, 1038]], [], [true, true]]",
28610,q,a,cx_stage1,,"[[[43, 1041], [50, 1041]], [], [true, true]]",
28611,q,a,cx_stage3,,"[[[43, 1041], [50, 1041]], [], [true, true]]",
28612,q,a,p,,"[[[50, 1042]], [], [true]]",
28613,q,a,cx_stage1,,"[[[43, 1045], [50, 1045]], [], [true, true]]",
28614,q,a,cx_stage3,,"[[[43, 1045], [50, 1045]], [], [true, true]]",
28615,q,a,cx_stage1,,"[[[44, 1048], [50, 1048]], [], [true, true]]",
28616,q,a,cx_stage3,,"[[[44, 1048], [50, 1048]], [], [true, true]]",
28617,q,a,p,,"[[[50, 1049]], [], [true]]",
28618,q,a,cx_stage1,,"[[[44, 1052], [50, 1052]], [], [true, true]]",
28619,q,a,cx_stage3,,"[[[44, 1052], [50, 1052]], [], [true, true]]",
28620,q,a,cx_stage1,,"[[[45, 1055], [50, 1055]], [], [true, true]]",
28621,q,a,cx_stage3,,"[[[45, 1055], [50, 1055]], [], [true, true]]",
28622,q,a,p,,"[[[50, 1056]], [], [true]]",
28623,q,a,cx_stage1,,"[[[45, 1059], [50, 1059]], [], [true, true]]",
28624,q,a,cx_stage3,,"[[[45, 1059], [50, 1059]], [], [true, true]]",
28625,q,a,cx_stage1,,"[[[46, 1062], [50, 1062]], [], [true, true]]",
28626,q,a,cx_stage3,,"[[[46, 1062], [50, 1062]], [], [true, true]]",
28627,q,a,p,,"[[[50, 1063]], [], [true]]",
28628,q,a,cx_stage1,,"[[[46, 1066], [50, 1066]], [], [true, true]]",
28629,q,a,cx_stage3,,"[[[46, 1066], [50, 1066]], [], [true, true]]",
28630,q,a,cx_stage1,,"[[[47, 1069], [50, 1069]], [], [true, true]]",
28631,q,a,cx_stage3,,"[[[47, 1069], [50, 1069]], [], [true, true]]",
28632,q,a,p,,"[[[50, 1070]], [], [true]]",
28633,q,a,cx_stage1,,"[[[47, 1073], [50, 1073]], [], [true, true]]",
28634,q,a,cx_stage3,,"[[[47, 1073], [50, 1073]], [], [true, true]]",
28635,q,a,cx_stage1,,"[[[48, 1076], [50, 1076]], [], [true, true]]",
28636,q,a,cx_stage3,,"[[[48, 1076], [50, 1076]], [], [true, true]]",
28637,q,a,p,,"[[[50, 1077]], [], [true]]",
28638,q,a,cx_stage1,,"[[[48, 1080], [50, 1080]], [], [true, true]]",
28639,q,a,cx_stage3,,"[[[48, 1080], [50, 1080]], [], [true, true]]",
28640,q,a,cx_stage1,,"[[[49, 1083], [50, 1083]], [], [true, true]]",
28641,q,a,cx_stage3,,"[[[49, 1083], [50, 1083]], [], [true, true]]",
28642,q,a,p,,"[[[50, 1084]], [], [true]]",
28643,q,a,cx_stage1,,"[[[49, 1087], [50, 1087]], [], [true, true]]",
28644,q,a,cx_stage3,,"[[[49, 1087], [50, 1087]], [], [true, true]]",
28645,q,a,cx_stage1,,"[[[50, 1097], [51, 1097]], [], [true, true]]",
28646,q,a,cx_stage2,,"[[[50, 1097], [51, 1097]], [], [true, true]]",
28647,q,a,cx_stage3,,"[[[50, 1097], [51, 1097]], [], [true, true]]",
28648,q,a,cx_stage1,,"[[[50, 1101], [51, 1101]], [], [true, true]]",
28649,q,a,cx_stage2,,"[[[50, 1101], [51, 1101]], [], [true, true]]",
28650,q,a,cx_stage3,,"[[[50, 1101], [51, 1101]], [], [true, true]]",
28651,q,a,cx_stage1,,"[[[50, 1104], [52, 1104]], [], [true, true]]",
28652,q,a,cx_stage2,,"[[[50, 1104], [52, 1104]], [], [true, true]]",
28653,q,a,cx_stage3,,"[[[50, 1104], [52, 1104]], [], [true, true]]",
28654,q,a,cx_stage1,,"[[[50, 1108], [52, 1108]], [], [true, true]]",
28655,q,a,cx_stage2,,"[[[50, 1108], [52, 1108]], [], [true, true]]",
28656,q,a,cx_stage3,,"[[[50, 1108], [52, 1108]], [], [true, true]]",
28657,q,a,cx_stage1,,"[[[50, 1111], [53, 1111]], [], [true, true]]",
28658,q,a,cx_stage2,,"[[[50, 1111], [53, 1111]], [], [true, true]]",
28659,q,a,cx_stage3,,"[[[50, 1111], [53, 1111]], [], [true, true]]",
28660,q,a,cx_stage1,,"[[[50, 1115], [53, 1115]], [], [true, true]]",
28661,q,a,cx_stage2,,"[[[50, 1115], [53, 1115]], [], [true, true]]",
28662,q,a,cx_stage3,,"[[[50, 1115], [53, 1115]], [], [true, true]]",
28663,q,a,cx_stage1,,"[[[50, 1118], [54, 1118]], [], [true, true]]",
28664,q,a,cx_stage2,,"[[[50, 1118], [54, 1118]], [], [true, true]]",
28665,q,a,cx_stage3,,"[[[50, 1118], [54, 1118]], [], [true, true]]",
28666,q,a,cx_stage1,,"[[[50, 1122], [54, 1122]], [], [true, true]]",
28667,q,a,cx_stage2,,"[[[50, 1122], [54, 1122]], [], [true, true]]",
28668,q,a,cx_stage3,,"[[[50, 1122], [54, 1122]], [], [true, true]]",
28669,q,a,cx_stage1,,"[[[50, 1125], [55, 1125]], [], [true, true]]",
28670,q,a,cx_stage2,,"[[[50, 1125], [55, 1125]], [], [true, true]]",
28671,q,a,cx_stage3,,"[[[50, 1125], [55, 1125]], [], [true, true]]",
28672,q,a,cx_stage1,,"[[[50, 1129], [55, 1129]], [], [true, true]]",
28673,q,a,cx_stage2,,"[[[50, 1129], [55, 1129]], [], [true, true]]",
28674,q,a,cx_stage3,,"[[[50, 1129], [55, 1129]], [], [true, true]]",
28675,q,a,ry,,"[[[50, 1130]], [], [true]]",
28676,q,a,cx_stage1,,"[[[50, 1173], [51, 1173]], [], [true, true]]",
28677,q,a,cx_stage2,,"[[[50, 1173], [51, 1173]], [], [true, true]]",
28678,q,a,cx_stage3,,"[[[50, 1173], [51, 1173]], [], [true, true]]",
28679,q,a,cx_stage1,,"[[[49, 1176], [50, 1176]], [], [true, true]]",
28680,q,a,cx_stage3,,"[[[49, 1176], [50, 1176]], [], [true, true]]",
28681,q,a,ry,,"[[[50, 1177]], [], [true]]",
28682,q,a,cx_stage3,,"[[[0, 347], [50, 347]], [], [true, true]]",
28683,q,a,p,,"[[[50, 348]], [], [true]]",
28684,q,a,cx_stage1,,"[[[0, 351], [50, 351]], [], [true, true]]",
28685,q,a,cx_stage3,,"[[[0, 351], [50, 351]], [], [true, true]]",
28686,q,a,cx_stage1,,"[[[1, 354], [50, 354]], [], [true, true]]",
28687,q,a,cx_stage3,,"[[[1, 354], [50, 354]], [], [true, true]]",
28688,q,a,p,,"[[[50, 355]], [], [true]]",
28689,q,a,cx_stage1,,"[[[1, 358], [50, 358]], [], [true, true]]",
28690,q,a,cx_stage3,,"[[[1, 358], [50, 358]], [], [true, true]]",
28691,q,a,cx_stage1,,"[[[2, 361], [50, 361]], [], [true, true]]",
28692,q,a,cx_stage3,,"[[[2, 361], [50, 361]], [], [true, true]]",
28693,q,a,p,,"[[[50, 362]], [], [true]]",
28694,q,a,cx_stage1,,"[[[2, 365], [50, 365]], [], [true, true]]",
28695,q,a,cx_stage3,,"[[[2, 365], [50, 365]], [], [true, true]]",
28696,q,a,cx_stage1,,"[[[3, 368], [50, 368]], [], [true, true]]",
28697,q,a,cx_stage3,,"[[[3, 368], [50, 368]], [], [true, true]]",
28698,q,a,p,,"[[[50, 369]], [], [true]]",
28699,q,a,cx_stage1,,"[[[3, 372], [50, 372]], [], [true, true]]",
28700,q,a,cx_stage3,,"[[[3, 372], [50, 372]], [], [true, true]]",
28701,q,a,cx_stage1,,"[[[4, 375], [50, 375]], [], [true, true]]",
28702,q,a,cx_stage3,,"[[[4, 375], [50, 375]], [], [true, true]]",
28703,q,a,p,,"[[[50, 376]], [], [true]]",
28704,q,a,cx_stage1,,"[[[4, 379], [50, 379]], [], [true, true]]",
28705,q,a,cx_stage3,,"[[[4, 379], [50, 379]], [], [true, true]]",
28706,q,a,cx_stage1,,"[[[5, 382], [50, 382]], [], [true, true]]",
28707,q,a,cx_stage2,,"[[[5, 382], [50, 382]], [], [true, true]]",
28708,q,a,cx_stage3,,"[[[5, 382], [50, 382]], [], [true, true]]",
28709,q,a,p,,"[[[50, 383]], [], [true]]",
28710,q,a,cx_stage1,,"[[[5, 386], [50, 386]], [], [true, true]]",
28711,q,a,cx_stage2,,"[[[5, 386], [50, 386]], [], [true, true]]",
28712,q,a,cx_stage3,,"[[[5, 386], [50, 386]], [], [true, true]]",
28713,q,a,cx_stage1,,"[[[6, 389], [50, 389]], [], [true, true]]",
28714,q,a,cx_stage2,,"[[[6, 389], [50, 389]], [], [true, true]]",
28715,q,a,cx_stage3,,"[[[6, 389], [50, 389]], [], [true, true]]",
28716,q,a,p,,"[[[50, 390]], [], [true]]",
28717,q,a,cx_stage1,,"[[[6, 393], [50, 393]], [], [true, true]]",
28718,q,a,cx_stage2,,"[[[6, 393], [50, 393]], [], [true, true]]",
28719,q,a,cx_stage3,,"[[[6, 393], [50, 393]], [], [true, true]]",
28720,q,a,cx_stage1,,"[[[7, 396], [50, 396]], [], [true, true]]",
28721,q,a,cx_stage2,,"[[[7, 396], [50, 396]], [], [true, true]]",
28722,q,a,cx_stage3,,"[[[7, 396], [50, 396]], [], [true, true]]",
28723,q,a,p,,"[[[50, 397]], [], [true]]",
28724,q,a,cx_stage1,,"[[[7, 400], [50, 400]], [], [true, true]]",
28725,q,a,cx_stage2,,"[[[7, 400], [50, 400]], [], [true, true]]",
28726,q,a,cx_stage3,,"[[[7, 400], [50, 400]], [], [true, true]]",
28727,q,a,cx_stage1,,"[[[8, 403], [50, 403]], [], [true, true]]",
28728,q,a,cx_stage2,,"[[[8, 403], [50, 403]], [], [true, true]]",
28729,q,a,cx_stage3,,"[[[8, 403], [50, 403]], [], [true, true]]",
28730,q,a,p,,"[[[50, 404]], [], [true]]",
28731,q,a,cx_stage1,,"[[[8, 407], [50, 407]], [], [true, true]]",
28732,q,a,cx_stage2,,"[[[8, 407], [50, 407]], [], [true, true]]",
28733,q,a,cx_stage3,,"[[[8, 407], [50, 407]], [], [true, true]]",
28734,q,a,cx_stage1,,"[[[9, 410], [50, 410]], [], [true, true]]",
28735,q,a,cx_stage2,,"[[[9, 410], [50, 410]], [], [true, true]]",
28736,q,a,cx_stage3,,"[[[9, 410], [50, 410]], [], [true, true]]",
28737,q,a,p,,"[[[50, 411]], [], [true]]",
28738,q,a,cx_stage1,,"[[[9, 414], [50, 414]], [], [true, true]]",
28739,q,a,cx_stage2,,"[[[9, 414], [50, 414]], [], [true, true]]",
28740,q,a,cx_stage3,,"[[[9, 414], [50, 414]], [], [true, true]]",
28741,q,a,cx_stage1,,"[[[10, 417], [50, 417]], [], [true, true]]",
28742,q,a,cx_stage3,,"[[[10, 417], [50, 417]], [], [true, true]]",
28743,q,a,p,,"[[[50, 418]], [], [true]]",
28744,q,a,cx_stage1,,"[[[10, 421], [50, 421]], [], [true, true]]",
28745,q,a,cx_stage3,,"[[[10, 421], [50, 421]], [], [true, true]]",
28746,q,a,cx_stage1,,"[[[11, 424], [50, 424]], [], [true, true]]",
28747,q,a,cx_stage3,,"[[[11, 424], [50, 424]], [], [true, true]]",
28748,q,a,p,,"[[[50, 425]], [], [true]]",
28749,q,a,cx_stage1,,"[[[11, 428], [50, 428]], [], [true, true]]",
28750,q,a,cx_stage3,,"[[[11, 428], [50, 428]], [], [true, true]]",
28751,q,a,cx_stage1,,"[[[12, 431], [50, 431]], [], [true, true]]",
28752,q,a,cx_stage3,,"[[[12, 431], [50, 431]], [], [true, true]]",
28753,q,a,p,,"[[[50, 432]], [], [true]]",
28754,q,a,cx_stage1,,"[[[12, 435], [50, 435]], [], [true, true]]",
28755,q,a,cx_stage3,,"[[[12, 435], [50, 435]], [], [true, true]]",
28756,q,a,cx_stage1,,"[[[13, 438], [50, 438]], [], [true, true]]",
28757,q,a,cx_stage3,,"[[[13, 438], [50, 438]], [], [true, true]]",
28758,q,a,p,,"[[[50, 439]], [], [true]]",
28759,q,a,cx_stage1,,"[[[13, 442], [50, 442]], [], [true, true]]",
28760,q,a,cx_stage3,,"[[[13, 442], [50, 442]], [], [true, true]]",
28761,q,a,cx_stage1,,"[[[14, 445], [50, 445]], [], [true, true]]",
28762,q,a,cx_stage3,,"[[[14, 445], [50, 445]], [], [true, true]]",
28763,q,a,p,,"[[[50, 446]], [], [true]]",
28764,q,a,cx_stage1,,"[[[14, 449], [50, 449]], [], [true, true]]",
28765,q,a,cx_stage3,,"[[[14, 449], [50, 449]], [], [true, true]]",
28766,q,a,cx_stage1,,"[[[15, 452], [50, 452]], [], [true, true]]",
28767,q,a,cx_stage3,,"[[[15, 452], [50, 452]], [], [true, true]]",
28768,q,a,p,,"[[[50, 453]], [], [true]]",
28769,q,a,cx_stage1,,"[[[15, 456], [50, 456]], [], [true, true]]",
28770,q,a,cx_stage3,,"[[[15, 456], [50, 456]], [], [true, true]]",
28771,q,a,cx_stage1,,"[[[16, 459], [50, 459]], [], [true, true]]",
28772,q,a,cx_stage3,,"[[[16, 459], [50, 459]], [], [true, true]]",
28773,q,a,p,,"[[[50, 460]], [], [true]]",
28774,q,a,cx_stage1,,"[[[16, 463], [50, 463]], [], [true, true]]",
28775,q,a,cx_stage3,,"[[[16, 463], [50, 463]], [], [true, true]]",
28776,q,a,cx_stage1,,"[[[17, 466], [50, 466]], [], [true, true]]",
28777,q,a,cx_stage3,,"[[[17, 466], [50, 466]], [], [true, true]]",
28778,q,a,p,,"[[[50, 467]], [], [true]]",
28779,q,a,cx_stage1,,"[[[17, 470], [50, 470]], [], [true, true]]",
28780,q,a,cx_stage3,,"[[[17, 470], [50, 470]], [], [true, true]]",
28781,q,a,cx_stage1,,"[[[18, 473], [50, 473]], [], [true, true]]",
28782,q,a,cx_stage3,,"[[[18, 473], [50, 473]], [], [true, true]]",
28783,q,a,p,,"[[[50, 474]], [], [true]]",
28784,q,a,cx_stage1,,"[[[18, 477], [50, 477]], [], [true, true]]",
28785,q,a,cx_stage3,,"[[[18, 477], [50, 477]], [], [true, true]]",
28786,q,a,cx_stage1,,"[[[19, 480], [50, 480]], [], [true, true]]",
28787,q,a,cx_stage3,,"[[[19, 480], [50, 480]], [], [true, true]]",
28788,q,a,p,,"[[[50, 481]], [], [true]]",
28789,q,a,cx_stage1,,"[[[19, 484], [50, 484]], [], [true, true]]",
28790,q,a,cx_stage3,,"[[[19, 484], [50, 484]], [], [true, true]]",
28791,q,a,cx_stage1,,"[[[20, 487], [50, 487]], [], [true, true]]",
28792,q,a,cx_stage3,,"[[[20, 487], [50, 487]], [], [true, true]]",
28793,q,a,p,,"[[[50, 488]], [], [true]]",
28794,q,a,cx_stage1,,"[[[20, 491], [50, 491]], [], [true, true]]",
28795,q,a,cx_stage3,,"[[[20, 491], [50, 491]], [], [true, true]]",
28796,q,a,cx_stage1,,"[[[21, 494], [50, 494]], [], [true, true]]",
28797,q,a,cx_stage3,,"[[[21, 494], [50, 494]], [], [true, true]]",
28798,q,a,p,,"[[[50, 495]], [], [true]]",
28799,q,a,cx_stage1,,"[[[21, 498], [50, 498]], [], [true, true]]",
28800,q,a,cx_stage3,,"[[[21, 498], [50, 498]], [], [true, true]]",
28801,q,a,cx_stage1,,"[[[22, 501], [50, 501]], [], [true, true]]",
28802,q,a,cx_stage3,,"[[[22, 501], [50, 501]], [], [true, true]]",
28803,q,a,p,,"[[[50, 502]], [], [true]]",
28804,q,a,cx_stage1,,"[[[22, 505], [50, 505]], [], [true, true]]",
28805,q,a,cx_stage3,,"[[[22, 505], [50, 505]], [], [true, true]]",
28806,q,a,cx_stage1,,"[[[23, 508], [50, 508]], [], [true, true]]",
28807,q,a,cx_stage3,,"[[[23, 508], [50, 508]], [], [true, true]]",
28808,q,a,p,,"[[[50, 509]], [], [true]]",
28809,q,a,cx_stage1,,"[[[23, 512], [50, 512]], [], [true, true]]",
28810,q,a,cx_stage3,,"[[[23, 512], [50, 512]], [], [true, true]]",
28811,q,a,cx_stage1,,"[[[24, 515], [50, 515]], [], [true, true]]",
28812,q,a,cx_stage3,,"[[[24, 515], [50, 515]], [], [true, true]]",
28813,q,a,p,,"[[[50, 516]], [], [true]]",
28814,q,a,cx_stage1,,"[[[24, 519], [50, 519]], [], [true, true]]",
28815,q,a,cx_stage3,,"[[[24, 519], [50, 519]], [], [true, true]]",
28816,q,a,cx_stage1,,"[[[25, 522], [50, 522]], [], [true, true]]",
28817,q,a,cx_stage3,,"[[[25, 522], [50, 522]], [], [true, true]]",
28818,q,a,p,,"[[[50, 523]], [], [true]]",
28819,q,a,cx_stage1,,"[[[25, 526], [50, 526]], [], [true, true]]",
28820,q,a,cx_stage3,,"[[[25, 526], [50, 526]], [], [true, true]]",
28821,q,a,cx_stage1,,"[[[26, 529], [50, 529]], [], [true, true]]",
28822,q,a,cx_stage3,,"[[[26, 529], [50, 529]], [], [true, true]]",
28823,q,a,p,,"[[[50, 530]], [], [true]]",
28824,q,a,cx_stage1,,"[[[26, 533], [50, 533]], [], [true, true]]",
28825,q,a,cx_stage3,,"[[[26, 533], [50, 533]], [], [true, true]]",
28826,q,a,cx_stage1,,"[[[27, 536], [50, 536]], [], [true, true]]",
28827,q,a,cx_stage3,,"[[[27, 536], [50, 536]], [], [true, true]]",
28828,q,a,p,,"[[[50, 537]], [], [true]]",
28829,q,a,cx_stage1,,"[[[27, 540], [50, 540]], [], [true, true]]",
28830,q,a,cx_stage3,,"[[[27, 540], [50, 540]], [], [true, true]]",
28831,q,a,cx_stage1,,"[[[28, 543], [50, 543]], [], [true, true]]",
28832,q,a,cx_stage3,,"[[[28, 543], [50, 543]], [], [true, true]]",
28833,q,a,p,,"[[[50, 544]], [], [true]]",
28834,q,a,cx_stage1,,"[[[28, 547], [50, 547]], [], [true, true]]",
28835,q,a,cx_stage3,,"[[[28, 547], [50, 547]], [], [true, true]]",
28836,q,a,cx_stage1,,"[[[29, 550], [50, 550]], [], [true, true]]",
28837,q,a,cx_stage3,,"[[[29, 550], [50, 550]], [], [true, true]]",
28838,q,a,p,,"[[[50, 551]], [], [true]]",
28839,q,a,cx_stage1,,"[[[29, 554], [50, 554]], [], [true, true]]",
28840,q,a,cx_stage3,,"[[[29, 554], [50, 554]], [], [true, true]]",
28841,q,a,cx_stage1,,"[[[30, 557], [50, 557]], [], [true, true]]",
28842,q,a,cx_stage3,,"[[[30, 557], [50, 557]], [], [true, true]]",
28843,q,a,p,,"[[[50, 558]], [], [true]]",
28844,q,a,cx_stage1,,"[[[30, 561], [50, 561]], [], [true, true]]",
28845,q,a,cx_stage3,,"[[[30, 561], [50, 561]], [], [true, true]]",
28846,q,a,cx_stage1,,"[[[31, 564], [50, 564]], [], [true, true]]",
28847,q,a,cx_stage3,,"[[[31, 564], [50, 564]], [], [true, true]]",
28848,q,a,p,,"[[[50, 565]], [], [true]]",
28849,q,a,cx_stage1,,"[[[31, 568], [50, 568]], [], [true, true]]",
28850,q,a,cx_stage3,,"[[[31, 568], [50, 568]], [], [true, true]]",
28851,q,a,cx_stage1,,"[[[32, 571], [50, 571]], [], [true, true]]",
28852,q,a,cx_stage3,,"[[[32, 571], [50, 571]], [], [true, true]]",
28853,q,a,p,,"[[[50, 572]], [], [true]]",
28854,q,a,cx_stage1,,"[[[32, 575], [50, 575]], [], [true, true]]",
28855,q,a,cx_stage3,,"[[[32, 575], [50, 575]], [], [true, true]]",
28856,q,a,cx_stage1,,"[[[33, 578], [50, 578]], [], [true, true]]",
28857,q,a,cx_stage3,,"[[[33, 578], [50, 578]], [], [true, true]]",
28858,q,a,p,,"[[[50, 579]], [], [true]]",
28859,q,a,cx_stage1,,"[[[33, 582], [50, 582]], [], [true, true]]",
28860,q,a,cx_stage3,,"[[[33, 582], [50, 582]], [], [true, true]]",
28861,q,a,cx_stage1,,"[[[34, 585], [50, 585]], [], [true, true]]",
28862,q,a,cx_stage3,,"[[[34, 585], [50, 585]], [], [true, true]]",
28863,q,a,p,,"[[[50, 586]], [], [true]]",
28864,q,a,cx_stage1,,"[[[34, 589], [50, 589]], [], [true, true]]",
28865,q,a,cx_stage3,,"[[[34, 589], [50, 589]], [], [true, true]]",
28866,q,a,cx_stage1,,"[[[35, 592], [50, 592]], [], [true, true]]",
28867,q,a,cx_stage3,,"[[[35, 592], [50, 592]], [], [true, true]]",
28868,q,a,p,,"[[[50, 593]], [], [true]]",
28869,q,a,cx_stage1,,"[[[35, 596], [50, 596]], [], [true, true]]",
28870,q,a,cx_stage3,,"[[[35, 596], [50, 596]], [], [true, true]]",
28871,q,a,cx_stage1,,"[[[36, 599], [50, 599]], [], [true, true]]",
28872,q,a,cx_stage3,,"[[[36, 599], [50, 599]], [], [true, true]]",
28873,q,a,p,,"[[[50, 600]], [], [true]]",
28874,q,a,cx_stage1,,"[[[36, 603], [50, 603]], [], [true, true]]",
28875,q,a,cx_stage3,,"[[[36, 603], [50, 603]], [], [true, true]]",
28876,q,a,cx_stage1,,"[[[37, 606], [50, 606]], [], [true, true]]",
28877,q,a,cx_stage3,,"[[[37, 606], [50, 606]], [], [true, true]]",
28878,q,a,p,,"[[[50, 607]], [], [true]]",
28879,q,a,cx_stage1,,"[[[37, 610], [50, 610]], [], [true, true]]",
28880,q,a,cx_stage3,,"[[[37, 610], [50, 610]], [], [true, true]]",
28881,q,a,cx_stage1,,"[[[38, 613], [50, 613]], [], [true, true]]",
28882,q,a,cx_stage3,,"[[[38, 613], [50, 613]], [], [true, true]]",
28883,q,a,p,,"[[[50, 614]], [], [true]]",
28884,q,a,cx_stage1,,"[[[38, 617], [50, 617]], [], [true, true]]",
28885,q,a,cx_stage3,,"[[[38, 617], [50, 617]], [], [true, true]]",
28886,q,a,cx_stage1,,"[[[39, 620], [50, 620]], [], [true, true]]",
28887,q,a,cx_stage3,,"[[[39, 620], [50, 620]], [], [true, true]]",
28888,q,a,p,,"[[[50, 621]], [], [true]]",
28889,q,a,cx_stage1,,"[[[39, 624], [50, 624]], [], [true, true]]",
28890,q,a,cx_stage3,,"[[[39, 624], [50, 624]], [], [true, true]]",
28891,q,a,cx_stage1,,"[[[40, 627], [50, 627]], [], [true, true]]",
28892,q,a,cx_stage3,,"[[[40, 627], [50, 627]], [], [true, true]]",
28893,q,a,p,,"[[[50, 628]], [], [true]]",
28894,q,a,cx_stage1,,"[[[40, 631], [50, 631]], [], [true, true]]",
28895,q,a,cx_stage3,,"[[[40, 631], [50, 631]], [], [true, true]]",
28896,q,a,cx_stage1,,"[[[41, 634], [50, 634]], [], [true, true]]",
28897,q,a,cx_stage3,,"[[[41, 634], [50, 634]], [], [true, true]]",
28898,q,a,p,,"[[[50, 635]], [], [true]]",
28899,q,a,cx_stage1,,"[[[41, 638], [50, 638]], [], [true, true]]",
28900,q,a,cx_stage3,,"[[[41, 638], [50, 638]], [], [true, true]]",
28901,q,a,cx_stage1,,"[[[42, 641], [50, 641]], [], [true, true]]",
28902,q,a,cx_stage3,,"[[[42, 641], [50, 641]], [], [true, true]]",
28903,q,a,p,,"[[[50, 642]], [], [true]]",
28904,q,a,cx_stage1,,"[[[42, 645], [50, 645]], [], [true, true]]",
28905,q,a,cx_stage3,,"[[[42, 645], [50, 645]], [], [true, true]]",
28906,q,a,cx_stage1,,"[[[43, 648], [50, 648]], [], [true, true]]",
28907,q,a,cx_stage3,,"[[[43, 648], [50, 648]], [], [true, true]]",
28908,q,a,p,,"[[[50, 649]], [], [true]]",
28909,q,a,cx_stage1,,"[[[43, 652], [50, 652]], [], [true, true]]",
28910,q,a,cx_stage3,,"[[[43, 652], [50, 652]], [], [true, true]]",
28911,q,a,cx_stage1,,"[[[44, 655], [50, 655]], [], [true, true]]",
28912,q,a,cx_stage3,,"[[[44, 655], [50, 655]], [], [true, true]]",
28913,q,a,p,,"[[[50, 656]], [], [true]]",
28914,q,a,cx_stage1,,"[[[44, 659], [50, 659]], [], [true, true]]",
28915,q,a,cx_stage3,,"[[[44, 659], [50, 659]], [], [true, true]]",
28916,q,a,cx_stage1,,"[[[45, 662], [50, 662]], [], [true, true]]",
28917,q,a,cx_stage3,,"[[[45, 662], [50, 662]], [], [true, true]]",
28918,q,a,p,,"[[[50, 663]], [], [true]]",
28919,q,a,cx_stage1,,"[[[45, 666], [50, 666]], [], [true, true]]",
28920,q,a,cx_stage3,,"[[[45, 666], [50, 666]], [], [true, true]]",
28921,q,a,cx_stage1,,"[[[46, 669], [50, 669]], [], [true, true]]",
28922,q,a,cx_stage3,,"[[[46, 669], [50, 669]], [], [true, true]]",
28923,q,a,p,,"[[[50, 670]], [], [true]]",
28924,q,a,cx_stage1,,"[[[46, 673], [50, 673]], [], [true, true]]",
28925,q,a,cx_stage3,,"[[[46, 673], [50, 673]], [], [true, true]]",
28926,q,a,cx_stage1,,"[[[47, 676], [50, 676]], [], [true, true]]",
28927,q,a,cx_stage3,,"[[[47, 676], [50, 676]], [], [true, true]]",
28928,q,a,p,,"[[[50, 677]], [], [true]]",
28929,q,a,cx_stage1,,"[[[47, 680], [50, 680]], [], [true, true]]",
28930,q,a,cx_stage3,,"[[[47, 680], [50, 680]], [], [true, true]]",
28931,q,a,cx_stage1,,"[[[48, 683], [50, 683]], [], [true, true]]",
28932,q,a,cx_stage3,,"[[[48, 683], [50, 683]], [], [true, true]]",
28933,q,a,p,,"[[[50, 684]], [], [true]]",
28934,q,a,cx_stage1,,"[[[48, 687], [50, 687]], [], [true, true]]",
28935,q,a,cx_stage3,,"[[[48, 687], [50, 687]], [], [true, true]]",
28936,q,a,cx_stage1,,"[[[49, 690], [50, 690]], [], [true, true]]",
28937,q,a,cx_stage3,,"[[[49, 690], [50, 690]], [], [true, true]]",
28938,q,a,p,,"[[[50, 691]], [], [true]]",
28939,q,a,cx_stage1,,"[[[49, 694], [50, 694]], [], [true, true]]",
28940,q,a,cx_stage3,,"[[[49, 694], [50, 694]], [], [true, true]]",
28941,q,a,cx_stage1,,"[[[50, 704], [51, 704]], [], [true, true]]",
28942,q,a,cx_stage2,,"[[[50, 704], [51, 704]], [], [true, true]]",
28943,q,a,cx_stage3,,"[[[50, 704], [51, 704]], [], [true, true]]",
28944,q,a,cx_stage1,,"[[[50, 708], [51, 708]], [], [true, true]]",
28945,q,a,cx_stage2,,"[[[50, 708], [51, 708]], [], [true, true]]",
28946,q,a,cx_stage3,,"[[[50, 708], [51, 708]], [], [true, true]]",
28947,q,a,cx_stage1,,"[[[50, 711], [52, 711]], [], [true, true]]",
28948,q,a,cx_stage2,,"[[[50, 711], [52, 711]], [], [true, true]]",
28949,q,a,cx_stage3,,"[[[50, 711], [52, 711]], [], [true, true]]",
28950,q,a,cx_stage1,,"[[[50, 715], [52, 715]], [], [true, true]]",
28951,q,a,cx_stage2,,"[[[50, 715], [52, 715]], [], [true, true]]",
28952,q,a,cx_stage3,,"[[[50, 715], [52, 715]], [], [true, true]]",
28953,q,a,cx_stage1,,"[[[50, 718], [53, 718]], [], [true, true]]",
28954,q,a,cx_stage2,,"[[[50, 718], [53, 718]], [], [true, true]]",
28955,q,a,cx_stage3,,"[[[50, 718], [53, 718]], [], [true, true]]",
28956,q,a,cx_stage1,,"[[[50, 722], [53, 722]], [], [true, true]]",
28957,q,a,cx_stage2,,"[[[50, 722], [53, 722]], [], [true, true]]",
28958,q,a,cx_stage3,,"[[[50, 722], [53, 722]], [], [true, true]]",
28959,q,a,cx_stage1,,"[[[50, 725], [54, 725]], [], [true, true]]",
28960,q,a,cx_stage2,,"[[[50, 725], [54, 725]], [], [true, true]]",
28961,q,a,cx_stage3,,"[[[50, 725], [54, 725]], [], [true, true]]",
28962,q,a,cx_stage1,,"[[[50, 729], [54, 729]], [], [true, true]]",
28963,q,a,cx_stage2,,"[[[50, 729], [54, 729]], [], [true, true]]",
28964,q,a,cx_stage3,,"[[[50, 729], [54, 729]], [], [true, true]]",
28965,q,a,cx_stage1,,"[[[50, 732], [55, 732]], [], [true, true]]",
28966,q,a,cx_stage2,,"[[[50, 732], [55, 732]], [], [true, true]]",
28967,q,a,cx_stage3,,"[[[50, 732], [55, 732]], [], [true, true]]",
28968,q,a,cx_stage1,,"[[[50, 736], [55, 736]], [], [true, true]]",
28969,q,a,cx_stage2,,"[[[50, 736], [55, 736]], [], [true, true]]",
28970,q,a,cx_stage3,,"[[[50, 736], [55, 736]], [], [true, true]]",
28971,q,a,u2,,"[[[50, 737]], [], [true]]",
28972,q,a,cx_stage1,,"[[[0, 740], [50, 740]], [], [true, true]]",
28973,q,a,cx_stage3,,"[[[0, 740], [50, 740]], [], [true, true]]",
28974,q,a,p,,"[[[50, 741]], [], [true]]",
28975,q,a,cx_stage1,,"[[[0, 744], [50, 744]], [], [true, true]]",
28976,q,a,cx_stage3,,"[[[0, 744], [50, 744]], [], [true, true]]",
28977,q,a,cx_stage1,,"[[[1, 747], [50, 747]], [], [true, true]]",
28978,q,a,cx_stage3,,"[[[1, 747], [50, 747]], [], [true, true]]",
28979,q,a,p,,"[[[50, 748]], [], [true]]",
28980,q,a,cx_stage1,,"[[[1, 751], [50, 751]], [], [true, true]]",
28981,q,a,cx_stage3,,"[[[1, 751], [50, 751]], [], [true, true]]",
28982,q,a,cx_stage1,,"[[[2, 754], [50, 754]], [], [true, true]]",
28983,q,a,cx_stage3,,"[[[2, 754], [50, 754]], [], [true, true]]",
28984,q,a,p,,"[[[50, 755]], [], [true]]",
28985,q,a,cx_stage1,,"[[[2, 758], [50, 758]], [], [true, true]]",
28986,q,a,cx_stage3,,"[[[2, 758], [50, 758]], [], [true, true]]",
28987,q,a,cx_stage1,,"[[[3, 761], [50, 761]], [], [true, true]]",
28988,q,a,cx_stage3,,"[[[3, 761], [50, 761]], [], [true, true]]",
28989,q,a,p,,"[[[50, 762]], [], [true]]",
28990,q,a,cx_stage1,,"[[[3, 765], [50, 765]], [], [true, true]]",
28991,q,a,cx_stage3,,"[[[3, 765], [50, 765]], [], [true, true]]",
28992,q,a,cx_stage1,,"[[[4, 768], [50, 768]], [], [true, true]]",
28993,q,a,cx_stage3,,"[[[4, 768], [50, 768]], [], [true, true]]",
28994,q,a,p,,"[[[50, 769]], [], [true]]",
28995,q,a,cx_stage1,,"[[[4, 772], [50, 772]], [], [true, true]]",
28996,q,a,cx_stage3,,"[[[4, 772], [50, 772]], [], [true, true]]",
28997,q,a,cx_stage1,,"[[[5, 775], [50, 775]], [], [true, true]]",
28998,q,a,cx_stage2,,"[[[5, 775], [50, 775]], [], [true, true]]",
28999,q,a,cx_stage3,,"[[[5, 775], [50, 775]], [], [true, true]]",
29000,q,a,p,,"[[[50, 776]], [], [true]]",
29001,q,a,cx_stage1,,"[[[5, 779], [50, 779]], [], [true, true]]",
29002,q,a,cx_stage2,,"[[[5, 779], [50, 779]], [], [true, true]]",
29003,q,a,cx_stage3,,"[[[5, 779], [50, 779]], [], [true, true]]",
29004,q,a,cx_stage1,,"[[[6, 782], [50, 782]], [], [true, true]]",
29005,q,a,cx_stage2,,"[[[6, 782], [50, 782]], [], [true, true]]",
29006,q,a,cx_stage3,,"[[[6, 782], [50, 782]], [], [true, true]]",
29007,q,a,p,,"[[[50, 783]], [], [true]]",
29008,q,a,cx_stage1,,"[[[6, 786], [50, 786]], [], [true, true]]",
29009,q,a,cx_stage2,,"[[[6, 786], [50, 786]], [], [true, true]]",
29010,q,a,cx_stage3,,"[[[6, 786], [50, 786]], [], [true, true]]",
29011,q,a,cx_stage1,,"[[[7, 789], [50, 789]], [], [true, true]]",
29012,q,a,cx_stage2,,"[[[7, 789], [50, 789]], [], [true, true]]",
29013,q,a,cx_stage3,,"[[[7, 789], [50, 789]], [], [true, true]]",
29014,q,a,p,,"[[[50, 790]], [], [true]]",
29015,q,a,cx_stage1,,"[[[7, 793], [50, 793]], [], [true, true]]",
29016,q,a,cx_stage2,,"[[[7, 793], [50, 793]], [], [true, true]]",
29017,q,a,cx_stage3,,"[[[7, 793], [50, 793]], [], [true, true]]",
29018,q,a,cx_stage1,,"[[[8, 796], [50, 796]], [], [true, true]]",
29019,q,a,cx_stage2,,"[[[8, 796], [50, 796]], [], [true, true]]",
29020,q,a,cx_stage3,,"[[[8, 796], [50, 796]], [], [true, true]]",
29021,q,a,p,,"[[[50, 797]], [], [true]]",
29022,q,a,cx_stage1,,"[[[8, 800], [50, 800]], [], [true, true]]",
29023,q,a,cx_stage2,,"[[[8, 800], [50, 800]], [], [true, true]]",
29024,q,a,cx_stage3,,"[[[8, 800], [50, 800]], [], [true, true]]",
29025,q,a,cx_stage1,,"[[[9, 803], [50, 803]], [], [true, true]]",
29026,q,a,cx_stage2,,"[[[9, 803], [50, 803]], [], [true, true]]",
29027,q,a,cx_stage3,,"[[[9, 803], [50, 803]], [], [true, true]]",
29028,q,a,p,,"[[[50, 804]], [], [true]]",
29029,q,a,cx_stage1,,"[[[9, 807], [50, 807]], [], [true, true]]",
29030,q,a,cx_stage2,,"[[[9, 807], [50, 807]], [], [true, true]]",
29031,q,a,cx_stage3,,"[[[9, 807], [50, 807]], [], [true, true]]",
29032,q,a,cx_stage1,,"[[[10, 810], [50, 810]], [], [true, true]]",
29033,q,a,cx_stage3,,"[[[10, 810], [50, 810]], [], [true, true]]",
29034,q,a,p,,"[[[50, 811]], [], [true]]",
29035,q,a,cx_stage1,,"[[[10, 814], [50, 814]], [], [true, true]]",
29036,q,a,cx_stage3,,"[[[10, 814], [50, 814]], [], [true, true]]",
29037,q,a,cx_stage1,,"[[[11, 817], [50, 817]], [], [true, true]]",
29038,q,a,cx_stage3,,"[[[11, 817], [50, 817]], [], [true, true]]",
29039,q,a,p,,"[[[50, 818]], [], [true]]",
29040,q,a,cx_stage1,,"[[[11, 821], [50, 821]], [], [true, true]]",
29041,q,a,cx_stage3,,"[[[11, 821], [50, 821]], [], [true, true]]",
29042,q,a,cx_stage1,,"[[[12, 824], [50, 824]], [], [true, true]]",
29043,q,a,cx_stage3,,"[[[12, 824], [50, 824]], [], [true, true]]",
29044,q,a,p,,"[[[50, 825]], [], [true]]",
29045,q,a,cx_stage1,,"[[[12, 828], [50, 828]], [], [true, true]]",
29046,q,a,cx_stage3,,"[[[12, 828], [50, 828]], [], [true, true]]",
29047,q,a,cx_stage1,,"[[[13, 831], [50, 831]], [], [true, true]]",
29048,q,a,cx_stage3,,"[[[13, 831], [50, 831]], [], [true, true]]",
29049,q,a,p,,"[[[50, 832]], [], [true]]",
29050,q,a,cx_stage1,,"[[[13, 835], [50, 835]], [], [true, true]]",
29051,q,a,cx_stage3,,"[[[13, 835], [50, 835]], [], [true, true]]",
29052,q,a,cx_stage1,,"[[[14, 838], [50, 838]], [], [true, true]]",
29053,q,a,cx_stage3,,"[[[14, 838], [50, 838]], [], [true, true]]",
29054,q,a,p,,"[[[50, 839]], [], [true]]",
29055,q,a,cx_stage1,,"[[[14, 842], [50, 842]], [], [true, true]]",
29056,q,a,cx_stage3,,"[[[14, 842], [50, 842]], [], [true, true]]",
29057,q,a,cx_stage1,,"[[[15, 845], [50, 845]], [], [true, true]]",
29058,q,a,cx_stage3,,"[[[15, 845], [50, 845]], [], [true, true]]",
29059,q,a,p,,"[[[50, 846]], [], [true]]",
29060,q,a,cx_stage1,,"[[[15, 849], [50, 849]], [], [true, true]]",
29061,q,a,cx_stage3,,"[[[15, 849], [50, 849]], [], [true, true]]",
29062,q,a,cx_stage1,,"[[[16, 852], [50, 852]], [], [true, true]]",
29063,q,a,cx_stage3,,"[[[16, 852], [50, 852]], [], [true, true]]",
29064,q,a,p,,"[[[50, 853]], [], [true]]",
29065,q,a,cx_stage1,,"[[[16, 856], [50, 856]], [], [true, true]]",
29066,q,a,cx_stage3,,"[[[16, 856], [50, 856]], [], [true, true]]",
29067,q,a,cx_stage1,,"[[[17, 859], [50, 859]], [], [true, true]]",
29068,q,a,cx_stage3,,"[[[17, 859], [50, 859]], [], [true, true]]",
29069,q,a,p,,"[[[50, 860]], [], [true]]",
29070,q,a,cx_stage1,,"[[[17, 863], [50, 863]], [], [true, true]]",
29071,q,a,cx_stage3,,"[[[17, 863], [50, 863]], [], [true, true]]",
29072,q,a,cx_stage1,,"[[[18, 866], [50, 866]], [], [true, true]]",
29073,q,a,cx_stage3,,"[[[18, 866], [50, 866]], [], [true, true]]",
29074,q,a,p,,"[[[50, 867]], [], [true]]",
29075,q,a,cx_stage1,,"[[[18, 870], [50, 870]], [], [true, true]]",
29076,q,a,cx_stage3,,"[[[18, 870], [50, 870]], [], [true, true]]",
29077,q,a,cx_stage1,,"[[[19, 873], [50, 873]], [], [true, true]]",
29078,q,a,cx_stage3,,"[[[19, 873], [50, 873]], [], [true, true]]",
29079,q,a,p,,"[[[50, 874]], [], [true]]",
29080,q,a,cx_stage1,,"[[[19, 877], [50, 877]], [], [true, true]]",
29081,q,a,cx_stage3,,"[[[19, 877], [50, 877]], [], [true, true]]",
29082,q,a,cx_stage1,,"[[[20, 880], [50, 880]], [], [true, true]]",
29083,q,a,cx_stage3,,"[[[20, 880], [50, 880]], [], [true, true]]",
29084,q,a,p,,"[[[50, 881]], [], [true]]",
29085,q,a,cx_stage1,,"[[[20, 884], [50, 884]], [], [true, true]]",
29086,q,a,cx_stage3,,"[[[20, 884], [50, 884]], [], [true, true]]",
29087,q,a,cx_stage1,,"[[[21, 887], [50, 887]], [], [true, true]]",
29088,q,a,cx_stage3,,"[[[21, 887], [50, 887]], [], [true, true]]",
29089,q,a,p,,"[[[50, 888]], [], [true]]",
29090,q,a,cx_stage1,,"[[[21, 891], [50, 891]], [], [true, true]]",
29091,q,a,cx_stage3,,"[[[21, 891], [50, 891]], [], [true, true]]",
29092,q,a,cx_stage1,,"[[[22, 894], [50, 894]], [], [true, true]]",
29093,q,a,cx_stage3,,"[[[22, 894], [50, 894]], [], [true, true]]",
29094,q,a,p,,"[[[50, 895]], [], [true]]",
29095,q,a,cx_stage1,,"[[[22, 898], [50, 898]], [], [true, true]]",
29096,q,a,cx_stage3,,"[[[22, 898], [50, 898]], [], [true, true]]",
29097,q,a,cx_stage1,,"[[[23, 901], [50, 901]], [], [true, true]]",
29098,q,a,cx_stage3,,"[[[23, 901], [50, 901]], [], [true, true]]",
29099,q,a,p,,"[[[50, 902]], [], [true]]",
29100,q,a,cx_stage1,,"[[[23, 905], [50, 905]], [], [true, true]]",
29101,q,a,cx_stage3,,"[[[23, 905], [50, 905]], [], [true, true]]",
29102,q,a,cx_stage1,,"[[[24, 908], [50, 908]], [], [true, true]]",
29103,q,a,cx_stage3,,"[[[24, 908], [50, 908]], [], [true, true]]",
29104,q,a,p,,"[[[50, 909]], [], [true]]",
29105,q,a,cx_stage1,,"[[[24, 912], [50, 912]], [], [true, true]]",
29106,q,a,cx_stage3,,"[[[24, 912], [50, 912]], [], [true, true]]",
29107,q,a,cx_stage1,,"[[[25, 915], [50, 915]], [], [true, true]]",
29108,q,a,cx_stage3,,"[[[25, 915], [50, 915]], [], [true, true]]",
29109,q,a,p,,"[[[50, 916]], [], [true]]",
29110,q,a,cx_stage1,,"[[[25, 919], [50, 919]], [], [true, true]]",
29111,q,a,cx_stage3,,"[[[25, 919], [50, 919]], [], [true, true]]",
29112,q,a,cx_stage1,,"[[[26, 922], [50, 922]], [], [true, true]]",
29113,q,a,cx_stage3,,"[[[26, 922], [50, 922]], [], [true, true]]",
29114,q,a,p,,"[[[50, 923]], [], [true]]",
29115,q,a,cx_stage1,,"[[[26, 926], [50, 926]], [], [true, true]]",
29116,q,a,cx_stage3,,"[[[26, 926], [50, 926]], [], [true, true]]",
29117,q,a,cx_stage1,,"[[[27, 929], [50, 929]], [], [true, true]]",
29118,q,a,cx_stage3,,"[[[27, 929], [50, 929]], [], [true, true]]",
29119,q,a,p,,"[[[50, 930]], [], [true]]",
29120,q,a,cx_stage1,,"[[[27, 933], [50, 933]], [], [true, true]]",
29121,q,a,cx_stage3,,"[[[27, 933], [50, 933]], [], [true, true]]",
29122,q,a,cx_stage1,,"[[[28, 936], [50, 936]], [], [true, true]]",
29123,q,a,cx_stage3,,"[[[28, 936], [50, 936]], [], [true, true]]",
29124,q,a,p,,"[[[50, 937]], [], [true]]",
29125,q,a,cx_stage1,,"[[[28, 940], [50, 940]], [], [true, true]]",
29126,q,a,cx_stage3,,"[[[28, 940], [50, 940]], [], [true, true]]",
29127,q,a,cx_stage1,,"[[[29, 943], [50, 943]], [], [true, true]]",
29128,q,a,cx_stage3,,"[[[29, 943], [50, 943]], [], [true, true]]",
29129,q,a,p,,"[[[50, 944]], [], [true]]",
29130,q,a,cx_stage1,,"[[[29, 947], [50, 947]], [], [true, true]]",
29131,q,a,cx_stage3,,"[[[29, 947], [50, 947]], [], [true, true]]",
29132,q,a,cx_stage1,,"[[[30, 950], [50, 950]], [], [true, true]]",
29133,q,a,cx_stage3,,"[[[30, 950], [50, 950]], [], [true, true]]",
29134,q,a,p,,"[[[50, 951]], [], [true]]",
29135,q,a,cx_stage1,,"[[[30, 954], [50, 954]], [], [true, true]]",
29136,q,a,cx_stage3,,"[[[30, 954], [50, 954]], [], [true, true]]",
29137,q,a,cx_stage1,,"[[[31, 957], [50, 957]], [], [true, true]]",
29138,q,a,cx_stage3,,"[[[31, 957], [50, 957]], [], [true, true]]",
29139,q,a,p,,"[[[50, 958]], [], [true]]",
29140,q,a,cx_stage1,,"[[[31, 961], [50, 961]], [], [true, true]]",
29141,q,a,cx_stage3,,"[[[31, 961], [50, 961]], [], [true, true]]",
29142,q,a,cx_stage1,,"[[[32, 964], [50, 964]], [], [true, true]]",
29143,q,a,cx_stage3,,"[[[32, 964], [50, 964]], [], [true, true]]",
29144,q,a,p,,"[[[50, 965]], [], [true]]",
29145,q,a,cx_stage1,,"[[[32, 968], [50, 968]], [], [true, true]]",
29146,q,a,cx_stage3,,"[[[32, 968], [50, 968]], [], [true, true]]",
29147,q,a,cx_stage1,,"[[[33, 971], [50, 971]], [], [true, true]]",
29148,q,a,cx_stage3,,"[[[33, 971], [50, 971]], [], [true, true]]",
29149,q,a,p,,"[[[50, 972]], [], [true]]",
29150,q,a,cx_stage1,,"[[[33, 975], [50, 975]], [], [true, true]]",
29151,q,a,cx_stage3,,"[[[33, 975], [50, 975]], [], [true, true]]",
29152,q,a,cx_stage1,,"[[[34, 978], [50, 978]], [], [true, true]]",
29153,q,a,cx_stage3,,"[[[34, 978], [50, 978]], [], [true, true]]",
29154,q,a,p,,"[[[50, 979]], [], [true]]",
29155,q,a,cx_stage1,,"[[[34, 982], [50, 982]], [], [true, true]]",
29156,q,a,cx_stage3,,"[[[34, 982], [50, 982]], [], [true, true]]",
29157,q,a,cx_stage1,,"[[[35, 985], [50, 985]], [], [true, true]]",
29158,q,a,cx_stage3,,"[[[35, 985], [50, 985]], [], [true, true]]",
29159,q,a,p,,"[[[50, 986]], [], [true]]",
29160,q,a,cx_stage1,,"[[[35, 989], [50, 989]], [], [true, true]]",
29161,q,a,cx_stage3,,"[[[35, 989], [50, 989]], [], [true, true]]",
29162,q,a,cx_stage1,,"[[[36, 992], [50, 992]], [], [true, true]]",
29163,q,a,cx_stage3,,"[[[36, 992], [50, 992]], [], [true, true]]",
29164,q,a,p,,"[[[50, 993]], [], [true]]",
29165,q,a,cx_stage1,,"[[[36, 996], [50, 996]], [], [true, true]]",
29166,q,a,cx_stage3,,"[[[36, 996], [50, 996]], [], [true, true]]",
29167,q,a,cx_stage1,,"[[[37, 999], [50, 999]], [], [true, true]]",
29168,q,a,cx_stage3,,"[[[37, 999], [50, 999]], [], [true, true]]",
29169,q,a,u2,,"[[[51, 1]], [], [true]]",
29170,q,a,cx_stage1,,"[[[0, 354], [51, 354]], [], [true, true]]",
29171,q,a,cx_stage1,,"[[[36, 1003], [51, 1003]], [], [true, true]]",
29172,q,a,p,,"[[[51, 1000]], [], [true]]",
29173,q,a,cx_stage3,,"[[[36, 1003], [51, 1003]], [], [true, true]]",
29174,q,a,cx_stage1,,"[[[37, 1006], [51, 1006]], [], [true, true]]",
29175,q,a,cx_stage3,,"[[[37, 1006], [51, 1006]], [], [true, true]]",
29176,q,a,p,,"[[[51, 1007]], [], [true]]",
29177,q,a,cx_stage1,,"[[[37, 1010], [51, 1010]], [], [true, true]]",
29178,q,a,cx_stage3,,"[[[37, 1010], [51, 1010]], [], [true, true]]",
29179,q,a,cx_stage1,,"[[[38, 1013], [51, 1013]], [], [true, true]]",
29180,q,a,cx_stage3,,"[[[38, 1013], [51, 1013]], [], [true, true]]",
29181,q,a,p,,"[[[51, 1014]], [], [true]]",
29182,q,a,cx_stage1,,"[[[38, 1017], [51, 1017]], [], [true, true]]",
29183,q,a,cx_stage3,,"[[[38, 1017], [51, 1017]], [], [true, true]]",
29184,q,a,cx_stage1,,"[[[39, 1020], [51, 1020]], [], [true, true]]",
29185,q,a,cx_stage3,,"[[[39, 1020], [51, 1020]], [], [true, true]]",
29186,q,a,p,,"[[[51, 1021]], [], [true]]",
29187,q,a,cx_stage1,,"[[[39, 1024], [51, 1024]], [], [true, true]]",
29188,q,a,cx_stage3,,"[[[39, 1024], [51, 1024]], [], [true, true]]",
29189,q,a,cx_stage1,,"[[[40, 1027], [51, 1027]], [], [true, true]]",
29190,q,a,cx_stage3,,"[[[40, 1027], [51, 1027]], [], [true, true]]",
29191,q,a,p,,"[[[51, 1028]], [], [true]]",
29192,q,a,cx_stage1,,"[[[40, 1031], [51, 1031]], [], [true, true]]",
29193,q,a,cx_stage3,,"[[[40, 1031], [51, 1031]], [], [true, true]]",
29194,q,a,cx_stage1,,"[[[41, 1034], [51, 1034]], [], [true, true]]",
29195,q,a,cx_stage3,,"[[[41, 1034], [51, 1034]], [], [true, true]]",
29196,q,a,p,,"[[[51, 1035]], [], [true]]",
29197,q,a,cx_stage1,,"[[[41, 1038], [51, 1038]], [], [true, true]]",
29198,q,a,cx_stage3,,"[[[41, 1038], [51, 1038]], [], [true, true]]",
29199,q,a,cx_stage1,,"[[[42, 1041], [51, 1041]], [], [true, true]]",
29200,q,a,cx_stage3,,"[[[42, 1041], [51, 1041]], [], [true, true]]",
29201,q,a,p,,"[[[51, 1042]], [], [true]]",
29202,q,a,cx_stage1,,"[[[42, 1045], [51, 1045]], [], [true, true]]",
29203,q,a,cx_stage3,,"[[[42, 1045], [51, 1045]], [], [true, true]]",
29204,q,a,cx_stage1,,"[[[43, 1048], [51, 1048]], [], [true, true]]",
29205,q,a,cx_stage3,,"[[[43, 1048], [51, 1048]], [], [true, true]]",
29206,q,a,p,,"[[[51, 1049]], [], [true]]",
29207,q,a,cx_stage1,,"[[[43, 1052], [51, 1052]], [], [true, true]]",
29208,q,a,cx_stage3,,"[[[43, 1052], [51, 1052]], [], [true, true]]",
29209,q,a,cx_stage1,,"[[[44, 1055], [51, 1055]], [], [true, true]]",
29210,q,a,cx_stage3,,"[[[44, 1055], [51, 1055]], [], [true, true]]",
29211,q,a,p,,"[[[51, 1056]], [], [true]]",
29212,q,a,cx_stage1,,"[[[44, 1059], [51, 1059]], [], [true, true]]",
29213,q,a,cx_stage3,,"[[[44, 1059], [51, 1059]], [], [true, true]]",
29214,q,a,cx_stage1,,"[[[45, 1062], [51, 1062]], [], [true, true]]",
29215,q,a,cx_stage3,,"[[[45, 1062], [51, 1062]], [], [true, true]]",
29216,q,a,p,,"[[[51, 1063]], [], [true]]",
29217,q,a,cx_stage1,,"[[[45, 1066], [51, 1066]], [], [true, true]]",
29218,q,a,cx_stage3,,"[[[45, 1066], [51, 1066]], [], [true, true]]",
29219,q,a,cx_stage1,,"[[[46, 1069], [51, 1069]], [], [true, true]]",
29220,q,a,cx_stage3,,"[[[46, 1069], [51, 1069]], [], [true, true]]",
29221,q,a,p,,"[[[51, 1070]], [], [true]]",
29222,q,a,cx_stage1,,"[[[46, 1073], [51, 1073]], [], [true, true]]",
29223,q,a,cx_stage3,,"[[[46, 1073], [51, 1073]], [], [true, true]]",
29224,q,a,cx_stage1,,"[[[47, 1076], [51, 1076]], [], [true, true]]",
29225,q,a,cx_stage3,,"[[[47, 1076], [51, 1076]], [], [true, true]]",
29226,q,a,p,,"[[[51, 1077]], [], [true]]",
29227,q,a,cx_stage1,,"[[[47, 1080], [51, 1080]], [], [true, true]]",
29228,q,a,cx_stage3,,"[[[47, 1080], [51, 1080]], [], [true, true]]",
29229,q,a,cx_stage1,,"[[[48, 1083], [51, 1083]], [], [true, true]]",
29230,q,a,cx_stage3,,"[[[48, 1083], [51, 1083]], [], [true, true]]",
29231,q,a,p,,"[[[51, 1084]], [], [true]]",
29232,q,a,cx_stage1,,"[[[48, 1087], [51, 1087]], [], [true, true]]",
29233,q,a,cx_stage3,,"[[[48, 1087], [51, 1087]], [], [true, true]]",
29234,q,a,cx_stage1,,"[[[49, 1090], [51, 1090]], [], [true, true]]",
29235,q,a,cx_stage3,,"[[[49, 1090], [51, 1090]], [], [true, true]]",
29236,q,a,p,,"[[[51, 1091]], [], [true]]",
29237,q,a,cx_stage1,,"[[[49, 1094], [51, 1094]], [], [true, true]]",
29238,q,a,cx_stage3,,"[[[49, 1094], [51, 1094]], [], [true, true]]",
29239,q,a,cx_stage1,,"[[[50, 1097], [51, 1097]], [], [true, true]]",
29240,q,a,cx_stage3,,"[[[50, 1097], [51, 1097]], [], [true, true]]",
29241,q,a,p,,"[[[51, 1098]], [], [true]]",
29242,q,a,cx_stage1,,"[[[50, 1101], [51, 1101]], [], [true, true]]",
29243,q,a,cx_stage3,,"[[[50, 1101], [51, 1101]], [], [true, true]]",
29244,q,a,cx_stage1,,"[[[51, 1111], [52, 1111]], [], [true, true]]",
29245,q,a,cx_stage2,,"[[[51, 1111], [52, 1111]], [], [true, true]]",
29246,q,a,cx_stage3,,"[[[51, 1111], [52, 1111]], [], [true, true]]",
29247,q,a,cx_stage1,,"[[[51, 1115], [52, 1115]], [], [true, true]]",
29248,q,a,cx_stage2,,"[[[51, 1115], [52, 1115]], [], [true, true]]",
29249,q,a,cx_stage3,,"[[[51, 1115], [52, 1115]], [], [true, true]]",
29250,q,a,cx_stage1,,"[[[51, 1118], [53, 1118]], [], [true, true]]",
29251,q,a,cx_stage2,,"[[[51, 1118], [53, 1118]], [], [true, true]]",
29252,q,a,cx_stage3,,"[[[51, 1118], [53, 1118]], [], [true, true]]",
29253,q,a,cx_stage1,,"[[[51, 1122], [53, 1122]], [], [true, true]]",
29254,q,a,cx_stage2,,"[[[51, 1122], [53, 1122]], [], [true, true]]",
29255,q,a,cx_stage3,,"[[[51, 1122], [53, 1122]], [], [true, true]]",
29256,q,a,cx_stage1,,"[[[51, 1125], [54, 1125]], [], [true, true]]",
29257,q,a,cx_stage2,,"[[[51, 1125], [54, 1125]], [], [true, true]]",
29258,q,a,cx_stage3,,"[[[51, 1125], [54, 1125]], [], [true, true]]",
29259,q,a,cx_stage1,,"[[[51, 1129], [54, 1129]], [], [true, true]]",
29260,q,a,cx_stage2,,"[[[51, 1129], [54, 1129]], [], [true, true]]",
29261,q,a,cx_stage3,,"[[[51, 1129], [54, 1129]], [], [true, true]]",
29262,q,a,cx_stage1,,"[[[51, 1132], [55, 1132]], [], [true, true]]",
29263,q,a,cx_stage2,,"[[[51, 1132], [55, 1132]], [], [true, true]]",
29264,q,a,cx_stage3,,"[[[51, 1132], [55, 1132]], [], [true, true]]",
29265,q,a,cx_stage1,,"[[[51, 1136], [55, 1136]], [], [true, true]]",
29266,q,a,cx_stage2,,"[[[51, 1136], [55, 1136]], [], [true, true]]",
29267,q,a,cx_stage3,,"[[[51, 1136], [55, 1136]], [], [true, true]]",
29268,q,a,ry,,"[[[51, 1137]], [], [true]]",
29269,q,a,cx_stage1,,"[[[51, 1170], [52, 1170]], [], [true, true]]",
29270,q,a,cx_stage2,,"[[[51, 1170], [52, 1170]], [], [true, true]]",
29271,q,a,cx_stage3,,"[[[51, 1170], [52, 1170]], [], [true, true]]",
29272,q,a,cx_stage1,,"[[[50, 1173], [51, 1173]], [], [true, true]]",
29273,q,a,cx_stage3,,"[[[50, 1173], [51, 1173]], [], [true, true]]",
29274,q,a,ry,,"[[[51, 1174]], [], [true]]",
29275,q,a,cx_stage3,,"[[[0, 354], [51, 354]], [], [true, true]]",
29276,q,a,p,,"[[[51, 355]], [], [true]]",
29277,q,a,cx_stage1,,"[[[0, 358], [51, 358]], [], [true, true]]",
29278,q,a,cx_stage3,,"[[[0, 358], [51, 358]], [], [true, true]]",
29279,q,a,cx_stage1,,"[[[1, 361], [51, 361]], [], [true, true]]",
29280,q,a,cx_stage3,,"[[[1, 361], [51, 361]], [], [true, true]]",
29281,q,a,p,,"[[[51, 362]], [], [true]]",
29282,q,a,cx_stage1,,"[[[1, 365], [51, 365]], [], [true, true]]",
29283,q,a,cx_stage3,,"[[[1, 365], [51, 365]], [], [true, true]]",
29284,q,a,cx_stage1,,"[[[2, 368], [51, 368]], [], [true, true]]",
29285,q,a,cx_stage3,,"[[[2, 368], [51, 368]], [], [true, true]]",
29286,q,a,p,,"[[[51, 369]], [], [true]]",
29287,q,a,cx_stage1,,"[[[2, 372], [51, 372]], [], [true, true]]",
29288,q,a,cx_stage3,,"[[[2, 372], [51, 372]], [], [true, true]]",
29289,q,a,cx_stage1,,"[[[3, 375], [51, 375]], [], [true, true]]",
29290,q,a,cx_stage3,,"[[[3, 375], [51, 375]], [], [true, true]]",
29291,q,a,p,,"[[[51, 376]], [], [true]]",
29292,q,a,cx_stage1,,"[[[3, 379], [51, 379]], [], [true, true]]",
29293,q,a,cx_stage3,,"[[[3, 379], [51, 379]], [], [true, true]]",
29294,q,a,cx_stage1,,"[[[4, 382], [51, 382]], [], [true, true]]",
29295,q,a,cx_stage3,,"[[[4, 382], [51, 382]], [], [true, true]]",
29296,q,a,p,,"[[[51, 383]], [], [true]]",
29297,q,a,cx_stage1,,"[[[4, 386], [51, 386]], [], [true, true]]",
29298,q,a,cx_stage3,,"[[[4, 386], [51, 386]], [], [true, true]]",
29299,q,a,cx_stage1,,"[[[5, 389], [51, 389]], [], [true, true]]",
29300,q,a,cx_stage2,,"[[[5, 389], [51, 389]], [], [true, true]]",
29301,q,a,cx_stage3,,"[[[5, 389], [51, 389]], [], [true, true]]",
29302,q,a,p,,"[[[51, 390]], [], [true]]",
29303,q,a,cx_stage1,,"[[[5, 393], [51, 393]], [], [true, true]]",
29304,q,a,cx_stage2,,"[[[5, 393], [51, 393]], [], [true, true]]",
29305,q,a,cx_stage3,,"[[[5, 393], [51, 393]], [], [true, true]]",
29306,q,a,cx_stage1,,"[[[6, 396], [51, 396]], [], [true, true]]",
29307,q,a,cx_stage2,,"[[[6, 396], [51, 396]], [], [true, true]]",
29308,q,a,cx_stage3,,"[[[6, 396], [51, 396]], [], [true, true]]",
29309,q,a,p,,"[[[51, 397]], [], [true]]",
29310,q,a,cx_stage1,,"[[[6, 400], [51, 400]], [], [true, true]]",
29311,q,a,cx_stage2,,"[[[6, 400], [51, 400]], [], [true, true]]",
29312,q,a,cx_stage3,,"[[[6, 400], [51, 400]], [], [true, true]]",
29313,q,a,cx_stage1,,"[[[7, 403], [51, 403]], [], [true, true]]",
29314,q,a,cx_stage2,,"[[[7, 403], [51, 403]], [], [true, true]]",
29315,q,a,cx_stage3,,"[[[7, 403], [51, 403]], [], [true, true]]",
29316,q,a,p,,"[[[51, 404]], [], [true]]",
29317,q,a,cx_stage1,,"[[[7, 407], [51, 407]], [], [true, true]]",
29318,q,a,cx_stage2,,"[[[7, 407], [51, 407]], [], [true, true]]",
29319,q,a,cx_stage3,,"[[[7, 407], [51, 407]], [], [true, true]]",
29320,q,a,cx_stage1,,"[[[8, 410], [51, 410]], [], [true, true]]",
29321,q,a,cx_stage2,,"[[[8, 410], [51, 410]], [], [true, true]]",
29322,q,a,cx_stage3,,"[[[8, 410], [51, 410]], [], [true, true]]",
29323,q,a,p,,"[[[51, 411]], [], [true]]",
29324,q,a,cx_stage1,,"[[[8, 414], [51, 414]], [], [true, true]]",
29325,q,a,cx_stage2,,"[[[8, 414], [51, 414]], [], [true, true]]",
29326,q,a,cx_stage3,,"[[[8, 414], [51, 414]], [], [true, true]]",
29327,q,a,cx_stage1,,"[[[9, 417], [51, 417]], [], [true, true]]",
29328,q,a,cx_stage2,,"[[[9, 417], [51, 417]], [], [true, true]]",
29329,q,a,cx_stage3,,"[[[9, 417], [51, 417]], [], [true, true]]",
29330,q,a,p,,"[[[51, 418]], [], [true]]",
29331,q,a,cx_stage1,,"[[[9, 421], [51, 421]], [], [true, true]]",
29332,q,a,cx_stage2,,"[[[9, 421], [51, 421]], [], [true, true]]",
29333,q,a,cx_stage3,,"[[[9, 421], [51, 421]], [], [true, true]]",
29334,q,a,cx_stage1,,"[[[10, 424], [51, 424]], [], [true, true]]",
29335,q,a,cx_stage3,,"[[[10, 424], [51, 424]], [], [true, true]]",
29336,q,a,p,,"[[[51, 425]], [], [true]]",
29337,q,a,cx_stage1,,"[[[10, 428], [51, 428]], [], [true, true]]",
29338,q,a,cx_stage3,,"[[[10, 428], [51, 428]], [], [true, true]]",
29339,q,a,cx_stage1,,"[[[11, 431], [51, 431]], [], [true, true]]",
29340,q,a,cx_stage3,,"[[[11, 431], [51, 431]], [], [true, true]]",
29341,q,a,p,,"[[[51, 432]], [], [true]]",
29342,q,a,cx_stage1,,"[[[11, 435], [51, 435]], [], [true, true]]",
29343,q,a,cx_stage3,,"[[[11, 435], [51, 435]], [], [true, true]]",
29344,q,a,cx_stage1,,"[[[12, 438], [51, 438]], [], [true, true]]",
29345,q,a,cx_stage3,,"[[[12, 438], [51, 438]], [], [true, true]]",
29346,q,a,p,,"[[[51, 439]], [], [true]]",
29347,q,a,cx_stage1,,"[[[12, 442], [51, 442]], [], [true, true]]",
29348,q,a,cx_stage3,,"[[[12, 442], [51, 442]], [], [true, true]]",
29349,q,a,cx_stage1,,"[[[13, 445], [51, 445]], [], [true, true]]",
29350,q,a,cx_stage3,,"[[[13, 445], [51, 445]], [], [true, true]]",
29351,q,a,p,,"[[[51, 446]], [], [true]]",
29352,q,a,cx_stage1,,"[[[13, 449], [51, 449]], [], [true, true]]",
29353,q,a,cx_stage3,,"[[[13, 449], [51, 449]], [], [true, true]]",
29354,q,a,cx_stage1,,"[[[14, 452], [51, 452]], [], [true, true]]",
29355,q,a,cx_stage3,,"[[[14, 452], [51, 452]], [], [true, true]]",
29356,q,a,p,,"[[[51, 453]], [], [true]]",
29357,q,a,cx_stage1,,"[[[14, 456], [51, 456]], [], [true, true]]",
29358,q,a,cx_stage3,,"[[[14, 456], [51, 456]], [], [true, true]]",
29359,q,a,cx_stage1,,"[[[15, 459], [51, 459]], [], [true, true]]",
29360,q,a,cx_stage3,,"[[[15, 459], [51, 459]], [], [true, true]]",
29361,q,a,p,,"[[[51, 460]], [], [true]]",
29362,q,a,cx_stage1,,"[[[15, 463], [51, 463]], [], [true, true]]",
29363,q,a,cx_stage3,,"[[[15, 463], [51, 463]], [], [true, true]]",
29364,q,a,cx_stage1,,"[[[16, 466], [51, 466]], [], [true, true]]",
29365,q,a,cx_stage3,,"[[[16, 466], [51, 466]], [], [true, true]]",
29366,q,a,p,,"[[[51, 467]], [], [true]]",
29367,q,a,cx_stage1,,"[[[16, 470], [51, 470]], [], [true, true]]",
29368,q,a,cx_stage3,,"[[[16, 470], [51, 470]], [], [true, true]]",
29369,q,a,cx_stage1,,"[[[17, 473], [51, 473]], [], [true, true]]",
29370,q,a,cx_stage3,,"[[[17, 473], [51, 473]], [], [true, true]]",
29371,q,a,p,,"[[[51, 474]], [], [true]]",
29372,q,a,cx_stage1,,"[[[17, 477], [51, 477]], [], [true, true]]",
29373,q,a,cx_stage3,,"[[[17, 477], [51, 477]], [], [true, true]]",
29374,q,a,cx_stage1,,"[[[18, 480], [51, 480]], [], [true, true]]",
29375,q,a,cx_stage3,,"[[[18, 480], [51, 480]], [], [true, true]]",
29376,q,a,p,,"[[[51, 481]], [], [true]]",
29377,q,a,cx_stage1,,"[[[18, 484], [51, 484]], [], [true, true]]",
29378,q,a,cx_stage3,,"[[[18, 484], [51, 484]], [], [true, true]]",
29379,q,a,cx_stage1,,"[[[19, 487], [51, 487]], [], [true, true]]",
29380,q,a,cx_stage3,,"[[[19, 487], [51, 487]], [], [true, true]]",
29381,q,a,p,,"[[[51, 488]], [], [true]]",
29382,q,a,cx_stage1,,"[[[19, 491], [51, 491]], [], [true, true]]",
29383,q,a,cx_stage3,,"[[[19, 491], [51, 491]], [], [true, true]]",
29384,q,a,cx_stage1,,"[[[20, 494], [51, 494]], [], [true, true]]",
29385,q,a,cx_stage3,,"[[[20, 494], [51, 494]], [], [true, true]]",
29386,q,a,p,,"[[[51, 495]], [], [true]]",
29387,q,a,cx_stage1,,"[[[20, 498], [51, 498]], [], [true, true]]",
29388,q,a,cx_stage3,,"[[[20, 498], [51, 498]], [], [true, true]]",
29389,q,a,cx_stage1,,"[[[21, 501], [51, 501]], [], [true, true]]",
29390,q,a,cx_stage3,,"[[[21, 501], [51, 501]], [], [true, true]]",
29391,q,a,p,,"[[[51, 502]], [], [true]]",
29392,q,a,cx_stage1,,"[[[21, 505], [51, 505]], [], [true, true]]",
29393,q,a,cx_stage3,,"[[[21, 505], [51, 505]], [], [true, true]]",
29394,q,a,cx_stage1,,"[[[22, 508], [51, 508]], [], [true, true]]",
29395,q,a,cx_stage3,,"[[[22, 508], [51, 508]], [], [true, true]]",
29396,q,a,p,,"[[[51, 509]], [], [true]]",
29397,q,a,cx_stage1,,"[[[22, 512], [51, 512]], [], [true, true]]",
29398,q,a,cx_stage3,,"[[[22, 512], [51, 512]], [], [true, true]]",
29399,q,a,cx_stage1,,"[[[23, 515], [51, 515]], [], [true, true]]",
29400,q,a,cx_stage3,,"[[[23, 515], [51, 515]], [], [true, true]]",
29401,q,a,p,,"[[[51, 516]], [], [true]]",
29402,q,a,cx_stage1,,"[[[23, 519], [51, 519]], [], [true, true]]",
29403,q,a,cx_stage3,,"[[[23, 519], [51, 519]], [], [true, true]]",
29404,q,a,cx_stage1,,"[[[24, 522], [51, 522]], [], [true, true]]",
29405,q,a,cx_stage3,,"[[[24, 522], [51, 522]], [], [true, true]]",
29406,q,a,p,,"[[[51, 523]], [], [true]]",
29407,q,a,cx_stage1,,"[[[24, 526], [51, 526]], [], [true, true]]",
29408,q,a,cx_stage3,,"[[[24, 526], [51, 526]], [], [true, true]]",
29409,q,a,cx_stage1,,"[[[25, 529], [51, 529]], [], [true, true]]",
29410,q,a,cx_stage3,,"[[[25, 529], [51, 529]], [], [true, true]]",
29411,q,a,p,,"[[[51, 530]], [], [true]]",
29412,q,a,cx_stage1,,"[[[25, 533], [51, 533]], [], [true, true]]",
29413,q,a,cx_stage3,,"[[[25, 533], [51, 533]], [], [true, true]]",
29414,q,a,cx_stage1,,"[[[26, 536], [51, 536]], [], [true, true]]",
29415,q,a,cx_stage3,,"[[[26, 536], [51, 536]], [], [true, true]]",
29416,q,a,p,,"[[[51, 537]], [], [true]]",
29417,q,a,cx_stage1,,"[[[26, 540], [51, 540]], [], [true, true]]",
29418,q,a,cx_stage3,,"[[[26, 540], [51, 540]], [], [true, true]]",
29419,q,a,cx_stage1,,"[[[27, 543], [51, 543]], [], [true, true]]",
29420,q,a,cx_stage3,,"[[[27, 543], [51, 543]], [], [true, true]]",
29421,q,a,p,,"[[[51, 544]], [], [true]]",
29422,q,a,cx_stage1,,"[[[27, 547], [51, 547]], [], [true, true]]",
29423,q,a,cx_stage3,,"[[[27, 547], [51, 547]], [], [true, true]]",
29424,q,a,cx_stage1,,"[[[28, 550], [51, 550]], [], [true, true]]",
29425,q,a,cx_stage3,,"[[[28, 550], [51, 550]], [], [true, true]]",
29426,q,a,p,,"[[[51, 551]], [], [true]]",
29427,q,a,cx_stage1,,"[[[28, 554], [51, 554]], [], [true, true]]",
29428,q,a,cx_stage3,,"[[[28, 554], [51, 554]], [], [true, true]]",
29429,q,a,cx_stage1,,"[[[29, 557], [51, 557]], [], [true, true]]",
29430,q,a,cx_stage3,,"[[[29, 557], [51, 557]], [], [true, true]]",
29431,q,a,p,,"[[[51, 558]], [], [true]]",
29432,q,a,cx_stage1,,"[[[29, 561], [51, 561]], [], [true, true]]",
29433,q,a,cx_stage3,,"[[[29, 561], [51, 561]], [], [true, true]]",
29434,q,a,cx_stage1,,"[[[30, 564], [51, 564]], [], [true, true]]",
29435,q,a,cx_stage3,,"[[[30, 564], [51, 564]], [], [true, true]]",
29436,q,a,p,,"[[[51, 565]], [], [true]]",
29437,q,a,cx_stage1,,"[[[30, 568], [51, 568]], [], [true, true]]",
29438,q,a,cx_stage3,,"[[[30, 568], [51, 568]], [], [true, true]]",
29439,q,a,cx_stage1,,"[[[31, 571], [51, 571]], [], [true, true]]",
29440,q,a,cx_stage3,,"[[[31, 571], [51, 571]], [], [true, true]]",
29441,q,a,p,,"[[[51, 572]], [], [true]]",
29442,q,a,cx_stage1,,"[[[31, 575], [51, 575]], [], [true, true]]",
29443,q,a,cx_stage3,,"[[[31, 575], [51, 575]], [], [true, true]]",
29444,q,a,cx_stage1,,"[[[32, 578], [51, 578]], [], [true, true]]",
29445,q,a,cx_stage3,,"[[[32, 578], [51, 578]], [], [true, true]]",
29446,q,a,p,,"[[[51, 579]], [], [true]]",
29447,q,a,cx_stage1,,"[[[32, 582], [51, 582]], [], [true, true]]",
29448,q,a,cx_stage3,,"[[[32, 582], [51, 582]], [], [true, true]]",
29449,q,a,cx_stage1,,"[[[33, 585], [51, 585]], [], [true, true]]",
29450,q,a,cx_stage3,,"[[[33, 585], [51, 585]], [], [true, true]]",
29451,q,a,p,,"[[[51, 586]], [], [true]]",
29452,q,a,cx_stage1,,"[[[33, 589], [51, 589]], [], [true, true]]",
29453,q,a,cx_stage3,,"[[[33, 589], [51, 589]], [], [true, true]]",
29454,q,a,cx_stage1,,"[[[34, 592], [51, 592]], [], [true, true]]",
29455,q,a,cx_stage3,,"[[[34, 592], [51, 592]], [], [true, true]]",
29456,q,a,p,,"[[[51, 593]], [], [true]]",
29457,q,a,cx_stage1,,"[[[34, 596], [51, 596]], [], [true, true]]",
29458,q,a,cx_stage3,,"[[[34, 596], [51, 596]], [], [true, true]]",
29459,q,a,cx_stage1,,"[[[35, 599], [51, 599]], [], [true, true]]",
29460,q,a,cx_stage3,,"[[[35, 599], [51, 599]], [], [true, true]]",
29461,q,a,p,,"[[[51, 600]], [], [true]]",
29462,q,a,cx_stage1,,"[[[35, 603], [51, 603]], [], [true, true]]",
29463,q,a,cx_stage3,,"[[[35, 603], [51, 603]], [], [true, true]]",
29464,q,a,cx_stage1,,"[[[36, 606], [51, 606]], [], [true, true]]",
29465,q,a,cx_stage3,,"[[[36, 606], [51, 606]], [], [true, true]]",
29466,q,a,p,,"[[[51, 607]], [], [true]]",
29467,q,a,cx_stage1,,"[[[36, 610], [51, 610]], [], [true, true]]",
29468,q,a,cx_stage3,,"[[[36, 610], [51, 610]], [], [true, true]]",
29469,q,a,cx_stage1,,"[[[37, 613], [51, 613]], [], [true, true]]",
29470,q,a,cx_stage3,,"[[[37, 613], [51, 613]], [], [true, true]]",
29471,q,a,p,,"[[[51, 614]], [], [true]]",
29472,q,a,cx_stage1,,"[[[37, 617], [51, 617]], [], [true, true]]",
29473,q,a,cx_stage3,,"[[[37, 617], [51, 617]], [], [true, true]]",
29474,q,a,cx_stage1,,"[[[38, 620], [51, 620]], [], [true, true]]",
29475,q,a,cx_stage3,,"[[[38, 620], [51, 620]], [], [true, true]]",
29476,q,a,p,,"[[[51, 621]], [], [true]]",
29477,q,a,cx_stage1,,"[[[38, 624], [51, 624]], [], [true, true]]",
29478,q,a,cx_stage3,,"[[[38, 624], [51, 624]], [], [true, true]]",
29479,q,a,cx_stage1,,"[[[39, 627], [51, 627]], [], [true, true]]",
29480,q,a,cx_stage3,,"[[[39, 627], [51, 627]], [], [true, true]]",
29481,q,a,p,,"[[[51, 628]], [], [true]]",
29482,q,a,cx_stage1,,"[[[39, 631], [51, 631]], [], [true, true]]",
29483,q,a,cx_stage3,,"[[[39, 631], [51, 631]], [], [true, true]]",
29484,q,a,cx_stage1,,"[[[40, 634], [51, 634]], [], [true, true]]",
29485,q,a,cx_stage3,,"[[[40, 634], [51, 634]], [], [true, true]]",
29486,q,a,p,,"[[[51, 635]], [], [true]]",
29487,q,a,cx_stage1,,"[[[40, 638], [51, 638]], [], [true, true]]",
29488,q,a,cx_stage3,,"[[[40, 638], [51, 638]], [], [true, true]]",
29489,q,a,cx_stage1,,"[[[41, 641], [51, 641]], [], [true, true]]",
29490,q,a,cx_stage3,,"[[[41, 641], [51, 641]], [], [true, true]]",
29491,q,a,p,,"[[[51, 642]], [], [true]]",
29492,q,a,cx_stage1,,"[[[41, 645], [51, 645]], [], [true, true]]",
29493,q,a,cx_stage3,,"[[[41, 645], [51, 645]], [], [true, true]]",
29494,q,a,cx_stage1,,"[[[42, 648], [51, 648]], [], [true, true]]",
29495,q,a,cx_stage3,,"[[[42, 648], [51, 648]], [], [true, true]]",
29496,q,a,p,,"[[[51, 649]], [], [true]]",
29497,q,a,cx_stage1,,"[[[42, 652], [51, 652]], [], [true, true]]",
29498,q,a,cx_stage3,,"[[[42, 652], [51, 652]], [], [true, true]]",
29499,q,a,cx_stage1,,"[[[43, 655], [51, 655]], [], [true, true]]",
29500,q,a,cx_stage3,,"[[[43, 655], [51, 655]], [], [true, true]]",
29501,q,a,p,,"[[[51, 656]], [], [true]]",
29502,q,a,cx_stage1,,"[[[43, 659], [51, 659]], [], [true, true]]",
29503,q,a,cx_stage3,,"[[[43, 659], [51, 659]], [], [true, true]]",
29504,q,a,cx_stage1,,"[[[44, 662], [51, 662]], [], [true, true]]",
29505,q,a,cx_stage3,,"[[[44, 662], [51, 662]], [], [true, true]]",
29506,q,a,p,,"[[[51, 663]], [], [true]]",
29507,q,a,cx_stage1,,"[[[44, 666], [51, 666]], [], [true, true]]",
29508,q,a,cx_stage3,,"[[[44, 666], [51, 666]], [], [true, true]]",
29509,q,a,cx_stage1,,"[[[45, 669], [51, 669]], [], [true, true]]",
29510,q,a,cx_stage3,,"[[[45, 669], [51, 669]], [], [true, true]]",
29511,q,a,p,,"[[[51, 670]], [], [true]]",
29512,q,a,cx_stage1,,"[[[45, 673], [51, 673]], [], [true, true]]",
29513,q,a,cx_stage3,,"[[[45, 673], [51, 673]], [], [true, true]]",
29514,q,a,cx_stage1,,"[[[46, 676], [51, 676]], [], [true, true]]",
29515,q,a,cx_stage3,,"[[[46, 676], [51, 676]], [], [true, true]]",
29516,q,a,p,,"[[[51, 677]], [], [true]]",
29517,q,a,cx_stage1,,"[[[46, 680], [51, 680]], [], [true, true]]",
29518,q,a,cx_stage3,,"[[[46, 680], [51, 680]], [], [true, true]]",
29519,q,a,cx_stage1,,"[[[47, 683], [51, 683]], [], [true, true]]",
29520,q,a,cx_stage3,,"[[[47, 683], [51, 683]], [], [true, true]]",
29521,q,a,p,,"[[[51, 684]], [], [true]]",
29522,q,a,cx_stage1,,"[[[47, 687], [51, 687]], [], [true, true]]",
29523,q,a,cx_stage3,,"[[[47, 687], [51, 687]], [], [true, true]]",
29524,q,a,cx_stage1,,"[[[48, 690], [51, 690]], [], [true, true]]",
29525,q,a,cx_stage3,,"[[[48, 690], [51, 690]], [], [true, true]]",
29526,q,a,p,,"[[[51, 691]], [], [true]]",
29527,q,a,cx_stage1,,"[[[48, 694], [51, 694]], [], [true, true]]",
29528,q,a,cx_stage3,,"[[[48, 694], [51, 694]], [], [true, true]]",
29529,q,a,cx_stage1,,"[[[49, 697], [51, 697]], [], [true, true]]",
29530,q,a,cx_stage3,,"[[[49, 697], [51, 697]], [], [true, true]]",
29531,q,a,p,,"[[[51, 698]], [], [true]]",
29532,q,a,cx_stage1,,"[[[49, 701], [51, 701]], [], [true, true]]",
29533,q,a,cx_stage3,,"[[[49, 701], [51, 701]], [], [true, true]]",
29534,q,a,cx_stage1,,"[[[50, 704], [51, 704]], [], [true, true]]",
29535,q,a,cx_stage3,,"[[[50, 704], [51, 704]], [], [true, true]]",
29536,q,a,p,,"[[[51, 705]], [], [true]]",
29537,q,a,cx_stage1,,"[[[50, 708], [51, 708]], [], [true, true]]",
29538,q,a,cx_stage3,,"[[[50, 708], [51, 708]], [], [true, true]]",
29539,q,a,cx_stage1,,"[[[51, 718], [52, 718]], [], [true, true]]",
29540,q,a,cx_stage2,,"[[[51, 718], [52, 718]], [], [true, true]]",
29541,q,a,cx_stage3,,"[[[51, 718], [52, 718]], [], [true, true]]",
29542,q,a,cx_stage1,,"[[[51, 722], [52, 722]], [], [true, true]]",
29543,q,a,cx_stage2,,"[[[51, 722], [52, 722]], [], [true, true]]",
29544,q,a,cx_stage3,,"[[[51, 722], [52, 722]], [], [true, true]]",
29545,q,a,cx_stage1,,"[[[51, 725], [53, 725]], [], [true, true]]",
29546,q,a,cx_stage2,,"[[[51, 725], [53, 725]], [], [true, true]]",
29547,q,a,cx_stage3,,"[[[51, 725], [53, 725]], [], [true, true]]",
29548,q,a,cx_stage1,,"[[[51, 729], [53, 729]], [], [true, true]]",
29549,q,a,cx_stage2,,"[[[51, 729], [53, 729]], [], [true, true]]",
29550,q,a,cx_stage3,,"[[[51, 729], [53, 729]], [], [true, true]]",
29551,q,a,cx_stage1,,"[[[51, 732], [54, 732]], [], [true, true]]",
29552,q,a,cx_stage2,,"[[[51, 732], [54, 732]], [], [true, true]]",
29553,q,a,cx_stage3,,"[[[51, 732], [54, 732]], [], [true, true]]",
29554,q,a,cx_stage1,,"[[[51, 736], [54, 736]], [], [true, true]]",
29555,q,a,cx_stage2,,"[[[51, 736], [54, 736]], [], [true, true]]",
29556,q,a,cx_stage3,,"[[[51, 736], [54, 736]], [], [true, true]]",
29557,q,a,cx_stage1,,"[[[51, 739], [55, 739]], [], [true, true]]",
29558,q,a,cx_stage2,,"[[[51, 739], [55, 739]], [], [true, true]]",
29559,q,a,cx_stage3,,"[[[51, 739], [55, 739]], [], [true, true]]",
29560,q,a,cx_stage1,,"[[[51, 743], [55, 743]], [], [true, true]]",
29561,q,a,cx_stage2,,"[[[51, 743], [55, 743]], [], [true, true]]",
29562,q,a,cx_stage3,,"[[[51, 743], [55, 743]], [], [true, true]]",
29563,q,a,u2,,"[[[51, 744]], [], [true]]",
29564,q,a,cx_stage1,,"[[[0, 747], [51, 747]], [], [true, true]]",
29565,q,a,cx_stage3,,"[[[0, 747], [51, 747]], [], [true, true]]",
29566,q,a,p,,"[[[51, 748]], [], [true]]",
29567,q,a,cx_stage1,,"[[[0, 751], [51, 751]], [], [true, true]]",
29568,q,a,cx_stage3,,"[[[0, 751], [51, 751]], [], [true, true]]",
29569,q,a,cx_stage1,,"[[[1, 754], [51, 754]], [], [true, true]]",
29570,q,a,cx_stage3,,"[[[1, 754], [51, 754]], [], [true, true]]",
29571,q,a,p,,"[[[51, 755]], [], [true]]",
29572,q,a,cx_stage1,,"[[[1, 758], [51, 758]], [], [true, true]]",
29573,q,a,cx_stage3,,"[[[1, 758], [51, 758]], [], [true, true]]",
29574,q,a,cx_stage1,,"[[[2, 761], [51, 761]], [], [true, true]]",
29575,q,a,cx_stage3,,"[[[2, 761], [51, 761]], [], [true, true]]",
29576,q,a,p,,"[[[51, 762]], [], [true]]",
29577,q,a,cx_stage1,,"[[[2, 765], [51, 765]], [], [true, true]]",
29578,q,a,cx_stage3,,"[[[2, 765], [51, 765]], [], [true, true]]",
29579,q,a,cx_stage1,,"[[[3, 768], [51, 768]], [], [true, true]]",
29580,q,a,cx_stage3,,"[[[3, 768], [51, 768]], [], [true, true]]",
29581,q,a,p,,"[[[51, 769]], [], [true]]",
29582,q,a,cx_stage1,,"[[[3, 772], [51, 772]], [], [true, true]]",
29583,q,a,cx_stage3,,"[[[3, 772], [51, 772]], [], [true, true]]",
29584,q,a,cx_stage1,,"[[[4, 775], [51, 775]], [], [true, true]]",
29585,q,a,cx_stage3,,"[[[4, 775], [51, 775]], [], [true, true]]",
29586,q,a,p,,"[[[51, 776]], [], [true]]",
29587,q,a,cx_stage1,,"[[[4, 779], [51, 779]], [], [true, true]]",
29588,q,a,cx_stage3,,"[[[4, 779], [51, 779]], [], [true, true]]",
29589,q,a,cx_stage1,,"[[[5, 782], [51, 782]], [], [true, true]]",
29590,q,a,cx_stage2,,"[[[5, 782], [51, 782]], [], [true, true]]",
29591,q,a,cx_stage3,,"[[[5, 782], [51, 782]], [], [true, true]]",
29592,q,a,p,,"[[[51, 783]], [], [true]]",
29593,q,a,cx_stage1,,"[[[5, 786], [51, 786]], [], [true, true]]",
29594,q,a,cx_stage2,,"[[[5, 786], [51, 786]], [], [true, true]]",
29595,q,a,cx_stage3,,"[[[5, 786], [51, 786]], [], [true, true]]",
29596,q,a,cx_stage1,,"[[[6, 789], [51, 789]], [], [true, true]]",
29597,q,a,cx_stage2,,"[[[6, 789], [51, 789]], [], [true, true]]",
29598,q,a,cx_stage3,,"[[[6, 789], [51, 789]], [], [true, true]]",
29599,q,a,p,,"[[[51, 790]], [], [true]]",
29600,q,a,cx_stage1,,"[[[6, 793], [51, 793]], [], [true, true]]",
29601,q,a,cx_stage2,,"[[[6, 793], [51, 793]], [], [true, true]]",
29602,q,a,cx_stage3,,"[[[6, 793], [51, 793]], [], [true, true]]",
29603,q,a,cx_stage1,,"[[[7, 796], [51, 796]], [], [true, true]]",
29604,q,a,cx_stage2,,"[[[7, 796], [51, 796]], [], [true, true]]",
29605,q,a,cx_stage3,,"[[[7, 796], [51, 796]], [], [true, true]]",
29606,q,a,p,,"[[[51, 797]], [], [true]]",
29607,q,a,cx_stage1,,"[[[7, 800], [51, 800]], [], [true, true]]",
29608,q,a,cx_stage2,,"[[[7, 800], [51, 800]], [], [true, true]]",
29609,q,a,cx_stage3,,"[[[7, 800], [51, 800]], [], [true, true]]",
29610,q,a,cx_stage1,,"[[[8, 803], [51, 803]], [], [true, true]]",
29611,q,a,cx_stage2,,"[[[8, 803], [51, 803]], [], [true, true]]",
29612,q,a,cx_stage3,,"[[[8, 803], [51, 803]], [], [true, true]]",
29613,q,a,p,,"[[[51, 804]], [], [true]]",
29614,q,a,cx_stage1,,"[[[8, 807], [51, 807]], [], [true, true]]",
29615,q,a,cx_stage2,,"[[[8, 807], [51, 807]], [], [true, true]]",
29616,q,a,cx_stage3,,"[[[8, 807], [51, 807]], [], [true, true]]",
29617,q,a,cx_stage1,,"[[[9, 810], [51, 810]], [], [true, true]]",
29618,q,a,cx_stage2,,"[[[9, 810], [51, 810]], [], [true, true]]",
29619,q,a,cx_stage3,,"[[[9, 810], [51, 810]], [], [true, true]]",
29620,q,a,p,,"[[[51, 811]], [], [true]]",
29621,q,a,cx_stage1,,"[[[9, 814], [51, 814]], [], [true, true]]",
29622,q,a,cx_stage2,,"[[[9, 814], [51, 814]], [], [true, true]]",
29623,q,a,cx_stage3,,"[[[9, 814], [51, 814]], [], [true, true]]",
29624,q,a,cx_stage1,,"[[[10, 817], [51, 817]], [], [true, true]]",
29625,q,a,cx_stage3,,"[[[10, 817], [51, 817]], [], [true, true]]",
29626,q,a,p,,"[[[51, 818]], [], [true]]",
29627,q,a,cx_stage1,,"[[[10, 821], [51, 821]], [], [true, true]]",
29628,q,a,cx_stage3,,"[[[10, 821], [51, 821]], [], [true, true]]",
29629,q,a,cx_stage1,,"[[[11, 824], [51, 824]], [], [true, true]]",
29630,q,a,cx_stage3,,"[[[11, 824], [51, 824]], [], [true, true]]",
29631,q,a,p,,"[[[51, 825]], [], [true]]",
29632,q,a,cx_stage1,,"[[[11, 828], [51, 828]], [], [true, true]]",
29633,q,a,cx_stage3,,"[[[11, 828], [51, 828]], [], [true, true]]",
29634,q,a,cx_stage1,,"[[[12, 831], [51, 831]], [], [true, true]]",
29635,q,a,cx_stage3,,"[[[12, 831], [51, 831]], [], [true, true]]",
29636,q,a,p,,"[[[51, 832]], [], [true]]",
29637,q,a,cx_stage1,,"[[[12, 835], [51, 835]], [], [true, true]]",
29638,q,a,cx_stage3,,"[[[12, 835], [51, 835]], [], [true, true]]",
29639,q,a,cx_stage1,,"[[[13, 838], [51, 838]], [], [true, true]]",
29640,q,a,cx_stage3,,"[[[13, 838], [51, 838]], [], [true, true]]",
29641,q,a,p,,"[[[51, 839]], [], [true]]",
29642,q,a,cx_stage1,,"[[[13, 842], [51, 842]], [], [true, true]]",
29643,q,a,cx_stage3,,"[[[13, 842], [51, 842]], [], [true, true]]",
29644,q,a,cx_stage1,,"[[[14, 845], [51, 845]], [], [true, true]]",
29645,q,a,cx_stage3,,"[[[14, 845], [51, 845]], [], [true, true]]",
29646,q,a,p,,"[[[51, 846]], [], [true]]",
29647,q,a,cx_stage1,,"[[[14, 849], [51, 849]], [], [true, true]]",
29648,q,a,cx_stage3,,"[[[14, 849], [51, 849]], [], [true, true]]",
29649,q,a,cx_stage1,,"[[[15, 852], [51, 852]], [], [true, true]]",
29650,q,a,cx_stage3,,"[[[15, 852], [51, 852]], [], [true, true]]",
29651,q,a,p,,"[[[51, 853]], [], [true]]",
29652,q,a,cx_stage1,,"[[[15, 856], [51, 856]], [], [true, true]]",
29653,q,a,cx_stage3,,"[[[15, 856], [51, 856]], [], [true, true]]",
29654,q,a,cx_stage1,,"[[[16, 859], [51, 859]], [], [true, true]]",
29655,q,a,cx_stage3,,"[[[16, 859], [51, 859]], [], [true, true]]",
29656,q,a,p,,"[[[51, 860]], [], [true]]",
29657,q,a,cx_stage1,,"[[[16, 863], [51, 863]], [], [true, true]]",
29658,q,a,cx_stage3,,"[[[16, 863], [51, 863]], [], [true, true]]",
29659,q,a,cx_stage1,,"[[[17, 866], [51, 866]], [], [true, true]]",
29660,q,a,cx_stage3,,"[[[17, 866], [51, 866]], [], [true, true]]",
29661,q,a,p,,"[[[51, 867]], [], [true]]",
29662,q,a,cx_stage1,,"[[[17, 870], [51, 870]], [], [true, true]]",
29663,q,a,cx_stage3,,"[[[17, 870], [51, 870]], [], [true, true]]",
29664,q,a,cx_stage1,,"[[[18, 873], [51, 873]], [], [true, true]]",
29665,q,a,cx_stage3,,"[[[18, 873], [51, 873]], [], [true, true]]",
29666,q,a,p,,"[[[51, 874]], [], [true]]",
29667,q,a,cx_stage1,,"[[[18, 877], [51, 877]], [], [true, true]]",
29668,q,a,cx_stage3,,"[[[18, 877], [51, 877]], [], [true, true]]",
29669,q,a,cx_stage1,,"[[[19, 880], [51, 880]], [], [true, true]]",
29670,q,a,cx_stage3,,"[[[19, 880], [51, 880]], [], [true, true]]",
29671,q,a,p,,"[[[51, 881]], [], [true]]",
29672,q,a,cx_stage1,,"[[[19, 884], [51, 884]], [], [true, true]]",
29673,q,a,cx_stage3,,"[[[19, 884], [51, 884]], [], [true, true]]",
29674,q,a,cx_stage1,,"[[[20, 887], [51, 887]], [], [true, true]]",
29675,q,a,cx_stage3,,"[[[20, 887], [51, 887]], [], [true, true]]",
29676,q,a,p,,"[[[51, 888]], [], [true]]",
29677,q,a,cx_stage1,,"[[[20, 891], [51, 891]], [], [true, true]]",
29678,q,a,cx_stage3,,"[[[20, 891], [51, 891]], [], [true, true]]",
29679,q,a,cx_stage1,,"[[[21, 894], [51, 894]], [], [true, true]]",
29680,q,a,cx_stage3,,"[[[21, 894], [51, 894]], [], [true, true]]",
29681,q,a,p,,"[[[51, 895]], [], [true]]",
29682,q,a,cx_stage1,,"[[[21, 898], [51, 898]], [], [true, true]]",
29683,q,a,cx_stage3,,"[[[21, 898], [51, 898]], [], [true, true]]",
29684,q,a,cx_stage1,,"[[[22, 901], [51, 901]], [], [true, true]]",
29685,q,a,cx_stage3,,"[[[22, 901], [51, 901]], [], [true, true]]",
29686,q,a,p,,"[[[51, 902]], [], [true]]",
29687,q,a,cx_stage1,,"[[[22, 905], [51, 905]], [], [true, true]]",
29688,q,a,cx_stage3,,"[[[22, 905], [51, 905]], [], [true, true]]",
29689,q,a,cx_stage1,,"[[[23, 908], [51, 908]], [], [true, true]]",
29690,q,a,cx_stage3,,"[[[23, 908], [51, 908]], [], [true, true]]",
29691,q,a,p,,"[[[51, 909]], [], [true]]",
29692,q,a,cx_stage1,,"[[[23, 912], [51, 912]], [], [true, true]]",
29693,q,a,cx_stage3,,"[[[23, 912], [51, 912]], [], [true, true]]",
29694,q,a,cx_stage1,,"[[[24, 915], [51, 915]], [], [true, true]]",
29695,q,a,cx_stage3,,"[[[24, 915], [51, 915]], [], [true, true]]",
29696,q,a,p,,"[[[51, 916]], [], [true]]",
29697,q,a,cx_stage1,,"[[[24, 919], [51, 919]], [], [true, true]]",
29698,q,a,cx_stage3,,"[[[24, 919], [51, 919]], [], [true, true]]",
29699,q,a,cx_stage1,,"[[[25, 922], [51, 922]], [], [true, true]]",
29700,q,a,cx_stage3,,"[[[25, 922], [51, 922]], [], [true, true]]",
29701,q,a,p,,"[[[51, 923]], [], [true]]",
29702,q,a,cx_stage1,,"[[[25, 926], [51, 926]], [], [true, true]]",
29703,q,a,cx_stage3,,"[[[25, 926], [51, 926]], [], [true, true]]",
29704,q,a,cx_stage1,,"[[[26, 929], [51, 929]], [], [true, true]]",
29705,q,a,cx_stage3,,"[[[26, 929], [51, 929]], [], [true, true]]",
29706,q,a,p,,"[[[51, 930]], [], [true]]",
29707,q,a,cx_stage1,,"[[[26, 933], [51, 933]], [], [true, true]]",
29708,q,a,cx_stage3,,"[[[26, 933], [51, 933]], [], [true, true]]",
29709,q,a,cx_stage1,,"[[[27, 936], [51, 936]], [], [true, true]]",
29710,q,a,cx_stage3,,"[[[27, 936], [51, 936]], [], [true, true]]",
29711,q,a,p,,"[[[51, 937]], [], [true]]",
29712,q,a,cx_stage1,,"[[[27, 940], [51, 940]], [], [true, true]]",
29713,q,a,cx_stage3,,"[[[27, 940], [51, 940]], [], [true, true]]",
29714,q,a,cx_stage1,,"[[[28, 943], [51, 943]], [], [true, true]]",
29715,q,a,cx_stage3,,"[[[28, 943], [51, 943]], [], [true, true]]",
29716,q,a,p,,"[[[51, 944]], [], [true]]",
29717,q,a,cx_stage1,,"[[[28, 947], [51, 947]], [], [true, true]]",
29718,q,a,cx_stage3,,"[[[28, 947], [51, 947]], [], [true, true]]",
29719,q,a,cx_stage1,,"[[[29, 950], [51, 950]], [], [true, true]]",
29720,q,a,cx_stage3,,"[[[29, 950], [51, 950]], [], [true, true]]",
29721,q,a,p,,"[[[51, 951]], [], [true]]",
29722,q,a,cx_stage1,,"[[[29, 954], [51, 954]], [], [true, true]]",
29723,q,a,cx_stage3,,"[[[29, 954], [51, 954]], [], [true, true]]",
29724,q,a,cx_stage1,,"[[[30, 957], [51, 957]], [], [true, true]]",
29725,q,a,cx_stage3,,"[[[30, 957], [51, 957]], [], [true, true]]",
29726,q,a,p,,"[[[51, 958]], [], [true]]",
29727,q,a,cx_stage1,,"[[[30, 961], [51, 961]], [], [true, true]]",
29728,q,a,cx_stage3,,"[[[30, 961], [51, 961]], [], [true, true]]",
29729,q,a,cx_stage1,,"[[[31, 964], [51, 964]], [], [true, true]]",
29730,q,a,cx_stage3,,"[[[31, 964], [51, 964]], [], [true, true]]",
29731,q,a,p,,"[[[51, 965]], [], [true]]",
29732,q,a,cx_stage1,,"[[[31, 968], [51, 968]], [], [true, true]]",
29733,q,a,cx_stage3,,"[[[31, 968], [51, 968]], [], [true, true]]",
29734,q,a,cx_stage1,,"[[[32, 971], [51, 971]], [], [true, true]]",
29735,q,a,cx_stage3,,"[[[32, 971], [51, 971]], [], [true, true]]",
29736,q,a,p,,"[[[51, 972]], [], [true]]",
29737,q,a,cx_stage1,,"[[[32, 975], [51, 975]], [], [true, true]]",
29738,q,a,cx_stage3,,"[[[32, 975], [51, 975]], [], [true, true]]",
29739,q,a,cx_stage1,,"[[[33, 978], [51, 978]], [], [true, true]]",
29740,q,a,cx_stage3,,"[[[33, 978], [51, 978]], [], [true, true]]",
29741,q,a,p,,"[[[51, 979]], [], [true]]",
29742,q,a,cx_stage1,,"[[[33, 982], [51, 982]], [], [true, true]]",
29743,q,a,cx_stage3,,"[[[33, 982], [51, 982]], [], [true, true]]",
29744,q,a,cx_stage1,,"[[[34, 985], [51, 985]], [], [true, true]]",
29745,q,a,cx_stage3,,"[[[34, 985], [51, 985]], [], [true, true]]",
29746,q,a,p,,"[[[51, 986]], [], [true]]",
29747,q,a,cx_stage1,,"[[[34, 989], [51, 989]], [], [true, true]]",
29748,q,a,cx_stage3,,"[[[34, 989], [51, 989]], [], [true, true]]",
29749,q,a,cx_stage1,,"[[[35, 992], [51, 992]], [], [true, true]]",
29750,q,a,cx_stage3,,"[[[35, 992], [51, 992]], [], [true, true]]",
29751,q,a,p,,"[[[51, 993]], [], [true]]",
29752,q,a,cx_stage1,,"[[[35, 996], [51, 996]], [], [true, true]]",
29753,q,a,cx_stage3,,"[[[35, 996], [51, 996]], [], [true, true]]",
29754,q,a,cx_stage1,,"[[[36, 999], [51, 999]], [], [true, true]]",
29755,q,a,cx_stage3,,"[[[36, 999], [51, 999]], [], [true, true]]",
29756,q,a,u2,,"[[[52, 1]], [], [true]]",
29757,q,a,cx_stage1,,"[[[0, 361], [52, 361]], [], [true, true]]",
29758,q,a,cx_stage1,,"[[[35, 1003], [52, 1003]], [], [true, true]]",
29759,q,a,p,,"[[[52, 1000]], [], [true]]",
29760,q,a,cx_stage3,,"[[[35, 1003], [52, 1003]], [], [true, true]]",
29761,q,a,cx_stage1,,"[[[36, 1006], [52, 1006]], [], [true, true]]",
29762,q,a,cx_stage3,,"[[[36, 1006], [52, 1006]], [], [true, true]]",
29763,q,a,p,,"[[[52, 1007]], [], [true]]",
29764,q,a,cx_stage1,,"[[[36, 1010], [52, 1010]], [], [true, true]]",
29765,q,a,cx_stage3,,"[[[36, 1010], [52, 1010]], [], [true, true]]",
29766,q,a,cx_stage1,,"[[[37, 1013], [52, 1013]], [], [true, true]]",
29767,q,a,cx_stage3,,"[[[37, 1013], [52, 1013]], [], [true, true]]",
29768,q,a,p,,"[[[52, 1014]], [], [true]]",
29769,q,a,cx_stage1,,"[[[37, 1017], [52, 1017]], [], [true, true]]",
29770,q,a,cx_stage3,,"[[[37, 1017], [52, 1017]], [], [true, true]]",
29771,q,a,cx_stage1,,"[[[38, 1020], [52, 1020]], [], [true, true]]",
29772,q,a,cx_stage3,,"[[[38, 1020], [52, 1020]], [], [true, true]]",
29773,q,a,p,,"[[[52, 1021]], [], [true]]",
29774,q,a,cx_stage1,,"[[[38, 1024], [52, 1024]], [], [true, true]]",
29775,q,a,cx_stage3,,"[[[38, 1024], [52, 1024]], [], [true, true]]",
29776,q,a,cx_stage1,,"[[[39, 1027], [52, 1027]], [], [true, true]]",
29777,q,a,cx_stage3,,"[[[39, 1027], [52, 1027]], [], [true, true]]",
29778,q,a,p,,"[[[52, 1028]], [], [true]]",
29779,q,a,cx_stage1,,"[[[39, 1031], [52, 1031]], [], [true, true]]",
29780,q,a,cx_stage3,,"[[[39, 1031], [52, 1031]], [], [true, true]]",
29781,q,a,cx_stage1,,"[[[40, 1034], [52, 1034]], [], [true, true]]",
29782,q,a,cx_stage3,,"[[[40, 1034], [52, 1034]], [], [true, true]]",
29783,q,a,p,,"[[[52, 1035]], [], [true]]",
29784,q,a,cx_stage1,,"[[[40, 1038], [52, 1038]], [], [true, true]]",
29785,q,a,cx_stage3,,"[[[40, 1038], [52, 1038]], [], [true, true]]",
29786,q,a,cx_stage1,,"[[[41, 1041], [52, 1041]], [], [true, true]]",
29787,q,a,cx_stage3,,"[[[41, 1041], [52, 1041]], [], [true, true]]",
29788,q,a,p,,"[[[52, 1042]], [], [true]]",
29789,q,a,cx_stage1,,"[[[41, 1045], [52, 1045]], [], [true, true]]",
29790,q,a,cx_stage3,,"[[[41, 1045], [52, 1045]], [], [true, true]]",
29791,q,a,cx_stage1,,"[[[42, 1048], [52, 1048]], [], [true, true]]",
29792,q,a,cx_stage3,,"[[[42, 1048], [52, 1048]], [], [true, true]]",
29793,q,a,p,,"[[[52, 1049]], [], [true]]",
29794,q,a,cx_stage1,,"[[[42, 1052], [52, 1052]], [], [true, true]]",
29795,q,a,cx_stage3,,"[[[42, 1052], [52, 1052]], [], [true, true]]",
29796,q,a,cx_stage1,,"[[[43, 1055], [52, 1055]], [], [true, true]]",
29797,q,a,cx_stage3,,"[[[43, 1055], [52, 1055]], [], [true, true]]",
29798,q,a,p,,"[[[52, 1056]], [], [true]]",
29799,q,a,cx_stage1,,"[[[43, 1059], [52, 1059]], [], [true, true]]",
29800,q,a,cx_stage3,,"[[[43, 1059], [52, 1059]], [], [true, true]]",
29801,q,a,cx_stage1,,"[[[44, 1062], [52, 1062]], [], [true, true]]",
29802,q,a,cx_stage3,,"[[[44, 1062], [52, 1062]], [], [true, true]]",
29803,q,a,p,,"[[[52, 1063]], [], [true]]",
29804,q,a,cx_stage1,,"[[[44, 1066], [52, 1066]], [], [true, true]]",
29805,q,a,cx_stage3,,"[[[44, 1066], [52, 1066]], [], [true, true]]",
29806,q,a,cx_stage1,,"[[[45, 1069], [52, 1069]], [], [true, true]]",
29807,q,a,cx_stage3,,"[[[45, 1069], [52, 1069]], [], [true, true]]",
29808,q,a,p,,"[[[52, 1070]], [], [true]]",
29809,q,a,cx_stage1,,"[[[45, 1073], [52, 1073]], [], [true, true]]",
29810,q,a,cx_stage3,,"[[[45, 1073], [52, 1073]], [], [true, true]]",
29811,q,a,cx_stage1,,"[[[46, 1076], [52, 1076]], [], [true, true]]",
29812,q,a,cx_stage3,,"[[[46, 1076], [52, 1076]], [], [true, true]]",
29813,q,a,p,,"[[[52, 1077]], [], [true]]",
29814,q,a,cx_stage1,,"[[[46, 1080], [52, 1080]], [], [true, true]]",
29815,q,a,cx_stage3,,"[[[46, 1080], [52, 1080]], [], [true, true]]",
29816,q,a,cx_stage1,,"[[[47, 1083], [52, 1083]], [], [true, true]]",
29817,q,a,cx_stage3,,"[[[47, 1083], [52, 1083]], [], [true, true]]",
29818,q,a,p,,"[[[52, 1084]], [], [true]]",
29819,q,a,cx_stage1,,"[[[47, 1087], [52, 1087]], [], [true, true]]",
29820,q,a,cx_stage3,,"[[[47, 1087], [52, 1087]], [], [true, true]]",
29821,q,a,cx_stage1,,"[[[48, 1090], [52, 1090]], [], [true, true]]",
29822,q,a,cx_stage3,,"[[[48, 1090], [52, 1090]], [], [true, true]]",
29823,q,a,p,,"[[[52, 1091]], [], [true]]",
29824,q,a,cx_stage1,,"[[[48, 1094], [52, 1094]], [], [true, true]]",
29825,q,a,cx_stage3,,"[[[48, 1094], [52, 1094]], [], [true, true]]",
29826,q,a,cx_stage1,,"[[[49, 1097], [52, 1097]], [], [true, true]]",
29827,q,a,cx_stage3,,"[[[49, 1097], [52, 1097]], [], [true, true]]",
29828,q,a,p,,"[[[52, 1098]], [], [true]]",
29829,q,a,cx_stage1,,"[[[49, 1101], [52, 1101]], [], [true, true]]",
29830,q,a,cx_stage3,,"[[[49, 1101], [52, 1101]], [], [true, true]]",
29831,q,a,cx_stage1,,"[[[50, 1104], [52, 1104]], [], [true, true]]",
29832,q,a,cx_stage3,,"[[[50, 1104], [52, 1104]], [], [true, true]]",
29833,q,a,p,,"[[[52, 1105]], [], [true]]",
29834,q,a,cx_stage1,,"[[[50, 1108], [52, 1108]], [], [true, true]]",
29835,q,a,cx_stage3,,"[[[50, 1108], [52, 1108]], [], [true, true]]",
29836,q,a,cx_stage1,,"[[[51, 1111], [52, 1111]], [], [true, true]]",
29837,q,a,cx_stage3,,"[[[51, 1111], [52, 1111]], [], [true, true]]",
29838,q,a,p,,"[[[52, 1112]], [], [true]]",
29839,q,a,cx_stage1,,"[[[51, 1115], [52, 1115]], [], [true, true]]",
29840,q,a,cx_stage3,,"[[[51, 1115], [52, 1115]], [], [true, true]]",
29841,q,a,cx_stage1,,"[[[52, 1125], [53, 1125]], [], [true, true]]",
29842,q,a,cx_stage2,,"[[[52, 1125], [53, 1125]], [], [true, true]]",
29843,q,a,cx_stage3,,"[[[52, 1125], [53, 1125]], [], [true, true]]",
29844,q,a,cx_stage1,,"[[[52, 1129], [53, 1129]], [], [true, true]]",
29845,q,a,cx_stage2,,"[[[52, 1129], [53, 1129]], [], [true, true]]",
29846,q,a,cx_stage3,,"[[[52, 1129], [53, 1129]], [], [true, true]]",
29847,q,a,cx_stage1,,"[[[52, 1132], [54, 1132]], [], [true, true]]",
29848,q,a,cx_stage2,,"[[[52, 1132], [54, 1132]], [], [true, true]]",
29849,q,a,cx_stage3,,"[[[52, 1132], [54, 1132]], [], [true, true]]",
29850,q,a,cx_stage1,,"[[[52, 1136], [54, 1136]], [], [true, true]]",
29851,q,a,cx_stage2,,"[[[52, 1136], [54, 1136]], [], [true, true]]",
29852,q,a,cx_stage3,,"[[[52, 1136], [54, 1136]], [], [true, true]]",
29853,q,a,cx_stage1,,"[[[52, 1139], [55, 1139]], [], [true, true]]",
29854,q,a,cx_stage2,,"[[[52, 1139], [55, 1139]], [], [true, true]]",
29855,q,a,cx_stage3,,"[[[52, 1139], [55, 1139]], [], [true, true]]",
29856,q,a,cx_stage1,,"[[[52, 1143], [55, 1143]], [], [true, true]]",
29857,q,a,cx_stage2,,"[[[52, 1143], [55, 1143]], [], [true, true]]",
29858,q,a,cx_stage3,,"[[[52, 1143], [55, 1143]], [], [true, true]]",
29859,q,a,ry,,"[[[52, 1144]], [], [true]]",
29860,q,a,cx_stage1,,"[[[52, 1167], [53, 1167]], [], [true, true]]",
29861,q,a,cx_stage2,,"[[[52, 1167], [53, 1167]], [], [true, true]]",
29862,q,a,cx_stage3,,"[[[52, 1167], [53, 1167]], [], [true, true]]",
29863,q,a,cx_stage1,,"[[[51, 1170], [52, 1170]], [], [true, true]]",
29864,q,a,cx_stage3,,"[[[51, 1170], [52, 1170]], [], [true, true]]",
29865,q,a,ry,,"[[[52, 1171]], [], [true]]",
29866,q,a,cx_stage3,,"[[[0, 361], [52, 361]], [], [true, true]]",
29867,q,a,p,,"[[[52, 362]], [], [true]]",
29868,q,a,cx_stage1,,"[[[0, 365], [52, 365]], [], [true, true]]",
29869,q,a,cx_stage3,,"[[[0, 365], [52, 365]], [], [true, true]]",
29870,q,a,cx_stage1,,"[[[1, 368], [52, 368]], [], [true, true]]",
29871,q,a,cx_stage3,,"[[[1, 368], [52, 368]], [], [true, true]]",
29872,q,a,p,,"[[[52, 369]], [], [true]]",
29873,q,a,cx_stage1,,"[[[1, 372], [52, 372]], [], [true, true]]",
29874,q,a,cx_stage3,,"[[[1, 372], [52, 372]], [], [true, true]]",
29875,q,a,cx_stage1,,"[[[2, 375], [52, 375]], [], [true, true]]",
29876,q,a,cx_stage3,,"[[[2, 375], [52, 375]], [], [true, true]]",
29877,q,a,p,,"[[[52, 376]], [], [true]]",
29878,q,a,cx_stage1,,"[[[2, 379], [52, 379]], [], [true, true]]",
29879,q,a,cx_stage3,,"[[[2, 379], [52, 379]], [], [true, true]]",
29880,q,a,cx_stage1,,"[[[3, 382], [52, 382]], [], [true, true]]",
29881,q,a,cx_stage3,,"[[[3, 382], [52, 382]], [], [true, true]]",
29882,q,a,p,,"[[[52, 383]], [], [true]]",
29883,q,a,cx_stage1,,"[[[3, 386], [52, 386]], [], [true, true]]",
29884,q,a,cx_stage3,,"[[[3, 386], [52, 386]], [], [true, true]]",
29885,q,a,cx_stage1,,"[[[4, 389], [52, 389]], [], [true, true]]",
29886,q,a,cx_stage3,,"[[[4, 389], [52, 389]], [], [true, true]]",
29887,q,a,p,,"[[[52, 390]], [], [true]]",
29888,q,a,cx_stage1,,"[[[4, 393], [52, 393]], [], [true, true]]",
29889,q,a,cx_stage3,,"[[[4, 393], [52, 393]], [], [true, true]]",
29890,q,a,cx_stage1,,"[[[5, 396], [52, 396]], [], [true, true]]",
29891,q,a,cx_stage2,,"[[[5, 396], [52, 396]], [], [true, true]]",
29892,q,a,cx_stage3,,"[[[5, 396], [52, 396]], [], [true, true]]",
29893,q,a,p,,"[[[52, 397]], [], [true]]",
29894,q,a,cx_stage1,,"[[[5, 400], [52, 400]], [], [true, true]]",
29895,q,a,cx_stage2,,"[[[5, 400], [52, 400]], [], [true, true]]",
29896,q,a,cx_stage3,,"[[[5, 400], [52, 400]], [], [true, true]]",
29897,q,a,cx_stage1,,"[[[6, 403], [52, 403]], [], [true, true]]",
29898,q,a,cx_stage2,,"[[[6, 403], [52, 403]], [], [true, true]]",
29899,q,a,cx_stage3,,"[[[6, 403], [52, 403]], [], [true, true]]",
29900,q,a,p,,"[[[52, 404]], [], [true]]",
29901,q,a,cx_stage1,,"[[[6, 407], [52, 407]], [], [true, true]]",
29902,q,a,cx_stage2,,"[[[6, 407], [52, 407]], [], [true, true]]",
29903,q,a,cx_stage3,,"[[[6, 407], [52, 407]], [], [true, true]]",
29904,q,a,cx_stage1,,"[[[7, 410], [52, 410]], [], [true, true]]",
29905,q,a,cx_stage2,,"[[[7, 410], [52, 410]], [], [true, true]]",
29906,q,a,cx_stage3,,"[[[7, 410], [52, 410]], [], [true, true]]",
29907,q,a,p,,"[[[52, 411]], [], [true]]",
29908,q,a,cx_stage1,,"[[[7, 414], [52, 414]], [], [true, true]]",
29909,q,a,cx_stage2,,"[[[7, 414], [52, 414]], [], [true, true]]",
29910,q,a,cx_stage3,,"[[[7, 414], [52, 414]], [], [true, true]]",
29911,q,a,cx_stage1,,"[[[8, 417], [52, 417]], [], [true, true]]",
29912,q,a,cx_stage2,,"[[[8, 417], [52, 417]], [], [true, true]]",
29913,q,a,cx_stage3,,"[[[8, 417], [52, 417]], [], [true, true]]",
29914,q,a,p,,"[[[52, 418]], [], [true]]",
29915,q,a,cx_stage1,,"[[[8, 421], [52, 421]], [], [true, true]]",
29916,q,a,cx_stage2,,"[[[8, 421], [52, 421]], [], [true, true]]",
29917,q,a,cx_stage3,,"[[[8, 421], [52, 421]], [], [true, true]]",
29918,q,a,cx_stage1,,"[[[9, 424], [52, 424]], [], [true, true]]",
29919,q,a,cx_stage2,,"[[[9, 424], [52, 424]], [], [true, true]]",
29920,q,a,cx_stage3,,"[[[9, 424], [52, 424]], [], [true, true]]",
29921,q,a,p,,"[[[52, 425]], [], [true]]",
29922,q,a,cx_stage1,,"[[[9, 428], [52, 428]], [], [true, true]]",
29923,q,a,cx_stage2,,"[[[9, 428], [52, 428]], [], [true, true]]",
29924,q,a,cx_stage3,,"[[[9, 428], [52, 428]], [], [true, true]]",
29925,q,a,cx_stage1,,"[[[10, 431], [52, 431]], [], [true, true]]",
29926,q,a,cx_stage3,,"[[[10, 431], [52, 431]], [], [true, true]]",
29927,q,a,p,,"[[[52, 432]], [], [true]]",
29928,q,a,cx_stage1,,"[[[10, 435], [52, 435]], [], [true, true]]",
29929,q,a,cx_stage3,,"[[[10, 435], [52, 435]], [], [true, true]]",
29930,q,a,cx_stage1,,"[[[11, 438], [52, 438]], [], [true, true]]",
29931,q,a,cx_stage3,,"[[[11, 438], [52, 438]], [], [true, true]]",
29932,q,a,p,,"[[[52, 439]], [], [true]]",
29933,q,a,cx_stage1,,"[[[11, 442], [52, 442]], [], [true, true]]",
29934,q,a,cx_stage3,,"[[[11, 442], [52, 442]], [], [true, true]]",
29935,q,a,cx_stage1,,"[[[12, 445], [52, 445]], [], [true, true]]",
29936,q,a,cx_stage3,,"[[[12, 445], [52, 445]], [], [true, true]]",
29937,q,a,p,,"[[[52, 446]], [], [true]]",
29938,q,a,cx_stage1,,"[[[12, 449], [52, 449]], [], [true, true]]",
29939,q,a,cx_stage3,,"[[[12, 449], [52, 449]], [], [true, true]]",
29940,q,a,cx_stage1,,"[[[13, 452], [52, 452]], [], [true, true]]",
29941,q,a,cx_stage3,,"[[[13, 452], [52, 452]], [], [true, true]]",
29942,q,a,p,,"[[[52, 453]], [], [true]]",
29943,q,a,cx_stage1,,"[[[13, 456], [52, 456]], [], [true, true]]",
29944,q,a,cx_stage3,,"[[[13, 456], [52, 456]], [], [true, true]]",
29945,q,a,cx_stage1,,"[[[14, 459], [52, 459]], [], [true, true]]",
29946,q,a,cx_stage3,,"[[[14, 459], [52, 459]], [], [true, true]]",
29947,q,a,p,,"[[[52, 460]], [], [true]]",
29948,q,a,cx_stage1,,"[[[14, 463], [52, 463]], [], [true, true]]",
29949,q,a,cx_stage3,,"[[[14, 463], [52, 463]], [], [true, true]]",
29950,q,a,cx_stage1,,"[[[15, 466], [52, 466]], [], [true, true]]",
29951,q,a,cx_stage3,,"[[[15, 466], [52, 466]], [], [true, true]]",
29952,q,a,p,,"[[[52, 467]], [], [true]]",
29953,q,a,cx_stage1,,"[[[15, 470], [52, 470]], [], [true, true]]",
29954,q,a,cx_stage3,,"[[[15, 470], [52, 470]], [], [true, true]]",
29955,q,a,cx_stage1,,"[[[16, 473], [52, 473]], [], [true, true]]",
29956,q,a,cx_stage3,,"[[[16, 473], [52, 473]], [], [true, true]]",
29957,q,a,p,,"[[[52, 474]], [], [true]]",
29958,q,a,cx_stage1,,"[[[16, 477], [52, 477]], [], [true, true]]",
29959,q,a,cx_stage3,,"[[[16, 477], [52, 477]], [], [true, true]]",
29960,q,a,cx_stage1,,"[[[17, 480], [52, 480]], [], [true, true]]",
29961,q,a,cx_stage3,,"[[[17, 480], [52, 480]], [], [true, true]]",
29962,q,a,p,,"[[[52, 481]], [], [true]]",
29963,q,a,cx_stage1,,"[[[17, 484], [52, 484]], [], [true, true]]",
29964,q,a,cx_stage3,,"[[[17, 484], [52, 484]], [], [true, true]]",
29965,q,a,cx_stage1,,"[[[18, 487], [52, 487]], [], [true, true]]",
29966,q,a,cx_stage3,,"[[[18, 487], [52, 487]], [], [true, true]]",
29967,q,a,p,,"[[[52, 488]], [], [true]]",
29968,q,a,cx_stage1,,"[[[18, 491], [52, 491]], [], [true, true]]",
29969,q,a,cx_stage3,,"[[[18, 491], [52, 491]], [], [true, true]]",
29970,q,a,cx_stage1,,"[[[19, 494], [52, 494]], [], [true, true]]",
29971,q,a,cx_stage3,,"[[[19, 494], [52, 494]], [], [true, true]]",
29972,q,a,p,,"[[[52, 495]], [], [true]]",
29973,q,a,cx_stage1,,"[[[19, 498], [52, 498]], [], [true, true]]",
29974,q,a,cx_stage3,,"[[[19, 498], [52, 498]], [], [true, true]]",
29975,q,a,cx_stage1,,"[[[20, 501], [52, 501]], [], [true, true]]",
29976,q,a,cx_stage3,,"[[[20, 501], [52, 501]], [], [true, true]]",
29977,q,a,p,,"[[[52, 502]], [], [true]]",
29978,q,a,cx_stage1,,"[[[20, 505], [52, 505]], [], [true, true]]",
29979,q,a,cx_stage3,,"[[[20, 505], [52, 505]], [], [true, true]]",
29980,q,a,cx_stage1,,"[[[21, 508], [52, 508]], [], [true, true]]",
29981,q,a,cx_stage3,,"[[[21, 508], [52, 508]], [], [true, true]]",
29982,q,a,p,,"[[[52, 509]], [], [true]]",
29983,q,a,cx_stage1,,"[[[21, 512], [52, 512]], [], [true, true]]",
29984,q,a,cx_stage3,,"[[[21, 512], [52, 512]], [], [true, true]]",
29985,q,a,cx_stage1,,"[[[22, 515], [52, 515]], [], [true, true]]",
29986,q,a,cx_stage3,,"[[[22, 515], [52, 515]], [], [true, true]]",
29987,q,a,p,,"[[[52, 516]], [], [true]]",
29988,q,a,cx_stage1,,"[[[22, 519], [52, 519]], [], [true, true]]",
29989,q,a,cx_stage3,,"[[[22, 519], [52, 519]], [], [true, true]]",
29990,q,a,cx_stage1,,"[[[23, 522], [52, 522]], [], [true, true]]",
29991,q,a,cx_stage3,,"[[[23, 522], [52, 522]], [], [true, true]]",
29992,q,a,p,,"[[[52, 523]], [], [true]]",
29993,q,a,cx_stage1,,"[[[23, 526], [52, 526]], [], [true, true]]",
29994,q,a,cx_stage3,,"[[[23, 526], [52, 526]], [], [true, true]]",
29995,q,a,cx_stage1,,"[[[24, 529], [52, 529]], [], [true, true]]",
29996,q,a,cx_stage3,,"[[[24, 529], [52, 529]], [], [true, true]]",
29997,q,a,p,,"[[[52, 530]], [], [true]]",
29998,q,a,cx_stage1,,"[[[24, 533], [52, 533]], [], [true, true]]",
29999,q,a,cx_stage3,,"[[[24, 533], [52, 533]], [], [true, true]]",
30000,q,a,cx_stage1,,"[[[25, 536], [52, 536]], [], [true, true]]",
30001,q,a,cx_stage3,,"[[[25, 536], [52, 536]], [], [true, true]]",
30002,q,a,p,,"[[[52, 537]], [], [true]]",
30003,q,a,cx_stage1,,"[[[25, 540], [52, 540]], [], [true, true]]",
30004,q,a,cx_stage3,,"[[[25, 540], [52, 540]], [], [true, true]]",
30005,q,a,cx_stage1,,"[[[26, 543], [52, 543]], [], [true, true]]",
30006,q,a,cx_stage3,,"[[[26, 543], [52, 543]], [], [true, true]]",
30007,q,a,p,,"[[[52, 544]], [], [true]]",
30008,q,a,cx_stage1,,"[[[26, 547], [52, 547]], [], [true, true]]",
30009,q,a,cx_stage3,,"[[[26, 547], [52, 547]], [], [true, true]]",
30010,q,a,cx_stage1,,"[[[27, 550], [52, 550]], [], [true, true]]",
30011,q,a,cx_stage3,,"[[[27, 550], [52, 550]], [], [true, true]]",
30012,q,a,p,,"[[[52, 551]], [], [true]]",
30013,q,a,cx_stage1,,"[[[27, 554], [52, 554]], [], [true, true]]",
30014,q,a,cx_stage3,,"[[[27, 554], [52, 554]], [], [true, true]]",
30015,q,a,cx_stage1,,"[[[28, 557], [52, 557]], [], [true, true]]",
30016,q,a,cx_stage3,,"[[[28, 557], [52, 557]], [], [true, true]]",
30017,q,a,p,,"[[[52, 558]], [], [true]]",
30018,q,a,cx_stage1,,"[[[28, 561], [52, 561]], [], [true, true]]",
30019,q,a,cx_stage3,,"[[[28, 561], [52, 561]], [], [true, true]]",
30020,q,a,cx_stage1,,"[[[29, 564], [52, 564]], [], [true, true]]",
30021,q,a,cx_stage3,,"[[[29, 564], [52, 564]], [], [true, true]]",
30022,q,a,p,,"[[[52, 565]], [], [true]]",
30023,q,a,cx_stage1,,"[[[29, 568], [52, 568]], [], [true, true]]",
30024,q,a,cx_stage3,,"[[[29, 568], [52, 568]], [], [true, true]]",
30025,q,a,cx_stage1,,"[[[30, 571], [52, 571]], [], [true, true]]",
30026,q,a,cx_stage3,,"[[[30, 571], [52, 571]], [], [true, true]]",
30027,q,a,p,,"[[[52, 572]], [], [true]]",
30028,q,a,cx_stage1,,"[[[30, 575], [52, 575]], [], [true, true]]",
30029,q,a,cx_stage3,,"[[[30, 575], [52, 575]], [], [true, true]]",
30030,q,a,cx_stage1,,"[[[31, 578], [52, 578]], [], [true, true]]",
30031,q,a,cx_stage3,,"[[[31, 578], [52, 578]], [], [true, true]]",
30032,q,a,p,,"[[[52, 579]], [], [true]]",
30033,q,a,cx_stage1,,"[[[31, 582], [52, 582]], [], [true, true]]",
30034,q,a,cx_stage3,,"[[[31, 582], [52, 582]], [], [true, true]]",
30035,q,a,cx_stage1,,"[[[32, 585], [52, 585]], [], [true, true]]",
30036,q,a,cx_stage3,,"[[[32, 585], [52, 585]], [], [true, true]]",
30037,q,a,p,,"[[[52, 586]], [], [true]]",
30038,q,a,cx_stage1,,"[[[32, 589], [52, 589]], [], [true, true]]",
30039,q,a,cx_stage3,,"[[[32, 589], [52, 589]], [], [true, true]]",
30040,q,a,cx_stage1,,"[[[33, 592], [52, 592]], [], [true, true]]",
30041,q,a,cx_stage3,,"[[[33, 592], [52, 592]], [], [true, true]]",
30042,q,a,p,,"[[[52, 593]], [], [true]]",
30043,q,a,cx_stage1,,"[[[33, 596], [52, 596]], [], [true, true]]",
30044,q,a,cx_stage3,,"[[[33, 596], [52, 596]], [], [true, true]]",
30045,q,a,cx_stage1,,"[[[34, 599], [52, 599]], [], [true, true]]",
30046,q,a,cx_stage3,,"[[[34, 599], [52, 599]], [], [true, true]]",
30047,q,a,p,,"[[[52, 600]], [], [true]]",
30048,q,a,cx_stage1,,"[[[34, 603], [52, 603]], [], [true, true]]",
30049,q,a,cx_stage3,,"[[[34, 603], [52, 603]], [], [true, true]]",
30050,q,a,cx_stage1,,"[[[35, 606], [52, 606]], [], [true, true]]",
30051,q,a,cx_stage3,,"[[[35, 606], [52, 606]], [], [true, true]]",
30052,q,a,p,,"[[[52, 607]], [], [true]]",
30053,q,a,cx_stage1,,"[[[35, 610], [52, 610]], [], [true, true]]",
30054,q,a,cx_stage3,,"[[[35, 610], [52, 610]], [], [true, true]]",
30055,q,a,cx_stage1,,"[[[36, 613], [52, 613]], [], [true, true]]",
30056,q,a,cx_stage3,,"[[[36, 613], [52, 613]], [], [true, true]]",
30057,q,a,p,,"[[[52, 614]], [], [true]]",
30058,q,a,cx_stage1,,"[[[36, 617], [52, 617]], [], [true, true]]",
30059,q,a,cx_stage3,,"[[[36, 617], [52, 617]], [], [true, true]]",
30060,q,a,cx_stage1,,"[[[37, 620], [52, 620]], [], [true, true]]",
30061,q,a,cx_stage3,,"[[[37, 620], [52, 620]], [], [true, true]]",
30062,q,a,p,,"[[[52, 621]], [], [true]]",
30063,q,a,cx_stage1,,"[[[37, 624], [52, 624]], [], [true, true]]",
30064,q,a,cx_stage3,,"[[[37, 624], [52, 624]], [], [true, true]]",
30065,q,a,cx_stage1,,"[[[38, 627], [52, 627]], [], [true, true]]",
30066,q,a,cx_stage3,,"[[[38, 627], [52, 627]], [], [true, true]]",
30067,q,a,p,,"[[[52, 628]], [], [true]]",
30068,q,a,cx_stage1,,"[[[38, 631], [52, 631]], [], [true, true]]",
30069,q,a,cx_stage3,,"[[[38, 631], [52, 631]], [], [true, true]]",
30070,q,a,cx_stage1,,"[[[39, 634], [52, 634]], [], [true, true]]",
30071,q,a,cx_stage3,,"[[[39, 634], [52, 634]], [], [true, true]]",
30072,q,a,p,,"[[[52, 635]], [], [true]]",
30073,q,a,cx_stage1,,"[[[39, 638], [52, 638]], [], [true, true]]",
30074,q,a,cx_stage3,,"[[[39, 638], [52, 638]], [], [true, true]]",
30075,q,a,cx_stage1,,"[[[40, 641], [52, 641]], [], [true, true]]",
30076,q,a,cx_stage3,,"[[[40, 641], [52, 641]], [], [true, true]]",
30077,q,a,p,,"[[[52, 642]], [], [true]]",
30078,q,a,cx_stage1,,"[[[40, 645], [52, 645]], [], [true, true]]",
30079,q,a,cx_stage3,,"[[[40, 645], [52, 645]], [], [true, true]]",
30080,q,a,cx_stage1,,"[[[41, 648], [52, 648]], [], [true, true]]",
30081,q,a,cx_stage3,,"[[[41, 648], [52, 648]], [], [true, true]]",
30082,q,a,p,,"[[[52, 649]], [], [true]]",
30083,q,a,cx_stage1,,"[[[41, 652], [52, 652]], [], [true, true]]",
30084,q,a,cx_stage3,,"[[[41, 652], [52, 652]], [], [true, true]]",
30085,q,a,cx_stage1,,"[[[42, 655], [52, 655]], [], [true, true]]",
30086,q,a,cx_stage3,,"[[[42, 655], [52, 655]], [], [true, true]]",
30087,q,a,p,,"[[[52, 656]], [], [true]]",
30088,q,a,cx_stage1,,"[[[42, 659], [52, 659]], [], [true, true]]",
30089,q,a,cx_stage3,,"[[[42, 659], [52, 659]], [], [true, true]]",
30090,q,a,cx_stage1,,"[[[43, 662], [52, 662]], [], [true, true]]",
30091,q,a,cx_stage3,,"[[[43, 662], [52, 662]], [], [true, true]]",
30092,q,a,p,,"[[[52, 663]], [], [true]]",
30093,q,a,cx_stage1,,"[[[43, 666], [52, 666]], [], [true, true]]",
30094,q,a,cx_stage3,,"[[[43, 666], [52, 666]], [], [true, true]]",
30095,q,a,cx_stage1,,"[[[44, 669], [52, 669]], [], [true, true]]",
30096,q,a,cx_stage3,,"[[[44, 669], [52, 669]], [], [true, true]]",
30097,q,a,p,,"[[[52, 670]], [], [true]]",
30098,q,a,cx_stage1,,"[[[44, 673], [52, 673]], [], [true, true]]",
30099,q,a,cx_stage3,,"[[[44, 673], [52, 673]], [], [true, true]]",
30100,q,a,cx_stage1,,"[[[45, 676], [52, 676]], [], [true, true]]",
30101,q,a,cx_stage3,,"[[[45, 676], [52, 676]], [], [true, true]]",
30102,q,a,p,,"[[[52, 677]], [], [true]]",
30103,q,a,cx_stage1,,"[[[45, 680], [52, 680]], [], [true, true]]",
30104,q,a,cx_stage3,,"[[[45, 680], [52, 680]], [], [true, true]]",
30105,q,a,cx_stage1,,"[[[46, 683], [52, 683]], [], [true, true]]",
30106,q,a,cx_stage3,,"[[[46, 683], [52, 683]], [], [true, true]]",
30107,q,a,p,,"[[[52, 684]], [], [true]]",
30108,q,a,cx_stage1,,"[[[46, 687], [52, 687]], [], [true, true]]",
30109,q,a,cx_stage3,,"[[[46, 687], [52, 687]], [], [true, true]]",
30110,q,a,cx_stage1,,"[[[47, 690], [52, 690]], [], [true, true]]",
30111,q,a,cx_stage3,,"[[[47, 690], [52, 690]], [], [true, true]]",
30112,q,a,p,,"[[[52, 691]], [], [true]]",
30113,q,a,cx_stage1,,"[[[47, 694], [52, 694]], [], [true, true]]",
30114,q,a,cx_stage3,,"[[[47, 694], [52, 694]], [], [true, true]]",
30115,q,a,cx_stage1,,"[[[48, 697], [52, 697]], [], [true, true]]",
30116,q,a,cx_stage3,,"[[[48, 697], [52, 697]], [], [true, true]]",
30117,q,a,p,,"[[[52, 698]], [], [true]]",
30118,q,a,cx_stage1,,"[[[48, 701], [52, 701]], [], [true, true]]",
30119,q,a,cx_stage3,,"[[[48, 701], [52, 701]], [], [true, true]]",
30120,q,a,cx_stage1,,"[[[49, 704], [52, 704]], [], [true, true]]",
30121,q,a,cx_stage3,,"[[[49, 704], [52, 704]], [], [true, true]]",
30122,q,a,p,,"[[[52, 705]], [], [true]]",
30123,q,a,cx_stage1,,"[[[49, 708], [52, 708]], [], [true, true]]",
30124,q,a,cx_stage3,,"[[[49, 708], [52, 708]], [], [true, true]]",
30125,q,a,cx_stage1,,"[[[50, 711], [52, 711]], [], [true, true]]",
30126,q,a,cx_stage3,,"[[[50, 711], [52, 711]], [], [true, true]]",
30127,q,a,p,,"[[[52, 712]], [], [true]]",
30128,q,a,cx_stage1,,"[[[50, 715], [52, 715]], [], [true, true]]",
30129,q,a,cx_stage3,,"[[[50, 715], [52, 715]], [], [true, true]]",
30130,q,a,cx_stage1,,"[[[51, 718], [52, 718]], [], [true, true]]",
30131,q,a,cx_stage3,,"[[[51, 718], [52, 718]], [], [true, true]]",
30132,q,a,p,,"[[[52, 719]], [], [true]]",
30133,q,a,cx_stage1,,"[[[51, 722], [52, 722]], [], [true, true]]",
30134,q,a,cx_stage3,,"[[[51, 722], [52, 722]], [], [true, true]]",
30135,q,a,cx_stage1,,"[[[52, 732], [53, 732]], [], [true, true]]",
30136,q,a,cx_stage2,,"[[[52, 732], [53, 732]], [], [true, true]]",
30137,q,a,cx_stage3,,"[[[52, 732], [53, 732]], [], [true, true]]",
30138,q,a,cx_stage1,,"[[[52, 736], [53, 736]], [], [true, true]]",
30139,q,a,cx_stage2,,"[[[52, 736], [53, 736]], [], [true, true]]",
30140,q,a,cx_stage3,,"[[[52, 736], [53, 736]], [], [true, true]]",
30141,q,a,cx_stage1,,"[[[52, 739], [54, 739]], [], [true, true]]",
30142,q,a,cx_stage2,,"[[[52, 739], [54, 739]], [], [true, true]]",
30143,q,a,cx_stage3,,"[[[52, 739], [54, 739]], [], [true, true]]",
30144,q,a,cx_stage1,,"[[[52, 743], [54, 743]], [], [true, true]]",
30145,q,a,cx_stage2,,"[[[52, 743], [54, 743]], [], [true, true]]",
30146,q,a,cx_stage3,,"[[[52, 743], [54, 743]], [], [true, true]]",
30147,q,a,cx_stage1,,"[[[52, 746], [55, 746]], [], [true, true]]",
30148,q,a,cx_stage2,,"[[[52, 746], [55, 746]], [], [true, true]]",
30149,q,a,cx_stage3,,"[[[52, 746], [55, 746]], [], [true, true]]",
30150,q,a,cx_stage1,,"[[[52, 750], [55, 750]], [], [true, true]]",
30151,q,a,cx_stage2,,"[[[52, 750], [55, 750]], [], [true, true]]",
30152,q,a,cx_stage3,,"[[[52, 750], [55, 750]], [], [true, true]]",
30153,q,a,u2,,"[[[52, 751]], [], [true]]",
30154,q,a,cx_stage1,,"[[[0, 754], [52, 754]], [], [true, true]]",
30155,q,a,cx_stage3,,"[[[0, 754], [52, 754]], [], [true, true]]",
30156,q,a,p,,"[[[52, 755]], [], [true]]",
30157,q,a,cx_stage1,,"[[[0, 758], [52, 758]], [], [true, true]]",
30158,q,a,cx_stage3,,"[[[0, 758], [52, 758]], [], [true, true]]",
30159,q,a,cx_stage1,,"[[[1, 761], [52, 761]], [], [true, true]]",
30160,q,a,cx_stage3,,"[[[1, 761], [52, 761]], [], [true, true]]",
30161,q,a,p,,"[[[52, 762]], [], [true]]",
30162,q,a,cx_stage1,,"[[[1, 765], [52, 765]], [], [true, true]]",
30163,q,a,cx_stage3,,"[[[1, 765], [52, 765]], [], [true, true]]",
30164,q,a,cx_stage1,,"[[[2, 768], [52, 768]], [], [true, true]]",
30165,q,a,cx_stage3,,"[[[2, 768], [52, 768]], [], [true, true]]",
30166,q,a,p,,"[[[52, 769]], [], [true]]",
30167,q,a,cx_stage1,,"[[[2, 772], [52, 772]], [], [true, true]]",
30168,q,a,cx_stage3,,"[[[2, 772], [52, 772]], [], [true, true]]",
30169,q,a,cx_stage1,,"[[[3, 775], [52, 775]], [], [true, true]]",
30170,q,a,cx_stage3,,"[[[3, 775], [52, 775]], [], [true, true]]",
30171,q,a,p,,"[[[52, 776]], [], [true]]",
30172,q,a,cx_stage1,,"[[[3, 779], [52, 779]], [], [true, true]]",
30173,q,a,cx_stage3,,"[[[3, 779], [52, 779]], [], [true, true]]",
30174,q,a,cx_stage1,,"[[[4, 782], [52, 782]], [], [true, true]]",
30175,q,a,cx_stage3,,"[[[4, 782], [52, 782]], [], [true, true]]",
30176,q,a,p,,"[[[52, 783]], [], [true]]",
30177,q,a,cx_stage1,,"[[[4, 786], [52, 786]], [], [true, true]]",
30178,q,a,cx_stage3,,"[[[4, 786], [52, 786]], [], [true, true]]",
30179,q,a,cx_stage1,,"[[[5, 789], [52, 789]], [], [true, true]]",
30180,q,a,cx_stage2,,"[[[5, 789], [52, 789]], [], [true, true]]",
30181,q,a,cx_stage3,,"[[[5, 789], [52, 789]], [], [true, true]]",
30182,q,a,p,,"[[[52, 790]], [], [true]]",
30183,q,a,cx_stage1,,"[[[5, 793], [52, 793]], [], [true, true]]",
30184,q,a,cx_stage2,,"[[[5, 793], [52, 793]], [], [true, true]]",
30185,q,a,cx_stage3,,"[[[5, 793], [52, 793]], [], [true, true]]",
30186,q,a,cx_stage1,,"[[[6, 796], [52, 796]], [], [true, true]]",
30187,q,a,cx_stage2,,"[[[6, 796], [52, 796]], [], [true, true]]",
30188,q,a,cx_stage3,,"[[[6, 796], [52, 796]], [], [true, true]]",
30189,q,a,p,,"[[[52, 797]], [], [true]]",
30190,q,a,cx_stage1,,"[[[6, 800], [52, 800]], [], [true, true]]",
30191,q,a,cx_stage2,,"[[[6, 800], [52, 800]], [], [true, true]]",
30192,q,a,cx_stage3,,"[[[6, 800], [52, 800]], [], [true, true]]",
30193,q,a,cx_stage1,,"[[[7, 803], [52, 803]], [], [true, true]]",
30194,q,a,cx_stage2,,"[[[7, 803], [52, 803]], [], [true, true]]",
30195,q,a,cx_stage3,,"[[[7, 803], [52, 803]], [], [true, true]]",
30196,q,a,p,,"[[[52, 804]], [], [true]]",
30197,q,a,cx_stage1,,"[[[7, 807], [52, 807]], [], [true, true]]",
30198,q,a,cx_stage2,,"[[[7, 807], [52, 807]], [], [true, true]]",
30199,q,a,cx_stage3,,"[[[7, 807], [52, 807]], [], [true, true]]",
30200,q,a,cx_stage1,,"[[[8, 810], [52, 810]], [], [true, true]]",
30201,q,a,cx_stage2,,"[[[8, 810], [52, 810]], [], [true, true]]",
30202,q,a,cx_stage3,,"[[[8, 810], [52, 810]], [], [true, true]]",
30203,q,a,p,,"[[[52, 811]], [], [true]]",
30204,q,a,cx_stage1,,"[[[8, 814], [52, 814]], [], [true, true]]",
30205,q,a,cx_stage2,,"[[[8, 814], [52, 814]], [], [true, true]]",
30206,q,a,cx_stage3,,"[[[8, 814], [52, 814]], [], [true, true]]",
30207,q,a,cx_stage1,,"[[[9, 817], [52, 817]], [], [true, true]]",
30208,q,a,cx_stage2,,"[[[9, 817], [52, 817]], [], [true, true]]",
30209,q,a,cx_stage3,,"[[[9, 817], [52, 817]], [], [true, true]]",
30210,q,a,p,,"[[[52, 818]], [], [true]]",
30211,q,a,cx_stage1,,"[[[9, 821], [52, 821]], [], [true, true]]",
30212,q,a,cx_stage2,,"[[[9, 821], [52, 821]], [], [true, true]]",
30213,q,a,cx_stage3,,"[[[9, 821], [52, 821]], [], [true, true]]",
30214,q,a,cx_stage1,,"[[[10, 824], [52, 824]], [], [true, true]]",
30215,q,a,cx_stage3,,"[[[10, 824], [52, 824]], [], [true, true]]",
30216,q,a,p,,"[[[52, 825]], [], [true]]",
30217,q,a,cx_stage1,,"[[[10, 828], [52, 828]], [], [true, true]]",
30218,q,a,cx_stage3,,"[[[10, 828], [52, 828]], [], [true, true]]",
30219,q,a,cx_stage1,,"[[[11, 831], [52, 831]], [], [true, true]]",
30220,q,a,cx_stage3,,"[[[11, 831], [52, 831]], [], [true, true]]",
30221,q,a,p,,"[[[52, 832]], [], [true]]",
30222,q,a,cx_stage1,,"[[[11, 835], [52, 835]], [], [true, true]]",
30223,q,a,cx_stage3,,"[[[11, 835], [52, 835]], [], [true, true]]",
30224,q,a,cx_stage1,,"[[[12, 838], [52, 838]], [], [true, true]]",
30225,q,a,cx_stage3,,"[[[12, 838], [52, 838]], [], [true, true]]",
30226,q,a,p,,"[[[52, 839]], [], [true]]",
30227,q,a,cx_stage1,,"[[[12, 842], [52, 842]], [], [true, true]]",
30228,q,a,cx_stage3,,"[[[12, 842], [52, 842]], [], [true, true]]",
30229,q,a,cx_stage1,,"[[[13, 845], [52, 845]], [], [true, true]]",
30230,q,a,cx_stage3,,"[[[13, 845], [52, 845]], [], [true, true]]",
30231,q,a,p,,"[[[52, 846]], [], [true]]",
30232,q,a,cx_stage1,,"[[[13, 849], [52, 849]], [], [true, true]]",
30233,q,a,cx_stage3,,"[[[13, 849], [52, 849]], [], [true, true]]",
30234,q,a,cx_stage1,,"[[[14, 852], [52, 852]], [], [true, true]]",
30235,q,a,cx_stage3,,"[[[14, 852], [52, 852]], [], [true, true]]",
30236,q,a,p,,"[[[52, 853]], [], [true]]",
30237,q,a,cx_stage1,,"[[[14, 856], [52, 856]], [], [true, true]]",
30238,q,a,cx_stage3,,"[[[14, 856], [52, 856]], [], [true, true]]",
30239,q,a,cx_stage1,,"[[[15, 859], [52, 859]], [], [true, true]]",
30240,q,a,cx_stage3,,"[[[15, 859], [52, 859]], [], [true, true]]",
30241,q,a,p,,"[[[52, 860]], [], [true]]",
30242,q,a,cx_stage1,,"[[[15, 863], [52, 863]], [], [true, true]]",
30243,q,a,cx_stage3,,"[[[15, 863], [52, 863]], [], [true, true]]",
30244,q,a,cx_stage1,,"[[[16, 866], [52, 866]], [], [true, true]]",
30245,q,a,cx_stage3,,"[[[16, 866], [52, 866]], [], [true, true]]",
30246,q,a,p,,"[[[52, 867]], [], [true]]",
30247,q,a,cx_stage1,,"[[[16, 870], [52, 870]], [], [true, true]]",
30248,q,a,cx_stage3,,"[[[16, 870], [52, 870]], [], [true, true]]",
30249,q,a,cx_stage1,,"[[[17, 873], [52, 873]], [], [true, true]]",
30250,q,a,cx_stage3,,"[[[17, 873], [52, 873]], [], [true, true]]",
30251,q,a,p,,"[[[52, 874]], [], [true]]",
30252,q,a,cx_stage1,,"[[[17, 877], [52, 877]], [], [true, true]]",
30253,q,a,cx_stage3,,"[[[17, 877], [52, 877]], [], [true, true]]",
30254,q,a,cx_stage1,,"[[[18, 880], [52, 880]], [], [true, true]]",
30255,q,a,cx_stage3,,"[[[18, 880], [52, 880]], [], [true, true]]",
30256,q,a,p,,"[[[52, 881]], [], [true]]",
30257,q,a,cx_stage1,,"[[[18, 884], [52, 884]], [], [true, true]]",
30258,q,a,cx_stage3,,"[[[18, 884], [52, 884]], [], [true, true]]",
30259,q,a,cx_stage1,,"[[[19, 887], [52, 887]], [], [true, true]]",
30260,q,a,cx_stage3,,"[[[19, 887], [52, 887]], [], [true, true]]",
30261,q,a,p,,"[[[52, 888]], [], [true]]",
30262,q,a,cx_stage1,,"[[[19, 891], [52, 891]], [], [true, true]]",
30263,q,a,cx_stage3,,"[[[19, 891], [52, 891]], [], [true, true]]",
30264,q,a,cx_stage1,,"[[[20, 894], [52, 894]], [], [true, true]]",
30265,q,a,cx_stage3,,"[[[20, 894], [52, 894]], [], [true, true]]",
30266,q,a,p,,"[[[52, 895]], [], [true]]",
30267,q,a,cx_stage1,,"[[[20, 898], [52, 898]], [], [true, true]]",
30268,q,a,cx_stage3,,"[[[20, 898], [52, 898]], [], [true, true]]",
30269,q,a,cx_stage1,,"[[[21, 901], [52, 901]], [], [true, true]]",
30270,q,a,cx_stage3,,"[[[21, 901], [52, 901]], [], [true, true]]",
30271,q,a,p,,"[[[52, 902]], [], [true]]",
30272,q,a,cx_stage1,,"[[[21, 905], [52, 905]], [], [true, true]]",
30273,q,a,cx_stage3,,"[[[21, 905], [52, 905]], [], [true, true]]",
30274,q,a,cx_stage1,,"[[[22, 908], [52, 908]], [], [true, true]]",
30275,q,a,cx_stage3,,"[[[22, 908], [52, 908]], [], [true, true]]",
30276,q,a,p,,"[[[52, 909]], [], [true]]",
30277,q,a,cx_stage1,,"[[[22, 912], [52, 912]], [], [true, true]]",
30278,q,a,cx_stage3,,"[[[22, 912], [52, 912]], [], [true, true]]",
30279,q,a,cx_stage1,,"[[[23, 915], [52, 915]], [], [true, true]]",
30280,q,a,cx_stage3,,"[[[23, 915], [52, 915]], [], [true, true]]",
30281,q,a,p,,"[[[52, 916]], [], [true]]",
30282,q,a,cx_stage1,,"[[[23, 919], [52, 919]], [], [true, true]]",
30283,q,a,cx_stage3,,"[[[23, 919], [52, 919]], [], [true, true]]",
30284,q,a,cx_stage1,,"[[[24, 922], [52, 922]], [], [true, true]]",
30285,q,a,cx_stage3,,"[[[24, 922], [52, 922]], [], [true, true]]",
30286,q,a,p,,"[[[52, 923]], [], [true]]",
30287,q,a,cx_stage1,,"[[[24, 926], [52, 926]], [], [true, true]]",
30288,q,a,cx_stage3,,"[[[24, 926], [52, 926]], [], [true, true]]",
30289,q,a,cx_stage1,,"[[[25, 929], [52, 929]], [], [true, true]]",
30290,q,a,cx_stage3,,"[[[25, 929], [52, 929]], [], [true, true]]",
30291,q,a,p,,"[[[52, 930]], [], [true]]",
30292,q,a,cx_stage1,,"[[[25, 933], [52, 933]], [], [true, true]]",
30293,q,a,cx_stage3,,"[[[25, 933], [52, 933]], [], [true, true]]",
30294,q,a,cx_stage1,,"[[[26, 936], [52, 936]], [], [true, true]]",
30295,q,a,cx_stage3,,"[[[26, 936], [52, 936]], [], [true, true]]",
30296,q,a,p,,"[[[52, 937]], [], [true]]",
30297,q,a,cx_stage1,,"[[[26, 940], [52, 940]], [], [true, true]]",
30298,q,a,cx_stage3,,"[[[26, 940], [52, 940]], [], [true, true]]",
30299,q,a,cx_stage1,,"[[[27, 943], [52, 943]], [], [true, true]]",
30300,q,a,cx_stage3,,"[[[27, 943], [52, 943]], [], [true, true]]",
30301,q,a,p,,"[[[52, 944]], [], [true]]",
30302,q,a,cx_stage1,,"[[[27, 947], [52, 947]], [], [true, true]]",
30303,q,a,cx_stage3,,"[[[27, 947], [52, 947]], [], [true, true]]",
30304,q,a,cx_stage1,,"[[[28, 950], [52, 950]], [], [true, true]]",
30305,q,a,cx_stage3,,"[[[28, 950], [52, 950]], [], [true, true]]",
30306,q,a,p,,"[[[52, 951]], [], [true]]",
30307,q,a,cx_stage1,,"[[[28, 954], [52, 954]], [], [true, true]]",
30308,q,a,cx_stage3,,"[[[28, 954], [52, 954]], [], [true, true]]",
30309,q,a,cx_stage1,,"[[[29, 957], [52, 957]], [], [true, true]]",
30310,q,a,cx_stage3,,"[[[29, 957], [52, 957]], [], [true, true]]",
30311,q,a,p,,"[[[52, 958]], [], [true]]",
30312,q,a,cx_stage1,,"[[[29, 961], [52, 961]], [], [true, true]]",
30313,q,a,cx_stage3,,"[[[29, 961], [52, 961]], [], [true, true]]",
30314,q,a,cx_stage1,,"[[[30, 964], [52, 964]], [], [true, true]]",
30315,q,a,cx_stage3,,"[[[30, 964], [52, 964]], [], [true, true]]",
30316,q,a,p,,"[[[52, 965]], [], [true]]",
30317,q,a,cx_stage1,,"[[[30, 968], [52, 968]], [], [true, true]]",
30318,q,a,cx_stage3,,"[[[30, 968], [52, 968]], [], [true, true]]",
30319,q,a,cx_stage1,,"[[[31, 971], [52, 971]], [], [true, true]]",
30320,q,a,cx_stage3,,"[[[31, 971], [52, 971]], [], [true, true]]",
30321,q,a,p,,"[[[52, 972]], [], [true]]",
30322,q,a,cx_stage1,,"[[[31, 975], [52, 975]], [], [true, true]]",
30323,q,a,cx_stage3,,"[[[31, 975], [52, 975]], [], [true, true]]",
30324,q,a,cx_stage1,,"[[[32, 978], [52, 978]], [], [true, true]]",
30325,q,a,cx_stage3,,"[[[32, 978], [52, 978]], [], [true, true]]",
30326,q,a,p,,"[[[52, 979]], [], [true]]",
30327,q,a,cx_stage1,,"[[[32, 982], [52, 982]], [], [true, true]]",
30328,q,a,cx_stage3,,"[[[32, 982], [52, 982]], [], [true, true]]",
30329,q,a,cx_stage1,,"[[[33, 985], [52, 985]], [], [true, true]]",
30330,q,a,cx_stage3,,"[[[33, 985], [52, 985]], [], [true, true]]",
30331,q,a,p,,"[[[52, 986]], [], [true]]",
30332,q,a,cx_stage1,,"[[[33, 989], [52, 989]], [], [true, true]]",
30333,q,a,cx_stage3,,"[[[33, 989], [52, 989]], [], [true, true]]",
30334,q,a,cx_stage1,,"[[[34, 992], [52, 992]], [], [true, true]]",
30335,q,a,cx_stage3,,"[[[34, 992], [52, 992]], [], [true, true]]",
30336,q,a,p,,"[[[52, 993]], [], [true]]",
30337,q,a,cx_stage1,,"[[[34, 996], [52, 996]], [], [true, true]]",
30338,q,a,cx_stage3,,"[[[34, 996], [52, 996]], [], [true, true]]",
30339,q,a,cx_stage1,,"[[[35, 999], [52, 999]], [], [true, true]]",
30340,q,a,cx_stage3,,"[[[35, 999], [52, 999]], [], [true, true]]",
30341,q,a,u2,,"[[[53, 1]], [], [true]]",
30342,q,a,cx_stage1,,"[[[0, 368], [53, 368]], [], [true, true]]",
30343,q,a,cx_stage1,,"[[[34, 1003], [53, 1003]], [], [true, true]]",
30344,q,a,p,,"[[[53, 1000]], [], [true]]",
30345,q,a,cx_stage3,,"[[[34, 1003], [53, 1003]], [], [true, true]]",
30346,q,a,cx_stage1,,"[[[35, 1006], [53, 1006]], [], [true, true]]",
30347,q,a,cx_stage3,,"[[[35, 1006], [53, 1006]], [], [true, true]]",
30348,q,a,p,,"[[[53, 1007]], [], [true]]",
30349,q,a,cx_stage1,,"[[[35, 1010], [53, 1010]], [], [true, true]]",
30350,q,a,cx_stage3,,"[[[35, 1010], [53, 1010]], [], [true, true]]",
30351,q,a,cx_stage1,,"[[[36, 1013], [53, 1013]], [], [true, true]]",
30352,q,a,cx_stage3,,"[[[36, 1013], [53, 1013]], [], [true, true]]",
30353,q,a,p,,"[[[53, 1014]], [], [true]]",
30354,q,a,cx_stage1,,"[[[36, 1017], [53, 1017]], [], [true, true]]",
30355,q,a,cx_stage3,,"[[[36, 1017], [53, 1017]], [], [true, true]]",
30356,q,a,cx_stage1,,"[[[37, 1020], [53, 1020]], [], [true, true]]",
30357,q,a,cx_stage3,,"[[[37, 1020], [53, 1020]], [], [true, true]]",
30358,q,a,p,,"[[[53, 1021]], [], [true]]",
30359,q,a,cx_stage1,,"[[[37, 1024], [53, 1024]], [], [true, true]]",
30360,q,a,cx_stage3,,"[[[37, 1024], [53, 1024]], [], [true, true]]",
30361,q,a,cx_stage1,,"[[[38, 1027], [53, 1027]], [], [true, true]]",
30362,q,a,cx_stage3,,"[[[38, 1027], [53, 1027]], [], [true, true]]",
30363,q,a,p,,"[[[53, 1028]], [], [true]]",
30364,q,a,cx_stage1,,"[[[38, 1031], [53, 1031]], [], [true, true]]",
30365,q,a,cx_stage3,,"[[[38, 1031], [53, 1031]], [], [true, true]]",
30366,q,a,cx_stage1,,"[[[39, 1034], [53, 1034]], [], [true, true]]",
30367,q,a,cx_stage3,,"[[[39, 1034], [53, 1034]], [], [true, true]]",
30368,q,a,p,,"[[[53, 1035]], [], [true]]",
30369,q,a,cx_stage1,,"[[[39, 1038], [53, 1038]], [], [true, true]]",
30370,q,a,cx_stage3,,"[[[39, 1038], [53, 1038]], [], [true, true]]",
30371,q,a,cx_stage1,,"[[[40, 1041], [53, 1041]], [], [true, true]]",
30372,q,a,cx_stage3,,"[[[40, 1041], [53, 1041]], [], [true, true]]",
30373,q,a,p,,"[[[53, 1042]], [], [true]]",
30374,q,a,cx_stage1,,"[[[40, 1045], [53, 1045]], [], [true, true]]",
30375,q,a,cx_stage3,,"[[[40, 1045], [53, 1045]], [], [true, true]]",
30376,q,a,cx_stage1,,"[[[41, 1048], [53, 1048]], [], [true, true]]",
30377,q,a,cx_stage3,,"[[[41, 1048], [53, 1048]], [], [true, true]]",
30378,q,a,p,,"[[[53, 1049]], [], [true]]",
30379,q,a,cx_stage1,,"[[[41, 1052], [53, 1052]], [], [true, true]]",
30380,q,a,cx_stage3,,"[[[41, 1052], [53, 1052]], [], [true, true]]",
30381,q,a,cx_stage1,,"[[[42, 1055], [53, 1055]], [], [true, true]]",
30382,q,a,cx_stage3,,"[[[42, 1055], [53, 1055]], [], [true, true]]",
30383,q,a,p,,"[[[53, 1056]], [], [true]]",
30384,q,a,cx_stage1,,"[[[42, 1059], [53, 1059]], [], [true, true]]",
30385,q,a,cx_stage3,,"[[[42, 1059], [53, 1059]], [], [true, true]]",
30386,q,a,cx_stage1,,"[[[43, 1062], [53, 1062]], [], [true, true]]",
30387,q,a,cx_stage3,,"[[[43, 1062], [53, 1062]], [], [true, true]]",
30388,q,a,p,,"[[[53, 1063]], [], [true]]",
30389,q,a,cx_stage1,,"[[[43, 1066], [53, 1066]], [], [true, true]]",
30390,q,a,cx_stage3,,"[[[43, 1066], [53, 1066]], [], [true, true]]",
30391,q,a,cx_stage1,,"[[[44, 1069], [53, 1069]], [], [true, true]]",
30392,q,a,cx_stage3,,"[[[44, 1069], [53, 1069]], [], [true, true]]",
30393,q,a,p,,"[[[53, 1070]], [], [true]]",
30394,q,a,cx_stage1,,"[[[44, 1073], [53, 1073]], [], [true, true]]",
30395,q,a,cx_stage3,,"[[[44, 1073], [53, 1073]], [], [true, true]]",
30396,q,a,cx_stage1,,"[[[45, 1076], [53, 1076]], [], [true, true]]",
30397,q,a,cx_stage3,,"[[[45, 1076], [53, 1076]], [], [true, true]]",
30398,q,a,p,,"[[[53, 1077]], [], [true]]",
30399,q,a,cx_stage1,,"[[[45, 1080], [53, 1080]], [], [true, true]]",
30400,q,a,cx_stage3,,"[[[45, 1080], [53, 1080]], [], [true, true]]",
30401,q,a,cx_stage1,,"[[[46, 1083], [53, 1083]], [], [true, true]]",
30402,q,a,cx_stage3,,"[[[46, 1083], [53, 1083]], [], [true, true]]",
30403,q,a,p,,"[[[53, 1084]], [], [true]]",
30404,q,a,cx_stage1,,"[[[46, 1087], [53, 1087]], [], [true, true]]",
30405,q,a,cx_stage3,,"[[[46, 1087], [53, 1087]], [], [true, true]]",
30406,q,a,cx_stage1,,"[[[47, 1090], [53, 1090]], [], [true, true]]",
30407,q,a,cx_stage3,,"[[[47, 1090], [53, 1090]], [], [true, true]]",
30408,q,a,p,,"[[[53, 1091]], [], [true]]",
30409,q,a,cx_stage1,,"[[[47, 1094], [53, 1094]], [], [true, true]]",
30410,q,a,cx_stage3,,"[[[47, 1094], [53, 1094]], [], [true, true]]",
30411,q,a,cx_stage1,,"[[[48, 1097], [53, 1097]], [], [true, true]]",
30412,q,a,cx_stage3,,"[[[48, 1097], [53, 1097]], [], [true, true]]",
30413,q,a,p,,"[[[53, 1098]], [], [true]]",
30414,q,a,cx_stage1,,"[[[48, 1101], [53, 1101]], [], [true, true]]",
30415,q,a,cx_stage3,,"[[[48, 1101], [53, 1101]], [], [true, true]]",
30416,q,a,cx_stage1,,"[[[49, 1104], [53, 1104]], [], [true, true]]",
30417,q,a,cx_stage3,,"[[[49, 1104], [53, 1104]], [], [true, true]]",
30418,q,a,p,,"[[[53, 1105]], [], [true]]",
30419,q,a,cx_stage1,,"[[[49, 1108], [53, 1108]], [], [true, true]]",
30420,q,a,cx_stage3,,"[[[49, 1108], [53, 1108]], [], [true, true]]",
30421,q,a,cx_stage1,,"[[[50, 1111], [53, 1111]], [], [true, true]]",
30422,q,a,cx_stage3,,"[[[50, 1111], [53, 1111]], [], [true, true]]",
30423,q,a,p,,"[[[53, 1112]], [], [true]]",
30424,q,a,cx_stage1,,"[[[50, 1115], [53, 1115]], [], [true, true]]",
30425,q,a,cx_stage3,,"[[[50, 1115], [53, 1115]], [], [true, true]]",
30426,q,a,cx_stage1,,"[[[51, 1118], [53, 1118]], [], [true, true]]",
30427,q,a,cx_stage3,,"[[[51, 1118], [53, 1118]], [], [true, true]]",
30428,q,a,p,,"[[[53, 1119]], [], [true]]",
30429,q,a,cx_stage1,,"[[[51, 1122], [53, 1122]], [], [true, true]]",
30430,q,a,cx_stage3,,"[[[51, 1122], [53, 1122]], [], [true, true]]",
30431,q,a,cx_stage1,,"[[[52, 1125], [53, 1125]], [], [true, true]]",
30432,q,a,cx_stage3,,"[[[52, 1125], [53, 1125]], [], [true, true]]",
30433,q,a,p,,"[[[53, 1126]], [], [true]]",
30434,q,a,cx_stage1,,"[[[52, 1129], [53, 1129]], [], [true, true]]",
30435,q,a,cx_stage3,,"[[[52, 1129], [53, 1129]], [], [true, true]]",
30436,q,a,cx_stage1,,"[[[53, 1139], [54, 1139]], [], [true, true]]",
30437,q,a,cx_stage2,,"[[[53, 1139], [54, 1139]], [], [true, true]]",
30438,q,a,cx_stage3,,"[[[53, 1139], [54, 1139]], [], [true, true]]",
30439,q,a,cx_stage1,,"[[[53, 1143], [54, 1143]], [], [true, true]]",
30440,q,a,cx_stage2,,"[[[53, 1143], [54, 1143]], [], [true, true]]",
30441,q,a,cx_stage3,,"[[[53, 1143], [54, 1143]], [], [true, true]]",
30442,q,a,cx_stage1,,"[[[53, 1146], [55, 1146]], [], [true, true]]",
30443,q,a,cx_stage2,,"[[[53, 1146], [55, 1146]], [], [true, true]]",
30444,q,a,cx_stage3,,"[[[53, 1146], [55, 1146]], [], [true, true]]",
30445,q,a,cx_stage1,,"[[[53, 1150], [55, 1150]], [], [true, true]]",
30446,q,a,cx_stage2,,"[[[53, 1150], [55, 1150]], [], [true, true]]",
30447,q,a,cx_stage3,,"[[[53, 1150], [55, 1150]], [], [true, true]]",
30448,q,a,ry,,"[[[53, 1151]], [], [true]]",
30449,q,a,cx_stage1,,"[[[53, 1164], [54, 1164]], [], [true, true]]",
30450,q,a,cx_stage2,,"[[[53, 1164], [54, 1164]], [], [true, true]]",
30451,q,a,cx_stage3,,"[[[53, 1164], [54, 1164]], [], [true, true]]",
30452,q,a,cx_stage1,,"[[[52, 1167], [53, 1167]], [], [true, true]]",
30453,q,a,cx_stage3,,"[[[52, 1167], [53, 1167]], [], [true, true]]",
30454,q,a,ry,,"[[[53, 1168]], [], [true]]",
30455,q,a,cx_stage3,,"[[[0, 368], [53, 368]], [], [true, true]]",
30456,q,a,p,,"[[[53, 369]], [], [true]]",
30457,q,a,cx_stage1,,"[[[0, 372], [53, 372]], [], [true, true]]",
30458,q,a,cx_stage3,,"[[[0, 372], [53, 372]], [], [true, true]]",
30459,q,a,cx_stage1,,"[[[1, 375], [53, 375]], [], [true, true]]",
30460,q,a,cx_stage3,,"[[[1, 375], [53, 375]], [], [true, true]]",
30461,q,a,p,,"[[[53, 376]], [], [true]]",
30462,q,a,cx_stage1,,"[[[1, 379], [53, 379]], [], [true, true]]",
30463,q,a,cx_stage3,,"[[[1, 379], [53, 379]], [], [true, true]]",
30464,q,a,cx_stage1,,"[[[2, 382], [53, 382]], [], [true, true]]",
30465,q,a,cx_stage3,,"[[[2, 382], [53, 382]], [], [true, true]]",
30466,q,a,p,,"[[[53, 383]], [], [true]]",
30467,q,a,cx_stage1,,"[[[2, 386], [53, 386]], [], [true, true]]",
30468,q,a,cx_stage3,,"[[[2, 386], [53, 386]], [], [true, true]]",
30469,q,a,cx_stage1,,"[[[3, 389], [53, 389]], [], [true, true]]",
30470,q,a,cx_stage3,,"[[[3, 389], [53, 389]], [], [true, true]]",
30471,q,a,p,,"[[[53, 390]], [], [true]]",
30472,q,a,cx_stage1,,"[[[3, 393], [53, 393]], [], [true, true]]",
30473,q,a,cx_stage3,,"[[[3, 393], [53, 393]], [], [true, true]]",
30474,q,a,cx_stage1,,"[[[4, 396], [53, 396]], [], [true, true]]",
30475,q,a,cx_stage3,,"[[[4, 396], [53, 396]], [], [true, true]]",
30476,q,a,p,,"[[[53, 397]], [], [true]]",
30477,q,a,cx_stage1,,"[[[4, 400], [53, 400]], [], [true, true]]",
30478,q,a,cx_stage3,,"[[[4, 400], [53, 400]], [], [true, true]]",
30479,q,a,cx_stage1,,"[[[5, 403], [53, 403]], [], [true, true]]",
30480,q,a,cx_stage2,,"[[[5, 403], [53, 403]], [], [true, true]]",
30481,q,a,cx_stage3,,"[[[5, 403], [53, 403]], [], [true, true]]",
30482,q,a,p,,"[[[53, 404]], [], [true]]",
30483,q,a,cx_stage1,,"[[[5, 407], [53, 407]], [], [true, true]]",
30484,q,a,cx_stage2,,"[[[5, 407], [53, 407]], [], [true, true]]",
30485,q,a,cx_stage3,,"[[[5, 407], [53, 407]], [], [true, true]]",
30486,q,a,cx_stage1,,"[[[6, 410], [53, 410]], [], [true, true]]",
30487,q,a,cx_stage2,,"[[[6, 410], [53, 410]], [], [true, true]]",
30488,q,a,cx_stage3,,"[[[6, 410], [53, 410]], [], [true, true]]",
30489,q,a,p,,"[[[53, 411]], [], [true]]",
30490,q,a,cx_stage1,,"[[[6, 414], [53, 414]], [], [true, true]]",
30491,q,a,cx_stage2,,"[[[6, 414], [53, 414]], [], [true, true]]",
30492,q,a,cx_stage3,,"[[[6, 414], [53, 414]], [], [true, true]]",
30493,q,a,cx_stage1,,"[[[7, 417], [53, 417]], [], [true, true]]",
30494,q,a,cx_stage2,,"[[[7, 417], [53, 417]], [], [true, true]]",
30495,q,a,cx_stage3,,"[[[7, 417], [53, 417]], [], [true, true]]",
30496,q,a,p,,"[[[53, 418]], [], [true]]",
30497,q,a,cx_stage1,,"[[[7, 421], [53, 421]], [], [true, true]]",
30498,q,a,cx_stage2,,"[[[7, 421], [53, 421]], [], [true, true]]",
30499,q,a,cx_stage3,,"[[[7, 421], [53, 421]], [], [true, true]]",
30500,q,a,cx_stage1,,"[[[8, 424], [53, 424]], [], [true, true]]",
30501,q,a,cx_stage2,,"[[[8, 424], [53, 424]], [], [true, true]]",
30502,q,a,cx_stage3,,"[[[8, 424], [53, 424]], [], [true, true]]",
30503,q,a,p,,"[[[53, 425]], [], [true]]",
30504,q,a,cx_stage1,,"[[[8, 428], [53, 428]], [], [true, true]]",
30505,q,a,cx_stage2,,"[[[8, 428], [53, 428]], [], [true, true]]",
30506,q,a,cx_stage3,,"[[[8, 428], [53, 428]], [], [true, true]]",
30507,q,a,cx_stage1,,"[[[9, 431], [53, 431]], [], [true, true]]",
30508,q,a,cx_stage2,,"[[[9, 431], [53, 431]], [], [true, true]]",
30509,q,a,cx_stage3,,"[[[9, 431], [53, 431]], [], [true, true]]",
30510,q,a,p,,"[[[53, 432]], [], [true]]",
30511,q,a,cx_stage1,,"[[[9, 435], [53, 435]], [], [true, true]]",
30512,q,a,cx_stage2,,"[[[9, 435], [53, 435]], [], [true, true]]",
30513,q,a,cx_stage3,,"[[[9, 435], [53, 435]], [], [true, true]]",
30514,q,a,cx_stage1,,"[[[10, 438], [53, 438]], [], [true, true]]",
30515,q,a,cx_stage3,,"[[[10, 438], [53, 438]], [], [true, true]]",
30516,q,a,p,,"[[[53, 439]], [], [true]]",
30517,q,a,cx_stage1,,"[[[10, 442], [53, 442]], [], [true, true]]",
30518,q,a,cx_stage3,,"[[[10, 442], [53, 442]], [], [true, true]]",
30519,q,a,cx_stage1,,"[[[11, 445], [53, 445]], [], [true, true]]",
30520,q,a,cx_stage3,,"[[[11, 445], [53, 445]], [], [true, true]]",
30521,q,a,p,,"[[[53, 446]], [], [true]]",
30522,q,a,cx_stage1,,"[[[11, 449], [53, 449]], [], [true, true]]",
30523,q,a,cx_stage3,,"[[[11, 449], [53, 449]], [], [true, true]]",
30524,q,a,cx_stage1,,"[[[12, 452], [53, 452]], [], [true, true]]",
30525,q,a,cx_stage3,,"[[[12, 452], [53, 452]], [], [true, true]]",
30526,q,a,p,,"[[[53, 453]], [], [true]]",
30527,q,a,cx_stage1,,"[[[12, 456], [53, 456]], [], [true, true]]",
30528,q,a,cx_stage3,,"[[[12, 456], [53, 456]], [], [true, true]]",
30529,q,a,cx_stage1,,"[[[13, 459], [53, 459]], [], [true, true]]",
30530,q,a,cx_stage3,,"[[[13, 459], [53, 459]], [], [true, true]]",
30531,q,a,p,,"[[[53, 460]], [], [true]]",
30532,q,a,cx_stage1,,"[[[13, 463], [53, 463]], [], [true, true]]",
30533,q,a,cx_stage3,,"[[[13, 463], [53, 463]], [], [true, true]]",
30534,q,a,cx_stage1,,"[[[14, 466], [53, 466]], [], [true, true]]",
30535,q,a,cx_stage3,,"[[[14, 466], [53, 466]], [], [true, true]]",
30536,q,a,p,,"[[[53, 467]], [], [true]]",
30537,q,a,cx_stage1,,"[[[14, 470], [53, 470]], [], [true, true]]",
30538,q,a,cx_stage3,,"[[[14, 470], [53, 470]], [], [true, true]]",
30539,q,a,cx_stage1,,"[[[15, 473], [53, 473]], [], [true, true]]",
30540,q,a,cx_stage3,,"[[[15, 473], [53, 473]], [], [true, true]]",
30541,q,a,p,,"[[[53, 474]], [], [true]]",
30542,q,a,cx_stage1,,"[[[15, 477], [53, 477]], [], [true, true]]",
30543,q,a,cx_stage3,,"[[[15, 477], [53, 477]], [], [true, true]]",
30544,q,a,cx_stage1,,"[[[16, 480], [53, 480]], [], [true, true]]",
30545,q,a,cx_stage3,,"[[[16, 480], [53, 480]], [], [true, true]]",
30546,q,a,p,,"[[[53, 481]], [], [true]]",
30547,q,a,cx_stage1,,"[[[16, 484], [53, 484]], [], [true, true]]",
30548,q,a,cx_stage3,,"[[[16, 484], [53, 484]], [], [true, true]]",
30549,q,a,cx_stage1,,"[[[17, 487], [53, 487]], [], [true, true]]",
30550,q,a,cx_stage3,,"[[[17, 487], [53, 487]], [], [true, true]]",
30551,q,a,p,,"[[[53, 488]], [], [true]]",
30552,q,a,cx_stage1,,"[[[17, 491], [53, 491]], [], [true, true]]",
30553,q,a,cx_stage3,,"[[[17, 491], [53, 491]], [], [true, true]]",
30554,q,a,cx_stage1,,"[[[18, 494], [53, 494]], [], [true, true]]",
30555,q,a,cx_stage3,,"[[[18, 494], [53, 494]], [], [true, true]]",
30556,q,a,p,,"[[[53, 495]], [], [true]]",
30557,q,a,cx_stage1,,"[[[18, 498], [53, 498]], [], [true, true]]",
30558,q,a,cx_stage3,,"[[[18, 498], [53, 498]], [], [true, true]]",
30559,q,a,cx_stage1,,"[[[19, 501], [53, 501]], [], [true, true]]",
30560,q,a,cx_stage3,,"[[[19, 501], [53, 501]], [], [true, true]]",
30561,q,a,p,,"[[[53, 502]], [], [true]]",
30562,q,a,cx_stage1,,"[[[19, 505], [53, 505]], [], [true, true]]",
30563,q,a,cx_stage3,,"[[[19, 505], [53, 505]], [], [true, true]]",
30564,q,a,cx_stage1,,"[[[20, 508], [53, 508]], [], [true, true]]",
30565,q,a,cx_stage3,,"[[[20, 508], [53, 508]], [], [true, true]]",
30566,q,a,p,,"[[[53, 509]], [], [true]]",
30567,q,a,cx_stage1,,"[[[20, 512], [53, 512]], [], [true, true]]",
30568,q,a,cx_stage3,,"[[[20, 512], [53, 512]], [], [true, true]]",
30569,q,a,cx_stage1,,"[[[21, 515], [53, 515]], [], [true, true]]",
30570,q,a,cx_stage3,,"[[[21, 515], [53, 515]], [], [true, true]]",
30571,q,a,p,,"[[[53, 516]], [], [true]]",
30572,q,a,cx_stage1,,"[[[21, 519], [53, 519]], [], [true, true]]",
30573,q,a,cx_stage3,,"[[[21, 519], [53, 519]], [], [true, true]]",
30574,q,a,cx_stage1,,"[[[22, 522], [53, 522]], [], [true, true]]",
30575,q,a,cx_stage3,,"[[[22, 522], [53, 522]], [], [true, true]]",
30576,q,a,p,,"[[[53, 523]], [], [true]]",
30577,q,a,cx_stage1,,"[[[22, 526], [53, 526]], [], [true, true]]",
30578,q,a,cx_stage3,,"[[[22, 526], [53, 526]], [], [true, true]]",
30579,q,a,cx_stage1,,"[[[23, 529], [53, 529]], [], [true, true]]",
30580,q,a,cx_stage3,,"[[[23, 529], [53, 529]], [], [true, true]]",
30581,q,a,p,,"[[[53, 530]], [], [true]]",
30582,q,a,cx_stage1,,"[[[23, 533], [53, 533]], [], [true, true]]",
30583,q,a,cx_stage3,,"[[[23, 533], [53, 533]], [], [true, true]]",
30584,q,a,cx_stage1,,"[[[24, 536], [53, 536]], [], [true, true]]",
30585,q,a,cx_stage3,,"[[[24, 536], [53, 536]], [], [true, true]]",
30586,q,a,p,,"[[[53, 537]], [], [true]]",
30587,q,a,cx_stage1,,"[[[24, 540], [53, 540]], [], [true, true]]",
30588,q,a,cx_stage3,,"[[[24, 540], [53, 540]], [], [true, true]]",
30589,q,a,cx_stage1,,"[[[25, 543], [53, 543]], [], [true, true]]",
30590,q,a,cx_stage3,,"[[[25, 543], [53, 543]], [], [true, true]]",
30591,q,a,p,,"[[[53, 544]], [], [true]]",
30592,q,a,cx_stage1,,"[[[25, 547], [53, 547]], [], [true, true]]",
30593,q,a,cx_stage3,,"[[[25, 547], [53, 547]], [], [true, true]]",
30594,q,a,cx_stage1,,"[[[26, 550], [53, 550]], [], [true, true]]",
30595,q,a,cx_stage3,,"[[[26, 550], [53, 550]], [], [true, true]]",
30596,q,a,p,,"[[[53, 551]], [], [true]]",
30597,q,a,cx_stage1,,"[[[26, 554], [53, 554]], [], [true, true]]",
30598,q,a,cx_stage3,,"[[[26, 554], [53, 554]], [], [true, true]]",
30599,q,a,cx_stage1,,"[[[27, 557], [53, 557]], [], [true, true]]",
30600,q,a,cx_stage3,,"[[[27, 557], [53, 557]], [], [true, true]]",
30601,q,a,p,,"[[[53, 558]], [], [true]]",
30602,q,a,cx_stage1,,"[[[27, 561], [53, 561]], [], [true, true]]",
30603,q,a,cx_stage3,,"[[[27, 561], [53, 561]], [], [true, true]]",
30604,q,a,cx_stage1,,"[[[28, 564], [53, 564]], [], [true, true]]",
30605,q,a,cx_stage3,,"[[[28, 564], [53, 564]], [], [true, true]]",
30606,q,a,p,,"[[[53, 565]], [], [true]]",
30607,q,a,cx_stage1,,"[[[28, 568], [53, 568]], [], [true, true]]",
30608,q,a,cx_stage3,,"[[[28, 568], [53, 568]], [], [true, true]]",
30609,q,a,cx_stage1,,"[[[29, 571], [53, 571]], [], [true, true]]",
30610,q,a,cx_stage3,,"[[[29, 571], [53, 571]], [], [true, true]]",
30611,q,a,p,,"[[[53, 572]], [], [true]]",
30612,q,a,cx_stage1,,"[[[29, 575], [53, 575]], [], [true, true]]",
30613,q,a,cx_stage3,,"[[[29, 575], [53, 575]], [], [true, true]]",
30614,q,a,cx_stage1,,"[[[30, 578], [53, 578]], [], [true, true]]",
30615,q,a,cx_stage3,,"[[[30, 578], [53, 578]], [], [true, true]]",
30616,q,a,p,,"[[[53, 579]], [], [true]]",
30617,q,a,cx_stage1,,"[[[30, 582], [53, 582]], [], [true, true]]",
30618,q,a,cx_stage3,,"[[[30, 582], [53, 582]], [], [true, true]]",
30619,q,a,cx_stage1,,"[[[31, 585], [53, 585]], [], [true, true]]",
30620,q,a,cx_stage3,,"[[[31, 585], [53, 585]], [], [true, true]]",
30621,q,a,p,,"[[[53, 586]], [], [true]]",
30622,q,a,cx_stage1,,"[[[31, 589], [53, 589]], [], [true, true]]",
30623,q,a,cx_stage3,,"[[[31, 589], [53, 589]], [], [true, true]]",
30624,q,a,cx_stage1,,"[[[32, 592], [53, 592]], [], [true, true]]",
30625,q,a,cx_stage3,,"[[[32, 592], [53, 592]], [], [true, true]]",
30626,q,a,p,,"[[[53, 593]], [], [true]]",
30627,q,a,cx_stage1,,"[[[32, 596], [53, 596]], [], [true, true]]",
30628,q,a,cx_stage3,,"[[[32, 596], [53, 596]], [], [true, true]]",
30629,q,a,cx_stage1,,"[[[33, 599], [53, 599]], [], [true, true]]",
30630,q,a,cx_stage3,,"[[[33, 599], [53, 599]], [], [true, true]]",
30631,q,a,p,,"[[[53, 600]], [], [true]]",
30632,q,a,cx_stage1,,"[[[33, 603], [53, 603]], [], [true, true]]",
30633,q,a,cx_stage3,,"[[[33, 603], [53, 603]], [], [true, true]]",
30634,q,a,cx_stage1,,"[[[34, 606], [53, 606]], [], [true, true]]",
30635,q,a,cx_stage3,,"[[[34, 606], [53, 606]], [], [true, true]]",
30636,q,a,p,,"[[[53, 607]], [], [true]]",
30637,q,a,cx_stage1,,"[[[34, 610], [53, 610]], [], [true, true]]",
30638,q,a,cx_stage3,,"[[[34, 610], [53, 610]], [], [true, true]]",
30639,q,a,cx_stage1,,"[[[35, 613], [53, 613]], [], [true, true]]",
30640,q,a,cx_stage3,,"[[[35, 613], [53, 613]], [], [true, true]]",
30641,q,a,p,,"[[[53, 614]], [], [true]]",
30642,q,a,cx_stage1,,"[[[35, 617], [53, 617]], [], [true, true]]",
30643,q,a,cx_stage3,,"[[[35, 617], [53, 617]], [], [true, true]]",
30644,q,a,cx_stage1,,"[[[36, 620], [53, 620]], [], [true, true]]",
30645,q,a,cx_stage3,,"[[[36, 620], [53, 620]], [], [true, true]]",
30646,q,a,p,,"[[[53, 621]], [], [true]]",
30647,q,a,cx_stage1,,"[[[36, 624], [53, 624]], [], [true, true]]",
30648,q,a,cx_stage3,,"[[[36, 624], [53, 624]], [], [true, true]]",
30649,q,a,cx_stage1,,"[[[37, 627], [53, 627]], [], [true, true]]",
30650,q,a,cx_stage3,,"[[[37, 627], [53, 627]], [], [true, true]]",
30651,q,a,p,,"[[[53, 628]], [], [true]]",
30652,q,a,cx_stage1,,"[[[37, 631], [53, 631]], [], [true, true]]",
30653,q,a,cx_stage3,,"[[[37, 631], [53, 631]], [], [true, true]]",
30654,q,a,cx_stage1,,"[[[38, 634], [53, 634]], [], [true, true]]",
30655,q,a,cx_stage3,,"[[[38, 634], [53, 634]], [], [true, true]]",
30656,q,a,p,,"[[[53, 635]], [], [true]]",
30657,q,a,cx_stage1,,"[[[38, 638], [53, 638]], [], [true, true]]",
30658,q,a,cx_stage3,,"[[[38, 638], [53, 638]], [], [true, true]]",
30659,q,a,cx_stage1,,"[[[39, 641], [53, 641]], [], [true, true]]",
30660,q,a,cx_stage3,,"[[[39, 641], [53, 641]], [], [true, true]]",
30661,q,a,p,,"[[[53, 642]], [], [true]]",
30662,q,a,cx_stage1,,"[[[39, 645], [53, 645]], [], [true, true]]",
30663,q,a,cx_stage3,,"[[[39, 645], [53, 645]], [], [true, true]]",
30664,q,a,cx_stage1,,"[[[40, 648], [53, 648]], [], [true, true]]",
30665,q,a,cx_stage3,,"[[[40, 648], [53, 648]], [], [true, true]]",
30666,q,a,p,,"[[[53, 649]], [], [true]]",
30667,q,a,cx_stage1,,"[[[40, 652], [53, 652]], [], [true, true]]",
30668,q,a,cx_stage3,,"[[[40, 652], [53, 652]], [], [true, true]]",
30669,q,a,cx_stage1,,"[[[41, 655], [53, 655]], [], [true, true]]",
30670,q,a,cx_stage3,,"[[[41, 655], [53, 655]], [], [true, true]]",
30671,q,a,p,,"[[[53, 656]], [], [true]]",
30672,q,a,cx_stage1,,"[[[41, 659], [53, 659]], [], [true, true]]",
30673,q,a,cx_stage3,,"[[[41, 659], [53, 659]], [], [true, true]]",
30674,q,a,cx_stage1,,"[[[42, 662], [53, 662]], [], [true, true]]",
30675,q,a,cx_stage3,,"[[[42, 662], [53, 662]], [], [true, true]]",
30676,q,a,p,,"[[[53, 663]], [], [true]]",
30677,q,a,cx_stage1,,"[[[42, 666], [53, 666]], [], [true, true]]",
30678,q,a,cx_stage3,,"[[[42, 666], [53, 666]], [], [true, true]]",
30679,q,a,cx_stage1,,"[[[43, 669], [53, 669]], [], [true, true]]",
30680,q,a,cx_stage3,,"[[[43, 669], [53, 669]], [], [true, true]]",
30681,q,a,p,,"[[[53, 670]], [], [true]]",
30682,q,a,cx_stage1,,"[[[43, 673], [53, 673]], [], [true, true]]",
30683,q,a,cx_stage3,,"[[[43, 673], [53, 673]], [], [true, true]]",
30684,q,a,cx_stage1,,"[[[44, 676], [53, 676]], [], [true, true]]",
30685,q,a,cx_stage3,,"[[[44, 676], [53, 676]], [], [true, true]]",
30686,q,a,p,,"[[[53, 677]], [], [true]]",
30687,q,a,cx_stage1,,"[[[44, 680], [53, 680]], [], [true, true]]",
30688,q,a,cx_stage3,,"[[[44, 680], [53, 680]], [], [true, true]]",
30689,q,a,cx_stage1,,"[[[45, 683], [53, 683]], [], [true, true]]",
30690,q,a,cx_stage3,,"[[[45, 683], [53, 683]], [], [true, true]]",
30691,q,a,p,,"[[[53, 684]], [], [true]]",
30692,q,a,cx_stage1,,"[[[45, 687], [53, 687]], [], [true, true]]",
30693,q,a,cx_stage3,,"[[[45, 687], [53, 687]], [], [true, true]]",
30694,q,a,cx_stage1,,"[[[46, 690], [53, 690]], [], [true, true]]",
30695,q,a,cx_stage3,,"[[[46, 690], [53, 690]], [], [true, true]]",
30696,q,a,p,,"[[[53, 691]], [], [true]]",
30697,q,a,cx_stage1,,"[[[46, 694], [53, 694]], [], [true, true]]",
30698,q,a,cx_stage3,,"[[[46, 694], [53, 694]], [], [true, true]]",
30699,q,a,cx_stage1,,"[[[47, 697], [53, 697]], [], [true, true]]",
30700,q,a,cx_stage3,,"[[[47, 697], [53, 697]], [], [true, true]]",
30701,q,a,p,,"[[[53, 698]], [], [true]]",
30702,q,a,cx_stage1,,"[[[47, 701], [53, 701]], [], [true, true]]",
30703,q,a,cx_stage3,,"[[[47, 701], [53, 701]], [], [true, true]]",
30704,q,a,cx_stage1,,"[[[48, 704], [53, 704]], [], [true, true]]",
30705,q,a,cx_stage3,,"[[[48, 704], [53, 704]], [], [true, true]]",
30706,q,a,p,,"[[[53, 705]], [], [true]]",
30707,q,a,cx_stage1,,"[[[48, 708], [53, 708]], [], [true, true]]",
30708,q,a,cx_stage3,,"[[[48, 708], [53, 708]], [], [true, true]]",
30709,q,a,cx_stage1,,"[[[49, 711], [53, 711]], [], [true, true]]",
30710,q,a,cx_stage3,,"[[[49, 711], [53, 711]], [], [true, true]]",
30711,q,a,p,,"[[[53, 712]], [], [true]]",
30712,q,a,cx_stage1,,"[[[49, 715], [53, 715]], [], [true, true]]",
30713,q,a,cx_stage3,,"[[[49, 715], [53, 715]], [], [true, true]]",
30714,q,a,cx_stage1,,"[[[50, 718], [53, 718]], [], [true, true]]",
30715,q,a,cx_stage3,,"[[[50, 718], [53, 718]], [], [true, true]]",
30716,q,a,p,,"[[[53, 719]], [], [true]]",
30717,q,a,cx_stage1,,"[[[50, 722], [53, 722]], [], [true, true]]",
30718,q,a,cx_stage3,,"[[[50, 722], [53, 722]], [], [true, true]]",
30719,q,a,cx_stage1,,"[[[51, 725], [53, 725]], [], [true, true]]",
30720,q,a,cx_stage3,,"[[[51, 725], [53, 725]], [], [true, true]]",
30721,q,a,p,,"[[[53, 726]], [], [true]]",
30722,q,a,cx_stage1,,"[[[51, 729], [53, 729]], [], [true, true]]",
30723,q,a,cx_stage3,,"[[[51, 729], [53, 729]], [], [true, true]]",
30724,q,a,cx_stage1,,"[[[52, 732], [53, 732]], [], [true, true]]",
30725,q,a,cx_stage3,,"[[[52, 732], [53, 732]], [], [true, true]]",
30726,q,a,p,,"[[[53, 733]], [], [true]]",
30727,q,a,cx_stage1,,"[[[52, 736], [53, 736]], [], [true, true]]",
30728,q,a,cx_stage3,,"[[[52, 736], [53, 736]], [], [true, true]]",
30729,q,a,cx_stage1,,"[[[53, 746], [54, 746]], [], [true, true]]",
30730,q,a,cx_stage2,,"[[[53, 746], [54, 746]], [], [true, true]]",
30731,q,a,cx_stage3,,"[[[53, 746], [54, 746]], [], [true, true]]",
30732,q,a,cx_stage1,,"[[[53, 750], [54, 750]], [], [true, true]]",
30733,q,a,cx_stage2,,"[[[53, 750], [54, 750]], [], [true, true]]",
30734,q,a,cx_stage3,,"[[[53, 750], [54, 750]], [], [true, true]]",
30735,q,a,cx_stage1,,"[[[53, 753], [55, 753]], [], [true, true]]",
30736,q,a,cx_stage2,,"[[[53, 753], [55, 753]], [], [true, true]]",
30737,q,a,cx_stage3,,"[[[53, 753], [55, 753]], [], [true, true]]",
30738,q,a,cx_stage1,,"[[[53, 757], [55, 757]], [], [true, true]]",
30739,q,a,cx_stage2,,"[[[53, 757], [55, 757]], [], [true, true]]",
30740,q,a,cx_stage3,,"[[[53, 757], [55, 757]], [], [true, true]]",
30741,q,a,u2,,"[[[53, 758]], [], [true]]",
30742,q,a,cx_stage1,,"[[[0, 761], [53, 761]], [], [true, true]]",
30743,q,a,cx_stage3,,"[[[0, 761], [53, 761]], [], [true, true]]",
30744,q,a,p,,"[[[53, 762]], [], [true]]",
30745,q,a,cx_stage1,,"[[[0, 765], [53, 765]], [], [true, true]]",
30746,q,a,cx_stage3,,"[[[0, 765], [53, 765]], [], [true, true]]",
30747,q,a,cx_stage1,,"[[[1, 768], [53, 768]], [], [true, true]]",
30748,q,a,cx_stage3,,"[[[1, 768], [53, 768]], [], [true, true]]",
30749,q,a,p,,"[[[53, 769]], [], [true]]",
30750,q,a,cx_stage1,,"[[[1, 772], [53, 772]], [], [true, true]]",
30751,q,a,cx_stage3,,"[[[1, 772], [53, 772]], [], [true, true]]",
30752,q,a,cx_stage1,,"[[[2, 775], [53, 775]], [], [true, true]]",
30753,q,a,cx_stage3,,"[[[2, 775], [53, 775]], [], [true, true]]",
30754,q,a,p,,"[[[53, 776]], [], [true]]",
30755,q,a,cx_stage1,,"[[[2, 779], [53, 779]], [], [true, true]]",
30756,q,a,cx_stage3,,"[[[2, 779], [53, 779]], [], [true, true]]",
30757,q,a,cx_stage1,,"[[[3, 782], [53, 782]], [], [true, true]]",
30758,q,a,cx_stage3,,"[[[3, 782], [53, 782]], [], [true, true]]",
30759,q,a,p,,"[[[53, 783]], [], [true]]",
30760,q,a,cx_stage1,,"[[[3, 786], [53, 786]], [], [true, true]]",
30761,q,a,cx_stage3,,"[[[3, 786], [53, 786]], [], [true, true]]",
30762,q,a,cx_stage1,,"[[[4, 789], [53, 789]], [], [true, true]]",
30763,q,a,cx_stage3,,"[[[4, 789], [53, 789]], [], [true, true]]",
30764,q,a,p,,"[[[53, 790]], [], [true]]",
30765,q,a,cx_stage1,,"[[[4, 793], [53, 793]], [], [true, true]]",
30766,q,a,cx_stage3,,"[[[4, 793], [53, 793]], [], [true, true]]",
30767,q,a,cx_stage1,,"[[[5, 796], [53, 796]], [], [true, true]]",
30768,q,a,cx_stage2,,"[[[5, 796], [53, 796]], [], [true, true]]",
30769,q,a,cx_stage3,,"[[[5, 796], [53, 796]], [], [true, true]]",
30770,q,a,p,,"[[[53, 797]], [], [true]]",
30771,q,a,cx_stage1,,"[[[5, 800], [53, 800]], [], [true, true]]",
30772,q,a,cx_stage2,,"[[[5, 800], [53, 800]], [], [true, true]]",
30773,q,a,cx_stage3,,"[[[5, 800], [53, 800]], [], [true, true]]",
30774,q,a,cx_stage1,,"[[[6, 803], [53, 803]], [], [true, true]]",
30775,q,a,cx_stage2,,"[[[6, 803], [53, 803]], [], [true, true]]",
30776,q,a,cx_stage3,,"[[[6, 803], [53, 803]], [], [true, true]]",
30777,q,a,p,,"[[[53, 804]], [], [true]]",
30778,q,a,cx_stage1,,"[[[6, 807], [53, 807]], [], [true, true]]",
30779,q,a,cx_stage2,,"[[[6, 807], [53, 807]], [], [true, true]]",
30780,q,a,cx_stage3,,"[[[6, 807], [53, 807]], [], [true, true]]",
30781,q,a,cx_stage1,,"[[[7, 810], [53, 810]], [], [true, true]]",
30782,q,a,cx_stage2,,"[[[7, 810], [53, 810]], [], [true, true]]",
30783,q,a,cx_stage3,,"[[[7, 810], [53, 810]], [], [true, true]]",
30784,q,a,p,,"[[[53, 811]], [], [true]]",
30785,q,a,cx_stage1,,"[[[7, 814], [53, 814]], [], [true, true]]",
30786,q,a,cx_stage2,,"[[[7, 814], [53, 814]], [], [true, true]]",
30787,q,a,cx_stage3,,"[[[7, 814], [53, 814]], [], [true, true]]",
30788,q,a,cx_stage1,,"[[[8, 817], [53, 817]], [], [true, true]]",
30789,q,a,cx_stage2,,"[[[8, 817], [53, 817]], [], [true, true]]",
30790,q,a,cx_stage3,,"[[[8, 817], [53, 817]], [], [true, true]]",
30791,q,a,p,,"[[[53, 818]], [], [true]]",
30792,q,a,cx_stage1,,"[[[8, 821], [53, 821]], [], [true, true]]",
30793,q,a,cx_stage2,,"[[[8, 821], [53, 821]], [], [true, true]]",
30794,q,a,cx_stage3,,"[[[8, 821], [53, 821]], [], [true, true]]",
30795,q,a,cx_stage1,,"[[[9, 824], [53, 824]], [], [true, true]]",
30796,q,a,cx_stage2,,"[[[9, 824], [53, 824]], [], [true, true]]",
30797,q,a,cx_stage3,,"[[[9, 824], [53, 824]], [], [true, true]]",
30798,q,a,p,,"[[[53, 825]], [], [true]]",
30799,q,a,cx_stage1,,"[[[9, 828], [53, 828]], [], [true, true]]",
30800,q,a,cx_stage2,,"[[[9, 828], [53, 828]], [], [true, true]]",
30801,q,a,cx_stage3,,"[[[9, 828], [53, 828]], [], [true, true]]",
30802,q,a,cx_stage1,,"[[[10, 831], [53, 831]], [], [true, true]]",
30803,q,a,cx_stage3,,"[[[10, 831], [53, 831]], [], [true, true]]",
30804,q,a,p,,"[[[53, 832]], [], [true]]",
30805,q,a,cx_stage1,,"[[[10, 835], [53, 835]], [], [true, true]]",
30806,q,a,cx_stage3,,"[[[10, 835], [53, 835]], [], [true, true]]",
30807,q,a,cx_stage1,,"[[[11, 838], [53, 838]], [], [true, true]]",
30808,q,a,cx_stage3,,"[[[11, 838], [53, 838]], [], [true, true]]",
30809,q,a,p,,"[[[53, 839]], [], [true]]",
30810,q,a,cx_stage1,,"[[[11, 842], [53, 842]], [], [true, true]]",
30811,q,a,cx_stage3,,"[[[11, 842], [53, 842]], [], [true, true]]",
30812,q,a,cx_stage1,,"[[[12, 845], [53, 845]], [], [true, true]]",
30813,q,a,cx_stage3,,"[[[12, 845], [53, 845]], [], [true, true]]",
30814,q,a,p,,"[[[53, 846]], [], [true]]",
30815,q,a,cx_stage1,,"[[[12, 849], [53, 849]], [], [true, true]]",
30816,q,a,cx_stage3,,"[[[12, 849], [53, 849]], [], [true, true]]",
30817,q,a,cx_stage1,,"[[[13, 852], [53, 852]], [], [true, true]]",
30818,q,a,cx_stage3,,"[[[13, 852], [53, 852]], [], [true, true]]",
30819,q,a,p,,"[[[53, 853]], [], [true]]",
30820,q,a,cx_stage1,,"[[[13, 856], [53, 856]], [], [true, true]]",
30821,q,a,cx_stage3,,"[[[13, 856], [53, 856]], [], [true, true]]",
30822,q,a,cx_stage1,,"[[[14, 859], [53, 859]], [], [true, true]]",
30823,q,a,cx_stage3,,"[[[14, 859], [53, 859]], [], [true, true]]",
30824,q,a,p,,"[[[53, 860]], [], [true]]",
30825,q,a,cx_stage1,,"[[[14, 863], [53, 863]], [], [true, true]]",
30826,q,a,cx_stage3,,"[[[14, 863], [53, 863]], [], [true, true]]",
30827,q,a,cx_stage1,,"[[[15, 866], [53, 866]], [], [true, true]]",
30828,q,a,cx_stage3,,"[[[15, 866], [53, 866]], [], [true, true]]",
30829,q,a,p,,"[[[53, 867]], [], [true]]",
30830,q,a,cx_stage1,,"[[[15, 870], [53, 870]], [], [true, true]]",
30831,q,a,cx_stage3,,"[[[15, 870], [53, 870]], [], [true, true]]",
30832,q,a,cx_stage1,,"[[[16, 873], [53, 873]], [], [true, true]]",
30833,q,a,cx_stage3,,"[[[16, 873], [53, 873]], [], [true, true]]",
30834,q,a,p,,"[[[53, 874]], [], [true]]",
30835,q,a,cx_stage1,,"[[[16, 877], [53, 877]], [], [true, true]]",
30836,q,a,cx_stage3,,"[[[16, 877], [53, 877]], [], [true, true]]",
30837,q,a,cx_stage1,,"[[[17, 880], [53, 880]], [], [true, true]]",
30838,q,a,cx_stage3,,"[[[17, 880], [53, 880]], [], [true, true]]",
30839,q,a,p,,"[[[53, 881]], [], [true]]",
30840,q,a,cx_stage1,,"[[[17, 884], [53, 884]], [], [true, true]]",
30841,q,a,cx_stage3,,"[[[17, 884], [53, 884]], [], [true, true]]",
30842,q,a,cx_stage1,,"[[[18, 887], [53, 887]], [], [true, true]]",
30843,q,a,cx_stage3,,"[[[18, 887], [53, 887]], [], [true, true]]",
30844,q,a,p,,"[[[53, 888]], [], [true]]",
30845,q,a,cx_stage1,,"[[[18, 891], [53, 891]], [], [true, true]]",
30846,q,a,cx_stage3,,"[[[18, 891], [53, 891]], [], [true, true]]",
30847,q,a,cx_stage1,,"[[[19, 894], [53, 894]], [], [true, true]]",
30848,q,a,cx_stage3,,"[[[19, 894], [53, 894]], [], [true, true]]",
30849,q,a,p,,"[[[53, 895]], [], [true]]",
30850,q,a,cx_stage1,,"[[[19, 898], [53, 898]], [], [true, true]]",
30851,q,a,cx_stage3,,"[[[19, 898], [53, 898]], [], [true, true]]",
30852,q,a,cx_stage1,,"[[[20, 901], [53, 901]], [], [true, true]]",
30853,q,a,cx_stage3,,"[[[20, 901], [53, 901]], [], [true, true]]",
30854,q,a,p,,"[[[53, 902]], [], [true]]",
30855,q,a,cx_stage1,,"[[[20, 905], [53, 905]], [], [true, true]]",
30856,q,a,cx_stage3,,"[[[20, 905], [53, 905]], [], [true, true]]",
30857,q,a,cx_stage1,,"[[[21, 908], [53, 908]], [], [true, true]]",
30858,q,a,cx_stage3,,"[[[21, 908], [53, 908]], [], [true, true]]",
30859,q,a,p,,"[[[53, 909]], [], [true]]",
30860,q,a,cx_stage1,,"[[[21, 912], [53, 912]], [], [true, true]]",
30861,q,a,cx_stage3,,"[[[21, 912], [53, 912]], [], [true, true]]",
30862,q,a,cx_stage1,,"[[[22, 915], [53, 915]], [], [true, true]]",
30863,q,a,cx_stage3,,"[[[22, 915], [53, 915]], [], [true, true]]",
30864,q,a,p,,"[[[53, 916]], [], [true]]",
30865,q,a,cx_stage1,,"[[[22, 919], [53, 919]], [], [true, true]]",
30866,q,a,cx_stage3,,"[[[22, 919], [53, 919]], [], [true, true]]",
30867,q,a,cx_stage1,,"[[[23, 922], [53, 922]], [], [true, true]]",
30868,q,a,cx_stage3,,"[[[23, 922], [53, 922]], [], [true, true]]",
30869,q,a,p,,"[[[53, 923]], [], [true]]",
30870,q,a,cx_stage1,,"[[[23, 926], [53, 926]], [], [true, true]]",
30871,q,a,cx_stage3,,"[[[23, 926], [53, 926]], [], [true, true]]",
30872,q,a,cx_stage1,,"[[[24, 929], [53, 929]], [], [true, true]]",
30873,q,a,cx_stage3,,"[[[24, 929], [53, 929]], [], [true, true]]",
30874,q,a,p,,"[[[53, 930]], [], [true]]",
30875,q,a,cx_stage1,,"[[[24, 933], [53, 933]], [], [true, true]]",
30876,q,a,cx_stage3,,"[[[24, 933], [53, 933]], [], [true, true]]",
30877,q,a,cx_stage1,,"[[[25, 936], [53, 936]], [], [true, true]]",
30878,q,a,cx_stage3,,"[[[25, 936], [53, 936]], [], [true, true]]",
30879,q,a,p,,"[[[53, 937]], [], [true]]",
30880,q,a,cx_stage1,,"[[[25, 940], [53, 940]], [], [true, true]]",
30881,q,a,cx_stage3,,"[[[25, 940], [53, 940]], [], [true, true]]",
30882,q,a,cx_stage1,,"[[[26, 943], [53, 943]], [], [true, true]]",
30883,q,a,cx_stage3,,"[[[26, 943], [53, 943]], [], [true, true]]",
30884,q,a,p,,"[[[53, 944]], [], [true]]",
30885,q,a,cx_stage1,,"[[[26, 947], [53, 947]], [], [true, true]]",
30886,q,a,cx_stage3,,"[[[26, 947], [53, 947]], [], [true, true]]",
30887,q,a,cx_stage1,,"[[[27, 950], [53, 950]], [], [true, true]]",
30888,q,a,cx_stage3,,"[[[27, 950], [53, 950]], [], [true, true]]",
30889,q,a,p,,"[[[53, 951]], [], [true]]",
30890,q,a,cx_stage1,,"[[[27, 954], [53, 954]], [], [true, true]]",
30891,q,a,cx_stage3,,"[[[27, 954], [53, 954]], [], [true, true]]",
30892,q,a,cx_stage1,,"[[[28, 957], [53, 957]], [], [true, true]]",
30893,q,a,cx_stage3,,"[[[28, 957], [53, 957]], [], [true, true]]",
30894,q,a,p,,"[[[53, 958]], [], [true]]",
30895,q,a,cx_stage1,,"[[[28, 961], [53, 961]], [], [true, true]]",
30896,q,a,cx_stage3,,"[[[28, 961], [53, 961]], [], [true, true]]",
30897,q,a,cx_stage1,,"[[[29, 964], [53, 964]], [], [true, true]]",
30898,q,a,cx_stage3,,"[[[29, 964], [53, 964]], [], [true, true]]",
30899,q,a,p,,"[[[53, 965]], [], [true]]",
30900,q,a,cx_stage1,,"[[[29, 968], [53, 968]], [], [true, true]]",
30901,q,a,cx_stage3,,"[[[29, 968], [53, 968]], [], [true, true]]",
30902,q,a,cx_stage1,,"[[[30, 971], [53, 971]], [], [true, true]]",
30903,q,a,cx_stage3,,"[[[30, 971], [53, 971]], [], [true, true]]",
30904,q,a,p,,"[[[53, 972]], [], [true]]",
30905,q,a,cx_stage1,,"[[[30, 975], [53, 975]], [], [true, true]]",
30906,q,a,cx_stage3,,"[[[30, 975], [53, 975]], [], [true, true]]",
30907,q,a,cx_stage1,,"[[[31, 978], [53, 978]], [], [true, true]]",
30908,q,a,cx_stage3,,"[[[31, 978], [53, 978]], [], [true, true]]",
30909,q,a,p,,"[[[53, 979]], [], [true]]",
30910,q,a,cx_stage1,,"[[[31, 982], [53, 982]], [], [true, true]]",
30911,q,a,cx_stage3,,"[[[31, 982], [53, 982]], [], [true, true]]",
30912,q,a,cx_stage1,,"[[[32, 985], [53, 985]], [], [true, true]]",
30913,q,a,cx_stage3,,"[[[32, 985], [53, 985]], [], [true, true]]",
30914,q,a,p,,"[[[53, 986]], [], [true]]",
30915,q,a,cx_stage1,,"[[[32, 989], [53, 989]], [], [true, true]]",
30916,q,a,cx_stage3,,"[[[32, 989], [53, 989]], [], [true, true]]",
30917,q,a,cx_stage1,,"[[[33, 992], [53, 992]], [], [true, true]]",
30918,q,a,cx_stage3,,"[[[33, 992], [53, 992]], [], [true, true]]",
30919,q,a,p,,"[[[53, 993]], [], [true]]",
30920,q,a,cx_stage1,,"[[[33, 996], [53, 996]], [], [true, true]]",
30921,q,a,cx_stage3,,"[[[33, 996], [53, 996]], [], [true, true]]",
30922,q,a,cx_stage1,,"[[[34, 999], [53, 999]], [], [true, true]]",
30923,q,a,cx_stage3,,"[[[34, 999], [53, 999]], [], [true, true]]",
30924,q,a,u2,,"[[[54, 1]], [], [true]]",
30925,q,a,cx_stage1,,"[[[0, 375], [54, 375]], [], [true, true]]",
30926,q,a,cx_stage1,,"[[[33, 1003], [54, 1003]], [], [true, true]]",
30927,q,a,p,,"[[[54, 1000]], [], [true]]",
30928,q,a,cx_stage3,,"[[[33, 1003], [54, 1003]], [], [true, true]]",
30929,q,a,cx_stage1,,"[[[34, 1006], [54, 1006]], [], [true, true]]",
30930,q,a,cx_stage3,,"[[[34, 1006], [54, 1006]], [], [true, true]]",
30931,q,a,p,,"[[[54, 1007]], [], [true]]",
30932,q,a,cx_stage1,,"[[[34, 1010], [54, 1010]], [], [true, true]]",
30933,q,a,cx_stage3,,"[[[34, 1010], [54, 1010]], [], [true, true]]",
30934,q,a,cx_stage1,,"[[[35, 1013], [54, 1013]], [], [true, true]]",
30935,q,a,cx_stage3,,"[[[35, 1013], [54, 1013]], [], [true, true]]",
30936,q,a,p,,"[[[54, 1014]], [], [true]]",
30937,q,a,cx_stage1,,"[[[35, 1017], [54, 1017]], [], [true, true]]",
30938,q,a,cx_stage3,,"[[[35, 1017], [54, 1017]], [], [true, true]]",
30939,q,a,cx_stage1,,"[[[36, 1020], [54, 1020]], [], [true, true]]",
30940,q,a,cx_stage3,,"[[[36, 1020], [54, 1020]], [], [true, true]]",
30941,q,a,p,,"[[[54, 1021]], [], [true]]",
30942,q,a,cx_stage1,,"[[[36, 1024], [54, 1024]], [], [true, true]]",
30943,q,a,cx_stage3,,"[[[36, 1024], [54, 1024]], [], [true, true]]",
30944,q,a,cx_stage1,,"[[[37, 1027], [54, 1027]], [], [true, true]]",
30945,q,a,cx_stage3,,"[[[37, 1027], [54, 1027]], [], [true, true]]",
30946,q,a,p,,"[[[54, 1028]], [], [true]]",
30947,q,a,cx_stage1,,"[[[37, 1031], [54, 1031]], [], [true, true]]",
30948,q,a,cx_stage3,,"[[[37, 1031], [54, 1031]], [], [true, true]]",
30949,q,a,cx_stage1,,"[[[38, 1034], [54, 1034]], [], [true, true]]",
30950,q,a,cx_stage3,,"[[[38, 1034], [54, 1034]], [], [true, true]]",
30951,q,a,p,,"[[[54, 1035]], [], [true]]",
30952,q,a,cx_stage1,,"[[[38, 1038], [54, 1038]], [], [true, true]]",
30953,q,a,cx_stage3,,"[[[38, 1038], [54, 1038]], [], [true, true]]",
30954,q,a,cx_stage1,,"[[[39, 1041], [54, 1041]], [], [true, true]]",
30955,q,a,cx_stage3,,"[[[39, 1041], [54, 1041]], [], [true, true]]",
30956,q,a,p,,"[[[54, 1042]], [], [true]]",
30957,q,a,cx_stage1,,"[[[39, 1045], [54, 1045]], [], [true, true]]",
30958,q,a,cx_stage3,,"[[[39, 1045], [54, 1045]], [], [true, true]]",
30959,q,a,cx_stage1,,"[[[40, 1048], [54, 1048]], [], [true, true]]",
30960,q,a,cx_stage3,,"[[[40, 1048], [54, 1048]], [], [true, true]]",
30961,q,a,p,,"[[[54, 1049]], [], [true]]",
30962,q,a,cx_stage1,,"[[[40, 1052], [54, 1052]], [], [true, true]]",
30963,q,a,cx_stage3,,"[[[40, 1052], [54, 1052]], [], [true, true]]",
30964,q,a,cx_stage1,,"[[[41, 1055], [54, 1055]], [], [true, true]]",
30965,q,a,cx_stage3,,"[[[41, 1055], [54, 1055]], [], [true, true]]",
30966,q,a,p,,"[[[54, 1056]], [], [true]]",
30967,q,a,cx_stage1,,"[[[41, 1059], [54, 1059]], [], [true, true]]",
30968,q,a,cx_stage3,,"[[[41, 1059], [54, 1059]], [], [true, true]]",
30969,q,a,cx_stage1,,"[[[42, 1062], [54, 1062]], [], [true, true]]",
30970,q,a,cx_stage3,,"[[[42, 1062], [54, 1062]], [], [true, true]]",
30971,q,a,p,,"[[[54, 1063]], [], [true]]",
30972,q,a,cx_stage1,,"[[[42, 1066], [54, 1066]], [], [true, true]]",
30973,q,a,cx_stage3,,"[[[42, 1066], [54, 1066]], [], [true, true]]",
30974,q,a,cx_stage1,,"[[[43, 1069], [54, 1069]], [], [true, true]]",
30975,q,a,cx_stage3,,"[[[43, 1069], [54, 1069]], [], [true, true]]",
30976,q,a,p,,"[[[54, 1070]], [], [true]]",
30977,q,a,cx_stage1,,"[[[43, 1073], [54, 1073]], [], [true, true]]",
30978,q,a,cx_stage3,,"[[[43, 1073], [54, 1073]], [], [true, true]]",
30979,q,a,cx_stage1,,"[[[44, 1076], [54, 1076]], [], [true, true]]",
30980,q,a,cx_stage3,,"[[[44, 1076], [54, 1076]], [], [true, true]]",
30981,q,a,p,,"[[[54, 1077]], [], [true]]",
30982,q,a,cx_stage1,,"[[[44, 1080], [54, 1080]], [], [true, true]]",
30983,q,a,cx_stage3,,"[[[44, 1080], [54, 1080]], [], [true, true]]",
30984,q,a,cx_stage1,,"[[[45, 1083], [54, 1083]], [], [true, true]]",
30985,q,a,cx_stage3,,"[[[45, 1083], [54, 1083]], [], [true, true]]",
30986,q,a,p,,"[[[54, 1084]], [], [true]]",
30987,q,a,cx_stage1,,"[[[45, 1087], [54, 1087]], [], [true, true]]",
30988,q,a,cx_stage3,,"[[[45, 1087], [54, 1087]], [], [true, true]]",
30989,q,a,cx_stage1,,"[[[46, 1090], [54, 1090]], [], [true, true]]",
30990,q,a,cx_stage3,,"[[[46, 1090], [54, 1090]], [], [true, true]]",
30991,q,a,p,,"[[[54, 1091]], [], [true]]",
30992,q,a,cx_stage1,,"[[[46, 1094], [54, 1094]], [], [true, true]]",
30993,q,a,cx_stage3,,"[[[46, 1094], [54, 1094]], [], [true, true]]",
30994,q,a,cx_stage1,,"[[[47, 1097], [54, 1097]], [], [true, true]]",
30995,q,a,cx_stage3,,"[[[47, 1097], [54, 1097]], [], [true, true]]",
30996,q,a,p,,"[[[54, 1098]], [], [true]]",
30997,q,a,cx_stage1,,"[[[47, 1101], [54, 1101]], [], [true, true]]",
30998,q,a,cx_stage3,,"[[[47, 1101], [54, 1101]], [], [true, true]]",
30999,q,a,cx_stage1,,"[[[48, 1104], [54, 1104]], [], [true, true]]",
31000,q,a,cx_stage3,,"[[[48, 1104], [54, 1104]], [], [true, true]]",
31001,q,a,p,,"[[[54, 1105]], [], [true]]",
31002,q,a,cx_stage1,,"[[[48, 1108], [54, 1108]], [], [true, true]]",
31003,q,a,cx_stage3,,"[[[48, 1108], [54, 1108]], [], [true, true]]",
31004,q,a,cx_stage1,,"[[[49, 1111], [54, 1111]], [], [true, true]]",
31005,q,a,cx_stage3,,"[[[49, 1111], [54, 1111]], [], [true, true]]",
31006,q,a,p,,"[[[54, 1112]], [], [true]]",
31007,q,a,cx_stage1,,"[[[49, 1115], [54, 1115]], [], [true, true]]",
31008,q,a,cx_stage3,,"[[[49, 1115], [54, 1115]], [], [true, true]]",
31009,q,a,cx_stage1,,"[[[50, 1118], [54, 1118]], [], [true, true]]",
31010,q,a,cx_stage3,,"[[[50, 1118], [54, 1118]], [], [true, true]]",
31011,q,a,p,,"[[[54, 1119]], [], [true]]",
31012,q,a,cx_stage1,,"[[[50, 1122], [54, 1122]], [], [true, true]]",
31013,q,a,cx_stage3,,"[[[50, 1122], [54, 1122]], [], [true, true]]",
31014,q,a,cx_stage1,,"[[[51, 1125], [54, 1125]], [], [true, true]]",
31015,q,a,cx_stage3,,"[[[51, 1125], [54, 1125]], [], [true, true]]",
31016,q,a,p,,"[[[54, 1126]], [], [true]]",
31017,q,a,cx_stage1,,"[[[51, 1129], [54, 1129]], [], [true, true]]",
31018,q,a,cx_stage3,,"[[[51, 1129], [54, 1129]], [], [true, true]]",
31019,q,a,cx_stage1,,"[[[52, 1132], [54, 1132]], [], [true, true]]",
31020,q,a,cx_stage3,,"[[[52, 1132], [54, 1132]], [], [true, true]]",
31021,q,a,p,,"[[[54, 1133]], [], [true]]",
31022,q,a,cx_stage1,,"[[[52, 1136], [54, 1136]], [], [true, true]]",
31023,q,a,cx_stage3,,"[[[52, 1136], [54, 1136]], [], [true, true]]",
31024,q,a,cx_stage1,,"[[[53, 1139], [54, 1139]], [], [true, true]]",
31025,q,a,cx_stage3,,"[[[53, 1139], [54, 1139]], [], [true, true]]",
31026,q,a,p,,"[[[54, 1140]], [], [true]]",
31027,q,a,cx_stage1,,"[[[53, 1143], [54, 1143]], [], [true, true]]",
31028,q,a,cx_stage3,,"[[[53, 1143], [54, 1143]], [], [true, true]]",
31029,q,a,cx_stage1,,"[[[54, 1153], [55, 1153]], [], [true, true]]",
31030,q,a,cx_stage2,,"[[[54, 1153], [55, 1153]], [], [true, true]]",
31031,q,a,cx_stage3,,"[[[54, 1153], [55, 1153]], [], [true, true]]",
31032,q,a,cx_stage1,,"[[[54, 1157], [55, 1157]], [], [true, true]]",
31033,q,a,cx_stage2,,"[[[54, 1157], [55, 1157]], [], [true, true]]",
31034,q,a,cx_stage3,,"[[[54, 1157], [55, 1157]], [], [true, true]]",
31035,q,a,ry,,"[[[54, 1158]], [], [true]]",
31036,q,a,cx_stage1,,"[[[54, 1161], [55, 1161]], [], [true, true]]",
31037,q,a,cx_stage2,,"[[[54, 1161], [55, 1161]], [], [true, true]]",
31038,q,a,cx_stage3,,"[[[54, 1161], [55, 1161]], [], [true, true]]",
31039,q,a,cx_stage1,,"[[[53, 1164], [54, 1164]], [], [true, true]]",
31040,q,a,cx_stage3,,"[[[53, 1164], [54, 1164]], [], [true, true]]",
31041,q,a,ry,,"[[[54, 1165]], [], [true]]",
31042,q,a,cx_stage3,,"[[[0, 375], [54, 375]], [], [true, true]]",
31043,q,a,p,,"[[[54, 376]], [], [true]]",
31044,q,a,cx_stage1,,"[[[0, 379], [54, 379]], [], [true, true]]",
31045,q,a,cx_stage3,,"[[[0, 379], [54, 379]], [], [true, true]]",
31046,q,a,cx_stage1,,"[[[1, 382], [54, 382]], [], [true, true]]",
31047,q,a,cx_stage3,,"[[[1, 382], [54, 382]], [], [true, true]]",
31048,q,a,p,,"[[[54, 383]], [], [true]]",
31049,q,a,cx_stage1,,"[[[1, 386], [54, 386]], [], [true, true]]",
31050,q,a,cx_stage3,,"[[[1, 386], [54, 386]], [], [true, true]]",
31051,q,a,cx_stage1,,"[[[2, 389], [54, 389]], [], [true, true]]",
31052,q,a,cx_stage3,,"[[[2, 389], [54, 389]], [], [true, true]]",
31053,q,a,p,,"[[[54, 390]], [], [true]]",
31054,q,a,cx_stage1,,"[[[2, 393], [54, 393]], [], [true, true]]",
31055,q,a,cx_stage3,,"[[[2, 393], [54, 393]], [], [true, true]]",
31056,q,a,cx_stage1,,"[[[3, 396], [54, 396]], [], [true, true]]",
31057,q,a,cx_stage3,,"[[[3, 396], [54, 396]], [], [true, true]]",
31058,q,a,p,,"[[[54, 397]], [], [true]]",
31059,q,a,cx_stage1,,"[[[3, 400], [54, 400]], [], [true, true]]",
31060,q,a,cx_stage3,,"[[[3, 400], [54, 400]], [], [true, true]]",
31061,q,a,cx_stage1,,"[[[4, 403], [54, 403]], [], [true, true]]",
31062,q,a,cx_stage3,,"[[[4, 403], [54, 403]], [], [true, true]]",
31063,q,a,p,,"[[[54, 404]], [], [true]]",
31064,q,a,cx_stage1,,"[[[4, 407], [54, 407]], [], [true, true]]",
31065,q,a,cx_stage3,,"[[[4, 407], [54, 407]], [], [true, true]]",
31066,q,a,cx_stage1,,"[[[5, 410], [54, 410]], [], [true, true]]",
31067,q,a,cx_stage2,,"[[[5, 410], [54, 410]], [], [true, true]]",
31068,q,a,cx_stage3,,"[[[5, 410], [54, 410]], [], [true, true]]",
31069,q,a,p,,"[[[54, 411]], [], [true]]",
31070,q,a,cx_stage1,,"[[[5, 414], [54, 414]], [], [true, true]]",
31071,q,a,cx_stage2,,"[[[5, 414], [54, 414]], [], [true, true]]",
31072,q,a,cx_stage3,,"[[[5, 414], [54, 414]], [], [true, true]]",
31073,q,a,cx_stage1,,"[[[6, 417], [54, 417]], [], [true, true]]",
31074,q,a,cx_stage2,,"[[[6, 417], [54, 417]], [], [true, true]]",
31075,q,a,cx_stage3,,"[[[6, 417], [54, 417]], [], [true, true]]",
31076,q,a,p,,"[[[54, 418]], [], [true]]",
31077,q,a,cx_stage1,,"[[[6, 421], [54, 421]], [], [true, true]]",
31078,q,a,cx_stage2,,"[[[6, 421], [54, 421]], [], [true, true]]",
31079,q,a,cx_stage3,,"[[[6, 421], [54, 421]], [], [true, true]]",
31080,q,a,cx_stage1,,"[[[7, 424], [54, 424]], [], [true, true]]",
31081,q,a,cx_stage2,,"[[[7, 424], [54, 424]], [], [true, true]]",
31082,q,a,cx_stage3,,"[[[7, 424], [54, 424]], [], [true, true]]",
31083,q,a,p,,"[[[54, 425]], [], [true]]",
31084,q,a,cx_stage1,,"[[[7, 428], [54, 428]], [], [true, true]]",
31085,q,a,cx_stage2,,"[[[7, 428], [54, 428]], [], [true, true]]",
31086,q,a,cx_stage3,,"[[[7, 428], [54, 428]], [], [true, true]]",
31087,q,a,cx_stage1,,"[[[8, 431], [54, 431]], [], [true, true]]",
31088,q,a,cx_stage2,,"[[[8, 431], [54, 431]], [], [true, true]]",
31089,q,a,cx_stage3,,"[[[8, 431], [54, 431]], [], [true, true]]",
31090,q,a,p,,"[[[54, 432]], [], [true]]",
31091,q,a,cx_stage1,,"[[[8, 435], [54, 435]], [], [true, true]]",
31092,q,a,cx_stage2,,"[[[8, 435], [54, 435]], [], [true, true]]",
31093,q,a,cx_stage3,,"[[[8, 435], [54, 435]], [], [true, true]]",
31094,q,a,cx_stage1,,"[[[9, 438], [54, 438]], [], [true, true]]",
31095,q,a,cx_stage2,,"[[[9, 438], [54, 438]], [], [true, true]]",
31096,q,a,cx_stage3,,"[[[9, 438], [54, 438]], [], [true, true]]",
31097,q,a,p,,"[[[54, 439]], [], [true]]",
31098,q,a,cx_stage1,,"[[[9, 442], [54, 442]], [], [true, true]]",
31099,q,a,cx_stage2,,"[[[9, 442], [54, 442]], [], [true, true]]",
31100,q,a,cx_stage3,,"[[[9, 442], [54, 442]], [], [true, true]]",
31101,q,a,cx_stage1,,"[[[10, 445], [54, 445]], [], [true, true]]",
31102,q,a,cx_stage3,,"[[[10, 445], [54, 445]], [], [true, true]]",
31103,q,a,p,,"[[[54, 446]], [], [true]]",
31104,q,a,cx_stage1,,"[[[10, 449], [54, 449]], [], [true, true]]",
31105,q,a,cx_stage3,,"[[[10, 449], [54, 449]], [], [true, true]]",
31106,q,a,cx_stage1,,"[[[11, 452], [54, 452]], [], [true, true]]",
31107,q,a,cx_stage3,,"[[[11, 452], [54, 452]], [], [true, true]]",
31108,q,a,p,,"[[[54, 453]], [], [true]]",
31109,q,a,cx_stage1,,"[[[11, 456], [54, 456]], [], [true, true]]",
31110,q,a,cx_stage3,,"[[[11, 456], [54, 456]], [], [true, true]]",
31111,q,a,cx_stage1,,"[[[12, 459], [54, 459]], [], [true, true]]",
31112,q,a,cx_stage3,,"[[[12, 459], [54, 459]], [], [true, true]]",
31113,q,a,p,,"[[[54, 460]], [], [true]]",
31114,q,a,cx_stage1,,"[[[12, 463], [54, 463]], [], [true, true]]",
31115,q,a,cx_stage3,,"[[[12, 463], [54, 463]], [], [true, true]]",
31116,q,a,cx_stage1,,"[[[13, 466], [54, 466]], [], [true, true]]",
31117,q,a,cx_stage3,,"[[[13, 466], [54, 466]], [], [true, true]]",
31118,q,a,p,,"[[[54, 467]], [], [true]]",
31119,q,a,cx_stage1,,"[[[13, 470], [54, 470]], [], [true, true]]",
31120,q,a,cx_stage3,,"[[[13, 470], [54, 470]], [], [true, true]]",
31121,q,a,cx_stage1,,"[[[14, 473], [54, 473]], [], [true, true]]",
31122,q,a,cx_stage3,,"[[[14, 473], [54, 473]], [], [true, true]]",
31123,q,a,p,,"[[[54, 474]], [], [true]]",
31124,q,a,cx_stage1,,"[[[14, 477], [54, 477]], [], [true, true]]",
31125,q,a,cx_stage3,,"[[[14, 477], [54, 477]], [], [true, true]]",
31126,q,a,cx_stage1,,"[[[15, 480], [54, 480]], [], [true, true]]",
31127,q,a,cx_stage3,,"[[[15, 480], [54, 480]], [], [true, true]]",
31128,q,a,p,,"[[[54, 481]], [], [true]]",
31129,q,a,cx_stage1,,"[[[15, 484], [54, 484]], [], [true, true]]",
31130,q,a,cx_stage3,,"[[[15, 484], [54, 484]], [], [true, true]]",
31131,q,a,cx_stage1,,"[[[16, 487], [54, 487]], [], [true, true]]",
31132,q,a,cx_stage3,,"[[[16, 487], [54, 487]], [], [true, true]]",
31133,q,a,p,,"[[[54, 488]], [], [true]]",
31134,q,a,cx_stage1,,"[[[16, 491], [54, 491]], [], [true, true]]",
31135,q,a,cx_stage3,,"[[[16, 491], [54, 491]], [], [true, true]]",
31136,q,a,cx_stage1,,"[[[17, 494], [54, 494]], [], [true, true]]",
31137,q,a,cx_stage3,,"[[[17, 494], [54, 494]], [], [true, true]]",
31138,q,a,p,,"[[[54, 495]], [], [true]]",
31139,q,a,cx_stage1,,"[[[17, 498], [54, 498]], [], [true, true]]",
31140,q,a,cx_stage3,,"[[[17, 498], [54, 498]], [], [true, true]]",
31141,q,a,cx_stage1,,"[[[18, 501], [54, 501]], [], [true, true]]",
31142,q,a,cx_stage3,,"[[[18, 501], [54, 501]], [], [true, true]]",
31143,q,a,p,,"[[[54, 502]], [], [true]]",
31144,q,a,cx_stage1,,"[[[18, 505], [54, 505]], [], [true, true]]",
31145,q,a,cx_stage3,,"[[[18, 505], [54, 505]], [], [true, true]]",
31146,q,a,cx_stage1,,"[[[19, 508], [54, 508]], [], [true, true]]",
31147,q,a,cx_stage3,,"[[[19, 508], [54, 508]], [], [true, true]]",
31148,q,a,p,,"[[[54, 509]], [], [true]]",
31149,q,a,cx_stage1,,"[[[19, 512], [54, 512]], [], [true, true]]",
31150,q,a,cx_stage3,,"[[[19, 512], [54, 512]], [], [true, true]]",
31151,q,a,cx_stage1,,"[[[20, 515], [54, 515]], [], [true, true]]",
31152,q,a,cx_stage3,,"[[[20, 515], [54, 515]], [], [true, true]]",
31153,q,a,p,,"[[[54, 516]], [], [true]]",
31154,q,a,cx_stage1,,"[[[20, 519], [54, 519]], [], [true, true]]",
31155,q,a,cx_stage3,,"[[[20, 519], [54, 519]], [], [true, true]]",
31156,q,a,cx_stage1,,"[[[21, 522], [54, 522]], [], [true, true]]",
31157,q,a,cx_stage3,,"[[[21, 522], [54, 522]], [], [true, true]]",
31158,q,a,p,,"[[[54, 523]], [], [true]]",
31159,q,a,cx_stage1,,"[[[21, 526], [54, 526]], [], [true, true]]",
31160,q,a,cx_stage3,,"[[[21, 526], [54, 526]], [], [true, true]]",
31161,q,a,cx_stage1,,"[[[22, 529], [54, 529]], [], [true, true]]",
31162,q,a,cx_stage3,,"[[[22, 529], [54, 529]], [], [true, true]]",
31163,q,a,p,,"[[[54, 530]], [], [true]]",
31164,q,a,cx_stage1,,"[[[22, 533], [54, 533]], [], [true, true]]",
31165,q,a,cx_stage3,,"[[[22, 533], [54, 533]], [], [true, true]]",
31166,q,a,cx_stage1,,"[[[23, 536], [54, 536]], [], [true, true]]",
31167,q,a,cx_stage3,,"[[[23, 536], [54, 536]], [], [true, true]]",
31168,q,a,p,,"[[[54, 537]], [], [true]]",
31169,q,a,cx_stage1,,"[[[23, 540], [54, 540]], [], [true, true]]",
31170,q,a,cx_stage3,,"[[[23, 540], [54, 540]], [], [true, true]]",
31171,q,a,cx_stage1,,"[[[24, 543], [54, 543]], [], [true, true]]",
31172,q,a,cx_stage3,,"[[[24, 543], [54, 543]], [], [true, true]]",
31173,q,a,p,,"[[[54, 544]], [], [true]]",
31174,q,a,cx_stage1,,"[[[24, 547], [54, 547]], [], [true, true]]",
31175,q,a,cx_stage3,,"[[[24, 547], [54, 547]], [], [true, true]]",
31176,q,a,cx_stage1,,"[[[25, 550], [54, 550]], [], [true, true]]",
31177,q,a,cx_stage3,,"[[[25, 550], [54, 550]], [], [true, true]]",
31178,q,a,p,,"[[[54, 551]], [], [true]]",
31179,q,a,cx_stage1,,"[[[25, 554], [54, 554]], [], [true, true]]",
31180,q,a,cx_stage3,,"[[[25, 554], [54, 554]], [], [true, true]]",
31181,q,a,cx_stage1,,"[[[26, 557], [54, 557]], [], [true, true]]",
31182,q,a,cx_stage3,,"[[[26, 557], [54, 557]], [], [true, true]]",
31183,q,a,p,,"[[[54, 558]], [], [true]]",
31184,q,a,cx_stage1,,"[[[26, 561], [54, 561]], [], [true, true]]",
31185,q,a,cx_stage3,,"[[[26, 561], [54, 561]], [], [true, true]]",
31186,q,a,cx_stage1,,"[[[27, 564], [54, 564]], [], [true, true]]",
31187,q,a,cx_stage3,,"[[[27, 564], [54, 564]], [], [true, true]]",
31188,q,a,p,,"[[[54, 565]], [], [true]]",
31189,q,a,cx_stage1,,"[[[27, 568], [54, 568]], [], [true, true]]",
31190,q,a,cx_stage3,,"[[[27, 568], [54, 568]], [], [true, true]]",
31191,q,a,cx_stage1,,"[[[28, 571], [54, 571]], [], [true, true]]",
31192,q,a,cx_stage3,,"[[[28, 571], [54, 571]], [], [true, true]]",
31193,q,a,p,,"[[[54, 572]], [], [true]]",
31194,q,a,cx_stage1,,"[[[28, 575], [54, 575]], [], [true, true]]",
31195,q,a,cx_stage3,,"[[[28, 575], [54, 575]], [], [true, true]]",
31196,q,a,cx_stage1,,"[[[29, 578], [54, 578]], [], [true, true]]",
31197,q,a,cx_stage3,,"[[[29, 578], [54, 578]], [], [true, true]]",
31198,q,a,p,,"[[[54, 579]], [], [true]]",
31199,q,a,cx_stage1,,"[[[29, 582], [54, 582]], [], [true, true]]",
31200,q,a,cx_stage3,,"[[[29, 582], [54, 582]], [], [true, true]]",
31201,q,a,cx_stage1,,"[[[30, 585], [54, 585]], [], [true, true]]",
31202,q,a,cx_stage3,,"[[[30, 585], [54, 585]], [], [true, true]]",
31203,q,a,p,,"[[[54, 586]], [], [true]]",
31204,q,a,cx_stage1,,"[[[30, 589], [54, 589]], [], [true, true]]",
31205,q,a,cx_stage3,,"[[[30, 589], [54, 589]], [], [true, true]]",
31206,q,a,cx_stage1,,"[[[31, 592], [54, 592]], [], [true, true]]",
31207,q,a,cx_stage3,,"[[[31, 592], [54, 592]], [], [true, true]]",
31208,q,a,p,,"[[[54, 593]], [], [true]]",
31209,q,a,cx_stage1,,"[[[31, 596], [54, 596]], [], [true, true]]",
31210,q,a,cx_stage3,,"[[[31, 596], [54, 596]], [], [true, true]]",
31211,q,a,cx_stage1,,"[[[32, 599], [54, 599]], [], [true, true]]",
31212,q,a,cx_stage3,,"[[[32, 599], [54, 599]], [], [true, true]]",
31213,q,a,p,,"[[[54, 600]], [], [true]]",
31214,q,a,cx_stage1,,"[[[32, 603], [54, 603]], [], [true, true]]",
31215,q,a,cx_stage3,,"[[[32, 603], [54, 603]], [], [true, true]]",
31216,q,a,cx_stage1,,"[[[33, 606], [54, 606]], [], [true, true]]",
31217,q,a,cx_stage3,,"[[[33, 606], [54, 606]], [], [true, true]]",
31218,q,a,p,,"[[[54, 607]], [], [true]]",
31219,q,a,cx_stage1,,"[[[33, 610], [54, 610]], [], [true, true]]",
31220,q,a,cx_stage3,,"[[[33, 610], [54, 610]], [], [true, true]]",
31221,q,a,cx_stage1,,"[[[34, 613], [54, 613]], [], [true, true]]",
31222,q,a,cx_stage3,,"[[[34, 613], [54, 613]], [], [true, true]]",
31223,q,a,p,,"[[[54, 614]], [], [true]]",
31224,q,a,cx_stage1,,"[[[34, 617], [54, 617]], [], [true, true]]",
31225,q,a,cx_stage3,,"[[[34, 617], [54, 617]], [], [true, true]]",
31226,q,a,cx_stage1,,"[[[35, 620], [54, 620]], [], [true, true]]",
31227,q,a,cx_stage3,,"[[[35, 620], [54, 620]], [], [true, true]]",
31228,q,a,p,,"[[[54, 621]], [], [true]]",
31229,q,a,cx_stage1,,"[[[35, 624], [54, 624]], [], [true, true]]",
31230,q,a,cx_stage3,,"[[[35, 624], [54, 624]], [], [true, true]]",
31231,q,a,cx_stage1,,"[[[36, 627], [54, 627]], [], [true, true]]",
31232,q,a,cx_stage3,,"[[[36, 627], [54, 627]], [], [true, true]]",
31233,q,a,p,,"[[[54, 628]], [], [true]]",
31234,q,a,cx_stage1,,"[[[36, 631], [54, 631]], [], [true, true]]",
31235,q,a,cx_stage3,,"[[[36, 631], [54, 631]], [], [true, true]]",
31236,q,a,cx_stage1,,"[[[37, 634], [54, 634]], [], [true, true]]",
31237,q,a,cx_stage3,,"[[[37, 634], [54, 634]], [], [true, true]]",
31238,q,a,p,,"[[[54, 635]], [], [true]]",
31239,q,a,cx_stage1,,"[[[37, 638], [54, 638]], [], [true, true]]",
31240,q,a,cx_stage3,,"[[[37, 638], [54, 638]], [], [true, true]]",
31241,q,a,cx_stage1,,"[[[38, 641], [54, 641]], [], [true, true]]",
31242,q,a,cx_stage3,,"[[[38, 641], [54, 641]], [], [true, true]]",
31243,q,a,p,,"[[[54, 642]], [], [true]]",
31244,q,a,cx_stage1,,"[[[38, 645], [54, 645]], [], [true, true]]",
31245,q,a,cx_stage3,,"[[[38, 645], [54, 645]], [], [true, true]]",
31246,q,a,cx_stage1,,"[[[39, 648], [54, 648]], [], [true, true]]",
31247,q,a,cx_stage3,,"[[[39, 648], [54, 648]], [], [true, true]]",
31248,q,a,p,,"[[[54, 649]], [], [true]]",
31249,q,a,cx_stage1,,"[[[39, 652], [54, 652]], [], [true, true]]",
31250,q,a,cx_stage3,,"[[[39, 652], [54, 652]], [], [true, true]]",
31251,q,a,cx_stage1,,"[[[40, 655], [54, 655]], [], [true, true]]",
31252,q,a,cx_stage3,,"[[[40, 655], [54, 655]], [], [true, true]]",
31253,q,a,p,,"[[[54, 656]], [], [true]]",
31254,q,a,cx_stage1,,"[[[40, 659], [54, 659]], [], [true, true]]",
31255,q,a,cx_stage3,,"[[[40, 659], [54, 659]], [], [true, true]]",
31256,q,a,cx_stage1,,"[[[41, 662], [54, 662]], [], [true, true]]",
31257,q,a,cx_stage3,,"[[[41, 662], [54, 662]], [], [true, true]]",
31258,q,a,p,,"[[[54, 663]], [], [true]]",
31259,q,a,cx_stage1,,"[[[41, 666], [54, 666]], [], [true, true]]",
31260,q,a,cx_stage3,,"[[[41, 666], [54, 666]], [], [true, true]]",
31261,q,a,cx_stage1,,"[[[42, 669], [54, 669]], [], [true, true]]",
31262,q,a,cx_stage3,,"[[[42, 669], [54, 669]], [], [true, true]]",
31263,q,a,p,,"[[[54, 670]], [], [true]]",
31264,q,a,cx_stage1,,"[[[42, 673], [54, 673]], [], [true, true]]",
31265,q,a,cx_stage3,,"[[[42, 673], [54, 673]], [], [true, true]]",
31266,q,a,cx_stage1,,"[[[43, 676], [54, 676]], [], [true, true]]",
31267,q,a,cx_stage3,,"[[[43, 676], [54, 676]], [], [true, true]]",
31268,q,a,p,,"[[[54, 677]], [], [true]]",
31269,q,a,cx_stage1,,"[[[43, 680], [54, 680]], [], [true, true]]",
31270,q,a,cx_stage3,,"[[[43, 680], [54, 680]], [], [true, true]]",
31271,q,a,cx_stage1,,"[[[44, 683], [54, 683]], [], [true, true]]",
31272,q,a,cx_stage3,,"[[[44, 683], [54, 683]], [], [true, true]]",
31273,q,a,p,,"[[[54, 684]], [], [true]]",
31274,q,a,cx_stage1,,"[[[44, 687], [54, 687]], [], [true, true]]",
31275,q,a,cx_stage3,,"[[[44, 687], [54, 687]], [], [true, true]]",
31276,q,a,cx_stage1,,"[[[45, 690], [54, 690]], [], [true, true]]",
31277,q,a,cx_stage3,,"[[[45, 690], [54, 690]], [], [true, true]]",
31278,q,a,p,,"[[[54, 691]], [], [true]]",
31279,q,a,cx_stage1,,"[[[45, 694], [54, 694]], [], [true, true]]",
31280,q,a,cx_stage3,,"[[[45, 694], [54, 694]], [], [true, true]]",
31281,q,a,cx_stage1,,"[[[46, 697], [54, 697]], [], [true, true]]",
31282,q,a,cx_stage3,,"[[[46, 697], [54, 697]], [], [true, true]]",
31283,q,a,p,,"[[[54, 698]], [], [true]]",
31284,q,a,cx_stage1,,"[[[46, 701], [54, 701]], [], [true, true]]",
31285,q,a,cx_stage3,,"[[[46, 701], [54, 701]], [], [true, true]]",
31286,q,a,cx_stage1,,"[[[47, 704], [54, 704]], [], [true, true]]",
31287,q,a,cx_stage3,,"[[[47, 704], [54, 704]], [], [true, true]]",
31288,q,a,p,,"[[[54, 705]], [], [true]]",
31289,q,a,cx_stage1,,"[[[47, 708], [54, 708]], [], [true, true]]",
31290,q,a,cx_stage3,,"[[[47, 708], [54, 708]], [], [true, true]]",
31291,q,a,cx_stage1,,"[[[48, 711], [54, 711]], [], [true, true]]",
31292,q,a,cx_stage3,,"[[[48, 711], [54, 711]], [], [true, true]]",
31293,q,a,p,,"[[[54, 712]], [], [true]]",
31294,q,a,cx_stage1,,"[[[48, 715], [54, 715]], [], [true, true]]",
31295,q,a,cx_stage3,,"[[[48, 715], [54, 715]], [], [true, true]]",
31296,q,a,cx_stage1,,"[[[49, 718], [54, 718]], [], [true, true]]",
31297,q,a,cx_stage3,,"[[[49, 718], [54, 718]], [], [true, true]]",
31298,q,a,p,,"[[[54, 719]], [], [true]]",
31299,q,a,cx_stage1,,"[[[49, 722], [54, 722]], [], [true, true]]",
31300,q,a,cx_stage3,,"[[[49, 722], [54, 722]], [], [true, true]]",
31301,q,a,cx_stage1,,"[[[50, 725], [54, 725]], [], [true, true]]",
31302,q,a,cx_stage3,,"[[[50, 725], [54, 725]], [], [true, true]]",
31303,q,a,p,,"[[[54, 726]], [], [true]]",
31304,q,a,cx_stage1,,"[[[50, 729], [54, 729]], [], [true, true]]",
31305,q,a,cx_stage3,,"[[[50, 729], [54, 729]], [], [true, true]]",
31306,q,a,cx_stage1,,"[[[51, 732], [54, 732]], [], [true, true]]",
31307,q,a,cx_stage3,,"[[[51, 732], [54, 732]], [], [true, true]]",
31308,q,a,p,,"[[[54, 733]], [], [true]]",
31309,q,a,cx_stage1,,"[[[51, 736], [54, 736]], [], [true, true]]",
31310,q,a,cx_stage3,,"[[[51, 736], [54, 736]], [], [true, true]]",
31311,q,a,cx_stage1,,"[[[52, 739], [54, 739]], [], [true, true]]",
31312,q,a,cx_stage3,,"[[[52, 739], [54, 739]], [], [true, true]]",
31313,q,a,p,,"[[[54, 740]], [], [true]]",
31314,q,a,cx_stage1,,"[[[52, 743], [54, 743]], [], [true, true]]",
31315,q,a,cx_stage3,,"[[[52, 743], [54, 743]], [], [true, true]]",
31316,q,a,cx_stage1,,"[[[53, 746], [54, 746]], [], [true, true]]",
31317,q,a,cx_stage3,,"[[[53, 746], [54, 746]], [], [true, true]]",
31318,q,a,p,,"[[[54, 747]], [], [true]]",
31319,q,a,cx_stage1,,"[[[53, 750], [54, 750]], [], [true, true]]",
31320,q,a,cx_stage3,,"[[[53, 750], [54, 750]], [], [true, true]]",
31321,q,a,cx_stage1,,"[[[54, 760], [55, 760]], [], [true, true]]",
31322,q,a,cx_stage2,,"[[[54, 760], [55, 760]], [], [true, true]]",
31323,q,a,cx_stage3,,"[[[54, 760], [55, 760]], [], [true, true]]",
31324,q,a,cx_stage1,,"[[[54, 764], [55, 764]], [], [true, true]]",
31325,q,a,cx_stage2,,"[[[54, 764], [55, 764]], [], [true, true]]",
31326,q,a,cx_stage3,,"[[[54, 764], [55, 764]], [], [true, true]]",
31327,q,a,u2,,"[[[54, 765]], [], [true]]",
31328,q,a,cx_stage1,,"[[[0, 768], [54, 768]], [], [true, true]]",
31329,q,a,cx_stage3,,"[[[0, 768], [54, 768]], [], [true, true]]",
31330,q,a,p,,"[[[54, 769]], [], [true]]",
31331,q,a,cx_stage1,,"[[[0, 772], [54, 772]], [], [true, true]]",
31332,q,a,cx_stage3,,"[[[0, 772], [54, 772]], [], [true, true]]",
31333,q,a,cx_stage1,,"[[[1, 775], [54, 775]], [], [true, true]]",
31334,q,a,cx_stage3,,"[[[1, 775], [54, 775]], [], [true, true]]",
31335,q,a,p,,"[[[54, 776]], [], [true]]",
31336,q,a,cx_stage1,,"[[[1, 779], [54, 779]], [], [true, true]]",
31337,q,a,cx_stage3,,"[[[1, 779], [54, 779]], [], [true, true]]",
31338,q,a,cx_stage1,,"[[[2, 782], [54, 782]], [], [true, true]]",
31339,q,a,cx_stage3,,"[[[2, 782], [54, 782]], [], [true, true]]",
31340,q,a,p,,"[[[54, 783]], [], [true]]",
31341,q,a,cx_stage1,,"[[[2, 786], [54, 786]], [], [true, true]]",
31342,q,a,cx_stage3,,"[[[2, 786], [54, 786]], [], [true, true]]",
31343,q,a,cx_stage1,,"[[[3, 789], [54, 789]], [], [true, true]]",
31344,q,a,cx_stage3,,"[[[3, 789], [54, 789]], [], [true, true]]",
31345,q,a,p,,"[[[54, 790]], [], [true]]",
31346,q,a,cx_stage1,,"[[[3, 793], [54, 793]], [], [true, true]]",
31347,q,a,cx_stage3,,"[[[3, 793], [54, 793]], [], [true, true]]",
31348,q,a,cx_stage1,,"[[[4, 796], [54, 796]], [], [true, true]]",
31349,q,a,cx_stage3,,"[[[4, 796], [54, 796]], [], [true, true]]",
31350,q,a,p,,"[[[54, 797]], [], [true]]",
31351,q,a,cx_stage1,,"[[[4, 800], [54, 800]], [], [true, true]]",
31352,q,a,cx_stage3,,"[[[4, 800], [54, 800]], [], [true, true]]",
31353,q,a,cx_stage1,,"[[[5, 803], [54, 803]], [], [true, true]]",
31354,q,a,cx_stage2,,"[[[5, 803], [54, 803]], [], [true, true]]",
31355,q,a,cx_stage3,,"[[[5, 803], [54, 803]], [], [true, true]]",
31356,q,a,p,,"[[[54, 804]], [], [true]]",
31357,q,a,cx_stage1,,"[[[5, 807], [54, 807]], [], [true, true]]",
31358,q,a,cx_stage2,,"[[[5, 807], [54, 807]], [], [true, true]]",
31359,q,a,cx_stage3,,"[[[5, 807], [54, 807]], [], [true, true]]",
31360,q,a,cx_stage1,,"[[[6, 810], [54, 810]], [], [true, true]]",
31361,q,a,cx_stage2,,"[[[6, 810], [54, 810]], [], [true, true]]",
31362,q,a,cx_stage3,,"[[[6, 810], [54, 810]], [], [true, true]]",
31363,q,a,p,,"[[[54, 811]], [], [true]]",
31364,q,a,cx_stage1,,"[[[6, 814], [54, 814]], [], [true, true]]",
31365,q,a,cx_stage2,,"[[[6, 814], [54, 814]], [], [true, true]]",
31366,q,a,cx_stage3,,"[[[6, 814], [54, 814]], [], [true, true]]",
31367,q,a,cx_stage1,,"[[[7, 817], [54, 817]], [], [true, true]]",
31368,q,a,cx_stage2,,"[[[7, 817], [54, 817]], [], [true, true]]",
31369,q,a,cx_stage3,,"[[[7, 817], [54, 817]], [], [true, true]]",
31370,q,a,p,,"[[[54, 818]], [], [true]]",
31371,q,a,cx_stage1,,"[[[7, 821], [54, 821]], [], [true, true]]",
31372,q,a,cx_stage2,,"[[[7, 821], [54, 821]], [], [true, true]]",
31373,q,a,cx_stage3,,"[[[7, 821], [54, 821]], [], [true, true]]",
31374,q,a,cx_stage1,,"[[[8, 824], [54, 824]], [], [true, true]]",
31375,q,a,cx_stage2,,"[[[8, 824], [54, 824]], [], [true, true]]",
31376,q,a,cx_stage3,,"[[[8, 824], [54, 824]], [], [true, true]]",
31377,q,a,p,,"[[[54, 825]], [], [true]]",
31378,q,a,cx_stage1,,"[[[8, 828], [54, 828]], [], [true, true]]",
31379,q,a,cx_stage2,,"[[[8, 828], [54, 828]], [], [true, true]]",
31380,q,a,cx_stage3,,"[[[8, 828], [54, 828]], [], [true, true]]",
31381,q,a,cx_stage1,,"[[[9, 831], [54, 831]], [], [true, true]]",
31382,q,a,cx_stage2,,"[[[9, 831], [54, 831]], [], [true, true]]",
31383,q,a,cx_stage3,,"[[[9, 831], [54, 831]], [], [true, true]]",
31384,q,a,p,,"[[[54, 832]], [], [true]]",
31385,q,a,cx_stage1,,"[[[9, 835], [54, 835]], [], [true, true]]",
31386,q,a,cx_stage2,,"[[[9, 835], [54, 835]], [], [true, true]]",
31387,q,a,cx_stage3,,"[[[9, 835], [54, 835]], [], [true, true]]",
31388,q,a,cx_stage1,,"[[[10, 838], [54, 838]], [], [true, true]]",
31389,q,a,cx_stage3,,"[[[10, 838], [54, 838]], [], [true, true]]",
31390,q,a,p,,"[[[54, 839]], [], [true]]",
31391,q,a,cx_stage1,,"[[[10, 842], [54, 842]], [], [true, true]]",
31392,q,a,cx_stage3,,"[[[10, 842], [54, 842]], [], [true, true]]",
31393,q,a,cx_stage1,,"[[[11, 845], [54, 845]], [], [true, true]]",
31394,q,a,cx_stage3,,"[[[11, 845], [54, 845]], [], [true, true]]",
31395,q,a,p,,"[[[54, 846]], [], [true]]",
31396,q,a,cx_stage1,,"[[[11, 849], [54, 849]], [], [true, true]]",
31397,q,a,cx_stage3,,"[[[11, 849], [54, 849]], [], [true, true]]",
31398,q,a,cx_stage1,,"[[[12, 852], [54, 852]], [], [true, true]]",
31399,q,a,cx_stage3,,"[[[12, 852], [54, 852]], [], [true, true]]",
31400,q,a,p,,"[[[54, 853]], [], [true]]",
31401,q,a,cx_stage1,,"[[[12, 856], [54, 856]], [], [true, true]]",
31402,q,a,cx_stage3,,"[[[12, 856], [54, 856]], [], [true, true]]",
31403,q,a,cx_stage1,,"[[[13, 859], [54, 859]], [], [true, true]]",
31404,q,a,cx_stage3,,"[[[13, 859], [54, 859]], [], [true, true]]",
31405,q,a,p,,"[[[54, 860]], [], [true]]",
31406,q,a,cx_stage1,,"[[[13, 863], [54, 863]], [], [true, true]]",
31407,q,a,cx_stage3,,"[[[13, 863], [54, 863]], [], [true, true]]",
31408,q,a,cx_stage1,,"[[[14, 866], [54, 866]], [], [true, true]]",
31409,q,a,cx_stage3,,"[[[14, 866], [54, 866]], [], [true, true]]",
31410,q,a,p,,"[[[54, 867]], [], [true]]",
31411,q,a,cx_stage1,,"[[[14, 870], [54, 870]], [], [true, true]]",
31412,q,a,cx_stage3,,"[[[14, 870], [54, 870]], [], [true, true]]",
31413,q,a,cx_stage1,,"[[[15, 873], [54, 873]], [], [true, true]]",
31414,q,a,cx_stage3,,"[[[15, 873], [54, 873]], [], [true, true]]",
31415,q,a,p,,"[[[54, 874]], [], [true]]",
31416,q,a,cx_stage1,,"[[[15, 877], [54, 877]], [], [true, true]]",
31417,q,a,cx_stage3,,"[[[15, 877], [54, 877]], [], [true, true]]",
31418,q,a,cx_stage1,,"[[[16, 880], [54, 880]], [], [true, true]]",
31419,q,a,cx_stage3,,"[[[16, 880], [54, 880]], [], [true, true]]",
31420,q,a,p,,"[[[54, 881]], [], [true]]",
31421,q,a,cx_stage1,,"[[[16, 884], [54, 884]], [], [true, true]]",
31422,q,a,cx_stage3,,"[[[16, 884], [54, 884]], [], [true, true]]",
31423,q,a,cx_stage1,,"[[[17, 887], [54, 887]], [], [true, true]]",
31424,q,a,cx_stage3,,"[[[17, 887], [54, 887]], [], [true, true]]",
31425,q,a,p,,"[[[54, 888]], [], [true]]",
31426,q,a,cx_stage1,,"[[[17, 891], [54, 891]], [], [true, true]]",
31427,q,a,cx_stage3,,"[[[17, 891], [54, 891]], [], [true, true]]",
31428,q,a,cx_stage1,,"[[[18, 894], [54, 894]], [], [true, true]]",
31429,q,a,cx_stage3,,"[[[18, 894], [54, 894]], [], [true, true]]",
31430,q,a,p,,"[[[54, 895]], [], [true]]",
31431,q,a,cx_stage1,,"[[[18, 898], [54, 898]], [], [true, true]]",
31432,q,a,cx_stage3,,"[[[18, 898], [54, 898]], [], [true, true]]",
31433,q,a,cx_stage1,,"[[[19, 901], [54, 901]], [], [true, true]]",
31434,q,a,cx_stage3,,"[[[19, 901], [54, 901]], [], [true, true]]",
31435,q,a,p,,"[[[54, 902]], [], [true]]",
31436,q,a,cx_stage1,,"[[[19, 905], [54, 905]], [], [true, true]]",
31437,q,a,cx_stage3,,"[[[19, 905], [54, 905]], [], [true, true]]",
31438,q,a,cx_stage1,,"[[[20, 908], [54, 908]], [], [true, true]]",
31439,q,a,cx_stage3,,"[[[20, 908], [54, 908]], [], [true, true]]",
31440,q,a,p,,"[[[54, 909]], [], [true]]",
31441,q,a,cx_stage1,,"[[[20, 912], [54, 912]], [], [true, true]]",
31442,q,a,cx_stage3,,"[[[20, 912], [54, 912]], [], [true, true]]",
31443,q,a,cx_stage1,,"[[[21, 915], [54, 915]], [], [true, true]]",
31444,q,a,cx_stage3,,"[[[21, 915], [54, 915]], [], [true, true]]",
31445,q,a,p,,"[[[54, 916]], [], [true]]",
31446,q,a,cx_stage1,,"[[[21, 919], [54, 919]], [], [true, true]]",
31447,q,a,cx_stage3,,"[[[21, 919], [54, 919]], [], [true, true]]",
31448,q,a,cx_stage1,,"[[[22, 922], [54, 922]], [], [true, true]]",
31449,q,a,cx_stage3,,"[[[22, 922], [54, 922]], [], [true, true]]",
31450,q,a,p,,"[[[54, 923]], [], [true]]",
31451,q,a,cx_stage1,,"[[[22, 926], [54, 926]], [], [true, true]]",
31452,q,a,cx_stage3,,"[[[22, 926], [54, 926]], [], [true, true]]",
31453,q,a,cx_stage1,,"[[[23, 929], [54, 929]], [], [true, true]]",
31454,q,a,cx_stage3,,"[[[23, 929], [54, 929]], [], [true, true]]",
31455,q,a,p,,"[[[54, 930]], [], [true]]",
31456,q,a,cx_stage1,,"[[[23, 933], [54, 933]], [], [true, true]]",
31457,q,a,cx_stage3,,"[[[23, 933], [54, 933]], [], [true, true]]",
31458,q,a,cx_stage1,,"[[[24, 936], [54, 936]], [], [true, true]]",
31459,q,a,cx_stage3,,"[[[24, 936], [54, 936]], [], [true, true]]",
31460,q,a,p,,"[[[54, 937]], [], [true]]",
31461,q,a,cx_stage1,,"[[[24, 940], [54, 940]], [], [true, true]]",
31462,q,a,cx_stage3,,"[[[24, 940], [54, 940]], [], [true, true]]",
31463,q,a,cx_stage1,,"[[[25, 943], [54, 943]], [], [true, true]]",
31464,q,a,cx_stage3,,"[[[25, 943], [54, 943]], [], [true, true]]",
31465,q,a,p,,"[[[54, 944]], [], [true]]",
31466,q,a,cx_stage1,,"[[[25, 947], [54, 947]], [], [true, true]]",
31467,q,a,cx_stage3,,"[[[25, 947], [54, 947]], [], [true, true]]",
31468,q,a,cx_stage1,,"[[[26, 950], [54, 950]], [], [true, true]]",
31469,q,a,cx_stage3,,"[[[26, 950], [54, 950]], [], [true, true]]",
31470,q,a,p,,"[[[54, 951]], [], [true]]",
31471,q,a,cx_stage1,,"[[[26, 954], [54, 954]], [], [true, true]]",
31472,q,a,cx_stage3,,"[[[26, 954], [54, 954]], [], [true, true]]",
31473,q,a,cx_stage1,,"[[[27, 957], [54, 957]], [], [true, true]]",
31474,q,a,cx_stage3,,"[[[27, 957], [54, 957]], [], [true, true]]",
31475,q,a,p,,"[[[54, 958]], [], [true]]",
31476,q,a,cx_stage1,,"[[[27, 961], [54, 961]], [], [true, true]]",
31477,q,a,cx_stage3,,"[[[27, 961], [54, 961]], [], [true, true]]",
31478,q,a,cx_stage1,,"[[[28, 964], [54, 964]], [], [true, true]]",
31479,q,a,cx_stage3,,"[[[28, 964], [54, 964]], [], [true, true]]",
31480,q,a,p,,"[[[54, 965]], [], [true]]",
31481,q,a,cx_stage1,,"[[[28, 968], [54, 968]], [], [true, true]]",
31482,q,a,cx_stage3,,"[[[28, 968], [54, 968]], [], [true, true]]",
31483,q,a,cx_stage1,,"[[[29, 971], [54, 971]], [], [true, true]]",
31484,q,a,cx_stage3,,"[[[29, 971], [54, 971]], [], [true, true]]",
31485,q,a,p,,"[[[54, 972]], [], [true]]",
31486,q,a,cx_stage1,,"[[[29, 975], [54, 975]], [], [true, true]]",
31487,q,a,cx_stage3,,"[[[29, 975], [54, 975]], [], [true, true]]",
31488,q,a,cx_stage1,,"[[[30, 978], [54, 978]], [], [true, true]]",
31489,q,a,cx_stage3,,"[[[30, 978], [54, 978]], [], [true, true]]",
31490,q,a,p,,"[[[54, 979]], [], [true]]",
31491,q,a,cx_stage1,,"[[[30, 982], [54, 982]], [], [true, true]]",
31492,q,a,cx_stage3,,"[[[30, 982], [54, 982]], [], [true, true]]",
31493,q,a,cx_stage1,,"[[[31, 985], [54, 985]], [], [true, true]]",
31494,q,a,cx_stage3,,"[[[31, 985], [54, 985]], [], [true, true]]",
31495,q,a,p,,"[[[54, 986]], [], [true]]",
31496,q,a,cx_stage1,,"[[[31, 989], [54, 989]], [], [true, true]]",
31497,q,a,cx_stage3,,"[[[31, 989], [54, 989]], [], [true, true]]",
31498,q,a,cx_stage1,,"[[[32, 992], [54, 992]], [], [true, true]]",
31499,q,a,cx_stage3,,"[[[32, 992], [54, 992]], [], [true, true]]",
31500,q,a,p,,"[[[54, 993]], [], [true]]",
31501,q,a,cx_stage1,,"[[[32, 996], [54, 996]], [], [true, true]]",
31502,q,a,cx_stage3,,"[[[32, 996], [54, 996]], [], [true, true]]",
31503,q,a,cx_stage1,,"[[[33, 999], [54, 999]], [], [true, true]]",
31504,q,a,cx_stage3,,"[[[33, 999], [54, 999]], [], [true, true]]",
31505,q,a,u2,,"[[[55, 1]], [], [true]]",
31506,q,a,cx_stage1,,"[[[0, 382], [55, 382]], [], [true, true]]",
31507,q,a,cx_stage1,,"[[[32, 1003], [55, 1003]], [], [true, true]]",
31508,q,a,p,,"[[[55, 1000]], [], [true]]",
31509,q,a,cx_stage3,,"[[[32, 1003], [55, 1003]], [], [true, true]]",
31510,q,a,cx_stage1,,"[[[33, 1006], [55, 1006]], [], [true, true]]",
31511,q,a,cx_stage3,,"[[[33, 1006], [55, 1006]], [], [true, true]]",
31512,q,a,p,,"[[[55, 1007]], [], [true]]",
31513,q,a,cx_stage1,,"[[[33, 1010], [55, 1010]], [], [true, true]]",
31514,q,a,cx_stage3,,"[[[33, 1010], [55, 1010]], [], [true, true]]",
31515,q,a,cx_stage1,,"[[[34, 1013], [55, 1013]], [], [true, true]]",
31516,q,a,cx_stage3,,"[[[34, 1013], [55, 1013]], [], [true, true]]",
31517,q,a,p,,"[[[55, 1014]], [], [true]]",
31518,q,a,cx_stage1,,"[[[34, 1017], [55, 1017]], [], [true, true]]",
31519,q,a,cx_stage3,,"[[[34, 1017], [55, 1017]], [], [true, true]]",
31520,q,a,cx_stage1,,"[[[35, 1020], [55, 1020]], [], [true, true]]",
31521,q,a,cx_stage3,,"[[[35, 1020], [55, 1020]], [], [true, true]]",
31522,q,a,p,,"[[[55, 1021]], [], [true]]",
31523,q,a,cx_stage1,,"[[[35, 1024], [55, 1024]], [], [true, true]]",
31524,q,a,cx_stage3,,"[[[35, 1024], [55, 1024]], [], [true, true]]",
31525,q,a,cx_stage1,,"[[[36, 1027], [55, 1027]], [], [true, true]]",
31526,q,a,cx_stage3,,"[[[36, 1027], [55, 1027]], [], [true, true]]",
31527,q,a,p,,"[[[55, 1028]], [], [true]]",
31528,q,a,cx_stage1,,"[[[36, 1031], [55, 1031]], [], [true, true]]",
31529,q,a,cx_stage3,,"[[[36, 1031], [55, 1031]], [], [true, true]]",
31530,q,a,cx_stage1,,"[[[37, 1034], [55, 1034]], [], [true, true]]",
31531,q,a,cx_stage3,,"[[[37, 1034], [55, 1034]], [], [true, true]]",
31532,q,a,p,,"[[[55, 1035]], [], [true]]",
31533,q,a,cx_stage1,,"[[[37, 1038], [55, 1038]], [], [true, true]]",
31534,q,a,cx_stage3,,"[[[37, 1038], [55, 1038]], [], [true, true]]",
31535,q,a,cx_stage1,,"[[[38, 1041], [55, 1041]], [], [true, true]]",
31536,q,a,cx_stage3,,"[[[38, 1041], [55, 1041]], [], [true, true]]",
31537,q,a,p,,"[[[55, 1042]], [], [true]]",
31538,q,a,cx_stage1,,"[[[38, 1045], [55, 1045]], [], [true, true]]",
31539,q,a,cx_stage3,,"[[[38, 1045], [55, 1045]], [], [true, true]]",
31540,q,a,cx_stage1,,"[[[39, 1048], [55, 1048]], [], [true, true]]",
31541,q,a,cx_stage3,,"[[[39, 1048], [55, 1048]], [], [true, true]]",
31542,q,a,p,,"[[[55, 1049]], [], [true]]",
31543,q,a,cx_stage1,,"[[[39, 1052], [55, 1052]], [], [true, true]]",
31544,q,a,cx_stage3,,"[[[39, 1052], [55, 1052]], [], [true, true]]",
31545,q,a,cx_stage1,,"[[[40, 1055], [55, 1055]], [], [true, true]]",
31546,q,a,cx_stage3,,"[[[40, 1055], [55, 1055]], [], [true, true]]",
31547,q,a,p,,"[[[55, 1056]], [], [true]]",
31548,q,a,cx_stage1,,"[[[40, 1059], [55, 1059]], [], [true, true]]",
31549,q,a,cx_stage3,,"[[[40, 1059], [55, 1059]], [], [true, true]]",
31550,q,a,cx_stage1,,"[[[41, 1062], [55, 1062]], [], [true, true]]",
31551,q,a,cx_stage3,,"[[[41, 1062], [55, 1062]], [], [true, true]]",
31552,q,a,p,,"[[[55, 1063]], [], [true]]",
31553,q,a,cx_stage1,,"[[[41, 1066], [55, 1066]], [], [true, true]]",
31554,q,a,cx_stage3,,"[[[41, 1066], [55, 1066]], [], [true, true]]",
31555,q,a,cx_stage1,,"[[[42, 1069], [55, 1069]], [], [true, true]]",
31556,q,a,cx_stage3,,"[[[42, 1069], [55, 1069]], [], [true, true]]",
31557,q,a,p,,"[[[55, 1070]], [], [true]]",
31558,q,a,cx_stage1,,"[[[42, 1073], [55, 1073]], [], [true, true]]",
31559,q,a,cx_stage3,,"[[[42, 1073], [55, 1073]], [], [true, true]]",
31560,q,a,cx_stage1,,"[[[43, 1076], [55, 1076]], [], [true, true]]",
31561,q,a,cx_stage3,,"[[[43, 1076], [55, 1076]], [], [true, true]]",
31562,q,a,p,,"[[[55, 1077]], [], [true]]",
31563,q,a,cx_stage1,,"[[[43, 1080], [55, 1080]], [], [true, true]]",
31564,q,a,cx_stage3,,"[[[43, 1080], [55, 1080]], [], [true, true]]",
31565,q,a,cx_stage1,,"[[[44, 1083], [55, 1083]], [], [true, true]]",
31566,q,a,cx_stage3,,"[[[44, 1083], [55, 1083]], [], [true, true]]",
31567,q,a,p,,"[[[55, 1084]], [], [true]]",
31568,q,a,cx_stage1,,"[[[44, 1087], [55, 1087]], [], [true, true]]",
31569,q,a,cx_stage3,,"[[[44, 1087], [55, 1087]], [], [true, true]]",
31570,q,a,cx_stage1,,"[[[45, 1090], [55, 1090]], [], [true, true]]",
31571,q,a,cx_stage3,,"[[[45, 1090], [55, 1090]], [], [true, true]]",
31572,q,a,p,,"[[[55, 1091]], [], [true]]",
31573,q,a,cx_stage1,,"[[[45, 1094], [55, 1094]], [], [true, true]]",
31574,q,a,cx_stage3,,"[[[45, 1094], [55, 1094]], [], [true, true]]",
31575,q,a,cx_stage1,,"[[[46, 1097], [55, 1097]], [], [true, true]]",
31576,q,a,cx_stage3,,"[[[46, 1097], [55, 1097]], [], [true, true]]",
31577,q,a,p,,"[[[55, 1098]], [], [true]]",
31578,q,a,cx_stage1,,"[[[46, 1101], [55, 1101]], [], [true, true]]",
31579,q,a,cx_stage3,,"[[[46, 1101], [55, 1101]], [], [true, true]]",
31580,q,a,cx_stage1,,"[[[47, 1104], [55, 1104]], [], [true, true]]",
31581,q,a,cx_stage3,,"[[[47, 1104], [55, 1104]], [], [true, true]]",
31582,q,a,p,,"[[[55, 1105]], [], [true]]",
31583,q,a,cx_stage1,,"[[[47, 1108], [55, 1108]], [], [true, true]]",
31584,q,a,cx_stage3,,"[[[47, 1108], [55, 1108]], [], [true, true]]",
31585,q,a,cx_stage1,,"[[[48, 1111], [55, 1111]], [], [true, true]]",
31586,q,a,cx_stage3,,"[[[48, 1111], [55, 1111]], [], [true, true]]",
31587,q,a,p,,"[[[55, 1112]], [], [true]]",
31588,q,a,cx_stage1,,"[[[48, 1115], [55, 1115]], [], [true, true]]",
31589,q,a,cx_stage3,,"[[[48, 1115], [55, 1115]], [], [true, true]]",
31590,q,a,cx_stage1,,"[[[49, 1118], [55, 1118]], [], [true, true]]",
31591,q,a,cx_stage3,,"[[[49, 1118], [55, 1118]], [], [true, true]]",
31592,q,a,p,,"[[[55, 1119]], [], [true]]",
31593,q,a,cx_stage1,,"[[[49, 1122], [55, 1122]], [], [true, true]]",
31594,q,a,cx_stage3,,"[[[49, 1122], [55, 1122]], [], [true, true]]",
31595,q,a,cx_stage1,,"[[[50, 1125], [55, 1125]], [], [true, true]]",
31596,q,a,cx_stage3,,"[[[50, 1125], [55, 1125]], [], [true, true]]",
31597,q,a,p,,"[[[55, 1126]], [], [true]]",
31598,q,a,cx_stage1,,"[[[50, 1129], [55, 1129]], [], [true, true]]",
31599,q,a,cx_stage3,,"[[[50, 1129], [55, 1129]], [], [true, true]]",
31600,q,a,cx_stage1,,"[[[51, 1132], [55, 1132]], [], [true, true]]",
31601,q,a,cx_stage3,,"[[[51, 1132], [55, 1132]], [], [true, true]]",
31602,q,a,p,,"[[[55, 1133]], [], [true]]",
31603,q,a,cx_stage1,,"[[[51, 1136], [55, 1136]], [], [true, true]]",
31604,q,a,cx_stage3,,"[[[51, 1136], [55, 1136]], [], [true, true]]",
31605,q,a,cx_stage1,,"[[[52, 1139], [55, 1139]], [], [true, true]]",
31606,q,a,cx_stage3,,"[[[52, 1139], [55, 1139]], [], [true, true]]",
31607,q,a,p,,"[[[55, 1140]], [], [true]]",
31608,q,a,cx_stage1,,"[[[52, 1143], [55, 1143]], [], [true, true]]",
31609,q,a,cx_stage3,,"[[[52, 1143], [55, 1143]], [], [true, true]]",
31610,q,a,cx_stage1,,"[[[53, 1146], [55, 1146]], [], [true, true]]",
31611,q,a,cx_stage3,,"[[[53, 1146], [55, 1146]], [], [true, true]]",
31612,q,a,p,,"[[[55, 1147]], [], [true]]",
31613,q,a,cx_stage1,,"[[[53, 1150], [55, 1150]], [], [true, true]]",
31614,q,a,cx_stage3,,"[[[53, 1150], [55, 1150]], [], [true, true]]",
31615,q,a,cx_stage1,,"[[[54, 1153], [55, 1153]], [], [true, true]]",
31616,q,a,cx_stage3,,"[[[54, 1153], [55, 1153]], [], [true, true]]",
31617,q,a,p,,"[[[55, 1154]], [], [true]]",
31618,q,a,cx_stage1,,"[[[54, 1157], [55, 1157]], [], [true, true]]",
31619,q,a,cx_stage3,,"[[[54, 1157], [55, 1157]], [], [true, true]]",
31620,q,a,ry,,"[[[55, 1158]], [], [true]]",
31621,q,a,cx_stage1,,"[[[54, 1161], [55, 1161]], [], [true, true]]",
31622,q,a,cx_stage3,,"[[[54, 1161], [55, 1161]], [], [true, true]]",
31623,q,a,ry,,"[[[55, 1162]], [], [true]]",
31624,q,a,cx_stage3,,"[[[0, 382], [55, 382]], [], [true, true]]",
31625,q,a,p,,"[[[55, 383]], [], [true]]",
31626,q,a,cx_stage1,,"[[[0, 386], [55, 386]], [], [true, true]]",
31627,q,a,cx_stage3,,"[[[0, 386], [55, 386]], [], [true, true]]",
31628,q,a,cx_stage1,,"[[[1, 389], [55, 389]], [], [true, true]]",
31629,q,a,cx_stage3,,"[[[1, 389], [55, 389]], [], [true, true]]",
31630,q,a,p,,"[[[55, 390]], [], [true]]",
31631,q,a,cx_stage1,,"[[[1, 393], [55, 393]], [], [true, true]]",
31632,q,a,cx_stage3,,"[[[1, 393], [55, 393]], [], [true, true]]",
31633,q,a,cx_stage1,,"[[[2, 396], [55, 396]], [], [true, true]]",
31634,q,a,cx_stage3,,"[[[2, 396], [55, 396]], [], [true, true]]",
31635,q,a,p,,"[[[55, 397]], [], [true]]",
31636,q,a,cx_stage1,,"[[[2, 400], [55, 400]], [], [true, true]]",
31637,q,a,cx_stage3,,"[[[2, 400], [55, 400]], [], [true, true]]",
31638,q,a,cx_stage1,,"[[[3, 403], [55, 403]], [], [true, true]]",
31639,q,a,cx_stage3,,"[[[3, 403], [55, 403]], [], [true, true]]",
31640,q,a,p,,"[[[55, 404]], [], [true]]",
31641,q,a,cx_stage1,,"[[[3, 407], [55, 407]], [], [true, true]]",
31642,q,a,cx_stage3,,"[[[3, 407], [55, 407]], [], [true, true]]",
31643,q,a,cx_stage1,,"[[[4, 410], [55, 410]], [], [true, true]]",
31644,q,a,cx_stage3,,"[[[4, 410], [55, 410]], [], [true, true]]",
31645,q,a,p,,"[[[55, 411]], [], [true]]",
31646,q,a,cx_stage1,,"[[[4, 414], [55, 414]], [], [true, true]]",
31647,q,a,cx_stage3,,"[[[4, 414], [55, 414]], [], [true, true]]",
31648,q,a,cx_stage1,,"[[[5, 417], [55, 417]], [], [true, true]]",
31649,q,a,cx_stage2,,"[[[5, 417], [55, 417]], [], [true, true]]",
31650,q,a,cx_stage3,,"[[[5, 417], [55, 417]], [], [true, true]]",
31651,q,a,p,,"[[[55, 418]], [], [true]]",
31652,q,a,cx_stage1,,"[[[5, 421], [55, 421]], [], [true, true]]",
31653,q,a,cx_stage2,,"[[[5, 421], [55, 421]], [], [true, true]]",
31654,q,a,cx_stage3,,"[[[5, 421], [55, 421]], [], [true, true]]",
31655,q,a,cx_stage1,,"[[[6, 424], [55, 424]], [], [true, true]]",
31656,q,a,cx_stage2,,"[[[6, 424], [55, 424]], [], [true, true]]",
31657,q,a,cx_stage3,,"[[[6, 424], [55, 424]], [], [true, true]]",
31658,q,a,p,,"[[[55, 425]], [], [true]]",
31659,q,a,cx_stage1,,"[[[6, 428], [55, 428]], [], [true, true]]",
31660,q,a,cx_stage2,,"[[[6, 428], [55, 428]], [], [true, true]]",
31661,q,a,cx_stage3,,"[[[6, 428], [55, 428]], [], [true, true]]",
31662,q,a,cx_stage1,,"[[[7, 431], [55, 431]], [], [true, true]]",
31663,q,a,cx_stage2,,"[[[7, 431], [55, 431]], [], [true, true]]",
31664,q,a,cx_stage3,,"[[[7, 431], [55, 431]], [], [true, true]]",
31665,q,a,p,,"[[[55, 432]], [], [true]]",
31666,q,a,cx_stage1,,"[[[7, 435], [55, 435]], [], [true, true]]",
31667,q,a,cx_stage2,,"[[[7, 435], [55, 435]], [], [true, true]]",
31668,q,a,cx_stage3,,"[[[7, 435], [55, 435]], [], [true, true]]",
31669,q,a,cx_stage1,,"[[[8, 438], [55, 438]], [], [true, true]]",
31670,q,a,cx_stage2,,"[[[8, 438], [55, 438]], [], [true, true]]",
31671,q,a,cx_stage3,,"[[[8, 438], [55, 438]], [], [true, true]]",
31672,q,a,p,,"[[[55, 439]], [], [true]]",
31673,q,a,cx_stage1,,"[[[8, 442], [55, 442]], [], [true, true]]",
31674,q,a,cx_stage2,,"[[[8, 442], [55, 442]], [], [true, true]]",
31675,q,a,cx_stage3,,"[[[8, 442], [55, 442]], [], [true, true]]",
31676,q,a,cx_stage1,,"[[[9, 445], [55, 445]], [], [true, true]]",
31677,q,a,cx_stage2,,"[[[9, 445], [55, 445]], [], [true, true]]",
31678,q,a,cx_stage3,,"[[[9, 445], [55, 445]], [], [true, true]]",
31679,q,a,p,,"[[[55, 446]], [], [true]]",
31680,q,a,cx_stage1,,"[[[9, 449], [55, 449]], [], [true, true]]",
31681,q,a,cx_stage2,,"[[[9, 449], [55, 449]], [], [true, true]]",
31682,q,a,cx_stage3,,"[[[9, 449], [55, 449]], [], [true, true]]",
31683,q,a,cx_stage1,,"[[[10, 452], [55, 452]], [], [true, true]]",
31684,q,a,cx_stage3,,"[[[10, 452], [55, 452]], [], [true, true]]",
31685,q,a,p,,"[[[55, 453]], [], [true]]",
31686,q,a,cx_stage1,,"[[[10, 456], [55, 456]], [], [true, true]]",
31687,q,a,cx_stage3,,"[[[10, 456], [55, 456]], [], [true, true]]",
31688,q,a,cx_stage1,,"[[[11, 459], [55, 459]], [], [true, true]]",
31689,q,a,cx_stage3,,"[[[11, 459], [55, 459]], [], [true, true]]",
31690,q,a,p,,"[[[55, 460]], [], [true]]",
31691,q,a,cx_stage1,,"[[[11, 463], [55, 463]], [], [true, true]]",
31692,q,a,cx_stage3,,"[[[11, 463], [55, 463]], [], [true, true]]",
31693,q,a,cx_stage1,,"[[[12, 466], [55, 466]], [], [true, true]]",
31694,q,a,cx_stage3,,"[[[12, 466], [55, 466]], [], [true, true]]",
31695,q,a,p,,"[[[55, 467]], [], [true]]",
31696,q,a,cx_stage1,,"[[[12, 470], [55, 470]], [], [true, true]]",
31697,q,a,cx_stage3,,"[[[12, 470], [55, 470]], [], [true, true]]",
31698,q,a,cx_stage1,,"[[[13, 473], [55, 473]], [], [true, true]]",
31699,q,a,cx_stage3,,"[[[13, 473], [55, 473]], [], [true, true]]",
31700,q,a,p,,"[[[55, 474]], [], [true]]",
31701,q,a,cx_stage1,,"[[[13, 477], [55, 477]], [], [true, true]]",
31702,q,a,cx_stage3,,"[[[13, 477], [55, 477]], [], [true, true]]",
31703,q,a,cx_stage1,,"[[[14, 480], [55, 480]], [], [true, true]]",
31704,q,a,cx_stage3,,"[[[14, 480], [55, 480]], [], [true, true]]",
31705,q,a,p,,"[[[55, 481]], [], [true]]",
31706,q,a,cx_stage1,,"[[[14, 484], [55, 484]], [], [true, true]]",
31707,q,a,cx_stage3,,"[[[14, 484], [55, 484]], [], [true, true]]",
31708,q,a,cx_stage1,,"[[[15, 487], [55, 487]], [], [true, true]]",
31709,q,a,cx_stage3,,"[[[15, 487], [55, 487]], [], [true, true]]",
31710,q,a,p,,"[[[55, 488]], [], [true]]",
31711,q,a,cx_stage1,,"[[[15, 491], [55, 491]], [], [true, true]]",
31712,q,a,cx_stage3,,"[[[15, 491], [55, 491]], [], [true, true]]",
31713,q,a,cx_stage1,,"[[[16, 494], [55, 494]], [], [true, true]]",
31714,q,a,cx_stage3,,"[[[16, 494], [55, 494]], [], [true, true]]",
31715,q,a,p,,"[[[55, 495]], [], [true]]",
31716,q,a,cx_stage1,,"[[[16, 498], [55, 498]], [], [true, true]]",
31717,q,a,cx_stage3,,"[[[16, 498], [55, 498]], [], [true, true]]",
31718,q,a,cx_stage1,,"[[[17, 501], [55, 501]], [], [true, true]]",
31719,q,a,cx_stage3,,"[[[17, 501], [55, 501]], [], [true, true]]",
31720,q,a,p,,"[[[55, 502]], [], [true]]",
31721,q,a,cx_stage1,,"[[[17, 505], [55, 505]], [], [true, true]]",
31722,q,a,cx_stage3,,"[[[17, 505], [55, 505]], [], [true, true]]",
31723,q,a,cx_stage1,,"[[[18, 508], [55, 508]], [], [true, true]]",
31724,q,a,cx_stage3,,"[[[18, 508], [55, 508]], [], [true, true]]",
31725,q,a,p,,"[[[55, 509]], [], [true]]",
31726,q,a,cx_stage1,,"[[[18, 512], [55, 512]], [], [true, true]]",
31727,q,a,cx_stage3,,"[[[18, 512], [55, 512]], [], [true, true]]",
31728,q,a,cx_stage1,,"[[[19, 515], [55, 515]], [], [true, true]]",
31729,q,a,cx_stage3,,"[[[19, 515], [55, 515]], [], [true, true]]",
31730,q,a,p,,"[[[55, 516]], [], [true]]",
31731,q,a,cx_stage1,,"[[[19, 519], [55, 519]], [], [true, true]]",
31732,q,a,cx_stage3,,"[[[19, 519], [55, 519]], [], [true, true]]",
31733,q,a,cx_stage1,,"[[[20, 522], [55, 522]], [], [true, true]]",
31734,q,a,cx_stage3,,"[[[20, 522], [55, 522]], [], [true, true]]",
31735,q,a,p,,"[[[55, 523]], [], [true]]",
31736,q,a,cx_stage1,,"[[[20, 526], [55, 526]], [], [true, true]]",
31737,q,a,cx_stage3,,"[[[20, 526], [55, 526]], [], [true, true]]",
31738,q,a,cx_stage1,,"[[[21, 529], [55, 529]], [], [true, true]]",
31739,q,a,cx_stage3,,"[[[21, 529], [55, 529]], [], [true, true]]",
31740,q,a,p,,"[[[55, 530]], [], [true]]",
31741,q,a,cx_stage1,,"[[[21, 533], [55, 533]], [], [true, true]]",
31742,q,a,cx_stage3,,"[[[21, 533], [55, 533]], [], [true, true]]",
31743,q,a,cx_stage1,,"[[[22, 536], [55, 536]], [], [true, true]]",
31744,q,a,cx_stage3,,"[[[22, 536], [55, 536]], [], [true, true]]",
31745,q,a,p,,"[[[55, 537]], [], [true]]",
31746,q,a,cx_stage1,,"[[[22, 540], [55, 540]], [], [true, true]]",
31747,q,a,cx_stage3,,"[[[22, 540], [55, 540]], [], [true, true]]",
31748,q,a,cx_stage1,,"[[[23, 543], [55, 543]], [], [true, true]]",
31749,q,a,cx_stage3,,"[[[23, 543], [55, 543]], [], [true, true]]",
31750,q,a,p,,"[[[55, 544]], [], [true]]",
31751,q,a,cx_stage1,,"[[[23, 547], [55, 547]], [], [true, true]]",
31752,q,a,cx_stage3,,"[[[23, 547], [55, 547]], [], [true, true]]",
31753,q,a,cx_stage1,,"[[[24, 550], [55, 550]], [], [true, true]]",
31754,q,a,cx_stage3,,"[[[24, 550], [55, 550]], [], [true, true]]",
31755,q,a,p,,"[[[55, 551]], [], [true]]",
31756,q,a,cx_stage1,,"[[[24, 554], [55, 554]], [], [true, true]]",
31757,q,a,cx_stage3,,"[[[24, 554], [55, 554]], [], [true, true]]",
31758,q,a,cx_stage1,,"[[[25, 557], [55, 557]], [], [true, true]]",
31759,q,a,cx_stage3,,"[[[25, 557], [55, 557]], [], [true, true]]",
31760,q,a,p,,"[[[55, 558]], [], [true]]",
31761,q,a,cx_stage1,,"[[[25, 561], [55, 561]], [], [true, true]]",
31762,q,a,cx_stage3,,"[[[25, 561], [55, 561]], [], [true, true]]",
31763,q,a,cx_stage1,,"[[[26, 564], [55, 564]], [], [true, true]]",
31764,q,a,cx_stage3,,"[[[26, 564], [55, 564]], [], [true, true]]",
31765,q,a,p,,"[[[55, 565]], [], [true]]",
31766,q,a,cx_stage1,,"[[[26, 568], [55, 568]], [], [true, true]]",
31767,q,a,cx_stage3,,"[[[26, 568], [55, 568]], [], [true, true]]",
31768,q,a,cx_stage1,,"[[[27, 571], [55, 571]], [], [true, true]]",
31769,q,a,cx_stage3,,"[[[27, 571], [55, 571]], [], [true, true]]",
31770,q,a,p,,"[[[55, 572]], [], [true]]",
31771,q,a,cx_stage1,,"[[[27, 575], [55, 575]], [], [true, true]]",
31772,q,a,cx_stage3,,"[[[27, 575], [55, 575]], [], [true, true]]",
31773,q,a,cx_stage1,,"[[[28, 578], [55, 578]], [], [true, true]]",
31774,q,a,cx_stage3,,"[[[28, 578], [55, 578]], [], [true, true]]",
31775,q,a,p,,"[[[55, 579]], [], [true]]",
31776,q,a,cx_stage1,,"[[[28, 582], [55, 582]], [], [true, true]]",
31777,q,a,cx_stage3,,"[[[28, 582], [55, 582]], [], [true, true]]",
31778,q,a,cx_stage1,,"[[[29, 585], [55, 585]], [], [true, true]]",
31779,q,a,cx_stage3,,"[[[29, 585], [55, 585]], [], [true, true]]",
31780,q,a,p,,"[[[55, 586]], [], [true]]",
31781,q,a,cx_stage1,,"[[[29, 589], [55, 589]], [], [true, true]]",
31782,q,a,cx_stage3,,"[[[29, 589], [55, 589]], [], [true, true]]",
31783,q,a,cx_stage1,,"[[[30, 592], [55, 592]], [], [true, true]]",
31784,q,a,cx_stage3,,"[[[30, 592], [55, 592]], [], [true, true]]",
31785,q,a,p,,"[[[55, 593]], [], [true]]",
31786,q,a,cx_stage1,,"[[[30, 596], [55, 596]], [], [true, true]]",
31787,q,a,cx_stage3,,"[[[30, 596], [55, 596]], [], [true, true]]",
31788,q,a,cx_stage1,,"[[[31, 599], [55, 599]], [], [true, true]]",
31789,q,a,cx_stage3,,"[[[31, 599], [55, 599]], [], [true, true]]",
31790,q,a,p,,"[[[55, 600]], [], [true]]",
31791,q,a,cx_stage1,,"[[[31, 603], [55, 603]], [], [true, true]]",
31792,q,a,cx_stage3,,"[[[31, 603], [55, 603]], [], [true, true]]",
31793,q,a,cx_stage1,,"[[[32, 606], [55, 606]], [], [true, true]]",
31794,q,a,cx_stage3,,"[[[32, 606], [55, 606]], [], [true, true]]",
31795,q,a,p,,"[[[55, 607]], [], [true]]",
31796,q,a,cx_stage1,,"[[[32, 610], [55, 610]], [], [true, true]]",
31797,q,a,cx_stage3,,"[[[32, 610], [55, 610]], [], [true, true]]",
31798,q,a,cx_stage1,,"[[[33, 613], [55, 613]], [], [true, true]]",
31799,q,a,cx_stage3,,"[[[33, 613], [55, 613]], [], [true, true]]",
31800,q,a,p,,"[[[55, 614]], [], [true]]",
31801,q,a,cx_stage1,,"[[[33, 617], [55, 617]], [], [true, true]]",
31802,q,a,cx_stage3,,"[[[33, 617], [55, 617]], [], [true, true]]",
31803,q,a,cx_stage1,,"[[[34, 620], [55, 620]], [], [true, true]]",
31804,q,a,cx_stage3,,"[[[34, 620], [55, 620]], [], [true, true]]",
31805,q,a,p,,"[[[55, 621]], [], [true]]",
31806,q,a,cx_stage1,,"[[[34, 624], [55, 624]], [], [true, true]]",
31807,q,a,cx_stage3,,"[[[34, 624], [55, 624]], [], [true, true]]",
31808,q,a,cx_stage1,,"[[[35, 627], [55, 627]], [], [true, true]]",
31809,q,a,cx_stage3,,"[[[35, 627], [55, 627]], [], [true, true]]",
31810,q,a,p,,"[[[55, 628]], [], [true]]",
31811,q,a,cx_stage1,,"[[[35, 631], [55, 631]], [], [true, true]]",
31812,q,a,cx_stage3,,"[[[35, 631], [55, 631]], [], [true, true]]",
31813,q,a,cx_stage1,,"[[[36, 634], [55, 634]], [], [true, true]]",
31814,q,a,cx_stage3,,"[[[36, 634], [55, 634]], [], [true, true]]",
31815,q,a,p,,"[[[55, 635]], [], [true]]",
31816,q,a,cx_stage1,,"[[[36, 638], [55, 638]], [], [true, true]]",
31817,q,a,cx_stage3,,"[[[36, 638], [55, 638]], [], [true, true]]",
31818,q,a,cx_stage1,,"[[[37, 641], [55, 641]], [], [true, true]]",
31819,q,a,cx_stage3,,"[[[37, 641], [55, 641]], [], [true, true]]",
31820,q,a,p,,"[[[55, 642]], [], [true]]",
31821,q,a,cx_stage1,,"[[[37, 645], [55, 645]], [], [true, true]]",
31822,q,a,cx_stage3,,"[[[37, 645], [55, 645]], [], [true, true]]",
31823,q,a,cx_stage1,,"[[[38, 648], [55, 648]], [], [true, true]]",
31824,q,a,cx_stage3,,"[[[38, 648], [55, 648]], [], [true, true]]",
31825,q,a,p,,"[[[55, 649]], [], [true]]",
31826,q,a,cx_stage1,,"[[[38, 652], [55, 652]], [], [true, true]]",
31827,q,a,cx_stage3,,"[[[38, 652], [55, 652]], [], [true, true]]",
31828,q,a,cx_stage1,,"[[[39, 655], [55, 655]], [], [true, true]]",
31829,q,a,cx_stage3,,"[[[39, 655], [55, 655]], [], [true, true]]",
31830,q,a,p,,"[[[55, 656]], [], [true]]",
31831,q,a,cx_stage1,,"[[[39, 659], [55, 659]], [], [true, true]]",
31832,q,a,cx_stage3,,"[[[39, 659], [55, 659]], [], [true, true]]",
31833,q,a,cx_stage1,,"[[[40, 662], [55, 662]], [], [true, true]]",
31834,q,a,cx_stage3,,"[[[40, 662], [55, 662]], [], [true, true]]",
31835,q,a,p,,"[[[55, 663]], [], [true]]",
31836,q,a,cx_stage1,,"[[[40, 666], [55, 666]], [], [true, true]]",
31837,q,a,cx_stage3,,"[[[40, 666], [55, 666]], [], [true, true]]",
31838,q,a,cx_stage1,,"[[[41, 669], [55, 669]], [], [true, true]]",
31839,q,a,cx_stage3,,"[[[41, 669], [55, 669]], [], [true, true]]",
31840,q,a,p,,"[[[55, 670]], [], [true]]",
31841,q,a,cx_stage1,,"[[[41, 673], [55, 673]], [], [true, true]]",
31842,q,a,cx_stage3,,"[[[41, 673], [55, 673]], [], [true, true]]",
31843,q,a,cx_stage1,,"[[[42, 676], [55, 676]], [], [true, true]]",
31844,q,a,cx_stage3,,"[[[42, 676], [55, 676]], [], [true, true]]",
31845,q,a,p,,"[[[55, 677]], [], [true]]",
31846,q,a,cx_stage1,,"[[[42, 680], [55, 680]], [], [true, true]]",
31847,q,a,cx_stage3,,"[[[42, 680], [55, 680]], [], [true, true]]",
31848,q,a,cx_stage1,,"[[[43, 683], [55, 683]], [], [true, true]]",
31849,q,a,cx_stage3,,"[[[43, 683], [55, 683]], [], [true, true]]",
31850,q,a,p,,"[[[55, 684]], [], [true]]",
31851,q,a,cx_stage1,,"[[[43, 687], [55, 687]], [], [true, true]]",
31852,q,a,cx_stage3,,"[[[43, 687], [55, 687]], [], [true, true]]",
31853,q,a,cx_stage1,,"[[[44, 690], [55, 690]], [], [true, true]]",
31854,q,a,cx_stage3,,"[[[44, 690], [55, 690]], [], [true, true]]",
31855,q,a,p,,"[[[55, 691]], [], [true]]",
31856,q,a,cx_stage1,,"[[[44, 694], [55, 694]], [], [true, true]]",
31857,q,a,cx_stage3,,"[[[44, 694], [55, 694]], [], [true, true]]",
31858,q,a,cx_stage1,,"[[[45, 697], [55, 697]], [], [true, true]]",
31859,q,a,cx_stage3,,"[[[45, 697], [55, 697]], [], [true, true]]",
31860,q,a,p,,"[[[55, 698]], [], [true]]",
31861,q,a,cx_stage1,,"[[[45, 701], [55, 701]], [], [true, true]]",
31862,q,a,cx_stage3,,"[[[45, 701], [55, 701]], [], [true, true]]",
31863,q,a,cx_stage1,,"[[[46, 704], [55, 704]], [], [true, true]]",
31864,q,a,cx_stage3,,"[[[46, 704], [55, 704]], [], [true, true]]",
31865,q,a,p,,"[[[55, 705]], [], [true]]",
31866,q,a,cx_stage1,,"[[[46, 708], [55, 708]], [], [true, true]]",
31867,q,a,cx_stage3,,"[[[46, 708], [55, 708]], [], [true, true]]",
31868,q,a,cx_stage1,,"[[[47, 711], [55, 711]], [], [true, true]]",
31869,q,a,cx_stage3,,"[[[47, 711], [55, 711]], [], [true, true]]",
31870,q,a,p,,"[[[55, 712]], [], [true]]",
31871,q,a,cx_stage1,,"[[[47, 715], [55, 715]], [], [true, true]]",
31872,q,a,cx_stage3,,"[[[47, 715], [55, 715]], [], [true, true]]",
31873,q,a,cx_stage1,,"[[[48, 718], [55, 718]], [], [true, true]]",
31874,q,a,cx_stage3,,"[[[48, 718], [55, 718]], [], [true, true]]",
31875,q,a,p,,"[[[55, 719]], [], [true]]",
31876,q,a,cx_stage1,,"[[[48, 722], [55, 722]], [], [true, true]]",
31877,q,a,cx_stage3,,"[[[48, 722], [55, 722]], [], [true, true]]",
31878,q,a,cx_stage1,,"[[[49, 725], [55, 725]], [], [true, true]]",
31879,q,a,cx_stage3,,"[[[49, 725], [55, 725]], [], [true, true]]",
31880,q,a,p,,"[[[55, 726]], [], [true]]",
31881,q,a,cx_stage1,,"[[[49, 729], [55, 729]], [], [true, true]]",
31882,q,a,cx_stage3,,"[[[49, 729], [55, 729]], [], [true, true]]",
31883,q,a,cx_stage1,,"[[[50, 732], [55, 732]], [], [true, true]]",
31884,q,a,cx_stage3,,"[[[50, 732], [55, 732]], [], [true, true]]",
31885,q,a,p,,"[[[55, 733]], [], [true]]",
31886,q,a,cx_stage1,,"[[[50, 736], [55, 736]], [], [true, true]]",
31887,q,a,cx_stage3,,"[[[50, 736], [55, 736]], [], [true, true]]",
31888,q,a,cx_stage1,,"[[[51, 739], [55, 739]], [], [true, true]]",
31889,q,a,cx_stage3,,"[[[51, 739], [55, 739]], [], [true, true]]",
31890,q,a,p,,"[[[55, 740]], [], [true]]",
31891,q,a,cx_stage1,,"[[[51, 743], [55, 743]], [], [true, true]]",
31892,q,a,cx_stage3,,"[[[51, 743], [55, 743]], [], [true, true]]",
31893,q,a,cx_stage1,,"[[[52, 746], [55, 746]], [], [true, true]]",
31894,q,a,cx_stage3,,"[[[52, 746], [55, 746]], [], [true, true]]",
31895,q,a,p,,"[[[55, 747]], [], [true]]",
31896,q,a,cx_stage1,,"[[[52, 750], [55, 750]], [], [true, true]]",
31897,q,a,cx_stage3,,"[[[52, 750], [55, 750]], [], [true, true]]",
31898,q,a,cx_stage1,,"[[[53, 753], [55, 753]], [], [true, true]]",
31899,q,a,cx_stage3,,"[[[53, 753], [55, 753]], [], [true, true]]",
31900,q,a,p,,"[[[55, 754]], [], [true]]",
31901,q,a,cx_stage1,,"[[[53, 757], [55, 757]], [], [true, true]]",
31902,q,a,cx_stage3,,"[[[53, 757], [55, 757]], [], [true, true]]",
31903,q,a,cx_stage1,,"[[[54, 760], [55, 760]], [], [true, true]]",
31904,q,a,cx_stage3,,"[[[54, 760], [55, 760]], [], [true, true]]",
31905,q,a,p,,"[[[55, 761]], [], [true]]",
31906,q,a,cx_stage1,,"[[[54, 764], [55, 764]], [], [true, true]]",
31907,q,a,cx_stage3,,"[[[54, 764], [55, 764]], [], [true, true]]",
31908,q,a,u2,,"[[[55, 765]], [], [true]]",
31909,q,a,cx_stage1,,"[[[0, 775], [55, 775]], [], [true, true]]",
31910,q,a,cx_stage3,,"[[[0, 775], [55, 775]], [], [true, true]]",
31911,q,a,p,,"[[[55, 776]], [], [true]]",
31912,q,a,cx_stage1,,"[[[0, 779], [55, 779]], [], [true, true]]",
31913,q,a,cx_stage3,,"[[[0, 779], [55, 779]], [], [true, true]]",
31914,q,a,cx_stage1,,"[[[1, 782], [55, 782]], [], [true, true]]",
31915,q,a,cx_stage3,,"[[[1, 782], [55, 782]], [], [true, true]]",
31916,q,a,p,,"[[[55, 783]], [], [true]]",
31917,q,a,cx_stage1,,"[[[1, 786], [55, 786]], [], [true, true]]",
31918,q,a,cx_stage3,,"[[[1, 786], [55, 786]], [], [true, true]]",
31919,q,a,cx_stage1,,"[[[2, 789], [55, 789]], [], [true, true]]",
31920,q,a,cx_stage3,,"[[[2, 789], [55, 789]], [], [true, true]]",
31921,q,a,p,,"[[[55, 790]], [], [true]]",
31922,q,a,cx_stage1,,"[[[2, 793], [55, 793]], [], [true, true]]",
31923,q,a,cx_stage3,,"[[[2, 793], [55, 793]], [], [true, true]]",
31924,q,a,cx_stage1,,"[[[3, 796], [55, 796]], [], [true, true]]",
31925,q,a,cx_stage3,,"[[[3, 796], [55, 796]], [], [true, true]]",
31926,q,a,p,,"[[[55, 797]], [], [true]]",
31927,q,a,cx_stage1,,"[[[3, 800], [55, 800]], [], [true, true]]",
31928,q,a,cx_stage3,,"[[[3, 800], [55, 800]], [], [true, true]]",
31929,q,a,cx_stage1,,"[[[4, 803], [55, 803]], [], [true, true]]",
31930,q,a,cx_stage3,,"[[[4, 803], [55, 803]], [], [true, true]]",
31931,q,a,p,,"[[[55, 804]], [], [true]]",
31932,q,a,cx_stage1,,"[[[4, 807], [55, 807]], [], [true, true]]",
31933,q,a,cx_stage3,,"[[[4, 807], [55, 807]], [], [true, true]]",
31934,q,a,cx_stage1,,"[[[5, 810], [55, 810]], [], [true, true]]",
31935,q,a,cx_stage2,,"[[[5, 810], [55, 810]], [], [true, true]]",
31936,q,a,cx_stage3,,"[[[5, 810], [55, 810]], [], [true, true]]",
31937,q,a,p,,"[[[55, 811]], [], [true]]",
31938,q,a,cx_stage1,,"[[[5, 814], [55, 814]], [], [true, true]]",
31939,q,a,cx_stage2,,"[[[5, 814], [55, 814]], [], [true, true]]",
31940,q,a,cx_stage3,,"[[[5, 814], [55, 814]], [], [true, true]]",
31941,q,a,cx_stage1,,"[[[6, 817], [55, 817]], [], [true, true]]",
31942,q,a,cx_stage2,,"[[[6, 817], [55, 817]], [], [true, true]]",
31943,q,a,cx_stage3,,"[[[6, 817], [55, 817]], [], [true, true]]",
31944,q,a,p,,"[[[55, 818]], [], [true]]",
31945,q,a,cx_stage1,,"[[[6, 821], [55, 821]], [], [true, true]]",
31946,q,a,cx_stage2,,"[[[6, 821], [55, 821]], [], [true, true]]",
31947,q,a,cx_stage3,,"[[[6, 821], [55, 821]], [], [true, true]]",
31948,q,a,cx_stage1,,"[[[7, 824], [55, 824]], [], [true, true]]",
31949,q,a,cx_stage2,,"[[[7, 824], [55, 824]], [], [true, true]]",
31950,q,a,cx_stage3,,"[[[7, 824], [55, 824]], [], [true, true]]",
31951,q,a,p,,"[[[55, 825]], [], [true]]",
31952,q,a,cx_stage1,,"[[[7, 828], [55, 828]], [], [true, true]]",
31953,q,a,cx_stage2,,"[[[7, 828], [55, 828]], [], [true, true]]",
31954,q,a,cx_stage3,,"[[[7, 828], [55, 828]], [], [true, true]]",
31955,q,a,cx_stage1,,"[[[8, 831], [55, 831]], [], [true, true]]",
31956,q,a,cx_stage2,,"[[[8, 831], [55, 831]], [], [true, true]]",
31957,q,a,cx_stage3,,"[[[8, 831], [55, 831]], [], [true, true]]",
31958,q,a,p,,"[[[55, 832]], [], [true]]",
31959,q,a,cx_stage1,,"[[[8, 835], [55, 835]], [], [true, true]]",
31960,q,a,cx_stage2,,"[[[8, 835], [55, 835]], [], [true, true]]",
31961,q,a,cx_stage3,,"[[[8, 835], [55, 835]], [], [true, true]]",
31962,q,a,cx_stage1,,"[[[9, 838], [55, 838]], [], [true, true]]",
31963,q,a,cx_stage2,,"[[[9, 838], [55, 838]], [], [true, true]]",
31964,q,a,cx_stage3,,"[[[9, 838], [55, 838]], [], [true, true]]",
31965,q,a,p,,"[[[55, 839]], [], [true]]",
31966,q,a,cx_stage1,,"[[[9, 842], [55, 842]], [], [true, true]]",
31967,q,a,cx_stage2,,"[[[9, 842], [55, 842]], [], [true, true]]",
31968,q,a,cx_stage3,,"[[[9, 842], [55, 842]], [], [true, true]]",
31969,q,a,cx_stage1,,"[[[10, 845], [55, 845]], [], [true, true]]",
31970,q,a,cx_stage3,,"[[[10, 845], [55, 845]], [], [true, true]]",
31971,q,a,p,,"[[[55, 846]], [], [true]]",
31972,q,a,cx_stage1,,"[[[10, 849], [55, 849]], [], [true, true]]",
31973,q,a,cx_stage3,,"[[[10, 849], [55, 849]], [], [true, true]]",
31974,q,a,cx_stage1,,"[[[11, 852], [55, 852]], [], [true, true]]",
31975,q,a,cx_stage3,,"[[[11, 852], [55, 852]], [], [true, true]]",
31976,q,a,p,,"[[[55, 853]], [], [true]]",
31977,q,a,cx_stage1,,"[[[11, 856], [55, 856]], [], [true, true]]",
31978,q,a,cx_stage3,,"[[[11, 856], [55, 856]], [], [true, true]]",
31979,q,a,cx_stage1,,"[[[12, 859], [55, 859]], [], [true, true]]",
31980,q,a,cx_stage3,,"[[[12, 859], [55, 859]], [], [true, true]]",
31981,q,a,p,,"[[[55, 860]], [], [true]]",
31982,q,a,cx_stage1,,"[[[12, 863], [55, 863]], [], [true, true]]",
31983,q,a,cx_stage3,,"[[[12, 863], [55, 863]], [], [true, true]]",
31984,q,a,cx_stage1,,"[[[13, 866], [55, 866]], [], [true, true]]",
31985,q,a,cx_stage3,,"[[[13, 866], [55, 866]], [], [true, true]]",
31986,q,a,p,,"[[[55, 867]], [], [true]]",
31987,q,a,cx_stage1,,"[[[13, 870], [55, 870]], [], [true, true]]",
31988,q,a,cx_stage3,,"[[[13, 870], [55, 870]], [], [true, true]]",
31989,q,a,cx_stage1,,"[[[14, 873], [55, 873]], [], [true, true]]",
31990,q,a,cx_stage3,,"[[[14, 873], [55, 873]], [], [true, true]]",
31991,q,a,p,,"[[[55, 874]], [], [true]]",
31992,q,a,cx_stage1,,"[[[14, 877], [55, 877]], [], [true, true]]",
31993,q,a,cx_stage3,,"[[[14, 877], [55, 877]], [], [true, true]]",
31994,q,a,cx_stage1,,"[[[15, 880], [55, 880]], [], [true, true]]",
31995,q,a,cx_stage3,,"[[[15, 880], [55, 880]], [], [true, true]]",
31996,q,a,p,,"[[[55, 881]], [], [true]]",
31997,q,a,cx_stage1,,"[[[15, 884], [55, 884]], [], [true, true]]",
31998,q,a,cx_stage3,,"[[[15, 884], [55, 884]], [], [true, true]]",
31999,q,a,cx_stage1,,"[[[16, 887], [55, 887]], [], [true, true]]",
32000,q,a,cx_stage3,,"[[[16, 887], [55, 887]], [], [true, true]]",
32001,q,a,p,,"[[[55, 888]], [], [true]]",
32002,q,a,cx_stage1,,"[[[16, 891], [55, 891]], [], [true, true]]",
32003,q,a,cx_stage3,,"[[[16, 891], [55, 891]], [], [true, true]]",
32004,q,a,cx_stage1,,"[[[17, 894], [55, 894]], [], [true, true]]",
32005,q,a,cx_stage3,,"[[[17, 894], [55, 894]], [], [true, true]]",
32006,q,a,p,,"[[[55, 895]], [], [true]]",
32007,q,a,cx_stage1,,"[[[17, 898], [55, 898]], [], [true, true]]",
32008,q,a,cx_stage3,,"[[[17, 898], [55, 898]], [], [true, true]]",
32009,q,a,cx_stage1,,"[[[18, 901], [55, 901]], [], [true, true]]",
32010,q,a,cx_stage3,,"[[[18, 901], [55, 901]], [], [true, true]]",
32011,q,a,p,,"[[[55, 902]], [], [true]]",
32012,q,a,cx_stage1,,"[[[18, 905], [55, 905]], [], [true, true]]",
32013,q,a,cx_stage3,,"[[[18, 905], [55, 905]], [], [true, true]]",
32014,q,a,cx_stage1,,"[[[19, 908], [55, 908]], [], [true, true]]",
32015,q,a,cx_stage3,,"[[[19, 908], [55, 908]], [], [true, true]]",
32016,q,a,p,,"[[[55, 909]], [], [true]]",
32017,q,a,cx_stage1,,"[[[19, 912], [55, 912]], [], [true, true]]",
32018,q,a,cx_stage3,,"[[[19, 912], [55, 912]], [], [true, true]]",
32019,q,a,cx_stage1,,"[[[20, 915], [55, 915]], [], [true, true]]",
32020,q,a,cx_stage3,,"[[[20, 915], [55, 915]], [], [true, true]]",
32021,q,a,p,,"[[[55, 916]], [], [true]]",
32022,q,a,cx_stage1,,"[[[20, 919], [55, 919]], [], [true, true]]",
32023,q,a,cx_stage3,,"[[[20, 919], [55, 919]], [], [true, true]]",
32024,q,a,cx_stage1,,"[[[21, 922], [55, 922]], [], [true, true]]",
32025,q,a,cx_stage3,,"[[[21, 922], [55, 922]], [], [true, true]]",
32026,q,a,p,,"[[[55, 923]], [], [true]]",
32027,q,a,cx_stage1,,"[[[21, 926], [55, 926]], [], [true, true]]",
32028,q,a,cx_stage3,,"[[[21, 926], [55, 926]], [], [true, true]]",
32029,q,a,cx_stage1,,"[[[22, 929], [55, 929]], [], [true, true]]",
32030,q,a,cx_stage3,,"[[[22, 929], [55, 929]], [], [true, true]]",
32031,q,a,p,,"[[[55, 930]], [], [true]]",
32032,q,a,cx_stage1,,"[[[22, 933], [55, 933]], [], [true, true]]",
32033,q,a,cx_stage3,,"[[[22, 933], [55, 933]], [], [true, true]]",
32034,q,a,cx_stage1,,"[[[23, 936], [55, 936]], [], [true, true]]",
32035,q,a,cx_stage3,,"[[[23, 936], [55, 936]], [], [true, true]]",
32036,q,a,p,,"[[[55, 937]], [], [true]]",
32037,q,a,cx_stage1,,"[[[23, 940], [55, 940]], [], [true, true]]",
32038,q,a,cx_stage3,,"[[[23, 940], [55, 940]], [], [true, true]]",
32039,q,a,cx_stage1,,"[[[24, 943], [55, 943]], [], [true, true]]",
32040,q,a,cx_stage3,,"[[[24, 943], [55, 943]], [], [true, true]]",
32041,q,a,p,,"[[[55, 944]], [], [true]]",
32042,q,a,cx_stage1,,"[[[24, 947], [55, 947]], [], [true, true]]",
32043,q,a,cx_stage3,,"[[[24, 947], [55, 947]], [], [true, true]]",
32044,q,a,cx_stage1,,"[[[25, 950], [55, 950]], [], [true, true]]",
32045,q,a,cx_stage3,,"[[[25, 950], [55, 950]], [], [true, true]]",
32046,q,a,p,,"[[[55, 951]], [], [true]]",
32047,q,a,cx_stage1,,"[[[25, 954], [55, 954]], [], [true, true]]",
32048,q,a,cx_stage3,,"[[[25, 954], [55, 954]], [], [true, true]]",
32049,q,a,cx_stage1,,"[[[26, 957], [55, 957]], [], [true, true]]",
32050,q,a,cx_stage3,,"[[[26, 957], [55, 957]], [], [true, true]]",
32051,q,a,p,,"[[[55, 958]], [], [true]]",
32052,q,a,cx_stage1,,"[[[26, 961], [55, 961]], [], [true, true]]",
32053,q,a,cx_stage3,,"[[[26, 961], [55, 961]], [], [true, true]]",
32054,q,a,cx_stage1,,"[[[27, 964], [55, 964]], [], [true, true]]",
32055,q,a,cx_stage3,,"[[[27, 964], [55, 964]], [], [true, true]]",
32056,q,a,p,,"[[[55, 965]], [], [true]]",
32057,q,a,cx_stage1,,"[[[27, 968], [55, 968]], [], [true, true]]",
32058,q,a,cx_stage3,,"[[[27, 968], [55, 968]], [], [true, true]]",
32059,q,a,cx_stage1,,"[[[28, 971], [55, 971]], [], [true, true]]",
32060,q,a,cx_stage3,,"[[[28, 971], [55, 971]], [], [true, true]]",
32061,q,a,p,,"[[[55, 972]], [], [true]]",
32062,q,a,cx_stage1,,"[[[28, 975], [55, 975]], [], [true, true]]",
32063,q,a,cx_stage3,,"[[[28, 975], [55, 975]], [], [true, true]]",
32064,q,a,cx_stage1,,"[[[29, 978], [55, 978]], [], [true, true]]",
32065,q,a,cx_stage3,,"[[[29, 978], [55, 978]], [], [true, true]]",
32066,q,a,p,,"[[[55, 979]], [], [true]]",
32067,q,a,cx_stage1,,"[[[29, 982], [55, 982]], [], [true, true]]",
32068,q,a,cx_stage3,,"[[[29, 982], [55, 982]], [], [true, true]]",
32069,q,a,cx_stage1,,"[[[30, 985], [55, 985]], [], [true, true]]",
32070,q,a,cx_stage3,,"[[[30, 985], [55, 985]], [], [true, true]]",
32071,q,a,p,,"[[[55, 986]], [], [true]]",
32072,q,a,cx_stage1,,"[[[30, 989], [55, 989]], [], [true, true]]",
32073,q,a,cx_stage3,,"[[[30, 989], [55, 989]], [], [true, true]]",
32074,q,a,cx_stage1,,"[[[31, 992], [55, 992]], [], [true, true]]",
32075,q,a,cx_stage3,,"[[[31, 992], [55, 992]], [], [true, true]]",
32076,q,a,p,,"[[[55, 993]], [], [true]]",
32077,q,a,cx_stage1,,"[[[31, 996], [55, 996]], [], [true, true]]",
32078,q,a,cx_stage3,,"[[[31, 996], [55, 996]], [], [true, true]]",
32079,q,a,cx_stage1,,"[[[32, 999], [55, 999]], [], [true, true]]",
32080,q,a,cx_stage3,,"[[[32, 999], [55, 999]], [], [true, true]]",
32081,q,a,u2,,"[[[5, 1]], [], [true]]",
32082,q,a,cx_stage1,,"[[[0, 32], [5, 32]], [], [true, true]]",
32083,q,a,cx_stage1,,"[[[5, 102], [10, 102]], [], [true, true]]",
32084,q,a,cx_stage3,,"[[[5, 102], [10, 102]], [], [true, true]]",
32085,q,a,cx_stage1,,"[[[5, 106], [10, 106]], [], [true, true]]",
32086,q,a,cx_stage3,,"[[[5, 106], [10, 106]], [], [true, true]]",
32087,q,a,cx_stage1,,"[[[5, 109], [11, 109]], [], [true, true]]",
32088,q,a,cx_stage3,,"[[[5, 109], [11, 109]], [], [true, true]]",
32089,q,a,cx_stage1,,"[[[5, 113], [11, 113]], [], [true, true]]",
32090,q,a,cx_stage3,,"[[[5, 113], [11, 113]], [], [true, true]]",
32091,q,a,cx_stage1,,"[[[5, 116], [12, 116]], [], [true, true]]",
32092,q,a,cx_stage3,,"[[[5, 116], [12, 116]], [], [true, true]]",
32093,q,a,cx_stage1,,"[[[5, 120], [12, 120]], [], [true, true]]",
32094,q,a,cx_stage3,,"[[[5, 120], [12, 120]], [], [true, true]]",
32095,q,a,cx_stage1,,"[[[5, 123], [13, 123]], [], [true, true]]",
32096,q,a,cx_stage3,,"[[[5, 123], [13, 123]], [], [true, true]]",
32097,q,a,cx_stage1,,"[[[5, 127], [13, 127]], [], [true, true]]",
32098,q,a,cx_stage3,,"[[[5, 127], [13, 127]], [], [true, true]]",
32099,q,a,cx_stage1,,"[[[5, 130], [14, 130]], [], [true, true]]",
32100,q,a,cx_stage3,,"[[[5, 130], [14, 130]], [], [true, true]]",
32101,q,a,cx_stage1,,"[[[5, 134], [14, 134]], [], [true, true]]",
32102,q,a,cx_stage2,,"[[[5, 1308], [6, 1308]], [], [true, true]]",
32103,q,a,cx_stage1,,"[[[5, 1308], [6, 1308]], [], [true, true]]",
32104,q,a,cx_stage3,,"[[[5, 1308], [6, 1308]], [], [true, true]]",
32105,q,a,cx_stage1,,"[[[4, 1311], [5, 1311]], [], [true, true]]",
32106,q,a,cx_stage3,,"[[[4, 1311], [5, 1311]], [], [true, true]]",
32107,q,a,ry,,"[[[5, 1312]], [], [true]]",
32108,q,a,cx_stage3,,"[[[5, 134], [14, 134]], [], [true, true]]",
32109,q,a,cx_stage1,,"[[[5, 137], [15, 137]], [], [true, true]]",
32110,q,a,cx_stage3,,"[[[5, 137], [15, 137]], [], [true, true]]",
32111,q,a,cx_stage1,,"[[[5, 141], [15, 141]], [], [true, true]]",
32112,q,a,cx_stage3,,"[[[5, 141], [15, 141]], [], [true, true]]",
32113,q,a,cx_stage1,,"[[[5, 144], [16, 144]], [], [true, true]]",
32114,q,a,cx_stage3,,"[[[5, 144], [16, 144]], [], [true, true]]",
32115,q,a,cx_stage1,,"[[[5, 148], [16, 148]], [], [true, true]]",
32116,q,a,cx_stage3,,"[[[5, 148], [16, 148]], [], [true, true]]",
32117,q,a,cx_stage1,,"[[[5, 151], [17, 151]], [], [true, true]]",
32118,q,a,cx_stage3,,"[[[5, 151], [17, 151]], [], [true, true]]",
32119,q,a,cx_stage1,,"[[[5, 155], [17, 155]], [], [true, true]]",
32120,q,a,cx_stage3,,"[[[5, 155], [17, 155]], [], [true, true]]",
32121,q,a,cx_stage1,,"[[[5, 158], [18, 158]], [], [true, true]]",
32122,q,a,cx_stage3,,"[[[5, 158], [18, 158]], [], [true, true]]",
32123,q,a,cx_stage1,,"[[[5, 162], [18, 162]], [], [true, true]]",
32124,q,a,cx_stage3,,"[[[5, 162], [18, 162]], [], [true, true]]",
32125,q,a,cx_stage1,,"[[[5, 165], [19, 165]], [], [true, true]]",
32126,q,a,cx_stage3,,"[[[5, 165], [19, 165]], [], [true, true]]",
32127,q,a,cx_stage1,,"[[[5, 169], [19, 169]], [], [true, true]]",
32128,q,a,cx_stage3,,"[[[5, 169], [19, 169]], [], [true, true]]",
32129,q,a,cx_stage1,,"[[[5, 172], [20, 172]], [], [true, true]]",
32130,q,a,cx_stage3,,"[[[5, 172], [20, 172]], [], [true, true]]",
32131,q,a,cx_stage1,,"[[[5, 176], [20, 176]], [], [true, true]]",
32132,q,a,cx_stage3,,"[[[5, 176], [20, 176]], [], [true, true]]",
32133,q,a,cx_stage1,,"[[[5, 179], [21, 179]], [], [true, true]]",
32134,q,a,cx_stage3,,"[[[5, 179], [21, 179]], [], [true, true]]",
32135,q,a,cx_stage1,,"[[[5, 183], [21, 183]], [], [true, true]]",
32136,q,a,cx_stage3,,"[[[5, 183], [21, 183]], [], [true, true]]",
32137,q,a,cx_stage1,,"[[[5, 186], [22, 186]], [], [true, true]]",
32138,q,a,cx_stage3,,"[[[5, 186], [22, 186]], [], [true, true]]",
32139,q,a,cx_stage1,,"[[[5, 190], [22, 190]], [], [true, true]]",
32140,q,a,cx_stage3,,"[[[5, 190], [22, 190]], [], [true, true]]",
32141,q,a,cx_stage1,,"[[[5, 193], [23, 193]], [], [true, true]]",
32142,q,a,cx_stage3,,"[[[5, 193], [23, 193]], [], [true, true]]",
32143,q,a,cx_stage1,,"[[[5, 197], [23, 197]], [], [true, true]]",
32144,q,a,cx_stage3,,"[[[5, 197], [23, 197]], [], [true, true]]",
32145,q,a,cx_stage1,,"[[[5, 200], [24, 200]], [], [true, true]]",
32146,q,a,cx_stage3,,"[[[5, 200], [24, 200]], [], [true, true]]",
32147,q,a,cx_stage1,,"[[[5, 204], [24, 204]], [], [true, true]]",
32148,q,a,cx_stage3,,"[[[5, 204], [24, 204]], [], [true, true]]",
32149,q,a,cx_stage1,,"[[[5, 207], [25, 207]], [], [true, true]]",
32150,q,a,cx_stage3,,"[[[5, 207], [25, 207]], [], [true, true]]",
32151,q,a,cx_stage1,,"[[[5, 211], [25, 211]], [], [true, true]]",
32152,q,a,cx_stage3,,"[[[5, 211], [25, 211]], [], [true, true]]",
32153,q,a,cx_stage1,,"[[[5, 214], [26, 214]], [], [true, true]]",
32154,q,a,cx_stage3,,"[[[5, 214], [26, 214]], [], [true, true]]",
32155,q,a,cx_stage1,,"[[[5, 218], [26, 218]], [], [true, true]]",
32156,q,a,cx_stage3,,"[[[5, 218], [26, 218]], [], [true, true]]",
32157,q,a,cx_stage1,,"[[[5, 221], [27, 221]], [], [true, true]]",
32158,q,a,cx_stage3,,"[[[5, 221], [27, 221]], [], [true, true]]",
32159,q,a,cx_stage1,,"[[[5, 225], [27, 225]], [], [true, true]]",
32160,q,a,cx_stage3,,"[[[5, 225], [27, 225]], [], [true, true]]",
32161,q,a,cx_stage1,,"[[[5, 228], [28, 228]], [], [true, true]]",
32162,q,a,cx_stage3,,"[[[5, 228], [28, 228]], [], [true, true]]",
32163,q,a,cx_stage1,,"[[[5, 232], [28, 232]], [], [true, true]]",
32164,q,a,cx_stage3,,"[[[5, 232], [28, 232]], [], [true, true]]",
32165,q,a,cx_stage1,,"[[[5, 235], [29, 235]], [], [true, true]]",
32166,q,a,cx_stage3,,"[[[5, 235], [29, 235]], [], [true, true]]",
32167,q,a,cx_stage1,,"[[[5, 239], [29, 239]], [], [true, true]]",
32168,q,a,cx_stage3,,"[[[5, 239], [29, 239]], [], [true, true]]",
32169,q,a,cx_stage1,,"[[[5, 242], [30, 242]], [], [true, true]]",
32170,q,a,cx_stage3,,"[[[5, 242], [30, 242]], [], [true, true]]",
32171,q,a,cx_stage1,,"[[[5, 246], [30, 246]], [], [true, true]]",
32172,q,a,cx_stage3,,"[[[5, 246], [30, 246]], [], [true, true]]",
32173,q,a,cx_stage1,,"[[[5, 249], [31, 249]], [], [true, true]]",
32174,q,a,cx_stage3,,"[[[5, 249], [31, 249]], [], [true, true]]",
32175,q,a,cx_stage1,,"[[[5, 253], [31, 253]], [], [true, true]]",
32176,q,a,cx_stage3,,"[[[5, 253], [31, 253]], [], [true, true]]",
32177,q,a,cx_stage1,,"[[[5, 256], [32, 256]], [], [true, true]]",
32178,q,a,cx_stage3,,"[[[5, 256], [32, 256]], [], [true, true]]",
32179,q,a,cx_stage1,,"[[[5, 260], [32, 260]], [], [true, true]]",
32180,q,a,cx_stage3,,"[[[5, 260], [32, 260]], [], [true, true]]",
32181,q,a,cx_stage1,,"[[[5, 263], [33, 263]], [], [true, true]]",
32182,q,a,cx_stage3,,"[[[5, 263], [33, 263]], [], [true, true]]",
32183,q,a,cx_stage1,,"[[[5, 267], [33, 267]], [], [true, true]]",
32184,q,a,cx_stage3,,"[[[5, 267], [33, 267]], [], [true, true]]",
32185,q,a,cx_stage1,,"[[[5, 270], [34, 270]], [], [true, true]]",
32186,q,a,cx_stage3,,"[[[5, 270], [34, 270]], [], [true, true]]",
32187,q,a,cx_stage1,,"[[[5, 274], [34, 274]], [], [true, true]]",
32188,q,a,cx_stage3,,"[[[5, 274], [34, 274]], [], [true, true]]",
32189,q,a,cx_stage1,,"[[[5, 277], [35, 277]], [], [true, true]]",
32190,q,a,cx_stage3,,"[[[5, 277], [35, 277]], [], [true, true]]",
32191,q,a,cx_stage1,,"[[[5, 281], [35, 281]], [], [true, true]]",
32192,q,a,cx_stage3,,"[[[5, 281], [35, 281]], [], [true, true]]",
32193,q,a,cx_stage1,,"[[[5, 284], [36, 284]], [], [true, true]]",
32194,q,a,cx_stage3,,"[[[5, 284], [36, 284]], [], [true, true]]",
32195,q,a,cx_stage1,,"[[[5, 288], [36, 288]], [], [true, true]]",
32196,q,a,cx_stage3,,"[[[5, 288], [36, 288]], [], [true, true]]",
32197,q,a,cx_stage1,,"[[[5, 291], [37, 291]], [], [true, true]]",
32198,q,a,cx_stage3,,"[[[5, 291], [37, 291]], [], [true, true]]",
32199,q,a,cx_stage1,,"[[[5, 295], [37, 295]], [], [true, true]]",
32200,q,a,cx_stage3,,"[[[5, 295], [37, 295]], [], [true, true]]",
32201,q,a,cx_stage1,,"[[[5, 298], [38, 298]], [], [true, true]]",
32202,q,a,cx_stage3,,"[[[5, 298], [38, 298]], [], [true, true]]",
32203,q,a,cx_stage1,,"[[[5, 302], [38, 302]], [], [true, true]]",
32204,q,a,cx_stage3,,"[[[5, 302], [38, 302]], [], [true, true]]",
32205,q,a,cx_stage1,,"[[[5, 305], [39, 305]], [], [true, true]]",
32206,q,a,cx_stage3,,"[[[5, 305], [39, 305]], [], [true, true]]",
32207,q,a,cx_stage1,,"[[[5, 309], [39, 309]], [], [true, true]]",
32208,q,a,cx_stage3,,"[[[5, 309], [39, 309]], [], [true, true]]",
32209,q,a,cx_stage1,,"[[[5, 312], [40, 312]], [], [true, true]]",
32210,q,a,cx_stage3,,"[[[0, 32], [5, 32]], [], [true, true]]",
32211,q,a,cx_stage3,,"[[[5, 312], [40, 312]], [], [true, true]]",
32212,q,a,cx_stage1,,"[[[5, 316], [40, 316]], [], [true, true]]",
32213,q,a,cx_stage3,,"[[[5, 316], [40, 316]], [], [true, true]]",
32214,q,a,cx_stage1,,"[[[5, 319], [41, 319]], [], [true, true]]",
32215,q,a,cx_stage3,,"[[[5, 319], [41, 319]], [], [true, true]]",
32216,q,a,cx_stage1,,"[[[5, 323], [41, 323]], [], [true, true]]",
32217,q,a,p,,"[[[5, 33]], [], [true]]",
32218,q,a,cx_stage3,,"[[[5, 323], [41, 323]], [], [true, true]]",
32219,q,a,cx_stage1,,"[[[5, 326], [42, 326]], [], [true, true]]",
32220,q,a,cx_stage3,,"[[[5, 326], [42, 326]], [], [true, true]]",
32221,q,a,cx_stage1,,"[[[5, 330], [42, 330]], [], [true, true]]",
32222,q,a,cx_stage3,,"[[[5, 330], [42, 330]], [], [true, true]]",
32223,q,a,cx_stage1,,"[[[0, 36], [5, 36]], [], [true, true]]",
32224,q,a,cx_stage1,,"[[[5, 333], [43, 333]], [], [true, true]]",
32225,q,a,cx_stage3,,"[[[5, 333], [43, 333]], [], [true, true]]",
32226,q,a,cx_stage1,,"[[[5, 337], [43, 337]], [], [true, true]]",
32227,q,a,cx_stage3,,"[[[5, 337], [43, 337]], [], [true, true]]",
32228,q,a,cx_stage1,,"[[[5, 340], [44, 340]], [], [true, true]]",
32229,q,a,cx_stage3,,"[[[5, 340], [44, 340]], [], [true, true]]",
32230,q,a,cx_stage1,,"[[[5, 344], [44, 344]], [], [true, true]]",
32231,q,a,cx_stage3,,"[[[5, 344], [44, 344]], [], [true, true]]",
32232,q,a,cx_stage1,,"[[[5, 347], [45, 347]], [], [true, true]]",
32233,q,a,cx_stage3,,"[[[5, 347], [45, 347]], [], [true, true]]",
32234,q,a,cx_stage1,,"[[[5, 351], [45, 351]], [], [true, true]]",
32235,q,a,cx_stage3,,"[[[0, 36], [5, 36]], [], [true, true]]",
32236,q,a,cx_stage3,,"[[[5, 351], [45, 351]], [], [true, true]]",
32237,q,a,cx_stage1,,"[[[5, 354], [46, 354]], [], [true, true]]",
32238,q,a,cx_stage3,,"[[[5, 354], [46, 354]], [], [true, true]]",
32239,q,a,cx_stage1,,"[[[5, 358], [46, 358]], [], [true, true]]",
32240,q,a,cx_stage3,,"[[[5, 358], [46, 358]], [], [true, true]]",
32241,q,a,cx_stage1,,"[[[5, 361], [47, 361]], [], [true, true]]",
32242,q,a,cx_stage1,,"[[[1, 39], [5, 39]], [], [true, true]]",
32243,q,a,cx_stage3,,"[[[5, 361], [47, 361]], [], [true, true]]",
32244,q,a,cx_stage1,,"[[[5, 365], [47, 365]], [], [true, true]]",
32245,q,a,cx_stage3,,"[[[5, 365], [47, 365]], [], [true, true]]",
32246,q,a,cx_stage1,,"[[[5, 368], [48, 368]], [], [true, true]]",
32247,q,a,cx_stage3,,"[[[5, 368], [48, 368]], [], [true, true]]",
32248,q,a,cx_stage1,,"[[[5, 372], [48, 372]], [], [true, true]]",
32249,q,a,cx_stage3,,"[[[5, 372], [48, 372]], [], [true, true]]",
32250,q,a,cx_stage1,,"[[[5, 375], [49, 375]], [], [true, true]]",
32251,q,a,cx_stage3,,"[[[5, 375], [49, 375]], [], [true, true]]",
32252,q,a,cx_stage1,,"[[[5, 379], [49, 379]], [], [true, true]]",
32253,q,a,cx_stage3,,"[[[5, 379], [49, 379]], [], [true, true]]",
32254,q,a,cx_stage1,,"[[[5, 382], [50, 382]], [], [true, true]]",
32255,q,a,cx_stage3,,"[[[1, 39], [5, 39]], [], [true, true]]",
32256,q,a,cx_stage3,,"[[[5, 382], [50, 382]], [], [true, true]]",
32257,q,a,cx_stage1,,"[[[5, 386], [50, 386]], [], [true, true]]",
32258,q,a,cx_stage3,,"[[[5, 386], [50, 386]], [], [true, true]]",
32259,q,a,cx_stage1,,"[[[5, 389], [51, 389]], [], [true, true]]",
32260,q,a,cx_stage3,,"[[[5, 389], [51, 389]], [], [true, true]]",
32261,q,a,cx_stage1,,"[[[5, 393], [51, 393]], [], [true, true]]",
32262,q,a,p,,"[[[5, 40]], [], [true]]",
32263,q,a,cx_stage3,,"[[[5, 393], [51, 393]], [], [true, true]]",
32264,q,a,cx_stage1,,"[[[5, 396], [52, 396]], [], [true, true]]",
32265,q,a,cx_stage3,,"[[[5, 396], [52, 396]], [], [true, true]]",
32266,q,a,cx_stage1,,"[[[5, 400], [52, 400]], [], [true, true]]",
32267,q,a,cx_stage3,,"[[[5, 400], [52, 400]], [], [true, true]]",
32268,q,a,cx_stage1,,"[[[1, 43], [5, 43]], [], [true, true]]",
32269,q,a,cx_stage1,,"[[[5, 403], [53, 403]], [], [true, true]]",
32270,q,a,cx_stage3,,"[[[5, 403], [53, 403]], [], [true, true]]",
32271,q,a,cx_stage1,,"[[[5, 407], [53, 407]], [], [true, true]]",
32272,q,a,cx_stage3,,"[[[5, 407], [53, 407]], [], [true, true]]",
32273,q,a,cx_stage1,,"[[[5, 410], [54, 410]], [], [true, true]]",
32274,q,a,cx_stage3,,"[[[5, 410], [54, 410]], [], [true, true]]",
32275,q,a,cx_stage1,,"[[[5, 414], [54, 414]], [], [true, true]]",
32276,q,a,cx_stage3,,"[[[5, 414], [54, 414]], [], [true, true]]",
32277,q,a,cx_stage1,,"[[[5, 417], [55, 417]], [], [true, true]]",
32278,q,a,cx_stage3,,"[[[5, 417], [55, 417]], [], [true, true]]",
32279,q,a,cx_stage1,,"[[[5, 421], [55, 421]], [], [true, true]]",
32280,q,a,cx_stage3,,"[[[1, 43], [5, 43]], [], [true, true]]",
32281,q,a,cx_stage3,,"[[[5, 421], [55, 421]], [], [true, true]]",
32282,q,a,u2,,"[[[5, 422]], [], [true]]",
32283,q,a,cx_stage1,,"[[[0, 425], [5, 425]], [], [true, true]]",
32284,q,a,cx_stage3,,"[[[0, 425], [5, 425]], [], [true, true]]",
32285,q,a,p,,"[[[5, 426]], [], [true]]",
32286,q,a,cx_stage1,,"[[[0, 429], [5, 429]], [], [true, true]]",
32287,q,a,cx_stage3,,"[[[0, 429], [5, 429]], [], [true, true]]",
32288,q,a,cx_stage1,,"[[[1, 432], [5, 432]], [], [true, true]]",
32289,q,a,cx_stage1,,"[[[2, 46], [5, 46]], [], [true, true]]",
32290,q,a,cx_stage3,,"[[[1, 432], [5, 432]], [], [true, true]]",
32291,q,a,p,,"[[[5, 433]], [], [true]]",
32292,q,a,cx_stage1,,"[[[1, 436], [5, 436]], [], [true, true]]",
32293,q,a,cx_stage3,,"[[[1, 436], [5, 436]], [], [true, true]]",
32294,q,a,cx_stage1,,"[[[2, 439], [5, 439]], [], [true, true]]",
32295,q,a,cx_stage3,,"[[[2, 439], [5, 439]], [], [true, true]]",
32296,q,a,p,,"[[[5, 440]], [], [true]]",
32297,q,a,cx_stage1,,"[[[2, 443], [5, 443]], [], [true, true]]",
32298,q,a,cx_stage3,,"[[[2, 443], [5, 443]], [], [true, true]]",
32299,q,a,cx_stage1,,"[[[3, 446], [5, 446]], [], [true, true]]",
32300,q,a,cx_stage3,,"[[[3, 446], [5, 446]], [], [true, true]]",
32301,q,a,p,,"[[[5, 447]], [], [true]]",
32302,q,a,cx_stage1,,"[[[3, 450], [5, 450]], [], [true, true]]",
32303,q,a,cx_stage3,,"[[[3, 450], [5, 450]], [], [true, true]]",
32304,q,a,cx_stage3,,"[[[2, 46], [5, 46]], [], [true, true]]",
32305,q,a,cx_stage1,,"[[[4, 453], [5, 453]], [], [true, true]]",
32306,q,a,cx_stage3,,"[[[4, 453], [5, 453]], [], [true, true]]",
32307,q,a,p,,"[[[5, 454]], [], [true]]",
32308,q,a,cx_stage1,,"[[[4, 457], [5, 457]], [], [true, true]]",
32309,q,a,cx_stage3,,"[[[4, 457], [5, 457]], [], [true, true]]",
32310,q,a,cx_stage1,,"[[[5, 467], [6, 467]], [], [true, true]]",
32311,q,a,p,,"[[[5, 47]], [], [true]]",
32312,q,a,cx_stage2,,"[[[5, 467], [6, 467]], [], [true, true]]",
32313,q,a,cx_stage3,,"[[[5, 467], [6, 467]], [], [true, true]]",
32314,q,a,cx_stage1,,"[[[5, 471], [6, 471]], [], [true, true]]",
32315,q,a,cx_stage2,,"[[[5, 471], [6, 471]], [], [true, true]]",
32316,q,a,cx_stage1,,"[[[2, 50], [5, 50]], [], [true, true]]",
32317,q,a,cx_stage3,,"[[[5, 471], [6, 471]], [], [true, true]]",
32318,q,a,cx_stage1,,"[[[5, 474], [7, 474]], [], [true, true]]",
32319,q,a,cx_stage2,,"[[[5, 474], [7, 474]], [], [true, true]]",
32320,q,a,cx_stage3,,"[[[5, 474], [7, 474]], [], [true, true]]",
32321,q,a,cx_stage1,,"[[[5, 478], [7, 478]], [], [true, true]]",
32322,q,a,cx_stage2,,"[[[5, 478], [7, 478]], [], [true, true]]",
32323,q,a,cx_stage3,,"[[[5, 478], [7, 478]], [], [true, true]]",
32324,q,a,cx_stage1,,"[[[5, 481], [8, 481]], [], [true, true]]",
32325,q,a,cx_stage2,,"[[[5, 481], [8, 481]], [], [true, true]]",
32326,q,a,cx_stage3,,"[[[5, 481], [8, 481]], [], [true, true]]",
32327,q,a,cx_stage1,,"[[[5, 485], [8, 485]], [], [true, true]]",
32328,q,a,cx_stage2,,"[[[5, 485], [8, 485]], [], [true, true]]",
32329,q,a,cx_stage3,,"[[[5, 485], [8, 485]], [], [true, true]]",
32330,q,a,cx_stage1,,"[[[5, 488], [9, 488]], [], [true, true]]",
32331,q,a,cx_stage2,,"[[[5, 488], [9, 488]], [], [true, true]]",
32332,q,a,cx_stage3,,"[[[5, 488], [9, 488]], [], [true, true]]",
32333,q,a,cx_stage1,,"[[[5, 492], [9, 492]], [], [true, true]]",
32334,q,a,cx_stage3,,"[[[2, 50], [5, 50]], [], [true, true]]",
32335,q,a,cx_stage2,,"[[[5, 492], [9, 492]], [], [true, true]]",
32336,q,a,cx_stage3,,"[[[5, 492], [9, 492]], [], [true, true]]",
32337,q,a,cx_stage1,,"[[[5, 495], [10, 495]], [], [true, true]]",
32338,q,a,cx_stage3,,"[[[5, 495], [10, 495]], [], [true, true]]",
32339,q,a,cx_stage1,,"[[[5, 499], [10, 499]], [], [true, true]]",
32340,q,a,cx_stage3,,"[[[5, 499], [10, 499]], [], [true, true]]",
32341,q,a,cx_stage1,,"[[[5, 502], [11, 502]], [], [true, true]]",
32342,q,a,cx_stage1,,"[[[3, 53], [5, 53]], [], [true, true]]",
32343,q,a,cx_stage3,,"[[[5, 502], [11, 502]], [], [true, true]]",
32344,q,a,cx_stage1,,"[[[5, 506], [11, 506]], [], [true, true]]",
32345,q,a,cx_stage3,,"[[[5, 506], [11, 506]], [], [true, true]]",
32346,q,a,cx_stage1,,"[[[5, 509], [12, 509]], [], [true, true]]",
32347,q,a,cx_stage3,,"[[[5, 509], [12, 509]], [], [true, true]]",
32348,q,a,cx_stage1,,"[[[5, 513], [12, 513]], [], [true, true]]",
32349,q,a,cx_stage3,,"[[[5, 513], [12, 513]], [], [true, true]]",
32350,q,a,cx_stage1,,"[[[5, 516], [13, 516]], [], [true, true]]",
32351,q,a,cx_stage3,,"[[[5, 516], [13, 516]], [], [true, true]]",
32352,q,a,cx_stage1,,"[[[5, 520], [13, 520]], [], [true, true]]",
32353,q,a,cx_stage3,,"[[[5, 520], [13, 520]], [], [true, true]]",
32354,q,a,cx_stage3,,"[[[3, 53], [5, 53]], [], [true, true]]",
32355,q,a,cx_stage1,,"[[[5, 523], [14, 523]], [], [true, true]]",
32356,q,a,cx_stage3,,"[[[5, 523], [14, 523]], [], [true, true]]",
32357,q,a,cx_stage1,,"[[[5, 527], [14, 527]], [], [true, true]]",
32358,q,a,cx_stage3,,"[[[5, 527], [14, 527]], [], [true, true]]",
32359,q,a,cx_stage1,,"[[[5, 530], [15, 530]], [], [true, true]]",
32360,q,a,cx_stage3,,"[[[5, 530], [15, 530]], [], [true, true]]",
32361,q,a,p,,"[[[5, 54]], [], [true]]",
32362,q,a,cx_stage1,,"[[[5, 534], [15, 534]], [], [true, true]]",
32363,q,a,cx_stage3,,"[[[5, 534], [15, 534]], [], [true, true]]",
32364,q,a,cx_stage1,,"[[[5, 537], [16, 537]], [], [true, true]]",
32365,q,a,cx_stage3,,"[[[5, 537], [16, 537]], [], [true, true]]",
32366,q,a,cx_stage1,,"[[[5, 541], [16, 541]], [], [true, true]]",
32367,q,a,cx_stage1,,"[[[3, 57], [5, 57]], [], [true, true]]",
32368,q,a,cx_stage3,,"[[[5, 541], [16, 541]], [], [true, true]]",
32369,q,a,cx_stage1,,"[[[5, 544], [17, 544]], [], [true, true]]",
32370,q,a,cx_stage3,,"[[[5, 544], [17, 544]], [], [true, true]]",
32371,q,a,cx_stage1,,"[[[5, 548], [17, 548]], [], [true, true]]",
32372,q,a,cx_stage3,,"[[[5, 548], [17, 548]], [], [true, true]]",
32373,q,a,cx_stage1,,"[[[5, 551], [18, 551]], [], [true, true]]",
32374,q,a,cx_stage3,,"[[[5, 551], [18, 551]], [], [true, true]]",
32375,q,a,cx_stage1,,"[[[5, 555], [18, 555]], [], [true, true]]",
32376,q,a,cx_stage3,,"[[[5, 555], [18, 555]], [], [true, true]]",
32377,q,a,cx_stage1,,"[[[5, 558], [19, 558]], [], [true, true]]",
32378,q,a,cx_stage3,,"[[[5, 558], [19, 558]], [], [true, true]]",
32379,q,a,cx_stage1,,"[[[5, 562], [19, 562]], [], [true, true]]",
32380,q,a,cx_stage3,,"[[[3, 57], [5, 57]], [], [true, true]]",
32381,q,a,cx_stage3,,"[[[5, 562], [19, 562]], [], [true, true]]",
32382,q,a,cx_stage1,,"[[[5, 565], [20, 565]], [], [true, true]]",
32383,q,a,cx_stage3,,"[[[5, 565], [20, 565]], [], [true, true]]",
32384,q,a,cx_stage1,,"[[[5, 569], [20, 569]], [], [true, true]]",
32385,q,a,cx_stage3,,"[[[5, 569], [20, 569]], [], [true, true]]",
32386,q,a,cx_stage1,,"[[[5, 572], [21, 572]], [], [true, true]]",
32387,q,a,cx_stage1,,"[[[4, 60], [5, 60]], [], [true, true]]",
32388,q,a,cx_stage3,,"[[[5, 572], [21, 572]], [], [true, true]]",
32389,q,a,cx_stage1,,"[[[5, 576], [21, 576]], [], [true, true]]",
32390,q,a,cx_stage3,,"[[[5, 576], [21, 576]], [], [true, true]]",
32391,q,a,cx_stage1,,"[[[5, 579], [22, 579]], [], [true, true]]",
32392,q,a,cx_stage3,,"[[[5, 579], [22, 579]], [], [true, true]]",
32393,q,a,cx_stage1,,"[[[5, 583], [22, 583]], [], [true, true]]",
32394,q,a,cx_stage3,,"[[[5, 583], [22, 583]], [], [true, true]]",
32395,q,a,cx_stage1,,"[[[5, 586], [23, 586]], [], [true, true]]",
32396,q,a,cx_stage3,,"[[[5, 586], [23, 586]], [], [true, true]]",
32397,q,a,cx_stage1,,"[[[5, 590], [23, 590]], [], [true, true]]",
32398,q,a,cx_stage3,,"[[[5, 590], [23, 590]], [], [true, true]]",
32399,q,a,cx_stage3,,"[[[4, 60], [5, 60]], [], [true, true]]",
32400,q,a,cx_stage1,,"[[[5, 593], [24, 593]], [], [true, true]]",
32401,q,a,cx_stage3,,"[[[5, 593], [24, 593]], [], [true, true]]",
32402,q,a,cx_stage1,,"[[[5, 597], [24, 597]], [], [true, true]]",
32403,q,a,cx_stage3,,"[[[5, 597], [24, 597]], [], [true, true]]",
32404,q,a,cx_stage1,,"[[[5, 600], [25, 600]], [], [true, true]]",
32405,q,a,cx_stage3,,"[[[5, 600], [25, 600]], [], [true, true]]",
32406,q,a,p,,"[[[5, 61]], [], [true]]",
32407,q,a,cx_stage1,,"[[[5, 604], [25, 604]], [], [true, true]]",
32408,q,a,cx_stage3,,"[[[5, 604], [25, 604]], [], [true, true]]",
32409,q,a,cx_stage1,,"[[[5, 607], [26, 607]], [], [true, true]]",
32410,q,a,cx_stage3,,"[[[5, 607], [26, 607]], [], [true, true]]",
32411,q,a,cx_stage1,,"[[[5, 611], [26, 611]], [], [true, true]]",
32412,q,a,cx_stage1,,"[[[4, 64], [5, 64]], [], [true, true]]",
32413,q,a,cx_stage3,,"[[[5, 611], [26, 611]], [], [true, true]]",
32414,q,a,cx_stage1,,"[[[5, 614], [27, 614]], [], [true, true]]",
32415,q,a,cx_stage3,,"[[[5, 614], [27, 614]], [], [true, true]]",
32416,q,a,cx_stage1,,"[[[5, 618], [27, 618]], [], [true, true]]",
32417,q,a,cx_stage3,,"[[[5, 618], [27, 618]], [], [true, true]]",
32418,q,a,cx_stage1,,"[[[5, 621], [28, 621]], [], [true, true]]",
32419,q,a,cx_stage3,,"[[[5, 621], [28, 621]], [], [true, true]]",
32420,q,a,cx_stage1,,"[[[5, 625], [28, 625]], [], [true, true]]",
32421,q,a,cx_stage3,,"[[[5, 625], [28, 625]], [], [true, true]]",
32422,q,a,cx_stage1,,"[[[5, 628], [29, 628]], [], [true, true]]",
32423,q,a,cx_stage3,,"[[[5, 628], [29, 628]], [], [true, true]]",
32424,q,a,cx_stage1,,"[[[5, 632], [29, 632]], [], [true, true]]",
32425,q,a,cx_stage3,,"[[[4, 64], [5, 64]], [], [true, true]]",
32426,q,a,cx_stage3,,"[[[5, 632], [29, 632]], [], [true, true]]",
32427,q,a,cx_stage1,,"[[[5, 635], [30, 635]], [], [true, true]]",
32428,q,a,cx_stage3,,"[[[5, 635], [30, 635]], [], [true, true]]",
32429,q,a,cx_stage1,,"[[[5, 639], [30, 639]], [], [true, true]]",
32430,q,a,cx_stage3,,"[[[5, 639], [30, 639]], [], [true, true]]",
32431,q,a,cx_stage1,,"[[[5, 642], [31, 642]], [], [true, true]]",
32432,q,a,cx_stage1,,"[[[5, 74], [6, 74]], [], [true, true]]",
32433,q,a,cx_stage3,,"[[[5, 642], [31, 642]], [], [true, true]]",
32434,q,a,cx_stage1,,"[[[5, 646], [31, 646]], [], [true, true]]",
32435,q,a,cx_stage3,,"[[[5, 646], [31, 646]], [], [true, true]]",
32436,q,a,cx_stage1,,"[[[5, 649], [32, 649]], [], [true, true]]",
32437,q,a,cx_stage3,,"[[[5, 649], [32, 649]], [], [true, true]]",
32438,q,a,cx_stage1,,"[[[5, 653], [32, 653]], [], [true, true]]",
32439,q,a,cx_stage3,,"[[[5, 653], [32, 653]], [], [true, true]]",
32440,q,a,cx_stage1,,"[[[5, 656], [33, 656]], [], [true, true]]",
32441,q,a,cx_stage3,,"[[[5, 656], [33, 656]], [], [true, true]]",
32442,q,a,cx_stage1,,"[[[5, 660], [33, 660]], [], [true, true]]",
32443,q,a,cx_stage3,,"[[[5, 660], [33, 660]], [], [true, true]]",
32444,q,a,cx_stage1,,"[[[5, 663], [34, 663]], [], [true, true]]",
32445,q,a,cx_stage3,,"[[[5, 663], [34, 663]], [], [true, true]]",
32446,q,a,cx_stage1,,"[[[5, 667], [34, 667]], [], [true, true]]",
32447,q,a,cx_stage3,,"[[[5, 667], [34, 667]], [], [true, true]]",
32448,q,a,cx_stage1,,"[[[5, 670], [35, 670]], [], [true, true]]",
32449,q,a,cx_stage3,,"[[[5, 670], [35, 670]], [], [true, true]]",
32450,q,a,cx_stage1,,"[[[5, 674], [35, 674]], [], [true, true]]",
32451,q,a,cx_stage3,,"[[[5, 674], [35, 674]], [], [true, true]]",
32452,q,a,cx_stage1,,"[[[5, 677], [36, 677]], [], [true, true]]",
32453,q,a,cx_stage3,,"[[[5, 677], [36, 677]], [], [true, true]]",
32454,q,a,cx_stage1,,"[[[5, 681], [36, 681]], [], [true, true]]",
32455,q,a,cx_stage3,,"[[[5, 681], [36, 681]], [], [true, true]]",
32456,q,a,cx_stage1,,"[[[5, 684], [37, 684]], [], [true, true]]",
32457,q,a,cx_stage3,,"[[[5, 684], [37, 684]], [], [true, true]]",
32458,q,a,cx_stage1,,"[[[5, 688], [37, 688]], [], [true, true]]",
32459,q,a,cx_stage3,,"[[[5, 688], [37, 688]], [], [true, true]]",
32460,q,a,cx_stage1,,"[[[5, 691], [38, 691]], [], [true, true]]",
32461,q,a,cx_stage3,,"[[[5, 691], [38, 691]], [], [true, true]]",
32462,q,a,cx_stage1,,"[[[5, 695], [38, 695]], [], [true, true]]",
32463,q,a,cx_stage3,,"[[[5, 695], [38, 695]], [], [true, true]]",
32464,q,a,cx_stage1,,"[[[5, 698], [39, 698]], [], [true, true]]",
32465,q,a,cx_stage3,,"[[[5, 698], [39, 698]], [], [true, true]]",
32466,q,a,cx_stage1,,"[[[5, 702], [39, 702]], [], [true, true]]",
32467,q,a,cx_stage3,,"[[[5, 702], [39, 702]], [], [true, true]]",
32468,q,a,cx_stage1,,"[[[5, 705], [40, 705]], [], [true, true]]",
32469,q,a,cx_stage3,,"[[[5, 705], [40, 705]], [], [true, true]]",
32470,q,a,cx_stage1,,"[[[5, 709], [40, 709]], [], [true, true]]",
32471,q,a,cx_stage3,,"[[[5, 709], [40, 709]], [], [true, true]]",
32472,q,a,cx_stage1,,"[[[5, 712], [41, 712]], [], [true, true]]",
32473,q,a,cx_stage3,,"[[[5, 712], [41, 712]], [], [true, true]]",
32474,q,a,cx_stage1,,"[[[5, 716], [41, 716]], [], [true, true]]",
32475,q,a,cx_stage3,,"[[[5, 716], [41, 716]], [], [true, true]]",
32476,q,a,cx_stage1,,"[[[5, 719], [42, 719]], [], [true, true]]",
32477,q,a,cx_stage3,,"[[[5, 719], [42, 719]], [], [true, true]]",
32478,q,a,cx_stage1,,"[[[5, 723], [42, 723]], [], [true, true]]",
32479,q,a,cx_stage2,,"[[[5, 74], [6, 74]], [], [true, true]]",
32480,q,a,cx_stage3,,"[[[5, 723], [42, 723]], [], [true, true]]",
32481,q,a,cx_stage1,,"[[[5, 726], [43, 726]], [], [true, true]]",
32482,q,a,cx_stage3,,"[[[5, 726], [43, 726]], [], [true, true]]",
32483,q,a,cx_stage1,,"[[[5, 730], [43, 730]], [], [true, true]]",
32484,q,a,cx_stage3,,"[[[5, 730], [43, 730]], [], [true, true]]",
32485,q,a,cx_stage3,,"[[[5, 74], [6, 74]], [], [true, true]]",
32486,q,a,cx_stage1,,"[[[5, 733], [44, 733]], [], [true, true]]",
32487,q,a,cx_stage3,,"[[[5, 733], [44, 733]], [], [true, true]]",
32488,q,a,cx_stage1,,"[[[5, 737], [44, 737]], [], [true, true]]",
32489,q,a,cx_stage3,,"[[[5, 737], [44, 737]], [], [true, true]]",
32490,q,a,cx_stage1,,"[[[5, 740], [45, 740]], [], [true, true]]",
32491,q,a,cx_stage3,,"[[[5, 740], [45, 740]], [], [true, true]]",
32492,q,a,cx_stage1,,"[[[5, 78], [6, 78]], [], [true, true]]",
32493,q,a,cx_stage1,,"[[[5, 744], [45, 744]], [], [true, true]]",
32494,q,a,cx_stage3,,"[[[5, 744], [45, 744]], [], [true, true]]",
32495,q,a,cx_stage1,,"[[[5, 747], [46, 747]], [], [true, true]]",
32496,q,a,cx_stage3,,"[[[5, 747], [46, 747]], [], [true, true]]",
32497,q,a,cx_stage1,,"[[[5, 751], [46, 751]], [], [true, true]]",
32498,q,a,cx_stage3,,"[[[5, 751], [46, 751]], [], [true, true]]",
32499,q,a,cx_stage1,,"[[[5, 754], [47, 754]], [], [true, true]]",
32500,q,a,cx_stage3,,"[[[5, 754], [47, 754]], [], [true, true]]",
32501,q,a,cx_stage1,,"[[[5, 758], [47, 758]], [], [true, true]]",
32502,q,a,cx_stage3,,"[[[5, 758], [47, 758]], [], [true, true]]",
32503,q,a,cx_stage1,,"[[[5, 761], [48, 761]], [], [true, true]]",
32504,q,a,cx_stage2,,"[[[5, 78], [6, 78]], [], [true, true]]",
32505,q,a,cx_stage3,,"[[[5, 761], [48, 761]], [], [true, true]]",
32506,q,a,cx_stage1,,"[[[5, 765], [48, 765]], [], [true, true]]",
32507,q,a,cx_stage3,,"[[[5, 765], [48, 765]], [], [true, true]]",
32508,q,a,cx_stage1,,"[[[5, 768], [49, 768]], [], [true, true]]",
32509,q,a,cx_stage3,,"[[[5, 768], [49, 768]], [], [true, true]]",
32510,q,a,cx_stage1,,"[[[5, 772], [49, 772]], [], [true, true]]",
32511,q,a,cx_stage3,,"[[[5, 78], [6, 78]], [], [true, true]]",
32512,q,a,cx_stage3,,"[[[5, 772], [49, 772]], [], [true, true]]",
32513,q,a,cx_stage1,,"[[[5, 775], [50, 775]], [], [true, true]]",
32514,q,a,cx_stage3,,"[[[5, 775], [50, 775]], [], [true, true]]",
32515,q,a,cx_stage1,,"[[[5, 779], [50, 779]], [], [true, true]]",
32516,q,a,cx_stage3,,"[[[5, 779], [50, 779]], [], [true, true]]",
32517,q,a,cx_stage1,,"[[[5, 782], [51, 782]], [], [true, true]]",
32518,q,a,cx_stage1,,"[[[5, 81], [7, 81]], [], [true, true]]",
32519,q,a,cx_stage3,,"[[[5, 782], [51, 782]], [], [true, true]]",
32520,q,a,cx_stage1,,"[[[5, 786], [51, 786]], [], [true, true]]",
32521,q,a,cx_stage3,,"[[[5, 786], [51, 786]], [], [true, true]]",
32522,q,a,cx_stage1,,"[[[5, 789], [52, 789]], [], [true, true]]",
32523,q,a,cx_stage3,,"[[[5, 789], [52, 789]], [], [true, true]]",
32524,q,a,cx_stage1,,"[[[5, 793], [52, 793]], [], [true, true]]",
32525,q,a,cx_stage2,,"[[[5, 81], [7, 81]], [], [true, true]]",
32526,q,a,cx_stage3,,"[[[5, 793], [52, 793]], [], [true, true]]",
32527,q,a,cx_stage1,,"[[[5, 796], [53, 796]], [], [true, true]]",
32528,q,a,cx_stage3,,"[[[5, 796], [53, 796]], [], [true, true]]",
32529,q,a,cx_stage1,,"[[[5, 800], [53, 800]], [], [true, true]]",
32530,q,a,cx_stage3,,"[[[5, 800], [53, 800]], [], [true, true]]",
32531,q,a,cx_stage3,,"[[[5, 81], [7, 81]], [], [true, true]]",
32532,q,a,cx_stage1,,"[[[5, 803], [54, 803]], [], [true, true]]",
32533,q,a,cx_stage3,,"[[[5, 803], [54, 803]], [], [true, true]]",
32534,q,a,cx_stage1,,"[[[5, 807], [54, 807]], [], [true, true]]",
32535,q,a,cx_stage3,,"[[[5, 807], [54, 807]], [], [true, true]]",
32536,q,a,cx_stage1,,"[[[5, 810], [55, 810]], [], [true, true]]",
32537,q,a,cx_stage3,,"[[[5, 810], [55, 810]], [], [true, true]]",
32538,q,a,cx_stage1,,"[[[5, 85], [7, 85]], [], [true, true]]",
32539,q,a,cx_stage1,,"[[[5, 814], [55, 814]], [], [true, true]]",
32540,q,a,cx_stage3,,"[[[5, 814], [55, 814]], [], [true, true]]",
32541,q,a,ry,,"[[[5, 815]], [], [true]]",
32542,q,a,cx_stage2,,"[[[5, 85], [7, 85]], [], [true, true]]",
32543,q,a,cx_stage3,,"[[[5, 85], [7, 85]], [], [true, true]]",
32544,q,a,cx_stage1,,"[[[5, 88], [8, 88]], [], [true, true]]",
32545,q,a,cx_stage2,,"[[[5, 88], [8, 88]], [], [true, true]]",
32546,q,a,cx_stage3,,"[[[5, 88], [8, 88]], [], [true, true]]",
32547,q,a,cx_stage1,,"[[[5, 92], [8, 92]], [], [true, true]]",
32548,q,a,cx_stage2,,"[[[5, 92], [8, 92]], [], [true, true]]",
32549,q,a,cx_stage3,,"[[[5, 92], [8, 92]], [], [true, true]]",
32550,q,a,cx_stage1,,"[[[5, 95], [9, 95]], [], [true, true]]",
32551,q,a,cx_stage2,,"[[[5, 95], [9, 95]], [], [true, true]]",
32552,q,a,cx_stage3,,"[[[5, 95], [9, 95]], [], [true, true]]",
32553,q,a,cx_stage1,,"[[[5, 99], [9, 99]], [], [true, true]]",
32554,q,a,cx_stage2,,"[[[5, 99], [9, 99]], [], [true, true]]",
32555,q,a,cx_stage3,,"[[[5, 99], [9, 99]], [], [true, true]]",
32556,q,a,u2,,"[[[6, 1]], [], [true]]",
32557,q,a,cx_stage1,,"[[[0, 39], [6, 39]], [], [true, true]]",
32558,q,a,cx_stage2,,"[[[6, 102], [9, 102]], [], [true, true]]",
32559,q,a,cx_stage1,,"[[[6, 102], [9, 102]], [], [true, true]]",
32560,q,a,cx_stage3,,"[[[6, 102], [9, 102]], [], [true, true]]",
32561,q,a,cx_stage1,,"[[[6, 106], [9, 106]], [], [true, true]]",
32562,q,a,cx_stage2,,"[[[6, 106], [9, 106]], [], [true, true]]",
32563,q,a,cx_stage3,,"[[[6, 106], [9, 106]], [], [true, true]]",
32564,q,a,cx_stage1,,"[[[6, 109], [10, 109]], [], [true, true]]",
32565,q,a,cx_stage3,,"[[[6, 109], [10, 109]], [], [true, true]]",
32566,q,a,cx_stage1,,"[[[6, 113], [10, 113]], [], [true, true]]",
32567,q,a,cx_stage3,,"[[[6, 113], [10, 113]], [], [true, true]]",
32568,q,a,cx_stage1,,"[[[6, 116], [11, 116]], [], [true, true]]",
32569,q,a,cx_stage3,,"[[[6, 116], [11, 116]], [], [true, true]]",
32570,q,a,cx_stage1,,"[[[6, 120], [11, 120]], [], [true, true]]",
32571,q,a,cx_stage3,,"[[[6, 120], [11, 120]], [], [true, true]]",
32572,q,a,cx_stage1,,"[[[6, 123], [12, 123]], [], [true, true]]",
32573,q,a,cx_stage3,,"[[[6, 123], [12, 123]], [], [true, true]]",
32574,q,a,cx_stage1,,"[[[6, 127], [12, 127]], [], [true, true]]",
32575,q,a,cx_stage3,,"[[[6, 127], [12, 127]], [], [true, true]]",
32576,q,a,cx_stage1,,"[[[6, 130], [13, 130]], [], [true, true]]",
32577,q,a,cx_stage3,,"[[[6, 130], [13, 130]], [], [true, true]]",
32578,q,a,cx_stage1,,"[[[6, 134], [13, 134]], [], [true, true]]",
32579,q,a,cx_stage2,,"[[[6, 1305], [7, 1305]], [], [true, true]]",
32580,q,a,cx_stage1,,"[[[6, 1305], [7, 1305]], [], [true, true]]",
32581,q,a,cx_stage3,,"[[[6, 1305], [7, 1305]], [], [true, true]]",
32582,q,a,cx_stage1,,"[[[5, 1308], [6, 1308]], [], [true, true]]",
32583,q,a,cx_stage3,,"[[[5, 1308], [6, 1308]], [], [true, true]]",
32584,q,a,ry,,"[[[6, 1309]], [], [true]]",
32585,q,a,cx_stage3,,"[[[6, 134], [13, 134]], [], [true, true]]",
32586,q,a,cx_stage1,,"[[[6, 137], [14, 137]], [], [true, true]]",
32587,q,a,cx_stage3,,"[[[6, 137], [14, 137]], [], [true, true]]",
32588,q,a,cx_stage1,,"[[[6, 141], [14, 141]], [], [true, true]]",
32589,q,a,cx_stage3,,"[[[6, 141], [14, 141]], [], [true, true]]",
32590,q,a,cx_stage1,,"[[[6, 144], [15, 144]], [], [true, true]]",
32591,q,a,cx_stage3,,"[[[6, 144], [15, 144]], [], [true, true]]",
32592,q,a,cx_stage1,,"[[[6, 148], [15, 148]], [], [true, true]]",
32593,q,a,cx_stage3,,"[[[6, 148], [15, 148]], [], [true, true]]",
32594,q,a,cx_stage1,,"[[[6, 151], [16, 151]], [], [true, true]]",
32595,q,a,cx_stage3,,"[[[6, 151], [16, 151]], [], [true, true]]",
32596,q,a,cx_stage1,,"[[[6, 155], [16, 155]], [], [true, true]]",
32597,q,a,cx_stage3,,"[[[6, 155], [16, 155]], [], [true, true]]",
32598,q,a,cx_stage1,,"[[[6, 158], [17, 158]], [], [true, true]]",
32599,q,a,cx_stage3,,"[[[6, 158], [17, 158]], [], [true, true]]",
32600,q,a,cx_stage1,,"[[[6, 162], [17, 162]], [], [true, true]]",
32601,q,a,cx_stage3,,"[[[6, 162], [17, 162]], [], [true, true]]",
32602,q,a,cx_stage1,,"[[[6, 165], [18, 165]], [], [true, true]]",
32603,q,a,cx_stage3,,"[[[6, 165], [18, 165]], [], [true, true]]",
32604,q,a,cx_stage1,,"[[[6, 169], [18, 169]], [], [true, true]]",
32605,q,a,cx_stage3,,"[[[6, 169], [18, 169]], [], [true, true]]",
32606,q,a,cx_stage1,,"[[[6, 172], [19, 172]], [], [true, true]]",
32607,q,a,cx_stage3,,"[[[6, 172], [19, 172]], [], [true, true]]",
32608,q,a,cx_stage1,,"[[[6, 176], [19, 176]], [], [true, true]]",
32609,q,a,cx_stage3,,"[[[6, 176], [19, 176]], [], [true, true]]",
32610,q,a,cx_stage1,,"[[[6, 179], [20, 179]], [], [true, true]]",
32611,q,a,cx_stage3,,"[[[6, 179], [20, 179]], [], [true, true]]",
32612,q,a,cx_stage1,,"[[[6, 183], [20, 183]], [], [true, true]]",
32613,q,a,cx_stage3,,"[[[6, 183], [20, 183]], [], [true, true]]",
32614,q,a,cx_stage1,,"[[[6, 186], [21, 186]], [], [true, true]]",
32615,q,a,cx_stage3,,"[[[6, 186], [21, 186]], [], [true, true]]",
32616,q,a,cx_stage1,,"[[[6, 190], [21, 190]], [], [true, true]]",
32617,q,a,cx_stage3,,"[[[6, 190], [21, 190]], [], [true, true]]",
32618,q,a,cx_stage1,,"[[[6, 193], [22, 193]], [], [true, true]]",
32619,q,a,cx_stage3,,"[[[6, 193], [22, 193]], [], [true, true]]",
32620,q,a,cx_stage1,,"[[[6, 197], [22, 197]], [], [true, true]]",
32621,q,a,cx_stage3,,"[[[6, 197], [22, 197]], [], [true, true]]",
32622,q,a,cx_stage1,,"[[[6, 200], [23, 200]], [], [true, true]]",
32623,q,a,cx_stage3,,"[[[6, 200], [23, 200]], [], [true, true]]",
32624,q,a,cx_stage1,,"[[[6, 204], [23, 204]], [], [true, true]]",
32625,q,a,cx_stage3,,"[[[6, 204], [23, 204]], [], [true, true]]",
32626,q,a,cx_stage1,,"[[[6, 207], [24, 207]], [], [true, true]]",
32627,q,a,cx_stage3,,"[[[6, 207], [24, 207]], [], [true, true]]",
32628,q,a,cx_stage1,,"[[[6, 211], [24, 211]], [], [true, true]]",
32629,q,a,cx_stage3,,"[[[6, 211], [24, 211]], [], [true, true]]",
32630,q,a,cx_stage1,,"[[[6, 214], [25, 214]], [], [true, true]]",
32631,q,a,cx_stage3,,"[[[6, 214], [25, 214]], [], [true, true]]",
32632,q,a,cx_stage1,,"[[[6, 218], [25, 218]], [], [true, true]]",
32633,q,a,cx_stage3,,"[[[6, 218], [25, 218]], [], [true, true]]",
32634,q,a,cx_stage1,,"[[[6, 221], [26, 221]], [], [true, true]]",
32635,q,a,cx_stage3,,"[[[6, 221], [26, 221]], [], [true, true]]",
32636,q,a,cx_stage1,,"[[[6, 225], [26, 225]], [], [true, true]]",
32637,q,a,cx_stage3,,"[[[6, 225], [26, 225]], [], [true, true]]",
32638,q,a,cx_stage1,,"[[[6, 228], [27, 228]], [], [true, true]]",
32639,q,a,cx_stage3,,"[[[6, 228], [27, 228]], [], [true, true]]",
32640,q,a,cx_stage1,,"[[[6, 232], [27, 232]], [], [true, true]]",
32641,q,a,cx_stage3,,"[[[6, 232], [27, 232]], [], [true, true]]",
32642,q,a,cx_stage1,,"[[[6, 235], [28, 235]], [], [true, true]]",
32643,q,a,cx_stage3,,"[[[6, 235], [28, 235]], [], [true, true]]",
32644,q,a,cx_stage1,,"[[[6, 239], [28, 239]], [], [true, true]]",
32645,q,a,cx_stage3,,"[[[6, 239], [28, 239]], [], [true, true]]",
32646,q,a,cx_stage1,,"[[[6, 242], [29, 242]], [], [true, true]]",
32647,q,a,cx_stage3,,"[[[6, 242], [29, 242]], [], [true, true]]",
32648,q,a,cx_stage1,,"[[[6, 246], [29, 246]], [], [true, true]]",
32649,q,a,cx_stage3,,"[[[6, 246], [29, 246]], [], [true, true]]",
32650,q,a,cx_stage1,,"[[[6, 249], [30, 249]], [], [true, true]]",
32651,q,a,cx_stage3,,"[[[6, 249], [30, 249]], [], [true, true]]",
32652,q,a,cx_stage1,,"[[[6, 253], [30, 253]], [], [true, true]]",
32653,q,a,cx_stage3,,"[[[6, 253], [30, 253]], [], [true, true]]",
32654,q,a,cx_stage1,,"[[[6, 256], [31, 256]], [], [true, true]]",
32655,q,a,cx_stage3,,"[[[6, 256], [31, 256]], [], [true, true]]",
32656,q,a,cx_stage1,,"[[[6, 260], [31, 260]], [], [true, true]]",
32657,q,a,cx_stage3,,"[[[6, 260], [31, 260]], [], [true, true]]",
32658,q,a,cx_stage1,,"[[[6, 263], [32, 263]], [], [true, true]]",
32659,q,a,cx_stage3,,"[[[6, 263], [32, 263]], [], [true, true]]",
32660,q,a,cx_stage1,,"[[[6, 267], [32, 267]], [], [true, true]]",
32661,q,a,cx_stage3,,"[[[6, 267], [32, 267]], [], [true, true]]",
32662,q,a,cx_stage1,,"[[[6, 270], [33, 270]], [], [true, true]]",
32663,q,a,cx_stage3,,"[[[6, 270], [33, 270]], [], [true, true]]",
32664,q,a,cx_stage1,,"[[[6, 274], [33, 274]], [], [true, true]]",
32665,q,a,cx_stage3,,"[[[6, 274], [33, 274]], [], [true, true]]",
32666,q,a,cx_stage1,,"[[[6, 277], [34, 277]], [], [true, true]]",
32667,q,a,cx_stage3,,"[[[6, 277], [34, 277]], [], [true, true]]",
32668,q,a,cx_stage1,,"[[[6, 281], [34, 281]], [], [true, true]]",
32669,q,a,cx_stage3,,"[[[6, 281], [34, 281]], [], [true, true]]",
32670,q,a,cx_stage1,,"[[[6, 284], [35, 284]], [], [true, true]]",
32671,q,a,cx_stage3,,"[[[6, 284], [35, 284]], [], [true, true]]",
32672,q,a,cx_stage1,,"[[[6, 288], [35, 288]], [], [true, true]]",
32673,q,a,cx_stage3,,"[[[6, 288], [35, 288]], [], [true, true]]",
32674,q,a,cx_stage1,,"[[[6, 291], [36, 291]], [], [true, true]]",
32675,q,a,cx_stage3,,"[[[6, 291], [36, 291]], [], [true, true]]",
32676,q,a,cx_stage1,,"[[[6, 295], [36, 295]], [], [true, true]]",
32677,q,a,cx_stage3,,"[[[6, 295], [36, 295]], [], [true, true]]",
32678,q,a,cx_stage1,,"[[[6, 298], [37, 298]], [], [true, true]]",
32679,q,a,cx_stage3,,"[[[6, 298], [37, 298]], [], [true, true]]",
32680,q,a,cx_stage1,,"[[[6, 302], [37, 302]], [], [true, true]]",
32681,q,a,cx_stage3,,"[[[6, 302], [37, 302]], [], [true, true]]",
32682,q,a,cx_stage1,,"[[[6, 305], [38, 305]], [], [true, true]]",
32683,q,a,cx_stage3,,"[[[6, 305], [38, 305]], [], [true, true]]",
32684,q,a,cx_stage1,,"[[[6, 309], [38, 309]], [], [true, true]]",
32685,q,a,cx_stage3,,"[[[6, 309], [38, 309]], [], [true, true]]",
32686,q,a,cx_stage1,,"[[[6, 312], [39, 312]], [], [true, true]]",
32687,q,a,cx_stage3,,"[[[6, 312], [39, 312]], [], [true, true]]",
32688,q,a,cx_stage1,,"[[[6, 316], [39, 316]], [], [true, true]]",
32689,q,a,cx_stage3,,"[[[6, 316], [39, 316]], [], [true, true]]",
32690,q,a,cx_stage1,,"[[[6, 319], [40, 319]], [], [true, true]]",
32691,q,a,cx_stage3,,"[[[6, 319], [40, 319]], [], [true, true]]",
32692,q,a,cx_stage1,,"[[[6, 323], [40, 323]], [], [true, true]]",
32693,q,a,cx_stage3,,"[[[6, 323], [40, 323]], [], [true, true]]",
32694,q,a,cx_stage1,,"[[[6, 326], [41, 326]], [], [true, true]]",
32695,q,a,cx_stage3,,"[[[6, 326], [41, 326]], [], [true, true]]",
32696,q,a,cx_stage1,,"[[[6, 330], [41, 330]], [], [true, true]]",
32697,q,a,cx_stage3,,"[[[6, 330], [41, 330]], [], [true, true]]",
32698,q,a,cx_stage1,,"[[[6, 333], [42, 333]], [], [true, true]]",
32699,q,a,cx_stage3,,"[[[6, 333], [42, 333]], [], [true, true]]",
32700,q,a,cx_stage1,,"[[[6, 337], [42, 337]], [], [true, true]]",
32701,q,a,cx_stage3,,"[[[6, 337], [42, 337]], [], [true, true]]",
32702,q,a,cx_stage1,,"[[[6, 340], [43, 340]], [], [true, true]]",
32703,q,a,cx_stage3,,"[[[6, 340], [43, 340]], [], [true, true]]",
32704,q,a,cx_stage1,,"[[[6, 344], [43, 344]], [], [true, true]]",
32705,q,a,cx_stage3,,"[[[6, 344], [43, 344]], [], [true, true]]",
32706,q,a,cx_stage1,,"[[[6, 347], [44, 347]], [], [true, true]]",
32707,q,a,cx_stage3,,"[[[6, 347], [44, 347]], [], [true, true]]",
32708,q,a,cx_stage1,,"[[[6, 351], [44, 351]], [], [true, true]]",
32709,q,a,cx_stage3,,"[[[6, 351], [44, 351]], [], [true, true]]",
32710,q,a,cx_stage1,,"[[[6, 354], [45, 354]], [], [true, true]]",
32711,q,a,cx_stage3,,"[[[6, 354], [45, 354]], [], [true, true]]",
32712,q,a,cx_stage1,,"[[[6, 358], [45, 358]], [], [true, true]]",
32713,q,a,cx_stage3,,"[[[6, 358], [45, 358]], [], [true, true]]",
32714,q,a,cx_stage1,,"[[[6, 361], [46, 361]], [], [true, true]]",
32715,q,a,cx_stage3,,"[[[6, 361], [46, 361]], [], [true, true]]",
32716,q,a,cx_stage1,,"[[[6, 365], [46, 365]], [], [true, true]]",
32717,q,a,cx_stage3,,"[[[6, 365], [46, 365]], [], [true, true]]",
32718,q,a,cx_stage1,,"[[[6, 368], [47, 368]], [], [true, true]]",
32719,q,a,cx_stage3,,"[[[6, 368], [47, 368]], [], [true, true]]",
32720,q,a,cx_stage1,,"[[[6, 372], [47, 372]], [], [true, true]]",
32721,q,a,cx_stage3,,"[[[6, 372], [47, 372]], [], [true, true]]",
32722,q,a,cx_stage1,,"[[[6, 375], [48, 375]], [], [true, true]]",
32723,q,a,cx_stage3,,"[[[6, 375], [48, 375]], [], [true, true]]",
32724,q,a,cx_stage1,,"[[[6, 379], [48, 379]], [], [true, true]]",
32725,q,a,cx_stage3,,"[[[6, 379], [48, 379]], [], [true, true]]",
32726,q,a,cx_stage1,,"[[[6, 382], [49, 382]], [], [true, true]]",
32727,q,a,cx_stage3,,"[[[0, 39], [6, 39]], [], [true, true]]",
32728,q,a,cx_stage3,,"[[[6, 382], [49, 382]], [], [true, true]]",
32729,q,a,cx_stage1,,"[[[6, 386], [49, 386]], [], [true, true]]",
32730,q,a,cx_stage3,,"[[[6, 386], [49, 386]], [], [true, true]]",
32731,q,a,cx_stage1,,"[[[6, 389], [50, 389]], [], [true, true]]",
32732,q,a,cx_stage3,,"[[[6, 389], [50, 389]], [], [true, true]]",
32733,q,a,cx_stage1,,"[[[6, 393], [50, 393]], [], [true, true]]",
32734,q,a,p,,"[[[6, 40]], [], [true]]",
32735,q,a,cx_stage3,,"[[[6, 393], [50, 393]], [], [true, true]]",
32736,q,a,cx_stage1,,"[[[6, 396], [51, 396]], [], [true, true]]",
32737,q,a,cx_stage3,,"[[[6, 396], [51, 396]], [], [true, true]]",
32738,q,a,cx_stage1,,"[[[6, 400], [51, 400]], [], [true, true]]",
32739,q,a,cx_stage3,,"[[[6, 400], [51, 400]], [], [true, true]]",
32740,q,a,cx_stage1,,"[[[0, 43], [6, 43]], [], [true, true]]",
32741,q,a,cx_stage1,,"[[[6, 403], [52, 403]], [], [true, true]]",
32742,q,a,cx_stage3,,"[[[6, 403], [52, 403]], [], [true, true]]",
32743,q,a,cx_stage1,,"[[[6, 407], [52, 407]], [], [true, true]]",
32744,q,a,cx_stage3,,"[[[6, 407], [52, 407]], [], [true, true]]",
32745,q,a,cx_stage1,,"[[[6, 410], [53, 410]], [], [true, true]]",
32746,q,a,cx_stage3,,"[[[6, 410], [53, 410]], [], [true, true]]",
32747,q,a,cx_stage1,,"[[[6, 414], [53, 414]], [], [true, true]]",
32748,q,a,cx_stage3,,"[[[6, 414], [53, 414]], [], [true, true]]",
32749,q,a,cx_stage1,,"[[[6, 417], [54, 417]], [], [true, true]]",
32750,q,a,cx_stage3,,"[[[6, 417], [54, 417]], [], [true, true]]",
32751,q,a,cx_stage1,,"[[[6, 421], [54, 421]], [], [true, true]]",
32752,q,a,cx_stage3,,"[[[0, 43], [6, 43]], [], [true, true]]",
32753,q,a,cx_stage3,,"[[[6, 421], [54, 421]], [], [true, true]]",
32754,q,a,cx_stage1,,"[[[6, 424], [55, 424]], [], [true, true]]",
32755,q,a,cx_stage3,,"[[[6, 424], [55, 424]], [], [true, true]]",
32756,q,a,cx_stage1,,"[[[6, 428], [55, 428]], [], [true, true]]",
32757,q,a,cx_stage3,,"[[[6, 428], [55, 428]], [], [true, true]]",
32758,q,a,u2,,"[[[6, 429]], [], [true]]",
32759,q,a,cx_stage1,,"[[[0, 432], [6, 432]], [], [true, true]]",
32760,q,a,cx_stage1,,"[[[1, 46], [6, 46]], [], [true, true]]",
32761,q,a,cx_stage3,,"[[[0, 432], [6, 432]], [], [true, true]]",
32762,q,a,p,,"[[[6, 433]], [], [true]]",
32763,q,a,cx_stage1,,"[[[0, 436], [6, 436]], [], [true, true]]",
32764,q,a,cx_stage3,,"[[[0, 436], [6, 436]], [], [true, true]]",
32765,q,a,cx_stage1,,"[[[1, 439], [6, 439]], [], [true, true]]",
32766,q,a,cx_stage3,,"[[[1, 439], [6, 439]], [], [true, true]]",
32767,q,a,p,,"[[[6, 440]], [], [true]]",
32768,q,a,cx_stage1,,"[[[1, 443], [6, 443]], [], [true, true]]",
32769,q,a,cx_stage3,,"[[[1, 443], [6, 443]], [], [true, true]]",
32770,q,a,cx_stage1,,"[[[2, 446], [6, 446]], [], [true, true]]",
32771,q,a,cx_stage3,,"[[[2, 446], [6, 446]], [], [true, true]]",
32772,q,a,p,,"[[[6, 447]], [], [true]]",
32773,q,a,cx_stage1,,"[[[2, 450], [6, 450]], [], [true, true]]",
32774,q,a,cx_stage3,,"[[[2, 450], [6, 450]], [], [true, true]]",
32775,q,a,cx_stage3,,"[[[1, 46], [6, 46]], [], [true, true]]",
32776,q,a,cx_stage1,,"[[[3, 453], [6, 453]], [], [true, true]]",
32777,q,a,cx_stage3,,"[[[3, 453], [6, 453]], [], [true, true]]",
32778,q,a,p,,"[[[6, 454]], [], [true]]",
32779,q,a,cx_stage1,,"[[[3, 457], [6, 457]], [], [true, true]]",
32780,q,a,cx_stage3,,"[[[3, 457], [6, 457]], [], [true, true]]",
32781,q,a,cx_stage1,,"[[[4, 460], [6, 460]], [], [true, true]]",
32782,q,a,cx_stage3,,"[[[4, 460], [6, 460]], [], [true, true]]",
32783,q,a,p,,"[[[6, 47]], [], [true]]",
32784,q,a,p,,"[[[6, 461]], [], [true]]",
32785,q,a,cx_stage1,,"[[[4, 464], [6, 464]], [], [true, true]]",
32786,q,a,cx_stage3,,"[[[4, 464], [6, 464]], [], [true, true]]",
32787,q,a,cx_stage1,,"[[[5, 467], [6, 467]], [], [true, true]]",
32788,q,a,cx_stage3,,"[[[5, 467], [6, 467]], [], [true, true]]",
32789,q,a,p,,"[[[6, 468]], [], [true]]",
32790,q,a,cx_stage1,,"[[[5, 471], [6, 471]], [], [true, true]]",
32791,q,a,cx_stage1,,"[[[1, 50], [6, 50]], [], [true, true]]",
32792,q,a,cx_stage3,,"[[[5, 471], [6, 471]], [], [true, true]]",
32793,q,a,cx_stage1,,"[[[6, 481], [7, 481]], [], [true, true]]",
32794,q,a,cx_stage2,,"[[[6, 481], [7, 481]], [], [true, true]]",
32795,q,a,cx_stage3,,"[[[6, 481], [7, 481]], [], [true, true]]",
32796,q,a,cx_stage1,,"[[[6, 485], [7, 485]], [], [true, true]]",
32797,q,a,cx_stage2,,"[[[6, 485], [7, 485]], [], [true, true]]",
32798,q,a,cx_stage3,,"[[[6, 485], [7, 485]], [], [true, true]]",
32799,q,a,cx_stage1,,"[[[6, 488], [8, 488]], [], [true, true]]",
32800,q,a,cx_stage2,,"[[[6, 488], [8, 488]], [], [true, true]]",
32801,q,a,cx_stage3,,"[[[6, 488], [8, 488]], [], [true, true]]",
32802,q,a,cx_stage1,,"[[[6, 492], [8, 492]], [], [true, true]]",
32803,q,a,cx_stage3,,"[[[1, 50], [6, 50]], [], [true, true]]",
32804,q,a,cx_stage2,,"[[[6, 492], [8, 492]], [], [true, true]]",
32805,q,a,cx_stage3,,"[[[6, 492], [8, 492]], [], [true, true]]",
32806,q,a,cx_stage1,,"[[[6, 495], [9, 495]], [], [true, true]]",
32807,q,a,cx_stage2,,"[[[6, 495], [9, 495]], [], [true, true]]",
32808,q,a,cx_stage3,,"[[[6, 495], [9, 495]], [], [true, true]]",
32809,q,a,cx_stage1,,"[[[6, 499], [9, 499]], [], [true, true]]",
32810,q,a,cx_stage2,,"[[[6, 499], [9, 499]], [], [true, true]]",
32811,q,a,cx_stage3,,"[[[6, 499], [9, 499]], [], [true, true]]",
32812,q,a,cx_stage1,,"[[[6, 502], [10, 502]], [], [true, true]]",
32813,q,a,cx_stage1,,"[[[2, 53], [6, 53]], [], [true, true]]",
32814,q,a,cx_stage3,,"[[[6, 502], [10, 502]], [], [true, true]]",
32815,q,a,cx_stage1,,"[[[6, 506], [10, 506]], [], [true, true]]",
32816,q,a,cx_stage3,,"[[[6, 506], [10, 506]], [], [true, true]]",
32817,q,a,cx_stage1,,"[[[6, 509], [11, 509]], [], [true, true]]",
32818,q,a,cx_stage3,,"[[[6, 509], [11, 509]], [], [true, true]]",
32819,q,a,cx_stage1,,"[[[6, 513], [11, 513]], [], [true, true]]",
32820,q,a,cx_stage3,,"[[[6, 513], [11, 513]], [], [true, true]]",
32821,q,a,cx_stage1,,"[[[6, 516], [12, 516]], [], [true, true]]",
32822,q,a,cx_stage3,,"[[[6, 516], [12, 516]], [], [true, true]]",
32823,q,a,cx_stage1,,"[[[6, 520], [12, 520]], [], [true, true]]",
32824,q,a,cx_stage3,,"[[[6, 520], [12, 520]], [], [true, true]]",
32825,q,a,cx_stage3,,"[[[2, 53], [6, 53]], [], [true, true]]",
32826,q,a,cx_stage1,,"[[[6, 523], [13, 523]], [], [true, true]]",
32827,q,a,cx_stage3,,"[[[6, 523], [13, 523]], [], [true, true]]",
32828,q,a,cx_stage1,,"[[[6, 527], [13, 527]], [], [true, true]]",
32829,q,a,cx_stage3,,"[[[6, 527], [13, 527]], [], [true, true]]",
32830,q,a,cx_stage1,,"[[[6, 530], [14, 530]], [], [true, true]]",
32831,q,a,cx_stage3,,"[[[6, 530], [14, 530]], [], [true, true]]",
32832,q,a,p,,"[[[6, 54]], [], [true]]",
32833,q,a,cx_stage1,,"[[[6, 534], [14, 534]], [], [true, true]]",
32834,q,a,cx_stage3,,"[[[6, 534], [14, 534]], [], [true, true]]",
32835,q,a,cx_stage1,,"[[[6, 537], [15, 537]], [], [true, true]]",
32836,q,a,cx_stage3,,"[[[6, 537], [15, 537]], [], [true, true]]",
32837,q,a,cx_stage1,,"[[[6, 541], [15, 541]], [], [true, true]]",
32838,q,a,cx_stage1,,"[[[2, 57], [6, 57]], [], [true, true]]",
32839,q,a,cx_stage3,,"[[[6, 541], [15, 541]], [], [true, true]]",
32840,q,a,cx_stage1,,"[[[6, 544], [16, 544]], [], [true, true]]",
32841,q,a,cx_stage3,,"[[[6, 544], [16, 544]], [], [true, true]]",
32842,q,a,cx_stage1,,"[[[6, 548], [16, 548]], [], [true, true]]",
32843,q,a,cx_stage3,,"[[[6, 548], [16, 548]], [], [true, true]]",
32844,q,a,cx_stage1,,"[[[6, 551], [17, 551]], [], [true, true]]",
32845,q,a,cx_stage3,,"[[[6, 551], [17, 551]], [], [true, true]]",
32846,q,a,cx_stage1,,"[[[6, 555], [17, 555]], [], [true, true]]",
32847,q,a,cx_stage3,,"[[[6, 555], [17, 555]], [], [true, true]]",
32848,q,a,cx_stage1,,"[[[6, 558], [18, 558]], [], [true, true]]",
32849,q,a,cx_stage3,,"[[[6, 558], [18, 558]], [], [true, true]]",
32850,q,a,cx_stage1,,"[[[6, 562], [18, 562]], [], [true, true]]",
32851,q,a,cx_stage3,,"[[[2, 57], [6, 57]], [], [true, true]]",
32852,q,a,cx_stage3,,"[[[6, 562], [18, 562]], [], [true, true]]",
32853,q,a,cx_stage1,,"[[[6, 565], [19, 565]], [], [true, true]]",
32854,q,a,cx_stage3,,"[[[6, 565], [19, 565]], [], [true, true]]",
32855,q,a,cx_stage1,,"[[[6, 569], [19, 569]], [], [true, true]]",
32856,q,a,cx_stage3,,"[[[6, 569], [19, 569]], [], [true, true]]",
32857,q,a,cx_stage1,,"[[[6, 572], [20, 572]], [], [true, true]]",
32858,q,a,cx_stage1,,"[[[3, 60], [6, 60]], [], [true, true]]",
32859,q,a,cx_stage3,,"[[[6, 572], [20, 572]], [], [true, true]]",
32860,q,a,cx_stage1,,"[[[6, 576], [20, 576]], [], [true, true]]",
32861,q,a,cx_stage3,,"[[[6, 576], [20, 576]], [], [true, true]]",
32862,q,a,cx_stage1,,"[[[6, 579], [21, 579]], [], [true, true]]",
32863,q,a,cx_stage3,,"[[[6, 579], [21, 579]], [], [true, true]]",
32864,q,a,cx_stage1,,"[[[6, 583], [21, 583]], [], [true, true]]",
32865,q,a,cx_stage3,,"[[[6, 583], [21, 583]], [], [true, true]]",
32866,q,a,cx_stage1,,"[[[6, 586], [22, 586]], [], [true, true]]",
32867,q,a,cx_stage3,,"[[[6, 586], [22, 586]], [], [true, true]]",
32868,q,a,cx_stage1,,"[[[6, 590], [22, 590]], [], [true, true]]",
32869,q,a,cx_stage3,,"[[[6, 590], [22, 590]], [], [true, true]]",
32870,q,a,cx_stage3,,"[[[3, 60], [6, 60]], [], [true, true]]",
32871,q,a,cx_stage1,,"[[[6, 593], [23, 593]], [], [true, true]]",
32872,q,a,cx_stage3,,"[[[6, 593], [23, 593]], [], [true, true]]",
32873,q,a,cx_stage1,,"[[[6, 597], [23, 597]], [], [true, true]]",
32874,q,a,cx_stage3,,"[[[6, 597], [23, 597]], [], [true, true]]",
32875,q,a,cx_stage1,,"[[[6, 600], [24, 600]], [], [true, true]]",
32876,q,a,cx_stage3,,"[[[6, 600], [24, 600]], [], [true, true]]",
32877,q,a,p,,"[[[6, 61]], [], [true]]",
32878,q,a,cx_stage1,,"[[[6, 604], [24, 604]], [], [true, true]]",
32879,q,a,cx_stage3,,"[[[6, 604], [24, 604]], [], [true, true]]",
32880,q,a,cx_stage1,,"[[[6, 607], [25, 607]], [], [true, true]]",
32881,q,a,cx_stage3,,"[[[6, 607], [25, 607]], [], [true, true]]",
32882,q,a,cx_stage1,,"[[[6, 611], [25, 611]], [], [true, true]]",
32883,q,a,cx_stage1,,"[[[3, 64], [6, 64]], [], [true, true]]",
32884,q,a,cx_stage3,,"[[[6, 611], [25, 611]], [], [true, true]]",
32885,q,a,cx_stage1,,"[[[6, 614], [26, 614]], [], [true, true]]",
32886,q,a,cx_stage3,,"[[[6, 614], [26, 614]], [], [true, true]]",
32887,q,a,cx_stage1,,"[[[6, 618], [26, 618]], [], [true, true]]",
32888,q,a,cx_stage3,,"[[[6, 618], [26, 618]], [], [true, true]]",
32889,q,a,cx_stage1,,"[[[6, 621], [27, 621]], [], [true, true]]",
32890,q,a,cx_stage3,,"[[[6, 621], [27, 621]], [], [true, true]]",
32891,q,a,cx_stage1,,"[[[6, 625], [27, 625]], [], [true, true]]",
32892,q,a,cx_stage3,,"[[[6, 625], [27, 625]], [], [true, true]]",
32893,q,a,cx_stage1,,"[[[6, 628], [28, 628]], [], [true, true]]",
32894,q,a,cx_stage3,,"[[[6, 628], [28, 628]], [], [true, true]]",
32895,q,a,cx_stage1,,"[[[6, 632], [28, 632]], [], [true, true]]",
32896,q,a,cx_stage3,,"[[[3, 64], [6, 64]], [], [true, true]]",
32897,q,a,cx_stage3,,"[[[6, 632], [28, 632]], [], [true, true]]",
32898,q,a,cx_stage1,,"[[[6, 635], [29, 635]], [], [true, true]]",
32899,q,a,cx_stage3,,"[[[6, 635], [29, 635]], [], [true, true]]",
32900,q,a,cx_stage1,,"[[[6, 639], [29, 639]], [], [true, true]]",
32901,q,a,cx_stage3,,"[[[6, 639], [29, 639]], [], [true, true]]",
32902,q,a,cx_stage1,,"[[[6, 642], [30, 642]], [], [true, true]]",
32903,q,a,cx_stage1,,"[[[4, 67], [6, 67]], [], [true, true]]",
32904,q,a,cx_stage3,,"[[[6, 642], [30, 642]], [], [true, true]]",
32905,q,a,cx_stage1,,"[[[6, 646], [30, 646]], [], [true, true]]",
32906,q,a,cx_stage3,,"[[[6, 646], [30, 646]], [], [true, true]]",
32907,q,a,cx_stage1,,"[[[6, 649], [31, 649]], [], [true, true]]",
32908,q,a,cx_stage3,,"[[[6, 649], [31, 649]], [], [true, true]]",
32909,q,a,cx_stage1,,"[[[6, 653], [31, 653]], [], [true, true]]",
32910,q,a,cx_stage3,,"[[[6, 653], [31, 653]], [], [true, true]]",
32911,q,a,cx_stage1,,"[[[6, 656], [32, 656]], [], [true, true]]",
32912,q,a,cx_stage3,,"[[[6, 656], [32, 656]], [], [true, true]]",
32913,q,a,cx_stage1,,"[[[6, 660], [32, 660]], [], [true, true]]",
32914,q,a,cx_stage3,,"[[[6, 660], [32, 660]], [], [true, true]]",
32915,q,a,cx_stage3,,"[[[4, 67], [6, 67]], [], [true, true]]",
32916,q,a,cx_stage1,,"[[[6, 663], [33, 663]], [], [true, true]]",
32917,q,a,cx_stage3,,"[[[6, 663], [33, 663]], [], [true, true]]",
32918,q,a,cx_stage1,,"[[[6, 667], [33, 667]], [], [true, true]]",
32919,q,a,cx_stage3,,"[[[6, 667], [33, 667]], [], [true, true]]",
32920,q,a,cx_stage1,,"[[[6, 670], [34, 670]], [], [true, true]]",
32921,q,a,cx_stage3,,"[[[6, 670], [34, 670]], [], [true, true]]",
32922,q,a,p,,"[[[6, 68]], [], [true]]",
32923,q,a,cx_stage1,,"[[[6, 674], [34, 674]], [], [true, true]]",
32924,q,a,cx_stage3,,"[[[6, 674], [34, 674]], [], [true, true]]",
32925,q,a,cx_stage1,,"[[[6, 677], [35, 677]], [], [true, true]]",
32926,q,a,cx_stage3,,"[[[6, 677], [35, 677]], [], [true, true]]",
32927,q,a,cx_stage1,,"[[[6, 681], [35, 681]], [], [true, true]]",
32928,q,a,cx_stage1,,"[[[4, 71], [6, 71]], [], [true, true]]",
32929,q,a,cx_stage3,,"[[[6, 681], [35, 681]], [], [true, true]]",
32930,q,a,cx_stage1,,"[[[6, 684], [36, 684]], [], [true, true]]",
32931,q,a,cx_stage3,,"[[[6, 684], [36, 684]], [], [true, true]]",
32932,q,a,cx_stage1,,"[[[6, 688], [36, 688]], [], [true, true]]",
32933,q,a,cx_stage3,,"[[[6, 688], [36, 688]], [], [true, true]]",
32934,q,a,cx_stage1,,"[[[6, 691], [37, 691]], [], [true, true]]",
32935,q,a,cx_stage3,,"[[[6, 691], [37, 691]], [], [true, true]]",
32936,q,a,cx_stage1,,"[[[6, 695], [37, 695]], [], [true, true]]",
32937,q,a,cx_stage3,,"[[[6, 695], [37, 695]], [], [true, true]]",
32938,q,a,cx_stage1,,"[[[6, 698], [38, 698]], [], [true, true]]",
32939,q,a,cx_stage3,,"[[[6, 698], [38, 698]], [], [true, true]]",
32940,q,a,cx_stage1,,"[[[6, 702], [38, 702]], [], [true, true]]",
32941,q,a,cx_stage3,,"[[[4, 71], [6, 71]], [], [true, true]]",
32942,q,a,cx_stage3,,"[[[6, 702], [38, 702]], [], [true, true]]",
32943,q,a,cx_stage1,,"[[[6, 705], [39, 705]], [], [true, true]]",
32944,q,a,cx_stage3,,"[[[6, 705], [39, 705]], [], [true, true]]",
32945,q,a,cx_stage1,,"[[[6, 709], [39, 709]], [], [true, true]]",
32946,q,a,cx_stage3,,"[[[6, 709], [39, 709]], [], [true, true]]",
32947,q,a,cx_stage1,,"[[[6, 712], [40, 712]], [], [true, true]]",
32948,q,a,cx_stage1,,"[[[5, 74], [6, 74]], [], [true, true]]",
32949,q,a,cx_stage3,,"[[[6, 712], [40, 712]], [], [true, true]]",
32950,q,a,cx_stage1,,"[[[6, 716], [40, 716]], [], [true, true]]",
32951,q,a,cx_stage3,,"[[[6, 716], [40, 716]], [], [true, true]]",
32952,q,a,cx_stage1,,"[[[6, 719], [41, 719]], [], [true, true]]",
32953,q,a,cx_stage3,,"[[[6, 719], [41, 719]], [], [true, true]]",
32954,q,a,cx_stage1,,"[[[6, 723], [41, 723]], [], [true, true]]",
32955,q,a,cx_stage3,,"[[[6, 723], [41, 723]], [], [true, true]]",
32956,q,a,cx_stage1,,"[[[6, 726], [42, 726]], [], [true, true]]",
32957,q,a,cx_stage3,,"[[[6, 726], [42, 726]], [], [true, true]]",
32958,q,a,cx_stage1,,"[[[6, 730], [42, 730]], [], [true, true]]",
32959,q,a,cx_stage3,,"[[[6, 730], [42, 730]], [], [true, true]]",
32960,q,a,cx_stage3,,"[[[5, 74], [6, 74]], [], [true, true]]",
32961,q,a,cx_stage1,,"[[[6, 733], [43, 733]], [], [true, true]]",
32962,q,a,cx_stage3,,"[[[6, 733], [43, 733]], [], [true, true]]",
32963,q,a,cx_stage1,,"[[[6, 737], [43, 737]], [], [true, true]]",
32964,q,a,cx_stage3,,"[[[6, 737], [43, 737]], [], [true, true]]",
32965,q,a,cx_stage1,,"[[[6, 740], [44, 740]], [], [true, true]]",
32966,q,a,cx_stage3,,"[[[6, 740], [44, 740]], [], [true, true]]",
32967,q,a,p,,"[[[6, 75]], [], [true]]",
32968,q,a,cx_stage1,,"[[[6, 744], [44, 744]], [], [true, true]]",
32969,q,a,cx_stage3,,"[[[6, 744], [44, 744]], [], [true, true]]",
32970,q,a,cx_stage1,,"[[[6, 747], [45, 747]], [], [true, true]]",
32971,q,a,cx_stage3,,"[[[6, 747], [45, 747]], [], [true, true]]",
32972,q,a,cx_stage1,,"[[[6, 751], [45, 751]], [], [true, true]]",
32973,q,a,cx_stage1,,"[[[5, 78], [6, 78]], [], [true, true]]",
32974,q,a,cx_stage3,,"[[[6, 751], [45, 751]], [], [true, true]]",
32975,q,a,cx_stage1,,"[[[6, 754], [46, 754]], [], [true, true]]",
32976,q,a,cx_stage3,,"[[[6, 754], [46, 754]], [], [true, true]]",
32977,q,a,cx_stage1,,"[[[6, 758], [46, 758]], [], [true, true]]",
32978,q,a,cx_stage3,,"[[[6, 758], [46, 758]], [], [true, true]]",
32979,q,a,cx_stage1,,"[[[6, 761], [47, 761]], [], [true, true]]",
32980,q,a,cx_stage3,,"[[[6, 761], [47, 761]], [], [true, true]]",
32981,q,a,cx_stage1,,"[[[6, 765], [47, 765]], [], [true, true]]",
32982,q,a,cx_stage3,,"[[[6, 765], [47, 765]], [], [true, true]]",
32983,q,a,cx_stage1,,"[[[6, 768], [48, 768]], [], [true, true]]",
32984,q,a,cx_stage3,,"[[[6, 768], [48, 768]], [], [true, true]]",
32985,q,a,cx_stage1,,"[[[6, 772], [48, 772]], [], [true, true]]",
32986,q,a,cx_stage3,,"[[[5, 78], [6, 78]], [], [true, true]]",
32987,q,a,cx_stage3,,"[[[6, 772], [48, 772]], [], [true, true]]",
32988,q,a,cx_stage1,,"[[[6, 775], [49, 775]], [], [true, true]]",
32989,q,a,cx_stage3,,"[[[6, 775], [49, 775]], [], [true, true]]",
32990,q,a,cx_stage1,,"[[[6, 779], [49, 779]], [], [true, true]]",
32991,q,a,cx_stage3,,"[[[6, 779], [49, 779]], [], [true, true]]",
32992,q,a,cx_stage1,,"[[[6, 782], [50, 782]], [], [true, true]]",
32993,q,a,cx_stage1,,"[[[6, 88], [7, 88]], [], [true, true]]",
32994,q,a,cx_stage3,,"[[[6, 782], [50, 782]], [], [true, true]]",
32995,q,a,cx_stage1,,"[[[6, 786], [50, 786]], [], [true, true]]",
32996,q,a,cx_stage3,,"[[[6, 786], [50, 786]], [], [true, true]]",
32997,q,a,cx_stage1,,"[[[6, 789], [51, 789]], [], [true, true]]",
32998,q,a,cx_stage3,,"[[[6, 789], [51, 789]], [], [true, true]]",
32999,q,a,cx_stage1,,"[[[6, 793], [51, 793]], [], [true, true]]",
33000,q,a,cx_stage3,,"[[[6, 793], [51, 793]], [], [true, true]]",
33001,q,a,cx_stage1,,"[[[6, 796], [52, 796]], [], [true, true]]",
33002,q,a,cx_stage3,,"[[[6, 796], [52, 796]], [], [true, true]]",
33003,q,a,cx_stage1,,"[[[6, 800], [52, 800]], [], [true, true]]",
33004,q,a,cx_stage3,,"[[[6, 800], [52, 800]], [], [true, true]]",
33005,q,a,cx_stage1,,"[[[6, 803], [53, 803]], [], [true, true]]",
33006,q,a,cx_stage3,,"[[[6, 803], [53, 803]], [], [true, true]]",
33007,q,a,cx_stage1,,"[[[6, 807], [53, 807]], [], [true, true]]",
33008,q,a,cx_stage3,,"[[[6, 807], [53, 807]], [], [true, true]]",
33009,q,a,cx_stage1,,"[[[6, 810], [54, 810]], [], [true, true]]",
33010,q,a,cx_stage3,,"[[[6, 810], [54, 810]], [], [true, true]]",
33011,q,a,cx_stage1,,"[[[6, 814], [54, 814]], [], [true, true]]",
33012,q,a,cx_stage3,,"[[[6, 814], [54, 814]], [], [true, true]]",
33013,q,a,cx_stage1,,"[[[6, 817], [55, 817]], [], [true, true]]",
33014,q,a,cx_stage3,,"[[[6, 817], [55, 817]], [], [true, true]]",
33015,q,a,cx_stage1,,"[[[6, 821], [55, 821]], [], [true, true]]",
33016,q,a,cx_stage3,,"[[[6, 821], [55, 821]], [], [true, true]]",
33017,q,a,ry,,"[[[6, 822]], [], [true]]",
33018,q,a,cx_stage2,,"[[[6, 88], [7, 88]], [], [true, true]]",
33019,q,a,cx_stage3,,"[[[6, 88], [7, 88]], [], [true, true]]",
33020,q,a,cx_stage1,,"[[[6, 92], [7, 92]], [], [true, true]]",
33021,q,a,cx_stage2,,"[[[6, 92], [7, 92]], [], [true, true]]",
33022,q,a,cx_stage3,,"[[[6, 92], [7, 92]], [], [true, true]]",
33023,q,a,cx_stage1,,"[[[6, 95], [8, 95]], [], [true, true]]",
33024,q,a,cx_stage2,,"[[[6, 95], [8, 95]], [], [true, true]]",
33025,q,a,cx_stage3,,"[[[6, 95], [8, 95]], [], [true, true]]",
33026,q,a,cx_stage1,,"[[[6, 99], [8, 99]], [], [true, true]]",
33027,q,a,cx_stage2,,"[[[6, 99], [8, 99]], [], [true, true]]",
33028,q,a,cx_stage3,,"[[[6, 99], [8, 99]], [], [true, true]]",
33029,q,a,u2,,"[[[7, 1]], [], [true]]",
33030,q,a,cx_stage1,,"[[[0, 46], [7, 46]], [], [true, true]]",
33031,q,a,cx_stage2,,"[[[7, 102], [8, 102]], [], [true, true]]",
33032,q,a,cx_stage1,,"[[[7, 102], [8, 102]], [], [true, true]]",
33033,q,a,cx_stage3,,"[[[7, 102], [8, 102]], [], [true, true]]",
33034,q,a,cx_stage1,,"[[[7, 106], [8, 106]], [], [true, true]]",
33035,q,a,cx_stage2,,"[[[7, 106], [8, 106]], [], [true, true]]",
33036,q,a,cx_stage3,,"[[[7, 106], [8, 106]], [], [true, true]]",
33037,q,a,cx_stage1,,"[[[7, 109], [9, 109]], [], [true, true]]",
33038,q,a,cx_stage2,,"[[[7, 109], [9, 109]], [], [true, true]]",
33039,q,a,cx_stage3,,"[[[7, 109], [9, 109]], [], [true, true]]",
33040,q,a,cx_stage1,,"[[[7, 113], [9, 113]], [], [true, true]]",
33041,q,a,cx_stage2,,"[[[7, 113], [9, 113]], [], [true, true]]",
33042,q,a,cx_stage3,,"[[[7, 113], [9, 113]], [], [true, true]]",
33043,q,a,cx_stage1,,"[[[7, 116], [10, 116]], [], [true, true]]",
33044,q,a,cx_stage3,,"[[[7, 116], [10, 116]], [], [true, true]]",
33045,q,a,cx_stage1,,"[[[7, 120], [10, 120]], [], [true, true]]",
33046,q,a,cx_stage3,,"[[[7, 120], [10, 120]], [], [true, true]]",
33047,q,a,cx_stage1,,"[[[7, 123], [11, 123]], [], [true, true]]",
33048,q,a,cx_stage3,,"[[[7, 123], [11, 123]], [], [true, true]]",
33049,q,a,cx_stage1,,"[[[7, 127], [11, 127]], [], [true, true]]",
33050,q,a,cx_stage3,,"[[[7, 127], [11, 127]], [], [true, true]]",
33051,q,a,cx_stage1,,"[[[7, 130], [12, 130]], [], [true, true]]",
33052,q,a,cx_stage3,,"[[[7, 130], [12, 130]], [], [true, true]]",
33053,q,a,cx_stage1,,"[[[7, 134], [12, 134]], [], [true, true]]",
33054,q,a,cx_stage2,,"[[[7, 1302], [8, 1302]], [], [true, true]]",
33055,q,a,cx_stage1,,"[[[7, 1302], [8, 1302]], [], [true, true]]",
33056,q,a,cx_stage3,,"[[[7, 1302], [8, 1302]], [], [true, true]]",
33057,q,a,cx_stage1,,"[[[6, 1305], [7, 1305]], [], [true, true]]",
33058,q,a,cx_stage3,,"[[[6, 1305], [7, 1305]], [], [true, true]]",
33059,q,a,ry,,"[[[7, 1306]], [], [true]]",
33060,q,a,cx_stage3,,"[[[7, 134], [12, 134]], [], [true, true]]",
33061,q,a,cx_stage1,,"[[[7, 137], [13, 137]], [], [true, true]]",
33062,q,a,cx_stage3,,"[[[7, 137], [13, 137]], [], [true, true]]",
33063,q,a,cx_stage1,,"[[[7, 141], [13, 141]], [], [true, true]]",
33064,q,a,cx_stage3,,"[[[7, 141], [13, 141]], [], [true, true]]",
33065,q,a,cx_stage1,,"[[[7, 144], [14, 144]], [], [true, true]]",
33066,q,a,cx_stage3,,"[[[7, 144], [14, 144]], [], [true, true]]",
33067,q,a,cx_stage1,,"[[[7, 148], [14, 148]], [], [true, true]]",
33068,q,a,cx_stage3,,"[[[7, 148], [14, 148]], [], [true, true]]",
33069,q,a,cx_stage1,,"[[[7, 151], [15, 151]], [], [true, true]]",
33070,q,a,cx_stage3,,"[[[7, 151], [15, 151]], [], [true, true]]",
33071,q,a,cx_stage1,,"[[[7, 155], [15, 155]], [], [true, true]]",
33072,q,a,cx_stage3,,"[[[7, 155], [15, 155]], [], [true, true]]",
33073,q,a,cx_stage1,,"[[[7, 158], [16, 158]], [], [true, true]]",
33074,q,a,cx_stage3,,"[[[7, 158], [16, 158]], [], [true, true]]",
33075,q,a,cx_stage1,,"[[[7, 162], [16, 162]], [], [true, true]]",
33076,q,a,cx_stage3,,"[[[7, 162], [16, 162]], [], [true, true]]",
33077,q,a,cx_stage1,,"[[[7, 165], [17, 165]], [], [true, true]]",
33078,q,a,cx_stage3,,"[[[7, 165], [17, 165]], [], [true, true]]",
33079,q,a,cx_stage1,,"[[[7, 169], [17, 169]], [], [true, true]]",
33080,q,a,cx_stage3,,"[[[7, 169], [17, 169]], [], [true, true]]",
33081,q,a,cx_stage1,,"[[[7, 172], [18, 172]], [], [true, true]]",
33082,q,a,cx_stage3,,"[[[7, 172], [18, 172]], [], [true, true]]",
33083,q,a,cx_stage1,,"[[[7, 176], [18, 176]], [], [true, true]]",
33084,q,a,cx_stage3,,"[[[7, 176], [18, 176]], [], [true, true]]",
33085,q,a,cx_stage1,,"[[[7, 179], [19, 179]], [], [true, true]]",
33086,q,a,cx_stage3,,"[[[7, 179], [19, 179]], [], [true, true]]",
33087,q,a,cx_stage1,,"[[[7, 183], [19, 183]], [], [true, true]]",
33088,q,a,cx_stage3,,"[[[7, 183], [19, 183]], [], [true, true]]",
33089,q,a,cx_stage1,,"[[[7, 186], [20, 186]], [], [true, true]]",
33090,q,a,cx_stage3,,"[[[7, 186], [20, 186]], [], [true, true]]",
33091,q,a,cx_stage1,,"[[[7, 190], [20, 190]], [], [true, true]]",
33092,q,a,cx_stage3,,"[[[7, 190], [20, 190]], [], [true, true]]",
33093,q,a,cx_stage1,,"[[[7, 193], [21, 193]], [], [true, true]]",
33094,q,a,cx_stage3,,"[[[7, 193], [21, 193]], [], [true, true]]",
33095,q,a,cx_stage1,,"[[[7, 197], [21, 197]], [], [true, true]]",
33096,q,a,cx_stage3,,"[[[7, 197], [21, 197]], [], [true, true]]",
33097,q,a,cx_stage1,,"[[[7, 200], [22, 200]], [], [true, true]]",
33098,q,a,cx_stage3,,"[[[7, 200], [22, 200]], [], [true, true]]",
33099,q,a,cx_stage1,,"[[[7, 204], [22, 204]], [], [true, true]]",
33100,q,a,cx_stage3,,"[[[7, 204], [22, 204]], [], [true, true]]",
33101,q,a,cx_stage1,,"[[[7, 207], [23, 207]], [], [true, true]]",
33102,q,a,cx_stage3,,"[[[7, 207], [23, 207]], [], [true, true]]",
33103,q,a,cx_stage1,,"[[[7, 211], [23, 211]], [], [true, true]]",
33104,q,a,cx_stage3,,"[[[7, 211], [23, 211]], [], [true, true]]",
33105,q,a,cx_stage1,,"[[[7, 214], [24, 214]], [], [true, true]]",
33106,q,a,cx_stage3,,"[[[7, 214], [24, 214]], [], [true, true]]",
33107,q,a,cx_stage1,,"[[[7, 218], [24, 218]], [], [true, true]]",
33108,q,a,cx_stage3,,"[[[7, 218], [24, 218]], [], [true, true]]",
33109,q,a,cx_stage1,,"[[[7, 221], [25, 221]], [], [true, true]]",
33110,q,a,cx_stage3,,"[[[7, 221], [25, 221]], [], [true, true]]",
33111,q,a,cx_stage1,,"[[[7, 225], [25, 225]], [], [true, true]]",
33112,q,a,cx_stage3,,"[[[7, 225], [25, 225]], [], [true, true]]",
33113,q,a,cx_stage1,,"[[[7, 228], [26, 228]], [], [true, true]]",
33114,q,a,cx_stage3,,"[[[7, 228], [26, 228]], [], [true, true]]",
33115,q,a,cx_stage1,,"[[[7, 232], [26, 232]], [], [true, true]]",
33116,q,a,cx_stage3,,"[[[7, 232], [26, 232]], [], [true, true]]",
33117,q,a,cx_stage1,,"[[[7, 235], [27, 235]], [], [true, true]]",
33118,q,a,cx_stage3,,"[[[7, 235], [27, 235]], [], [true, true]]",
33119,q,a,cx_stage1,,"[[[7, 239], [27, 239]], [], [true, true]]",
33120,q,a,cx_stage3,,"[[[7, 239], [27, 239]], [], [true, true]]",
33121,q,a,cx_stage1,,"[[[7, 242], [28, 242]], [], [true, true]]",
33122,q,a,cx_stage3,,"[[[7, 242], [28, 242]], [], [true, true]]",
33123,q,a,cx_stage1,,"[[[7, 246], [28, 246]], [], [true, true]]",
33124,q,a,cx_stage3,,"[[[7, 246], [28, 246]], [], [true, true]]",
33125,q,a,cx_stage1,,"[[[7, 249], [29, 249]], [], [true, true]]",
33126,q,a,cx_stage3,,"[[[7, 249], [29, 249]], [], [true, true]]",
33127,q,a,cx_stage1,,"[[[7, 253], [29, 253]], [], [true, true]]",
33128,q,a,cx_stage3,,"[[[7, 253], [29, 253]], [], [true, true]]",
33129,q,a,cx_stage1,,"[[[7, 256], [30, 256]], [], [true, true]]",
33130,q,a,cx_stage3,,"[[[7, 256], [30, 256]], [], [true, true]]",
33131,q,a,cx_stage1,,"[[[7, 260], [30, 260]], [], [true, true]]",
33132,q,a,cx_stage3,,"[[[7, 260], [30, 260]], [], [true, true]]",
33133,q,a,cx_stage1,,"[[[7, 263], [31, 263]], [], [true, true]]",
33134,q,a,cx_stage3,,"[[[7, 263], [31, 263]], [], [true, true]]",
33135,q,a,cx_stage1,,"[[[7, 267], [31, 267]], [], [true, true]]",
33136,q,a,cx_stage3,,"[[[7, 267], [31, 267]], [], [true, true]]",
33137,q,a,cx_stage1,,"[[[7, 270], [32, 270]], [], [true, true]]",
33138,q,a,cx_stage3,,"[[[7, 270], [32, 270]], [], [true, true]]",
33139,q,a,cx_stage1,,"[[[7, 274], [32, 274]], [], [true, true]]",
33140,q,a,cx_stage3,,"[[[7, 274], [32, 274]], [], [true, true]]",
33141,q,a,cx_stage1,,"[[[7, 277], [33, 277]], [], [true, true]]",
33142,q,a,cx_stage3,,"[[[7, 277], [33, 277]], [], [true, true]]",
33143,q,a,cx_stage1,,"[[[7, 281], [33, 281]], [], [true, true]]",
33144,q,a,cx_stage3,,"[[[7, 281], [33, 281]], [], [true, true]]",
33145,q,a,cx_stage1,,"[[[7, 284], [34, 284]], [], [true, true]]",
33146,q,a,cx_stage3,,"[[[7, 284], [34, 284]], [], [true, true]]",
33147,q,a,cx_stage1,,"[[[7, 288], [34, 288]], [], [true, true]]",
33148,q,a,cx_stage3,,"[[[7, 288], [34, 288]], [], [true, true]]",
33149,q,a,cx_stage1,,"[[[7, 291], [35, 291]], [], [true, true]]",
33150,q,a,cx_stage3,,"[[[7, 291], [35, 291]], [], [true, true]]",
33151,q,a,cx_stage1,,"[[[7, 295], [35, 295]], [], [true, true]]",
33152,q,a,cx_stage3,,"[[[7, 295], [35, 295]], [], [true, true]]",
33153,q,a,cx_stage1,,"[[[7, 298], [36, 298]], [], [true, true]]",
33154,q,a,cx_stage3,,"[[[7, 298], [36, 298]], [], [true, true]]",
33155,q,a,cx_stage1,,"[[[7, 302], [36, 302]], [], [true, true]]",
33156,q,a,cx_stage3,,"[[[7, 302], [36, 302]], [], [true, true]]",
33157,q,a,cx_stage1,,"[[[7, 305], [37, 305]], [], [true, true]]",
33158,q,a,cx_stage3,,"[[[7, 305], [37, 305]], [], [true, true]]",
33159,q,a,cx_stage1,,"[[[7, 309], [37, 309]], [], [true, true]]",
33160,q,a,cx_stage3,,"[[[7, 309], [37, 309]], [], [true, true]]",
33161,q,a,cx_stage1,,"[[[7, 312], [38, 312]], [], [true, true]]",
33162,q,a,cx_stage3,,"[[[7, 312], [38, 312]], [], [true, true]]",
33163,q,a,cx_stage1,,"[[[7, 316], [38, 316]], [], [true, true]]",
33164,q,a,cx_stage3,,"[[[7, 316], [38, 316]], [], [true, true]]",
33165,q,a,cx_stage1,,"[[[7, 319], [39, 319]], [], [true, true]]",
33166,q,a,cx_stage3,,"[[[7, 319], [39, 319]], [], [true, true]]",
33167,q,a,cx_stage1,,"[[[7, 323], [39, 323]], [], [true, true]]",
33168,q,a,cx_stage3,,"[[[7, 323], [39, 323]], [], [true, true]]",
33169,q,a,cx_stage1,,"[[[7, 326], [40, 326]], [], [true, true]]",
33170,q,a,cx_stage3,,"[[[7, 326], [40, 326]], [], [true, true]]",
33171,q,a,cx_stage1,,"[[[7, 330], [40, 330]], [], [true, true]]",
33172,q,a,cx_stage3,,"[[[7, 330], [40, 330]], [], [true, true]]",
33173,q,a,cx_stage1,,"[[[7, 333], [41, 333]], [], [true, true]]",
33174,q,a,cx_stage3,,"[[[7, 333], [41, 333]], [], [true, true]]",
33175,q,a,cx_stage1,,"[[[7, 337], [41, 337]], [], [true, true]]",
33176,q,a,cx_stage3,,"[[[7, 337], [41, 337]], [], [true, true]]",
33177,q,a,cx_stage1,,"[[[7, 340], [42, 340]], [], [true, true]]",
33178,q,a,cx_stage3,,"[[[7, 340], [42, 340]], [], [true, true]]",
33179,q,a,cx_stage1,,"[[[7, 344], [42, 344]], [], [true, true]]",
33180,q,a,cx_stage3,,"[[[7, 344], [42, 344]], [], [true, true]]",
33181,q,a,cx_stage1,,"[[[7, 347], [43, 347]], [], [true, true]]",
33182,q,a,cx_stage3,,"[[[7, 347], [43, 347]], [], [true, true]]",
33183,q,a,cx_stage1,,"[[[7, 351], [43, 351]], [], [true, true]]",
33184,q,a,cx_stage3,,"[[[7, 351], [43, 351]], [], [true, true]]",
33185,q,a,cx_stage1,,"[[[7, 354], [44, 354]], [], [true, true]]",
33186,q,a,cx_stage3,,"[[[7, 354], [44, 354]], [], [true, true]]",
33187,q,a,cx_stage1,,"[[[7, 358], [44, 358]], [], [true, true]]",
33188,q,a,cx_stage3,,"[[[7, 358], [44, 358]], [], [true, true]]",
33189,q,a,cx_stage1,,"[[[7, 361], [45, 361]], [], [true, true]]",
33190,q,a,cx_stage3,,"[[[7, 361], [45, 361]], [], [true, true]]",
33191,q,a,cx_stage1,,"[[[7, 365], [45, 365]], [], [true, true]]",
33192,q,a,cx_stage3,,"[[[7, 365], [45, 365]], [], [true, true]]",
33193,q,a,cx_stage1,,"[[[7, 368], [46, 368]], [], [true, true]]",
33194,q,a,cx_stage3,,"[[[7, 368], [46, 368]], [], [true, true]]",
33195,q,a,cx_stage1,,"[[[7, 372], [46, 372]], [], [true, true]]",
33196,q,a,cx_stage3,,"[[[7, 372], [46, 372]], [], [true, true]]",
33197,q,a,cx_stage1,,"[[[7, 375], [47, 375]], [], [true, true]]",
33198,q,a,cx_stage3,,"[[[7, 375], [47, 375]], [], [true, true]]",
33199,q,a,cx_stage1,,"[[[7, 379], [47, 379]], [], [true, true]]",
33200,q,a,cx_stage3,,"[[[7, 379], [47, 379]], [], [true, true]]",
33201,q,a,cx_stage1,,"[[[7, 382], [48, 382]], [], [true, true]]",
33202,q,a,cx_stage3,,"[[[7, 382], [48, 382]], [], [true, true]]",
33203,q,a,cx_stage1,,"[[[7, 386], [48, 386]], [], [true, true]]",
33204,q,a,cx_stage3,,"[[[7, 386], [48, 386]], [], [true, true]]",
33205,q,a,cx_stage1,,"[[[7, 389], [49, 389]], [], [true, true]]",
33206,q,a,cx_stage3,,"[[[7, 389], [49, 389]], [], [true, true]]",
33207,q,a,cx_stage1,,"[[[7, 393], [49, 393]], [], [true, true]]",
33208,q,a,cx_stage3,,"[[[7, 393], [49, 393]], [], [true, true]]",
33209,q,a,cx_stage1,,"[[[7, 396], [50, 396]], [], [true, true]]",
33210,q,a,cx_stage3,,"[[[7, 396], [50, 396]], [], [true, true]]",
33211,q,a,cx_stage1,,"[[[7, 400], [50, 400]], [], [true, true]]",
33212,q,a,cx_stage3,,"[[[7, 400], [50, 400]], [], [true, true]]",
33213,q,a,cx_stage1,,"[[[7, 403], [51, 403]], [], [true, true]]",
33214,q,a,cx_stage3,,"[[[7, 403], [51, 403]], [], [true, true]]",
33215,q,a,cx_stage1,,"[[[7, 407], [51, 407]], [], [true, true]]",
33216,q,a,cx_stage3,,"[[[7, 407], [51, 407]], [], [true, true]]",
33217,q,a,cx_stage1,,"[[[7, 410], [52, 410]], [], [true, true]]",
33218,q,a,cx_stage3,,"[[[7, 410], [52, 410]], [], [true, true]]",
33219,q,a,cx_stage1,,"[[[7, 414], [52, 414]], [], [true, true]]",
33220,q,a,cx_stage3,,"[[[7, 414], [52, 414]], [], [true, true]]",
33221,q,a,cx_stage1,,"[[[7, 417], [53, 417]], [], [true, true]]",
33222,q,a,cx_stage3,,"[[[7, 417], [53, 417]], [], [true, true]]",
33223,q,a,cx_stage1,,"[[[7, 421], [53, 421]], [], [true, true]]",
33224,q,a,cx_stage3,,"[[[7, 421], [53, 421]], [], [true, true]]",
33225,q,a,cx_stage1,,"[[[7, 424], [54, 424]], [], [true, true]]",
33226,q,a,cx_stage3,,"[[[7, 424], [54, 424]], [], [true, true]]",
33227,q,a,cx_stage1,,"[[[7, 428], [54, 428]], [], [true, true]]",
33228,q,a,cx_stage3,,"[[[7, 428], [54, 428]], [], [true, true]]",
33229,q,a,cx_stage1,,"[[[7, 431], [55, 431]], [], [true, true]]",
33230,q,a,cx_stage3,,"[[[7, 431], [55, 431]], [], [true, true]]",
33231,q,a,cx_stage1,,"[[[7, 435], [55, 435]], [], [true, true]]",
33232,q,a,cx_stage3,,"[[[7, 435], [55, 435]], [], [true, true]]",
33233,q,a,u2,,"[[[7, 436]], [], [true]]",
33234,q,a,cx_stage1,,"[[[0, 439], [7, 439]], [], [true, true]]",
33235,q,a,cx_stage3,,"[[[0, 439], [7, 439]], [], [true, true]]",
33236,q,a,p,,"[[[7, 440]], [], [true]]",
33237,q,a,cx_stage1,,"[[[0, 443], [7, 443]], [], [true, true]]",
33238,q,a,cx_stage3,,"[[[0, 443], [7, 443]], [], [true, true]]",
33239,q,a,cx_stage1,,"[[[1, 446], [7, 446]], [], [true, true]]",
33240,q,a,cx_stage3,,"[[[1, 446], [7, 446]], [], [true, true]]",
33241,q,a,p,,"[[[7, 447]], [], [true]]",
33242,q,a,cx_stage1,,"[[[1, 450], [7, 450]], [], [true, true]]",
33243,q,a,cx_stage3,,"[[[1, 450], [7, 450]], [], [true, true]]",
33244,q,a,cx_stage3,,"[[[0, 46], [7, 46]], [], [true, true]]",
33245,q,a,cx_stage1,,"[[[2, 453], [7, 453]], [], [true, true]]",
33246,q,a,cx_stage3,,"[[[2, 453], [7, 453]], [], [true, true]]",
33247,q,a,p,,"[[[7, 454]], [], [true]]",
33248,q,a,cx_stage1,,"[[[2, 457], [7, 457]], [], [true, true]]",
33249,q,a,cx_stage3,,"[[[2, 457], [7, 457]], [], [true, true]]",
33250,q,a,cx_stage1,,"[[[3, 460], [7, 460]], [], [true, true]]",
33251,q,a,cx_stage3,,"[[[3, 460], [7, 460]], [], [true, true]]",
33252,q,a,p,,"[[[7, 47]], [], [true]]",
33253,q,a,p,,"[[[7, 461]], [], [true]]",
33254,q,a,cx_stage1,,"[[[3, 464], [7, 464]], [], [true, true]]",
33255,q,a,cx_stage3,,"[[[3, 464], [7, 464]], [], [true, true]]",
33256,q,a,cx_stage1,,"[[[4, 467], [7, 467]], [], [true, true]]",
33257,q,a,cx_stage3,,"[[[4, 467], [7, 467]], [], [true, true]]",
33258,q,a,p,,"[[[7, 468]], [], [true]]",
33259,q,a,cx_stage1,,"[[[4, 471], [7, 471]], [], [true, true]]",
33260,q,a,cx_stage1,,"[[[0, 50], [7, 50]], [], [true, true]]",
33261,q,a,cx_stage3,,"[[[4, 471], [7, 471]], [], [true, true]]",
33262,q,a,cx_stage1,,"[[[5, 474], [7, 474]], [], [true, true]]",
33263,q,a,cx_stage3,,"[[[5, 474], [7, 474]], [], [true, true]]",
33264,q,a,p,,"[[[7, 475]], [], [true]]",
33265,q,a,cx_stage1,,"[[[5, 478], [7, 478]], [], [true, true]]",
33266,q,a,cx_stage3,,"[[[5, 478], [7, 478]], [], [true, true]]",
33267,q,a,cx_stage1,,"[[[6, 481], [7, 481]], [], [true, true]]",
33268,q,a,cx_stage3,,"[[[6, 481], [7, 481]], [], [true, true]]",
33269,q,a,p,,"[[[7, 482]], [], [true]]",
33270,q,a,cx_stage1,,"[[[6, 485], [7, 485]], [], [true, true]]",
33271,q,a,cx_stage3,,"[[[6, 485], [7, 485]], [], [true, true]]",
33272,q,a,cx_stage1,,"[[[7, 495], [8, 495]], [], [true, true]]",
33273,q,a,cx_stage3,,"[[[0, 50], [7, 50]], [], [true, true]]",
33274,q,a,cx_stage2,,"[[[7, 495], [8, 495]], [], [true, true]]",
33275,q,a,cx_stage3,,"[[[7, 495], [8, 495]], [], [true, true]]",
33276,q,a,cx_stage1,,"[[[7, 499], [8, 499]], [], [true, true]]",
33277,q,a,cx_stage2,,"[[[7, 499], [8, 499]], [], [true, true]]",
33278,q,a,cx_stage3,,"[[[7, 499], [8, 499]], [], [true, true]]",
33279,q,a,cx_stage1,,"[[[7, 502], [9, 502]], [], [true, true]]",
33280,q,a,cx_stage1,,"[[[1, 53], [7, 53]], [], [true, true]]",
33281,q,a,cx_stage2,,"[[[7, 502], [9, 502]], [], [true, true]]",
33282,q,a,cx_stage3,,"[[[7, 502], [9, 502]], [], [true, true]]",
33283,q,a,cx_stage1,,"[[[7, 506], [9, 506]], [], [true, true]]",
33284,q,a,cx_stage2,,"[[[7, 506], [9, 506]], [], [true, true]]",
33285,q,a,cx_stage3,,"[[[7, 506], [9, 506]], [], [true, true]]",
33286,q,a,cx_stage1,,"[[[7, 509], [10, 509]], [], [true, true]]",
33287,q,a,cx_stage3,,"[[[7, 509], [10, 509]], [], [true, true]]",
33288,q,a,cx_stage1,,"[[[7, 513], [10, 513]], [], [true, true]]",
33289,q,a,cx_stage3,,"[[[7, 513], [10, 513]], [], [true, true]]",
33290,q,a,cx_stage1,,"[[[7, 516], [11, 516]], [], [true, true]]",
33291,q,a,cx_stage3,,"[[[7, 516], [11, 516]], [], [true, true]]",
33292,q,a,cx_stage1,,"[[[7, 520], [11, 520]], [], [true, true]]",
33293,q,a,cx_stage3,,"[[[7, 520], [11, 520]], [], [true, true]]",
33294,q,a,cx_stage3,,"[[[1, 53], [7, 53]], [], [true, true]]",
33295,q,a,cx_stage1,,"[[[7, 523], [12, 523]], [], [true, true]]",
33296,q,a,cx_stage3,,"[[[7, 523], [12, 523]], [], [true, true]]",
33297,q,a,cx_stage1,,"[[[7, 527], [12, 527]], [], [true, true]]",
33298,q,a,cx_stage3,,"[[[7, 527], [12, 527]], [], [true, true]]",
33299,q,a,cx_stage1,,"[[[7, 530], [13, 530]], [], [true, true]]",
33300,q,a,cx_stage3,,"[[[7, 530], [13, 530]], [], [true, true]]",
33301,q,a,p,,"[[[7, 54]], [], [true]]",
33302,q,a,cx_stage1,,"[[[7, 534], [13, 534]], [], [true, true]]",
33303,q,a,cx_stage3,,"[[[7, 534], [13, 534]], [], [true, true]]",
33304,q,a,cx_stage1,,"[[[7, 537], [14, 537]], [], [true, true]]",
33305,q,a,cx_stage3,,"[[[7, 537], [14, 537]], [], [true, true]]",
33306,q,a,cx_stage1,,"[[[7, 541], [14, 541]], [], [true, true]]",
33307,q,a,cx_stage1,,"[[[1, 57], [7, 57]], [], [true, true]]",
33308,q,a,cx_stage3,,"[[[7, 541], [14, 541]], [], [true, true]]",
33309,q,a,cx_stage1,,"[[[7, 544], [15, 544]], [], [true, true]]",
33310,q,a,cx_stage3,,"[[[7, 544], [15, 544]], [], [true, true]]",
33311,q,a,cx_stage1,,"[[[7, 548], [15, 548]], [], [true, true]]",
33312,q,a,cx_stage3,,"[[[7, 548], [15, 548]], [], [true, true]]",
33313,q,a,cx_stage1,,"[[[7, 551], [16, 551]], [], [true, true]]",
33314,q,a,cx_stage3,,"[[[7, 551], [16, 551]], [], [true, true]]",
33315,q,a,cx_stage1,,"[[[7, 555], [16, 555]], [], [true, true]]",
33316,q,a,cx_stage3,,"[[[7, 555], [16, 555]], [], [true, true]]",
33317,q,a,cx_stage1,,"[[[7, 558], [17, 558]], [], [true, true]]",
33318,q,a,cx_stage3,,"[[[7, 558], [17, 558]], [], [true, true]]",
33319,q,a,cx_stage1,,"[[[7, 562], [17, 562]], [], [true, true]]",
33320,q,a,cx_stage3,,"[[[1, 57], [7, 57]], [], [true, true]]",
33321,q,a,cx_stage3,,"[[[7, 562], [17, 562]], [], [true, true]]",
33322,q,a,cx_stage1,,"[[[7, 565], [18, 565]], [], [true, true]]",
33323,q,a,cx_stage3,,"[[[7, 565], [18, 565]], [], [true, true]]",
33324,q,a,cx_stage1,,"[[[7, 569], [18, 569]], [], [true, true]]",
33325,q,a,cx_stage3,,"[[[7, 569], [18, 569]], [], [true, true]]",
33326,q,a,cx_stage1,,"[[[7, 572], [19, 572]], [], [true, true]]",
33327,q,a,cx_stage1,,"[[[2, 60], [7, 60]], [], [true, true]]",
33328,q,a,cx_stage3,,"[[[7, 572], [19, 572]], [], [true, true]]",
33329,q,a,cx_stage1,,"[[[7, 576], [19, 576]], [], [true, true]]",
33330,q,a,cx_stage3,,"[[[7, 576], [19, 576]], [], [true, true]]",
33331,q,a,cx_stage1,,"[[[7, 579], [20, 579]], [], [true, true]]",
33332,q,a,cx_stage3,,"[[[7, 579], [20, 579]], [], [true, true]]",
33333,q,a,cx_stage1,,"[[[7, 583], [20, 583]], [], [true, true]]",
33334,q,a,cx_stage3,,"[[[7, 583], [20, 583]], [], [true, true]]",
33335,q,a,cx_stage1,,"[[[7, 586], [21, 586]], [], [true, true]]",
33336,q,a,cx_stage3,,"[[[7, 586], [21, 586]], [], [true, true]]",
33337,q,a,cx_stage1,,"[[[7, 590], [21, 590]], [], [true, true]]",
33338,q,a,cx_stage3,,"[[[7, 590], [21, 590]], [], [true, true]]",
33339,q,a,cx_stage3,,"[[[2, 60], [7, 60]], [], [true, true]]",
33340,q,a,cx_stage1,,"[[[7, 593], [22, 593]], [], [true, true]]",
33341,q,a,cx_stage3,,"[[[7, 593], [22, 593]], [], [true, true]]",
33342,q,a,cx_stage1,,"[[[7, 597], [22, 597]], [], [true, true]]",
33343,q,a,cx_stage3,,"[[[7, 597], [22, 597]], [], [true, true]]",
33344,q,a,cx_stage1,,"[[[7, 600], [23, 600]], [], [true, true]]",
33345,q,a,cx_stage3,,"[[[7, 600], [23, 600]], [], [true, true]]",
33346,q,a,p,,"[[[7, 61]], [], [true]]",
33347,q,a,cx_stage1,,"[[[7, 604], [23, 604]], [], [true, true]]",
33348,q,a,cx_stage3,,"[[[7, 604], [23, 604]], [], [true, true]]",
33349,q,a,cx_stage1,,"[[[7, 607], [24, 607]], [], [true, true]]",
33350,q,a,cx_stage3,,"[[[7, 607], [24, 607]], [], [true, true]]",
33351,q,a,cx_stage1,,"[[[7, 611], [24, 611]], [], [true, true]]",
33352,q,a,cx_stage1,,"[[[2, 64], [7, 64]], [], [true, true]]",
33353,q,a,cx_stage3,,"[[[7, 611], [24, 611]], [], [true, true]]",
33354,q,a,cx_stage1,,"[[[7, 614], [25, 614]], [], [true, true]]",
33355,q,a,cx_stage3,,"[[[7, 614], [25, 614]], [], [true, true]]",
33356,q,a,cx_stage1,,"[[[7, 618], [25, 618]], [], [true, true]]",
33357,q,a,cx_stage3,,"[[[7, 618], [25, 618]], [], [true, true]]",
33358,q,a,cx_stage1,,"[[[7, 621], [26, 621]], [], [true, true]]",
33359,q,a,cx_stage3,,"[[[7, 621], [26, 621]], [], [true, true]]",
33360,q,a,cx_stage1,,"[[[7, 625], [26, 625]], [], [true, true]]",
33361,q,a,cx_stage3,,"[[[7, 625], [26, 625]], [], [true, true]]",
33362,q,a,cx_stage1,,"[[[7, 628], [27, 628]], [], [true, true]]",
33363,q,a,cx_stage3,,"[[[7, 628], [27, 628]], [], [true, true]]",
33364,q,a,cx_stage1,,"[[[7, 632], [27, 632]], [], [true, true]]",
33365,q,a,cx_stage3,,"[[[2, 64], [7, 64]], [], [true, true]]",
33366,q,a,cx_stage3,,"[[[7, 632], [27, 632]], [], [true, true]]",
33367,q,a,cx_stage1,,"[[[7, 635], [28, 635]], [], [true, true]]",
33368,q,a,cx_stage3,,"[[[7, 635], [28, 635]], [], [true, true]]",
33369,q,a,cx_stage1,,"[[[7, 639], [28, 639]], [], [true, true]]",
33370,q,a,cx_stage3,,"[[[7, 639], [28, 639]], [], [true, true]]",
33371,q,a,cx_stage1,,"[[[7, 642], [29, 642]], [], [true, true]]",
33372,q,a,cx_stage1,,"[[[3, 67], [7, 67]], [], [true, true]]",
33373,q,a,cx_stage3,,"[[[7, 642], [29, 642]], [], [true, true]]",
33374,q,a,cx_stage1,,"[[[7, 646], [29, 646]], [], [true, true]]",
33375,q,a,cx_stage3,,"[[[7, 646], [29, 646]], [], [true, true]]",
33376,q,a,cx_stage1,,"[[[7, 649], [30, 649]], [], [true, true]]",
33377,q,a,cx_stage3,,"[[[7, 649], [30, 649]], [], [true, true]]",
33378,q,a,cx_stage1,,"[[[7, 653], [30, 653]], [], [true, true]]",
33379,q,a,cx_stage3,,"[[[7, 653], [30, 653]], [], [true, true]]",
33380,q,a,cx_stage1,,"[[[7, 656], [31, 656]], [], [true, true]]",
33381,q,a,cx_stage3,,"[[[7, 656], [31, 656]], [], [true, true]]",
33382,q,a,cx_stage1,,"[[[7, 660], [31, 660]], [], [true, true]]",
33383,q,a,cx_stage3,,"[[[7, 660], [31, 660]], [], [true, true]]",
33384,q,a,cx_stage3,,"[[[3, 67], [7, 67]], [], [true, true]]",
33385,q,a,cx_stage1,,"[[[7, 663], [32, 663]], [], [true, true]]",
33386,q,a,cx_stage3,,"[[[7, 663], [32, 663]], [], [true, true]]",
33387,q,a,cx_stage1,,"[[[7, 667], [32, 667]], [], [true, true]]",
33388,q,a,cx_stage3,,"[[[7, 667], [32, 667]], [], [true, true]]",
33389,q,a,cx_stage1,,"[[[7, 670], [33, 670]], [], [true, true]]",
33390,q,a,cx_stage3,,"[[[7, 670], [33, 670]], [], [true, true]]",
33391,q,a,p,,"[[[7, 68]], [], [true]]",
33392,q,a,cx_stage1,,"[[[7, 674], [33, 674]], [], [true, true]]",
33393,q,a,cx_stage3,,"[[[7, 674], [33, 674]], [], [true, true]]",
33394,q,a,cx_stage1,,"[[[7, 677], [34, 677]], [], [true, true]]",
33395,q,a,cx_stage3,,"[[[7, 677], [34, 677]], [], [true, true]]",
33396,q,a,cx_stage1,,"[[[7, 681], [34, 681]], [], [true, true]]",
33397,q,a,cx_stage1,,"[[[3, 71], [7, 71]], [], [true, true]]",
33398,q,a,cx_stage3,,"[[[7, 681], [34, 681]], [], [true, true]]",
33399,q,a,cx_stage1,,"[[[7, 684], [35, 684]], [], [true, true]]",
33400,q,a,cx_stage3,,"[[[7, 684], [35, 684]], [], [true, true]]",
33401,q,a,cx_stage1,,"[[[7, 688], [35, 688]], [], [true, true]]",
33402,q,a,cx_stage3,,"[[[7, 688], [35, 688]], [], [true, true]]",
33403,q,a,cx_stage1,,"[[[7, 691], [36, 691]], [], [true, true]]",
33404,q,a,cx_stage3,,"[[[7, 691], [36, 691]], [], [true, true]]",
33405,q,a,cx_stage1,,"[[[7, 695], [36, 695]], [], [true, true]]",
33406,q,a,cx_stage3,,"[[[7, 695], [36, 695]], [], [true, true]]",
33407,q,a,cx_stage1,,"[[[7, 698], [37, 698]], [], [true, true]]",
33408,q,a,cx_stage3,,"[[[7, 698], [37, 698]], [], [true, true]]",
33409,q,a,cx_stage1,,"[[[7, 702], [37, 702]], [], [true, true]]",
33410,q,a,cx_stage3,,"[[[3, 71], [7, 71]], [], [true, true]]",
33411,q,a,cx_stage3,,"[[[7, 702], [37, 702]], [], [true, true]]",
33412,q,a,cx_stage1,,"[[[7, 705], [38, 705]], [], [true, true]]",
33413,q,a,cx_stage3,,"[[[7, 705], [38, 705]], [], [true, true]]",
33414,q,a,cx_stage1,,"[[[7, 709], [38, 709]], [], [true, true]]",
33415,q,a,cx_stage3,,"[[[7, 709], [38, 709]], [], [true, true]]",
33416,q,a,cx_stage1,,"[[[7, 712], [39, 712]], [], [true, true]]",
33417,q,a,cx_stage1,,"[[[4, 74], [7, 74]], [], [true, true]]",
33418,q,a,cx_stage3,,"[[[7, 712], [39, 712]], [], [true, true]]",
33419,q,a,cx_stage1,,"[[[7, 716], [39, 716]], [], [true, true]]",
33420,q,a,cx_stage3,,"[[[7, 716], [39, 716]], [], [true, true]]",
33421,q,a,cx_stage1,,"[[[7, 719], [40, 719]], [], [true, true]]",
33422,q,a,cx_stage3,,"[[[7, 719], [40, 719]], [], [true, true]]",
33423,q,a,cx_stage1,,"[[[7, 723], [40, 723]], [], [true, true]]",
33424,q,a,cx_stage3,,"[[[7, 723], [40, 723]], [], [true, true]]",
33425,q,a,cx_stage1,,"[[[7, 726], [41, 726]], [], [true, true]]",
33426,q,a,cx_stage3,,"[[[7, 726], [41, 726]], [], [true, true]]",
33427,q,a,cx_stage1,,"[[[7, 730], [41, 730]], [], [true, true]]",
33428,q,a,cx_stage3,,"[[[7, 730], [41, 730]], [], [true, true]]",
33429,q,a,cx_stage3,,"[[[4, 74], [7, 74]], [], [true, true]]",
33430,q,a,cx_stage1,,"[[[7, 733], [42, 733]], [], [true, true]]",
33431,q,a,cx_stage3,,"[[[7, 733], [42, 733]], [], [true, true]]",
33432,q,a,cx_stage1,,"[[[7, 737], [42, 737]], [], [true, true]]",
33433,q,a,cx_stage3,,"[[[7, 737], [42, 737]], [], [true, true]]",
33434,q,a,cx_stage1,,"[[[7, 740], [43, 740]], [], [true, true]]",
33435,q,a,cx_stage3,,"[[[7, 740], [43, 740]], [], [true, true]]",
33436,q,a,p,,"[[[7, 75]], [], [true]]",
33437,q,a,cx_stage1,,"[[[7, 744], [43, 744]], [], [true, true]]",
33438,q,a,cx_stage3,,"[[[7, 744], [43, 744]], [], [true, true]]",
33439,q,a,cx_stage1,,"[[[7, 747], [44, 747]], [], [true, true]]",
33440,q,a,cx_stage3,,"[[[7, 747], [44, 747]], [], [true, true]]",
33441,q,a,cx_stage1,,"[[[7, 751], [44, 751]], [], [true, true]]",
33442,q,a,cx_stage1,,"[[[4, 78], [7, 78]], [], [true, true]]",
33443,q,a,cx_stage3,,"[[[7, 751], [44, 751]], [], [true, true]]",
33444,q,a,cx_stage1,,"[[[7, 754], [45, 754]], [], [true, true]]",
33445,q,a,cx_stage3,,"[[[7, 754], [45, 754]], [], [true, true]]",
33446,q,a,cx_stage1,,"[[[7, 758], [45, 758]], [], [true, true]]",
33447,q,a,cx_stage3,,"[[[7, 758], [45, 758]], [], [true, true]]",
33448,q,a,cx_stage1,,"[[[7, 761], [46, 761]], [], [true, true]]",
33449,q,a,cx_stage3,,"[[[7, 761], [46, 761]], [], [true, true]]",
33450,q,a,cx_stage1,,"[[[7, 765], [46, 765]], [], [true, true]]",
33451,q,a,cx_stage3,,"[[[7, 765], [46, 765]], [], [true, true]]",
33452,q,a,cx_stage1,,"[[[7, 768], [47, 768]], [], [true, true]]",
33453,q,a,cx_stage3,,"[[[7, 768], [47, 768]], [], [true, true]]",
33454,q,a,cx_stage1,,"[[[7, 772], [47, 772]], [], [true, true]]",
33455,q,a,cx_stage3,,"[[[4, 78], [7, 78]], [], [true, true]]",
33456,q,a,cx_stage3,,"[[[7, 772], [47, 772]], [], [true, true]]",
33457,q,a,cx_stage1,,"[[[7, 775], [48, 775]], [], [true, true]]",
33458,q,a,cx_stage3,,"[[[7, 775], [48, 775]], [], [true, true]]",
33459,q,a,cx_stage1,,"[[[7, 779], [48, 779]], [], [true, true]]",
33460,q,a,cx_stage3,,"[[[7, 779], [48, 779]], [], [true, true]]",
33461,q,a,cx_stage1,,"[[[7, 782], [49, 782]], [], [true, true]]",
33462,q,a,cx_stage1,,"[[[5, 81], [7, 81]], [], [true, true]]",
33463,q,a,cx_stage3,,"[[[7, 782], [49, 782]], [], [true, true]]",
33464,q,a,cx_stage1,,"[[[7, 786], [49, 786]], [], [true, true]]",
33465,q,a,cx_stage3,,"[[[7, 786], [49, 786]], [], [true, true]]",
33466,q,a,cx_stage1,,"[[[7, 789], [50, 789]], [], [true, true]]",
33467,q,a,cx_stage3,,"[[[7, 789], [50, 789]], [], [true, true]]",
33468,q,a,cx_stage1,,"[[[7, 793], [50, 793]], [], [true, true]]",
33469,q,a,cx_stage3,,"[[[7, 793], [50, 793]], [], [true, true]]",
33470,q,a,cx_stage1,,"[[[7, 796], [51, 796]], [], [true, true]]",
33471,q,a,cx_stage3,,"[[[7, 796], [51, 796]], [], [true, true]]",
33472,q,a,cx_stage1,,"[[[7, 800], [51, 800]], [], [true, true]]",
33473,q,a,cx_stage3,,"[[[7, 800], [51, 800]], [], [true, true]]",
33474,q,a,cx_stage3,,"[[[5, 81], [7, 81]], [], [true, true]]",
33475,q,a,cx_stage1,,"[[[7, 803], [52, 803]], [], [true, true]]",
33476,q,a,cx_stage3,,"[[[7, 803], [52, 803]], [], [true, true]]",
33477,q,a,cx_stage1,,"[[[7, 807], [52, 807]], [], [true, true]]",
33478,q,a,cx_stage3,,"[[[7, 807], [52, 807]], [], [true, true]]",
33479,q,a,cx_stage1,,"[[[7, 810], [53, 810]], [], [true, true]]",
33480,q,a,cx_stage3,,"[[[7, 810], [53, 810]], [], [true, true]]",
33481,q,a,p,,"[[[7, 82]], [], [true]]",
33482,q,a,cx_stage1,,"[[[7, 814], [53, 814]], [], [true, true]]",
33483,q,a,cx_stage3,,"[[[7, 814], [53, 814]], [], [true, true]]",
33484,q,a,cx_stage1,,"[[[7, 817], [54, 817]], [], [true, true]]",
33485,q,a,cx_stage3,,"[[[7, 817], [54, 817]], [], [true, true]]",
33486,q,a,cx_stage1,,"[[[7, 821], [54, 821]], [], [true, true]]",
33487,q,a,cx_stage1,,"[[[5, 85], [7, 85]], [], [true, true]]",
33488,q,a,cx_stage3,,"[[[7, 821], [54, 821]], [], [true, true]]",
33489,q,a,cx_stage1,,"[[[7, 824], [55, 824]], [], [true, true]]",
33490,q,a,cx_stage3,,"[[[7, 824], [55, 824]], [], [true, true]]",
33491,q,a,cx_stage1,,"[[[7, 828], [55, 828]], [], [true, true]]",
33492,q,a,cx_stage3,,"[[[7, 828], [55, 828]], [], [true, true]]",
33493,q,a,ry,,"[[[7, 829]], [], [true]]",
33494,q,a,cx_stage3,,"[[[5, 85], [7, 85]], [], [true, true]]",
33495,q,a,cx_stage1,,"[[[6, 88], [7, 88]], [], [true, true]]",
33496,q,a,cx_stage3,,"[[[6, 88], [7, 88]], [], [true, true]]",
33497,q,a,p,,"[[[7, 89]], [], [true]]",
33498,q,a,cx_stage1,,"[[[6, 92], [7, 92]], [], [true, true]]",
33499,q,a,cx_stage3,,"[[[6, 92], [7, 92]], [], [true, true]]",
33500,q,a,u2,,"[[[8, 1]], [], [true]]",
33501,q,a,cx_stage1,,"[[[0, 53], [8, 53]], [], [true, true]]",
33502,q,a,cx_stage1,,"[[[7, 102], [8, 102]], [], [true, true]]",
33503,q,a,cx_stage3,,"[[[7, 102], [8, 102]], [], [true, true]]",
33504,q,a,p,,"[[[8, 103]], [], [true]]",
33505,q,a,cx_stage1,,"[[[7, 106], [8, 106]], [], [true, true]]",
33506,q,a,cx_stage3,,"[[[7, 106], [8, 106]], [], [true, true]]",
33507,q,a,cx_stage1,,"[[[8, 116], [9, 116]], [], [true, true]]",
33508,q,a,cx_stage2,,"[[[8, 116], [9, 116]], [], [true, true]]",
33509,q,a,cx_stage3,,"[[[8, 116], [9, 116]], [], [true, true]]",
33510,q,a,cx_stage1,,"[[[8, 120], [9, 120]], [], [true, true]]",
33511,q,a,cx_stage2,,"[[[8, 120], [9, 120]], [], [true, true]]",
33512,q,a,cx_stage3,,"[[[8, 120], [9, 120]], [], [true, true]]",
33513,q,a,cx_stage1,,"[[[8, 123], [10, 123]], [], [true, true]]",
33514,q,a,cx_stage3,,"[[[8, 123], [10, 123]], [], [true, true]]",
33515,q,a,cx_stage1,,"[[[8, 127], [10, 127]], [], [true, true]]",
33516,q,a,cx_stage3,,"[[[8, 127], [10, 127]], [], [true, true]]",
33517,q,a,cx_stage1,,"[[[8, 130], [11, 130]], [], [true, true]]",
33518,q,a,cx_stage3,,"[[[8, 130], [11, 130]], [], [true, true]]",
33519,q,a,cx_stage2,,"[[[8, 1299], [9, 1299]], [], [true, true]]",
33520,q,a,cx_stage1,,"[[[8, 1299], [9, 1299]], [], [true, true]]",
33521,q,a,cx_stage3,,"[[[8, 1299], [9, 1299]], [], [true, true]]",
33522,q,a,cx_stage1,,"[[[7, 1302], [8, 1302]], [], [true, true]]",
33523,q,a,cx_stage1,,"[[[8, 134], [11, 134]], [], [true, true]]",
33524,q,a,cx_stage3,,"[[[7, 1302], [8, 1302]], [], [true, true]]",
33525,q,a,ry,,"[[[8, 1303]], [], [true]]",
33526,q,a,cx_stage3,,"[[[8, 134], [11, 134]], [], [true, true]]",
33527,q,a,cx_stage1,,"[[[8, 137], [12, 137]], [], [true, true]]",
33528,q,a,cx_stage3,,"[[[8, 137], [12, 137]], [], [true, true]]",
33529,q,a,cx_stage1,,"[[[8, 141], [12, 141]], [], [true, true]]",
33530,q,a,cx_stage3,,"[[[8, 141], [12, 141]], [], [true, true]]",
33531,q,a,cx_stage1,,"[[[8, 144], [13, 144]], [], [true, true]]",
33532,q,a,cx_stage3,,"[[[8, 144], [13, 144]], [], [true, true]]",
33533,q,a,cx_stage1,,"[[[8, 148], [13, 148]], [], [true, true]]",
33534,q,a,cx_stage3,,"[[[8, 148], [13, 148]], [], [true, true]]",
33535,q,a,cx_stage1,,"[[[8, 151], [14, 151]], [], [true, true]]",
33536,q,a,cx_stage3,,"[[[8, 151], [14, 151]], [], [true, true]]",
33537,q,a,cx_stage1,,"[[[8, 155], [14, 155]], [], [true, true]]",
33538,q,a,cx_stage3,,"[[[8, 155], [14, 155]], [], [true, true]]",
33539,q,a,cx_stage1,,"[[[8, 158], [15, 158]], [], [true, true]]",
33540,q,a,cx_stage3,,"[[[8, 158], [15, 158]], [], [true, true]]",
33541,q,a,cx_stage1,,"[[[8, 162], [15, 162]], [], [true, true]]",
33542,q,a,cx_stage3,,"[[[8, 162], [15, 162]], [], [true, true]]",
33543,q,a,cx_stage1,,"[[[8, 165], [16, 165]], [], [true, true]]",
33544,q,a,cx_stage3,,"[[[8, 165], [16, 165]], [], [true, true]]",
33545,q,a,cx_stage1,,"[[[8, 169], [16, 169]], [], [true, true]]",
33546,q,a,cx_stage3,,"[[[8, 169], [16, 169]], [], [true, true]]",
33547,q,a,cx_stage1,,"[[[8, 172], [17, 172]], [], [true, true]]",
33548,q,a,cx_stage3,,"[[[8, 172], [17, 172]], [], [true, true]]",
33549,q,a,cx_stage1,,"[[[8, 176], [17, 176]], [], [true, true]]",
33550,q,a,cx_stage3,,"[[[8, 176], [17, 176]], [], [true, true]]",
33551,q,a,cx_stage1,,"[[[8, 179], [18, 179]], [], [true, true]]",
33552,q,a,cx_stage3,,"[[[8, 179], [18, 179]], [], [true, true]]",
33553,q,a,cx_stage1,,"[[[8, 183], [18, 183]], [], [true, true]]",
33554,q,a,cx_stage3,,"[[[8, 183], [18, 183]], [], [true, true]]",
33555,q,a,cx_stage1,,"[[[8, 186], [19, 186]], [], [true, true]]",
33556,q,a,cx_stage3,,"[[[8, 186], [19, 186]], [], [true, true]]",
33557,q,a,cx_stage1,,"[[[8, 190], [19, 190]], [], [true, true]]",
33558,q,a,cx_stage3,,"[[[8, 190], [19, 190]], [], [true, true]]",
33559,q,a,cx_stage1,,"[[[8, 193], [20, 193]], [], [true, true]]",
33560,q,a,cx_stage3,,"[[[8, 193], [20, 193]], [], [true, true]]",
33561,q,a,cx_stage1,,"[[[8, 197], [20, 197]], [], [true, true]]",
33562,q,a,cx_stage3,,"[[[8, 197], [20, 197]], [], [true, true]]",
33563,q,a,cx_stage1,,"[[[8, 200], [21, 200]], [], [true, true]]",
33564,q,a,cx_stage3,,"[[[8, 200], [21, 200]], [], [true, true]]",
33565,q,a,cx_stage1,,"[[[8, 204], [21, 204]], [], [true, true]]",
33566,q,a,cx_stage3,,"[[[8, 204], [21, 204]], [], [true, true]]",
33567,q,a,cx_stage1,,"[[[8, 207], [22, 207]], [], [true, true]]",
33568,q,a,cx_stage3,,"[[[8, 207], [22, 207]], [], [true, true]]",
33569,q,a,cx_stage1,,"[[[8, 211], [22, 211]], [], [true, true]]",
33570,q,a,cx_stage3,,"[[[8, 211], [22, 211]], [], [true, true]]",
33571,q,a,cx_stage1,,"[[[8, 214], [23, 214]], [], [true, true]]",
33572,q,a,cx_stage3,,"[[[8, 214], [23, 214]], [], [true, true]]",
33573,q,a,cx_stage1,,"[[[8, 218], [23, 218]], [], [true, true]]",
33574,q,a,cx_stage3,,"[[[8, 218], [23, 218]], [], [true, true]]",
33575,q,a,cx_stage1,,"[[[8, 221], [24, 221]], [], [true, true]]",
33576,q,a,cx_stage3,,"[[[8, 221], [24, 221]], [], [true, true]]",
33577,q,a,cx_stage1,,"[[[8, 225], [24, 225]], [], [true, true]]",
33578,q,a,cx_stage3,,"[[[8, 225], [24, 225]], [], [true, true]]",
33579,q,a,cx_stage1,,"[[[8, 228], [25, 228]], [], [true, true]]",
33580,q,a,cx_stage3,,"[[[8, 228], [25, 228]], [], [true, true]]",
33581,q,a,cx_stage1,,"[[[8, 232], [25, 232]], [], [true, true]]",
33582,q,a,cx_stage3,,"[[[8, 232], [25, 232]], [], [true, true]]",
33583,q,a,cx_stage1,,"[[[8, 235], [26, 235]], [], [true, true]]",
33584,q,a,cx_stage3,,"[[[8, 235], [26, 235]], [], [true, true]]",
33585,q,a,cx_stage1,,"[[[8, 239], [26, 239]], [], [true, true]]",
33586,q,a,cx_stage3,,"[[[8, 239], [26, 239]], [], [true, true]]",
33587,q,a,cx_stage1,,"[[[8, 242], [27, 242]], [], [true, true]]",
33588,q,a,cx_stage3,,"[[[8, 242], [27, 242]], [], [true, true]]",
33589,q,a,cx_stage1,,"[[[8, 246], [27, 246]], [], [true, true]]",
33590,q,a,cx_stage3,,"[[[8, 246], [27, 246]], [], [true, true]]",
33591,q,a,cx_stage1,,"[[[8, 249], [28, 249]], [], [true, true]]",
33592,q,a,cx_stage3,,"[[[8, 249], [28, 249]], [], [true, true]]",
33593,q,a,cx_stage1,,"[[[8, 253], [28, 253]], [], [true, true]]",
33594,q,a,cx_stage3,,"[[[8, 253], [28, 253]], [], [true, true]]",
33595,q,a,cx_stage1,,"[[[8, 256], [29, 256]], [], [true, true]]",
33596,q,a,cx_stage3,,"[[[8, 256], [29, 256]], [], [true, true]]",
33597,q,a,cx_stage1,,"[[[8, 260], [29, 260]], [], [true, true]]",
33598,q,a,cx_stage3,,"[[[8, 260], [29, 260]], [], [true, true]]",
33599,q,a,cx_stage1,,"[[[8, 263], [30, 263]], [], [true, true]]",
33600,q,a,cx_stage3,,"[[[8, 263], [30, 263]], [], [true, true]]",
33601,q,a,cx_stage1,,"[[[8, 267], [30, 267]], [], [true, true]]",
33602,q,a,cx_stage3,,"[[[8, 267], [30, 267]], [], [true, true]]",
33603,q,a,cx_stage1,,"[[[8, 270], [31, 270]], [], [true, true]]",
33604,q,a,cx_stage3,,"[[[8, 270], [31, 270]], [], [true, true]]",
33605,q,a,cx_stage1,,"[[[8, 274], [31, 274]], [], [true, true]]",
33606,q,a,cx_stage3,,"[[[8, 274], [31, 274]], [], [true, true]]",
33607,q,a,cx_stage1,,"[[[8, 277], [32, 277]], [], [true, true]]",
33608,q,a,cx_stage3,,"[[[8, 277], [32, 277]], [], [true, true]]",
33609,q,a,cx_stage1,,"[[[8, 281], [32, 281]], [], [true, true]]",
33610,q,a,cx_stage3,,"[[[8, 281], [32, 281]], [], [true, true]]",
33611,q,a,cx_stage1,,"[[[8, 284], [33, 284]], [], [true, true]]",
33612,q,a,cx_stage3,,"[[[8, 284], [33, 284]], [], [true, true]]",
33613,q,a,cx_stage1,,"[[[8, 288], [33, 288]], [], [true, true]]",
33614,q,a,cx_stage3,,"[[[8, 288], [33, 288]], [], [true, true]]",
33615,q,a,cx_stage1,,"[[[8, 291], [34, 291]], [], [true, true]]",
33616,q,a,cx_stage3,,"[[[8, 291], [34, 291]], [], [true, true]]",
33617,q,a,cx_stage1,,"[[[8, 295], [34, 295]], [], [true, true]]",
33618,q,a,cx_stage3,,"[[[8, 295], [34, 295]], [], [true, true]]",
33619,q,a,cx_stage1,,"[[[8, 298], [35, 298]], [], [true, true]]",
33620,q,a,cx_stage3,,"[[[8, 298], [35, 298]], [], [true, true]]",
33621,q,a,cx_stage1,,"[[[8, 302], [35, 302]], [], [true, true]]",
33622,q,a,cx_stage3,,"[[[8, 302], [35, 302]], [], [true, true]]",
33623,q,a,cx_stage1,,"[[[8, 305], [36, 305]], [], [true, true]]",
33624,q,a,cx_stage3,,"[[[8, 305], [36, 305]], [], [true, true]]",
33625,q,a,cx_stage1,,"[[[8, 309], [36, 309]], [], [true, true]]",
33626,q,a,cx_stage3,,"[[[8, 309], [36, 309]], [], [true, true]]",
33627,q,a,cx_stage1,,"[[[8, 312], [37, 312]], [], [true, true]]",
33628,q,a,cx_stage3,,"[[[8, 312], [37, 312]], [], [true, true]]",
33629,q,a,cx_stage1,,"[[[8, 316], [37, 316]], [], [true, true]]",
33630,q,a,cx_stage3,,"[[[8, 316], [37, 316]], [], [true, true]]",
33631,q,a,cx_stage1,,"[[[8, 319], [38, 319]], [], [true, true]]",
33632,q,a,cx_stage3,,"[[[8, 319], [38, 319]], [], [true, true]]",
33633,q,a,cx_stage1,,"[[[8, 323], [38, 323]], [], [true, true]]",
33634,q,a,cx_stage3,,"[[[8, 323], [38, 323]], [], [true, true]]",
33635,q,a,cx_stage1,,"[[[8, 326], [39, 326]], [], [true, true]]",
33636,q,a,cx_stage3,,"[[[8, 326], [39, 326]], [], [true, true]]",
33637,q,a,cx_stage1,,"[[[8, 330], [39, 330]], [], [true, true]]",
33638,q,a,cx_stage3,,"[[[8, 330], [39, 330]], [], [true, true]]",
33639,q,a,cx_stage1,,"[[[8, 333], [40, 333]], [], [true, true]]",
33640,q,a,cx_stage3,,"[[[8, 333], [40, 333]], [], [true, true]]",
33641,q,a,cx_stage1,,"[[[8, 337], [40, 337]], [], [true, true]]",
33642,q,a,cx_stage3,,"[[[8, 337], [40, 337]], [], [true, true]]",
33643,q,a,cx_stage1,,"[[[8, 340], [41, 340]], [], [true, true]]",
33644,q,a,cx_stage3,,"[[[8, 340], [41, 340]], [], [true, true]]",
33645,q,a,cx_stage1,,"[[[8, 344], [41, 344]], [], [true, true]]",
33646,q,a,cx_stage3,,"[[[8, 344], [41, 344]], [], [true, true]]",
33647,q,a,cx_stage1,,"[[[8, 347], [42, 347]], [], [true, true]]",
33648,q,a,cx_stage3,,"[[[8, 347], [42, 347]], [], [true, true]]",
33649,q,a,cx_stage1,,"[[[8, 351], [42, 351]], [], [true, true]]",
33650,q,a,cx_stage3,,"[[[8, 351], [42, 351]], [], [true, true]]",
33651,q,a,cx_stage1,,"[[[8, 354], [43, 354]], [], [true, true]]",
33652,q,a,cx_stage3,,"[[[8, 354], [43, 354]], [], [true, true]]",
33653,q,a,cx_stage1,,"[[[8, 358], [43, 358]], [], [true, true]]",
33654,q,a,cx_stage3,,"[[[8, 358], [43, 358]], [], [true, true]]",
33655,q,a,cx_stage1,,"[[[8, 361], [44, 361]], [], [true, true]]",
33656,q,a,cx_stage3,,"[[[8, 361], [44, 361]], [], [true, true]]",
33657,q,a,cx_stage1,,"[[[8, 365], [44, 365]], [], [true, true]]",
33658,q,a,cx_stage3,,"[[[8, 365], [44, 365]], [], [true, true]]",
33659,q,a,cx_stage1,,"[[[8, 368], [45, 368]], [], [true, true]]",
33660,q,a,cx_stage3,,"[[[8, 368], [45, 368]], [], [true, true]]",
33661,q,a,cx_stage1,,"[[[8, 372], [45, 372]], [], [true, true]]",
33662,q,a,cx_stage3,,"[[[8, 372], [45, 372]], [], [true, true]]",
33663,q,a,cx_stage1,,"[[[8, 375], [46, 375]], [], [true, true]]",
33664,q,a,cx_stage3,,"[[[8, 375], [46, 375]], [], [true, true]]",
33665,q,a,cx_stage1,,"[[[8, 379], [46, 379]], [], [true, true]]",
33666,q,a,cx_stage3,,"[[[8, 379], [46, 379]], [], [true, true]]",
33667,q,a,cx_stage1,,"[[[8, 382], [47, 382]], [], [true, true]]",
33668,q,a,cx_stage3,,"[[[8, 382], [47, 382]], [], [true, true]]",
33669,q,a,cx_stage1,,"[[[8, 386], [47, 386]], [], [true, true]]",
33670,q,a,cx_stage3,,"[[[8, 386], [47, 386]], [], [true, true]]",
33671,q,a,cx_stage1,,"[[[8, 389], [48, 389]], [], [true, true]]",
33672,q,a,cx_stage3,,"[[[8, 389], [48, 389]], [], [true, true]]",
33673,q,a,cx_stage1,,"[[[8, 393], [48, 393]], [], [true, true]]",
33674,q,a,cx_stage3,,"[[[8, 393], [48, 393]], [], [true, true]]",
33675,q,a,cx_stage1,,"[[[8, 396], [49, 396]], [], [true, true]]",
33676,q,a,cx_stage3,,"[[[8, 396], [49, 396]], [], [true, true]]",
33677,q,a,cx_stage1,,"[[[8, 400], [49, 400]], [], [true, true]]",
33678,q,a,cx_stage3,,"[[[8, 400], [49, 400]], [], [true, true]]",
33679,q,a,cx_stage1,,"[[[8, 403], [50, 403]], [], [true, true]]",
33680,q,a,cx_stage3,,"[[[8, 403], [50, 403]], [], [true, true]]",
33681,q,a,cx_stage1,,"[[[8, 407], [50, 407]], [], [true, true]]",
33682,q,a,cx_stage3,,"[[[8, 407], [50, 407]], [], [true, true]]",
33683,q,a,cx_stage1,,"[[[8, 410], [51, 410]], [], [true, true]]",
33684,q,a,cx_stage3,,"[[[8, 410], [51, 410]], [], [true, true]]",
33685,q,a,cx_stage1,,"[[[8, 414], [51, 414]], [], [true, true]]",
33686,q,a,cx_stage3,,"[[[8, 414], [51, 414]], [], [true, true]]",
33687,q,a,cx_stage1,,"[[[8, 417], [52, 417]], [], [true, true]]",
33688,q,a,cx_stage3,,"[[[8, 417], [52, 417]], [], [true, true]]",
33689,q,a,cx_stage1,,"[[[8, 421], [52, 421]], [], [true, true]]",
33690,q,a,cx_stage3,,"[[[8, 421], [52, 421]], [], [true, true]]",
33691,q,a,cx_stage1,,"[[[8, 424], [53, 424]], [], [true, true]]",
33692,q,a,cx_stage3,,"[[[8, 424], [53, 424]], [], [true, true]]",
33693,q,a,cx_stage1,,"[[[8, 428], [53, 428]], [], [true, true]]",
33694,q,a,cx_stage3,,"[[[8, 428], [53, 428]], [], [true, true]]",
33695,q,a,cx_stage1,,"[[[8, 431], [54, 431]], [], [true, true]]",
33696,q,a,cx_stage3,,"[[[8, 431], [54, 431]], [], [true, true]]",
33697,q,a,cx_stage1,,"[[[8, 435], [54, 435]], [], [true, true]]",
33698,q,a,cx_stage3,,"[[[8, 435], [54, 435]], [], [true, true]]",
33699,q,a,cx_stage1,,"[[[8, 438], [55, 438]], [], [true, true]]",
33700,q,a,cx_stage3,,"[[[8, 438], [55, 438]], [], [true, true]]",
33701,q,a,cx_stage1,,"[[[8, 442], [55, 442]], [], [true, true]]",
33702,q,a,cx_stage3,,"[[[8, 442], [55, 442]], [], [true, true]]",
33703,q,a,u2,,"[[[8, 443]], [], [true]]",
33704,q,a,cx_stage1,,"[[[0, 446], [8, 446]], [], [true, true]]",
33705,q,a,cx_stage3,,"[[[0, 446], [8, 446]], [], [true, true]]",
33706,q,a,p,,"[[[8, 447]], [], [true]]",
33707,q,a,cx_stage1,,"[[[0, 450], [8, 450]], [], [true, true]]",
33708,q,a,cx_stage3,,"[[[0, 450], [8, 450]], [], [true, true]]",
33709,q,a,cx_stage1,,"[[[1, 453], [8, 453]], [], [true, true]]",
33710,q,a,cx_stage3,,"[[[1, 453], [8, 453]], [], [true, true]]",
33711,q,a,p,,"[[[8, 454]], [], [true]]",
33712,q,a,cx_stage1,,"[[[1, 457], [8, 457]], [], [true, true]]",
33713,q,a,cx_stage3,,"[[[1, 457], [8, 457]], [], [true, true]]",
33714,q,a,cx_stage1,,"[[[2, 460], [8, 460]], [], [true, true]]",
33715,q,a,cx_stage3,,"[[[2, 460], [8, 460]], [], [true, true]]",
33716,q,a,p,,"[[[8, 461]], [], [true]]",
33717,q,a,cx_stage1,,"[[[2, 464], [8, 464]], [], [true, true]]",
33718,q,a,cx_stage3,,"[[[2, 464], [8, 464]], [], [true, true]]",
33719,q,a,cx_stage1,,"[[[3, 467], [8, 467]], [], [true, true]]",
33720,q,a,cx_stage3,,"[[[3, 467], [8, 467]], [], [true, true]]",
33721,q,a,p,,"[[[8, 468]], [], [true]]",
33722,q,a,cx_stage1,,"[[[3, 471], [8, 471]], [], [true, true]]",
33723,q,a,cx_stage3,,"[[[3, 471], [8, 471]], [], [true, true]]",
33724,q,a,cx_stage1,,"[[[4, 474], [8, 474]], [], [true, true]]",
33725,q,a,cx_stage3,,"[[[4, 474], [8, 474]], [], [true, true]]",
33726,q,a,p,,"[[[8, 475]], [], [true]]",
33727,q,a,cx_stage1,,"[[[4, 478], [8, 478]], [], [true, true]]",
33728,q,a,cx_stage3,,"[[[4, 478], [8, 478]], [], [true, true]]",
33729,q,a,cx_stage1,,"[[[5, 481], [8, 481]], [], [true, true]]",
33730,q,a,cx_stage3,,"[[[5, 481], [8, 481]], [], [true, true]]",
33731,q,a,p,,"[[[8, 482]], [], [true]]",
33732,q,a,cx_stage1,,"[[[5, 485], [8, 485]], [], [true, true]]",
33733,q,a,cx_stage3,,"[[[5, 485], [8, 485]], [], [true, true]]",
33734,q,a,cx_stage1,,"[[[6, 488], [8, 488]], [], [true, true]]",
33735,q,a,cx_stage3,,"[[[6, 488], [8, 488]], [], [true, true]]",
33736,q,a,p,,"[[[8, 489]], [], [true]]",
33737,q,a,cx_stage1,,"[[[6, 492], [8, 492]], [], [true, true]]",
33738,q,a,cx_stage3,,"[[[6, 492], [8, 492]], [], [true, true]]",
33739,q,a,cx_stage1,,"[[[7, 495], [8, 495]], [], [true, true]]",
33740,q,a,cx_stage3,,"[[[7, 495], [8, 495]], [], [true, true]]",
33741,q,a,p,,"[[[8, 496]], [], [true]]",
33742,q,a,cx_stage1,,"[[[7, 499], [8, 499]], [], [true, true]]",
33743,q,a,cx_stage3,,"[[[7, 499], [8, 499]], [], [true, true]]",
33744,q,a,cx_stage1,,"[[[8, 509], [9, 509]], [], [true, true]]",
33745,q,a,cx_stage2,,"[[[8, 509], [9, 509]], [], [true, true]]",
33746,q,a,cx_stage3,,"[[[8, 509], [9, 509]], [], [true, true]]",
33747,q,a,cx_stage1,,"[[[8, 513], [9, 513]], [], [true, true]]",
33748,q,a,cx_stage2,,"[[[8, 513], [9, 513]], [], [true, true]]",
33749,q,a,cx_stage3,,"[[[8, 513], [9, 513]], [], [true, true]]",
33750,q,a,cx_stage1,,"[[[8, 516], [10, 516]], [], [true, true]]",
33751,q,a,cx_stage3,,"[[[8, 516], [10, 516]], [], [true, true]]",
33752,q,a,cx_stage1,,"[[[8, 520], [10, 520]], [], [true, true]]",
33753,q,a,cx_stage3,,"[[[8, 520], [10, 520]], [], [true, true]]",
33754,q,a,cx_stage3,,"[[[0, 53], [8, 53]], [], [true, true]]",
33755,q,a,cx_stage1,,"[[[8, 523], [11, 523]], [], [true, true]]",
33756,q,a,cx_stage3,,"[[[8, 523], [11, 523]], [], [true, true]]",
33757,q,a,cx_stage1,,"[[[8, 527], [11, 527]], [], [true, true]]",
33758,q,a,cx_stage3,,"[[[8, 527], [11, 527]], [], [true, true]]",
33759,q,a,cx_stage1,,"[[[8, 530], [12, 530]], [], [true, true]]",
33760,q,a,cx_stage3,,"[[[8, 530], [12, 530]], [], [true, true]]",
33761,q,a,p,,"[[[8, 54]], [], [true]]",
33762,q,a,cx_stage1,,"[[[8, 534], [12, 534]], [], [true, true]]",
33763,q,a,cx_stage3,,"[[[8, 534], [12, 534]], [], [true, true]]",
33764,q,a,cx_stage1,,"[[[8, 537], [13, 537]], [], [true, true]]",
33765,q,a,cx_stage3,,"[[[8, 537], [13, 537]], [], [true, true]]",
33766,q,a,cx_stage1,,"[[[8, 541], [13, 541]], [], [true, true]]",
33767,q,a,cx_stage1,,"[[[0, 57], [8, 57]], [], [true, true]]",
33768,q,a,cx_stage3,,"[[[8, 541], [13, 541]], [], [true, true]]",
33769,q,a,cx_stage1,,"[[[8, 544], [14, 544]], [], [true, true]]",
33770,q,a,cx_stage3,,"[[[8, 544], [14, 544]], [], [true, true]]",
33771,q,a,cx_stage1,,"[[[8, 548], [14, 548]], [], [true, true]]",
33772,q,a,cx_stage3,,"[[[8, 548], [14, 548]], [], [true, true]]",
33773,q,a,cx_stage1,,"[[[8, 551], [15, 551]], [], [true, true]]",
33774,q,a,cx_stage3,,"[[[8, 551], [15, 551]], [], [true, true]]",
33775,q,a,cx_stage1,,"[[[8, 555], [15, 555]], [], [true, true]]",
33776,q,a,cx_stage3,,"[[[8, 555], [15, 555]], [], [true, true]]",
33777,q,a,cx_stage1,,"[[[8, 558], [16, 558]], [], [true, true]]",
33778,q,a,cx_stage3,,"[[[8, 558], [16, 558]], [], [true, true]]",
33779,q,a,cx_stage1,,"[[[8, 562], [16, 562]], [], [true, true]]",
33780,q,a,cx_stage3,,"[[[0, 57], [8, 57]], [], [true, true]]",
33781,q,a,cx_stage3,,"[[[8, 562], [16, 562]], [], [true, true]]",
33782,q,a,cx_stage1,,"[[[8, 565], [17, 565]], [], [true, true]]",
33783,q,a,cx_stage3,,"[[[8, 565], [17, 565]], [], [true, true]]",
33784,q,a,cx_stage1,,"[[[8, 569], [17, 569]], [], [true, true]]",
33785,q,a,cx_stage3,,"[[[8, 569], [17, 569]], [], [true, true]]",
33786,q,a,cx_stage1,,"[[[8, 572], [18, 572]], [], [true, true]]",
33787,q,a,cx_stage1,,"[[[1, 60], [8, 60]], [], [true, true]]",
33788,q,a,cx_stage3,,"[[[8, 572], [18, 572]], [], [true, true]]",
33789,q,a,cx_stage1,,"[[[8, 576], [18, 576]], [], [true, true]]",
33790,q,a,cx_stage3,,"[[[8, 576], [18, 576]], [], [true, true]]",
33791,q,a,cx_stage1,,"[[[8, 579], [19, 579]], [], [true, true]]",
33792,q,a,cx_stage3,,"[[[8, 579], [19, 579]], [], [true, true]]",
33793,q,a,cx_stage1,,"[[[8, 583], [19, 583]], [], [true, true]]",
33794,q,a,cx_stage3,,"[[[8, 583], [19, 583]], [], [true, true]]",
33795,q,a,cx_stage1,,"[[[8, 586], [20, 586]], [], [true, true]]",
33796,q,a,cx_stage3,,"[[[8, 586], [20, 586]], [], [true, true]]",
33797,q,a,cx_stage1,,"[[[8, 590], [20, 590]], [], [true, true]]",
33798,q,a,cx_stage3,,"[[[8, 590], [20, 590]], [], [true, true]]",
33799,q,a,cx_stage3,,"[[[1, 60], [8, 60]], [], [true, true]]",
33800,q,a,cx_stage1,,"[[[8, 593], [21, 593]], [], [true, true]]",
33801,q,a,cx_stage3,,"[[[8, 593], [21, 593]], [], [true, true]]",
33802,q,a,cx_stage1,,"[[[8, 597], [21, 597]], [], [true, true]]",
33803,q,a,cx_stage3,,"[[[8, 597], [21, 597]], [], [true, true]]",
33804,q,a,cx_stage1,,"[[[8, 600], [22, 600]], [], [true, true]]",
33805,q,a,cx_stage3,,"[[[8, 600], [22, 600]], [], [true, true]]",
33806,q,a,p,,"[[[8, 61]], [], [true]]",
33807,q,a,cx_stage1,,"[[[8, 604], [22, 604]], [], [true, true]]",
33808,q,a,cx_stage3,,"[[[8, 604], [22, 604]], [], [true, true]]",
33809,q,a,cx_stage1,,"[[[8, 607], [23, 607]], [], [true, true]]",
33810,q,a,cx_stage3,,"[[[8, 607], [23, 607]], [], [true, true]]",
33811,q,a,cx_stage1,,"[[[8, 611], [23, 611]], [], [true, true]]",
33812,q,a,cx_stage1,,"[[[1, 64], [8, 64]], [], [true, true]]",
33813,q,a,cx_stage3,,"[[[8, 611], [23, 611]], [], [true, true]]",
33814,q,a,cx_stage1,,"[[[8, 614], [24, 614]], [], [true, true]]",
33815,q,a,cx_stage3,,"[[[8, 614], [24, 614]], [], [true, true]]",
33816,q,a,cx_stage1,,"[[[8, 618], [24, 618]], [], [true, true]]",
33817,q,a,cx_stage3,,"[[[8, 618], [24, 618]], [], [true, true]]",
33818,q,a,cx_stage1,,"[[[8, 621], [25, 621]], [], [true, true]]",
33819,q,a,cx_stage3,,"[[[8, 621], [25, 621]], [], [true, true]]",
33820,q,a,cx_stage1,,"[[[8, 625], [25, 625]], [], [true, true]]",
33821,q,a,cx_stage3,,"[[[8, 625], [25, 625]], [], [true, true]]",
33822,q,a,cx_stage1,,"[[[8, 628], [26, 628]], [], [true, true]]",
33823,q,a,cx_stage3,,"[[[8, 628], [26, 628]], [], [true, true]]",
33824,q,a,cx_stage1,,"[[[8, 632], [26, 632]], [], [true, true]]",
33825,q,a,cx_stage3,,"[[[1, 64], [8, 64]], [], [true, true]]",
33826,q,a,cx_stage3,,"[[[8, 632], [26, 632]], [], [true, true]]",
33827,q,a,cx_stage1,,"[[[8, 635], [27, 635]], [], [true, true]]",
33828,q,a,cx_stage3,,"[[[8, 635], [27, 635]], [], [true, true]]",
33829,q,a,cx_stage1,,"[[[8, 639], [27, 639]], [], [true, true]]",
33830,q,a,cx_stage3,,"[[[8, 639], [27, 639]], [], [true, true]]",
33831,q,a,cx_stage1,,"[[[8, 642], [28, 642]], [], [true, true]]",
33832,q,a,cx_stage1,,"[[[2, 67], [8, 67]], [], [true, true]]",
33833,q,a,cx_stage3,,"[[[8, 642], [28, 642]], [], [true, true]]",
33834,q,a,cx_stage1,,"[[[8, 646], [28, 646]], [], [true, true]]",
33835,q,a,cx_stage3,,"[[[8, 646], [28, 646]], [], [true, true]]",
33836,q,a,cx_stage1,,"[[[8, 649], [29, 649]], [], [true, true]]",
33837,q,a,cx_stage3,,"[[[8, 649], [29, 649]], [], [true, true]]",
33838,q,a,cx_stage1,,"[[[8, 653], [29, 653]], [], [true, true]]",
33839,q,a,cx_stage3,,"[[[8, 653], [29, 653]], [], [true, true]]",
33840,q,a,cx_stage1,,"[[[8, 656], [30, 656]], [], [true, true]]",
33841,q,a,cx_stage3,,"[[[8, 656], [30, 656]], [], [true, true]]",
33842,q,a,cx_stage1,,"[[[8, 660], [30, 660]], [], [true, true]]",
33843,q,a,cx_stage3,,"[[[8, 660], [30, 660]], [], [true, true]]",
33844,q,a,cx_stage3,,"[[[2, 67], [8, 67]], [], [true, true]]",
33845,q,a,cx_stage1,,"[[[8, 663], [31, 663]], [], [true, true]]",
33846,q,a,cx_stage3,,"[[[8, 663], [31, 663]], [], [true, true]]",
33847,q,a,cx_stage1,,"[[[8, 667], [31, 667]], [], [true, true]]",
33848,q,a,cx_stage3,,"[[[8, 667], [31, 667]], [], [true, true]]",
33849,q,a,cx_stage1,,"[[[8, 670], [32, 670]], [], [true, true]]",
33850,q,a,cx_stage3,,"[[[8, 670], [32, 670]], [], [true, true]]",
33851,q,a,p,,"[[[8, 68]], [], [true]]",
33852,q,a,cx_stage1,,"[[[8, 674], [32, 674]], [], [true, true]]",
33853,q,a,cx_stage3,,"[[[8, 674], [32, 674]], [], [true, true]]",
33854,q,a,cx_stage1,,"[[[8, 677], [33, 677]], [], [true, true]]",
33855,q,a,cx_stage3,,"[[[8, 677], [33, 677]], [], [true, true]]",
33856,q,a,cx_stage1,,"[[[8, 681], [33, 681]], [], [true, true]]",
33857,q,a,cx_stage1,,"[[[2, 71], [8, 71]], [], [true, true]]",
33858,q,a,cx_stage3,,"[[[8, 681], [33, 681]], [], [true, true]]",
33859,q,a,cx_stage1,,"[[[8, 684], [34, 684]], [], [true, true]]",
33860,q,a,cx_stage3,,"[[[8, 684], [34, 684]], [], [true, true]]",
33861,q,a,cx_stage1,,"[[[8, 688], [34, 688]], [], [true, true]]",
33862,q,a,cx_stage3,,"[[[8, 688], [34, 688]], [], [true, true]]",
33863,q,a,cx_stage1,,"[[[8, 691], [35, 691]], [], [true, true]]",
33864,q,a,cx_stage3,,"[[[8, 691], [35, 691]], [], [true, true]]",
33865,q,a,cx_stage1,,"[[[8, 695], [35, 695]], [], [true, true]]",
33866,q,a,cx_stage3,,"[[[8, 695], [35, 695]], [], [true, true]]",
33867,q,a,cx_stage1,,"[[[8, 698], [36, 698]], [], [true, true]]",
33868,q,a,cx_stage3,,"[[[8, 698], [36, 698]], [], [true, true]]",
33869,q,a,cx_stage1,,"[[[8, 702], [36, 702]], [], [true, true]]",
33870,q,a,cx_stage3,,"[[[2, 71], [8, 71]], [], [true, true]]",
33871,q,a,cx_stage3,,"[[[8, 702], [36, 702]], [], [true, true]]",
33872,q,a,cx_stage1,,"[[[8, 705], [37, 705]], [], [true, true]]",
33873,q,a,cx_stage3,,"[[[8, 705], [37, 705]], [], [true, true]]",
33874,q,a,cx_stage1,,"[[[8, 709], [37, 709]], [], [true, true]]",
33875,q,a,cx_stage3,,"[[[8, 709], [37, 709]], [], [true, true]]",
33876,q,a,cx_stage1,,"[[[8, 712], [38, 712]], [], [true, true]]",
33877,q,a,cx_stage1,,"[[[3, 74], [8, 74]], [], [true, true]]",
33878,q,a,cx_stage3,,"[[[8, 712], [38, 712]], [], [true, true]]",
33879,q,a,cx_stage1,,"[[[8, 716], [38, 716]], [], [true, true]]",
33880,q,a,cx_stage3,,"[[[8, 716], [38, 716]], [], [true, true]]",
33881,q,a,cx_stage1,,"[[[8, 719], [39, 719]], [], [true, true]]",
33882,q,a,cx_stage3,,"[[[8, 719], [39, 719]], [], [true, true]]",
33883,q,a,cx_stage1,,"[[[8, 723], [39, 723]], [], [true, true]]",
33884,q,a,cx_stage3,,"[[[8, 723], [39, 723]], [], [true, true]]",
33885,q,a,cx_stage1,,"[[[8, 726], [40, 726]], [], [true, true]]",
33886,q,a,cx_stage3,,"[[[8, 726], [40, 726]], [], [true, true]]",
33887,q,a,cx_stage1,,"[[[8, 730], [40, 730]], [], [true, true]]",
33888,q,a,cx_stage3,,"[[[8, 730], [40, 730]], [], [true, true]]",
33889,q,a,cx_stage3,,"[[[3, 74], [8, 74]], [], [true, true]]",
33890,q,a,cx_stage1,,"[[[8, 733], [41, 733]], [], [true, true]]",
33891,q,a,cx_stage3,,"[[[8, 733], [41, 733]], [], [true, true]]",
33892,q,a,cx_stage1,,"[[[8, 737], [41, 737]], [], [true, true]]",
33893,q,a,cx_stage3,,"[[[8, 737], [41, 737]], [], [true, true]]",
33894,q,a,cx_stage1,,"[[[8, 740], [42, 740]], [], [true, true]]",
33895,q,a,cx_stage3,,"[[[8, 740], [42, 740]], [], [true, true]]",
33896,q,a,p,,"[[[8, 75]], [], [true]]",
33897,q,a,cx_stage1,,"[[[8, 744], [42, 744]], [], [true, true]]",
33898,q,a,cx_stage3,,"[[[8, 744], [42, 744]], [], [true, true]]",
33899,q,a,cx_stage1,,"[[[8, 747], [43, 747]], [], [true, true]]",
33900,q,a,cx_stage3,,"[[[8, 747], [43, 747]], [], [true, true]]",
33901,q,a,cx_stage1,,"[[[8, 751], [43, 751]], [], [true, true]]",
33902,q,a,cx_stage1,,"[[[3, 78], [8, 78]], [], [true, true]]",
33903,q,a,cx_stage3,,"[[[8, 751], [43, 751]], [], [true, true]]",
33904,q,a,cx_stage1,,"[[[8, 754], [44, 754]], [], [true, true]]",
33905,q,a,cx_stage3,,"[[[8, 754], [44, 754]], [], [true, true]]",
33906,q,a,cx_stage1,,"[[[8, 758], [44, 758]], [], [true, true]]",
33907,q,a,cx_stage3,,"[[[8, 758], [44, 758]], [], [true, true]]",
33908,q,a,cx_stage1,,"[[[8, 761], [45, 761]], [], [true, true]]",
33909,q,a,cx_stage3,,"[[[8, 761], [45, 761]], [], [true, true]]",
33910,q,a,cx_stage1,,"[[[8, 765], [45, 765]], [], [true, true]]",
33911,q,a,cx_stage3,,"[[[8, 765], [45, 765]], [], [true, true]]",
33912,q,a,cx_stage1,,"[[[8, 768], [46, 768]], [], [true, true]]",
33913,q,a,cx_stage3,,"[[[8, 768], [46, 768]], [], [true, true]]",
33914,q,a,cx_stage1,,"[[[8, 772], [46, 772]], [], [true, true]]",
33915,q,a,cx_stage3,,"[[[3, 78], [8, 78]], [], [true, true]]",
33916,q,a,cx_stage3,,"[[[8, 772], [46, 772]], [], [true, true]]",
33917,q,a,cx_stage1,,"[[[8, 775], [47, 775]], [], [true, true]]",
33918,q,a,cx_stage3,,"[[[8, 775], [47, 775]], [], [true, true]]",
33919,q,a,cx_stage1,,"[[[8, 779], [47, 779]], [], [true, true]]",
33920,q,a,cx_stage3,,"[[[8, 779], [47, 779]], [], [true, true]]",
33921,q,a,cx_stage1,,"[[[8, 782], [48, 782]], [], [true, true]]",
33922,q,a,cx_stage1,,"[[[4, 81], [8, 81]], [], [true, true]]",
33923,q,a,cx_stage3,,"[[[8, 782], [48, 782]], [], [true, true]]",
33924,q,a,cx_stage1,,"[[[8, 786], [48, 786]], [], [true, true]]",
33925,q,a,cx_stage3,,"[[[8, 786], [48, 786]], [], [true, true]]",
33926,q,a,cx_stage1,,"[[[8, 789], [49, 789]], [], [true, true]]",
33927,q,a,cx_stage3,,"[[[8, 789], [49, 789]], [], [true, true]]",
33928,q,a,cx_stage1,,"[[[8, 793], [49, 793]], [], [true, true]]",
33929,q,a,cx_stage3,,"[[[8, 793], [49, 793]], [], [true, true]]",
33930,q,a,cx_stage1,,"[[[8, 796], [50, 796]], [], [true, true]]",
33931,q,a,cx_stage3,,"[[[8, 796], [50, 796]], [], [true, true]]",
33932,q,a,cx_stage1,,"[[[8, 800], [50, 800]], [], [true, true]]",
33933,q,a,cx_stage3,,"[[[8, 800], [50, 800]], [], [true, true]]",
33934,q,a,cx_stage3,,"[[[4, 81], [8, 81]], [], [true, true]]",
33935,q,a,cx_stage1,,"[[[8, 803], [51, 803]], [], [true, true]]",
33936,q,a,cx_stage3,,"[[[8, 803], [51, 803]], [], [true, true]]",
33937,q,a,cx_stage1,,"[[[8, 807], [51, 807]], [], [true, true]]",
33938,q,a,cx_stage3,,"[[[8, 807], [51, 807]], [], [true, true]]",
33939,q,a,cx_stage1,,"[[[8, 810], [52, 810]], [], [true, true]]",
33940,q,a,cx_stage3,,"[[[8, 810], [52, 810]], [], [true, true]]",
33941,q,a,p,,"[[[8, 82]], [], [true]]",
33942,q,a,cx_stage1,,"[[[8, 814], [52, 814]], [], [true, true]]",
33943,q,a,cx_stage3,,"[[[8, 814], [52, 814]], [], [true, true]]",
33944,q,a,cx_stage1,,"[[[8, 817], [53, 817]], [], [true, true]]",
33945,q,a,cx_stage3,,"[[[8, 817], [53, 817]], [], [true, true]]",
33946,q,a,cx_stage1,,"[[[8, 821], [53, 821]], [], [true, true]]",
33947,q,a,cx_stage1,,"[[[4, 85], [8, 85]], [], [true, true]]",
33948,q,a,cx_stage3,,"[[[8, 821], [53, 821]], [], [true, true]]",
33949,q,a,cx_stage1,,"[[[8, 824], [54, 824]], [], [true, true]]",
33950,q,a,cx_stage3,,"[[[8, 824], [54, 824]], [], [true, true]]",
33951,q,a,cx_stage1,,"[[[8, 828], [54, 828]], [], [true, true]]",
33952,q,a,cx_stage3,,"[[[8, 828], [54, 828]], [], [true, true]]",
33953,q,a,cx_stage1,,"[[[8, 831], [55, 831]], [], [true, true]]",
33954,q,a,cx_stage3,,"[[[8, 831], [55, 831]], [], [true, true]]",
33955,q,a,cx_stage1,,"[[[8, 835], [55, 835]], [], [true, true]]",
33956,q,a,cx_stage3,,"[[[8, 835], [55, 835]], [], [true, true]]",
33957,q,a,ry,,"[[[8, 836]], [], [true]]",
33958,q,a,cx_stage3,,"[[[4, 85], [8, 85]], [], [true, true]]",
33959,q,a,cx_stage1,,"[[[5, 88], [8, 88]], [], [true, true]]",
33960,q,a,cx_stage3,,"[[[5, 88], [8, 88]], [], [true, true]]",
33961,q,a,p,,"[[[8, 89]], [], [true]]",
33962,q,a,cx_stage1,,"[[[5, 92], [8, 92]], [], [true, true]]",
33963,q,a,cx_stage3,,"[[[5, 92], [8, 92]], [], [true, true]]",
33964,q,a,cx_stage1,,"[[[6, 95], [8, 95]], [], [true, true]]",
33965,q,a,cx_stage3,,"[[[6, 95], [8, 95]], [], [true, true]]",
33966,q,a,p,,"[[[8, 96]], [], [true]]",
33967,q,a,cx_stage1,,"[[[6, 99], [8, 99]], [], [true, true]]",
33968,q,a,cx_stage3,,"[[[6, 99], [8, 99]], [], [true, true]]",
33969,q,a,u2,,"[[[9, 1]], [], [true]]",
33970,q,a,cx_stage1,,"[[[0, 60], [9, 60]], [], [true, true]]",
33971,q,a,cx_stage1,,"[[[6, 102], [9, 102]], [], [true, true]]",
33972,q,a,cx_stage3,,"[[[6, 102], [9, 102]], [], [true, true]]",
33973,q,a,p,,"[[[9, 103]], [], [true]]",
33974,q,a,cx_stage1,,"[[[6, 106], [9, 106]], [], [true, true]]",
33975,q,a,cx_stage3,,"[[[6, 106], [9, 106]], [], [true, true]]",
33976,q,a,cx_stage1,,"[[[7, 109], [9, 109]], [], [true, true]]",
33977,q,a,cx_stage3,,"[[[7, 109], [9, 109]], [], [true, true]]",
33978,q,a,p,,"[[[9, 110]], [], [true]]",
33979,q,a,cx_stage1,,"[[[7, 113], [9, 113]], [], [true, true]]",
33980,q,a,cx_stage3,,"[[[7, 113], [9, 113]], [], [true, true]]",
33981,q,a,cx_stage1,,"[[[8, 116], [9, 116]], [], [true, true]]",
33982,q,a,cx_stage3,,"[[[8, 116], [9, 116]], [], [true, true]]",
33983,q,a,p,,"[[[9, 117]], [], [true]]",
33984,q,a,cx_stage1,,"[[[8, 120], [9, 120]], [], [true, true]]",
33985,q,a,cx_stage3,,"[[[8, 120], [9, 120]], [], [true, true]]",
33986,q,a,cx_stage1,,"[[[9, 130], [10, 130]], [], [true, true]]",
33987,q,a,cx_stage3,,"[[[9, 130], [10, 130]], [], [true, true]]",
33988,q,a,cx_stage1,,"[[[9, 1296], [10, 1296]], [], [true, true]]",
33989,q,a,cx_stage3,,"[[[9, 1296], [10, 1296]], [], [true, true]]",
33990,q,a,cx_stage1,,"[[[8, 1299], [9, 1299]], [], [true, true]]",
33991,q,a,cx_stage3,,"[[[8, 1299], [9, 1299]], [], [true, true]]",
33992,q,a,ry,,"[[[9, 1300]], [], [true]]",
33993,q,a,cx_stage1,,"[[[9, 134], [10, 134]], [], [true, true]]",
33994,q,a,cx_stage3,,"[[[9, 134], [10, 134]], [], [true, true]]",
33995,q,a,cx_stage1,,"[[[9, 137], [11, 137]], [], [true, true]]",
33996,q,a,cx_stage3,,"[[[9, 137], [11, 137]], [], [true, true]]",
33997,q,a,cx_stage1,,"[[[9, 141], [11, 141]], [], [true, true]]",
33998,q,a,cx_stage3,,"[[[9, 141], [11, 141]], [], [true, true]]",
33999,q,a,cx_stage1,,"[[[9, 144], [12, 144]], [], [true, true]]",
34000,q,a,cx_stage3,,"[[[9, 144], [12, 144]], [], [true, true]]",
34001,q,a,cx_stage1,,"[[[9, 148], [12, 148]], [], [true, true]]",
34002,q,a,cx_stage3,,"[[[9, 148], [12, 148]], [], [true, true]]",
34003,q,a,cx_stage1,,"[[[9, 151], [13, 151]], [], [true, true]]",
34004,q,a,cx_stage3,,"[[[9, 151], [13, 151]], [], [true, true]]",
34005,q,a,cx_stage1,,"[[[9, 155], [13, 155]], [], [true, true]]",
34006,q,a,cx_stage3,,"[[[9, 155], [13, 155]], [], [true, true]]",
34007,q,a,cx_stage1,,"[[[9, 158], [14, 158]], [], [true, true]]",
34008,q,a,cx_stage3,,"[[[9, 158], [14, 158]], [], [true, true]]",
34009,q,a,cx_stage1,,"[[[9, 162], [14, 162]], [], [true, true]]",
34010,q,a,cx_stage3,,"[[[9, 162], [14, 162]], [], [true, true]]",
34011,q,a,cx_stage1,,"[[[9, 165], [15, 165]], [], [true, true]]",
34012,q,a,cx_stage3,,"[[[9, 165], [15, 165]], [], [true, true]]",
34013,q,a,cx_stage1,,"[[[9, 169], [15, 169]], [], [true, true]]",
34014,q,a,cx_stage3,,"[[[9, 169], [15, 169]], [], [true, true]]",
34015,q,a,cx_stage1,,"[[[9, 172], [16, 172]], [], [true, true]]",
34016,q,a,cx_stage3,,"[[[9, 172], [16, 172]], [], [true, true]]",
34017,q,a,cx_stage1,,"[[[9, 176], [16, 176]], [], [true, true]]",
34018,q,a,cx_stage3,,"[[[9, 176], [16, 176]], [], [true, true]]",
34019,q,a,cx_stage1,,"[[[9, 179], [17, 179]], [], [true, true]]",
34020,q,a,cx_stage3,,"[[[9, 179], [17, 179]], [], [true, true]]",
34021,q,a,cx_stage1,,"[[[9, 183], [17, 183]], [], [true, true]]",
34022,q,a,cx_stage3,,"[[[9, 183], [17, 183]], [], [true, true]]",
34023,q,a,cx_stage1,,"[[[9, 186], [18, 186]], [], [true, true]]",
34024,q,a,cx_stage3,,"[[[9, 186], [18, 186]], [], [true, true]]",
34025,q,a,cx_stage1,,"[[[9, 190], [18, 190]], [], [true, true]]",
34026,q,a,cx_stage3,,"[[[9, 190], [18, 190]], [], [true, true]]",
34027,q,a,cx_stage1,,"[[[9, 193], [19, 193]], [], [true, true]]",
34028,q,a,cx_stage3,,"[[[9, 193], [19, 193]], [], [true, true]]",
34029,q,a,cx_stage1,,"[[[9, 197], [19, 197]], [], [true, true]]",
34030,q,a,cx_stage3,,"[[[9, 197], [19, 197]], [], [true, true]]",
34031,q,a,cx_stage1,,"[[[9, 200], [20, 200]], [], [true, true]]",
34032,q,a,cx_stage3,,"[[[9, 200], [20, 200]], [], [true, true]]",
34033,q,a,cx_stage1,,"[[[9, 204], [20, 204]], [], [true, true]]",
34034,q,a,cx_stage3,,"[[[9, 204], [20, 204]], [], [true, true]]",
34035,q,a,cx_stage1,,"[[[9, 207], [21, 207]], [], [true, true]]",
34036,q,a,cx_stage3,,"[[[9, 207], [21, 207]], [], [true, true]]",
34037,q,a,cx_stage1,,"[[[9, 211], [21, 211]], [], [true, true]]",
34038,q,a,cx_stage3,,"[[[9, 211], [21, 211]], [], [true, true]]",
34039,q,a,cx_stage1,,"[[[9, 214], [22, 214]], [], [true, true]]",
34040,q,a,cx_stage3,,"[[[9, 214], [22, 214]], [], [true, true]]",
34041,q,a,cx_stage1,,"[[[9, 218], [22, 218]], [], [true, true]]",
34042,q,a,cx_stage3,,"[[[9, 218], [22, 218]], [], [true, true]]",
34043,q,a,cx_stage1,,"[[[9, 221], [23, 221]], [], [true, true]]",
34044,q,a,cx_stage3,,"[[[9, 221], [23, 221]], [], [true, true]]",
34045,q,a,cx_stage1,,"[[[9, 225], [23, 225]], [], [true, true]]",
34046,q,a,cx_stage3,,"[[[9, 225], [23, 225]], [], [true, true]]",
34047,q,a,cx_stage1,,"[[[9, 228], [24, 228]], [], [true, true]]",
34048,q,a,cx_stage3,,"[[[9, 228], [24, 228]], [], [true, true]]",
34049,q,a,cx_stage1,,"[[[9, 232], [24, 232]], [], [true, true]]",
34050,q,a,cx_stage3,,"[[[9, 232], [24, 232]], [], [true, true]]",
34051,q,a,cx_stage1,,"[[[9, 235], [25, 235]], [], [true, true]]",
34052,q,a,cx_stage3,,"[[[9, 235], [25, 235]], [], [true, true]]",
34053,q,a,cx_stage1,,"[[[9, 239], [25, 239]], [], [true, true]]",
34054,q,a,cx_stage3,,"[[[9, 239], [25, 239]], [], [true, true]]",
34055,q,a,cx_stage1,,"[[[9, 242], [26, 242]], [], [true, true]]",
34056,q,a,cx_stage3,,"[[[9, 242], [26, 242]], [], [true, true]]",
34057,q,a,cx_stage1,,"[[[9, 246], [26, 246]], [], [true, true]]",
34058,q,a,cx_stage3,,"[[[9, 246], [26, 246]], [], [true, true]]",
34059,q,a,cx_stage1,,"[[[9, 249], [27, 249]], [], [true, true]]",
34060,q,a,cx_stage3,,"[[[9, 249], [27, 249]], [], [true, true]]",
34061,q,a,cx_stage1,,"[[[9, 253], [27, 253]], [], [true, true]]",
34062,q,a,cx_stage3,,"[[[9, 253], [27, 253]], [], [true, true]]",
34063,q,a,cx_stage1,,"[[[9, 256], [28, 256]], [], [true, true]]",
34064,q,a,cx_stage3,,"[[[9, 256], [28, 256]], [], [true, true]]",
34065,q,a,cx_stage1,,"[[[9, 260], [28, 260]], [], [true, true]]",
34066,q,a,cx_stage3,,"[[[9, 260], [28, 260]], [], [true, true]]",
34067,q,a,cx_stage1,,"[[[9, 263], [29, 263]], [], [true, true]]",
34068,q,a,cx_stage3,,"[[[9, 263], [29, 263]], [], [true, true]]",
34069,q,a,cx_stage1,,"[[[9, 267], [29, 267]], [], [true, true]]",
34070,q,a,cx_stage3,,"[[[9, 267], [29, 267]], [], [true, true]]",
34071,q,a,cx_stage1,,"[[[9, 270], [30, 270]], [], [true, true]]",
34072,q,a,cx_stage3,,"[[[9, 270], [30, 270]], [], [true, true]]",
34073,q,a,cx_stage1,,"[[[9, 274], [30, 274]], [], [true, true]]",
34074,q,a,cx_stage3,,"[[[9, 274], [30, 274]], [], [true, true]]",
34075,q,a,cx_stage1,,"[[[9, 277], [31, 277]], [], [true, true]]",
34076,q,a,cx_stage3,,"[[[9, 277], [31, 277]], [], [true, true]]",
34077,q,a,cx_stage1,,"[[[9, 281], [31, 281]], [], [true, true]]",
34078,q,a,cx_stage3,,"[[[9, 281], [31, 281]], [], [true, true]]",
34079,q,a,cx_stage1,,"[[[9, 284], [32, 284]], [], [true, true]]",
34080,q,a,cx_stage3,,"[[[9, 284], [32, 284]], [], [true, true]]",
34081,q,a,cx_stage1,,"[[[9, 288], [32, 288]], [], [true, true]]",
34082,q,a,cx_stage3,,"[[[9, 288], [32, 288]], [], [true, true]]",
34083,q,a,cx_stage1,,"[[[9, 291], [33, 291]], [], [true, true]]",
34084,q,a,cx_stage3,,"[[[9, 291], [33, 291]], [], [true, true]]",
34085,q,a,cx_stage1,,"[[[9, 295], [33, 295]], [], [true, true]]",
34086,q,a,cx_stage3,,"[[[9, 295], [33, 295]], [], [true, true]]",
34087,q,a,cx_stage1,,"[[[9, 298], [34, 298]], [], [true, true]]",
34088,q,a,cx_stage3,,"[[[9, 298], [34, 298]], [], [true, true]]",
34089,q,a,cx_stage1,,"[[[9, 302], [34, 302]], [], [true, true]]",
34090,q,a,cx_stage3,,"[[[9, 302], [34, 302]], [], [true, true]]",
34091,q,a,cx_stage1,,"[[[9, 305], [35, 305]], [], [true, true]]",
34092,q,a,cx_stage3,,"[[[9, 305], [35, 305]], [], [true, true]]",
34093,q,a,cx_stage1,,"[[[9, 309], [35, 309]], [], [true, true]]",
34094,q,a,cx_stage3,,"[[[9, 309], [35, 309]], [], [true, true]]",
34095,q,a,cx_stage1,,"[[[9, 312], [36, 312]], [], [true, true]]",
34096,q,a,cx_stage3,,"[[[9, 312], [36, 312]], [], [true, true]]",
34097,q,a,cx_stage1,,"[[[9, 316], [36, 316]], [], [true, true]]",
34098,q,a,cx_stage3,,"[[[9, 316], [36, 316]], [], [true, true]]",
34099,q,a,cx_stage1,,"[[[9, 319], [37, 319]], [], [true, true]]",
34100,q,a,cx_stage3,,"[[[9, 319], [37, 319]], [], [true, true]]",
34101,q,a,cx_stage1,,"[[[9, 323], [37, 323]], [], [true, true]]",
34102,q,a,cx_stage3,,"[[[9, 323], [37, 323]], [], [true, true]]",
34103,q,a,cx_stage1,,"[[[9, 326], [38, 326]], [], [true, true]]",
34104,q,a,cx_stage3,,"[[[9, 326], [38, 326]], [], [true, true]]",
34105,q,a,cx_stage1,,"[[[9, 330], [38, 330]], [], [true, true]]",
34106,q,a,cx_stage3,,"[[[9, 330], [38, 330]], [], [true, true]]",
34107,q,a,cx_stage1,,"[[[9, 333], [39, 333]], [], [true, true]]",
34108,q,a,cx_stage3,,"[[[9, 333], [39, 333]], [], [true, true]]",
34109,q,a,cx_stage1,,"[[[9, 337], [39, 337]], [], [true, true]]",
34110,q,a,cx_stage3,,"[[[9, 337], [39, 337]], [], [true, true]]",
34111,q,a,cx_stage1,,"[[[9, 340], [40, 340]], [], [true, true]]",
34112,q,a,cx_stage3,,"[[[9, 340], [40, 340]], [], [true, true]]",
34113,q,a,cx_stage1,,"[[[9, 344], [40, 344]], [], [true, true]]",
34114,q,a,cx_stage3,,"[[[9, 344], [40, 344]], [], [true, true]]",
34115,q,a,cx_stage1,,"[[[9, 347], [41, 347]], [], [true, true]]",
34116,q,a,cx_stage3,,"[[[9, 347], [41, 347]], [], [true, true]]",
34117,q,a,cx_stage1,,"[[[9, 351], [41, 351]], [], [true, true]]",
34118,q,a,cx_stage3,,"[[[9, 351], [41, 351]], [], [true, true]]",
34119,q,a,cx_stage1,,"[[[9, 354], [42, 354]], [], [true, true]]",
34120,q,a,cx_stage3,,"[[[9, 354], [42, 354]], [], [true, true]]",
34121,q,a,cx_stage1,,"[[[9, 358], [42, 358]], [], [true, true]]",
34122,q,a,cx_stage3,,"[[[9, 358], [42, 358]], [], [true, true]]",
34123,q,a,cx_stage1,,"[[[9, 361], [43, 361]], [], [true, true]]",
34124,q,a,cx_stage3,,"[[[9, 361], [43, 361]], [], [true, true]]",
34125,q,a,cx_stage1,,"[[[9, 365], [43, 365]], [], [true, true]]",
34126,q,a,cx_stage3,,"[[[9, 365], [43, 365]], [], [true, true]]",
34127,q,a,cx_stage1,,"[[[9, 368], [44, 368]], [], [true, true]]",
34128,q,a,cx_stage3,,"[[[9, 368], [44, 368]], [], [true, true]]",
34129,q,a,cx_stage1,,"[[[9, 372], [44, 372]], [], [true, true]]",
34130,q,a,cx_stage3,,"[[[9, 372], [44, 372]], [], [true, true]]",
34131,q,a,cx_stage1,,"[[[9, 375], [45, 375]], [], [true, true]]",
34132,q,a,cx_stage3,,"[[[9, 375], [45, 375]], [], [true, true]]",
34133,q,a,cx_stage1,,"[[[9, 379], [45, 379]], [], [true, true]]",
34134,q,a,cx_stage3,,"[[[9, 379], [45, 379]], [], [true, true]]",
34135,q,a,cx_stage1,,"[[[9, 382], [46, 382]], [], [true, true]]",
34136,q,a,cx_stage3,,"[[[9, 382], [46, 382]], [], [true, true]]",
34137,q,a,cx_stage1,,"[[[9, 386], [46, 386]], [], [true, true]]",
34138,q,a,cx_stage3,,"[[[9, 386], [46, 386]], [], [true, true]]",
34139,q,a,cx_stage1,,"[[[9, 389], [47, 389]], [], [true, true]]",
34140,q,a,cx_stage3,,"[[[9, 389], [47, 389]], [], [true, true]]",
34141,q,a,cx_stage1,,"[[[9, 393], [47, 393]], [], [true, true]]",
34142,q,a,cx_stage3,,"[[[9, 393], [47, 393]], [], [true, true]]",
34143,q,a,cx_stage1,,"[[[9, 396], [48, 396]], [], [true, true]]",
34144,q,a,cx_stage3,,"[[[9, 396], [48, 396]], [], [true, true]]",
34145,q,a,cx_stage1,,"[[[9, 400], [48, 400]], [], [true, true]]",
34146,q,a,cx_stage3,,"[[[9, 400], [48, 400]], [], [true, true]]",
34147,q,a,cx_stage1,,"[[[9, 403], [49, 403]], [], [true, true]]",
34148,q,a,cx_stage3,,"[[[9, 403], [49, 403]], [], [true, true]]",
34149,q,a,cx_stage1,,"[[[9, 407], [49, 407]], [], [true, true]]",
34150,q,a,cx_stage3,,"[[[9, 407], [49, 407]], [], [true, true]]",
34151,q,a,cx_stage1,,"[[[9, 410], [50, 410]], [], [true, true]]",
34152,q,a,cx_stage3,,"[[[9, 410], [50, 410]], [], [true, true]]",
34153,q,a,cx_stage1,,"[[[9, 414], [50, 414]], [], [true, true]]",
34154,q,a,cx_stage3,,"[[[9, 414], [50, 414]], [], [true, true]]",
34155,q,a,cx_stage1,,"[[[9, 417], [51, 417]], [], [true, true]]",
34156,q,a,cx_stage3,,"[[[9, 417], [51, 417]], [], [true, true]]",
34157,q,a,cx_stage1,,"[[[9, 421], [51, 421]], [], [true, true]]",
34158,q,a,cx_stage3,,"[[[9, 421], [51, 421]], [], [true, true]]",
34159,q,a,cx_stage1,,"[[[9, 424], [52, 424]], [], [true, true]]",
34160,q,a,cx_stage3,,"[[[9, 424], [52, 424]], [], [true, true]]",
34161,q,a,cx_stage1,,"[[[9, 428], [52, 428]], [], [true, true]]",
34162,q,a,cx_stage3,,"[[[9, 428], [52, 428]], [], [true, true]]",
34163,q,a,cx_stage1,,"[[[9, 431], [53, 431]], [], [true, true]]",
34164,q,a,cx_stage3,,"[[[9, 431], [53, 431]], [], [true, true]]",
34165,q,a,cx_stage1,,"[[[9, 435], [53, 435]], [], [true, true]]",
34166,q,a,cx_stage3,,"[[[9, 435], [53, 435]], [], [true, true]]",
34167,q,a,cx_stage1,,"[[[9, 438], [54, 438]], [], [true, true]]",
34168,q,a,cx_stage3,,"[[[9, 438], [54, 438]], [], [true, true]]",
34169,q,a,cx_stage1,,"[[[9, 442], [54, 442]], [], [true, true]]",
34170,q,a,cx_stage3,,"[[[9, 442], [54, 442]], [], [true, true]]",
34171,q,a,cx_stage1,,"[[[9, 445], [55, 445]], [], [true, true]]",
34172,q,a,cx_stage3,,"[[[9, 445], [55, 445]], [], [true, true]]",
34173,q,a,cx_stage1,,"[[[9, 449], [55, 449]], [], [true, true]]",
34174,q,a,cx_stage3,,"[[[9, 449], [55, 449]], [], [true, true]]",
34175,q,a,u2,,"[[[9, 450]], [], [true]]",
34176,q,a,cx_stage1,,"[[[0, 453], [9, 453]], [], [true, true]]",
34177,q,a,cx_stage3,,"[[[0, 453], [9, 453]], [], [true, true]]",
34178,q,a,p,,"[[[9, 454]], [], [true]]",
34179,q,a,cx_stage1,,"[[[0, 457], [9, 457]], [], [true, true]]",
34180,q,a,cx_stage3,,"[[[0, 457], [9, 457]], [], [true, true]]",
34181,q,a,cx_stage1,,"[[[1, 460], [9, 460]], [], [true, true]]",
34182,q,a,cx_stage3,,"[[[1, 460], [9, 460]], [], [true, true]]",
34183,q,a,p,,"[[[9, 461]], [], [true]]",
34184,q,a,cx_stage1,,"[[[1, 464], [9, 464]], [], [true, true]]",
34185,q,a,cx_stage3,,"[[[1, 464], [9, 464]], [], [true, true]]",
34186,q,a,cx_stage1,,"[[[2, 467], [9, 467]], [], [true, true]]",
34187,q,a,cx_stage3,,"[[[2, 467], [9, 467]], [], [true, true]]",
34188,q,a,p,,"[[[9, 468]], [], [true]]",
34189,q,a,cx_stage1,,"[[[2, 471], [9, 471]], [], [true, true]]",
34190,q,a,cx_stage3,,"[[[2, 471], [9, 471]], [], [true, true]]",
34191,q,a,cx_stage1,,"[[[3, 474], [9, 474]], [], [true, true]]",
34192,q,a,cx_stage3,,"[[[3, 474], [9, 474]], [], [true, true]]",
34193,q,a,p,,"[[[9, 475]], [], [true]]",
34194,q,a,cx_stage1,,"[[[3, 478], [9, 478]], [], [true, true]]",
34195,q,a,cx_stage3,,"[[[3, 478], [9, 478]], [], [true, true]]",
34196,q,a,cx_stage1,,"[[[4, 481], [9, 481]], [], [true, true]]",
34197,q,a,cx_stage3,,"[[[4, 481], [9, 481]], [], [true, true]]",
34198,q,a,p,,"[[[9, 482]], [], [true]]",
34199,q,a,cx_stage1,,"[[[4, 485], [9, 485]], [], [true, true]]",
34200,q,a,cx_stage3,,"[[[4, 485], [9, 485]], [], [true, true]]",
34201,q,a,cx_stage1,,"[[[5, 488], [9, 488]], [], [true, true]]",
34202,q,a,cx_stage3,,"[[[5, 488], [9, 488]], [], [true, true]]",
34203,q,a,p,,"[[[9, 489]], [], [true]]",
34204,q,a,cx_stage1,,"[[[5, 492], [9, 492]], [], [true, true]]",
34205,q,a,cx_stage3,,"[[[5, 492], [9, 492]], [], [true, true]]",
34206,q,a,cx_stage1,,"[[[6, 495], [9, 495]], [], [true, true]]",
34207,q,a,cx_stage3,,"[[[6, 495], [9, 495]], [], [true, true]]",
34208,q,a,p,,"[[[9, 496]], [], [true]]",
34209,q,a,cx_stage1,,"[[[6, 499], [9, 499]], [], [true, true]]",
34210,q,a,cx_stage3,,"[[[6, 499], [9, 499]], [], [true, true]]",
34211,q,a,cx_stage1,,"[[[7, 502], [9, 502]], [], [true, true]]",
34212,q,a,cx_stage3,,"[[[7, 502], [9, 502]], [], [true, true]]",
34213,q,a,p,,"[[[9, 503]], [], [true]]",
34214,q,a,cx_stage1,,"[[[7, 506], [9, 506]], [], [true, true]]",
34215,q,a,cx_stage3,,"[[[7, 506], [9, 506]], [], [true, true]]",
34216,q,a,cx_stage1,,"[[[8, 509], [9, 509]], [], [true, true]]",
34217,q,a,cx_stage3,,"[[[8, 509], [9, 509]], [], [true, true]]",
34218,q,a,p,,"[[[9, 510]], [], [true]]",
34219,q,a,cx_stage1,,"[[[8, 513], [9, 513]], [], [true, true]]",
34220,q,a,cx_stage3,,"[[[8, 513], [9, 513]], [], [true, true]]",
34221,q,a,cx_stage1,,"[[[9, 523], [10, 523]], [], [true, true]]",
34222,q,a,cx_stage3,,"[[[9, 523], [10, 523]], [], [true, true]]",
34223,q,a,cx_stage1,,"[[[9, 527], [10, 527]], [], [true, true]]",
34224,q,a,cx_stage3,,"[[[9, 527], [10, 527]], [], [true, true]]",
34225,q,a,cx_stage1,,"[[[9, 530], [11, 530]], [], [true, true]]",
34226,q,a,cx_stage3,,"[[[9, 530], [11, 530]], [], [true, true]]",
34227,q,a,cx_stage1,,"[[[9, 534], [11, 534]], [], [true, true]]",
34228,q,a,cx_stage3,,"[[[9, 534], [11, 534]], [], [true, true]]",
34229,q,a,cx_stage1,,"[[[9, 537], [12, 537]], [], [true, true]]",
34230,q,a,cx_stage3,,"[[[9, 537], [12, 537]], [], [true, true]]",
34231,q,a,cx_stage1,,"[[[9, 541], [12, 541]], [], [true, true]]",
34232,q,a,cx_stage3,,"[[[9, 541], [12, 541]], [], [true, true]]",
34233,q,a,cx_stage1,,"[[[9, 544], [13, 544]], [], [true, true]]",
34234,q,a,cx_stage3,,"[[[9, 544], [13, 544]], [], [true, true]]",
34235,q,a,cx_stage1,,"[[[9, 548], [13, 548]], [], [true, true]]",
34236,q,a,cx_stage3,,"[[[9, 548], [13, 548]], [], [true, true]]",
34237,q,a,cx_stage1,,"[[[9, 551], [14, 551]], [], [true, true]]",
34238,q,a,cx_stage3,,"[[[9, 551], [14, 551]], [], [true, true]]",
34239,q,a,cx_stage1,,"[[[9, 555], [14, 555]], [], [true, true]]",
34240,q,a,cx_stage3,,"[[[9, 555], [14, 555]], [], [true, true]]",
34241,q,a,cx_stage1,,"[[[9, 558], [15, 558]], [], [true, true]]",
34242,q,a,cx_stage3,,"[[[9, 558], [15, 558]], [], [true, true]]",
34243,q,a,cx_stage1,,"[[[9, 562], [15, 562]], [], [true, true]]",
34244,q,a,cx_stage3,,"[[[9, 562], [15, 562]], [], [true, true]]",
34245,q,a,cx_stage1,,"[[[9, 565], [16, 565]], [], [true, true]]",
34246,q,a,cx_stage3,,"[[[9, 565], [16, 565]], [], [true, true]]",
34247,q,a,cx_stage1,,"[[[9, 569], [16, 569]], [], [true, true]]",
34248,q,a,cx_stage3,,"[[[9, 569], [16, 569]], [], [true, true]]",
34249,q,a,cx_stage1,,"[[[9, 572], [17, 572]], [], [true, true]]",
34250,q,a,cx_stage3,,"[[[9, 572], [17, 572]], [], [true, true]]",
34251,q,a,cx_stage1,,"[[[9, 576], [17, 576]], [], [true, true]]",
34252,q,a,cx_stage3,,"[[[9, 576], [17, 576]], [], [true, true]]",
34253,q,a,cx_stage1,,"[[[9, 579], [18, 579]], [], [true, true]]",
34254,q,a,cx_stage3,,"[[[9, 579], [18, 579]], [], [true, true]]",
34255,q,a,cx_stage1,,"[[[9, 583], [18, 583]], [], [true, true]]",
34256,q,a,cx_stage3,,"[[[9, 583], [18, 583]], [], [true, true]]",
34257,q,a,cx_stage1,,"[[[9, 586], [19, 586]], [], [true, true]]",
34258,q,a,cx_stage3,,"[[[9, 586], [19, 586]], [], [true, true]]",
34259,q,a,cx_stage1,,"[[[9, 590], [19, 590]], [], [true, true]]",
34260,q,a,cx_stage3,,"[[[9, 590], [19, 590]], [], [true, true]]",
34261,q,a,cx_stage3,,"[[[0, 60], [9, 60]], [], [true, true]]",
34262,q,a,cx_stage1,,"[[[9, 593], [20, 593]], [], [true, true]]",
34263,q,a,cx_stage3,,"[[[9, 593], [20, 593]], [], [true, true]]",
34264,q,a,cx_stage1,,"[[[9, 597], [20, 597]], [], [true, true]]",
34265,q,a,cx_stage3,,"[[[9, 597], [20, 597]], [], [true, true]]",
34266,q,a,cx_stage1,,"[[[9, 600], [21, 600]], [], [true, true]]",
34267,q,a,cx_stage3,,"[[[9, 600], [21, 600]], [], [true, true]]",
34268,q,a,p,,"[[[9, 61]], [], [true]]",
34269,q,a,cx_stage1,,"[[[9, 604], [21, 604]], [], [true, true]]",
34270,q,a,cx_stage3,,"[[[9, 604], [21, 604]], [], [true, true]]",
34271,q,a,cx_stage1,,"[[[9, 607], [22, 607]], [], [true, true]]",
34272,q,a,cx_stage3,,"[[[9, 607], [22, 607]], [], [true, true]]",
34273,q,a,cx_stage1,,"[[[9, 611], [22, 611]], [], [true, true]]",
34274,q,a,cx_stage1,,"[[[0, 64], [9, 64]], [], [true, true]]",
34275,q,a,cx_stage3,,"[[[9, 611], [22, 611]], [], [true, true]]",
34276,q,a,cx_stage1,,"[[[9, 614], [23, 614]], [], [true, true]]",
34277,q,a,cx_stage3,,"[[[9, 614], [23, 614]], [], [true, true]]",
34278,q,a,cx_stage1,,"[[[9, 618], [23, 618]], [], [true, true]]",
34279,q,a,cx_stage3,,"[[[9, 618], [23, 618]], [], [true, true]]",
34280,q,a,cx_stage1,,"[[[9, 621], [24, 621]], [], [true, true]]",
34281,q,a,cx_stage3,,"[[[9, 621], [24, 621]], [], [true, true]]",
34282,q,a,cx_stage1,,"[[[9, 625], [24, 625]], [], [true, true]]",
34283,q,a,cx_stage3,,"[[[9, 625], [24, 625]], [], [true, true]]",
34284,q,a,cx_stage1,,"[[[9, 628], [25, 628]], [], [true, true]]",
34285,q,a,cx_stage3,,"[[[9, 628], [25, 628]], [], [true, true]]",
34286,q,a,cx_stage1,,"[[[9, 632], [25, 632]], [], [true, true]]",
34287,q,a,cx_stage3,,"[[[0, 64], [9, 64]], [], [true, true]]",
34288,q,a,cx_stage3,,"[[[9, 632], [25, 632]], [], [true, true]]",
34289,q,a,cx_stage1,,"[[[9, 635], [26, 635]], [], [true, true]]",
34290,q,a,cx_stage3,,"[[[9, 635], [26, 635]], [], [true, true]]",
34291,q,a,cx_stage1,,"[[[9, 639], [26, 639]], [], [true, true]]",
34292,q,a,cx_stage3,,"[[[9, 639], [26, 639]], [], [true, true]]",
34293,q,a,cx_stage1,,"[[[9, 642], [27, 642]], [], [true, true]]",
34294,q,a,cx_stage1,,"[[[1, 67], [9, 67]], [], [true, true]]",
34295,q,a,cx_stage3,,"[[[9, 642], [27, 642]], [], [true, true]]",
34296,q,a,cx_stage1,,"[[[9, 646], [27, 646]], [], [true, true]]",
34297,q,a,cx_stage3,,"[[[9, 646], [27, 646]], [], [true, true]]",
34298,q,a,cx_stage1,,"[[[9, 649], [28, 649]], [], [true, true]]",
34299,q,a,cx_stage3,,"[[[9, 649], [28, 649]], [], [true, true]]",
34300,q,a,cx_stage1,,"[[[9, 653], [28, 653]], [], [true, true]]",
34301,q,a,cx_stage3,,"[[[9, 653], [28, 653]], [], [true, true]]",
34302,q,a,cx_stage1,,"[[[9, 656], [29, 656]], [], [true, true]]",
34303,q,a,cx_stage3,,"[[[9, 656], [29, 656]], [], [true, true]]",
34304,q,a,cx_stage1,,"[[[9, 660], [29, 660]], [], [true, true]]",
34305,q,a,cx_stage3,,"[[[9, 660], [29, 660]], [], [true, true]]",
34306,q,a,cx_stage3,,"[[[1, 67], [9, 67]], [], [true, true]]",
34307,q,a,cx_stage1,,"[[[9, 663], [30, 663]], [], [true, true]]",
34308,q,a,cx_stage3,,"[[[9, 663], [30, 663]], [], [true, true]]",
34309,q,a,cx_stage1,,"[[[9, 667], [30, 667]], [], [true, true]]",
34310,q,a,cx_stage3,,"[[[9, 667], [30, 667]], [], [true, true]]",
34311,q,a,cx_stage1,,"[[[9, 670], [31, 670]], [], [true, true]]",
34312,q,a,cx_stage3,,"[[[9, 670], [31, 670]], [], [true, true]]",
34313,q,a,p,,"[[[9, 68]], [], [true]]",
34314,q,a,cx_stage1,,"[[[9, 674], [31, 674]], [], [true, true]]",
34315,q,a,cx_stage3,,"[[[9, 674], [31, 674]], [], [true, true]]",
34316,q,a,cx_stage1,,"[[[9, 677], [32, 677]], [], [true, true]]",
34317,q,a,cx_stage3,,"[[[9, 677], [32, 677]], [], [true, true]]",
34318,q,a,cx_stage1,,"[[[9, 681], [32, 681]], [], [true, true]]",
34319,q,a,cx_stage1,,"[[[1, 71], [9, 71]], [], [true, true]]",
34320,q,a,cx_stage3,,"[[[9, 681], [32, 681]], [], [true, true]]",
34321,q,a,cx_stage1,,"[[[9, 684], [33, 684]], [], [true, true]]",
34322,q,a,cx_stage3,,"[[[9, 684], [33, 684]], [], [true, true]]",
34323,q,a,cx_stage1,,"[[[9, 688], [33, 688]], [], [true, true]]",
34324,q,a,cx_stage3,,"[[[9, 688], [33, 688]], [], [true, true]]",
34325,q,a,cx_stage1,,"[[[9, 691], [34, 691]], [], [true, true]]",
34326,q,a,cx_stage3,,"[[[9, 691], [34, 691]], [], [true, true]]",
34327,q,a,cx_stage1,,"[[[9, 695], [34, 695]], [], [true, true]]",
34328,q,a,cx_stage3,,"[[[9, 695], [34, 695]], [], [true, true]]",
34329,q,a,cx_stage1,,"[[[9, 698], [35, 698]], [], [true, true]]",
34330,q,a,cx_stage3,,"[[[9, 698], [35, 698]], [], [true, true]]",
34331,q,a,cx_stage1,,"[[[9, 702], [35, 702]], [], [true, true]]",
34332,q,a,cx_stage3,,"[[[1, 71], [9, 71]], [], [true, true]]",
34333,q,a,cx_stage3,,"[[[9, 702], [35, 702]], [], [true, true]]",
34334,q,a,cx_stage1,,"[[[9, 705], [36, 705]], [], [true, true]]",
34335,q,a,cx_stage3,,"[[[9, 705], [36, 705]], [], [true, true]]",
34336,q,a,cx_stage1,,"[[[9, 709], [36, 709]], [], [true, true]]",
34337,q,a,cx_stage3,,"[[[9, 709], [36, 709]], [], [true, true]]",
34338,q,a,cx_stage1,,"[[[9, 712], [37, 712]], [], [true, true]]",
34339,q,a,cx_stage1,,"[[[2, 74], [9, 74]], [], [true, true]]",
34340,q,a,cx_stage3,,"[[[9, 712], [37, 712]], [], [true, true]]",
34341,q,a,cx_stage1,,"[[[9, 716], [37, 716]], [], [true, true]]",
34342,q,a,cx_stage3,,"[[[9, 716], [37, 716]], [], [true, true]]",
34343,q,a,cx_stage1,,"[[[9, 719], [38, 719]], [], [true, true]]",
34344,q,a,cx_stage3,,"[[[9, 719], [38, 719]], [], [true, true]]",
34345,q,a,cx_stage1,,"[[[9, 723], [38, 723]], [], [true, true]]",
34346,q,a,cx_stage3,,"[[[9, 723], [38, 723]], [], [true, true]]",
34347,q,a,cx_stage1,,"[[[9, 726], [39, 726]], [], [true, true]]",
34348,q,a,cx_stage3,,"[[[9, 726], [39, 726]], [], [true, true]]",
34349,q,a,cx_stage1,,"[[[9, 730], [39, 730]], [], [true, true]]",
34350,q,a,cx_stage3,,"[[[9, 730], [39, 730]], [], [true, true]]",
34351,q,a,cx_stage3,,"[[[2, 74], [9, 74]], [], [true, true]]",
34352,q,a,cx_stage1,,"[[[9, 733], [40, 733]], [], [true, true]]",
34353,q,a,cx_stage3,,"[[[9, 733], [40, 733]], [], [true, true]]",
34354,q,a,cx_stage1,,"[[[9, 737], [40, 737]], [], [true, true]]",
34355,q,a,cx_stage3,,"[[[9, 737], [40, 737]], [], [true, true]]",
34356,q,a,cx_stage1,,"[[[9, 740], [41, 740]], [], [true, true]]",
34357,q,a,cx_stage3,,"[[[9, 740], [41, 740]], [], [true, true]]",
34358,q,a,p,,"[[[9, 75]], [], [true]]",
34359,q,a,cx_stage1,,"[[[9, 744], [41, 744]], [], [true, true]]",
34360,q,a,cx_stage3,,"[[[9, 744], [41, 744]], [], [true, true]]",
34361,q,a,cx_stage1,,"[[[9, 747], [42, 747]], [], [true, true]]",
34362,q,a,cx_stage3,,"[[[9, 747], [42, 747]], [], [true, true]]",
34363,q,a,cx_stage1,,"[[[9, 751], [42, 751]], [], [true, true]]",
34364,q,a,cx_stage1,,"[[[2, 78], [9, 78]], [], [true, true]]",
34365,q,a,cx_stage3,,"[[[9, 751], [42, 751]], [], [true, true]]",
34366,q,a,cx_stage1,,"[[[9, 754], [43, 754]], [], [true, true]]",
34367,q,a,cx_stage3,,"[[[9, 754], [43, 754]], [], [true, true]]",
34368,q,a,cx_stage1,,"[[[9, 758], [43, 758]], [], [true, true]]",
34369,q,a,cx_stage3,,"[[[9, 758], [43, 758]], [], [true, true]]",
34370,q,a,cx_stage1,,"[[[9, 761], [44, 761]], [], [true, true]]",
34371,q,a,cx_stage3,,"[[[9, 761], [44, 761]], [], [true, true]]",
34372,q,a,cx_stage1,,"[[[9, 765], [44, 765]], [], [true, true]]",
34373,q,a,cx_stage3,,"[[[9, 765], [44, 765]], [], [true, true]]",
34374,q,a,cx_stage1,,"[[[9, 768], [45, 768]], [], [true, true]]",
34375,q,a,cx_stage3,,"[[[9, 768], [45, 768]], [], [true, true]]",
34376,q,a,cx_stage1,,"[[[9, 772], [45, 772]], [], [true, true]]",
34377,q,a,cx_stage3,,"[[[2, 78], [9, 78]], [], [true, true]]",
34378,q,a,cx_stage3,,"[[[9, 772], [45, 772]], [], [true, true]]",
34379,q,a,cx_stage1,,"[[[9, 775], [46, 775]], [], [true, true]]",
34380,q,a,cx_stage3,,"[[[9, 775], [46, 775]], [], [true, true]]",
34381,q,a,cx_stage1,,"[[[9, 779], [46, 779]], [], [true, true]]",
34382,q,a,cx_stage3,,"[[[9, 779], [46, 779]], [], [true, true]]",
34383,q,a,cx_stage1,,"[[[9, 782], [47, 782]], [], [true, true]]",
34384,q,a,cx_stage1,,"[[[3, 81], [9, 81]], [], [true, true]]",
34385,q,a,cx_stage3,,"[[[9, 782], [47, 782]], [], [true, true]]",
34386,q,a,cx_stage1,,"[[[9, 786], [47, 786]], [], [true, true]]",
34387,q,a,cx_stage3,,"[[[9, 786], [47, 786]], [], [true, true]]",
34388,q,a,cx_stage1,,"[[[9, 789], [48, 789]], [], [true, true]]",
34389,q,a,cx_stage3,,"[[[9, 789], [48, 789]], [], [true, true]]",
34390,q,a,cx_stage1,,"[[[9, 793], [48, 793]], [], [true, true]]",
34391,q,a,cx_stage3,,"[[[9, 793], [48, 793]], [], [true, true]]",
34392,q,a,cx_stage1,,"[[[9, 796], [49, 796]], [], [true, true]]",
34393,q,a,cx_stage3,,"[[[9, 796], [49, 796]], [], [true, true]]",
34394,q,a,cx_stage1,,"[[[9, 800], [49, 800]], [], [true, true]]",
34395,q,a,cx_stage3,,"[[[9, 800], [49, 800]], [], [true, true]]",
34396,q,a,cx_stage3,,"[[[3, 81], [9, 81]], [], [true, true]]",
34397,q,a,cx_stage1,,"[[[9, 803], [50, 803]], [], [true, true]]",
34398,q,a,cx_stage3,,"[[[9, 803], [50, 803]], [], [true, true]]",
34399,q,a,cx_stage1,,"[[[9, 807], [50, 807]], [], [true, true]]",
34400,q,a,cx_stage3,,"[[[9, 807], [50, 807]], [], [true, true]]",
34401,q,a,cx_stage1,,"[[[9, 810], [51, 810]], [], [true, true]]",
34402,q,a,cx_stage3,,"[[[9, 810], [51, 810]], [], [true, true]]",
34403,q,a,p,,"[[[9, 82]], [], [true]]",
34404,q,a,cx_stage1,,"[[[9, 814], [51, 814]], [], [true, true]]",
34405,q,a,cx_stage3,,"[[[9, 814], [51, 814]], [], [true, true]]",
34406,q,a,cx_stage1,,"[[[9, 817], [52, 817]], [], [true, true]]",
34407,q,a,cx_stage3,,"[[[9, 817], [52, 817]], [], [true, true]]",
34408,q,a,cx_stage1,,"[[[9, 821], [52, 821]], [], [true, true]]",
34409,q,a,cx_stage1,,"[[[3, 85], [9, 85]], [], [true, true]]",
34410,q,a,cx_stage3,,"[[[9, 821], [52, 821]], [], [true, true]]",
34411,q,a,cx_stage1,,"[[[9, 824], [53, 824]], [], [true, true]]",
34412,q,a,cx_stage3,,"[[[9, 824], [53, 824]], [], [true, true]]",
34413,q,a,cx_stage1,,"[[[9, 828], [53, 828]], [], [true, true]]",
34414,q,a,cx_stage3,,"[[[9, 828], [53, 828]], [], [true, true]]",
34415,q,a,cx_stage1,,"[[[9, 831], [54, 831]], [], [true, true]]",
34416,q,a,cx_stage3,,"[[[9, 831], [54, 831]], [], [true, true]]",
34417,q,a,cx_stage1,,"[[[9, 835], [54, 835]], [], [true, true]]",
34418,q,a,cx_stage3,,"[[[9, 835], [54, 835]], [], [true, true]]",
34419,q,a,cx_stage1,,"[[[9, 838], [55, 838]], [], [true, true]]",
34420,q,a,cx_stage3,,"[[[9, 838], [55, 838]], [], [true, true]]",
34421,q,a,cx_stage1,,"[[[9, 842], [55, 842]], [], [true, true]]",
34422,q,a,cx_stage3,,"[[[3, 85], [9, 85]], [], [true, true]]",
34423,q,a,cx_stage3,,"[[[9, 842], [55, 842]], [], [true, true]]",
34424,q,a,ry,,"[[[9, 843]], [], [true]]",
34425,q,a,cx_stage1,,"[[[4, 88], [9, 88]], [], [true, true]]",
34426,q,a,cx_stage3,,"[[[4, 88], [9, 88]], [], [true, true]]",
34427,q,a,p,,"[[[9, 89]], [], [true]]",
34428,q,a,cx_stage1,,"[[[4, 92], [9, 92]], [], [true, true]]",
34429,q,a,cx_stage3,,"[[[4, 92], [9, 92]], [], [true, true]]",
34430,q,a,cx_stage1,,"[[[5, 95], [9, 95]], [], [true, true]]",
34431,q,a,cx_stage3,,"[[[5, 95], [9, 95]], [], [true, true]]",
34432,q,a,p,,"[[[9, 96]], [], [true]]",
34433,q,a,cx_stage1,,"[[[5, 99], [9, 99]], [], [true, true]]",
34434,q,a,cx_stage3,,"[[[5, 99], [9, 99]], [], [true, true]]",
