edge_index,node_id
0,c0_t992
0,q0_t991
1,c100_t1292
1,q100_t1291
2,c101_t1295
2,q101_t1294
3,c102_t1298
3,q102_t1297
4,c103_t1301
4,q103_t1300
5,c104_t1304
5,q104_t1303
6,c105_t1307
6,q105_t1306
7,c106_t1310
7,q106_t1309
8,c107_t1313
8,q107_t1312
9,c108_t1316
9,q108_t1315
10,c109_t1316
10,q109_t1315
11,c10_t1022
11,q10_t1021
12,c11_t1025
12,q11_t1024
13,c12_t1028
13,q12_t1027
14,c13_t1031
14,q13_t1030
15,c14_t1034
15,q14_t1033
16,c15_t1037
16,q15_t1036
17,c16_t1040
17,q16_t1039
18,c17_t1043
18,q17_t1042
19,c18_t1046
19,q18_t1045
20,c19_t1049
20,q19_t1048
21,c1_t995
21,q1_t994
22,c20_t1052
22,q20_t1051
23,c21_t1055
23,q21_t1054
24,c22_t1058
24,q22_t1057
25,c23_t1061
25,q23_t1060
26,c24_t1064
26,q24_t1063
27,c25_t1067
27,q25_t1066
28,c26_t1070
28,q26_t1069
29,c27_t1073
29,q27_t1072
30,c28_t1076
30,q28_t1075
31,c29_t1079
31,q29_t1078
32,c2_t998
32,q2_t997
33,c30_t1082
33,q30_t1081
34,c31_t1085
34,q31_t1084
35,c32_t1088
35,q32_t1087
36,c33_t1091
36,q33_t1090
37,c34_t1094
37,q34_t1093
38,c35_t1097
38,q35_t1096
39,c36_t1100
39,q36_t1099
40,c37_t1103
40,q37_t1102
41,c38_t1106
41,q38_t1105
42,c39_t1109
42,q39_t1108
43,c3_t1001
43,q3_t1000
44,c40_t1112
44,q40_t1111
45,c41_t1115
45,q41_t1114
46,c42_t1118
46,q42_t1117
47,c43_t1121
47,q43_t1120
48,c44_t1124
48,q44_t1123
49,c45_t1127
49,q45_t1126
50,c46_t1130
50,q46_t1129
51,c47_t1133
51,q47_t1132
52,c48_t1136
52,q48_t1135
53,c49_t1139
53,q49_t1138
54,c4_t1004
54,q4_t1003
55,c50_t1142
55,q50_t1141
56,c51_t1145
56,q51_t1144
57,c52_t1148
57,q52_t1147
58,c53_t1151
58,q53_t1150
59,c54_t1154
59,q54_t1153
60,c55_t1157
60,q55_t1156
61,c56_t1160
61,q56_t1159
62,c57_t1163
62,q57_t1162
63,c58_t1166
63,q58_t1165
64,c59_t1169
64,q59_t1168
65,c5_t1007
65,q5_t1006
66,c60_t1172
66,q60_t1171
67,c61_t1175
67,q61_t1174
68,c62_t1178
68,q62_t1177
69,c63_t1181
69,q63_t1180
70,c64_t1184
70,q64_t1183
71,c65_t1187
71,q65_t1186
72,c66_t1190
72,q66_t1189
73,c67_t1193
73,q67_t1192
74,c68_t1196
74,q68_t1195
75,c69_t1199
75,q69_t1198
76,c6_t1010
76,q6_t1009
77,c70_t1202
77,q70_t1201
78,c71_t1205
78,q71_t1204
79,c72_t1208
79,q72_t1207
80,c73_t1211
80,q73_t1210
81,c74_t1214
81,q74_t1213
82,c75_t1217
82,q75_t1216
83,c76_t1220
83,q76_t1219
84,c77_t1223
84,q77_t1222
85,c78_t1226
85,q78_t1225
86,c79_t1229
86,q79_t1228
87,c7_t1013
87,q7_t1012
88,c80_t1232
88,q80_t1231
89,c81_t1235
89,q81_t1234
90,c82_t1238
90,q82_t1237
91,c83_t1241
91,q83_t1240
92,c84_t1244
92,q84_t1243
93,c85_t1247
93,q85_t1246
94,c86_t1250
94,q86_t1249
95,c87_t1253
95,q87_t1252
96,c88_t1256
96,q88_t1255
97,c89_t1259
97,q89_t1258
98,c8_t1016
98,q8_t1015
99,c90_t1262
99,q90_t1261
100,c91_t1265
100,q91_t1264
101,c92_t1268
101,q92_t1267
102,c93_t1271
102,q93_t1270
103,c94_t1274
103,q94_t1273
104,c95_t1277
104,q95_t1276
105,c96_t1280
105,q96_t1279
106,c97_t1283
106,q97_t1282
107,c98_t1286
107,q98_t1285
108,c99_t1289
108,q99_t1288
109,c9_t1019
109,q9_t1018
110,q0_t0
110,q0_t1
111,q0_t1
111,q0_t2
112,q0_t10
112,q0_t11
113,q0_t10
113,q0_t9
114,q0_t100
114,q0_t101
115,q0_t100
115,q0_t99
116,q0_t101
116,q0_t102
116,q34_t101
116,q34_t102
117,q0_t102
117,q0_t103
118,q0_t103
118,q0_t104
119,q0_t104
119,q0_t105
119,q35_t104
119,q35_t105
120,q0_t105
120,q0_t106
121,q0_t106
121,q0_t107
122,q0_t107
122,q0_t108
122,q36_t107
122,q36_t108
123,q0_t108
123,q0_t109
124,q0_t109
124,q0_t110
125,q0_t11
125,q0_t12
125,q4_t11
125,q4_t12
126,q0_t110
126,q0_t111
126,q37_t110
126,q37_t111
127,q0_t111
127,q0_t112
128,q0_t112
128,q0_t113
129,q0_t113
129,q0_t114
129,q38_t113
129,q38_t114
130,q0_t114
130,q0_t115
131,q0_t115
131,q0_t116
132,q0_t116
132,q0_t117
132,q39_t116
132,q39_t117
133,q0_t117
133,q0_t118
134,q0_t118
134,q0_t119
135,q0_t119
135,q0_t120
135,q40_t119
135,q40_t120
136,q0_t12
136,q0_t13
137,q0_t120
137,q0_t121
138,q0_t121
138,q0_t122
139,q0_t122
139,q0_t123
139,q41_t122
139,q41_t123
140,q0_t123
140,q0_t124
141,q0_t124
141,q0_t125
142,q0_t125
142,q0_t126
142,q42_t125
142,q42_t126
143,q0_t126
143,q0_t127
144,q0_t127
144,q0_t128
145,q0_t128
145,q0_t129
145,q43_t128
145,q43_t129
146,q0_t129
146,q0_t130
147,q0_t13
147,q0_t14
148,q0_t130
148,q0_t131
149,q0_t131
149,q0_t132
149,q44_t131
149,q44_t132
150,q0_t132
150,q0_t133
151,q0_t133
151,q0_t134
152,q0_t134
152,q0_t135
152,q45_t134
152,q45_t135
153,q0_t135
153,q0_t136
154,q0_t136
154,q0_t137
155,q0_t137
155,q0_t138
155,q46_t137
155,q46_t138
156,q0_t138
156,q0_t139
157,q0_t139
157,q0_t140
158,q0_t14
158,q0_t15
158,q5_t14
158,q5_t15
159,q0_t140
159,q0_t141
159,q47_t140
159,q47_t141
160,q0_t141
160,q0_t142
161,q0_t142
161,q0_t143
162,q0_t143
162,q0_t144
162,q48_t143
162,q48_t144
163,q0_t144
163,q0_t145
164,q0_t145
164,q0_t146
165,q0_t146
165,q0_t147
165,q49_t146
165,q49_t147
166,q0_t147
166,q0_t148
167,q0_t148
167,q0_t149
168,q0_t149
168,q0_t150
168,q50_t149
168,q50_t150
169,q0_t15
169,q0_t16
170,q0_t150
170,q0_t151
171,q0_t151
171,q0_t152
172,q0_t152
172,q0_t153
172,q51_t152
172,q51_t153
173,q0_t153
173,q0_t154
174,q0_t154
174,q0_t155
175,q0_t155
175,q0_t156
175,q52_t155
175,q52_t156
176,q0_t156
176,q0_t157
177,q0_t157
177,q0_t158
178,q0_t158
178,q0_t159
178,q53_t158
178,q53_t159
179,q0_t159
179,q0_t160
180,q0_t16
180,q0_t17
181,q0_t160
181,q0_t161
182,q0_t161
182,q0_t162
182,q54_t161
182,q54_t162
183,q0_t162
183,q0_t163
184,q0_t163
184,q0_t164
185,q0_t164
185,q0_t165
185,q55_t164
185,q55_t165
186,q0_t165
186,q0_t166
187,q0_t166
187,q0_t167
188,q0_t167
188,q0_t168
188,q56_t167
188,q56_t168
189,q0_t168
189,q0_t169
190,q0_t169
190,q0_t170
191,q0_t17
191,q0_t18
191,q6_t17
191,q6_t18
192,q0_t170
192,q0_t171
192,q57_t170
192,q57_t171
193,q0_t171
193,q0_t172
194,q0_t172
194,q0_t173
195,q0_t173
195,q0_t174
195,q58_t173
195,q58_t174
196,q0_t174
196,q0_t175
197,q0_t175
197,q0_t176
198,q0_t176
198,q0_t177
198,q59_t176
198,q59_t177
199,q0_t177
199,q0_t178
200,q0_t178
200,q0_t179
201,q0_t179
201,q0_t180
201,q60_t179
201,q60_t180
202,q0_t18
202,q0_t19
203,q0_t180
203,q0_t181
204,q0_t181
204,q0_t182
205,q0_t182
205,q0_t183
205,q61_t182
205,q61_t183
206,q0_t183
206,q0_t184
207,q0_t184
207,q0_t185
208,q0_t185
208,q0_t186
208,q62_t185
208,q62_t186
209,q0_t186
209,q0_t187
210,q0_t187
210,q0_t188
211,q0_t188
211,q0_t189
211,q63_t188
211,q63_t189
212,q0_t189
212,q0_t190
213,q0_t19
213,q0_t20
214,q0_t190
214,q0_t191
215,q0_t191
215,q0_t192
215,q64_t191
215,q64_t192
216,q0_t192
216,q0_t193
217,q0_t193
217,q0_t194
218,q0_t194
218,q0_t195
218,q65_t194
218,q65_t195
219,q0_t195
219,q0_t196
220,q0_t196
220,q0_t197
221,q0_t197
221,q0_t198
221,q66_t197
221,q66_t198
222,q0_t198
222,q0_t199
223,q0_t199
223,q0_t200
224,q0_t2
224,q0_t3
224,q1_t2
224,q1_t3
225,q0_t20
225,q0_t21
225,q7_t20
225,q7_t21
226,q0_t200
226,q0_t201
226,q67_t200
226,q67_t201
227,q0_t201
227,q0_t202
228,q0_t202
228,q0_t203
229,q0_t203
229,q0_t204
229,q68_t203
229,q68_t204
230,q0_t204
230,q0_t205
231,q0_t205
231,q0_t206
232,q0_t206
232,q0_t207
232,q69_t206
232,q69_t207
233,q0_t207
233,q0_t208
234,q0_t208
234,q0_t209
235,q0_t209
235,q0_t210
235,q70_t209
235,q70_t210
236,q0_t21
236,q0_t22
237,q0_t210
237,q0_t211
238,q0_t211
238,q0_t212
239,q0_t212
239,q0_t213
239,q71_t212
239,q71_t213
240,q0_t213
240,q0_t214
241,q0_t214
241,q0_t215
242,q0_t215
242,q0_t216
242,q72_t215
242,q72_t216
243,q0_t216
243,q0_t217
244,q0_t217
244,q0_t218
245,q0_t218
245,q0_t219
245,q73_t218
245,q73_t219
246,q0_t219
246,q0_t220
247,q0_t22
247,q0_t23
248,q0_t220
248,q0_t221
249,q0_t221
249,q0_t222
249,q74_t221
249,q74_t222
250,q0_t222
250,q0_t223
251,q0_t223
251,q0_t224
252,q0_t224
252,q0_t225
252,q75_t224
252,q75_t225
253,q0_t225
253,q0_t226
254,q0_t226
254,q0_t227
255,q0_t227
255,q0_t228
255,q76_t227
255,q76_t228
256,q0_t228
256,q0_t229
257,q0_t229
257,q0_t230
258,q0_t23
258,q0_t24
258,q8_t23
258,q8_t24
259,q0_t230
259,q0_t231
259,q77_t230
259,q77_t231
260,q0_t231
260,q0_t232
261,q0_t232
261,q0_t233
262,q0_t233
262,q0_t234
262,q78_t233
262,q78_t234
263,q0_t234
263,q0_t235
264,q0_t235
264,q0_t236
265,q0_t236
265,q0_t237
265,q79_t236
265,q79_t237
266,q0_t237
266,q0_t238
267,q0_t238
267,q0_t239
268,q0_t239
268,q0_t240
268,q80_t239
268,q80_t240
269,q0_t24
269,q0_t25
270,q0_t240
270,q0_t241
271,q0_t241
271,q0_t242
272,q0_t242
272,q0_t243
272,q81_t242
272,q81_t243
273,q0_t243
273,q0_t244
274,q0_t244
274,q0_t245
275,q0_t245
275,q0_t246
275,q82_t245
275,q82_t246
276,q0_t246
276,q0_t247
277,q0_t247
277,q0_t248
278,q0_t248
278,q0_t249
278,q83_t248
278,q83_t249
279,q0_t249
279,q0_t250
280,q0_t25
280,q0_t26
281,q0_t250
281,q0_t251
282,q0_t251
282,q0_t252
282,q84_t251
282,q84_t252
283,q0_t252
283,q0_t253
284,q0_t253
284,q0_t254
285,q0_t254
285,q0_t255
285,q85_t254
285,q85_t255
286,q0_t255
286,q0_t256
287,q0_t256
287,q0_t257
288,q0_t257
288,q0_t258
288,q86_t257
288,q86_t258
289,q0_t258
289,q0_t259
290,q0_t259
290,q0_t260
291,q0_t26
291,q0_t27
291,q9_t26
291,q9_t27
292,q0_t260
292,q0_t261
292,q87_t260
292,q87_t261
293,q0_t261
293,q0_t262
294,q0_t262
294,q0_t263
295,q0_t263
295,q0_t264
295,q88_t263
295,q88_t264
296,q0_t264
296,q0_t265
297,q0_t265
297,q0_t266
298,q0_t266
298,q0_t267
298,q89_t266
298,q89_t267
299,q0_t267
299,q0_t268
300,q0_t268
300,q0_t269
301,q0_t269
301,q0_t270
301,q90_t269
301,q90_t270
302,q0_t27
302,q0_t28
303,q0_t270
303,q0_t271
304,q0_t271
304,q0_t272
305,q0_t272
305,q0_t273
305,q91_t272
305,q91_t273
306,q0_t273
306,q0_t274
307,q0_t274
307,q0_t275
308,q0_t275
308,q0_t276
308,q92_t275
308,q92_t276
309,q0_t276
309,q0_t277
310,q0_t277
310,q0_t278
311,q0_t278
311,q0_t279
311,q93_t278
311,q93_t279
312,q0_t279
312,q0_t280
313,q0_t28
313,q0_t29
314,q0_t280
314,q0_t281
315,q0_t281
315,q0_t282
315,q94_t281
315,q94_t282
316,q0_t282
316,q0_t283
317,q0_t283
317,q0_t284
318,q0_t284
318,q0_t285
318,q95_t284
318,q95_t285
319,q0_t285
319,q0_t286
320,q0_t286
320,q0_t287
321,q0_t287
321,q0_t288
321,q96_t287
321,q96_t288
322,q0_t288
322,q0_t289
323,q0_t289
323,q0_t290
324,q0_t29
324,q0_t30
324,q10_t29
324,q10_t30
325,q0_t290
325,q0_t291
325,q97_t290
325,q97_t291
326,q0_t291
326,q0_t292
327,q0_t292
327,q0_t293
328,q0_t293
328,q0_t294
328,q98_t293
328,q98_t294
329,q0_t294
329,q0_t295
330,q0_t295
330,q0_t296
331,q0_t296
331,q0_t297
331,q99_t296
331,q99_t297
332,q0_t297
332,q0_t298
333,q0_t298
333,q0_t299
334,q0_t299
334,q0_t300
334,q100_t299
334,q100_t300
335,q0_t3
335,q0_t4
336,q0_t30
336,q0_t31
337,q0_t300
337,q0_t301
338,q0_t301
338,q0_t302
339,q0_t302
339,q0_t303
339,q101_t302
339,q101_t303
340,q0_t303
340,q0_t304
341,q0_t304
341,q0_t305
342,q0_t305
342,q0_t306
342,q102_t305
342,q102_t306
343,q0_t306
343,q0_t307
344,q0_t307
344,q0_t308
345,q0_t308
345,q0_t309
345,q103_t308
345,q103_t309
346,q0_t309
346,q0_t310
347,q0_t31
347,q0_t32
348,q0_t310
348,q0_t311
349,q0_t311
349,q0_t312
349,q104_t311
349,q104_t312
350,q0_t312
350,q0_t313
351,q0_t313
351,q0_t314
352,q0_t314
352,q0_t315
352,q105_t314
352,q105_t315
353,q0_t315
353,q0_t316
354,q0_t316
354,q0_t317
355,q0_t317
355,q0_t318
355,q106_t317
355,q106_t318
356,q0_t318
356,q0_t319
357,q0_t319
357,q0_t320
358,q0_t32
358,q0_t33
358,q11_t32
358,q11_t33
359,q0_t320
359,q0_t321
359,q107_t320
359,q107_t321
360,q0_t321
360,q0_t322
361,q0_t322
361,q0_t323
362,q0_t323
362,q0_t324
362,q108_t323
362,q108_t324
363,q0_t324
363,q0_t325
364,q0_t325
364,q0_t326
365,q0_t326
365,q0_t327
365,q109_t326
365,q109_t327
366,q0_t327
366,q0_t328
367,q0_t328
367,q0_t329
368,q0_t329
368,q0_t333
369,q0_t33
369,q0_t34
370,q0_t333
370,q0_t334
370,q1_t333
370,q1_t334
371,q0_t334
371,q0_t335
372,q0_t335
372,q0_t336
373,q0_t336
373,q0_t337
373,q2_t336
373,q2_t337
374,q0_t337
374,q0_t338
375,q0_t338
375,q0_t339
376,q0_t339
376,q0_t340
376,q3_t339
376,q3_t340
377,q0_t34
377,q0_t35
378,q0_t340
378,q0_t341
379,q0_t341
379,q0_t342
380,q0_t342
380,q0_t343
380,q4_t342
380,q4_t343
381,q0_t343
381,q0_t344
382,q0_t344
382,q0_t345
383,q0_t345
383,q0_t346
383,q5_t345
383,q5_t346
384,q0_t346
384,q0_t347
385,q0_t347
385,q0_t348
386,q0_t348
386,q0_t349
386,q6_t348
386,q6_t349
387,q0_t349
387,q0_t350
388,q0_t35
388,q0_t36
388,q12_t35
388,q12_t36
389,q0_t350
389,q0_t351
390,q0_t351
390,q0_t352
390,q7_t351
390,q7_t352
391,q0_t352
391,q0_t353
392,q0_t353
392,q0_t354
393,q0_t354
393,q0_t355
393,q8_t354
393,q8_t355
394,q0_t355
394,q0_t356
395,q0_t356
395,q0_t357
396,q0_t357
396,q0_t358
396,q9_t357
396,q9_t358
397,q0_t358
397,q0_t359
398,q0_t359
398,q0_t360
399,q0_t36
399,q0_t37
400,q0_t360
400,q0_t361
400,q10_t360
400,q10_t361
401,q0_t361
401,q0_t362
402,q0_t362
402,q0_t363
403,q0_t363
403,q0_t364
403,q11_t363
403,q11_t364
404,q0_t364
404,q0_t365
405,q0_t365
405,q0_t366
406,q0_t366
406,q0_t367
406,q12_t366
406,q12_t367
407,q0_t367
407,q0_t368
408,q0_t368
408,q0_t369
409,q0_t369
409,q0_t370
409,q13_t369
409,q13_t370
410,q0_t37
410,q0_t38
411,q0_t370
411,q0_t371
412,q0_t371
412,q0_t372
413,q0_t372
413,q0_t373
413,q14_t372
413,q14_t373
414,q0_t373
414,q0_t374
415,q0_t374
415,q0_t375
416,q0_t375
416,q0_t376
416,q15_t375
416,q15_t376
417,q0_t376
417,q0_t377
418,q0_t377
418,q0_t378
419,q0_t378
419,q0_t379
419,q16_t378
419,q16_t379
420,q0_t379
420,q0_t380
421,q0_t38
421,q0_t39
421,q13_t38
421,q13_t39
422,q0_t380
422,q0_t381
423,q0_t381
423,q0_t382
423,q17_t381
423,q17_t382
424,q0_t382
424,q0_t383
425,q0_t383
425,q0_t384
426,q0_t384
426,q0_t385
426,q18_t384
426,q18_t385
427,q0_t385
427,q0_t386
428,q0_t386
428,q0_t387
429,q0_t387
429,q0_t388
429,q19_t387
429,q19_t388
430,q0_t388
430,q0_t389
431,q0_t389
431,q0_t390
432,q0_t39
432,q0_t40
433,q0_t390
433,q0_t391
433,q20_t390
433,q20_t391
434,q0_t391
434,q0_t392
435,q0_t392
435,q0_t393
436,q0_t393
436,q0_t394
436,q21_t393
436,q21_t394
437,q0_t394
437,q0_t395
438,q0_t395
438,q0_t396
439,q0_t396
439,q0_t397
439,q22_t396
439,q22_t397
440,q0_t397
440,q0_t398
441,q0_t398
441,q0_t399
442,q0_t399
442,q0_t400
442,q23_t399
442,q23_t400
443,q0_t4
443,q0_t5
444,q0_t40
444,q0_t41
445,q0_t400
445,q0_t401
446,q0_t401
446,q0_t402
447,q0_t402
447,q0_t403
447,q24_t402
447,q24_t403
448,q0_t403
448,q0_t404
449,q0_t404
449,q0_t405
450,q0_t405
450,q0_t406
450,q25_t405
450,q25_t406
451,q0_t406
451,q0_t407
452,q0_t407
452,q0_t408
453,q0_t408
453,q0_t409
453,q26_t408
453,q26_t409
454,q0_t409
454,q0_t410
455,q0_t41
455,q0_t42
455,q14_t41
455,q14_t42
456,q0_t410
456,q0_t411
457,q0_t411
457,q0_t412
457,q27_t411
457,q27_t412
458,q0_t412
458,q0_t413
459,q0_t413
459,q0_t414
460,q0_t414
460,q0_t415
460,q28_t414
460,q28_t415
461,q0_t415
461,q0_t416
462,q0_t416
462,q0_t417
463,q0_t417
463,q0_t418
463,q29_t417
463,q29_t418
464,q0_t418
464,q0_t419
465,q0_t419
465,q0_t420
466,q0_t42
466,q0_t43
467,q0_t420
467,q0_t421
467,q30_t420
467,q30_t421
468,q0_t421
468,q0_t422
469,q0_t422
469,q0_t423
470,q0_t423
470,q0_t424
470,q31_t423
470,q31_t424
471,q0_t424
471,q0_t425
472,q0_t425
472,q0_t426
473,q0_t426
473,q0_t427
473,q32_t426
473,q32_t427
474,q0_t427
474,q0_t428
475,q0_t428
475,q0_t429
476,q0_t429
476,q0_t430
476,q33_t429
476,q33_t430
477,q0_t43
477,q0_t44
478,q0_t430
478,q0_t431
479,q0_t431
479,q0_t432
480,q0_t432
480,q0_t433
480,q34_t432
480,q34_t433
481,q0_t433
481,q0_t434
482,q0_t434
482,q0_t435
483,q0_t435
483,q0_t436
483,q35_t435
483,q35_t436
484,q0_t436
484,q0_t437
485,q0_t437
485,q0_t438
486,q0_t438
486,q0_t439
486,q36_t438
486,q36_t439
487,q0_t439
487,q0_t440
488,q0_t44
488,q0_t45
488,q15_t44
488,q15_t45
489,q0_t440
489,q0_t441
490,q0_t441
490,q0_t442
490,q37_t441
490,q37_t442
491,q0_t442
491,q0_t443
492,q0_t443
492,q0_t444
493,q0_t444
493,q0_t445
493,q38_t444
493,q38_t445
494,q0_t445
494,q0_t446
495,q0_t446
495,q0_t447
496,q0_t447
496,q0_t448
496,q39_t447
496,q39_t448
497,q0_t448
497,q0_t449
498,q0_t449
498,q0_t450
499,q0_t45
499,q0_t46
500,q0_t450
500,q0_t451
500,q40_t450
500,q40_t451
501,q0_t451
501,q0_t452
502,q0_t452
502,q0_t453
503,q0_t453
503,q0_t454
503,q41_t453
503,q41_t454
504,q0_t454
504,q0_t455
505,q0_t455
505,q0_t456
506,q0_t456
506,q0_t457
506,q42_t456
506,q42_t457
507,q0_t457
507,q0_t458
508,q0_t458
508,q0_t459
509,q0_t459
509,q0_t460
509,q43_t459
509,q43_t460
510,q0_t46
510,q0_t47
511,q0_t460
511,q0_t461
512,q0_t461
512,q0_t462
513,q0_t462
513,q0_t463
513,q44_t462
513,q44_t463
514,q0_t463
514,q0_t464
515,q0_t464
515,q0_t465
516,q0_t465
516,q0_t466
516,q45_t465
516,q45_t466
517,q0_t466
517,q0_t467
518,q0_t467
518,q0_t468
519,q0_t468
519,q0_t469
519,q46_t468
519,q46_t469
520,q0_t469
520,q0_t470
521,q0_t47
521,q0_t48
521,q16_t47
521,q16_t48
522,q0_t470
522,q0_t471
523,q0_t471
523,q0_t472
523,q47_t471
523,q47_t472
524,q0_t472
524,q0_t473
525,q0_t473
525,q0_t474
526,q0_t474
526,q0_t475
526,q48_t474
526,q48_t475
527,q0_t475
527,q0_t476
528,q0_t476
528,q0_t477
529,q0_t477
529,q0_t478
529,q49_t477
529,q49_t478
530,q0_t478
530,q0_t479
531,q0_t479
531,q0_t480
532,q0_t48
532,q0_t49
533,q0_t480
533,q0_t481
533,q50_t480
533,q50_t481
534,q0_t481
534,q0_t482
535,q0_t482
535,q0_t483
536,q0_t483
536,q0_t484
536,q51_t483
536,q51_t484
537,q0_t484
537,q0_t485
538,q0_t485
538,q0_t486
539,q0_t486
539,q0_t487
539,q52_t486
539,q52_t487
540,q0_t487
540,q0_t488
541,q0_t488
541,q0_t489
542,q0_t489
542,q0_t490
542,q53_t489
542,q53_t490
543,q0_t49
543,q0_t50
544,q0_t490
544,q0_t491
545,q0_t491
545,q0_t492
546,q0_t492
546,q0_t493
546,q54_t492
546,q54_t493
547,q0_t493
547,q0_t494
548,q0_t494
548,q0_t495
549,q0_t495
549,q0_t496
549,q55_t495
549,q55_t496
550,q0_t496
550,q0_t497
551,q0_t497
551,q0_t498
552,q0_t498
552,q0_t499
552,q56_t498
552,q56_t499
553,q0_t499
553,q0_t500
554,q0_t5
554,q0_t6
554,q2_t5
554,q2_t6
555,q0_t50
555,q0_t51
555,q17_t50
555,q17_t51
556,q0_t500
556,q0_t501
557,q0_t501
557,q0_t502
557,q57_t501
557,q57_t502
558,q0_t502
558,q0_t503
559,q0_t503
559,q0_t504
560,q0_t504
560,q0_t505
560,q58_t504
560,q58_t505
561,q0_t505
561,q0_t506
562,q0_t506
562,q0_t507
563,q0_t507
563,q0_t508
563,q59_t507
563,q59_t508
564,q0_t508
564,q0_t509
565,q0_t509
565,q0_t510
566,q0_t51
566,q0_t52
567,q0_t510
567,q0_t511
567,q60_t510
567,q60_t511
568,q0_t511
568,q0_t512
569,q0_t512
569,q0_t513
570,q0_t513
570,q0_t514
570,q61_t513
570,q61_t514
571,q0_t514
571,q0_t515
572,q0_t515
572,q0_t516
573,q0_t516
573,q0_t517
573,q62_t516
573,q62_t517
574,q0_t517
574,q0_t518
575,q0_t518
575,q0_t519
576,q0_t519
576,q0_t520
576,q63_t519
576,q63_t520
577,q0_t52
577,q0_t53
578,q0_t520
578,q0_t521
579,q0_t521
579,q0_t522
580,q0_t522
580,q0_t523
580,q64_t522
580,q64_t523
581,q0_t523
581,q0_t524
582,q0_t524
582,q0_t525
583,q0_t525
583,q0_t526
583,q65_t525
583,q65_t526
584,q0_t526
584,q0_t527
585,q0_t527
585,q0_t528
586,q0_t528
586,q0_t529
586,q66_t528
586,q66_t529
587,q0_t529
587,q0_t530
588,q0_t53
588,q0_t54
588,q18_t53
588,q18_t54
589,q0_t530
589,q0_t531
590,q0_t531
590,q0_t532
590,q67_t531
590,q67_t532
591,q0_t532
591,q0_t533
592,q0_t533
592,q0_t534
593,q0_t534
593,q0_t535
593,q68_t534
593,q68_t535
594,q0_t535
594,q0_t536
595,q0_t536
595,q0_t537
596,q0_t537
596,q0_t538
596,q69_t537
596,q69_t538
597,q0_t538
597,q0_t539
598,q0_t539
598,q0_t540
599,q0_t54
599,q0_t55
600,q0_t540
600,q0_t541
600,q70_t540
600,q70_t541
601,q0_t541
601,q0_t542
602,q0_t542
602,q0_t543
603,q0_t543
603,q0_t544
603,q71_t543
603,q71_t544
604,q0_t544
604,q0_t545
605,q0_t545
605,q0_t546
606,q0_t546
606,q0_t547
606,q72_t546
606,q72_t547
607,q0_t547
607,q0_t548
608,q0_t548
608,q0_t549
609,q0_t549
609,q0_t550
609,q73_t549
609,q73_t550
610,q0_t55
610,q0_t56
611,q0_t550
611,q0_t551
612,q0_t551
612,q0_t552
613,q0_t552
613,q0_t553
613,q74_t552
613,q74_t553
614,q0_t553
614,q0_t554
615,q0_t554
615,q0_t555
616,q0_t555
616,q0_t556
616,q75_t555
616,q75_t556
617,q0_t556
617,q0_t557
618,q0_t557
618,q0_t558
619,q0_t558
619,q0_t559
619,q76_t558
619,q76_t559
620,q0_t559
620,q0_t560
621,q0_t56
621,q0_t57
621,q19_t56
621,q19_t57
622,q0_t560
622,q0_t561
623,q0_t561
623,q0_t562
623,q77_t561
623,q77_t562
624,q0_t562
624,q0_t563
625,q0_t563
625,q0_t564
626,q0_t564
626,q0_t565
626,q78_t564
626,q78_t565
627,q0_t565
627,q0_t566
628,q0_t566
628,q0_t567
629,q0_t567
629,q0_t568
629,q79_t567
629,q79_t568
630,q0_t568
630,q0_t569
631,q0_t569
631,q0_t570
632,q0_t57
632,q0_t58
633,q0_t570
633,q0_t571
633,q80_t570
633,q80_t571
634,q0_t571
634,q0_t572
635,q0_t572
635,q0_t573
636,q0_t573
636,q0_t574
636,q81_t573
636,q81_t574
637,q0_t574
637,q0_t575
638,q0_t575
638,q0_t576
639,q0_t576
639,q0_t577
639,q82_t576
639,q82_t577
640,q0_t577
640,q0_t578
641,q0_t578
641,q0_t579
642,q0_t579
642,q0_t580
642,q83_t579
642,q83_t580
643,q0_t58
643,q0_t59
644,q0_t580
644,q0_t581
645,q0_t581
645,q0_t582
646,q0_t582
646,q0_t583
646,q84_t582
646,q84_t583
647,q0_t583
647,q0_t584
648,q0_t584
648,q0_t585
649,q0_t585
649,q0_t586
649,q85_t585
649,q85_t586
650,q0_t586
650,q0_t587
651,q0_t587
651,q0_t588
652,q0_t588
652,q0_t589
652,q86_t588
652,q86_t589
653,q0_t589
653,q0_t590
654,q0_t59
654,q0_t60
654,q20_t59
654,q20_t60
655,q0_t590
655,q0_t591
656,q0_t591
656,q0_t592
656,q87_t591
656,q87_t592
657,q0_t592
657,q0_t593
658,q0_t593
658,q0_t594
659,q0_t594
659,q0_t595
659,q88_t594
659,q88_t595
660,q0_t595
660,q0_t596
661,q0_t596
661,q0_t597
662,q0_t597
662,q0_t598
662,q89_t597
662,q89_t598
663,q0_t598
663,q0_t599
664,q0_t599
664,q0_t600
665,q0_t6
665,q0_t7
666,q0_t60
666,q0_t61
667,q0_t600
667,q0_t601
667,q90_t600
667,q90_t601
668,q0_t601
668,q0_t602
669,q0_t602
669,q0_t603
670,q0_t603
670,q0_t604
670,q91_t603
670,q91_t604
671,q0_t604
671,q0_t605
672,q0_t605
672,q0_t606
673,q0_t606
673,q0_t607
673,q92_t606
673,q92_t607
674,q0_t607
674,q0_t608
675,q0_t608
675,q0_t609
676,q0_t609
676,q0_t610
676,q93_t609
676,q93_t610
677,q0_t61
677,q0_t62
678,q0_t610
678,q0_t611
679,q0_t611
679,q0_t612
680,q0_t612
680,q0_t613
680,q94_t612
680,q94_t613
681,q0_t613
681,q0_t614
682,q0_t614
682,q0_t615
683,q0_t615
683,q0_t616
683,q95_t615
683,q95_t616
684,q0_t616
684,q0_t617
685,q0_t617
685,q0_t618
686,q0_t618
686,q0_t619
686,q96_t618
686,q96_t619
687,q0_t619
687,q0_t620
688,q0_t62
688,q0_t63
688,q21_t62
688,q21_t63
689,q0_t620
689,q0_t621
690,q0_t621
690,q0_t622
690,q97_t621
690,q97_t622
691,q0_t622
691,q0_t623
692,q0_t623
692,q0_t624
693,q0_t624
693,q0_t625
693,q98_t624
693,q98_t625
694,q0_t625
694,q0_t626
695,q0_t626
695,q0_t627
696,q0_t627
696,q0_t628
696,q99_t627
696,q99_t628
697,q0_t628
697,q0_t629
698,q0_t629
698,q0_t630
699,q0_t63
699,q0_t64
700,q0_t630
700,q0_t631
700,q100_t630
700,q100_t631
701,q0_t631
701,q0_t632
702,q0_t632
702,q0_t633
703,q0_t633
703,q0_t634
703,q101_t633
703,q101_t634
704,q0_t634
704,q0_t635
705,q0_t635
705,q0_t636
706,q0_t636
706,q0_t637
706,q102_t636
706,q102_t637
707,q0_t637
707,q0_t638
708,q0_t638
708,q0_t639
709,q0_t639
709,q0_t640
709,q103_t639
709,q103_t640
710,q0_t64
710,q0_t65
711,q0_t640
711,q0_t641
712,q0_t641
712,q0_t642
713,q0_t642
713,q0_t643
713,q104_t642
713,q104_t643
714,q0_t643
714,q0_t644
715,q0_t644
715,q0_t645
716,q0_t645
716,q0_t646
716,q105_t645
716,q105_t646
717,q0_t646
717,q0_t647
718,q0_t647
718,q0_t648
719,q0_t648
719,q0_t649
719,q106_t648
719,q106_t649
720,q0_t649
720,q0_t650
721,q0_t65
721,q0_t66
721,q22_t65
721,q22_t66
722,q0_t650
722,q0_t651
723,q0_t651
723,q0_t652
723,q107_t651
723,q107_t652
724,q0_t652
724,q0_t653
725,q0_t653
725,q0_t654
726,q0_t654
726,q0_t655
726,q108_t654
726,q108_t655
727,q0_t655
727,q0_t656
728,q0_t656
728,q0_t657
729,q0_t657
729,q0_t658
729,q109_t657
729,q109_t658
730,q0_t658
730,q0_t659
731,q0_t659
731,q0_t660
732,q0_t66
732,q0_t67
733,q0_t660
733,q0_t664
734,q0_t664
734,q0_t665
734,q1_t664
734,q1_t665
735,q0_t665
735,q0_t666
736,q0_t666
736,q0_t667
737,q0_t667
737,q0_t668
737,q2_t667
737,q2_t668
738,q0_t668
738,q0_t669
739,q0_t669
739,q0_t670
740,q0_t67
740,q0_t68
741,q0_t670
741,q0_t671
741,q3_t670
741,q3_t671
742,q0_t671
742,q0_t672
743,q0_t672
743,q0_t673
744,q0_t673
744,q0_t674
744,q4_t673
744,q4_t674
745,q0_t674
745,q0_t675
746,q0_t675
746,q0_t676
747,q0_t676
747,q0_t677
747,q5_t676
747,q5_t677
748,q0_t677
748,q0_t678
749,q0_t678
749,q0_t679
750,q0_t679
750,q0_t680
750,q6_t679
750,q6_t680
751,q0_t68
751,q0_t69
751,q23_t68
751,q23_t69
752,q0_t680
752,q0_t681
753,q0_t681
753,q0_t682
754,q0_t682
754,q0_t683
754,q7_t682
754,q7_t683
755,q0_t683
755,q0_t684
756,q0_t684
756,q0_t685
757,q0_t685
757,q0_t686
757,q8_t685
757,q8_t686
758,q0_t686
758,q0_t687
759,q0_t687
759,q0_t688
760,q0_t688
760,q0_t689
760,q9_t688
760,q9_t689
761,q0_t689
761,q0_t690
762,q0_t69
762,q0_t70
763,q0_t690
763,q0_t691
764,q0_t691
764,q0_t692
764,q10_t691
764,q10_t692
765,q0_t692
765,q0_t693
766,q0_t693
766,q0_t694
767,q0_t694
767,q0_t695
767,q11_t694
767,q11_t695
768,q0_t695
768,q0_t696
769,q0_t696
769,q0_t697
770,q0_t697
770,q0_t698
770,q12_t697
770,q12_t698
771,q0_t698
771,q0_t699
772,q0_t699
772,q0_t700
773,q0_t7
773,q0_t8
774,q0_t70
774,q0_t71
775,q0_t700
775,q0_t701
775,q13_t700
775,q13_t701
776,q0_t701
776,q0_t702
777,q0_t702
777,q0_t703
778,q0_t703
778,q0_t704
778,q14_t703
778,q14_t704
779,q0_t704
779,q0_t705
780,q0_t705
780,q0_t706
781,q0_t706
781,q0_t707
781,q15_t706
781,q15_t707
782,q0_t707
782,q0_t708
783,q0_t708
783,q0_t709
784,q0_t709
784,q0_t710
784,q16_t709
784,q16_t710
785,q0_t71
785,q0_t72
785,q24_t71
785,q24_t72
786,q0_t710
786,q0_t711
787,q0_t711
787,q0_t712
788,q0_t712
788,q0_t713
788,q17_t712
788,q17_t713
789,q0_t713
789,q0_t714
790,q0_t714
790,q0_t715
791,q0_t715
791,q0_t716
791,q18_t715
791,q18_t716
792,q0_t716
792,q0_t717
793,q0_t717
793,q0_t718
794,q0_t718
794,q0_t719
794,q19_t718
794,q19_t719
795,q0_t719
795,q0_t720
796,q0_t72
796,q0_t73
797,q0_t720
797,q0_t721
798,q0_t721
798,q0_t722
798,q20_t721
798,q20_t722
799,q0_t722
799,q0_t723
800,q0_t723
800,q0_t724
801,q0_t724
801,q0_t725
801,q21_t724
801,q21_t725
802,q0_t725
802,q0_t726
803,q0_t726
803,q0_t727
804,q0_t727
804,q0_t728
804,q22_t727
804,q22_t728
805,q0_t728
805,q0_t729
806,q0_t729
806,q0_t730
807,q0_t73
807,q0_t74
808,q0_t730
808,q0_t731
808,q23_t730
808,q23_t731
809,q0_t731
809,q0_t732
810,q0_t732
810,q0_t733
811,q0_t733
811,q0_t734
811,q24_t733
811,q24_t734
812,q0_t734
812,q0_t735
813,q0_t735
813,q0_t736
814,q0_t736
814,q0_t737
814,q25_t736
814,q25_t737
815,q0_t737
815,q0_t738
816,q0_t738
816,q0_t739
817,q0_t739
817,q0_t740
817,q26_t739
817,q26_t740
818,q0_t74
818,q0_t75
818,q25_t74
818,q25_t75
819,q0_t740
819,q0_t741
820,q0_t741
820,q0_t742
821,q0_t742
821,q0_t743
821,q27_t742
821,q27_t743
822,q0_t743
822,q0_t744
823,q0_t744
823,q0_t745
824,q0_t745
824,q0_t746
824,q28_t745
824,q28_t746
825,q0_t746
825,q0_t747
826,q0_t747
826,q0_t748
827,q0_t748
827,q0_t749
827,q29_t748
827,q29_t749
828,q0_t749
828,q0_t750
829,q0_t75
829,q0_t76
830,q0_t750
830,q0_t751
831,q0_t751
831,q0_t752
831,q30_t751
831,q30_t752
832,q0_t752
832,q0_t753
833,q0_t753
833,q0_t754
834,q0_t754
834,q0_t755
834,q31_t754
834,q31_t755
835,q0_t755
835,q0_t756
836,q0_t756
836,q0_t757
837,q0_t757
837,q0_t758
837,q32_t757
837,q32_t758
838,q0_t758
838,q0_t759
839,q0_t759
839,q0_t760
840,q0_t76
840,q0_t77
841,q0_t760
841,q0_t761
841,q33_t760
841,q33_t761
842,q0_t761
842,q0_t762
843,q0_t762
843,q0_t763
844,q0_t763
844,q0_t764
844,q34_t763
844,q34_t764
845,q0_t764
845,q0_t765
846,q0_t765
846,q0_t766
847,q0_t766
847,q0_t767
847,q35_t766
847,q35_t767
848,q0_t767
848,q0_t768
849,q0_t768
849,q0_t769
850,q0_t769
850,q0_t770
850,q36_t769
850,q36_t770
851,q0_t77
851,q0_t78
851,q26_t77
851,q26_t78
852,q0_t770
852,q0_t771
853,q0_t771
853,q0_t772
854,q0_t772
854,q0_t773
854,q37_t772
854,q37_t773
855,q0_t773
855,q0_t774
856,q0_t774
856,q0_t775
857,q0_t775
857,q0_t776
857,q38_t775
857,q38_t776
858,q0_t776
858,q0_t777
859,q0_t777
859,q0_t778
860,q0_t778
860,q0_t779
860,q39_t778
860,q39_t779
861,q0_t779
861,q0_t780
862,q0_t78
862,q0_t79
863,q0_t780
863,q0_t781
864,q0_t781
864,q0_t782
864,q40_t781
864,q40_t782
865,q0_t782
865,q0_t783
866,q0_t783
866,q0_t784
867,q0_t784
867,q0_t785
867,q41_t784
867,q41_t785
868,q0_t785
868,q0_t786
869,q0_t786
869,q0_t787
870,q0_t787
870,q0_t788
870,q42_t787
870,q42_t788
871,q0_t788
871,q0_t789
872,q0_t789
872,q0_t790
873,q0_t79
873,q0_t80
874,q0_t790
874,q0_t791
874,q43_t790
874,q43_t791
875,q0_t791
875,q0_t792
876,q0_t792
876,q0_t793
877,q0_t793
877,q0_t794
877,q44_t793
877,q44_t794
878,q0_t794
878,q0_t795
879,q0_t795
879,q0_t796
880,q0_t796
880,q0_t797
880,q45_t796
880,q45_t797
881,q0_t797
881,q0_t798
882,q0_t798
882,q0_t799
883,q0_t799
883,q0_t800
883,q46_t799
883,q46_t800
884,q0_t8
884,q0_t9
884,q3_t8
884,q3_t9
885,q0_t80
885,q0_t81
885,q27_t80
885,q27_t81
886,q0_t800
886,q0_t801
887,q0_t801
887,q0_t802
888,q0_t802
888,q0_t803
888,q47_t802
888,q47_t803
889,q0_t803
889,q0_t804
890,q0_t804
890,q0_t805
891,q0_t805
891,q0_t806
891,q48_t805
891,q48_t806
892,q0_t806
892,q0_t807
893,q0_t807
893,q0_t808
894,q0_t808
894,q0_t809
894,q49_t808
894,q49_t809
895,q0_t809
895,q0_t810
896,q0_t81
896,q0_t82
897,q0_t810
897,q0_t811
898,q0_t811
898,q0_t812
898,q50_t811
898,q50_t812
899,q0_t812
899,q0_t813
900,q0_t813
900,q0_t814
901,q0_t814
901,q0_t815
901,q51_t814
901,q51_t815
902,q0_t815
902,q0_t816
903,q0_t816
903,q0_t817
904,q0_t817
904,q0_t818
904,q52_t817
904,q52_t818
905,q0_t818
905,q0_t819
906,q0_t819
906,q0_t820
907,q0_t82
907,q0_t83
908,q0_t820
908,q0_t821
908,q53_t820
908,q53_t821
909,q0_t821
909,q0_t822
910,q0_t822
910,q0_t823
911,q0_t823
911,q0_t824
911,q54_t823
911,q54_t824
912,q0_t824
912,q0_t825
913,q0_t825
913,q0_t826
914,q0_t826
914,q0_t827
914,q55_t826
914,q55_t827
915,q0_t827
915,q0_t828
916,q0_t828
916,q0_t829
917,q0_t829
917,q0_t830
917,q56_t829
917,q56_t830
918,q0_t83
918,q0_t84
918,q28_t83
918,q28_t84
919,q0_t830
919,q0_t831
920,q0_t831
920,q0_t832
921,q0_t832
921,q0_t833
921,q57_t832
921,q57_t833
922,q0_t833
922,q0_t834
923,q0_t834
923,q0_t835
924,q0_t835
924,q0_t836
924,q58_t835
924,q58_t836
925,q0_t836
925,q0_t837
926,q0_t837
926,q0_t838
927,q0_t838
927,q0_t839
927,q59_t838
927,q59_t839
928,q0_t839
928,q0_t840
929,q0_t84
929,q0_t85
930,q0_t840
930,q0_t841
931,q0_t841
931,q0_t842
931,q60_t841
931,q60_t842
932,q0_t842
932,q0_t843
933,q0_t843
933,q0_t844
934,q0_t844
934,q0_t845
934,q61_t844
934,q61_t845
935,q0_t845
935,q0_t846
936,q0_t846
936,q0_t847
937,q0_t847
937,q0_t848
937,q62_t847
937,q62_t848
938,q0_t848
938,q0_t849
939,q0_t849
939,q0_t850
940,q0_t85
940,q0_t86
941,q0_t850
941,q0_t851
941,q63_t850
941,q63_t851
942,q0_t851
942,q0_t852
943,q0_t852
943,q0_t853
944,q0_t853
944,q0_t854
944,q64_t853
944,q64_t854
945,q0_t854
945,q0_t855
946,q0_t855
946,q0_t856
947,q0_t856
947,q0_t857
947,q65_t856
947,q65_t857
948,q0_t857
948,q0_t858
949,q0_t858
949,q0_t859
950,q0_t859
950,q0_t860
950,q66_t859
950,q66_t860
951,q0_t86
951,q0_t87
951,q29_t86
951,q29_t87
952,q0_t860
952,q0_t861
953,q0_t861
953,q0_t862
954,q0_t862
954,q0_t863
954,q67_t862
954,q67_t863
955,q0_t863
955,q0_t864
956,q0_t864
956,q0_t865
957,q0_t865
957,q0_t866
957,q68_t865
957,q68_t866
958,q0_t866
958,q0_t867
959,q0_t867
959,q0_t868
960,q0_t868
960,q0_t869
960,q69_t868
960,q69_t869
961,q0_t869
961,q0_t870
962,q0_t87
962,q0_t88
963,q0_t870
963,q0_t871
964,q0_t871
964,q0_t872
964,q70_t871
964,q70_t872
965,q0_t872
965,q0_t873
966,q0_t873
966,q0_t874
967,q0_t874
967,q0_t875
967,q71_t874
967,q71_t875
968,q0_t875
968,q0_t876
969,q0_t876
969,q0_t877
970,q0_t877
970,q0_t878
970,q72_t877
970,q72_t878
971,q0_t878
971,q0_t879
972,q0_t879
972,q0_t880
973,q0_t88
973,q0_t89
974,q0_t880
974,q0_t881
974,q73_t880
974,q73_t881
975,q0_t881
975,q0_t882
976,q0_t882
976,q0_t883
977,q0_t883
977,q0_t884
977,q74_t883
977,q74_t884
978,q0_t884
978,q0_t885
979,q0_t885
979,q0_t886
980,q0_t886
980,q0_t887
980,q75_t886
980,q75_t887
981,q0_t887
981,q0_t888
982,q0_t888
982,q0_t889
983,q0_t889
983,q0_t890
983,q76_t889
983,q76_t890
984,q0_t89
984,q0_t90
984,q30_t89
984,q30_t90
985,q0_t890
985,q0_t891
986,q0_t891
986,q0_t892
987,q0_t892
987,q0_t893
987,q77_t892
987,q77_t893
988,q0_t893
988,q0_t894
989,q0_t894
989,q0_t895
990,q0_t895
990,q0_t896
990,q78_t895
990,q78_t896
991,q0_t896
991,q0_t897
992,q0_t897
992,q0_t898
993,q0_t898
993,q0_t899
993,q79_t898
993,q79_t899
994,q0_t899
994,q0_t900
995,q0_t90
995,q0_t91
996,q0_t900
996,q0_t901
997,q0_t901
997,q0_t902
997,q80_t901
997,q80_t902
998,q0_t902
998,q0_t903
999,q0_t903
999,q0_t904
1000,q0_t904
1000,q0_t905
1000,q81_t904
1000,q81_t905
1001,q0_t905
1001,q0_t906
1002,q0_t906
1002,q0_t907
1003,q0_t907
1003,q0_t908
1003,q82_t907
1003,q82_t908
1004,q0_t908
1004,q0_t909
1005,q0_t909
1005,q0_t910
1006,q0_t91
1006,q0_t92
1007,q0_t910
1007,q0_t911
1007,q83_t910
1007,q83_t911
1008,q0_t911
1008,q0_t912
1009,q0_t912
1009,q0_t913
1010,q0_t913
1010,q0_t914
1010,q84_t913
1010,q84_t914
1011,q0_t914
1011,q0_t915
1012,q0_t915
1012,q0_t916
1013,q0_t916
1013,q0_t917
1013,q85_t916
1013,q85_t917
1014,q0_t917
1014,q0_t918
1015,q0_t918
1015,q0_t919
1016,q0_t919
1016,q0_t920
1016,q86_t919
1016,q86_t920
1017,q0_t92
1017,q0_t93
1017,q31_t92
1017,q31_t93
1018,q0_t920
1018,q0_t921
1019,q0_t921
1019,q0_t922
1020,q0_t922
1020,q0_t923
1020,q87_t922
1020,q87_t923
1021,q0_t923
1021,q0_t924
1022,q0_t924
1022,q0_t925
1023,q0_t925
1023,q0_t926
1023,q88_t925
1023,q88_t926
1024,q0_t926
1024,q0_t927
1025,q0_t927
1025,q0_t928
1026,q0_t928
1026,q0_t929
1026,q89_t928
1026,q89_t929
1027,q0_t929
1027,q0_t930
1028,q0_t93
1028,q0_t94
1029,q0_t930
1029,q0_t931
1030,q0_t931
1030,q0_t932
1030,q90_t931
1030,q90_t932
1031,q0_t932
1031,q0_t933
1032,q0_t933
1032,q0_t934
1033,q0_t934
1033,q0_t935
1033,q91_t934
1033,q91_t935
1034,q0_t935
1034,q0_t936
1035,q0_t936
1035,q0_t937
1036,q0_t937
1036,q0_t938
1036,q92_t937
1036,q92_t938
1037,q0_t938
1037,q0_t939
1038,q0_t939
1038,q0_t940
1039,q0_t94
1039,q0_t95
1040,q0_t940
1040,q0_t941
1040,q93_t940
1040,q93_t941
1041,q0_t941
1041,q0_t942
1042,q0_t942
1042,q0_t943
1043,q0_t943
1043,q0_t944
1043,q94_t943
1043,q94_t944
1044,q0_t944
1044,q0_t945
1045,q0_t945
1045,q0_t946
1046,q0_t946
1046,q0_t947
1046,q95_t946
1046,q95_t947
1047,q0_t947
1047,q0_t948
1048,q0_t948
1048,q0_t949
1049,q0_t949
1049,q0_t950
1049,q96_t949
1049,q96_t950
1050,q0_t95
1050,q0_t96
1050,q32_t95
1050,q32_t96
1051,q0_t950
1051,q0_t951
1052,q0_t951
1052,q0_t952
1053,q0_t952
1053,q0_t953
1053,q97_t952
1053,q97_t953
1054,q0_t953
1054,q0_t954
1055,q0_t954
1055,q0_t955
1056,q0_t955
1056,q0_t956
1056,q98_t955
1056,q98_t956
1057,q0_t956
1057,q0_t957
1058,q0_t957
1058,q0_t958
1059,q0_t958
1059,q0_t959
1059,q99_t958
1059,q99_t959
1060,q0_t959
1060,q0_t960
1061,q0_t96
1061,q0_t97
1062,q0_t960
1062,q0_t961
1063,q0_t961
1063,q0_t962
1063,q100_t961
1063,q100_t962
1064,q0_t962
1064,q0_t963
1065,q0_t963
1065,q0_t964
1066,q0_t964
1066,q0_t965
1066,q101_t964
1066,q101_t965
1067,q0_t965
1067,q0_t966
1068,q0_t966
1068,q0_t967
1069,q0_t967
1069,q0_t968
1069,q102_t967
1069,q102_t968
1070,q0_t968
1070,q0_t969
1071,q0_t969
1071,q0_t970
1072,q0_t97
1072,q0_t98
1073,q0_t970
1073,q0_t971
1073,q103_t970
1073,q103_t971
1074,q0_t971
1074,q0_t972
1075,q0_t972
1075,q0_t973
1076,q0_t973
1076,q0_t974
1076,q104_t973
1076,q104_t974
1077,q0_t974
1077,q0_t975
1078,q0_t975
1078,q0_t976
1079,q0_t976
1079,q0_t977
1079,q105_t976
1079,q105_t977
1080,q0_t977
1080,q0_t978
1081,q0_t978
1081,q0_t979
1082,q0_t979
1082,q0_t980
1082,q106_t979
1082,q106_t980
1083,q0_t98
1083,q0_t99
1083,q33_t98
1083,q33_t99
1084,q0_t980
1084,q0_t981
1085,q0_t981
1085,q0_t982
1086,q0_t982
1086,q0_t983
1086,q107_t982
1086,q107_t983
1087,q0_t983
1087,q0_t984
1088,q0_t984
1088,q0_t985
1089,q0_t985
1089,q0_t986
1089,q108_t985
1089,q108_t986
1090,q0_t986
1090,q0_t987
1091,q0_t987
1091,q0_t988
1092,q0_t988
1092,q0_t989
1092,q109_t988
1092,q109_t989
1093,q0_t989
1093,q0_t990
1094,q0_t990
1094,q0_t991
1095,q100_t0
1095,q100_t1
1096,q100_t1
1096,q100_t299
1097,q100_t1000
1097,q100_t1001
1097,q13_t1000
1097,q13_t1001
1098,q100_t1000
1098,q100_t999
1099,q100_t1001
1099,q100_t1002
1100,q100_t1002
1100,q100_t1003
1101,q100_t1003
1101,q100_t1004
1101,q14_t1003
1101,q14_t1004
1102,q100_t1004
1102,q100_t1005
1103,q100_t1005
1103,q100_t1006
1104,q100_t1006
1104,q100_t1007
1104,q15_t1006
1104,q15_t1007
1105,q100_t1007
1105,q100_t1008
1106,q100_t1008
1106,q100_t1009
1107,q100_t1009
1107,q100_t1010
1107,q16_t1009
1107,q16_t1010
1108,q100_t1010
1108,q100_t1011
1109,q100_t1011
1109,q100_t1012
1110,q100_t1012
1110,q100_t1013
1110,q17_t1012
1110,q17_t1013
1111,q100_t1013
1111,q100_t1014
1112,q100_t1014
1112,q100_t1015
1113,q100_t1015
1113,q100_t1016
1113,q18_t1015
1113,q18_t1016
1114,q100_t1016
1114,q100_t1017
1115,q100_t1017
1115,q100_t1018
1116,q100_t1018
1116,q100_t1019
1116,q19_t1018
1116,q19_t1019
1117,q100_t1019
1117,q100_t1020
1118,q100_t1020
1118,q100_t1021
1119,q100_t1021
1119,q100_t1022
1119,q20_t1021
1119,q20_t1022
1120,q100_t1022
1120,q100_t1023
1121,q100_t1023
1121,q100_t1024
1122,q100_t1024
1122,q100_t1025
1122,q21_t1024
1122,q21_t1025
1123,q100_t1025
1123,q100_t1026
1124,q100_t1026
1124,q100_t1027
1125,q100_t1027
1125,q100_t1028
1125,q22_t1027
1125,q22_t1028
1126,q100_t1028
1126,q100_t1029
1127,q100_t1029
1127,q100_t1030
1128,q100_t1030
1128,q100_t1031
1128,q23_t1030
1128,q23_t1031
1129,q100_t1031
1129,q100_t1032
1130,q100_t1032
1130,q100_t1033
1131,q100_t1033
1131,q100_t1034
1131,q24_t1033
1131,q24_t1034
1132,q100_t1034
1132,q100_t1035
1133,q100_t1035
1133,q100_t1036
1134,q100_t1036
1134,q100_t1037
1134,q25_t1036
1134,q25_t1037
1135,q100_t1037
1135,q100_t1038
1136,q100_t1038
1136,q100_t1039
1137,q100_t1039
1137,q100_t1040
1137,q26_t1039
1137,q26_t1040
1138,q100_t1040
1138,q100_t1041
1139,q100_t1041
1139,q100_t1042
1140,q100_t1042
1140,q100_t1043
1140,q27_t1042
1140,q27_t1043
1141,q100_t1043
1141,q100_t1044
1142,q100_t1044
1142,q100_t1045
1143,q100_t1045
1143,q100_t1046
1143,q28_t1045
1143,q28_t1046
1144,q100_t1046
1144,q100_t1047
1145,q100_t1047
1145,q100_t1048
1146,q100_t1048
1146,q100_t1049
1146,q29_t1048
1146,q29_t1049
1147,q100_t1049
1147,q100_t1050
1148,q100_t1050
1148,q100_t1051
1149,q100_t1051
1149,q100_t1052
1149,q30_t1051
1149,q30_t1052
1150,q100_t1052
1150,q100_t1053
1151,q100_t1053
1151,q100_t1054
1152,q100_t1054
1152,q100_t1055
1152,q31_t1054
1152,q31_t1055
1153,q100_t1055
1153,q100_t1056
1154,q100_t1056
1154,q100_t1057
1155,q100_t1057
1155,q100_t1058
1155,q32_t1057
1155,q32_t1058
1156,q100_t1058
1156,q100_t1059
1157,q100_t1059
1157,q100_t1060
1158,q100_t1060
1158,q100_t1061
1158,q33_t1060
1158,q33_t1061
1159,q100_t1061
1159,q100_t1062
1160,q100_t1062
1160,q100_t1063
1161,q100_t1063
1161,q100_t1064
1161,q34_t1063
1161,q34_t1064
1162,q100_t1064
1162,q100_t1065
1163,q100_t1065
1163,q100_t1066
1164,q100_t1066
1164,q100_t1067
1164,q35_t1066
1164,q35_t1067
1165,q100_t1067
1165,q100_t1068
1166,q100_t1068
1166,q100_t1069
1167,q100_t1069
1167,q100_t1070
1167,q36_t1069
1167,q36_t1070
1168,q100_t1070
1168,q100_t1071
1169,q100_t1071
1169,q100_t1072
1170,q100_t1072
1170,q100_t1073
1170,q37_t1072
1170,q37_t1073
1171,q100_t1073
1171,q100_t1074
1172,q100_t1074
1172,q100_t1075
1173,q100_t1075
1173,q100_t1076
1173,q38_t1075
1173,q38_t1076
1174,q100_t1076
1174,q100_t1077
1175,q100_t1077
1175,q100_t1078
1176,q100_t1078
1176,q100_t1079
1176,q39_t1078
1176,q39_t1079
1177,q100_t1079
1177,q100_t1080
1178,q100_t1080
1178,q100_t1081
1179,q100_t1081
1179,q100_t1082
1179,q40_t1081
1179,q40_t1082
1180,q100_t1082
1180,q100_t1083
1181,q100_t1083
1181,q100_t1084
1182,q100_t1084
1182,q100_t1085
1182,q41_t1084
1182,q41_t1085
1183,q100_t1085
1183,q100_t1086
1184,q100_t1086
1184,q100_t1087
1185,q100_t1087
1185,q100_t1088
1185,q42_t1087
1185,q42_t1088
1186,q100_t1088
1186,q100_t1089
1187,q100_t1089
1187,q100_t1090
1188,q100_t1090
1188,q100_t1091
1188,q43_t1090
1188,q43_t1091
1189,q100_t1091
1189,q100_t1092
1190,q100_t1092
1190,q100_t1093
1191,q100_t1093
1191,q100_t1094
1191,q44_t1093
1191,q44_t1094
1192,q100_t1094
1192,q100_t1095
1193,q100_t1095
1193,q100_t1096
1194,q100_t1096
1194,q100_t1097
1194,q45_t1096
1194,q45_t1097
1195,q100_t1097
1195,q100_t1098
1196,q100_t1098
1196,q100_t1099
1197,q100_t1099
1197,q100_t1100
1197,q46_t1099
1197,q46_t1100
1198,q100_t1100
1198,q100_t1101
1199,q100_t1101
1199,q100_t1102
1200,q100_t1102
1200,q100_t1103
1200,q47_t1102
1200,q47_t1103
1201,q100_t1103
1201,q100_t1104
1202,q100_t1104
1202,q100_t1105
1203,q100_t1105
1203,q100_t1106
1203,q48_t1105
1203,q48_t1106
1204,q100_t1106
1204,q100_t1107
1205,q100_t1107
1205,q100_t1108
1206,q100_t1108
1206,q100_t1109
1206,q49_t1108
1206,q49_t1109
1207,q100_t1109
1207,q100_t1110
1208,q100_t1110
1208,q100_t1111
1209,q100_t1111
1209,q100_t1112
1209,q50_t1111
1209,q50_t1112
1210,q100_t1112
1210,q100_t1113
1211,q100_t1113
1211,q100_t1114
1212,q100_t1114
1212,q100_t1115
1212,q51_t1114
1212,q51_t1115
1213,q100_t1115
1213,q100_t1116
1214,q100_t1116
1214,q100_t1117
1215,q100_t1117
1215,q100_t1118
1215,q52_t1117
1215,q52_t1118
1216,q100_t1118
1216,q100_t1119
1217,q100_t1119
1217,q100_t1120
1218,q100_t1120
1218,q100_t1121
1218,q53_t1120
1218,q53_t1121
1219,q100_t1121
1219,q100_t1122
1220,q100_t1122
1220,q100_t1123
1221,q100_t1123
1221,q100_t1124
1221,q54_t1123
1221,q54_t1124
1222,q100_t1124
1222,q100_t1125
1223,q100_t1125
1223,q100_t1126
1224,q100_t1126
1224,q100_t1127
1224,q55_t1126
1224,q55_t1127
1225,q100_t1127
1225,q100_t1128
1226,q100_t1128
1226,q100_t1129
1227,q100_t1129
1227,q100_t1130
1227,q56_t1129
1227,q56_t1130
1228,q100_t1130
1228,q100_t1131
1229,q100_t1131
1229,q100_t1132
1230,q100_t1132
1230,q100_t1133
1230,q57_t1132
1230,q57_t1133
1231,q100_t1133
1231,q100_t1134
1232,q100_t1134
1232,q100_t1135
1233,q100_t1135
1233,q100_t1136
1233,q58_t1135
1233,q58_t1136
1234,q100_t1136
1234,q100_t1137
1235,q100_t1137
1235,q100_t1138
1236,q100_t1138
1236,q100_t1139
1236,q59_t1138
1236,q59_t1139
1237,q100_t1139
1237,q100_t1140
1238,q100_t1140
1238,q100_t1141
1239,q100_t1141
1239,q100_t1142
1239,q60_t1141
1239,q60_t1142
1240,q100_t1142
1240,q100_t1143
1241,q100_t1143
1241,q100_t1144
1242,q100_t1144
1242,q100_t1145
1242,q61_t1144
1242,q61_t1145
1243,q100_t1145
1243,q100_t1146
1244,q100_t1146
1244,q100_t1147
1245,q100_t1147
1245,q100_t1148
1245,q62_t1147
1245,q62_t1148
1246,q100_t1148
1246,q100_t1149
1247,q100_t1149
1247,q100_t1150
1248,q100_t1150
1248,q100_t1151
1248,q63_t1150
1248,q63_t1151
1249,q100_t1151
1249,q100_t1152
1250,q100_t1152
1250,q100_t1153
1251,q100_t1153
1251,q100_t1154
1251,q64_t1153
1251,q64_t1154
1252,q100_t1154
1252,q100_t1155
1253,q100_t1155
1253,q100_t1156
1254,q100_t1156
1254,q100_t1157
1254,q65_t1156
1254,q65_t1157
1255,q100_t1157
1255,q100_t1158
1256,q100_t1158
1256,q100_t1159
1257,q100_t1159
1257,q100_t1160
1257,q66_t1159
1257,q66_t1160
1258,q100_t1160
1258,q100_t1161
1259,q100_t1161
1259,q100_t1162
1260,q100_t1162
1260,q100_t1163
1260,q67_t1162
1260,q67_t1163
1261,q100_t1163
1261,q100_t1164
1262,q100_t1164
1262,q100_t1165
1263,q100_t1165
1263,q100_t1166
1263,q68_t1165
1263,q68_t1166
1264,q100_t1166
1264,q100_t1167
1265,q100_t1167
1265,q100_t1168
1266,q100_t1168
1266,q100_t1169
1266,q69_t1168
1266,q69_t1169
1267,q100_t1169
1267,q100_t1170
1268,q100_t1170
1268,q100_t1171
1269,q100_t1171
1269,q100_t1172
1269,q70_t1171
1269,q70_t1172
1270,q100_t1172
1270,q100_t1173
1271,q100_t1173
1271,q100_t1174
1272,q100_t1174
1272,q100_t1175
1272,q71_t1174
1272,q71_t1175
1273,q100_t1175
1273,q100_t1176
1274,q100_t1176
1274,q100_t1177
1275,q100_t1177
1275,q100_t1178
1275,q72_t1177
1275,q72_t1178
1276,q100_t1178
1276,q100_t1179
1277,q100_t1179
1277,q100_t1180
1278,q100_t1180
1278,q100_t1181
1278,q73_t1180
1278,q73_t1181
1279,q100_t1181
1279,q100_t1182
1280,q100_t1182
1280,q100_t1183
1281,q100_t1183
1281,q100_t1184
1281,q74_t1183
1281,q74_t1184
1282,q100_t1184
1282,q100_t1185
1283,q100_t1185
1283,q100_t1186
1284,q100_t1186
1284,q100_t1187
1284,q75_t1186
1284,q75_t1187
1285,q100_t1187
1285,q100_t1188
1286,q100_t1188
1286,q100_t1189
1287,q100_t1189
1287,q100_t1190
1287,q76_t1189
1287,q76_t1190
1288,q100_t1190
1288,q100_t1191
1289,q100_t1191
1289,q100_t1192
1290,q100_t1192
1290,q100_t1193
1290,q77_t1192
1290,q77_t1193
1291,q100_t1193
1291,q100_t1194
1292,q100_t1194
1292,q100_t1195
1293,q100_t1195
1293,q100_t1196
1293,q78_t1195
1293,q78_t1196
1294,q100_t1196
1294,q100_t1197
1295,q100_t1197
1295,q100_t1198
1296,q100_t1198
1296,q100_t1199
1296,q79_t1198
1296,q79_t1199
1297,q100_t1199
1297,q100_t1200
1298,q100_t1200
1298,q100_t1201
1299,q100_t1201
1299,q100_t1202
1299,q80_t1201
1299,q80_t1202
1300,q100_t1202
1300,q100_t1203
1301,q100_t1203
1301,q100_t1204
1302,q100_t1204
1302,q100_t1205
1302,q81_t1204
1302,q81_t1205
1303,q100_t1205
1303,q100_t1206
1304,q100_t1206
1304,q100_t1207
1305,q100_t1207
1305,q100_t1208
1305,q82_t1207
1305,q82_t1208
1306,q100_t1208
1306,q100_t1209
1307,q100_t1209
1307,q100_t1210
1308,q100_t1210
1308,q100_t1211
1308,q83_t1210
1308,q83_t1211
1309,q100_t1211
1309,q100_t1212
1310,q100_t1212
1310,q100_t1213
1311,q100_t1213
1311,q100_t1214
1311,q84_t1213
1311,q84_t1214
1312,q100_t1214
1312,q100_t1215
1313,q100_t1215
1313,q100_t1216
1314,q100_t1216
1314,q100_t1217
1314,q85_t1216
1314,q85_t1217
1315,q100_t1217
1315,q100_t1218
1316,q100_t1218
1316,q100_t1219
1317,q100_t1219
1317,q100_t1220
1317,q86_t1219
1317,q86_t1220
1318,q100_t1220
1318,q100_t1221
1319,q100_t1221
1319,q100_t1222
1320,q100_t1222
1320,q100_t1223
1320,q87_t1222
1320,q87_t1223
1321,q100_t1223
1321,q100_t1224
1322,q100_t1224
1322,q100_t1225
1323,q100_t1225
1323,q100_t1226
1323,q88_t1225
1323,q88_t1226
1324,q100_t1226
1324,q100_t1227
1325,q100_t1227
1325,q100_t1228
1326,q100_t1228
1326,q100_t1229
1326,q89_t1228
1326,q89_t1229
1327,q100_t1229
1327,q100_t1230
1328,q100_t1230
1328,q100_t1231
1329,q100_t1231
1329,q100_t1232
1329,q90_t1231
1329,q90_t1232
1330,q100_t1232
1330,q100_t1233
1331,q100_t1233
1331,q100_t1234
1332,q100_t1234
1332,q100_t1235
1332,q91_t1234
1332,q91_t1235
1333,q100_t1235
1333,q100_t1236
1334,q100_t1236
1334,q100_t1237
1335,q100_t1237
1335,q100_t1238
1335,q92_t1237
1335,q92_t1238
1336,q100_t1238
1336,q100_t1239
1337,q100_t1239
1337,q100_t1240
1338,q100_t1240
1338,q100_t1241
1338,q93_t1240
1338,q93_t1241
1339,q100_t1241
1339,q100_t1242
1340,q100_t1242
1340,q100_t1243
1341,q100_t1243
1341,q100_t1244
1341,q94_t1243
1341,q94_t1244
1342,q100_t1244
1342,q100_t1245
1343,q100_t1245
1343,q100_t1246
1344,q100_t1246
1344,q100_t1247
1344,q95_t1246
1344,q95_t1247
1345,q100_t1247
1345,q100_t1248
1346,q100_t1248
1346,q100_t1249
1347,q100_t1249
1347,q100_t1250
1347,q96_t1249
1347,q96_t1250
1348,q100_t1250
1348,q100_t1251
1349,q100_t1251
1349,q100_t1252
1350,q100_t1252
1350,q100_t1253
1350,q97_t1252
1350,q97_t1253
1351,q100_t1253
1351,q100_t1254
1352,q100_t1254
1352,q100_t1255
1353,q100_t1255
1353,q100_t1256
1353,q98_t1255
1353,q98_t1256
1354,q100_t1256
1354,q100_t1257
1355,q100_t1257
1355,q100_t1258
1356,q100_t1258
1356,q100_t1259
1356,q99_t1258
1356,q99_t1259
1357,q100_t1259
1357,q100_t1260
1358,q100_t1260
1358,q100_t1264
1359,q100_t1264
1359,q100_t1265
1359,q101_t1264
1359,q101_t1265
1360,q100_t1265
1360,q100_t1266
1361,q100_t1266
1361,q100_t1267
1362,q100_t1267
1362,q100_t1268
1362,q102_t1267
1362,q102_t1268
1363,q100_t1268
1363,q100_t1269
1364,q100_t1269
1364,q100_t1270
1365,q100_t1270
1365,q100_t1271
1365,q103_t1270
1365,q103_t1271
1366,q100_t1271
1366,q100_t1272
1367,q100_t1272
1367,q100_t1273
1368,q100_t1273
1368,q100_t1274
1368,q104_t1273
1368,q104_t1274
1369,q100_t1274
1369,q100_t1275
1370,q100_t1275
1370,q100_t1276
1371,q100_t1276
1371,q100_t1277
1371,q105_t1276
1371,q105_t1277
1372,q100_t1277
1372,q100_t1278
1373,q100_t1278
1373,q100_t1279
1374,q100_t1279
1374,q100_t1280
1374,q106_t1279
1374,q106_t1280
1375,q100_t1280
1375,q100_t1281
1376,q100_t1281
1376,q100_t1282
1377,q100_t1282
1377,q100_t1283
1377,q107_t1282
1377,q107_t1283
1378,q100_t1283
1378,q100_t1284
1379,q100_t1284
1379,q100_t1285
1380,q100_t1285
1380,q100_t1286
1380,q108_t1285
1380,q108_t1286
1381,q100_t1286
1381,q100_t1287
1382,q100_t1287
1382,q100_t1288
1383,q100_t1288
1383,q100_t1289
1383,q109_t1288
1383,q109_t1289
1384,q100_t1289
1384,q100_t1290
1385,q100_t1290
1385,q100_t1291
1386,q100_t300
1386,q100_t301
1387,q100_t301
1387,q100_t302
1388,q100_t302
1388,q100_t303
1388,q1_t302
1388,q1_t303
1389,q100_t303
1389,q100_t304
1390,q100_t304
1390,q100_t305
1391,q100_t305
1391,q100_t306
1391,q2_t305
1391,q2_t306
1392,q100_t306
1392,q100_t307
1393,q100_t307
1393,q100_t308
1394,q100_t308
1394,q100_t309
1394,q3_t308
1394,q3_t309
1395,q100_t309
1395,q100_t310
1396,q100_t310
1396,q100_t311
1397,q100_t311
1397,q100_t312
1397,q4_t311
1397,q4_t312
1398,q100_t312
1398,q100_t313
1399,q100_t313
1399,q100_t314
1400,q100_t314
1400,q100_t315
1400,q5_t314
1400,q5_t315
1401,q100_t315
1401,q100_t316
1402,q100_t316
1402,q100_t317
1403,q100_t317
1403,q100_t318
1403,q6_t317
1403,q6_t318
1404,q100_t318
1404,q100_t319
1405,q100_t319
1405,q100_t320
1406,q100_t320
1406,q100_t321
1406,q7_t320
1406,q7_t321
1407,q100_t321
1407,q100_t322
1408,q100_t322
1408,q100_t323
1409,q100_t323
1409,q100_t324
1409,q8_t323
1409,q8_t324
1410,q100_t324
1410,q100_t325
1411,q100_t325
1411,q100_t326
1412,q100_t326
1412,q100_t327
1412,q9_t326
1412,q9_t327
1413,q100_t327
1413,q100_t328
1414,q100_t328
1414,q100_t329
1415,q100_t329
1415,q100_t330
1415,q10_t329
1415,q10_t330
1416,q100_t330
1416,q100_t331
1417,q100_t331
1417,q100_t332
1418,q100_t332
1418,q100_t333
1418,q11_t332
1418,q11_t333
1419,q100_t333
1419,q100_t334
1420,q100_t334
1420,q100_t335
1421,q100_t335
1421,q100_t336
1421,q12_t335
1421,q12_t336
1422,q100_t336
1422,q100_t337
1423,q100_t337
1423,q100_t338
1424,q100_t338
1424,q100_t339
1424,q13_t338
1424,q13_t339
1425,q100_t339
1425,q100_t340
1426,q100_t340
1426,q100_t341
1427,q100_t341
1427,q100_t342
1427,q14_t341
1427,q14_t342
1428,q100_t342
1428,q100_t343
1429,q100_t343
1429,q100_t344
1430,q100_t344
1430,q100_t345
1430,q15_t344
1430,q15_t345
1431,q100_t345
1431,q100_t346
1432,q100_t346
1432,q100_t347
1433,q100_t347
1433,q100_t348
1433,q16_t347
1433,q16_t348
1434,q100_t348
1434,q100_t349
1435,q100_t349
1435,q100_t350
1436,q100_t350
1436,q100_t351
1436,q17_t350
1436,q17_t351
1437,q100_t351
1437,q100_t352
1438,q100_t352
1438,q100_t353
1439,q100_t353
1439,q100_t354
1439,q18_t353
1439,q18_t354
1440,q100_t354
1440,q100_t355
1441,q100_t355
1441,q100_t356
1442,q100_t356
1442,q100_t357
1442,q19_t356
1442,q19_t357
1443,q100_t357
1443,q100_t358
1444,q100_t358
1444,q100_t359
1445,q100_t359
1445,q100_t360
1445,q20_t359
1445,q20_t360
1446,q100_t360
1446,q100_t361
1447,q100_t361
1447,q100_t362
1448,q100_t362
1448,q100_t363
1448,q21_t362
1448,q21_t363
1449,q100_t363
1449,q100_t364
1450,q100_t364
1450,q100_t365
1451,q100_t365
1451,q100_t366
1451,q22_t365
1451,q22_t366
1452,q100_t366
1452,q100_t367
1453,q100_t367
1453,q100_t368
1454,q100_t368
1454,q100_t369
1454,q23_t368
1454,q23_t369
1455,q100_t369
1455,q100_t370
1456,q100_t370
1456,q100_t371
1457,q100_t371
1457,q100_t372
1457,q24_t371
1457,q24_t372
1458,q100_t372
1458,q100_t373
1459,q100_t373
1459,q100_t374
1460,q100_t374
1460,q100_t375
1460,q25_t374
1460,q25_t375
1461,q100_t375
1461,q100_t376
1462,q100_t376
1462,q100_t377
1463,q100_t377
1463,q100_t378
1463,q26_t377
1463,q26_t378
1464,q100_t378
1464,q100_t379
1465,q100_t379
1465,q100_t380
1466,q100_t380
1466,q100_t381
1466,q27_t380
1466,q27_t381
1467,q100_t381
1467,q100_t382
1468,q100_t382
1468,q100_t383
1469,q100_t383
1469,q100_t384
1469,q28_t383
1469,q28_t384
1470,q100_t384
1470,q100_t385
1471,q100_t385
1471,q100_t386
1472,q100_t386
1472,q100_t387
1472,q29_t386
1472,q29_t387
1473,q100_t387
1473,q100_t388
1474,q100_t388
1474,q100_t389
1475,q100_t389
1475,q100_t390
1475,q30_t389
1475,q30_t390
1476,q100_t390
1476,q100_t391
1477,q100_t391
1477,q100_t392
1478,q100_t392
1478,q100_t393
1478,q31_t392
1478,q31_t393
1479,q100_t393
1479,q100_t394
1480,q100_t394
1480,q100_t395
1481,q100_t395
1481,q100_t396
1481,q32_t395
1481,q32_t396
1482,q100_t396
1482,q100_t397
1483,q100_t397
1483,q100_t398
1484,q100_t398
1484,q100_t399
1484,q33_t398
1484,q33_t399
1485,q100_t399
1485,q100_t400
1486,q100_t400
1486,q100_t401
1487,q100_t401
1487,q100_t402
1487,q34_t401
1487,q34_t402
1488,q100_t402
1488,q100_t403
1489,q100_t403
1489,q100_t404
1490,q100_t404
1490,q100_t405
1490,q35_t404
1490,q35_t405
1491,q100_t405
1491,q100_t406
1492,q100_t406
1492,q100_t407
1493,q100_t407
1493,q100_t408
1493,q36_t407
1493,q36_t408
1494,q100_t408
1494,q100_t409
1495,q100_t409
1495,q100_t410
1496,q100_t410
1496,q100_t411
1496,q37_t410
1496,q37_t411
1497,q100_t411
1497,q100_t412
1498,q100_t412
1498,q100_t413
1499,q100_t413
1499,q100_t414
1499,q38_t413
1499,q38_t414
1500,q100_t414
1500,q100_t415
1501,q100_t415
1501,q100_t416
1502,q100_t416
1502,q100_t417
1502,q39_t416
1502,q39_t417
1503,q100_t417
1503,q100_t418
1504,q100_t418
1504,q100_t419
1505,q100_t419
1505,q100_t420
1505,q40_t419
1505,q40_t420
1506,q100_t420
1506,q100_t421
1507,q100_t421
1507,q100_t422
1508,q100_t422
1508,q100_t423
1508,q41_t422
1508,q41_t423
1509,q100_t423
1509,q100_t424
1510,q100_t424
1510,q100_t425
1511,q100_t425
1511,q100_t426
1511,q42_t425
1511,q42_t426
1512,q100_t426
1512,q100_t427
1513,q100_t427
1513,q100_t428
1514,q100_t428
1514,q100_t429
1514,q43_t428
1514,q43_t429
1515,q100_t429
1515,q100_t430
1516,q100_t430
1516,q100_t431
1517,q100_t431
1517,q100_t432
1517,q44_t431
1517,q44_t432
1518,q100_t432
1518,q100_t433
1519,q100_t433
1519,q100_t434
1520,q100_t434
1520,q100_t435
1520,q45_t434
1520,q45_t435
1521,q100_t435
1521,q100_t436
1522,q100_t436
1522,q100_t437
1523,q100_t437
1523,q100_t438
1523,q46_t437
1523,q46_t438
1524,q100_t438
1524,q100_t439
1525,q100_t439
1525,q100_t440
1526,q100_t440
1526,q100_t441
1526,q47_t440
1526,q47_t441
1527,q100_t441
1527,q100_t442
1528,q100_t442
1528,q100_t443
1529,q100_t443
1529,q100_t444
1529,q48_t443
1529,q48_t444
1530,q100_t444
1530,q100_t445
1531,q100_t445
1531,q100_t446
1532,q100_t446
1532,q100_t447
1532,q49_t446
1532,q49_t447
1533,q100_t447
1533,q100_t448
1534,q100_t448
1534,q100_t449
1535,q100_t449
1535,q100_t450
1535,q50_t449
1535,q50_t450
1536,q100_t450
1536,q100_t451
1537,q100_t451
1537,q100_t452
1538,q100_t452
1538,q100_t453
1538,q51_t452
1538,q51_t453
1539,q100_t453
1539,q100_t454
1540,q100_t454
1540,q100_t455
1541,q100_t455
1541,q100_t456
1541,q52_t455
1541,q52_t456
1542,q100_t456
1542,q100_t457
1543,q100_t457
1543,q100_t458
1544,q100_t458
1544,q100_t459
1544,q53_t458
1544,q53_t459
1545,q100_t459
1545,q100_t460
1546,q100_t460
1546,q100_t461
1547,q100_t461
1547,q100_t462
1547,q54_t461
1547,q54_t462
1548,q100_t462
1548,q100_t463
1549,q100_t463
1549,q100_t464
1550,q100_t464
1550,q100_t465
1550,q55_t464
1550,q55_t465
1551,q100_t465
1551,q100_t466
1552,q100_t466
1552,q100_t467
1553,q100_t467
1553,q100_t468
1553,q56_t467
1553,q56_t468
1554,q100_t468
1554,q100_t469
1555,q100_t469
1555,q100_t470
1556,q100_t470
1556,q100_t471
1556,q57_t470
1556,q57_t471
1557,q100_t471
1557,q100_t472
1558,q100_t472
1558,q100_t473
1559,q100_t473
1559,q100_t474
1559,q58_t473
1559,q58_t474
1560,q100_t474
1560,q100_t475
1561,q100_t475
1561,q100_t476
1562,q100_t476
1562,q100_t477
1562,q59_t476
1562,q59_t477
1563,q100_t477
1563,q100_t478
1564,q100_t478
1564,q100_t479
1565,q100_t479
1565,q100_t480
1565,q60_t479
1565,q60_t480
1566,q100_t480
1566,q100_t481
1567,q100_t481
1567,q100_t482
1568,q100_t482
1568,q100_t483
1568,q61_t482
1568,q61_t483
1569,q100_t483
1569,q100_t484
1570,q100_t484
1570,q100_t485
1571,q100_t485
1571,q100_t486
1571,q62_t485
1571,q62_t486
1572,q100_t486
1572,q100_t487
1573,q100_t487
1573,q100_t488
1574,q100_t488
1574,q100_t489
1574,q63_t488
1574,q63_t489
1575,q100_t489
1575,q100_t490
1576,q100_t490
1576,q100_t491
1577,q100_t491
1577,q100_t492
1577,q64_t491
1577,q64_t492
1578,q100_t492
1578,q100_t493
1579,q100_t493
1579,q100_t494
1580,q100_t494
1580,q100_t495
1580,q65_t494
1580,q65_t495
1581,q100_t495
1581,q100_t496
1582,q100_t496
1582,q100_t497
1583,q100_t497
1583,q100_t498
1583,q66_t497
1583,q66_t498
1584,q100_t498
1584,q100_t499
1585,q100_t499
1585,q100_t500
1586,q100_t500
1586,q100_t501
1586,q67_t500
1586,q67_t501
1587,q100_t501
1587,q100_t502
1588,q100_t502
1588,q100_t503
1589,q100_t503
1589,q100_t504
1589,q68_t503
1589,q68_t504
1590,q100_t504
1590,q100_t505
1591,q100_t505
1591,q100_t506
1592,q100_t506
1592,q100_t507
1592,q69_t506
1592,q69_t507
1593,q100_t507
1593,q100_t508
1594,q100_t508
1594,q100_t509
1595,q100_t509
1595,q100_t510
1595,q70_t509
1595,q70_t510
1596,q100_t510
1596,q100_t511
1597,q100_t511
1597,q100_t512
1598,q100_t512
1598,q100_t513
1598,q71_t512
1598,q71_t513
1599,q100_t513
1599,q100_t514
1600,q100_t514
1600,q100_t515
1601,q100_t515
1601,q100_t516
1601,q72_t515
1601,q72_t516
1602,q100_t516
1602,q100_t517
1603,q100_t517
1603,q100_t518
1604,q100_t518
1604,q100_t519
1604,q73_t518
1604,q73_t519
1605,q100_t519
1605,q100_t520
1606,q100_t520
1606,q100_t521
1607,q100_t521
1607,q100_t522
1607,q74_t521
1607,q74_t522
1608,q100_t522
1608,q100_t523
1609,q100_t523
1609,q100_t524
1610,q100_t524
1610,q100_t525
1610,q75_t524
1610,q75_t525
1611,q100_t525
1611,q100_t526
1612,q100_t526
1612,q100_t527
1613,q100_t527
1613,q100_t528
1613,q76_t527
1613,q76_t528
1614,q100_t528
1614,q100_t529
1615,q100_t529
1615,q100_t530
1616,q100_t530
1616,q100_t531
1616,q77_t530
1616,q77_t531
1617,q100_t531
1617,q100_t532
1618,q100_t532
1618,q100_t533
1619,q100_t533
1619,q100_t534
1619,q78_t533
1619,q78_t534
1620,q100_t534
1620,q100_t535
1621,q100_t535
1621,q100_t536
1622,q100_t536
1622,q100_t537
1622,q79_t536
1622,q79_t537
1623,q100_t537
1623,q100_t538
1624,q100_t538
1624,q100_t539
1625,q100_t539
1625,q100_t540
1625,q80_t539
1625,q80_t540
1626,q100_t540
1626,q100_t541
1627,q100_t541
1627,q100_t542
1628,q100_t542
1628,q100_t543
1628,q81_t542
1628,q81_t543
1629,q100_t543
1629,q100_t544
1630,q100_t544
1630,q100_t545
1631,q100_t545
1631,q100_t546
1631,q82_t545
1631,q82_t546
1632,q100_t546
1632,q100_t547
1633,q100_t547
1633,q100_t548
1634,q100_t548
1634,q100_t549
1634,q83_t548
1634,q83_t549
1635,q100_t549
1635,q100_t550
1636,q100_t550
1636,q100_t551
1637,q100_t551
1637,q100_t552
1637,q84_t551
1637,q84_t552
1638,q100_t552
1638,q100_t553
1639,q100_t553
1639,q100_t554
1640,q100_t554
1640,q100_t555
1640,q85_t554
1640,q85_t555
1641,q100_t555
1641,q100_t556
1642,q100_t556
1642,q100_t557
1643,q100_t557
1643,q100_t558
1643,q86_t557
1643,q86_t558
1644,q100_t558
1644,q100_t559
1645,q100_t559
1645,q100_t560
1646,q100_t560
1646,q100_t561
1646,q87_t560
1646,q87_t561
1647,q100_t561
1647,q100_t562
1648,q100_t562
1648,q100_t563
1649,q100_t563
1649,q100_t564
1649,q88_t563
1649,q88_t564
1650,q100_t564
1650,q100_t565
1651,q100_t565
1651,q100_t566
1652,q100_t566
1652,q100_t567
1652,q89_t566
1652,q89_t567
1653,q100_t567
1653,q100_t568
1654,q100_t568
1654,q100_t569
1655,q100_t569
1655,q100_t570
1655,q90_t569
1655,q90_t570
1656,q100_t570
1656,q100_t571
1657,q100_t571
1657,q100_t572
1658,q100_t572
1658,q100_t573
1658,q91_t572
1658,q91_t573
1659,q100_t573
1659,q100_t574
1660,q100_t574
1660,q100_t575
1661,q100_t575
1661,q100_t576
1661,q92_t575
1661,q92_t576
1662,q100_t576
1662,q100_t577
1663,q100_t577
1663,q100_t578
1664,q100_t578
1664,q100_t579
1664,q93_t578
1664,q93_t579
1665,q100_t579
1665,q100_t580
1666,q100_t580
1666,q100_t581
1667,q100_t581
1667,q100_t582
1667,q94_t581
1667,q94_t582
1668,q100_t582
1668,q100_t583
1669,q100_t583
1669,q100_t584
1670,q100_t584
1670,q100_t585
1670,q95_t584
1670,q95_t585
1671,q100_t585
1671,q100_t586
1672,q100_t586
1672,q100_t587
1673,q100_t587
1673,q100_t588
1673,q96_t587
1673,q96_t588
1674,q100_t588
1674,q100_t589
1675,q100_t589
1675,q100_t590
1676,q100_t590
1676,q100_t591
1676,q97_t590
1676,q97_t591
1677,q100_t591
1677,q100_t592
1678,q100_t592
1678,q100_t593
1679,q100_t593
1679,q100_t594
1679,q98_t593
1679,q98_t594
1680,q100_t594
1680,q100_t595
1681,q100_t595
1681,q100_t596
1682,q100_t596
1682,q100_t597
1682,q99_t596
1682,q99_t597
1683,q100_t597
1683,q100_t598
1684,q100_t598
1684,q100_t602
1685,q100_t602
1685,q100_t603
1685,q101_t602
1685,q101_t603
1686,q100_t603
1686,q100_t604
1687,q100_t604
1687,q100_t605
1688,q100_t605
1688,q100_t606
1688,q102_t605
1688,q102_t606
1689,q100_t606
1689,q100_t607
1690,q100_t607
1690,q100_t608
1691,q100_t608
1691,q100_t609
1691,q103_t608
1691,q103_t609
1692,q100_t609
1692,q100_t610
1693,q100_t610
1693,q100_t611
1694,q100_t611
1694,q100_t612
1694,q104_t611
1694,q104_t612
1695,q100_t612
1695,q100_t613
1696,q100_t613
1696,q100_t614
1697,q100_t614
1697,q100_t615
1697,q105_t614
1697,q105_t615
1698,q100_t615
1698,q100_t616
1699,q100_t616
1699,q100_t617
1700,q100_t617
1700,q100_t618
1700,q106_t617
1700,q106_t618
1701,q100_t618
1701,q100_t619
1702,q100_t619
1702,q100_t620
1703,q100_t620
1703,q100_t621
1703,q107_t620
1703,q107_t621
1704,q100_t621
1704,q100_t622
1705,q100_t622
1705,q100_t623
1706,q100_t623
1706,q100_t624
1706,q108_t623
1706,q108_t624
1707,q100_t624
1707,q100_t625
1708,q100_t625
1708,q100_t626
1709,q100_t626
1709,q100_t627
1709,q109_t626
1709,q109_t627
1710,q100_t627
1710,q100_t628
1711,q100_t628
1711,q100_t629
1712,q100_t629
1712,q100_t630
1713,q100_t631
1713,q100_t632
1714,q100_t632
1714,q100_t633
1715,q100_t633
1715,q100_t634
1715,q1_t633
1715,q1_t634
1716,q100_t634
1716,q100_t635
1717,q100_t635
1717,q100_t636
1718,q100_t636
1718,q100_t637
1718,q2_t636
1718,q2_t637
1719,q100_t637
1719,q100_t638
1720,q100_t638
1720,q100_t639
1721,q100_t639
1721,q100_t640
1721,q3_t639
1721,q3_t640
1722,q100_t640
1722,q100_t641
1723,q100_t641
1723,q100_t642
1724,q100_t642
1724,q100_t643
1724,q4_t642
1724,q4_t643
1725,q100_t643
1725,q100_t644
1726,q100_t644
1726,q100_t645
1727,q100_t645
1727,q100_t646
1727,q5_t645
1727,q5_t646
1728,q100_t646
1728,q100_t647
1729,q100_t647
1729,q100_t648
1730,q100_t648
1730,q100_t649
1730,q6_t648
1730,q6_t649
1731,q100_t649
1731,q100_t650
1732,q100_t650
1732,q100_t651
1733,q100_t651
1733,q100_t652
1733,q7_t651
1733,q7_t652
1734,q100_t652
1734,q100_t653
1735,q100_t653
1735,q100_t654
1736,q100_t654
1736,q100_t655
1736,q8_t654
1736,q8_t655
1737,q100_t655
1737,q100_t656
1738,q100_t656
1738,q100_t657
1739,q100_t657
1739,q100_t658
1739,q9_t657
1739,q9_t658
1740,q100_t658
1740,q100_t659
1741,q100_t659
1741,q100_t660
1742,q100_t660
1742,q100_t661
1742,q10_t660
1742,q10_t661
1743,q100_t661
1743,q100_t662
1744,q100_t662
1744,q100_t663
1745,q100_t663
1745,q100_t664
1745,q11_t663
1745,q11_t664
1746,q100_t664
1746,q100_t665
1747,q100_t665
1747,q100_t666
1748,q100_t666
1748,q100_t667
1748,q12_t666
1748,q12_t667
1749,q100_t667
1749,q100_t668
1750,q100_t668
1750,q100_t669
1751,q100_t669
1751,q100_t670
1751,q13_t669
1751,q13_t670
1752,q100_t670
1752,q100_t671
1753,q100_t671
1753,q100_t672
1754,q100_t672
1754,q100_t673
1754,q14_t672
1754,q14_t673
1755,q100_t673
1755,q100_t674
1756,q100_t674
1756,q100_t675
1757,q100_t675
1757,q100_t676
1757,q15_t675
1757,q15_t676
1758,q100_t676
1758,q100_t677
1759,q100_t677
1759,q100_t678
1760,q100_t678
1760,q100_t679
1760,q16_t678
1760,q16_t679
1761,q100_t679
1761,q100_t680
1762,q100_t680
1762,q100_t681
1763,q100_t681
1763,q100_t682
1763,q17_t681
1763,q17_t682
1764,q100_t682
1764,q100_t683
1765,q100_t683
1765,q100_t684
1766,q100_t684
1766,q100_t685
1766,q18_t684
1766,q18_t685
1767,q100_t685
1767,q100_t686
1768,q100_t686
1768,q100_t687
1769,q100_t687
1769,q100_t688
1769,q19_t687
1769,q19_t688
1770,q100_t688
1770,q100_t689
1771,q100_t689
1771,q100_t690
1772,q100_t690
1772,q100_t691
1772,q20_t690
1772,q20_t691
1773,q100_t691
1773,q100_t692
1774,q100_t692
1774,q100_t693
1775,q100_t693
1775,q100_t694
1775,q21_t693
1775,q21_t694
1776,q100_t694
1776,q100_t695
1777,q100_t695
1777,q100_t696
1778,q100_t696
1778,q100_t697
1778,q22_t696
1778,q22_t697
1779,q100_t697
1779,q100_t698
1780,q100_t698
1780,q100_t699
1781,q100_t699
1781,q100_t700
1781,q23_t699
1781,q23_t700
1782,q100_t700
1782,q100_t701
1783,q100_t701
1783,q100_t702
1784,q100_t702
1784,q100_t703
1784,q24_t702
1784,q24_t703
1785,q100_t703
1785,q100_t704
1786,q100_t704
1786,q100_t705
1787,q100_t705
1787,q100_t706
1787,q25_t705
1787,q25_t706
1788,q100_t706
1788,q100_t707
1789,q100_t707
1789,q100_t708
1790,q100_t708
1790,q100_t709
1790,q26_t708
1790,q26_t709
1791,q100_t709
1791,q100_t710
1792,q100_t710
1792,q100_t711
1793,q100_t711
1793,q100_t712
1793,q27_t711
1793,q27_t712
1794,q100_t712
1794,q100_t713
1795,q100_t713
1795,q100_t714
1796,q100_t714
1796,q100_t715
1796,q28_t714
1796,q28_t715
1797,q100_t715
1797,q100_t716
1798,q100_t716
1798,q100_t717
1799,q100_t717
1799,q100_t718
1799,q29_t717
1799,q29_t718
1800,q100_t718
1800,q100_t719
1801,q100_t719
1801,q100_t720
1802,q100_t720
1802,q100_t721
1802,q30_t720
1802,q30_t721
1803,q100_t721
1803,q100_t722
1804,q100_t722
1804,q100_t723
1805,q100_t723
1805,q100_t724
1805,q31_t723
1805,q31_t724
1806,q100_t724
1806,q100_t725
1807,q100_t725
1807,q100_t726
1808,q100_t726
1808,q100_t727
1808,q32_t726
1808,q32_t727
1809,q100_t727
1809,q100_t728
1810,q100_t728
1810,q100_t729
1811,q100_t729
1811,q100_t730
1811,q33_t729
1811,q33_t730
1812,q100_t730
1812,q100_t731
1813,q100_t731
1813,q100_t732
1814,q100_t732
1814,q100_t733
1814,q34_t732
1814,q34_t733
1815,q100_t733
1815,q100_t734
1816,q100_t734
1816,q100_t735
1817,q100_t735
1817,q100_t736
1817,q35_t735
1817,q35_t736
1818,q100_t736
1818,q100_t737
1819,q100_t737
1819,q100_t738
1820,q100_t738
1820,q100_t739
1820,q36_t738
1820,q36_t739
1821,q100_t739
1821,q100_t740
1822,q100_t740
1822,q100_t741
1823,q100_t741
1823,q100_t742
1823,q37_t741
1823,q37_t742
1824,q100_t742
1824,q100_t743
1825,q100_t743
1825,q100_t744
1826,q100_t744
1826,q100_t745
1826,q38_t744
1826,q38_t745
1827,q100_t745
1827,q100_t746
1828,q100_t746
1828,q100_t747
1829,q100_t747
1829,q100_t748
1829,q39_t747
1829,q39_t748
1830,q100_t748
1830,q100_t749
1831,q100_t749
1831,q100_t750
1832,q100_t750
1832,q100_t751
1832,q40_t750
1832,q40_t751
1833,q100_t751
1833,q100_t752
1834,q100_t752
1834,q100_t753
1835,q100_t753
1835,q100_t754
1835,q41_t753
1835,q41_t754
1836,q100_t754
1836,q100_t755
1837,q100_t755
1837,q100_t756
1838,q100_t756
1838,q100_t757
1838,q42_t756
1838,q42_t757
1839,q100_t757
1839,q100_t758
1840,q100_t758
1840,q100_t759
1841,q100_t759
1841,q100_t760
1841,q43_t759
1841,q43_t760
1842,q100_t760
1842,q100_t761
1843,q100_t761
1843,q100_t762
1844,q100_t762
1844,q100_t763
1844,q44_t762
1844,q44_t763
1845,q100_t763
1845,q100_t764
1846,q100_t764
1846,q100_t765
1847,q100_t765
1847,q100_t766
1847,q45_t765
1847,q45_t766
1848,q100_t766
1848,q100_t767
1849,q100_t767
1849,q100_t768
1850,q100_t768
1850,q100_t769
1850,q46_t768
1850,q46_t769
1851,q100_t769
1851,q100_t770
1852,q100_t770
1852,q100_t771
1853,q100_t771
1853,q100_t772
1853,q47_t771
1853,q47_t772
1854,q100_t772
1854,q100_t773
1855,q100_t773
1855,q100_t774
1856,q100_t774
1856,q100_t775
1856,q48_t774
1856,q48_t775
1857,q100_t775
1857,q100_t776
1858,q100_t776
1858,q100_t777
1859,q100_t777
1859,q100_t778
1859,q49_t777
1859,q49_t778
1860,q100_t778
1860,q100_t779
1861,q100_t779
1861,q100_t780
1862,q100_t780
1862,q100_t781
1862,q50_t780
1862,q50_t781
1863,q100_t781
1863,q100_t782
1864,q100_t782
1864,q100_t783
1865,q100_t783
1865,q100_t784
1865,q51_t783
1865,q51_t784
1866,q100_t784
1866,q100_t785
1867,q100_t785
1867,q100_t786
1868,q100_t786
1868,q100_t787
1868,q52_t786
1868,q52_t787
1869,q100_t787
1869,q100_t788
1870,q100_t788
1870,q100_t789
1871,q100_t789
1871,q100_t790
1871,q53_t789
1871,q53_t790
1872,q100_t790
1872,q100_t791
1873,q100_t791
1873,q100_t792
1874,q100_t792
1874,q100_t793
1874,q54_t792
1874,q54_t793
1875,q100_t793
1875,q100_t794
1876,q100_t794
1876,q100_t795
1877,q100_t795
1877,q100_t796
1877,q55_t795
1877,q55_t796
1878,q100_t796
1878,q100_t797
1879,q100_t797
1879,q100_t798
1880,q100_t798
1880,q100_t799
1880,q56_t798
1880,q56_t799
1881,q100_t799
1881,q100_t800
1882,q100_t800
1882,q100_t801
1883,q100_t801
1883,q100_t802
1883,q57_t801
1883,q57_t802
1884,q100_t802
1884,q100_t803
1885,q100_t803
1885,q100_t804
1886,q100_t804
1886,q100_t805
1886,q58_t804
1886,q58_t805
1887,q100_t805
1887,q100_t806
1888,q100_t806
1888,q100_t807
1889,q100_t807
1889,q100_t808
1889,q59_t807
1889,q59_t808
1890,q100_t808
1890,q100_t809
1891,q100_t809
1891,q100_t810
1892,q100_t810
1892,q100_t811
1892,q60_t810
1892,q60_t811
1893,q100_t811
1893,q100_t812
1894,q100_t812
1894,q100_t813
1895,q100_t813
1895,q100_t814
1895,q61_t813
1895,q61_t814
1896,q100_t814
1896,q100_t815
1897,q100_t815
1897,q100_t816
1898,q100_t816
1898,q100_t817
1898,q62_t816
1898,q62_t817
1899,q100_t817
1899,q100_t818
1900,q100_t818
1900,q100_t819
1901,q100_t819
1901,q100_t820
1901,q63_t819
1901,q63_t820
1902,q100_t820
1902,q100_t821
1903,q100_t821
1903,q100_t822
1904,q100_t822
1904,q100_t823
1904,q64_t822
1904,q64_t823
1905,q100_t823
1905,q100_t824
1906,q100_t824
1906,q100_t825
1907,q100_t825
1907,q100_t826
1907,q65_t825
1907,q65_t826
1908,q100_t826
1908,q100_t827
1909,q100_t827
1909,q100_t828
1910,q100_t828
1910,q100_t829
1910,q66_t828
1910,q66_t829
1911,q100_t829
1911,q100_t830
1912,q100_t830
1912,q100_t831
1913,q100_t831
1913,q100_t832
1913,q67_t831
1913,q67_t832
1914,q100_t832
1914,q100_t833
1915,q100_t833
1915,q100_t834
1916,q100_t834
1916,q100_t835
1916,q68_t834
1916,q68_t835
1917,q100_t835
1917,q100_t836
1918,q100_t836
1918,q100_t837
1919,q100_t837
1919,q100_t838
1919,q69_t837
1919,q69_t838
1920,q100_t838
1920,q100_t839
1921,q100_t839
1921,q100_t840
1922,q100_t840
1922,q100_t841
1922,q70_t840
1922,q70_t841
1923,q100_t841
1923,q100_t842
1924,q100_t842
1924,q100_t843
1925,q100_t843
1925,q100_t844
1925,q71_t843
1925,q71_t844
1926,q100_t844
1926,q100_t845
1927,q100_t845
1927,q100_t846
1928,q100_t846
1928,q100_t847
1928,q72_t846
1928,q72_t847
1929,q100_t847
1929,q100_t848
1930,q100_t848
1930,q100_t849
1931,q100_t849
1931,q100_t850
1931,q73_t849
1931,q73_t850
1932,q100_t850
1932,q100_t851
1933,q100_t851
1933,q100_t852
1934,q100_t852
1934,q100_t853
1934,q74_t852
1934,q74_t853
1935,q100_t853
1935,q100_t854
1936,q100_t854
1936,q100_t855
1937,q100_t855
1937,q100_t856
1937,q75_t855
1937,q75_t856
1938,q100_t856
1938,q100_t857
1939,q100_t857
1939,q100_t858
1940,q100_t858
1940,q100_t859
1940,q76_t858
1940,q76_t859
1941,q100_t859
1941,q100_t860
1942,q100_t860
1942,q100_t861
1943,q100_t861
1943,q100_t862
1943,q77_t861
1943,q77_t862
1944,q100_t862
1944,q100_t863
1945,q100_t863
1945,q100_t864
1946,q100_t864
1946,q100_t865
1946,q78_t864
1946,q78_t865
1947,q100_t865
1947,q100_t866
1948,q100_t866
1948,q100_t867
1949,q100_t867
1949,q100_t868
1949,q79_t867
1949,q79_t868
1950,q100_t868
1950,q100_t869
1951,q100_t869
1951,q100_t870
1952,q100_t870
1952,q100_t871
1952,q80_t870
1952,q80_t871
1953,q100_t871
1953,q100_t872
1954,q100_t872
1954,q100_t873
1955,q100_t873
1955,q100_t874
1955,q81_t873
1955,q81_t874
1956,q100_t874
1956,q100_t875
1957,q100_t875
1957,q100_t876
1958,q100_t876
1958,q100_t877
1958,q82_t876
1958,q82_t877
1959,q100_t877
1959,q100_t878
1960,q100_t878
1960,q100_t879
1961,q100_t879
1961,q100_t880
1961,q83_t879
1961,q83_t880
1962,q100_t880
1962,q100_t881
1963,q100_t881
1963,q100_t882
1964,q100_t882
1964,q100_t883
1964,q84_t882
1964,q84_t883
1965,q100_t883
1965,q100_t884
1966,q100_t884
1966,q100_t885
1967,q100_t885
1967,q100_t886
1967,q85_t885
1967,q85_t886
1968,q100_t886
1968,q100_t887
1969,q100_t887
1969,q100_t888
1970,q100_t888
1970,q100_t889
1970,q86_t888
1970,q86_t889
1971,q100_t889
1971,q100_t890
1972,q100_t890
1972,q100_t891
1973,q100_t891
1973,q100_t892
1973,q87_t891
1973,q87_t892
1974,q100_t892
1974,q100_t893
1975,q100_t893
1975,q100_t894
1976,q100_t894
1976,q100_t895
1976,q88_t894
1976,q88_t895
1977,q100_t895
1977,q100_t896
1978,q100_t896
1978,q100_t897
1979,q100_t897
1979,q100_t898
1979,q89_t897
1979,q89_t898
1980,q100_t898
1980,q100_t899
1981,q100_t899
1981,q100_t900
1982,q100_t900
1982,q100_t901
1982,q90_t900
1982,q90_t901
1983,q100_t901
1983,q100_t902
1984,q100_t902
1984,q100_t903
1985,q100_t903
1985,q100_t904
1985,q91_t903
1985,q91_t904
1986,q100_t904
1986,q100_t905
1987,q100_t905
1987,q100_t906
1988,q100_t906
1988,q100_t907
1988,q92_t906
1988,q92_t907
1989,q100_t907
1989,q100_t908
1990,q100_t908
1990,q100_t909
1991,q100_t909
1991,q100_t910
1991,q93_t909
1991,q93_t910
1992,q100_t910
1992,q100_t911
1993,q100_t911
1993,q100_t912
1994,q100_t912
1994,q100_t913
1994,q94_t912
1994,q94_t913
1995,q100_t913
1995,q100_t914
1996,q100_t914
1996,q100_t915
1997,q100_t915
1997,q100_t916
1997,q95_t915
1997,q95_t916
1998,q100_t916
1998,q100_t917
1999,q100_t917
1999,q100_t918
2000,q100_t918
2000,q100_t919
2000,q96_t918
2000,q96_t919
2001,q100_t919
2001,q100_t920
2002,q100_t920
2002,q100_t921
2003,q100_t921
2003,q100_t922
2003,q97_t921
2003,q97_t922
2004,q100_t922
2004,q100_t923
2005,q100_t923
2005,q100_t924
2006,q100_t924
2006,q100_t925
2006,q98_t924
2006,q98_t925
2007,q100_t925
2007,q100_t926
2008,q100_t926
2008,q100_t927
2009,q100_t927
2009,q100_t928
2009,q99_t927
2009,q99_t928
2010,q100_t928
2010,q100_t929
2011,q100_t929
2011,q100_t933
2012,q100_t933
2012,q100_t934
2012,q101_t933
2012,q101_t934
2013,q100_t934
2013,q100_t935
2014,q100_t935
2014,q100_t936
2015,q100_t936
2015,q100_t937
2015,q102_t936
2015,q102_t937
2016,q100_t937
2016,q100_t938
2017,q100_t938
2017,q100_t939
2018,q100_t939
2018,q100_t940
2018,q103_t939
2018,q103_t940
2019,q100_t940
2019,q100_t941
2020,q100_t941
2020,q100_t942
2021,q100_t942
2021,q100_t943
2021,q104_t942
2021,q104_t943
2022,q100_t943
2022,q100_t944
2023,q100_t944
2023,q100_t945
2024,q100_t945
2024,q100_t946
2024,q105_t945
2024,q105_t946
2025,q100_t946
2025,q100_t947
2026,q100_t947
2026,q100_t948
2027,q100_t948
2027,q100_t949
2027,q106_t948
2027,q106_t949
2028,q100_t949
2028,q100_t950
2029,q100_t950
2029,q100_t951
2030,q100_t951
2030,q100_t952
2030,q107_t951
2030,q107_t952
2031,q100_t952
2031,q100_t953
2032,q100_t953
2032,q100_t954
2033,q100_t954
2033,q100_t955
2033,q108_t954
2033,q108_t955
2034,q100_t955
2034,q100_t956
2035,q100_t956
2035,q100_t957
2036,q100_t957
2036,q100_t958
2036,q109_t957
2036,q109_t958
2037,q100_t958
2037,q100_t959
2038,q100_t959
2038,q100_t960
2039,q100_t960
2039,q100_t961
2040,q100_t962
2040,q100_t963
2041,q100_t963
2041,q100_t964
2042,q100_t964
2042,q100_t965
2042,q1_t964
2042,q1_t965
2043,q100_t965
2043,q100_t966
2044,q100_t966
2044,q100_t967
2045,q100_t967
2045,q100_t968
2045,q2_t967
2045,q2_t968
2046,q100_t968
2046,q100_t969
2047,q100_t969
2047,q100_t970
2048,q100_t970
2048,q100_t971
2048,q3_t970
2048,q3_t971
2049,q100_t971
2049,q100_t972
2050,q100_t972
2050,q100_t973
2051,q100_t973
2051,q100_t974
2051,q4_t973
2051,q4_t974
2052,q100_t974
2052,q100_t975
2053,q100_t975
2053,q100_t976
2054,q100_t976
2054,q100_t977
2054,q5_t976
2054,q5_t977
2055,q100_t977
2055,q100_t978
2056,q100_t978
2056,q100_t979
2057,q100_t979
2057,q100_t980
2057,q6_t979
2057,q6_t980
2058,q100_t980
2058,q100_t981
2059,q100_t981
2059,q100_t982
2060,q100_t982
2060,q100_t983
2060,q7_t982
2060,q7_t983
2061,q100_t983
2061,q100_t984
2062,q100_t984
2062,q100_t985
2063,q100_t985
2063,q100_t986
2063,q8_t985
2063,q8_t986
2064,q100_t986
2064,q100_t987
2065,q100_t987
2065,q100_t988
2066,q100_t988
2066,q100_t989
2066,q9_t988
2066,q9_t989
2067,q100_t989
2067,q100_t990
2068,q100_t990
2068,q100_t991
2069,q100_t991
2069,q100_t992
2069,q10_t991
2069,q10_t992
2070,q100_t992
2070,q100_t993
2071,q100_t993
2071,q100_t994
2072,q100_t994
2072,q100_t995
2072,q11_t994
2072,q11_t995
2073,q100_t995
2073,q100_t996
2074,q100_t996
2074,q100_t997
2075,q100_t997
2075,q100_t998
2075,q12_t997
2075,q12_t998
2076,q100_t998
2076,q100_t999
2077,q101_t0
2077,q101_t1
2078,q101_t1
2078,q101_t302
2079,q101_t1000
2079,q101_t1001
2079,q12_t1000
2079,q12_t1001
2080,q101_t1000
2080,q101_t999
2081,q101_t1001
2081,q101_t1002
2082,q101_t1002
2082,q101_t1003
2083,q101_t1003
2083,q101_t1004
2083,q13_t1003
2083,q13_t1004
2084,q101_t1004
2084,q101_t1005
2085,q101_t1005
2085,q101_t1006
2086,q101_t1006
2086,q101_t1007
2086,q14_t1006
2086,q14_t1007
2087,q101_t1007
2087,q101_t1008
2088,q101_t1008
2088,q101_t1009
2089,q101_t1009
2089,q101_t1010
2089,q15_t1009
2089,q15_t1010
2090,q101_t1010
2090,q101_t1011
2091,q101_t1011
2091,q101_t1012
2092,q101_t1012
2092,q101_t1013
2092,q16_t1012
2092,q16_t1013
2093,q101_t1013
2093,q101_t1014
2094,q101_t1014
2094,q101_t1015
2095,q101_t1015
2095,q101_t1016
2095,q17_t1015
2095,q17_t1016
2096,q101_t1016
2096,q101_t1017
2097,q101_t1017
2097,q101_t1018
2098,q101_t1018
2098,q101_t1019
2098,q18_t1018
2098,q18_t1019
2099,q101_t1019
2099,q101_t1020
2100,q101_t1020
2100,q101_t1021
2101,q101_t1021
2101,q101_t1022
2101,q19_t1021
2101,q19_t1022
2102,q101_t1022
2102,q101_t1023
2103,q101_t1023
2103,q101_t1024
2104,q101_t1024
2104,q101_t1025
2104,q20_t1024
2104,q20_t1025
2105,q101_t1025
2105,q101_t1026
2106,q101_t1026
2106,q101_t1027
2107,q101_t1027
2107,q101_t1028
2107,q21_t1027
2107,q21_t1028
2108,q101_t1028
2108,q101_t1029
2109,q101_t1029
2109,q101_t1030
2110,q101_t1030
2110,q101_t1031
2110,q22_t1030
2110,q22_t1031
2111,q101_t1031
2111,q101_t1032
2112,q101_t1032
2112,q101_t1033
2113,q101_t1033
2113,q101_t1034
2113,q23_t1033
2113,q23_t1034
2114,q101_t1034
2114,q101_t1035
2115,q101_t1035
2115,q101_t1036
2116,q101_t1036
2116,q101_t1037
2116,q24_t1036
2116,q24_t1037
2117,q101_t1037
2117,q101_t1038
2118,q101_t1038
2118,q101_t1039
2119,q101_t1039
2119,q101_t1040
2119,q25_t1039
2119,q25_t1040
2120,q101_t1040
2120,q101_t1041
2121,q101_t1041
2121,q101_t1042
2122,q101_t1042
2122,q101_t1043
2122,q26_t1042
2122,q26_t1043
2123,q101_t1043
2123,q101_t1044
2124,q101_t1044
2124,q101_t1045
2125,q101_t1045
2125,q101_t1046
2125,q27_t1045
2125,q27_t1046
2126,q101_t1046
2126,q101_t1047
2127,q101_t1047
2127,q101_t1048
2128,q101_t1048
2128,q101_t1049
2128,q28_t1048
2128,q28_t1049
2129,q101_t1049
2129,q101_t1050
2130,q101_t1050
2130,q101_t1051
2131,q101_t1051
2131,q101_t1052
2131,q29_t1051
2131,q29_t1052
2132,q101_t1052
2132,q101_t1053
2133,q101_t1053
2133,q101_t1054
2134,q101_t1054
2134,q101_t1055
2134,q30_t1054
2134,q30_t1055
2135,q101_t1055
2135,q101_t1056
2136,q101_t1056
2136,q101_t1057
2137,q101_t1057
2137,q101_t1058
2137,q31_t1057
2137,q31_t1058
2138,q101_t1058
2138,q101_t1059
2139,q101_t1059
2139,q101_t1060
2140,q101_t1060
2140,q101_t1061
2140,q32_t1060
2140,q32_t1061
2141,q101_t1061
2141,q101_t1062
2142,q101_t1062
2142,q101_t1063
2143,q101_t1063
2143,q101_t1064
2143,q33_t1063
2143,q33_t1064
2144,q101_t1064
2144,q101_t1065
2145,q101_t1065
2145,q101_t1066
2146,q101_t1066
2146,q101_t1067
2146,q34_t1066
2146,q34_t1067
2147,q101_t1067
2147,q101_t1068
2148,q101_t1068
2148,q101_t1069
2149,q101_t1069
2149,q101_t1070
2149,q35_t1069
2149,q35_t1070
2150,q101_t1070
2150,q101_t1071
2151,q101_t1071
2151,q101_t1072
2152,q101_t1072
2152,q101_t1073
2152,q36_t1072
2152,q36_t1073
2153,q101_t1073
2153,q101_t1074
2154,q101_t1074
2154,q101_t1075
2155,q101_t1075
2155,q101_t1076
2155,q37_t1075
2155,q37_t1076
2156,q101_t1076
2156,q101_t1077
2157,q101_t1077
2157,q101_t1078
2158,q101_t1078
2158,q101_t1079
2158,q38_t1078
2158,q38_t1079
2159,q101_t1079
2159,q101_t1080
2160,q101_t1080
2160,q101_t1081
2161,q101_t1081
2161,q101_t1082
2161,q39_t1081
2161,q39_t1082
2162,q101_t1082
2162,q101_t1083
2163,q101_t1083
2163,q101_t1084
2164,q101_t1084
2164,q101_t1085
2164,q40_t1084
2164,q40_t1085
2165,q101_t1085
2165,q101_t1086
2166,q101_t1086
2166,q101_t1087
2167,q101_t1087
2167,q101_t1088
2167,q41_t1087
2167,q41_t1088
2168,q101_t1088
2168,q101_t1089
2169,q101_t1089
2169,q101_t1090
2170,q101_t1090
2170,q101_t1091
2170,q42_t1090
2170,q42_t1091
2171,q101_t1091
2171,q101_t1092
2172,q101_t1092
2172,q101_t1093
2173,q101_t1093
2173,q101_t1094
2173,q43_t1093
2173,q43_t1094
2174,q101_t1094
2174,q101_t1095
2175,q101_t1095
2175,q101_t1096
2176,q101_t1096
2176,q101_t1097
2176,q44_t1096
2176,q44_t1097
2177,q101_t1097
2177,q101_t1098
2178,q101_t1098
2178,q101_t1099
2179,q101_t1099
2179,q101_t1100
2179,q45_t1099
2179,q45_t1100
2180,q101_t1100
2180,q101_t1101
2181,q101_t1101
2181,q101_t1102
2182,q101_t1102
2182,q101_t1103
2182,q46_t1102
2182,q46_t1103
2183,q101_t1103
2183,q101_t1104
2184,q101_t1104
2184,q101_t1105
2185,q101_t1105
2185,q101_t1106
2185,q47_t1105
2185,q47_t1106
2186,q101_t1106
2186,q101_t1107
2187,q101_t1107
2187,q101_t1108
2188,q101_t1108
2188,q101_t1109
2188,q48_t1108
2188,q48_t1109
2189,q101_t1109
2189,q101_t1110
2190,q101_t1110
2190,q101_t1111
2191,q101_t1111
2191,q101_t1112
2191,q49_t1111
2191,q49_t1112
2192,q101_t1112
2192,q101_t1113
2193,q101_t1113
2193,q101_t1114
2194,q101_t1114
2194,q101_t1115
2194,q50_t1114
2194,q50_t1115
2195,q101_t1115
2195,q101_t1116
2196,q101_t1116
2196,q101_t1117
2197,q101_t1117
2197,q101_t1118
2197,q51_t1117
2197,q51_t1118
2198,q101_t1118
2198,q101_t1119
2199,q101_t1119
2199,q101_t1120
2200,q101_t1120
2200,q101_t1121
2200,q52_t1120
2200,q52_t1121
2201,q101_t1121
2201,q101_t1122
2202,q101_t1122
2202,q101_t1123
2203,q101_t1123
2203,q101_t1124
2203,q53_t1123
2203,q53_t1124
2204,q101_t1124
2204,q101_t1125
2205,q101_t1125
2205,q101_t1126
2206,q101_t1126
2206,q101_t1127
2206,q54_t1126
2206,q54_t1127
2207,q101_t1127
2207,q101_t1128
2208,q101_t1128
2208,q101_t1129
2209,q101_t1129
2209,q101_t1130
2209,q55_t1129
2209,q55_t1130
2210,q101_t1130
2210,q101_t1131
2211,q101_t1131
2211,q101_t1132
2212,q101_t1132
2212,q101_t1133
2212,q56_t1132
2212,q56_t1133
2213,q101_t1133
2213,q101_t1134
2214,q101_t1134
2214,q101_t1135
2215,q101_t1135
2215,q101_t1136
2215,q57_t1135
2215,q57_t1136
2216,q101_t1136
2216,q101_t1137
2217,q101_t1137
2217,q101_t1138
2218,q101_t1138
2218,q101_t1139
2218,q58_t1138
2218,q58_t1139
2219,q101_t1139
2219,q101_t1140
2220,q101_t1140
2220,q101_t1141
2221,q101_t1141
2221,q101_t1142
2221,q59_t1141
2221,q59_t1142
2222,q101_t1142
2222,q101_t1143
2223,q101_t1143
2223,q101_t1144
2224,q101_t1144
2224,q101_t1145
2224,q60_t1144
2224,q60_t1145
2225,q101_t1145
2225,q101_t1146
2226,q101_t1146
2226,q101_t1147
2227,q101_t1147
2227,q101_t1148
2227,q61_t1147
2227,q61_t1148
2228,q101_t1148
2228,q101_t1149
2229,q101_t1149
2229,q101_t1150
2230,q101_t1150
2230,q101_t1151
2230,q62_t1150
2230,q62_t1151
2231,q101_t1151
2231,q101_t1152
2232,q101_t1152
2232,q101_t1153
2233,q101_t1153
2233,q101_t1154
2233,q63_t1153
2233,q63_t1154
2234,q101_t1154
2234,q101_t1155
2235,q101_t1155
2235,q101_t1156
2236,q101_t1156
2236,q101_t1157
2236,q64_t1156
2236,q64_t1157
2237,q101_t1157
2237,q101_t1158
2238,q101_t1158
2238,q101_t1159
2239,q101_t1159
2239,q101_t1160
2239,q65_t1159
2239,q65_t1160
2240,q101_t1160
2240,q101_t1161
2241,q101_t1161
2241,q101_t1162
2242,q101_t1162
2242,q101_t1163
2242,q66_t1162
2242,q66_t1163
2243,q101_t1163
2243,q101_t1164
2244,q101_t1164
2244,q101_t1165
2245,q101_t1165
2245,q101_t1166
2245,q67_t1165
2245,q67_t1166
2246,q101_t1166
2246,q101_t1167
2247,q101_t1167
2247,q101_t1168
2248,q101_t1168
2248,q101_t1169
2248,q68_t1168
2248,q68_t1169
2249,q101_t1169
2249,q101_t1170
2250,q101_t1170
2250,q101_t1171
2251,q101_t1171
2251,q101_t1172
2251,q69_t1171
2251,q69_t1172
2252,q101_t1172
2252,q101_t1173
2253,q101_t1173
2253,q101_t1174
2254,q101_t1174
2254,q101_t1175
2254,q70_t1174
2254,q70_t1175
2255,q101_t1175
2255,q101_t1176
2256,q101_t1176
2256,q101_t1177
2257,q101_t1177
2257,q101_t1178
2257,q71_t1177
2257,q71_t1178
2258,q101_t1178
2258,q101_t1179
2259,q101_t1179
2259,q101_t1180
2260,q101_t1180
2260,q101_t1181
2260,q72_t1180
2260,q72_t1181
2261,q101_t1181
2261,q101_t1182
2262,q101_t1182
2262,q101_t1183
2263,q101_t1183
2263,q101_t1184
2263,q73_t1183
2263,q73_t1184
2264,q101_t1184
2264,q101_t1185
2265,q101_t1185
2265,q101_t1186
2266,q101_t1186
2266,q101_t1187
2266,q74_t1186
2266,q74_t1187
2267,q101_t1187
2267,q101_t1188
2268,q101_t1188
2268,q101_t1189
2269,q101_t1189
2269,q101_t1190
2269,q75_t1189
2269,q75_t1190
2270,q101_t1190
2270,q101_t1191
2271,q101_t1191
2271,q101_t1192
2272,q101_t1192
2272,q101_t1193
2272,q76_t1192
2272,q76_t1193
2273,q101_t1193
2273,q101_t1194
2274,q101_t1194
2274,q101_t1195
2275,q101_t1195
2275,q101_t1196
2275,q77_t1195
2275,q77_t1196
2276,q101_t1196
2276,q101_t1197
2277,q101_t1197
2277,q101_t1198
2278,q101_t1198
2278,q101_t1199
2278,q78_t1198
2278,q78_t1199
2279,q101_t1199
2279,q101_t1200
2280,q101_t1200
2280,q101_t1201
2281,q101_t1201
2281,q101_t1202
2281,q79_t1201
2281,q79_t1202
2282,q101_t1202
2282,q101_t1203
2283,q101_t1203
2283,q101_t1204
2284,q101_t1204
2284,q101_t1205
2284,q80_t1204
2284,q80_t1205
2285,q101_t1205
2285,q101_t1206
2286,q101_t1206
2286,q101_t1207
2287,q101_t1207
2287,q101_t1208
2287,q81_t1207
2287,q81_t1208
2288,q101_t1208
2288,q101_t1209
2289,q101_t1209
2289,q101_t1210
2290,q101_t1210
2290,q101_t1211
2290,q82_t1210
2290,q82_t1211
2291,q101_t1211
2291,q101_t1212
2292,q101_t1212
2292,q101_t1213
2293,q101_t1213
2293,q101_t1214
2293,q83_t1213
2293,q83_t1214
2294,q101_t1214
2294,q101_t1215
2295,q101_t1215
2295,q101_t1216
2296,q101_t1216
2296,q101_t1217
2296,q84_t1216
2296,q84_t1217
2297,q101_t1217
2297,q101_t1218
2298,q101_t1218
2298,q101_t1219
2299,q101_t1219
2299,q101_t1220
2299,q85_t1219
2299,q85_t1220
2300,q101_t1220
2300,q101_t1221
2301,q101_t1221
2301,q101_t1222
2302,q101_t1222
2302,q101_t1223
2302,q86_t1222
2302,q86_t1223
2303,q101_t1223
2303,q101_t1224
2304,q101_t1224
2304,q101_t1225
2305,q101_t1225
2305,q101_t1226
2305,q87_t1225
2305,q87_t1226
2306,q101_t1226
2306,q101_t1227
2307,q101_t1227
2307,q101_t1228
2308,q101_t1228
2308,q101_t1229
2308,q88_t1228
2308,q88_t1229
2309,q101_t1229
2309,q101_t1230
2310,q101_t1230
2310,q101_t1231
2311,q101_t1231
2311,q101_t1232
2311,q89_t1231
2311,q89_t1232
2312,q101_t1232
2312,q101_t1233
2313,q101_t1233
2313,q101_t1234
2314,q101_t1234
2314,q101_t1235
2314,q90_t1234
2314,q90_t1235
2315,q101_t1235
2315,q101_t1236
2316,q101_t1236
2316,q101_t1237
2317,q101_t1237
2317,q101_t1238
2317,q91_t1237
2317,q91_t1238
2318,q101_t1238
2318,q101_t1239
2319,q101_t1239
2319,q101_t1240
2320,q101_t1240
2320,q101_t1241
2320,q92_t1240
2320,q92_t1241
2321,q101_t1241
2321,q101_t1242
2322,q101_t1242
2322,q101_t1243
2323,q101_t1243
2323,q101_t1244
2323,q93_t1243
2323,q93_t1244
2324,q101_t1244
2324,q101_t1245
2325,q101_t1245
2325,q101_t1246
2326,q101_t1246
2326,q101_t1247
2326,q94_t1246
2326,q94_t1247
2327,q101_t1247
2327,q101_t1248
2328,q101_t1248
2328,q101_t1249
2329,q101_t1249
2329,q101_t1250
2329,q95_t1249
2329,q95_t1250
2330,q101_t1250
2330,q101_t1251
2331,q101_t1251
2331,q101_t1252
2332,q101_t1252
2332,q101_t1253
2332,q96_t1252
2332,q96_t1253
2333,q101_t1253
2333,q101_t1254
2334,q101_t1254
2334,q101_t1255
2335,q101_t1255
2335,q101_t1256
2335,q97_t1255
2335,q97_t1256
2336,q101_t1256
2336,q101_t1257
2337,q101_t1257
2337,q101_t1258
2338,q101_t1258
2338,q101_t1259
2338,q98_t1258
2338,q98_t1259
2339,q101_t1259
2339,q101_t1260
2340,q101_t1260
2340,q101_t1261
2341,q101_t1261
2341,q101_t1262
2341,q99_t1261
2341,q99_t1262
2342,q101_t1262
2342,q101_t1263
2343,q101_t1263
2343,q101_t1264
2344,q101_t1265
2344,q101_t1266
2345,q101_t1266
2345,q101_t1270
2346,q101_t1270
2346,q101_t1271
2346,q102_t1270
2346,q102_t1271
2347,q101_t1271
2347,q101_t1272
2348,q101_t1272
2348,q101_t1273
2349,q101_t1273
2349,q101_t1274
2349,q103_t1273
2349,q103_t1274
2350,q101_t1274
2350,q101_t1275
2351,q101_t1275
2351,q101_t1276
2352,q101_t1276
2352,q101_t1277
2352,q104_t1276
2352,q104_t1277
2353,q101_t1277
2353,q101_t1278
2354,q101_t1278
2354,q101_t1279
2355,q101_t1279
2355,q101_t1280
2355,q105_t1279
2355,q105_t1280
2356,q101_t1280
2356,q101_t1281
2357,q101_t1281
2357,q101_t1282
2358,q101_t1282
2358,q101_t1283
2358,q106_t1282
2358,q106_t1283
2359,q101_t1283
2359,q101_t1284
2360,q101_t1284
2360,q101_t1285
2361,q101_t1285
2361,q101_t1286
2361,q107_t1285
2361,q107_t1286
2362,q101_t1286
2362,q101_t1287
2363,q101_t1287
2363,q101_t1288
2364,q101_t1288
2364,q101_t1289
2364,q108_t1288
2364,q108_t1289
2365,q101_t1289
2365,q101_t1290
2366,q101_t1290
2366,q101_t1291
2367,q101_t1291
2367,q101_t1292
2367,q109_t1291
2367,q109_t1292
2368,q101_t1292
2368,q101_t1293
2369,q101_t1293
2369,q101_t1294
2370,q101_t303
2370,q101_t304
2371,q101_t304
2371,q101_t305
2372,q101_t305
2372,q101_t306
2372,q1_t305
2372,q1_t306
2373,q101_t306
2373,q101_t307
2374,q101_t307
2374,q101_t308
2375,q101_t308
2375,q101_t309
2375,q2_t308
2375,q2_t309
2376,q101_t309
2376,q101_t310
2377,q101_t310
2377,q101_t311
2378,q101_t311
2378,q101_t312
2378,q3_t311
2378,q3_t312
2379,q101_t312
2379,q101_t313
2380,q101_t313
2380,q101_t314
2381,q101_t314
2381,q101_t315
2381,q4_t314
2381,q4_t315
2382,q101_t315
2382,q101_t316
2383,q101_t316
2383,q101_t317
2384,q101_t317
2384,q101_t318
2384,q5_t317
2384,q5_t318
2385,q101_t318
2385,q101_t319
2386,q101_t319
2386,q101_t320
2387,q101_t320
2387,q101_t321
2387,q6_t320
2387,q6_t321
2388,q101_t321
2388,q101_t322
2389,q101_t322
2389,q101_t323
2390,q101_t323
2390,q101_t324
2390,q7_t323
2390,q7_t324
2391,q101_t324
2391,q101_t325
2392,q101_t325
2392,q101_t326
2393,q101_t326
2393,q101_t327
2393,q8_t326
2393,q8_t327
2394,q101_t327
2394,q101_t328
2395,q101_t328
2395,q101_t329
2396,q101_t329
2396,q101_t330
2396,q9_t329
2396,q9_t330
2397,q101_t330
2397,q101_t331
2398,q101_t331
2398,q101_t332
2399,q101_t332
2399,q101_t333
2399,q10_t332
2399,q10_t333
2400,q101_t333
2400,q101_t334
2401,q101_t334
2401,q101_t335
2402,q101_t335
2402,q101_t336
2402,q11_t335
2402,q11_t336
2403,q101_t336
2403,q101_t337
2404,q101_t337
2404,q101_t338
2405,q101_t338
2405,q101_t339
2405,q12_t338
2405,q12_t339
2406,q101_t339
2406,q101_t340
2407,q101_t340
2407,q101_t341
2408,q101_t341
2408,q101_t342
2408,q13_t341
2408,q13_t342
2409,q101_t342
2409,q101_t343
2410,q101_t343
2410,q101_t344
2411,q101_t344
2411,q101_t345
2411,q14_t344
2411,q14_t345
2412,q101_t345
2412,q101_t346
2413,q101_t346
2413,q101_t347
2414,q101_t347
2414,q101_t348
2414,q15_t347
2414,q15_t348
2415,q101_t348
2415,q101_t349
2416,q101_t349
2416,q101_t350
2417,q101_t350
2417,q101_t351
2417,q16_t350
2417,q16_t351
2418,q101_t351
2418,q101_t352
2419,q101_t352
2419,q101_t353
2420,q101_t353
2420,q101_t354
2420,q17_t353
2420,q17_t354
2421,q101_t354
2421,q101_t355
2422,q101_t355
2422,q101_t356
2423,q101_t356
2423,q101_t357
2423,q18_t356
2423,q18_t357
2424,q101_t357
2424,q101_t358
2425,q101_t358
2425,q101_t359
2426,q101_t359
2426,q101_t360
2426,q19_t359
2426,q19_t360
2427,q101_t360
2427,q101_t361
2428,q101_t361
2428,q101_t362
2429,q101_t362
2429,q101_t363
2429,q20_t362
2429,q20_t363
2430,q101_t363
2430,q101_t364
2431,q101_t364
2431,q101_t365
2432,q101_t365
2432,q101_t366
2432,q21_t365
2432,q21_t366
2433,q101_t366
2433,q101_t367
2434,q101_t367
2434,q101_t368
2435,q101_t368
2435,q101_t369
2435,q22_t368
2435,q22_t369
2436,q101_t369
2436,q101_t370
2437,q101_t370
2437,q101_t371
2438,q101_t371
2438,q101_t372
2438,q23_t371
2438,q23_t372
2439,q101_t372
2439,q101_t373
2440,q101_t373
2440,q101_t374
2441,q101_t374
2441,q101_t375
2441,q24_t374
2441,q24_t375
2442,q101_t375
2442,q101_t376
2443,q101_t376
2443,q101_t377
2444,q101_t377
2444,q101_t378
2444,q25_t377
2444,q25_t378
2445,q101_t378
2445,q101_t379
2446,q101_t379
2446,q101_t380
2447,q101_t380
2447,q101_t381
2447,q26_t380
2447,q26_t381
2448,q101_t381
2448,q101_t382
2449,q101_t382
2449,q101_t383
2450,q101_t383
2450,q101_t384
2450,q27_t383
2450,q27_t384
2451,q101_t384
2451,q101_t385
2452,q101_t385
2452,q101_t386
2453,q101_t386
2453,q101_t387
2453,q28_t386
2453,q28_t387
2454,q101_t387
2454,q101_t388
2455,q101_t388
2455,q101_t389
2456,q101_t389
2456,q101_t390
2456,q29_t389
2456,q29_t390
2457,q101_t390
2457,q101_t391
2458,q101_t391
2458,q101_t392
2459,q101_t392
2459,q101_t393
2459,q30_t392
2459,q30_t393
2460,q101_t393
2460,q101_t394
2461,q101_t394
2461,q101_t395
2462,q101_t395
2462,q101_t396
2462,q31_t395
2462,q31_t396
2463,q101_t396
2463,q101_t397
2464,q101_t397
2464,q101_t398
2465,q101_t398
2465,q101_t399
2465,q32_t398
2465,q32_t399
2466,q101_t399
2466,q101_t400
2467,q101_t400
2467,q101_t401
2468,q101_t401
2468,q101_t402
2468,q33_t401
2468,q33_t402
2469,q101_t402
2469,q101_t403
2470,q101_t403
2470,q101_t404
2471,q101_t404
2471,q101_t405
2471,q34_t404
2471,q34_t405
2472,q101_t405
2472,q101_t406
2473,q101_t406
2473,q101_t407
2474,q101_t407
2474,q101_t408
2474,q35_t407
2474,q35_t408
2475,q101_t408
2475,q101_t409
2476,q101_t409
2476,q101_t410
2477,q101_t410
2477,q101_t411
2477,q36_t410
2477,q36_t411
2478,q101_t411
2478,q101_t412
2479,q101_t412
2479,q101_t413
2480,q101_t413
2480,q101_t414
2480,q37_t413
2480,q37_t414
2481,q101_t414
2481,q101_t415
2482,q101_t415
2482,q101_t416
2483,q101_t416
2483,q101_t417
2483,q38_t416
2483,q38_t417
2484,q101_t417
2484,q101_t418
2485,q101_t418
2485,q101_t419
2486,q101_t419
2486,q101_t420
2486,q39_t419
2486,q39_t420
2487,q101_t420
2487,q101_t421
2488,q101_t421
2488,q101_t422
2489,q101_t422
2489,q101_t423
2489,q40_t422
2489,q40_t423
2490,q101_t423
2490,q101_t424
2491,q101_t424
2491,q101_t425
2492,q101_t425
2492,q101_t426
2492,q41_t425
2492,q41_t426
2493,q101_t426
2493,q101_t427
2494,q101_t427
2494,q101_t428
2495,q101_t428
2495,q101_t429
2495,q42_t428
2495,q42_t429
2496,q101_t429
2496,q101_t430
2497,q101_t430
2497,q101_t431
2498,q101_t431
2498,q101_t432
2498,q43_t431
2498,q43_t432
2499,q101_t432
2499,q101_t433
2500,q101_t433
2500,q101_t434
2501,q101_t434
2501,q101_t435
2501,q44_t434
2501,q44_t435
2502,q101_t435
2502,q101_t436
2503,q101_t436
2503,q101_t437
2504,q101_t437
2504,q101_t438
2504,q45_t437
2504,q45_t438
2505,q101_t438
2505,q101_t439
2506,q101_t439
2506,q101_t440
2507,q101_t440
2507,q101_t441
2507,q46_t440
2507,q46_t441
2508,q101_t441
2508,q101_t442
2509,q101_t442
2509,q101_t443
2510,q101_t443
2510,q101_t444
2510,q47_t443
2510,q47_t444
2511,q101_t444
2511,q101_t445
2512,q101_t445
2512,q101_t446
2513,q101_t446
2513,q101_t447
2513,q48_t446
2513,q48_t447
2514,q101_t447
2514,q101_t448
2515,q101_t448
2515,q101_t449
2516,q101_t449
2516,q101_t450
2516,q49_t449
2516,q49_t450
2517,q101_t450
2517,q101_t451
2518,q101_t451
2518,q101_t452
2519,q101_t452
2519,q101_t453
2519,q50_t452
2519,q50_t453
2520,q101_t453
2520,q101_t454
2521,q101_t454
2521,q101_t455
2522,q101_t455
2522,q101_t456
2522,q51_t455
2522,q51_t456
2523,q101_t456
2523,q101_t457
2524,q101_t457
2524,q101_t458
2525,q101_t458
2525,q101_t459
2525,q52_t458
2525,q52_t459
2526,q101_t459
2526,q101_t460
2527,q101_t460
2527,q101_t461
2528,q101_t461
2528,q101_t462
2528,q53_t461
2528,q53_t462
2529,q101_t462
2529,q101_t463
2530,q101_t463
2530,q101_t464
2531,q101_t464
2531,q101_t465
2531,q54_t464
2531,q54_t465
2532,q101_t465
2532,q101_t466
2533,q101_t466
2533,q101_t467
2534,q101_t467
2534,q101_t468
2534,q55_t467
2534,q55_t468
2535,q101_t468
2535,q101_t469
2536,q101_t469
2536,q101_t470
2537,q101_t470
2537,q101_t471
2537,q56_t470
2537,q56_t471
2538,q101_t471
2538,q101_t472
2539,q101_t472
2539,q101_t473
2540,q101_t473
2540,q101_t474
2540,q57_t473
2540,q57_t474
2541,q101_t474
2541,q101_t475
2542,q101_t475
2542,q101_t476
2543,q101_t476
2543,q101_t477
2543,q58_t476
2543,q58_t477
2544,q101_t477
2544,q101_t478
2545,q101_t478
2545,q101_t479
2546,q101_t479
2546,q101_t480
2546,q59_t479
2546,q59_t480
2547,q101_t480
2547,q101_t481
2548,q101_t481
2548,q101_t482
2549,q101_t482
2549,q101_t483
2549,q60_t482
2549,q60_t483
2550,q101_t483
2550,q101_t484
2551,q101_t484
2551,q101_t485
2552,q101_t485
2552,q101_t486
2552,q61_t485
2552,q61_t486
2553,q101_t486
2553,q101_t487
2554,q101_t487
2554,q101_t488
2555,q101_t488
2555,q101_t489
2555,q62_t488
2555,q62_t489
2556,q101_t489
2556,q101_t490
2557,q101_t490
2557,q101_t491
2558,q101_t491
2558,q101_t492
2558,q63_t491
2558,q63_t492
2559,q101_t492
2559,q101_t493
2560,q101_t493
2560,q101_t494
2561,q101_t494
2561,q101_t495
2561,q64_t494
2561,q64_t495
2562,q101_t495
2562,q101_t496
2563,q101_t496
2563,q101_t497
2564,q101_t497
2564,q101_t498
2564,q65_t497
2564,q65_t498
2565,q101_t498
2565,q101_t499
2566,q101_t499
2566,q101_t500
2567,q101_t500
2567,q101_t501
2567,q66_t500
2567,q66_t501
2568,q101_t501
2568,q101_t502
2569,q101_t502
2569,q101_t503
2570,q101_t503
2570,q101_t504
2570,q67_t503
2570,q67_t504
2571,q101_t504
2571,q101_t505
2572,q101_t505
2572,q101_t506
2573,q101_t506
2573,q101_t507
2573,q68_t506
2573,q68_t507
2574,q101_t507
2574,q101_t508
2575,q101_t508
2575,q101_t509
2576,q101_t509
2576,q101_t510
2576,q69_t509
2576,q69_t510
2577,q101_t510
2577,q101_t511
2578,q101_t511
2578,q101_t512
2579,q101_t512
2579,q101_t513
2579,q70_t512
2579,q70_t513
2580,q101_t513
2580,q101_t514
2581,q101_t514
2581,q101_t515
2582,q101_t515
2582,q101_t516
2582,q71_t515
2582,q71_t516
2583,q101_t516
2583,q101_t517
2584,q101_t517
2584,q101_t518
2585,q101_t518
2585,q101_t519
2585,q72_t518
2585,q72_t519
2586,q101_t519
2586,q101_t520
2587,q101_t520
2587,q101_t521
2588,q101_t521
2588,q101_t522
2588,q73_t521
2588,q73_t522
2589,q101_t522
2589,q101_t523
2590,q101_t523
2590,q101_t524
2591,q101_t524
2591,q101_t525
2591,q74_t524
2591,q74_t525
2592,q101_t525
2592,q101_t526
2593,q101_t526
2593,q101_t527
2594,q101_t527
2594,q101_t528
2594,q75_t527
2594,q75_t528
2595,q101_t528
2595,q101_t529
2596,q101_t529
2596,q101_t530
2597,q101_t530
2597,q101_t531
2597,q76_t530
2597,q76_t531
2598,q101_t531
2598,q101_t532
2599,q101_t532
2599,q101_t533
2600,q101_t533
2600,q101_t534
2600,q77_t533
2600,q77_t534
2601,q101_t534
2601,q101_t535
2602,q101_t535
2602,q101_t536
2603,q101_t536
2603,q101_t537
2603,q78_t536
2603,q78_t537
2604,q101_t537
2604,q101_t538
2605,q101_t538
2605,q101_t539
2606,q101_t539
2606,q101_t540
2606,q79_t539
2606,q79_t540
2607,q101_t540
2607,q101_t541
2608,q101_t541
2608,q101_t542
2609,q101_t542
2609,q101_t543
2609,q80_t542
2609,q80_t543
2610,q101_t543
2610,q101_t544
2611,q101_t544
2611,q101_t545
2612,q101_t545
2612,q101_t546
2612,q81_t545
2612,q81_t546
2613,q101_t546
2613,q101_t547
2614,q101_t547
2614,q101_t548
2615,q101_t548
2615,q101_t549
2615,q82_t548
2615,q82_t549
2616,q101_t549
2616,q101_t550
2617,q101_t550
2617,q101_t551
2618,q101_t551
2618,q101_t552
2618,q83_t551
2618,q83_t552
2619,q101_t552
2619,q101_t553
2620,q101_t553
2620,q101_t554
2621,q101_t554
2621,q101_t555
2621,q84_t554
2621,q84_t555
2622,q101_t555
2622,q101_t556
2623,q101_t556
2623,q101_t557
2624,q101_t557
2624,q101_t558
2624,q85_t557
2624,q85_t558
2625,q101_t558
2625,q101_t559
2626,q101_t559
2626,q101_t560
2627,q101_t560
2627,q101_t561
2627,q86_t560
2627,q86_t561
2628,q101_t561
2628,q101_t562
2629,q101_t562
2629,q101_t563
2630,q101_t563
2630,q101_t564
2630,q87_t563
2630,q87_t564
2631,q101_t564
2631,q101_t565
2632,q101_t565
2632,q101_t566
2633,q101_t566
2633,q101_t567
2633,q88_t566
2633,q88_t567
2634,q101_t567
2634,q101_t568
2635,q101_t568
2635,q101_t569
2636,q101_t569
2636,q101_t570
2636,q89_t569
2636,q89_t570
2637,q101_t570
2637,q101_t571
2638,q101_t571
2638,q101_t572
2639,q101_t572
2639,q101_t573
2639,q90_t572
2639,q90_t573
2640,q101_t573
2640,q101_t574
2641,q101_t574
2641,q101_t575
2642,q101_t575
2642,q101_t576
2642,q91_t575
2642,q91_t576
2643,q101_t576
2643,q101_t577
2644,q101_t577
2644,q101_t578
2645,q101_t578
2645,q101_t579
2645,q92_t578
2645,q92_t579
2646,q101_t579
2646,q101_t580
2647,q101_t580
2647,q101_t581
2648,q101_t581
2648,q101_t582
2648,q93_t581
2648,q93_t582
2649,q101_t582
2649,q101_t583
2650,q101_t583
2650,q101_t584
2651,q101_t584
2651,q101_t585
2651,q94_t584
2651,q94_t585
2652,q101_t585
2652,q101_t586
2653,q101_t586
2653,q101_t587
2654,q101_t587
2654,q101_t588
2654,q95_t587
2654,q95_t588
2655,q101_t588
2655,q101_t589
2656,q101_t589
2656,q101_t590
2657,q101_t590
2657,q101_t591
2657,q96_t590
2657,q96_t591
2658,q101_t591
2658,q101_t592
2659,q101_t592
2659,q101_t593
2660,q101_t593
2660,q101_t594
2660,q97_t593
2660,q97_t594
2661,q101_t594
2661,q101_t595
2662,q101_t595
2662,q101_t596
2663,q101_t596
2663,q101_t597
2663,q98_t596
2663,q98_t597
2664,q101_t597
2664,q101_t598
2665,q101_t598
2665,q101_t599
2666,q101_t599
2666,q101_t600
2666,q99_t599
2666,q99_t600
2667,q101_t600
2667,q101_t601
2668,q101_t601
2668,q101_t602
2669,q101_t603
2669,q101_t604
2670,q101_t604
2670,q101_t608
2671,q101_t608
2671,q101_t609
2671,q102_t608
2671,q102_t609
2672,q101_t609
2672,q101_t610
2673,q101_t610
2673,q101_t611
2674,q101_t611
2674,q101_t612
2674,q103_t611
2674,q103_t612
2675,q101_t612
2675,q101_t613
2676,q101_t613
2676,q101_t614
2677,q101_t614
2677,q101_t615
2677,q104_t614
2677,q104_t615
2678,q101_t615
2678,q101_t616
2679,q101_t616
2679,q101_t617
2680,q101_t617
2680,q101_t618
2680,q105_t617
2680,q105_t618
2681,q101_t618
2681,q101_t619
2682,q101_t619
2682,q101_t620
2683,q101_t620
2683,q101_t621
2683,q106_t620
2683,q106_t621
2684,q101_t621
2684,q101_t622
2685,q101_t622
2685,q101_t623
2686,q101_t623
2686,q101_t624
2686,q107_t623
2686,q107_t624
2687,q101_t624
2687,q101_t625
2688,q101_t625
2688,q101_t626
2689,q101_t626
2689,q101_t627
2689,q108_t626
2689,q108_t627
2690,q101_t627
2690,q101_t628
2691,q101_t628
2691,q101_t629
2692,q101_t629
2692,q101_t630
2692,q109_t629
2692,q109_t630
2693,q101_t630
2693,q101_t631
2694,q101_t631
2694,q101_t632
2695,q101_t632
2695,q101_t633
2696,q101_t634
2696,q101_t635
2697,q101_t635
2697,q101_t636
2698,q101_t636
2698,q101_t637
2698,q1_t636
2698,q1_t637
2699,q101_t637
2699,q101_t638
2700,q101_t638
2700,q101_t639
2701,q101_t639
2701,q101_t640
2701,q2_t639
2701,q2_t640
2702,q101_t640
2702,q101_t641
2703,q101_t641
2703,q101_t642
2704,q101_t642
2704,q101_t643
2704,q3_t642
2704,q3_t643
2705,q101_t643
2705,q101_t644
2706,q101_t644
2706,q101_t645
2707,q101_t645
2707,q101_t646
2707,q4_t645
2707,q4_t646
2708,q101_t646
2708,q101_t647
2709,q101_t647
2709,q101_t648
2710,q101_t648
2710,q101_t649
2710,q5_t648
2710,q5_t649
2711,q101_t649
2711,q101_t650
2712,q101_t650
2712,q101_t651
2713,q101_t651
2713,q101_t652
2713,q6_t651
2713,q6_t652
2714,q101_t652
2714,q101_t653
2715,q101_t653
2715,q101_t654
2716,q101_t654
2716,q101_t655
2716,q7_t654
2716,q7_t655
2717,q101_t655
2717,q101_t656
2718,q101_t656
2718,q101_t657
2719,q101_t657
2719,q101_t658
2719,q8_t657
2719,q8_t658
2720,q101_t658
2720,q101_t659
2721,q101_t659
2721,q101_t660
2722,q101_t660
2722,q101_t661
2722,q9_t660
2722,q9_t661
2723,q101_t661
2723,q101_t662
2724,q101_t662
2724,q101_t663
2725,q101_t663
2725,q101_t664
2725,q10_t663
2725,q10_t664
2726,q101_t664
2726,q101_t665
2727,q101_t665
2727,q101_t666
2728,q101_t666
2728,q101_t667
2728,q11_t666
2728,q11_t667
2729,q101_t667
2729,q101_t668
2730,q101_t668
2730,q101_t669
2731,q101_t669
2731,q101_t670
2731,q12_t669
2731,q12_t670
2732,q101_t670
2732,q101_t671
2733,q101_t671
2733,q101_t672
2734,q101_t672
2734,q101_t673
2734,q13_t672
2734,q13_t673
2735,q101_t673
2735,q101_t674
2736,q101_t674
2736,q101_t675
2737,q101_t675
2737,q101_t676
2737,q14_t675
2737,q14_t676
2738,q101_t676
2738,q101_t677
2739,q101_t677
2739,q101_t678
2740,q101_t678
2740,q101_t679
2740,q15_t678
2740,q15_t679
2741,q101_t679
2741,q101_t680
2742,q101_t680
2742,q101_t681
2743,q101_t681
2743,q101_t682
2743,q16_t681
2743,q16_t682
2744,q101_t682
2744,q101_t683
2745,q101_t683
2745,q101_t684
2746,q101_t684
2746,q101_t685
2746,q17_t684
2746,q17_t685
2747,q101_t685
2747,q101_t686
2748,q101_t686
2748,q101_t687
2749,q101_t687
2749,q101_t688
2749,q18_t687
2749,q18_t688
2750,q101_t688
2750,q101_t689
2751,q101_t689
2751,q101_t690
2752,q101_t690
2752,q101_t691
2752,q19_t690
2752,q19_t691
2753,q101_t691
2753,q101_t692
2754,q101_t692
2754,q101_t693
2755,q101_t693
2755,q101_t694
2755,q20_t693
2755,q20_t694
2756,q101_t694
2756,q101_t695
2757,q101_t695
2757,q101_t696
2758,q101_t696
2758,q101_t697
2758,q21_t696
2758,q21_t697
2759,q101_t697
2759,q101_t698
2760,q101_t698
2760,q101_t699
2761,q101_t699
2761,q101_t700
2761,q22_t699
2761,q22_t700
2762,q101_t700
2762,q101_t701
2763,q101_t701
2763,q101_t702
2764,q101_t702
2764,q101_t703
2764,q23_t702
2764,q23_t703
2765,q101_t703
2765,q101_t704
2766,q101_t704
2766,q101_t705
2767,q101_t705
2767,q101_t706
2767,q24_t705
2767,q24_t706
2768,q101_t706
2768,q101_t707
2769,q101_t707
2769,q101_t708
2770,q101_t708
2770,q101_t709
2770,q25_t708
2770,q25_t709
2771,q101_t709
2771,q101_t710
2772,q101_t710
2772,q101_t711
2773,q101_t711
2773,q101_t712
2773,q26_t711
2773,q26_t712
2774,q101_t712
2774,q101_t713
2775,q101_t713
2775,q101_t714
2776,q101_t714
2776,q101_t715
2776,q27_t714
2776,q27_t715
2777,q101_t715
2777,q101_t716
2778,q101_t716
2778,q101_t717
2779,q101_t717
2779,q101_t718
2779,q28_t717
2779,q28_t718
2780,q101_t718
2780,q101_t719
2781,q101_t719
2781,q101_t720
2782,q101_t720
2782,q101_t721
2782,q29_t720
2782,q29_t721
2783,q101_t721
2783,q101_t722
2784,q101_t722
2784,q101_t723
2785,q101_t723
2785,q101_t724
2785,q30_t723
2785,q30_t724
2786,q101_t724
2786,q101_t725
2787,q101_t725
2787,q101_t726
2788,q101_t726
2788,q101_t727
2788,q31_t726
2788,q31_t727
2789,q101_t727
2789,q101_t728
2790,q101_t728
2790,q101_t729
2791,q101_t729
2791,q101_t730
2791,q32_t729
2791,q32_t730
2792,q101_t730
2792,q101_t731
2793,q101_t731
2793,q101_t732
2794,q101_t732
2794,q101_t733
2794,q33_t732
2794,q33_t733
2795,q101_t733
2795,q101_t734
2796,q101_t734
2796,q101_t735
2797,q101_t735
2797,q101_t736
2797,q34_t735
2797,q34_t736
2798,q101_t736
2798,q101_t737
2799,q101_t737
2799,q101_t738
2800,q101_t738
2800,q101_t739
2800,q35_t738
2800,q35_t739
2801,q101_t739
2801,q101_t740
2802,q101_t740
2802,q101_t741
2803,q101_t741
2803,q101_t742
2803,q36_t741
2803,q36_t742
2804,q101_t742
2804,q101_t743
2805,q101_t743
2805,q101_t744
2806,q101_t744
2806,q101_t745
2806,q37_t744
2806,q37_t745
2807,q101_t745
2807,q101_t746
2808,q101_t746
2808,q101_t747
2809,q101_t747
2809,q101_t748
2809,q38_t747
2809,q38_t748
2810,q101_t748
2810,q101_t749
2811,q101_t749
2811,q101_t750
2812,q101_t750
2812,q101_t751
2812,q39_t750
2812,q39_t751
2813,q101_t751
2813,q101_t752
2814,q101_t752
2814,q101_t753
2815,q101_t753
2815,q101_t754
2815,q40_t753
2815,q40_t754
2816,q101_t754
2816,q101_t755
2817,q101_t755
2817,q101_t756
2818,q101_t756
2818,q101_t757
2818,q41_t756
2818,q41_t757
2819,q101_t757
2819,q101_t758
2820,q101_t758
2820,q101_t759
2821,q101_t759
2821,q101_t760
2821,q42_t759
2821,q42_t760
2822,q101_t760
2822,q101_t761
2823,q101_t761
2823,q101_t762
2824,q101_t762
2824,q101_t763
2824,q43_t762
2824,q43_t763
2825,q101_t763
2825,q101_t764
2826,q101_t764
2826,q101_t765
2827,q101_t765
2827,q101_t766
2827,q44_t765
2827,q44_t766
2828,q101_t766
2828,q101_t767
2829,q101_t767
2829,q101_t768
2830,q101_t768
2830,q101_t769
2830,q45_t768
2830,q45_t769
2831,q101_t769
2831,q101_t770
2832,q101_t770
2832,q101_t771
2833,q101_t771
2833,q101_t772
2833,q46_t771
2833,q46_t772
2834,q101_t772
2834,q101_t773
2835,q101_t773
2835,q101_t774
2836,q101_t774
2836,q101_t775
2836,q47_t774
2836,q47_t775
2837,q101_t775
2837,q101_t776
2838,q101_t776
2838,q101_t777
2839,q101_t777
2839,q101_t778
2839,q48_t777
2839,q48_t778
2840,q101_t778
2840,q101_t779
2841,q101_t779
2841,q101_t780
2842,q101_t780
2842,q101_t781
2842,q49_t780
2842,q49_t781
2843,q101_t781
2843,q101_t782
2844,q101_t782
2844,q101_t783
2845,q101_t783
2845,q101_t784
2845,q50_t783
2845,q50_t784
2846,q101_t784
2846,q101_t785
2847,q101_t785
2847,q101_t786
2848,q101_t786
2848,q101_t787
2848,q51_t786
2848,q51_t787
2849,q101_t787
2849,q101_t788
2850,q101_t788
2850,q101_t789
2851,q101_t789
2851,q101_t790
2851,q52_t789
2851,q52_t790
2852,q101_t790
2852,q101_t791
2853,q101_t791
2853,q101_t792
2854,q101_t792
2854,q101_t793
2854,q53_t792
2854,q53_t793
2855,q101_t793
2855,q101_t794
2856,q101_t794
2856,q101_t795
2857,q101_t795
2857,q101_t796
2857,q54_t795
2857,q54_t796
2858,q101_t796
2858,q101_t797
2859,q101_t797
2859,q101_t798
2860,q101_t798
2860,q101_t799
2860,q55_t798
2860,q55_t799
2861,q101_t799
2861,q101_t800
2862,q101_t800
2862,q101_t801
2863,q101_t801
2863,q101_t802
2863,q56_t801
2863,q56_t802
2864,q101_t802
2864,q101_t803
2865,q101_t803
2865,q101_t804
2866,q101_t804
2866,q101_t805
2866,q57_t804
2866,q57_t805
2867,q101_t805
2867,q101_t806
2868,q101_t806
2868,q101_t807
2869,q101_t807
2869,q101_t808
2869,q58_t807
2869,q58_t808
2870,q101_t808
2870,q101_t809
2871,q101_t809
2871,q101_t810
2872,q101_t810
2872,q101_t811
2872,q59_t810
2872,q59_t811
2873,q101_t811
2873,q101_t812
2874,q101_t812
2874,q101_t813
2875,q101_t813
2875,q101_t814
2875,q60_t813
2875,q60_t814
2876,q101_t814
2876,q101_t815
2877,q101_t815
2877,q101_t816
2878,q101_t816
2878,q101_t817
2878,q61_t816
2878,q61_t817
2879,q101_t817
2879,q101_t818
2880,q101_t818
2880,q101_t819
2881,q101_t819
2881,q101_t820
2881,q62_t819
2881,q62_t820
2882,q101_t820
2882,q101_t821
2883,q101_t821
2883,q101_t822
2884,q101_t822
2884,q101_t823
2884,q63_t822
2884,q63_t823
2885,q101_t823
2885,q101_t824
2886,q101_t824
2886,q101_t825
2887,q101_t825
2887,q101_t826
2887,q64_t825
2887,q64_t826
2888,q101_t826
2888,q101_t827
2889,q101_t827
2889,q101_t828
2890,q101_t828
2890,q101_t829
2890,q65_t828
2890,q65_t829
2891,q101_t829
2891,q101_t830
2892,q101_t830
2892,q101_t831
2893,q101_t831
2893,q101_t832
2893,q66_t831
2893,q66_t832
2894,q101_t832
2894,q101_t833
2895,q101_t833
2895,q101_t834
2896,q101_t834
2896,q101_t835
2896,q67_t834
2896,q67_t835
2897,q101_t835
2897,q101_t836
2898,q101_t836
2898,q101_t837
2899,q101_t837
2899,q101_t838
2899,q68_t837
2899,q68_t838
2900,q101_t838
2900,q101_t839
2901,q101_t839
2901,q101_t840
2902,q101_t840
2902,q101_t841
2902,q69_t840
2902,q69_t841
2903,q101_t841
2903,q101_t842
2904,q101_t842
2904,q101_t843
2905,q101_t843
2905,q101_t844
2905,q70_t843
2905,q70_t844
2906,q101_t844
2906,q101_t845
2907,q101_t845
2907,q101_t846
2908,q101_t846
2908,q101_t847
2908,q71_t846
2908,q71_t847
2909,q101_t847
2909,q101_t848
2910,q101_t848
2910,q101_t849
2911,q101_t849
2911,q101_t850
2911,q72_t849
2911,q72_t850
2912,q101_t850
2912,q101_t851
2913,q101_t851
2913,q101_t852
2914,q101_t852
2914,q101_t853
2914,q73_t852
2914,q73_t853
2915,q101_t853
2915,q101_t854
2916,q101_t854
2916,q101_t855
2917,q101_t855
2917,q101_t856
2917,q74_t855
2917,q74_t856
2918,q101_t856
2918,q101_t857
2919,q101_t857
2919,q101_t858
2920,q101_t858
2920,q101_t859
2920,q75_t858
2920,q75_t859
2921,q101_t859
2921,q101_t860
2922,q101_t860
2922,q101_t861
2923,q101_t861
2923,q101_t862
2923,q76_t861
2923,q76_t862
2924,q101_t862
2924,q101_t863
2925,q101_t863
2925,q101_t864
2926,q101_t864
2926,q101_t865
2926,q77_t864
2926,q77_t865
2927,q101_t865
2927,q101_t866
2928,q101_t866
2928,q101_t867
2929,q101_t867
2929,q101_t868
2929,q78_t867
2929,q78_t868
2930,q101_t868
2930,q101_t869
2931,q101_t869
2931,q101_t870
2932,q101_t870
2932,q101_t871
2932,q79_t870
2932,q79_t871
2933,q101_t871
2933,q101_t872
2934,q101_t872
2934,q101_t873
2935,q101_t873
2935,q101_t874
2935,q80_t873
2935,q80_t874
2936,q101_t874
2936,q101_t875
2937,q101_t875
2937,q101_t876
2938,q101_t876
2938,q101_t877
2938,q81_t876
2938,q81_t877
2939,q101_t877
2939,q101_t878
2940,q101_t878
2940,q101_t879
2941,q101_t879
2941,q101_t880
2941,q82_t879
2941,q82_t880
2942,q101_t880
2942,q101_t881
2943,q101_t881
2943,q101_t882
2944,q101_t882
2944,q101_t883
2944,q83_t882
2944,q83_t883
2945,q101_t883
2945,q101_t884
2946,q101_t884
2946,q101_t885
2947,q101_t885
2947,q101_t886
2947,q84_t885
2947,q84_t886
2948,q101_t886
2948,q101_t887
2949,q101_t887
2949,q101_t888
2950,q101_t888
2950,q101_t889
2950,q85_t888
2950,q85_t889
2951,q101_t889
2951,q101_t890
2952,q101_t890
2952,q101_t891
2953,q101_t891
2953,q101_t892
2953,q86_t891
2953,q86_t892
2954,q101_t892
2954,q101_t893
2955,q101_t893
2955,q101_t894
2956,q101_t894
2956,q101_t895
2956,q87_t894
2956,q87_t895
2957,q101_t895
2957,q101_t896
2958,q101_t896
2958,q101_t897
2959,q101_t897
2959,q101_t898
2959,q88_t897
2959,q88_t898
2960,q101_t898
2960,q101_t899
2961,q101_t899
2961,q101_t900
2962,q101_t900
2962,q101_t901
2962,q89_t900
2962,q89_t901
2963,q101_t901
2963,q101_t902
2964,q101_t902
2964,q101_t903
2965,q101_t903
2965,q101_t904
2965,q90_t903
2965,q90_t904
2966,q101_t904
2966,q101_t905
2967,q101_t905
2967,q101_t906
2968,q101_t906
2968,q101_t907
2968,q91_t906
2968,q91_t907
2969,q101_t907
2969,q101_t908
2970,q101_t908
2970,q101_t909
2971,q101_t909
2971,q101_t910
2971,q92_t909
2971,q92_t910
2972,q101_t910
2972,q101_t911
2973,q101_t911
2973,q101_t912
2974,q101_t912
2974,q101_t913
2974,q93_t912
2974,q93_t913
2975,q101_t913
2975,q101_t914
2976,q101_t914
2976,q101_t915
2977,q101_t915
2977,q101_t916
2977,q94_t915
2977,q94_t916
2978,q101_t916
2978,q101_t917
2979,q101_t917
2979,q101_t918
2980,q101_t918
2980,q101_t919
2980,q95_t918
2980,q95_t919
2981,q101_t919
2981,q101_t920
2982,q101_t920
2982,q101_t921
2983,q101_t921
2983,q101_t922
2983,q96_t921
2983,q96_t922
2984,q101_t922
2984,q101_t923
2985,q101_t923
2985,q101_t924
2986,q101_t924
2986,q101_t925
2986,q97_t924
2986,q97_t925
2987,q101_t925
2987,q101_t926
2988,q101_t926
2988,q101_t927
2989,q101_t927
2989,q101_t928
2989,q98_t927
2989,q98_t928
2990,q101_t928
2990,q101_t929
2991,q101_t929
2991,q101_t930
2992,q101_t930
2992,q101_t931
2992,q99_t930
2992,q99_t931
2993,q101_t931
2993,q101_t932
2994,q101_t932
2994,q101_t933
2995,q101_t934
2995,q101_t935
2996,q101_t935
2996,q101_t939
2997,q101_t939
2997,q101_t940
2997,q102_t939
2997,q102_t940
2998,q101_t940
2998,q101_t941
2999,q101_t941
2999,q101_t942
3000,q101_t942
3000,q101_t943
3000,q103_t942
3000,q103_t943
3001,q101_t943
3001,q101_t944
3002,q101_t944
3002,q101_t945
3003,q101_t945
3003,q101_t946
3003,q104_t945
3003,q104_t946
3004,q101_t946
3004,q101_t947
3005,q101_t947
3005,q101_t948
3006,q101_t948
3006,q101_t949
3006,q105_t948
3006,q105_t949
3007,q101_t949
3007,q101_t950
3008,q101_t950
3008,q101_t951
3009,q101_t951
3009,q101_t952
3009,q106_t951
3009,q106_t952
3010,q101_t952
3010,q101_t953
3011,q101_t953
3011,q101_t954
3012,q101_t954
3012,q101_t955
3012,q107_t954
3012,q107_t955
3013,q101_t955
3013,q101_t956
3014,q101_t956
3014,q101_t957
3015,q101_t957
3015,q101_t958
3015,q108_t957
3015,q108_t958
3016,q101_t958
3016,q101_t959
3017,q101_t959
3017,q101_t960
3018,q101_t960
3018,q101_t961
3018,q109_t960
3018,q109_t961
3019,q101_t961
3019,q101_t962
3020,q101_t962
3020,q101_t963
3021,q101_t963
3021,q101_t964
3022,q101_t965
3022,q101_t966
3023,q101_t966
3023,q101_t967
3024,q101_t967
3024,q101_t968
3024,q1_t967
3024,q1_t968
3025,q101_t968
3025,q101_t969
3026,q101_t969
3026,q101_t970
3027,q101_t970
3027,q101_t971
3027,q2_t970
3027,q2_t971
3028,q101_t971
3028,q101_t972
3029,q101_t972
3029,q101_t973
3030,q101_t973
3030,q101_t974
3030,q3_t973
3030,q3_t974
3031,q101_t974
3031,q101_t975
3032,q101_t975
3032,q101_t976
3033,q101_t976
3033,q101_t977
3033,q4_t976
3033,q4_t977
3034,q101_t977
3034,q101_t978
3035,q101_t978
3035,q101_t979
3036,q101_t979
3036,q101_t980
3036,q5_t979
3036,q5_t980
3037,q101_t980
3037,q101_t981
3038,q101_t981
3038,q101_t982
3039,q101_t982
3039,q101_t983
3039,q6_t982
3039,q6_t983
3040,q101_t983
3040,q101_t984
3041,q101_t984
3041,q101_t985
3042,q101_t985
3042,q101_t986
3042,q7_t985
3042,q7_t986
3043,q101_t986
3043,q101_t987
3044,q101_t987
3044,q101_t988
3045,q101_t988
3045,q101_t989
3045,q8_t988
3045,q8_t989
3046,q101_t989
3046,q101_t990
3047,q101_t990
3047,q101_t991
3048,q101_t991
3048,q101_t992
3048,q9_t991
3048,q9_t992
3049,q101_t992
3049,q101_t993
3050,q101_t993
3050,q101_t994
3051,q101_t994
3051,q101_t995
3051,q10_t994
3051,q10_t995
3052,q101_t995
3052,q101_t996
3053,q101_t996
3053,q101_t997
3054,q101_t997
3054,q101_t998
3054,q11_t997
3054,q11_t998
3055,q101_t998
3055,q101_t999
3056,q102_t0
3056,q102_t1
3057,q102_t1
3057,q102_t305
3058,q102_t1000
3058,q102_t1001
3058,q11_t1000
3058,q11_t1001
3059,q102_t1000
3059,q102_t999
3060,q102_t1001
3060,q102_t1002
3061,q102_t1002
3061,q102_t1003
3062,q102_t1003
3062,q102_t1004
3062,q12_t1003
3062,q12_t1004
3063,q102_t1004
3063,q102_t1005
3064,q102_t1005
3064,q102_t1006
3065,q102_t1006
3065,q102_t1007
3065,q13_t1006
3065,q13_t1007
3066,q102_t1007
3066,q102_t1008
3067,q102_t1008
3067,q102_t1009
3068,q102_t1009
3068,q102_t1010
3068,q14_t1009
3068,q14_t1010
3069,q102_t1010
3069,q102_t1011
3070,q102_t1011
3070,q102_t1012
3071,q102_t1012
3071,q102_t1013
3071,q15_t1012
3071,q15_t1013
3072,q102_t1013
3072,q102_t1014
3073,q102_t1014
3073,q102_t1015
3074,q102_t1015
3074,q102_t1016
3074,q16_t1015
3074,q16_t1016
3075,q102_t1016
3075,q102_t1017
3076,q102_t1017
3076,q102_t1018
3077,q102_t1018
3077,q102_t1019
3077,q17_t1018
3077,q17_t1019
3078,q102_t1019
3078,q102_t1020
3079,q102_t1020
3079,q102_t1021
3080,q102_t1021
3080,q102_t1022
3080,q18_t1021
3080,q18_t1022
3081,q102_t1022
3081,q102_t1023
3082,q102_t1023
3082,q102_t1024
3083,q102_t1024
3083,q102_t1025
3083,q19_t1024
3083,q19_t1025
3084,q102_t1025
3084,q102_t1026
3085,q102_t1026
3085,q102_t1027
3086,q102_t1027
3086,q102_t1028
3086,q20_t1027
3086,q20_t1028
3087,q102_t1028
3087,q102_t1029
3088,q102_t1029
3088,q102_t1030
3089,q102_t1030
3089,q102_t1031
3089,q21_t1030
3089,q21_t1031
3090,q102_t1031
3090,q102_t1032
3091,q102_t1032
3091,q102_t1033
3092,q102_t1033
3092,q102_t1034
3092,q22_t1033
3092,q22_t1034
3093,q102_t1034
3093,q102_t1035
3094,q102_t1035
3094,q102_t1036
3095,q102_t1036
3095,q102_t1037
3095,q23_t1036
3095,q23_t1037
3096,q102_t1037
3096,q102_t1038
3097,q102_t1038
3097,q102_t1039
3098,q102_t1039
3098,q102_t1040
3098,q24_t1039
3098,q24_t1040
3099,q102_t1040
3099,q102_t1041
3100,q102_t1041
3100,q102_t1042
3101,q102_t1042
3101,q102_t1043
3101,q25_t1042
3101,q25_t1043
3102,q102_t1043
3102,q102_t1044
3103,q102_t1044
3103,q102_t1045
3104,q102_t1045
3104,q102_t1046
3104,q26_t1045
3104,q26_t1046
3105,q102_t1046
3105,q102_t1047
3106,q102_t1047
3106,q102_t1048
3107,q102_t1048
3107,q102_t1049
3107,q27_t1048
3107,q27_t1049
3108,q102_t1049
3108,q102_t1050
3109,q102_t1050
3109,q102_t1051
3110,q102_t1051
3110,q102_t1052
3110,q28_t1051
3110,q28_t1052
3111,q102_t1052
3111,q102_t1053
3112,q102_t1053
3112,q102_t1054
3113,q102_t1054
3113,q102_t1055
3113,q29_t1054
3113,q29_t1055
3114,q102_t1055
3114,q102_t1056
3115,q102_t1056
3115,q102_t1057
3116,q102_t1057
3116,q102_t1058
3116,q30_t1057
3116,q30_t1058
3117,q102_t1058
3117,q102_t1059
3118,q102_t1059
3118,q102_t1060
3119,q102_t1060
3119,q102_t1061
3119,q31_t1060
3119,q31_t1061
3120,q102_t1061
3120,q102_t1062
3121,q102_t1062
3121,q102_t1063
3122,q102_t1063
3122,q102_t1064
3122,q32_t1063
3122,q32_t1064
3123,q102_t1064
3123,q102_t1065
3124,q102_t1065
3124,q102_t1066
3125,q102_t1066
3125,q102_t1067
3125,q33_t1066
3125,q33_t1067
3126,q102_t1067
3126,q102_t1068
3127,q102_t1068
3127,q102_t1069
3128,q102_t1069
3128,q102_t1070
3128,q34_t1069
3128,q34_t1070
3129,q102_t1070
3129,q102_t1071
3130,q102_t1071
3130,q102_t1072
3131,q102_t1072
3131,q102_t1073
3131,q35_t1072
3131,q35_t1073
3132,q102_t1073
3132,q102_t1074
3133,q102_t1074
3133,q102_t1075
3134,q102_t1075
3134,q102_t1076
3134,q36_t1075
3134,q36_t1076
3135,q102_t1076
3135,q102_t1077
3136,q102_t1077
3136,q102_t1078
3137,q102_t1078
3137,q102_t1079
3137,q37_t1078
3137,q37_t1079
3138,q102_t1079
3138,q102_t1080
3139,q102_t1080
3139,q102_t1081
3140,q102_t1081
3140,q102_t1082
3140,q38_t1081
3140,q38_t1082
3141,q102_t1082
3141,q102_t1083
3142,q102_t1083
3142,q102_t1084
3143,q102_t1084
3143,q102_t1085
3143,q39_t1084
3143,q39_t1085
3144,q102_t1085
3144,q102_t1086
3145,q102_t1086
3145,q102_t1087
3146,q102_t1087
3146,q102_t1088
3146,q40_t1087
3146,q40_t1088
3147,q102_t1088
3147,q102_t1089
3148,q102_t1089
3148,q102_t1090
3149,q102_t1090
3149,q102_t1091
3149,q41_t1090
3149,q41_t1091
3150,q102_t1091
3150,q102_t1092
3151,q102_t1092
3151,q102_t1093
3152,q102_t1093
3152,q102_t1094
3152,q42_t1093
3152,q42_t1094
3153,q102_t1094
3153,q102_t1095
3154,q102_t1095
3154,q102_t1096
3155,q102_t1096
3155,q102_t1097
3155,q43_t1096
3155,q43_t1097
3156,q102_t1097
3156,q102_t1098
3157,q102_t1098
3157,q102_t1099
3158,q102_t1099
3158,q102_t1100
3158,q44_t1099
3158,q44_t1100
3159,q102_t1100
3159,q102_t1101
3160,q102_t1101
3160,q102_t1102
3161,q102_t1102
3161,q102_t1103
3161,q45_t1102
3161,q45_t1103
3162,q102_t1103
3162,q102_t1104
3163,q102_t1104
3163,q102_t1105
3164,q102_t1105
3164,q102_t1106
3164,q46_t1105
3164,q46_t1106
3165,q102_t1106
3165,q102_t1107
3166,q102_t1107
3166,q102_t1108
3167,q102_t1108
3167,q102_t1109
3167,q47_t1108
3167,q47_t1109
3168,q102_t1109
3168,q102_t1110
3169,q102_t1110
3169,q102_t1111
3170,q102_t1111
3170,q102_t1112
3170,q48_t1111
3170,q48_t1112
3171,q102_t1112
3171,q102_t1113
3172,q102_t1113
3172,q102_t1114
3173,q102_t1114
3173,q102_t1115
3173,q49_t1114
3173,q49_t1115
3174,q102_t1115
3174,q102_t1116
3175,q102_t1116
3175,q102_t1117
3176,q102_t1117
3176,q102_t1118
3176,q50_t1117
3176,q50_t1118
3177,q102_t1118
3177,q102_t1119
3178,q102_t1119
3178,q102_t1120
3179,q102_t1120
3179,q102_t1121
3179,q51_t1120
3179,q51_t1121
3180,q102_t1121
3180,q102_t1122
3181,q102_t1122
3181,q102_t1123
3182,q102_t1123
3182,q102_t1124
3182,q52_t1123
3182,q52_t1124
3183,q102_t1124
3183,q102_t1125
3184,q102_t1125
3184,q102_t1126
3185,q102_t1126
3185,q102_t1127
3185,q53_t1126
3185,q53_t1127
3186,q102_t1127
3186,q102_t1128
3187,q102_t1128
3187,q102_t1129
3188,q102_t1129
3188,q102_t1130
3188,q54_t1129
3188,q54_t1130
3189,q102_t1130
3189,q102_t1131
3190,q102_t1131
3190,q102_t1132
3191,q102_t1132
3191,q102_t1133
3191,q55_t1132
3191,q55_t1133
3192,q102_t1133
3192,q102_t1134
3193,q102_t1134
3193,q102_t1135
3194,q102_t1135
3194,q102_t1136
3194,q56_t1135
3194,q56_t1136
3195,q102_t1136
3195,q102_t1137
3196,q102_t1137
3196,q102_t1138
3197,q102_t1138
3197,q102_t1139
3197,q57_t1138
3197,q57_t1139
3198,q102_t1139
3198,q102_t1140
3199,q102_t1140
3199,q102_t1141
3200,q102_t1141
3200,q102_t1142
3200,q58_t1141
3200,q58_t1142
3201,q102_t1142
3201,q102_t1143
3202,q102_t1143
3202,q102_t1144
3203,q102_t1144
3203,q102_t1145
3203,q59_t1144
3203,q59_t1145
3204,q102_t1145
3204,q102_t1146
3205,q102_t1146
3205,q102_t1147
3206,q102_t1147
3206,q102_t1148
3206,q60_t1147
3206,q60_t1148
3207,q102_t1148
3207,q102_t1149
3208,q102_t1149
3208,q102_t1150
3209,q102_t1150
3209,q102_t1151
3209,q61_t1150
3209,q61_t1151
3210,q102_t1151
3210,q102_t1152
3211,q102_t1152
3211,q102_t1153
3212,q102_t1153
3212,q102_t1154
3212,q62_t1153
3212,q62_t1154
3213,q102_t1154
3213,q102_t1155
3214,q102_t1155
3214,q102_t1156
3215,q102_t1156
3215,q102_t1157
3215,q63_t1156
3215,q63_t1157
3216,q102_t1157
3216,q102_t1158
3217,q102_t1158
3217,q102_t1159
3218,q102_t1159
3218,q102_t1160
3218,q64_t1159
3218,q64_t1160
3219,q102_t1160
3219,q102_t1161
3220,q102_t1161
3220,q102_t1162
3221,q102_t1162
3221,q102_t1163
3221,q65_t1162
3221,q65_t1163
3222,q102_t1163
3222,q102_t1164
3223,q102_t1164
3223,q102_t1165
3224,q102_t1165
3224,q102_t1166
3224,q66_t1165
3224,q66_t1166
3225,q102_t1166
3225,q102_t1167
3226,q102_t1167
3226,q102_t1168
3227,q102_t1168
3227,q102_t1169
3227,q67_t1168
3227,q67_t1169
3228,q102_t1169
3228,q102_t1170
3229,q102_t1170
3229,q102_t1171
3230,q102_t1171
3230,q102_t1172
3230,q68_t1171
3230,q68_t1172
3231,q102_t1172
3231,q102_t1173
3232,q102_t1173
3232,q102_t1174
3233,q102_t1174
3233,q102_t1175
3233,q69_t1174
3233,q69_t1175
3234,q102_t1175
3234,q102_t1176
3235,q102_t1176
3235,q102_t1177
3236,q102_t1177
3236,q102_t1178
3236,q70_t1177
3236,q70_t1178
3237,q102_t1178
3237,q102_t1179
3238,q102_t1179
3238,q102_t1180
3239,q102_t1180
3239,q102_t1181
3239,q71_t1180
3239,q71_t1181
3240,q102_t1181
3240,q102_t1182
3241,q102_t1182
3241,q102_t1183
3242,q102_t1183
3242,q102_t1184
3242,q72_t1183
3242,q72_t1184
3243,q102_t1184
3243,q102_t1185
3244,q102_t1185
3244,q102_t1186
3245,q102_t1186
3245,q102_t1187
3245,q73_t1186
3245,q73_t1187
3246,q102_t1187
3246,q102_t1188
3247,q102_t1188
3247,q102_t1189
3248,q102_t1189
3248,q102_t1190
3248,q74_t1189
3248,q74_t1190
3249,q102_t1190
3249,q102_t1191
3250,q102_t1191
3250,q102_t1192
3251,q102_t1192
3251,q102_t1193
3251,q75_t1192
3251,q75_t1193
3252,q102_t1193
3252,q102_t1194
3253,q102_t1194
3253,q102_t1195
3254,q102_t1195
3254,q102_t1196
3254,q76_t1195
3254,q76_t1196
3255,q102_t1196
3255,q102_t1197
3256,q102_t1197
3256,q102_t1198
3257,q102_t1198
3257,q102_t1199
3257,q77_t1198
3257,q77_t1199
3258,q102_t1199
3258,q102_t1200
3259,q102_t1200
3259,q102_t1201
3260,q102_t1201
3260,q102_t1202
3260,q78_t1201
3260,q78_t1202
3261,q102_t1202
3261,q102_t1203
3262,q102_t1203
3262,q102_t1204
3263,q102_t1204
3263,q102_t1205
3263,q79_t1204
3263,q79_t1205
3264,q102_t1205
3264,q102_t1206
3265,q102_t1206
3265,q102_t1207
3266,q102_t1207
3266,q102_t1208
3266,q80_t1207
3266,q80_t1208
3267,q102_t1208
3267,q102_t1209
3268,q102_t1209
3268,q102_t1210
3269,q102_t1210
3269,q102_t1211
3269,q81_t1210
3269,q81_t1211
3270,q102_t1211
3270,q102_t1212
3271,q102_t1212
3271,q102_t1213
3272,q102_t1213
3272,q102_t1214
3272,q82_t1213
3272,q82_t1214
3273,q102_t1214
3273,q102_t1215
3274,q102_t1215
3274,q102_t1216
3275,q102_t1216
3275,q102_t1217
3275,q83_t1216
3275,q83_t1217
3276,q102_t1217
3276,q102_t1218
3277,q102_t1218
3277,q102_t1219
3278,q102_t1219
3278,q102_t1220
3278,q84_t1219
3278,q84_t1220
3279,q102_t1220
3279,q102_t1221
3280,q102_t1221
3280,q102_t1222
3281,q102_t1222
3281,q102_t1223
3281,q85_t1222
3281,q85_t1223
3282,q102_t1223
3282,q102_t1224
3283,q102_t1224
3283,q102_t1225
3284,q102_t1225
3284,q102_t1226
3284,q86_t1225
3284,q86_t1226
3285,q102_t1226
3285,q102_t1227
3286,q102_t1227
3286,q102_t1228
3287,q102_t1228
3287,q102_t1229
3287,q87_t1228
3287,q87_t1229
3288,q102_t1229
3288,q102_t1230
3289,q102_t1230
3289,q102_t1231
3290,q102_t1231
3290,q102_t1232
3290,q88_t1231
3290,q88_t1232
3291,q102_t1232
3291,q102_t1233
3292,q102_t1233
3292,q102_t1234
3293,q102_t1234
3293,q102_t1235
3293,q89_t1234
3293,q89_t1235
3294,q102_t1235
3294,q102_t1236
3295,q102_t1236
3295,q102_t1237
3296,q102_t1237
3296,q102_t1238
3296,q90_t1237
3296,q90_t1238
3297,q102_t1238
3297,q102_t1239
3298,q102_t1239
3298,q102_t1240
3299,q102_t1240
3299,q102_t1241
3299,q91_t1240
3299,q91_t1241
3300,q102_t1241
3300,q102_t1242
3301,q102_t1242
3301,q102_t1243
3302,q102_t1243
3302,q102_t1244
3302,q92_t1243
3302,q92_t1244
3303,q102_t1244
3303,q102_t1245
3304,q102_t1245
3304,q102_t1246
3305,q102_t1246
3305,q102_t1247
3305,q93_t1246
3305,q93_t1247
3306,q102_t1247
3306,q102_t1248
3307,q102_t1248
3307,q102_t1249
3308,q102_t1249
3308,q102_t1250
3308,q94_t1249
3308,q94_t1250
3309,q102_t1250
3309,q102_t1251
3310,q102_t1251
3310,q102_t1252
3311,q102_t1252
3311,q102_t1253
3311,q95_t1252
3311,q95_t1253
3312,q102_t1253
3312,q102_t1254
3313,q102_t1254
3313,q102_t1255
3314,q102_t1255
3314,q102_t1256
3314,q96_t1255
3314,q96_t1256
3315,q102_t1256
3315,q102_t1257
3316,q102_t1257
3316,q102_t1258
3317,q102_t1258
3317,q102_t1259
3317,q97_t1258
3317,q97_t1259
3318,q102_t1259
3318,q102_t1260
3319,q102_t1260
3319,q102_t1261
3320,q102_t1261
3320,q102_t1262
3320,q98_t1261
3320,q98_t1262
3321,q102_t1262
3321,q102_t1263
3322,q102_t1263
3322,q102_t1264
3323,q102_t1264
3323,q102_t1265
3323,q99_t1264
3323,q99_t1265
3324,q102_t1265
3324,q102_t1266
3325,q102_t1266
3325,q102_t1267
3326,q102_t1268
3326,q102_t1269
3327,q102_t1269
3327,q102_t1270
3328,q102_t1271
3328,q102_t1272
3329,q102_t1272
3329,q102_t1276
3330,q102_t1276
3330,q102_t1277
3330,q103_t1276
3330,q103_t1277
3331,q102_t1277
3331,q102_t1278
3332,q102_t1278
3332,q102_t1279
3333,q102_t1279
3333,q102_t1280
3333,q104_t1279
3333,q104_t1280
3334,q102_t1280
3334,q102_t1281
3335,q102_t1281
3335,q102_t1282
3336,q102_t1282
3336,q102_t1283
3336,q105_t1282
3336,q105_t1283
3337,q102_t1283
3337,q102_t1284
3338,q102_t1284
3338,q102_t1285
3339,q102_t1285
3339,q102_t1286
3339,q106_t1285
3339,q106_t1286
3340,q102_t1286
3340,q102_t1287
3341,q102_t1287
3341,q102_t1288
3342,q102_t1288
3342,q102_t1289
3342,q107_t1288
3342,q107_t1289
3343,q102_t1289
3343,q102_t1290
3344,q102_t1290
3344,q102_t1291
3345,q102_t1291
3345,q102_t1292
3345,q108_t1291
3345,q108_t1292
3346,q102_t1292
3346,q102_t1293
3347,q102_t1293
3347,q102_t1294
3348,q102_t1294
3348,q102_t1295
3348,q109_t1294
3348,q109_t1295
3349,q102_t1295
3349,q102_t1296
3350,q102_t1296
3350,q102_t1297
3351,q102_t306
3351,q102_t307
3352,q102_t307
3352,q102_t308
3353,q102_t308
3353,q102_t309
3353,q1_t308
3353,q1_t309
3354,q102_t309
3354,q102_t310
3355,q102_t310
3355,q102_t311
3356,q102_t311
3356,q102_t312
3356,q2_t311
3356,q2_t312
3357,q102_t312
3357,q102_t313
3358,q102_t313
3358,q102_t314
3359,q102_t314
3359,q102_t315
3359,q3_t314
3359,q3_t315
3360,q102_t315
3360,q102_t316
3361,q102_t316
3361,q102_t317
3362,q102_t317
3362,q102_t318
3362,q4_t317
3362,q4_t318
3363,q102_t318
3363,q102_t319
3364,q102_t319
3364,q102_t320
3365,q102_t320
3365,q102_t321
3365,q5_t320
3365,q5_t321
3366,q102_t321
3366,q102_t322
3367,q102_t322
3367,q102_t323
3368,q102_t323
3368,q102_t324
3368,q6_t323
3368,q6_t324
3369,q102_t324
3369,q102_t325
3370,q102_t325
3370,q102_t326
3371,q102_t326
3371,q102_t327
3371,q7_t326
3371,q7_t327
3372,q102_t327
3372,q102_t328
3373,q102_t328
3373,q102_t329
3374,q102_t329
3374,q102_t330
3374,q8_t329
3374,q8_t330
3375,q102_t330
3375,q102_t331
3376,q102_t331
3376,q102_t332
3377,q102_t332
3377,q102_t333
3377,q9_t332
3377,q9_t333
3378,q102_t333
3378,q102_t334
3379,q102_t334
3379,q102_t335
3380,q102_t335
3380,q102_t336
3380,q10_t335
3380,q10_t336
3381,q102_t336
3381,q102_t337
3382,q102_t337
3382,q102_t338
3383,q102_t338
3383,q102_t339
3383,q11_t338
3383,q11_t339
3384,q102_t339
3384,q102_t340
3385,q102_t340
3385,q102_t341
3386,q102_t341
3386,q102_t342
3386,q12_t341
3386,q12_t342
3387,q102_t342
3387,q102_t343
3388,q102_t343
3388,q102_t344
3389,q102_t344
3389,q102_t345
3389,q13_t344
3389,q13_t345
3390,q102_t345
3390,q102_t346
3391,q102_t346
3391,q102_t347
3392,q102_t347
3392,q102_t348
3392,q14_t347
3392,q14_t348
3393,q102_t348
3393,q102_t349
3394,q102_t349
3394,q102_t350
3395,q102_t350
3395,q102_t351
3395,q15_t350
3395,q15_t351
3396,q102_t351
3396,q102_t352
3397,q102_t352
3397,q102_t353
3398,q102_t353
3398,q102_t354
3398,q16_t353
3398,q16_t354
3399,q102_t354
3399,q102_t355
3400,q102_t355
3400,q102_t356
3401,q102_t356
3401,q102_t357
3401,q17_t356
3401,q17_t357
3402,q102_t357
3402,q102_t358
3403,q102_t358
3403,q102_t359
3404,q102_t359
3404,q102_t360
3404,q18_t359
3404,q18_t360
3405,q102_t360
3405,q102_t361
3406,q102_t361
3406,q102_t362
3407,q102_t362
3407,q102_t363
3407,q19_t362
3407,q19_t363
3408,q102_t363
3408,q102_t364
3409,q102_t364
3409,q102_t365
3410,q102_t365
3410,q102_t366
3410,q20_t365
3410,q20_t366
3411,q102_t366
3411,q102_t367
3412,q102_t367
3412,q102_t368
3413,q102_t368
3413,q102_t369
3413,q21_t368
3413,q21_t369
3414,q102_t369
3414,q102_t370
3415,q102_t370
3415,q102_t371
3416,q102_t371
3416,q102_t372
3416,q22_t371
3416,q22_t372
3417,q102_t372
3417,q102_t373
3418,q102_t373
3418,q102_t374
3419,q102_t374
3419,q102_t375
3419,q23_t374
3419,q23_t375
3420,q102_t375
3420,q102_t376
3421,q102_t376
3421,q102_t377
3422,q102_t377
3422,q102_t378
3422,q24_t377
3422,q24_t378
3423,q102_t378
3423,q102_t379
3424,q102_t379
3424,q102_t380
3425,q102_t380
3425,q102_t381
3425,q25_t380
3425,q25_t381
3426,q102_t381
3426,q102_t382
3427,q102_t382
3427,q102_t383
3428,q102_t383
3428,q102_t384
3428,q26_t383
3428,q26_t384
3429,q102_t384
3429,q102_t385
3430,q102_t385
3430,q102_t386
3431,q102_t386
3431,q102_t387
3431,q27_t386
3431,q27_t387
3432,q102_t387
3432,q102_t388
3433,q102_t388
3433,q102_t389
3434,q102_t389
3434,q102_t390
3434,q28_t389
3434,q28_t390
3435,q102_t390
3435,q102_t391
3436,q102_t391
3436,q102_t392
3437,q102_t392
3437,q102_t393
3437,q29_t392
3437,q29_t393
3438,q102_t393
3438,q102_t394
3439,q102_t394
3439,q102_t395
3440,q102_t395
3440,q102_t396
3440,q30_t395
3440,q30_t396
3441,q102_t396
3441,q102_t397
3442,q102_t397
3442,q102_t398
3443,q102_t398
3443,q102_t399
3443,q31_t398
3443,q31_t399
3444,q102_t399
3444,q102_t400
3445,q102_t400
3445,q102_t401
3446,q102_t401
3446,q102_t402
3446,q32_t401
3446,q32_t402
3447,q102_t402
3447,q102_t403
3448,q102_t403
3448,q102_t404
3449,q102_t404
3449,q102_t405
3449,q33_t404
3449,q33_t405
3450,q102_t405
3450,q102_t406
3451,q102_t406
3451,q102_t407
3452,q102_t407
3452,q102_t408
3452,q34_t407
3452,q34_t408
3453,q102_t408
3453,q102_t409
3454,q102_t409
3454,q102_t410
3455,q102_t410
3455,q102_t411
3455,q35_t410
3455,q35_t411
3456,q102_t411
3456,q102_t412
3457,q102_t412
3457,q102_t413
3458,q102_t413
3458,q102_t414
3458,q36_t413
3458,q36_t414
3459,q102_t414
3459,q102_t415
3460,q102_t415
3460,q102_t416
3461,q102_t416
3461,q102_t417
3461,q37_t416
3461,q37_t417
3462,q102_t417
3462,q102_t418
3463,q102_t418
3463,q102_t419
3464,q102_t419
3464,q102_t420
3464,q38_t419
3464,q38_t420
3465,q102_t420
3465,q102_t421
3466,q102_t421
3466,q102_t422
3467,q102_t422
3467,q102_t423
3467,q39_t422
3467,q39_t423
3468,q102_t423
3468,q102_t424
3469,q102_t424
3469,q102_t425
3470,q102_t425
3470,q102_t426
3470,q40_t425
3470,q40_t426
3471,q102_t426
3471,q102_t427
3472,q102_t427
3472,q102_t428
3473,q102_t428
3473,q102_t429
3473,q41_t428
3473,q41_t429
3474,q102_t429
3474,q102_t430
3475,q102_t430
3475,q102_t431
3476,q102_t431
3476,q102_t432
3476,q42_t431
3476,q42_t432
3477,q102_t432
3477,q102_t433
3478,q102_t433
3478,q102_t434
3479,q102_t434
3479,q102_t435
3479,q43_t434
3479,q43_t435
3480,q102_t435
3480,q102_t436
3481,q102_t436
3481,q102_t437
3482,q102_t437
3482,q102_t438
3482,q44_t437
3482,q44_t438
3483,q102_t438
3483,q102_t439
3484,q102_t439
3484,q102_t440
3485,q102_t440
3485,q102_t441
3485,q45_t440
3485,q45_t441
3486,q102_t441
3486,q102_t442
3487,q102_t442
3487,q102_t443
3488,q102_t443
3488,q102_t444
3488,q46_t443
3488,q46_t444
3489,q102_t444
3489,q102_t445
3490,q102_t445
3490,q102_t446
3491,q102_t446
3491,q102_t447
3491,q47_t446
3491,q47_t447
3492,q102_t447
3492,q102_t448
3493,q102_t448
3493,q102_t449
3494,q102_t449
3494,q102_t450
3494,q48_t449
3494,q48_t450
3495,q102_t450
3495,q102_t451
3496,q102_t451
3496,q102_t452
3497,q102_t452
3497,q102_t453
3497,q49_t452
3497,q49_t453
3498,q102_t453
3498,q102_t454
3499,q102_t454
3499,q102_t455
3500,q102_t455
3500,q102_t456
3500,q50_t455
3500,q50_t456
3501,q102_t456
3501,q102_t457
3502,q102_t457
3502,q102_t458
3503,q102_t458
3503,q102_t459
3503,q51_t458
3503,q51_t459
3504,q102_t459
3504,q102_t460
3505,q102_t460
3505,q102_t461
3506,q102_t461
3506,q102_t462
3506,q52_t461
3506,q52_t462
3507,q102_t462
3507,q102_t463
3508,q102_t463
3508,q102_t464
3509,q102_t464
3509,q102_t465
3509,q53_t464
3509,q53_t465
3510,q102_t465
3510,q102_t466
3511,q102_t466
3511,q102_t467
3512,q102_t467
3512,q102_t468
3512,q54_t467
3512,q54_t468
3513,q102_t468
3513,q102_t469
3514,q102_t469
3514,q102_t470
3515,q102_t470
3515,q102_t471
3515,q55_t470
3515,q55_t471
3516,q102_t471
3516,q102_t472
3517,q102_t472
3517,q102_t473
3518,q102_t473
3518,q102_t474
3518,q56_t473
3518,q56_t474
3519,q102_t474
3519,q102_t475
3520,q102_t475
3520,q102_t476
3521,q102_t476
3521,q102_t477
3521,q57_t476
3521,q57_t477
3522,q102_t477
3522,q102_t478
3523,q102_t478
3523,q102_t479
3524,q102_t479
3524,q102_t480
3524,q58_t479
3524,q58_t480
3525,q102_t480
3525,q102_t481
3526,q102_t481
3526,q102_t482
3527,q102_t482
3527,q102_t483
3527,q59_t482
3527,q59_t483
3528,q102_t483
3528,q102_t484
3529,q102_t484
3529,q102_t485
3530,q102_t485
3530,q102_t486
3530,q60_t485
3530,q60_t486
3531,q102_t486
3531,q102_t487
3532,q102_t487
3532,q102_t488
3533,q102_t488
3533,q102_t489
3533,q61_t488
3533,q61_t489
3534,q102_t489
3534,q102_t490
3535,q102_t490
3535,q102_t491
3536,q102_t491
3536,q102_t492
3536,q62_t491
3536,q62_t492
3537,q102_t492
3537,q102_t493
3538,q102_t493
3538,q102_t494
3539,q102_t494
3539,q102_t495
3539,q63_t494
3539,q63_t495
3540,q102_t495
3540,q102_t496
3541,q102_t496
3541,q102_t497
3542,q102_t497
3542,q102_t498
3542,q64_t497
3542,q64_t498
3543,q102_t498
3543,q102_t499
3544,q102_t499
3544,q102_t500
3545,q102_t500
3545,q102_t501
3545,q65_t500
3545,q65_t501
3546,q102_t501
3546,q102_t502
3547,q102_t502
3547,q102_t503
3548,q102_t503
3548,q102_t504
3548,q66_t503
3548,q66_t504
3549,q102_t504
3549,q102_t505
3550,q102_t505
3550,q102_t506
3551,q102_t506
3551,q102_t507
3551,q67_t506
3551,q67_t507
3552,q102_t507
3552,q102_t508
3553,q102_t508
3553,q102_t509
3554,q102_t509
3554,q102_t510
3554,q68_t509
3554,q68_t510
3555,q102_t510
3555,q102_t511
3556,q102_t511
3556,q102_t512
3557,q102_t512
3557,q102_t513
3557,q69_t512
3557,q69_t513
3558,q102_t513
3558,q102_t514
3559,q102_t514
3559,q102_t515
3560,q102_t515
3560,q102_t516
3560,q70_t515
3560,q70_t516
3561,q102_t516
3561,q102_t517
3562,q102_t517
3562,q102_t518
3563,q102_t518
3563,q102_t519
3563,q71_t518
3563,q71_t519
3564,q102_t519
3564,q102_t520
3565,q102_t520
3565,q102_t521
3566,q102_t521
3566,q102_t522
3566,q72_t521
3566,q72_t522
3567,q102_t522
3567,q102_t523
3568,q102_t523
3568,q102_t524
3569,q102_t524
3569,q102_t525
3569,q73_t524
3569,q73_t525
3570,q102_t525
3570,q102_t526
3571,q102_t526
3571,q102_t527
3572,q102_t527
3572,q102_t528
3572,q74_t527
3572,q74_t528
3573,q102_t528
3573,q102_t529
3574,q102_t529
3574,q102_t530
3575,q102_t530
3575,q102_t531
3575,q75_t530
3575,q75_t531
3576,q102_t531
3576,q102_t532
3577,q102_t532
3577,q102_t533
3578,q102_t533
3578,q102_t534
3578,q76_t533
3578,q76_t534
3579,q102_t534
3579,q102_t535
3580,q102_t535
3580,q102_t536
3581,q102_t536
3581,q102_t537
3581,q77_t536
3581,q77_t537
3582,q102_t537
3582,q102_t538
3583,q102_t538
3583,q102_t539
3584,q102_t539
3584,q102_t540
3584,q78_t539
3584,q78_t540
3585,q102_t540
3585,q102_t541
3586,q102_t541
3586,q102_t542
3587,q102_t542
3587,q102_t543
3587,q79_t542
3587,q79_t543
3588,q102_t543
3588,q102_t544
3589,q102_t544
3589,q102_t545
3590,q102_t545
3590,q102_t546
3590,q80_t545
3590,q80_t546
3591,q102_t546
3591,q102_t547
3592,q102_t547
3592,q102_t548
3593,q102_t548
3593,q102_t549
3593,q81_t548
3593,q81_t549
3594,q102_t549
3594,q102_t550
3595,q102_t550
3595,q102_t551
3596,q102_t551
3596,q102_t552
3596,q82_t551
3596,q82_t552
3597,q102_t552
3597,q102_t553
3598,q102_t553
3598,q102_t554
3599,q102_t554
3599,q102_t555
3599,q83_t554
3599,q83_t555
3600,q102_t555
3600,q102_t556
3601,q102_t556
3601,q102_t557
3602,q102_t557
3602,q102_t558
3602,q84_t557
3602,q84_t558
3603,q102_t558
3603,q102_t559
3604,q102_t559
3604,q102_t560
3605,q102_t560
3605,q102_t561
3605,q85_t560
3605,q85_t561
3606,q102_t561
3606,q102_t562
3607,q102_t562
3607,q102_t563
3608,q102_t563
3608,q102_t564
3608,q86_t563
3608,q86_t564
3609,q102_t564
3609,q102_t565
3610,q102_t565
3610,q102_t566
3611,q102_t566
3611,q102_t567
3611,q87_t566
3611,q87_t567
3612,q102_t567
3612,q102_t568
3613,q102_t568
3613,q102_t569
3614,q102_t569
3614,q102_t570
3614,q88_t569
3614,q88_t570
3615,q102_t570
3615,q102_t571
3616,q102_t571
3616,q102_t572
3617,q102_t572
3617,q102_t573
3617,q89_t572
3617,q89_t573
3618,q102_t573
3618,q102_t574
3619,q102_t574
3619,q102_t575
3620,q102_t575
3620,q102_t576
3620,q90_t575
3620,q90_t576
3621,q102_t576
3621,q102_t577
3622,q102_t577
3622,q102_t578
3623,q102_t578
3623,q102_t579
3623,q91_t578
3623,q91_t579
3624,q102_t579
3624,q102_t580
3625,q102_t580
3625,q102_t581
3626,q102_t581
3626,q102_t582
3626,q92_t581
3626,q92_t582
3627,q102_t582
3627,q102_t583
3628,q102_t583
3628,q102_t584
3629,q102_t584
3629,q102_t585
3629,q93_t584
3629,q93_t585
3630,q102_t585
3630,q102_t586
3631,q102_t586
3631,q102_t587
3632,q102_t587
3632,q102_t588
3632,q94_t587
3632,q94_t588
3633,q102_t588
3633,q102_t589
3634,q102_t589
3634,q102_t590
3635,q102_t590
3635,q102_t591
3635,q95_t590
3635,q95_t591
3636,q102_t591
3636,q102_t592
3637,q102_t592
3637,q102_t593
3638,q102_t593
3638,q102_t594
3638,q96_t593
3638,q96_t594
3639,q102_t594
3639,q102_t595
3640,q102_t595
3640,q102_t596
3641,q102_t596
3641,q102_t597
3641,q97_t596
3641,q97_t597
3642,q102_t597
3642,q102_t598
3643,q102_t598
3643,q102_t599
3644,q102_t599
3644,q102_t600
3644,q98_t599
3644,q98_t600
3645,q102_t600
3645,q102_t601
3646,q102_t601
3646,q102_t602
3647,q102_t602
3647,q102_t603
3647,q99_t602
3647,q99_t603
3648,q102_t603
3648,q102_t604
3649,q102_t604
3649,q102_t605
3650,q102_t606
3650,q102_t607
3651,q102_t607
3651,q102_t608
3652,q102_t609
3652,q102_t610
3653,q102_t610
3653,q102_t614
3654,q102_t614
3654,q102_t615
3654,q103_t614
3654,q103_t615
3655,q102_t615
3655,q102_t616
3656,q102_t616
3656,q102_t617
3657,q102_t617
3657,q102_t618
3657,q104_t617
3657,q104_t618
3658,q102_t618
3658,q102_t619
3659,q102_t619
3659,q102_t620
3660,q102_t620
3660,q102_t621
3660,q105_t620
3660,q105_t621
3661,q102_t621
3661,q102_t622
3662,q102_t622
3662,q102_t623
3663,q102_t623
3663,q102_t624
3663,q106_t623
3663,q106_t624
3664,q102_t624
3664,q102_t625
3665,q102_t625
3665,q102_t626
3666,q102_t626
3666,q102_t627
3666,q107_t626
3666,q107_t627
3667,q102_t627
3667,q102_t628
3668,q102_t628
3668,q102_t629
3669,q102_t629
3669,q102_t630
3669,q108_t629
3669,q108_t630
3670,q102_t630
3670,q102_t631
3671,q102_t631
3671,q102_t632
3672,q102_t632
3672,q102_t633
3672,q109_t632
3672,q109_t633
3673,q102_t633
3673,q102_t634
3674,q102_t634
3674,q102_t635
3675,q102_t635
3675,q102_t636
3676,q102_t637
3676,q102_t638
3677,q102_t638
3677,q102_t639
3678,q102_t639
3678,q102_t640
3678,q1_t639
3678,q1_t640
3679,q102_t640
3679,q102_t641
3680,q102_t641
3680,q102_t642
3681,q102_t642
3681,q102_t643
3681,q2_t642
3681,q2_t643
3682,q102_t643
3682,q102_t644
3683,q102_t644
3683,q102_t645
3684,q102_t645
3684,q102_t646
3684,q3_t645
3684,q3_t646
3685,q102_t646
3685,q102_t647
3686,q102_t647
3686,q102_t648
3687,q102_t648
3687,q102_t649
3687,q4_t648
3687,q4_t649
3688,q102_t649
3688,q102_t650
3689,q102_t650
3689,q102_t651
3690,q102_t651
3690,q102_t652
3690,q5_t651
3690,q5_t652
3691,q102_t652
3691,q102_t653
3692,q102_t653
3692,q102_t654
3693,q102_t654
3693,q102_t655
3693,q6_t654
3693,q6_t655
3694,q102_t655
3694,q102_t656
3695,q102_t656
3695,q102_t657
3696,q102_t657
3696,q102_t658
3696,q7_t657
3696,q7_t658
3697,q102_t658
3697,q102_t659
3698,q102_t659
3698,q102_t660
3699,q102_t660
3699,q102_t661
3699,q8_t660
3699,q8_t661
3700,q102_t661
3700,q102_t662
3701,q102_t662
3701,q102_t663
3702,q102_t663
3702,q102_t664
3702,q9_t663
3702,q9_t664
3703,q102_t664
3703,q102_t665
3704,q102_t665
3704,q102_t666
3705,q102_t666
3705,q102_t667
3705,q10_t666
3705,q10_t667
3706,q102_t667
3706,q102_t668
3707,q102_t668
3707,q102_t669
3708,q102_t669
3708,q102_t670
3708,q11_t669
3708,q11_t670
3709,q102_t670
3709,q102_t671
3710,q102_t671
3710,q102_t672
3711,q102_t672
3711,q102_t673
3711,q12_t672
3711,q12_t673
3712,q102_t673
3712,q102_t674
3713,q102_t674
3713,q102_t675
3714,q102_t675
3714,q102_t676
3714,q13_t675
3714,q13_t676
3715,q102_t676
3715,q102_t677
3716,q102_t677
3716,q102_t678
3717,q102_t678
3717,q102_t679
3717,q14_t678
3717,q14_t679
3718,q102_t679
3718,q102_t680
3719,q102_t680
3719,q102_t681
3720,q102_t681
3720,q102_t682
3720,q15_t681
3720,q15_t682
3721,q102_t682
3721,q102_t683
3722,q102_t683
3722,q102_t684
3723,q102_t684
3723,q102_t685
3723,q16_t684
3723,q16_t685
3724,q102_t685
3724,q102_t686
3725,q102_t686
3725,q102_t687
3726,q102_t687
3726,q102_t688
3726,q17_t687
3726,q17_t688
3727,q102_t688
3727,q102_t689
3728,q102_t689
3728,q102_t690
3729,q102_t690
3729,q102_t691
3729,q18_t690
3729,q18_t691
3730,q102_t691
3730,q102_t692
3731,q102_t692
3731,q102_t693
3732,q102_t693
3732,q102_t694
3732,q19_t693
3732,q19_t694
3733,q102_t694
3733,q102_t695
3734,q102_t695
3734,q102_t696
3735,q102_t696
3735,q102_t697
3735,q20_t696
3735,q20_t697
3736,q102_t697
3736,q102_t698
3737,q102_t698
3737,q102_t699
3738,q102_t699
3738,q102_t700
3738,q21_t699
3738,q21_t700
3739,q102_t700
3739,q102_t701
3740,q102_t701
3740,q102_t702
3741,q102_t702
3741,q102_t703
3741,q22_t702
3741,q22_t703
3742,q102_t703
3742,q102_t704
3743,q102_t704
3743,q102_t705
3744,q102_t705
3744,q102_t706
3744,q23_t705
3744,q23_t706
3745,q102_t706
3745,q102_t707
3746,q102_t707
3746,q102_t708
3747,q102_t708
3747,q102_t709
3747,q24_t708
3747,q24_t709
3748,q102_t709
3748,q102_t710
3749,q102_t710
3749,q102_t711
3750,q102_t711
3750,q102_t712
3750,q25_t711
3750,q25_t712
3751,q102_t712
3751,q102_t713
3752,q102_t713
3752,q102_t714
3753,q102_t714
3753,q102_t715
3753,q26_t714
3753,q26_t715
3754,q102_t715
3754,q102_t716
3755,q102_t716
3755,q102_t717
3756,q102_t717
3756,q102_t718
3756,q27_t717
3756,q27_t718
3757,q102_t718
3757,q102_t719
3758,q102_t719
3758,q102_t720
3759,q102_t720
3759,q102_t721
3759,q28_t720
3759,q28_t721
3760,q102_t721
3760,q102_t722
3761,q102_t722
3761,q102_t723
3762,q102_t723
3762,q102_t724
3762,q29_t723
3762,q29_t724
3763,q102_t724
3763,q102_t725
3764,q102_t725
3764,q102_t726
3765,q102_t726
3765,q102_t727
3765,q30_t726
3765,q30_t727
3766,q102_t727
3766,q102_t728
3767,q102_t728
3767,q102_t729
3768,q102_t729
3768,q102_t730
3768,q31_t729
3768,q31_t730
3769,q102_t730
3769,q102_t731
3770,q102_t731
3770,q102_t732
3771,q102_t732
3771,q102_t733
3771,q32_t732
3771,q32_t733
3772,q102_t733
3772,q102_t734
3773,q102_t734
3773,q102_t735
3774,q102_t735
3774,q102_t736
3774,q33_t735
3774,q33_t736
3775,q102_t736
3775,q102_t737
3776,q102_t737
3776,q102_t738
3777,q102_t738
3777,q102_t739
3777,q34_t738
3777,q34_t739
3778,q102_t739
3778,q102_t740
3779,q102_t740
3779,q102_t741
3780,q102_t741
3780,q102_t742
3780,q35_t741
3780,q35_t742
3781,q102_t742
3781,q102_t743
3782,q102_t743
3782,q102_t744
3783,q102_t744
3783,q102_t745
3783,q36_t744
3783,q36_t745
3784,q102_t745
3784,q102_t746
3785,q102_t746
3785,q102_t747
3786,q102_t747
3786,q102_t748
3786,q37_t747
3786,q37_t748
3787,q102_t748
3787,q102_t749
3788,q102_t749
3788,q102_t750
3789,q102_t750
3789,q102_t751
3789,q38_t750
3789,q38_t751
3790,q102_t751
3790,q102_t752
3791,q102_t752
3791,q102_t753
3792,q102_t753
3792,q102_t754
3792,q39_t753
3792,q39_t754
3793,q102_t754
3793,q102_t755
3794,q102_t755
3794,q102_t756
3795,q102_t756
3795,q102_t757
3795,q40_t756
3795,q40_t757
3796,q102_t757
3796,q102_t758
3797,q102_t758
3797,q102_t759
3798,q102_t759
3798,q102_t760
3798,q41_t759
3798,q41_t760
3799,q102_t760
3799,q102_t761
3800,q102_t761
3800,q102_t762
3801,q102_t762
3801,q102_t763
3801,q42_t762
3801,q42_t763
3802,q102_t763
3802,q102_t764
3803,q102_t764
3803,q102_t765
3804,q102_t765
3804,q102_t766
3804,q43_t765
3804,q43_t766
3805,q102_t766
3805,q102_t767
3806,q102_t767
3806,q102_t768
3807,q102_t768
3807,q102_t769
3807,q44_t768
3807,q44_t769
3808,q102_t769
3808,q102_t770
3809,q102_t770
3809,q102_t771
3810,q102_t771
3810,q102_t772
3810,q45_t771
3810,q45_t772
3811,q102_t772
3811,q102_t773
3812,q102_t773
3812,q102_t774
3813,q102_t774
3813,q102_t775
3813,q46_t774
3813,q46_t775
3814,q102_t775
3814,q102_t776
3815,q102_t776
3815,q102_t777
3816,q102_t777
3816,q102_t778
3816,q47_t777
3816,q47_t778
3817,q102_t778
3817,q102_t779
3818,q102_t779
3818,q102_t780
3819,q102_t780
3819,q102_t781
3819,q48_t780
3819,q48_t781
3820,q102_t781
3820,q102_t782
3821,q102_t782
3821,q102_t783
3822,q102_t783
3822,q102_t784
3822,q49_t783
3822,q49_t784
3823,q102_t784
3823,q102_t785
3824,q102_t785
3824,q102_t786
3825,q102_t786
3825,q102_t787
3825,q50_t786
3825,q50_t787
3826,q102_t787
3826,q102_t788
3827,q102_t788
3827,q102_t789
3828,q102_t789
3828,q102_t790
3828,q51_t789
3828,q51_t790
3829,q102_t790
3829,q102_t791
3830,q102_t791
3830,q102_t792
3831,q102_t792
3831,q102_t793
3831,q52_t792
3831,q52_t793
3832,q102_t793
3832,q102_t794
3833,q102_t794
3833,q102_t795
3834,q102_t795
3834,q102_t796
3834,q53_t795
3834,q53_t796
3835,q102_t796
3835,q102_t797
3836,q102_t797
3836,q102_t798
3837,q102_t798
3837,q102_t799
3837,q54_t798
3837,q54_t799
3838,q102_t799
3838,q102_t800
3839,q102_t800
3839,q102_t801
3840,q102_t801
3840,q102_t802
3840,q55_t801
3840,q55_t802
3841,q102_t802
3841,q102_t803
3842,q102_t803
3842,q102_t804
3843,q102_t804
3843,q102_t805
3843,q56_t804
3843,q56_t805
3844,q102_t805
3844,q102_t806
3845,q102_t806
3845,q102_t807
3846,q102_t807
3846,q102_t808
3846,q57_t807
3846,q57_t808
3847,q102_t808
3847,q102_t809
3848,q102_t809
3848,q102_t810
3849,q102_t810
3849,q102_t811
3849,q58_t810
3849,q58_t811
3850,q102_t811
3850,q102_t812
3851,q102_t812
3851,q102_t813
3852,q102_t813
3852,q102_t814
3852,q59_t813
3852,q59_t814
3853,q102_t814
3853,q102_t815
3854,q102_t815
3854,q102_t816
3855,q102_t816
3855,q102_t817
3855,q60_t816
3855,q60_t817
3856,q102_t817
3856,q102_t818
3857,q102_t818
3857,q102_t819
3858,q102_t819
3858,q102_t820
3858,q61_t819
3858,q61_t820
3859,q102_t820
3859,q102_t821
3860,q102_t821
3860,q102_t822
3861,q102_t822
3861,q102_t823
3861,q62_t822
3861,q62_t823
3862,q102_t823
3862,q102_t824
3863,q102_t824
3863,q102_t825
3864,q102_t825
3864,q102_t826
3864,q63_t825
3864,q63_t826
3865,q102_t826
3865,q102_t827
3866,q102_t827
3866,q102_t828
3867,q102_t828
3867,q102_t829
3867,q64_t828
3867,q64_t829
3868,q102_t829
3868,q102_t830
3869,q102_t830
3869,q102_t831
3870,q102_t831
3870,q102_t832
3870,q65_t831
3870,q65_t832
3871,q102_t832
3871,q102_t833
3872,q102_t833
3872,q102_t834
3873,q102_t834
3873,q102_t835
3873,q66_t834
3873,q66_t835
3874,q102_t835
3874,q102_t836
3875,q102_t836
3875,q102_t837
3876,q102_t837
3876,q102_t838
3876,q67_t837
3876,q67_t838
3877,q102_t838
3877,q102_t839
3878,q102_t839
3878,q102_t840
3879,q102_t840
3879,q102_t841
3879,q68_t840
3879,q68_t841
3880,q102_t841
3880,q102_t842
3881,q102_t842
3881,q102_t843
3882,q102_t843
3882,q102_t844
3882,q69_t843
3882,q69_t844
3883,q102_t844
3883,q102_t845
3884,q102_t845
3884,q102_t846
3885,q102_t846
3885,q102_t847
3885,q70_t846
3885,q70_t847
3886,q102_t847
3886,q102_t848
3887,q102_t848
3887,q102_t849
3888,q102_t849
3888,q102_t850
3888,q71_t849
3888,q71_t850
3889,q102_t850
3889,q102_t851
3890,q102_t851
3890,q102_t852
3891,q102_t852
3891,q102_t853
3891,q72_t852
3891,q72_t853
3892,q102_t853
3892,q102_t854
3893,q102_t854
3893,q102_t855
3894,q102_t855
3894,q102_t856
3894,q73_t855
3894,q73_t856
3895,q102_t856
3895,q102_t857
3896,q102_t857
3896,q102_t858
3897,q102_t858
3897,q102_t859
3897,q74_t858
3897,q74_t859
3898,q102_t859
3898,q102_t860
3899,q102_t860
3899,q102_t861
3900,q102_t861
3900,q102_t862
3900,q75_t861
3900,q75_t862
3901,q102_t862
3901,q102_t863
3902,q102_t863
3902,q102_t864
3903,q102_t864
3903,q102_t865
3903,q76_t864
3903,q76_t865
3904,q102_t865
3904,q102_t866
3905,q102_t866
3905,q102_t867
3906,q102_t867
3906,q102_t868
3906,q77_t867
3906,q77_t868
3907,q102_t868
3907,q102_t869
3908,q102_t869
3908,q102_t870
3909,q102_t870
3909,q102_t871
3909,q78_t870
3909,q78_t871
3910,q102_t871
3910,q102_t872
3911,q102_t872
3911,q102_t873
3912,q102_t873
3912,q102_t874
3912,q79_t873
3912,q79_t874
3913,q102_t874
3913,q102_t875
3914,q102_t875
3914,q102_t876
3915,q102_t876
3915,q102_t877
3915,q80_t876
3915,q80_t877
3916,q102_t877
3916,q102_t878
3917,q102_t878
3917,q102_t879
3918,q102_t879
3918,q102_t880
3918,q81_t879
3918,q81_t880
3919,q102_t880
3919,q102_t881
3920,q102_t881
3920,q102_t882
3921,q102_t882
3921,q102_t883
3921,q82_t882
3921,q82_t883
3922,q102_t883
3922,q102_t884
3923,q102_t884
3923,q102_t885
3924,q102_t885
3924,q102_t886
3924,q83_t885
3924,q83_t886
3925,q102_t886
3925,q102_t887
3926,q102_t887
3926,q102_t888
3927,q102_t888
3927,q102_t889
3927,q84_t888
3927,q84_t889
3928,q102_t889
3928,q102_t890
3929,q102_t890
3929,q102_t891
3930,q102_t891
3930,q102_t892
3930,q85_t891
3930,q85_t892
3931,q102_t892
3931,q102_t893
3932,q102_t893
3932,q102_t894
3933,q102_t894
3933,q102_t895
3933,q86_t894
3933,q86_t895
3934,q102_t895
3934,q102_t896
3935,q102_t896
3935,q102_t897
3936,q102_t897
3936,q102_t898
3936,q87_t897
3936,q87_t898
3937,q102_t898
3937,q102_t899
3938,q102_t899
3938,q102_t900
3939,q102_t900
3939,q102_t901
3939,q88_t900
3939,q88_t901
3940,q102_t901
3940,q102_t902
3941,q102_t902
3941,q102_t903
3942,q102_t903
3942,q102_t904
3942,q89_t903
3942,q89_t904
3943,q102_t904
3943,q102_t905
3944,q102_t905
3944,q102_t906
3945,q102_t906
3945,q102_t907
3945,q90_t906
3945,q90_t907
3946,q102_t907
3946,q102_t908
3947,q102_t908
3947,q102_t909
3948,q102_t909
3948,q102_t910
3948,q91_t909
3948,q91_t910
3949,q102_t910
3949,q102_t911
3950,q102_t911
3950,q102_t912
3951,q102_t912
3951,q102_t913
3951,q92_t912
3951,q92_t913
3952,q102_t913
3952,q102_t914
3953,q102_t914
3953,q102_t915
3954,q102_t915
3954,q102_t916
3954,q93_t915
3954,q93_t916
3955,q102_t916
3955,q102_t917
3956,q102_t917
3956,q102_t918
3957,q102_t918
3957,q102_t919
3957,q94_t918
3957,q94_t919
3958,q102_t919
3958,q102_t920
3959,q102_t920
3959,q102_t921
3960,q102_t921
3960,q102_t922
3960,q95_t921
3960,q95_t922
3961,q102_t922
3961,q102_t923
3962,q102_t923
3962,q102_t924
3963,q102_t924
3963,q102_t925
3963,q96_t924
3963,q96_t925
3964,q102_t925
3964,q102_t926
3965,q102_t926
3965,q102_t927
3966,q102_t927
3966,q102_t928
3966,q97_t927
3966,q97_t928
3967,q102_t928
3967,q102_t929
3968,q102_t929
3968,q102_t930
3969,q102_t930
3969,q102_t931
3969,q98_t930
3969,q98_t931
3970,q102_t931
3970,q102_t932
3971,q102_t932
3971,q102_t933
3972,q102_t933
3972,q102_t934
3972,q99_t933
3972,q99_t934
3973,q102_t934
3973,q102_t935
3974,q102_t935
3974,q102_t936
3975,q102_t937
3975,q102_t938
3976,q102_t938
3976,q102_t939
3977,q102_t940
3977,q102_t941
3978,q102_t941
3978,q102_t945
3979,q102_t945
3979,q102_t946
3979,q103_t945
3979,q103_t946
3980,q102_t946
3980,q102_t947
3981,q102_t947
3981,q102_t948
3982,q102_t948
3982,q102_t949
3982,q104_t948
3982,q104_t949
3983,q102_t949
3983,q102_t950
3984,q102_t950
3984,q102_t951
3985,q102_t951
3985,q102_t952
3985,q105_t951
3985,q105_t952
3986,q102_t952
3986,q102_t953
3987,q102_t953
3987,q102_t954
3988,q102_t954
3988,q102_t955
3988,q106_t954
3988,q106_t955
3989,q102_t955
3989,q102_t956
3990,q102_t956
3990,q102_t957
3991,q102_t957
3991,q102_t958
3991,q107_t957
3991,q107_t958
3992,q102_t958
3992,q102_t959
3993,q102_t959
3993,q102_t960
3994,q102_t960
3994,q102_t961
3994,q108_t960
3994,q108_t961
3995,q102_t961
3995,q102_t962
3996,q102_t962
3996,q102_t963
3997,q102_t963
3997,q102_t964
3997,q109_t963
3997,q109_t964
3998,q102_t964
3998,q102_t965
3999,q102_t965
3999,q102_t966
4000,q102_t966
4000,q102_t967
4001,q102_t968
4001,q102_t969
4002,q102_t969
4002,q102_t970
4003,q102_t970
4003,q102_t971
4003,q1_t970
4003,q1_t971
4004,q102_t971
4004,q102_t972
4005,q102_t972
4005,q102_t973
4006,q102_t973
4006,q102_t974
4006,q2_t973
4006,q2_t974
4007,q102_t974
4007,q102_t975
4008,q102_t975
4008,q102_t976
4009,q102_t976
4009,q102_t977
4009,q3_t976
4009,q3_t977
4010,q102_t977
4010,q102_t978
4011,q102_t978
4011,q102_t979
4012,q102_t979
4012,q102_t980
4012,q4_t979
4012,q4_t980
4013,q102_t980
4013,q102_t981
4014,q102_t981
4014,q102_t982
4015,q102_t982
4015,q102_t983
4015,q5_t982
4015,q5_t983
4016,q102_t983
4016,q102_t984
4017,q102_t984
4017,q102_t985
4018,q102_t985
4018,q102_t986
4018,q6_t985
4018,q6_t986
4019,q102_t986
4019,q102_t987
4020,q102_t987
4020,q102_t988
4021,q102_t988
4021,q102_t989
4021,q7_t988
4021,q7_t989
4022,q102_t989
4022,q102_t990
4023,q102_t990
4023,q102_t991
4024,q102_t991
4024,q102_t992
4024,q8_t991
4024,q8_t992
4025,q102_t992
4025,q102_t993
4026,q102_t993
4026,q102_t994
4027,q102_t994
4027,q102_t995
4027,q9_t994
4027,q9_t995
4028,q102_t995
4028,q102_t996
4029,q102_t996
4029,q102_t997
4030,q102_t997
4030,q102_t998
4030,q10_t997
4030,q10_t998
4031,q102_t998
4031,q102_t999
4032,q103_t0
4032,q103_t1
4033,q103_t1
4033,q103_t308
4034,q103_t1000
4034,q103_t1001
4034,q10_t1000
4034,q10_t1001
4035,q103_t1000
4035,q103_t999
4036,q103_t1001
4036,q103_t1002
4037,q103_t1002
4037,q103_t1003
4038,q103_t1003
4038,q103_t1004
4038,q11_t1003
4038,q11_t1004
4039,q103_t1004
4039,q103_t1005
4040,q103_t1005
4040,q103_t1006
4041,q103_t1006
4041,q103_t1007
4041,q12_t1006
4041,q12_t1007
4042,q103_t1007
4042,q103_t1008
4043,q103_t1008
4043,q103_t1009
4044,q103_t1009
4044,q103_t1010
4044,q13_t1009
4044,q13_t1010
4045,q103_t1010
4045,q103_t1011
4046,q103_t1011
4046,q103_t1012
4047,q103_t1012
4047,q103_t1013
4047,q14_t1012
4047,q14_t1013
4048,q103_t1013
4048,q103_t1014
4049,q103_t1014
4049,q103_t1015
4050,q103_t1015
4050,q103_t1016
4050,q15_t1015
4050,q15_t1016
4051,q103_t1016
4051,q103_t1017
4052,q103_t1017
4052,q103_t1018
4053,q103_t1018
4053,q103_t1019
4053,q16_t1018
4053,q16_t1019
4054,q103_t1019
4054,q103_t1020
4055,q103_t1020
4055,q103_t1021
4056,q103_t1021
4056,q103_t1022
4056,q17_t1021
4056,q17_t1022
4057,q103_t1022
4057,q103_t1023
4058,q103_t1023
4058,q103_t1024
4059,q103_t1024
4059,q103_t1025
4059,q18_t1024
4059,q18_t1025
4060,q103_t1025
4060,q103_t1026
4061,q103_t1026
4061,q103_t1027
4062,q103_t1027
4062,q103_t1028
4062,q19_t1027
4062,q19_t1028
4063,q103_t1028
4063,q103_t1029
4064,q103_t1029
4064,q103_t1030
4065,q103_t1030
4065,q103_t1031
4065,q20_t1030
4065,q20_t1031
4066,q103_t1031
4066,q103_t1032
4067,q103_t1032
4067,q103_t1033
4068,q103_t1033
4068,q103_t1034
4068,q21_t1033
4068,q21_t1034
4069,q103_t1034
4069,q103_t1035
4070,q103_t1035
4070,q103_t1036
4071,q103_t1036
4071,q103_t1037
4071,q22_t1036
4071,q22_t1037
4072,q103_t1037
4072,q103_t1038
4073,q103_t1038
4073,q103_t1039
4074,q103_t1039
4074,q103_t1040
4074,q23_t1039
4074,q23_t1040
4075,q103_t1040
4075,q103_t1041
4076,q103_t1041
4076,q103_t1042
4077,q103_t1042
4077,q103_t1043
4077,q24_t1042
4077,q24_t1043
4078,q103_t1043
4078,q103_t1044
4079,q103_t1044
4079,q103_t1045
4080,q103_t1045
4080,q103_t1046
4080,q25_t1045
4080,q25_t1046
4081,q103_t1046
4081,q103_t1047
4082,q103_t1047
4082,q103_t1048
4083,q103_t1048
4083,q103_t1049
4083,q26_t1048
4083,q26_t1049
4084,q103_t1049
4084,q103_t1050
4085,q103_t1050
4085,q103_t1051
4086,q103_t1051
4086,q103_t1052
4086,q27_t1051
4086,q27_t1052
4087,q103_t1052
4087,q103_t1053
4088,q103_t1053
4088,q103_t1054
4089,q103_t1054
4089,q103_t1055
4089,q28_t1054
4089,q28_t1055
4090,q103_t1055
4090,q103_t1056
4091,q103_t1056
4091,q103_t1057
4092,q103_t1057
4092,q103_t1058
4092,q29_t1057
4092,q29_t1058
4093,q103_t1058
4093,q103_t1059
4094,q103_t1059
4094,q103_t1060
4095,q103_t1060
4095,q103_t1061
4095,q30_t1060
4095,q30_t1061
4096,q103_t1061
4096,q103_t1062
4097,q103_t1062
4097,q103_t1063
4098,q103_t1063
4098,q103_t1064
4098,q31_t1063
4098,q31_t1064
4099,q103_t1064
4099,q103_t1065
4100,q103_t1065
4100,q103_t1066
4101,q103_t1066
4101,q103_t1067
4101,q32_t1066
4101,q32_t1067
4102,q103_t1067
4102,q103_t1068
4103,q103_t1068
4103,q103_t1069
4104,q103_t1069
4104,q103_t1070
4104,q33_t1069
4104,q33_t1070
4105,q103_t1070
4105,q103_t1071
4106,q103_t1071
4106,q103_t1072
4107,q103_t1072
4107,q103_t1073
4107,q34_t1072
4107,q34_t1073
4108,q103_t1073
4108,q103_t1074
4109,q103_t1074
4109,q103_t1075
4110,q103_t1075
4110,q103_t1076
4110,q35_t1075
4110,q35_t1076
4111,q103_t1076
4111,q103_t1077
4112,q103_t1077
4112,q103_t1078
4113,q103_t1078
4113,q103_t1079
4113,q36_t1078
4113,q36_t1079
4114,q103_t1079
4114,q103_t1080
4115,q103_t1080
4115,q103_t1081
4116,q103_t1081
4116,q103_t1082
4116,q37_t1081
4116,q37_t1082
4117,q103_t1082
4117,q103_t1083
4118,q103_t1083
4118,q103_t1084
4119,q103_t1084
4119,q103_t1085
4119,q38_t1084
4119,q38_t1085
4120,q103_t1085
4120,q103_t1086
4121,q103_t1086
4121,q103_t1087
4122,q103_t1087
4122,q103_t1088
4122,q39_t1087
4122,q39_t1088
4123,q103_t1088
4123,q103_t1089
4124,q103_t1089
4124,q103_t1090
4125,q103_t1090
4125,q103_t1091
4125,q40_t1090
4125,q40_t1091
4126,q103_t1091
4126,q103_t1092
4127,q103_t1092
4127,q103_t1093
4128,q103_t1093
4128,q103_t1094
4128,q41_t1093
4128,q41_t1094
4129,q103_t1094
4129,q103_t1095
4130,q103_t1095
4130,q103_t1096
4131,q103_t1096
4131,q103_t1097
4131,q42_t1096
4131,q42_t1097
4132,q103_t1097
4132,q103_t1098
4133,q103_t1098
4133,q103_t1099
4134,q103_t1099
4134,q103_t1100
4134,q43_t1099
4134,q43_t1100
4135,q103_t1100
4135,q103_t1101
4136,q103_t1101
4136,q103_t1102
4137,q103_t1102
4137,q103_t1103
4137,q44_t1102
4137,q44_t1103
4138,q103_t1103
4138,q103_t1104
4139,q103_t1104
4139,q103_t1105
4140,q103_t1105
4140,q103_t1106
4140,q45_t1105
4140,q45_t1106
4141,q103_t1106
4141,q103_t1107
4142,q103_t1107
4142,q103_t1108
4143,q103_t1108
4143,q103_t1109
4143,q46_t1108
4143,q46_t1109
4144,q103_t1109
4144,q103_t1110
4145,q103_t1110
4145,q103_t1111
4146,q103_t1111
4146,q103_t1112
4146,q47_t1111
4146,q47_t1112
4147,q103_t1112
4147,q103_t1113
4148,q103_t1113
4148,q103_t1114
4149,q103_t1114
4149,q103_t1115
4149,q48_t1114
4149,q48_t1115
4150,q103_t1115
4150,q103_t1116
4151,q103_t1116
4151,q103_t1117
4152,q103_t1117
4152,q103_t1118
4152,q49_t1117
4152,q49_t1118
4153,q103_t1118
4153,q103_t1119
4154,q103_t1119
4154,q103_t1120
4155,q103_t1120
4155,q103_t1121
4155,q50_t1120
4155,q50_t1121
4156,q103_t1121
4156,q103_t1122
4157,q103_t1122
4157,q103_t1123
4158,q103_t1123
4158,q103_t1124
4158,q51_t1123
4158,q51_t1124
4159,q103_t1124
4159,q103_t1125
4160,q103_t1125
4160,q103_t1126
4161,q103_t1126
4161,q103_t1127
4161,q52_t1126
4161,q52_t1127
4162,q103_t1127
4162,q103_t1128
4163,q103_t1128
4163,q103_t1129
4164,q103_t1129
4164,q103_t1130
4164,q53_t1129
4164,q53_t1130
4165,q103_t1130
4165,q103_t1131
4166,q103_t1131
4166,q103_t1132
4167,q103_t1132
4167,q103_t1133
4167,q54_t1132
4167,q54_t1133
4168,q103_t1133
4168,q103_t1134
4169,q103_t1134
4169,q103_t1135
4170,q103_t1135
4170,q103_t1136
4170,q55_t1135
4170,q55_t1136
4171,q103_t1136
4171,q103_t1137
4172,q103_t1137
4172,q103_t1138
4173,q103_t1138
4173,q103_t1139
4173,q56_t1138
4173,q56_t1139
4174,q103_t1139
4174,q103_t1140
4175,q103_t1140
4175,q103_t1141
4176,q103_t1141
4176,q103_t1142
4176,q57_t1141
4176,q57_t1142
4177,q103_t1142
4177,q103_t1143
4178,q103_t1143
4178,q103_t1144
4179,q103_t1144
4179,q103_t1145
4179,q58_t1144
4179,q58_t1145
4180,q103_t1145
4180,q103_t1146
4181,q103_t1146
4181,q103_t1147
4182,q103_t1147
4182,q103_t1148
4182,q59_t1147
4182,q59_t1148
4183,q103_t1148
4183,q103_t1149
4184,q103_t1149
4184,q103_t1150
4185,q103_t1150
4185,q103_t1151
4185,q60_t1150
4185,q60_t1151
4186,q103_t1151
4186,q103_t1152
4187,q103_t1152
4187,q103_t1153
4188,q103_t1153
4188,q103_t1154
4188,q61_t1153
4188,q61_t1154
4189,q103_t1154
4189,q103_t1155
4190,q103_t1155
4190,q103_t1156
4191,q103_t1156
4191,q103_t1157
4191,q62_t1156
4191,q62_t1157
4192,q103_t1157
4192,q103_t1158
4193,q103_t1158
4193,q103_t1159
4194,q103_t1159
4194,q103_t1160
4194,q63_t1159
4194,q63_t1160
4195,q103_t1160
4195,q103_t1161
4196,q103_t1161
4196,q103_t1162
4197,q103_t1162
4197,q103_t1163
4197,q64_t1162
4197,q64_t1163
4198,q103_t1163
4198,q103_t1164
4199,q103_t1164
4199,q103_t1165
4200,q103_t1165
4200,q103_t1166
4200,q65_t1165
4200,q65_t1166
4201,q103_t1166
4201,q103_t1167
4202,q103_t1167
4202,q103_t1168
4203,q103_t1168
4203,q103_t1169
4203,q66_t1168
4203,q66_t1169
4204,q103_t1169
4204,q103_t1170
4205,q103_t1170
4205,q103_t1171
4206,q103_t1171
4206,q103_t1172
4206,q67_t1171
4206,q67_t1172
4207,q103_t1172
4207,q103_t1173
4208,q103_t1173
4208,q103_t1174
4209,q103_t1174
4209,q103_t1175
4209,q68_t1174
4209,q68_t1175
4210,q103_t1175
4210,q103_t1176
4211,q103_t1176
4211,q103_t1177
4212,q103_t1177
4212,q103_t1178
4212,q69_t1177
4212,q69_t1178
4213,q103_t1178
4213,q103_t1179
4214,q103_t1179
4214,q103_t1180
4215,q103_t1180
4215,q103_t1181
4215,q70_t1180
4215,q70_t1181
4216,q103_t1181
4216,q103_t1182
4217,q103_t1182
4217,q103_t1183
4218,q103_t1183
4218,q103_t1184
4218,q71_t1183
4218,q71_t1184
4219,q103_t1184
4219,q103_t1185
4220,q103_t1185
4220,q103_t1186
4221,q103_t1186
4221,q103_t1187
4221,q72_t1186
4221,q72_t1187
4222,q103_t1187
4222,q103_t1188
4223,q103_t1188
4223,q103_t1189
4224,q103_t1189
4224,q103_t1190
4224,q73_t1189
4224,q73_t1190
4225,q103_t1190
4225,q103_t1191
4226,q103_t1191
4226,q103_t1192
4227,q103_t1192
4227,q103_t1193
4227,q74_t1192
4227,q74_t1193
4228,q103_t1193
4228,q103_t1194
4229,q103_t1194
4229,q103_t1195
4230,q103_t1195
4230,q103_t1196
4230,q75_t1195
4230,q75_t1196
4231,q103_t1196
4231,q103_t1197
4232,q103_t1197
4232,q103_t1198
4233,q103_t1198
4233,q103_t1199
4233,q76_t1198
4233,q76_t1199
4234,q103_t1199
4234,q103_t1200
4235,q103_t1200
4235,q103_t1201
4236,q103_t1201
4236,q103_t1202
4236,q77_t1201
4236,q77_t1202
4237,q103_t1202
4237,q103_t1203
4238,q103_t1203
4238,q103_t1204
4239,q103_t1204
4239,q103_t1205
4239,q78_t1204
4239,q78_t1205
4240,q103_t1205
4240,q103_t1206
4241,q103_t1206
4241,q103_t1207
4242,q103_t1207
4242,q103_t1208
4242,q79_t1207
4242,q79_t1208
4243,q103_t1208
4243,q103_t1209
4244,q103_t1209
4244,q103_t1210
4245,q103_t1210
4245,q103_t1211
4245,q80_t1210
4245,q80_t1211
4246,q103_t1211
4246,q103_t1212
4247,q103_t1212
4247,q103_t1213
4248,q103_t1213
4248,q103_t1214
4248,q81_t1213
4248,q81_t1214
4249,q103_t1214
4249,q103_t1215
4250,q103_t1215
4250,q103_t1216
4251,q103_t1216
4251,q103_t1217
4251,q82_t1216
4251,q82_t1217
4252,q103_t1217
4252,q103_t1218
4253,q103_t1218
4253,q103_t1219
4254,q103_t1219
4254,q103_t1220
4254,q83_t1219
4254,q83_t1220
4255,q103_t1220
4255,q103_t1221
4256,q103_t1221
4256,q103_t1222
4257,q103_t1222
4257,q103_t1223
4257,q84_t1222
4257,q84_t1223
4258,q103_t1223
4258,q103_t1224
4259,q103_t1224
4259,q103_t1225
4260,q103_t1225
4260,q103_t1226
4260,q85_t1225
4260,q85_t1226
4261,q103_t1226
4261,q103_t1227
4262,q103_t1227
4262,q103_t1228
4263,q103_t1228
4263,q103_t1229
4263,q86_t1228
4263,q86_t1229
4264,q103_t1229
4264,q103_t1230
4265,q103_t1230
4265,q103_t1231
4266,q103_t1231
4266,q103_t1232
4266,q87_t1231
4266,q87_t1232
4267,q103_t1232
4267,q103_t1233
4268,q103_t1233
4268,q103_t1234
4269,q103_t1234
4269,q103_t1235
4269,q88_t1234
4269,q88_t1235
4270,q103_t1235
4270,q103_t1236
4271,q103_t1236
4271,q103_t1237
4272,q103_t1237
4272,q103_t1238
4272,q89_t1237
4272,q89_t1238
4273,q103_t1238
4273,q103_t1239
4274,q103_t1239
4274,q103_t1240
4275,q103_t1240
4275,q103_t1241
4275,q90_t1240
4275,q90_t1241
4276,q103_t1241
4276,q103_t1242
4277,q103_t1242
4277,q103_t1243
4278,q103_t1243
4278,q103_t1244
4278,q91_t1243
4278,q91_t1244
4279,q103_t1244
4279,q103_t1245
4280,q103_t1245
4280,q103_t1246
4281,q103_t1246
4281,q103_t1247
4281,q92_t1246
4281,q92_t1247
4282,q103_t1247
4282,q103_t1248
4283,q103_t1248
4283,q103_t1249
4284,q103_t1249
4284,q103_t1250
4284,q93_t1249
4284,q93_t1250
4285,q103_t1250
4285,q103_t1251
4286,q103_t1251
4286,q103_t1252
4287,q103_t1252
4287,q103_t1253
4287,q94_t1252
4287,q94_t1253
4288,q103_t1253
4288,q103_t1254
4289,q103_t1254
4289,q103_t1255
4290,q103_t1255
4290,q103_t1256
4290,q95_t1255
4290,q95_t1256
4291,q103_t1256
4291,q103_t1257
4292,q103_t1257
4292,q103_t1258
4293,q103_t1258
4293,q103_t1259
4293,q96_t1258
4293,q96_t1259
4294,q103_t1259
4294,q103_t1260
4295,q103_t1260
4295,q103_t1261
4296,q103_t1261
4296,q103_t1262
4296,q97_t1261
4296,q97_t1262
4297,q103_t1262
4297,q103_t1263
4298,q103_t1263
4298,q103_t1264
4299,q103_t1264
4299,q103_t1265
4299,q98_t1264
4299,q98_t1265
4300,q103_t1265
4300,q103_t1266
4301,q103_t1266
4301,q103_t1267
4302,q103_t1267
4302,q103_t1268
4302,q99_t1267
4302,q99_t1268
4303,q103_t1268
4303,q103_t1269
4304,q103_t1269
4304,q103_t1270
4305,q103_t1271
4305,q103_t1272
4306,q103_t1272
4306,q103_t1273
4307,q103_t1274
4307,q103_t1275
4308,q103_t1275
4308,q103_t1276
4309,q103_t1277
4309,q103_t1278
4310,q103_t1278
4310,q103_t1282
4311,q103_t1282
4311,q103_t1283
4311,q104_t1282
4311,q104_t1283
4312,q103_t1283
4312,q103_t1284
4313,q103_t1284
4313,q103_t1285
4314,q103_t1285
4314,q103_t1286
4314,q105_t1285
4314,q105_t1286
4315,q103_t1286
4315,q103_t1287
4316,q103_t1287
4316,q103_t1288
4317,q103_t1288
4317,q103_t1289
4317,q106_t1288
4317,q106_t1289
4318,q103_t1289
4318,q103_t1290
4319,q103_t1290
4319,q103_t1291
4320,q103_t1291
4320,q103_t1292
4320,q107_t1291
4320,q107_t1292
4321,q103_t1292
4321,q103_t1293
4322,q103_t1293
4322,q103_t1294
4323,q103_t1294
4323,q103_t1295
4323,q108_t1294
4323,q108_t1295
4324,q103_t1295
4324,q103_t1296
4325,q103_t1296
4325,q103_t1297
4326,q103_t1297
4326,q103_t1298
4326,q109_t1297
4326,q109_t1298
4327,q103_t1298
4327,q103_t1299
4328,q103_t1299
4328,q103_t1300
4329,q103_t309
4329,q103_t310
4330,q103_t310
4330,q103_t311
4331,q103_t311
4331,q103_t312
4331,q1_t311
4331,q1_t312
4332,q103_t312
4332,q103_t313
4333,q103_t313
4333,q103_t314
4334,q103_t314
4334,q103_t315
4334,q2_t314
4334,q2_t315
4335,q103_t315
4335,q103_t316
4336,q103_t316
4336,q103_t317
4337,q103_t317
4337,q103_t318
4337,q3_t317
4337,q3_t318
4338,q103_t318
4338,q103_t319
4339,q103_t319
4339,q103_t320
4340,q103_t320
4340,q103_t321
4340,q4_t320
4340,q4_t321
4341,q103_t321
4341,q103_t322
4342,q103_t322
4342,q103_t323
4343,q103_t323
4343,q103_t324
4343,q5_t323
4343,q5_t324
4344,q103_t324
4344,q103_t325
4345,q103_t325
4345,q103_t326
4346,q103_t326
4346,q103_t327
4346,q6_t326
4346,q6_t327
4347,q103_t327
4347,q103_t328
4348,q103_t328
4348,q103_t329
4349,q103_t329
4349,q103_t330
4349,q7_t329
4349,q7_t330
4350,q103_t330
4350,q103_t331
4351,q103_t331
4351,q103_t332
4352,q103_t332
4352,q103_t333
4352,q8_t332
4352,q8_t333
4353,q103_t333
4353,q103_t334
4354,q103_t334
4354,q103_t335
4355,q103_t335
4355,q103_t336
4355,q9_t335
4355,q9_t336
4356,q103_t336
4356,q103_t337
4357,q103_t337
4357,q103_t338
4358,q103_t338
4358,q103_t339
4358,q10_t338
4358,q10_t339
4359,q103_t339
4359,q103_t340
4360,q103_t340
4360,q103_t341
4361,q103_t341
4361,q103_t342
4361,q11_t341
4361,q11_t342
4362,q103_t342
4362,q103_t343
4363,q103_t343
4363,q103_t344
4364,q103_t344
4364,q103_t345
4364,q12_t344
4364,q12_t345
4365,q103_t345
4365,q103_t346
4366,q103_t346
4366,q103_t347
4367,q103_t347
4367,q103_t348
4367,q13_t347
4367,q13_t348
4368,q103_t348
4368,q103_t349
4369,q103_t349
4369,q103_t350
4370,q103_t350
4370,q103_t351
4370,q14_t350
4370,q14_t351
4371,q103_t351
4371,q103_t352
4372,q103_t352
4372,q103_t353
4373,q103_t353
4373,q103_t354
4373,q15_t353
4373,q15_t354
4374,q103_t354
4374,q103_t355
4375,q103_t355
4375,q103_t356
4376,q103_t356
4376,q103_t357
4376,q16_t356
4376,q16_t357
4377,q103_t357
4377,q103_t358
4378,q103_t358
4378,q103_t359
4379,q103_t359
4379,q103_t360
4379,q17_t359
4379,q17_t360
4380,q103_t360
4380,q103_t361
4381,q103_t361
4381,q103_t362
4382,q103_t362
4382,q103_t363
4382,q18_t362
4382,q18_t363
4383,q103_t363
4383,q103_t364
4384,q103_t364
4384,q103_t365
4385,q103_t365
4385,q103_t366
4385,q19_t365
4385,q19_t366
4386,q103_t366
4386,q103_t367
4387,q103_t367
4387,q103_t368
4388,q103_t368
4388,q103_t369
4388,q20_t368
4388,q20_t369
4389,q103_t369
4389,q103_t370
4390,q103_t370
4390,q103_t371
4391,q103_t371
4391,q103_t372
4391,q21_t371
4391,q21_t372
4392,q103_t372
4392,q103_t373
4393,q103_t373
4393,q103_t374
4394,q103_t374
4394,q103_t375
4394,q22_t374
4394,q22_t375
4395,q103_t375
4395,q103_t376
4396,q103_t376
4396,q103_t377
4397,q103_t377
4397,q103_t378
4397,q23_t377
4397,q23_t378
4398,q103_t378
4398,q103_t379
4399,q103_t379
4399,q103_t380
4400,q103_t380
4400,q103_t381
4400,q24_t380
4400,q24_t381
4401,q103_t381
4401,q103_t382
4402,q103_t382
4402,q103_t383
4403,q103_t383
4403,q103_t384
4403,q25_t383
4403,q25_t384
4404,q103_t384
4404,q103_t385
4405,q103_t385
4405,q103_t386
4406,q103_t386
4406,q103_t387
4406,q26_t386
4406,q26_t387
4407,q103_t387
4407,q103_t388
4408,q103_t388
4408,q103_t389
4409,q103_t389
4409,q103_t390
4409,q27_t389
4409,q27_t390
4410,q103_t390
4410,q103_t391
4411,q103_t391
4411,q103_t392
4412,q103_t392
4412,q103_t393
4412,q28_t392
4412,q28_t393
4413,q103_t393
4413,q103_t394
4414,q103_t394
4414,q103_t395
4415,q103_t395
4415,q103_t396
4415,q29_t395
4415,q29_t396
4416,q103_t396
4416,q103_t397
4417,q103_t397
4417,q103_t398
4418,q103_t398
4418,q103_t399
4418,q30_t398
4418,q30_t399
4419,q103_t399
4419,q103_t400
4420,q103_t400
4420,q103_t401
4421,q103_t401
4421,q103_t402
4421,q31_t401
4421,q31_t402
4422,q103_t402
4422,q103_t403
4423,q103_t403
4423,q103_t404
4424,q103_t404
4424,q103_t405
4424,q32_t404
4424,q32_t405
4425,q103_t405
4425,q103_t406
4426,q103_t406
4426,q103_t407
4427,q103_t407
4427,q103_t408
4427,q33_t407
4427,q33_t408
4428,q103_t408
4428,q103_t409
4429,q103_t409
4429,q103_t410
4430,q103_t410
4430,q103_t411
4430,q34_t410
4430,q34_t411
4431,q103_t411
4431,q103_t412
4432,q103_t412
4432,q103_t413
4433,q103_t413
4433,q103_t414
4433,q35_t413
4433,q35_t414
4434,q103_t414
4434,q103_t415
4435,q103_t415
4435,q103_t416
4436,q103_t416
4436,q103_t417
4436,q36_t416
4436,q36_t417
4437,q103_t417
4437,q103_t418
4438,q103_t418
4438,q103_t419
4439,q103_t419
4439,q103_t420
4439,q37_t419
4439,q37_t420
4440,q103_t420
4440,q103_t421
4441,q103_t421
4441,q103_t422
4442,q103_t422
4442,q103_t423
4442,q38_t422
4442,q38_t423
4443,q103_t423
4443,q103_t424
4444,q103_t424
4444,q103_t425
4445,q103_t425
4445,q103_t426
4445,q39_t425
4445,q39_t426
4446,q103_t426
4446,q103_t427
4447,q103_t427
4447,q103_t428
4448,q103_t428
4448,q103_t429
4448,q40_t428
4448,q40_t429
4449,q103_t429
4449,q103_t430
4450,q103_t430
4450,q103_t431
4451,q103_t431
4451,q103_t432
4451,q41_t431
4451,q41_t432
4452,q103_t432
4452,q103_t433
4453,q103_t433
4453,q103_t434
4454,q103_t434
4454,q103_t435
4454,q42_t434
4454,q42_t435
4455,q103_t435
4455,q103_t436
4456,q103_t436
4456,q103_t437
4457,q103_t437
4457,q103_t438
4457,q43_t437
4457,q43_t438
4458,q103_t438
4458,q103_t439
4459,q103_t439
4459,q103_t440
4460,q103_t440
4460,q103_t441
4460,q44_t440
4460,q44_t441
4461,q103_t441
4461,q103_t442
4462,q103_t442
4462,q103_t443
4463,q103_t443
4463,q103_t444
4463,q45_t443
4463,q45_t444
4464,q103_t444
4464,q103_t445
4465,q103_t445
4465,q103_t446
4466,q103_t446
4466,q103_t447
4466,q46_t446
4466,q46_t447
4467,q103_t447
4467,q103_t448
4468,q103_t448
4468,q103_t449
4469,q103_t449
4469,q103_t450
4469,q47_t449
4469,q47_t450
4470,q103_t450
4470,q103_t451
4471,q103_t451
4471,q103_t452
4472,q103_t452
4472,q103_t453
4472,q48_t452
4472,q48_t453
4473,q103_t453
4473,q103_t454
4474,q103_t454
4474,q103_t455
4475,q103_t455
4475,q103_t456
4475,q49_t455
4475,q49_t456
4476,q103_t456
4476,q103_t457
4477,q103_t457
4477,q103_t458
4478,q103_t458
4478,q103_t459
4478,q50_t458
4478,q50_t459
4479,q103_t459
4479,q103_t460
4480,q103_t460
4480,q103_t461
4481,q103_t461
4481,q103_t462
4481,q51_t461
4481,q51_t462
4482,q103_t462
4482,q103_t463
4483,q103_t463
4483,q103_t464
4484,q103_t464
4484,q103_t465
4484,q52_t464
4484,q52_t465
4485,q103_t465
4485,q103_t466
4486,q103_t466
4486,q103_t467
4487,q103_t467
4487,q103_t468
4487,q53_t467
4487,q53_t468
4488,q103_t468
4488,q103_t469
4489,q103_t469
4489,q103_t470
4490,q103_t470
4490,q103_t471
4490,q54_t470
4490,q54_t471
4491,q103_t471
4491,q103_t472
4492,q103_t472
4492,q103_t473
4493,q103_t473
4493,q103_t474
4493,q55_t473
4493,q55_t474
4494,q103_t474
4494,q103_t475
4495,q103_t475
4495,q103_t476
4496,q103_t476
4496,q103_t477
4496,q56_t476
4496,q56_t477
4497,q103_t477
4497,q103_t478
4498,q103_t478
4498,q103_t479
4499,q103_t479
4499,q103_t480
4499,q57_t479
4499,q57_t480
4500,q103_t480
4500,q103_t481
4501,q103_t481
4501,q103_t482
4502,q103_t482
4502,q103_t483
4502,q58_t482
4502,q58_t483
4503,q103_t483
4503,q103_t484
4504,q103_t484
4504,q103_t485
4505,q103_t485
4505,q103_t486
4505,q59_t485
4505,q59_t486
4506,q103_t486
4506,q103_t487
4507,q103_t487
4507,q103_t488
4508,q103_t488
4508,q103_t489
4508,q60_t488
4508,q60_t489
4509,q103_t489
4509,q103_t490
4510,q103_t490
4510,q103_t491
4511,q103_t491
4511,q103_t492
4511,q61_t491
4511,q61_t492
4512,q103_t492
4512,q103_t493
4513,q103_t493
4513,q103_t494
4514,q103_t494
4514,q103_t495
4514,q62_t494
4514,q62_t495
4515,q103_t495
4515,q103_t496
4516,q103_t496
4516,q103_t497
4517,q103_t497
4517,q103_t498
4517,q63_t497
4517,q63_t498
4518,q103_t498
4518,q103_t499
4519,q103_t499
4519,q103_t500
4520,q103_t500
4520,q103_t501
4520,q64_t500
4520,q64_t501
4521,q103_t501
4521,q103_t502
4522,q103_t502
4522,q103_t503
4523,q103_t503
4523,q103_t504
4523,q65_t503
4523,q65_t504
4524,q103_t504
4524,q103_t505
4525,q103_t505
4525,q103_t506
4526,q103_t506
4526,q103_t507
4526,q66_t506
4526,q66_t507
4527,q103_t507
4527,q103_t508
4528,q103_t508
4528,q103_t509
4529,q103_t509
4529,q103_t510
4529,q67_t509
4529,q67_t510
4530,q103_t510
4530,q103_t511
4531,q103_t511
4531,q103_t512
4532,q103_t512
4532,q103_t513
4532,q68_t512
4532,q68_t513
4533,q103_t513
4533,q103_t514
4534,q103_t514
4534,q103_t515
4535,q103_t515
4535,q103_t516
4535,q69_t515
4535,q69_t516
4536,q103_t516
4536,q103_t517
4537,q103_t517
4537,q103_t518
4538,q103_t518
4538,q103_t519
4538,q70_t518
4538,q70_t519
4539,q103_t519
4539,q103_t520
4540,q103_t520
4540,q103_t521
4541,q103_t521
4541,q103_t522
4541,q71_t521
4541,q71_t522
4542,q103_t522
4542,q103_t523
4543,q103_t523
4543,q103_t524
4544,q103_t524
4544,q103_t525
4544,q72_t524
4544,q72_t525
4545,q103_t525
4545,q103_t526
4546,q103_t526
4546,q103_t527
4547,q103_t527
4547,q103_t528
4547,q73_t527
4547,q73_t528
4548,q103_t528
4548,q103_t529
4549,q103_t529
4549,q103_t530
4550,q103_t530
4550,q103_t531
4550,q74_t530
4550,q74_t531
4551,q103_t531
4551,q103_t532
4552,q103_t532
4552,q103_t533
4553,q103_t533
4553,q103_t534
4553,q75_t533
4553,q75_t534
4554,q103_t534
4554,q103_t535
4555,q103_t535
4555,q103_t536
4556,q103_t536
4556,q103_t537
4556,q76_t536
4556,q76_t537
4557,q103_t537
4557,q103_t538
4558,q103_t538
4558,q103_t539
4559,q103_t539
4559,q103_t540
4559,q77_t539
4559,q77_t540
4560,q103_t540
4560,q103_t541
4561,q103_t541
4561,q103_t542
4562,q103_t542
4562,q103_t543
4562,q78_t542
4562,q78_t543
4563,q103_t543
4563,q103_t544
4564,q103_t544
4564,q103_t545
4565,q103_t545
4565,q103_t546
4565,q79_t545
4565,q79_t546
4566,q103_t546
4566,q103_t547
4567,q103_t547
4567,q103_t548
4568,q103_t548
4568,q103_t549
4568,q80_t548
4568,q80_t549
4569,q103_t549
4569,q103_t550
4570,q103_t550
4570,q103_t551
4571,q103_t551
4571,q103_t552
4571,q81_t551
4571,q81_t552
4572,q103_t552
4572,q103_t553
4573,q103_t553
4573,q103_t554
4574,q103_t554
4574,q103_t555
4574,q82_t554
4574,q82_t555
4575,q103_t555
4575,q103_t556
4576,q103_t556
4576,q103_t557
4577,q103_t557
4577,q103_t558
4577,q83_t557
4577,q83_t558
4578,q103_t558
4578,q103_t559
4579,q103_t559
4579,q103_t560
4580,q103_t560
4580,q103_t561
4580,q84_t560
4580,q84_t561
4581,q103_t561
4581,q103_t562
4582,q103_t562
4582,q103_t563
4583,q103_t563
4583,q103_t564
4583,q85_t563
4583,q85_t564
4584,q103_t564
4584,q103_t565
4585,q103_t565
4585,q103_t566
4586,q103_t566
4586,q103_t567
4586,q86_t566
4586,q86_t567
4587,q103_t567
4587,q103_t568
4588,q103_t568
4588,q103_t569
4589,q103_t569
4589,q103_t570
4589,q87_t569
4589,q87_t570
4590,q103_t570
4590,q103_t571
4591,q103_t571
4591,q103_t572
4592,q103_t572
4592,q103_t573
4592,q88_t572
4592,q88_t573
4593,q103_t573
4593,q103_t574
4594,q103_t574
4594,q103_t575
4595,q103_t575
4595,q103_t576
4595,q89_t575
4595,q89_t576
4596,q103_t576
4596,q103_t577
4597,q103_t577
4597,q103_t578
4598,q103_t578
4598,q103_t579
4598,q90_t578
4598,q90_t579
4599,q103_t579
4599,q103_t580
4600,q103_t580
4600,q103_t581
4601,q103_t581
4601,q103_t582
4601,q91_t581
4601,q91_t582
4602,q103_t582
4602,q103_t583
4603,q103_t583
4603,q103_t584
4604,q103_t584
4604,q103_t585
4604,q92_t584
4604,q92_t585
4605,q103_t585
4605,q103_t586
4606,q103_t586
4606,q103_t587
4607,q103_t587
4607,q103_t588
4607,q93_t587
4607,q93_t588
4608,q103_t588
4608,q103_t589
4609,q103_t589
4609,q103_t590
4610,q103_t590
4610,q103_t591
4610,q94_t590
4610,q94_t591
4611,q103_t591
4611,q103_t592
4612,q103_t592
4612,q103_t593
4613,q103_t593
4613,q103_t594
4613,q95_t593
4613,q95_t594
4614,q103_t594
4614,q103_t595
4615,q103_t595
4615,q103_t596
4616,q103_t596
4616,q103_t597
4616,q96_t596
4616,q96_t597
4617,q103_t597
4617,q103_t598
4618,q103_t598
4618,q103_t599
4619,q103_t599
4619,q103_t600
4619,q97_t599
4619,q97_t600
4620,q103_t600
4620,q103_t601
4621,q103_t601
4621,q103_t602
4622,q103_t602
4622,q103_t603
4622,q98_t602
4622,q98_t603
4623,q103_t603
4623,q103_t604
4624,q103_t604
4624,q103_t605
4625,q103_t605
4625,q103_t606
4625,q99_t605
4625,q99_t606
4626,q103_t606
4626,q103_t607
4627,q103_t607
4627,q103_t608
4628,q103_t609
4628,q103_t610
4629,q103_t610
4629,q103_t611
4630,q103_t612
4630,q103_t613
4631,q103_t613
4631,q103_t614
4632,q103_t615
4632,q103_t616
4633,q103_t616
4633,q103_t620
4634,q103_t620
4634,q103_t621
4634,q104_t620
4634,q104_t621
4635,q103_t621
4635,q103_t622
4636,q103_t622
4636,q103_t623
4637,q103_t623
4637,q103_t624
4637,q105_t623
4637,q105_t624
4638,q103_t624
4638,q103_t625
4639,q103_t625
4639,q103_t626
4640,q103_t626
4640,q103_t627
4640,q106_t626
4640,q106_t627
4641,q103_t627
4641,q103_t628
4642,q103_t628
4642,q103_t629
4643,q103_t629
4643,q103_t630
4643,q107_t629
4643,q107_t630
4644,q103_t630
4644,q103_t631
4645,q103_t631
4645,q103_t632
4646,q103_t632
4646,q103_t633
4646,q108_t632
4646,q108_t633
4647,q103_t633
4647,q103_t634
4648,q103_t634
4648,q103_t635
4649,q103_t635
4649,q103_t636
4649,q109_t635
4649,q109_t636
4650,q103_t636
4650,q103_t637
4651,q103_t637
4651,q103_t638
4652,q103_t638
4652,q103_t639
4653,q103_t640
4653,q103_t641
4654,q103_t641
4654,q103_t642
4655,q103_t642
4655,q103_t643
4655,q1_t642
4655,q1_t643
4656,q103_t643
4656,q103_t644
4657,q103_t644
4657,q103_t645
4658,q103_t645
4658,q103_t646
4658,q2_t645
4658,q2_t646
4659,q103_t646
4659,q103_t647
4660,q103_t647
4660,q103_t648
4661,q103_t648
4661,q103_t649
4661,q3_t648
4661,q3_t649
4662,q103_t649
4662,q103_t650
4663,q103_t650
4663,q103_t651
4664,q103_t651
4664,q103_t652
4664,q4_t651
4664,q4_t652
4665,q103_t652
4665,q103_t653
4666,q103_t653
4666,q103_t654
4667,q103_t654
4667,q103_t655
4667,q5_t654
4667,q5_t655
4668,q103_t655
4668,q103_t656
4669,q103_t656
4669,q103_t657
4670,q103_t657
4670,q103_t658
4670,q6_t657
4670,q6_t658
4671,q103_t658
4671,q103_t659
4672,q103_t659
4672,q103_t660
4673,q103_t660
4673,q103_t661
4673,q7_t660
4673,q7_t661
4674,q103_t661
4674,q103_t662
4675,q103_t662
4675,q103_t663
4676,q103_t663
4676,q103_t664
4676,q8_t663
4676,q8_t664
4677,q103_t664
4677,q103_t665
4678,q103_t665
4678,q103_t666
4679,q103_t666
4679,q103_t667
4679,q9_t666
4679,q9_t667
4680,q103_t667
4680,q103_t668
4681,q103_t668
4681,q103_t669
4682,q103_t669
4682,q103_t670
4682,q10_t669
4682,q10_t670
4683,q103_t670
4683,q103_t671
4684,q103_t671
4684,q103_t672
4685,q103_t672
4685,q103_t673
4685,q11_t672
4685,q11_t673
4686,q103_t673
4686,q103_t674
4687,q103_t674
4687,q103_t675
4688,q103_t675
4688,q103_t676
4688,q12_t675
4688,q12_t676
4689,q103_t676
4689,q103_t677
4690,q103_t677
4690,q103_t678
4691,q103_t678
4691,q103_t679
4691,q13_t678
4691,q13_t679
4692,q103_t679
4692,q103_t680
4693,q103_t680
4693,q103_t681
4694,q103_t681
4694,q103_t682
4694,q14_t681
4694,q14_t682
4695,q103_t682
4695,q103_t683
4696,q103_t683
4696,q103_t684
4697,q103_t684
4697,q103_t685
4697,q15_t684
4697,q15_t685
4698,q103_t685
4698,q103_t686
4699,q103_t686
4699,q103_t687
4700,q103_t687
4700,q103_t688
4700,q16_t687
4700,q16_t688
4701,q103_t688
4701,q103_t689
4702,q103_t689
4702,q103_t690
4703,q103_t690
4703,q103_t691
4703,q17_t690
4703,q17_t691
4704,q103_t691
4704,q103_t692
4705,q103_t692
4705,q103_t693
4706,q103_t693
4706,q103_t694
4706,q18_t693
4706,q18_t694
4707,q103_t694
4707,q103_t695
4708,q103_t695
4708,q103_t696
4709,q103_t696
4709,q103_t697
4709,q19_t696
4709,q19_t697
4710,q103_t697
4710,q103_t698
4711,q103_t698
4711,q103_t699
4712,q103_t699
4712,q103_t700
4712,q20_t699
4712,q20_t700
4713,q103_t700
4713,q103_t701
4714,q103_t701
4714,q103_t702
4715,q103_t702
4715,q103_t703
4715,q21_t702
4715,q21_t703
4716,q103_t703
4716,q103_t704
4717,q103_t704
4717,q103_t705
4718,q103_t705
4718,q103_t706
4718,q22_t705
4718,q22_t706
4719,q103_t706
4719,q103_t707
4720,q103_t707
4720,q103_t708
4721,q103_t708
4721,q103_t709
4721,q23_t708
4721,q23_t709
4722,q103_t709
4722,q103_t710
4723,q103_t710
4723,q103_t711
4724,q103_t711
4724,q103_t712
4724,q24_t711
4724,q24_t712
4725,q103_t712
4725,q103_t713
4726,q103_t713
4726,q103_t714
4727,q103_t714
4727,q103_t715
4727,q25_t714
4727,q25_t715
4728,q103_t715
4728,q103_t716
4729,q103_t716
4729,q103_t717
4730,q103_t717
4730,q103_t718
4730,q26_t717
4730,q26_t718
4731,q103_t718
4731,q103_t719
4732,q103_t719
4732,q103_t720
4733,q103_t720
4733,q103_t721
4733,q27_t720
4733,q27_t721
4734,q103_t721
4734,q103_t722
4735,q103_t722
4735,q103_t723
4736,q103_t723
4736,q103_t724
4736,q28_t723
4736,q28_t724
4737,q103_t724
4737,q103_t725
4738,q103_t725
4738,q103_t726
4739,q103_t726
4739,q103_t727
4739,q29_t726
4739,q29_t727
4740,q103_t727
4740,q103_t728
4741,q103_t728
4741,q103_t729
4742,q103_t729
4742,q103_t730
4742,q30_t729
4742,q30_t730
4743,q103_t730
4743,q103_t731
4744,q103_t731
4744,q103_t732
4745,q103_t732
4745,q103_t733
4745,q31_t732
4745,q31_t733
4746,q103_t733
4746,q103_t734
4747,q103_t734
4747,q103_t735
4748,q103_t735
4748,q103_t736
4748,q32_t735
4748,q32_t736
4749,q103_t736
4749,q103_t737
4750,q103_t737
4750,q103_t738
4751,q103_t738
4751,q103_t739
4751,q33_t738
4751,q33_t739
4752,q103_t739
4752,q103_t740
4753,q103_t740
4753,q103_t741
4754,q103_t741
4754,q103_t742
4754,q34_t741
4754,q34_t742
4755,q103_t742
4755,q103_t743
4756,q103_t743
4756,q103_t744
4757,q103_t744
4757,q103_t745
4757,q35_t744
4757,q35_t745
4758,q103_t745
4758,q103_t746
4759,q103_t746
4759,q103_t747
4760,q103_t747
4760,q103_t748
4760,q36_t747
4760,q36_t748
4761,q103_t748
4761,q103_t749
4762,q103_t749
4762,q103_t750
4763,q103_t750
4763,q103_t751
4763,q37_t750
4763,q37_t751
4764,q103_t751
4764,q103_t752
4765,q103_t752
4765,q103_t753
4766,q103_t753
4766,q103_t754
4766,q38_t753
4766,q38_t754
4767,q103_t754
4767,q103_t755
4768,q103_t755
4768,q103_t756
4769,q103_t756
4769,q103_t757
4769,q39_t756
4769,q39_t757
4770,q103_t757
4770,q103_t758
4771,q103_t758
4771,q103_t759
4772,q103_t759
4772,q103_t760
4772,q40_t759
4772,q40_t760
4773,q103_t760
4773,q103_t761
4774,q103_t761
4774,q103_t762
4775,q103_t762
4775,q103_t763
4775,q41_t762
4775,q41_t763
4776,q103_t763
4776,q103_t764
4777,q103_t764
4777,q103_t765
4778,q103_t765
4778,q103_t766
4778,q42_t765
4778,q42_t766
4779,q103_t766
4779,q103_t767
4780,q103_t767
4780,q103_t768
4781,q103_t768
4781,q103_t769
4781,q43_t768
4781,q43_t769
4782,q103_t769
4782,q103_t770
4783,q103_t770
4783,q103_t771
4784,q103_t771
4784,q103_t772
4784,q44_t771
4784,q44_t772
4785,q103_t772
4785,q103_t773
4786,q103_t773
4786,q103_t774
4787,q103_t774
4787,q103_t775
4787,q45_t774
4787,q45_t775
4788,q103_t775
4788,q103_t776
4789,q103_t776
4789,q103_t777
4790,q103_t777
4790,q103_t778
4790,q46_t777
4790,q46_t778
4791,q103_t778
4791,q103_t779
4792,q103_t779
4792,q103_t780
4793,q103_t780
4793,q103_t781
4793,q47_t780
4793,q47_t781
4794,q103_t781
4794,q103_t782
4795,q103_t782
4795,q103_t783
4796,q103_t783
4796,q103_t784
4796,q48_t783
4796,q48_t784
4797,q103_t784
4797,q103_t785
4798,q103_t785
4798,q103_t786
4799,q103_t786
4799,q103_t787
4799,q49_t786
4799,q49_t787
4800,q103_t787
4800,q103_t788
4801,q103_t788
4801,q103_t789
4802,q103_t789
4802,q103_t790
4802,q50_t789
4802,q50_t790
4803,q103_t790
4803,q103_t791
4804,q103_t791
4804,q103_t792
4805,q103_t792
4805,q103_t793
4805,q51_t792
4805,q51_t793
4806,q103_t793
4806,q103_t794
4807,q103_t794
4807,q103_t795
4808,q103_t795
4808,q103_t796
4808,q52_t795
4808,q52_t796
4809,q103_t796
4809,q103_t797
4810,q103_t797
4810,q103_t798
4811,q103_t798
4811,q103_t799
4811,q53_t798
4811,q53_t799
4812,q103_t799
4812,q103_t800
4813,q103_t800
4813,q103_t801
4814,q103_t801
4814,q103_t802
4814,q54_t801
4814,q54_t802
4815,q103_t802
4815,q103_t803
4816,q103_t803
4816,q103_t804
4817,q103_t804
4817,q103_t805
4817,q55_t804
4817,q55_t805
4818,q103_t805
4818,q103_t806
4819,q103_t806
4819,q103_t807
4820,q103_t807
4820,q103_t808
4820,q56_t807
4820,q56_t808
4821,q103_t808
4821,q103_t809
4822,q103_t809
4822,q103_t810
4823,q103_t810
4823,q103_t811
4823,q57_t810
4823,q57_t811
4824,q103_t811
4824,q103_t812
4825,q103_t812
4825,q103_t813
4826,q103_t813
4826,q103_t814
4826,q58_t813
4826,q58_t814
4827,q103_t814
4827,q103_t815
4828,q103_t815
4828,q103_t816
4829,q103_t816
4829,q103_t817
4829,q59_t816
4829,q59_t817
4830,q103_t817
4830,q103_t818
4831,q103_t818
4831,q103_t819
4832,q103_t819
4832,q103_t820
4832,q60_t819
4832,q60_t820
4833,q103_t820
4833,q103_t821
4834,q103_t821
4834,q103_t822
4835,q103_t822
4835,q103_t823
4835,q61_t822
4835,q61_t823
4836,q103_t823
4836,q103_t824
4837,q103_t824
4837,q103_t825
4838,q103_t825
4838,q103_t826
4838,q62_t825
4838,q62_t826
4839,q103_t826
4839,q103_t827
4840,q103_t827
4840,q103_t828
4841,q103_t828
4841,q103_t829
4841,q63_t828
4841,q63_t829
4842,q103_t829
4842,q103_t830
4843,q103_t830
4843,q103_t831
4844,q103_t831
4844,q103_t832
4844,q64_t831
4844,q64_t832
4845,q103_t832
4845,q103_t833
4846,q103_t833
4846,q103_t834
4847,q103_t834
4847,q103_t835
4847,q65_t834
4847,q65_t835
4848,q103_t835
4848,q103_t836
4849,q103_t836
4849,q103_t837
4850,q103_t837
4850,q103_t838
4850,q66_t837
4850,q66_t838
4851,q103_t838
4851,q103_t839
4852,q103_t839
4852,q103_t840
4853,q103_t840
4853,q103_t841
4853,q67_t840
4853,q67_t841
4854,q103_t841
4854,q103_t842
4855,q103_t842
4855,q103_t843
4856,q103_t843
4856,q103_t844
4856,q68_t843
4856,q68_t844
4857,q103_t844
4857,q103_t845
4858,q103_t845
4858,q103_t846
4859,q103_t846
4859,q103_t847
4859,q69_t846
4859,q69_t847
4860,q103_t847
4860,q103_t848
4861,q103_t848
4861,q103_t849
4862,q103_t849
4862,q103_t850
4862,q70_t849
4862,q70_t850
4863,q103_t850
4863,q103_t851
4864,q103_t851
4864,q103_t852
4865,q103_t852
4865,q103_t853
4865,q71_t852
4865,q71_t853
4866,q103_t853
4866,q103_t854
4867,q103_t854
4867,q103_t855
4868,q103_t855
4868,q103_t856
4868,q72_t855
4868,q72_t856
4869,q103_t856
4869,q103_t857
4870,q103_t857
4870,q103_t858
4871,q103_t858
4871,q103_t859
4871,q73_t858
4871,q73_t859
4872,q103_t859
4872,q103_t860
4873,q103_t860
4873,q103_t861
4874,q103_t861
4874,q103_t862
4874,q74_t861
4874,q74_t862
4875,q103_t862
4875,q103_t863
4876,q103_t863
4876,q103_t864
4877,q103_t864
4877,q103_t865
4877,q75_t864
4877,q75_t865
4878,q103_t865
4878,q103_t866
4879,q103_t866
4879,q103_t867
4880,q103_t867
4880,q103_t868
4880,q76_t867
4880,q76_t868
4881,q103_t868
4881,q103_t869
4882,q103_t869
4882,q103_t870
4883,q103_t870
4883,q103_t871
4883,q77_t870
4883,q77_t871
4884,q103_t871
4884,q103_t872
4885,q103_t872
4885,q103_t873
4886,q103_t873
4886,q103_t874
4886,q78_t873
4886,q78_t874
4887,q103_t874
4887,q103_t875
4888,q103_t875
4888,q103_t876
4889,q103_t876
4889,q103_t877
4889,q79_t876
4889,q79_t877
4890,q103_t877
4890,q103_t878
4891,q103_t878
4891,q103_t879
4892,q103_t879
4892,q103_t880
4892,q80_t879
4892,q80_t880
4893,q103_t880
4893,q103_t881
4894,q103_t881
4894,q103_t882
4895,q103_t882
4895,q103_t883
4895,q81_t882
4895,q81_t883
4896,q103_t883
4896,q103_t884
4897,q103_t884
4897,q103_t885
4898,q103_t885
4898,q103_t886
4898,q82_t885
4898,q82_t886
4899,q103_t886
4899,q103_t887
4900,q103_t887
4900,q103_t888
4901,q103_t888
4901,q103_t889
4901,q83_t888
4901,q83_t889
4902,q103_t889
4902,q103_t890
4903,q103_t890
4903,q103_t891
4904,q103_t891
4904,q103_t892
4904,q84_t891
4904,q84_t892
4905,q103_t892
4905,q103_t893
4906,q103_t893
4906,q103_t894
4907,q103_t894
4907,q103_t895
4907,q85_t894
4907,q85_t895
4908,q103_t895
4908,q103_t896
4909,q103_t896
4909,q103_t897
4910,q103_t897
4910,q103_t898
4910,q86_t897
4910,q86_t898
4911,q103_t898
4911,q103_t899
4912,q103_t899
4912,q103_t900
4913,q103_t900
4913,q103_t901
4913,q87_t900
4913,q87_t901
4914,q103_t901
4914,q103_t902
4915,q103_t902
4915,q103_t903
4916,q103_t903
4916,q103_t904
4916,q88_t903
4916,q88_t904
4917,q103_t904
4917,q103_t905
4918,q103_t905
4918,q103_t906
4919,q103_t906
4919,q103_t907
4919,q89_t906
4919,q89_t907
4920,q103_t907
4920,q103_t908
4921,q103_t908
4921,q103_t909
4922,q103_t909
4922,q103_t910
4922,q90_t909
4922,q90_t910
4923,q103_t910
4923,q103_t911
4924,q103_t911
4924,q103_t912
4925,q103_t912
4925,q103_t913
4925,q91_t912
4925,q91_t913
4926,q103_t913
4926,q103_t914
4927,q103_t914
4927,q103_t915
4928,q103_t915
4928,q103_t916
4928,q92_t915
4928,q92_t916
4929,q103_t916
4929,q103_t917
4930,q103_t917
4930,q103_t918
4931,q103_t918
4931,q103_t919
4931,q93_t918
4931,q93_t919
4932,q103_t919
4932,q103_t920
4933,q103_t920
4933,q103_t921
4934,q103_t921
4934,q103_t922
4934,q94_t921
4934,q94_t922
4935,q103_t922
4935,q103_t923
4936,q103_t923
4936,q103_t924
4937,q103_t924
4937,q103_t925
4937,q95_t924
4937,q95_t925
4938,q103_t925
4938,q103_t926
4939,q103_t926
4939,q103_t927
4940,q103_t927
4940,q103_t928
4940,q96_t927
4940,q96_t928
4941,q103_t928
4941,q103_t929
4942,q103_t929
4942,q103_t930
4943,q103_t930
4943,q103_t931
4943,q97_t930
4943,q97_t931
4944,q103_t931
4944,q103_t932
4945,q103_t932
4945,q103_t933
4946,q103_t933
4946,q103_t934
4946,q98_t933
4946,q98_t934
4947,q103_t934
4947,q103_t935
4948,q103_t935
4948,q103_t936
4949,q103_t936
4949,q103_t937
4949,q99_t936
4949,q99_t937
4950,q103_t937
4950,q103_t938
4951,q103_t938
4951,q103_t939
4952,q103_t940
4952,q103_t941
4953,q103_t941
4953,q103_t942
4954,q103_t943
4954,q103_t944
4955,q103_t944
4955,q103_t945
4956,q103_t946
4956,q103_t947
4957,q103_t947
4957,q103_t951
4958,q103_t951
4958,q103_t952
4958,q104_t951
4958,q104_t952
4959,q103_t952
4959,q103_t953
4960,q103_t953
4960,q103_t954
4961,q103_t954
4961,q103_t955
4961,q105_t954
4961,q105_t955
4962,q103_t955
4962,q103_t956
4963,q103_t956
4963,q103_t957
4964,q103_t957
4964,q103_t958
4964,q106_t957
4964,q106_t958
4965,q103_t958
4965,q103_t959
4966,q103_t959
4966,q103_t960
4967,q103_t960
4967,q103_t961
4967,q107_t960
4967,q107_t961
4968,q103_t961
4968,q103_t962
4969,q103_t962
4969,q103_t963
4970,q103_t963
4970,q103_t964
4970,q108_t963
4970,q108_t964
4971,q103_t964
4971,q103_t965
4972,q103_t965
4972,q103_t966
4973,q103_t966
4973,q103_t967
4973,q109_t966
4973,q109_t967
4974,q103_t967
4974,q103_t968
4975,q103_t968
4975,q103_t969
4976,q103_t969
4976,q103_t970
4977,q103_t971
4977,q103_t972
4978,q103_t972
4978,q103_t973
4979,q103_t973
4979,q103_t974
4979,q1_t973
4979,q1_t974
4980,q103_t974
4980,q103_t975
4981,q103_t975
4981,q103_t976
4982,q103_t976
4982,q103_t977
4982,q2_t976
4982,q2_t977
4983,q103_t977
4983,q103_t978
4984,q103_t978
4984,q103_t979
4985,q103_t979
4985,q103_t980
4985,q3_t979
4985,q3_t980
4986,q103_t980
4986,q103_t981
4987,q103_t981
4987,q103_t982
4988,q103_t982
4988,q103_t983
4988,q4_t982
4988,q4_t983
4989,q103_t983
4989,q103_t984
4990,q103_t984
4990,q103_t985
4991,q103_t985
4991,q103_t986
4991,q5_t985
4991,q5_t986
4992,q103_t986
4992,q103_t987
4993,q103_t987
4993,q103_t988
4994,q103_t988
4994,q103_t989
4994,q6_t988
4994,q6_t989
4995,q103_t989
4995,q103_t990
4996,q103_t990
4996,q103_t991
4997,q103_t991
4997,q103_t992
4997,q7_t991
4997,q7_t992
4998,q103_t992
4998,q103_t993
4999,q103_t993
4999,q103_t994
5000,q103_t994
5000,q103_t995
5000,q8_t994
5000,q8_t995
5001,q103_t995
5001,q103_t996
5002,q103_t996
5002,q103_t997
5003,q103_t997
5003,q103_t998
5003,q9_t997
5003,q9_t998
5004,q103_t998
5004,q103_t999
5005,q104_t0
5005,q104_t1
5006,q104_t1
5006,q104_t311
5007,q104_t1000
5007,q104_t1001
5007,q9_t1000
5007,q9_t1001
5008,q104_t1000
5008,q104_t999
5009,q104_t1001
5009,q104_t1002
5010,q104_t1002
5010,q104_t1003
5011,q104_t1003
5011,q104_t1004
5011,q10_t1003
5011,q10_t1004
5012,q104_t1004
5012,q104_t1005
5013,q104_t1005
5013,q104_t1006
5014,q104_t1006
5014,q104_t1007
5014,q11_t1006
5014,q11_t1007
5015,q104_t1007
5015,q104_t1008
5016,q104_t1008
5016,q104_t1009
5017,q104_t1009
5017,q104_t1010
5017,q12_t1009
5017,q12_t1010
5018,q104_t1010
5018,q104_t1011
5019,q104_t1011
5019,q104_t1012
5020,q104_t1012
5020,q104_t1013
5020,q13_t1012
5020,q13_t1013
5021,q104_t1013
5021,q104_t1014
5022,q104_t1014
5022,q104_t1015
5023,q104_t1015
5023,q104_t1016
5023,q14_t1015
5023,q14_t1016
5024,q104_t1016
5024,q104_t1017
5025,q104_t1017
5025,q104_t1018
5026,q104_t1018
5026,q104_t1019
5026,q15_t1018
5026,q15_t1019
5027,q104_t1019
5027,q104_t1020
5028,q104_t1020
5028,q104_t1021
5029,q104_t1021
5029,q104_t1022
5029,q16_t1021
5029,q16_t1022
5030,q104_t1022
5030,q104_t1023
5031,q104_t1023
5031,q104_t1024
5032,q104_t1024
5032,q104_t1025
5032,q17_t1024
5032,q17_t1025
5033,q104_t1025
5033,q104_t1026
5034,q104_t1026
5034,q104_t1027
5035,q104_t1027
5035,q104_t1028
5035,q18_t1027
5035,q18_t1028
5036,q104_t1028
5036,q104_t1029
5037,q104_t1029
5037,q104_t1030
5038,q104_t1030
5038,q104_t1031
5038,q19_t1030
5038,q19_t1031
5039,q104_t1031
5039,q104_t1032
5040,q104_t1032
5040,q104_t1033
5041,q104_t1033
5041,q104_t1034
5041,q20_t1033
5041,q20_t1034
5042,q104_t1034
5042,q104_t1035
5043,q104_t1035
5043,q104_t1036
5044,q104_t1036
5044,q104_t1037
5044,q21_t1036
5044,q21_t1037
5045,q104_t1037
5045,q104_t1038
5046,q104_t1038
5046,q104_t1039
5047,q104_t1039
5047,q104_t1040
5047,q22_t1039
5047,q22_t1040
5048,q104_t1040
5048,q104_t1041
5049,q104_t1041
5049,q104_t1042
5050,q104_t1042
5050,q104_t1043
5050,q23_t1042
5050,q23_t1043
5051,q104_t1043
5051,q104_t1044
5052,q104_t1044
5052,q104_t1045
5053,q104_t1045
5053,q104_t1046
5053,q24_t1045
5053,q24_t1046
5054,q104_t1046
5054,q104_t1047
5055,q104_t1047
5055,q104_t1048
5056,q104_t1048
5056,q104_t1049
5056,q25_t1048
5056,q25_t1049
5057,q104_t1049
5057,q104_t1050
5058,q104_t1050
5058,q104_t1051
5059,q104_t1051
5059,q104_t1052
5059,q26_t1051
5059,q26_t1052
5060,q104_t1052
5060,q104_t1053
5061,q104_t1053
5061,q104_t1054
5062,q104_t1054
5062,q104_t1055
5062,q27_t1054
5062,q27_t1055
5063,q104_t1055
5063,q104_t1056
5064,q104_t1056
5064,q104_t1057
5065,q104_t1057
5065,q104_t1058
5065,q28_t1057
5065,q28_t1058
5066,q104_t1058
5066,q104_t1059
5067,q104_t1059
5067,q104_t1060
5068,q104_t1060
5068,q104_t1061
5068,q29_t1060
5068,q29_t1061
5069,q104_t1061
5069,q104_t1062
5070,q104_t1062
5070,q104_t1063
5071,q104_t1063
5071,q104_t1064
5071,q30_t1063
5071,q30_t1064
5072,q104_t1064
5072,q104_t1065
5073,q104_t1065
5073,q104_t1066
5074,q104_t1066
5074,q104_t1067
5074,q31_t1066
5074,q31_t1067
5075,q104_t1067
5075,q104_t1068
5076,q104_t1068
5076,q104_t1069
5077,q104_t1069
5077,q104_t1070
5077,q32_t1069
5077,q32_t1070
5078,q104_t1070
5078,q104_t1071
5079,q104_t1071
5079,q104_t1072
5080,q104_t1072
5080,q104_t1073
5080,q33_t1072
5080,q33_t1073
5081,q104_t1073
5081,q104_t1074
5082,q104_t1074
5082,q104_t1075
5083,q104_t1075
5083,q104_t1076
5083,q34_t1075
5083,q34_t1076
5084,q104_t1076
5084,q104_t1077
5085,q104_t1077
5085,q104_t1078
5086,q104_t1078
5086,q104_t1079
5086,q35_t1078
5086,q35_t1079
5087,q104_t1079
5087,q104_t1080
5088,q104_t1080
5088,q104_t1081
5089,q104_t1081
5089,q104_t1082
5089,q36_t1081
5089,q36_t1082
5090,q104_t1082
5090,q104_t1083
5091,q104_t1083
5091,q104_t1084
5092,q104_t1084
5092,q104_t1085
5092,q37_t1084
5092,q37_t1085
5093,q104_t1085
5093,q104_t1086
5094,q104_t1086
5094,q104_t1087
5095,q104_t1087
5095,q104_t1088
5095,q38_t1087
5095,q38_t1088
5096,q104_t1088
5096,q104_t1089
5097,q104_t1089
5097,q104_t1090
5098,q104_t1090
5098,q104_t1091
5098,q39_t1090
5098,q39_t1091
5099,q104_t1091
5099,q104_t1092
5100,q104_t1092
5100,q104_t1093
5101,q104_t1093
5101,q104_t1094
5101,q40_t1093
5101,q40_t1094
5102,q104_t1094
5102,q104_t1095
5103,q104_t1095
5103,q104_t1096
5104,q104_t1096
5104,q104_t1097
5104,q41_t1096
5104,q41_t1097
5105,q104_t1097
5105,q104_t1098
5106,q104_t1098
5106,q104_t1099
5107,q104_t1099
5107,q104_t1100
5107,q42_t1099
5107,q42_t1100
5108,q104_t1100
5108,q104_t1101
5109,q104_t1101
5109,q104_t1102
5110,q104_t1102
5110,q104_t1103
5110,q43_t1102
5110,q43_t1103
5111,q104_t1103
5111,q104_t1104
5112,q104_t1104
5112,q104_t1105
5113,q104_t1105
5113,q104_t1106
5113,q44_t1105
5113,q44_t1106
5114,q104_t1106
5114,q104_t1107
5115,q104_t1107
5115,q104_t1108
5116,q104_t1108
5116,q104_t1109
5116,q45_t1108
5116,q45_t1109
5117,q104_t1109
5117,q104_t1110
5118,q104_t1110
5118,q104_t1111
5119,q104_t1111
5119,q104_t1112
5119,q46_t1111
5119,q46_t1112
5120,q104_t1112
5120,q104_t1113
5121,q104_t1113
5121,q104_t1114
5122,q104_t1114
5122,q104_t1115
5122,q47_t1114
5122,q47_t1115
5123,q104_t1115
5123,q104_t1116
5124,q104_t1116
5124,q104_t1117
5125,q104_t1117
5125,q104_t1118
5125,q48_t1117
5125,q48_t1118
5126,q104_t1118
5126,q104_t1119
5127,q104_t1119
5127,q104_t1120
5128,q104_t1120
5128,q104_t1121
5128,q49_t1120
5128,q49_t1121
5129,q104_t1121
5129,q104_t1122
5130,q104_t1122
5130,q104_t1123
5131,q104_t1123
5131,q104_t1124
5131,q50_t1123
5131,q50_t1124
5132,q104_t1124
5132,q104_t1125
5133,q104_t1125
5133,q104_t1126
5134,q104_t1126
5134,q104_t1127
5134,q51_t1126
5134,q51_t1127
5135,q104_t1127
5135,q104_t1128
5136,q104_t1128
5136,q104_t1129
5137,q104_t1129
5137,q104_t1130
5137,q52_t1129
5137,q52_t1130
5138,q104_t1130
5138,q104_t1131
5139,q104_t1131
5139,q104_t1132
5140,q104_t1132
5140,q104_t1133
5140,q53_t1132
5140,q53_t1133
5141,q104_t1133
5141,q104_t1134
5142,q104_t1134
5142,q104_t1135
5143,q104_t1135
5143,q104_t1136
5143,q54_t1135
5143,q54_t1136
5144,q104_t1136
5144,q104_t1137
5145,q104_t1137
5145,q104_t1138
5146,q104_t1138
5146,q104_t1139
5146,q55_t1138
5146,q55_t1139
5147,q104_t1139
5147,q104_t1140
5148,q104_t1140
5148,q104_t1141
5149,q104_t1141
5149,q104_t1142
5149,q56_t1141
5149,q56_t1142
5150,q104_t1142
5150,q104_t1143
5151,q104_t1143
5151,q104_t1144
5152,q104_t1144
5152,q104_t1145
5152,q57_t1144
5152,q57_t1145
5153,q104_t1145
5153,q104_t1146
5154,q104_t1146
5154,q104_t1147
5155,q104_t1147
5155,q104_t1148
5155,q58_t1147
5155,q58_t1148
5156,q104_t1148
5156,q104_t1149
5157,q104_t1149
5157,q104_t1150
5158,q104_t1150
5158,q104_t1151
5158,q59_t1150
5158,q59_t1151
5159,q104_t1151
5159,q104_t1152
5160,q104_t1152
5160,q104_t1153
5161,q104_t1153
5161,q104_t1154
5161,q60_t1153
5161,q60_t1154
5162,q104_t1154
5162,q104_t1155
5163,q104_t1155
5163,q104_t1156
5164,q104_t1156
5164,q104_t1157
5164,q61_t1156
5164,q61_t1157
5165,q104_t1157
5165,q104_t1158
5166,q104_t1158
5166,q104_t1159
5167,q104_t1159
5167,q104_t1160
5167,q62_t1159
5167,q62_t1160
5168,q104_t1160
5168,q104_t1161
5169,q104_t1161
5169,q104_t1162
5170,q104_t1162
5170,q104_t1163
5170,q63_t1162
5170,q63_t1163
5171,q104_t1163
5171,q104_t1164
5172,q104_t1164
5172,q104_t1165
5173,q104_t1165
5173,q104_t1166
5173,q64_t1165
5173,q64_t1166
5174,q104_t1166
5174,q104_t1167
5175,q104_t1167
5175,q104_t1168
5176,q104_t1168
5176,q104_t1169
5176,q65_t1168
5176,q65_t1169
5177,q104_t1169
5177,q104_t1170
5178,q104_t1170
5178,q104_t1171
5179,q104_t1171
5179,q104_t1172
5179,q66_t1171
5179,q66_t1172
5180,q104_t1172
5180,q104_t1173
5181,q104_t1173
5181,q104_t1174
5182,q104_t1174
5182,q104_t1175
5182,q67_t1174
5182,q67_t1175
5183,q104_t1175
5183,q104_t1176
5184,q104_t1176
5184,q104_t1177
5185,q104_t1177
5185,q104_t1178
5185,q68_t1177
5185,q68_t1178
5186,q104_t1178
5186,q104_t1179
5187,q104_t1179
5187,q104_t1180
5188,q104_t1180
5188,q104_t1181
5188,q69_t1180
5188,q69_t1181
5189,q104_t1181
5189,q104_t1182
5190,q104_t1182
5190,q104_t1183
5191,q104_t1183
5191,q104_t1184
5191,q70_t1183
5191,q70_t1184
5192,q104_t1184
5192,q104_t1185
5193,q104_t1185
5193,q104_t1186
5194,q104_t1186
5194,q104_t1187
5194,q71_t1186
5194,q71_t1187
5195,q104_t1187
5195,q104_t1188
5196,q104_t1188
5196,q104_t1189
5197,q104_t1189
5197,q104_t1190
5197,q72_t1189
5197,q72_t1190
5198,q104_t1190
5198,q104_t1191
5199,q104_t1191
5199,q104_t1192
5200,q104_t1192
5200,q104_t1193
5200,q73_t1192
5200,q73_t1193
5201,q104_t1193
5201,q104_t1194
5202,q104_t1194
5202,q104_t1195
5203,q104_t1195
5203,q104_t1196
5203,q74_t1195
5203,q74_t1196
5204,q104_t1196
5204,q104_t1197
5205,q104_t1197
5205,q104_t1198
5206,q104_t1198
5206,q104_t1199
5206,q75_t1198
5206,q75_t1199
5207,q104_t1199
5207,q104_t1200
5208,q104_t1200
5208,q104_t1201
5209,q104_t1201
5209,q104_t1202
5209,q76_t1201
5209,q76_t1202
5210,q104_t1202
5210,q104_t1203
5211,q104_t1203
5211,q104_t1204
5212,q104_t1204
5212,q104_t1205
5212,q77_t1204
5212,q77_t1205
5213,q104_t1205
5213,q104_t1206
5214,q104_t1206
5214,q104_t1207
5215,q104_t1207
5215,q104_t1208
5215,q78_t1207
5215,q78_t1208
5216,q104_t1208
5216,q104_t1209
5217,q104_t1209
5217,q104_t1210
5218,q104_t1210
5218,q104_t1211
5218,q79_t1210
5218,q79_t1211
5219,q104_t1211
5219,q104_t1212
5220,q104_t1212
5220,q104_t1213
5221,q104_t1213
5221,q104_t1214
5221,q80_t1213
5221,q80_t1214
5222,q104_t1214
5222,q104_t1215
5223,q104_t1215
5223,q104_t1216
5224,q104_t1216
5224,q104_t1217
5224,q81_t1216
5224,q81_t1217
5225,q104_t1217
5225,q104_t1218
5226,q104_t1218
5226,q104_t1219
5227,q104_t1219
5227,q104_t1220
5227,q82_t1219
5227,q82_t1220
5228,q104_t1220
5228,q104_t1221
5229,q104_t1221
5229,q104_t1222
5230,q104_t1222
5230,q104_t1223
5230,q83_t1222
5230,q83_t1223
5231,q104_t1223
5231,q104_t1224
5232,q104_t1224
5232,q104_t1225
5233,q104_t1225
5233,q104_t1226
5233,q84_t1225
5233,q84_t1226
5234,q104_t1226
5234,q104_t1227
5235,q104_t1227
5235,q104_t1228
5236,q104_t1228
5236,q104_t1229
5236,q85_t1228
5236,q85_t1229
5237,q104_t1229
5237,q104_t1230
5238,q104_t1230
5238,q104_t1231
5239,q104_t1231
5239,q104_t1232
5239,q86_t1231
5239,q86_t1232
5240,q104_t1232
5240,q104_t1233
5241,q104_t1233
5241,q104_t1234
5242,q104_t1234
5242,q104_t1235
5242,q87_t1234
5242,q87_t1235
5243,q104_t1235
5243,q104_t1236
5244,q104_t1236
5244,q104_t1237
5245,q104_t1237
5245,q104_t1238
5245,q88_t1237
5245,q88_t1238
5246,q104_t1238
5246,q104_t1239
5247,q104_t1239
5247,q104_t1240
5248,q104_t1240
5248,q104_t1241
5248,q89_t1240
5248,q89_t1241
5249,q104_t1241
5249,q104_t1242
5250,q104_t1242
5250,q104_t1243
5251,q104_t1243
5251,q104_t1244
5251,q90_t1243
5251,q90_t1244
5252,q104_t1244
5252,q104_t1245
5253,q104_t1245
5253,q104_t1246
5254,q104_t1246
5254,q104_t1247
5254,q91_t1246
5254,q91_t1247
5255,q104_t1247
5255,q104_t1248
5256,q104_t1248
5256,q104_t1249
5257,q104_t1249
5257,q104_t1250
5257,q92_t1249
5257,q92_t1250
5258,q104_t1250
5258,q104_t1251
5259,q104_t1251
5259,q104_t1252
5260,q104_t1252
5260,q104_t1253
5260,q93_t1252
5260,q93_t1253
5261,q104_t1253
5261,q104_t1254
5262,q104_t1254
5262,q104_t1255
5263,q104_t1255
5263,q104_t1256
5263,q94_t1255
5263,q94_t1256
5264,q104_t1256
5264,q104_t1257
5265,q104_t1257
5265,q104_t1258
5266,q104_t1258
5266,q104_t1259
5266,q95_t1258
5266,q95_t1259
5267,q104_t1259
5267,q104_t1260
5268,q104_t1260
5268,q104_t1261
5269,q104_t1261
5269,q104_t1262
5269,q96_t1261
5269,q96_t1262
5270,q104_t1262
5270,q104_t1263
5271,q104_t1263
5271,q104_t1264
5272,q104_t1264
5272,q104_t1265
5272,q97_t1264
5272,q97_t1265
5273,q104_t1265
5273,q104_t1266
5274,q104_t1266
5274,q104_t1267
5275,q104_t1267
5275,q104_t1268
5275,q98_t1267
5275,q98_t1268
5276,q104_t1268
5276,q104_t1269
5277,q104_t1269
5277,q104_t1270
5278,q104_t1270
5278,q104_t1271
5278,q99_t1270
5278,q99_t1271
5279,q104_t1271
5279,q104_t1272
5280,q104_t1272
5280,q104_t1273
5281,q104_t1274
5281,q104_t1275
5282,q104_t1275
5282,q104_t1276
5283,q104_t1277
5283,q104_t1278
5284,q104_t1278
5284,q104_t1279
5285,q104_t1280
5285,q104_t1281
5286,q104_t1281
5286,q104_t1282
5287,q104_t1283
5287,q104_t1284
5288,q104_t1284
5288,q104_t1288
5289,q104_t1288
5289,q104_t1289
5289,q105_t1288
5289,q105_t1289
5290,q104_t1289
5290,q104_t1290
5291,q104_t1290
5291,q104_t1291
5292,q104_t1291
5292,q104_t1292
5292,q106_t1291
5292,q106_t1292
5293,q104_t1292
5293,q104_t1293
5294,q104_t1293
5294,q104_t1294
5295,q104_t1294
5295,q104_t1295
5295,q107_t1294
5295,q107_t1295
5296,q104_t1295
5296,q104_t1296
5297,q104_t1296
5297,q104_t1297
5298,q104_t1297
5298,q104_t1298
5298,q108_t1297
5298,q108_t1298
5299,q104_t1298
5299,q104_t1299
5300,q104_t1299
5300,q104_t1300
5301,q104_t1300
5301,q104_t1301
5301,q109_t1300
5301,q109_t1301
5302,q104_t1301
5302,q104_t1302
5303,q104_t1302
5303,q104_t1303
5304,q104_t312
5304,q104_t313
5305,q104_t313
5305,q104_t314
5306,q104_t314
5306,q104_t315
5306,q1_t314
5306,q1_t315
5307,q104_t315
5307,q104_t316
5308,q104_t316
5308,q104_t317
5309,q104_t317
5309,q104_t318
5309,q2_t317
5309,q2_t318
5310,q104_t318
5310,q104_t319
5311,q104_t319
5311,q104_t320
5312,q104_t320
5312,q104_t321
5312,q3_t320
5312,q3_t321
5313,q104_t321
5313,q104_t322
5314,q104_t322
5314,q104_t323
5315,q104_t323
5315,q104_t324
5315,q4_t323
5315,q4_t324
5316,q104_t324
5316,q104_t325
5317,q104_t325
5317,q104_t326
5318,q104_t326
5318,q104_t327
5318,q5_t326
5318,q5_t327
5319,q104_t327
5319,q104_t328
5320,q104_t328
5320,q104_t329
5321,q104_t329
5321,q104_t330
5321,q6_t329
5321,q6_t330
5322,q104_t330
5322,q104_t331
5323,q104_t331
5323,q104_t332
5324,q104_t332
5324,q104_t333
5324,q7_t332
5324,q7_t333
5325,q104_t333
5325,q104_t334
5326,q104_t334
5326,q104_t335
5327,q104_t335
5327,q104_t336
5327,q8_t335
5327,q8_t336
5328,q104_t336
5328,q104_t337
5329,q104_t337
5329,q104_t338
5330,q104_t338
5330,q104_t339
5330,q9_t338
5330,q9_t339
5331,q104_t339
5331,q104_t340
5332,q104_t340
5332,q104_t341
5333,q104_t341
5333,q104_t342
5333,q10_t341
5333,q10_t342
5334,q104_t342
5334,q104_t343
5335,q104_t343
5335,q104_t344
5336,q104_t344
5336,q104_t345
5336,q11_t344
5336,q11_t345
5337,q104_t345
5337,q104_t346
5338,q104_t346
5338,q104_t347
5339,q104_t347
5339,q104_t348
5339,q12_t347
5339,q12_t348
5340,q104_t348
5340,q104_t349
5341,q104_t349
5341,q104_t350
5342,q104_t350
5342,q104_t351
5342,q13_t350
5342,q13_t351
5343,q104_t351
5343,q104_t352
5344,q104_t352
5344,q104_t353
5345,q104_t353
5345,q104_t354
5345,q14_t353
5345,q14_t354
5346,q104_t354
5346,q104_t355
5347,q104_t355
5347,q104_t356
5348,q104_t356
5348,q104_t357
5348,q15_t356
5348,q15_t357
5349,q104_t357
5349,q104_t358
5350,q104_t358
5350,q104_t359
5351,q104_t359
5351,q104_t360
5351,q16_t359
5351,q16_t360
5352,q104_t360
5352,q104_t361
5353,q104_t361
5353,q104_t362
5354,q104_t362
5354,q104_t363
5354,q17_t362
5354,q17_t363
5355,q104_t363
5355,q104_t364
5356,q104_t364
5356,q104_t365
5357,q104_t365
5357,q104_t366
5357,q18_t365
5357,q18_t366
5358,q104_t366
5358,q104_t367
5359,q104_t367
5359,q104_t368
5360,q104_t368
5360,q104_t369
5360,q19_t368
5360,q19_t369
5361,q104_t369
5361,q104_t370
5362,q104_t370
5362,q104_t371
5363,q104_t371
5363,q104_t372
5363,q20_t371
5363,q20_t372
5364,q104_t372
5364,q104_t373
5365,q104_t373
5365,q104_t374
5366,q104_t374
5366,q104_t375
5366,q21_t374
5366,q21_t375
5367,q104_t375
5367,q104_t376
5368,q104_t376
5368,q104_t377
5369,q104_t377
5369,q104_t378
5369,q22_t377
5369,q22_t378
5370,q104_t378
5370,q104_t379
5371,q104_t379
5371,q104_t380
5372,q104_t380
5372,q104_t381
5372,q23_t380
5372,q23_t381
5373,q104_t381
5373,q104_t382
5374,q104_t382
5374,q104_t383
5375,q104_t383
5375,q104_t384
5375,q24_t383
5375,q24_t384
5376,q104_t384
5376,q104_t385
5377,q104_t385
5377,q104_t386
5378,q104_t386
5378,q104_t387
5378,q25_t386
5378,q25_t387
5379,q104_t387
5379,q104_t388
5380,q104_t388
5380,q104_t389
5381,q104_t389
5381,q104_t390
5381,q26_t389
5381,q26_t390
5382,q104_t390
5382,q104_t391
5383,q104_t391
5383,q104_t392
5384,q104_t392
5384,q104_t393
5384,q27_t392
5384,q27_t393
5385,q104_t393
5385,q104_t394
5386,q104_t394
5386,q104_t395
5387,q104_t395
5387,q104_t396
5387,q28_t395
5387,q28_t396
5388,q104_t396
5388,q104_t397
5389,q104_t397
5389,q104_t398
5390,q104_t398
5390,q104_t399
5390,q29_t398
5390,q29_t399
5391,q104_t399
5391,q104_t400
5392,q104_t400
5392,q104_t401
5393,q104_t401
5393,q104_t402
5393,q30_t401
5393,q30_t402
5394,q104_t402
5394,q104_t403
5395,q104_t403
5395,q104_t404
5396,q104_t404
5396,q104_t405
5396,q31_t404
5396,q31_t405
5397,q104_t405
5397,q104_t406
5398,q104_t406
5398,q104_t407
5399,q104_t407
5399,q104_t408
5399,q32_t407
5399,q32_t408
5400,q104_t408
5400,q104_t409
5401,q104_t409
5401,q104_t410
5402,q104_t410
5402,q104_t411
5402,q33_t410
5402,q33_t411
5403,q104_t411
5403,q104_t412
5404,q104_t412
5404,q104_t413
5405,q104_t413
5405,q104_t414
5405,q34_t413
5405,q34_t414
5406,q104_t414
5406,q104_t415
5407,q104_t415
5407,q104_t416
5408,q104_t416
5408,q104_t417
5408,q35_t416
5408,q35_t417
5409,q104_t417
5409,q104_t418
5410,q104_t418
5410,q104_t419
5411,q104_t419
5411,q104_t420
5411,q36_t419
5411,q36_t420
5412,q104_t420
5412,q104_t421
5413,q104_t421
5413,q104_t422
5414,q104_t422
5414,q104_t423
5414,q37_t422
5414,q37_t423
5415,q104_t423
5415,q104_t424
5416,q104_t424
5416,q104_t425
5417,q104_t425
5417,q104_t426
5417,q38_t425
5417,q38_t426
5418,q104_t426
5418,q104_t427
5419,q104_t427
5419,q104_t428
5420,q104_t428
5420,q104_t429
5420,q39_t428
5420,q39_t429
5421,q104_t429
5421,q104_t430
5422,q104_t430
5422,q104_t431
5423,q104_t431
5423,q104_t432
5423,q40_t431
5423,q40_t432
5424,q104_t432
5424,q104_t433
5425,q104_t433
5425,q104_t434
5426,q104_t434
5426,q104_t435
5426,q41_t434
5426,q41_t435
5427,q104_t435
5427,q104_t436
5428,q104_t436
5428,q104_t437
5429,q104_t437
5429,q104_t438
5429,q42_t437
5429,q42_t438
5430,q104_t438
5430,q104_t439
5431,q104_t439
5431,q104_t440
5432,q104_t440
5432,q104_t441
5432,q43_t440
5432,q43_t441
5433,q104_t441
5433,q104_t442
5434,q104_t442
5434,q104_t443
5435,q104_t443
5435,q104_t444
5435,q44_t443
5435,q44_t444
5436,q104_t444
5436,q104_t445
5437,q104_t445
5437,q104_t446
5438,q104_t446
5438,q104_t447
5438,q45_t446
5438,q45_t447
5439,q104_t447
5439,q104_t448
5440,q104_t448
5440,q104_t449
5441,q104_t449
5441,q104_t450
5441,q46_t449
5441,q46_t450
5442,q104_t450
5442,q104_t451
5443,q104_t451
5443,q104_t452
5444,q104_t452
5444,q104_t453
5444,q47_t452
5444,q47_t453
5445,q104_t453
5445,q104_t454
5446,q104_t454
5446,q104_t455
5447,q104_t455
5447,q104_t456
5447,q48_t455
5447,q48_t456
5448,q104_t456
5448,q104_t457
5449,q104_t457
5449,q104_t458
5450,q104_t458
5450,q104_t459
5450,q49_t458
5450,q49_t459
5451,q104_t459
5451,q104_t460
5452,q104_t460
5452,q104_t461
5453,q104_t461
5453,q104_t462
5453,q50_t461
5453,q50_t462
5454,q104_t462
5454,q104_t463
5455,q104_t463
5455,q104_t464
5456,q104_t464
5456,q104_t465
5456,q51_t464
5456,q51_t465
5457,q104_t465
5457,q104_t466
5458,q104_t466
5458,q104_t467
5459,q104_t467
5459,q104_t468
5459,q52_t467
5459,q52_t468
5460,q104_t468
5460,q104_t469
5461,q104_t469
5461,q104_t470
5462,q104_t470
5462,q104_t471
5462,q53_t470
5462,q53_t471
5463,q104_t471
5463,q104_t472
5464,q104_t472
5464,q104_t473
5465,q104_t473
5465,q104_t474
5465,q54_t473
5465,q54_t474
5466,q104_t474
5466,q104_t475
5467,q104_t475
5467,q104_t476
5468,q104_t476
5468,q104_t477
5468,q55_t476
5468,q55_t477
5469,q104_t477
5469,q104_t478
5470,q104_t478
5470,q104_t479
5471,q104_t479
5471,q104_t480
5471,q56_t479
5471,q56_t480
5472,q104_t480
5472,q104_t481
5473,q104_t481
5473,q104_t482
5474,q104_t482
5474,q104_t483
5474,q57_t482
5474,q57_t483
5475,q104_t483
5475,q104_t484
5476,q104_t484
5476,q104_t485
5477,q104_t485
5477,q104_t486
5477,q58_t485
5477,q58_t486
5478,q104_t486
5478,q104_t487
5479,q104_t487
5479,q104_t488
5480,q104_t488
5480,q104_t489
5480,q59_t488
5480,q59_t489
5481,q104_t489
5481,q104_t490
5482,q104_t490
5482,q104_t491
5483,q104_t491
5483,q104_t492
5483,q60_t491
5483,q60_t492
5484,q104_t492
5484,q104_t493
5485,q104_t493
5485,q104_t494
5486,q104_t494
5486,q104_t495
5486,q61_t494
5486,q61_t495
5487,q104_t495
5487,q104_t496
5488,q104_t496
5488,q104_t497
5489,q104_t497
5489,q104_t498
5489,q62_t497
5489,q62_t498
5490,q104_t498
5490,q104_t499
5491,q104_t499
5491,q104_t500
5492,q104_t500
5492,q104_t501
5492,q63_t500
5492,q63_t501
5493,q104_t501
5493,q104_t502
5494,q104_t502
5494,q104_t503
5495,q104_t503
5495,q104_t504
5495,q64_t503
5495,q64_t504
5496,q104_t504
5496,q104_t505
5497,q104_t505
5497,q104_t506
5498,q104_t506
5498,q104_t507
5498,q65_t506
5498,q65_t507
5499,q104_t507
5499,q104_t508
5500,q104_t508
5500,q104_t509
5501,q104_t509
5501,q104_t510
5501,q66_t509
5501,q66_t510
5502,q104_t510
5502,q104_t511
5503,q104_t511
5503,q104_t512
5504,q104_t512
5504,q104_t513
5504,q67_t512
5504,q67_t513
5505,q104_t513
5505,q104_t514
5506,q104_t514
5506,q104_t515
5507,q104_t515
5507,q104_t516
5507,q68_t515
5507,q68_t516
5508,q104_t516
5508,q104_t517
5509,q104_t517
5509,q104_t518
5510,q104_t518
5510,q104_t519
5510,q69_t518
5510,q69_t519
5511,q104_t519
5511,q104_t520
5512,q104_t520
5512,q104_t521
5513,q104_t521
5513,q104_t522
5513,q70_t521
5513,q70_t522
5514,q104_t522
5514,q104_t523
5515,q104_t523
5515,q104_t524
5516,q104_t524
5516,q104_t525
5516,q71_t524
5516,q71_t525
5517,q104_t525
5517,q104_t526
5518,q104_t526
5518,q104_t527
5519,q104_t527
5519,q104_t528
5519,q72_t527
5519,q72_t528
5520,q104_t528
5520,q104_t529
5521,q104_t529
5521,q104_t530
5522,q104_t530
5522,q104_t531
5522,q73_t530
5522,q73_t531
5523,q104_t531
5523,q104_t532
5524,q104_t532
5524,q104_t533
5525,q104_t533
5525,q104_t534
5525,q74_t533
5525,q74_t534
5526,q104_t534
5526,q104_t535
5527,q104_t535
5527,q104_t536
5528,q104_t536
5528,q104_t537
5528,q75_t536
5528,q75_t537
5529,q104_t537
5529,q104_t538
5530,q104_t538
5530,q104_t539
5531,q104_t539
5531,q104_t540
5531,q76_t539
5531,q76_t540
5532,q104_t540
5532,q104_t541
5533,q104_t541
5533,q104_t542
5534,q104_t542
5534,q104_t543
5534,q77_t542
5534,q77_t543
5535,q104_t543
5535,q104_t544
5536,q104_t544
5536,q104_t545
5537,q104_t545
5537,q104_t546
5537,q78_t545
5537,q78_t546
5538,q104_t546
5538,q104_t547
5539,q104_t547
5539,q104_t548
5540,q104_t548
5540,q104_t549
5540,q79_t548
5540,q79_t549
5541,q104_t549
5541,q104_t550
5542,q104_t550
5542,q104_t551
5543,q104_t551
5543,q104_t552
5543,q80_t551
5543,q80_t552
5544,q104_t552
5544,q104_t553
5545,q104_t553
5545,q104_t554
5546,q104_t554
5546,q104_t555
5546,q81_t554
5546,q81_t555
5547,q104_t555
5547,q104_t556
5548,q104_t556
5548,q104_t557
5549,q104_t557
5549,q104_t558
5549,q82_t557
5549,q82_t558
5550,q104_t558
5550,q104_t559
5551,q104_t559
5551,q104_t560
5552,q104_t560
5552,q104_t561
5552,q83_t560
5552,q83_t561
5553,q104_t561
5553,q104_t562
5554,q104_t562
5554,q104_t563
5555,q104_t563
5555,q104_t564
5555,q84_t563
5555,q84_t564
5556,q104_t564
5556,q104_t565
5557,q104_t565
5557,q104_t566
5558,q104_t566
5558,q104_t567
5558,q85_t566
5558,q85_t567
5559,q104_t567
5559,q104_t568
5560,q104_t568
5560,q104_t569
5561,q104_t569
5561,q104_t570
5561,q86_t569
5561,q86_t570
5562,q104_t570
5562,q104_t571
5563,q104_t571
5563,q104_t572
5564,q104_t572
5564,q104_t573
5564,q87_t572
5564,q87_t573
5565,q104_t573
5565,q104_t574
5566,q104_t574
5566,q104_t575
5567,q104_t575
5567,q104_t576
5567,q88_t575
5567,q88_t576
5568,q104_t576
5568,q104_t577
5569,q104_t577
5569,q104_t578
5570,q104_t578
5570,q104_t579
5570,q89_t578
5570,q89_t579
5571,q104_t579
5571,q104_t580
5572,q104_t580
5572,q104_t581
5573,q104_t581
5573,q104_t582
5573,q90_t581
5573,q90_t582
5574,q104_t582
5574,q104_t583
5575,q104_t583
5575,q104_t584
5576,q104_t584
5576,q104_t585
5576,q91_t584
5576,q91_t585
5577,q104_t585
5577,q104_t586
5578,q104_t586
5578,q104_t587
5579,q104_t587
5579,q104_t588
5579,q92_t587
5579,q92_t588
5580,q104_t588
5580,q104_t589
5581,q104_t589
5581,q104_t590
5582,q104_t590
5582,q104_t591
5582,q93_t590
5582,q93_t591
5583,q104_t591
5583,q104_t592
5584,q104_t592
5584,q104_t593
5585,q104_t593
5585,q104_t594
5585,q94_t593
5585,q94_t594
5586,q104_t594
5586,q104_t595
5587,q104_t595
5587,q104_t596
5588,q104_t596
5588,q104_t597
5588,q95_t596
5588,q95_t597
5589,q104_t597
5589,q104_t598
5590,q104_t598
5590,q104_t599
5591,q104_t599
5591,q104_t600
5591,q96_t599
5591,q96_t600
5592,q104_t600
5592,q104_t601
5593,q104_t601
5593,q104_t602
5594,q104_t602
5594,q104_t603
5594,q97_t602
5594,q97_t603
5595,q104_t603
5595,q104_t604
5596,q104_t604
5596,q104_t605
5597,q104_t605
5597,q104_t606
5597,q98_t605
5597,q98_t606
5598,q104_t606
5598,q104_t607
5599,q104_t607
5599,q104_t608
5600,q104_t608
5600,q104_t609
5600,q99_t608
5600,q99_t609
5601,q104_t609
5601,q104_t610
5602,q104_t610
5602,q104_t611
5603,q104_t612
5603,q104_t613
5604,q104_t613
5604,q104_t614
5605,q104_t615
5605,q104_t616
5606,q104_t616
5606,q104_t617
5607,q104_t618
5607,q104_t619
5608,q104_t619
5608,q104_t620
5609,q104_t621
5609,q104_t622
5610,q104_t622
5610,q104_t626
5611,q104_t626
5611,q104_t627
5611,q105_t626
5611,q105_t627
5612,q104_t627
5612,q104_t628
5613,q104_t628
5613,q104_t629
5614,q104_t629
5614,q104_t630
5614,q106_t629
5614,q106_t630
5615,q104_t630
5615,q104_t631
5616,q104_t631
5616,q104_t632
5617,q104_t632
5617,q104_t633
5617,q107_t632
5617,q107_t633
5618,q104_t633
5618,q104_t634
5619,q104_t634
5619,q104_t635
5620,q104_t635
5620,q104_t636
5620,q108_t635
5620,q108_t636
5621,q104_t636
5621,q104_t637
5622,q104_t637
5622,q104_t638
5623,q104_t638
5623,q104_t639
5623,q109_t638
5623,q109_t639
5624,q104_t639
5624,q104_t640
5625,q104_t640
5625,q104_t641
5626,q104_t641
5626,q104_t642
5627,q104_t643
5627,q104_t644
5628,q104_t644
5628,q104_t645
5629,q104_t645
5629,q104_t646
5629,q1_t645
5629,q1_t646
5630,q104_t646
5630,q104_t647
5631,q104_t647
5631,q104_t648
5632,q104_t648
5632,q104_t649
5632,q2_t648
5632,q2_t649
5633,q104_t649
5633,q104_t650
5634,q104_t650
5634,q104_t651
5635,q104_t651
5635,q104_t652
5635,q3_t651
5635,q3_t652
5636,q104_t652
5636,q104_t653
5637,q104_t653
5637,q104_t654
5638,q104_t654
5638,q104_t655
5638,q4_t654
5638,q4_t655
5639,q104_t655
5639,q104_t656
5640,q104_t656
5640,q104_t657
5641,q104_t657
5641,q104_t658
5641,q5_t657
5641,q5_t658
5642,q104_t658
5642,q104_t659
5643,q104_t659
5643,q104_t660
5644,q104_t660
5644,q104_t661
5644,q6_t660
5644,q6_t661
5645,q104_t661
5645,q104_t662
5646,q104_t662
5646,q104_t663
5647,q104_t663
5647,q104_t664
5647,q7_t663
5647,q7_t664
5648,q104_t664
5648,q104_t665
5649,q104_t665
5649,q104_t666
5650,q104_t666
5650,q104_t667
5650,q8_t666
5650,q8_t667
5651,q104_t667
5651,q104_t668
5652,q104_t668
5652,q104_t669
5653,q104_t669
5653,q104_t670
5653,q9_t669
5653,q9_t670
5654,q104_t670
5654,q104_t671
5655,q104_t671
5655,q104_t672
5656,q104_t672
5656,q104_t673
5656,q10_t672
5656,q10_t673
5657,q104_t673
5657,q104_t674
5658,q104_t674
5658,q104_t675
5659,q104_t675
5659,q104_t676
5659,q11_t675
5659,q11_t676
5660,q104_t676
5660,q104_t677
5661,q104_t677
5661,q104_t678
5662,q104_t678
5662,q104_t679
5662,q12_t678
5662,q12_t679
5663,q104_t679
5663,q104_t680
5664,q104_t680
5664,q104_t681
5665,q104_t681
5665,q104_t682
5665,q13_t681
5665,q13_t682
5666,q104_t682
5666,q104_t683
5667,q104_t683
5667,q104_t684
5668,q104_t684
5668,q104_t685
5668,q14_t684
5668,q14_t685
5669,q104_t685
5669,q104_t686
5670,q104_t686
5670,q104_t687
5671,q104_t687
5671,q104_t688
5671,q15_t687
5671,q15_t688
5672,q104_t688
5672,q104_t689
5673,q104_t689
5673,q104_t690
5674,q104_t690
5674,q104_t691
5674,q16_t690
5674,q16_t691
5675,q104_t691
5675,q104_t692
5676,q104_t692
5676,q104_t693
5677,q104_t693
5677,q104_t694
5677,q17_t693
5677,q17_t694
5678,q104_t694
5678,q104_t695
5679,q104_t695
5679,q104_t696
5680,q104_t696
5680,q104_t697
5680,q18_t696
5680,q18_t697
5681,q104_t697
5681,q104_t698
5682,q104_t698
5682,q104_t699
5683,q104_t699
5683,q104_t700
5683,q19_t699
5683,q19_t700
5684,q104_t700
5684,q104_t701
5685,q104_t701
5685,q104_t702
5686,q104_t702
5686,q104_t703
5686,q20_t702
5686,q20_t703
5687,q104_t703
5687,q104_t704
5688,q104_t704
5688,q104_t705
5689,q104_t705
5689,q104_t706
5689,q21_t705
5689,q21_t706
5690,q104_t706
5690,q104_t707
5691,q104_t707
5691,q104_t708
5692,q104_t708
5692,q104_t709
5692,q22_t708
5692,q22_t709
5693,q104_t709
5693,q104_t710
5694,q104_t710
5694,q104_t711
5695,q104_t711
5695,q104_t712
5695,q23_t711
5695,q23_t712
5696,q104_t712
5696,q104_t713
5697,q104_t713
5697,q104_t714
5698,q104_t714
5698,q104_t715
5698,q24_t714
5698,q24_t715
5699,q104_t715
5699,q104_t716
5700,q104_t716
5700,q104_t717
5701,q104_t717
5701,q104_t718
5701,q25_t717
5701,q25_t718
5702,q104_t718
5702,q104_t719
5703,q104_t719
5703,q104_t720
5704,q104_t720
5704,q104_t721
5704,q26_t720
5704,q26_t721
5705,q104_t721
5705,q104_t722
5706,q104_t722
5706,q104_t723
5707,q104_t723
5707,q104_t724
5707,q27_t723
5707,q27_t724
5708,q104_t724
5708,q104_t725
5709,q104_t725
5709,q104_t726
5710,q104_t726
5710,q104_t727
5710,q28_t726
5710,q28_t727
5711,q104_t727
5711,q104_t728
5712,q104_t728
5712,q104_t729
5713,q104_t729
5713,q104_t730
5713,q29_t729
5713,q29_t730
5714,q104_t730
5714,q104_t731
5715,q104_t731
5715,q104_t732
5716,q104_t732
5716,q104_t733
5716,q30_t732
5716,q30_t733
5717,q104_t733
5717,q104_t734
5718,q104_t734
5718,q104_t735
5719,q104_t735
5719,q104_t736
5719,q31_t735
5719,q31_t736
5720,q104_t736
5720,q104_t737
5721,q104_t737
5721,q104_t738
5722,q104_t738
5722,q104_t739
5722,q32_t738
5722,q32_t739
5723,q104_t739
5723,q104_t740
5724,q104_t740
5724,q104_t741
5725,q104_t741
5725,q104_t742
5725,q33_t741
5725,q33_t742
5726,q104_t742
5726,q104_t743
5727,q104_t743
5727,q104_t744
5728,q104_t744
5728,q104_t745
5728,q34_t744
5728,q34_t745
5729,q104_t745
5729,q104_t746
5730,q104_t746
5730,q104_t747
5731,q104_t747
5731,q104_t748
5731,q35_t747
5731,q35_t748
5732,q104_t748
5732,q104_t749
5733,q104_t749
5733,q104_t750
5734,q104_t750
5734,q104_t751
5734,q36_t750
5734,q36_t751
5735,q104_t751
5735,q104_t752
5736,q104_t752
5736,q104_t753
5737,q104_t753
5737,q104_t754
5737,q37_t753
5737,q37_t754
5738,q104_t754
5738,q104_t755
5739,q104_t755
5739,q104_t756
5740,q104_t756
5740,q104_t757
5740,q38_t756
5740,q38_t757
5741,q104_t757
5741,q104_t758
5742,q104_t758
5742,q104_t759
5743,q104_t759
5743,q104_t760
5743,q39_t759
5743,q39_t760
5744,q104_t760
5744,q104_t761
5745,q104_t761
5745,q104_t762
5746,q104_t762
5746,q104_t763
5746,q40_t762
5746,q40_t763
5747,q104_t763
5747,q104_t764
5748,q104_t764
5748,q104_t765
5749,q104_t765
5749,q104_t766
5749,q41_t765
5749,q41_t766
5750,q104_t766
5750,q104_t767
5751,q104_t767
5751,q104_t768
5752,q104_t768
5752,q104_t769
5752,q42_t768
5752,q42_t769
5753,q104_t769
5753,q104_t770
5754,q104_t770
5754,q104_t771
5755,q104_t771
5755,q104_t772
5755,q43_t771
5755,q43_t772
5756,q104_t772
5756,q104_t773
5757,q104_t773
5757,q104_t774
5758,q104_t774
5758,q104_t775
5758,q44_t774
5758,q44_t775
5759,q104_t775
5759,q104_t776
5760,q104_t776
5760,q104_t777
5761,q104_t777
5761,q104_t778
5761,q45_t777
5761,q45_t778
5762,q104_t778
5762,q104_t779
5763,q104_t779
5763,q104_t780
5764,q104_t780
5764,q104_t781
5764,q46_t780
5764,q46_t781
5765,q104_t781
5765,q104_t782
5766,q104_t782
5766,q104_t783
5767,q104_t783
5767,q104_t784
5767,q47_t783
5767,q47_t784
5768,q104_t784
5768,q104_t785
5769,q104_t785
5769,q104_t786
5770,q104_t786
5770,q104_t787
5770,q48_t786
5770,q48_t787
5771,q104_t787
5771,q104_t788
5772,q104_t788
5772,q104_t789
5773,q104_t789
5773,q104_t790
5773,q49_t789
5773,q49_t790
5774,q104_t790
5774,q104_t791
5775,q104_t791
5775,q104_t792
5776,q104_t792
5776,q104_t793
5776,q50_t792
5776,q50_t793
5777,q104_t793
5777,q104_t794
5778,q104_t794
5778,q104_t795
5779,q104_t795
5779,q104_t796
5779,q51_t795
5779,q51_t796
5780,q104_t796
5780,q104_t797
5781,q104_t797
5781,q104_t798
5782,q104_t798
5782,q104_t799
5782,q52_t798
5782,q52_t799
5783,q104_t799
5783,q104_t800
5784,q104_t800
5784,q104_t801
5785,q104_t801
5785,q104_t802
5785,q53_t801
5785,q53_t802
5786,q104_t802
5786,q104_t803
5787,q104_t803
5787,q104_t804
5788,q104_t804
5788,q104_t805
5788,q54_t804
5788,q54_t805
5789,q104_t805
5789,q104_t806
5790,q104_t806
5790,q104_t807
5791,q104_t807
5791,q104_t808
5791,q55_t807
5791,q55_t808
5792,q104_t808
5792,q104_t809
5793,q104_t809
5793,q104_t810
5794,q104_t810
5794,q104_t811
5794,q56_t810
5794,q56_t811
5795,q104_t811
5795,q104_t812
5796,q104_t812
5796,q104_t813
5797,q104_t813
5797,q104_t814
5797,q57_t813
5797,q57_t814
5798,q104_t814
5798,q104_t815
5799,q104_t815
5799,q104_t816
5800,q104_t816
5800,q104_t817
5800,q58_t816
5800,q58_t817
5801,q104_t817
5801,q104_t818
5802,q104_t818
5802,q104_t819
5803,q104_t819
5803,q104_t820
5803,q59_t819
5803,q59_t820
5804,q104_t820
5804,q104_t821
5805,q104_t821
5805,q104_t822
5806,q104_t822
5806,q104_t823
5806,q60_t822
5806,q60_t823
5807,q104_t823
5807,q104_t824
5808,q104_t824
5808,q104_t825
5809,q104_t825
5809,q104_t826
5809,q61_t825
5809,q61_t826
5810,q104_t826
5810,q104_t827
5811,q104_t827
5811,q104_t828
5812,q104_t828
5812,q104_t829
5812,q62_t828
5812,q62_t829
5813,q104_t829
5813,q104_t830
5814,q104_t830
5814,q104_t831
5815,q104_t831
5815,q104_t832
5815,q63_t831
5815,q63_t832
5816,q104_t832
5816,q104_t833
5817,q104_t833
5817,q104_t834
5818,q104_t834
5818,q104_t835
5818,q64_t834
5818,q64_t835
5819,q104_t835
5819,q104_t836
5820,q104_t836
5820,q104_t837
5821,q104_t837
5821,q104_t838
5821,q65_t837
5821,q65_t838
5822,q104_t838
5822,q104_t839
5823,q104_t839
5823,q104_t840
5824,q104_t840
5824,q104_t841
5824,q66_t840
5824,q66_t841
5825,q104_t841
5825,q104_t842
5826,q104_t842
5826,q104_t843
5827,q104_t843
5827,q104_t844
5827,q67_t843
5827,q67_t844
5828,q104_t844
5828,q104_t845
5829,q104_t845
5829,q104_t846
5830,q104_t846
5830,q104_t847
5830,q68_t846
5830,q68_t847
5831,q104_t847
5831,q104_t848
5832,q104_t848
5832,q104_t849
5833,q104_t849
5833,q104_t850
5833,q69_t849
5833,q69_t850
5834,q104_t850
5834,q104_t851
5835,q104_t851
5835,q104_t852
5836,q104_t852
5836,q104_t853
5836,q70_t852
5836,q70_t853
5837,q104_t853
5837,q104_t854
5838,q104_t854
5838,q104_t855
5839,q104_t855
5839,q104_t856
5839,q71_t855
5839,q71_t856
5840,q104_t856
5840,q104_t857
5841,q104_t857
5841,q104_t858
5842,q104_t858
5842,q104_t859
5842,q72_t858
5842,q72_t859
5843,q104_t859
5843,q104_t860
5844,q104_t860
5844,q104_t861
5845,q104_t861
5845,q104_t862
5845,q73_t861
5845,q73_t862
5846,q104_t862
5846,q104_t863
5847,q104_t863
5847,q104_t864
5848,q104_t864
5848,q104_t865
5848,q74_t864
5848,q74_t865
5849,q104_t865
5849,q104_t866
5850,q104_t866
5850,q104_t867
5851,q104_t867
5851,q104_t868
5851,q75_t867
5851,q75_t868
5852,q104_t868
5852,q104_t869
5853,q104_t869
5853,q104_t870
5854,q104_t870
5854,q104_t871
5854,q76_t870
5854,q76_t871
5855,q104_t871
5855,q104_t872
5856,q104_t872
5856,q104_t873
5857,q104_t873
5857,q104_t874
5857,q77_t873
5857,q77_t874
5858,q104_t874
5858,q104_t875
5859,q104_t875
5859,q104_t876
5860,q104_t876
5860,q104_t877
5860,q78_t876
5860,q78_t877
5861,q104_t877
5861,q104_t878
5862,q104_t878
5862,q104_t879
5863,q104_t879
5863,q104_t880
5863,q79_t879
5863,q79_t880
5864,q104_t880
5864,q104_t881
5865,q104_t881
5865,q104_t882
5866,q104_t882
5866,q104_t883
5866,q80_t882
5866,q80_t883
5867,q104_t883
5867,q104_t884
5868,q104_t884
5868,q104_t885
5869,q104_t885
5869,q104_t886
5869,q81_t885
5869,q81_t886
5870,q104_t886
5870,q104_t887
5871,q104_t887
5871,q104_t888
5872,q104_t888
5872,q104_t889
5872,q82_t888
5872,q82_t889
5873,q104_t889
5873,q104_t890
5874,q104_t890
5874,q104_t891
5875,q104_t891
5875,q104_t892
5875,q83_t891
5875,q83_t892
5876,q104_t892
5876,q104_t893
5877,q104_t893
5877,q104_t894
5878,q104_t894
5878,q104_t895
5878,q84_t894
5878,q84_t895
5879,q104_t895
5879,q104_t896
5880,q104_t896
5880,q104_t897
5881,q104_t897
5881,q104_t898
5881,q85_t897
5881,q85_t898
5882,q104_t898
5882,q104_t899
5883,q104_t899
5883,q104_t900
5884,q104_t900
5884,q104_t901
5884,q86_t900
5884,q86_t901
5885,q104_t901
5885,q104_t902
5886,q104_t902
5886,q104_t903
5887,q104_t903
5887,q104_t904
5887,q87_t903
5887,q87_t904
5888,q104_t904
5888,q104_t905
5889,q104_t905
5889,q104_t906
5890,q104_t906
5890,q104_t907
5890,q88_t906
5890,q88_t907
5891,q104_t907
5891,q104_t908
5892,q104_t908
5892,q104_t909
5893,q104_t909
5893,q104_t910
5893,q89_t909
5893,q89_t910
5894,q104_t910
5894,q104_t911
5895,q104_t911
5895,q104_t912
5896,q104_t912
5896,q104_t913
5896,q90_t912
5896,q90_t913
5897,q104_t913
5897,q104_t914
5898,q104_t914
5898,q104_t915
5899,q104_t915
5899,q104_t916
5899,q91_t915
5899,q91_t916
5900,q104_t916
5900,q104_t917
5901,q104_t917
5901,q104_t918
5902,q104_t918
5902,q104_t919
5902,q92_t918
5902,q92_t919
5903,q104_t919
5903,q104_t920
5904,q104_t920
5904,q104_t921
5905,q104_t921
5905,q104_t922
5905,q93_t921
5905,q93_t922
5906,q104_t922
5906,q104_t923
5907,q104_t923
5907,q104_t924
5908,q104_t924
5908,q104_t925
5908,q94_t924
5908,q94_t925
5909,q104_t925
5909,q104_t926
5910,q104_t926
5910,q104_t927
5911,q104_t927
5911,q104_t928
5911,q95_t927
5911,q95_t928
5912,q104_t928
5912,q104_t929
5913,q104_t929
5913,q104_t930
5914,q104_t930
5914,q104_t931
5914,q96_t930
5914,q96_t931
5915,q104_t931
5915,q104_t932
5916,q104_t932
5916,q104_t933
5917,q104_t933
5917,q104_t934
5917,q97_t933
5917,q97_t934
5918,q104_t934
5918,q104_t935
5919,q104_t935
5919,q104_t936
5920,q104_t936
5920,q104_t937
5920,q98_t936
5920,q98_t937
5921,q104_t937
5921,q104_t938
5922,q104_t938
5922,q104_t939
5923,q104_t939
5923,q104_t940
5923,q99_t939
5923,q99_t940
5924,q104_t940
5924,q104_t941
5925,q104_t941
5925,q104_t942
5926,q104_t943
5926,q104_t944
5927,q104_t944
5927,q104_t945
5928,q104_t946
5928,q104_t947
5929,q104_t947
5929,q104_t948
5930,q104_t949
5930,q104_t950
5931,q104_t950
5931,q104_t951
5932,q104_t952
5932,q104_t953
5933,q104_t953
5933,q104_t957
5934,q104_t957
5934,q104_t958
5934,q105_t957
5934,q105_t958
5935,q104_t958
5935,q104_t959
5936,q104_t959
5936,q104_t960
5937,q104_t960
5937,q104_t961
5937,q106_t960
5937,q106_t961
5938,q104_t961
5938,q104_t962
5939,q104_t962
5939,q104_t963
5940,q104_t963
5940,q104_t964
5940,q107_t963
5940,q107_t964
5941,q104_t964
5941,q104_t965
5942,q104_t965
5942,q104_t966
5943,q104_t966
5943,q104_t967
5943,q108_t966
5943,q108_t967
5944,q104_t967
5944,q104_t968
5945,q104_t968
5945,q104_t969
5946,q104_t969
5946,q104_t970
5946,q109_t969
5946,q109_t970
5947,q104_t970
5947,q104_t971
5948,q104_t971
5948,q104_t972
5949,q104_t972
5949,q104_t973
5950,q104_t974
5950,q104_t975
5951,q104_t975
5951,q104_t976
5952,q104_t976
5952,q104_t977
5952,q1_t976
5952,q1_t977
5953,q104_t977
5953,q104_t978
5954,q104_t978
5954,q104_t979
5955,q104_t979
5955,q104_t980
5955,q2_t979
5955,q2_t980
5956,q104_t980
5956,q104_t981
5957,q104_t981
5957,q104_t982
5958,q104_t982
5958,q104_t983
5958,q3_t982
5958,q3_t983
5959,q104_t983
5959,q104_t984
5960,q104_t984
5960,q104_t985
5961,q104_t985
5961,q104_t986
5961,q4_t985
5961,q4_t986
5962,q104_t986
5962,q104_t987
5963,q104_t987
5963,q104_t988
5964,q104_t988
5964,q104_t989
5964,q5_t988
5964,q5_t989
5965,q104_t989
5965,q104_t990
5966,q104_t990
5966,q104_t991
5967,q104_t991
5967,q104_t992
5967,q6_t991
5967,q6_t992
5968,q104_t992
5968,q104_t993
5969,q104_t993
5969,q104_t994
5970,q104_t994
5970,q104_t995
5970,q7_t994
5970,q7_t995
5971,q104_t995
5971,q104_t996
5972,q104_t996
5972,q104_t997
5973,q104_t997
5973,q104_t998
5973,q8_t997
5973,q8_t998
5974,q104_t998
5974,q104_t999
5975,q105_t0
5975,q105_t1
5976,q105_t1
5976,q105_t314
5977,q105_t1000
5977,q105_t1001
5977,q8_t1000
5977,q8_t1001
5978,q105_t1000
5978,q105_t999
5979,q105_t1001
5979,q105_t1002
5980,q105_t1002
5980,q105_t1003
5981,q105_t1003
5981,q105_t1004
5981,q9_t1003
5981,q9_t1004
5982,q105_t1004
5982,q105_t1005
5983,q105_t1005
5983,q105_t1006
5984,q105_t1006
5984,q105_t1007
5984,q10_t1006
5984,q10_t1007
5985,q105_t1007
5985,q105_t1008
5986,q105_t1008
5986,q105_t1009
5987,q105_t1009
5987,q105_t1010
5987,q11_t1009
5987,q11_t1010
5988,q105_t1010
5988,q105_t1011
5989,q105_t1011
5989,q105_t1012
5990,q105_t1012
5990,q105_t1013
5990,q12_t1012
5990,q12_t1013
5991,q105_t1013
5991,q105_t1014
5992,q105_t1014
5992,q105_t1015
5993,q105_t1015
5993,q105_t1016
5993,q13_t1015
5993,q13_t1016
5994,q105_t1016
5994,q105_t1017
5995,q105_t1017
5995,q105_t1018
5996,q105_t1018
5996,q105_t1019
5996,q14_t1018
5996,q14_t1019
5997,q105_t1019
5997,q105_t1020
5998,q105_t1020
5998,q105_t1021
5999,q105_t1021
5999,q105_t1022
5999,q15_t1021
5999,q15_t1022
6000,q105_t1022
6000,q105_t1023
6001,q105_t1023
6001,q105_t1024
6002,q105_t1024
6002,q105_t1025
6002,q16_t1024
6002,q16_t1025
6003,q105_t1025
6003,q105_t1026
6004,q105_t1026
6004,q105_t1027
6005,q105_t1027
6005,q105_t1028
6005,q17_t1027
6005,q17_t1028
6006,q105_t1028
6006,q105_t1029
6007,q105_t1029
6007,q105_t1030
6008,q105_t1030
6008,q105_t1031
6008,q18_t1030
6008,q18_t1031
6009,q105_t1031
6009,q105_t1032
6010,q105_t1032
6010,q105_t1033
6011,q105_t1033
6011,q105_t1034
6011,q19_t1033
6011,q19_t1034
6012,q105_t1034
6012,q105_t1035
6013,q105_t1035
6013,q105_t1036
6014,q105_t1036
6014,q105_t1037
6014,q20_t1036
6014,q20_t1037
6015,q105_t1037
6015,q105_t1038
6016,q105_t1038
6016,q105_t1039
6017,q105_t1039
6017,q105_t1040
6017,q21_t1039
6017,q21_t1040
6018,q105_t1040
6018,q105_t1041
6019,q105_t1041
6019,q105_t1042
6020,q105_t1042
6020,q105_t1043
6020,q22_t1042
6020,q22_t1043
6021,q105_t1043
6021,q105_t1044
6022,q105_t1044
6022,q105_t1045
6023,q105_t1045
6023,q105_t1046
6023,q23_t1045
6023,q23_t1046
6024,q105_t1046
6024,q105_t1047
6025,q105_t1047
6025,q105_t1048
6026,q105_t1048
6026,q105_t1049
6026,q24_t1048
6026,q24_t1049
6027,q105_t1049
6027,q105_t1050
6028,q105_t1050
6028,q105_t1051
6029,q105_t1051
6029,q105_t1052
6029,q25_t1051
6029,q25_t1052
6030,q105_t1052
6030,q105_t1053
6031,q105_t1053
6031,q105_t1054
6032,q105_t1054
6032,q105_t1055
6032,q26_t1054
6032,q26_t1055
6033,q105_t1055
6033,q105_t1056
6034,q105_t1056
6034,q105_t1057
6035,q105_t1057
6035,q105_t1058
6035,q27_t1057
6035,q27_t1058
6036,q105_t1058
6036,q105_t1059
6037,q105_t1059
6037,q105_t1060
6038,q105_t1060
6038,q105_t1061
6038,q28_t1060
6038,q28_t1061
6039,q105_t1061
6039,q105_t1062
6040,q105_t1062
6040,q105_t1063
6041,q105_t1063
6041,q105_t1064
6041,q29_t1063
6041,q29_t1064
6042,q105_t1064
6042,q105_t1065
6043,q105_t1065
6043,q105_t1066
6044,q105_t1066
6044,q105_t1067
6044,q30_t1066
6044,q30_t1067
6045,q105_t1067
6045,q105_t1068
6046,q105_t1068
6046,q105_t1069
6047,q105_t1069
6047,q105_t1070
6047,q31_t1069
6047,q31_t1070
6048,q105_t1070
6048,q105_t1071
6049,q105_t1071
6049,q105_t1072
6050,q105_t1072
6050,q105_t1073
6050,q32_t1072
6050,q32_t1073
6051,q105_t1073
6051,q105_t1074
6052,q105_t1074
6052,q105_t1075
6053,q105_t1075
6053,q105_t1076
6053,q33_t1075
6053,q33_t1076
6054,q105_t1076
6054,q105_t1077
6055,q105_t1077
6055,q105_t1078
6056,q105_t1078
6056,q105_t1079
6056,q34_t1078
6056,q34_t1079
6057,q105_t1079
6057,q105_t1080
6058,q105_t1080
6058,q105_t1081
6059,q105_t1081
6059,q105_t1082
6059,q35_t1081
6059,q35_t1082
6060,q105_t1082
6060,q105_t1083
6061,q105_t1083
6061,q105_t1084
6062,q105_t1084
6062,q105_t1085
6062,q36_t1084
6062,q36_t1085
6063,q105_t1085
6063,q105_t1086
6064,q105_t1086
6064,q105_t1087
6065,q105_t1087
6065,q105_t1088
6065,q37_t1087
6065,q37_t1088
6066,q105_t1088
6066,q105_t1089
6067,q105_t1089
6067,q105_t1090
6068,q105_t1090
6068,q105_t1091
6068,q38_t1090
6068,q38_t1091
6069,q105_t1091
6069,q105_t1092
6070,q105_t1092
6070,q105_t1093
6071,q105_t1093
6071,q105_t1094
6071,q39_t1093
6071,q39_t1094
6072,q105_t1094
6072,q105_t1095
6073,q105_t1095
6073,q105_t1096
6074,q105_t1096
6074,q105_t1097
6074,q40_t1096
6074,q40_t1097
6075,q105_t1097
6075,q105_t1098
6076,q105_t1098
6076,q105_t1099
6077,q105_t1099
6077,q105_t1100
6077,q41_t1099
6077,q41_t1100
6078,q105_t1100
6078,q105_t1101
6079,q105_t1101
6079,q105_t1102
6080,q105_t1102
6080,q105_t1103
6080,q42_t1102
6080,q42_t1103
6081,q105_t1103
6081,q105_t1104
6082,q105_t1104
6082,q105_t1105
6083,q105_t1105
6083,q105_t1106
6083,q43_t1105
6083,q43_t1106
6084,q105_t1106
6084,q105_t1107
6085,q105_t1107
6085,q105_t1108
6086,q105_t1108
6086,q105_t1109
6086,q44_t1108
6086,q44_t1109
6087,q105_t1109
6087,q105_t1110
6088,q105_t1110
6088,q105_t1111
6089,q105_t1111
6089,q105_t1112
6089,q45_t1111
6089,q45_t1112
6090,q105_t1112
6090,q105_t1113
6091,q105_t1113
6091,q105_t1114
6092,q105_t1114
6092,q105_t1115
6092,q46_t1114
6092,q46_t1115
6093,q105_t1115
6093,q105_t1116
6094,q105_t1116
6094,q105_t1117
6095,q105_t1117
6095,q105_t1118
6095,q47_t1117
6095,q47_t1118
6096,q105_t1118
6096,q105_t1119
6097,q105_t1119
6097,q105_t1120
6098,q105_t1120
6098,q105_t1121
6098,q48_t1120
6098,q48_t1121
6099,q105_t1121
6099,q105_t1122
6100,q105_t1122
6100,q105_t1123
6101,q105_t1123
6101,q105_t1124
6101,q49_t1123
6101,q49_t1124
6102,q105_t1124
6102,q105_t1125
6103,q105_t1125
6103,q105_t1126
6104,q105_t1126
6104,q105_t1127
6104,q50_t1126
6104,q50_t1127
6105,q105_t1127
6105,q105_t1128
6106,q105_t1128
6106,q105_t1129
6107,q105_t1129
6107,q105_t1130
6107,q51_t1129
6107,q51_t1130
6108,q105_t1130
6108,q105_t1131
6109,q105_t1131
6109,q105_t1132
6110,q105_t1132
6110,q105_t1133
6110,q52_t1132
6110,q52_t1133
6111,q105_t1133
6111,q105_t1134
6112,q105_t1134
6112,q105_t1135
6113,q105_t1135
6113,q105_t1136
6113,q53_t1135
6113,q53_t1136
6114,q105_t1136
6114,q105_t1137
6115,q105_t1137
6115,q105_t1138
6116,q105_t1138
6116,q105_t1139
6116,q54_t1138
6116,q54_t1139
6117,q105_t1139
6117,q105_t1140
6118,q105_t1140
6118,q105_t1141
6119,q105_t1141
6119,q105_t1142
6119,q55_t1141
6119,q55_t1142
6120,q105_t1142
6120,q105_t1143
6121,q105_t1143
6121,q105_t1144
6122,q105_t1144
6122,q105_t1145
6122,q56_t1144
6122,q56_t1145
6123,q105_t1145
6123,q105_t1146
6124,q105_t1146
6124,q105_t1147
6125,q105_t1147
6125,q105_t1148
6125,q57_t1147
6125,q57_t1148
6126,q105_t1148
6126,q105_t1149
6127,q105_t1149
6127,q105_t1150
6128,q105_t1150
6128,q105_t1151
6128,q58_t1150
6128,q58_t1151
6129,q105_t1151
6129,q105_t1152
6130,q105_t1152
6130,q105_t1153
6131,q105_t1153
6131,q105_t1154
6131,q59_t1153
6131,q59_t1154
6132,q105_t1154
6132,q105_t1155
6133,q105_t1155
6133,q105_t1156
6134,q105_t1156
6134,q105_t1157
6134,q60_t1156
6134,q60_t1157
6135,q105_t1157
6135,q105_t1158
6136,q105_t1158
6136,q105_t1159
6137,q105_t1159
6137,q105_t1160
6137,q61_t1159
6137,q61_t1160
6138,q105_t1160
6138,q105_t1161
6139,q105_t1161
6139,q105_t1162
6140,q105_t1162
6140,q105_t1163
6140,q62_t1162
6140,q62_t1163
6141,q105_t1163
6141,q105_t1164
6142,q105_t1164
6142,q105_t1165
6143,q105_t1165
6143,q105_t1166
6143,q63_t1165
6143,q63_t1166
6144,q105_t1166
6144,q105_t1167
6145,q105_t1167
6145,q105_t1168
6146,q105_t1168
6146,q105_t1169
6146,q64_t1168
6146,q64_t1169
6147,q105_t1169
6147,q105_t1170
6148,q105_t1170
6148,q105_t1171
6149,q105_t1171
6149,q105_t1172
6149,q65_t1171
6149,q65_t1172
6150,q105_t1172
6150,q105_t1173
6151,q105_t1173
6151,q105_t1174
6152,q105_t1174
6152,q105_t1175
6152,q66_t1174
6152,q66_t1175
6153,q105_t1175
6153,q105_t1176
6154,q105_t1176
6154,q105_t1177
6155,q105_t1177
6155,q105_t1178
6155,q67_t1177
6155,q67_t1178
6156,q105_t1178
6156,q105_t1179
6157,q105_t1179
6157,q105_t1180
6158,q105_t1180
6158,q105_t1181
6158,q68_t1180
6158,q68_t1181
6159,q105_t1181
6159,q105_t1182
6160,q105_t1182
6160,q105_t1183
6161,q105_t1183
6161,q105_t1184
6161,q69_t1183
6161,q69_t1184
6162,q105_t1184
6162,q105_t1185
6163,q105_t1185
6163,q105_t1186
6164,q105_t1186
6164,q105_t1187
6164,q70_t1186
6164,q70_t1187
6165,q105_t1187
6165,q105_t1188
6166,q105_t1188
6166,q105_t1189
6167,q105_t1189
6167,q105_t1190
6167,q71_t1189
6167,q71_t1190
6168,q105_t1190
6168,q105_t1191
6169,q105_t1191
6169,q105_t1192
6170,q105_t1192
6170,q105_t1193
6170,q72_t1192
6170,q72_t1193
6171,q105_t1193
6171,q105_t1194
6172,q105_t1194
6172,q105_t1195
6173,q105_t1195
6173,q105_t1196
6173,q73_t1195
6173,q73_t1196
6174,q105_t1196
6174,q105_t1197
6175,q105_t1197
6175,q105_t1198
6176,q105_t1198
6176,q105_t1199
6176,q74_t1198
6176,q74_t1199
6177,q105_t1199
6177,q105_t1200
6178,q105_t1200
6178,q105_t1201
6179,q105_t1201
6179,q105_t1202
6179,q75_t1201
6179,q75_t1202
6180,q105_t1202
6180,q105_t1203
6181,q105_t1203
6181,q105_t1204
6182,q105_t1204
6182,q105_t1205
6182,q76_t1204
6182,q76_t1205
6183,q105_t1205
6183,q105_t1206
6184,q105_t1206
6184,q105_t1207
6185,q105_t1207
6185,q105_t1208
6185,q77_t1207
6185,q77_t1208
6186,q105_t1208
6186,q105_t1209
6187,q105_t1209
6187,q105_t1210
6188,q105_t1210
6188,q105_t1211
6188,q78_t1210
6188,q78_t1211
6189,q105_t1211
6189,q105_t1212
6190,q105_t1212
6190,q105_t1213
6191,q105_t1213
6191,q105_t1214
6191,q79_t1213
6191,q79_t1214
6192,q105_t1214
6192,q105_t1215
6193,q105_t1215
6193,q105_t1216
6194,q105_t1216
6194,q105_t1217
6194,q80_t1216
6194,q80_t1217
6195,q105_t1217
6195,q105_t1218
6196,q105_t1218
6196,q105_t1219
6197,q105_t1219
6197,q105_t1220
6197,q81_t1219
6197,q81_t1220
6198,q105_t1220
6198,q105_t1221
6199,q105_t1221
6199,q105_t1222
6200,q105_t1222
6200,q105_t1223
6200,q82_t1222
6200,q82_t1223
6201,q105_t1223
6201,q105_t1224
6202,q105_t1224
6202,q105_t1225
6203,q105_t1225
6203,q105_t1226
6203,q83_t1225
6203,q83_t1226
6204,q105_t1226
6204,q105_t1227
6205,q105_t1227
6205,q105_t1228
6206,q105_t1228
6206,q105_t1229
6206,q84_t1228
6206,q84_t1229
6207,q105_t1229
6207,q105_t1230
6208,q105_t1230
6208,q105_t1231
6209,q105_t1231
6209,q105_t1232
6209,q85_t1231
6209,q85_t1232
6210,q105_t1232
6210,q105_t1233
6211,q105_t1233
6211,q105_t1234
6212,q105_t1234
6212,q105_t1235
6212,q86_t1234
6212,q86_t1235
6213,q105_t1235
6213,q105_t1236
6214,q105_t1236
6214,q105_t1237
6215,q105_t1237
6215,q105_t1238
6215,q87_t1237
6215,q87_t1238
6216,q105_t1238
6216,q105_t1239
6217,q105_t1239
6217,q105_t1240
6218,q105_t1240
6218,q105_t1241
6218,q88_t1240
6218,q88_t1241
6219,q105_t1241
6219,q105_t1242
6220,q105_t1242
6220,q105_t1243
6221,q105_t1243
6221,q105_t1244
6221,q89_t1243
6221,q89_t1244
6222,q105_t1244
6222,q105_t1245
6223,q105_t1245
6223,q105_t1246
6224,q105_t1246
6224,q105_t1247
6224,q90_t1246
6224,q90_t1247
6225,q105_t1247
6225,q105_t1248
6226,q105_t1248
6226,q105_t1249
6227,q105_t1249
6227,q105_t1250
6227,q91_t1249
6227,q91_t1250
6228,q105_t1250
6228,q105_t1251
6229,q105_t1251
6229,q105_t1252
6230,q105_t1252
6230,q105_t1253
6230,q92_t1252
6230,q92_t1253
6231,q105_t1253
6231,q105_t1254
6232,q105_t1254
6232,q105_t1255
6233,q105_t1255
6233,q105_t1256
6233,q93_t1255
6233,q93_t1256
6234,q105_t1256
6234,q105_t1257
6235,q105_t1257
6235,q105_t1258
6236,q105_t1258
6236,q105_t1259
6236,q94_t1258
6236,q94_t1259
6237,q105_t1259
6237,q105_t1260
6238,q105_t1260
6238,q105_t1261
6239,q105_t1261
6239,q105_t1262
6239,q95_t1261
6239,q95_t1262
6240,q105_t1262
6240,q105_t1263
6241,q105_t1263
6241,q105_t1264
6242,q105_t1264
6242,q105_t1265
6242,q96_t1264
6242,q96_t1265
6243,q105_t1265
6243,q105_t1266
6244,q105_t1266
6244,q105_t1267
6245,q105_t1267
6245,q105_t1268
6245,q97_t1267
6245,q97_t1268
6246,q105_t1268
6246,q105_t1269
6247,q105_t1269
6247,q105_t1270
6248,q105_t1270
6248,q105_t1271
6248,q98_t1270
6248,q98_t1271
6249,q105_t1271
6249,q105_t1272
6250,q105_t1272
6250,q105_t1273
6251,q105_t1273
6251,q105_t1274
6251,q99_t1273
6251,q99_t1274
6252,q105_t1274
6252,q105_t1275
6253,q105_t1275
6253,q105_t1276
6254,q105_t1277
6254,q105_t1278
6255,q105_t1278
6255,q105_t1279
6256,q105_t1280
6256,q105_t1281
6257,q105_t1281
6257,q105_t1282
6258,q105_t1283
6258,q105_t1284
6259,q105_t1284
6259,q105_t1285
6260,q105_t1286
6260,q105_t1287
6261,q105_t1287
6261,q105_t1288
6262,q105_t1289
6262,q105_t1290
6263,q105_t1290
6263,q105_t1294
6264,q105_t1294
6264,q105_t1295
6264,q106_t1294
6264,q106_t1295
6265,q105_t1295
6265,q105_t1296
6266,q105_t1296
6266,q105_t1297
6267,q105_t1297
6267,q105_t1298
6267,q107_t1297
6267,q107_t1298
6268,q105_t1298
6268,q105_t1299
6269,q105_t1299
6269,q105_t1300
6270,q105_t1300
6270,q105_t1301
6270,q108_t1300
6270,q108_t1301
6271,q105_t1301
6271,q105_t1302
6272,q105_t1302
6272,q105_t1303
6273,q105_t1303
6273,q105_t1304
6273,q109_t1303
6273,q109_t1304
6274,q105_t1304
6274,q105_t1305
6275,q105_t1305
6275,q105_t1306
6276,q105_t315
6276,q105_t316
6277,q105_t316
6277,q105_t317
6278,q105_t317
6278,q105_t318
6278,q1_t317
6278,q1_t318
6279,q105_t318
6279,q105_t319
6280,q105_t319
6280,q105_t320
6281,q105_t320
6281,q105_t321
6281,q2_t320
6281,q2_t321
6282,q105_t321
6282,q105_t322
6283,q105_t322
6283,q105_t323
6284,q105_t323
6284,q105_t324
6284,q3_t323
6284,q3_t324
6285,q105_t324
6285,q105_t325
6286,q105_t325
6286,q105_t326
6287,q105_t326
6287,q105_t327
6287,q4_t326
6287,q4_t327
6288,q105_t327
6288,q105_t328
6289,q105_t328
6289,q105_t329
6290,q105_t329
6290,q105_t330
6290,q5_t329
6290,q5_t330
6291,q105_t330
6291,q105_t331
6292,q105_t331
6292,q105_t332
6293,q105_t332
6293,q105_t333
6293,q6_t332
6293,q6_t333
6294,q105_t333
6294,q105_t334
6295,q105_t334
6295,q105_t335
6296,q105_t335
6296,q105_t336
6296,q7_t335
6296,q7_t336
6297,q105_t336
6297,q105_t337
6298,q105_t337
6298,q105_t338
6299,q105_t338
6299,q105_t339
6299,q8_t338
6299,q8_t339
6300,q105_t339
6300,q105_t340
6301,q105_t340
6301,q105_t341
6302,q105_t341
6302,q105_t342
6302,q9_t341
6302,q9_t342
6303,q105_t342
6303,q105_t343
6304,q105_t343
6304,q105_t344
6305,q105_t344
6305,q105_t345
6305,q10_t344
6305,q10_t345
6306,q105_t345
6306,q105_t346
6307,q105_t346
6307,q105_t347
6308,q105_t347
6308,q105_t348
6308,q11_t347
6308,q11_t348
6309,q105_t348
6309,q105_t349
6310,q105_t349
6310,q105_t350
6311,q105_t350
6311,q105_t351
6311,q12_t350
6311,q12_t351
6312,q105_t351
6312,q105_t352
6313,q105_t352
6313,q105_t353
6314,q105_t353
6314,q105_t354
6314,q13_t353
6314,q13_t354
6315,q105_t354
6315,q105_t355
6316,q105_t355
6316,q105_t356
6317,q105_t356
6317,q105_t357
6317,q14_t356
6317,q14_t357
6318,q105_t357
6318,q105_t358
6319,q105_t358
6319,q105_t359
6320,q105_t359
6320,q105_t360
6320,q15_t359
6320,q15_t360
6321,q105_t360
6321,q105_t361
6322,q105_t361
6322,q105_t362
6323,q105_t362
6323,q105_t363
6323,q16_t362
6323,q16_t363
6324,q105_t363
6324,q105_t364
6325,q105_t364
6325,q105_t365
6326,q105_t365
6326,q105_t366
6326,q17_t365
6326,q17_t366
6327,q105_t366
6327,q105_t367
6328,q105_t367
6328,q105_t368
6329,q105_t368
6329,q105_t369
6329,q18_t368
6329,q18_t369
6330,q105_t369
6330,q105_t370
6331,q105_t370
6331,q105_t371
6332,q105_t371
6332,q105_t372
6332,q19_t371
6332,q19_t372
6333,q105_t372
6333,q105_t373
6334,q105_t373
6334,q105_t374
6335,q105_t374
6335,q105_t375
6335,q20_t374
6335,q20_t375
6336,q105_t375
6336,q105_t376
6337,q105_t376
6337,q105_t377
6338,q105_t377
6338,q105_t378
6338,q21_t377
6338,q21_t378
6339,q105_t378
6339,q105_t379
6340,q105_t379
6340,q105_t380
6341,q105_t380
6341,q105_t381
6341,q22_t380
6341,q22_t381
6342,q105_t381
6342,q105_t382
6343,q105_t382
6343,q105_t383
6344,q105_t383
6344,q105_t384
6344,q23_t383
6344,q23_t384
6345,q105_t384
6345,q105_t385
6346,q105_t385
6346,q105_t386
6347,q105_t386
6347,q105_t387
6347,q24_t386
6347,q24_t387
6348,q105_t387
6348,q105_t388
6349,q105_t388
6349,q105_t389
6350,q105_t389
6350,q105_t390
6350,q25_t389
6350,q25_t390
6351,q105_t390
6351,q105_t391
6352,q105_t391
6352,q105_t392
6353,q105_t392
6353,q105_t393
6353,q26_t392
6353,q26_t393
6354,q105_t393
6354,q105_t394
6355,q105_t394
6355,q105_t395
6356,q105_t395
6356,q105_t396
6356,q27_t395
6356,q27_t396
6357,q105_t396
6357,q105_t397
6358,q105_t397
6358,q105_t398
6359,q105_t398
6359,q105_t399
6359,q28_t398
6359,q28_t399
6360,q105_t399
6360,q105_t400
6361,q105_t400
6361,q105_t401
6362,q105_t401
6362,q105_t402
6362,q29_t401
6362,q29_t402
6363,q105_t402
6363,q105_t403
6364,q105_t403
6364,q105_t404
6365,q105_t404
6365,q105_t405
6365,q30_t404
6365,q30_t405
6366,q105_t405
6366,q105_t406
6367,q105_t406
6367,q105_t407
6368,q105_t407
6368,q105_t408
6368,q31_t407
6368,q31_t408
6369,q105_t408
6369,q105_t409
6370,q105_t409
6370,q105_t410
6371,q105_t410
6371,q105_t411
6371,q32_t410
6371,q32_t411
6372,q105_t411
6372,q105_t412
6373,q105_t412
6373,q105_t413
6374,q105_t413
6374,q105_t414
6374,q33_t413
6374,q33_t414
6375,q105_t414
6375,q105_t415
6376,q105_t415
6376,q105_t416
6377,q105_t416
6377,q105_t417
6377,q34_t416
6377,q34_t417
6378,q105_t417
6378,q105_t418
6379,q105_t418
6379,q105_t419
6380,q105_t419
6380,q105_t420
6380,q35_t419
6380,q35_t420
6381,q105_t420
6381,q105_t421
6382,q105_t421
6382,q105_t422
6383,q105_t422
6383,q105_t423
6383,q36_t422
6383,q36_t423
6384,q105_t423
6384,q105_t424
6385,q105_t424
6385,q105_t425
6386,q105_t425
6386,q105_t426
6386,q37_t425
6386,q37_t426
6387,q105_t426
6387,q105_t427
6388,q105_t427
6388,q105_t428
6389,q105_t428
6389,q105_t429
6389,q38_t428
6389,q38_t429
6390,q105_t429
6390,q105_t430
6391,q105_t430
6391,q105_t431
6392,q105_t431
6392,q105_t432
6392,q39_t431
6392,q39_t432
6393,q105_t432
6393,q105_t433
6394,q105_t433
6394,q105_t434
6395,q105_t434
6395,q105_t435
6395,q40_t434
6395,q40_t435
6396,q105_t435
6396,q105_t436
6397,q105_t436
6397,q105_t437
6398,q105_t437
6398,q105_t438
6398,q41_t437
6398,q41_t438
6399,q105_t438
6399,q105_t439
6400,q105_t439
6400,q105_t440
6401,q105_t440
6401,q105_t441
6401,q42_t440
6401,q42_t441
6402,q105_t441
6402,q105_t442
6403,q105_t442
6403,q105_t443
6404,q105_t443
6404,q105_t444
6404,q43_t443
6404,q43_t444
6405,q105_t444
6405,q105_t445
6406,q105_t445
6406,q105_t446
6407,q105_t446
6407,q105_t447
6407,q44_t446
6407,q44_t447
6408,q105_t447
6408,q105_t448
6409,q105_t448
6409,q105_t449
6410,q105_t449
6410,q105_t450
6410,q45_t449
6410,q45_t450
6411,q105_t450
6411,q105_t451
6412,q105_t451
6412,q105_t452
6413,q105_t452
6413,q105_t453
6413,q46_t452
6413,q46_t453
6414,q105_t453
6414,q105_t454
6415,q105_t454
6415,q105_t455
6416,q105_t455
6416,q105_t456
6416,q47_t455
6416,q47_t456
6417,q105_t456
6417,q105_t457
6418,q105_t457
6418,q105_t458
6419,q105_t458
6419,q105_t459
6419,q48_t458
6419,q48_t459
6420,q105_t459
6420,q105_t460
6421,q105_t460
6421,q105_t461
6422,q105_t461
6422,q105_t462
6422,q49_t461
6422,q49_t462
6423,q105_t462
6423,q105_t463
6424,q105_t463
6424,q105_t464
6425,q105_t464
6425,q105_t465
6425,q50_t464
6425,q50_t465
6426,q105_t465
6426,q105_t466
6427,q105_t466
6427,q105_t467
6428,q105_t467
6428,q105_t468
6428,q51_t467
6428,q51_t468
6429,q105_t468
6429,q105_t469
6430,q105_t469
6430,q105_t470
6431,q105_t470
6431,q105_t471
6431,q52_t470
6431,q52_t471
6432,q105_t471
6432,q105_t472
6433,q105_t472
6433,q105_t473
6434,q105_t473
6434,q105_t474
6434,q53_t473
6434,q53_t474
6435,q105_t474
6435,q105_t475
6436,q105_t475
6436,q105_t476
6437,q105_t476
6437,q105_t477
6437,q54_t476
6437,q54_t477
6438,q105_t477
6438,q105_t478
6439,q105_t478
6439,q105_t479
6440,q105_t479
6440,q105_t480
6440,q55_t479
6440,q55_t480
6441,q105_t480
6441,q105_t481
6442,q105_t481
6442,q105_t482
6443,q105_t482
6443,q105_t483
6443,q56_t482
6443,q56_t483
6444,q105_t483
6444,q105_t484
6445,q105_t484
6445,q105_t485
6446,q105_t485
6446,q105_t486
6446,q57_t485
6446,q57_t486
6447,q105_t486
6447,q105_t487
6448,q105_t487
6448,q105_t488
6449,q105_t488
6449,q105_t489
6449,q58_t488
6449,q58_t489
6450,q105_t489
6450,q105_t490
6451,q105_t490
6451,q105_t491
6452,q105_t491
6452,q105_t492
6452,q59_t491
6452,q59_t492
6453,q105_t492
6453,q105_t493
6454,q105_t493
6454,q105_t494
6455,q105_t494
6455,q105_t495
6455,q60_t494
6455,q60_t495
6456,q105_t495
6456,q105_t496
6457,q105_t496
6457,q105_t497
6458,q105_t497
6458,q105_t498
6458,q61_t497
6458,q61_t498
6459,q105_t498
6459,q105_t499
6460,q105_t499
6460,q105_t500
6461,q105_t500
6461,q105_t501
6461,q62_t500
6461,q62_t501
6462,q105_t501
6462,q105_t502
6463,q105_t502
6463,q105_t503
6464,q105_t503
6464,q105_t504
6464,q63_t503
6464,q63_t504
6465,q105_t504
6465,q105_t505
6466,q105_t505
6466,q105_t506
6467,q105_t506
6467,q105_t507
6467,q64_t506
6467,q64_t507
6468,q105_t507
6468,q105_t508
6469,q105_t508
6469,q105_t509
6470,q105_t509
6470,q105_t510
6470,q65_t509
6470,q65_t510
6471,q105_t510
6471,q105_t511
6472,q105_t511
6472,q105_t512
6473,q105_t512
6473,q105_t513
6473,q66_t512
6473,q66_t513
6474,q105_t513
6474,q105_t514
6475,q105_t514
6475,q105_t515
6476,q105_t515
6476,q105_t516
6476,q67_t515
6476,q67_t516
6477,q105_t516
6477,q105_t517
6478,q105_t517
6478,q105_t518
6479,q105_t518
6479,q105_t519
6479,q68_t518
6479,q68_t519
6480,q105_t519
6480,q105_t520
6481,q105_t520
6481,q105_t521
6482,q105_t521
6482,q105_t522
6482,q69_t521
6482,q69_t522
6483,q105_t522
6483,q105_t523
6484,q105_t523
6484,q105_t524
6485,q105_t524
6485,q105_t525
6485,q70_t524
6485,q70_t525
6486,q105_t525
6486,q105_t526
6487,q105_t526
6487,q105_t527
6488,q105_t527
6488,q105_t528
6488,q71_t527
6488,q71_t528
6489,q105_t528
6489,q105_t529
6490,q105_t529
6490,q105_t530
6491,q105_t530
6491,q105_t531
6491,q72_t530
6491,q72_t531
6492,q105_t531
6492,q105_t532
6493,q105_t532
6493,q105_t533
6494,q105_t533
6494,q105_t534
6494,q73_t533
6494,q73_t534
6495,q105_t534
6495,q105_t535
6496,q105_t535
6496,q105_t536
6497,q105_t536
6497,q105_t537
6497,q74_t536
6497,q74_t537
6498,q105_t537
6498,q105_t538
6499,q105_t538
6499,q105_t539
6500,q105_t539
6500,q105_t540
6500,q75_t539
6500,q75_t540
6501,q105_t540
6501,q105_t541
6502,q105_t541
6502,q105_t542
6503,q105_t542
6503,q105_t543
6503,q76_t542
6503,q76_t543
6504,q105_t543
6504,q105_t544
6505,q105_t544
6505,q105_t545
6506,q105_t545
6506,q105_t546
6506,q77_t545
6506,q77_t546
6507,q105_t546
6507,q105_t547
6508,q105_t547
6508,q105_t548
6509,q105_t548
6509,q105_t549
6509,q78_t548
6509,q78_t549
6510,q105_t549
6510,q105_t550
6511,q105_t550
6511,q105_t551
6512,q105_t551
6512,q105_t552
6512,q79_t551
6512,q79_t552
6513,q105_t552
6513,q105_t553
6514,q105_t553
6514,q105_t554
6515,q105_t554
6515,q105_t555
6515,q80_t554
6515,q80_t555
6516,q105_t555
6516,q105_t556
6517,q105_t556
6517,q105_t557
6518,q105_t557
6518,q105_t558
6518,q81_t557
6518,q81_t558
6519,q105_t558
6519,q105_t559
6520,q105_t559
6520,q105_t560
6521,q105_t560
6521,q105_t561
6521,q82_t560
6521,q82_t561
6522,q105_t561
6522,q105_t562
6523,q105_t562
6523,q105_t563
6524,q105_t563
6524,q105_t564
6524,q83_t563
6524,q83_t564
6525,q105_t564
6525,q105_t565
6526,q105_t565
6526,q105_t566
6527,q105_t566
6527,q105_t567
6527,q84_t566
6527,q84_t567
6528,q105_t567
6528,q105_t568
6529,q105_t568
6529,q105_t569
6530,q105_t569
6530,q105_t570
6530,q85_t569
6530,q85_t570
6531,q105_t570
6531,q105_t571
6532,q105_t571
6532,q105_t572
6533,q105_t572
6533,q105_t573
6533,q86_t572
6533,q86_t573
6534,q105_t573
6534,q105_t574
6535,q105_t574
6535,q105_t575
6536,q105_t575
6536,q105_t576
6536,q87_t575
6536,q87_t576
6537,q105_t576
6537,q105_t577
6538,q105_t577
6538,q105_t578
6539,q105_t578
6539,q105_t579
6539,q88_t578
6539,q88_t579
6540,q105_t579
6540,q105_t580
6541,q105_t580
6541,q105_t581
6542,q105_t581
6542,q105_t582
6542,q89_t581
6542,q89_t582
6543,q105_t582
6543,q105_t583
6544,q105_t583
6544,q105_t584
6545,q105_t584
6545,q105_t585
6545,q90_t584
6545,q90_t585
6546,q105_t585
6546,q105_t586
6547,q105_t586
6547,q105_t587
6548,q105_t587
6548,q105_t588
6548,q91_t587
6548,q91_t588
6549,q105_t588
6549,q105_t589
6550,q105_t589
6550,q105_t590
6551,q105_t590
6551,q105_t591
6551,q92_t590
6551,q92_t591
6552,q105_t591
6552,q105_t592
6553,q105_t592
6553,q105_t593
6554,q105_t593
6554,q105_t594
6554,q93_t593
6554,q93_t594
6555,q105_t594
6555,q105_t595
6556,q105_t595
6556,q105_t596
6557,q105_t596
6557,q105_t597
6557,q94_t596
6557,q94_t597
6558,q105_t597
6558,q105_t598
6559,q105_t598
6559,q105_t599
6560,q105_t599
6560,q105_t600
6560,q95_t599
6560,q95_t600
6561,q105_t600
6561,q105_t601
6562,q105_t601
6562,q105_t602
6563,q105_t602
6563,q105_t603
6563,q96_t602
6563,q96_t603
6564,q105_t603
6564,q105_t604
6565,q105_t604
6565,q105_t605
6566,q105_t605
6566,q105_t606
6566,q97_t605
6566,q97_t606
6567,q105_t606
6567,q105_t607
6568,q105_t607
6568,q105_t608
6569,q105_t608
6569,q105_t609
6569,q98_t608
6569,q98_t609
6570,q105_t609
6570,q105_t610
6571,q105_t610
6571,q105_t611
6572,q105_t611
6572,q105_t612
6572,q99_t611
6572,q99_t612
6573,q105_t612
6573,q105_t613
6574,q105_t613
6574,q105_t614
6575,q105_t615
6575,q105_t616
6576,q105_t616
6576,q105_t617
6577,q105_t618
6577,q105_t619
6578,q105_t619
6578,q105_t620
6579,q105_t621
6579,q105_t622
6580,q105_t622
6580,q105_t623
6581,q105_t624
6581,q105_t625
6582,q105_t625
6582,q105_t626
6583,q105_t627
6583,q105_t628
6584,q105_t628
6584,q105_t632
6585,q105_t632
6585,q105_t633
6585,q106_t632
6585,q106_t633
6586,q105_t633
6586,q105_t634
6587,q105_t634
6587,q105_t635
6588,q105_t635
6588,q105_t636
6588,q107_t635
6588,q107_t636
6589,q105_t636
6589,q105_t637
6590,q105_t637
6590,q105_t638
6591,q105_t638
6591,q105_t639
6591,q108_t638
6591,q108_t639
6592,q105_t639
6592,q105_t640
6593,q105_t640
6593,q105_t641
6594,q105_t641
6594,q105_t642
6594,q109_t641
6594,q109_t642
6595,q105_t642
6595,q105_t643
6596,q105_t643
6596,q105_t644
6597,q105_t644
6597,q105_t645
6598,q105_t646
6598,q105_t647
6599,q105_t647
6599,q105_t648
6600,q105_t648
6600,q105_t649
6600,q1_t648
6600,q1_t649
6601,q105_t649
6601,q105_t650
6602,q105_t650
6602,q105_t651
6603,q105_t651
6603,q105_t652
6603,q2_t651
6603,q2_t652
6604,q105_t652
6604,q105_t653
6605,q105_t653
6605,q105_t654
6606,q105_t654
6606,q105_t655
6606,q3_t654
6606,q3_t655
6607,q105_t655
6607,q105_t656
6608,q105_t656
6608,q105_t657
6609,q105_t657
6609,q105_t658
6609,q4_t657
6609,q4_t658
6610,q105_t658
6610,q105_t659
6611,q105_t659
6611,q105_t660
6612,q105_t660
6612,q105_t661
6612,q5_t660
6612,q5_t661
6613,q105_t661
6613,q105_t662
6614,q105_t662
6614,q105_t663
6615,q105_t663
6615,q105_t664
6615,q6_t663
6615,q6_t664
6616,q105_t664
6616,q105_t665
6617,q105_t665
6617,q105_t666
6618,q105_t666
6618,q105_t667
6618,q7_t666
6618,q7_t667
6619,q105_t667
6619,q105_t668
6620,q105_t668
6620,q105_t669
6621,q105_t669
6621,q105_t670
6621,q8_t669
6621,q8_t670
6622,q105_t670
6622,q105_t671
6623,q105_t671
6623,q105_t672
6624,q105_t672
6624,q105_t673
6624,q9_t672
6624,q9_t673
6625,q105_t673
6625,q105_t674
6626,q105_t674
6626,q105_t675
6627,q105_t675
6627,q105_t676
6627,q10_t675
6627,q10_t676
6628,q105_t676
6628,q105_t677
6629,q105_t677
6629,q105_t678
6630,q105_t678
6630,q105_t679
6630,q11_t678
6630,q11_t679
6631,q105_t679
6631,q105_t680
6632,q105_t680
6632,q105_t681
6633,q105_t681
6633,q105_t682
6633,q12_t681
6633,q12_t682
6634,q105_t682
6634,q105_t683
6635,q105_t683
6635,q105_t684
6636,q105_t684
6636,q105_t685
6636,q13_t684
6636,q13_t685
6637,q105_t685
6637,q105_t686
6638,q105_t686
6638,q105_t687
6639,q105_t687
6639,q105_t688
6639,q14_t687
6639,q14_t688
6640,q105_t688
6640,q105_t689
6641,q105_t689
6641,q105_t690
6642,q105_t690
6642,q105_t691
6642,q15_t690
6642,q15_t691
6643,q105_t691
6643,q105_t692
6644,q105_t692
6644,q105_t693
6645,q105_t693
6645,q105_t694
6645,q16_t693
6645,q16_t694
6646,q105_t694
6646,q105_t695
6647,q105_t695
6647,q105_t696
6648,q105_t696
6648,q105_t697
6648,q17_t696
6648,q17_t697
6649,q105_t697
6649,q105_t698
6650,q105_t698
6650,q105_t699
6651,q105_t699
6651,q105_t700
6651,q18_t699
6651,q18_t700
6652,q105_t700
6652,q105_t701
6653,q105_t701
6653,q105_t702
6654,q105_t702
6654,q105_t703
6654,q19_t702
6654,q19_t703
6655,q105_t703
6655,q105_t704
6656,q105_t704
6656,q105_t705
6657,q105_t705
6657,q105_t706
6657,q20_t705
6657,q20_t706
6658,q105_t706
6658,q105_t707
6659,q105_t707
6659,q105_t708
6660,q105_t708
6660,q105_t709
6660,q21_t708
6660,q21_t709
6661,q105_t709
6661,q105_t710
6662,q105_t710
6662,q105_t711
6663,q105_t711
6663,q105_t712
6663,q22_t711
6663,q22_t712
6664,q105_t712
6664,q105_t713
6665,q105_t713
6665,q105_t714
6666,q105_t714
6666,q105_t715
6666,q23_t714
6666,q23_t715
6667,q105_t715
6667,q105_t716
6668,q105_t716
6668,q105_t717
6669,q105_t717
6669,q105_t718
6669,q24_t717
6669,q24_t718
6670,q105_t718
6670,q105_t719
6671,q105_t719
6671,q105_t720
6672,q105_t720
6672,q105_t721
6672,q25_t720
6672,q25_t721
6673,q105_t721
6673,q105_t722
6674,q105_t722
6674,q105_t723
6675,q105_t723
6675,q105_t724
6675,q26_t723
6675,q26_t724
6676,q105_t724
6676,q105_t725
6677,q105_t725
6677,q105_t726
6678,q105_t726
6678,q105_t727
6678,q27_t726
6678,q27_t727
6679,q105_t727
6679,q105_t728
6680,q105_t728
6680,q105_t729
6681,q105_t729
6681,q105_t730
6681,q28_t729
6681,q28_t730
6682,q105_t730
6682,q105_t731
6683,q105_t731
6683,q105_t732
6684,q105_t732
6684,q105_t733
6684,q29_t732
6684,q29_t733
6685,q105_t733
6685,q105_t734
6686,q105_t734
6686,q105_t735
6687,q105_t735
6687,q105_t736
6687,q30_t735
6687,q30_t736
6688,q105_t736
6688,q105_t737
6689,q105_t737
6689,q105_t738
6690,q105_t738
6690,q105_t739
6690,q31_t738
6690,q31_t739
6691,q105_t739
6691,q105_t740
6692,q105_t740
6692,q105_t741
6693,q105_t741
6693,q105_t742
6693,q32_t741
6693,q32_t742
6694,q105_t742
6694,q105_t743
6695,q105_t743
6695,q105_t744
6696,q105_t744
6696,q105_t745
6696,q33_t744
6696,q33_t745
6697,q105_t745
6697,q105_t746
6698,q105_t746
6698,q105_t747
6699,q105_t747
6699,q105_t748
6699,q34_t747
6699,q34_t748
6700,q105_t748
6700,q105_t749
6701,q105_t749
6701,q105_t750
6702,q105_t750
6702,q105_t751
6702,q35_t750
6702,q35_t751
6703,q105_t751
6703,q105_t752
6704,q105_t752
6704,q105_t753
6705,q105_t753
6705,q105_t754
6705,q36_t753
6705,q36_t754
6706,q105_t754
6706,q105_t755
6707,q105_t755
6707,q105_t756
6708,q105_t756
6708,q105_t757
6708,q37_t756
6708,q37_t757
6709,q105_t757
6709,q105_t758
6710,q105_t758
6710,q105_t759
6711,q105_t759
6711,q105_t760
6711,q38_t759
6711,q38_t760
6712,q105_t760
6712,q105_t761
6713,q105_t761
6713,q105_t762
6714,q105_t762
6714,q105_t763
6714,q39_t762
6714,q39_t763
6715,q105_t763
6715,q105_t764
6716,q105_t764
6716,q105_t765
6717,q105_t765
6717,q105_t766
6717,q40_t765
6717,q40_t766
6718,q105_t766
6718,q105_t767
6719,q105_t767
6719,q105_t768
6720,q105_t768
6720,q105_t769
6720,q41_t768
6720,q41_t769
6721,q105_t769
6721,q105_t770
6722,q105_t770
6722,q105_t771
6723,q105_t771
6723,q105_t772
6723,q42_t771
6723,q42_t772
6724,q105_t772
6724,q105_t773
6725,q105_t773
6725,q105_t774
6726,q105_t774
6726,q105_t775
6726,q43_t774
6726,q43_t775
6727,q105_t775
6727,q105_t776
6728,q105_t776
6728,q105_t777
6729,q105_t777
6729,q105_t778
6729,q44_t777
6729,q44_t778
6730,q105_t778
6730,q105_t779
6731,q105_t779
6731,q105_t780
6732,q105_t780
6732,q105_t781
6732,q45_t780
6732,q45_t781
6733,q105_t781
6733,q105_t782
6734,q105_t782
6734,q105_t783
6735,q105_t783
6735,q105_t784
6735,q46_t783
6735,q46_t784
6736,q105_t784
6736,q105_t785
6737,q105_t785
6737,q105_t786
6738,q105_t786
6738,q105_t787
6738,q47_t786
6738,q47_t787
6739,q105_t787
6739,q105_t788
6740,q105_t788
6740,q105_t789
6741,q105_t789
6741,q105_t790
6741,q48_t789
6741,q48_t790
6742,q105_t790
6742,q105_t791
6743,q105_t791
6743,q105_t792
6744,q105_t792
6744,q105_t793
6744,q49_t792
6744,q49_t793
6745,q105_t793
6745,q105_t794
6746,q105_t794
6746,q105_t795
6747,q105_t795
6747,q105_t796
6747,q50_t795
6747,q50_t796
6748,q105_t796
6748,q105_t797
6749,q105_t797
6749,q105_t798
6750,q105_t798
6750,q105_t799
6750,q51_t798
6750,q51_t799
6751,q105_t799
6751,q105_t800
6752,q105_t800
6752,q105_t801
6753,q105_t801
6753,q105_t802
6753,q52_t801
6753,q52_t802
6754,q105_t802
6754,q105_t803
6755,q105_t803
6755,q105_t804
6756,q105_t804
6756,q105_t805
6756,q53_t804
6756,q53_t805
6757,q105_t805
6757,q105_t806
6758,q105_t806
6758,q105_t807
6759,q105_t807
6759,q105_t808
6759,q54_t807
6759,q54_t808
6760,q105_t808
6760,q105_t809
6761,q105_t809
6761,q105_t810
6762,q105_t810
6762,q105_t811
6762,q55_t810
6762,q55_t811
6763,q105_t811
6763,q105_t812
6764,q105_t812
6764,q105_t813
6765,q105_t813
6765,q105_t814
6765,q56_t813
6765,q56_t814
6766,q105_t814
6766,q105_t815
6767,q105_t815
6767,q105_t816
6768,q105_t816
6768,q105_t817
6768,q57_t816
6768,q57_t817
6769,q105_t817
6769,q105_t818
6770,q105_t818
6770,q105_t819
6771,q105_t819
6771,q105_t820
6771,q58_t819
6771,q58_t820
6772,q105_t820
6772,q105_t821
6773,q105_t821
6773,q105_t822
6774,q105_t822
6774,q105_t823
6774,q59_t822
6774,q59_t823
6775,q105_t823
6775,q105_t824
6776,q105_t824
6776,q105_t825
6777,q105_t825
6777,q105_t826
6777,q60_t825
6777,q60_t826
6778,q105_t826
6778,q105_t827
6779,q105_t827
6779,q105_t828
6780,q105_t828
6780,q105_t829
6780,q61_t828
6780,q61_t829
6781,q105_t829
6781,q105_t830
6782,q105_t830
6782,q105_t831
6783,q105_t831
6783,q105_t832
6783,q62_t831
6783,q62_t832
6784,q105_t832
6784,q105_t833
6785,q105_t833
6785,q105_t834
6786,q105_t834
6786,q105_t835
6786,q63_t834
6786,q63_t835
6787,q105_t835
6787,q105_t836
6788,q105_t836
6788,q105_t837
6789,q105_t837
6789,q105_t838
6789,q64_t837
6789,q64_t838
6790,q105_t838
6790,q105_t839
6791,q105_t839
6791,q105_t840
6792,q105_t840
6792,q105_t841
6792,q65_t840
6792,q65_t841
6793,q105_t841
6793,q105_t842
6794,q105_t842
6794,q105_t843
6795,q105_t843
6795,q105_t844
6795,q66_t843
6795,q66_t844
6796,q105_t844
6796,q105_t845
6797,q105_t845
6797,q105_t846
6798,q105_t846
6798,q105_t847
6798,q67_t846
6798,q67_t847
6799,q105_t847
6799,q105_t848
6800,q105_t848
6800,q105_t849
6801,q105_t849
6801,q105_t850
6801,q68_t849
6801,q68_t850
6802,q105_t850
6802,q105_t851
6803,q105_t851
6803,q105_t852
6804,q105_t852
6804,q105_t853
6804,q69_t852
6804,q69_t853
6805,q105_t853
6805,q105_t854
6806,q105_t854
6806,q105_t855
6807,q105_t855
6807,q105_t856
6807,q70_t855
6807,q70_t856
6808,q105_t856
6808,q105_t857
6809,q105_t857
6809,q105_t858
6810,q105_t858
6810,q105_t859
6810,q71_t858
6810,q71_t859
6811,q105_t859
6811,q105_t860
6812,q105_t860
6812,q105_t861
6813,q105_t861
6813,q105_t862
6813,q72_t861
6813,q72_t862
6814,q105_t862
6814,q105_t863
6815,q105_t863
6815,q105_t864
6816,q105_t864
6816,q105_t865
6816,q73_t864
6816,q73_t865
6817,q105_t865
6817,q105_t866
6818,q105_t866
6818,q105_t867
6819,q105_t867
6819,q105_t868
6819,q74_t867
6819,q74_t868
6820,q105_t868
6820,q105_t869
6821,q105_t869
6821,q105_t870
6822,q105_t870
6822,q105_t871
6822,q75_t870
6822,q75_t871
6823,q105_t871
6823,q105_t872
6824,q105_t872
6824,q105_t873
6825,q105_t873
6825,q105_t874
6825,q76_t873
6825,q76_t874
6826,q105_t874
6826,q105_t875
6827,q105_t875
6827,q105_t876
6828,q105_t876
6828,q105_t877
6828,q77_t876
6828,q77_t877
6829,q105_t877
6829,q105_t878
6830,q105_t878
6830,q105_t879
6831,q105_t879
6831,q105_t880
6831,q78_t879
6831,q78_t880
6832,q105_t880
6832,q105_t881
6833,q105_t881
6833,q105_t882
6834,q105_t882
6834,q105_t883
6834,q79_t882
6834,q79_t883
6835,q105_t883
6835,q105_t884
6836,q105_t884
6836,q105_t885
6837,q105_t885
6837,q105_t886
6837,q80_t885
6837,q80_t886
6838,q105_t886
6838,q105_t887
6839,q105_t887
6839,q105_t888
6840,q105_t888
6840,q105_t889
6840,q81_t888
6840,q81_t889
6841,q105_t889
6841,q105_t890
6842,q105_t890
6842,q105_t891
6843,q105_t891
6843,q105_t892
6843,q82_t891
6843,q82_t892
6844,q105_t892
6844,q105_t893
6845,q105_t893
6845,q105_t894
6846,q105_t894
6846,q105_t895
6846,q83_t894
6846,q83_t895
6847,q105_t895
6847,q105_t896
6848,q105_t896
6848,q105_t897
6849,q105_t897
6849,q105_t898
6849,q84_t897
6849,q84_t898
6850,q105_t898
6850,q105_t899
6851,q105_t899
6851,q105_t900
6852,q105_t900
6852,q105_t901
6852,q85_t900
6852,q85_t901
6853,q105_t901
6853,q105_t902
6854,q105_t902
6854,q105_t903
6855,q105_t903
6855,q105_t904
6855,q86_t903
6855,q86_t904
6856,q105_t904
6856,q105_t905
6857,q105_t905
6857,q105_t906
6858,q105_t906
6858,q105_t907
6858,q87_t906
6858,q87_t907
6859,q105_t907
6859,q105_t908
6860,q105_t908
6860,q105_t909
6861,q105_t909
6861,q105_t910
6861,q88_t909
6861,q88_t910
6862,q105_t910
6862,q105_t911
6863,q105_t911
6863,q105_t912
6864,q105_t912
6864,q105_t913
6864,q89_t912
6864,q89_t913
6865,q105_t913
6865,q105_t914
6866,q105_t914
6866,q105_t915
6867,q105_t915
6867,q105_t916
6867,q90_t915
6867,q90_t916
6868,q105_t916
6868,q105_t917
6869,q105_t917
6869,q105_t918
6870,q105_t918
6870,q105_t919
6870,q91_t918
6870,q91_t919
6871,q105_t919
6871,q105_t920
6872,q105_t920
6872,q105_t921
6873,q105_t921
6873,q105_t922
6873,q92_t921
6873,q92_t922
6874,q105_t922
6874,q105_t923
6875,q105_t923
6875,q105_t924
6876,q105_t924
6876,q105_t925
6876,q93_t924
6876,q93_t925
6877,q105_t925
6877,q105_t926
6878,q105_t926
6878,q105_t927
6879,q105_t927
6879,q105_t928
6879,q94_t927
6879,q94_t928
6880,q105_t928
6880,q105_t929
6881,q105_t929
6881,q105_t930
6882,q105_t930
6882,q105_t931
6882,q95_t930
6882,q95_t931
6883,q105_t931
6883,q105_t932
6884,q105_t932
6884,q105_t933
6885,q105_t933
6885,q105_t934
6885,q96_t933
6885,q96_t934
6886,q105_t934
6886,q105_t935
6887,q105_t935
6887,q105_t936
6888,q105_t936
6888,q105_t937
6888,q97_t936
6888,q97_t937
6889,q105_t937
6889,q105_t938
6890,q105_t938
6890,q105_t939
6891,q105_t939
6891,q105_t940
6891,q98_t939
6891,q98_t940
6892,q105_t940
6892,q105_t941
6893,q105_t941
6893,q105_t942
6894,q105_t942
6894,q105_t943
6894,q99_t942
6894,q99_t943
6895,q105_t943
6895,q105_t944
6896,q105_t944
6896,q105_t945
6897,q105_t946
6897,q105_t947
6898,q105_t947
6898,q105_t948
6899,q105_t949
6899,q105_t950
6900,q105_t950
6900,q105_t951
6901,q105_t952
6901,q105_t953
6902,q105_t953
6902,q105_t954
6903,q105_t955
6903,q105_t956
6904,q105_t956
6904,q105_t957
6905,q105_t958
6905,q105_t959
6906,q105_t959
6906,q105_t963
6907,q105_t963
6907,q105_t964
6907,q106_t963
6907,q106_t964
6908,q105_t964
6908,q105_t965
6909,q105_t965
6909,q105_t966
6910,q105_t966
6910,q105_t967
6910,q107_t966
6910,q107_t967
6911,q105_t967
6911,q105_t968
6912,q105_t968
6912,q105_t969
6913,q105_t969
6913,q105_t970
6913,q108_t969
6913,q108_t970
6914,q105_t970
6914,q105_t971
6915,q105_t971
6915,q105_t972
6916,q105_t972
6916,q105_t973
6916,q109_t972
6916,q109_t973
6917,q105_t973
6917,q105_t974
6918,q105_t974
6918,q105_t975
6919,q105_t975
6919,q105_t976
6920,q105_t977
6920,q105_t978
6921,q105_t978
6921,q105_t979
6922,q105_t979
6922,q105_t980
6922,q1_t979
6922,q1_t980
6923,q105_t980
6923,q105_t981
6924,q105_t981
6924,q105_t982
6925,q105_t982
6925,q105_t983
6925,q2_t982
6925,q2_t983
6926,q105_t983
6926,q105_t984
6927,q105_t984
6927,q105_t985
6928,q105_t985
6928,q105_t986
6928,q3_t985
6928,q3_t986
6929,q105_t986
6929,q105_t987
6930,q105_t987
6930,q105_t988
6931,q105_t988
6931,q105_t989
6931,q4_t988
6931,q4_t989
6932,q105_t989
6932,q105_t990
6933,q105_t990
6933,q105_t991
6934,q105_t991
6934,q105_t992
6934,q5_t991
6934,q5_t992
6935,q105_t992
6935,q105_t993
6936,q105_t993
6936,q105_t994
6937,q105_t994
6937,q105_t995
6937,q6_t994
6937,q6_t995
6938,q105_t995
6938,q105_t996
6939,q105_t996
6939,q105_t997
6940,q105_t997
6940,q105_t998
6940,q7_t997
6940,q7_t998
6941,q105_t998
6941,q105_t999
6942,q106_t0
6942,q106_t1
6943,q106_t1
6943,q106_t317
6944,q106_t1000
6944,q106_t1001
6944,q7_t1000
6944,q7_t1001
6945,q106_t1000
6945,q106_t999
6946,q106_t1001
6946,q106_t1002
6947,q106_t1002
6947,q106_t1003
6948,q106_t1003
6948,q106_t1004
6948,q8_t1003
6948,q8_t1004
6949,q106_t1004
6949,q106_t1005
6950,q106_t1005
6950,q106_t1006
6951,q106_t1006
6951,q106_t1007
6951,q9_t1006
6951,q9_t1007
6952,q106_t1007
6952,q106_t1008
6953,q106_t1008
6953,q106_t1009
6954,q106_t1009
6954,q106_t1010
6954,q10_t1009
6954,q10_t1010
6955,q106_t1010
6955,q106_t1011
6956,q106_t1011
6956,q106_t1012
6957,q106_t1012
6957,q106_t1013
6957,q11_t1012
6957,q11_t1013
6958,q106_t1013
6958,q106_t1014
6959,q106_t1014
6959,q106_t1015
6960,q106_t1015
6960,q106_t1016
6960,q12_t1015
6960,q12_t1016
6961,q106_t1016
6961,q106_t1017
6962,q106_t1017
6962,q106_t1018
6963,q106_t1018
6963,q106_t1019
6963,q13_t1018
6963,q13_t1019
6964,q106_t1019
6964,q106_t1020
6965,q106_t1020
6965,q106_t1021
6966,q106_t1021
6966,q106_t1022
6966,q14_t1021
6966,q14_t1022
6967,q106_t1022
6967,q106_t1023
6968,q106_t1023
6968,q106_t1024
6969,q106_t1024
6969,q106_t1025
6969,q15_t1024
6969,q15_t1025
6970,q106_t1025
6970,q106_t1026
6971,q106_t1026
6971,q106_t1027
6972,q106_t1027
6972,q106_t1028
6972,q16_t1027
6972,q16_t1028
6973,q106_t1028
6973,q106_t1029
6974,q106_t1029
6974,q106_t1030
6975,q106_t1030
6975,q106_t1031
6975,q17_t1030
6975,q17_t1031
6976,q106_t1031
6976,q106_t1032
6977,q106_t1032
6977,q106_t1033
6978,q106_t1033
6978,q106_t1034
6978,q18_t1033
6978,q18_t1034
6979,q106_t1034
6979,q106_t1035
6980,q106_t1035
6980,q106_t1036
6981,q106_t1036
6981,q106_t1037
6981,q19_t1036
6981,q19_t1037
6982,q106_t1037
6982,q106_t1038
6983,q106_t1038
6983,q106_t1039
6984,q106_t1039
6984,q106_t1040
6984,q20_t1039
6984,q20_t1040
6985,q106_t1040
6985,q106_t1041
6986,q106_t1041
6986,q106_t1042
6987,q106_t1042
6987,q106_t1043
6987,q21_t1042
6987,q21_t1043
6988,q106_t1043
6988,q106_t1044
6989,q106_t1044
6989,q106_t1045
6990,q106_t1045
6990,q106_t1046
6990,q22_t1045
6990,q22_t1046
6991,q106_t1046
6991,q106_t1047
6992,q106_t1047
6992,q106_t1048
6993,q106_t1048
6993,q106_t1049
6993,q23_t1048
6993,q23_t1049
6994,q106_t1049
6994,q106_t1050
6995,q106_t1050
6995,q106_t1051
6996,q106_t1051
6996,q106_t1052
6996,q24_t1051
6996,q24_t1052
6997,q106_t1052
6997,q106_t1053
6998,q106_t1053
6998,q106_t1054
6999,q106_t1054
6999,q106_t1055
6999,q25_t1054
6999,q25_t1055
7000,q106_t1055
7000,q106_t1056
7001,q106_t1056
7001,q106_t1057
7002,q106_t1057
7002,q106_t1058
7002,q26_t1057
7002,q26_t1058
7003,q106_t1058
7003,q106_t1059
7004,q106_t1059
7004,q106_t1060
7005,q106_t1060
7005,q106_t1061
7005,q27_t1060
7005,q27_t1061
7006,q106_t1061
7006,q106_t1062
7007,q106_t1062
7007,q106_t1063
7008,q106_t1063
7008,q106_t1064
7008,q28_t1063
7008,q28_t1064
7009,q106_t1064
7009,q106_t1065
7010,q106_t1065
7010,q106_t1066
7011,q106_t1066
7011,q106_t1067
7011,q29_t1066
7011,q29_t1067
7012,q106_t1067
7012,q106_t1068
7013,q106_t1068
7013,q106_t1069
7014,q106_t1069
7014,q106_t1070
7014,q30_t1069
7014,q30_t1070
7015,q106_t1070
7015,q106_t1071
7016,q106_t1071
7016,q106_t1072
7017,q106_t1072
7017,q106_t1073
7017,q31_t1072
7017,q31_t1073
7018,q106_t1073
7018,q106_t1074
7019,q106_t1074
7019,q106_t1075
7020,q106_t1075
7020,q106_t1076
7020,q32_t1075
7020,q32_t1076
7021,q106_t1076
7021,q106_t1077
7022,q106_t1077
7022,q106_t1078
7023,q106_t1078
7023,q106_t1079
7023,q33_t1078
7023,q33_t1079
7024,q106_t1079
7024,q106_t1080
7025,q106_t1080
7025,q106_t1081
7026,q106_t1081
7026,q106_t1082
7026,q34_t1081
7026,q34_t1082
7027,q106_t1082
7027,q106_t1083
7028,q106_t1083
7028,q106_t1084
7029,q106_t1084
7029,q106_t1085
7029,q35_t1084
7029,q35_t1085
7030,q106_t1085
7030,q106_t1086
7031,q106_t1086
7031,q106_t1087
7032,q106_t1087
7032,q106_t1088
7032,q36_t1087
7032,q36_t1088
7033,q106_t1088
7033,q106_t1089
7034,q106_t1089
7034,q106_t1090
7035,q106_t1090
7035,q106_t1091
7035,q37_t1090
7035,q37_t1091
7036,q106_t1091
7036,q106_t1092
7037,q106_t1092
7037,q106_t1093
7038,q106_t1093
7038,q106_t1094
7038,q38_t1093
7038,q38_t1094
7039,q106_t1094
7039,q106_t1095
7040,q106_t1095
7040,q106_t1096
7041,q106_t1096
7041,q106_t1097
7041,q39_t1096
7041,q39_t1097
7042,q106_t1097
7042,q106_t1098
7043,q106_t1098
7043,q106_t1099
7044,q106_t1099
7044,q106_t1100
7044,q40_t1099
7044,q40_t1100
7045,q106_t1100
7045,q106_t1101
7046,q106_t1101
7046,q106_t1102
7047,q106_t1102
7047,q106_t1103
7047,q41_t1102
7047,q41_t1103
7048,q106_t1103
7048,q106_t1104
7049,q106_t1104
7049,q106_t1105
7050,q106_t1105
7050,q106_t1106
7050,q42_t1105
7050,q42_t1106
7051,q106_t1106
7051,q106_t1107
7052,q106_t1107
7052,q106_t1108
7053,q106_t1108
7053,q106_t1109
7053,q43_t1108
7053,q43_t1109
7054,q106_t1109
7054,q106_t1110
7055,q106_t1110
7055,q106_t1111
7056,q106_t1111
7056,q106_t1112
7056,q44_t1111
7056,q44_t1112
7057,q106_t1112
7057,q106_t1113
7058,q106_t1113
7058,q106_t1114
7059,q106_t1114
7059,q106_t1115
7059,q45_t1114
7059,q45_t1115
7060,q106_t1115
7060,q106_t1116
7061,q106_t1116
7061,q106_t1117
7062,q106_t1117
7062,q106_t1118
7062,q46_t1117
7062,q46_t1118
7063,q106_t1118
7063,q106_t1119
7064,q106_t1119
7064,q106_t1120
7065,q106_t1120
7065,q106_t1121
7065,q47_t1120
7065,q47_t1121
7066,q106_t1121
7066,q106_t1122
7067,q106_t1122
7067,q106_t1123
7068,q106_t1123
7068,q106_t1124
7068,q48_t1123
7068,q48_t1124
7069,q106_t1124
7069,q106_t1125
7070,q106_t1125
7070,q106_t1126
7071,q106_t1126
7071,q106_t1127
7071,q49_t1126
7071,q49_t1127
7072,q106_t1127
7072,q106_t1128
7073,q106_t1128
7073,q106_t1129
7074,q106_t1129
7074,q106_t1130
7074,q50_t1129
7074,q50_t1130
7075,q106_t1130
7075,q106_t1131
7076,q106_t1131
7076,q106_t1132
7077,q106_t1132
7077,q106_t1133
7077,q51_t1132
7077,q51_t1133
7078,q106_t1133
7078,q106_t1134
7079,q106_t1134
7079,q106_t1135
7080,q106_t1135
7080,q106_t1136
7080,q52_t1135
7080,q52_t1136
7081,q106_t1136
7081,q106_t1137
7082,q106_t1137
7082,q106_t1138
7083,q106_t1138
7083,q106_t1139
7083,q53_t1138
7083,q53_t1139
7084,q106_t1139
7084,q106_t1140
7085,q106_t1140
7085,q106_t1141
7086,q106_t1141
7086,q106_t1142
7086,q54_t1141
7086,q54_t1142
7087,q106_t1142
7087,q106_t1143
7088,q106_t1143
7088,q106_t1144
7089,q106_t1144
7089,q106_t1145
7089,q55_t1144
7089,q55_t1145
7090,q106_t1145
7090,q106_t1146
7091,q106_t1146
7091,q106_t1147
7092,q106_t1147
7092,q106_t1148
7092,q56_t1147
7092,q56_t1148
7093,q106_t1148
7093,q106_t1149
7094,q106_t1149
7094,q106_t1150
7095,q106_t1150
7095,q106_t1151
7095,q57_t1150
7095,q57_t1151
7096,q106_t1151
7096,q106_t1152
7097,q106_t1152
7097,q106_t1153
7098,q106_t1153
7098,q106_t1154
7098,q58_t1153
7098,q58_t1154
7099,q106_t1154
7099,q106_t1155
7100,q106_t1155
7100,q106_t1156
7101,q106_t1156
7101,q106_t1157
7101,q59_t1156
7101,q59_t1157
7102,q106_t1157
7102,q106_t1158
7103,q106_t1158
7103,q106_t1159
7104,q106_t1159
7104,q106_t1160
7104,q60_t1159
7104,q60_t1160
7105,q106_t1160
7105,q106_t1161
7106,q106_t1161
7106,q106_t1162
7107,q106_t1162
7107,q106_t1163
7107,q61_t1162
7107,q61_t1163
7108,q106_t1163
7108,q106_t1164
7109,q106_t1164
7109,q106_t1165
7110,q106_t1165
7110,q106_t1166
7110,q62_t1165
7110,q62_t1166
7111,q106_t1166
7111,q106_t1167
7112,q106_t1167
7112,q106_t1168
7113,q106_t1168
7113,q106_t1169
7113,q63_t1168
7113,q63_t1169
7114,q106_t1169
7114,q106_t1170
7115,q106_t1170
7115,q106_t1171
7116,q106_t1171
7116,q106_t1172
7116,q64_t1171
7116,q64_t1172
7117,q106_t1172
7117,q106_t1173
7118,q106_t1173
7118,q106_t1174
7119,q106_t1174
7119,q106_t1175
7119,q65_t1174
7119,q65_t1175
7120,q106_t1175
7120,q106_t1176
7121,q106_t1176
7121,q106_t1177
7122,q106_t1177
7122,q106_t1178
7122,q66_t1177
7122,q66_t1178
7123,q106_t1178
7123,q106_t1179
7124,q106_t1179
7124,q106_t1180
7125,q106_t1180
7125,q106_t1181
7125,q67_t1180
7125,q67_t1181
7126,q106_t1181
7126,q106_t1182
7127,q106_t1182
7127,q106_t1183
7128,q106_t1183
7128,q106_t1184
7128,q68_t1183
7128,q68_t1184
7129,q106_t1184
7129,q106_t1185
7130,q106_t1185
7130,q106_t1186
7131,q106_t1186
7131,q106_t1187
7131,q69_t1186
7131,q69_t1187
7132,q106_t1187
7132,q106_t1188
7133,q106_t1188
7133,q106_t1189
7134,q106_t1189
7134,q106_t1190
7134,q70_t1189
7134,q70_t1190
7135,q106_t1190
7135,q106_t1191
7136,q106_t1191
7136,q106_t1192
7137,q106_t1192
7137,q106_t1193
7137,q71_t1192
7137,q71_t1193
7138,q106_t1193
7138,q106_t1194
7139,q106_t1194
7139,q106_t1195
7140,q106_t1195
7140,q106_t1196
7140,q72_t1195
7140,q72_t1196
7141,q106_t1196
7141,q106_t1197
7142,q106_t1197
7142,q106_t1198
7143,q106_t1198
7143,q106_t1199
7143,q73_t1198
7143,q73_t1199
7144,q106_t1199
7144,q106_t1200
7145,q106_t1200
7145,q106_t1201
7146,q106_t1201
7146,q106_t1202
7146,q74_t1201
7146,q74_t1202
7147,q106_t1202
7147,q106_t1203
7148,q106_t1203
7148,q106_t1204
7149,q106_t1204
7149,q106_t1205
7149,q75_t1204
7149,q75_t1205
7150,q106_t1205
7150,q106_t1206
7151,q106_t1206
7151,q106_t1207
7152,q106_t1207
7152,q106_t1208
7152,q76_t1207
7152,q76_t1208
7153,q106_t1208
7153,q106_t1209
7154,q106_t1209
7154,q106_t1210
7155,q106_t1210
7155,q106_t1211
7155,q77_t1210
7155,q77_t1211
7156,q106_t1211
7156,q106_t1212
7157,q106_t1212
7157,q106_t1213
7158,q106_t1213
7158,q106_t1214
7158,q78_t1213
7158,q78_t1214
7159,q106_t1214
7159,q106_t1215
7160,q106_t1215
7160,q106_t1216
7161,q106_t1216
7161,q106_t1217
7161,q79_t1216
7161,q79_t1217
7162,q106_t1217
7162,q106_t1218
7163,q106_t1218
7163,q106_t1219
7164,q106_t1219
7164,q106_t1220
7164,q80_t1219
7164,q80_t1220
7165,q106_t1220
7165,q106_t1221
7166,q106_t1221
7166,q106_t1222
7167,q106_t1222
7167,q106_t1223
7167,q81_t1222
7167,q81_t1223
7168,q106_t1223
7168,q106_t1224
7169,q106_t1224
7169,q106_t1225
7170,q106_t1225
7170,q106_t1226
7170,q82_t1225
7170,q82_t1226
7171,q106_t1226
7171,q106_t1227
7172,q106_t1227
7172,q106_t1228
7173,q106_t1228
7173,q106_t1229
7173,q83_t1228
7173,q83_t1229
7174,q106_t1229
7174,q106_t1230
7175,q106_t1230
7175,q106_t1231
7176,q106_t1231
7176,q106_t1232
7176,q84_t1231
7176,q84_t1232
7177,q106_t1232
7177,q106_t1233
7178,q106_t1233
7178,q106_t1234
7179,q106_t1234
7179,q106_t1235
7179,q85_t1234
7179,q85_t1235
7180,q106_t1235
7180,q106_t1236
7181,q106_t1236
7181,q106_t1237
7182,q106_t1237
7182,q106_t1238
7182,q86_t1237
7182,q86_t1238
7183,q106_t1238
7183,q106_t1239
7184,q106_t1239
7184,q106_t1240
7185,q106_t1240
7185,q106_t1241
7185,q87_t1240
7185,q87_t1241
7186,q106_t1241
7186,q106_t1242
7187,q106_t1242
7187,q106_t1243
7188,q106_t1243
7188,q106_t1244
7188,q88_t1243
7188,q88_t1244
7189,q106_t1244
7189,q106_t1245
7190,q106_t1245
7190,q106_t1246
7191,q106_t1246
7191,q106_t1247
7191,q89_t1246
7191,q89_t1247
7192,q106_t1247
7192,q106_t1248
7193,q106_t1248
7193,q106_t1249
7194,q106_t1249
7194,q106_t1250
7194,q90_t1249
7194,q90_t1250
7195,q106_t1250
7195,q106_t1251
7196,q106_t1251
7196,q106_t1252
7197,q106_t1252
7197,q106_t1253
7197,q91_t1252
7197,q91_t1253
7198,q106_t1253
7198,q106_t1254
7199,q106_t1254
7199,q106_t1255
7200,q106_t1255
7200,q106_t1256
7200,q92_t1255
7200,q92_t1256
7201,q106_t1256
7201,q106_t1257
7202,q106_t1257
7202,q106_t1258
7203,q106_t1258
7203,q106_t1259
7203,q93_t1258
7203,q93_t1259
7204,q106_t1259
7204,q106_t1260
7205,q106_t1260
7205,q106_t1261
7206,q106_t1261
7206,q106_t1262
7206,q94_t1261
7206,q94_t1262
7207,q106_t1262
7207,q106_t1263
7208,q106_t1263
7208,q106_t1264
7209,q106_t1264
7209,q106_t1265
7209,q95_t1264
7209,q95_t1265
7210,q106_t1265
7210,q106_t1266
7211,q106_t1266
7211,q106_t1267
7212,q106_t1267
7212,q106_t1268
7212,q96_t1267
7212,q96_t1268
7213,q106_t1268
7213,q106_t1269
7214,q106_t1269
7214,q106_t1270
7215,q106_t1270
7215,q106_t1271
7215,q97_t1270
7215,q97_t1271
7216,q106_t1271
7216,q106_t1272
7217,q106_t1272
7217,q106_t1273
7218,q106_t1273
7218,q106_t1274
7218,q98_t1273
7218,q98_t1274
7219,q106_t1274
7219,q106_t1275
7220,q106_t1275
7220,q106_t1276
7221,q106_t1276
7221,q106_t1277
7221,q99_t1276
7221,q99_t1277
7222,q106_t1277
7222,q106_t1278
7223,q106_t1278
7223,q106_t1279
7224,q106_t1280
7224,q106_t1281
7225,q106_t1281
7225,q106_t1282
7226,q106_t1283
7226,q106_t1284
7227,q106_t1284
7227,q106_t1285
7228,q106_t1286
7228,q106_t1287
7229,q106_t1287
7229,q106_t1288
7230,q106_t1289
7230,q106_t1290
7231,q106_t1290
7231,q106_t1291
7232,q106_t1292
7232,q106_t1293
7233,q106_t1293
7233,q106_t1294
7234,q106_t1295
7234,q106_t1296
7235,q106_t1296
7235,q106_t1300
7236,q106_t1300
7236,q106_t1301
7236,q107_t1300
7236,q107_t1301
7237,q106_t1301
7237,q106_t1302
7238,q106_t1302
7238,q106_t1303
7239,q106_t1303
7239,q106_t1304
7239,q108_t1303
7239,q108_t1304
7240,q106_t1304
7240,q106_t1305
7241,q106_t1305
7241,q106_t1306
7242,q106_t1306
7242,q106_t1307
7242,q109_t1306
7242,q109_t1307
7243,q106_t1307
7243,q106_t1308
7244,q106_t1308
7244,q106_t1309
7245,q106_t318
7245,q106_t319
7246,q106_t319
7246,q106_t320
7247,q106_t320
7247,q106_t321
7247,q1_t320
7247,q1_t321
7248,q106_t321
7248,q106_t322
7249,q106_t322
7249,q106_t323
7250,q106_t323
7250,q106_t324
7250,q2_t323
7250,q2_t324
7251,q106_t324
7251,q106_t325
7252,q106_t325
7252,q106_t326
7253,q106_t326
7253,q106_t327
7253,q3_t326
7253,q3_t327
7254,q106_t327
7254,q106_t328
7255,q106_t328
7255,q106_t329
7256,q106_t329
7256,q106_t330
7256,q4_t329
7256,q4_t330
7257,q106_t330
7257,q106_t331
7258,q106_t331
7258,q106_t332
7259,q106_t332
7259,q106_t333
7259,q5_t332
7259,q5_t333
7260,q106_t333
7260,q106_t334
7261,q106_t334
7261,q106_t335
7262,q106_t335
7262,q106_t336
7262,q6_t335
7262,q6_t336
7263,q106_t336
7263,q106_t337
7264,q106_t337
7264,q106_t338
7265,q106_t338
7265,q106_t339
7265,q7_t338
7265,q7_t339
7266,q106_t339
7266,q106_t340
7267,q106_t340
7267,q106_t341
7268,q106_t341
7268,q106_t342
7268,q8_t341
7268,q8_t342
7269,q106_t342
7269,q106_t343
7270,q106_t343
7270,q106_t344
7271,q106_t344
7271,q106_t345
7271,q9_t344
7271,q9_t345
7272,q106_t345
7272,q106_t346
7273,q106_t346
7273,q106_t347
7274,q106_t347
7274,q106_t348
7274,q10_t347
7274,q10_t348
7275,q106_t348
7275,q106_t349
7276,q106_t349
7276,q106_t350
7277,q106_t350
7277,q106_t351
7277,q11_t350
7277,q11_t351
7278,q106_t351
7278,q106_t352
7279,q106_t352
7279,q106_t353
7280,q106_t353
7280,q106_t354
7280,q12_t353
7280,q12_t354
7281,q106_t354
7281,q106_t355
7282,q106_t355
7282,q106_t356
7283,q106_t356
7283,q106_t357
7283,q13_t356
7283,q13_t357
7284,q106_t357
7284,q106_t358
7285,q106_t358
7285,q106_t359
7286,q106_t359
7286,q106_t360
7286,q14_t359
7286,q14_t360
7287,q106_t360
7287,q106_t361
7288,q106_t361
7288,q106_t362
7289,q106_t362
7289,q106_t363
7289,q15_t362
7289,q15_t363
7290,q106_t363
7290,q106_t364
7291,q106_t364
7291,q106_t365
7292,q106_t365
7292,q106_t366
7292,q16_t365
7292,q16_t366
7293,q106_t366
7293,q106_t367
7294,q106_t367
7294,q106_t368
7295,q106_t368
7295,q106_t369
7295,q17_t368
7295,q17_t369
7296,q106_t369
7296,q106_t370
7297,q106_t370
7297,q106_t371
7298,q106_t371
7298,q106_t372
7298,q18_t371
7298,q18_t372
7299,q106_t372
7299,q106_t373
7300,q106_t373
7300,q106_t374
7301,q106_t374
7301,q106_t375
7301,q19_t374
7301,q19_t375
7302,q106_t375
7302,q106_t376
7303,q106_t376
7303,q106_t377
7304,q106_t377
7304,q106_t378
7304,q20_t377
7304,q20_t378
7305,q106_t378
7305,q106_t379
7306,q106_t379
7306,q106_t380
7307,q106_t380
7307,q106_t381
7307,q21_t380
7307,q21_t381
7308,q106_t381
7308,q106_t382
7309,q106_t382
7309,q106_t383
7310,q106_t383
7310,q106_t384
7310,q22_t383
7310,q22_t384
7311,q106_t384
7311,q106_t385
7312,q106_t385
7312,q106_t386
7313,q106_t386
7313,q106_t387
7313,q23_t386
7313,q23_t387
7314,q106_t387
7314,q106_t388
7315,q106_t388
7315,q106_t389
7316,q106_t389
7316,q106_t390
7316,q24_t389
7316,q24_t390
7317,q106_t390
7317,q106_t391
7318,q106_t391
7318,q106_t392
7319,q106_t392
7319,q106_t393
7319,q25_t392
7319,q25_t393
7320,q106_t393
7320,q106_t394
7321,q106_t394
7321,q106_t395
7322,q106_t395
7322,q106_t396
7322,q26_t395
7322,q26_t396
7323,q106_t396
7323,q106_t397
7324,q106_t397
7324,q106_t398
7325,q106_t398
7325,q106_t399
7325,q27_t398
7325,q27_t399
7326,q106_t399
7326,q106_t400
7327,q106_t400
7327,q106_t401
7328,q106_t401
7328,q106_t402
7328,q28_t401
7328,q28_t402
7329,q106_t402
7329,q106_t403
7330,q106_t403
7330,q106_t404
7331,q106_t404
7331,q106_t405
7331,q29_t404
7331,q29_t405
7332,q106_t405
7332,q106_t406
7333,q106_t406
7333,q106_t407
7334,q106_t407
7334,q106_t408
7334,q30_t407
7334,q30_t408
7335,q106_t408
7335,q106_t409
7336,q106_t409
7336,q106_t410
7337,q106_t410
7337,q106_t411
7337,q31_t410
7337,q31_t411
7338,q106_t411
7338,q106_t412
7339,q106_t412
7339,q106_t413
7340,q106_t413
7340,q106_t414
7340,q32_t413
7340,q32_t414
7341,q106_t414
7341,q106_t415
7342,q106_t415
7342,q106_t416
7343,q106_t416
7343,q106_t417
7343,q33_t416
7343,q33_t417
7344,q106_t417
7344,q106_t418
7345,q106_t418
7345,q106_t419
7346,q106_t419
7346,q106_t420
7346,q34_t419
7346,q34_t420
7347,q106_t420
7347,q106_t421
7348,q106_t421
7348,q106_t422
7349,q106_t422
7349,q106_t423
7349,q35_t422
7349,q35_t423
7350,q106_t423
7350,q106_t424
7351,q106_t424
7351,q106_t425
7352,q106_t425
7352,q106_t426
7352,q36_t425
7352,q36_t426
7353,q106_t426
7353,q106_t427
7354,q106_t427
7354,q106_t428
7355,q106_t428
7355,q106_t429
7355,q37_t428
7355,q37_t429
7356,q106_t429
7356,q106_t430
7357,q106_t430
7357,q106_t431
7358,q106_t431
7358,q106_t432
7358,q38_t431
7358,q38_t432
7359,q106_t432
7359,q106_t433
7360,q106_t433
7360,q106_t434
7361,q106_t434
7361,q106_t435
7361,q39_t434
7361,q39_t435
7362,q106_t435
7362,q106_t436
7363,q106_t436
7363,q106_t437
7364,q106_t437
7364,q106_t438
7364,q40_t437
7364,q40_t438
7365,q106_t438
7365,q106_t439
7366,q106_t439
7366,q106_t440
7367,q106_t440
7367,q106_t441
7367,q41_t440
7367,q41_t441
7368,q106_t441
7368,q106_t442
7369,q106_t442
7369,q106_t443
7370,q106_t443
7370,q106_t444
7370,q42_t443
7370,q42_t444
7371,q106_t444
7371,q106_t445
7372,q106_t445
7372,q106_t446
7373,q106_t446
7373,q106_t447
7373,q43_t446
7373,q43_t447
7374,q106_t447
7374,q106_t448
7375,q106_t448
7375,q106_t449
7376,q106_t449
7376,q106_t450
7376,q44_t449
7376,q44_t450
7377,q106_t450
7377,q106_t451
7378,q106_t451
7378,q106_t452
7379,q106_t452
7379,q106_t453
7379,q45_t452
7379,q45_t453
7380,q106_t453
7380,q106_t454
7381,q106_t454
7381,q106_t455
7382,q106_t455
7382,q106_t456
7382,q46_t455
7382,q46_t456
7383,q106_t456
7383,q106_t457
7384,q106_t457
7384,q106_t458
7385,q106_t458
7385,q106_t459
7385,q47_t458
7385,q47_t459
7386,q106_t459
7386,q106_t460
7387,q106_t460
7387,q106_t461
7388,q106_t461
7388,q106_t462
7388,q48_t461
7388,q48_t462
7389,q106_t462
7389,q106_t463
7390,q106_t463
7390,q106_t464
7391,q106_t464
7391,q106_t465
7391,q49_t464
7391,q49_t465
7392,q106_t465
7392,q106_t466
7393,q106_t466
7393,q106_t467
7394,q106_t467
7394,q106_t468
7394,q50_t467
7394,q50_t468
7395,q106_t468
7395,q106_t469
7396,q106_t469
7396,q106_t470
7397,q106_t470
7397,q106_t471
7397,q51_t470
7397,q51_t471
7398,q106_t471
7398,q106_t472
7399,q106_t472
7399,q106_t473
7400,q106_t473
7400,q106_t474
7400,q52_t473
7400,q52_t474
7401,q106_t474
7401,q106_t475
7402,q106_t475
7402,q106_t476
7403,q106_t476
7403,q106_t477
7403,q53_t476
7403,q53_t477
7404,q106_t477
7404,q106_t478
7405,q106_t478
7405,q106_t479
7406,q106_t479
7406,q106_t480
7406,q54_t479
7406,q54_t480
7407,q106_t480
7407,q106_t481
7408,q106_t481
7408,q106_t482
7409,q106_t482
7409,q106_t483
7409,q55_t482
7409,q55_t483
7410,q106_t483
7410,q106_t484
7411,q106_t484
7411,q106_t485
7412,q106_t485
7412,q106_t486
7412,q56_t485
7412,q56_t486
7413,q106_t486
7413,q106_t487
7414,q106_t487
7414,q106_t488
7415,q106_t488
7415,q106_t489
7415,q57_t488
7415,q57_t489
7416,q106_t489
7416,q106_t490
7417,q106_t490
7417,q106_t491
7418,q106_t491
7418,q106_t492
7418,q58_t491
7418,q58_t492
7419,q106_t492
7419,q106_t493
7420,q106_t493
7420,q106_t494
7421,q106_t494
7421,q106_t495
7421,q59_t494
7421,q59_t495
7422,q106_t495
7422,q106_t496
7423,q106_t496
7423,q106_t497
7424,q106_t497
7424,q106_t498
7424,q60_t497
7424,q60_t498
7425,q106_t498
7425,q106_t499
7426,q106_t499
7426,q106_t500
7427,q106_t500
7427,q106_t501
7427,q61_t500
7427,q61_t501
7428,q106_t501
7428,q106_t502
7429,q106_t502
7429,q106_t503
7430,q106_t503
7430,q106_t504
7430,q62_t503
7430,q62_t504
7431,q106_t504
7431,q106_t505
7432,q106_t505
7432,q106_t506
7433,q106_t506
7433,q106_t507
7433,q63_t506
7433,q63_t507
7434,q106_t507
7434,q106_t508
7435,q106_t508
7435,q106_t509
7436,q106_t509
7436,q106_t510
7436,q64_t509
7436,q64_t510
7437,q106_t510
7437,q106_t511
7438,q106_t511
7438,q106_t512
7439,q106_t512
7439,q106_t513
7439,q65_t512
7439,q65_t513
7440,q106_t513
7440,q106_t514
7441,q106_t514
7441,q106_t515
7442,q106_t515
7442,q106_t516
7442,q66_t515
7442,q66_t516
7443,q106_t516
7443,q106_t517
7444,q106_t517
7444,q106_t518
7445,q106_t518
7445,q106_t519
7445,q67_t518
7445,q67_t519
7446,q106_t519
7446,q106_t520
7447,q106_t520
7447,q106_t521
7448,q106_t521
7448,q106_t522
7448,q68_t521
7448,q68_t522
7449,q106_t522
7449,q106_t523
7450,q106_t523
7450,q106_t524
7451,q106_t524
7451,q106_t525
7451,q69_t524
7451,q69_t525
7452,q106_t525
7452,q106_t526
7453,q106_t526
7453,q106_t527
7454,q106_t527
7454,q106_t528
7454,q70_t527
7454,q70_t528
7455,q106_t528
7455,q106_t529
7456,q106_t529
7456,q106_t530
7457,q106_t530
7457,q106_t531
7457,q71_t530
7457,q71_t531
7458,q106_t531
7458,q106_t532
7459,q106_t532
7459,q106_t533
7460,q106_t533
7460,q106_t534
7460,q72_t533
7460,q72_t534
7461,q106_t534
7461,q106_t535
7462,q106_t535
7462,q106_t536
7463,q106_t536
7463,q106_t537
7463,q73_t536
7463,q73_t537
7464,q106_t537
7464,q106_t538
7465,q106_t538
7465,q106_t539
7466,q106_t539
7466,q106_t540
7466,q74_t539
7466,q74_t540
7467,q106_t540
7467,q106_t541
7468,q106_t541
7468,q106_t542
7469,q106_t542
7469,q106_t543
7469,q75_t542
7469,q75_t543
7470,q106_t543
7470,q106_t544
7471,q106_t544
7471,q106_t545
7472,q106_t545
7472,q106_t546
7472,q76_t545
7472,q76_t546
7473,q106_t546
7473,q106_t547
7474,q106_t547
7474,q106_t548
7475,q106_t548
7475,q106_t549
7475,q77_t548
7475,q77_t549
7476,q106_t549
7476,q106_t550
7477,q106_t550
7477,q106_t551
7478,q106_t551
7478,q106_t552
7478,q78_t551
7478,q78_t552
7479,q106_t552
7479,q106_t553
7480,q106_t553
7480,q106_t554
7481,q106_t554
7481,q106_t555
7481,q79_t554
7481,q79_t555
7482,q106_t555
7482,q106_t556
7483,q106_t556
7483,q106_t557
7484,q106_t557
7484,q106_t558
7484,q80_t557
7484,q80_t558
7485,q106_t558
7485,q106_t559
7486,q106_t559
7486,q106_t560
7487,q106_t560
7487,q106_t561
7487,q81_t560
7487,q81_t561
7488,q106_t561
7488,q106_t562
7489,q106_t562
7489,q106_t563
7490,q106_t563
7490,q106_t564
7490,q82_t563
7490,q82_t564
7491,q106_t564
7491,q106_t565
7492,q106_t565
7492,q106_t566
7493,q106_t566
7493,q106_t567
7493,q83_t566
7493,q83_t567
7494,q106_t567
7494,q106_t568
7495,q106_t568
7495,q106_t569
7496,q106_t569
7496,q106_t570
7496,q84_t569
7496,q84_t570
7497,q106_t570
7497,q106_t571
7498,q106_t571
7498,q106_t572
7499,q106_t572
7499,q106_t573
7499,q85_t572
7499,q85_t573
7500,q106_t573
7500,q106_t574
7501,q106_t574
7501,q106_t575
7502,q106_t575
7502,q106_t576
7502,q86_t575
7502,q86_t576
7503,q106_t576
7503,q106_t577
7504,q106_t577
7504,q106_t578
7505,q106_t578
7505,q106_t579
7505,q87_t578
7505,q87_t579
7506,q106_t579
7506,q106_t580
7507,q106_t580
7507,q106_t581
7508,q106_t581
7508,q106_t582
7508,q88_t581
7508,q88_t582
7509,q106_t582
7509,q106_t583
7510,q106_t583
7510,q106_t584
7511,q106_t584
7511,q106_t585
7511,q89_t584
7511,q89_t585
7512,q106_t585
7512,q106_t586
7513,q106_t586
7513,q106_t587
7514,q106_t587
7514,q106_t588
7514,q90_t587
7514,q90_t588
7515,q106_t588
7515,q106_t589
7516,q106_t589
7516,q106_t590
7517,q106_t590
7517,q106_t591
7517,q91_t590
7517,q91_t591
7518,q106_t591
7518,q106_t592
7519,q106_t592
7519,q106_t593
7520,q106_t593
7520,q106_t594
7520,q92_t593
7520,q92_t594
7521,q106_t594
7521,q106_t595
7522,q106_t595
7522,q106_t596
7523,q106_t596
7523,q106_t597
7523,q93_t596
7523,q93_t597
7524,q106_t597
7524,q106_t598
7525,q106_t598
7525,q106_t599
7526,q106_t599
7526,q106_t600
7526,q94_t599
7526,q94_t600
7527,q106_t600
7527,q106_t601
7528,q106_t601
7528,q106_t602
7529,q106_t602
7529,q106_t603
7529,q95_t602
7529,q95_t603
7530,q106_t603
7530,q106_t604
7531,q106_t604
7531,q106_t605
7532,q106_t605
7532,q106_t606
7532,q96_t605
7532,q96_t606
7533,q106_t606
7533,q106_t607
7534,q106_t607
7534,q106_t608
7535,q106_t608
7535,q106_t609
7535,q97_t608
7535,q97_t609
7536,q106_t609
7536,q106_t610
7537,q106_t610
7537,q106_t611
7538,q106_t611
7538,q106_t612
7538,q98_t611
7538,q98_t612
7539,q106_t612
7539,q106_t613
7540,q106_t613
7540,q106_t614
7541,q106_t614
7541,q106_t615
7541,q99_t614
7541,q99_t615
7542,q106_t615
7542,q106_t616
7543,q106_t616
7543,q106_t617
7544,q106_t618
7544,q106_t619
7545,q106_t619
7545,q106_t620
7546,q106_t621
7546,q106_t622
7547,q106_t622
7547,q106_t623
7548,q106_t624
7548,q106_t625
7549,q106_t625
7549,q106_t626
7550,q106_t627
7550,q106_t628
7551,q106_t628
7551,q106_t629
7552,q106_t630
7552,q106_t631
7553,q106_t631
7553,q106_t632
7554,q106_t633
7554,q106_t634
7555,q106_t634
7555,q106_t638
7556,q106_t638
7556,q106_t639
7556,q107_t638
7556,q107_t639
7557,q106_t639
7557,q106_t640
7558,q106_t640
7558,q106_t641
7559,q106_t641
7559,q106_t642
7559,q108_t641
7559,q108_t642
7560,q106_t642
7560,q106_t643
7561,q106_t643
7561,q106_t644
7562,q106_t644
7562,q106_t645
7562,q109_t644
7562,q109_t645
7563,q106_t645
7563,q106_t646
7564,q106_t646
7564,q106_t647
7565,q106_t647
7565,q106_t648
7566,q106_t649
7566,q106_t650
7567,q106_t650
7567,q106_t651
7568,q106_t651
7568,q106_t652
7568,q1_t651
7568,q1_t652
7569,q106_t652
7569,q106_t653
7570,q106_t653
7570,q106_t654
7571,q106_t654
7571,q106_t655
7571,q2_t654
7571,q2_t655
7572,q106_t655
7572,q106_t656
7573,q106_t656
7573,q106_t657
7574,q106_t657
7574,q106_t658
7574,q3_t657
7574,q3_t658
7575,q106_t658
7575,q106_t659
7576,q106_t659
7576,q106_t660
7577,q106_t660
7577,q106_t661
7577,q4_t660
7577,q4_t661
7578,q106_t661
7578,q106_t662
7579,q106_t662
7579,q106_t663
7580,q106_t663
7580,q106_t664
7580,q5_t663
7580,q5_t664
7581,q106_t664
7581,q106_t665
7582,q106_t665
7582,q106_t666
7583,q106_t666
7583,q106_t667
7583,q6_t666
7583,q6_t667
7584,q106_t667
7584,q106_t668
7585,q106_t668
7585,q106_t669
7586,q106_t669
7586,q106_t670
7586,q7_t669
7586,q7_t670
7587,q106_t670
7587,q106_t671
7588,q106_t671
7588,q106_t672
7589,q106_t672
7589,q106_t673
7589,q8_t672
7589,q8_t673
7590,q106_t673
7590,q106_t674
7591,q106_t674
7591,q106_t675
7592,q106_t675
7592,q106_t676
7592,q9_t675
7592,q9_t676
7593,q106_t676
7593,q106_t677
7594,q106_t677
7594,q106_t678
7595,q106_t678
7595,q106_t679
7595,q10_t678
7595,q10_t679
7596,q106_t679
7596,q106_t680
7597,q106_t680
7597,q106_t681
7598,q106_t681
7598,q106_t682
7598,q11_t681
7598,q11_t682
7599,q106_t682
7599,q106_t683
7600,q106_t683
7600,q106_t684
7601,q106_t684
7601,q106_t685
7601,q12_t684
7601,q12_t685
7602,q106_t685
7602,q106_t686
7603,q106_t686
7603,q106_t687
7604,q106_t687
7604,q106_t688
7604,q13_t687
7604,q13_t688
7605,q106_t688
7605,q106_t689
7606,q106_t689
7606,q106_t690
7607,q106_t690
7607,q106_t691
7607,q14_t690
7607,q14_t691
7608,q106_t691
7608,q106_t692
7609,q106_t692
7609,q106_t693
7610,q106_t693
7610,q106_t694
7610,q15_t693
7610,q15_t694
7611,q106_t694
7611,q106_t695
7612,q106_t695
7612,q106_t696
7613,q106_t696
7613,q106_t697
7613,q16_t696
7613,q16_t697
7614,q106_t697
7614,q106_t698
7615,q106_t698
7615,q106_t699
7616,q106_t699
7616,q106_t700
7616,q17_t699
7616,q17_t700
7617,q106_t700
7617,q106_t701
7618,q106_t701
7618,q106_t702
7619,q106_t702
7619,q106_t703
7619,q18_t702
7619,q18_t703
7620,q106_t703
7620,q106_t704
7621,q106_t704
7621,q106_t705
7622,q106_t705
7622,q106_t706
7622,q19_t705
7622,q19_t706
7623,q106_t706
7623,q106_t707
7624,q106_t707
7624,q106_t708
7625,q106_t708
7625,q106_t709
7625,q20_t708
7625,q20_t709
7626,q106_t709
7626,q106_t710
7627,q106_t710
7627,q106_t711
7628,q106_t711
7628,q106_t712
7628,q21_t711
7628,q21_t712
7629,q106_t712
7629,q106_t713
7630,q106_t713
7630,q106_t714
7631,q106_t714
7631,q106_t715
7631,q22_t714
7631,q22_t715
7632,q106_t715
7632,q106_t716
7633,q106_t716
7633,q106_t717
7634,q106_t717
7634,q106_t718
7634,q23_t717
7634,q23_t718
7635,q106_t718
7635,q106_t719
7636,q106_t719
7636,q106_t720
7637,q106_t720
7637,q106_t721
7637,q24_t720
7637,q24_t721
7638,q106_t721
7638,q106_t722
7639,q106_t722
7639,q106_t723
7640,q106_t723
7640,q106_t724
7640,q25_t723
7640,q25_t724
7641,q106_t724
7641,q106_t725
7642,q106_t725
7642,q106_t726
7643,q106_t726
7643,q106_t727
7643,q26_t726
7643,q26_t727
7644,q106_t727
7644,q106_t728
7645,q106_t728
7645,q106_t729
7646,q106_t729
7646,q106_t730
7646,q27_t729
7646,q27_t730
7647,q106_t730
7647,q106_t731
7648,q106_t731
7648,q106_t732
7649,q106_t732
7649,q106_t733
7649,q28_t732
7649,q28_t733
7650,q106_t733
7650,q106_t734
7651,q106_t734
7651,q106_t735
7652,q106_t735
7652,q106_t736
7652,q29_t735
7652,q29_t736
7653,q106_t736
7653,q106_t737
7654,q106_t737
7654,q106_t738
7655,q106_t738
7655,q106_t739
7655,q30_t738
7655,q30_t739
7656,q106_t739
7656,q106_t740
7657,q106_t740
7657,q106_t741
7658,q106_t741
7658,q106_t742
7658,q31_t741
7658,q31_t742
7659,q106_t742
7659,q106_t743
7660,q106_t743
7660,q106_t744
7661,q106_t744
7661,q106_t745
7661,q32_t744
7661,q32_t745
7662,q106_t745
7662,q106_t746
7663,q106_t746
7663,q106_t747
7664,q106_t747
7664,q106_t748
7664,q33_t747
7664,q33_t748
7665,q106_t748
7665,q106_t749
7666,q106_t749
7666,q106_t750
7667,q106_t750
7667,q106_t751
7667,q34_t750
7667,q34_t751
7668,q106_t751
7668,q106_t752
7669,q106_t752
7669,q106_t753
7670,q106_t753
7670,q106_t754
7670,q35_t753
7670,q35_t754
7671,q106_t754
7671,q106_t755
7672,q106_t755
7672,q106_t756
7673,q106_t756
7673,q106_t757
7673,q36_t756
7673,q36_t757
7674,q106_t757
7674,q106_t758
7675,q106_t758
7675,q106_t759
7676,q106_t759
7676,q106_t760
7676,q37_t759
7676,q37_t760
7677,q106_t760
7677,q106_t761
7678,q106_t761
7678,q106_t762
7679,q106_t762
7679,q106_t763
7679,q38_t762
7679,q38_t763
7680,q106_t763
7680,q106_t764
7681,q106_t764
7681,q106_t765
7682,q106_t765
7682,q106_t766
7682,q39_t765
7682,q39_t766
7683,q106_t766
7683,q106_t767
7684,q106_t767
7684,q106_t768
7685,q106_t768
7685,q106_t769
7685,q40_t768
7685,q40_t769
7686,q106_t769
7686,q106_t770
7687,q106_t770
7687,q106_t771
7688,q106_t771
7688,q106_t772
7688,q41_t771
7688,q41_t772
7689,q106_t772
7689,q106_t773
7690,q106_t773
7690,q106_t774
7691,q106_t774
7691,q106_t775
7691,q42_t774
7691,q42_t775
7692,q106_t775
7692,q106_t776
7693,q106_t776
7693,q106_t777
7694,q106_t777
7694,q106_t778
7694,q43_t777
7694,q43_t778
7695,q106_t778
7695,q106_t779
7696,q106_t779
7696,q106_t780
7697,q106_t780
7697,q106_t781
7697,q44_t780
7697,q44_t781
7698,q106_t781
7698,q106_t782
7699,q106_t782
7699,q106_t783
7700,q106_t783
7700,q106_t784
7700,q45_t783
7700,q45_t784
7701,q106_t784
7701,q106_t785
7702,q106_t785
7702,q106_t786
7703,q106_t786
7703,q106_t787
7703,q46_t786
7703,q46_t787
7704,q106_t787
7704,q106_t788
7705,q106_t788
7705,q106_t789
7706,q106_t789
7706,q106_t790
7706,q47_t789
7706,q47_t790
7707,q106_t790
7707,q106_t791
7708,q106_t791
7708,q106_t792
7709,q106_t792
7709,q106_t793
7709,q48_t792
7709,q48_t793
7710,q106_t793
7710,q106_t794
7711,q106_t794
7711,q106_t795
7712,q106_t795
7712,q106_t796
7712,q49_t795
7712,q49_t796
7713,q106_t796
7713,q106_t797
7714,q106_t797
7714,q106_t798
7715,q106_t798
7715,q106_t799
7715,q50_t798
7715,q50_t799
7716,q106_t799
7716,q106_t800
7717,q106_t800
7717,q106_t801
7718,q106_t801
7718,q106_t802
7718,q51_t801
7718,q51_t802
7719,q106_t802
7719,q106_t803
7720,q106_t803
7720,q106_t804
7721,q106_t804
7721,q106_t805
7721,q52_t804
7721,q52_t805
7722,q106_t805
7722,q106_t806
7723,q106_t806
7723,q106_t807
7724,q106_t807
7724,q106_t808
7724,q53_t807
7724,q53_t808
7725,q106_t808
7725,q106_t809
7726,q106_t809
7726,q106_t810
7727,q106_t810
7727,q106_t811
7727,q54_t810
7727,q54_t811
7728,q106_t811
7728,q106_t812
7729,q106_t812
7729,q106_t813
7730,q106_t813
7730,q106_t814
7730,q55_t813
7730,q55_t814
7731,q106_t814
7731,q106_t815
7732,q106_t815
7732,q106_t816
7733,q106_t816
7733,q106_t817
7733,q56_t816
7733,q56_t817
7734,q106_t817
7734,q106_t818
7735,q106_t818
7735,q106_t819
7736,q106_t819
7736,q106_t820
7736,q57_t819
7736,q57_t820
7737,q106_t820
7737,q106_t821
7738,q106_t821
7738,q106_t822
7739,q106_t822
7739,q106_t823
7739,q58_t822
7739,q58_t823
7740,q106_t823
7740,q106_t824
7741,q106_t824
7741,q106_t825
7742,q106_t825
7742,q106_t826
7742,q59_t825
7742,q59_t826
7743,q106_t826
7743,q106_t827
7744,q106_t827
7744,q106_t828
7745,q106_t828
7745,q106_t829
7745,q60_t828
7745,q60_t829
7746,q106_t829
7746,q106_t830
7747,q106_t830
7747,q106_t831
7748,q106_t831
7748,q106_t832
7748,q61_t831
7748,q61_t832
7749,q106_t832
7749,q106_t833
7750,q106_t833
7750,q106_t834
7751,q106_t834
7751,q106_t835
7751,q62_t834
7751,q62_t835
7752,q106_t835
7752,q106_t836
7753,q106_t836
7753,q106_t837
7754,q106_t837
7754,q106_t838
7754,q63_t837
7754,q63_t838
7755,q106_t838
7755,q106_t839
7756,q106_t839
7756,q106_t840
7757,q106_t840
7757,q106_t841
7757,q64_t840
7757,q64_t841
7758,q106_t841
7758,q106_t842
7759,q106_t842
7759,q106_t843
7760,q106_t843
7760,q106_t844
7760,q65_t843
7760,q65_t844
7761,q106_t844
7761,q106_t845
7762,q106_t845
7762,q106_t846
7763,q106_t846
7763,q106_t847
7763,q66_t846
7763,q66_t847
7764,q106_t847
7764,q106_t848
7765,q106_t848
7765,q106_t849
7766,q106_t849
7766,q106_t850
7766,q67_t849
7766,q67_t850
7767,q106_t850
7767,q106_t851
7768,q106_t851
7768,q106_t852
7769,q106_t852
7769,q106_t853
7769,q68_t852
7769,q68_t853
7770,q106_t853
7770,q106_t854
7771,q106_t854
7771,q106_t855
7772,q106_t855
7772,q106_t856
7772,q69_t855
7772,q69_t856
7773,q106_t856
7773,q106_t857
7774,q106_t857
7774,q106_t858
7775,q106_t858
7775,q106_t859
7775,q70_t858
7775,q70_t859
7776,q106_t859
7776,q106_t860
7777,q106_t860
7777,q106_t861
7778,q106_t861
7778,q106_t862
7778,q71_t861
7778,q71_t862
7779,q106_t862
7779,q106_t863
7780,q106_t863
7780,q106_t864
7781,q106_t864
7781,q106_t865
7781,q72_t864
7781,q72_t865
7782,q106_t865
7782,q106_t866
7783,q106_t866
7783,q106_t867
7784,q106_t867
7784,q106_t868
7784,q73_t867
7784,q73_t868
7785,q106_t868
7785,q106_t869
7786,q106_t869
7786,q106_t870
7787,q106_t870
7787,q106_t871
7787,q74_t870
7787,q74_t871
7788,q106_t871
7788,q106_t872
7789,q106_t872
7789,q106_t873
7790,q106_t873
7790,q106_t874
7790,q75_t873
7790,q75_t874
7791,q106_t874
7791,q106_t875
7792,q106_t875
7792,q106_t876
7793,q106_t876
7793,q106_t877
7793,q76_t876
7793,q76_t877
7794,q106_t877
7794,q106_t878
7795,q106_t878
7795,q106_t879
7796,q106_t879
7796,q106_t880
7796,q77_t879
7796,q77_t880
7797,q106_t880
7797,q106_t881
7798,q106_t881
7798,q106_t882
7799,q106_t882
7799,q106_t883
7799,q78_t882
7799,q78_t883
7800,q106_t883
7800,q106_t884
7801,q106_t884
7801,q106_t885
7802,q106_t885
7802,q106_t886
7802,q79_t885
7802,q79_t886
7803,q106_t886
7803,q106_t887
7804,q106_t887
7804,q106_t888
7805,q106_t888
7805,q106_t889
7805,q80_t888
7805,q80_t889
7806,q106_t889
7806,q106_t890
7807,q106_t890
7807,q106_t891
7808,q106_t891
7808,q106_t892
7808,q81_t891
7808,q81_t892
7809,q106_t892
7809,q106_t893
7810,q106_t893
7810,q106_t894
7811,q106_t894
7811,q106_t895
7811,q82_t894
7811,q82_t895
7812,q106_t895
7812,q106_t896
7813,q106_t896
7813,q106_t897
7814,q106_t897
7814,q106_t898
7814,q83_t897
7814,q83_t898
7815,q106_t898
7815,q106_t899
7816,q106_t899
7816,q106_t900
7817,q106_t900
7817,q106_t901
7817,q84_t900
7817,q84_t901
7818,q106_t901
7818,q106_t902
7819,q106_t902
7819,q106_t903
7820,q106_t903
7820,q106_t904
7820,q85_t903
7820,q85_t904
7821,q106_t904
7821,q106_t905
7822,q106_t905
7822,q106_t906
7823,q106_t906
7823,q106_t907
7823,q86_t906
7823,q86_t907
7824,q106_t907
7824,q106_t908
7825,q106_t908
7825,q106_t909
7826,q106_t909
7826,q106_t910
7826,q87_t909
7826,q87_t910
7827,q106_t910
7827,q106_t911
7828,q106_t911
7828,q106_t912
7829,q106_t912
7829,q106_t913
7829,q88_t912
7829,q88_t913
7830,q106_t913
7830,q106_t914
7831,q106_t914
7831,q106_t915
7832,q106_t915
7832,q106_t916
7832,q89_t915
7832,q89_t916
7833,q106_t916
7833,q106_t917
7834,q106_t917
7834,q106_t918
7835,q106_t918
7835,q106_t919
7835,q90_t918
7835,q90_t919
7836,q106_t919
7836,q106_t920
7837,q106_t920
7837,q106_t921
7838,q106_t921
7838,q106_t922
7838,q91_t921
7838,q91_t922
7839,q106_t922
7839,q106_t923
7840,q106_t923
7840,q106_t924
7841,q106_t924
7841,q106_t925
7841,q92_t924
7841,q92_t925
7842,q106_t925
7842,q106_t926
7843,q106_t926
7843,q106_t927
7844,q106_t927
7844,q106_t928
7844,q93_t927
7844,q93_t928
7845,q106_t928
7845,q106_t929
7846,q106_t929
7846,q106_t930
7847,q106_t930
7847,q106_t931
7847,q94_t930
7847,q94_t931
7848,q106_t931
7848,q106_t932
7849,q106_t932
7849,q106_t933
7850,q106_t933
7850,q106_t934
7850,q95_t933
7850,q95_t934
7851,q106_t934
7851,q106_t935
7852,q106_t935
7852,q106_t936
7853,q106_t936
7853,q106_t937
7853,q96_t936
7853,q96_t937
7854,q106_t937
7854,q106_t938
7855,q106_t938
7855,q106_t939
7856,q106_t939
7856,q106_t940
7856,q97_t939
7856,q97_t940
7857,q106_t940
7857,q106_t941
7858,q106_t941
7858,q106_t942
7859,q106_t942
7859,q106_t943
7859,q98_t942
7859,q98_t943
7860,q106_t943
7860,q106_t944
7861,q106_t944
7861,q106_t945
7862,q106_t945
7862,q106_t946
7862,q99_t945
7862,q99_t946
7863,q106_t946
7863,q106_t947
7864,q106_t947
7864,q106_t948
7865,q106_t949
7865,q106_t950
7866,q106_t950
7866,q106_t951
7867,q106_t952
7867,q106_t953
7868,q106_t953
7868,q106_t954
7869,q106_t955
7869,q106_t956
7870,q106_t956
7870,q106_t957
7871,q106_t958
7871,q106_t959
7872,q106_t959
7872,q106_t960
7873,q106_t961
7873,q106_t962
7874,q106_t962
7874,q106_t963
7875,q106_t964
7875,q106_t965
7876,q106_t965
7876,q106_t969
7877,q106_t969
7877,q106_t970
7877,q107_t969
7877,q107_t970
7878,q106_t970
7878,q106_t971
7879,q106_t971
7879,q106_t972
7880,q106_t972
7880,q106_t973
7880,q108_t972
7880,q108_t973
7881,q106_t973
7881,q106_t974
7882,q106_t974
7882,q106_t975
7883,q106_t975
7883,q106_t976
7883,q109_t975
7883,q109_t976
7884,q106_t976
7884,q106_t977
7885,q106_t977
7885,q106_t978
7886,q106_t978
7886,q106_t979
7887,q106_t980
7887,q106_t981
7888,q106_t981
7888,q106_t982
7889,q106_t982
7889,q106_t983
7889,q1_t982
7889,q1_t983
7890,q106_t983
7890,q106_t984
7891,q106_t984
7891,q106_t985
7892,q106_t985
7892,q106_t986
7892,q2_t985
7892,q2_t986
7893,q106_t986
7893,q106_t987
7894,q106_t987
7894,q106_t988
7895,q106_t988
7895,q106_t989
7895,q3_t988
7895,q3_t989
7896,q106_t989
7896,q106_t990
7897,q106_t990
7897,q106_t991
7898,q106_t991
7898,q106_t992
7898,q4_t991
7898,q4_t992
7899,q106_t992
7899,q106_t993
7900,q106_t993
7900,q106_t994
7901,q106_t994
7901,q106_t995
7901,q5_t994
7901,q5_t995
7902,q106_t995
7902,q106_t996
7903,q106_t996
7903,q106_t997
7904,q106_t997
7904,q106_t998
7904,q6_t997
7904,q6_t998
7905,q106_t998
7905,q106_t999
7906,q107_t0
7906,q107_t1
7907,q107_t1
7907,q107_t320
7908,q107_t1000
7908,q107_t1001
7908,q6_t1000
7908,q6_t1001
7909,q107_t1000
7909,q107_t999
7910,q107_t1001
7910,q107_t1002
7911,q107_t1002
7911,q107_t1003
7912,q107_t1003
7912,q107_t1004
7912,q7_t1003
7912,q7_t1004
7913,q107_t1004
7913,q107_t1005
7914,q107_t1005
7914,q107_t1006
7915,q107_t1006
7915,q107_t1007
7915,q8_t1006
7915,q8_t1007
7916,q107_t1007
7916,q107_t1008
7917,q107_t1008
7917,q107_t1009
7918,q107_t1009
7918,q107_t1010
7918,q9_t1009
7918,q9_t1010
7919,q107_t1010
7919,q107_t1011
7920,q107_t1011
7920,q107_t1012
7921,q107_t1012
7921,q107_t1013
7921,q10_t1012
7921,q10_t1013
7922,q107_t1013
7922,q107_t1014
7923,q107_t1014
7923,q107_t1015
7924,q107_t1015
7924,q107_t1016
7924,q11_t1015
7924,q11_t1016
7925,q107_t1016
7925,q107_t1017
7926,q107_t1017
7926,q107_t1018
7927,q107_t1018
7927,q107_t1019
7927,q12_t1018
7927,q12_t1019
7928,q107_t1019
7928,q107_t1020
7929,q107_t1020
7929,q107_t1021
7930,q107_t1021
7930,q107_t1022
7930,q13_t1021
7930,q13_t1022
7931,q107_t1022
7931,q107_t1023
7932,q107_t1023
7932,q107_t1024
7933,q107_t1024
7933,q107_t1025
7933,q14_t1024
7933,q14_t1025
7934,q107_t1025
7934,q107_t1026
7935,q107_t1026
7935,q107_t1027
7936,q107_t1027
7936,q107_t1028
7936,q15_t1027
7936,q15_t1028
7937,q107_t1028
7937,q107_t1029
7938,q107_t1029
7938,q107_t1030
7939,q107_t1030
7939,q107_t1031
7939,q16_t1030
7939,q16_t1031
7940,q107_t1031
7940,q107_t1032
7941,q107_t1032
7941,q107_t1033
7942,q107_t1033
7942,q107_t1034
7942,q17_t1033
7942,q17_t1034
7943,q107_t1034
7943,q107_t1035
7944,q107_t1035
7944,q107_t1036
7945,q107_t1036
7945,q107_t1037
7945,q18_t1036
7945,q18_t1037
7946,q107_t1037
7946,q107_t1038
7947,q107_t1038
7947,q107_t1039
7948,q107_t1039
7948,q107_t1040
7948,q19_t1039
7948,q19_t1040
7949,q107_t1040
7949,q107_t1041
7950,q107_t1041
7950,q107_t1042
7951,q107_t1042
7951,q107_t1043
7951,q20_t1042
7951,q20_t1043
7952,q107_t1043
7952,q107_t1044
7953,q107_t1044
7953,q107_t1045
7954,q107_t1045
7954,q107_t1046
7954,q21_t1045
7954,q21_t1046
7955,q107_t1046
7955,q107_t1047
7956,q107_t1047
7956,q107_t1048
7957,q107_t1048
7957,q107_t1049
7957,q22_t1048
7957,q22_t1049
7958,q107_t1049
7958,q107_t1050
7959,q107_t1050
7959,q107_t1051
7960,q107_t1051
7960,q107_t1052
7960,q23_t1051
7960,q23_t1052
7961,q107_t1052
7961,q107_t1053
7962,q107_t1053
7962,q107_t1054
7963,q107_t1054
7963,q107_t1055
7963,q24_t1054
7963,q24_t1055
7964,q107_t1055
7964,q107_t1056
7965,q107_t1056
7965,q107_t1057
7966,q107_t1057
7966,q107_t1058
7966,q25_t1057
7966,q25_t1058
7967,q107_t1058
7967,q107_t1059
7968,q107_t1059
7968,q107_t1060
7969,q107_t1060
7969,q107_t1061
7969,q26_t1060
7969,q26_t1061
7970,q107_t1061
7970,q107_t1062
7971,q107_t1062
7971,q107_t1063
7972,q107_t1063
7972,q107_t1064
7972,q27_t1063
7972,q27_t1064
7973,q107_t1064
7973,q107_t1065
7974,q107_t1065
7974,q107_t1066
7975,q107_t1066
7975,q107_t1067
7975,q28_t1066
7975,q28_t1067
7976,q107_t1067
7976,q107_t1068
7977,q107_t1068
7977,q107_t1069
7978,q107_t1069
7978,q107_t1070
7978,q29_t1069
7978,q29_t1070
7979,q107_t1070
7979,q107_t1071
7980,q107_t1071
7980,q107_t1072
7981,q107_t1072
7981,q107_t1073
7981,q30_t1072
7981,q30_t1073
7982,q107_t1073
7982,q107_t1074
7983,q107_t1074
7983,q107_t1075
7984,q107_t1075
7984,q107_t1076
7984,q31_t1075
7984,q31_t1076
7985,q107_t1076
7985,q107_t1077
7986,q107_t1077
7986,q107_t1078
7987,q107_t1078
7987,q107_t1079
7987,q32_t1078
7987,q32_t1079
7988,q107_t1079
7988,q107_t1080
7989,q107_t1080
7989,q107_t1081
7990,q107_t1081
7990,q107_t1082
7990,q33_t1081
7990,q33_t1082
7991,q107_t1082
7991,q107_t1083
7992,q107_t1083
7992,q107_t1084
7993,q107_t1084
7993,q107_t1085
7993,q34_t1084
7993,q34_t1085
7994,q107_t1085
7994,q107_t1086
7995,q107_t1086
7995,q107_t1087
7996,q107_t1087
7996,q107_t1088
7996,q35_t1087
7996,q35_t1088
7997,q107_t1088
7997,q107_t1089
7998,q107_t1089
7998,q107_t1090
7999,q107_t1090
7999,q107_t1091
7999,q36_t1090
7999,q36_t1091
8000,q107_t1091
8000,q107_t1092
8001,q107_t1092
8001,q107_t1093
8002,q107_t1093
8002,q107_t1094
8002,q37_t1093
8002,q37_t1094
8003,q107_t1094
8003,q107_t1095
8004,q107_t1095
8004,q107_t1096
8005,q107_t1096
8005,q107_t1097
8005,q38_t1096
8005,q38_t1097
8006,q107_t1097
8006,q107_t1098
8007,q107_t1098
8007,q107_t1099
8008,q107_t1099
8008,q107_t1100
8008,q39_t1099
8008,q39_t1100
8009,q107_t1100
8009,q107_t1101
8010,q107_t1101
8010,q107_t1102
8011,q107_t1102
8011,q107_t1103
8011,q40_t1102
8011,q40_t1103
8012,q107_t1103
8012,q107_t1104
8013,q107_t1104
8013,q107_t1105
8014,q107_t1105
8014,q107_t1106
8014,q41_t1105
8014,q41_t1106
8015,q107_t1106
8015,q107_t1107
8016,q107_t1107
8016,q107_t1108
8017,q107_t1108
8017,q107_t1109
8017,q42_t1108
8017,q42_t1109
8018,q107_t1109
8018,q107_t1110
8019,q107_t1110
8019,q107_t1111
8020,q107_t1111
8020,q107_t1112
8020,q43_t1111
8020,q43_t1112
8021,q107_t1112
8021,q107_t1113
8022,q107_t1113
8022,q107_t1114
8023,q107_t1114
8023,q107_t1115
8023,q44_t1114
8023,q44_t1115
8024,q107_t1115
8024,q107_t1116
8025,q107_t1116
8025,q107_t1117
8026,q107_t1117
8026,q107_t1118
8026,q45_t1117
8026,q45_t1118
8027,q107_t1118
8027,q107_t1119
8028,q107_t1119
8028,q107_t1120
8029,q107_t1120
8029,q107_t1121
8029,q46_t1120
8029,q46_t1121
8030,q107_t1121
8030,q107_t1122
8031,q107_t1122
8031,q107_t1123
8032,q107_t1123
8032,q107_t1124
8032,q47_t1123
8032,q47_t1124
8033,q107_t1124
8033,q107_t1125
8034,q107_t1125
8034,q107_t1126
8035,q107_t1126
8035,q107_t1127
8035,q48_t1126
8035,q48_t1127
8036,q107_t1127
8036,q107_t1128
8037,q107_t1128
8037,q107_t1129
8038,q107_t1129
8038,q107_t1130
8038,q49_t1129
8038,q49_t1130
8039,q107_t1130
8039,q107_t1131
8040,q107_t1131
8040,q107_t1132
8041,q107_t1132
8041,q107_t1133
8041,q50_t1132
8041,q50_t1133
8042,q107_t1133
8042,q107_t1134
8043,q107_t1134
8043,q107_t1135
8044,q107_t1135
8044,q107_t1136
8044,q51_t1135
8044,q51_t1136
8045,q107_t1136
8045,q107_t1137
8046,q107_t1137
8046,q107_t1138
8047,q107_t1138
8047,q107_t1139
8047,q52_t1138
8047,q52_t1139
8048,q107_t1139
8048,q107_t1140
8049,q107_t1140
8049,q107_t1141
8050,q107_t1141
8050,q107_t1142
8050,q53_t1141
8050,q53_t1142
8051,q107_t1142
8051,q107_t1143
8052,q107_t1143
8052,q107_t1144
8053,q107_t1144
8053,q107_t1145
8053,q54_t1144
8053,q54_t1145
8054,q107_t1145
8054,q107_t1146
8055,q107_t1146
8055,q107_t1147
8056,q107_t1147
8056,q107_t1148
8056,q55_t1147
8056,q55_t1148
8057,q107_t1148
8057,q107_t1149
8058,q107_t1149
8058,q107_t1150
8059,q107_t1150
8059,q107_t1151
8059,q56_t1150
8059,q56_t1151
8060,q107_t1151
8060,q107_t1152
8061,q107_t1152
8061,q107_t1153
8062,q107_t1153
8062,q107_t1154
8062,q57_t1153
8062,q57_t1154
8063,q107_t1154
8063,q107_t1155
8064,q107_t1155
8064,q107_t1156
8065,q107_t1156
8065,q107_t1157
8065,q58_t1156
8065,q58_t1157
8066,q107_t1157
8066,q107_t1158
8067,q107_t1158
8067,q107_t1159
8068,q107_t1159
8068,q107_t1160
8068,q59_t1159
8068,q59_t1160
8069,q107_t1160
8069,q107_t1161
8070,q107_t1161
8070,q107_t1162
8071,q107_t1162
8071,q107_t1163
8071,q60_t1162
8071,q60_t1163
8072,q107_t1163
8072,q107_t1164
8073,q107_t1164
8073,q107_t1165
8074,q107_t1165
8074,q107_t1166
8074,q61_t1165
8074,q61_t1166
8075,q107_t1166
8075,q107_t1167
8076,q107_t1167
8076,q107_t1168
8077,q107_t1168
8077,q107_t1169
8077,q62_t1168
8077,q62_t1169
8078,q107_t1169
8078,q107_t1170
8079,q107_t1170
8079,q107_t1171
8080,q107_t1171
8080,q107_t1172
8080,q63_t1171
8080,q63_t1172
8081,q107_t1172
8081,q107_t1173
8082,q107_t1173
8082,q107_t1174
8083,q107_t1174
8083,q107_t1175
8083,q64_t1174
8083,q64_t1175
8084,q107_t1175
8084,q107_t1176
8085,q107_t1176
8085,q107_t1177
8086,q107_t1177
8086,q107_t1178
8086,q65_t1177
8086,q65_t1178
8087,q107_t1178
8087,q107_t1179
8088,q107_t1179
8088,q107_t1180
8089,q107_t1180
8089,q107_t1181
8089,q66_t1180
8089,q66_t1181
8090,q107_t1181
8090,q107_t1182
8091,q107_t1182
8091,q107_t1183
8092,q107_t1183
8092,q107_t1184
8092,q67_t1183
8092,q67_t1184
8093,q107_t1184
8093,q107_t1185
8094,q107_t1185
8094,q107_t1186
8095,q107_t1186
8095,q107_t1187
8095,q68_t1186
8095,q68_t1187
8096,q107_t1187
8096,q107_t1188
8097,q107_t1188
8097,q107_t1189
8098,q107_t1189
8098,q107_t1190
8098,q69_t1189
8098,q69_t1190
8099,q107_t1190
8099,q107_t1191
8100,q107_t1191
8100,q107_t1192
8101,q107_t1192
8101,q107_t1193
8101,q70_t1192
8101,q70_t1193
8102,q107_t1193
8102,q107_t1194
8103,q107_t1194
8103,q107_t1195
8104,q107_t1195
8104,q107_t1196
8104,q71_t1195
8104,q71_t1196
8105,q107_t1196
8105,q107_t1197
8106,q107_t1197
8106,q107_t1198
8107,q107_t1198
8107,q107_t1199
8107,q72_t1198
8107,q72_t1199
8108,q107_t1199
8108,q107_t1200
8109,q107_t1200
8109,q107_t1201
8110,q107_t1201
8110,q107_t1202
8110,q73_t1201
8110,q73_t1202
8111,q107_t1202
8111,q107_t1203
8112,q107_t1203
8112,q107_t1204
8113,q107_t1204
8113,q107_t1205
8113,q74_t1204
8113,q74_t1205
8114,q107_t1205
8114,q107_t1206
8115,q107_t1206
8115,q107_t1207
8116,q107_t1207
8116,q107_t1208
8116,q75_t1207
8116,q75_t1208
8117,q107_t1208
8117,q107_t1209
8118,q107_t1209
8118,q107_t1210
8119,q107_t1210
8119,q107_t1211
8119,q76_t1210
8119,q76_t1211
8120,q107_t1211
8120,q107_t1212
8121,q107_t1212
8121,q107_t1213
8122,q107_t1213
8122,q107_t1214
8122,q77_t1213
8122,q77_t1214
8123,q107_t1214
8123,q107_t1215
8124,q107_t1215
8124,q107_t1216
8125,q107_t1216
8125,q107_t1217
8125,q78_t1216
8125,q78_t1217
8126,q107_t1217
8126,q107_t1218
8127,q107_t1218
8127,q107_t1219
8128,q107_t1219
8128,q107_t1220
8128,q79_t1219
8128,q79_t1220
8129,q107_t1220
8129,q107_t1221
8130,q107_t1221
8130,q107_t1222
8131,q107_t1222
8131,q107_t1223
8131,q80_t1222
8131,q80_t1223
8132,q107_t1223
8132,q107_t1224
8133,q107_t1224
8133,q107_t1225
8134,q107_t1225
8134,q107_t1226
8134,q81_t1225
8134,q81_t1226
8135,q107_t1226
8135,q107_t1227
8136,q107_t1227
8136,q107_t1228
8137,q107_t1228
8137,q107_t1229
8137,q82_t1228
8137,q82_t1229
8138,q107_t1229
8138,q107_t1230
8139,q107_t1230
8139,q107_t1231
8140,q107_t1231
8140,q107_t1232
8140,q83_t1231
8140,q83_t1232
8141,q107_t1232
8141,q107_t1233
8142,q107_t1233
8142,q107_t1234
8143,q107_t1234
8143,q107_t1235
8143,q84_t1234
8143,q84_t1235
8144,q107_t1235
8144,q107_t1236
8145,q107_t1236
8145,q107_t1237
8146,q107_t1237
8146,q107_t1238
8146,q85_t1237
8146,q85_t1238
8147,q107_t1238
8147,q107_t1239
8148,q107_t1239
8148,q107_t1240
8149,q107_t1240
8149,q107_t1241
8149,q86_t1240
8149,q86_t1241
8150,q107_t1241
8150,q107_t1242
8151,q107_t1242
8151,q107_t1243
8152,q107_t1243
8152,q107_t1244
8152,q87_t1243
8152,q87_t1244
8153,q107_t1244
8153,q107_t1245
8154,q107_t1245
8154,q107_t1246
8155,q107_t1246
8155,q107_t1247
8155,q88_t1246
8155,q88_t1247
8156,q107_t1247
8156,q107_t1248
8157,q107_t1248
8157,q107_t1249
8158,q107_t1249
8158,q107_t1250
8158,q89_t1249
8158,q89_t1250
8159,q107_t1250
8159,q107_t1251
8160,q107_t1251
8160,q107_t1252
8161,q107_t1252
8161,q107_t1253
8161,q90_t1252
8161,q90_t1253
8162,q107_t1253
8162,q107_t1254
8163,q107_t1254
8163,q107_t1255
8164,q107_t1255
8164,q107_t1256
8164,q91_t1255
8164,q91_t1256
8165,q107_t1256
8165,q107_t1257
8166,q107_t1257
8166,q107_t1258
8167,q107_t1258
8167,q107_t1259
8167,q92_t1258
8167,q92_t1259
8168,q107_t1259
8168,q107_t1260
8169,q107_t1260
8169,q107_t1261
8170,q107_t1261
8170,q107_t1262
8170,q93_t1261
8170,q93_t1262
8171,q107_t1262
8171,q107_t1263
8172,q107_t1263
8172,q107_t1264
8173,q107_t1264
8173,q107_t1265
8173,q94_t1264
8173,q94_t1265
8174,q107_t1265
8174,q107_t1266
8175,q107_t1266
8175,q107_t1267
8176,q107_t1267
8176,q107_t1268
8176,q95_t1267
8176,q95_t1268
8177,q107_t1268
8177,q107_t1269
8178,q107_t1269
8178,q107_t1270
8179,q107_t1270
8179,q107_t1271
8179,q96_t1270
8179,q96_t1271
8180,q107_t1271
8180,q107_t1272
8181,q107_t1272
8181,q107_t1273
8182,q107_t1273
8182,q107_t1274
8182,q97_t1273
8182,q97_t1274
8183,q107_t1274
8183,q107_t1275
8184,q107_t1275
8184,q107_t1276
8185,q107_t1276
8185,q107_t1277
8185,q98_t1276
8185,q98_t1277
8186,q107_t1277
8186,q107_t1278
8187,q107_t1278
8187,q107_t1279
8188,q107_t1279
8188,q107_t1280
8188,q99_t1279
8188,q99_t1280
8189,q107_t1280
8189,q107_t1281
8190,q107_t1281
8190,q107_t1282
8191,q107_t1283
8191,q107_t1284
8192,q107_t1284
8192,q107_t1285
8193,q107_t1286
8193,q107_t1287
8194,q107_t1287
8194,q107_t1288
8195,q107_t1289
8195,q107_t1290
8196,q107_t1290
8196,q107_t1291
8197,q107_t1292
8197,q107_t1293
8198,q107_t1293
8198,q107_t1294
8199,q107_t1295
8199,q107_t1296
8200,q107_t1296
8200,q107_t1297
8201,q107_t1298
8201,q107_t1299
8202,q107_t1299
8202,q107_t1300
8203,q107_t1301
8203,q107_t1302
8204,q107_t1302
8204,q107_t1306
8205,q107_t1306
8205,q107_t1307
8205,q108_t1306
8205,q108_t1307
8206,q107_t1307
8206,q107_t1308
8207,q107_t1308
8207,q107_t1309
8208,q107_t1309
8208,q107_t1310
8208,q109_t1309
8208,q109_t1310
8209,q107_t1310
8209,q107_t1311
8210,q107_t1311
8210,q107_t1312
8211,q107_t321
8211,q107_t322
8212,q107_t322
8212,q107_t323
8213,q107_t323
8213,q107_t324
8213,q1_t323
8213,q1_t324
8214,q107_t324
8214,q107_t325
8215,q107_t325
8215,q107_t326
8216,q107_t326
8216,q107_t327
8216,q2_t326
8216,q2_t327
8217,q107_t327
8217,q107_t328
8218,q107_t328
8218,q107_t329
8219,q107_t329
8219,q107_t330
8219,q3_t329
8219,q3_t330
8220,q107_t330
8220,q107_t331
8221,q107_t331
8221,q107_t332
8222,q107_t332
8222,q107_t333
8222,q4_t332
8222,q4_t333
8223,q107_t333
8223,q107_t334
8224,q107_t334
8224,q107_t335
8225,q107_t335
8225,q107_t336
8225,q5_t335
8225,q5_t336
8226,q107_t336
8226,q107_t337
8227,q107_t337
8227,q107_t338
8228,q107_t338
8228,q107_t339
8228,q6_t338
8228,q6_t339
8229,q107_t339
8229,q107_t340
8230,q107_t340
8230,q107_t341
8231,q107_t341
8231,q107_t342
8231,q7_t341
8231,q7_t342
8232,q107_t342
8232,q107_t343
8233,q107_t343
8233,q107_t344
8234,q107_t344
8234,q107_t345
8234,q8_t344
8234,q8_t345
8235,q107_t345
8235,q107_t346
8236,q107_t346
8236,q107_t347
8237,q107_t347
8237,q107_t348
8237,q9_t347
8237,q9_t348
8238,q107_t348
8238,q107_t349
8239,q107_t349
8239,q107_t350
8240,q107_t350
8240,q107_t351
8240,q10_t350
8240,q10_t351
8241,q107_t351
8241,q107_t352
8242,q107_t352
8242,q107_t353
8243,q107_t353
8243,q107_t354
8243,q11_t353
8243,q11_t354
8244,q107_t354
8244,q107_t355
8245,q107_t355
8245,q107_t356
8246,q107_t356
8246,q107_t357
8246,q12_t356
8246,q12_t357
8247,q107_t357
8247,q107_t358
8248,q107_t358
8248,q107_t359
8249,q107_t359
8249,q107_t360
8249,q13_t359
8249,q13_t360
8250,q107_t360
8250,q107_t361
8251,q107_t361
8251,q107_t362
8252,q107_t362
8252,q107_t363
8252,q14_t362
8252,q14_t363
8253,q107_t363
8253,q107_t364
8254,q107_t364
8254,q107_t365
8255,q107_t365
8255,q107_t366
8255,q15_t365
8255,q15_t366
8256,q107_t366
8256,q107_t367
8257,q107_t367
8257,q107_t368
8258,q107_t368
8258,q107_t369
8258,q16_t368
8258,q16_t369
8259,q107_t369
8259,q107_t370
8260,q107_t370
8260,q107_t371
8261,q107_t371
8261,q107_t372
8261,q17_t371
8261,q17_t372
8262,q107_t372
8262,q107_t373
8263,q107_t373
8263,q107_t374
8264,q107_t374
8264,q107_t375
8264,q18_t374
8264,q18_t375
8265,q107_t375
8265,q107_t376
8266,q107_t376
8266,q107_t377
8267,q107_t377
8267,q107_t378
8267,q19_t377
8267,q19_t378
8268,q107_t378
8268,q107_t379
8269,q107_t379
8269,q107_t380
8270,q107_t380
8270,q107_t381
8270,q20_t380
8270,q20_t381
8271,q107_t381
8271,q107_t382
8272,q107_t382
8272,q107_t383
8273,q107_t383
8273,q107_t384
8273,q21_t383
8273,q21_t384
8274,q107_t384
8274,q107_t385
8275,q107_t385
8275,q107_t386
8276,q107_t386
8276,q107_t387
8276,q22_t386
8276,q22_t387
8277,q107_t387
8277,q107_t388
8278,q107_t388
8278,q107_t389
8279,q107_t389
8279,q107_t390
8279,q23_t389
8279,q23_t390
8280,q107_t390
8280,q107_t391
8281,q107_t391
8281,q107_t392
8282,q107_t392
8282,q107_t393
8282,q24_t392
8282,q24_t393
8283,q107_t393
8283,q107_t394
8284,q107_t394
8284,q107_t395
8285,q107_t395
8285,q107_t396
8285,q25_t395
8285,q25_t396
8286,q107_t396
8286,q107_t397
8287,q107_t397
8287,q107_t398
8288,q107_t398
8288,q107_t399
8288,q26_t398
8288,q26_t399
8289,q107_t399
8289,q107_t400
8290,q107_t400
8290,q107_t401
8291,q107_t401
8291,q107_t402
8291,q27_t401
8291,q27_t402
8292,q107_t402
8292,q107_t403
8293,q107_t403
8293,q107_t404
8294,q107_t404
8294,q107_t405
8294,q28_t404
8294,q28_t405
8295,q107_t405
8295,q107_t406
8296,q107_t406
8296,q107_t407
8297,q107_t407
8297,q107_t408
8297,q29_t407
8297,q29_t408
8298,q107_t408
8298,q107_t409
8299,q107_t409
8299,q107_t410
8300,q107_t410
8300,q107_t411
8300,q30_t410
8300,q30_t411
8301,q107_t411
8301,q107_t412
8302,q107_t412
8302,q107_t413
8303,q107_t413
8303,q107_t414
8303,q31_t413
8303,q31_t414
8304,q107_t414
8304,q107_t415
8305,q107_t415
8305,q107_t416
8306,q107_t416
8306,q107_t417
8306,q32_t416
8306,q32_t417
8307,q107_t417
8307,q107_t418
8308,q107_t418
8308,q107_t419
8309,q107_t419
8309,q107_t420
8309,q33_t419
8309,q33_t420
8310,q107_t420
8310,q107_t421
8311,q107_t421
8311,q107_t422
8312,q107_t422
8312,q107_t423
8312,q34_t422
8312,q34_t423
8313,q107_t423
8313,q107_t424
8314,q107_t424
8314,q107_t425
8315,q107_t425
8315,q107_t426
8315,q35_t425
8315,q35_t426
8316,q107_t426
8316,q107_t427
8317,q107_t427
8317,q107_t428
8318,q107_t428
8318,q107_t429
8318,q36_t428
8318,q36_t429
8319,q107_t429
8319,q107_t430
8320,q107_t430
8320,q107_t431
8321,q107_t431
8321,q107_t432
8321,q37_t431
8321,q37_t432
8322,q107_t432
8322,q107_t433
8323,q107_t433
8323,q107_t434
8324,q107_t434
8324,q107_t435
8324,q38_t434
8324,q38_t435
8325,q107_t435
8325,q107_t436
8326,q107_t436
8326,q107_t437
8327,q107_t437
8327,q107_t438
8327,q39_t437
8327,q39_t438
8328,q107_t438
8328,q107_t439
8329,q107_t439
8329,q107_t440
8330,q107_t440
8330,q107_t441
8330,q40_t440
8330,q40_t441
8331,q107_t441
8331,q107_t442
8332,q107_t442
8332,q107_t443
8333,q107_t443
8333,q107_t444
8333,q41_t443
8333,q41_t444
8334,q107_t444
8334,q107_t445
8335,q107_t445
8335,q107_t446
8336,q107_t446
8336,q107_t447
8336,q42_t446
8336,q42_t447
8337,q107_t447
8337,q107_t448
8338,q107_t448
8338,q107_t449
8339,q107_t449
8339,q107_t450
8339,q43_t449
8339,q43_t450
8340,q107_t450
8340,q107_t451
8341,q107_t451
8341,q107_t452
8342,q107_t452
8342,q107_t453
8342,q44_t452
8342,q44_t453
8343,q107_t453
8343,q107_t454
8344,q107_t454
8344,q107_t455
8345,q107_t455
8345,q107_t456
8345,q45_t455
8345,q45_t456
8346,q107_t456
8346,q107_t457
8347,q107_t457
8347,q107_t458
8348,q107_t458
8348,q107_t459
8348,q46_t458
8348,q46_t459
8349,q107_t459
8349,q107_t460
8350,q107_t460
8350,q107_t461
8351,q107_t461
8351,q107_t462
8351,q47_t461
8351,q47_t462
8352,q107_t462
8352,q107_t463
8353,q107_t463
8353,q107_t464
8354,q107_t464
8354,q107_t465
8354,q48_t464
8354,q48_t465
8355,q107_t465
8355,q107_t466
8356,q107_t466
8356,q107_t467
8357,q107_t467
8357,q107_t468
8357,q49_t467
8357,q49_t468
8358,q107_t468
8358,q107_t469
8359,q107_t469
8359,q107_t470
8360,q107_t470
8360,q107_t471
8360,q50_t470
8360,q50_t471
8361,q107_t471
8361,q107_t472
8362,q107_t472
8362,q107_t473
8363,q107_t473
8363,q107_t474
8363,q51_t473
8363,q51_t474
8364,q107_t474
8364,q107_t475
8365,q107_t475
8365,q107_t476
8366,q107_t476
8366,q107_t477
8366,q52_t476
8366,q52_t477
8367,q107_t477
8367,q107_t478
8368,q107_t478
8368,q107_t479
8369,q107_t479
8369,q107_t480
8369,q53_t479
8369,q53_t480
8370,q107_t480
8370,q107_t481
8371,q107_t481
8371,q107_t482
8372,q107_t482
8372,q107_t483
8372,q54_t482
8372,q54_t483
8373,q107_t483
8373,q107_t484
8374,q107_t484
8374,q107_t485
8375,q107_t485
8375,q107_t486
8375,q55_t485
8375,q55_t486
8376,q107_t486
8376,q107_t487
8377,q107_t487
8377,q107_t488
8378,q107_t488
8378,q107_t489
8378,q56_t488
8378,q56_t489
8379,q107_t489
8379,q107_t490
8380,q107_t490
8380,q107_t491
8381,q107_t491
8381,q107_t492
8381,q57_t491
8381,q57_t492
8382,q107_t492
8382,q107_t493
8383,q107_t493
8383,q107_t494
8384,q107_t494
8384,q107_t495
8384,q58_t494
8384,q58_t495
8385,q107_t495
8385,q107_t496
8386,q107_t496
8386,q107_t497
8387,q107_t497
8387,q107_t498
8387,q59_t497
8387,q59_t498
8388,q107_t498
8388,q107_t499
8389,q107_t499
8389,q107_t500
8390,q107_t500
8390,q107_t501
8390,q60_t500
8390,q60_t501
8391,q107_t501
8391,q107_t502
8392,q107_t502
8392,q107_t503
8393,q107_t503
8393,q107_t504
8393,q61_t503
8393,q61_t504
8394,q107_t504
8394,q107_t505
8395,q107_t505
8395,q107_t506
8396,q107_t506
8396,q107_t507
8396,q62_t506
8396,q62_t507
8397,q107_t507
8397,q107_t508
8398,q107_t508
8398,q107_t509
8399,q107_t509
8399,q107_t510
8399,q63_t509
8399,q63_t510
8400,q107_t510
8400,q107_t511
8401,q107_t511
8401,q107_t512
8402,q107_t512
8402,q107_t513
8402,q64_t512
8402,q64_t513
8403,q107_t513
8403,q107_t514
8404,q107_t514
8404,q107_t515
8405,q107_t515
8405,q107_t516
8405,q65_t515
8405,q65_t516
8406,q107_t516
8406,q107_t517
8407,q107_t517
8407,q107_t518
8408,q107_t518
8408,q107_t519
8408,q66_t518
8408,q66_t519
8409,q107_t519
8409,q107_t520
8410,q107_t520
8410,q107_t521
8411,q107_t521
8411,q107_t522
8411,q67_t521
8411,q67_t522
8412,q107_t522
8412,q107_t523
8413,q107_t523
8413,q107_t524
8414,q107_t524
8414,q107_t525
8414,q68_t524
8414,q68_t525
8415,q107_t525
8415,q107_t526
8416,q107_t526
8416,q107_t527
8417,q107_t527
8417,q107_t528
8417,q69_t527
8417,q69_t528
8418,q107_t528
8418,q107_t529
8419,q107_t529
8419,q107_t530
8420,q107_t530
8420,q107_t531
8420,q70_t530
8420,q70_t531
8421,q107_t531
8421,q107_t532
8422,q107_t532
8422,q107_t533
8423,q107_t533
8423,q107_t534
8423,q71_t533
8423,q71_t534
8424,q107_t534
8424,q107_t535
8425,q107_t535
8425,q107_t536
8426,q107_t536
8426,q107_t537
8426,q72_t536
8426,q72_t537
8427,q107_t537
8427,q107_t538
8428,q107_t538
8428,q107_t539
8429,q107_t539
8429,q107_t540
8429,q73_t539
8429,q73_t540
8430,q107_t540
8430,q107_t541
8431,q107_t541
8431,q107_t542
8432,q107_t542
8432,q107_t543
8432,q74_t542
8432,q74_t543
8433,q107_t543
8433,q107_t544
8434,q107_t544
8434,q107_t545
8435,q107_t545
8435,q107_t546
8435,q75_t545
8435,q75_t546
8436,q107_t546
8436,q107_t547
8437,q107_t547
8437,q107_t548
8438,q107_t548
8438,q107_t549
8438,q76_t548
8438,q76_t549
8439,q107_t549
8439,q107_t550
8440,q107_t550
8440,q107_t551
8441,q107_t551
8441,q107_t552
8441,q77_t551
8441,q77_t552
8442,q107_t552
8442,q107_t553
8443,q107_t553
8443,q107_t554
8444,q107_t554
8444,q107_t555
8444,q78_t554
8444,q78_t555
8445,q107_t555
8445,q107_t556
8446,q107_t556
8446,q107_t557
8447,q107_t557
8447,q107_t558
8447,q79_t557
8447,q79_t558
8448,q107_t558
8448,q107_t559
8449,q107_t559
8449,q107_t560
8450,q107_t560
8450,q107_t561
8450,q80_t560
8450,q80_t561
8451,q107_t561
8451,q107_t562
8452,q107_t562
8452,q107_t563
8453,q107_t563
8453,q107_t564
8453,q81_t563
8453,q81_t564
8454,q107_t564
8454,q107_t565
8455,q107_t565
8455,q107_t566
8456,q107_t566
8456,q107_t567
8456,q82_t566
8456,q82_t567
8457,q107_t567
8457,q107_t568
8458,q107_t568
8458,q107_t569
8459,q107_t569
8459,q107_t570
8459,q83_t569
8459,q83_t570
8460,q107_t570
8460,q107_t571
8461,q107_t571
8461,q107_t572
8462,q107_t572
8462,q107_t573
8462,q84_t572
8462,q84_t573
8463,q107_t573
8463,q107_t574
8464,q107_t574
8464,q107_t575
8465,q107_t575
8465,q107_t576
8465,q85_t575
8465,q85_t576
8466,q107_t576
8466,q107_t577
8467,q107_t577
8467,q107_t578
8468,q107_t578
8468,q107_t579
8468,q86_t578
8468,q86_t579
8469,q107_t579
8469,q107_t580
8470,q107_t580
8470,q107_t581
8471,q107_t581
8471,q107_t582
8471,q87_t581
8471,q87_t582
8472,q107_t582
8472,q107_t583
8473,q107_t583
8473,q107_t584
8474,q107_t584
8474,q107_t585
8474,q88_t584
8474,q88_t585
8475,q107_t585
8475,q107_t586
8476,q107_t586
8476,q107_t587
8477,q107_t587
8477,q107_t588
8477,q89_t587
8477,q89_t588
8478,q107_t588
8478,q107_t589
8479,q107_t589
8479,q107_t590
8480,q107_t590
8480,q107_t591
8480,q90_t590
8480,q90_t591
8481,q107_t591
8481,q107_t592
8482,q107_t592
8482,q107_t593
8483,q107_t593
8483,q107_t594
8483,q91_t593
8483,q91_t594
8484,q107_t594
8484,q107_t595
8485,q107_t595
8485,q107_t596
8486,q107_t596
8486,q107_t597
8486,q92_t596
8486,q92_t597
8487,q107_t597
8487,q107_t598
8488,q107_t598
8488,q107_t599
8489,q107_t599
8489,q107_t600
8489,q93_t599
8489,q93_t600
8490,q107_t600
8490,q107_t601
8491,q107_t601
8491,q107_t602
8492,q107_t602
8492,q107_t603
8492,q94_t602
8492,q94_t603
8493,q107_t603
8493,q107_t604
8494,q107_t604
8494,q107_t605
8495,q107_t605
8495,q107_t606
8495,q95_t605
8495,q95_t606
8496,q107_t606
8496,q107_t607
8497,q107_t607
8497,q107_t608
8498,q107_t608
8498,q107_t609
8498,q96_t608
8498,q96_t609
8499,q107_t609
8499,q107_t610
8500,q107_t610
8500,q107_t611
8501,q107_t611
8501,q107_t612
8501,q97_t611
8501,q97_t612
8502,q107_t612
8502,q107_t613
8503,q107_t613
8503,q107_t614
8504,q107_t614
8504,q107_t615
8504,q98_t614
8504,q98_t615
8505,q107_t615
8505,q107_t616
8506,q107_t616
8506,q107_t617
8507,q107_t617
8507,q107_t618
8507,q99_t617
8507,q99_t618
8508,q107_t618
8508,q107_t619
8509,q107_t619
8509,q107_t620
8510,q107_t621
8510,q107_t622
8511,q107_t622
8511,q107_t623
8512,q107_t624
8512,q107_t625
8513,q107_t625
8513,q107_t626
8514,q107_t627
8514,q107_t628
8515,q107_t628
8515,q107_t629
8516,q107_t630
8516,q107_t631
8517,q107_t631
8517,q107_t632
8518,q107_t633
8518,q107_t634
8519,q107_t634
8519,q107_t635
8520,q107_t636
8520,q107_t637
8521,q107_t637
8521,q107_t638
8522,q107_t639
8522,q107_t640
8523,q107_t640
8523,q107_t644
8524,q107_t644
8524,q107_t645
8524,q108_t644
8524,q108_t645
8525,q107_t645
8525,q107_t646
8526,q107_t646
8526,q107_t647
8527,q107_t647
8527,q107_t648
8527,q109_t647
8527,q109_t648
8528,q107_t648
8528,q107_t649
8529,q107_t649
8529,q107_t650
8530,q107_t650
8530,q107_t651
8531,q107_t652
8531,q107_t653
8532,q107_t653
8532,q107_t654
8533,q107_t654
8533,q107_t655
8533,q1_t654
8533,q1_t655
8534,q107_t655
8534,q107_t656
8535,q107_t656
8535,q107_t657
8536,q107_t657
8536,q107_t658
8536,q2_t657
8536,q2_t658
8537,q107_t658
8537,q107_t659
8538,q107_t659
8538,q107_t660
8539,q107_t660
8539,q107_t661
8539,q3_t660
8539,q3_t661
8540,q107_t661
8540,q107_t662
8541,q107_t662
8541,q107_t663
8542,q107_t663
8542,q107_t664
8542,q4_t663
8542,q4_t664
8543,q107_t664
8543,q107_t665
8544,q107_t665
8544,q107_t666
8545,q107_t666
8545,q107_t667
8545,q5_t666
8545,q5_t667
8546,q107_t667
8546,q107_t668
8547,q107_t668
8547,q107_t669
8548,q107_t669
8548,q107_t670
8548,q6_t669
8548,q6_t670
8549,q107_t670
8549,q107_t671
8550,q107_t671
8550,q107_t672
8551,q107_t672
8551,q107_t673
8551,q7_t672
8551,q7_t673
8552,q107_t673
8552,q107_t674
8553,q107_t674
8553,q107_t675
8554,q107_t675
8554,q107_t676
8554,q8_t675
8554,q8_t676
8555,q107_t676
8555,q107_t677
8556,q107_t677
8556,q107_t678
8557,q107_t678
8557,q107_t679
8557,q9_t678
8557,q9_t679
8558,q107_t679
8558,q107_t680
8559,q107_t680
8559,q107_t681
8560,q107_t681
8560,q107_t682
8560,q10_t681
8560,q10_t682
8561,q107_t682
8561,q107_t683
8562,q107_t683
8562,q107_t684
8563,q107_t684
8563,q107_t685
8563,q11_t684
8563,q11_t685
8564,q107_t685
8564,q107_t686
8565,q107_t686
8565,q107_t687
8566,q107_t687
8566,q107_t688
8566,q12_t687
8566,q12_t688
8567,q107_t688
8567,q107_t689
8568,q107_t689
8568,q107_t690
8569,q107_t690
8569,q107_t691
8569,q13_t690
8569,q13_t691
8570,q107_t691
8570,q107_t692
8571,q107_t692
8571,q107_t693
8572,q107_t693
8572,q107_t694
8572,q14_t693
8572,q14_t694
8573,q107_t694
8573,q107_t695
8574,q107_t695
8574,q107_t696
8575,q107_t696
8575,q107_t697
8575,q15_t696
8575,q15_t697
8576,q107_t697
8576,q107_t698
8577,q107_t698
8577,q107_t699
8578,q107_t699
8578,q107_t700
8578,q16_t699
8578,q16_t700
8579,q107_t700
8579,q107_t701
8580,q107_t701
8580,q107_t702
8581,q107_t702
8581,q107_t703
8581,q17_t702
8581,q17_t703
8582,q107_t703
8582,q107_t704
8583,q107_t704
8583,q107_t705
8584,q107_t705
8584,q107_t706
8584,q18_t705
8584,q18_t706
8585,q107_t706
8585,q107_t707
8586,q107_t707
8586,q107_t708
8587,q107_t708
8587,q107_t709
8587,q19_t708
8587,q19_t709
8588,q107_t709
8588,q107_t710
8589,q107_t710
8589,q107_t711
8590,q107_t711
8590,q107_t712
8590,q20_t711
8590,q20_t712
8591,q107_t712
8591,q107_t713
8592,q107_t713
8592,q107_t714
8593,q107_t714
8593,q107_t715
8593,q21_t714
8593,q21_t715
8594,q107_t715
8594,q107_t716
8595,q107_t716
8595,q107_t717
8596,q107_t717
8596,q107_t718
8596,q22_t717
8596,q22_t718
8597,q107_t718
8597,q107_t719
8598,q107_t719
8598,q107_t720
8599,q107_t720
8599,q107_t721
8599,q23_t720
8599,q23_t721
8600,q107_t721
8600,q107_t722
8601,q107_t722
8601,q107_t723
8602,q107_t723
8602,q107_t724
8602,q24_t723
8602,q24_t724
8603,q107_t724
8603,q107_t725
8604,q107_t725
8604,q107_t726
8605,q107_t726
8605,q107_t727
8605,q25_t726
8605,q25_t727
8606,q107_t727
8606,q107_t728
8607,q107_t728
8607,q107_t729
8608,q107_t729
8608,q107_t730
8608,q26_t729
8608,q26_t730
8609,q107_t730
8609,q107_t731
8610,q107_t731
8610,q107_t732
8611,q107_t732
8611,q107_t733
8611,q27_t732
8611,q27_t733
8612,q107_t733
8612,q107_t734
8613,q107_t734
8613,q107_t735
8614,q107_t735
8614,q107_t736
8614,q28_t735
8614,q28_t736
8615,q107_t736
8615,q107_t737
8616,q107_t737
8616,q107_t738
8617,q107_t738
8617,q107_t739
8617,q29_t738
8617,q29_t739
8618,q107_t739
8618,q107_t740
8619,q107_t740
8619,q107_t741
8620,q107_t741
8620,q107_t742
8620,q30_t741
8620,q30_t742
8621,q107_t742
8621,q107_t743
8622,q107_t743
8622,q107_t744
8623,q107_t744
8623,q107_t745
8623,q31_t744
8623,q31_t745
8624,q107_t745
8624,q107_t746
8625,q107_t746
8625,q107_t747
8626,q107_t747
8626,q107_t748
8626,q32_t747
8626,q32_t748
8627,q107_t748
8627,q107_t749
8628,q107_t749
8628,q107_t750
8629,q107_t750
8629,q107_t751
8629,q33_t750
8629,q33_t751
8630,q107_t751
8630,q107_t752
8631,q107_t752
8631,q107_t753
8632,q107_t753
8632,q107_t754
8632,q34_t753
8632,q34_t754
8633,q107_t754
8633,q107_t755
8634,q107_t755
8634,q107_t756
8635,q107_t756
8635,q107_t757
8635,q35_t756
8635,q35_t757
8636,q107_t757
8636,q107_t758
8637,q107_t758
8637,q107_t759
8638,q107_t759
8638,q107_t760
8638,q36_t759
8638,q36_t760
8639,q107_t760
8639,q107_t761
8640,q107_t761
8640,q107_t762
8641,q107_t762
8641,q107_t763
8641,q37_t762
8641,q37_t763
8642,q107_t763
8642,q107_t764
8643,q107_t764
8643,q107_t765
8644,q107_t765
8644,q107_t766
8644,q38_t765
8644,q38_t766
8645,q107_t766
8645,q107_t767
8646,q107_t767
8646,q107_t768
8647,q107_t768
8647,q107_t769
8647,q39_t768
8647,q39_t769
8648,q107_t769
8648,q107_t770
8649,q107_t770
8649,q107_t771
8650,q107_t771
8650,q107_t772
8650,q40_t771
8650,q40_t772
8651,q107_t772
8651,q107_t773
8652,q107_t773
8652,q107_t774
8653,q107_t774
8653,q107_t775
8653,q41_t774
8653,q41_t775
8654,q107_t775
8654,q107_t776
8655,q107_t776
8655,q107_t777
8656,q107_t777
8656,q107_t778
8656,q42_t777
8656,q42_t778
8657,q107_t778
8657,q107_t779
8658,q107_t779
8658,q107_t780
8659,q107_t780
8659,q107_t781
8659,q43_t780
8659,q43_t781
8660,q107_t781
8660,q107_t782
8661,q107_t782
8661,q107_t783
8662,q107_t783
8662,q107_t784
8662,q44_t783
8662,q44_t784
8663,q107_t784
8663,q107_t785
8664,q107_t785
8664,q107_t786
8665,q107_t786
8665,q107_t787
8665,q45_t786
8665,q45_t787
8666,q107_t787
8666,q107_t788
8667,q107_t788
8667,q107_t789
8668,q107_t789
8668,q107_t790
8668,q46_t789
8668,q46_t790
8669,q107_t790
8669,q107_t791
8670,q107_t791
8670,q107_t792
8671,q107_t792
8671,q107_t793
8671,q47_t792
8671,q47_t793
8672,q107_t793
8672,q107_t794
8673,q107_t794
8673,q107_t795
8674,q107_t795
8674,q107_t796
8674,q48_t795
8674,q48_t796
8675,q107_t796
8675,q107_t797
8676,q107_t797
8676,q107_t798
8677,q107_t798
8677,q107_t799
8677,q49_t798
8677,q49_t799
8678,q107_t799
8678,q107_t800
8679,q107_t800
8679,q107_t801
8680,q107_t801
8680,q107_t802
8680,q50_t801
8680,q50_t802
8681,q107_t802
8681,q107_t803
8682,q107_t803
8682,q107_t804
8683,q107_t804
8683,q107_t805
8683,q51_t804
8683,q51_t805
8684,q107_t805
8684,q107_t806
8685,q107_t806
8685,q107_t807
8686,q107_t807
8686,q107_t808
8686,q52_t807
8686,q52_t808
8687,q107_t808
8687,q107_t809
8688,q107_t809
8688,q107_t810
8689,q107_t810
8689,q107_t811
8689,q53_t810
8689,q53_t811
8690,q107_t811
8690,q107_t812
8691,q107_t812
8691,q107_t813
8692,q107_t813
8692,q107_t814
8692,q54_t813
8692,q54_t814
8693,q107_t814
8693,q107_t815
8694,q107_t815
8694,q107_t816
8695,q107_t816
8695,q107_t817
8695,q55_t816
8695,q55_t817
8696,q107_t817
8696,q107_t818
8697,q107_t818
8697,q107_t819
8698,q107_t819
8698,q107_t820
8698,q56_t819
8698,q56_t820
8699,q107_t820
8699,q107_t821
8700,q107_t821
8700,q107_t822
8701,q107_t822
8701,q107_t823
8701,q57_t822
8701,q57_t823
8702,q107_t823
8702,q107_t824
8703,q107_t824
8703,q107_t825
8704,q107_t825
8704,q107_t826
8704,q58_t825
8704,q58_t826
8705,q107_t826
8705,q107_t827
8706,q107_t827
8706,q107_t828
8707,q107_t828
8707,q107_t829
8707,q59_t828
8707,q59_t829
8708,q107_t829
8708,q107_t830
8709,q107_t830
8709,q107_t831
8710,q107_t831
8710,q107_t832
8710,q60_t831
8710,q60_t832
8711,q107_t832
8711,q107_t833
8712,q107_t833
8712,q107_t834
8713,q107_t834
8713,q107_t835
8713,q61_t834
8713,q61_t835
8714,q107_t835
8714,q107_t836
8715,q107_t836
8715,q107_t837
8716,q107_t837
8716,q107_t838
8716,q62_t837
8716,q62_t838
8717,q107_t838
8717,q107_t839
8718,q107_t839
8718,q107_t840
8719,q107_t840
8719,q107_t841
8719,q63_t840
8719,q63_t841
8720,q107_t841
8720,q107_t842
8721,q107_t842
8721,q107_t843
8722,q107_t843
8722,q107_t844
8722,q64_t843
8722,q64_t844
8723,q107_t844
8723,q107_t845
8724,q107_t845
8724,q107_t846
8725,q107_t846
8725,q107_t847
8725,q65_t846
8725,q65_t847
8726,q107_t847
8726,q107_t848
8727,q107_t848
8727,q107_t849
8728,q107_t849
8728,q107_t850
8728,q66_t849
8728,q66_t850
8729,q107_t850
8729,q107_t851
8730,q107_t851
8730,q107_t852
8731,q107_t852
8731,q107_t853
8731,q67_t852
8731,q67_t853
8732,q107_t853
8732,q107_t854
8733,q107_t854
8733,q107_t855
8734,q107_t855
8734,q107_t856
8734,q68_t855
8734,q68_t856
8735,q107_t856
8735,q107_t857
8736,q107_t857
8736,q107_t858
8737,q107_t858
8737,q107_t859
8737,q69_t858
8737,q69_t859
8738,q107_t859
8738,q107_t860
8739,q107_t860
8739,q107_t861
8740,q107_t861
8740,q107_t862
8740,q70_t861
8740,q70_t862
8741,q107_t862
8741,q107_t863
8742,q107_t863
8742,q107_t864
8743,q107_t864
8743,q107_t865
8743,q71_t864
8743,q71_t865
8744,q107_t865
8744,q107_t866
8745,q107_t866
8745,q107_t867
8746,q107_t867
8746,q107_t868
8746,q72_t867
8746,q72_t868
8747,q107_t868
8747,q107_t869
8748,q107_t869
8748,q107_t870
8749,q107_t870
8749,q107_t871
8749,q73_t870
8749,q73_t871
8750,q107_t871
8750,q107_t872
8751,q107_t872
8751,q107_t873
8752,q107_t873
8752,q107_t874
8752,q74_t873
8752,q74_t874
8753,q107_t874
8753,q107_t875
8754,q107_t875
8754,q107_t876
8755,q107_t876
8755,q107_t877
8755,q75_t876
8755,q75_t877
8756,q107_t877
8756,q107_t878
8757,q107_t878
8757,q107_t879
8758,q107_t879
8758,q107_t880
8758,q76_t879
8758,q76_t880
8759,q107_t880
8759,q107_t881
8760,q107_t881
8760,q107_t882
8761,q107_t882
8761,q107_t883
8761,q77_t882
8761,q77_t883
8762,q107_t883
8762,q107_t884
8763,q107_t884
8763,q107_t885
8764,q107_t885
8764,q107_t886
8764,q78_t885
8764,q78_t886
8765,q107_t886
8765,q107_t887
8766,q107_t887
8766,q107_t888
8767,q107_t888
8767,q107_t889
8767,q79_t888
8767,q79_t889
8768,q107_t889
8768,q107_t890
8769,q107_t890
8769,q107_t891
8770,q107_t891
8770,q107_t892
8770,q80_t891
8770,q80_t892
8771,q107_t892
8771,q107_t893
8772,q107_t893
8772,q107_t894
8773,q107_t894
8773,q107_t895
8773,q81_t894
8773,q81_t895
8774,q107_t895
8774,q107_t896
8775,q107_t896
8775,q107_t897
8776,q107_t897
8776,q107_t898
8776,q82_t897
8776,q82_t898
8777,q107_t898
8777,q107_t899
8778,q107_t899
8778,q107_t900
8779,q107_t900
8779,q107_t901
8779,q83_t900
8779,q83_t901
8780,q107_t901
8780,q107_t902
8781,q107_t902
8781,q107_t903
8782,q107_t903
8782,q107_t904
8782,q84_t903
8782,q84_t904
8783,q107_t904
8783,q107_t905
8784,q107_t905
8784,q107_t906
8785,q107_t906
8785,q107_t907
8785,q85_t906
8785,q85_t907
8786,q107_t907
8786,q107_t908
8787,q107_t908
8787,q107_t909
8788,q107_t909
8788,q107_t910
8788,q86_t909
8788,q86_t910
8789,q107_t910
8789,q107_t911
8790,q107_t911
8790,q107_t912
8791,q107_t912
8791,q107_t913
8791,q87_t912
8791,q87_t913
8792,q107_t913
8792,q107_t914
8793,q107_t914
8793,q107_t915
8794,q107_t915
8794,q107_t916
8794,q88_t915
8794,q88_t916
8795,q107_t916
8795,q107_t917
8796,q107_t917
8796,q107_t918
8797,q107_t918
8797,q107_t919
8797,q89_t918
8797,q89_t919
8798,q107_t919
8798,q107_t920
8799,q107_t920
8799,q107_t921
8800,q107_t921
8800,q107_t922
8800,q90_t921
8800,q90_t922
8801,q107_t922
8801,q107_t923
8802,q107_t923
8802,q107_t924
8803,q107_t924
8803,q107_t925
8803,q91_t924
8803,q91_t925
8804,q107_t925
8804,q107_t926
8805,q107_t926
8805,q107_t927
8806,q107_t927
8806,q107_t928
8806,q92_t927
8806,q92_t928
8807,q107_t928
8807,q107_t929
8808,q107_t929
8808,q107_t930
8809,q107_t930
8809,q107_t931
8809,q93_t930
8809,q93_t931
8810,q107_t931
8810,q107_t932
8811,q107_t932
8811,q107_t933
8812,q107_t933
8812,q107_t934
8812,q94_t933
8812,q94_t934
8813,q107_t934
8813,q107_t935
8814,q107_t935
8814,q107_t936
8815,q107_t936
8815,q107_t937
8815,q95_t936
8815,q95_t937
8816,q107_t937
8816,q107_t938
8817,q107_t938
8817,q107_t939
8818,q107_t939
8818,q107_t940
8818,q96_t939
8818,q96_t940
8819,q107_t940
8819,q107_t941
8820,q107_t941
8820,q107_t942
8821,q107_t942
8821,q107_t943
8821,q97_t942
8821,q97_t943
8822,q107_t943
8822,q107_t944
8823,q107_t944
8823,q107_t945
8824,q107_t945
8824,q107_t946
8824,q98_t945
8824,q98_t946
8825,q107_t946
8825,q107_t947
8826,q107_t947
8826,q107_t948
8827,q107_t948
8827,q107_t949
8827,q99_t948
8827,q99_t949
8828,q107_t949
8828,q107_t950
8829,q107_t950
8829,q107_t951
8830,q107_t952
8830,q107_t953
8831,q107_t953
8831,q107_t954
8832,q107_t955
8832,q107_t956
8833,q107_t956
8833,q107_t957
8834,q107_t958
8834,q107_t959
8835,q107_t959
8835,q107_t960
8836,q107_t961
8836,q107_t962
8837,q107_t962
8837,q107_t963
8838,q107_t964
8838,q107_t965
8839,q107_t965
8839,q107_t966
8840,q107_t967
8840,q107_t968
8841,q107_t968
8841,q107_t969
8842,q107_t970
8842,q107_t971
8843,q107_t971
8843,q107_t975
8844,q107_t975
8844,q107_t976
8844,q108_t975
8844,q108_t976
8845,q107_t976
8845,q107_t977
8846,q107_t977
8846,q107_t978
8847,q107_t978
8847,q107_t979
8847,q109_t978
8847,q109_t979
8848,q107_t979
8848,q107_t980
8849,q107_t980
8849,q107_t981
8850,q107_t981
8850,q107_t982
8851,q107_t983
8851,q107_t984
8852,q107_t984
8852,q107_t985
8853,q107_t985
8853,q107_t986
8853,q1_t985
8853,q1_t986
8854,q107_t986
8854,q107_t987
8855,q107_t987
8855,q107_t988
8856,q107_t988
8856,q107_t989
8856,q2_t988
8856,q2_t989
8857,q107_t989
8857,q107_t990
8858,q107_t990
8858,q107_t991
8859,q107_t991
8859,q107_t992
8859,q3_t991
8859,q3_t992
8860,q107_t992
8860,q107_t993
8861,q107_t993
8861,q107_t994
8862,q107_t994
8862,q107_t995
8862,q4_t994
8862,q4_t995
8863,q107_t995
8863,q107_t996
8864,q107_t996
8864,q107_t997
8865,q107_t997
8865,q107_t998
8865,q5_t997
8865,q5_t998
8866,q107_t998
8866,q107_t999
8867,q108_t0
8867,q108_t1
8868,q108_t1
8868,q108_t323
8869,q108_t1000
8869,q108_t1001
8869,q5_t1000
8869,q5_t1001
8870,q108_t1000
8870,q108_t999
8871,q108_t1001
8871,q108_t1002
8872,q108_t1002
8872,q108_t1003
8873,q108_t1003
8873,q108_t1004
8873,q6_t1003
8873,q6_t1004
8874,q108_t1004
8874,q108_t1005
8875,q108_t1005
8875,q108_t1006
8876,q108_t1006
8876,q108_t1007
8876,q7_t1006
8876,q7_t1007
8877,q108_t1007
8877,q108_t1008
8878,q108_t1008
8878,q108_t1009
8879,q108_t1009
8879,q108_t1010
8879,q8_t1009
8879,q8_t1010
8880,q108_t1010
8880,q108_t1011
8881,q108_t1011
8881,q108_t1012
8882,q108_t1012
8882,q108_t1013
8882,q9_t1012
8882,q9_t1013
8883,q108_t1013
8883,q108_t1014
8884,q108_t1014
8884,q108_t1015
8885,q108_t1015
8885,q108_t1016
8885,q10_t1015
8885,q10_t1016
8886,q108_t1016
8886,q108_t1017
8887,q108_t1017
8887,q108_t1018
8888,q108_t1018
8888,q108_t1019
8888,q11_t1018
8888,q11_t1019
8889,q108_t1019
8889,q108_t1020
8890,q108_t1020
8890,q108_t1021
8891,q108_t1021
8891,q108_t1022
8891,q12_t1021
8891,q12_t1022
8892,q108_t1022
8892,q108_t1023
8893,q108_t1023
8893,q108_t1024
8894,q108_t1024
8894,q108_t1025
8894,q13_t1024
8894,q13_t1025
8895,q108_t1025
8895,q108_t1026
8896,q108_t1026
8896,q108_t1027
8897,q108_t1027
8897,q108_t1028
8897,q14_t1027
8897,q14_t1028
8898,q108_t1028
8898,q108_t1029
8899,q108_t1029
8899,q108_t1030
8900,q108_t1030
8900,q108_t1031
8900,q15_t1030
8900,q15_t1031
8901,q108_t1031
8901,q108_t1032
8902,q108_t1032
8902,q108_t1033
8903,q108_t1033
8903,q108_t1034
8903,q16_t1033
8903,q16_t1034
8904,q108_t1034
8904,q108_t1035
8905,q108_t1035
8905,q108_t1036
8906,q108_t1036
8906,q108_t1037
8906,q17_t1036
8906,q17_t1037
8907,q108_t1037
8907,q108_t1038
8908,q108_t1038
8908,q108_t1039
8909,q108_t1039
8909,q108_t1040
8909,q18_t1039
8909,q18_t1040
8910,q108_t1040
8910,q108_t1041
8911,q108_t1041
8911,q108_t1042
8912,q108_t1042
8912,q108_t1043
8912,q19_t1042
8912,q19_t1043
8913,q108_t1043
8913,q108_t1044
8914,q108_t1044
8914,q108_t1045
8915,q108_t1045
8915,q108_t1046
8915,q20_t1045
8915,q20_t1046
8916,q108_t1046
8916,q108_t1047
8917,q108_t1047
8917,q108_t1048
8918,q108_t1048
8918,q108_t1049
8918,q21_t1048
8918,q21_t1049
8919,q108_t1049
8919,q108_t1050
8920,q108_t1050
8920,q108_t1051
8921,q108_t1051
8921,q108_t1052
8921,q22_t1051
8921,q22_t1052
8922,q108_t1052
8922,q108_t1053
8923,q108_t1053
8923,q108_t1054
8924,q108_t1054
8924,q108_t1055
8924,q23_t1054
8924,q23_t1055
8925,q108_t1055
8925,q108_t1056
8926,q108_t1056
8926,q108_t1057
8927,q108_t1057
8927,q108_t1058
8927,q24_t1057
8927,q24_t1058
8928,q108_t1058
8928,q108_t1059
8929,q108_t1059
8929,q108_t1060
8930,q108_t1060
8930,q108_t1061
8930,q25_t1060
8930,q25_t1061
8931,q108_t1061
8931,q108_t1062
8932,q108_t1062
8932,q108_t1063
8933,q108_t1063
8933,q108_t1064
8933,q26_t1063
8933,q26_t1064
8934,q108_t1064
8934,q108_t1065
8935,q108_t1065
8935,q108_t1066
8936,q108_t1066
8936,q108_t1067
8936,q27_t1066
8936,q27_t1067
8937,q108_t1067
8937,q108_t1068
8938,q108_t1068
8938,q108_t1069
8939,q108_t1069
8939,q108_t1070
8939,q28_t1069
8939,q28_t1070
8940,q108_t1070
8940,q108_t1071
8941,q108_t1071
8941,q108_t1072
8942,q108_t1072
8942,q108_t1073
8942,q29_t1072
8942,q29_t1073
8943,q108_t1073
8943,q108_t1074
8944,q108_t1074
8944,q108_t1075
8945,q108_t1075
8945,q108_t1076
8945,q30_t1075
8945,q30_t1076
8946,q108_t1076
8946,q108_t1077
8947,q108_t1077
8947,q108_t1078
8948,q108_t1078
8948,q108_t1079
8948,q31_t1078
8948,q31_t1079
8949,q108_t1079
8949,q108_t1080
8950,q108_t1080
8950,q108_t1081
8951,q108_t1081
8951,q108_t1082
8951,q32_t1081
8951,q32_t1082
8952,q108_t1082
8952,q108_t1083
8953,q108_t1083
8953,q108_t1084
8954,q108_t1084
8954,q108_t1085
8954,q33_t1084
8954,q33_t1085
8955,q108_t1085
8955,q108_t1086
8956,q108_t1086
8956,q108_t1087
8957,q108_t1087
8957,q108_t1088
8957,q34_t1087
8957,q34_t1088
8958,q108_t1088
8958,q108_t1089
8959,q108_t1089
8959,q108_t1090
8960,q108_t1090
8960,q108_t1091
8960,q35_t1090
8960,q35_t1091
8961,q108_t1091
8961,q108_t1092
8962,q108_t1092
8962,q108_t1093
8963,q108_t1093
8963,q108_t1094
8963,q36_t1093
8963,q36_t1094
8964,q108_t1094
8964,q108_t1095
8965,q108_t1095
8965,q108_t1096
8966,q108_t1096
8966,q108_t1097
8966,q37_t1096
8966,q37_t1097
8967,q108_t1097
8967,q108_t1098
8968,q108_t1098
8968,q108_t1099
8969,q108_t1099
8969,q108_t1100
8969,q38_t1099
8969,q38_t1100
8970,q108_t1100
8970,q108_t1101
8971,q108_t1101
8971,q108_t1102
8972,q108_t1102
8972,q108_t1103
8972,q39_t1102
8972,q39_t1103
8973,q108_t1103
8973,q108_t1104
8974,q108_t1104
8974,q108_t1105
8975,q108_t1105
8975,q108_t1106
8975,q40_t1105
8975,q40_t1106
8976,q108_t1106
8976,q108_t1107
8977,q108_t1107
8977,q108_t1108
8978,q108_t1108
8978,q108_t1109
8978,q41_t1108
8978,q41_t1109
8979,q108_t1109
8979,q108_t1110
8980,q108_t1110
8980,q108_t1111
8981,q108_t1111
8981,q108_t1112
8981,q42_t1111
8981,q42_t1112
8982,q108_t1112
8982,q108_t1113
8983,q108_t1113
8983,q108_t1114
8984,q108_t1114
8984,q108_t1115
8984,q43_t1114
8984,q43_t1115
8985,q108_t1115
8985,q108_t1116
8986,q108_t1116
8986,q108_t1117
8987,q108_t1117
8987,q108_t1118
8987,q44_t1117
8987,q44_t1118
8988,q108_t1118
8988,q108_t1119
8989,q108_t1119
8989,q108_t1120
8990,q108_t1120
8990,q108_t1121
8990,q45_t1120
8990,q45_t1121
8991,q108_t1121
8991,q108_t1122
8992,q108_t1122
8992,q108_t1123
8993,q108_t1123
8993,q108_t1124
8993,q46_t1123
8993,q46_t1124
8994,q108_t1124
8994,q108_t1125
8995,q108_t1125
8995,q108_t1126
8996,q108_t1126
8996,q108_t1127
8996,q47_t1126
8996,q47_t1127
8997,q108_t1127
8997,q108_t1128
8998,q108_t1128
8998,q108_t1129
8999,q108_t1129
8999,q108_t1130
8999,q48_t1129
8999,q48_t1130
9000,q108_t1130
9000,q108_t1131
9001,q108_t1131
9001,q108_t1132
9002,q108_t1132
9002,q108_t1133
9002,q49_t1132
9002,q49_t1133
9003,q108_t1133
9003,q108_t1134
9004,q108_t1134
9004,q108_t1135
9005,q108_t1135
9005,q108_t1136
9005,q50_t1135
9005,q50_t1136
9006,q108_t1136
9006,q108_t1137
9007,q108_t1137
9007,q108_t1138
9008,q108_t1138
9008,q108_t1139
9008,q51_t1138
9008,q51_t1139
9009,q108_t1139
9009,q108_t1140
9010,q108_t1140
9010,q108_t1141
9011,q108_t1141
9011,q108_t1142
9011,q52_t1141
9011,q52_t1142
9012,q108_t1142
9012,q108_t1143
9013,q108_t1143
9013,q108_t1144
9014,q108_t1144
9014,q108_t1145
9014,q53_t1144
9014,q53_t1145
9015,q108_t1145
9015,q108_t1146
9016,q108_t1146
9016,q108_t1147
9017,q108_t1147
9017,q108_t1148
9017,q54_t1147
9017,q54_t1148
9018,q108_t1148
9018,q108_t1149
9019,q108_t1149
9019,q108_t1150
9020,q108_t1150
9020,q108_t1151
9020,q55_t1150
9020,q55_t1151
9021,q108_t1151
9021,q108_t1152
9022,q108_t1152
9022,q108_t1153
9023,q108_t1153
9023,q108_t1154
9023,q56_t1153
9023,q56_t1154
9024,q108_t1154
9024,q108_t1155
9025,q108_t1155
9025,q108_t1156
9026,q108_t1156
9026,q108_t1157
9026,q57_t1156
9026,q57_t1157
9027,q108_t1157
9027,q108_t1158
9028,q108_t1158
9028,q108_t1159
9029,q108_t1159
9029,q108_t1160
9029,q58_t1159
9029,q58_t1160
9030,q108_t1160
9030,q108_t1161
9031,q108_t1161
9031,q108_t1162
9032,q108_t1162
9032,q108_t1163
9032,q59_t1162
9032,q59_t1163
9033,q108_t1163
9033,q108_t1164
9034,q108_t1164
9034,q108_t1165
9035,q108_t1165
9035,q108_t1166
9035,q60_t1165
9035,q60_t1166
9036,q108_t1166
9036,q108_t1167
9037,q108_t1167
9037,q108_t1168
9038,q108_t1168
9038,q108_t1169
9038,q61_t1168
9038,q61_t1169
9039,q108_t1169
9039,q108_t1170
9040,q108_t1170
9040,q108_t1171
9041,q108_t1171
9041,q108_t1172
9041,q62_t1171
9041,q62_t1172
9042,q108_t1172
9042,q108_t1173
9043,q108_t1173
9043,q108_t1174
9044,q108_t1174
9044,q108_t1175
9044,q63_t1174
9044,q63_t1175
9045,q108_t1175
9045,q108_t1176
9046,q108_t1176
9046,q108_t1177
9047,q108_t1177
9047,q108_t1178
9047,q64_t1177
9047,q64_t1178
9048,q108_t1178
9048,q108_t1179
9049,q108_t1179
9049,q108_t1180
9050,q108_t1180
9050,q108_t1181
9050,q65_t1180
9050,q65_t1181
9051,q108_t1181
9051,q108_t1182
9052,q108_t1182
9052,q108_t1183
9053,q108_t1183
9053,q108_t1184
9053,q66_t1183
9053,q66_t1184
9054,q108_t1184
9054,q108_t1185
9055,q108_t1185
9055,q108_t1186
9056,q108_t1186
9056,q108_t1187
9056,q67_t1186
9056,q67_t1187
9057,q108_t1187
9057,q108_t1188
9058,q108_t1188
9058,q108_t1189
9059,q108_t1189
9059,q108_t1190
9059,q68_t1189
9059,q68_t1190
9060,q108_t1190
9060,q108_t1191
9061,q108_t1191
9061,q108_t1192
9062,q108_t1192
9062,q108_t1193
9062,q69_t1192
9062,q69_t1193
9063,q108_t1193
9063,q108_t1194
9064,q108_t1194
9064,q108_t1195
9065,q108_t1195
9065,q108_t1196
9065,q70_t1195
9065,q70_t1196
9066,q108_t1196
9066,q108_t1197
9067,q108_t1197
9067,q108_t1198
9068,q108_t1198
9068,q108_t1199
9068,q71_t1198
9068,q71_t1199
9069,q108_t1199
9069,q108_t1200
9070,q108_t1200
9070,q108_t1201
9071,q108_t1201
9071,q108_t1202
9071,q72_t1201
9071,q72_t1202
9072,q108_t1202
9072,q108_t1203
9073,q108_t1203
9073,q108_t1204
9074,q108_t1204
9074,q108_t1205
9074,q73_t1204
9074,q73_t1205
9075,q108_t1205
9075,q108_t1206
9076,q108_t1206
9076,q108_t1207
9077,q108_t1207
9077,q108_t1208
9077,q74_t1207
9077,q74_t1208
9078,q108_t1208
9078,q108_t1209
9079,q108_t1209
9079,q108_t1210
9080,q108_t1210
9080,q108_t1211
9080,q75_t1210
9080,q75_t1211
9081,q108_t1211
9081,q108_t1212
9082,q108_t1212
9082,q108_t1213
9083,q108_t1213
9083,q108_t1214
9083,q76_t1213
9083,q76_t1214
9084,q108_t1214
9084,q108_t1215
9085,q108_t1215
9085,q108_t1216
9086,q108_t1216
9086,q108_t1217
9086,q77_t1216
9086,q77_t1217
9087,q108_t1217
9087,q108_t1218
9088,q108_t1218
9088,q108_t1219
9089,q108_t1219
9089,q108_t1220
9089,q78_t1219
9089,q78_t1220
9090,q108_t1220
9090,q108_t1221
9091,q108_t1221
9091,q108_t1222
9092,q108_t1222
9092,q108_t1223
9092,q79_t1222
9092,q79_t1223
9093,q108_t1223
9093,q108_t1224
9094,q108_t1224
9094,q108_t1225
9095,q108_t1225
9095,q108_t1226
9095,q80_t1225
9095,q80_t1226
9096,q108_t1226
9096,q108_t1227
9097,q108_t1227
9097,q108_t1228
9098,q108_t1228
9098,q108_t1229
9098,q81_t1228
9098,q81_t1229
9099,q108_t1229
9099,q108_t1230
9100,q108_t1230
9100,q108_t1231
9101,q108_t1231
9101,q108_t1232
9101,q82_t1231
9101,q82_t1232
9102,q108_t1232
9102,q108_t1233
9103,q108_t1233
9103,q108_t1234
9104,q108_t1234
9104,q108_t1235
9104,q83_t1234
9104,q83_t1235
9105,q108_t1235
9105,q108_t1236
9106,q108_t1236
9106,q108_t1237
9107,q108_t1237
9107,q108_t1238
9107,q84_t1237
9107,q84_t1238
9108,q108_t1238
9108,q108_t1239
9109,q108_t1239
9109,q108_t1240
9110,q108_t1240
9110,q108_t1241
9110,q85_t1240
9110,q85_t1241
9111,q108_t1241
9111,q108_t1242
9112,q108_t1242
9112,q108_t1243
9113,q108_t1243
9113,q108_t1244
9113,q86_t1243
9113,q86_t1244
9114,q108_t1244
9114,q108_t1245
9115,q108_t1245
9115,q108_t1246
9116,q108_t1246
9116,q108_t1247
9116,q87_t1246
9116,q87_t1247
9117,q108_t1247
9117,q108_t1248
9118,q108_t1248
9118,q108_t1249
9119,q108_t1249
9119,q108_t1250
9119,q88_t1249
9119,q88_t1250
9120,q108_t1250
9120,q108_t1251
9121,q108_t1251
9121,q108_t1252
9122,q108_t1252
9122,q108_t1253
9122,q89_t1252
9122,q89_t1253
9123,q108_t1253
9123,q108_t1254
9124,q108_t1254
9124,q108_t1255
9125,q108_t1255
9125,q108_t1256
9125,q90_t1255
9125,q90_t1256
9126,q108_t1256
9126,q108_t1257
9127,q108_t1257
9127,q108_t1258
9128,q108_t1258
9128,q108_t1259
9128,q91_t1258
9128,q91_t1259
9129,q108_t1259
9129,q108_t1260
9130,q108_t1260
9130,q108_t1261
9131,q108_t1261
9131,q108_t1262
9131,q92_t1261
9131,q92_t1262
9132,q108_t1262
9132,q108_t1263
9133,q108_t1263
9133,q108_t1264
9134,q108_t1264
9134,q108_t1265
9134,q93_t1264
9134,q93_t1265
9135,q108_t1265
9135,q108_t1266
9136,q108_t1266
9136,q108_t1267
9137,q108_t1267
9137,q108_t1268
9137,q94_t1267
9137,q94_t1268
9138,q108_t1268
9138,q108_t1269
9139,q108_t1269
9139,q108_t1270
9140,q108_t1270
9140,q108_t1271
9140,q95_t1270
9140,q95_t1271
9141,q108_t1271
9141,q108_t1272
9142,q108_t1272
9142,q108_t1273
9143,q108_t1273
9143,q108_t1274
9143,q96_t1273
9143,q96_t1274
9144,q108_t1274
9144,q108_t1275
9145,q108_t1275
9145,q108_t1276
9146,q108_t1276
9146,q108_t1277
9146,q97_t1276
9146,q97_t1277
9147,q108_t1277
9147,q108_t1278
9148,q108_t1278
9148,q108_t1279
9149,q108_t1279
9149,q108_t1280
9149,q98_t1279
9149,q98_t1280
9150,q108_t1280
9150,q108_t1281
9151,q108_t1281
9151,q108_t1282
9152,q108_t1282
9152,q108_t1283
9152,q99_t1282
9152,q99_t1283
9153,q108_t1283
9153,q108_t1284
9154,q108_t1284
9154,q108_t1285
9155,q108_t1286
9155,q108_t1287
9156,q108_t1287
9156,q108_t1288
9157,q108_t1289
9157,q108_t1290
9158,q108_t1290
9158,q108_t1291
9159,q108_t1292
9159,q108_t1293
9160,q108_t1293
9160,q108_t1294
9161,q108_t1295
9161,q108_t1296
9162,q108_t1296
9162,q108_t1297
9163,q108_t1298
9163,q108_t1299
9164,q108_t1299
9164,q108_t1300
9165,q108_t1301
9165,q108_t1302
9166,q108_t1302
9166,q108_t1303
9167,q108_t1304
9167,q108_t1305
9168,q108_t1305
9168,q108_t1306
9169,q108_t1307
9169,q108_t1308
9170,q108_t1308
9170,q108_t1312
9171,q108_t1312
9171,q108_t1313
9171,q109_t1312
9171,q109_t1313
9172,q108_t1313
9172,q108_t1314
9173,q108_t1314
9173,q108_t1315
9174,q108_t324
9174,q108_t325
9175,q108_t325
9175,q108_t326
9176,q108_t326
9176,q108_t327
9176,q1_t326
9176,q1_t327
9177,q108_t327
9177,q108_t328
9178,q108_t328
9178,q108_t329
9179,q108_t329
9179,q108_t330
9179,q2_t329
9179,q2_t330
9180,q108_t330
9180,q108_t331
9181,q108_t331
9181,q108_t332
9182,q108_t332
9182,q108_t333
9182,q3_t332
9182,q3_t333
9183,q108_t333
9183,q108_t334
9184,q108_t334
9184,q108_t335
9185,q108_t335
9185,q108_t336
9185,q4_t335
9185,q4_t336
9186,q108_t336
9186,q108_t337
9187,q108_t337
9187,q108_t338
9188,q108_t338
9188,q108_t339
9188,q5_t338
9188,q5_t339
9189,q108_t339
9189,q108_t340
9190,q108_t340
9190,q108_t341
9191,q108_t341
9191,q108_t342
9191,q6_t341
9191,q6_t342
9192,q108_t342
9192,q108_t343
9193,q108_t343
9193,q108_t344
9194,q108_t344
9194,q108_t345
9194,q7_t344
9194,q7_t345
9195,q108_t345
9195,q108_t346
9196,q108_t346
9196,q108_t347
9197,q108_t347
9197,q108_t348
9197,q8_t347
9197,q8_t348
9198,q108_t348
9198,q108_t349
9199,q108_t349
9199,q108_t350
9200,q108_t350
9200,q108_t351
9200,q9_t350
9200,q9_t351
9201,q108_t351
9201,q108_t352
9202,q108_t352
9202,q108_t353
9203,q108_t353
9203,q108_t354
9203,q10_t353
9203,q10_t354
9204,q108_t354
9204,q108_t355
9205,q108_t355
9205,q108_t356
9206,q108_t356
9206,q108_t357
9206,q11_t356
9206,q11_t357
9207,q108_t357
9207,q108_t358
9208,q108_t358
9208,q108_t359
9209,q108_t359
9209,q108_t360
9209,q12_t359
9209,q12_t360
9210,q108_t360
9210,q108_t361
9211,q108_t361
9211,q108_t362
9212,q108_t362
9212,q108_t363
9212,q13_t362
9212,q13_t363
9213,q108_t363
9213,q108_t364
9214,q108_t364
9214,q108_t365
9215,q108_t365
9215,q108_t366
9215,q14_t365
9215,q14_t366
9216,q108_t366
9216,q108_t367
9217,q108_t367
9217,q108_t368
9218,q108_t368
9218,q108_t369
9218,q15_t368
9218,q15_t369
9219,q108_t369
9219,q108_t370
9220,q108_t370
9220,q108_t371
9221,q108_t371
9221,q108_t372
9221,q16_t371
9221,q16_t372
9222,q108_t372
9222,q108_t373
9223,q108_t373
9223,q108_t374
9224,q108_t374
9224,q108_t375
9224,q17_t374
9224,q17_t375
9225,q108_t375
9225,q108_t376
9226,q108_t376
9226,q108_t377
9227,q108_t377
9227,q108_t378
9227,q18_t377
9227,q18_t378
9228,q108_t378
9228,q108_t379
9229,q108_t379
9229,q108_t380
9230,q108_t380
9230,q108_t381
9230,q19_t380
9230,q19_t381
9231,q108_t381
9231,q108_t382
9232,q108_t382
9232,q108_t383
9233,q108_t383
9233,q108_t384
9233,q20_t383
9233,q20_t384
9234,q108_t384
9234,q108_t385
9235,q108_t385
9235,q108_t386
9236,q108_t386
9236,q108_t387
9236,q21_t386
9236,q21_t387
9237,q108_t387
9237,q108_t388
9238,q108_t388
9238,q108_t389
9239,q108_t389
9239,q108_t390
9239,q22_t389
9239,q22_t390
9240,q108_t390
9240,q108_t391
9241,q108_t391
9241,q108_t392
9242,q108_t392
9242,q108_t393
9242,q23_t392
9242,q23_t393
9243,q108_t393
9243,q108_t394
9244,q108_t394
9244,q108_t395
9245,q108_t395
9245,q108_t396
9245,q24_t395
9245,q24_t396
9246,q108_t396
9246,q108_t397
9247,q108_t397
9247,q108_t398
9248,q108_t398
9248,q108_t399
9248,q25_t398
9248,q25_t399
9249,q108_t399
9249,q108_t400
9250,q108_t400
9250,q108_t401
9251,q108_t401
9251,q108_t402
9251,q26_t401
9251,q26_t402
9252,q108_t402
9252,q108_t403
9253,q108_t403
9253,q108_t404
9254,q108_t404
9254,q108_t405
9254,q27_t404
9254,q27_t405
9255,q108_t405
9255,q108_t406
9256,q108_t406
9256,q108_t407
9257,q108_t407
9257,q108_t408
9257,q28_t407
9257,q28_t408
9258,q108_t408
9258,q108_t409
9259,q108_t409
9259,q108_t410
9260,q108_t410
9260,q108_t411
9260,q29_t410
9260,q29_t411
9261,q108_t411
9261,q108_t412
9262,q108_t412
9262,q108_t413
9263,q108_t413
9263,q108_t414
9263,q30_t413
9263,q30_t414
9264,q108_t414
9264,q108_t415
9265,q108_t415
9265,q108_t416
9266,q108_t416
9266,q108_t417
9266,q31_t416
9266,q31_t417
9267,q108_t417
9267,q108_t418
9268,q108_t418
9268,q108_t419
9269,q108_t419
9269,q108_t420
9269,q32_t419
9269,q32_t420
9270,q108_t420
9270,q108_t421
9271,q108_t421
9271,q108_t422
9272,q108_t422
9272,q108_t423
9272,q33_t422
9272,q33_t423
9273,q108_t423
9273,q108_t424
9274,q108_t424
9274,q108_t425
9275,q108_t425
9275,q108_t426
9275,q34_t425
9275,q34_t426
9276,q108_t426
9276,q108_t427
9277,q108_t427
9277,q108_t428
9278,q108_t428
9278,q108_t429
9278,q35_t428
9278,q35_t429
9279,q108_t429
9279,q108_t430
9280,q108_t430
9280,q108_t431
9281,q108_t431
9281,q108_t432
9281,q36_t431
9281,q36_t432
9282,q108_t432
9282,q108_t433
9283,q108_t433
9283,q108_t434
9284,q108_t434
9284,q108_t435
9284,q37_t434
9284,q37_t435
9285,q108_t435
9285,q108_t436
9286,q108_t436
9286,q108_t437
9287,q108_t437
9287,q108_t438
9287,q38_t437
9287,q38_t438
9288,q108_t438
9288,q108_t439
9289,q108_t439
9289,q108_t440
9290,q108_t440
9290,q108_t441
9290,q39_t440
9290,q39_t441
9291,q108_t441
9291,q108_t442
9292,q108_t442
9292,q108_t443
9293,q108_t443
9293,q108_t444
9293,q40_t443
9293,q40_t444
9294,q108_t444
9294,q108_t445
9295,q108_t445
9295,q108_t446
9296,q108_t446
9296,q108_t447
9296,q41_t446
9296,q41_t447
9297,q108_t447
9297,q108_t448
9298,q108_t448
9298,q108_t449
9299,q108_t449
9299,q108_t450
9299,q42_t449
9299,q42_t450
9300,q108_t450
9300,q108_t451
9301,q108_t451
9301,q108_t452
9302,q108_t452
9302,q108_t453
9302,q43_t452
9302,q43_t453
9303,q108_t453
9303,q108_t454
9304,q108_t454
9304,q108_t455
9305,q108_t455
9305,q108_t456
9305,q44_t455
9305,q44_t456
9306,q108_t456
9306,q108_t457
9307,q108_t457
9307,q108_t458
9308,q108_t458
9308,q108_t459
9308,q45_t458
9308,q45_t459
9309,q108_t459
9309,q108_t460
9310,q108_t460
9310,q108_t461
9311,q108_t461
9311,q108_t462
9311,q46_t461
9311,q46_t462
9312,q108_t462
9312,q108_t463
9313,q108_t463
9313,q108_t464
9314,q108_t464
9314,q108_t465
9314,q47_t464
9314,q47_t465
9315,q108_t465
9315,q108_t466
9316,q108_t466
9316,q108_t467
9317,q108_t467
9317,q108_t468
9317,q48_t467
9317,q48_t468
9318,q108_t468
9318,q108_t469
9319,q108_t469
9319,q108_t470
9320,q108_t470
9320,q108_t471
9320,q49_t470
9320,q49_t471
9321,q108_t471
9321,q108_t472
9322,q108_t472
9322,q108_t473
9323,q108_t473
9323,q108_t474
9323,q50_t473
9323,q50_t474
9324,q108_t474
9324,q108_t475
9325,q108_t475
9325,q108_t476
9326,q108_t476
9326,q108_t477
9326,q51_t476
9326,q51_t477
9327,q108_t477
9327,q108_t478
9328,q108_t478
9328,q108_t479
9329,q108_t479
9329,q108_t480
9329,q52_t479
9329,q52_t480
9330,q108_t480
9330,q108_t481
9331,q108_t481
9331,q108_t482
9332,q108_t482
9332,q108_t483
9332,q53_t482
9332,q53_t483
9333,q108_t483
9333,q108_t484
9334,q108_t484
9334,q108_t485
9335,q108_t485
9335,q108_t486
9335,q54_t485
9335,q54_t486
9336,q108_t486
9336,q108_t487
9337,q108_t487
9337,q108_t488
9338,q108_t488
9338,q108_t489
9338,q55_t488
9338,q55_t489
9339,q108_t489
9339,q108_t490
9340,q108_t490
9340,q108_t491
9341,q108_t491
9341,q108_t492
9341,q56_t491
9341,q56_t492
9342,q108_t492
9342,q108_t493
9343,q108_t493
9343,q108_t494
9344,q108_t494
9344,q108_t495
9344,q57_t494
9344,q57_t495
9345,q108_t495
9345,q108_t496
9346,q108_t496
9346,q108_t497
9347,q108_t497
9347,q108_t498
9347,q58_t497
9347,q58_t498
9348,q108_t498
9348,q108_t499
9349,q108_t499
9349,q108_t500
9350,q108_t500
9350,q108_t501
9350,q59_t500
9350,q59_t501
9351,q108_t501
9351,q108_t502
9352,q108_t502
9352,q108_t503
9353,q108_t503
9353,q108_t504
9353,q60_t503
9353,q60_t504
9354,q108_t504
9354,q108_t505
9355,q108_t505
9355,q108_t506
9356,q108_t506
9356,q108_t507
9356,q61_t506
9356,q61_t507
9357,q108_t507
9357,q108_t508
9358,q108_t508
9358,q108_t509
9359,q108_t509
9359,q108_t510
9359,q62_t509
9359,q62_t510
9360,q108_t510
9360,q108_t511
9361,q108_t511
9361,q108_t512
9362,q108_t512
9362,q108_t513
9362,q63_t512
9362,q63_t513
9363,q108_t513
9363,q108_t514
9364,q108_t514
9364,q108_t515
9365,q108_t515
9365,q108_t516
9365,q64_t515
9365,q64_t516
9366,q108_t516
9366,q108_t517
9367,q108_t517
9367,q108_t518
9368,q108_t518
9368,q108_t519
9368,q65_t518
9368,q65_t519
9369,q108_t519
9369,q108_t520
9370,q108_t520
9370,q108_t521
9371,q108_t521
9371,q108_t522
9371,q66_t521
9371,q66_t522
9372,q108_t522
9372,q108_t523
9373,q108_t523
9373,q108_t524
9374,q108_t524
9374,q108_t525
9374,q67_t524
9374,q67_t525
9375,q108_t525
9375,q108_t526
9376,q108_t526
9376,q108_t527
9377,q108_t527
9377,q108_t528
9377,q68_t527
9377,q68_t528
9378,q108_t528
9378,q108_t529
9379,q108_t529
9379,q108_t530
9380,q108_t530
9380,q108_t531
9380,q69_t530
9380,q69_t531
9381,q108_t531
9381,q108_t532
9382,q108_t532
9382,q108_t533
9383,q108_t533
9383,q108_t534
9383,q70_t533
9383,q70_t534
9384,q108_t534
9384,q108_t535
9385,q108_t535
9385,q108_t536
9386,q108_t536
9386,q108_t537
9386,q71_t536
9386,q71_t537
9387,q108_t537
9387,q108_t538
9388,q108_t538
9388,q108_t539
9389,q108_t539
9389,q108_t540
9389,q72_t539
9389,q72_t540
9390,q108_t540
9390,q108_t541
9391,q108_t541
9391,q108_t542
9392,q108_t542
9392,q108_t543
9392,q73_t542
9392,q73_t543
9393,q108_t543
9393,q108_t544
9394,q108_t544
9394,q108_t545
9395,q108_t545
9395,q108_t546
9395,q74_t545
9395,q74_t546
9396,q108_t546
9396,q108_t547
9397,q108_t547
9397,q108_t548
9398,q108_t548
9398,q108_t549
9398,q75_t548
9398,q75_t549
9399,q108_t549
9399,q108_t550
9400,q108_t550
9400,q108_t551
9401,q108_t551
9401,q108_t552
9401,q76_t551
9401,q76_t552
9402,q108_t552
9402,q108_t553
9403,q108_t553
9403,q108_t554
9404,q108_t554
9404,q108_t555
9404,q77_t554
9404,q77_t555
9405,q108_t555
9405,q108_t556
9406,q108_t556
9406,q108_t557
9407,q108_t557
9407,q108_t558
9407,q78_t557
9407,q78_t558
9408,q108_t558
9408,q108_t559
9409,q108_t559
9409,q108_t560
9410,q108_t560
9410,q108_t561
9410,q79_t560
9410,q79_t561
9411,q108_t561
9411,q108_t562
9412,q108_t562
9412,q108_t563
9413,q108_t563
9413,q108_t564
9413,q80_t563
9413,q80_t564
9414,q108_t564
9414,q108_t565
9415,q108_t565
9415,q108_t566
9416,q108_t566
9416,q108_t567
9416,q81_t566
9416,q81_t567
9417,q108_t567
9417,q108_t568
9418,q108_t568
9418,q108_t569
9419,q108_t569
9419,q108_t570
9419,q82_t569
9419,q82_t570
9420,q108_t570
9420,q108_t571
9421,q108_t571
9421,q108_t572
9422,q108_t572
9422,q108_t573
9422,q83_t572
9422,q83_t573
9423,q108_t573
9423,q108_t574
9424,q108_t574
9424,q108_t575
9425,q108_t575
9425,q108_t576
9425,q84_t575
9425,q84_t576
9426,q108_t576
9426,q108_t577
9427,q108_t577
9427,q108_t578
9428,q108_t578
9428,q108_t579
9428,q85_t578
9428,q85_t579
9429,q108_t579
9429,q108_t580
9430,q108_t580
9430,q108_t581
9431,q108_t581
9431,q108_t582
9431,q86_t581
9431,q86_t582
9432,q108_t582
9432,q108_t583
9433,q108_t583
9433,q108_t584
9434,q108_t584
9434,q108_t585
9434,q87_t584
9434,q87_t585
9435,q108_t585
9435,q108_t586
9436,q108_t586
9436,q108_t587
9437,q108_t587
9437,q108_t588
9437,q88_t587
9437,q88_t588
9438,q108_t588
9438,q108_t589
9439,q108_t589
9439,q108_t590
9440,q108_t590
9440,q108_t591
9440,q89_t590
9440,q89_t591
9441,q108_t591
9441,q108_t592
9442,q108_t592
9442,q108_t593
9443,q108_t593
9443,q108_t594
9443,q90_t593
9443,q90_t594
9444,q108_t594
9444,q108_t595
9445,q108_t595
9445,q108_t596
9446,q108_t596
9446,q108_t597
9446,q91_t596
9446,q91_t597
9447,q108_t597
9447,q108_t598
9448,q108_t598
9448,q108_t599
9449,q108_t599
9449,q108_t600
9449,q92_t599
9449,q92_t600
9450,q108_t600
9450,q108_t601
9451,q108_t601
9451,q108_t602
9452,q108_t602
9452,q108_t603
9452,q93_t602
9452,q93_t603
9453,q108_t603
9453,q108_t604
9454,q108_t604
9454,q108_t605
9455,q108_t605
9455,q108_t606
9455,q94_t605
9455,q94_t606
9456,q108_t606
9456,q108_t607
9457,q108_t607
9457,q108_t608
9458,q108_t608
9458,q108_t609
9458,q95_t608
9458,q95_t609
9459,q108_t609
9459,q108_t610
9460,q108_t610
9460,q108_t611
9461,q108_t611
9461,q108_t612
9461,q96_t611
9461,q96_t612
9462,q108_t612
9462,q108_t613
9463,q108_t613
9463,q108_t614
9464,q108_t614
9464,q108_t615
9464,q97_t614
9464,q97_t615
9465,q108_t615
9465,q108_t616
9466,q108_t616
9466,q108_t617
9467,q108_t617
9467,q108_t618
9467,q98_t617
9467,q98_t618
9468,q108_t618
9468,q108_t619
9469,q108_t619
9469,q108_t620
9470,q108_t620
9470,q108_t621
9470,q99_t620
9470,q99_t621
9471,q108_t621
9471,q108_t622
9472,q108_t622
9472,q108_t623
9473,q108_t624
9473,q108_t625
9474,q108_t625
9474,q108_t626
9475,q108_t627
9475,q108_t628
9476,q108_t628
9476,q108_t629
9477,q108_t630
9477,q108_t631
9478,q108_t631
9478,q108_t632
9479,q108_t633
9479,q108_t634
9480,q108_t634
9480,q108_t635
9481,q108_t636
9481,q108_t637
9482,q108_t637
9482,q108_t638
9483,q108_t639
9483,q108_t640
9484,q108_t640
9484,q108_t641
9485,q108_t642
9485,q108_t643
9486,q108_t643
9486,q108_t644
9487,q108_t645
9487,q108_t646
9488,q108_t646
9488,q108_t650
9489,q108_t650
9489,q108_t651
9489,q109_t650
9489,q109_t651
9490,q108_t651
9490,q108_t652
9491,q108_t652
9491,q108_t653
9492,q108_t653
9492,q108_t654
9493,q108_t655
9493,q108_t656
9494,q108_t656
9494,q108_t657
9495,q108_t657
9495,q108_t658
9495,q1_t657
9495,q1_t658
9496,q108_t658
9496,q108_t659
9497,q108_t659
9497,q108_t660
9498,q108_t660
9498,q108_t661
9498,q2_t660
9498,q2_t661
9499,q108_t661
9499,q108_t662
9500,q108_t662
9500,q108_t663
9501,q108_t663
9501,q108_t664
9501,q3_t663
9501,q3_t664
9502,q108_t664
9502,q108_t665
9503,q108_t665
9503,q108_t666
9504,q108_t666
9504,q108_t667
9504,q4_t666
9504,q4_t667
9505,q108_t667
9505,q108_t668
9506,q108_t668
9506,q108_t669
9507,q108_t669
9507,q108_t670
9507,q5_t669
9507,q5_t670
9508,q108_t670
9508,q108_t671
9509,q108_t671
9509,q108_t672
9510,q108_t672
9510,q108_t673
9510,q6_t672
9510,q6_t673
9511,q108_t673
9511,q108_t674
9512,q108_t674
9512,q108_t675
9513,q108_t675
9513,q108_t676
9513,q7_t675
9513,q7_t676
9514,q108_t676
9514,q108_t677
9515,q108_t677
9515,q108_t678
9516,q108_t678
9516,q108_t679
9516,q8_t678
9516,q8_t679
9517,q108_t679
9517,q108_t680
9518,q108_t680
9518,q108_t681
9519,q108_t681
9519,q108_t682
9519,q9_t681
9519,q9_t682
9520,q108_t682
9520,q108_t683
9521,q108_t683
9521,q108_t684
9522,q108_t684
9522,q108_t685
9522,q10_t684
9522,q10_t685
9523,q108_t685
9523,q108_t686
9524,q108_t686
9524,q108_t687
9525,q108_t687
9525,q108_t688
9525,q11_t687
9525,q11_t688
9526,q108_t688
9526,q108_t689
9527,q108_t689
9527,q108_t690
9528,q108_t690
9528,q108_t691
9528,q12_t690
9528,q12_t691
9529,q108_t691
9529,q108_t692
9530,q108_t692
9530,q108_t693
9531,q108_t693
9531,q108_t694
9531,q13_t693
9531,q13_t694
9532,q108_t694
9532,q108_t695
9533,q108_t695
9533,q108_t696
9534,q108_t696
9534,q108_t697
9534,q14_t696
9534,q14_t697
9535,q108_t697
9535,q108_t698
9536,q108_t698
9536,q108_t699
9537,q108_t699
9537,q108_t700
9537,q15_t699
9537,q15_t700
9538,q108_t700
9538,q108_t701
9539,q108_t701
9539,q108_t702
9540,q108_t702
9540,q108_t703
9540,q16_t702
9540,q16_t703
9541,q108_t703
9541,q108_t704
9542,q108_t704
9542,q108_t705
9543,q108_t705
9543,q108_t706
9543,q17_t705
9543,q17_t706
9544,q108_t706
9544,q108_t707
9545,q108_t707
9545,q108_t708
9546,q108_t708
9546,q108_t709
9546,q18_t708
9546,q18_t709
9547,q108_t709
9547,q108_t710
9548,q108_t710
9548,q108_t711
9549,q108_t711
9549,q108_t712
9549,q19_t711
9549,q19_t712
9550,q108_t712
9550,q108_t713
9551,q108_t713
9551,q108_t714
9552,q108_t714
9552,q108_t715
9552,q20_t714
9552,q20_t715
9553,q108_t715
9553,q108_t716
9554,q108_t716
9554,q108_t717
9555,q108_t717
9555,q108_t718
9555,q21_t717
9555,q21_t718
9556,q108_t718
9556,q108_t719
9557,q108_t719
9557,q108_t720
9558,q108_t720
9558,q108_t721
9558,q22_t720
9558,q22_t721
9559,q108_t721
9559,q108_t722
9560,q108_t722
9560,q108_t723
9561,q108_t723
9561,q108_t724
9561,q23_t723
9561,q23_t724
9562,q108_t724
9562,q108_t725
9563,q108_t725
9563,q108_t726
9564,q108_t726
9564,q108_t727
9564,q24_t726
9564,q24_t727
9565,q108_t727
9565,q108_t728
9566,q108_t728
9566,q108_t729
9567,q108_t729
9567,q108_t730
9567,q25_t729
9567,q25_t730
9568,q108_t730
9568,q108_t731
9569,q108_t731
9569,q108_t732
9570,q108_t732
9570,q108_t733
9570,q26_t732
9570,q26_t733
9571,q108_t733
9571,q108_t734
9572,q108_t734
9572,q108_t735
9573,q108_t735
9573,q108_t736
9573,q27_t735
9573,q27_t736
9574,q108_t736
9574,q108_t737
9575,q108_t737
9575,q108_t738
9576,q108_t738
9576,q108_t739
9576,q28_t738
9576,q28_t739
9577,q108_t739
9577,q108_t740
9578,q108_t740
9578,q108_t741
9579,q108_t741
9579,q108_t742
9579,q29_t741
9579,q29_t742
9580,q108_t742
9580,q108_t743
9581,q108_t743
9581,q108_t744
9582,q108_t744
9582,q108_t745
9582,q30_t744
9582,q30_t745
9583,q108_t745
9583,q108_t746
9584,q108_t746
9584,q108_t747
9585,q108_t747
9585,q108_t748
9585,q31_t747
9585,q31_t748
9586,q108_t748
9586,q108_t749
9587,q108_t749
9587,q108_t750
9588,q108_t750
9588,q108_t751
9588,q32_t750
9588,q32_t751
9589,q108_t751
9589,q108_t752
9590,q108_t752
9590,q108_t753
9591,q108_t753
9591,q108_t754
9591,q33_t753
9591,q33_t754
9592,q108_t754
9592,q108_t755
9593,q108_t755
9593,q108_t756
9594,q108_t756
9594,q108_t757
9594,q34_t756
9594,q34_t757
9595,q108_t757
9595,q108_t758
9596,q108_t758
9596,q108_t759
9597,q108_t759
9597,q108_t760
9597,q35_t759
9597,q35_t760
9598,q108_t760
9598,q108_t761
9599,q108_t761
9599,q108_t762
9600,q108_t762
9600,q108_t763
9600,q36_t762
9600,q36_t763
9601,q108_t763
9601,q108_t764
9602,q108_t764
9602,q108_t765
9603,q108_t765
9603,q108_t766
9603,q37_t765
9603,q37_t766
9604,q108_t766
9604,q108_t767
9605,q108_t767
9605,q108_t768
9606,q108_t768
9606,q108_t769
9606,q38_t768
9606,q38_t769
9607,q108_t769
9607,q108_t770
9608,q108_t770
9608,q108_t771
9609,q108_t771
9609,q108_t772
9609,q39_t771
9609,q39_t772
9610,q108_t772
9610,q108_t773
9611,q108_t773
9611,q108_t774
9612,q108_t774
9612,q108_t775
9612,q40_t774
9612,q40_t775
9613,q108_t775
9613,q108_t776
9614,q108_t776
9614,q108_t777
9615,q108_t777
9615,q108_t778
9615,q41_t777
9615,q41_t778
9616,q108_t778
9616,q108_t779
9617,q108_t779
9617,q108_t780
9618,q108_t780
9618,q108_t781
9618,q42_t780
9618,q42_t781
9619,q108_t781
9619,q108_t782
9620,q108_t782
9620,q108_t783
9621,q108_t783
9621,q108_t784
9621,q43_t783
9621,q43_t784
9622,q108_t784
9622,q108_t785
9623,q108_t785
9623,q108_t786
9624,q108_t786
9624,q108_t787
9624,q44_t786
9624,q44_t787
9625,q108_t787
9625,q108_t788
9626,q108_t788
9626,q108_t789
9627,q108_t789
9627,q108_t790
9627,q45_t789
9627,q45_t790
9628,q108_t790
9628,q108_t791
9629,q108_t791
9629,q108_t792
9630,q108_t792
9630,q108_t793
9630,q46_t792
9630,q46_t793
9631,q108_t793
9631,q108_t794
9632,q108_t794
9632,q108_t795
9633,q108_t795
9633,q108_t796
9633,q47_t795
9633,q47_t796
9634,q108_t796
9634,q108_t797
9635,q108_t797
9635,q108_t798
9636,q108_t798
9636,q108_t799
9636,q48_t798
9636,q48_t799
9637,q108_t799
9637,q108_t800
9638,q108_t800
9638,q108_t801
9639,q108_t801
9639,q108_t802
9639,q49_t801
9639,q49_t802
9640,q108_t802
9640,q108_t803
9641,q108_t803
9641,q108_t804
9642,q108_t804
9642,q108_t805
9642,q50_t804
9642,q50_t805
9643,q108_t805
9643,q108_t806
9644,q108_t806
9644,q108_t807
9645,q108_t807
9645,q108_t808
9645,q51_t807
9645,q51_t808
9646,q108_t808
9646,q108_t809
9647,q108_t809
9647,q108_t810
9648,q108_t810
9648,q108_t811
9648,q52_t810
9648,q52_t811
9649,q108_t811
9649,q108_t812
9650,q108_t812
9650,q108_t813
9651,q108_t813
9651,q108_t814
9651,q53_t813
9651,q53_t814
9652,q108_t814
9652,q108_t815
9653,q108_t815
9653,q108_t816
9654,q108_t816
9654,q108_t817
9654,q54_t816
9654,q54_t817
9655,q108_t817
9655,q108_t818
9656,q108_t818
9656,q108_t819
9657,q108_t819
9657,q108_t820
9657,q55_t819
9657,q55_t820
9658,q108_t820
9658,q108_t821
9659,q108_t821
9659,q108_t822
9660,q108_t822
9660,q108_t823
9660,q56_t822
9660,q56_t823
9661,q108_t823
9661,q108_t824
9662,q108_t824
9662,q108_t825
9663,q108_t825
9663,q108_t826
9663,q57_t825
9663,q57_t826
9664,q108_t826
9664,q108_t827
9665,q108_t827
9665,q108_t828
9666,q108_t828
9666,q108_t829
9666,q58_t828
9666,q58_t829
9667,q108_t829
9667,q108_t830
9668,q108_t830
9668,q108_t831
9669,q108_t831
9669,q108_t832
9669,q59_t831
9669,q59_t832
9670,q108_t832
9670,q108_t833
9671,q108_t833
9671,q108_t834
9672,q108_t834
9672,q108_t835
9672,q60_t834
9672,q60_t835
9673,q108_t835
9673,q108_t836
9674,q108_t836
9674,q108_t837
9675,q108_t837
9675,q108_t838
9675,q61_t837
9675,q61_t838
9676,q108_t838
9676,q108_t839
9677,q108_t839
9677,q108_t840
9678,q108_t840
9678,q108_t841
9678,q62_t840
9678,q62_t841
9679,q108_t841
9679,q108_t842
9680,q108_t842
9680,q108_t843
9681,q108_t843
9681,q108_t844
9681,q63_t843
9681,q63_t844
9682,q108_t844
9682,q108_t845
9683,q108_t845
9683,q108_t846
9684,q108_t846
9684,q108_t847
9684,q64_t846
9684,q64_t847
9685,q108_t847
9685,q108_t848
9686,q108_t848
9686,q108_t849
9687,q108_t849
9687,q108_t850
9687,q65_t849
9687,q65_t850
9688,q108_t850
9688,q108_t851
9689,q108_t851
9689,q108_t852
9690,q108_t852
9690,q108_t853
9690,q66_t852
9690,q66_t853
9691,q108_t853
9691,q108_t854
9692,q108_t854
9692,q108_t855
9693,q108_t855
9693,q108_t856
9693,q67_t855
9693,q67_t856
9694,q108_t856
9694,q108_t857
9695,q108_t857
9695,q108_t858
9696,q108_t858
9696,q108_t859
9696,q68_t858
9696,q68_t859
9697,q108_t859
9697,q108_t860
9698,q108_t860
9698,q108_t861
9699,q108_t861
9699,q108_t862
9699,q69_t861
9699,q69_t862
9700,q108_t862
9700,q108_t863
9701,q108_t863
9701,q108_t864
9702,q108_t864
9702,q108_t865
9702,q70_t864
9702,q70_t865
9703,q108_t865
9703,q108_t866
9704,q108_t866
9704,q108_t867
9705,q108_t867
9705,q108_t868
9705,q71_t867
9705,q71_t868
9706,q108_t868
9706,q108_t869
9707,q108_t869
9707,q108_t870
9708,q108_t870
9708,q108_t871
9708,q72_t870
9708,q72_t871
9709,q108_t871
9709,q108_t872
9710,q108_t872
9710,q108_t873
9711,q108_t873
9711,q108_t874
9711,q73_t873
9711,q73_t874
9712,q108_t874
9712,q108_t875
9713,q108_t875
9713,q108_t876
9714,q108_t876
9714,q108_t877
9714,q74_t876
9714,q74_t877
9715,q108_t877
9715,q108_t878
9716,q108_t878
9716,q108_t879
9717,q108_t879
9717,q108_t880
9717,q75_t879
9717,q75_t880
9718,q108_t880
9718,q108_t881
9719,q108_t881
9719,q108_t882
9720,q108_t882
9720,q108_t883
9720,q76_t882
9720,q76_t883
9721,q108_t883
9721,q108_t884
9722,q108_t884
9722,q108_t885
9723,q108_t885
9723,q108_t886
9723,q77_t885
9723,q77_t886
9724,q108_t886
9724,q108_t887
9725,q108_t887
9725,q108_t888
9726,q108_t888
9726,q108_t889
9726,q78_t888
9726,q78_t889
9727,q108_t889
9727,q108_t890
9728,q108_t890
9728,q108_t891
9729,q108_t891
9729,q108_t892
9729,q79_t891
9729,q79_t892
9730,q108_t892
9730,q108_t893
9731,q108_t893
9731,q108_t894
9732,q108_t894
9732,q108_t895
9732,q80_t894
9732,q80_t895
9733,q108_t895
9733,q108_t896
9734,q108_t896
9734,q108_t897
9735,q108_t897
9735,q108_t898
9735,q81_t897
9735,q81_t898
9736,q108_t898
9736,q108_t899
9737,q108_t899
9737,q108_t900
9738,q108_t900
9738,q108_t901
9738,q82_t900
9738,q82_t901
9739,q108_t901
9739,q108_t902
9740,q108_t902
9740,q108_t903
9741,q108_t903
9741,q108_t904
9741,q83_t903
9741,q83_t904
9742,q108_t904
9742,q108_t905
9743,q108_t905
9743,q108_t906
9744,q108_t906
9744,q108_t907
9744,q84_t906
9744,q84_t907
9745,q108_t907
9745,q108_t908
9746,q108_t908
9746,q108_t909
9747,q108_t909
9747,q108_t910
9747,q85_t909
9747,q85_t910
9748,q108_t910
9748,q108_t911
9749,q108_t911
9749,q108_t912
9750,q108_t912
9750,q108_t913
9750,q86_t912
9750,q86_t913
9751,q108_t913
9751,q108_t914
9752,q108_t914
9752,q108_t915
9753,q108_t915
9753,q108_t916
9753,q87_t915
9753,q87_t916
9754,q108_t916
9754,q108_t917
9755,q108_t917
9755,q108_t918
9756,q108_t918
9756,q108_t919
9756,q88_t918
9756,q88_t919
9757,q108_t919
9757,q108_t920
9758,q108_t920
9758,q108_t921
9759,q108_t921
9759,q108_t922
9759,q89_t921
9759,q89_t922
9760,q108_t922
9760,q108_t923
9761,q108_t923
9761,q108_t924
9762,q108_t924
9762,q108_t925
9762,q90_t924
9762,q90_t925
9763,q108_t925
9763,q108_t926
9764,q108_t926
9764,q108_t927
9765,q108_t927
9765,q108_t928
9765,q91_t927
9765,q91_t928
9766,q108_t928
9766,q108_t929
9767,q108_t929
9767,q108_t930
9768,q108_t930
9768,q108_t931
9768,q92_t930
9768,q92_t931
9769,q108_t931
9769,q108_t932
9770,q108_t932
9770,q108_t933
9771,q108_t933
9771,q108_t934
9771,q93_t933
9771,q93_t934
9772,q108_t934
9772,q108_t935
9773,q108_t935
9773,q108_t936
9774,q108_t936
9774,q108_t937
9774,q94_t936
9774,q94_t937
9775,q108_t937
9775,q108_t938
9776,q108_t938
9776,q108_t939
9777,q108_t939
9777,q108_t940
9777,q95_t939
9777,q95_t940
9778,q108_t940
9778,q108_t941
9779,q108_t941
9779,q108_t942
9780,q108_t942
9780,q108_t943
9780,q96_t942
9780,q96_t943
9781,q108_t943
9781,q108_t944
9782,q108_t944
9782,q108_t945
9783,q108_t945
9783,q108_t946
9783,q97_t945
9783,q97_t946
9784,q108_t946
9784,q108_t947
9785,q108_t947
9785,q108_t948
9786,q108_t948
9786,q108_t949
9786,q98_t948
9786,q98_t949
9787,q108_t949
9787,q108_t950
9788,q108_t950
9788,q108_t951
9789,q108_t951
9789,q108_t952
9789,q99_t951
9789,q99_t952
9790,q108_t952
9790,q108_t953
9791,q108_t953
9791,q108_t954
9792,q108_t955
9792,q108_t956
9793,q108_t956
9793,q108_t957
9794,q108_t958
9794,q108_t959
9795,q108_t959
9795,q108_t960
9796,q108_t961
9796,q108_t962
9797,q108_t962
9797,q108_t963
9798,q108_t964
9798,q108_t965
9799,q108_t965
9799,q108_t966
9800,q108_t967
9800,q108_t968
9801,q108_t968
9801,q108_t969
9802,q108_t970
9802,q108_t971
9803,q108_t971
9803,q108_t972
9804,q108_t973
9804,q108_t974
9805,q108_t974
9805,q108_t975
9806,q108_t976
9806,q108_t977
9807,q108_t977
9807,q108_t981
9808,q108_t981
9808,q108_t982
9808,q109_t981
9808,q109_t982
9809,q108_t982
9809,q108_t983
9810,q108_t983
9810,q108_t984
9811,q108_t984
9811,q108_t985
9812,q108_t986
9812,q108_t987
9813,q108_t987
9813,q108_t988
9814,q108_t988
9814,q108_t989
9814,q1_t988
9814,q1_t989
9815,q108_t989
9815,q108_t990
9816,q108_t990
9816,q108_t991
9817,q108_t991
9817,q108_t992
9817,q2_t991
9817,q2_t992
9818,q108_t992
9818,q108_t993
9819,q108_t993
9819,q108_t994
9820,q108_t994
9820,q108_t995
9820,q3_t994
9820,q3_t995
9821,q108_t995
9821,q108_t996
9822,q108_t996
9822,q108_t997
9823,q108_t997
9823,q108_t998
9823,q4_t997
9823,q4_t998
9824,q108_t998
9824,q108_t999
9825,q109_t0
9825,q109_t1
9826,q109_t1
9826,q109_t326
9827,q109_t1000
9827,q109_t1001
9827,q4_t1000
9827,q4_t1001
9828,q109_t1000
9828,q109_t999
9829,q109_t1001
9829,q109_t1002
9830,q109_t1002
9830,q109_t1003
9831,q109_t1003
9831,q109_t1004
9831,q5_t1003
9831,q5_t1004
9832,q109_t1004
9832,q109_t1005
9833,q109_t1005
9833,q109_t1006
9834,q109_t1006
9834,q109_t1007
9834,q6_t1006
9834,q6_t1007
9835,q109_t1007
9835,q109_t1008
9836,q109_t1008
9836,q109_t1009
9837,q109_t1009
9837,q109_t1010
9837,q7_t1009
9837,q7_t1010
9838,q109_t1010
9838,q109_t1011
9839,q109_t1011
9839,q109_t1012
9840,q109_t1012
9840,q109_t1013
9840,q8_t1012
9840,q8_t1013
9841,q109_t1013
9841,q109_t1014
9842,q109_t1014
9842,q109_t1015
9843,q109_t1015
9843,q109_t1016
9843,q9_t1015
9843,q9_t1016
9844,q109_t1016
9844,q109_t1017
9845,q109_t1017
9845,q109_t1018
9846,q109_t1018
9846,q109_t1019
9846,q10_t1018
9846,q10_t1019
9847,q109_t1019
9847,q109_t1020
9848,q109_t1020
9848,q109_t1021
9849,q109_t1021
9849,q109_t1022
9849,q11_t1021
9849,q11_t1022
9850,q109_t1022
9850,q109_t1023
9851,q109_t1023
9851,q109_t1024
9852,q109_t1024
9852,q109_t1025
9852,q12_t1024
9852,q12_t1025
9853,q109_t1025
9853,q109_t1026
9854,q109_t1026
9854,q109_t1027
9855,q109_t1027
9855,q109_t1028
9855,q13_t1027
9855,q13_t1028
9856,q109_t1028
9856,q109_t1029
9857,q109_t1029
9857,q109_t1030
9858,q109_t1030
9858,q109_t1031
9858,q14_t1030
9858,q14_t1031
9859,q109_t1031
9859,q109_t1032
9860,q109_t1032
9860,q109_t1033
9861,q109_t1033
9861,q109_t1034
9861,q15_t1033
9861,q15_t1034
9862,q109_t1034
9862,q109_t1035
9863,q109_t1035
9863,q109_t1036
9864,q109_t1036
9864,q109_t1037
9864,q16_t1036
9864,q16_t1037
9865,q109_t1037
9865,q109_t1038
9866,q109_t1038
9866,q109_t1039
9867,q109_t1039
9867,q109_t1040
9867,q17_t1039
9867,q17_t1040
9868,q109_t1040
9868,q109_t1041
9869,q109_t1041
9869,q109_t1042
9870,q109_t1042
9870,q109_t1043
9870,q18_t1042
9870,q18_t1043
9871,q109_t1043
9871,q109_t1044
9872,q109_t1044
9872,q109_t1045
9873,q109_t1045
9873,q109_t1046
9873,q19_t1045
9873,q19_t1046
9874,q109_t1046
9874,q109_t1047
9875,q109_t1047
9875,q109_t1048
9876,q109_t1048
9876,q109_t1049
9876,q20_t1048
9876,q20_t1049
9877,q109_t1049
9877,q109_t1050
9878,q109_t1050
9878,q109_t1051
9879,q109_t1051
9879,q109_t1052
9879,q21_t1051
9879,q21_t1052
9880,q109_t1052
9880,q109_t1053
9881,q109_t1053
9881,q109_t1054
9882,q109_t1054
9882,q109_t1055
9882,q22_t1054
9882,q22_t1055
9883,q109_t1055
9883,q109_t1056
9884,q109_t1056
9884,q109_t1057
9885,q109_t1057
9885,q109_t1058
9885,q23_t1057
9885,q23_t1058
9886,q109_t1058
9886,q109_t1059
9887,q109_t1059
9887,q109_t1060
9888,q109_t1060
9888,q109_t1061
9888,q24_t1060
9888,q24_t1061
9889,q109_t1061
9889,q109_t1062
9890,q109_t1062
9890,q109_t1063
9891,q109_t1063
9891,q109_t1064
9891,q25_t1063
9891,q25_t1064
9892,q109_t1064
9892,q109_t1065
9893,q109_t1065
9893,q109_t1066
9894,q109_t1066
9894,q109_t1067
9894,q26_t1066
9894,q26_t1067
9895,q109_t1067
9895,q109_t1068
9896,q109_t1068
9896,q109_t1069
9897,q109_t1069
9897,q109_t1070
9897,q27_t1069
9897,q27_t1070
9898,q109_t1070
9898,q109_t1071
9899,q109_t1071
9899,q109_t1072
9900,q109_t1072
9900,q109_t1073
9900,q28_t1072
9900,q28_t1073
9901,q109_t1073
9901,q109_t1074
9902,q109_t1074
9902,q109_t1075
9903,q109_t1075
9903,q109_t1076
9903,q29_t1075
9903,q29_t1076
9904,q109_t1076
9904,q109_t1077
9905,q109_t1077
9905,q109_t1078
9906,q109_t1078
9906,q109_t1079
9906,q30_t1078
9906,q30_t1079
9907,q109_t1079
9907,q109_t1080
9908,q109_t1080
9908,q109_t1081
9909,q109_t1081
9909,q109_t1082
9909,q31_t1081
9909,q31_t1082
9910,q109_t1082
9910,q109_t1083
9911,q109_t1083
9911,q109_t1084
9912,q109_t1084
9912,q109_t1085
9912,q32_t1084
9912,q32_t1085
9913,q109_t1085
9913,q109_t1086
9914,q109_t1086
9914,q109_t1087
9915,q109_t1087
9915,q109_t1088
9915,q33_t1087
9915,q33_t1088
9916,q109_t1088
9916,q109_t1089
9917,q109_t1089
9917,q109_t1090
9918,q109_t1090
9918,q109_t1091
9918,q34_t1090
9918,q34_t1091
9919,q109_t1091
9919,q109_t1092
9920,q109_t1092
9920,q109_t1093
9921,q109_t1093
9921,q109_t1094
9921,q35_t1093
9921,q35_t1094
9922,q109_t1094
9922,q109_t1095
9923,q109_t1095
9923,q109_t1096
9924,q109_t1096
9924,q109_t1097
9924,q36_t1096
9924,q36_t1097
9925,q109_t1097
9925,q109_t1098
9926,q109_t1098
9926,q109_t1099
9927,q109_t1099
9927,q109_t1100
9927,q37_t1099
9927,q37_t1100
9928,q109_t1100
9928,q109_t1101
9929,q109_t1101
9929,q109_t1102
9930,q109_t1102
9930,q109_t1103
9930,q38_t1102
9930,q38_t1103
9931,q109_t1103
9931,q109_t1104
9932,q109_t1104
9932,q109_t1105
9933,q109_t1105
9933,q109_t1106
9933,q39_t1105
9933,q39_t1106
9934,q109_t1106
9934,q109_t1107
9935,q109_t1107
9935,q109_t1108
9936,q109_t1108
9936,q109_t1109
9936,q40_t1108
9936,q40_t1109
9937,q109_t1109
9937,q109_t1110
9938,q109_t1110
9938,q109_t1111
9939,q109_t1111
9939,q109_t1112
9939,q41_t1111
9939,q41_t1112
9940,q109_t1112
9940,q109_t1113
9941,q109_t1113
9941,q109_t1114
9942,q109_t1114
9942,q109_t1115
9942,q42_t1114
9942,q42_t1115
9943,q109_t1115
9943,q109_t1116
9944,q109_t1116
9944,q109_t1117
9945,q109_t1117
9945,q109_t1118
9945,q43_t1117
9945,q43_t1118
9946,q109_t1118
9946,q109_t1119
9947,q109_t1119
9947,q109_t1120
9948,q109_t1120
9948,q109_t1121
9948,q44_t1120
9948,q44_t1121
9949,q109_t1121
9949,q109_t1122
9950,q109_t1122
9950,q109_t1123
9951,q109_t1123
9951,q109_t1124
9951,q45_t1123
9951,q45_t1124
9952,q109_t1124
9952,q109_t1125
9953,q109_t1125
9953,q109_t1126
9954,q109_t1126
9954,q109_t1127
9954,q46_t1126
9954,q46_t1127
9955,q109_t1127
9955,q109_t1128
9956,q109_t1128
9956,q109_t1129
9957,q109_t1129
9957,q109_t1130
9957,q47_t1129
9957,q47_t1130
9958,q109_t1130
9958,q109_t1131
9959,q109_t1131
9959,q109_t1132
9960,q109_t1132
9960,q109_t1133
9960,q48_t1132
9960,q48_t1133
9961,q109_t1133
9961,q109_t1134
9962,q109_t1134
9962,q109_t1135
9963,q109_t1135
9963,q109_t1136
9963,q49_t1135
9963,q49_t1136
9964,q109_t1136
9964,q109_t1137
9965,q109_t1137
9965,q109_t1138
9966,q109_t1138
9966,q109_t1139
9966,q50_t1138
9966,q50_t1139
9967,q109_t1139
9967,q109_t1140
9968,q109_t1140
9968,q109_t1141
9969,q109_t1141
9969,q109_t1142
9969,q51_t1141
9969,q51_t1142
9970,q109_t1142
9970,q109_t1143
9971,q109_t1143
9971,q109_t1144
9972,q109_t1144
9972,q109_t1145
9972,q52_t1144
9972,q52_t1145
9973,q109_t1145
9973,q109_t1146
9974,q109_t1146
9974,q109_t1147
9975,q109_t1147
9975,q109_t1148
9975,q53_t1147
9975,q53_t1148
9976,q109_t1148
9976,q109_t1149
9977,q109_t1149
9977,q109_t1150
9978,q109_t1150
9978,q109_t1151
9978,q54_t1150
9978,q54_t1151
9979,q109_t1151
9979,q109_t1152
9980,q109_t1152
9980,q109_t1153
9981,q109_t1153
9981,q109_t1154
9981,q55_t1153
9981,q55_t1154
9982,q109_t1154
9982,q109_t1155
9983,q109_t1155
9983,q109_t1156
9984,q109_t1156
9984,q109_t1157
9984,q56_t1156
9984,q56_t1157
9985,q109_t1157
9985,q109_t1158
9986,q109_t1158
9986,q109_t1159
9987,q109_t1159
9987,q109_t1160
9987,q57_t1159
9987,q57_t1160
9988,q109_t1160
9988,q109_t1161
9989,q109_t1161
9989,q109_t1162
9990,q109_t1162
9990,q109_t1163
9990,q58_t1162
9990,q58_t1163
9991,q109_t1163
9991,q109_t1164
9992,q109_t1164
9992,q109_t1165
9993,q109_t1165
9993,q109_t1166
9993,q59_t1165
9993,q59_t1166
9994,q109_t1166
9994,q109_t1167
9995,q109_t1167
9995,q109_t1168
9996,q109_t1168
9996,q109_t1169
9996,q60_t1168
9996,q60_t1169
9997,q109_t1169
9997,q109_t1170
9998,q109_t1170
9998,q109_t1171
9999,q109_t1171
9999,q109_t1172
9999,q61_t1171
9999,q61_t1172
10000,q109_t1172
10000,q109_t1173
10001,q109_t1173
10001,q109_t1174
10002,q109_t1174
10002,q109_t1175
10002,q62_t1174
10002,q62_t1175
10003,q109_t1175
10003,q109_t1176
10004,q109_t1176
10004,q109_t1177
10005,q109_t1177
10005,q109_t1178
10005,q63_t1177
10005,q63_t1178
10006,q109_t1178
10006,q109_t1179
10007,q109_t1179
10007,q109_t1180
10008,q109_t1180
10008,q109_t1181
10008,q64_t1180
10008,q64_t1181
10009,q109_t1181
10009,q109_t1182
10010,q109_t1182
10010,q109_t1183
10011,q109_t1183
10011,q109_t1184
10011,q65_t1183
10011,q65_t1184
10012,q109_t1184
10012,q109_t1185
10013,q109_t1185
10013,q109_t1186
10014,q109_t1186
10014,q109_t1187
10014,q66_t1186
10014,q66_t1187
10015,q109_t1187
10015,q109_t1188
10016,q109_t1188
10016,q109_t1189
10017,q109_t1189
10017,q109_t1190
10017,q67_t1189
10017,q67_t1190
10018,q109_t1190
10018,q109_t1191
10019,q109_t1191
10019,q109_t1192
10020,q109_t1192
10020,q109_t1193
10020,q68_t1192
10020,q68_t1193
10021,q109_t1193
10021,q109_t1194
10022,q109_t1194
10022,q109_t1195
10023,q109_t1195
10023,q109_t1196
10023,q69_t1195
10023,q69_t1196
10024,q109_t1196
10024,q109_t1197
10025,q109_t1197
10025,q109_t1198
10026,q109_t1198
10026,q109_t1199
10026,q70_t1198
10026,q70_t1199
10027,q109_t1199
10027,q109_t1200
10028,q109_t1200
10028,q109_t1201
10029,q109_t1201
10029,q109_t1202
10029,q71_t1201
10029,q71_t1202
10030,q109_t1202
10030,q109_t1203
10031,q109_t1203
10031,q109_t1204
10032,q109_t1204
10032,q109_t1205
10032,q72_t1204
10032,q72_t1205
10033,q109_t1205
10033,q109_t1206
10034,q109_t1206
10034,q109_t1207
10035,q109_t1207
10035,q109_t1208
10035,q73_t1207
10035,q73_t1208
10036,q109_t1208
10036,q109_t1209
10037,q109_t1209
10037,q109_t1210
10038,q109_t1210
10038,q109_t1211
10038,q74_t1210
10038,q74_t1211
10039,q109_t1211
10039,q109_t1212
10040,q109_t1212
10040,q109_t1213
10041,q109_t1213
10041,q109_t1214
10041,q75_t1213
10041,q75_t1214
10042,q109_t1214
10042,q109_t1215
10043,q109_t1215
10043,q109_t1216
10044,q109_t1216
10044,q109_t1217
10044,q76_t1216
10044,q76_t1217
10045,q109_t1217
10045,q109_t1218
10046,q109_t1218
10046,q109_t1219
10047,q109_t1219
10047,q109_t1220
10047,q77_t1219
10047,q77_t1220
10048,q109_t1220
10048,q109_t1221
10049,q109_t1221
10049,q109_t1222
10050,q109_t1222
10050,q109_t1223
10050,q78_t1222
10050,q78_t1223
10051,q109_t1223
10051,q109_t1224
10052,q109_t1224
10052,q109_t1225
10053,q109_t1225
10053,q109_t1226
10053,q79_t1225
10053,q79_t1226
10054,q109_t1226
10054,q109_t1227
10055,q109_t1227
10055,q109_t1228
10056,q109_t1228
10056,q109_t1229
10056,q80_t1228
10056,q80_t1229
10057,q109_t1229
10057,q109_t1230
10058,q109_t1230
10058,q109_t1231
10059,q109_t1231
10059,q109_t1232
10059,q81_t1231
10059,q81_t1232
10060,q109_t1232
10060,q109_t1233
10061,q109_t1233
10061,q109_t1234
10062,q109_t1234
10062,q109_t1235
10062,q82_t1234
10062,q82_t1235
10063,q109_t1235
10063,q109_t1236
10064,q109_t1236
10064,q109_t1237
10065,q109_t1237
10065,q109_t1238
10065,q83_t1237
10065,q83_t1238
10066,q109_t1238
10066,q109_t1239
10067,q109_t1239
10067,q109_t1240
10068,q109_t1240
10068,q109_t1241
10068,q84_t1240
10068,q84_t1241
10069,q109_t1241
10069,q109_t1242
10070,q109_t1242
10070,q109_t1243
10071,q109_t1243
10071,q109_t1244
10071,q85_t1243
10071,q85_t1244
10072,q109_t1244
10072,q109_t1245
10073,q109_t1245
10073,q109_t1246
10074,q109_t1246
10074,q109_t1247
10074,q86_t1246
10074,q86_t1247
10075,q109_t1247
10075,q109_t1248
10076,q109_t1248
10076,q109_t1249
10077,q109_t1249
10077,q109_t1250
10077,q87_t1249
10077,q87_t1250
10078,q109_t1250
10078,q109_t1251
10079,q109_t1251
10079,q109_t1252
10080,q109_t1252
10080,q109_t1253
10080,q88_t1252
10080,q88_t1253
10081,q109_t1253
10081,q109_t1254
10082,q109_t1254
10082,q109_t1255
10083,q109_t1255
10083,q109_t1256
10083,q89_t1255
10083,q89_t1256
10084,q109_t1256
10084,q109_t1257
10085,q109_t1257
10085,q109_t1258
10086,q109_t1258
10086,q109_t1259
10086,q90_t1258
10086,q90_t1259
10087,q109_t1259
10087,q109_t1260
10088,q109_t1260
10088,q109_t1261
10089,q109_t1261
10089,q109_t1262
10089,q91_t1261
10089,q91_t1262
10090,q109_t1262
10090,q109_t1263
10091,q109_t1263
10091,q109_t1264
10092,q109_t1264
10092,q109_t1265
10092,q92_t1264
10092,q92_t1265
10093,q109_t1265
10093,q109_t1266
10094,q109_t1266
10094,q109_t1267
10095,q109_t1267
10095,q109_t1268
10095,q93_t1267
10095,q93_t1268
10096,q109_t1268
10096,q109_t1269
10097,q109_t1269
10097,q109_t1270
10098,q109_t1270
10098,q109_t1271
10098,q94_t1270
10098,q94_t1271
10099,q109_t1271
10099,q109_t1272
10100,q109_t1272
10100,q109_t1273
10101,q109_t1273
10101,q109_t1274
10101,q95_t1273
10101,q95_t1274
10102,q109_t1274
10102,q109_t1275
10103,q109_t1275
10103,q109_t1276
10104,q109_t1276
10104,q109_t1277
10104,q96_t1276
10104,q96_t1277
10105,q109_t1277
10105,q109_t1278
10106,q109_t1278
10106,q109_t1279
10107,q109_t1279
10107,q109_t1280
10107,q97_t1279
10107,q97_t1280
10108,q109_t1280
10108,q109_t1281
10109,q109_t1281
10109,q109_t1282
10110,q109_t1282
10110,q109_t1283
10110,q98_t1282
10110,q98_t1283
10111,q109_t1283
10111,q109_t1284
10112,q109_t1284
10112,q109_t1285
10113,q109_t1285
10113,q109_t1286
10113,q99_t1285
10113,q99_t1286
10114,q109_t1286
10114,q109_t1287
10115,q109_t1287
10115,q109_t1288
10116,q109_t1289
10116,q109_t1290
10117,q109_t1290
10117,q109_t1291
10118,q109_t1292
10118,q109_t1293
10119,q109_t1293
10119,q109_t1294
10120,q109_t1295
10120,q109_t1296
10121,q109_t1296
10121,q109_t1297
10122,q109_t1298
10122,q109_t1299
10123,q109_t1299
10123,q109_t1300
10124,q109_t1301
10124,q109_t1302
10125,q109_t1302
10125,q109_t1303
10126,q109_t1304
10126,q109_t1305
10127,q109_t1305
10127,q109_t1306
10128,q109_t1307
10128,q109_t1308
10129,q109_t1308
10129,q109_t1309
10130,q109_t1310
10130,q109_t1311
10131,q109_t1311
10131,q109_t1312
10132,q109_t1313
10132,q109_t1314
10133,q109_t1314
10133,q109_t1315
10134,q109_t327
10134,q109_t328
10135,q109_t328
10135,q109_t329
10136,q109_t329
10136,q109_t330
10136,q1_t329
10136,q1_t330
10137,q109_t330
10137,q109_t331
10138,q109_t331
10138,q109_t332
10139,q109_t332
10139,q109_t333
10139,q2_t332
10139,q2_t333
10140,q109_t333
10140,q109_t334
10141,q109_t334
10141,q109_t335
10142,q109_t335
10142,q109_t336
10142,q3_t335
10142,q3_t336
10143,q109_t336
10143,q109_t337
10144,q109_t337
10144,q109_t338
10145,q109_t338
10145,q109_t339
10145,q4_t338
10145,q4_t339
10146,q109_t339
10146,q109_t340
10147,q109_t340
10147,q109_t341
10148,q109_t341
10148,q109_t342
10148,q5_t341
10148,q5_t342
10149,q109_t342
10149,q109_t343
10150,q109_t343
10150,q109_t344
10151,q109_t344
10151,q109_t345
10151,q6_t344
10151,q6_t345
10152,q109_t345
10152,q109_t346
10153,q109_t346
10153,q109_t347
10154,q109_t347
10154,q109_t348
10154,q7_t347
10154,q7_t348
10155,q109_t348
10155,q109_t349
10156,q109_t349
10156,q109_t350
10157,q109_t350
10157,q109_t351
10157,q8_t350
10157,q8_t351
10158,q109_t351
10158,q109_t352
10159,q109_t352
10159,q109_t353
10160,q109_t353
10160,q109_t354
10160,q9_t353
10160,q9_t354
10161,q109_t354
10161,q109_t355
10162,q109_t355
10162,q109_t356
10163,q109_t356
10163,q109_t357
10163,q10_t356
10163,q10_t357
10164,q109_t357
10164,q109_t358
10165,q109_t358
10165,q109_t359
10166,q109_t359
10166,q109_t360
10166,q11_t359
10166,q11_t360
10167,q109_t360
10167,q109_t361
10168,q109_t361
10168,q109_t362
10169,q109_t362
10169,q109_t363
10169,q12_t362
10169,q12_t363
10170,q109_t363
10170,q109_t364
10171,q109_t364
10171,q109_t365
10172,q109_t365
10172,q109_t366
10172,q13_t365
10172,q13_t366
10173,q109_t366
10173,q109_t367
10174,q109_t367
10174,q109_t368
10175,q109_t368
10175,q109_t369
10175,q14_t368
10175,q14_t369
10176,q109_t369
10176,q109_t370
10177,q109_t370
10177,q109_t371
10178,q109_t371
10178,q109_t372
10178,q15_t371
10178,q15_t372
10179,q109_t372
10179,q109_t373
10180,q109_t373
10180,q109_t374
10181,q109_t374
10181,q109_t375
10181,q16_t374
10181,q16_t375
10182,q109_t375
10182,q109_t376
10183,q109_t376
10183,q109_t377
10184,q109_t377
10184,q109_t378
10184,q17_t377
10184,q17_t378
10185,q109_t378
10185,q109_t379
10186,q109_t379
10186,q109_t380
10187,q109_t380
10187,q109_t381
10187,q18_t380
10187,q18_t381
10188,q109_t381
10188,q109_t382
10189,q109_t382
10189,q109_t383
10190,q109_t383
10190,q109_t384
10190,q19_t383
10190,q19_t384
10191,q109_t384
10191,q109_t385
10192,q109_t385
10192,q109_t386
10193,q109_t386
10193,q109_t387
10193,q20_t386
10193,q20_t387
10194,q109_t387
10194,q109_t388
10195,q109_t388
10195,q109_t389
10196,q109_t389
10196,q109_t390
10196,q21_t389
10196,q21_t390
10197,q109_t390
10197,q109_t391
10198,q109_t391
10198,q109_t392
10199,q109_t392
10199,q109_t393
10199,q22_t392
10199,q22_t393
10200,q109_t393
10200,q109_t394
10201,q109_t394
10201,q109_t395
10202,q109_t395
10202,q109_t396
10202,q23_t395
10202,q23_t396
10203,q109_t396
10203,q109_t397
10204,q109_t397
10204,q109_t398
10205,q109_t398
10205,q109_t399
10205,q24_t398
10205,q24_t399
10206,q109_t399
10206,q109_t400
10207,q109_t400
10207,q109_t401
10208,q109_t401
10208,q109_t402
10208,q25_t401
10208,q25_t402
10209,q109_t402
10209,q109_t403
10210,q109_t403
10210,q109_t404
10211,q109_t404
10211,q109_t405
10211,q26_t404
10211,q26_t405
10212,q109_t405
10212,q109_t406
10213,q109_t406
10213,q109_t407
10214,q109_t407
10214,q109_t408
10214,q27_t407
10214,q27_t408
10215,q109_t408
10215,q109_t409
10216,q109_t409
10216,q109_t410
10217,q109_t410
10217,q109_t411
10217,q28_t410
10217,q28_t411
10218,q109_t411
10218,q109_t412
10219,q109_t412
10219,q109_t413
10220,q109_t413
10220,q109_t414
10220,q29_t413
10220,q29_t414
10221,q109_t414
10221,q109_t415
10222,q109_t415
10222,q109_t416
10223,q109_t416
10223,q109_t417
10223,q30_t416
10223,q30_t417
10224,q109_t417
10224,q109_t418
10225,q109_t418
10225,q109_t419
10226,q109_t419
10226,q109_t420
10226,q31_t419
10226,q31_t420
10227,q109_t420
10227,q109_t421
10228,q109_t421
10228,q109_t422
10229,q109_t422
10229,q109_t423
10229,q32_t422
10229,q32_t423
10230,q109_t423
10230,q109_t424
10231,q109_t424
10231,q109_t425
10232,q109_t425
10232,q109_t426
10232,q33_t425
10232,q33_t426
10233,q109_t426
10233,q109_t427
10234,q109_t427
10234,q109_t428
10235,q109_t428
10235,q109_t429
10235,q34_t428
10235,q34_t429
10236,q109_t429
10236,q109_t430
10237,q109_t430
10237,q109_t431
10238,q109_t431
10238,q109_t432
10238,q35_t431
10238,q35_t432
10239,q109_t432
10239,q109_t433
10240,q109_t433
10240,q109_t434
10241,q109_t434
10241,q109_t435
10241,q36_t434
10241,q36_t435
10242,q109_t435
10242,q109_t436
10243,q109_t436
10243,q109_t437
10244,q109_t437
10244,q109_t438
10244,q37_t437
10244,q37_t438
10245,q109_t438
10245,q109_t439
10246,q109_t439
10246,q109_t440
10247,q109_t440
10247,q109_t441
10247,q38_t440
10247,q38_t441
10248,q109_t441
10248,q109_t442
10249,q109_t442
10249,q109_t443
10250,q109_t443
10250,q109_t444
10250,q39_t443
10250,q39_t444
10251,q109_t444
10251,q109_t445
10252,q109_t445
10252,q109_t446
10253,q109_t446
10253,q109_t447
10253,q40_t446
10253,q40_t447
10254,q109_t447
10254,q109_t448
10255,q109_t448
10255,q109_t449
10256,q109_t449
10256,q109_t450
10256,q41_t449
10256,q41_t450
10257,q109_t450
10257,q109_t451
10258,q109_t451
10258,q109_t452
10259,q109_t452
10259,q109_t453
10259,q42_t452
10259,q42_t453
10260,q109_t453
10260,q109_t454
10261,q109_t454
10261,q109_t455
10262,q109_t455
10262,q109_t456
10262,q43_t455
10262,q43_t456
10263,q109_t456
10263,q109_t457
10264,q109_t457
10264,q109_t458
10265,q109_t458
10265,q109_t459
10265,q44_t458
10265,q44_t459
10266,q109_t459
10266,q109_t460
10267,q109_t460
10267,q109_t461
10268,q109_t461
10268,q109_t462
10268,q45_t461
10268,q45_t462
10269,q109_t462
10269,q109_t463
10270,q109_t463
10270,q109_t464
10271,q109_t464
10271,q109_t465
10271,q46_t464
10271,q46_t465
10272,q109_t465
10272,q109_t466
10273,q109_t466
10273,q109_t467
10274,q109_t467
10274,q109_t468
10274,q47_t467
10274,q47_t468
10275,q109_t468
10275,q109_t469
10276,q109_t469
10276,q109_t470
10277,q109_t470
10277,q109_t471
10277,q48_t470
10277,q48_t471
10278,q109_t471
10278,q109_t472
10279,q109_t472
10279,q109_t473
10280,q109_t473
10280,q109_t474
10280,q49_t473
10280,q49_t474
10281,q109_t474
10281,q109_t475
10282,q109_t475
10282,q109_t476
10283,q109_t476
10283,q109_t477
10283,q50_t476
10283,q50_t477
10284,q109_t477
10284,q109_t478
10285,q109_t478
10285,q109_t479
10286,q109_t479
10286,q109_t480
10286,q51_t479
10286,q51_t480
10287,q109_t480
10287,q109_t481
10288,q109_t481
10288,q109_t482
10289,q109_t482
10289,q109_t483
10289,q52_t482
10289,q52_t483
10290,q109_t483
10290,q109_t484
10291,q109_t484
10291,q109_t485
10292,q109_t485
10292,q109_t486
10292,q53_t485
10292,q53_t486
10293,q109_t486
10293,q109_t487
10294,q109_t487
10294,q109_t488
10295,q109_t488
10295,q109_t489
10295,q54_t488
10295,q54_t489
10296,q109_t489
10296,q109_t490
10297,q109_t490
10297,q109_t491
10298,q109_t491
10298,q109_t492
10298,q55_t491
10298,q55_t492
10299,q109_t492
10299,q109_t493
10300,q109_t493
10300,q109_t494
10301,q109_t494
10301,q109_t495
10301,q56_t494
10301,q56_t495
10302,q109_t495
10302,q109_t496
10303,q109_t496
10303,q109_t497
10304,q109_t497
10304,q109_t498
10304,q57_t497
10304,q57_t498
10305,q109_t498
10305,q109_t499
10306,q109_t499
10306,q109_t500
10307,q109_t500
10307,q109_t501
10307,q58_t500
10307,q58_t501
10308,q109_t501
10308,q109_t502
10309,q109_t502
10309,q109_t503
10310,q109_t503
10310,q109_t504
10310,q59_t503
10310,q59_t504
10311,q109_t504
10311,q109_t505
10312,q109_t505
10312,q109_t506
10313,q109_t506
10313,q109_t507
10313,q60_t506
10313,q60_t507
10314,q109_t507
10314,q109_t508
10315,q109_t508
10315,q109_t509
10316,q109_t509
10316,q109_t510
10316,q61_t509
10316,q61_t510
10317,q109_t510
10317,q109_t511
10318,q109_t511
10318,q109_t512
10319,q109_t512
10319,q109_t513
10319,q62_t512
10319,q62_t513
10320,q109_t513
10320,q109_t514
10321,q109_t514
10321,q109_t515
10322,q109_t515
10322,q109_t516
10322,q63_t515
10322,q63_t516
10323,q109_t516
10323,q109_t517
10324,q109_t517
10324,q109_t518
10325,q109_t518
10325,q109_t519
10325,q64_t518
10325,q64_t519
10326,q109_t519
10326,q109_t520
10327,q109_t520
10327,q109_t521
10328,q109_t521
10328,q109_t522
10328,q65_t521
10328,q65_t522
10329,q109_t522
10329,q109_t523
10330,q109_t523
10330,q109_t524
10331,q109_t524
10331,q109_t525
10331,q66_t524
10331,q66_t525
10332,q109_t525
10332,q109_t526
10333,q109_t526
10333,q109_t527
10334,q109_t527
10334,q109_t528
10334,q67_t527
10334,q67_t528
10335,q109_t528
10335,q109_t529
10336,q109_t529
10336,q109_t530
10337,q109_t530
10337,q109_t531
10337,q68_t530
10337,q68_t531
10338,q109_t531
10338,q109_t532
10339,q109_t532
10339,q109_t533
10340,q109_t533
10340,q109_t534
10340,q69_t533
10340,q69_t534
10341,q109_t534
10341,q109_t535
10342,q109_t535
10342,q109_t536
10343,q109_t536
10343,q109_t537
10343,q70_t536
10343,q70_t537
10344,q109_t537
10344,q109_t538
10345,q109_t538
10345,q109_t539
10346,q109_t539
10346,q109_t540
10346,q71_t539
10346,q71_t540
10347,q109_t540
10347,q109_t541
10348,q109_t541
10348,q109_t542
10349,q109_t542
10349,q109_t543
10349,q72_t542
10349,q72_t543
10350,q109_t543
10350,q109_t544
10351,q109_t544
10351,q109_t545
10352,q109_t545
10352,q109_t546
10352,q73_t545
10352,q73_t546
10353,q109_t546
10353,q109_t547
10354,q109_t547
10354,q109_t548
10355,q109_t548
10355,q109_t549
10355,q74_t548
10355,q74_t549
10356,q109_t549
10356,q109_t550
10357,q109_t550
10357,q109_t551
10358,q109_t551
10358,q109_t552
10358,q75_t551
10358,q75_t552
10359,q109_t552
10359,q109_t553
10360,q109_t553
10360,q109_t554
10361,q109_t554
10361,q109_t555
10361,q76_t554
10361,q76_t555
10362,q109_t555
10362,q109_t556
10363,q109_t556
10363,q109_t557
10364,q109_t557
10364,q109_t558
10364,q77_t557
10364,q77_t558
10365,q109_t558
10365,q109_t559
10366,q109_t559
10366,q109_t560
10367,q109_t560
10367,q109_t561
10367,q78_t560
10367,q78_t561
10368,q109_t561
10368,q109_t562
10369,q109_t562
10369,q109_t563
10370,q109_t563
10370,q109_t564
10370,q79_t563
10370,q79_t564
10371,q109_t564
10371,q109_t565
10372,q109_t565
10372,q109_t566
10373,q109_t566
10373,q109_t567
10373,q80_t566
10373,q80_t567
10374,q109_t567
10374,q109_t568
10375,q109_t568
10375,q109_t569
10376,q109_t569
10376,q109_t570
10376,q81_t569
10376,q81_t570
10377,q109_t570
10377,q109_t571
10378,q109_t571
10378,q109_t572
10379,q109_t572
10379,q109_t573
10379,q82_t572
10379,q82_t573
10380,q109_t573
10380,q109_t574
10381,q109_t574
10381,q109_t575
10382,q109_t575
10382,q109_t576
10382,q83_t575
10382,q83_t576
10383,q109_t576
10383,q109_t577
10384,q109_t577
10384,q109_t578
10385,q109_t578
10385,q109_t579
10385,q84_t578
10385,q84_t579
10386,q109_t579
10386,q109_t580
10387,q109_t580
10387,q109_t581
10388,q109_t581
10388,q109_t582
10388,q85_t581
10388,q85_t582
10389,q109_t582
10389,q109_t583
10390,q109_t583
10390,q109_t584
10391,q109_t584
10391,q109_t585
10391,q86_t584
10391,q86_t585
10392,q109_t585
10392,q109_t586
10393,q109_t586
10393,q109_t587
10394,q109_t587
10394,q109_t588
10394,q87_t587
10394,q87_t588
10395,q109_t588
10395,q109_t589
10396,q109_t589
10396,q109_t590
10397,q109_t590
10397,q109_t591
10397,q88_t590
10397,q88_t591
10398,q109_t591
10398,q109_t592
10399,q109_t592
10399,q109_t593
10400,q109_t593
10400,q109_t594
10400,q89_t593
10400,q89_t594
10401,q109_t594
10401,q109_t595
10402,q109_t595
10402,q109_t596
10403,q109_t596
10403,q109_t597
10403,q90_t596
10403,q90_t597
10404,q109_t597
10404,q109_t598
10405,q109_t598
10405,q109_t599
10406,q109_t599
10406,q109_t600
10406,q91_t599
10406,q91_t600
10407,q109_t600
10407,q109_t601
10408,q109_t601
10408,q109_t602
10409,q109_t602
10409,q109_t603
10409,q92_t602
10409,q92_t603
10410,q109_t603
10410,q109_t604
10411,q109_t604
10411,q109_t605
10412,q109_t605
10412,q109_t606
10412,q93_t605
10412,q93_t606
10413,q109_t606
10413,q109_t607
10414,q109_t607
10414,q109_t608
10415,q109_t608
10415,q109_t609
10415,q94_t608
10415,q94_t609
10416,q109_t609
10416,q109_t610
10417,q109_t610
10417,q109_t611
10418,q109_t611
10418,q109_t612
10418,q95_t611
10418,q95_t612
10419,q109_t612
10419,q109_t613
10420,q109_t613
10420,q109_t614
10421,q109_t614
10421,q109_t615
10421,q96_t614
10421,q96_t615
10422,q109_t615
10422,q109_t616
10423,q109_t616
10423,q109_t617
10424,q109_t617
10424,q109_t618
10424,q97_t617
10424,q97_t618
10425,q109_t618
10425,q109_t619
10426,q109_t619
10426,q109_t620
10427,q109_t620
10427,q109_t621
10427,q98_t620
10427,q98_t621
10428,q109_t621
10428,q109_t622
10429,q109_t622
10429,q109_t623
10430,q109_t623
10430,q109_t624
10430,q99_t623
10430,q99_t624
10431,q109_t624
10431,q109_t625
10432,q109_t625
10432,q109_t626
10433,q109_t627
10433,q109_t628
10434,q109_t628
10434,q109_t629
10435,q109_t630
10435,q109_t631
10436,q109_t631
10436,q109_t632
10437,q109_t633
10437,q109_t634
10438,q109_t634
10438,q109_t635
10439,q109_t636
10439,q109_t637
10440,q109_t637
10440,q109_t638
10441,q109_t639
10441,q109_t640
10442,q109_t640
10442,q109_t641
10443,q109_t642
10443,q109_t643
10444,q109_t643
10444,q109_t644
10445,q109_t645
10445,q109_t646
10446,q109_t646
10446,q109_t647
10447,q109_t648
10447,q109_t649
10448,q109_t649
10448,q109_t650
10449,q109_t651
10449,q109_t652
10450,q109_t652
10450,q109_t653
10451,q109_t653
10451,q109_t657
10452,q109_t658
10452,q109_t659
10453,q109_t659
10453,q109_t660
10454,q109_t660
10454,q109_t661
10454,q1_t660
10454,q1_t661
10455,q109_t661
10455,q109_t662
10456,q109_t662
10456,q109_t663
10457,q109_t663
10457,q109_t664
10457,q2_t663
10457,q2_t664
10458,q109_t664
10458,q109_t665
10459,q109_t665
10459,q109_t666
10460,q109_t666
10460,q109_t667
10460,q3_t666
10460,q3_t667
10461,q109_t667
10461,q109_t668
10462,q109_t668
10462,q109_t669
10463,q109_t669
10463,q109_t670
10463,q4_t669
10463,q4_t670
10464,q109_t670
10464,q109_t671
10465,q109_t671
10465,q109_t672
10466,q109_t672
10466,q109_t673
10466,q5_t672
10466,q5_t673
10467,q109_t673
10467,q109_t674
10468,q109_t674
10468,q109_t675
10469,q109_t675
10469,q109_t676
10469,q6_t675
10469,q6_t676
10470,q109_t676
10470,q109_t677
10471,q109_t677
10471,q109_t678
10472,q109_t678
10472,q109_t679
10472,q7_t678
10472,q7_t679
10473,q109_t679
10473,q109_t680
10474,q109_t680
10474,q109_t681
10475,q109_t681
10475,q109_t682
10475,q8_t681
10475,q8_t682
10476,q109_t682
10476,q109_t683
10477,q109_t683
10477,q109_t684
10478,q109_t684
10478,q109_t685
10478,q9_t684
10478,q9_t685
10479,q109_t685
10479,q109_t686
10480,q109_t686
10480,q109_t687
10481,q109_t687
10481,q109_t688
10481,q10_t687
10481,q10_t688
10482,q109_t688
10482,q109_t689
10483,q109_t689
10483,q109_t690
10484,q109_t690
10484,q109_t691
10484,q11_t690
10484,q11_t691
10485,q109_t691
10485,q109_t692
10486,q109_t692
10486,q109_t693
10487,q109_t693
10487,q109_t694
10487,q12_t693
10487,q12_t694
10488,q109_t694
10488,q109_t695
10489,q109_t695
10489,q109_t696
10490,q109_t696
10490,q109_t697
10490,q13_t696
10490,q13_t697
10491,q109_t697
10491,q109_t698
10492,q109_t698
10492,q109_t699
10493,q109_t699
10493,q109_t700
10493,q14_t699
10493,q14_t700
10494,q109_t700
10494,q109_t701
10495,q109_t701
10495,q109_t702
10496,q109_t702
10496,q109_t703
10496,q15_t702
10496,q15_t703
10497,q109_t703
10497,q109_t704
10498,q109_t704
10498,q109_t705
10499,q109_t705
10499,q109_t706
10499,q16_t705
10499,q16_t706
10500,q109_t706
10500,q109_t707
10501,q109_t707
10501,q109_t708
10502,q109_t708
10502,q109_t709
10502,q17_t708
10502,q17_t709
10503,q109_t709
10503,q109_t710
10504,q109_t710
10504,q109_t711
10505,q109_t711
10505,q109_t712
10505,q18_t711
10505,q18_t712
10506,q109_t712
10506,q109_t713
10507,q109_t713
10507,q109_t714
10508,q109_t714
10508,q109_t715
10508,q19_t714
10508,q19_t715
10509,q109_t715
10509,q109_t716
10510,q109_t716
10510,q109_t717
10511,q109_t717
10511,q109_t718
10511,q20_t717
10511,q20_t718
10512,q109_t718
10512,q109_t719
10513,q109_t719
10513,q109_t720
10514,q109_t720
10514,q109_t721
10514,q21_t720
10514,q21_t721
10515,q109_t721
10515,q109_t722
10516,q109_t722
10516,q109_t723
10517,q109_t723
10517,q109_t724
10517,q22_t723
10517,q22_t724
10518,q109_t724
10518,q109_t725
10519,q109_t725
10519,q109_t726
10520,q109_t726
10520,q109_t727
10520,q23_t726
10520,q23_t727
10521,q109_t727
10521,q109_t728
10522,q109_t728
10522,q109_t729
10523,q109_t729
10523,q109_t730
10523,q24_t729
10523,q24_t730
10524,q109_t730
10524,q109_t731
10525,q109_t731
10525,q109_t732
10526,q109_t732
10526,q109_t733
10526,q25_t732
10526,q25_t733
10527,q109_t733
10527,q109_t734
10528,q109_t734
10528,q109_t735
10529,q109_t735
10529,q109_t736
10529,q26_t735
10529,q26_t736
10530,q109_t736
10530,q109_t737
10531,q109_t737
10531,q109_t738
10532,q109_t738
10532,q109_t739
10532,q27_t738
10532,q27_t739
10533,q109_t739
10533,q109_t740
10534,q109_t740
10534,q109_t741
10535,q109_t741
10535,q109_t742
10535,q28_t741
10535,q28_t742
10536,q109_t742
10536,q109_t743
10537,q109_t743
10537,q109_t744
10538,q109_t744
10538,q109_t745
10538,q29_t744
10538,q29_t745
10539,q109_t745
10539,q109_t746
10540,q109_t746
10540,q109_t747
10541,q109_t747
10541,q109_t748
10541,q30_t747
10541,q30_t748
10542,q109_t748
10542,q109_t749
10543,q109_t749
10543,q109_t750
10544,q109_t750
10544,q109_t751
10544,q31_t750
10544,q31_t751
10545,q109_t751
10545,q109_t752
10546,q109_t752
10546,q109_t753
10547,q109_t753
10547,q109_t754
10547,q32_t753
10547,q32_t754
10548,q109_t754
10548,q109_t755
10549,q109_t755
10549,q109_t756
10550,q109_t756
10550,q109_t757
10550,q33_t756
10550,q33_t757
10551,q109_t757
10551,q109_t758
10552,q109_t758
10552,q109_t759
10553,q109_t759
10553,q109_t760
10553,q34_t759
10553,q34_t760
10554,q109_t760
10554,q109_t761
10555,q109_t761
10555,q109_t762
10556,q109_t762
10556,q109_t763
10556,q35_t762
10556,q35_t763
10557,q109_t763
10557,q109_t764
10558,q109_t764
10558,q109_t765
10559,q109_t765
10559,q109_t766
10559,q36_t765
10559,q36_t766
10560,q109_t766
10560,q109_t767
10561,q109_t767
10561,q109_t768
10562,q109_t768
10562,q109_t769
10562,q37_t768
10562,q37_t769
10563,q109_t769
10563,q109_t770
10564,q109_t770
10564,q109_t771
10565,q109_t771
10565,q109_t772
10565,q38_t771
10565,q38_t772
10566,q109_t772
10566,q109_t773
10567,q109_t773
10567,q109_t774
10568,q109_t774
10568,q109_t775
10568,q39_t774
10568,q39_t775
10569,q109_t775
10569,q109_t776
10570,q109_t776
10570,q109_t777
10571,q109_t777
10571,q109_t778
10571,q40_t777
10571,q40_t778
10572,q109_t778
10572,q109_t779
10573,q109_t779
10573,q109_t780
10574,q109_t780
10574,q109_t781
10574,q41_t780
10574,q41_t781
10575,q109_t781
10575,q109_t782
10576,q109_t782
10576,q109_t783
10577,q109_t783
10577,q109_t784
10577,q42_t783
10577,q42_t784
10578,q109_t784
10578,q109_t785
10579,q109_t785
10579,q109_t786
10580,q109_t786
10580,q109_t787
10580,q43_t786
10580,q43_t787
10581,q109_t787
10581,q109_t788
10582,q109_t788
10582,q109_t789
10583,q109_t789
10583,q109_t790
10583,q44_t789
10583,q44_t790
10584,q109_t790
10584,q109_t791
10585,q109_t791
10585,q109_t792
10586,q109_t792
10586,q109_t793
10586,q45_t792
10586,q45_t793
10587,q109_t793
10587,q109_t794
10588,q109_t794
10588,q109_t795
10589,q109_t795
10589,q109_t796
10589,q46_t795
10589,q46_t796
10590,q109_t796
10590,q109_t797
10591,q109_t797
10591,q109_t798
10592,q109_t798
10592,q109_t799
10592,q47_t798
10592,q47_t799
10593,q109_t799
10593,q109_t800
10594,q109_t800
10594,q109_t801
10595,q109_t801
10595,q109_t802
10595,q48_t801
10595,q48_t802
10596,q109_t802
10596,q109_t803
10597,q109_t803
10597,q109_t804
10598,q109_t804
10598,q109_t805
10598,q49_t804
10598,q49_t805
10599,q109_t805
10599,q109_t806
10600,q109_t806
10600,q109_t807
10601,q109_t807
10601,q109_t808
10601,q50_t807
10601,q50_t808
10602,q109_t808
10602,q109_t809
10603,q109_t809
10603,q109_t810
10604,q109_t810
10604,q109_t811
10604,q51_t810
10604,q51_t811
10605,q109_t811
10605,q109_t812
10606,q109_t812
10606,q109_t813
10607,q109_t813
10607,q109_t814
10607,q52_t813
10607,q52_t814
10608,q109_t814
10608,q109_t815
10609,q109_t815
10609,q109_t816
10610,q109_t816
10610,q109_t817
10610,q53_t816
10610,q53_t817
10611,q109_t817
10611,q109_t818
10612,q109_t818
10612,q109_t819
10613,q109_t819
10613,q109_t820
10613,q54_t819
10613,q54_t820
10614,q109_t820
10614,q109_t821
10615,q109_t821
10615,q109_t822
10616,q109_t822
10616,q109_t823
10616,q55_t822
10616,q55_t823
10617,q109_t823
10617,q109_t824
10618,q109_t824
10618,q109_t825
10619,q109_t825
10619,q109_t826
10619,q56_t825
10619,q56_t826
10620,q109_t826
10620,q109_t827
10621,q109_t827
10621,q109_t828
10622,q109_t828
10622,q109_t829
10622,q57_t828
10622,q57_t829
10623,q109_t829
10623,q109_t830
10624,q109_t830
10624,q109_t831
10625,q109_t831
10625,q109_t832
10625,q58_t831
10625,q58_t832
10626,q109_t832
10626,q109_t833
10627,q109_t833
10627,q109_t834
10628,q109_t834
10628,q109_t835
10628,q59_t834
10628,q59_t835
10629,q109_t835
10629,q109_t836
10630,q109_t836
10630,q109_t837
10631,q109_t837
10631,q109_t838
10631,q60_t837
10631,q60_t838
10632,q109_t838
10632,q109_t839
10633,q109_t839
10633,q109_t840
10634,q109_t840
10634,q109_t841
10634,q61_t840
10634,q61_t841
10635,q109_t841
10635,q109_t842
10636,q109_t842
10636,q109_t843
10637,q109_t843
10637,q109_t844
10637,q62_t843
10637,q62_t844
10638,q109_t844
10638,q109_t845
10639,q109_t845
10639,q109_t846
10640,q109_t846
10640,q109_t847
10640,q63_t846
10640,q63_t847
10641,q109_t847
10641,q109_t848
10642,q109_t848
10642,q109_t849
10643,q109_t849
10643,q109_t850
10643,q64_t849
10643,q64_t850
10644,q109_t850
10644,q109_t851
10645,q109_t851
10645,q109_t852
10646,q109_t852
10646,q109_t853
10646,q65_t852
10646,q65_t853
10647,q109_t853
10647,q109_t854
10648,q109_t854
10648,q109_t855
10649,q109_t855
10649,q109_t856
10649,q66_t855
10649,q66_t856
10650,q109_t856
10650,q109_t857
10651,q109_t857
10651,q109_t858
10652,q109_t858
10652,q109_t859
10652,q67_t858
10652,q67_t859
10653,q109_t859
10653,q109_t860
10654,q109_t860
10654,q109_t861
10655,q109_t861
10655,q109_t862
10655,q68_t861
10655,q68_t862
10656,q109_t862
10656,q109_t863
10657,q109_t863
10657,q109_t864
10658,q109_t864
10658,q109_t865
10658,q69_t864
10658,q69_t865
10659,q109_t865
10659,q109_t866
10660,q109_t866
10660,q109_t867
10661,q109_t867
10661,q109_t868
10661,q70_t867
10661,q70_t868
10662,q109_t868
10662,q109_t869
10663,q109_t869
10663,q109_t870
10664,q109_t870
10664,q109_t871
10664,q71_t870
10664,q71_t871
10665,q109_t871
10665,q109_t872
10666,q109_t872
10666,q109_t873
10667,q109_t873
10667,q109_t874
10667,q72_t873
10667,q72_t874
10668,q109_t874
10668,q109_t875
10669,q109_t875
10669,q109_t876
10670,q109_t876
10670,q109_t877
10670,q73_t876
10670,q73_t877
10671,q109_t877
10671,q109_t878
10672,q109_t878
10672,q109_t879
10673,q109_t879
10673,q109_t880
10673,q74_t879
10673,q74_t880
10674,q109_t880
10674,q109_t881
10675,q109_t881
10675,q109_t882
10676,q109_t882
10676,q109_t883
10676,q75_t882
10676,q75_t883
10677,q109_t883
10677,q109_t884
10678,q109_t884
10678,q109_t885
10679,q109_t885
10679,q109_t886
10679,q76_t885
10679,q76_t886
10680,q109_t886
10680,q109_t887
10681,q109_t887
10681,q109_t888
10682,q109_t888
10682,q109_t889
10682,q77_t888
10682,q77_t889
10683,q109_t889
10683,q109_t890
10684,q109_t890
10684,q109_t891
10685,q109_t891
10685,q109_t892
10685,q78_t891
10685,q78_t892
10686,q109_t892
10686,q109_t893
10687,q109_t893
10687,q109_t894
10688,q109_t894
10688,q109_t895
10688,q79_t894
10688,q79_t895
10689,q109_t895
10689,q109_t896
10690,q109_t896
10690,q109_t897
10691,q109_t897
10691,q109_t898
10691,q80_t897
10691,q80_t898
10692,q109_t898
10692,q109_t899
10693,q109_t899
10693,q109_t900
10694,q109_t900
10694,q109_t901
10694,q81_t900
10694,q81_t901
10695,q109_t901
10695,q109_t902
10696,q109_t902
10696,q109_t903
10697,q109_t903
10697,q109_t904
10697,q82_t903
10697,q82_t904
10698,q109_t904
10698,q109_t905
10699,q109_t905
10699,q109_t906
10700,q109_t906
10700,q109_t907
10700,q83_t906
10700,q83_t907
10701,q109_t907
10701,q109_t908
10702,q109_t908
10702,q109_t909
10703,q109_t909
10703,q109_t910
10703,q84_t909
10703,q84_t910
10704,q109_t910
10704,q109_t911
10705,q109_t911
10705,q109_t912
10706,q109_t912
10706,q109_t913
10706,q85_t912
10706,q85_t913
10707,q109_t913
10707,q109_t914
10708,q109_t914
10708,q109_t915
10709,q109_t915
10709,q109_t916
10709,q86_t915
10709,q86_t916
10710,q109_t916
10710,q109_t917
10711,q109_t917
10711,q109_t918
10712,q109_t918
10712,q109_t919
10712,q87_t918
10712,q87_t919
10713,q109_t919
10713,q109_t920
10714,q109_t920
10714,q109_t921
10715,q109_t921
10715,q109_t922
10715,q88_t921
10715,q88_t922
10716,q109_t922
10716,q109_t923
10717,q109_t923
10717,q109_t924
10718,q109_t924
10718,q109_t925
10718,q89_t924
10718,q89_t925
10719,q109_t925
10719,q109_t926
10720,q109_t926
10720,q109_t927
10721,q109_t927
10721,q109_t928
10721,q90_t927
10721,q90_t928
10722,q109_t928
10722,q109_t929
10723,q109_t929
10723,q109_t930
10724,q109_t930
10724,q109_t931
10724,q91_t930
10724,q91_t931
10725,q109_t931
10725,q109_t932
10726,q109_t932
10726,q109_t933
10727,q109_t933
10727,q109_t934
10727,q92_t933
10727,q92_t934
10728,q109_t934
10728,q109_t935
10729,q109_t935
10729,q109_t936
10730,q109_t936
10730,q109_t937
10730,q93_t936
10730,q93_t937
10731,q109_t937
10731,q109_t938
10732,q109_t938
10732,q109_t939
10733,q109_t939
10733,q109_t940
10733,q94_t939
10733,q94_t940
10734,q109_t940
10734,q109_t941
10735,q109_t941
10735,q109_t942
10736,q109_t942
10736,q109_t943
10736,q95_t942
10736,q95_t943
10737,q109_t943
10737,q109_t944
10738,q109_t944
10738,q109_t945
10739,q109_t945
10739,q109_t946
10739,q96_t945
10739,q96_t946
10740,q109_t946
10740,q109_t947
10741,q109_t947
10741,q109_t948
10742,q109_t948
10742,q109_t949
10742,q97_t948
10742,q97_t949
10743,q109_t949
10743,q109_t950
10744,q109_t950
10744,q109_t951
10745,q109_t951
10745,q109_t952
10745,q98_t951
10745,q98_t952
10746,q109_t952
10746,q109_t953
10747,q109_t953
10747,q109_t954
10748,q109_t954
10748,q109_t955
10748,q99_t954
10748,q99_t955
10749,q109_t955
10749,q109_t956
10750,q109_t956
10750,q109_t957
10751,q109_t958
10751,q109_t959
10752,q109_t959
10752,q109_t960
10753,q109_t961
10753,q109_t962
10754,q109_t962
10754,q109_t963
10755,q109_t964
10755,q109_t965
10756,q109_t965
10756,q109_t966
10757,q109_t967
10757,q109_t968
10758,q109_t968
10758,q109_t969
10759,q109_t970
10759,q109_t971
10760,q109_t971
10760,q109_t972
10761,q109_t973
10761,q109_t974
10762,q109_t974
10762,q109_t975
10763,q109_t976
10763,q109_t977
10764,q109_t977
10764,q109_t978
10765,q109_t979
10765,q109_t980
10766,q109_t980
10766,q109_t981
10767,q109_t982
10767,q109_t983
10768,q109_t983
10768,q109_t984
10769,q109_t984
10769,q109_t988
10770,q109_t989
10770,q109_t990
10771,q109_t990
10771,q109_t991
10772,q109_t991
10772,q109_t992
10772,q1_t991
10772,q1_t992
10773,q109_t992
10773,q109_t993
10774,q109_t993
10774,q109_t994
10775,q109_t994
10775,q109_t995
10775,q2_t994
10775,q2_t995
10776,q109_t995
10776,q109_t996
10777,q109_t996
10777,q109_t997
10778,q109_t997
10778,q109_t998
10778,q3_t997
10778,q3_t998
10779,q109_t998
10779,q109_t999
10780,q10_t0
10780,q10_t1
10781,q10_t1
10781,q10_t29
10782,q10_t100
10782,q10_t101
10783,q10_t100
10783,q10_t99
10784,q10_t1000
10784,q10_t999
10785,q10_t1001
10785,q10_t1002
10786,q10_t1002
10786,q10_t1003
10787,q10_t1004
10787,q10_t1005
10788,q10_t1005
10788,q10_t1006
10789,q10_t1007
10789,q10_t1008
10790,q10_t1008
10790,q10_t1009
10791,q10_t101
10791,q10_t102
10791,q24_t101
10791,q24_t102
10792,q10_t1010
10792,q10_t1011
10793,q10_t1011
10793,q10_t1012
10794,q10_t1013
10794,q10_t1014
10795,q10_t1014
10795,q10_t1015
10796,q10_t1016
10796,q10_t1017
10797,q10_t1017
10797,q10_t1018
10798,q10_t1019
10798,q10_t1020
10799,q10_t102
10799,q10_t103
10800,q10_t1020
10800,q10_t1021
10801,q10_t103
10801,q10_t104
10802,q10_t104
10802,q10_t105
10802,q25_t104
10802,q25_t105
10803,q10_t105
10803,q10_t106
10804,q10_t106
10804,q10_t107
10805,q10_t107
10805,q10_t108
10805,q26_t107
10805,q26_t108
10806,q10_t108
10806,q10_t109
10807,q10_t109
10807,q10_t110
10808,q10_t110
10808,q10_t111
10808,q27_t110
10808,q27_t111
10809,q10_t111
10809,q10_t112
10810,q10_t112
10810,q10_t113
10811,q10_t113
10811,q10_t114
10811,q28_t113
10811,q28_t114
10812,q10_t114
10812,q10_t115
10813,q10_t115
10813,q10_t116
10814,q10_t116
10814,q10_t117
10814,q29_t116
10814,q29_t117
10815,q10_t117
10815,q10_t118
10816,q10_t118
10816,q10_t119
10817,q10_t119
10817,q10_t120
10817,q30_t119
10817,q30_t120
10818,q10_t120
10818,q10_t121
10819,q10_t121
10819,q10_t122
10820,q10_t122
10820,q10_t123
10820,q31_t122
10820,q31_t123
10821,q10_t123
10821,q10_t124
10822,q10_t124
10822,q10_t125
10823,q10_t125
10823,q10_t126
10823,q32_t125
10823,q32_t126
10824,q10_t126
10824,q10_t127
10825,q10_t127
10825,q10_t128
10826,q10_t128
10826,q10_t129
10826,q33_t128
10826,q33_t129
10827,q10_t129
10827,q10_t130
10828,q10_t130
10828,q10_t131
10829,q10_t131
10829,q10_t132
10829,q34_t131
10829,q34_t132
10830,q10_t132
10830,q10_t133
10831,q10_t133
10831,q10_t134
10832,q10_t134
10832,q10_t135
10832,q35_t134
10832,q35_t135
10833,q10_t135
10833,q10_t136
10834,q10_t136
10834,q10_t137
10835,q10_t137
10835,q10_t138
10835,q36_t137
10835,q36_t138
10836,q10_t138
10836,q10_t139
10837,q10_t139
10837,q10_t140
10838,q10_t140
10838,q10_t141
10838,q37_t140
10838,q37_t141
10839,q10_t141
10839,q10_t142
10840,q10_t142
10840,q10_t143
10841,q10_t143
10841,q10_t144
10841,q38_t143
10841,q38_t144
10842,q10_t144
10842,q10_t145
10843,q10_t145
10843,q10_t146
10844,q10_t146
10844,q10_t147
10844,q39_t146
10844,q39_t147
10845,q10_t147
10845,q10_t148
10846,q10_t148
10846,q10_t149
10847,q10_t149
10847,q10_t150
10847,q40_t149
10847,q40_t150
10848,q10_t150
10848,q10_t151
10849,q10_t151
10849,q10_t152
10850,q10_t152
10850,q10_t153
10850,q41_t152
10850,q41_t153
10851,q10_t153
10851,q10_t154
10852,q10_t154
10852,q10_t155
10853,q10_t155
10853,q10_t156
10853,q42_t155
10853,q42_t156
10854,q10_t156
10854,q10_t157
10855,q10_t157
10855,q10_t158
10856,q10_t158
10856,q10_t159
10856,q43_t158
10856,q43_t159
10857,q10_t159
10857,q10_t160
10858,q10_t160
10858,q10_t161
10859,q10_t161
10859,q10_t162
10859,q44_t161
10859,q44_t162
10860,q10_t162
10860,q10_t163
10861,q10_t163
10861,q10_t164
10862,q10_t164
10862,q10_t165
10862,q45_t164
10862,q45_t165
10863,q10_t165
10863,q10_t166
10864,q10_t166
10864,q10_t167
10865,q10_t167
10865,q10_t168
10865,q46_t167
10865,q46_t168
10866,q10_t168
10866,q10_t169
10867,q10_t169
10867,q10_t170
10868,q10_t170
10868,q10_t171
10868,q47_t170
10868,q47_t171
10869,q10_t171
10869,q10_t172
10870,q10_t172
10870,q10_t173
10871,q10_t173
10871,q10_t174
10871,q48_t173
10871,q48_t174
10872,q10_t174
10872,q10_t175
10873,q10_t175
10873,q10_t176
10874,q10_t176
10874,q10_t177
10874,q49_t176
10874,q49_t177
10875,q10_t177
10875,q10_t178
10876,q10_t178
10876,q10_t179
10877,q10_t179
10877,q10_t180
10877,q50_t179
10877,q50_t180
10878,q10_t180
10878,q10_t181
10879,q10_t181
10879,q10_t182
10880,q10_t182
10880,q10_t183
10880,q51_t182
10880,q51_t183
10881,q10_t183
10881,q10_t184
10882,q10_t184
10882,q10_t185
10883,q10_t185
10883,q10_t186
10883,q52_t185
10883,q52_t186
10884,q10_t186
10884,q10_t187
10885,q10_t187
10885,q10_t188
10886,q10_t188
10886,q10_t189
10886,q53_t188
10886,q53_t189
10887,q10_t189
10887,q10_t190
10888,q10_t190
10888,q10_t191
10889,q10_t191
10889,q10_t192
10889,q54_t191
10889,q54_t192
10890,q10_t192
10890,q10_t193
10891,q10_t193
10891,q10_t194
10892,q10_t194
10892,q10_t195
10892,q55_t194
10892,q55_t195
10893,q10_t195
10893,q10_t196
10894,q10_t196
10894,q10_t197
10895,q10_t197
10895,q10_t198
10895,q56_t197
10895,q56_t198
10896,q10_t198
10896,q10_t199
10897,q10_t199
10897,q10_t200
10898,q10_t200
10898,q10_t201
10898,q57_t200
10898,q57_t201
10899,q10_t201
10899,q10_t202
10900,q10_t202
10900,q10_t203
10901,q10_t203
10901,q10_t204
10901,q58_t203
10901,q58_t204
10902,q10_t204
10902,q10_t205
10903,q10_t205
10903,q10_t206
10904,q10_t206
10904,q10_t207
10904,q59_t206
10904,q59_t207
10905,q10_t207
10905,q10_t208
10906,q10_t208
10906,q10_t209
10907,q10_t209
10907,q10_t210
10907,q60_t209
10907,q60_t210
10908,q10_t210
10908,q10_t211
10909,q10_t211
10909,q10_t212
10910,q10_t212
10910,q10_t213
10910,q61_t212
10910,q61_t213
10911,q10_t213
10911,q10_t214
10912,q10_t214
10912,q10_t215
10913,q10_t215
10913,q10_t216
10913,q62_t215
10913,q62_t216
10914,q10_t216
10914,q10_t217
10915,q10_t217
10915,q10_t218
10916,q10_t218
10916,q10_t219
10916,q63_t218
10916,q63_t219
10917,q10_t219
10917,q10_t220
10918,q10_t220
10918,q10_t221
10919,q10_t221
10919,q10_t222
10919,q64_t221
10919,q64_t222
10920,q10_t222
10920,q10_t223
10921,q10_t223
10921,q10_t224
10922,q10_t224
10922,q10_t225
10922,q65_t224
10922,q65_t225
10923,q10_t225
10923,q10_t226
10924,q10_t226
10924,q10_t227
10925,q10_t227
10925,q10_t228
10925,q66_t227
10925,q66_t228
10926,q10_t228
10926,q10_t229
10927,q10_t229
10927,q10_t230
10928,q10_t230
10928,q10_t231
10928,q67_t230
10928,q67_t231
10929,q10_t231
10929,q10_t232
10930,q10_t232
10930,q10_t233
10931,q10_t233
10931,q10_t234
10931,q68_t233
10931,q68_t234
10932,q10_t234
10932,q10_t235
10933,q10_t235
10933,q10_t236
10934,q10_t236
10934,q10_t237
10934,q69_t236
10934,q69_t237
10935,q10_t237
10935,q10_t238
10936,q10_t238
10936,q10_t239
10937,q10_t239
10937,q10_t240
10937,q70_t239
10937,q70_t240
10938,q10_t240
10938,q10_t241
10939,q10_t241
10939,q10_t242
10940,q10_t242
10940,q10_t243
10940,q71_t242
10940,q71_t243
10941,q10_t243
10941,q10_t244
10942,q10_t244
10942,q10_t245
10943,q10_t245
10943,q10_t246
10943,q72_t245
10943,q72_t246
10944,q10_t246
10944,q10_t247
10945,q10_t247
10945,q10_t248
10946,q10_t248
10946,q10_t249
10946,q73_t248
10946,q73_t249
10947,q10_t249
10947,q10_t250
10948,q10_t250
10948,q10_t251
10949,q10_t251
10949,q10_t252
10949,q74_t251
10949,q74_t252
10950,q10_t252
10950,q10_t253
10951,q10_t253
10951,q10_t254
10952,q10_t254
10952,q10_t255
10952,q75_t254
10952,q75_t255
10953,q10_t255
10953,q10_t256
10954,q10_t256
10954,q10_t257
10955,q10_t257
10955,q10_t258
10955,q76_t257
10955,q76_t258
10956,q10_t258
10956,q10_t259
10957,q10_t259
10957,q10_t260
10958,q10_t260
10958,q10_t261
10958,q77_t260
10958,q77_t261
10959,q10_t261
10959,q10_t262
10960,q10_t262
10960,q10_t263
10961,q10_t263
10961,q10_t264
10961,q78_t263
10961,q78_t264
10962,q10_t264
10962,q10_t265
10963,q10_t265
10963,q10_t266
10964,q10_t266
10964,q10_t267
10964,q79_t266
10964,q79_t267
10965,q10_t267
10965,q10_t268
10966,q10_t268
10966,q10_t269
10967,q10_t269
10967,q10_t270
10967,q80_t269
10967,q80_t270
10968,q10_t270
10968,q10_t271
10969,q10_t271
10969,q10_t272
10970,q10_t272
10970,q10_t273
10970,q81_t272
10970,q81_t273
10971,q10_t273
10971,q10_t274
10972,q10_t274
10972,q10_t275
10973,q10_t275
10973,q10_t276
10973,q82_t275
10973,q82_t276
10974,q10_t276
10974,q10_t277
10975,q10_t277
10975,q10_t278
10976,q10_t278
10976,q10_t279
10976,q83_t278
10976,q83_t279
10977,q10_t279
10977,q10_t280
10978,q10_t280
10978,q10_t281
10979,q10_t281
10979,q10_t282
10979,q84_t281
10979,q84_t282
10980,q10_t282
10980,q10_t283
10981,q10_t283
10981,q10_t284
10982,q10_t284
10982,q10_t285
10982,q85_t284
10982,q85_t285
10983,q10_t285
10983,q10_t286
10984,q10_t286
10984,q10_t287
10985,q10_t287
10985,q10_t288
10985,q86_t287
10985,q86_t288
10986,q10_t288
10986,q10_t289
10987,q10_t289
10987,q10_t290
10988,q10_t290
10988,q10_t291
10988,q87_t290
10988,q87_t291
10989,q10_t291
10989,q10_t292
10990,q10_t292
10990,q10_t293
10991,q10_t293
10991,q10_t294
10991,q88_t293
10991,q88_t294
10992,q10_t294
10992,q10_t295
10993,q10_t295
10993,q10_t296
10994,q10_t296
10994,q10_t297
10994,q89_t296
10994,q89_t297
10995,q10_t297
10995,q10_t298
10996,q10_t298
10996,q10_t299
10997,q10_t299
10997,q10_t300
10997,q90_t299
10997,q90_t300
10998,q10_t30
10998,q10_t31
10999,q10_t300
10999,q10_t301
11000,q10_t301
11000,q10_t302
11001,q10_t302
11001,q10_t303
11001,q91_t302
11001,q91_t303
11002,q10_t303
11002,q10_t304
11003,q10_t304
11003,q10_t305
11004,q10_t305
11004,q10_t306
11004,q92_t305
11004,q92_t306
11005,q10_t306
11005,q10_t307
11006,q10_t307
11006,q10_t308
11007,q10_t308
11007,q10_t309
11007,q93_t308
11007,q93_t309
11008,q10_t309
11008,q10_t310
11009,q10_t31
11009,q10_t32
11010,q10_t310
11010,q10_t311
11011,q10_t311
11011,q10_t312
11011,q94_t311
11011,q94_t312
11012,q10_t312
11012,q10_t313
11013,q10_t313
11013,q10_t314
11014,q10_t314
11014,q10_t315
11014,q95_t314
11014,q95_t315
11015,q10_t315
11015,q10_t316
11016,q10_t316
11016,q10_t317
11017,q10_t317
11017,q10_t318
11017,q96_t317
11017,q96_t318
11018,q10_t318
11018,q10_t319
11019,q10_t319
11019,q10_t320
11020,q10_t32
11020,q10_t33
11020,q1_t32
11020,q1_t33
11021,q10_t320
11021,q10_t321
11021,q97_t320
11021,q97_t321
11022,q10_t321
11022,q10_t322
11023,q10_t322
11023,q10_t323
11024,q10_t323
11024,q10_t324
11024,q98_t323
11024,q98_t324
11025,q10_t324
11025,q10_t325
11026,q10_t325
11026,q10_t326
11027,q10_t326
11027,q10_t327
11027,q99_t326
11027,q99_t327
11028,q10_t327
11028,q10_t328
11029,q10_t328
11029,q10_t329
11030,q10_t33
11030,q10_t34
11031,q10_t330
11031,q10_t331
11032,q10_t331
11032,q10_t332
11033,q10_t333
11033,q10_t334
11034,q10_t334
11034,q10_t335
11035,q10_t336
11035,q10_t337
11036,q10_t337
11036,q10_t338
11037,q10_t339
11037,q10_t340
11038,q10_t34
11038,q10_t35
11039,q10_t340
11039,q10_t341
11040,q10_t342
11040,q10_t343
11041,q10_t343
11041,q10_t344
11042,q10_t345
11042,q10_t346
11043,q10_t346
11043,q10_t347
11044,q10_t348
11044,q10_t349
11045,q10_t349
11045,q10_t350
11046,q10_t35
11046,q10_t36
11046,q2_t35
11046,q2_t36
11047,q10_t351
11047,q10_t352
11048,q10_t352
11048,q10_t353
11049,q10_t354
11049,q10_t355
11050,q10_t355
11050,q10_t356
11051,q10_t357
11051,q10_t358
11052,q10_t358
11052,q10_t359
11053,q10_t359
11053,q10_t360
11054,q10_t36
11054,q10_t37
11055,q10_t361
11055,q10_t362
11056,q10_t362
11056,q10_t363
11057,q10_t363
11057,q10_t364
11057,q1_t363
11057,q1_t364
11058,q10_t364
11058,q10_t365
11059,q10_t365
11059,q10_t366
11060,q10_t366
11060,q10_t367
11060,q2_t366
11060,q2_t367
11061,q10_t367
11061,q10_t368
11062,q10_t368
11062,q10_t369
11063,q10_t369
11063,q10_t370
11063,q3_t369
11063,q3_t370
11064,q10_t37
11064,q10_t38
11065,q10_t370
11065,q10_t371
11066,q10_t371
11066,q10_t372
11067,q10_t372
11067,q10_t373
11067,q4_t372
11067,q4_t373
11068,q10_t373
11068,q10_t374
11069,q10_t374
11069,q10_t375
11070,q10_t375
11070,q10_t376
11070,q5_t375
11070,q5_t376
11071,q10_t376
11071,q10_t377
11072,q10_t377
11072,q10_t378
11073,q10_t378
11073,q10_t379
11073,q6_t378
11073,q6_t379
11074,q10_t379
11074,q10_t380
11075,q10_t38
11075,q10_t39
11075,q3_t38
11075,q3_t39
11076,q10_t380
11076,q10_t381
11077,q10_t381
11077,q10_t382
11077,q7_t381
11077,q7_t382
11078,q10_t382
11078,q10_t383
11079,q10_t383
11079,q10_t384
11080,q10_t384
11080,q10_t385
11080,q8_t384
11080,q8_t385
11081,q10_t385
11081,q10_t386
11082,q10_t386
11082,q10_t387
11083,q10_t387
11083,q10_t388
11083,q9_t387
11083,q9_t388
11084,q10_t388
11084,q10_t389
11085,q10_t389
11085,q10_t393
11086,q10_t39
11086,q10_t40
11087,q10_t393
11087,q10_t394
11087,q11_t393
11087,q11_t394
11088,q10_t394
11088,q10_t395
11089,q10_t395
11089,q10_t396
11090,q10_t396
11090,q10_t397
11090,q12_t396
11090,q12_t397
11091,q10_t397
11091,q10_t398
11092,q10_t398
11092,q10_t399
11093,q10_t399
11093,q10_t400
11093,q13_t399
11093,q13_t400
11094,q10_t40
11094,q10_t41
11095,q10_t400
11095,q10_t401
11096,q10_t401
11096,q10_t402
11097,q10_t402
11097,q10_t403
11097,q14_t402
11097,q14_t403
11098,q10_t403
11098,q10_t404
11099,q10_t404
11099,q10_t405
11100,q10_t405
11100,q10_t406
11100,q15_t405
11100,q15_t406
11101,q10_t406
11101,q10_t407
11102,q10_t407
11102,q10_t408
11103,q10_t408
11103,q10_t409
11103,q16_t408
11103,q16_t409
11104,q10_t409
11104,q10_t410
11105,q10_t41
11105,q10_t42
11105,q4_t41
11105,q4_t42
11106,q10_t410
11106,q10_t411
11107,q10_t411
11107,q10_t412
11107,q17_t411
11107,q17_t412
11108,q10_t412
11108,q10_t413
11109,q10_t413
11109,q10_t414
11110,q10_t414
11110,q10_t415
11110,q18_t414
11110,q18_t415
11111,q10_t415
11111,q10_t416
11112,q10_t416
11112,q10_t417
11113,q10_t417
11113,q10_t418
11113,q19_t417
11113,q19_t418
11114,q10_t418
11114,q10_t419
11115,q10_t419
11115,q10_t420
11116,q10_t42
11116,q10_t43
11117,q10_t420
11117,q10_t421
11117,q20_t420
11117,q20_t421
11118,q10_t421
11118,q10_t422
11119,q10_t422
11119,q10_t423
11120,q10_t423
11120,q10_t424
11120,q21_t423
11120,q21_t424
11121,q10_t424
11121,q10_t425
11122,q10_t425
11122,q10_t426
11123,q10_t426
11123,q10_t427
11123,q22_t426
11123,q22_t427
11124,q10_t427
11124,q10_t428
11125,q10_t428
11125,q10_t429
11126,q10_t429
11126,q10_t430
11126,q23_t429
11126,q23_t430
11127,q10_t43
11127,q10_t44
11128,q10_t430
11128,q10_t431
11129,q10_t431
11129,q10_t432
11130,q10_t432
11130,q10_t433
11130,q24_t432
11130,q24_t433
11131,q10_t433
11131,q10_t434
11132,q10_t434
11132,q10_t435
11133,q10_t435
11133,q10_t436
11133,q25_t435
11133,q25_t436
11134,q10_t436
11134,q10_t437
11135,q10_t437
11135,q10_t438
11136,q10_t438
11136,q10_t439
11136,q26_t438
11136,q26_t439
11137,q10_t439
11137,q10_t440
11138,q10_t44
11138,q10_t45
11138,q5_t44
11138,q5_t45
11139,q10_t440
11139,q10_t441
11140,q10_t441
11140,q10_t442
11140,q27_t441
11140,q27_t442
11141,q10_t442
11141,q10_t443
11142,q10_t443
11142,q10_t444
11143,q10_t444
11143,q10_t445
11143,q28_t444
11143,q28_t445
11144,q10_t445
11144,q10_t446
11145,q10_t446
11145,q10_t447
11146,q10_t447
11146,q10_t448
11146,q29_t447
11146,q29_t448
11147,q10_t448
11147,q10_t449
11148,q10_t449
11148,q10_t450
11149,q10_t45
11149,q10_t46
11150,q10_t450
11150,q10_t451
11150,q30_t450
11150,q30_t451
11151,q10_t451
11151,q10_t452
11152,q10_t452
11152,q10_t453
11153,q10_t453
11153,q10_t454
11153,q31_t453
11153,q31_t454
11154,q10_t454
11154,q10_t455
11155,q10_t455
11155,q10_t456
11156,q10_t456
11156,q10_t457
11156,q32_t456
11156,q32_t457
11157,q10_t457
11157,q10_t458
11158,q10_t458
11158,q10_t459
11159,q10_t459
11159,q10_t460
11159,q33_t459
11159,q33_t460
11160,q10_t46
11160,q10_t47
11161,q10_t460
11161,q10_t461
11162,q10_t461
11162,q10_t462
11163,q10_t462
11163,q10_t463
11163,q34_t462
11163,q34_t463
11164,q10_t463
11164,q10_t464
11165,q10_t464
11165,q10_t465
11166,q10_t465
11166,q10_t466
11166,q35_t465
11166,q35_t466
11167,q10_t466
11167,q10_t467
11168,q10_t467
11168,q10_t468
11169,q10_t468
11169,q10_t469
11169,q36_t468
11169,q36_t469
11170,q10_t469
11170,q10_t470
11171,q10_t47
11171,q10_t48
11171,q6_t47
11171,q6_t48
11172,q10_t470
11172,q10_t471
11173,q10_t471
11173,q10_t472
11173,q37_t471
11173,q37_t472
11174,q10_t472
11174,q10_t473
11175,q10_t473
11175,q10_t474
11176,q10_t474
11176,q10_t475
11176,q38_t474
11176,q38_t475
11177,q10_t475
11177,q10_t476
11178,q10_t476
11178,q10_t477
11179,q10_t477
11179,q10_t478
11179,q39_t477
11179,q39_t478
11180,q10_t478
11180,q10_t479
11181,q10_t479
11181,q10_t480
11182,q10_t48
11182,q10_t49
11183,q10_t480
11183,q10_t481
11183,q40_t480
11183,q40_t481
11184,q10_t481
11184,q10_t482
11185,q10_t482
11185,q10_t483
11186,q10_t483
11186,q10_t484
11186,q41_t483
11186,q41_t484
11187,q10_t484
11187,q10_t485
11188,q10_t485
11188,q10_t486
11189,q10_t486
11189,q10_t487
11189,q42_t486
11189,q42_t487
11190,q10_t487
11190,q10_t488
11191,q10_t488
11191,q10_t489
11192,q10_t489
11192,q10_t490
11192,q43_t489
11192,q43_t490
11193,q10_t49
11193,q10_t50
11194,q10_t490
11194,q10_t491
11195,q10_t491
11195,q10_t492
11196,q10_t492
11196,q10_t493
11196,q44_t492
11196,q44_t493
11197,q10_t493
11197,q10_t494
11198,q10_t494
11198,q10_t495
11199,q10_t495
11199,q10_t496
11199,q45_t495
11199,q45_t496
11200,q10_t496
11200,q10_t497
11201,q10_t497
11201,q10_t498
11202,q10_t498
11202,q10_t499
11202,q46_t498
11202,q46_t499
11203,q10_t499
11203,q10_t500
11204,q10_t50
11204,q10_t51
11204,q7_t50
11204,q7_t51
11205,q10_t500
11205,q10_t501
11206,q10_t501
11206,q10_t502
11206,q47_t501
11206,q47_t502
11207,q10_t502
11207,q10_t503
11208,q10_t503
11208,q10_t504
11209,q10_t504
11209,q10_t505
11209,q48_t504
11209,q48_t505
11210,q10_t505
11210,q10_t506
11211,q10_t506
11211,q10_t507
11212,q10_t507
11212,q10_t508
11212,q49_t507
11212,q49_t508
11213,q10_t508
11213,q10_t509
11214,q10_t509
11214,q10_t510
11215,q10_t51
11215,q10_t52
11216,q10_t510
11216,q10_t511
11216,q50_t510
11216,q50_t511
11217,q10_t511
11217,q10_t512
11218,q10_t512
11218,q10_t513
11219,q10_t513
11219,q10_t514
11219,q51_t513
11219,q51_t514
11220,q10_t514
11220,q10_t515
11221,q10_t515
11221,q10_t516
11222,q10_t516
11222,q10_t517
11222,q52_t516
11222,q52_t517
11223,q10_t517
11223,q10_t518
11224,q10_t518
11224,q10_t519
11225,q10_t519
11225,q10_t520
11225,q53_t519
11225,q53_t520
11226,q10_t52
11226,q10_t53
11227,q10_t520
11227,q10_t521
11228,q10_t521
11228,q10_t522
11229,q10_t522
11229,q10_t523
11229,q54_t522
11229,q54_t523
11230,q10_t523
11230,q10_t524
11231,q10_t524
11231,q10_t525
11232,q10_t525
11232,q10_t526
11232,q55_t525
11232,q55_t526
11233,q10_t526
11233,q10_t527
11234,q10_t527
11234,q10_t528
11235,q10_t528
11235,q10_t529
11235,q56_t528
11235,q56_t529
11236,q10_t529
11236,q10_t530
11237,q10_t53
11237,q10_t54
11237,q8_t53
11237,q8_t54
11238,q10_t530
11238,q10_t531
11239,q10_t531
11239,q10_t532
11239,q57_t531
11239,q57_t532
11240,q10_t532
11240,q10_t533
11241,q10_t533
11241,q10_t534
11242,q10_t534
11242,q10_t535
11242,q58_t534
11242,q58_t535
11243,q10_t535
11243,q10_t536
11244,q10_t536
11244,q10_t537
11245,q10_t537
11245,q10_t538
11245,q59_t537
11245,q59_t538
11246,q10_t538
11246,q10_t539
11247,q10_t539
11247,q10_t540
11248,q10_t54
11248,q10_t55
11249,q10_t540
11249,q10_t541
11249,q60_t540
11249,q60_t541
11250,q10_t541
11250,q10_t542
11251,q10_t542
11251,q10_t543
11252,q10_t543
11252,q10_t544
11252,q61_t543
11252,q61_t544
11253,q10_t544
11253,q10_t545
11254,q10_t545
11254,q10_t546
11255,q10_t546
11255,q10_t547
11255,q62_t546
11255,q62_t547
11256,q10_t547
11256,q10_t548
11257,q10_t548
11257,q10_t549
11258,q10_t549
11258,q10_t550
11258,q63_t549
11258,q63_t550
11259,q10_t55
11259,q10_t56
11260,q10_t550
11260,q10_t551
11261,q10_t551
11261,q10_t552
11262,q10_t552
11262,q10_t553
11262,q64_t552
11262,q64_t553
11263,q10_t553
11263,q10_t554
11264,q10_t554
11264,q10_t555
11265,q10_t555
11265,q10_t556
11265,q65_t555
11265,q65_t556
11266,q10_t556
11266,q10_t557
11267,q10_t557
11267,q10_t558
11268,q10_t558
11268,q10_t559
11268,q66_t558
11268,q66_t559
11269,q10_t559
11269,q10_t560
11270,q10_t56
11270,q10_t57
11270,q9_t56
11270,q9_t57
11271,q10_t560
11271,q10_t561
11272,q10_t561
11272,q10_t562
11272,q67_t561
11272,q67_t562
11273,q10_t562
11273,q10_t563
11274,q10_t563
11274,q10_t564
11275,q10_t564
11275,q10_t565
11275,q68_t564
11275,q68_t565
11276,q10_t565
11276,q10_t566
11277,q10_t566
11277,q10_t567
11278,q10_t567
11278,q10_t568
11278,q69_t567
11278,q69_t568
11279,q10_t568
11279,q10_t569
11280,q10_t569
11280,q10_t570
11281,q10_t57
11281,q10_t58
11282,q10_t570
11282,q10_t571
11282,q70_t570
11282,q70_t571
11283,q10_t571
11283,q10_t572
11284,q10_t572
11284,q10_t573
11285,q10_t573
11285,q10_t574
11285,q71_t573
11285,q71_t574
11286,q10_t574
11286,q10_t575
11287,q10_t575
11287,q10_t576
11288,q10_t576
11288,q10_t577
11288,q72_t576
11288,q72_t577
11289,q10_t577
11289,q10_t578
11290,q10_t578
11290,q10_t579
11291,q10_t579
11291,q10_t580
11291,q73_t579
11291,q73_t580
11292,q10_t58
11292,q10_t62
11293,q10_t580
11293,q10_t581
11294,q10_t581
11294,q10_t582
11295,q10_t582
11295,q10_t583
11295,q74_t582
11295,q74_t583
11296,q10_t583
11296,q10_t584
11297,q10_t584
11297,q10_t585
11298,q10_t585
11298,q10_t586
11298,q75_t585
11298,q75_t586
11299,q10_t586
11299,q10_t587
11300,q10_t587
11300,q10_t588
11301,q10_t588
11301,q10_t589
11301,q76_t588
11301,q76_t589
11302,q10_t589
11302,q10_t590
11303,q10_t590
11303,q10_t591
11304,q10_t591
11304,q10_t592
11304,q77_t591
11304,q77_t592
11305,q10_t592
11305,q10_t593
11306,q10_t593
11306,q10_t594
11307,q10_t594
11307,q10_t595
11307,q78_t594
11307,q78_t595
11308,q10_t595
11308,q10_t596
11309,q10_t596
11309,q10_t597
11310,q10_t597
11310,q10_t598
11310,q79_t597
11310,q79_t598
11311,q10_t598
11311,q10_t599
11312,q10_t599
11312,q10_t600
11313,q10_t600
11313,q10_t601
11313,q80_t600
11313,q80_t601
11314,q10_t601
11314,q10_t602
11315,q10_t602
11315,q10_t603
11316,q10_t603
11316,q10_t604
11316,q81_t603
11316,q81_t604
11317,q10_t604
11317,q10_t605
11318,q10_t605
11318,q10_t606
11319,q10_t606
11319,q10_t607
11319,q82_t606
11319,q82_t607
11320,q10_t607
11320,q10_t608
11321,q10_t608
11321,q10_t609
11322,q10_t609
11322,q10_t610
11322,q83_t609
11322,q83_t610
11323,q10_t610
11323,q10_t611
11324,q10_t611
11324,q10_t612
11325,q10_t612
11325,q10_t613
11325,q84_t612
11325,q84_t613
11326,q10_t613
11326,q10_t614
11327,q10_t614
11327,q10_t615
11328,q10_t615
11328,q10_t616
11328,q85_t615
11328,q85_t616
11329,q10_t616
11329,q10_t617
11330,q10_t617
11330,q10_t618
11331,q10_t618
11331,q10_t619
11331,q86_t618
11331,q86_t619
11332,q10_t619
11332,q10_t620
11333,q10_t62
11333,q10_t63
11333,q11_t62
11333,q11_t63
11334,q10_t620
11334,q10_t621
11335,q10_t621
11335,q10_t622
11335,q87_t621
11335,q87_t622
11336,q10_t622
11336,q10_t623
11337,q10_t623
11337,q10_t624
11338,q10_t624
11338,q10_t625
11338,q88_t624
11338,q88_t625
11339,q10_t625
11339,q10_t626
11340,q10_t626
11340,q10_t627
11341,q10_t627
11341,q10_t628
11341,q89_t627
11341,q89_t628
11342,q10_t628
11342,q10_t629
11343,q10_t629
11343,q10_t630
11344,q10_t63
11344,q10_t64
11345,q10_t630
11345,q10_t631
11345,q90_t630
11345,q90_t631
11346,q10_t631
11346,q10_t632
11347,q10_t632
11347,q10_t633
11348,q10_t633
11348,q10_t634
11348,q91_t633
11348,q91_t634
11349,q10_t634
11349,q10_t635
11350,q10_t635
11350,q10_t636
11351,q10_t636
11351,q10_t637
11351,q92_t636
11351,q92_t637
11352,q10_t637
11352,q10_t638
11353,q10_t638
11353,q10_t639
11354,q10_t639
11354,q10_t640
11354,q93_t639
11354,q93_t640
11355,q10_t64
11355,q10_t65
11356,q10_t640
11356,q10_t641
11357,q10_t641
11357,q10_t642
11358,q10_t642
11358,q10_t643
11358,q94_t642
11358,q94_t643
11359,q10_t643
11359,q10_t644
11360,q10_t644
11360,q10_t645
11361,q10_t645
11361,q10_t646
11361,q95_t645
11361,q95_t646
11362,q10_t646
11362,q10_t647
11363,q10_t647
11363,q10_t648
11364,q10_t648
11364,q10_t649
11364,q96_t648
11364,q96_t649
11365,q10_t649
11365,q10_t650
11366,q10_t65
11366,q10_t66
11366,q12_t65
11366,q12_t66
11367,q10_t650
11367,q10_t651
11368,q10_t651
11368,q10_t652
11368,q97_t651
11368,q97_t652
11369,q10_t652
11369,q10_t653
11370,q10_t653
11370,q10_t654
11371,q10_t654
11371,q10_t655
11371,q98_t654
11371,q98_t655
11372,q10_t655
11372,q10_t656
11373,q10_t656
11373,q10_t657
11374,q10_t657
11374,q10_t658
11374,q99_t657
11374,q99_t658
11375,q10_t658
11375,q10_t659
11376,q10_t659
11376,q10_t660
11377,q10_t66
11377,q10_t67
11378,q10_t661
11378,q10_t662
11379,q10_t662
11379,q10_t663
11380,q10_t664
11380,q10_t665
11381,q10_t665
11381,q10_t666
11382,q10_t667
11382,q10_t668
11383,q10_t668
11383,q10_t669
11384,q10_t67
11384,q10_t68
11385,q10_t670
11385,q10_t671
11386,q10_t671
11386,q10_t672
11387,q10_t673
11387,q10_t674
11388,q10_t674
11388,q10_t675
11389,q10_t676
11389,q10_t677
11390,q10_t677
11390,q10_t678
11391,q10_t679
11391,q10_t680
11392,q10_t68
11392,q10_t69
11392,q13_t68
11392,q13_t69
11393,q10_t680
11393,q10_t681
11394,q10_t682
11394,q10_t683
11395,q10_t683
11395,q10_t684
11396,q10_t685
11396,q10_t686
11397,q10_t686
11397,q10_t687
11398,q10_t688
11398,q10_t689
11399,q10_t689
11399,q10_t690
11400,q10_t69
11400,q10_t70
11401,q10_t690
11401,q10_t691
11402,q10_t692
11402,q10_t693
11403,q10_t693
11403,q10_t694
11404,q10_t694
11404,q10_t695
11404,q1_t694
11404,q1_t695
11405,q10_t695
11405,q10_t696
11406,q10_t696
11406,q10_t697
11407,q10_t697
11407,q10_t698
11407,q2_t697
11407,q2_t698
11408,q10_t698
11408,q10_t699
11409,q10_t699
11409,q10_t700
11410,q10_t70
11410,q10_t71
11411,q10_t700
11411,q10_t701
11411,q3_t700
11411,q3_t701
11412,q10_t701
11412,q10_t702
11413,q10_t702
11413,q10_t703
11414,q10_t703
11414,q10_t704
11414,q4_t703
11414,q4_t704
11415,q10_t704
11415,q10_t705
11416,q10_t705
11416,q10_t706
11417,q10_t706
11417,q10_t707
11417,q5_t706
11417,q5_t707
11418,q10_t707
11418,q10_t708
11419,q10_t708
11419,q10_t709
11420,q10_t709
11420,q10_t710
11420,q6_t709
11420,q6_t710
11421,q10_t71
11421,q10_t72
11421,q14_t71
11421,q14_t72
11422,q10_t710
11422,q10_t711
11423,q10_t711
11423,q10_t712
11424,q10_t712
11424,q10_t713
11424,q7_t712
11424,q7_t713
11425,q10_t713
11425,q10_t714
11426,q10_t714
11426,q10_t715
11427,q10_t715
11427,q10_t716
11427,q8_t715
11427,q8_t716
11428,q10_t716
11428,q10_t717
11429,q10_t717
11429,q10_t718
11430,q10_t718
11430,q10_t719
11430,q9_t718
11430,q9_t719
11431,q10_t719
11431,q10_t720
11432,q10_t72
11432,q10_t73
11433,q10_t720
11433,q10_t724
11434,q10_t724
11434,q10_t725
11434,q11_t724
11434,q11_t725
11435,q10_t725
11435,q10_t726
11436,q10_t726
11436,q10_t727
11437,q10_t727
11437,q10_t728
11437,q12_t727
11437,q12_t728
11438,q10_t728
11438,q10_t729
11439,q10_t729
11439,q10_t730
11440,q10_t73
11440,q10_t74
11441,q10_t730
11441,q10_t731
11441,q13_t730
11441,q13_t731
11442,q10_t731
11442,q10_t732
11443,q10_t732
11443,q10_t733
11444,q10_t733
11444,q10_t734
11444,q14_t733
11444,q14_t734
11445,q10_t734
11445,q10_t735
11446,q10_t735
11446,q10_t736
11447,q10_t736
11447,q10_t737
11447,q15_t736
11447,q15_t737
11448,q10_t737
11448,q10_t738
11449,q10_t738
11449,q10_t739
11450,q10_t739
11450,q10_t740
11450,q16_t739
11450,q16_t740
11451,q10_t74
11451,q10_t75
11451,q15_t74
11451,q15_t75
11452,q10_t740
11452,q10_t741
11453,q10_t741
11453,q10_t742
11454,q10_t742
11454,q10_t743
11454,q17_t742
11454,q17_t743
11455,q10_t743
11455,q10_t744
11456,q10_t744
11456,q10_t745
11457,q10_t745
11457,q10_t746
11457,q18_t745
11457,q18_t746
11458,q10_t746
11458,q10_t747
11459,q10_t747
11459,q10_t748
11460,q10_t748
11460,q10_t749
11460,q19_t748
11460,q19_t749
11461,q10_t749
11461,q10_t750
11462,q10_t75
11462,q10_t76
11463,q10_t750
11463,q10_t751
11464,q10_t751
11464,q10_t752
11464,q20_t751
11464,q20_t752
11465,q10_t752
11465,q10_t753
11466,q10_t753
11466,q10_t754
11467,q10_t754
11467,q10_t755
11467,q21_t754
11467,q21_t755
11468,q10_t755
11468,q10_t756
11469,q10_t756
11469,q10_t757
11470,q10_t757
11470,q10_t758
11470,q22_t757
11470,q22_t758
11471,q10_t758
11471,q10_t759
11472,q10_t759
11472,q10_t760
11473,q10_t76
11473,q10_t77
11474,q10_t760
11474,q10_t761
11474,q23_t760
11474,q23_t761
11475,q10_t761
11475,q10_t762
11476,q10_t762
11476,q10_t763
11477,q10_t763
11477,q10_t764
11477,q24_t763
11477,q24_t764
11478,q10_t764
11478,q10_t765
11479,q10_t765
11479,q10_t766
11480,q10_t766
11480,q10_t767
11480,q25_t766
11480,q25_t767
11481,q10_t767
11481,q10_t768
11482,q10_t768
11482,q10_t769
11483,q10_t769
11483,q10_t770
11483,q26_t769
11483,q26_t770
11484,q10_t77
11484,q10_t78
11484,q16_t77
11484,q16_t78
11485,q10_t770
11485,q10_t771
11486,q10_t771
11486,q10_t772
11487,q10_t772
11487,q10_t773
11487,q27_t772
11487,q27_t773
11488,q10_t773
11488,q10_t774
11489,q10_t774
11489,q10_t775
11490,q10_t775
11490,q10_t776
11490,q28_t775
11490,q28_t776
11491,q10_t776
11491,q10_t777
11492,q10_t777
11492,q10_t778
11493,q10_t778
11493,q10_t779
11493,q29_t778
11493,q29_t779
11494,q10_t779
11494,q10_t780
11495,q10_t78
11495,q10_t79
11496,q10_t780
11496,q10_t781
11497,q10_t781
11497,q10_t782
11497,q30_t781
11497,q30_t782
11498,q10_t782
11498,q10_t783
11499,q10_t783
11499,q10_t784
11500,q10_t784
11500,q10_t785
11500,q31_t784
11500,q31_t785
11501,q10_t785
11501,q10_t786
11502,q10_t786
11502,q10_t787
11503,q10_t787
11503,q10_t788
11503,q32_t787
11503,q32_t788
11504,q10_t788
11504,q10_t789
11505,q10_t789
11505,q10_t790
11506,q10_t79
11506,q10_t80
11507,q10_t790
11507,q10_t791
11507,q33_t790
11507,q33_t791
11508,q10_t791
11508,q10_t792
11509,q10_t792
11509,q10_t793
11510,q10_t793
11510,q10_t794
11510,q34_t793
11510,q34_t794
11511,q10_t794
11511,q10_t795
11512,q10_t795
11512,q10_t796
11513,q10_t796
11513,q10_t797
11513,q35_t796
11513,q35_t797
11514,q10_t797
11514,q10_t798
11515,q10_t798
11515,q10_t799
11516,q10_t799
11516,q10_t800
11516,q36_t799
11516,q36_t800
11517,q10_t80
11517,q10_t81
11517,q17_t80
11517,q17_t81
11518,q10_t800
11518,q10_t801
11519,q10_t801
11519,q10_t802
11520,q10_t802
11520,q10_t803
11520,q37_t802
11520,q37_t803
11521,q10_t803
11521,q10_t804
11522,q10_t804
11522,q10_t805
11523,q10_t805
11523,q10_t806
11523,q38_t805
11523,q38_t806
11524,q10_t806
11524,q10_t807
11525,q10_t807
11525,q10_t808
11526,q10_t808
11526,q10_t809
11526,q39_t808
11526,q39_t809
11527,q10_t809
11527,q10_t810
11528,q10_t81
11528,q10_t82
11529,q10_t810
11529,q10_t811
11530,q10_t811
11530,q10_t812
11530,q40_t811
11530,q40_t812
11531,q10_t812
11531,q10_t813
11532,q10_t813
11532,q10_t814
11533,q10_t814
11533,q10_t815
11533,q41_t814
11533,q41_t815
11534,q10_t815
11534,q10_t816
11535,q10_t816
11535,q10_t817
11536,q10_t817
11536,q10_t818
11536,q42_t817
11536,q42_t818
11537,q10_t818
11537,q10_t819
11538,q10_t819
11538,q10_t820
11539,q10_t82
11539,q10_t83
11540,q10_t820
11540,q10_t821
11540,q43_t820
11540,q43_t821
11541,q10_t821
11541,q10_t822
11542,q10_t822
11542,q10_t823
11543,q10_t823
11543,q10_t824
11543,q44_t823
11543,q44_t824
11544,q10_t824
11544,q10_t825
11545,q10_t825
11545,q10_t826
11546,q10_t826
11546,q10_t827
11546,q45_t826
11546,q45_t827
11547,q10_t827
11547,q10_t828
11548,q10_t828
11548,q10_t829
11549,q10_t829
11549,q10_t830
11549,q46_t829
11549,q46_t830
11550,q10_t83
11550,q10_t84
11550,q18_t83
11550,q18_t84
11551,q10_t830
11551,q10_t831
11552,q10_t831
11552,q10_t832
11553,q10_t832
11553,q10_t833
11553,q47_t832
11553,q47_t833
11554,q10_t833
11554,q10_t834
11555,q10_t834
11555,q10_t835
11556,q10_t835
11556,q10_t836
11556,q48_t835
11556,q48_t836
11557,q10_t836
11557,q10_t837
11558,q10_t837
11558,q10_t838
11559,q10_t838
11559,q10_t839
11559,q49_t838
11559,q49_t839
11560,q10_t839
11560,q10_t840
11561,q10_t84
11561,q10_t85
11562,q10_t840
11562,q10_t841
11563,q10_t841
11563,q10_t842
11563,q50_t841
11563,q50_t842
11564,q10_t842
11564,q10_t843
11565,q10_t843
11565,q10_t844
11566,q10_t844
11566,q10_t845
11566,q51_t844
11566,q51_t845
11567,q10_t845
11567,q10_t846
11568,q10_t846
11568,q10_t847
11569,q10_t847
11569,q10_t848
11569,q52_t847
11569,q52_t848
11570,q10_t848
11570,q10_t849
11571,q10_t849
11571,q10_t850
11572,q10_t85
11572,q10_t86
11573,q10_t850
11573,q10_t851
11573,q53_t850
11573,q53_t851
11574,q10_t851
11574,q10_t852
11575,q10_t852
11575,q10_t853
11576,q10_t853
11576,q10_t854
11576,q54_t853
11576,q54_t854
11577,q10_t854
11577,q10_t855
11578,q10_t855
11578,q10_t856
11579,q10_t856
11579,q10_t857
11579,q55_t856
11579,q55_t857
11580,q10_t857
11580,q10_t858
11581,q10_t858
11581,q10_t859
11582,q10_t859
11582,q10_t860
11582,q56_t859
11582,q56_t860
11583,q10_t86
11583,q10_t87
11583,q19_t86
11583,q19_t87
11584,q10_t860
11584,q10_t861
11585,q10_t861
11585,q10_t862
11586,q10_t862
11586,q10_t863
11586,q57_t862
11586,q57_t863
11587,q10_t863
11587,q10_t864
11588,q10_t864
11588,q10_t865
11589,q10_t865
11589,q10_t866
11589,q58_t865
11589,q58_t866
11590,q10_t866
11590,q10_t867
11591,q10_t867
11591,q10_t868
11592,q10_t868
11592,q10_t869
11592,q59_t868
11592,q59_t869
11593,q10_t869
11593,q10_t870
11594,q10_t87
11594,q10_t88
11595,q10_t870
11595,q10_t871
11596,q10_t871
11596,q10_t872
11596,q60_t871
11596,q60_t872
11597,q10_t872
11597,q10_t873
11598,q10_t873
11598,q10_t874
11599,q10_t874
11599,q10_t875
11599,q61_t874
11599,q61_t875
11600,q10_t875
11600,q10_t876
11601,q10_t876
11601,q10_t877
11602,q10_t877
11602,q10_t878
11602,q62_t877
11602,q62_t878
11603,q10_t878
11603,q10_t879
11604,q10_t879
11604,q10_t880
11605,q10_t88
11605,q10_t89
11606,q10_t880
11606,q10_t881
11606,q63_t880
11606,q63_t881
11607,q10_t881
11607,q10_t882
11608,q10_t882
11608,q10_t883
11609,q10_t883
11609,q10_t884
11609,q64_t883
11609,q64_t884
11610,q10_t884
11610,q10_t885
11611,q10_t885
11611,q10_t886
11612,q10_t886
11612,q10_t887
11612,q65_t886
11612,q65_t887
11613,q10_t887
11613,q10_t888
11614,q10_t888
11614,q10_t889
11615,q10_t889
11615,q10_t890
11615,q66_t889
11615,q66_t890
11616,q10_t89
11616,q10_t90
11616,q20_t89
11616,q20_t90
11617,q10_t890
11617,q10_t891
11618,q10_t891
11618,q10_t892
11619,q10_t892
11619,q10_t893
11619,q67_t892
11619,q67_t893
11620,q10_t893
11620,q10_t894
11621,q10_t894
11621,q10_t895
11622,q10_t895
11622,q10_t896
11622,q68_t895
11622,q68_t896
11623,q10_t896
11623,q10_t897
11624,q10_t897
11624,q10_t898
11625,q10_t898
11625,q10_t899
11625,q69_t898
11625,q69_t899
11626,q10_t899
11626,q10_t900
11627,q10_t90
11627,q10_t91
11628,q10_t900
11628,q10_t901
11629,q10_t901
11629,q10_t902
11629,q70_t901
11629,q70_t902
11630,q10_t902
11630,q10_t903
11631,q10_t903
11631,q10_t904
11632,q10_t904
11632,q10_t905
11632,q71_t904
11632,q71_t905
11633,q10_t905
11633,q10_t906
11634,q10_t906
11634,q10_t907
11635,q10_t907
11635,q10_t908
11635,q72_t907
11635,q72_t908
11636,q10_t908
11636,q10_t909
11637,q10_t909
11637,q10_t910
11638,q10_t91
11638,q10_t92
11639,q10_t910
11639,q10_t911
11639,q73_t910
11639,q73_t911
11640,q10_t911
11640,q10_t912
11641,q10_t912
11641,q10_t913
11642,q10_t913
11642,q10_t914
11642,q74_t913
11642,q74_t914
11643,q10_t914
11643,q10_t915
11644,q10_t915
11644,q10_t916
11645,q10_t916
11645,q10_t917
11645,q75_t916
11645,q75_t917
11646,q10_t917
11646,q10_t918
11647,q10_t918
11647,q10_t919
11648,q10_t919
11648,q10_t920
11648,q76_t919
11648,q76_t920
11649,q10_t92
11649,q10_t93
11649,q21_t92
11649,q21_t93
11650,q10_t920
11650,q10_t921
11651,q10_t921
11651,q10_t922
11652,q10_t922
11652,q10_t923
11652,q77_t922
11652,q77_t923
11653,q10_t923
11653,q10_t924
11654,q10_t924
11654,q10_t925
11655,q10_t925
11655,q10_t926
11655,q78_t925
11655,q78_t926
11656,q10_t926
11656,q10_t927
11657,q10_t927
11657,q10_t928
11658,q10_t928
11658,q10_t929
11658,q79_t928
11658,q79_t929
11659,q10_t929
11659,q10_t930
11660,q10_t93
11660,q10_t94
11661,q10_t930
11661,q10_t931
11662,q10_t931
11662,q10_t932
11662,q80_t931
11662,q80_t932
11663,q10_t932
11663,q10_t933
11664,q10_t933
11664,q10_t934
11665,q10_t934
11665,q10_t935
11665,q81_t934
11665,q81_t935
11666,q10_t935
11666,q10_t936
11667,q10_t936
11667,q10_t937
11668,q10_t937
11668,q10_t938
11668,q82_t937
11668,q82_t938
11669,q10_t938
11669,q10_t939
11670,q10_t939
11670,q10_t940
11671,q10_t94
11671,q10_t95
11672,q10_t940
11672,q10_t941
11672,q83_t940
11672,q83_t941
11673,q10_t941
11673,q10_t942
11674,q10_t942
11674,q10_t943
11675,q10_t943
11675,q10_t944
11675,q84_t943
11675,q84_t944
11676,q10_t944
11676,q10_t945
11677,q10_t945
11677,q10_t946
11678,q10_t946
11678,q10_t947
11678,q85_t946
11678,q85_t947
11679,q10_t947
11679,q10_t948
11680,q10_t948
11680,q10_t949
11681,q10_t949
11681,q10_t950
11681,q86_t949
11681,q86_t950
11682,q10_t95
11682,q10_t96
11682,q22_t95
11682,q22_t96
11683,q10_t950
11683,q10_t951
11684,q10_t951
11684,q10_t952
11685,q10_t952
11685,q10_t953
11685,q87_t952
11685,q87_t953
11686,q10_t953
11686,q10_t954
11687,q10_t954
11687,q10_t955
11688,q10_t955
11688,q10_t956
11688,q88_t955
11688,q88_t956
11689,q10_t956
11689,q10_t957
11690,q10_t957
11690,q10_t958
11691,q10_t958
11691,q10_t959
11691,q89_t958
11691,q89_t959
11692,q10_t959
11692,q10_t960
11693,q10_t96
11693,q10_t97
11694,q10_t960
11694,q10_t961
11695,q10_t961
11695,q10_t962
11695,q90_t961
11695,q90_t962
11696,q10_t962
11696,q10_t963
11697,q10_t963
11697,q10_t964
11698,q10_t964
11698,q10_t965
11698,q91_t964
11698,q91_t965
11699,q10_t965
11699,q10_t966
11700,q10_t966
11700,q10_t967
11701,q10_t967
11701,q10_t968
11701,q92_t967
11701,q92_t968
11702,q10_t968
11702,q10_t969
11703,q10_t969
11703,q10_t970
11704,q10_t97
11704,q10_t98
11705,q10_t970
11705,q10_t971
11705,q93_t970
11705,q93_t971
11706,q10_t971
11706,q10_t972
11707,q10_t972
11707,q10_t973
11708,q10_t973
11708,q10_t974
11708,q94_t973
11708,q94_t974
11709,q10_t974
11709,q10_t975
11710,q10_t975
11710,q10_t976
11711,q10_t976
11711,q10_t977
11711,q95_t976
11711,q95_t977
11712,q10_t977
11712,q10_t978
11713,q10_t978
11713,q10_t979
11714,q10_t979
11714,q10_t980
11714,q96_t979
11714,q96_t980
11715,q10_t98
11715,q10_t99
11715,q23_t98
11715,q23_t99
11716,q10_t980
11716,q10_t981
11717,q10_t981
11717,q10_t982
11718,q10_t982
11718,q10_t983
11718,q97_t982
11718,q97_t983
11719,q10_t983
11719,q10_t984
11720,q10_t984
11720,q10_t985
11721,q10_t985
11721,q10_t986
11721,q98_t985
11721,q98_t986
11722,q10_t986
11722,q10_t987
11723,q10_t987
11723,q10_t988
11724,q10_t988
11724,q10_t989
11724,q99_t988
11724,q99_t989
11725,q10_t989
11725,q10_t990
11726,q10_t990
11726,q10_t991
11727,q10_t992
11727,q10_t993
11728,q10_t993
11728,q10_t994
11729,q10_t995
11729,q10_t996
11730,q10_t996
11730,q10_t997
11731,q10_t998
11731,q10_t999
11732,q11_t0
11732,q11_t1
11733,q11_t1
11733,q11_t32
11734,q11_t100
11734,q11_t101
11735,q11_t100
11735,q11_t99
11736,q11_t1000
11736,q11_t999
11737,q11_t1001
11737,q11_t1002
11738,q11_t1002
11738,q11_t1003
11739,q11_t1004
11739,q11_t1005
11740,q11_t1005
11740,q11_t1006
11741,q11_t1007
11741,q11_t1008
11742,q11_t1008
11742,q11_t1009
11743,q11_t101
11743,q11_t102
11743,q23_t101
11743,q23_t102
11744,q11_t1010
11744,q11_t1011
11745,q11_t1011
11745,q11_t1012
11746,q11_t1013
11746,q11_t1014
11747,q11_t1014
11747,q11_t1015
11748,q11_t1016
11748,q11_t1017
11749,q11_t1017
11749,q11_t1018
11750,q11_t1019
11750,q11_t1020
11751,q11_t102
11751,q11_t103
11752,q11_t1020
11752,q11_t1021
11753,q11_t1022
11753,q11_t1023
11754,q11_t1023
11754,q11_t1024
11755,q11_t103
11755,q11_t104
11756,q11_t104
11756,q11_t105
11756,q24_t104
11756,q24_t105
11757,q11_t105
11757,q11_t106
11758,q11_t106
11758,q11_t107
11759,q11_t107
11759,q11_t108
11759,q25_t107
11759,q25_t108
11760,q11_t108
11760,q11_t109
11761,q11_t109
11761,q11_t110
11762,q11_t110
11762,q11_t111
11762,q26_t110
11762,q26_t111
11763,q11_t111
11763,q11_t112
11764,q11_t112
11764,q11_t113
11765,q11_t113
11765,q11_t114
11765,q27_t113
11765,q27_t114
11766,q11_t114
11766,q11_t115
11767,q11_t115
11767,q11_t116
11768,q11_t116
11768,q11_t117
11768,q28_t116
11768,q28_t117
11769,q11_t117
11769,q11_t118
11770,q11_t118
11770,q11_t119
11771,q11_t119
11771,q11_t120
11771,q29_t119
11771,q29_t120
11772,q11_t120
11772,q11_t121
11773,q11_t121
11773,q11_t122
11774,q11_t122
11774,q11_t123
11774,q30_t122
11774,q30_t123
11775,q11_t123
11775,q11_t124
11776,q11_t124
11776,q11_t125
11777,q11_t125
11777,q11_t126
11777,q31_t125
11777,q31_t126
11778,q11_t126
11778,q11_t127
11779,q11_t127
11779,q11_t128
11780,q11_t128
11780,q11_t129
11780,q32_t128
11780,q32_t129
11781,q11_t129
11781,q11_t130
11782,q11_t130
11782,q11_t131
11783,q11_t131
11783,q11_t132
11783,q33_t131
11783,q33_t132
11784,q11_t132
11784,q11_t133
11785,q11_t133
11785,q11_t134
11786,q11_t134
11786,q11_t135
11786,q34_t134
11786,q34_t135
11787,q11_t135
11787,q11_t136
11788,q11_t136
11788,q11_t137
11789,q11_t137
11789,q11_t138
11789,q35_t137
11789,q35_t138
11790,q11_t138
11790,q11_t139
11791,q11_t139
11791,q11_t140
11792,q11_t140
11792,q11_t141
11792,q36_t140
11792,q36_t141
11793,q11_t141
11793,q11_t142
11794,q11_t142
11794,q11_t143
11795,q11_t143
11795,q11_t144
11795,q37_t143
11795,q37_t144
11796,q11_t144
11796,q11_t145
11797,q11_t145
11797,q11_t146
11798,q11_t146
11798,q11_t147
11798,q38_t146
11798,q38_t147
11799,q11_t147
11799,q11_t148
11800,q11_t148
11800,q11_t149
11801,q11_t149
11801,q11_t150
11801,q39_t149
11801,q39_t150
11802,q11_t150
11802,q11_t151
11803,q11_t151
11803,q11_t152
11804,q11_t152
11804,q11_t153
11804,q40_t152
11804,q40_t153
11805,q11_t153
11805,q11_t154
11806,q11_t154
11806,q11_t155
11807,q11_t155
11807,q11_t156
11807,q41_t155
11807,q41_t156
11808,q11_t156
11808,q11_t157
11809,q11_t157
11809,q11_t158
11810,q11_t158
11810,q11_t159
11810,q42_t158
11810,q42_t159
11811,q11_t159
11811,q11_t160
11812,q11_t160
11812,q11_t161
11813,q11_t161
11813,q11_t162
11813,q43_t161
11813,q43_t162
11814,q11_t162
11814,q11_t163
11815,q11_t163
11815,q11_t164
11816,q11_t164
11816,q11_t165
11816,q44_t164
11816,q44_t165
11817,q11_t165
11817,q11_t166
11818,q11_t166
11818,q11_t167
11819,q11_t167
11819,q11_t168
11819,q45_t167
11819,q45_t168
11820,q11_t168
11820,q11_t169
11821,q11_t169
11821,q11_t170
11822,q11_t170
11822,q11_t171
11822,q46_t170
11822,q46_t171
11823,q11_t171
11823,q11_t172
11824,q11_t172
11824,q11_t173
11825,q11_t173
11825,q11_t174
11825,q47_t173
11825,q47_t174
11826,q11_t174
11826,q11_t175
11827,q11_t175
11827,q11_t176
11828,q11_t176
11828,q11_t177
11828,q48_t176
11828,q48_t177
11829,q11_t177
11829,q11_t178
11830,q11_t178
11830,q11_t179
11831,q11_t179
11831,q11_t180
11831,q49_t179
11831,q49_t180
11832,q11_t180
11832,q11_t181
11833,q11_t181
11833,q11_t182
11834,q11_t182
11834,q11_t183
11834,q50_t182
11834,q50_t183
11835,q11_t183
11835,q11_t184
11836,q11_t184
11836,q11_t185
11837,q11_t185
11837,q11_t186
11837,q51_t185
11837,q51_t186
11838,q11_t186
11838,q11_t187
11839,q11_t187
11839,q11_t188
11840,q11_t188
11840,q11_t189
11840,q52_t188
11840,q52_t189
11841,q11_t189
11841,q11_t190
11842,q11_t190
11842,q11_t191
11843,q11_t191
11843,q11_t192
11843,q53_t191
11843,q53_t192
11844,q11_t192
11844,q11_t193
11845,q11_t193
11845,q11_t194
11846,q11_t194
11846,q11_t195
11846,q54_t194
11846,q54_t195
11847,q11_t195
11847,q11_t196
11848,q11_t196
11848,q11_t197
11849,q11_t197
11849,q11_t198
11849,q55_t197
11849,q55_t198
11850,q11_t198
11850,q11_t199
11851,q11_t199
11851,q11_t200
11852,q11_t200
11852,q11_t201
11852,q56_t200
11852,q56_t201
11853,q11_t201
11853,q11_t202
11854,q11_t202
11854,q11_t203
11855,q11_t203
11855,q11_t204
11855,q57_t203
11855,q57_t204
11856,q11_t204
11856,q11_t205
11857,q11_t205
11857,q11_t206
11858,q11_t206
11858,q11_t207
11858,q58_t206
11858,q58_t207
11859,q11_t207
11859,q11_t208
11860,q11_t208
11860,q11_t209
11861,q11_t209
11861,q11_t210
11861,q59_t209
11861,q59_t210
11862,q11_t210
11862,q11_t211
11863,q11_t211
11863,q11_t212
11864,q11_t212
11864,q11_t213
11864,q60_t212
11864,q60_t213
11865,q11_t213
11865,q11_t214
11866,q11_t214
11866,q11_t215
11867,q11_t215
11867,q11_t216
11867,q61_t215
11867,q61_t216
11868,q11_t216
11868,q11_t217
11869,q11_t217
11869,q11_t218
11870,q11_t218
11870,q11_t219
11870,q62_t218
11870,q62_t219
11871,q11_t219
11871,q11_t220
11872,q11_t220
11872,q11_t221
11873,q11_t221
11873,q11_t222
11873,q63_t221
11873,q63_t222
11874,q11_t222
11874,q11_t223
11875,q11_t223
11875,q11_t224
11876,q11_t224
11876,q11_t225
11876,q64_t224
11876,q64_t225
11877,q11_t225
11877,q11_t226
11878,q11_t226
11878,q11_t227
11879,q11_t227
11879,q11_t228
11879,q65_t227
11879,q65_t228
11880,q11_t228
11880,q11_t229
11881,q11_t229
11881,q11_t230
11882,q11_t230
11882,q11_t231
11882,q66_t230
11882,q66_t231
11883,q11_t231
11883,q11_t232
11884,q11_t232
11884,q11_t233
11885,q11_t233
11885,q11_t234
11885,q67_t233
11885,q67_t234
11886,q11_t234
11886,q11_t235
11887,q11_t235
11887,q11_t236
11888,q11_t236
11888,q11_t237
11888,q68_t236
11888,q68_t237
11889,q11_t237
11889,q11_t238
11890,q11_t238
11890,q11_t239
11891,q11_t239
11891,q11_t240
11891,q69_t239
11891,q69_t240
11892,q11_t240
11892,q11_t241
11893,q11_t241
11893,q11_t242
11894,q11_t242
11894,q11_t243
11894,q70_t242
11894,q70_t243
11895,q11_t243
11895,q11_t244
11896,q11_t244
11896,q11_t245
11897,q11_t245
11897,q11_t246
11897,q71_t245
11897,q71_t246
11898,q11_t246
11898,q11_t247
11899,q11_t247
11899,q11_t248
11900,q11_t248
11900,q11_t249
11900,q72_t248
11900,q72_t249
11901,q11_t249
11901,q11_t250
11902,q11_t250
11902,q11_t251
11903,q11_t251
11903,q11_t252
11903,q73_t251
11903,q73_t252
11904,q11_t252
11904,q11_t253
11905,q11_t253
11905,q11_t254
11906,q11_t254
11906,q11_t255
11906,q74_t254
11906,q74_t255
11907,q11_t255
11907,q11_t256
11908,q11_t256
11908,q11_t257
11909,q11_t257
11909,q11_t258
11909,q75_t257
11909,q75_t258
11910,q11_t258
11910,q11_t259
11911,q11_t259
11911,q11_t260
11912,q11_t260
11912,q11_t261
11912,q76_t260
11912,q76_t261
11913,q11_t261
11913,q11_t262
11914,q11_t262
11914,q11_t263
11915,q11_t263
11915,q11_t264
11915,q77_t263
11915,q77_t264
11916,q11_t264
11916,q11_t265
11917,q11_t265
11917,q11_t266
11918,q11_t266
11918,q11_t267
11918,q78_t266
11918,q78_t267
11919,q11_t267
11919,q11_t268
11920,q11_t268
11920,q11_t269
11921,q11_t269
11921,q11_t270
11921,q79_t269
11921,q79_t270
11922,q11_t270
11922,q11_t271
11923,q11_t271
11923,q11_t272
11924,q11_t272
11924,q11_t273
11924,q80_t272
11924,q80_t273
11925,q11_t273
11925,q11_t274
11926,q11_t274
11926,q11_t275
11927,q11_t275
11927,q11_t276
11927,q81_t275
11927,q81_t276
11928,q11_t276
11928,q11_t277
11929,q11_t277
11929,q11_t278
11930,q11_t278
11930,q11_t279
11930,q82_t278
11930,q82_t279
11931,q11_t279
11931,q11_t280
11932,q11_t280
11932,q11_t281
11933,q11_t281
11933,q11_t282
11933,q83_t281
11933,q83_t282
11934,q11_t282
11934,q11_t283
11935,q11_t283
11935,q11_t284
11936,q11_t284
11936,q11_t285
11936,q84_t284
11936,q84_t285
11937,q11_t285
11937,q11_t286
11938,q11_t286
11938,q11_t287
11939,q11_t287
11939,q11_t288
11939,q85_t287
11939,q85_t288
11940,q11_t288
11940,q11_t289
11941,q11_t289
11941,q11_t290
11942,q11_t290
11942,q11_t291
11942,q86_t290
11942,q86_t291
11943,q11_t291
11943,q11_t292
11944,q11_t292
11944,q11_t293
11945,q11_t293
11945,q11_t294
11945,q87_t293
11945,q87_t294
11946,q11_t294
11946,q11_t295
11947,q11_t295
11947,q11_t296
11948,q11_t296
11948,q11_t297
11948,q88_t296
11948,q88_t297
11949,q11_t297
11949,q11_t298
11950,q11_t298
11950,q11_t299
11951,q11_t299
11951,q11_t300
11951,q89_t299
11951,q89_t300
11952,q11_t300
11952,q11_t301
11953,q11_t301
11953,q11_t302
11954,q11_t302
11954,q11_t303
11954,q90_t302
11954,q90_t303
11955,q11_t303
11955,q11_t304
11956,q11_t304
11956,q11_t305
11957,q11_t305
11957,q11_t306
11957,q91_t305
11957,q91_t306
11958,q11_t306
11958,q11_t307
11959,q11_t307
11959,q11_t308
11960,q11_t308
11960,q11_t309
11960,q92_t308
11960,q92_t309
11961,q11_t309
11961,q11_t310
11962,q11_t310
11962,q11_t311
11963,q11_t311
11963,q11_t312
11963,q93_t311
11963,q93_t312
11964,q11_t312
11964,q11_t313
11965,q11_t313
11965,q11_t314
11966,q11_t314
11966,q11_t315
11966,q94_t314
11966,q94_t315
11967,q11_t315
11967,q11_t316
11968,q11_t316
11968,q11_t317
11969,q11_t317
11969,q11_t318
11969,q95_t317
11969,q95_t318
11970,q11_t318
11970,q11_t319
11971,q11_t319
11971,q11_t320
11972,q11_t320
11972,q11_t321
11972,q96_t320
11972,q96_t321
11973,q11_t321
11973,q11_t322
11974,q11_t322
11974,q11_t323
11975,q11_t323
11975,q11_t324
11975,q97_t323
11975,q97_t324
11976,q11_t324
11976,q11_t325
11977,q11_t325
11977,q11_t326
11978,q11_t326
11978,q11_t327
11978,q98_t326
11978,q98_t327
11979,q11_t327
11979,q11_t328
11980,q11_t328
11980,q11_t329
11981,q11_t329
11981,q11_t330
11981,q99_t329
11981,q99_t330
11982,q11_t33
11982,q11_t34
11983,q11_t330
11983,q11_t331
11984,q11_t331
11984,q11_t332
11985,q11_t333
11985,q11_t334
11986,q11_t334
11986,q11_t335
11987,q11_t336
11987,q11_t337
11988,q11_t337
11988,q11_t338
11989,q11_t339
11989,q11_t340
11990,q11_t34
11990,q11_t35
11991,q11_t340
11991,q11_t341
11992,q11_t342
11992,q11_t343
11993,q11_t343
11993,q11_t344
11994,q11_t345
11994,q11_t346
11995,q11_t346
11995,q11_t347
11996,q11_t348
11996,q11_t349
11997,q11_t349
11997,q11_t350
11998,q11_t35
11998,q11_t36
11998,q1_t35
11998,q1_t36
11999,q11_t351
11999,q11_t352
12000,q11_t352
12000,q11_t353
12001,q11_t354
12001,q11_t355
12002,q11_t355
12002,q11_t356
12003,q11_t357
12003,q11_t358
12004,q11_t358
12004,q11_t359
12005,q11_t36
12005,q11_t37
12006,q11_t360
12006,q11_t361
12007,q11_t361
12007,q11_t362
12008,q11_t362
12008,q11_t363
12009,q11_t364
12009,q11_t365
12010,q11_t365
12010,q11_t366
12011,q11_t366
12011,q11_t367
12011,q1_t366
12011,q1_t367
12012,q11_t367
12012,q11_t368
12013,q11_t368
12013,q11_t369
12014,q11_t369
12014,q11_t370
12014,q2_t369
12014,q2_t370
12015,q11_t37
12015,q11_t38
12016,q11_t370
12016,q11_t371
12017,q11_t371
12017,q11_t372
12018,q11_t372
12018,q11_t373
12018,q3_t372
12018,q3_t373
12019,q11_t373
12019,q11_t374
12020,q11_t374
12020,q11_t375
12021,q11_t375
12021,q11_t376
12021,q4_t375
12021,q4_t376
12022,q11_t376
12022,q11_t377
12023,q11_t377
12023,q11_t378
12024,q11_t378
12024,q11_t379
12024,q5_t378
12024,q5_t379
12025,q11_t379
12025,q11_t380
12026,q11_t38
12026,q11_t39
12026,q2_t38
12026,q2_t39
12027,q11_t380
12027,q11_t381
12028,q11_t381
12028,q11_t382
12028,q6_t381
12028,q6_t382
12029,q11_t382
12029,q11_t383
12030,q11_t383
12030,q11_t384
12031,q11_t384
12031,q11_t385
12031,q7_t384
12031,q7_t385
12032,q11_t385
12032,q11_t386
12033,q11_t386
12033,q11_t387
12034,q11_t387
12034,q11_t388
12034,q8_t387
12034,q8_t388
12035,q11_t388
12035,q11_t389
12036,q11_t389
12036,q11_t390
12037,q11_t39
12037,q11_t40
12038,q11_t390
12038,q11_t391
12038,q9_t390
12038,q9_t391
12039,q11_t391
12039,q11_t392
12040,q11_t392
12040,q11_t393
12041,q11_t394
12041,q11_t395
12042,q11_t395
12042,q11_t399
12043,q11_t399
12043,q11_t400
12043,q12_t399
12043,q12_t400
12044,q11_t40
12044,q11_t41
12045,q11_t400
12045,q11_t401
12046,q11_t401
12046,q11_t402
12047,q11_t402
12047,q11_t403
12047,q13_t402
12047,q13_t403
12048,q11_t403
12048,q11_t404
12049,q11_t404
12049,q11_t405
12050,q11_t405
12050,q11_t406
12050,q14_t405
12050,q14_t406
12051,q11_t406
12051,q11_t407
12052,q11_t407
12052,q11_t408
12053,q11_t408
12053,q11_t409
12053,q15_t408
12053,q15_t409
12054,q11_t409
12054,q11_t410
12055,q11_t41
12055,q11_t42
12055,q3_t41
12055,q3_t42
12056,q11_t410
12056,q11_t411
12057,q11_t411
12057,q11_t412
12057,q16_t411
12057,q16_t412
12058,q11_t412
12058,q11_t413
12059,q11_t413
12059,q11_t414
12060,q11_t414
12060,q11_t415
12060,q17_t414
12060,q17_t415
12061,q11_t415
12061,q11_t416
12062,q11_t416
12062,q11_t417
12063,q11_t417
12063,q11_t418
12063,q18_t417
12063,q18_t418
12064,q11_t418
12064,q11_t419
12065,q11_t419
12065,q11_t420
12066,q11_t42
12066,q11_t43
12067,q11_t420
12067,q11_t421
12067,q19_t420
12067,q19_t421
12068,q11_t421
12068,q11_t422
12069,q11_t422
12069,q11_t423
12070,q11_t423
12070,q11_t424
12070,q20_t423
12070,q20_t424
12071,q11_t424
12071,q11_t425
12072,q11_t425
12072,q11_t426
12073,q11_t426
12073,q11_t427
12073,q21_t426
12073,q21_t427
12074,q11_t427
12074,q11_t428
12075,q11_t428
12075,q11_t429
12076,q11_t429
12076,q11_t430
12076,q22_t429
12076,q22_t430
12077,q11_t43
12077,q11_t44
12078,q11_t430
12078,q11_t431
12079,q11_t431
12079,q11_t432
12080,q11_t432
12080,q11_t433
12080,q23_t432
12080,q23_t433
12081,q11_t433
12081,q11_t434
12082,q11_t434
12082,q11_t435
12083,q11_t435
12083,q11_t436
12083,q24_t435
12083,q24_t436
12084,q11_t436
12084,q11_t437
12085,q11_t437
12085,q11_t438
12086,q11_t438
12086,q11_t439
12086,q25_t438
12086,q25_t439
12087,q11_t439
12087,q11_t440
12088,q11_t44
12088,q11_t45
12088,q4_t44
12088,q4_t45
12089,q11_t440
12089,q11_t441
12090,q11_t441
12090,q11_t442
12090,q26_t441
12090,q26_t442
12091,q11_t442
12091,q11_t443
12092,q11_t443
12092,q11_t444
12093,q11_t444
12093,q11_t445
12093,q27_t444
12093,q27_t445
12094,q11_t445
12094,q11_t446
12095,q11_t446
12095,q11_t447
12096,q11_t447
12096,q11_t448
12096,q28_t447
12096,q28_t448
12097,q11_t448
12097,q11_t449
12098,q11_t449
12098,q11_t450
12099,q11_t45
12099,q11_t46
12100,q11_t450
12100,q11_t451
12100,q29_t450
12100,q29_t451
12101,q11_t451
12101,q11_t452
12102,q11_t452
12102,q11_t453
12103,q11_t453
12103,q11_t454
12103,q30_t453
12103,q30_t454
12104,q11_t454
12104,q11_t455
12105,q11_t455
12105,q11_t456
12106,q11_t456
12106,q11_t457
12106,q31_t456
12106,q31_t457
12107,q11_t457
12107,q11_t458
12108,q11_t458
12108,q11_t459
12109,q11_t459
12109,q11_t460
12109,q32_t459
12109,q32_t460
12110,q11_t46
12110,q11_t47
12111,q11_t460
12111,q11_t461
12112,q11_t461
12112,q11_t462
12113,q11_t462
12113,q11_t463
12113,q33_t462
12113,q33_t463
12114,q11_t463
12114,q11_t464
12115,q11_t464
12115,q11_t465
12116,q11_t465
12116,q11_t466
12116,q34_t465
12116,q34_t466
12117,q11_t466
12117,q11_t467
12118,q11_t467
12118,q11_t468
12119,q11_t468
12119,q11_t469
12119,q35_t468
12119,q35_t469
12120,q11_t469
12120,q11_t470
12121,q11_t47
12121,q11_t48
12121,q5_t47
12121,q5_t48
12122,q11_t470
12122,q11_t471
12123,q11_t471
12123,q11_t472
12123,q36_t471
12123,q36_t472
12124,q11_t472
12124,q11_t473
12125,q11_t473
12125,q11_t474
12126,q11_t474
12126,q11_t475
12126,q37_t474
12126,q37_t475
12127,q11_t475
12127,q11_t476
12128,q11_t476
12128,q11_t477
12129,q11_t477
12129,q11_t478
12129,q38_t477
12129,q38_t478
12130,q11_t478
12130,q11_t479
12131,q11_t479
12131,q11_t480
12132,q11_t48
12132,q11_t49
12133,q11_t480
12133,q11_t481
12133,q39_t480
12133,q39_t481
12134,q11_t481
12134,q11_t482
12135,q11_t482
12135,q11_t483
12136,q11_t483
12136,q11_t484
12136,q40_t483
12136,q40_t484
12137,q11_t484
12137,q11_t485
12138,q11_t485
12138,q11_t486
12139,q11_t486
12139,q11_t487
12139,q41_t486
12139,q41_t487
12140,q11_t487
12140,q11_t488
12141,q11_t488
12141,q11_t489
12142,q11_t489
12142,q11_t490
12142,q42_t489
12142,q42_t490
12143,q11_t49
12143,q11_t50
12144,q11_t490
12144,q11_t491
12145,q11_t491
12145,q11_t492
12146,q11_t492
12146,q11_t493
12146,q43_t492
12146,q43_t493
12147,q11_t493
12147,q11_t494
12148,q11_t494
12148,q11_t495
12149,q11_t495
12149,q11_t496
12149,q44_t495
12149,q44_t496
12150,q11_t496
12150,q11_t497
12151,q11_t497
12151,q11_t498
12152,q11_t498
12152,q11_t499
12152,q45_t498
12152,q45_t499
12153,q11_t499
12153,q11_t500
12154,q11_t50
12154,q11_t51
12154,q6_t50
12154,q6_t51
12155,q11_t500
12155,q11_t501
12156,q11_t501
12156,q11_t502
12156,q46_t501
12156,q46_t502
12157,q11_t502
12157,q11_t503
12158,q11_t503
12158,q11_t504
12159,q11_t504
12159,q11_t505
12159,q47_t504
12159,q47_t505
12160,q11_t505
12160,q11_t506
12161,q11_t506
12161,q11_t507
12162,q11_t507
12162,q11_t508
12162,q48_t507
12162,q48_t508
12163,q11_t508
12163,q11_t509
12164,q11_t509
12164,q11_t510
12165,q11_t51
12165,q11_t52
12166,q11_t510
12166,q11_t511
12166,q49_t510
12166,q49_t511
12167,q11_t511
12167,q11_t512
12168,q11_t512
12168,q11_t513
12169,q11_t513
12169,q11_t514
12169,q50_t513
12169,q50_t514
12170,q11_t514
12170,q11_t515
12171,q11_t515
12171,q11_t516
12172,q11_t516
12172,q11_t517
12172,q51_t516
12172,q51_t517
12173,q11_t517
12173,q11_t518
12174,q11_t518
12174,q11_t519
12175,q11_t519
12175,q11_t520
12175,q52_t519
12175,q52_t520
12176,q11_t52
12176,q11_t53
12177,q11_t520
12177,q11_t521
12178,q11_t521
12178,q11_t522
12179,q11_t522
12179,q11_t523
12179,q53_t522
12179,q53_t523
12180,q11_t523
12180,q11_t524
12181,q11_t524
12181,q11_t525
12182,q11_t525
12182,q11_t526
12182,q54_t525
12182,q54_t526
12183,q11_t526
12183,q11_t527
12184,q11_t527
12184,q11_t528
12185,q11_t528
12185,q11_t529
12185,q55_t528
12185,q55_t529
12186,q11_t529
12186,q11_t530
12187,q11_t53
12187,q11_t54
12187,q7_t53
12187,q7_t54
12188,q11_t530
12188,q11_t531
12189,q11_t531
12189,q11_t532
12189,q56_t531
12189,q56_t532
12190,q11_t532
12190,q11_t533
12191,q11_t533
12191,q11_t534
12192,q11_t534
12192,q11_t535
12192,q57_t534
12192,q57_t535
12193,q11_t535
12193,q11_t536
12194,q11_t536
12194,q11_t537
12195,q11_t537
12195,q11_t538
12195,q58_t537
12195,q58_t538
12196,q11_t538
12196,q11_t539
12197,q11_t539
12197,q11_t540
12198,q11_t54
12198,q11_t55
12199,q11_t540
12199,q11_t541
12199,q59_t540
12199,q59_t541
12200,q11_t541
12200,q11_t542
12201,q11_t542
12201,q11_t543
12202,q11_t543
12202,q11_t544
12202,q60_t543
12202,q60_t544
12203,q11_t544
12203,q11_t545
12204,q11_t545
12204,q11_t546
12205,q11_t546
12205,q11_t547
12205,q61_t546
12205,q61_t547
12206,q11_t547
12206,q11_t548
12207,q11_t548
12207,q11_t549
12208,q11_t549
12208,q11_t550
12208,q62_t549
12208,q62_t550
12209,q11_t55
12209,q11_t56
12210,q11_t550
12210,q11_t551
12211,q11_t551
12211,q11_t552
12212,q11_t552
12212,q11_t553
12212,q63_t552
12212,q63_t553
12213,q11_t553
12213,q11_t554
12214,q11_t554
12214,q11_t555
12215,q11_t555
12215,q11_t556
12215,q64_t555
12215,q64_t556
12216,q11_t556
12216,q11_t557
12217,q11_t557
12217,q11_t558
12218,q11_t558
12218,q11_t559
12218,q65_t558
12218,q65_t559
12219,q11_t559
12219,q11_t560
12220,q11_t56
12220,q11_t57
12220,q8_t56
12220,q8_t57
12221,q11_t560
12221,q11_t561
12222,q11_t561
12222,q11_t562
12222,q66_t561
12222,q66_t562
12223,q11_t562
12223,q11_t563
12224,q11_t563
12224,q11_t564
12225,q11_t564
12225,q11_t565
12225,q67_t564
12225,q67_t565
12226,q11_t565
12226,q11_t566
12227,q11_t566
12227,q11_t567
12228,q11_t567
12228,q11_t568
12228,q68_t567
12228,q68_t568
12229,q11_t568
12229,q11_t569
12230,q11_t569
12230,q11_t570
12231,q11_t57
12231,q11_t58
12232,q11_t570
12232,q11_t571
12232,q69_t570
12232,q69_t571
12233,q11_t571
12233,q11_t572
12234,q11_t572
12234,q11_t573
12235,q11_t573
12235,q11_t574
12235,q70_t573
12235,q70_t574
12236,q11_t574
12236,q11_t575
12237,q11_t575
12237,q11_t576
12238,q11_t576
12238,q11_t577
12238,q71_t576
12238,q71_t577
12239,q11_t577
12239,q11_t578
12240,q11_t578
12240,q11_t579
12241,q11_t579
12241,q11_t580
12241,q72_t579
12241,q72_t580
12242,q11_t58
12242,q11_t59
12243,q11_t580
12243,q11_t581
12244,q11_t581
12244,q11_t582
12245,q11_t582
12245,q11_t583
12245,q73_t582
12245,q73_t583
12246,q11_t583
12246,q11_t584
12247,q11_t584
12247,q11_t585
12248,q11_t585
12248,q11_t586
12248,q74_t585
12248,q74_t586
12249,q11_t586
12249,q11_t587
12250,q11_t587
12250,q11_t588
12251,q11_t588
12251,q11_t589
12251,q75_t588
12251,q75_t589
12252,q11_t589
12252,q11_t590
12253,q11_t59
12253,q11_t60
12253,q9_t59
12253,q9_t60
12254,q11_t590
12254,q11_t591
12255,q11_t591
12255,q11_t592
12255,q76_t591
12255,q76_t592
12256,q11_t592
12256,q11_t593
12257,q11_t593
12257,q11_t594
12258,q11_t594
12258,q11_t595
12258,q77_t594
12258,q77_t595
12259,q11_t595
12259,q11_t596
12260,q11_t596
12260,q11_t597
12261,q11_t597
12261,q11_t598
12261,q78_t597
12261,q78_t598
12262,q11_t598
12262,q11_t599
12263,q11_t599
12263,q11_t600
12264,q11_t60
12264,q11_t61
12265,q11_t600
12265,q11_t601
12265,q79_t600
12265,q79_t601
12266,q11_t601
12266,q11_t602
12267,q11_t602
12267,q11_t603
12268,q11_t603
12268,q11_t604
12268,q80_t603
12268,q80_t604
12269,q11_t604
12269,q11_t605
12270,q11_t605
12270,q11_t606
12271,q11_t606
12271,q11_t607
12271,q81_t606
12271,q81_t607
12272,q11_t607
12272,q11_t608
12273,q11_t608
12273,q11_t609
12274,q11_t609
12274,q11_t610
12274,q82_t609
12274,q82_t610
12275,q11_t61
12275,q11_t62
12276,q11_t610
12276,q11_t611
12277,q11_t611
12277,q11_t612
12278,q11_t612
12278,q11_t613
12278,q83_t612
12278,q83_t613
12279,q11_t613
12279,q11_t614
12280,q11_t614
12280,q11_t615
12281,q11_t615
12281,q11_t616
12281,q84_t615
12281,q84_t616
12282,q11_t616
12282,q11_t617
12283,q11_t617
12283,q11_t618
12284,q11_t618
12284,q11_t619
12284,q85_t618
12284,q85_t619
12285,q11_t619
12285,q11_t620
12286,q11_t620
12286,q11_t621
12287,q11_t621
12287,q11_t622
12287,q86_t621
12287,q86_t622
12288,q11_t622
12288,q11_t623
12289,q11_t623
12289,q11_t624
12290,q11_t624
12290,q11_t625
12290,q87_t624
12290,q87_t625
12291,q11_t625
12291,q11_t626
12292,q11_t626
12292,q11_t627
12293,q11_t627
12293,q11_t628
12293,q88_t627
12293,q88_t628
12294,q11_t628
12294,q11_t629
12295,q11_t629
12295,q11_t630
12296,q11_t63
12296,q11_t64
12297,q11_t630
12297,q11_t631
12297,q89_t630
12297,q89_t631
12298,q11_t631
12298,q11_t632
12299,q11_t632
12299,q11_t633
12300,q11_t633
12300,q11_t634
12300,q90_t633
12300,q90_t634
12301,q11_t634
12301,q11_t635
12302,q11_t635
12302,q11_t636
12303,q11_t636
12303,q11_t637
12303,q91_t636
12303,q91_t637
12304,q11_t637
12304,q11_t638
12305,q11_t638
12305,q11_t639
12306,q11_t639
12306,q11_t640
12306,q92_t639
12306,q92_t640
12307,q11_t64
12307,q11_t68
12308,q11_t640
12308,q11_t641
12309,q11_t641
12309,q11_t642
12310,q11_t642
12310,q11_t643
12310,q93_t642
12310,q93_t643
12311,q11_t643
12311,q11_t644
12312,q11_t644
12312,q11_t645
12313,q11_t645
12313,q11_t646
12313,q94_t645
12313,q94_t646
12314,q11_t646
12314,q11_t647
12315,q11_t647
12315,q11_t648
12316,q11_t648
12316,q11_t649
12316,q95_t648
12316,q95_t649
12317,q11_t649
12317,q11_t650
12318,q11_t650
12318,q11_t651
12319,q11_t651
12319,q11_t652
12319,q96_t651
12319,q96_t652
12320,q11_t652
12320,q11_t653
12321,q11_t653
12321,q11_t654
12322,q11_t654
12322,q11_t655
12322,q97_t654
12322,q97_t655
12323,q11_t655
12323,q11_t656
12324,q11_t656
12324,q11_t657
12325,q11_t657
12325,q11_t658
12325,q98_t657
12325,q98_t658
12326,q11_t658
12326,q11_t659
12327,q11_t659
12327,q11_t660
12328,q11_t660
12328,q11_t661
12328,q99_t660
12328,q99_t661
12329,q11_t661
12329,q11_t662
12330,q11_t662
12330,q11_t663
12331,q11_t664
12331,q11_t665
12332,q11_t665
12332,q11_t666
12333,q11_t667
12333,q11_t668
12334,q11_t668
12334,q11_t669
12335,q11_t670
12335,q11_t671
12336,q11_t671
12336,q11_t672
12337,q11_t673
12337,q11_t674
12338,q11_t674
12338,q11_t675
12339,q11_t676
12339,q11_t677
12340,q11_t677
12340,q11_t678
12341,q11_t679
12341,q11_t680
12342,q11_t68
12342,q11_t69
12342,q12_t68
12342,q12_t69
12343,q11_t680
12343,q11_t681
12344,q11_t682
12344,q11_t683
12345,q11_t683
12345,q11_t684
12346,q11_t685
12346,q11_t686
12347,q11_t686
12347,q11_t687
12348,q11_t688
12348,q11_t689
12349,q11_t689
12349,q11_t690
12350,q11_t69
12350,q11_t70
12351,q11_t691
12351,q11_t692
12352,q11_t692
12352,q11_t693
12353,q11_t693
12353,q11_t694
12354,q11_t695
12354,q11_t696
12355,q11_t696
12355,q11_t697
12356,q11_t697
12356,q11_t698
12356,q1_t697
12356,q1_t698
12357,q11_t698
12357,q11_t699
12358,q11_t699
12358,q11_t700
12359,q11_t70
12359,q11_t71
12360,q11_t700
12360,q11_t701
12360,q2_t700
12360,q2_t701
12361,q11_t701
12361,q11_t702
12362,q11_t702
12362,q11_t703
12363,q11_t703
12363,q11_t704
12363,q3_t703
12363,q3_t704
12364,q11_t704
12364,q11_t705
12365,q11_t705
12365,q11_t706
12366,q11_t706
12366,q11_t707
12366,q4_t706
12366,q4_t707
12367,q11_t707
12367,q11_t708
12368,q11_t708
12368,q11_t709
12369,q11_t709
12369,q11_t710
12369,q5_t709
12369,q5_t710
12370,q11_t71
12370,q11_t72
12370,q13_t71
12370,q13_t72
12371,q11_t710
12371,q11_t711
12372,q11_t711
12372,q11_t712
12373,q11_t712
12373,q11_t713
12373,q6_t712
12373,q6_t713
12374,q11_t713
12374,q11_t714
12375,q11_t714
12375,q11_t715
12376,q11_t715
12376,q11_t716
12376,q7_t715
12376,q7_t716
12377,q11_t716
12377,q11_t717
12378,q11_t717
12378,q11_t718
12379,q11_t718
12379,q11_t719
12379,q8_t718
12379,q8_t719
12380,q11_t719
12380,q11_t720
12381,q11_t72
12381,q11_t73
12382,q11_t720
12382,q11_t721
12383,q11_t721
12383,q11_t722
12383,q9_t721
12383,q9_t722
12384,q11_t722
12384,q11_t723
12385,q11_t723
12385,q11_t724
12386,q11_t725
12386,q11_t726
12387,q11_t726
12387,q11_t730
12388,q11_t73
12388,q11_t74
12389,q11_t730
12389,q11_t731
12389,q12_t730
12389,q12_t731
12390,q11_t731
12390,q11_t732
12391,q11_t732
12391,q11_t733
12392,q11_t733
12392,q11_t734
12392,q13_t733
12392,q13_t734
12393,q11_t734
12393,q11_t735
12394,q11_t735
12394,q11_t736
12395,q11_t736
12395,q11_t737
12395,q14_t736
12395,q14_t737
12396,q11_t737
12396,q11_t738
12397,q11_t738
12397,q11_t739
12398,q11_t739
12398,q11_t740
12398,q15_t739
12398,q15_t740
12399,q11_t74
12399,q11_t75
12399,q14_t74
12399,q14_t75
12400,q11_t740
12400,q11_t741
12401,q11_t741
12401,q11_t742
12402,q11_t742
12402,q11_t743
12402,q16_t742
12402,q16_t743
12403,q11_t743
12403,q11_t744
12404,q11_t744
12404,q11_t745
12405,q11_t745
12405,q11_t746
12405,q17_t745
12405,q17_t746
12406,q11_t746
12406,q11_t747
12407,q11_t747
12407,q11_t748
12408,q11_t748
12408,q11_t749
12408,q18_t748
12408,q18_t749
12409,q11_t749
12409,q11_t750
12410,q11_t75
12410,q11_t76
12411,q11_t750
12411,q11_t751
12412,q11_t751
12412,q11_t752
12412,q19_t751
12412,q19_t752
12413,q11_t752
12413,q11_t753
12414,q11_t753
12414,q11_t754
12415,q11_t754
12415,q11_t755
12415,q20_t754
12415,q20_t755
12416,q11_t755
12416,q11_t756
12417,q11_t756
12417,q11_t757
12418,q11_t757
12418,q11_t758
12418,q21_t757
12418,q21_t758
12419,q11_t758
12419,q11_t759
12420,q11_t759
12420,q11_t760
12421,q11_t76
12421,q11_t77
12422,q11_t760
12422,q11_t761
12422,q22_t760
12422,q22_t761
12423,q11_t761
12423,q11_t762
12424,q11_t762
12424,q11_t763
12425,q11_t763
12425,q11_t764
12425,q23_t763
12425,q23_t764
12426,q11_t764
12426,q11_t765
12427,q11_t765
12427,q11_t766
12428,q11_t766
12428,q11_t767
12428,q24_t766
12428,q24_t767
12429,q11_t767
12429,q11_t768
12430,q11_t768
12430,q11_t769
12431,q11_t769
12431,q11_t770
12431,q25_t769
12431,q25_t770
12432,q11_t77
12432,q11_t78
12432,q15_t77
12432,q15_t78
12433,q11_t770
12433,q11_t771
12434,q11_t771
12434,q11_t772
12435,q11_t772
12435,q11_t773
12435,q26_t772
12435,q26_t773
12436,q11_t773
12436,q11_t774
12437,q11_t774
12437,q11_t775
12438,q11_t775
12438,q11_t776
12438,q27_t775
12438,q27_t776
12439,q11_t776
12439,q11_t777
12440,q11_t777
12440,q11_t778
12441,q11_t778
12441,q11_t779
12441,q28_t778
12441,q28_t779
12442,q11_t779
12442,q11_t780
12443,q11_t78
12443,q11_t79
12444,q11_t780
12444,q11_t781
12445,q11_t781
12445,q11_t782
12445,q29_t781
12445,q29_t782
12446,q11_t782
12446,q11_t783
12447,q11_t783
12447,q11_t784
12448,q11_t784
12448,q11_t785
12448,q30_t784
12448,q30_t785
12449,q11_t785
12449,q11_t786
12450,q11_t786
12450,q11_t787
12451,q11_t787
12451,q11_t788
12451,q31_t787
12451,q31_t788
12452,q11_t788
12452,q11_t789
12453,q11_t789
12453,q11_t790
12454,q11_t79
12454,q11_t80
12455,q11_t790
12455,q11_t791
12455,q32_t790
12455,q32_t791
12456,q11_t791
12456,q11_t792
12457,q11_t792
12457,q11_t793
12458,q11_t793
12458,q11_t794
12458,q33_t793
12458,q33_t794
12459,q11_t794
12459,q11_t795
12460,q11_t795
12460,q11_t796
12461,q11_t796
12461,q11_t797
12461,q34_t796
12461,q34_t797
12462,q11_t797
12462,q11_t798
12463,q11_t798
12463,q11_t799
12464,q11_t799
12464,q11_t800
12464,q35_t799
12464,q35_t800
12465,q11_t80
12465,q11_t81
12465,q16_t80
12465,q16_t81
12466,q11_t800
12466,q11_t801
12467,q11_t801
12467,q11_t802
12468,q11_t802
12468,q11_t803
12468,q36_t802
12468,q36_t803
12469,q11_t803
12469,q11_t804
12470,q11_t804
12470,q11_t805
12471,q11_t805
12471,q11_t806
12471,q37_t805
12471,q37_t806
12472,q11_t806
12472,q11_t807
12473,q11_t807
12473,q11_t808
12474,q11_t808
12474,q11_t809
12474,q38_t808
12474,q38_t809
12475,q11_t809
12475,q11_t810
12476,q11_t81
12476,q11_t82
12477,q11_t810
12477,q11_t811
12478,q11_t811
12478,q11_t812
12478,q39_t811
12478,q39_t812
12479,q11_t812
12479,q11_t813
12480,q11_t813
12480,q11_t814
12481,q11_t814
12481,q11_t815
12481,q40_t814
12481,q40_t815
12482,q11_t815
12482,q11_t816
12483,q11_t816
12483,q11_t817
12484,q11_t817
12484,q11_t818
12484,q41_t817
12484,q41_t818
12485,q11_t818
12485,q11_t819
12486,q11_t819
12486,q11_t820
12487,q11_t82
12487,q11_t83
12488,q11_t820
12488,q11_t821
12488,q42_t820
12488,q42_t821
12489,q11_t821
12489,q11_t822
12490,q11_t822
12490,q11_t823
12491,q11_t823
12491,q11_t824
12491,q43_t823
12491,q43_t824
12492,q11_t824
12492,q11_t825
12493,q11_t825
12493,q11_t826
12494,q11_t826
12494,q11_t827
12494,q44_t826
12494,q44_t827
12495,q11_t827
12495,q11_t828
12496,q11_t828
12496,q11_t829
12497,q11_t829
12497,q11_t830
12497,q45_t829
12497,q45_t830
12498,q11_t83
12498,q11_t84
12498,q17_t83
12498,q17_t84
12499,q11_t830
12499,q11_t831
12500,q11_t831
12500,q11_t832
12501,q11_t832
12501,q11_t833
12501,q46_t832
12501,q46_t833
12502,q11_t833
12502,q11_t834
12503,q11_t834
12503,q11_t835
12504,q11_t835
12504,q11_t836
12504,q47_t835
12504,q47_t836
12505,q11_t836
12505,q11_t837
12506,q11_t837
12506,q11_t838
12507,q11_t838
12507,q11_t839
12507,q48_t838
12507,q48_t839
12508,q11_t839
12508,q11_t840
12509,q11_t84
12509,q11_t85
12510,q11_t840
12510,q11_t841
12511,q11_t841
12511,q11_t842
12511,q49_t841
12511,q49_t842
12512,q11_t842
12512,q11_t843
12513,q11_t843
12513,q11_t844
12514,q11_t844
12514,q11_t845
12514,q50_t844
12514,q50_t845
12515,q11_t845
12515,q11_t846
12516,q11_t846
12516,q11_t847
12517,q11_t847
12517,q11_t848
12517,q51_t847
12517,q51_t848
12518,q11_t848
12518,q11_t849
12519,q11_t849
12519,q11_t850
12520,q11_t85
12520,q11_t86
12521,q11_t850
12521,q11_t851
12521,q52_t850
12521,q52_t851
12522,q11_t851
12522,q11_t852
12523,q11_t852
12523,q11_t853
12524,q11_t853
12524,q11_t854
12524,q53_t853
12524,q53_t854
12525,q11_t854
12525,q11_t855
12526,q11_t855
12526,q11_t856
12527,q11_t856
12527,q11_t857
12527,q54_t856
12527,q54_t857
12528,q11_t857
12528,q11_t858
12529,q11_t858
12529,q11_t859
12530,q11_t859
12530,q11_t860
12530,q55_t859
12530,q55_t860
12531,q11_t86
12531,q11_t87
12531,q18_t86
12531,q18_t87
12532,q11_t860
12532,q11_t861
12533,q11_t861
12533,q11_t862
12534,q11_t862
12534,q11_t863
12534,q56_t862
12534,q56_t863
12535,q11_t863
12535,q11_t864
12536,q11_t864
12536,q11_t865
12537,q11_t865
12537,q11_t866
12537,q57_t865
12537,q57_t866
12538,q11_t866
12538,q11_t867
12539,q11_t867
12539,q11_t868
12540,q11_t868
12540,q11_t869
12540,q58_t868
12540,q58_t869
12541,q11_t869
12541,q11_t870
12542,q11_t87
12542,q11_t88
12543,q11_t870
12543,q11_t871
12544,q11_t871
12544,q11_t872
12544,q59_t871
12544,q59_t872
12545,q11_t872
12545,q11_t873
12546,q11_t873
12546,q11_t874
12547,q11_t874
12547,q11_t875
12547,q60_t874
12547,q60_t875
12548,q11_t875
12548,q11_t876
12549,q11_t876
12549,q11_t877
12550,q11_t877
12550,q11_t878
12550,q61_t877
12550,q61_t878
12551,q11_t878
12551,q11_t879
12552,q11_t879
12552,q11_t880
12553,q11_t88
12553,q11_t89
12554,q11_t880
12554,q11_t881
12554,q62_t880
12554,q62_t881
12555,q11_t881
12555,q11_t882
12556,q11_t882
12556,q11_t883
12557,q11_t883
12557,q11_t884
12557,q63_t883
12557,q63_t884
12558,q11_t884
12558,q11_t885
12559,q11_t885
12559,q11_t886
12560,q11_t886
12560,q11_t887
12560,q64_t886
12560,q64_t887
12561,q11_t887
12561,q11_t888
12562,q11_t888
12562,q11_t889
12563,q11_t889
12563,q11_t890
12563,q65_t889
12563,q65_t890
12564,q11_t89
12564,q11_t90
12564,q19_t89
12564,q19_t90
12565,q11_t890
12565,q11_t891
12566,q11_t891
12566,q11_t892
12567,q11_t892
12567,q11_t893
12567,q66_t892
12567,q66_t893
12568,q11_t893
12568,q11_t894
12569,q11_t894
12569,q11_t895
12570,q11_t895
12570,q11_t896
12570,q67_t895
12570,q67_t896
12571,q11_t896
12571,q11_t897
12572,q11_t897
12572,q11_t898
12573,q11_t898
12573,q11_t899
12573,q68_t898
12573,q68_t899
12574,q11_t899
12574,q11_t900
12575,q11_t90
12575,q11_t91
12576,q11_t900
12576,q11_t901
12577,q11_t901
12577,q11_t902
12577,q69_t901
12577,q69_t902
12578,q11_t902
12578,q11_t903
12579,q11_t903
12579,q11_t904
12580,q11_t904
12580,q11_t905
12580,q70_t904
12580,q70_t905
12581,q11_t905
12581,q11_t906
12582,q11_t906
12582,q11_t907
12583,q11_t907
12583,q11_t908
12583,q71_t907
12583,q71_t908
12584,q11_t908
12584,q11_t909
12585,q11_t909
12585,q11_t910
12586,q11_t91
12586,q11_t92
12587,q11_t910
12587,q11_t911
12587,q72_t910
12587,q72_t911
12588,q11_t911
12588,q11_t912
12589,q11_t912
12589,q11_t913
12590,q11_t913
12590,q11_t914
12590,q73_t913
12590,q73_t914
12591,q11_t914
12591,q11_t915
12592,q11_t915
12592,q11_t916
12593,q11_t916
12593,q11_t917
12593,q74_t916
12593,q74_t917
12594,q11_t917
12594,q11_t918
12595,q11_t918
12595,q11_t919
12596,q11_t919
12596,q11_t920
12596,q75_t919
12596,q75_t920
12597,q11_t92
12597,q11_t93
12597,q20_t92
12597,q20_t93
12598,q11_t920
12598,q11_t921
12599,q11_t921
12599,q11_t922
12600,q11_t922
12600,q11_t923
12600,q76_t922
12600,q76_t923
12601,q11_t923
12601,q11_t924
12602,q11_t924
12602,q11_t925
12603,q11_t925
12603,q11_t926
12603,q77_t925
12603,q77_t926
12604,q11_t926
12604,q11_t927
12605,q11_t927
12605,q11_t928
12606,q11_t928
12606,q11_t929
12606,q78_t928
12606,q78_t929
12607,q11_t929
12607,q11_t930
12608,q11_t93
12608,q11_t94
12609,q11_t930
12609,q11_t931
12610,q11_t931
12610,q11_t932
12610,q79_t931
12610,q79_t932
12611,q11_t932
12611,q11_t933
12612,q11_t933
12612,q11_t934
12613,q11_t934
12613,q11_t935
12613,q80_t934
12613,q80_t935
12614,q11_t935
12614,q11_t936
12615,q11_t936
12615,q11_t937
12616,q11_t937
12616,q11_t938
12616,q81_t937
12616,q81_t938
12617,q11_t938
12617,q11_t939
12618,q11_t939
12618,q11_t940
12619,q11_t94
12619,q11_t95
12620,q11_t940
12620,q11_t941
12620,q82_t940
12620,q82_t941
12621,q11_t941
12621,q11_t942
12622,q11_t942
12622,q11_t943
12623,q11_t943
12623,q11_t944
12623,q83_t943
12623,q83_t944
12624,q11_t944
12624,q11_t945
12625,q11_t945
12625,q11_t946
12626,q11_t946
12626,q11_t947
12626,q84_t946
12626,q84_t947
12627,q11_t947
12627,q11_t948
12628,q11_t948
12628,q11_t949
12629,q11_t949
12629,q11_t950
12629,q85_t949
12629,q85_t950
12630,q11_t95
12630,q11_t96
12630,q21_t95
12630,q21_t96
12631,q11_t950
12631,q11_t951
12632,q11_t951
12632,q11_t952
12633,q11_t952
12633,q11_t953
12633,q86_t952
12633,q86_t953
12634,q11_t953
12634,q11_t954
12635,q11_t954
12635,q11_t955
12636,q11_t955
12636,q11_t956
12636,q87_t955
12636,q87_t956
12637,q11_t956
12637,q11_t957
12638,q11_t957
12638,q11_t958
12639,q11_t958
12639,q11_t959
12639,q88_t958
12639,q88_t959
12640,q11_t959
12640,q11_t960
12641,q11_t96
12641,q11_t97
12642,q11_t960
12642,q11_t961
12643,q11_t961
12643,q11_t962
12643,q89_t961
12643,q89_t962
12644,q11_t962
12644,q11_t963
12645,q11_t963
12645,q11_t964
12646,q11_t964
12646,q11_t965
12646,q90_t964
12646,q90_t965
12647,q11_t965
12647,q11_t966
12648,q11_t966
12648,q11_t967
12649,q11_t967
12649,q11_t968
12649,q91_t967
12649,q91_t968
12650,q11_t968
12650,q11_t969
12651,q11_t969
12651,q11_t970
12652,q11_t97
12652,q11_t98
12653,q11_t970
12653,q11_t971
12653,q92_t970
12653,q92_t971
12654,q11_t971
12654,q11_t972
12655,q11_t972
12655,q11_t973
12656,q11_t973
12656,q11_t974
12656,q93_t973
12656,q93_t974
12657,q11_t974
12657,q11_t975
12658,q11_t975
12658,q11_t976
12659,q11_t976
12659,q11_t977
12659,q94_t976
12659,q94_t977
12660,q11_t977
12660,q11_t978
12661,q11_t978
12661,q11_t979
12662,q11_t979
12662,q11_t980
12662,q95_t979
12662,q95_t980
12663,q11_t98
12663,q11_t99
12663,q22_t98
12663,q22_t99
12664,q11_t980
12664,q11_t981
12665,q11_t981
12665,q11_t982
12666,q11_t982
12666,q11_t983
12666,q96_t982
12666,q96_t983
12667,q11_t983
12667,q11_t984
12668,q11_t984
12668,q11_t985
12669,q11_t985
12669,q11_t986
12669,q97_t985
12669,q97_t986
12670,q11_t986
12670,q11_t987
12671,q11_t987
12671,q11_t988
12672,q11_t988
12672,q11_t989
12672,q98_t988
12672,q98_t989
12673,q11_t989
12673,q11_t990
12674,q11_t990
12674,q11_t991
12675,q11_t991
12675,q11_t992
12675,q99_t991
12675,q99_t992
12676,q11_t992
12676,q11_t993
12677,q11_t993
12677,q11_t994
12678,q11_t995
12678,q11_t996
12679,q11_t996
12679,q11_t997
12680,q11_t998
12680,q11_t999
12681,q12_t0
12681,q12_t1
12682,q12_t1
12682,q12_t35
12683,q12_t100
12683,q12_t101
12684,q12_t100
12684,q12_t99
12685,q12_t1000
12685,q12_t999
12686,q12_t1001
12686,q12_t1002
12687,q12_t1002
12687,q12_t1003
12688,q12_t1004
12688,q12_t1005
12689,q12_t1005
12689,q12_t1006
12690,q12_t1007
12690,q12_t1008
12691,q12_t1008
12691,q12_t1009
12692,q12_t101
12692,q12_t102
12692,q22_t101
12692,q22_t102
12693,q12_t1010
12693,q12_t1011
12694,q12_t1011
12694,q12_t1012
12695,q12_t1013
12695,q12_t1014
12696,q12_t1014
12696,q12_t1015
12697,q12_t1016
12697,q12_t1017
12698,q12_t1017
12698,q12_t1018
12699,q12_t1019
12699,q12_t1020
12700,q12_t102
12700,q12_t103
12701,q12_t1020
12701,q12_t1021
12702,q12_t1022
12702,q12_t1023
12703,q12_t1023
12703,q12_t1024
12704,q12_t1025
12704,q12_t1026
12705,q12_t1026
12705,q12_t1027
12706,q12_t103
12706,q12_t104
12707,q12_t104
12707,q12_t105
12707,q23_t104
12707,q23_t105
12708,q12_t105
12708,q12_t106
12709,q12_t106
12709,q12_t107
12710,q12_t107
12710,q12_t108
12710,q24_t107
12710,q24_t108
12711,q12_t108
12711,q12_t109
12712,q12_t109
12712,q12_t110
12713,q12_t110
12713,q12_t111
12713,q25_t110
12713,q25_t111
12714,q12_t111
12714,q12_t112
12715,q12_t112
12715,q12_t113
12716,q12_t113
12716,q12_t114
12716,q26_t113
12716,q26_t114
12717,q12_t114
12717,q12_t115
12718,q12_t115
12718,q12_t116
12719,q12_t116
12719,q12_t117
12719,q27_t116
12719,q27_t117
12720,q12_t117
12720,q12_t118
12721,q12_t118
12721,q12_t119
12722,q12_t119
12722,q12_t120
12722,q28_t119
12722,q28_t120
12723,q12_t120
12723,q12_t121
12724,q12_t121
12724,q12_t122
12725,q12_t122
12725,q12_t123
12725,q29_t122
12725,q29_t123
12726,q12_t123
12726,q12_t124
12727,q12_t124
12727,q12_t125
12728,q12_t125
12728,q12_t126
12728,q30_t125
12728,q30_t126
12729,q12_t126
12729,q12_t127
12730,q12_t127
12730,q12_t128
12731,q12_t128
12731,q12_t129
12731,q31_t128
12731,q31_t129
12732,q12_t129
12732,q12_t130
12733,q12_t130
12733,q12_t131
12734,q12_t131
12734,q12_t132
12734,q32_t131
12734,q32_t132
12735,q12_t132
12735,q12_t133
12736,q12_t133
12736,q12_t134
12737,q12_t134
12737,q12_t135
12737,q33_t134
12737,q33_t135
12738,q12_t135
12738,q12_t136
12739,q12_t136
12739,q12_t137
12740,q12_t137
12740,q12_t138
12740,q34_t137
12740,q34_t138
12741,q12_t138
12741,q12_t139
12742,q12_t139
12742,q12_t140
12743,q12_t140
12743,q12_t141
12743,q35_t140
12743,q35_t141
12744,q12_t141
12744,q12_t142
12745,q12_t142
12745,q12_t143
12746,q12_t143
12746,q12_t144
12746,q36_t143
12746,q36_t144
12747,q12_t144
12747,q12_t145
12748,q12_t145
12748,q12_t146
12749,q12_t146
12749,q12_t147
12749,q37_t146
12749,q37_t147
12750,q12_t147
12750,q12_t148
12751,q12_t148
12751,q12_t149
12752,q12_t149
12752,q12_t150
12752,q38_t149
12752,q38_t150
12753,q12_t150
12753,q12_t151
12754,q12_t151
12754,q12_t152
12755,q12_t152
12755,q12_t153
12755,q39_t152
12755,q39_t153
12756,q12_t153
12756,q12_t154
12757,q12_t154
12757,q12_t155
12758,q12_t155
12758,q12_t156
12758,q40_t155
12758,q40_t156
12759,q12_t156
12759,q12_t157
12760,q12_t157
12760,q12_t158
12761,q12_t158
12761,q12_t159
12761,q41_t158
12761,q41_t159
12762,q12_t159
12762,q12_t160
12763,q12_t160
12763,q12_t161
12764,q12_t161
12764,q12_t162
12764,q42_t161
12764,q42_t162
12765,q12_t162
12765,q12_t163
12766,q12_t163
12766,q12_t164
12767,q12_t164
12767,q12_t165
12767,q43_t164
12767,q43_t165
12768,q12_t165
12768,q12_t166
12769,q12_t166
12769,q12_t167
12770,q12_t167
12770,q12_t168
12770,q44_t167
12770,q44_t168
12771,q12_t168
12771,q12_t169
12772,q12_t169
12772,q12_t170
12773,q12_t170
12773,q12_t171
12773,q45_t170
12773,q45_t171
12774,q12_t171
12774,q12_t172
12775,q12_t172
12775,q12_t173
12776,q12_t173
12776,q12_t174
12776,q46_t173
12776,q46_t174
12777,q12_t174
12777,q12_t175
12778,q12_t175
12778,q12_t176
12779,q12_t176
12779,q12_t177
12779,q47_t176
12779,q47_t177
12780,q12_t177
12780,q12_t178
12781,q12_t178
12781,q12_t179
12782,q12_t179
12782,q12_t180
12782,q48_t179
12782,q48_t180
12783,q12_t180
12783,q12_t181
12784,q12_t181
12784,q12_t182
12785,q12_t182
12785,q12_t183
12785,q49_t182
12785,q49_t183
12786,q12_t183
12786,q12_t184
12787,q12_t184
12787,q12_t185
12788,q12_t185
12788,q12_t186
12788,q50_t185
12788,q50_t186
12789,q12_t186
12789,q12_t187
12790,q12_t187
12790,q12_t188
12791,q12_t188
12791,q12_t189
12791,q51_t188
12791,q51_t189
12792,q12_t189
12792,q12_t190
12793,q12_t190
12793,q12_t191
12794,q12_t191
12794,q12_t192
12794,q52_t191
12794,q52_t192
12795,q12_t192
12795,q12_t193
12796,q12_t193
12796,q12_t194
12797,q12_t194
12797,q12_t195
12797,q53_t194
12797,q53_t195
12798,q12_t195
12798,q12_t196
12799,q12_t196
12799,q12_t197
12800,q12_t197
12800,q12_t198
12800,q54_t197
12800,q54_t198
12801,q12_t198
12801,q12_t199
12802,q12_t199
12802,q12_t200
12803,q12_t200
12803,q12_t201
12803,q55_t200
12803,q55_t201
12804,q12_t201
12804,q12_t202
12805,q12_t202
12805,q12_t203
12806,q12_t203
12806,q12_t204
12806,q56_t203
12806,q56_t204
12807,q12_t204
12807,q12_t205
12808,q12_t205
12808,q12_t206
12809,q12_t206
12809,q12_t207
12809,q57_t206
12809,q57_t207
12810,q12_t207
12810,q12_t208
12811,q12_t208
12811,q12_t209
12812,q12_t209
12812,q12_t210
12812,q58_t209
12812,q58_t210
12813,q12_t210
12813,q12_t211
12814,q12_t211
12814,q12_t212
12815,q12_t212
12815,q12_t213
12815,q59_t212
12815,q59_t213
12816,q12_t213
12816,q12_t214
12817,q12_t214
12817,q12_t215
12818,q12_t215
12818,q12_t216
12818,q60_t215
12818,q60_t216
12819,q12_t216
12819,q12_t217
12820,q12_t217
12820,q12_t218
12821,q12_t218
12821,q12_t219
12821,q61_t218
12821,q61_t219
12822,q12_t219
12822,q12_t220
12823,q12_t220
12823,q12_t221
12824,q12_t221
12824,q12_t222
12824,q62_t221
12824,q62_t222
12825,q12_t222
12825,q12_t223
12826,q12_t223
12826,q12_t224
12827,q12_t224
12827,q12_t225
12827,q63_t224
12827,q63_t225
12828,q12_t225
12828,q12_t226
12829,q12_t226
12829,q12_t227
12830,q12_t227
12830,q12_t228
12830,q64_t227
12830,q64_t228
12831,q12_t228
12831,q12_t229
12832,q12_t229
12832,q12_t230
12833,q12_t230
12833,q12_t231
12833,q65_t230
12833,q65_t231
12834,q12_t231
12834,q12_t232
12835,q12_t232
12835,q12_t233
12836,q12_t233
12836,q12_t234
12836,q66_t233
12836,q66_t234
12837,q12_t234
12837,q12_t235
12838,q12_t235
12838,q12_t236
12839,q12_t236
12839,q12_t237
12839,q67_t236
12839,q67_t237
12840,q12_t237
12840,q12_t238
12841,q12_t238
12841,q12_t239
12842,q12_t239
12842,q12_t240
12842,q68_t239
12842,q68_t240
12843,q12_t240
12843,q12_t241
12844,q12_t241
12844,q12_t242
12845,q12_t242
12845,q12_t243
12845,q69_t242
12845,q69_t243
12846,q12_t243
12846,q12_t244
12847,q12_t244
12847,q12_t245
12848,q12_t245
12848,q12_t246
12848,q70_t245
12848,q70_t246
12849,q12_t246
12849,q12_t247
12850,q12_t247
12850,q12_t248
12851,q12_t248
12851,q12_t249
12851,q71_t248
12851,q71_t249
12852,q12_t249
12852,q12_t250
12853,q12_t250
12853,q12_t251
12854,q12_t251
12854,q12_t252
12854,q72_t251
12854,q72_t252
12855,q12_t252
12855,q12_t253
12856,q12_t253
12856,q12_t254
12857,q12_t254
12857,q12_t255
12857,q73_t254
12857,q73_t255
12858,q12_t255
12858,q12_t256
12859,q12_t256
12859,q12_t257
12860,q12_t257
12860,q12_t258
12860,q74_t257
12860,q74_t258
12861,q12_t258
12861,q12_t259
12862,q12_t259
12862,q12_t260
12863,q12_t260
12863,q12_t261
12863,q75_t260
12863,q75_t261
12864,q12_t261
12864,q12_t262
12865,q12_t262
12865,q12_t263
12866,q12_t263
12866,q12_t264
12866,q76_t263
12866,q76_t264
12867,q12_t264
12867,q12_t265
12868,q12_t265
12868,q12_t266
12869,q12_t266
12869,q12_t267
12869,q77_t266
12869,q77_t267
12870,q12_t267
12870,q12_t268
12871,q12_t268
12871,q12_t269
12872,q12_t269
12872,q12_t270
12872,q78_t269
12872,q78_t270
12873,q12_t270
12873,q12_t271
12874,q12_t271
12874,q12_t272
12875,q12_t272
12875,q12_t273
12875,q79_t272
12875,q79_t273
12876,q12_t273
12876,q12_t274
12877,q12_t274
12877,q12_t275
12878,q12_t275
12878,q12_t276
12878,q80_t275
12878,q80_t276
12879,q12_t276
12879,q12_t277
12880,q12_t277
12880,q12_t278
12881,q12_t278
12881,q12_t279
12881,q81_t278
12881,q81_t279
12882,q12_t279
12882,q12_t280
12883,q12_t280
12883,q12_t281
12884,q12_t281
12884,q12_t282
12884,q82_t281
12884,q82_t282
12885,q12_t282
12885,q12_t283
12886,q12_t283
12886,q12_t284
12887,q12_t284
12887,q12_t285
12887,q83_t284
12887,q83_t285
12888,q12_t285
12888,q12_t286
12889,q12_t286
12889,q12_t287
12890,q12_t287
12890,q12_t288
12890,q84_t287
12890,q84_t288
12891,q12_t288
12891,q12_t289
12892,q12_t289
12892,q12_t290
12893,q12_t290
12893,q12_t291
12893,q85_t290
12893,q85_t291
12894,q12_t291
12894,q12_t292
12895,q12_t292
12895,q12_t293
12896,q12_t293
12896,q12_t294
12896,q86_t293
12896,q86_t294
12897,q12_t294
12897,q12_t295
12898,q12_t295
12898,q12_t296
12899,q12_t296
12899,q12_t297
12899,q87_t296
12899,q87_t297
12900,q12_t297
12900,q12_t298
12901,q12_t298
12901,q12_t299
12902,q12_t299
12902,q12_t300
12902,q88_t299
12902,q88_t300
12903,q12_t300
12903,q12_t301
12904,q12_t301
12904,q12_t302
12905,q12_t302
12905,q12_t303
12905,q89_t302
12905,q89_t303
12906,q12_t303
12906,q12_t304
12907,q12_t304
12907,q12_t305
12908,q12_t305
12908,q12_t306
12908,q90_t305
12908,q90_t306
12909,q12_t306
12909,q12_t307
12910,q12_t307
12910,q12_t308
12911,q12_t308
12911,q12_t309
12911,q91_t308
12911,q91_t309
12912,q12_t309
12912,q12_t310
12913,q12_t310
12913,q12_t311
12914,q12_t311
12914,q12_t312
12914,q92_t311
12914,q92_t312
12915,q12_t312
12915,q12_t313
12916,q12_t313
12916,q12_t314
12917,q12_t314
12917,q12_t315
12917,q93_t314
12917,q93_t315
12918,q12_t315
12918,q12_t316
12919,q12_t316
12919,q12_t317
12920,q12_t317
12920,q12_t318
12920,q94_t317
12920,q94_t318
12921,q12_t318
12921,q12_t319
12922,q12_t319
12922,q12_t320
12923,q12_t320
12923,q12_t321
12923,q95_t320
12923,q95_t321
12924,q12_t321
12924,q12_t322
12925,q12_t322
12925,q12_t323
12926,q12_t323
12926,q12_t324
12926,q96_t323
12926,q96_t324
12927,q12_t324
12927,q12_t325
12928,q12_t325
12928,q12_t326
12929,q12_t326
12929,q12_t327
12929,q97_t326
12929,q97_t327
12930,q12_t327
12930,q12_t328
12931,q12_t328
12931,q12_t329
12932,q12_t329
12932,q12_t330
12932,q98_t329
12932,q98_t330
12933,q12_t330
12933,q12_t331
12934,q12_t331
12934,q12_t332
12935,q12_t332
12935,q12_t333
12935,q99_t332
12935,q99_t333
12936,q12_t333
12936,q12_t334
12937,q12_t334
12937,q12_t335
12938,q12_t336
12938,q12_t337
12939,q12_t337
12939,q12_t338
12940,q12_t339
12940,q12_t340
12941,q12_t340
12941,q12_t341
12942,q12_t342
12942,q12_t343
12943,q12_t343
12943,q12_t344
12944,q12_t345
12944,q12_t346
12945,q12_t346
12945,q12_t347
12946,q12_t348
12946,q12_t349
12947,q12_t349
12947,q12_t350
12948,q12_t351
12948,q12_t352
12949,q12_t352
12949,q12_t353
12950,q12_t354
12950,q12_t355
12951,q12_t355
12951,q12_t356
12952,q12_t357
12952,q12_t358
12953,q12_t358
12953,q12_t359
12954,q12_t36
12954,q12_t37
12955,q12_t360
12955,q12_t361
12956,q12_t361
12956,q12_t362
12957,q12_t363
12957,q12_t364
12958,q12_t364
12958,q12_t365
12959,q12_t365
12959,q12_t366
12960,q12_t367
12960,q12_t368
12961,q12_t368
12961,q12_t369
12962,q12_t369
12962,q12_t370
12962,q1_t369
12962,q1_t370
12963,q12_t37
12963,q12_t38
12964,q12_t370
12964,q12_t371
12965,q12_t371
12965,q12_t372
12966,q12_t372
12966,q12_t373
12966,q2_t372
12966,q2_t373
12967,q12_t373
12967,q12_t374
12968,q12_t374
12968,q12_t375
12969,q12_t375
12969,q12_t376
12969,q3_t375
12969,q3_t376
12970,q12_t376
12970,q12_t377
12971,q12_t377
12971,q12_t378
12972,q12_t378
12972,q12_t379
12972,q4_t378
12972,q4_t379
12973,q12_t379
12973,q12_t380
12974,q12_t38
12974,q12_t39
12974,q1_t38
12974,q1_t39
12975,q12_t380
12975,q12_t381
12976,q12_t381
12976,q12_t382
12976,q5_t381
12976,q5_t382
12977,q12_t382
12977,q12_t383
12978,q12_t383
12978,q12_t384
12979,q12_t384
12979,q12_t385
12979,q6_t384
12979,q6_t385
12980,q12_t385
12980,q12_t386
12981,q12_t386
12981,q12_t387
12982,q12_t387
12982,q12_t388
12982,q7_t387
12982,q7_t388
12983,q12_t388
12983,q12_t389
12984,q12_t389
12984,q12_t390
12985,q12_t39
12985,q12_t40
12986,q12_t390
12986,q12_t391
12986,q8_t390
12986,q8_t391
12987,q12_t391
12987,q12_t392
12988,q12_t392
12988,q12_t393
12989,q12_t393
12989,q12_t394
12989,q9_t393
12989,q9_t394
12990,q12_t394
12990,q12_t395
12991,q12_t395
12991,q12_t396
12992,q12_t397
12992,q12_t398
12993,q12_t398
12993,q12_t399
12994,q12_t40
12994,q12_t41
12995,q12_t400
12995,q12_t401
12996,q12_t401
12996,q12_t405
12997,q12_t405
12997,q12_t406
12997,q13_t405
12997,q13_t406
12998,q12_t406
12998,q12_t407
12999,q12_t407
12999,q12_t408
13000,q12_t408
13000,q12_t409
13000,q14_t408
13000,q14_t409
13001,q12_t409
13001,q12_t410
13002,q12_t41
13002,q12_t42
13002,q2_t41
13002,q2_t42
13003,q12_t410
13003,q12_t411
13004,q12_t411
13004,q12_t412
13004,q15_t411
13004,q15_t412
13005,q12_t412
13005,q12_t413
13006,q12_t413
13006,q12_t414
13007,q12_t414
13007,q12_t415
13007,q16_t414
13007,q16_t415
13008,q12_t415
13008,q12_t416
13009,q12_t416
13009,q12_t417
13010,q12_t417
13010,q12_t418
13010,q17_t417
13010,q17_t418
13011,q12_t418
13011,q12_t419
13012,q12_t419
13012,q12_t420
13013,q12_t42
13013,q12_t43
13014,q12_t420
13014,q12_t421
13014,q18_t420
13014,q18_t421
13015,q12_t421
13015,q12_t422
13016,q12_t422
13016,q12_t423
13017,q12_t423
13017,q12_t424
13017,q19_t423
13017,q19_t424
13018,q12_t424
13018,q12_t425
13019,q12_t425
13019,q12_t426
13020,q12_t426
13020,q12_t427
13020,q20_t426
13020,q20_t427
13021,q12_t427
13021,q12_t428
13022,q12_t428
13022,q12_t429
13023,q12_t429
13023,q12_t430
13023,q21_t429
13023,q21_t430
13024,q12_t43
13024,q12_t44
13025,q12_t430
13025,q12_t431
13026,q12_t431
13026,q12_t432
13027,q12_t432
13027,q12_t433
13027,q22_t432
13027,q22_t433
13028,q12_t433
13028,q12_t434
13029,q12_t434
13029,q12_t435
13030,q12_t435
13030,q12_t436
13030,q23_t435
13030,q23_t436
13031,q12_t436
13031,q12_t437
13032,q12_t437
13032,q12_t438
13033,q12_t438
13033,q12_t439
13033,q24_t438
13033,q24_t439
13034,q12_t439
13034,q12_t440
13035,q12_t44
13035,q12_t45
13035,q3_t44
13035,q3_t45
13036,q12_t440
13036,q12_t441
13037,q12_t441
13037,q12_t442
13037,q25_t441
13037,q25_t442
13038,q12_t442
13038,q12_t443
13039,q12_t443
13039,q12_t444
13040,q12_t444
13040,q12_t445
13040,q26_t444
13040,q26_t445
13041,q12_t445
13041,q12_t446
13042,q12_t446
13042,q12_t447
13043,q12_t447
13043,q12_t448
13043,q27_t447
13043,q27_t448
13044,q12_t448
13044,q12_t449
13045,q12_t449
13045,q12_t450
13046,q12_t45
13046,q12_t46
13047,q12_t450
13047,q12_t451
13047,q28_t450
13047,q28_t451
13048,q12_t451
13048,q12_t452
13049,q12_t452
13049,q12_t453
13050,q12_t453
13050,q12_t454
13050,q29_t453
13050,q29_t454
13051,q12_t454
13051,q12_t455
13052,q12_t455
13052,q12_t456
13053,q12_t456
13053,q12_t457
13053,q30_t456
13053,q30_t457
13054,q12_t457
13054,q12_t458
13055,q12_t458
13055,q12_t459
13056,q12_t459
13056,q12_t460
13056,q31_t459
13056,q31_t460
13057,q12_t46
13057,q12_t47
13058,q12_t460
13058,q12_t461
13059,q12_t461
13059,q12_t462
13060,q12_t462
13060,q12_t463
13060,q32_t462
13060,q32_t463
13061,q12_t463
13061,q12_t464
13062,q12_t464
13062,q12_t465
13063,q12_t465
13063,q12_t466
13063,q33_t465
13063,q33_t466
13064,q12_t466
13064,q12_t467
13065,q12_t467
13065,q12_t468
13066,q12_t468
13066,q12_t469
13066,q34_t468
13066,q34_t469
13067,q12_t469
13067,q12_t470
13068,q12_t47
13068,q12_t48
13068,q4_t47
13068,q4_t48
13069,q12_t470
13069,q12_t471
13070,q12_t471
13070,q12_t472
13070,q35_t471
13070,q35_t472
13071,q12_t472
13071,q12_t473
13072,q12_t473
13072,q12_t474
13073,q12_t474
13073,q12_t475
13073,q36_t474
13073,q36_t475
13074,q12_t475
13074,q12_t476
13075,q12_t476
13075,q12_t477
13076,q12_t477
13076,q12_t478
13076,q37_t477
13076,q37_t478
13077,q12_t478
13077,q12_t479
13078,q12_t479
13078,q12_t480
13079,q12_t48
13079,q12_t49
13080,q12_t480
13080,q12_t481
13080,q38_t480
13080,q38_t481
13081,q12_t481
13081,q12_t482
13082,q12_t482
13082,q12_t483
13083,q12_t483
13083,q12_t484
13083,q39_t483
13083,q39_t484
13084,q12_t484
13084,q12_t485
13085,q12_t485
13085,q12_t486
13086,q12_t486
13086,q12_t487
13086,q40_t486
13086,q40_t487
13087,q12_t487
13087,q12_t488
13088,q12_t488
13088,q12_t489
13089,q12_t489
13089,q12_t490
13089,q41_t489
13089,q41_t490
13090,q12_t49
13090,q12_t50
13091,q12_t490
13091,q12_t491
13092,q12_t491
13092,q12_t492
13093,q12_t492
13093,q12_t493
13093,q42_t492
13093,q42_t493
13094,q12_t493
13094,q12_t494
13095,q12_t494
13095,q12_t495
13096,q12_t495
13096,q12_t496
13096,q43_t495
13096,q43_t496
13097,q12_t496
13097,q12_t497
13098,q12_t497
13098,q12_t498
13099,q12_t498
13099,q12_t499
13099,q44_t498
13099,q44_t499
13100,q12_t499
13100,q12_t500
13101,q12_t50
13101,q12_t51
13101,q5_t50
13101,q5_t51
13102,q12_t500
13102,q12_t501
13103,q12_t501
13103,q12_t502
13103,q45_t501
13103,q45_t502
13104,q12_t502
13104,q12_t503
13105,q12_t503
13105,q12_t504
13106,q12_t504
13106,q12_t505
13106,q46_t504
13106,q46_t505
13107,q12_t505
13107,q12_t506
13108,q12_t506
13108,q12_t507
13109,q12_t507
13109,q12_t508
13109,q47_t507
13109,q47_t508
13110,q12_t508
13110,q12_t509
13111,q12_t509
13111,q12_t510
13112,q12_t51
13112,q12_t52
13113,q12_t510
13113,q12_t511
13113,q48_t510
13113,q48_t511
13114,q12_t511
13114,q12_t512
13115,q12_t512
13115,q12_t513
13116,q12_t513
13116,q12_t514
13116,q49_t513
13116,q49_t514
13117,q12_t514
13117,q12_t515
13118,q12_t515
13118,q12_t516
13119,q12_t516
13119,q12_t517
13119,q50_t516
13119,q50_t517
13120,q12_t517
13120,q12_t518
13121,q12_t518
13121,q12_t519
13122,q12_t519
13122,q12_t520
13122,q51_t519
13122,q51_t520
13123,q12_t52
13123,q12_t53
13124,q12_t520
13124,q12_t521
13125,q12_t521
13125,q12_t522
13126,q12_t522
13126,q12_t523
13126,q52_t522
13126,q52_t523
13127,q12_t523
13127,q12_t524
13128,q12_t524
13128,q12_t525
13129,q12_t525
13129,q12_t526
13129,q53_t525
13129,q53_t526
13130,q12_t526
13130,q12_t527
13131,q12_t527
13131,q12_t528
13132,q12_t528
13132,q12_t529
13132,q54_t528
13132,q54_t529
13133,q12_t529
13133,q12_t530
13134,q12_t53
13134,q12_t54
13134,q6_t53
13134,q6_t54
13135,q12_t530
13135,q12_t531
13136,q12_t531
13136,q12_t532
13136,q55_t531
13136,q55_t532
13137,q12_t532
13137,q12_t533
13138,q12_t533
13138,q12_t534
13139,q12_t534
13139,q12_t535
13139,q56_t534
13139,q56_t535
13140,q12_t535
13140,q12_t536
13141,q12_t536
13141,q12_t537
13142,q12_t537
13142,q12_t538
13142,q57_t537
13142,q57_t538
13143,q12_t538
13143,q12_t539
13144,q12_t539
13144,q12_t540
13145,q12_t54
13145,q12_t55
13146,q12_t540
13146,q12_t541
13146,q58_t540
13146,q58_t541
13147,q12_t541
13147,q12_t542
13148,q12_t542
13148,q12_t543
13149,q12_t543
13149,q12_t544
13149,q59_t543
13149,q59_t544
13150,q12_t544
13150,q12_t545
13151,q12_t545
13151,q12_t546
13152,q12_t546
13152,q12_t547
13152,q60_t546
13152,q60_t547
13153,q12_t547
13153,q12_t548
13154,q12_t548
13154,q12_t549
13155,q12_t549
13155,q12_t550
13155,q61_t549
13155,q61_t550
13156,q12_t55
13156,q12_t56
13157,q12_t550
13157,q12_t551
13158,q12_t551
13158,q12_t552
13159,q12_t552
13159,q12_t553
13159,q62_t552
13159,q62_t553
13160,q12_t553
13160,q12_t554
13161,q12_t554
13161,q12_t555
13162,q12_t555
13162,q12_t556
13162,q63_t555
13162,q63_t556
13163,q12_t556
13163,q12_t557
13164,q12_t557
13164,q12_t558
13165,q12_t558
13165,q12_t559
13165,q64_t558
13165,q64_t559
13166,q12_t559
13166,q12_t560
13167,q12_t56
13167,q12_t57
13167,q7_t56
13167,q7_t57
13168,q12_t560
13168,q12_t561
13169,q12_t561
13169,q12_t562
13169,q65_t561
13169,q65_t562
13170,q12_t562
13170,q12_t563
13171,q12_t563
13171,q12_t564
13172,q12_t564
13172,q12_t565
13172,q66_t564
13172,q66_t565
13173,q12_t565
13173,q12_t566
13174,q12_t566
13174,q12_t567
13175,q12_t567
13175,q12_t568
13175,q67_t567
13175,q67_t568
13176,q12_t568
13176,q12_t569
13177,q12_t569
13177,q12_t570
13178,q12_t57
13178,q12_t58
13179,q12_t570
13179,q12_t571
13179,q68_t570
13179,q68_t571
13180,q12_t571
13180,q12_t572
13181,q12_t572
13181,q12_t573
13182,q12_t573
13182,q12_t574
13182,q69_t573
13182,q69_t574
13183,q12_t574
13183,q12_t575
13184,q12_t575
13184,q12_t576
13185,q12_t576
13185,q12_t577
13185,q70_t576
13185,q70_t577
13186,q12_t577
13186,q12_t578
13187,q12_t578
13187,q12_t579
13188,q12_t579
13188,q12_t580
13188,q71_t579
13188,q71_t580
13189,q12_t58
13189,q12_t59
13190,q12_t580
13190,q12_t581
13191,q12_t581
13191,q12_t582
13192,q12_t582
13192,q12_t583
13192,q72_t582
13192,q72_t583
13193,q12_t583
13193,q12_t584
13194,q12_t584
13194,q12_t585
13195,q12_t585
13195,q12_t586
13195,q73_t585
13195,q73_t586
13196,q12_t586
13196,q12_t587
13197,q12_t587
13197,q12_t588
13198,q12_t588
13198,q12_t589
13198,q74_t588
13198,q74_t589
13199,q12_t589
13199,q12_t590
13200,q12_t59
13200,q12_t60
13200,q8_t59
13200,q8_t60
13201,q12_t590
13201,q12_t591
13202,q12_t591
13202,q12_t592
13202,q75_t591
13202,q75_t592
13203,q12_t592
13203,q12_t593
13204,q12_t593
13204,q12_t594
13205,q12_t594
13205,q12_t595
13205,q76_t594
13205,q76_t595
13206,q12_t595
13206,q12_t596
13207,q12_t596
13207,q12_t597
13208,q12_t597
13208,q12_t598
13208,q77_t597
13208,q77_t598
13209,q12_t598
13209,q12_t599
13210,q12_t599
13210,q12_t600
13211,q12_t60
13211,q12_t61
13212,q12_t600
13212,q12_t601
13212,q78_t600
13212,q78_t601
13213,q12_t601
13213,q12_t602
13214,q12_t602
13214,q12_t603
13215,q12_t603
13215,q12_t604
13215,q79_t603
13215,q79_t604
13216,q12_t604
13216,q12_t605
13217,q12_t605
13217,q12_t606
13218,q12_t606
13218,q12_t607
13218,q80_t606
13218,q80_t607
13219,q12_t607
13219,q12_t608
13220,q12_t608
13220,q12_t609
13221,q12_t609
13221,q12_t610
13221,q81_t609
13221,q81_t610
13222,q12_t61
13222,q12_t62
13223,q12_t610
13223,q12_t611
13224,q12_t611
13224,q12_t612
13225,q12_t612
13225,q12_t613
13225,q82_t612
13225,q82_t613
13226,q12_t613
13226,q12_t614
13227,q12_t614
13227,q12_t615
13228,q12_t615
13228,q12_t616
13228,q83_t615
13228,q83_t616
13229,q12_t616
13229,q12_t617
13230,q12_t617
13230,q12_t618
13231,q12_t618
13231,q12_t619
13231,q84_t618
13231,q84_t619
13232,q12_t619
13232,q12_t620
13233,q12_t62
13233,q12_t63
13233,q9_t62
13233,q9_t63
13234,q12_t620
13234,q12_t621
13235,q12_t621
13235,q12_t622
13235,q85_t621
13235,q85_t622
13236,q12_t622
13236,q12_t623
13237,q12_t623
13237,q12_t624
13238,q12_t624
13238,q12_t625
13238,q86_t624
13238,q86_t625
13239,q12_t625
13239,q12_t626
13240,q12_t626
13240,q12_t627
13241,q12_t627
13241,q12_t628
13241,q87_t627
13241,q87_t628
13242,q12_t628
13242,q12_t629
13243,q12_t629
13243,q12_t630
13244,q12_t63
13244,q12_t64
13245,q12_t630
13245,q12_t631
13245,q88_t630
13245,q88_t631
13246,q12_t631
13246,q12_t632
13247,q12_t632
13247,q12_t633
13248,q12_t633
13248,q12_t634
13248,q89_t633
13248,q89_t634
13249,q12_t634
13249,q12_t635
13250,q12_t635
13250,q12_t636
13251,q12_t636
13251,q12_t637
13251,q90_t636
13251,q90_t637
13252,q12_t637
13252,q12_t638
13253,q12_t638
13253,q12_t639
13254,q12_t639
13254,q12_t640
13254,q91_t639
13254,q91_t640
13255,q12_t64
13255,q12_t65
13256,q12_t640
13256,q12_t641
13257,q12_t641
13257,q12_t642
13258,q12_t642
13258,q12_t643
13258,q92_t642
13258,q92_t643
13259,q12_t643
13259,q12_t644
13260,q12_t644
13260,q12_t645
13261,q12_t645
13261,q12_t646
13261,q93_t645
13261,q93_t646
13262,q12_t646
13262,q12_t647
13263,q12_t647
13263,q12_t648
13264,q12_t648
13264,q12_t649
13264,q94_t648
13264,q94_t649
13265,q12_t649
13265,q12_t650
13266,q12_t650
13266,q12_t651
13267,q12_t651
13267,q12_t652
13267,q95_t651
13267,q95_t652
13268,q12_t652
13268,q12_t653
13269,q12_t653
13269,q12_t654
13270,q12_t654
13270,q12_t655
13270,q96_t654
13270,q96_t655
13271,q12_t655
13271,q12_t656
13272,q12_t656
13272,q12_t657
13273,q12_t657
13273,q12_t658
13273,q97_t657
13273,q97_t658
13274,q12_t658
13274,q12_t659
13275,q12_t659
13275,q12_t660
13276,q12_t66
13276,q12_t67
13277,q12_t660
13277,q12_t661
13277,q98_t660
13277,q98_t661
13278,q12_t661
13278,q12_t662
13279,q12_t662
13279,q12_t663
13280,q12_t663
13280,q12_t664
13280,q99_t663
13280,q99_t664
13281,q12_t664
13281,q12_t665
13282,q12_t665
13282,q12_t666
13283,q12_t667
13283,q12_t668
13284,q12_t668
13284,q12_t669
13285,q12_t67
13285,q12_t68
13286,q12_t670
13286,q12_t671
13287,q12_t671
13287,q12_t672
13288,q12_t673
13288,q12_t674
13289,q12_t674
13289,q12_t675
13290,q12_t676
13290,q12_t677
13291,q12_t677
13291,q12_t678
13292,q12_t679
13292,q12_t680
13293,q12_t680
13293,q12_t681
13294,q12_t682
13294,q12_t683
13295,q12_t683
13295,q12_t684
13296,q12_t685
13296,q12_t686
13297,q12_t686
13297,q12_t687
13298,q12_t688
13298,q12_t689
13299,q12_t689
13299,q12_t690
13300,q12_t69
13300,q12_t70
13301,q12_t691
13301,q12_t692
13302,q12_t692
13302,q12_t693
13303,q12_t694
13303,q12_t695
13304,q12_t695
13304,q12_t696
13305,q12_t696
13305,q12_t697
13306,q12_t698
13306,q12_t699
13307,q12_t699
13307,q12_t700
13308,q12_t70
13308,q12_t74
13309,q12_t700
13309,q12_t701
13309,q1_t700
13309,q1_t701
13310,q12_t701
13310,q12_t702
13311,q12_t702
13311,q12_t703
13312,q12_t703
13312,q12_t704
13312,q2_t703
13312,q2_t704
13313,q12_t704
13313,q12_t705
13314,q12_t705
13314,q12_t706
13315,q12_t706
13315,q12_t707
13315,q3_t706
13315,q3_t707
13316,q12_t707
13316,q12_t708
13317,q12_t708
13317,q12_t709
13318,q12_t709
13318,q12_t710
13318,q4_t709
13318,q4_t710
13319,q12_t710
13319,q12_t711
13320,q12_t711
13320,q12_t712
13321,q12_t712
13321,q12_t713
13321,q5_t712
13321,q5_t713
13322,q12_t713
13322,q12_t714
13323,q12_t714
13323,q12_t715
13324,q12_t715
13324,q12_t716
13324,q6_t715
13324,q6_t716
13325,q12_t716
13325,q12_t717
13326,q12_t717
13326,q12_t718
13327,q12_t718
13327,q12_t719
13327,q7_t718
13327,q7_t719
13328,q12_t719
13328,q12_t720
13329,q12_t720
13329,q12_t721
13330,q12_t721
13330,q12_t722
13330,q8_t721
13330,q8_t722
13331,q12_t722
13331,q12_t723
13332,q12_t723
13332,q12_t724
13333,q12_t724
13333,q12_t725
13333,q9_t724
13333,q9_t725
13334,q12_t725
13334,q12_t726
13335,q12_t726
13335,q12_t727
13336,q12_t728
13336,q12_t729
13337,q12_t729
13337,q12_t730
13338,q12_t731
13338,q12_t732
13339,q12_t732
13339,q12_t736
13340,q12_t736
13340,q12_t737
13340,q13_t736
13340,q13_t737
13341,q12_t737
13341,q12_t738
13342,q12_t738
13342,q12_t739
13343,q12_t739
13343,q12_t740
13343,q14_t739
13343,q14_t740
13344,q12_t74
13344,q12_t75
13344,q13_t74
13344,q13_t75
13345,q12_t740
13345,q12_t741
13346,q12_t741
13346,q12_t742
13347,q12_t742
13347,q12_t743
13347,q15_t742
13347,q15_t743
13348,q12_t743
13348,q12_t744
13349,q12_t744
13349,q12_t745
13350,q12_t745
13350,q12_t746
13350,q16_t745
13350,q16_t746
13351,q12_t746
13351,q12_t747
13352,q12_t747
13352,q12_t748
13353,q12_t748
13353,q12_t749
13353,q17_t748
13353,q17_t749
13354,q12_t749
13354,q12_t750
13355,q12_t75
13355,q12_t76
13356,q12_t750
13356,q12_t751
13357,q12_t751
13357,q12_t752
13357,q18_t751
13357,q18_t752
13358,q12_t752
13358,q12_t753
13359,q12_t753
13359,q12_t754
13360,q12_t754
13360,q12_t755
13360,q19_t754
13360,q19_t755
13361,q12_t755
13361,q12_t756
13362,q12_t756
13362,q12_t757
13363,q12_t757
13363,q12_t758
13363,q20_t757
13363,q20_t758
13364,q12_t758
13364,q12_t759
13365,q12_t759
13365,q12_t760
13366,q12_t76
13366,q12_t77
13367,q12_t760
13367,q12_t761
13367,q21_t760
13367,q21_t761
13368,q12_t761
13368,q12_t762
13369,q12_t762
13369,q12_t763
13370,q12_t763
13370,q12_t764
13370,q22_t763
13370,q22_t764
13371,q12_t764
13371,q12_t765
13372,q12_t765
13372,q12_t766
13373,q12_t766
13373,q12_t767
13373,q23_t766
13373,q23_t767
13374,q12_t767
13374,q12_t768
13375,q12_t768
13375,q12_t769
13376,q12_t769
13376,q12_t770
13376,q24_t769
13376,q24_t770
13377,q12_t77
13377,q12_t78
13377,q14_t77
13377,q14_t78
13378,q12_t770
13378,q12_t771
13379,q12_t771
13379,q12_t772
13380,q12_t772
13380,q12_t773
13380,q25_t772
13380,q25_t773
13381,q12_t773
13381,q12_t774
13382,q12_t774
13382,q12_t775
13383,q12_t775
13383,q12_t776
13383,q26_t775
13383,q26_t776
13384,q12_t776
13384,q12_t777
13385,q12_t777
13385,q12_t778
13386,q12_t778
13386,q12_t779
13386,q27_t778
13386,q27_t779
13387,q12_t779
13387,q12_t780
13388,q12_t78
13388,q12_t79
13389,q12_t780
13389,q12_t781
13390,q12_t781
13390,q12_t782
13390,q28_t781
13390,q28_t782
13391,q12_t782
13391,q12_t783
13392,q12_t783
13392,q12_t784
13393,q12_t784
13393,q12_t785
13393,q29_t784
13393,q29_t785
13394,q12_t785
13394,q12_t786
13395,q12_t786
13395,q12_t787
13396,q12_t787
13396,q12_t788
13396,q30_t787
13396,q30_t788
13397,q12_t788
13397,q12_t789
13398,q12_t789
13398,q12_t790
13399,q12_t79
13399,q12_t80
13400,q12_t790
13400,q12_t791
13400,q31_t790
13400,q31_t791
13401,q12_t791
13401,q12_t792
13402,q12_t792
13402,q12_t793
13403,q12_t793
13403,q12_t794
13403,q32_t793
13403,q32_t794
13404,q12_t794
13404,q12_t795
13405,q12_t795
13405,q12_t796
13406,q12_t796
13406,q12_t797
13406,q33_t796
13406,q33_t797
13407,q12_t797
13407,q12_t798
13408,q12_t798
13408,q12_t799
13409,q12_t799
13409,q12_t800
13409,q34_t799
13409,q34_t800
13410,q12_t80
13410,q12_t81
13410,q15_t80
13410,q15_t81
13411,q12_t800
13411,q12_t801
13412,q12_t801
13412,q12_t802
13413,q12_t802
13413,q12_t803
13413,q35_t802
13413,q35_t803
13414,q12_t803
13414,q12_t804
13415,q12_t804
13415,q12_t805
13416,q12_t805
13416,q12_t806
13416,q36_t805
13416,q36_t806
13417,q12_t806
13417,q12_t807
13418,q12_t807
13418,q12_t808
13419,q12_t808
13419,q12_t809
13419,q37_t808
13419,q37_t809
13420,q12_t809
13420,q12_t810
13421,q12_t81
13421,q12_t82
13422,q12_t810
13422,q12_t811
13423,q12_t811
13423,q12_t812
13423,q38_t811
13423,q38_t812
13424,q12_t812
13424,q12_t813
13425,q12_t813
13425,q12_t814
13426,q12_t814
13426,q12_t815
13426,q39_t814
13426,q39_t815
13427,q12_t815
13427,q12_t816
13428,q12_t816
13428,q12_t817
13429,q12_t817
13429,q12_t818
13429,q40_t817
13429,q40_t818
13430,q12_t818
13430,q12_t819
13431,q12_t819
13431,q12_t820
13432,q12_t82
13432,q12_t83
13433,q12_t820
13433,q12_t821
13433,q41_t820
13433,q41_t821
13434,q12_t821
13434,q12_t822
13435,q12_t822
13435,q12_t823
13436,q12_t823
13436,q12_t824
13436,q42_t823
13436,q42_t824
13437,q12_t824
13437,q12_t825
13438,q12_t825
13438,q12_t826
13439,q12_t826
13439,q12_t827
13439,q43_t826
13439,q43_t827
13440,q12_t827
13440,q12_t828
13441,q12_t828
13441,q12_t829
13442,q12_t829
13442,q12_t830
13442,q44_t829
13442,q44_t830
13443,q12_t83
13443,q12_t84
13443,q16_t83
13443,q16_t84
13444,q12_t830
13444,q12_t831
13445,q12_t831
13445,q12_t832
13446,q12_t832
13446,q12_t833
13446,q45_t832
13446,q45_t833
13447,q12_t833
13447,q12_t834
13448,q12_t834
13448,q12_t835
13449,q12_t835
13449,q12_t836
13449,q46_t835
13449,q46_t836
13450,q12_t836
13450,q12_t837
13451,q12_t837
13451,q12_t838
13452,q12_t838
13452,q12_t839
13452,q47_t838
13452,q47_t839
13453,q12_t839
13453,q12_t840
13454,q12_t84
13454,q12_t85
13455,q12_t840
13455,q12_t841
13456,q12_t841
13456,q12_t842
13456,q48_t841
13456,q48_t842
13457,q12_t842
13457,q12_t843
13458,q12_t843
13458,q12_t844
13459,q12_t844
13459,q12_t845
13459,q49_t844
13459,q49_t845
13460,q12_t845
13460,q12_t846
13461,q12_t846
13461,q12_t847
13462,q12_t847
13462,q12_t848
13462,q50_t847
13462,q50_t848
13463,q12_t848
13463,q12_t849
13464,q12_t849
13464,q12_t850
13465,q12_t85
13465,q12_t86
13466,q12_t850
13466,q12_t851
13466,q51_t850
13466,q51_t851
13467,q12_t851
13467,q12_t852
13468,q12_t852
13468,q12_t853
13469,q12_t853
13469,q12_t854
13469,q52_t853
13469,q52_t854
13470,q12_t854
13470,q12_t855
13471,q12_t855
13471,q12_t856
13472,q12_t856
13472,q12_t857
13472,q53_t856
13472,q53_t857
13473,q12_t857
13473,q12_t858
13474,q12_t858
13474,q12_t859
13475,q12_t859
13475,q12_t860
13475,q54_t859
13475,q54_t860
13476,q12_t86
13476,q12_t87
13476,q17_t86
13476,q17_t87
13477,q12_t860
13477,q12_t861
13478,q12_t861
13478,q12_t862
13479,q12_t862
13479,q12_t863
13479,q55_t862
13479,q55_t863
13480,q12_t863
13480,q12_t864
13481,q12_t864
13481,q12_t865
13482,q12_t865
13482,q12_t866
13482,q56_t865
13482,q56_t866
13483,q12_t866
13483,q12_t867
13484,q12_t867
13484,q12_t868
13485,q12_t868
13485,q12_t869
13485,q57_t868
13485,q57_t869
13486,q12_t869
13486,q12_t870
13487,q12_t87
13487,q12_t88
13488,q12_t870
13488,q12_t871
13489,q12_t871
13489,q12_t872
13489,q58_t871
13489,q58_t872
13490,q12_t872
13490,q12_t873
13491,q12_t873
13491,q12_t874
13492,q12_t874
13492,q12_t875
13492,q59_t874
13492,q59_t875
13493,q12_t875
13493,q12_t876
13494,q12_t876
13494,q12_t877
13495,q12_t877
13495,q12_t878
13495,q60_t877
13495,q60_t878
13496,q12_t878
13496,q12_t879
13497,q12_t879
13497,q12_t880
13498,q12_t88
13498,q12_t89
13499,q12_t880
13499,q12_t881
13499,q61_t880
13499,q61_t881
13500,q12_t881
13500,q12_t882
13501,q12_t882
13501,q12_t883
13502,q12_t883
13502,q12_t884
13502,q62_t883
13502,q62_t884
13503,q12_t884
13503,q12_t885
13504,q12_t885
13504,q12_t886
13505,q12_t886
13505,q12_t887
13505,q63_t886
13505,q63_t887
13506,q12_t887
13506,q12_t888
13507,q12_t888
13507,q12_t889
13508,q12_t889
13508,q12_t890
13508,q64_t889
13508,q64_t890
13509,q12_t89
13509,q12_t90
13509,q18_t89
13509,q18_t90
13510,q12_t890
13510,q12_t891
13511,q12_t891
13511,q12_t892
13512,q12_t892
13512,q12_t893
13512,q65_t892
13512,q65_t893
13513,q12_t893
13513,q12_t894
13514,q12_t894
13514,q12_t895
13515,q12_t895
13515,q12_t896
13515,q66_t895
13515,q66_t896
13516,q12_t896
13516,q12_t897
13517,q12_t897
13517,q12_t898
13518,q12_t898
13518,q12_t899
13518,q67_t898
13518,q67_t899
13519,q12_t899
13519,q12_t900
13520,q12_t90
13520,q12_t91
13521,q12_t900
13521,q12_t901
13522,q12_t901
13522,q12_t902
13522,q68_t901
13522,q68_t902
13523,q12_t902
13523,q12_t903
13524,q12_t903
13524,q12_t904
13525,q12_t904
13525,q12_t905
13525,q69_t904
13525,q69_t905
13526,q12_t905
13526,q12_t906
13527,q12_t906
13527,q12_t907
13528,q12_t907
13528,q12_t908
13528,q70_t907
13528,q70_t908
13529,q12_t908
13529,q12_t909
13530,q12_t909
13530,q12_t910
13531,q12_t91
13531,q12_t92
13532,q12_t910
13532,q12_t911
13532,q71_t910
13532,q71_t911
13533,q12_t911
13533,q12_t912
13534,q12_t912
13534,q12_t913
13535,q12_t913
13535,q12_t914
13535,q72_t913
13535,q72_t914
13536,q12_t914
13536,q12_t915
13537,q12_t915
13537,q12_t916
13538,q12_t916
13538,q12_t917
13538,q73_t916
13538,q73_t917
13539,q12_t917
13539,q12_t918
13540,q12_t918
13540,q12_t919
13541,q12_t919
13541,q12_t920
13541,q74_t919
13541,q74_t920
13542,q12_t92
13542,q12_t93
13542,q19_t92
13542,q19_t93
13543,q12_t920
13543,q12_t921
13544,q12_t921
13544,q12_t922
13545,q12_t922
13545,q12_t923
13545,q75_t922
13545,q75_t923
13546,q12_t923
13546,q12_t924
13547,q12_t924
13547,q12_t925
13548,q12_t925
13548,q12_t926
13548,q76_t925
13548,q76_t926
13549,q12_t926
13549,q12_t927
13550,q12_t927
13550,q12_t928
13551,q12_t928
13551,q12_t929
13551,q77_t928
13551,q77_t929
13552,q12_t929
13552,q12_t930
13553,q12_t93
13553,q12_t94
13554,q12_t930
13554,q12_t931
13555,q12_t931
13555,q12_t932
13555,q78_t931
13555,q78_t932
13556,q12_t932
13556,q12_t933
13557,q12_t933
13557,q12_t934
13558,q12_t934
13558,q12_t935
13558,q79_t934
13558,q79_t935
13559,q12_t935
13559,q12_t936
13560,q12_t936
13560,q12_t937
13561,q12_t937
13561,q12_t938
13561,q80_t937
13561,q80_t938
13562,q12_t938
13562,q12_t939
13563,q12_t939
13563,q12_t940
13564,q12_t94
13564,q12_t95
13565,q12_t940
13565,q12_t941
13565,q81_t940
13565,q81_t941
13566,q12_t941
13566,q12_t942
13567,q12_t942
13567,q12_t943
13568,q12_t943
13568,q12_t944
13568,q82_t943
13568,q82_t944
13569,q12_t944
13569,q12_t945
13570,q12_t945
13570,q12_t946
13571,q12_t946
13571,q12_t947
13571,q83_t946
13571,q83_t947
13572,q12_t947
13572,q12_t948
13573,q12_t948
13573,q12_t949
13574,q12_t949
13574,q12_t950
13574,q84_t949
13574,q84_t950
13575,q12_t95
13575,q12_t96
13575,q20_t95
13575,q20_t96
13576,q12_t950
13576,q12_t951
13577,q12_t951
13577,q12_t952
13578,q12_t952
13578,q12_t953
13578,q85_t952
13578,q85_t953
13579,q12_t953
13579,q12_t954
13580,q12_t954
13580,q12_t955
13581,q12_t955
13581,q12_t956
13581,q86_t955
13581,q86_t956
13582,q12_t956
13582,q12_t957
13583,q12_t957
13583,q12_t958
13584,q12_t958
13584,q12_t959
13584,q87_t958
13584,q87_t959
13585,q12_t959
13585,q12_t960
13586,q12_t96
13586,q12_t97
13587,q12_t960
13587,q12_t961
13588,q12_t961
13588,q12_t962
13588,q88_t961
13588,q88_t962
13589,q12_t962
13589,q12_t963
13590,q12_t963
13590,q12_t964
13591,q12_t964
13591,q12_t965
13591,q89_t964
13591,q89_t965
13592,q12_t965
13592,q12_t966
13593,q12_t966
13593,q12_t967
13594,q12_t967
13594,q12_t968
13594,q90_t967
13594,q90_t968
13595,q12_t968
13595,q12_t969
13596,q12_t969
13596,q12_t970
13597,q12_t97
13597,q12_t98
13598,q12_t970
13598,q12_t971
13598,q91_t970
13598,q91_t971
13599,q12_t971
13599,q12_t972
13600,q12_t972
13600,q12_t973
13601,q12_t973
13601,q12_t974
13601,q92_t973
13601,q92_t974
13602,q12_t974
13602,q12_t975
13603,q12_t975
13603,q12_t976
13604,q12_t976
13604,q12_t977
13604,q93_t976
13604,q93_t977
13605,q12_t977
13605,q12_t978
13606,q12_t978
13606,q12_t979
13607,q12_t979
13607,q12_t980
13607,q94_t979
13607,q94_t980
13608,q12_t98
13608,q12_t99
13608,q21_t98
13608,q21_t99
13609,q12_t980
13609,q12_t981
13610,q12_t981
13610,q12_t982
13611,q12_t982
13611,q12_t983
13611,q95_t982
13611,q95_t983
13612,q12_t983
13612,q12_t984
13613,q12_t984
13613,q12_t985
13614,q12_t985
13614,q12_t986
13614,q96_t985
13614,q96_t986
13615,q12_t986
13615,q12_t987
13616,q12_t987
13616,q12_t988
13617,q12_t988
13617,q12_t989
13617,q97_t988
13617,q97_t989
13618,q12_t989
13618,q12_t990
13619,q12_t990
13619,q12_t991
13620,q12_t991
13620,q12_t992
13620,q98_t991
13620,q98_t992
13621,q12_t992
13621,q12_t993
13622,q12_t993
13622,q12_t994
13623,q12_t994
13623,q12_t995
13623,q99_t994
13623,q99_t995
13624,q12_t995
13624,q12_t996
13625,q12_t996
13625,q12_t997
13626,q12_t998
13626,q12_t999
13627,q13_t0
13627,q13_t1
13628,q13_t1
13628,q13_t38
13629,q13_t100
13629,q13_t101
13630,q13_t100
13630,q13_t99
13631,q13_t1000
13631,q13_t999
13632,q13_t1001
13632,q13_t1002
13633,q13_t1002
13633,q13_t1003
13634,q13_t1004
13634,q13_t1005
13635,q13_t1005
13635,q13_t1006
13636,q13_t1007
13636,q13_t1008
13637,q13_t1008
13637,q13_t1009
13638,q13_t101
13638,q13_t102
13638,q21_t101
13638,q21_t102
13639,q13_t1010
13639,q13_t1011
13640,q13_t1011
13640,q13_t1012
13641,q13_t1013
13641,q13_t1014
13642,q13_t1014
13642,q13_t1015
13643,q13_t1016
13643,q13_t1017
13644,q13_t1017
13644,q13_t1018
13645,q13_t1019
13645,q13_t1020
13646,q13_t102
13646,q13_t103
13647,q13_t1020
13647,q13_t1021
13648,q13_t1022
13648,q13_t1023
13649,q13_t1023
13649,q13_t1024
13650,q13_t1025
13650,q13_t1026
13651,q13_t1026
13651,q13_t1027
13652,q13_t1028
13652,q13_t1029
13653,q13_t1029
13653,q13_t1030
13654,q13_t103
13654,q13_t104
13655,q13_t104
13655,q13_t105
13655,q22_t104
13655,q22_t105
13656,q13_t105
13656,q13_t106
13657,q13_t106
13657,q13_t107
13658,q13_t107
13658,q13_t108
13658,q23_t107
13658,q23_t108
13659,q13_t108
13659,q13_t109
13660,q13_t109
13660,q13_t110
13661,q13_t110
13661,q13_t111
13661,q24_t110
13661,q24_t111
13662,q13_t111
13662,q13_t112
13663,q13_t112
13663,q13_t113
13664,q13_t113
13664,q13_t114
13664,q25_t113
13664,q25_t114
13665,q13_t114
13665,q13_t115
13666,q13_t115
13666,q13_t116
13667,q13_t116
13667,q13_t117
13667,q26_t116
13667,q26_t117
13668,q13_t117
13668,q13_t118
13669,q13_t118
13669,q13_t119
13670,q13_t119
13670,q13_t120
13670,q27_t119
13670,q27_t120
13671,q13_t120
13671,q13_t121
13672,q13_t121
13672,q13_t122
13673,q13_t122
13673,q13_t123
13673,q28_t122
13673,q28_t123
13674,q13_t123
13674,q13_t124
13675,q13_t124
13675,q13_t125
13676,q13_t125
13676,q13_t126
13676,q29_t125
13676,q29_t126
13677,q13_t126
13677,q13_t127
13678,q13_t127
13678,q13_t128
13679,q13_t128
13679,q13_t129
13679,q30_t128
13679,q30_t129
13680,q13_t129
13680,q13_t130
13681,q13_t130
13681,q13_t131
13682,q13_t131
13682,q13_t132
13682,q31_t131
13682,q31_t132
13683,q13_t132
13683,q13_t133
13684,q13_t133
13684,q13_t134
13685,q13_t134
13685,q13_t135
13685,q32_t134
13685,q32_t135
13686,q13_t135
13686,q13_t136
13687,q13_t136
13687,q13_t137
13688,q13_t137
13688,q13_t138
13688,q33_t137
13688,q33_t138
13689,q13_t138
13689,q13_t139
13690,q13_t139
13690,q13_t140
13691,q13_t140
13691,q13_t141
13691,q34_t140
13691,q34_t141
13692,q13_t141
13692,q13_t142
13693,q13_t142
13693,q13_t143
13694,q13_t143
13694,q13_t144
13694,q35_t143
13694,q35_t144
13695,q13_t144
13695,q13_t145
13696,q13_t145
13696,q13_t146
13697,q13_t146
13697,q13_t147
13697,q36_t146
13697,q36_t147
13698,q13_t147
13698,q13_t148
13699,q13_t148
13699,q13_t149
13700,q13_t149
13700,q13_t150
13700,q37_t149
13700,q37_t150
13701,q13_t150
13701,q13_t151
13702,q13_t151
13702,q13_t152
13703,q13_t152
13703,q13_t153
13703,q38_t152
13703,q38_t153
13704,q13_t153
13704,q13_t154
13705,q13_t154
13705,q13_t155
13706,q13_t155
13706,q13_t156
13706,q39_t155
13706,q39_t156
13707,q13_t156
13707,q13_t157
13708,q13_t157
13708,q13_t158
13709,q13_t158
13709,q13_t159
13709,q40_t158
13709,q40_t159
13710,q13_t159
13710,q13_t160
13711,q13_t160
13711,q13_t161
13712,q13_t161
13712,q13_t162
13712,q41_t161
13712,q41_t162
13713,q13_t162
13713,q13_t163
13714,q13_t163
13714,q13_t164
13715,q13_t164
13715,q13_t165
13715,q42_t164
13715,q42_t165
13716,q13_t165
13716,q13_t166
13717,q13_t166
13717,q13_t167
13718,q13_t167
13718,q13_t168
13718,q43_t167
13718,q43_t168
13719,q13_t168
13719,q13_t169
13720,q13_t169
13720,q13_t170
13721,q13_t170
13721,q13_t171
13721,q44_t170
13721,q44_t171
13722,q13_t171
13722,q13_t172
13723,q13_t172
13723,q13_t173
13724,q13_t173
13724,q13_t174
13724,q45_t173
13724,q45_t174
13725,q13_t174
13725,q13_t175
13726,q13_t175
13726,q13_t176
13727,q13_t176
13727,q13_t177
13727,q46_t176
13727,q46_t177
13728,q13_t177
13728,q13_t178
13729,q13_t178
13729,q13_t179
13730,q13_t179
13730,q13_t180
13730,q47_t179
13730,q47_t180
13731,q13_t180
13731,q13_t181
13732,q13_t181
13732,q13_t182
13733,q13_t182
13733,q13_t183
13733,q48_t182
13733,q48_t183
13734,q13_t183
13734,q13_t184
13735,q13_t184
13735,q13_t185
13736,q13_t185
13736,q13_t186
13736,q49_t185
13736,q49_t186
13737,q13_t186
13737,q13_t187
13738,q13_t187
13738,q13_t188
13739,q13_t188
13739,q13_t189
13739,q50_t188
13739,q50_t189
13740,q13_t189
13740,q13_t190
13741,q13_t190
13741,q13_t191
13742,q13_t191
13742,q13_t192
13742,q51_t191
13742,q51_t192
13743,q13_t192
13743,q13_t193
13744,q13_t193
13744,q13_t194
13745,q13_t194
13745,q13_t195
13745,q52_t194
13745,q52_t195
13746,q13_t195
13746,q13_t196
13747,q13_t196
13747,q13_t197
13748,q13_t197
13748,q13_t198
13748,q53_t197
13748,q53_t198
13749,q13_t198
13749,q13_t199
13750,q13_t199
13750,q13_t200
13751,q13_t200
13751,q13_t201
13751,q54_t200
13751,q54_t201
13752,q13_t201
13752,q13_t202
13753,q13_t202
13753,q13_t203
13754,q13_t203
13754,q13_t204
13754,q55_t203
13754,q55_t204
13755,q13_t204
13755,q13_t205
13756,q13_t205
13756,q13_t206
13757,q13_t206
13757,q13_t207
13757,q56_t206
13757,q56_t207
13758,q13_t207
13758,q13_t208
13759,q13_t208
13759,q13_t209
13760,q13_t209
13760,q13_t210
13760,q57_t209
13760,q57_t210
13761,q13_t210
13761,q13_t211
13762,q13_t211
13762,q13_t212
13763,q13_t212
13763,q13_t213
13763,q58_t212
13763,q58_t213
13764,q13_t213
13764,q13_t214
13765,q13_t214
13765,q13_t215
13766,q13_t215
13766,q13_t216
13766,q59_t215
13766,q59_t216
13767,q13_t216
13767,q13_t217
13768,q13_t217
13768,q13_t218
13769,q13_t218
13769,q13_t219
13769,q60_t218
13769,q60_t219
13770,q13_t219
13770,q13_t220
13771,q13_t220
13771,q13_t221
13772,q13_t221
13772,q13_t222
13772,q61_t221
13772,q61_t222
13773,q13_t222
13773,q13_t223
13774,q13_t223
13774,q13_t224
13775,q13_t224
13775,q13_t225
13775,q62_t224
13775,q62_t225
13776,q13_t225
13776,q13_t226
13777,q13_t226
13777,q13_t227
13778,q13_t227
13778,q13_t228
13778,q63_t227
13778,q63_t228
13779,q13_t228
13779,q13_t229
13780,q13_t229
13780,q13_t230
13781,q13_t230
13781,q13_t231
13781,q64_t230
13781,q64_t231
13782,q13_t231
13782,q13_t232
13783,q13_t232
13783,q13_t233
13784,q13_t233
13784,q13_t234
13784,q65_t233
13784,q65_t234
13785,q13_t234
13785,q13_t235
13786,q13_t235
13786,q13_t236
13787,q13_t236
13787,q13_t237
13787,q66_t236
13787,q66_t237
13788,q13_t237
13788,q13_t238
13789,q13_t238
13789,q13_t239
13790,q13_t239
13790,q13_t240
13790,q67_t239
13790,q67_t240
13791,q13_t240
13791,q13_t241
13792,q13_t241
13792,q13_t242
13793,q13_t242
13793,q13_t243
13793,q68_t242
13793,q68_t243
13794,q13_t243
13794,q13_t244
13795,q13_t244
13795,q13_t245
13796,q13_t245
13796,q13_t246
13796,q69_t245
13796,q69_t246
13797,q13_t246
13797,q13_t247
13798,q13_t247
13798,q13_t248
13799,q13_t248
13799,q13_t249
13799,q70_t248
13799,q70_t249
13800,q13_t249
13800,q13_t250
13801,q13_t250
13801,q13_t251
13802,q13_t251
13802,q13_t252
13802,q71_t251
13802,q71_t252
13803,q13_t252
13803,q13_t253
13804,q13_t253
13804,q13_t254
13805,q13_t254
13805,q13_t255
13805,q72_t254
13805,q72_t255
13806,q13_t255
13806,q13_t256
13807,q13_t256
13807,q13_t257
13808,q13_t257
13808,q13_t258
13808,q73_t257
13808,q73_t258
13809,q13_t258
13809,q13_t259
13810,q13_t259
13810,q13_t260
13811,q13_t260
13811,q13_t261
13811,q74_t260
13811,q74_t261
13812,q13_t261
13812,q13_t262
13813,q13_t262
13813,q13_t263
13814,q13_t263
13814,q13_t264
13814,q75_t263
13814,q75_t264
13815,q13_t264
13815,q13_t265
13816,q13_t265
13816,q13_t266
13817,q13_t266
13817,q13_t267
13817,q76_t266
13817,q76_t267
13818,q13_t267
13818,q13_t268
13819,q13_t268
13819,q13_t269
13820,q13_t269
13820,q13_t270
13820,q77_t269
13820,q77_t270
13821,q13_t270
13821,q13_t271
13822,q13_t271
13822,q13_t272
13823,q13_t272
13823,q13_t273
13823,q78_t272
13823,q78_t273
13824,q13_t273
13824,q13_t274
13825,q13_t274
13825,q13_t275
13826,q13_t275
13826,q13_t276
13826,q79_t275
13826,q79_t276
13827,q13_t276
13827,q13_t277
13828,q13_t277
13828,q13_t278
13829,q13_t278
13829,q13_t279
13829,q80_t278
13829,q80_t279
13830,q13_t279
13830,q13_t280
13831,q13_t280
13831,q13_t281
13832,q13_t281
13832,q13_t282
13832,q81_t281
13832,q81_t282
13833,q13_t282
13833,q13_t283
13834,q13_t283
13834,q13_t284
13835,q13_t284
13835,q13_t285
13835,q82_t284
13835,q82_t285
13836,q13_t285
13836,q13_t286
13837,q13_t286
13837,q13_t287
13838,q13_t287
13838,q13_t288
13838,q83_t287
13838,q83_t288
13839,q13_t288
13839,q13_t289
13840,q13_t289
13840,q13_t290
13841,q13_t290
13841,q13_t291
13841,q84_t290
13841,q84_t291
13842,q13_t291
13842,q13_t292
13843,q13_t292
13843,q13_t293
13844,q13_t293
13844,q13_t294
13844,q85_t293
13844,q85_t294
13845,q13_t294
13845,q13_t295
13846,q13_t295
13846,q13_t296
13847,q13_t296
13847,q13_t297
13847,q86_t296
13847,q86_t297
13848,q13_t297
13848,q13_t298
13849,q13_t298
13849,q13_t299
13850,q13_t299
13850,q13_t300
13850,q87_t299
13850,q87_t300
13851,q13_t300
13851,q13_t301
13852,q13_t301
13852,q13_t302
13853,q13_t302
13853,q13_t303
13853,q88_t302
13853,q88_t303
13854,q13_t303
13854,q13_t304
13855,q13_t304
13855,q13_t305
13856,q13_t305
13856,q13_t306
13856,q89_t305
13856,q89_t306
13857,q13_t306
13857,q13_t307
13858,q13_t307
13858,q13_t308
13859,q13_t308
13859,q13_t309
13859,q90_t308
13859,q90_t309
13860,q13_t309
13860,q13_t310
13861,q13_t310
13861,q13_t311
13862,q13_t311
13862,q13_t312
13862,q91_t311
13862,q91_t312
13863,q13_t312
13863,q13_t313
13864,q13_t313
13864,q13_t314
13865,q13_t314
13865,q13_t315
13865,q92_t314
13865,q92_t315
13866,q13_t315
13866,q13_t316
13867,q13_t316
13867,q13_t317
13868,q13_t317
13868,q13_t318
13868,q93_t317
13868,q93_t318
13869,q13_t318
13869,q13_t319
13870,q13_t319
13870,q13_t320
13871,q13_t320
13871,q13_t321
13871,q94_t320
13871,q94_t321
13872,q13_t321
13872,q13_t322
13873,q13_t322
13873,q13_t323
13874,q13_t323
13874,q13_t324
13874,q95_t323
13874,q95_t324
13875,q13_t324
13875,q13_t325
13876,q13_t325
13876,q13_t326
13877,q13_t326
13877,q13_t327
13877,q96_t326
13877,q96_t327
13878,q13_t327
13878,q13_t328
13879,q13_t328
13879,q13_t329
13880,q13_t329
13880,q13_t330
13880,q97_t329
13880,q97_t330
13881,q13_t330
13881,q13_t331
13882,q13_t331
13882,q13_t332
13883,q13_t332
13883,q13_t333
13883,q98_t332
13883,q98_t333
13884,q13_t333
13884,q13_t334
13885,q13_t334
13885,q13_t335
13886,q13_t335
13886,q13_t336
13886,q99_t335
13886,q99_t336
13887,q13_t336
13887,q13_t337
13888,q13_t337
13888,q13_t338
13889,q13_t339
13889,q13_t340
13890,q13_t340
13890,q13_t341
13891,q13_t342
13891,q13_t343
13892,q13_t343
13892,q13_t344
13893,q13_t345
13893,q13_t346
13894,q13_t346
13894,q13_t347
13895,q13_t348
13895,q13_t349
13896,q13_t349
13896,q13_t350
13897,q13_t351
13897,q13_t352
13898,q13_t352
13898,q13_t353
13899,q13_t354
13899,q13_t355
13900,q13_t355
13900,q13_t356
13901,q13_t357
13901,q13_t358
13902,q13_t358
13902,q13_t359
13903,q13_t360
13903,q13_t361
13904,q13_t361
13904,q13_t362
13905,q13_t363
13905,q13_t364
13906,q13_t364
13906,q13_t365
13907,q13_t366
13907,q13_t367
13908,q13_t367
13908,q13_t368
13909,q13_t368
13909,q13_t369
13910,q13_t370
13910,q13_t371
13911,q13_t371
13911,q13_t372
13912,q13_t372
13912,q13_t373
13912,q1_t372
13912,q1_t373
13913,q13_t373
13913,q13_t374
13914,q13_t374
13914,q13_t375
13915,q13_t375
13915,q13_t376
13915,q2_t375
13915,q2_t376
13916,q13_t376
13916,q13_t377
13917,q13_t377
13917,q13_t378
13918,q13_t378
13918,q13_t379
13918,q3_t378
13918,q3_t379
13919,q13_t379
13919,q13_t380
13920,q13_t380
13920,q13_t381
13921,q13_t381
13921,q13_t382
13921,q4_t381
13921,q4_t382
13922,q13_t382
13922,q13_t383
13923,q13_t383
13923,q13_t384
13924,q13_t384
13924,q13_t385
13924,q5_t384
13924,q5_t385
13925,q13_t385
13925,q13_t386
13926,q13_t386
13926,q13_t387
13927,q13_t387
13927,q13_t388
13927,q6_t387
13927,q6_t388
13928,q13_t388
13928,q13_t389
13929,q13_t389
13929,q13_t390
13930,q13_t39
13930,q13_t40
13931,q13_t390
13931,q13_t391
13931,q7_t390
13931,q7_t391
13932,q13_t391
13932,q13_t392
13933,q13_t392
13933,q13_t393
13934,q13_t393
13934,q13_t394
13934,q8_t393
13934,q8_t394
13935,q13_t394
13935,q13_t395
13936,q13_t395
13936,q13_t396
13937,q13_t396
13937,q13_t397
13937,q9_t396
13937,q9_t397
13938,q13_t397
13938,q13_t398
13939,q13_t398
13939,q13_t399
13940,q13_t40
13940,q13_t41
13941,q13_t400
13941,q13_t401
13942,q13_t401
13942,q13_t402
13943,q13_t403
13943,q13_t404
13944,q13_t404
13944,q13_t405
13945,q13_t406
13945,q13_t407
13946,q13_t407
13946,q13_t411
13947,q13_t41
13947,q13_t42
13947,q1_t41
13947,q1_t42
13948,q13_t411
13948,q13_t412
13948,q14_t411
13948,q14_t412
13949,q13_t412
13949,q13_t413
13950,q13_t413
13950,q13_t414
13951,q13_t414
13951,q13_t415
13951,q15_t414
13951,q15_t415
13952,q13_t415
13952,q13_t416
13953,q13_t416
13953,q13_t417
13954,q13_t417
13954,q13_t418
13954,q16_t417
13954,q16_t418
13955,q13_t418
13955,q13_t419
13956,q13_t419
13956,q13_t420
13957,q13_t42
13957,q13_t43
13958,q13_t420
13958,q13_t421
13958,q17_t420
13958,q17_t421
13959,q13_t421
13959,q13_t422
13960,q13_t422
13960,q13_t423
13961,q13_t423
13961,q13_t424
13961,q18_t423
13961,q18_t424
13962,q13_t424
13962,q13_t425
13963,q13_t425
13963,q13_t426
13964,q13_t426
13964,q13_t427
13964,q19_t426
13964,q19_t427
13965,q13_t427
13965,q13_t428
13966,q13_t428
13966,q13_t429
13967,q13_t429
13967,q13_t430
13967,q20_t429
13967,q20_t430
13968,q13_t43
13968,q13_t44
13969,q13_t430
13969,q13_t431
13970,q13_t431
13970,q13_t432
13971,q13_t432
13971,q13_t433
13971,q21_t432
13971,q21_t433
13972,q13_t433
13972,q13_t434
13973,q13_t434
13973,q13_t435
13974,q13_t435
13974,q13_t436
13974,q22_t435
13974,q22_t436
13975,q13_t436
13975,q13_t437
13976,q13_t437
13976,q13_t438
13977,q13_t438
13977,q13_t439
13977,q23_t438
13977,q23_t439
13978,q13_t439
13978,q13_t440
13979,q13_t44
13979,q13_t45
13979,q2_t44
13979,q2_t45
13980,q13_t440
13980,q13_t441
13981,q13_t441
13981,q13_t442
13981,q24_t441
13981,q24_t442
13982,q13_t442
13982,q13_t443
13983,q13_t443
13983,q13_t444
13984,q13_t444
13984,q13_t445
13984,q25_t444
13984,q25_t445
13985,q13_t445
13985,q13_t446
13986,q13_t446
13986,q13_t447
13987,q13_t447
13987,q13_t448
13987,q26_t447
13987,q26_t448
13988,q13_t448
13988,q13_t449
13989,q13_t449
13989,q13_t450
13990,q13_t45
13990,q13_t46
13991,q13_t450
13991,q13_t451
13991,q27_t450
13991,q27_t451
13992,q13_t451
13992,q13_t452
13993,q13_t452
13993,q13_t453
13994,q13_t453
13994,q13_t454
13994,q28_t453
13994,q28_t454
13995,q13_t454
13995,q13_t455
13996,q13_t455
13996,q13_t456
13997,q13_t456
13997,q13_t457
13997,q29_t456
13997,q29_t457
13998,q13_t457
13998,q13_t458
13999,q13_t458
13999,q13_t459
14000,q13_t459
14000,q13_t460
14000,q30_t459
14000,q30_t460
14001,q13_t46
14001,q13_t47
14002,q13_t460
14002,q13_t461
14003,q13_t461
14003,q13_t462
14004,q13_t462
14004,q13_t463
14004,q31_t462
14004,q31_t463
14005,q13_t463
14005,q13_t464
14006,q13_t464
14006,q13_t465
14007,q13_t465
14007,q13_t466
14007,q32_t465
14007,q32_t466
14008,q13_t466
14008,q13_t467
14009,q13_t467
14009,q13_t468
14010,q13_t468
14010,q13_t469
14010,q33_t468
14010,q33_t469
14011,q13_t469
14011,q13_t470
14012,q13_t47
14012,q13_t48
14012,q3_t47
14012,q3_t48
14013,q13_t470
14013,q13_t471
14014,q13_t471
14014,q13_t472
14014,q34_t471
14014,q34_t472
14015,q13_t472
14015,q13_t473
14016,q13_t473
14016,q13_t474
14017,q13_t474
14017,q13_t475
14017,q35_t474
14017,q35_t475
14018,q13_t475
14018,q13_t476
14019,q13_t476
14019,q13_t477
14020,q13_t477
14020,q13_t478
14020,q36_t477
14020,q36_t478
14021,q13_t478
14021,q13_t479
14022,q13_t479
14022,q13_t480
14023,q13_t48
14023,q13_t49
14024,q13_t480
14024,q13_t481
14024,q37_t480
14024,q37_t481
14025,q13_t481
14025,q13_t482
14026,q13_t482
14026,q13_t483
14027,q13_t483
14027,q13_t484
14027,q38_t483
14027,q38_t484
14028,q13_t484
14028,q13_t485
14029,q13_t485
14029,q13_t486
14030,q13_t486
14030,q13_t487
14030,q39_t486
14030,q39_t487
14031,q13_t487
14031,q13_t488
14032,q13_t488
14032,q13_t489
14033,q13_t489
14033,q13_t490
14033,q40_t489
14033,q40_t490
14034,q13_t49
14034,q13_t50
14035,q13_t490
14035,q13_t491
14036,q13_t491
14036,q13_t492
14037,q13_t492
14037,q13_t493
14037,q41_t492
14037,q41_t493
14038,q13_t493
14038,q13_t494
14039,q13_t494
14039,q13_t495
14040,q13_t495
14040,q13_t496
14040,q42_t495
14040,q42_t496
14041,q13_t496
14041,q13_t497
14042,q13_t497
14042,q13_t498
14043,q13_t498
14043,q13_t499
14043,q43_t498
14043,q43_t499
14044,q13_t499
14044,q13_t500
14045,q13_t50
14045,q13_t51
14045,q4_t50
14045,q4_t51
14046,q13_t500
14046,q13_t501
14047,q13_t501
14047,q13_t502
14047,q44_t501
14047,q44_t502
14048,q13_t502
14048,q13_t503
14049,q13_t503
14049,q13_t504
14050,q13_t504
14050,q13_t505
14050,q45_t504
14050,q45_t505
14051,q13_t505
14051,q13_t506
14052,q13_t506
14052,q13_t507
14053,q13_t507
14053,q13_t508
14053,q46_t507
14053,q46_t508
14054,q13_t508
14054,q13_t509
14055,q13_t509
14055,q13_t510
14056,q13_t51
14056,q13_t52
14057,q13_t510
14057,q13_t511
14057,q47_t510
14057,q47_t511
14058,q13_t511
14058,q13_t512
14059,q13_t512
14059,q13_t513
14060,q13_t513
14060,q13_t514
14060,q48_t513
14060,q48_t514
14061,q13_t514
14061,q13_t515
14062,q13_t515
14062,q13_t516
14063,q13_t516
14063,q13_t517
14063,q49_t516
14063,q49_t517
14064,q13_t517
14064,q13_t518
14065,q13_t518
14065,q13_t519
14066,q13_t519
14066,q13_t520
14066,q50_t519
14066,q50_t520
14067,q13_t52
14067,q13_t53
14068,q13_t520
14068,q13_t521
14069,q13_t521
14069,q13_t522
14070,q13_t522
14070,q13_t523
14070,q51_t522
14070,q51_t523
14071,q13_t523
14071,q13_t524
14072,q13_t524
14072,q13_t525
14073,q13_t525
14073,q13_t526
14073,q52_t525
14073,q52_t526
14074,q13_t526
14074,q13_t527
14075,q13_t527
14075,q13_t528
14076,q13_t528
14076,q13_t529
14076,q53_t528
14076,q53_t529
14077,q13_t529
14077,q13_t530
14078,q13_t53
14078,q13_t54
14078,q5_t53
14078,q5_t54
14079,q13_t530
14079,q13_t531
14080,q13_t531
14080,q13_t532
14080,q54_t531
14080,q54_t532
14081,q13_t532
14081,q13_t533
14082,q13_t533
14082,q13_t534
14083,q13_t534
14083,q13_t535
14083,q55_t534
14083,q55_t535
14084,q13_t535
14084,q13_t536
14085,q13_t536
14085,q13_t537
14086,q13_t537
14086,q13_t538
14086,q56_t537
14086,q56_t538
14087,q13_t538
14087,q13_t539
14088,q13_t539
14088,q13_t540
14089,q13_t54
14089,q13_t55
14090,q13_t540
14090,q13_t541
14090,q57_t540
14090,q57_t541
14091,q13_t541
14091,q13_t542
14092,q13_t542
14092,q13_t543
14093,q13_t543
14093,q13_t544
14093,q58_t543
14093,q58_t544
14094,q13_t544
14094,q13_t545
14095,q13_t545
14095,q13_t546
14096,q13_t546
14096,q13_t547
14096,q59_t546
14096,q59_t547
14097,q13_t547
14097,q13_t548
14098,q13_t548
14098,q13_t549
14099,q13_t549
14099,q13_t550
14099,q60_t549
14099,q60_t550
14100,q13_t55
14100,q13_t56
14101,q13_t550
14101,q13_t551
14102,q13_t551
14102,q13_t552
14103,q13_t552
14103,q13_t553
14103,q61_t552
14103,q61_t553
14104,q13_t553
14104,q13_t554
14105,q13_t554
14105,q13_t555
14106,q13_t555
14106,q13_t556
14106,q62_t555
14106,q62_t556
14107,q13_t556
14107,q13_t557
14108,q13_t557
14108,q13_t558
14109,q13_t558
14109,q13_t559
14109,q63_t558
14109,q63_t559
14110,q13_t559
14110,q13_t560
14111,q13_t56
14111,q13_t57
14111,q6_t56
14111,q6_t57
14112,q13_t560
14112,q13_t561
14113,q13_t561
14113,q13_t562
14113,q64_t561
14113,q64_t562
14114,q13_t562
14114,q13_t563
14115,q13_t563
14115,q13_t564
14116,q13_t564
14116,q13_t565
14116,q65_t564
14116,q65_t565
14117,q13_t565
14117,q13_t566
14118,q13_t566
14118,q13_t567
14119,q13_t567
14119,q13_t568
14119,q66_t567
14119,q66_t568
14120,q13_t568
14120,q13_t569
14121,q13_t569
14121,q13_t570
14122,q13_t57
14122,q13_t58
14123,q13_t570
14123,q13_t571
14123,q67_t570
14123,q67_t571
14124,q13_t571
14124,q13_t572
14125,q13_t572
14125,q13_t573
14126,q13_t573
14126,q13_t574
14126,q68_t573
14126,q68_t574
14127,q13_t574
14127,q13_t575
14128,q13_t575
14128,q13_t576
14129,q13_t576
14129,q13_t577
14129,q69_t576
14129,q69_t577
14130,q13_t577
14130,q13_t578
14131,q13_t578
14131,q13_t579
14132,q13_t579
14132,q13_t580
14132,q70_t579
14132,q70_t580
14133,q13_t58
14133,q13_t59
14134,q13_t580
14134,q13_t581
14135,q13_t581
14135,q13_t582
14136,q13_t582
14136,q13_t583
14136,q71_t582
14136,q71_t583
14137,q13_t583
14137,q13_t584
14138,q13_t584
14138,q13_t585
14139,q13_t585
14139,q13_t586
14139,q72_t585
14139,q72_t586
14140,q13_t586
14140,q13_t587
14141,q13_t587
14141,q13_t588
14142,q13_t588
14142,q13_t589
14142,q73_t588
14142,q73_t589
14143,q13_t589
14143,q13_t590
14144,q13_t59
14144,q13_t60
14144,q7_t59
14144,q7_t60
14145,q13_t590
14145,q13_t591
14146,q13_t591
14146,q13_t592
14146,q74_t591
14146,q74_t592
14147,q13_t592
14147,q13_t593
14148,q13_t593
14148,q13_t594
14149,q13_t594
14149,q13_t595
14149,q75_t594
14149,q75_t595
14150,q13_t595
14150,q13_t596
14151,q13_t596
14151,q13_t597
14152,q13_t597
14152,q13_t598
14152,q76_t597
14152,q76_t598
14153,q13_t598
14153,q13_t599
14154,q13_t599
14154,q13_t600
14155,q13_t60
14155,q13_t61
14156,q13_t600
14156,q13_t601
14156,q77_t600
14156,q77_t601
14157,q13_t601
14157,q13_t602
14158,q13_t602
14158,q13_t603
14159,q13_t603
14159,q13_t604
14159,q78_t603
14159,q78_t604
14160,q13_t604
14160,q13_t605
14161,q13_t605
14161,q13_t606
14162,q13_t606
14162,q13_t607
14162,q79_t606
14162,q79_t607
14163,q13_t607
14163,q13_t608
14164,q13_t608
14164,q13_t609
14165,q13_t609
14165,q13_t610
14165,q80_t609
14165,q80_t610
14166,q13_t61
14166,q13_t62
14167,q13_t610
14167,q13_t611
14168,q13_t611
14168,q13_t612
14169,q13_t612
14169,q13_t613
14169,q81_t612
14169,q81_t613
14170,q13_t613
14170,q13_t614
14171,q13_t614
14171,q13_t615
14172,q13_t615
14172,q13_t616
14172,q82_t615
14172,q82_t616
14173,q13_t616
14173,q13_t617
14174,q13_t617
14174,q13_t618
14175,q13_t618
14175,q13_t619
14175,q83_t618
14175,q83_t619
14176,q13_t619
14176,q13_t620
14177,q13_t62
14177,q13_t63
14177,q8_t62
14177,q8_t63
14178,q13_t620
14178,q13_t621
14179,q13_t621
14179,q13_t622
14179,q84_t621
14179,q84_t622
14180,q13_t622
14180,q13_t623
14181,q13_t623
14181,q13_t624
14182,q13_t624
14182,q13_t625
14182,q85_t624
14182,q85_t625
14183,q13_t625
14183,q13_t626
14184,q13_t626
14184,q13_t627
14185,q13_t627
14185,q13_t628
14185,q86_t627
14185,q86_t628
14186,q13_t628
14186,q13_t629
14187,q13_t629
14187,q13_t630
14188,q13_t63
14188,q13_t64
14189,q13_t630
14189,q13_t631
14189,q87_t630
14189,q87_t631
14190,q13_t631
14190,q13_t632
14191,q13_t632
14191,q13_t633
14192,q13_t633
14192,q13_t634
14192,q88_t633
14192,q88_t634
14193,q13_t634
14193,q13_t635
14194,q13_t635
14194,q13_t636
14195,q13_t636
14195,q13_t637
14195,q89_t636
14195,q89_t637
14196,q13_t637
14196,q13_t638
14197,q13_t638
14197,q13_t639
14198,q13_t639
14198,q13_t640
14198,q90_t639
14198,q90_t640
14199,q13_t64
14199,q13_t65
14200,q13_t640
14200,q13_t641
14201,q13_t641
14201,q13_t642
14202,q13_t642
14202,q13_t643
14202,q91_t642
14202,q91_t643
14203,q13_t643
14203,q13_t644
14204,q13_t644
14204,q13_t645
14205,q13_t645
14205,q13_t646
14205,q92_t645
14205,q92_t646
14206,q13_t646
14206,q13_t647
14207,q13_t647
14207,q13_t648
14208,q13_t648
14208,q13_t649
14208,q93_t648
14208,q93_t649
14209,q13_t649
14209,q13_t650
14210,q13_t65
14210,q13_t66
14210,q9_t65
14210,q9_t66
14211,q13_t650
14211,q13_t651
14212,q13_t651
14212,q13_t652
14212,q94_t651
14212,q94_t652
14213,q13_t652
14213,q13_t653
14214,q13_t653
14214,q13_t654
14215,q13_t654
14215,q13_t655
14215,q95_t654
14215,q95_t655
14216,q13_t655
14216,q13_t656
14217,q13_t656
14217,q13_t657
14218,q13_t657
14218,q13_t658
14218,q96_t657
14218,q96_t658
14219,q13_t658
14219,q13_t659
14220,q13_t659
14220,q13_t660
14221,q13_t66
14221,q13_t67
14222,q13_t660
14222,q13_t661
14222,q97_t660
14222,q97_t661
14223,q13_t661
14223,q13_t662
14224,q13_t662
14224,q13_t663
14225,q13_t663
14225,q13_t664
14225,q98_t663
14225,q98_t664
14226,q13_t664
14226,q13_t665
14227,q13_t665
14227,q13_t666
14228,q13_t666
14228,q13_t667
14228,q99_t666
14228,q99_t667
14229,q13_t667
14229,q13_t668
14230,q13_t668
14230,q13_t669
14231,q13_t67
14231,q13_t68
14232,q13_t670
14232,q13_t671
14233,q13_t671
14233,q13_t672
14234,q13_t673
14234,q13_t674
14235,q13_t674
14235,q13_t675
14236,q13_t676
14236,q13_t677
14237,q13_t677
14237,q13_t678
14238,q13_t679
14238,q13_t680
14239,q13_t680
14239,q13_t681
14240,q13_t682
14240,q13_t683
14241,q13_t683
14241,q13_t684
14242,q13_t685
14242,q13_t686
14243,q13_t686
14243,q13_t687
14244,q13_t688
14244,q13_t689
14245,q13_t689
14245,q13_t690
14246,q13_t69
14246,q13_t70
14247,q13_t691
14247,q13_t692
14248,q13_t692
14248,q13_t693
14249,q13_t694
14249,q13_t695
14250,q13_t695
14250,q13_t696
14251,q13_t697
14251,q13_t698
14252,q13_t698
14252,q13_t699
14253,q13_t699
14253,q13_t700
14254,q13_t70
14254,q13_t71
14255,q13_t701
14255,q13_t702
14256,q13_t702
14256,q13_t703
14257,q13_t703
14257,q13_t704
14257,q1_t703
14257,q1_t704
14258,q13_t704
14258,q13_t705
14259,q13_t705
14259,q13_t706
14260,q13_t706
14260,q13_t707
14260,q2_t706
14260,q2_t707
14261,q13_t707
14261,q13_t708
14262,q13_t708
14262,q13_t709
14263,q13_t709
14263,q13_t710
14263,q3_t709
14263,q3_t710
14264,q13_t710
14264,q13_t711
14265,q13_t711
14265,q13_t712
14266,q13_t712
14266,q13_t713
14266,q4_t712
14266,q4_t713
14267,q13_t713
14267,q13_t714
14268,q13_t714
14268,q13_t715
14269,q13_t715
14269,q13_t716
14269,q5_t715
14269,q5_t716
14270,q13_t716
14270,q13_t717
14271,q13_t717
14271,q13_t718
14272,q13_t718
14272,q13_t719
14272,q6_t718
14272,q6_t719
14273,q13_t719
14273,q13_t720
14274,q13_t72
14274,q13_t73
14275,q13_t720
14275,q13_t721
14276,q13_t721
14276,q13_t722
14276,q7_t721
14276,q7_t722
14277,q13_t722
14277,q13_t723
14278,q13_t723
14278,q13_t724
14279,q13_t724
14279,q13_t725
14279,q8_t724
14279,q8_t725
14280,q13_t725
14280,q13_t726
14281,q13_t726
14281,q13_t727
14282,q13_t727
14282,q13_t728
14282,q9_t727
14282,q9_t728
14283,q13_t728
14283,q13_t729
14284,q13_t729
14284,q13_t730
14285,q13_t73
14285,q13_t74
14286,q13_t731
14286,q13_t732
14287,q13_t732
14287,q13_t733
14288,q13_t734
14288,q13_t735
14289,q13_t735
14289,q13_t736
14290,q13_t737
14290,q13_t738
14291,q13_t738
14291,q13_t742
14292,q13_t742
14292,q13_t743
14292,q14_t742
14292,q14_t743
14293,q13_t743
14293,q13_t744
14294,q13_t744
14294,q13_t745
14295,q13_t745
14295,q13_t746
14295,q15_t745
14295,q15_t746
14296,q13_t746
14296,q13_t747
14297,q13_t747
14297,q13_t748
14298,q13_t748
14298,q13_t749
14298,q16_t748
14298,q16_t749
14299,q13_t749
14299,q13_t750
14300,q13_t75
14300,q13_t76
14301,q13_t750
14301,q13_t751
14302,q13_t751
14302,q13_t752
14302,q17_t751
14302,q17_t752
14303,q13_t752
14303,q13_t753
14304,q13_t753
14304,q13_t754
14305,q13_t754
14305,q13_t755
14305,q18_t754
14305,q18_t755
14306,q13_t755
14306,q13_t756
14307,q13_t756
14307,q13_t757
14308,q13_t757
14308,q13_t758
14308,q19_t757
14308,q19_t758
14309,q13_t758
14309,q13_t759
14310,q13_t759
14310,q13_t760
14311,q13_t76
14311,q13_t80
14312,q13_t760
14312,q13_t761
14312,q20_t760
14312,q20_t761
14313,q13_t761
14313,q13_t762
14314,q13_t762
14314,q13_t763
14315,q13_t763
14315,q13_t764
14315,q21_t763
14315,q21_t764
14316,q13_t764
14316,q13_t765
14317,q13_t765
14317,q13_t766
14318,q13_t766
14318,q13_t767
14318,q22_t766
14318,q22_t767
14319,q13_t767
14319,q13_t768
14320,q13_t768
14320,q13_t769
14321,q13_t769
14321,q13_t770
14321,q23_t769
14321,q23_t770
14322,q13_t770
14322,q13_t771
14323,q13_t771
14323,q13_t772
14324,q13_t772
14324,q13_t773
14324,q24_t772
14324,q24_t773
14325,q13_t773
14325,q13_t774
14326,q13_t774
14326,q13_t775
14327,q13_t775
14327,q13_t776
14327,q25_t775
14327,q25_t776
14328,q13_t776
14328,q13_t777
14329,q13_t777
14329,q13_t778
14330,q13_t778
14330,q13_t779
14330,q26_t778
14330,q26_t779
14331,q13_t779
14331,q13_t780
14332,q13_t780
14332,q13_t781
14333,q13_t781
14333,q13_t782
14333,q27_t781
14333,q27_t782
14334,q13_t782
14334,q13_t783
14335,q13_t783
14335,q13_t784
14336,q13_t784
14336,q13_t785
14336,q28_t784
14336,q28_t785
14337,q13_t785
14337,q13_t786
14338,q13_t786
14338,q13_t787
14339,q13_t787
14339,q13_t788
14339,q29_t787
14339,q29_t788
14340,q13_t788
14340,q13_t789
14341,q13_t789
14341,q13_t790
14342,q13_t790
14342,q13_t791
14342,q30_t790
14342,q30_t791
14343,q13_t791
14343,q13_t792
14344,q13_t792
14344,q13_t793
14345,q13_t793
14345,q13_t794
14345,q31_t793
14345,q31_t794
14346,q13_t794
14346,q13_t795
14347,q13_t795
14347,q13_t796
14348,q13_t796
14348,q13_t797
14348,q32_t796
14348,q32_t797
14349,q13_t797
14349,q13_t798
14350,q13_t798
14350,q13_t799
14351,q13_t799
14351,q13_t800
14351,q33_t799
14351,q33_t800
14352,q13_t80
14352,q13_t81
14352,q14_t80
14352,q14_t81
14353,q13_t800
14353,q13_t801
14354,q13_t801
14354,q13_t802
14355,q13_t802
14355,q13_t803
14355,q34_t802
14355,q34_t803
14356,q13_t803
14356,q13_t804
14357,q13_t804
14357,q13_t805
14358,q13_t805
14358,q13_t806
14358,q35_t805
14358,q35_t806
14359,q13_t806
14359,q13_t807
14360,q13_t807
14360,q13_t808
14361,q13_t808
14361,q13_t809
14361,q36_t808
14361,q36_t809
14362,q13_t809
14362,q13_t810
14363,q13_t81
14363,q13_t82
14364,q13_t810
14364,q13_t811
14365,q13_t811
14365,q13_t812
14365,q37_t811
14365,q37_t812
14366,q13_t812
14366,q13_t813
14367,q13_t813
14367,q13_t814
14368,q13_t814
14368,q13_t815
14368,q38_t814
14368,q38_t815
14369,q13_t815
14369,q13_t816
14370,q13_t816
14370,q13_t817
14371,q13_t817
14371,q13_t818
14371,q39_t817
14371,q39_t818
14372,q13_t818
14372,q13_t819
14373,q13_t819
14373,q13_t820
14374,q13_t82
14374,q13_t83
14375,q13_t820
14375,q13_t821
14375,q40_t820
14375,q40_t821
14376,q13_t821
14376,q13_t822
14377,q13_t822
14377,q13_t823
14378,q13_t823
14378,q13_t824
14378,q41_t823
14378,q41_t824
14379,q13_t824
14379,q13_t825
14380,q13_t825
14380,q13_t826
14381,q13_t826
14381,q13_t827
14381,q42_t826
14381,q42_t827
14382,q13_t827
14382,q13_t828
14383,q13_t828
14383,q13_t829
14384,q13_t829
14384,q13_t830
14384,q43_t829
14384,q43_t830
14385,q13_t83
14385,q13_t84
14385,q15_t83
14385,q15_t84
14386,q13_t830
14386,q13_t831
14387,q13_t831
14387,q13_t832
14388,q13_t832
14388,q13_t833
14388,q44_t832
14388,q44_t833
14389,q13_t833
14389,q13_t834
14390,q13_t834
14390,q13_t835
14391,q13_t835
14391,q13_t836
14391,q45_t835
14391,q45_t836
14392,q13_t836
14392,q13_t837
14393,q13_t837
14393,q13_t838
14394,q13_t838
14394,q13_t839
14394,q46_t838
14394,q46_t839
14395,q13_t839
14395,q13_t840
14396,q13_t84
14396,q13_t85
14397,q13_t840
14397,q13_t841
14398,q13_t841
14398,q13_t842
14398,q47_t841
14398,q47_t842
14399,q13_t842
14399,q13_t843
14400,q13_t843
14400,q13_t844
14401,q13_t844
14401,q13_t845
14401,q48_t844
14401,q48_t845
14402,q13_t845
14402,q13_t846
14403,q13_t846
14403,q13_t847
14404,q13_t847
14404,q13_t848
14404,q49_t847
14404,q49_t848
14405,q13_t848
14405,q13_t849
14406,q13_t849
14406,q13_t850
14407,q13_t85
14407,q13_t86
14408,q13_t850
14408,q13_t851
14408,q50_t850
14408,q50_t851
14409,q13_t851
14409,q13_t852
14410,q13_t852
14410,q13_t853
14411,q13_t853
14411,q13_t854
14411,q51_t853
14411,q51_t854
14412,q13_t854
14412,q13_t855
14413,q13_t855
14413,q13_t856
14414,q13_t856
14414,q13_t857
14414,q52_t856
14414,q52_t857
14415,q13_t857
14415,q13_t858
14416,q13_t858
14416,q13_t859
14417,q13_t859
14417,q13_t860
14417,q53_t859
14417,q53_t860
14418,q13_t86
14418,q13_t87
14418,q16_t86
14418,q16_t87
14419,q13_t860
14419,q13_t861
14420,q13_t861
14420,q13_t862
14421,q13_t862
14421,q13_t863
14421,q54_t862
14421,q54_t863
14422,q13_t863
14422,q13_t864
14423,q13_t864
14423,q13_t865
14424,q13_t865
14424,q13_t866
14424,q55_t865
14424,q55_t866
14425,q13_t866
14425,q13_t867
14426,q13_t867
14426,q13_t868
14427,q13_t868
14427,q13_t869
14427,q56_t868
14427,q56_t869
14428,q13_t869
14428,q13_t870
14429,q13_t87
14429,q13_t88
14430,q13_t870
14430,q13_t871
14431,q13_t871
14431,q13_t872
14431,q57_t871
14431,q57_t872
14432,q13_t872
14432,q13_t873
14433,q13_t873
14433,q13_t874
14434,q13_t874
14434,q13_t875
14434,q58_t874
14434,q58_t875
14435,q13_t875
14435,q13_t876
14436,q13_t876
14436,q13_t877
14437,q13_t877
14437,q13_t878
14437,q59_t877
14437,q59_t878
14438,q13_t878
14438,q13_t879
14439,q13_t879
14439,q13_t880
14440,q13_t88
14440,q13_t89
14441,q13_t880
14441,q13_t881
14441,q60_t880
14441,q60_t881
14442,q13_t881
14442,q13_t882
14443,q13_t882
14443,q13_t883
14444,q13_t883
14444,q13_t884
14444,q61_t883
14444,q61_t884
14445,q13_t884
14445,q13_t885
14446,q13_t885
14446,q13_t886
14447,q13_t886
14447,q13_t887
14447,q62_t886
14447,q62_t887
14448,q13_t887
14448,q13_t888
14449,q13_t888
14449,q13_t889
14450,q13_t889
14450,q13_t890
14450,q63_t889
14450,q63_t890
14451,q13_t89
14451,q13_t90
14451,q17_t89
14451,q17_t90
14452,q13_t890
14452,q13_t891
14453,q13_t891
14453,q13_t892
14454,q13_t892
14454,q13_t893
14454,q64_t892
14454,q64_t893
14455,q13_t893
14455,q13_t894
14456,q13_t894
14456,q13_t895
14457,q13_t895
14457,q13_t896
14457,q65_t895
14457,q65_t896
14458,q13_t896
14458,q13_t897
14459,q13_t897
14459,q13_t898
14460,q13_t898
14460,q13_t899
14460,q66_t898
14460,q66_t899
14461,q13_t899
14461,q13_t900
14462,q13_t90
14462,q13_t91
14463,q13_t900
14463,q13_t901
14464,q13_t901
14464,q13_t902
14464,q67_t901
14464,q67_t902
14465,q13_t902
14465,q13_t903
14466,q13_t903
14466,q13_t904
14467,q13_t904
14467,q13_t905
14467,q68_t904
14467,q68_t905
14468,q13_t905
14468,q13_t906
14469,q13_t906
14469,q13_t907
14470,q13_t907
14470,q13_t908
14470,q69_t907
14470,q69_t908
14471,q13_t908
14471,q13_t909
14472,q13_t909
14472,q13_t910
14473,q13_t91
14473,q13_t92
14474,q13_t910
14474,q13_t911
14474,q70_t910
14474,q70_t911
14475,q13_t911
14475,q13_t912
14476,q13_t912
14476,q13_t913
14477,q13_t913
14477,q13_t914
14477,q71_t913
14477,q71_t914
14478,q13_t914
14478,q13_t915
14479,q13_t915
14479,q13_t916
14480,q13_t916
14480,q13_t917
14480,q72_t916
14480,q72_t917
14481,q13_t917
14481,q13_t918
14482,q13_t918
14482,q13_t919
14483,q13_t919
14483,q13_t920
14483,q73_t919
14483,q73_t920
14484,q13_t92
14484,q13_t93
14484,q18_t92
14484,q18_t93
14485,q13_t920
14485,q13_t921
14486,q13_t921
14486,q13_t922
14487,q13_t922
14487,q13_t923
14487,q74_t922
14487,q74_t923
14488,q13_t923
14488,q13_t924
14489,q13_t924
14489,q13_t925
14490,q13_t925
14490,q13_t926
14490,q75_t925
14490,q75_t926
14491,q13_t926
14491,q13_t927
14492,q13_t927
14492,q13_t928
14493,q13_t928
14493,q13_t929
14493,q76_t928
14493,q76_t929
14494,q13_t929
14494,q13_t930
14495,q13_t93
14495,q13_t94
14496,q13_t930
14496,q13_t931
14497,q13_t931
14497,q13_t932
14497,q77_t931
14497,q77_t932
14498,q13_t932
14498,q13_t933
14499,q13_t933
14499,q13_t934
14500,q13_t934
14500,q13_t935
14500,q78_t934
14500,q78_t935
14501,q13_t935
14501,q13_t936
14502,q13_t936
14502,q13_t937
14503,q13_t937
14503,q13_t938
14503,q79_t937
14503,q79_t938
14504,q13_t938
14504,q13_t939
14505,q13_t939
14505,q13_t940
14506,q13_t94
14506,q13_t95
14507,q13_t940
14507,q13_t941
14507,q80_t940
14507,q80_t941
14508,q13_t941
14508,q13_t942
14509,q13_t942
14509,q13_t943
14510,q13_t943
14510,q13_t944
14510,q81_t943
14510,q81_t944
14511,q13_t944
14511,q13_t945
14512,q13_t945
14512,q13_t946
14513,q13_t946
14513,q13_t947
14513,q82_t946
14513,q82_t947
14514,q13_t947
14514,q13_t948
14515,q13_t948
14515,q13_t949
14516,q13_t949
14516,q13_t950
14516,q83_t949
14516,q83_t950
14517,q13_t95
14517,q13_t96
14517,q19_t95
14517,q19_t96
14518,q13_t950
14518,q13_t951
14519,q13_t951
14519,q13_t952
14520,q13_t952
14520,q13_t953
14520,q84_t952
14520,q84_t953
14521,q13_t953
14521,q13_t954
14522,q13_t954
14522,q13_t955
14523,q13_t955
14523,q13_t956
14523,q85_t955
14523,q85_t956
14524,q13_t956
14524,q13_t957
14525,q13_t957
14525,q13_t958
14526,q13_t958
14526,q13_t959
14526,q86_t958
14526,q86_t959
14527,q13_t959
14527,q13_t960
14528,q13_t96
14528,q13_t97
14529,q13_t960
14529,q13_t961
14530,q13_t961
14530,q13_t962
14530,q87_t961
14530,q87_t962
14531,q13_t962
14531,q13_t963
14532,q13_t963
14532,q13_t964
14533,q13_t964
14533,q13_t965
14533,q88_t964
14533,q88_t965
14534,q13_t965
14534,q13_t966
14535,q13_t966
14535,q13_t967
14536,q13_t967
14536,q13_t968
14536,q89_t967
14536,q89_t968
14537,q13_t968
14537,q13_t969
14538,q13_t969
14538,q13_t970
14539,q13_t97
14539,q13_t98
14540,q13_t970
14540,q13_t971
14540,q90_t970
14540,q90_t971
14541,q13_t971
14541,q13_t972
14542,q13_t972
14542,q13_t973
14543,q13_t973
14543,q13_t974
14543,q91_t973
14543,q91_t974
14544,q13_t974
14544,q13_t975
14545,q13_t975
14545,q13_t976
14546,q13_t976
14546,q13_t977
14546,q92_t976
14546,q92_t977
14547,q13_t977
14547,q13_t978
14548,q13_t978
14548,q13_t979
14549,q13_t979
14549,q13_t980
14549,q93_t979
14549,q93_t980
14550,q13_t98
14550,q13_t99
14550,q20_t98
14550,q20_t99
14551,q13_t980
14551,q13_t981
14552,q13_t981
14552,q13_t982
14553,q13_t982
14553,q13_t983
14553,q94_t982
14553,q94_t983
14554,q13_t983
14554,q13_t984
14555,q13_t984
14555,q13_t985
14556,q13_t985
14556,q13_t986
14556,q95_t985
14556,q95_t986
14557,q13_t986
14557,q13_t987
14558,q13_t987
14558,q13_t988
14559,q13_t988
14559,q13_t989
14559,q96_t988
14559,q96_t989
14560,q13_t989
14560,q13_t990
14561,q13_t990
14561,q13_t991
14562,q13_t991
14562,q13_t992
14562,q97_t991
14562,q97_t992
14563,q13_t992
14563,q13_t993
14564,q13_t993
14564,q13_t994
14565,q13_t994
14565,q13_t995
14565,q98_t994
14565,q98_t995
14566,q13_t995
14566,q13_t996
14567,q13_t996
14567,q13_t997
14568,q13_t997
14568,q13_t998
14568,q99_t997
14568,q99_t998
14569,q13_t998
14569,q13_t999
14570,q14_t0
14570,q14_t1
14571,q14_t1
14571,q14_t41
14572,q14_t100
14572,q14_t101
14573,q14_t100
14573,q14_t99
14574,q14_t1000
14574,q14_t1001
14574,q99_t1000
14574,q99_t1001
14575,q14_t1000
14575,q14_t999
14576,q14_t1001
14576,q14_t1002
14577,q14_t1002
14577,q14_t1003
14578,q14_t1004
14578,q14_t1005
14579,q14_t1005
14579,q14_t1006
14580,q14_t1007
14580,q14_t1008
14581,q14_t1008
14581,q14_t1009
14582,q14_t101
14582,q14_t102
14582,q20_t101
14582,q20_t102
14583,q14_t1010
14583,q14_t1011
14584,q14_t1011
14584,q14_t1012
14585,q14_t1013
14585,q14_t1014
14586,q14_t1014
14586,q14_t1015
14587,q14_t1016
14587,q14_t1017
14588,q14_t1017
14588,q14_t1018
14589,q14_t1019
14589,q14_t1020
14590,q14_t102
14590,q14_t103
14591,q14_t1020
14591,q14_t1021
14592,q14_t1022
14592,q14_t1023
14593,q14_t1023
14593,q14_t1024
14594,q14_t1025
14594,q14_t1026
14595,q14_t1026
14595,q14_t1027
14596,q14_t1028
14596,q14_t1029
14597,q14_t1029
14597,q14_t1030
14598,q14_t103
14598,q14_t104
14599,q14_t1031
14599,q14_t1032
14600,q14_t1032
14600,q14_t1033
14601,q14_t104
14601,q14_t105
14601,q21_t104
14601,q21_t105
14602,q14_t105
14602,q14_t106
14603,q14_t106
14603,q14_t107
14604,q14_t107
14604,q14_t108
14604,q22_t107
14604,q22_t108
14605,q14_t108
14605,q14_t109
14606,q14_t109
14606,q14_t110
14607,q14_t110
14607,q14_t111
14607,q23_t110
14607,q23_t111
14608,q14_t111
14608,q14_t112
14609,q14_t112
14609,q14_t113
14610,q14_t113
14610,q14_t114
14610,q24_t113
14610,q24_t114
14611,q14_t114
14611,q14_t115
14612,q14_t115
14612,q14_t116
14613,q14_t116
14613,q14_t117
14613,q25_t116
14613,q25_t117
14614,q14_t117
14614,q14_t118
14615,q14_t118
14615,q14_t119
14616,q14_t119
14616,q14_t120
14616,q26_t119
14616,q26_t120
14617,q14_t120
14617,q14_t121
14618,q14_t121
14618,q14_t122
14619,q14_t122
14619,q14_t123
14619,q27_t122
14619,q27_t123
14620,q14_t123
14620,q14_t124
14621,q14_t124
14621,q14_t125
14622,q14_t125
14622,q14_t126
14622,q28_t125
14622,q28_t126
14623,q14_t126
14623,q14_t127
14624,q14_t127
14624,q14_t128
14625,q14_t128
14625,q14_t129
14625,q29_t128
14625,q29_t129
14626,q14_t129
14626,q14_t130
14627,q14_t130
14627,q14_t131
14628,q14_t131
14628,q14_t132
14628,q30_t131
14628,q30_t132
14629,q14_t132
14629,q14_t133
14630,q14_t133
14630,q14_t134
14631,q14_t134
14631,q14_t135
14631,q31_t134
14631,q31_t135
14632,q14_t135
14632,q14_t136
14633,q14_t136
14633,q14_t137
14634,q14_t137
14634,q14_t138
14634,q32_t137
14634,q32_t138
14635,q14_t138
14635,q14_t139
14636,q14_t139
14636,q14_t140
14637,q14_t140
14637,q14_t141
14637,q33_t140
14637,q33_t141
14638,q14_t141
14638,q14_t142
14639,q14_t142
14639,q14_t143
14640,q14_t143
14640,q14_t144
14640,q34_t143
14640,q34_t144
14641,q14_t144
14641,q14_t145
14642,q14_t145
14642,q14_t146
14643,q14_t146
14643,q14_t147
14643,q35_t146
14643,q35_t147
14644,q14_t147
14644,q14_t148
14645,q14_t148
14645,q14_t149
14646,q14_t149
14646,q14_t150
14646,q36_t149
14646,q36_t150
14647,q14_t150
14647,q14_t151
14648,q14_t151
14648,q14_t152
14649,q14_t152
14649,q14_t153
14649,q37_t152
14649,q37_t153
14650,q14_t153
14650,q14_t154
14651,q14_t154
14651,q14_t155
14652,q14_t155
14652,q14_t156
14652,q38_t155
14652,q38_t156
14653,q14_t156
14653,q14_t157
14654,q14_t157
14654,q14_t158
14655,q14_t158
14655,q14_t159
14655,q39_t158
14655,q39_t159
14656,q14_t159
14656,q14_t160
14657,q14_t160
14657,q14_t161
14658,q14_t161
14658,q14_t162
14658,q40_t161
14658,q40_t162
14659,q14_t162
14659,q14_t163
14660,q14_t163
14660,q14_t164
14661,q14_t164
14661,q14_t165
14661,q41_t164
14661,q41_t165
14662,q14_t165
14662,q14_t166
14663,q14_t166
14663,q14_t167
14664,q14_t167
14664,q14_t168
14664,q42_t167
14664,q42_t168
14665,q14_t168
14665,q14_t169
14666,q14_t169
14666,q14_t170
14667,q14_t170
14667,q14_t171
14667,q43_t170
14667,q43_t171
14668,q14_t171
14668,q14_t172
14669,q14_t172
14669,q14_t173
14670,q14_t173
14670,q14_t174
14670,q44_t173
14670,q44_t174
14671,q14_t174
14671,q14_t175
14672,q14_t175
14672,q14_t176
14673,q14_t176
14673,q14_t177
14673,q45_t176
14673,q45_t177
14674,q14_t177
14674,q14_t178
14675,q14_t178
14675,q14_t179
14676,q14_t179
14676,q14_t180
14676,q46_t179
14676,q46_t180
14677,q14_t180
14677,q14_t181
14678,q14_t181
14678,q14_t182
14679,q14_t182
14679,q14_t183
14679,q47_t182
14679,q47_t183
14680,q14_t183
14680,q14_t184
14681,q14_t184
14681,q14_t185
14682,q14_t185
14682,q14_t186
14682,q48_t185
14682,q48_t186
14683,q14_t186
14683,q14_t187
14684,q14_t187
14684,q14_t188
14685,q14_t188
14685,q14_t189
14685,q49_t188
14685,q49_t189
14686,q14_t189
14686,q14_t190
14687,q14_t190
14687,q14_t191
14688,q14_t191
14688,q14_t192
14688,q50_t191
14688,q50_t192
14689,q14_t192
14689,q14_t193
14690,q14_t193
14690,q14_t194
14691,q14_t194
14691,q14_t195
14691,q51_t194
14691,q51_t195
14692,q14_t195
14692,q14_t196
14693,q14_t196
14693,q14_t197
14694,q14_t197
14694,q14_t198
14694,q52_t197
14694,q52_t198
14695,q14_t198
14695,q14_t199
14696,q14_t199
14696,q14_t200
14697,q14_t200
14697,q14_t201
14697,q53_t200
14697,q53_t201
14698,q14_t201
14698,q14_t202
14699,q14_t202
14699,q14_t203
14700,q14_t203
14700,q14_t204
14700,q54_t203
14700,q54_t204
14701,q14_t204
14701,q14_t205
14702,q14_t205
14702,q14_t206
14703,q14_t206
14703,q14_t207
14703,q55_t206
14703,q55_t207
14704,q14_t207
14704,q14_t208
14705,q14_t208
14705,q14_t209
14706,q14_t209
14706,q14_t210
14706,q56_t209
14706,q56_t210
14707,q14_t210
14707,q14_t211
14708,q14_t211
14708,q14_t212
14709,q14_t212
14709,q14_t213
14709,q57_t212
14709,q57_t213
14710,q14_t213
14710,q14_t214
14711,q14_t214
14711,q14_t215
14712,q14_t215
14712,q14_t216
14712,q58_t215
14712,q58_t216
14713,q14_t216
14713,q14_t217
14714,q14_t217
14714,q14_t218
14715,q14_t218
14715,q14_t219
14715,q59_t218
14715,q59_t219
14716,q14_t219
14716,q14_t220
14717,q14_t220
14717,q14_t221
14718,q14_t221
14718,q14_t222
14718,q60_t221
14718,q60_t222
14719,q14_t222
14719,q14_t223
14720,q14_t223
14720,q14_t224
14721,q14_t224
14721,q14_t225
14721,q61_t224
14721,q61_t225
14722,q14_t225
14722,q14_t226
14723,q14_t226
14723,q14_t227
14724,q14_t227
14724,q14_t228
14724,q62_t227
14724,q62_t228
14725,q14_t228
14725,q14_t229
14726,q14_t229
14726,q14_t230
14727,q14_t230
14727,q14_t231
14727,q63_t230
14727,q63_t231
14728,q14_t231
14728,q14_t232
14729,q14_t232
14729,q14_t233
14730,q14_t233
14730,q14_t234
14730,q64_t233
14730,q64_t234
14731,q14_t234
14731,q14_t235
14732,q14_t235
14732,q14_t236
14733,q14_t236
14733,q14_t237
14733,q65_t236
14733,q65_t237
14734,q14_t237
14734,q14_t238
14735,q14_t238
14735,q14_t239
14736,q14_t239
14736,q14_t240
14736,q66_t239
14736,q66_t240
14737,q14_t240
14737,q14_t241
14738,q14_t241
14738,q14_t242
14739,q14_t242
14739,q14_t243
14739,q67_t242
14739,q67_t243
14740,q14_t243
14740,q14_t244
14741,q14_t244
14741,q14_t245
14742,q14_t245
14742,q14_t246
14742,q68_t245
14742,q68_t246
14743,q14_t246
14743,q14_t247
14744,q14_t247
14744,q14_t248
14745,q14_t248
14745,q14_t249
14745,q69_t248
14745,q69_t249
14746,q14_t249
14746,q14_t250
14747,q14_t250
14747,q14_t251
14748,q14_t251
14748,q14_t252
14748,q70_t251
14748,q70_t252
14749,q14_t252
14749,q14_t253
14750,q14_t253
14750,q14_t254
14751,q14_t254
14751,q14_t255
14751,q71_t254
14751,q71_t255
14752,q14_t255
14752,q14_t256
14753,q14_t256
14753,q14_t257
14754,q14_t257
14754,q14_t258
14754,q72_t257
14754,q72_t258
14755,q14_t258
14755,q14_t259
14756,q14_t259
14756,q14_t260
14757,q14_t260
14757,q14_t261
14757,q73_t260
14757,q73_t261
14758,q14_t261
14758,q14_t262
14759,q14_t262
14759,q14_t263
14760,q14_t263
14760,q14_t264
14760,q74_t263
14760,q74_t264
14761,q14_t264
14761,q14_t265
14762,q14_t265
14762,q14_t266
14763,q14_t266
14763,q14_t267
14763,q75_t266
14763,q75_t267
14764,q14_t267
14764,q14_t268
14765,q14_t268
14765,q14_t269
14766,q14_t269
14766,q14_t270
14766,q76_t269
14766,q76_t270
14767,q14_t270
14767,q14_t271
14768,q14_t271
14768,q14_t272
14769,q14_t272
14769,q14_t273
14769,q77_t272
14769,q77_t273
14770,q14_t273
14770,q14_t274
14771,q14_t274
14771,q14_t275
14772,q14_t275
14772,q14_t276
14772,q78_t275
14772,q78_t276
14773,q14_t276
14773,q14_t277
14774,q14_t277
14774,q14_t278
14775,q14_t278
14775,q14_t279
14775,q79_t278
14775,q79_t279
14776,q14_t279
14776,q14_t280
14777,q14_t280
14777,q14_t281
14778,q14_t281
14778,q14_t282
14778,q80_t281
14778,q80_t282
14779,q14_t282
14779,q14_t283
14780,q14_t283
14780,q14_t284
14781,q14_t284
14781,q14_t285
14781,q81_t284
14781,q81_t285
14782,q14_t285
14782,q14_t286
14783,q14_t286
14783,q14_t287
14784,q14_t287
14784,q14_t288
14784,q82_t287
14784,q82_t288
14785,q14_t288
14785,q14_t289
14786,q14_t289
14786,q14_t290
14787,q14_t290
14787,q14_t291
14787,q83_t290
14787,q83_t291
14788,q14_t291
14788,q14_t292
14789,q14_t292
14789,q14_t293
14790,q14_t293
14790,q14_t294
14790,q84_t293
14790,q84_t294
14791,q14_t294
14791,q14_t295
14792,q14_t295
14792,q14_t296
14793,q14_t296
14793,q14_t297
14793,q85_t296
14793,q85_t297
14794,q14_t297
14794,q14_t298
14795,q14_t298
14795,q14_t299
14796,q14_t299
14796,q14_t300
14796,q86_t299
14796,q86_t300
14797,q14_t300
14797,q14_t301
14798,q14_t301
14798,q14_t302
14799,q14_t302
14799,q14_t303
14799,q87_t302
14799,q87_t303
14800,q14_t303
14800,q14_t304
14801,q14_t304
14801,q14_t305
14802,q14_t305
14802,q14_t306
14802,q88_t305
14802,q88_t306
14803,q14_t306
14803,q14_t307
14804,q14_t307
14804,q14_t308
14805,q14_t308
14805,q14_t309
14805,q89_t308
14805,q89_t309
14806,q14_t309
14806,q14_t310
14807,q14_t310
14807,q14_t311
14808,q14_t311
14808,q14_t312
14808,q90_t311
14808,q90_t312
14809,q14_t312
14809,q14_t313
14810,q14_t313
14810,q14_t314
14811,q14_t314
14811,q14_t315
14811,q91_t314
14811,q91_t315
14812,q14_t315
14812,q14_t316
14813,q14_t316
14813,q14_t317
14814,q14_t317
14814,q14_t318
14814,q92_t317
14814,q92_t318
14815,q14_t318
14815,q14_t319
14816,q14_t319
14816,q14_t320
14817,q14_t320
14817,q14_t321
14817,q93_t320
14817,q93_t321
14818,q14_t321
14818,q14_t322
14819,q14_t322
14819,q14_t323
14820,q14_t323
14820,q14_t324
14820,q94_t323
14820,q94_t324
14821,q14_t324
14821,q14_t325
14822,q14_t325
14822,q14_t326
14823,q14_t326
14823,q14_t327
14823,q95_t326
14823,q95_t327
14824,q14_t327
14824,q14_t328
14825,q14_t328
14825,q14_t329
14826,q14_t329
14826,q14_t330
14826,q96_t329
14826,q96_t330
14827,q14_t330
14827,q14_t331
14828,q14_t331
14828,q14_t332
14829,q14_t332
14829,q14_t333
14829,q97_t332
14829,q97_t333
14830,q14_t333
14830,q14_t334
14831,q14_t334
14831,q14_t335
14832,q14_t335
14832,q14_t336
14832,q98_t335
14832,q98_t336
14833,q14_t336
14833,q14_t337
14834,q14_t337
14834,q14_t338
14835,q14_t338
14835,q14_t339
14835,q99_t338
14835,q99_t339
14836,q14_t339
14836,q14_t340
14837,q14_t340
14837,q14_t341
14838,q14_t342
14838,q14_t343
14839,q14_t343
14839,q14_t344
14840,q14_t345
14840,q14_t346
14841,q14_t346
14841,q14_t347
14842,q14_t348
14842,q14_t349
14843,q14_t349
14843,q14_t350
14844,q14_t351
14844,q14_t352
14845,q14_t352
14845,q14_t353
14846,q14_t354
14846,q14_t355
14847,q14_t355
14847,q14_t356
14848,q14_t357
14848,q14_t358
14849,q14_t358
14849,q14_t359
14850,q14_t360
14850,q14_t361
14851,q14_t361
14851,q14_t362
14852,q14_t363
14852,q14_t364
14853,q14_t364
14853,q14_t365
14854,q14_t366
14854,q14_t367
14855,q14_t367
14855,q14_t368
14856,q14_t369
14856,q14_t370
14857,q14_t370
14857,q14_t371
14858,q14_t371
14858,q14_t372
14859,q14_t373
14859,q14_t374
14860,q14_t374
14860,q14_t375
14861,q14_t375
14861,q14_t376
14861,q1_t375
14861,q1_t376
14862,q14_t376
14862,q14_t377
14863,q14_t377
14863,q14_t378
14864,q14_t378
14864,q14_t379
14864,q2_t378
14864,q2_t379
14865,q14_t379
14865,q14_t380
14866,q14_t380
14866,q14_t381
14867,q14_t381
14867,q14_t382
14867,q3_t381
14867,q3_t382
14868,q14_t382
14868,q14_t383
14869,q14_t383
14869,q14_t384
14870,q14_t384
14870,q14_t385
14870,q4_t384
14870,q4_t385
14871,q14_t385
14871,q14_t386
14872,q14_t386
14872,q14_t387
14873,q14_t387
14873,q14_t388
14873,q5_t387
14873,q5_t388
14874,q14_t388
14874,q14_t389
14875,q14_t389
14875,q14_t390
14876,q14_t390
14876,q14_t391
14876,q6_t390
14876,q6_t391
14877,q14_t391
14877,q14_t392
14878,q14_t392
14878,q14_t393
14879,q14_t393
14879,q14_t394
14879,q7_t393
14879,q7_t394
14880,q14_t394
14880,q14_t395
14881,q14_t395
14881,q14_t396
14882,q14_t396
14882,q14_t397
14882,q8_t396
14882,q8_t397
14883,q14_t397
14883,q14_t398
14884,q14_t398
14884,q14_t399
14885,q14_t399
14885,q14_t400
14885,q9_t399
14885,q9_t400
14886,q14_t400
14886,q14_t401
14887,q14_t401
14887,q14_t402
14888,q14_t403
14888,q14_t404
14889,q14_t404
14889,q14_t405
14890,q14_t406
14890,q14_t407
14891,q14_t407
14891,q14_t408
14892,q14_t409
14892,q14_t410
14893,q14_t410
14893,q14_t411
14894,q14_t412
14894,q14_t413
14895,q14_t413
14895,q14_t417
14896,q14_t417
14896,q14_t418
14896,q15_t417
14896,q15_t418
14897,q14_t418
14897,q14_t419
14898,q14_t419
14898,q14_t420
14899,q14_t42
14899,q14_t43
14900,q14_t420
14900,q14_t421
14900,q16_t420
14900,q16_t421
14901,q14_t421
14901,q14_t422
14902,q14_t422
14902,q14_t423
14903,q14_t423
14903,q14_t424
14903,q17_t423
14903,q17_t424
14904,q14_t424
14904,q14_t425
14905,q14_t425
14905,q14_t426
14906,q14_t426
14906,q14_t427
14906,q18_t426
14906,q18_t427
14907,q14_t427
14907,q14_t428
14908,q14_t428
14908,q14_t429
14909,q14_t429
14909,q14_t430
14909,q19_t429
14909,q19_t430
14910,q14_t43
14910,q14_t44
14911,q14_t430
14911,q14_t431
14912,q14_t431
14912,q14_t432
14913,q14_t432
14913,q14_t433
14913,q20_t432
14913,q20_t433
14914,q14_t433
14914,q14_t434
14915,q14_t434
14915,q14_t435
14916,q14_t435
14916,q14_t436
14916,q21_t435
14916,q21_t436
14917,q14_t436
14917,q14_t437
14918,q14_t437
14918,q14_t438
14919,q14_t438
14919,q14_t439
14919,q22_t438
14919,q22_t439
14920,q14_t439
14920,q14_t440
14921,q14_t44
14921,q14_t45
14921,q1_t44
14921,q1_t45
14922,q14_t440
14922,q14_t441
14923,q14_t441
14923,q14_t442
14923,q23_t441
14923,q23_t442
14924,q14_t442
14924,q14_t443
14925,q14_t443
14925,q14_t444
14926,q14_t444
14926,q14_t445
14926,q24_t444
14926,q24_t445
14927,q14_t445
14927,q14_t446
14928,q14_t446
14928,q14_t447
14929,q14_t447
14929,q14_t448
14929,q25_t447
14929,q25_t448
14930,q14_t448
14930,q14_t449
14931,q14_t449
14931,q14_t450
14932,q14_t45
14932,q14_t46
14933,q14_t450
14933,q14_t451
14933,q26_t450
14933,q26_t451
14934,q14_t451
14934,q14_t452
14935,q14_t452
14935,q14_t453
14936,q14_t453
14936,q14_t454
14936,q27_t453
14936,q27_t454
14937,q14_t454
14937,q14_t455
14938,q14_t455
14938,q14_t456
14939,q14_t456
14939,q14_t457
14939,q28_t456
14939,q28_t457
14940,q14_t457
14940,q14_t458
14941,q14_t458
14941,q14_t459
14942,q14_t459
14942,q14_t460
14942,q29_t459
14942,q29_t460
14943,q14_t46
14943,q14_t47
14944,q14_t460
14944,q14_t461
14945,q14_t461
14945,q14_t462
14946,q14_t462
14946,q14_t463
14946,q30_t462
14946,q30_t463
14947,q14_t463
14947,q14_t464
14948,q14_t464
14948,q14_t465
14949,q14_t465
14949,q14_t466
14949,q31_t465
14949,q31_t466
14950,q14_t466
14950,q14_t467
14951,q14_t467
14951,q14_t468
14952,q14_t468
14952,q14_t469
14952,q32_t468
14952,q32_t469
14953,q14_t469
14953,q14_t470
14954,q14_t47
14954,q14_t48
14954,q2_t47
14954,q2_t48
14955,q14_t470
14955,q14_t471
14956,q14_t471
14956,q14_t472
14956,q33_t471
14956,q33_t472
14957,q14_t472
14957,q14_t473
14958,q14_t473
14958,q14_t474
14959,q14_t474
14959,q14_t475
14959,q34_t474
14959,q34_t475
14960,q14_t475
14960,q14_t476
14961,q14_t476
14961,q14_t477
14962,q14_t477
14962,q14_t478
14962,q35_t477
14962,q35_t478
14963,q14_t478
14963,q14_t479
14964,q14_t479
14964,q14_t480
14965,q14_t48
14965,q14_t49
14966,q14_t480
14966,q14_t481
14966,q36_t480
14966,q36_t481
14967,q14_t481
14967,q14_t482
14968,q14_t482
14968,q14_t483
14969,q14_t483
14969,q14_t484
14969,q37_t483
14969,q37_t484
14970,q14_t484
14970,q14_t485
14971,q14_t485
14971,q14_t486
14972,q14_t486
14972,q14_t487
14972,q38_t486
14972,q38_t487
14973,q14_t487
14973,q14_t488
14974,q14_t488
14974,q14_t489
14975,q14_t489
14975,q14_t490
14975,q39_t489
14975,q39_t490
14976,q14_t49
14976,q14_t50
14977,q14_t490
14977,q14_t491
14978,q14_t491
14978,q14_t492
14979,q14_t492
14979,q14_t493
14979,q40_t492
14979,q40_t493
14980,q14_t493
14980,q14_t494
14981,q14_t494
14981,q14_t495
14982,q14_t495
14982,q14_t496
14982,q41_t495
14982,q41_t496
14983,q14_t496
14983,q14_t497
14984,q14_t497
14984,q14_t498
14985,q14_t498
14985,q14_t499
14985,q42_t498
14985,q42_t499
14986,q14_t499
14986,q14_t500
14987,q14_t50
14987,q14_t51
14987,q3_t50
14987,q3_t51
14988,q14_t500
14988,q14_t501
14989,q14_t501
14989,q14_t502
14989,q43_t501
14989,q43_t502
14990,q14_t502
14990,q14_t503
14991,q14_t503
14991,q14_t504
14992,q14_t504
14992,q14_t505
14992,q44_t504
14992,q44_t505
14993,q14_t505
14993,q14_t506
14994,q14_t506
14994,q14_t507
14995,q14_t507
14995,q14_t508
14995,q45_t507
14995,q45_t508
14996,q14_t508
14996,q14_t509
14997,q14_t509
14997,q14_t510
14998,q14_t51
14998,q14_t52
14999,q14_t510
14999,q14_t511
14999,q46_t510
14999,q46_t511
15000,q14_t511
15000,q14_t512
15001,q14_t512
15001,q14_t513
15002,q14_t513
15002,q14_t514
15002,q47_t513
15002,q47_t514
15003,q14_t514
15003,q14_t515
15004,q14_t515
15004,q14_t516
15005,q14_t516
15005,q14_t517
15005,q48_t516
15005,q48_t517
15006,q14_t517
15006,q14_t518
15007,q14_t518
15007,q14_t519
15008,q14_t519
15008,q14_t520
15008,q49_t519
15008,q49_t520
15009,q14_t52
15009,q14_t53
15010,q14_t520
15010,q14_t521
15011,q14_t521
15011,q14_t522
15012,q14_t522
15012,q14_t523
15012,q50_t522
15012,q50_t523
15013,q14_t523
15013,q14_t524
15014,q14_t524
15014,q14_t525
15015,q14_t525
15015,q14_t526
15015,q51_t525
15015,q51_t526
15016,q14_t526
15016,q14_t527
15017,q14_t527
15017,q14_t528
15018,q14_t528
15018,q14_t529
15018,q52_t528
15018,q52_t529
15019,q14_t529
15019,q14_t530
15020,q14_t53
15020,q14_t54
15020,q4_t53
15020,q4_t54
15021,q14_t530
15021,q14_t531
15022,q14_t531
15022,q14_t532
15022,q53_t531
15022,q53_t532
15023,q14_t532
15023,q14_t533
15024,q14_t533
15024,q14_t534
15025,q14_t534
15025,q14_t535
15025,q54_t534
15025,q54_t535
15026,q14_t535
15026,q14_t536
15027,q14_t536
15027,q14_t537
15028,q14_t537
15028,q14_t538
15028,q55_t537
15028,q55_t538
15029,q14_t538
15029,q14_t539
15030,q14_t539
15030,q14_t540
15031,q14_t54
15031,q14_t55
15032,q14_t540
15032,q14_t541
15032,q56_t540
15032,q56_t541
15033,q14_t541
15033,q14_t542
15034,q14_t542
15034,q14_t543
15035,q14_t543
15035,q14_t544
15035,q57_t543
15035,q57_t544
15036,q14_t544
15036,q14_t545
15037,q14_t545
15037,q14_t546
15038,q14_t546
15038,q14_t547
15038,q58_t546
15038,q58_t547
15039,q14_t547
15039,q14_t548
15040,q14_t548
15040,q14_t549
15041,q14_t549
15041,q14_t550
15041,q59_t549
15041,q59_t550
15042,q14_t55
15042,q14_t56
15043,q14_t550
15043,q14_t551
15044,q14_t551
15044,q14_t552
15045,q14_t552
15045,q14_t553
15045,q60_t552
15045,q60_t553
15046,q14_t553
15046,q14_t554
15047,q14_t554
15047,q14_t555
15048,q14_t555
15048,q14_t556
15048,q61_t555
15048,q61_t556
15049,q14_t556
15049,q14_t557
15050,q14_t557
15050,q14_t558
15051,q14_t558
15051,q14_t559
15051,q62_t558
15051,q62_t559
15052,q14_t559
15052,q14_t560
15053,q14_t56
15053,q14_t57
15053,q5_t56
15053,q5_t57
15054,q14_t560
15054,q14_t561
15055,q14_t561
15055,q14_t562
15055,q63_t561
15055,q63_t562
15056,q14_t562
15056,q14_t563
15057,q14_t563
15057,q14_t564
15058,q14_t564
15058,q14_t565
15058,q64_t564
15058,q64_t565
15059,q14_t565
15059,q14_t566
15060,q14_t566
15060,q14_t567
15061,q14_t567
15061,q14_t568
15061,q65_t567
15061,q65_t568
15062,q14_t568
15062,q14_t569
15063,q14_t569
15063,q14_t570
15064,q14_t57
15064,q14_t58
15065,q14_t570
15065,q14_t571
15065,q66_t570
15065,q66_t571
15066,q14_t571
15066,q14_t572
15067,q14_t572
15067,q14_t573
15068,q14_t573
15068,q14_t574
15068,q67_t573
15068,q67_t574
15069,q14_t574
15069,q14_t575
15070,q14_t575
15070,q14_t576
15071,q14_t576
15071,q14_t577
15071,q68_t576
15071,q68_t577
15072,q14_t577
15072,q14_t578
15073,q14_t578
15073,q14_t579
15074,q14_t579
15074,q14_t580
15074,q69_t579
15074,q69_t580
15075,q14_t58
15075,q14_t59
15076,q14_t580
15076,q14_t581
15077,q14_t581
15077,q14_t582
15078,q14_t582
15078,q14_t583
15078,q70_t582
15078,q70_t583
15079,q14_t583
15079,q14_t584
15080,q14_t584
15080,q14_t585
15081,q14_t585
15081,q14_t586
15081,q71_t585
15081,q71_t586
15082,q14_t586
15082,q14_t587
15083,q14_t587
15083,q14_t588
15084,q14_t588
15084,q14_t589
15084,q72_t588
15084,q72_t589
15085,q14_t589
15085,q14_t590
15086,q14_t59
15086,q14_t60
15086,q6_t59
15086,q6_t60
15087,q14_t590
15087,q14_t591
15088,q14_t591
15088,q14_t592
15088,q73_t591
15088,q73_t592
15089,q14_t592
15089,q14_t593
15090,q14_t593
15090,q14_t594
15091,q14_t594
15091,q14_t595
15091,q74_t594
15091,q74_t595
15092,q14_t595
15092,q14_t596
15093,q14_t596
15093,q14_t597
15094,q14_t597
15094,q14_t598
15094,q75_t597
15094,q75_t598
15095,q14_t598
15095,q14_t599
15096,q14_t599
15096,q14_t600
15097,q14_t60
15097,q14_t61
15098,q14_t600
15098,q14_t601
15098,q76_t600
15098,q76_t601
15099,q14_t601
15099,q14_t602
15100,q14_t602
15100,q14_t603
15101,q14_t603
15101,q14_t604
15101,q77_t603
15101,q77_t604
15102,q14_t604
15102,q14_t605
15103,q14_t605
15103,q14_t606
15104,q14_t606
15104,q14_t607
15104,q78_t606
15104,q78_t607
15105,q14_t607
15105,q14_t608
15106,q14_t608
15106,q14_t609
15107,q14_t609
15107,q14_t610
15107,q79_t609
15107,q79_t610
15108,q14_t61
15108,q14_t62
15109,q14_t610
15109,q14_t611
15110,q14_t611
15110,q14_t612
15111,q14_t612
15111,q14_t613
15111,q80_t612
15111,q80_t613
15112,q14_t613
15112,q14_t614
15113,q14_t614
15113,q14_t615
15114,q14_t615
15114,q14_t616
15114,q81_t615
15114,q81_t616
15115,q14_t616
15115,q14_t617
15116,q14_t617
15116,q14_t618
15117,q14_t618
15117,q14_t619
15117,q82_t618
15117,q82_t619
15118,q14_t619
15118,q14_t620
15119,q14_t62
15119,q14_t63
15119,q7_t62
15119,q7_t63
15120,q14_t620
15120,q14_t621
15121,q14_t621
15121,q14_t622
15121,q83_t621
15121,q83_t622
15122,q14_t622
15122,q14_t623
15123,q14_t623
15123,q14_t624
15124,q14_t624
15124,q14_t625
15124,q84_t624
15124,q84_t625
15125,q14_t625
15125,q14_t626
15126,q14_t626
15126,q14_t627
15127,q14_t627
15127,q14_t628
15127,q85_t627
15127,q85_t628
15128,q14_t628
15128,q14_t629
15129,q14_t629
15129,q14_t630
15130,q14_t63
15130,q14_t64
15131,q14_t630
15131,q14_t631
15131,q86_t630
15131,q86_t631
15132,q14_t631
15132,q14_t632
15133,q14_t632
15133,q14_t633
15134,q14_t633
15134,q14_t634
15134,q87_t633
15134,q87_t634
15135,q14_t634
15135,q14_t635
15136,q14_t635
15136,q14_t636
15137,q14_t636
15137,q14_t637
15137,q88_t636
15137,q88_t637
15138,q14_t637
15138,q14_t638
15139,q14_t638
15139,q14_t639
15140,q14_t639
15140,q14_t640
15140,q89_t639
15140,q89_t640
15141,q14_t64
15141,q14_t65
15142,q14_t640
15142,q14_t641
15143,q14_t641
15143,q14_t642
15144,q14_t642
15144,q14_t643
15144,q90_t642
15144,q90_t643
15145,q14_t643
15145,q14_t644
15146,q14_t644
15146,q14_t645
15147,q14_t645
15147,q14_t646
15147,q91_t645
15147,q91_t646
15148,q14_t646
15148,q14_t647
15149,q14_t647
15149,q14_t648
15150,q14_t648
15150,q14_t649
15150,q92_t648
15150,q92_t649
15151,q14_t649
15151,q14_t650
15152,q14_t65
15152,q14_t66
15152,q8_t65
15152,q8_t66
15153,q14_t650
15153,q14_t651
15154,q14_t651
15154,q14_t652
15154,q93_t651
15154,q93_t652
15155,q14_t652
15155,q14_t653
15156,q14_t653
15156,q14_t654
15157,q14_t654
15157,q14_t655
15157,q94_t654
15157,q94_t655
15158,q14_t655
15158,q14_t656
15159,q14_t656
15159,q14_t657
15160,q14_t657
15160,q14_t658
15160,q95_t657
15160,q95_t658
15161,q14_t658
15161,q14_t659
15162,q14_t659
15162,q14_t660
15163,q14_t66
15163,q14_t67
15164,q14_t660
15164,q14_t661
15164,q96_t660
15164,q96_t661
15165,q14_t661
15165,q14_t662
15166,q14_t662
15166,q14_t663
15167,q14_t663
15167,q14_t664
15167,q97_t663
15167,q97_t664
15168,q14_t664
15168,q14_t665
15169,q14_t665
15169,q14_t666
15170,q14_t666
15170,q14_t667
15170,q98_t666
15170,q98_t667
15171,q14_t667
15171,q14_t668
15172,q14_t668
15172,q14_t669
15173,q14_t669
15173,q14_t670
15173,q99_t669
15173,q99_t670
15174,q14_t67
15174,q14_t68
15175,q14_t670
15175,q14_t671
15176,q14_t671
15176,q14_t672
15177,q14_t673
15177,q14_t674
15178,q14_t674
15178,q14_t675
15179,q14_t676
15179,q14_t677
15180,q14_t677
15180,q14_t678
15181,q14_t679
15181,q14_t680
15182,q14_t68
15182,q14_t69
15182,q9_t68
15182,q9_t69
15183,q14_t680
15183,q14_t681
15184,q14_t682
15184,q14_t683
15185,q14_t683
15185,q14_t684
15186,q14_t685
15186,q14_t686
15187,q14_t686
15187,q14_t687
15188,q14_t688
15188,q14_t689
15189,q14_t689
15189,q14_t690
15190,q14_t69
15190,q14_t70
15191,q14_t691
15191,q14_t692
15192,q14_t692
15192,q14_t693
15193,q14_t694
15193,q14_t695
15194,q14_t695
15194,q14_t696
15195,q14_t697
15195,q14_t698
15196,q14_t698
15196,q14_t699
15197,q14_t70
15197,q14_t71
15198,q14_t700
15198,q14_t701
15199,q14_t701
15199,q14_t702
15200,q14_t702
15200,q14_t703
15201,q14_t704
15201,q14_t705
15202,q14_t705
15202,q14_t706
15203,q14_t706
15203,q14_t707
15203,q1_t706
15203,q1_t707
15204,q14_t707
15204,q14_t708
15205,q14_t708
15205,q14_t709
15206,q14_t709
15206,q14_t710
15206,q2_t709
15206,q2_t710
15207,q14_t710
15207,q14_t711
15208,q14_t711
15208,q14_t712
15209,q14_t712
15209,q14_t713
15209,q3_t712
15209,q3_t713
15210,q14_t713
15210,q14_t714
15211,q14_t714
15211,q14_t715
15212,q14_t715
15212,q14_t716
15212,q4_t715
15212,q4_t716
15213,q14_t716
15213,q14_t717
15214,q14_t717
15214,q14_t718
15215,q14_t718
15215,q14_t719
15215,q5_t718
15215,q5_t719
15216,q14_t719
15216,q14_t720
15217,q14_t72
15217,q14_t73
15218,q14_t720
15218,q14_t721
15219,q14_t721
15219,q14_t722
15219,q6_t721
15219,q6_t722
15220,q14_t722
15220,q14_t723
15221,q14_t723
15221,q14_t724
15222,q14_t724
15222,q14_t725
15222,q7_t724
15222,q7_t725
15223,q14_t725
15223,q14_t726
15224,q14_t726
15224,q14_t727
15225,q14_t727
15225,q14_t728
15225,q8_t727
15225,q8_t728
15226,q14_t728
15226,q14_t729
15227,q14_t729
15227,q14_t730
15228,q14_t73
15228,q14_t74
15229,q14_t730
15229,q14_t731
15229,q9_t730
15229,q9_t731
15230,q14_t731
15230,q14_t732
15231,q14_t732
15231,q14_t733
15232,q14_t734
15232,q14_t735
15233,q14_t735
15233,q14_t736
15234,q14_t737
15234,q14_t738
15235,q14_t738
15235,q14_t739
15236,q14_t740
15236,q14_t741
15237,q14_t741
15237,q14_t742
15238,q14_t743
15238,q14_t744
15239,q14_t744
15239,q14_t748
15240,q14_t748
15240,q14_t749
15240,q15_t748
15240,q15_t749
15241,q14_t749
15241,q14_t750
15242,q14_t75
15242,q14_t76
15243,q14_t750
15243,q14_t751
15244,q14_t751
15244,q14_t752
15244,q16_t751
15244,q16_t752
15245,q14_t752
15245,q14_t753
15246,q14_t753
15246,q14_t754
15247,q14_t754
15247,q14_t755
15247,q17_t754
15247,q17_t755
15248,q14_t755
15248,q14_t756
15249,q14_t756
15249,q14_t757
15250,q14_t757
15250,q14_t758
15250,q18_t757
15250,q18_t758
15251,q14_t758
15251,q14_t759
15252,q14_t759
15252,q14_t760
15253,q14_t76
15253,q14_t77
15254,q14_t760
15254,q14_t761
15254,q19_t760
15254,q19_t761
15255,q14_t761
15255,q14_t762
15256,q14_t762
15256,q14_t763
15257,q14_t763
15257,q14_t764
15257,q20_t763
15257,q20_t764
15258,q14_t764
15258,q14_t765
15259,q14_t765
15259,q14_t766
15260,q14_t766
15260,q14_t767
15260,q21_t766
15260,q21_t767
15261,q14_t767
15261,q14_t768
15262,q14_t768
15262,q14_t769
15263,q14_t769
15263,q14_t770
15263,q22_t769
15263,q22_t770
15264,q14_t770
15264,q14_t771
15265,q14_t771
15265,q14_t772
15266,q14_t772
15266,q14_t773
15266,q23_t772
15266,q23_t773
15267,q14_t773
15267,q14_t774
15268,q14_t774
15268,q14_t775
15269,q14_t775
15269,q14_t776
15269,q24_t775
15269,q24_t776
15270,q14_t776
15270,q14_t777
15271,q14_t777
15271,q14_t778
15272,q14_t778
15272,q14_t779
15272,q25_t778
15272,q25_t779
15273,q14_t779
15273,q14_t780
15274,q14_t78
15274,q14_t79
15275,q14_t780
15275,q14_t781
15276,q14_t781
15276,q14_t782
15276,q26_t781
15276,q26_t782
15277,q14_t782
15277,q14_t783
15278,q14_t783
15278,q14_t784
15279,q14_t784
15279,q14_t785
15279,q27_t784
15279,q27_t785
15280,q14_t785
15280,q14_t786
15281,q14_t786
15281,q14_t787
15282,q14_t787
15282,q14_t788
15282,q28_t787
15282,q28_t788
15283,q14_t788
15283,q14_t789
15284,q14_t789
15284,q14_t790
15285,q14_t79
15285,q14_t80
15286,q14_t790
15286,q14_t791
15286,q29_t790
15286,q29_t791
15287,q14_t791
15287,q14_t792
15288,q14_t792
15288,q14_t793
15289,q14_t793
15289,q14_t794
15289,q30_t793
15289,q30_t794
15290,q14_t794
15290,q14_t795
15291,q14_t795
15291,q14_t796
15292,q14_t796
15292,q14_t797
15292,q31_t796
15292,q31_t797
15293,q14_t797
15293,q14_t798
15294,q14_t798
15294,q14_t799
15295,q14_t799
15295,q14_t800
15295,q32_t799
15295,q32_t800
15296,q14_t800
15296,q14_t801
15297,q14_t801
15297,q14_t802
15298,q14_t802
15298,q14_t803
15298,q33_t802
15298,q33_t803
15299,q14_t803
15299,q14_t804
15300,q14_t804
15300,q14_t805
15301,q14_t805
15301,q14_t806
15301,q34_t805
15301,q34_t806
15302,q14_t806
15302,q14_t807
15303,q14_t807
15303,q14_t808
15304,q14_t808
15304,q14_t809
15304,q35_t808
15304,q35_t809
15305,q14_t809
15305,q14_t810
15306,q14_t81
15306,q14_t82
15307,q14_t810
15307,q14_t811
15308,q14_t811
15308,q14_t812
15308,q36_t811
15308,q36_t812
15309,q14_t812
15309,q14_t813
15310,q14_t813
15310,q14_t814
15311,q14_t814
15311,q14_t815
15311,q37_t814
15311,q37_t815
15312,q14_t815
15312,q14_t816
15313,q14_t816
15313,q14_t817
15314,q14_t817
15314,q14_t818
15314,q38_t817
15314,q38_t818
15315,q14_t818
15315,q14_t819
15316,q14_t819
15316,q14_t820
15317,q14_t82
15317,q14_t86
15318,q14_t820
15318,q14_t821
15318,q39_t820
15318,q39_t821
15319,q14_t821
15319,q14_t822
15320,q14_t822
15320,q14_t823
15321,q14_t823
15321,q14_t824
15321,q40_t823
15321,q40_t824
15322,q14_t824
15322,q14_t825
15323,q14_t825
15323,q14_t826
15324,q14_t826
15324,q14_t827
15324,q41_t826
15324,q41_t827
15325,q14_t827
15325,q14_t828
15326,q14_t828
15326,q14_t829
15327,q14_t829
15327,q14_t830
15327,q42_t829
15327,q42_t830
15328,q14_t830
15328,q14_t831
15329,q14_t831
15329,q14_t832
15330,q14_t832
15330,q14_t833
15330,q43_t832
15330,q43_t833
15331,q14_t833
15331,q14_t834
15332,q14_t834
15332,q14_t835
15333,q14_t835
15333,q14_t836
15333,q44_t835
15333,q44_t836
15334,q14_t836
15334,q14_t837
15335,q14_t837
15335,q14_t838
15336,q14_t838
15336,q14_t839
15336,q45_t838
15336,q45_t839
15337,q14_t839
15337,q14_t840
15338,q14_t840
15338,q14_t841
15339,q14_t841
15339,q14_t842
15339,q46_t841
15339,q46_t842
15340,q14_t842
15340,q14_t843
15341,q14_t843
15341,q14_t844
15342,q14_t844
15342,q14_t845
15342,q47_t844
15342,q47_t845
15343,q14_t845
15343,q14_t846
15344,q14_t846
15344,q14_t847
15345,q14_t847
15345,q14_t848
15345,q48_t847
15345,q48_t848
15346,q14_t848
15346,q14_t849
15347,q14_t849
15347,q14_t850
15348,q14_t850
15348,q14_t851
15348,q49_t850
15348,q49_t851
15349,q14_t851
15349,q14_t852
15350,q14_t852
15350,q14_t853
15351,q14_t853
15351,q14_t854
15351,q50_t853
15351,q50_t854
15352,q14_t854
15352,q14_t855
15353,q14_t855
15353,q14_t856
15354,q14_t856
15354,q14_t857
15354,q51_t856
15354,q51_t857
15355,q14_t857
15355,q14_t858
15356,q14_t858
15356,q14_t859
15357,q14_t859
15357,q14_t860
15357,q52_t859
15357,q52_t860
15358,q14_t86
15358,q14_t87
15358,q15_t86
15358,q15_t87
15359,q14_t860
15359,q14_t861
15360,q14_t861
15360,q14_t862
15361,q14_t862
15361,q14_t863
15361,q53_t862
15361,q53_t863
15362,q14_t863
15362,q14_t864
15363,q14_t864
15363,q14_t865
15364,q14_t865
15364,q14_t866
15364,q54_t865
15364,q54_t866
15365,q14_t866
15365,q14_t867
15366,q14_t867
15366,q14_t868
15367,q14_t868
15367,q14_t869
15367,q55_t868
15367,q55_t869
15368,q14_t869
15368,q14_t870
15369,q14_t87
15369,q14_t88
15370,q14_t870
15370,q14_t871
15371,q14_t871
15371,q14_t872
15371,q56_t871
15371,q56_t872
15372,q14_t872
15372,q14_t873
15373,q14_t873
15373,q14_t874
15374,q14_t874
15374,q14_t875
15374,q57_t874
15374,q57_t875
15375,q14_t875
15375,q14_t876
15376,q14_t876
15376,q14_t877
15377,q14_t877
15377,q14_t878
15377,q58_t877
15377,q58_t878
15378,q14_t878
15378,q14_t879
15379,q14_t879
15379,q14_t880
15380,q14_t88
15380,q14_t89
15381,q14_t880
15381,q14_t881
15381,q59_t880
15381,q59_t881
15382,q14_t881
15382,q14_t882
15383,q14_t882
15383,q14_t883
15384,q14_t883
15384,q14_t884
15384,q60_t883
15384,q60_t884
15385,q14_t884
15385,q14_t885
15386,q14_t885
15386,q14_t886
15387,q14_t886
15387,q14_t887
15387,q61_t886
15387,q61_t887
15388,q14_t887
15388,q14_t888
15389,q14_t888
15389,q14_t889
15390,q14_t889
15390,q14_t890
15390,q62_t889
15390,q62_t890
15391,q14_t89
15391,q14_t90
15391,q16_t89
15391,q16_t90
15392,q14_t890
15392,q14_t891
15393,q14_t891
15393,q14_t892
15394,q14_t892
15394,q14_t893
15394,q63_t892
15394,q63_t893
15395,q14_t893
15395,q14_t894
15396,q14_t894
15396,q14_t895
15397,q14_t895
15397,q14_t896
15397,q64_t895
15397,q64_t896
15398,q14_t896
15398,q14_t897
15399,q14_t897
15399,q14_t898
15400,q14_t898
15400,q14_t899
15400,q65_t898
15400,q65_t899
15401,q14_t899
15401,q14_t900
15402,q14_t90
15402,q14_t91
15403,q14_t900
15403,q14_t901
15404,q14_t901
15404,q14_t902
15404,q66_t901
15404,q66_t902
15405,q14_t902
15405,q14_t903
15406,q14_t903
15406,q14_t904
15407,q14_t904
15407,q14_t905
15407,q67_t904
15407,q67_t905
15408,q14_t905
15408,q14_t906
15409,q14_t906
15409,q14_t907
15410,q14_t907
15410,q14_t908
15410,q68_t907
15410,q68_t908
15411,q14_t908
15411,q14_t909
15412,q14_t909
15412,q14_t910
15413,q14_t91
15413,q14_t92
15414,q14_t910
15414,q14_t911
15414,q69_t910
15414,q69_t911
15415,q14_t911
15415,q14_t912
15416,q14_t912
15416,q14_t913
15417,q14_t913
15417,q14_t914
15417,q70_t913
15417,q70_t914
15418,q14_t914
15418,q14_t915
15419,q14_t915
15419,q14_t916
15420,q14_t916
15420,q14_t917
15420,q71_t916
15420,q71_t917
15421,q14_t917
15421,q14_t918
15422,q14_t918
15422,q14_t919
15423,q14_t919
15423,q14_t920
15423,q72_t919
15423,q72_t920
15424,q14_t92
15424,q14_t93
15424,q17_t92
15424,q17_t93
15425,q14_t920
15425,q14_t921
15426,q14_t921
15426,q14_t922
15427,q14_t922
15427,q14_t923
15427,q73_t922
15427,q73_t923
15428,q14_t923
15428,q14_t924
15429,q14_t924
15429,q14_t925
15430,q14_t925
15430,q14_t926
15430,q74_t925
15430,q74_t926
15431,q14_t926
15431,q14_t927
15432,q14_t927
15432,q14_t928
15433,q14_t928
15433,q14_t929
15433,q75_t928
15433,q75_t929
15434,q14_t929
15434,q14_t930
15435,q14_t93
15435,q14_t94
15436,q14_t930
15436,q14_t931
15437,q14_t931
15437,q14_t932
15437,q76_t931
15437,q76_t932
15438,q14_t932
15438,q14_t933
15439,q14_t933
15439,q14_t934
15440,q14_t934
15440,q14_t935
15440,q77_t934
15440,q77_t935
15441,q14_t935
15441,q14_t936
15442,q14_t936
15442,q14_t937
15443,q14_t937
15443,q14_t938
15443,q78_t937
15443,q78_t938
15444,q14_t938
15444,q14_t939
15445,q14_t939
15445,q14_t940
15446,q14_t94
15446,q14_t95
15447,q14_t940
15447,q14_t941
15447,q79_t940
15447,q79_t941
15448,q14_t941
15448,q14_t942
15449,q14_t942
15449,q14_t943
15450,q14_t943
15450,q14_t944
15450,q80_t943
15450,q80_t944
15451,q14_t944
15451,q14_t945
15452,q14_t945
15452,q14_t946
15453,q14_t946
15453,q14_t947
15453,q81_t946
15453,q81_t947
15454,q14_t947
15454,q14_t948
15455,q14_t948
15455,q14_t949
15456,q14_t949
15456,q14_t950
15456,q82_t949
15456,q82_t950
15457,q14_t95
15457,q14_t96
15457,q18_t95
15457,q18_t96
15458,q14_t950
15458,q14_t951
15459,q14_t951
15459,q14_t952
15460,q14_t952
15460,q14_t953
15460,q83_t952
15460,q83_t953
15461,q14_t953
15461,q14_t954
15462,q14_t954
15462,q14_t955
15463,q14_t955
15463,q14_t956
15463,q84_t955
15463,q84_t956
15464,q14_t956
15464,q14_t957
15465,q14_t957
15465,q14_t958
15466,q14_t958
15466,q14_t959
15466,q85_t958
15466,q85_t959
15467,q14_t959
15467,q14_t960
15468,q14_t96
15468,q14_t97
15469,q14_t960
15469,q14_t961
15470,q14_t961
15470,q14_t962
15470,q86_t961
15470,q86_t962
15471,q14_t962
15471,q14_t963
15472,q14_t963
15472,q14_t964
15473,q14_t964
15473,q14_t965
15473,q87_t964
15473,q87_t965
15474,q14_t965
15474,q14_t966
15475,q14_t966
15475,q14_t967
15476,q14_t967
15476,q14_t968
15476,q88_t967
15476,q88_t968
15477,q14_t968
15477,q14_t969
15478,q14_t969
15478,q14_t970
15479,q14_t97
15479,q14_t98
15480,q14_t970
15480,q14_t971
15480,q89_t970
15480,q89_t971
15481,q14_t971
15481,q14_t972
15482,q14_t972
15482,q14_t973
15483,q14_t973
15483,q14_t974
15483,q90_t973
15483,q90_t974
15484,q14_t974
15484,q14_t975
15485,q14_t975
15485,q14_t976
15486,q14_t976
15486,q14_t977
15486,q91_t976
15486,q91_t977
15487,q14_t977
15487,q14_t978
15488,q14_t978
15488,q14_t979
15489,q14_t979
15489,q14_t980
15489,q92_t979
15489,q92_t980
15490,q14_t98
15490,q14_t99
15490,q19_t98
15490,q19_t99
15491,q14_t980
15491,q14_t981
15492,q14_t981
15492,q14_t982
15493,q14_t982
15493,q14_t983
15493,q93_t982
15493,q93_t983
15494,q14_t983
15494,q14_t984
15495,q14_t984
15495,q14_t985
15496,q14_t985
15496,q14_t986
15496,q94_t985
15496,q94_t986
15497,q14_t986
15497,q14_t987
15498,q14_t987
15498,q14_t988
15499,q14_t988
15499,q14_t989
15499,q95_t988
15499,q95_t989
15500,q14_t989
15500,q14_t990
15501,q14_t990
15501,q14_t991
15502,q14_t991
15502,q14_t992
15502,q96_t991
15502,q96_t992
15503,q14_t992
15503,q14_t993
15504,q14_t993
15504,q14_t994
15505,q14_t994
15505,q14_t995
15505,q97_t994
15505,q97_t995
15506,q14_t995
15506,q14_t996
15507,q14_t996
15507,q14_t997
15508,q14_t997
15508,q14_t998
15508,q98_t997
15508,q98_t998
15509,q14_t998
15509,q14_t999
15510,q15_t0
15510,q15_t1
15511,q15_t1
15511,q15_t44
15512,q15_t100
15512,q15_t101
15513,q15_t100
15513,q15_t99
15514,q15_t1000
15514,q15_t1001
15514,q98_t1000
15514,q98_t1001
15515,q15_t1000
15515,q15_t999
15516,q15_t1001
15516,q15_t1002
15517,q15_t1002
15517,q15_t1003
15518,q15_t1003
15518,q15_t1004
15518,q99_t1003
15518,q99_t1004
15519,q15_t1004
15519,q15_t1005
15520,q15_t1005
15520,q15_t1006
15521,q15_t1007
15521,q15_t1008
15522,q15_t1008
15522,q15_t1009
15523,q15_t101
15523,q15_t102
15523,q19_t101
15523,q19_t102
15524,q15_t1010
15524,q15_t1011
15525,q15_t1011
15525,q15_t1012
15526,q15_t1013
15526,q15_t1014
15527,q15_t1014
15527,q15_t1015
15528,q15_t1016
15528,q15_t1017
15529,q15_t1017
15529,q15_t1018
15530,q15_t1019
15530,q15_t1020
15531,q15_t102
15531,q15_t103
15532,q15_t1020
15532,q15_t1021
15533,q15_t1022
15533,q15_t1023
15534,q15_t1023
15534,q15_t1024
15535,q15_t1025
15535,q15_t1026
15536,q15_t1026
15536,q15_t1027
15537,q15_t1028
15537,q15_t1029
15538,q15_t1029
15538,q15_t1030
15539,q15_t103
15539,q15_t104
15540,q15_t1031
15540,q15_t1032
15541,q15_t1032
15541,q15_t1033
15542,q15_t1034
15542,q15_t1035
15543,q15_t1035
15543,q15_t1036
15544,q15_t104
15544,q15_t105
15544,q20_t104
15544,q20_t105
15545,q15_t105
15545,q15_t106
15546,q15_t106
15546,q15_t107
15547,q15_t107
15547,q15_t108
15547,q21_t107
15547,q21_t108
15548,q15_t108
15548,q15_t109
15549,q15_t109
15549,q15_t110
15550,q15_t110
15550,q15_t111
15550,q22_t110
15550,q22_t111
15551,q15_t111
15551,q15_t112
15552,q15_t112
15552,q15_t113
15553,q15_t113
15553,q15_t114
15553,q23_t113
15553,q23_t114
15554,q15_t114
15554,q15_t115
15555,q15_t115
15555,q15_t116
15556,q15_t116
15556,q15_t117
15556,q24_t116
15556,q24_t117
15557,q15_t117
15557,q15_t118
15558,q15_t118
15558,q15_t119
15559,q15_t119
15559,q15_t120
15559,q25_t119
15559,q25_t120
15560,q15_t120
15560,q15_t121
15561,q15_t121
15561,q15_t122
15562,q15_t122
15562,q15_t123
15562,q26_t122
15562,q26_t123
15563,q15_t123
15563,q15_t124
15564,q15_t124
15564,q15_t125
15565,q15_t125
15565,q15_t126
15565,q27_t125
15565,q27_t126
15566,q15_t126
15566,q15_t127
15567,q15_t127
15567,q15_t128
15568,q15_t128
15568,q15_t129
15568,q28_t128
15568,q28_t129
15569,q15_t129
15569,q15_t130
15570,q15_t130
15570,q15_t131
15571,q15_t131
15571,q15_t132
15571,q29_t131
15571,q29_t132
15572,q15_t132
15572,q15_t133
15573,q15_t133
15573,q15_t134
15574,q15_t134
15574,q15_t135
15574,q30_t134
15574,q30_t135
15575,q15_t135
15575,q15_t136
15576,q15_t136
15576,q15_t137
15577,q15_t137
15577,q15_t138
15577,q31_t137
15577,q31_t138
15578,q15_t138
15578,q15_t139
15579,q15_t139
15579,q15_t140
15580,q15_t140
15580,q15_t141
15580,q32_t140
15580,q32_t141
15581,q15_t141
15581,q15_t142
15582,q15_t142
15582,q15_t143
15583,q15_t143
15583,q15_t144
15583,q33_t143
15583,q33_t144
15584,q15_t144
15584,q15_t145
15585,q15_t145
15585,q15_t146
15586,q15_t146
15586,q15_t147
15586,q34_t146
15586,q34_t147
15587,q15_t147
15587,q15_t148
15588,q15_t148
15588,q15_t149
15589,q15_t149
15589,q15_t150
15589,q35_t149
15589,q35_t150
15590,q15_t150
15590,q15_t151
15591,q15_t151
15591,q15_t152
15592,q15_t152
15592,q15_t153
15592,q36_t152
15592,q36_t153
15593,q15_t153
15593,q15_t154
15594,q15_t154
15594,q15_t155
15595,q15_t155
15595,q15_t156
15595,q37_t155
15595,q37_t156
15596,q15_t156
15596,q15_t157
15597,q15_t157
15597,q15_t158
15598,q15_t158
15598,q15_t159
15598,q38_t158
15598,q38_t159
15599,q15_t159
15599,q15_t160
15600,q15_t160
15600,q15_t161
15601,q15_t161
15601,q15_t162
15601,q39_t161
15601,q39_t162
15602,q15_t162
15602,q15_t163
15603,q15_t163
15603,q15_t164
15604,q15_t164
15604,q15_t165
15604,q40_t164
15604,q40_t165
15605,q15_t165
15605,q15_t166
15606,q15_t166
15606,q15_t167
15607,q15_t167
15607,q15_t168
15607,q41_t167
15607,q41_t168
15608,q15_t168
15608,q15_t169
15609,q15_t169
15609,q15_t170
15610,q15_t170
15610,q15_t171
15610,q42_t170
15610,q42_t171
15611,q15_t171
15611,q15_t172
15612,q15_t172
15612,q15_t173
15613,q15_t173
15613,q15_t174
15613,q43_t173
15613,q43_t174
15614,q15_t174
15614,q15_t175
15615,q15_t175
15615,q15_t176
15616,q15_t176
15616,q15_t177
15616,q44_t176
15616,q44_t177
15617,q15_t177
15617,q15_t178
15618,q15_t178
15618,q15_t179
15619,q15_t179
15619,q15_t180
15619,q45_t179
15619,q45_t180
15620,q15_t180
15620,q15_t181
15621,q15_t181
15621,q15_t182
15622,q15_t182
15622,q15_t183
15622,q46_t182
15622,q46_t183
15623,q15_t183
15623,q15_t184
15624,q15_t184
15624,q15_t185
15625,q15_t185
15625,q15_t186
15625,q47_t185
15625,q47_t186
15626,q15_t186
15626,q15_t187
15627,q15_t187
15627,q15_t188
15628,q15_t188
15628,q15_t189
15628,q48_t188
15628,q48_t189
15629,q15_t189
15629,q15_t190
15630,q15_t190
15630,q15_t191
15631,q15_t191
15631,q15_t192
15631,q49_t191
15631,q49_t192
15632,q15_t192
15632,q15_t193
15633,q15_t193
15633,q15_t194
15634,q15_t194
15634,q15_t195
15634,q50_t194
15634,q50_t195
15635,q15_t195
15635,q15_t196
15636,q15_t196
15636,q15_t197
15637,q15_t197
15637,q15_t198
15637,q51_t197
15637,q51_t198
15638,q15_t198
15638,q15_t199
15639,q15_t199
15639,q15_t200
15640,q15_t200
15640,q15_t201
15640,q52_t200
15640,q52_t201
15641,q15_t201
15641,q15_t202
15642,q15_t202
15642,q15_t203
15643,q15_t203
15643,q15_t204
15643,q53_t203
15643,q53_t204
15644,q15_t204
15644,q15_t205
15645,q15_t205
15645,q15_t206
15646,q15_t206
15646,q15_t207
15646,q54_t206
15646,q54_t207
15647,q15_t207
15647,q15_t208
15648,q15_t208
15648,q15_t209
15649,q15_t209
15649,q15_t210
15649,q55_t209
15649,q55_t210
15650,q15_t210
15650,q15_t211
15651,q15_t211
15651,q15_t212
15652,q15_t212
15652,q15_t213
15652,q56_t212
15652,q56_t213
15653,q15_t213
15653,q15_t214
15654,q15_t214
15654,q15_t215
15655,q15_t215
15655,q15_t216
15655,q57_t215
15655,q57_t216
15656,q15_t216
15656,q15_t217
15657,q15_t217
15657,q15_t218
15658,q15_t218
15658,q15_t219
15658,q58_t218
15658,q58_t219
15659,q15_t219
15659,q15_t220
15660,q15_t220
15660,q15_t221
15661,q15_t221
15661,q15_t222
15661,q59_t221
15661,q59_t222
15662,q15_t222
15662,q15_t223
15663,q15_t223
15663,q15_t224
15664,q15_t224
15664,q15_t225
15664,q60_t224
15664,q60_t225
15665,q15_t225
15665,q15_t226
15666,q15_t226
15666,q15_t227
15667,q15_t227
15667,q15_t228
15667,q61_t227
15667,q61_t228
15668,q15_t228
15668,q15_t229
15669,q15_t229
15669,q15_t230
15670,q15_t230
15670,q15_t231
15670,q62_t230
15670,q62_t231
15671,q15_t231
15671,q15_t232
15672,q15_t232
15672,q15_t233
15673,q15_t233
15673,q15_t234
15673,q63_t233
15673,q63_t234
15674,q15_t234
15674,q15_t235
15675,q15_t235
15675,q15_t236
15676,q15_t236
15676,q15_t237
15676,q64_t236
15676,q64_t237
15677,q15_t237
15677,q15_t238
15678,q15_t238
15678,q15_t239
15679,q15_t239
15679,q15_t240
15679,q65_t239
15679,q65_t240
15680,q15_t240
15680,q15_t241
15681,q15_t241
15681,q15_t242
15682,q15_t242
15682,q15_t243
15682,q66_t242
15682,q66_t243
15683,q15_t243
15683,q15_t244
15684,q15_t244
15684,q15_t245
15685,q15_t245
15685,q15_t246
15685,q67_t245
15685,q67_t246
15686,q15_t246
15686,q15_t247
15687,q15_t247
15687,q15_t248
15688,q15_t248
15688,q15_t249
15688,q68_t248
15688,q68_t249
15689,q15_t249
15689,q15_t250
15690,q15_t250
15690,q15_t251
15691,q15_t251
15691,q15_t252
15691,q69_t251
15691,q69_t252
15692,q15_t252
15692,q15_t253
15693,q15_t253
15693,q15_t254
15694,q15_t254
15694,q15_t255
15694,q70_t254
15694,q70_t255
15695,q15_t255
15695,q15_t256
15696,q15_t256
15696,q15_t257
15697,q15_t257
15697,q15_t258
15697,q71_t257
15697,q71_t258
15698,q15_t258
15698,q15_t259
15699,q15_t259
15699,q15_t260
15700,q15_t260
15700,q15_t261
15700,q72_t260
15700,q72_t261
15701,q15_t261
15701,q15_t262
15702,q15_t262
15702,q15_t263
15703,q15_t263
15703,q15_t264
15703,q73_t263
15703,q73_t264
15704,q15_t264
15704,q15_t265
15705,q15_t265
15705,q15_t266
15706,q15_t266
15706,q15_t267
15706,q74_t266
15706,q74_t267
15707,q15_t267
15707,q15_t268
15708,q15_t268
15708,q15_t269
15709,q15_t269
15709,q15_t270
15709,q75_t269
15709,q75_t270
15710,q15_t270
15710,q15_t271
15711,q15_t271
15711,q15_t272
15712,q15_t272
15712,q15_t273
15712,q76_t272
15712,q76_t273
15713,q15_t273
15713,q15_t274
15714,q15_t274
15714,q15_t275
15715,q15_t275
15715,q15_t276
15715,q77_t275
15715,q77_t276
15716,q15_t276
15716,q15_t277
15717,q15_t277
15717,q15_t278
15718,q15_t278
15718,q15_t279
15718,q78_t278
15718,q78_t279
15719,q15_t279
15719,q15_t280
15720,q15_t280
15720,q15_t281
15721,q15_t281
15721,q15_t282
15721,q79_t281
15721,q79_t282
15722,q15_t282
15722,q15_t283
15723,q15_t283
15723,q15_t284
15724,q15_t284
15724,q15_t285
15724,q80_t284
15724,q80_t285
15725,q15_t285
15725,q15_t286
15726,q15_t286
15726,q15_t287
15727,q15_t287
15727,q15_t288
15727,q81_t287
15727,q81_t288
15728,q15_t288
15728,q15_t289
15729,q15_t289
15729,q15_t290
15730,q15_t290
15730,q15_t291
15730,q82_t290
15730,q82_t291
15731,q15_t291
15731,q15_t292
15732,q15_t292
15732,q15_t293
15733,q15_t293
15733,q15_t294
15733,q83_t293
15733,q83_t294
15734,q15_t294
15734,q15_t295
15735,q15_t295
15735,q15_t296
15736,q15_t296
15736,q15_t297
15736,q84_t296
15736,q84_t297
15737,q15_t297
15737,q15_t298
15738,q15_t298
15738,q15_t299
15739,q15_t299
15739,q15_t300
15739,q85_t299
15739,q85_t300
15740,q15_t300
15740,q15_t301
15741,q15_t301
15741,q15_t302
15742,q15_t302
15742,q15_t303
15742,q86_t302
15742,q86_t303
15743,q15_t303
15743,q15_t304
15744,q15_t304
15744,q15_t305
15745,q15_t305
15745,q15_t306
15745,q87_t305
15745,q87_t306
15746,q15_t306
15746,q15_t307
15747,q15_t307
15747,q15_t308
15748,q15_t308
15748,q15_t309
15748,q88_t308
15748,q88_t309
15749,q15_t309
15749,q15_t310
15750,q15_t310
15750,q15_t311
15751,q15_t311
15751,q15_t312
15751,q89_t311
15751,q89_t312
15752,q15_t312
15752,q15_t313
15753,q15_t313
15753,q15_t314
15754,q15_t314
15754,q15_t315
15754,q90_t314
15754,q90_t315
15755,q15_t315
15755,q15_t316
15756,q15_t316
15756,q15_t317
15757,q15_t317
15757,q15_t318
15757,q91_t317
15757,q91_t318
15758,q15_t318
15758,q15_t319
15759,q15_t319
15759,q15_t320
15760,q15_t320
15760,q15_t321
15760,q92_t320
15760,q92_t321
15761,q15_t321
15761,q15_t322
15762,q15_t322
15762,q15_t323
15763,q15_t323
15763,q15_t324
15763,q93_t323
15763,q93_t324
15764,q15_t324
15764,q15_t325
15765,q15_t325
15765,q15_t326
15766,q15_t326
15766,q15_t327
15766,q94_t326
15766,q94_t327
15767,q15_t327
15767,q15_t328
15768,q15_t328
15768,q15_t329
15769,q15_t329
15769,q15_t330
15769,q95_t329
15769,q95_t330
15770,q15_t330
15770,q15_t331
15771,q15_t331
15771,q15_t332
15772,q15_t332
15772,q15_t333
15772,q96_t332
15772,q96_t333
15773,q15_t333
15773,q15_t334
15774,q15_t334
15774,q15_t335
15775,q15_t335
15775,q15_t336
15775,q97_t335
15775,q97_t336
15776,q15_t336
15776,q15_t337
15777,q15_t337
15777,q15_t338
15778,q15_t338
15778,q15_t339
15778,q98_t338
15778,q98_t339
15779,q15_t339
15779,q15_t340
15780,q15_t340
15780,q15_t341
15781,q15_t341
15781,q15_t342
15781,q99_t341
15781,q99_t342
15782,q15_t342
15782,q15_t343
15783,q15_t343
15783,q15_t344
15784,q15_t345
15784,q15_t346
15785,q15_t346
15785,q15_t347
15786,q15_t348
15786,q15_t349
15787,q15_t349
15787,q15_t350
15788,q15_t351
15788,q15_t352
15789,q15_t352
15789,q15_t353
15790,q15_t354
15790,q15_t355
15791,q15_t355
15791,q15_t356
15792,q15_t357
15792,q15_t358
15793,q15_t358
15793,q15_t359
15794,q15_t360
15794,q15_t361
15795,q15_t361
15795,q15_t362
15796,q15_t363
15796,q15_t364
15797,q15_t364
15797,q15_t365
15798,q15_t366
15798,q15_t367
15799,q15_t367
15799,q15_t368
15800,q15_t369
15800,q15_t370
15801,q15_t370
15801,q15_t371
15802,q15_t372
15802,q15_t373
15803,q15_t373
15803,q15_t374
15804,q15_t374
15804,q15_t375
15805,q15_t376
15805,q15_t377
15806,q15_t377
15806,q15_t378
15807,q15_t378
15807,q15_t379
15807,q1_t378
15807,q1_t379
15808,q15_t379
15808,q15_t380
15809,q15_t380
15809,q15_t381
15810,q15_t381
15810,q15_t382
15810,q2_t381
15810,q2_t382
15811,q15_t382
15811,q15_t383
15812,q15_t383
15812,q15_t384
15813,q15_t384
15813,q15_t385
15813,q3_t384
15813,q3_t385
15814,q15_t385
15814,q15_t386
15815,q15_t386
15815,q15_t387
15816,q15_t387
15816,q15_t388
15816,q4_t387
15816,q4_t388
15817,q15_t388
15817,q15_t389
15818,q15_t389
15818,q15_t390
15819,q15_t390
15819,q15_t391
15819,q5_t390
15819,q5_t391
15820,q15_t391
15820,q15_t392
15821,q15_t392
15821,q15_t393
15822,q15_t393
15822,q15_t394
15822,q6_t393
15822,q6_t394
15823,q15_t394
15823,q15_t395
15824,q15_t395
15824,q15_t396
15825,q15_t396
15825,q15_t397
15825,q7_t396
15825,q7_t397
15826,q15_t397
15826,q15_t398
15827,q15_t398
15827,q15_t399
15828,q15_t399
15828,q15_t400
15828,q8_t399
15828,q8_t400
15829,q15_t400
15829,q15_t401
15830,q15_t401
15830,q15_t402
15831,q15_t402
15831,q15_t403
15831,q9_t402
15831,q9_t403
15832,q15_t403
15832,q15_t404
15833,q15_t404
15833,q15_t405
15834,q15_t406
15834,q15_t407
15835,q15_t407
15835,q15_t408
15836,q15_t409
15836,q15_t410
15837,q15_t410
15837,q15_t411
15838,q15_t412
15838,q15_t413
15839,q15_t413
15839,q15_t414
15840,q15_t415
15840,q15_t416
15841,q15_t416
15841,q15_t417
15842,q15_t418
15842,q15_t419
15843,q15_t419
15843,q15_t423
15844,q15_t423
15844,q15_t424
15844,q16_t423
15844,q16_t424
15845,q15_t424
15845,q15_t425
15846,q15_t425
15846,q15_t426
15847,q15_t426
15847,q15_t427
15847,q17_t426
15847,q17_t427
15848,q15_t427
15848,q15_t428
15849,q15_t428
15849,q15_t429
15850,q15_t429
15850,q15_t430
15850,q18_t429
15850,q18_t430
15851,q15_t430
15851,q15_t431
15852,q15_t431
15852,q15_t432
15853,q15_t432
15853,q15_t433
15853,q19_t432
15853,q19_t433
15854,q15_t433
15854,q15_t434
15855,q15_t434
15855,q15_t435
15856,q15_t435
15856,q15_t436
15856,q20_t435
15856,q20_t436
15857,q15_t436
15857,q15_t437
15858,q15_t437
15858,q15_t438
15859,q15_t438
15859,q15_t439
15859,q21_t438
15859,q21_t439
15860,q15_t439
15860,q15_t440
15861,q15_t440
15861,q15_t441
15862,q15_t441
15862,q15_t442
15862,q22_t441
15862,q22_t442
15863,q15_t442
15863,q15_t443
15864,q15_t443
15864,q15_t444
15865,q15_t444
15865,q15_t445
15865,q23_t444
15865,q23_t445
15866,q15_t445
15866,q15_t446
15867,q15_t446
15867,q15_t447
15868,q15_t447
15868,q15_t448
15868,q24_t447
15868,q24_t448
15869,q15_t448
15869,q15_t449
15870,q15_t449
15870,q15_t450
15871,q15_t45
15871,q15_t46
15872,q15_t450
15872,q15_t451
15872,q25_t450
15872,q25_t451
15873,q15_t451
15873,q15_t452
15874,q15_t452
15874,q15_t453
15875,q15_t453
15875,q15_t454
15875,q26_t453
15875,q26_t454
15876,q15_t454
15876,q15_t455
15877,q15_t455
15877,q15_t456
15878,q15_t456
15878,q15_t457
15878,q27_t456
15878,q27_t457
15879,q15_t457
15879,q15_t458
15880,q15_t458
15880,q15_t459
15881,q15_t459
15881,q15_t460
15881,q28_t459
15881,q28_t460
15882,q15_t46
15882,q15_t47
15883,q15_t460
15883,q15_t461
15884,q15_t461
15884,q15_t462
15885,q15_t462
15885,q15_t463
15885,q29_t462
15885,q29_t463
15886,q15_t463
15886,q15_t464
15887,q15_t464
15887,q15_t465
15888,q15_t465
15888,q15_t466
15888,q30_t465
15888,q30_t466
15889,q15_t466
15889,q15_t467
15890,q15_t467
15890,q15_t468
15891,q15_t468
15891,q15_t469
15891,q31_t468
15891,q31_t469
15892,q15_t469
15892,q15_t470
15893,q15_t47
15893,q15_t48
15893,q1_t47
15893,q1_t48
15894,q15_t470
15894,q15_t471
15895,q15_t471
15895,q15_t472
15895,q32_t471
15895,q32_t472
15896,q15_t472
15896,q15_t473
15897,q15_t473
15897,q15_t474
15898,q15_t474
15898,q15_t475
15898,q33_t474
15898,q33_t475
15899,q15_t475
15899,q15_t476
15900,q15_t476
15900,q15_t477
15901,q15_t477
15901,q15_t478
15901,q34_t477
15901,q34_t478
15902,q15_t478
15902,q15_t479
15903,q15_t479
15903,q15_t480
15904,q15_t48
15904,q15_t49
15905,q15_t480
15905,q15_t481
15905,q35_t480
15905,q35_t481
15906,q15_t481
15906,q15_t482
15907,q15_t482
15907,q15_t483
15908,q15_t483
15908,q15_t484
15908,q36_t483
15908,q36_t484
15909,q15_t484
15909,q15_t485
15910,q15_t485
15910,q15_t486
15911,q15_t486
15911,q15_t487
15911,q37_t486
15911,q37_t487
15912,q15_t487
15912,q15_t488
15913,q15_t488
15913,q15_t489
15914,q15_t489
15914,q15_t490
15914,q38_t489
15914,q38_t490
15915,q15_t49
15915,q15_t50
15916,q15_t490
15916,q15_t491
15917,q15_t491
15917,q15_t492
15918,q15_t492
15918,q15_t493
15918,q39_t492
15918,q39_t493
15919,q15_t493
15919,q15_t494
15920,q15_t494
15920,q15_t495
15921,q15_t495
15921,q15_t496
15921,q40_t495
15921,q40_t496
15922,q15_t496
15922,q15_t497
15923,q15_t497
15923,q15_t498
15924,q15_t498
15924,q15_t499
15924,q41_t498
15924,q41_t499
15925,q15_t499
15925,q15_t500
15926,q15_t50
15926,q15_t51
15926,q2_t50
15926,q2_t51
15927,q15_t500
15927,q15_t501
15928,q15_t501
15928,q15_t502
15928,q42_t501
15928,q42_t502
15929,q15_t502
15929,q15_t503
15930,q15_t503
15930,q15_t504
15931,q15_t504
15931,q15_t505
15931,q43_t504
15931,q43_t505
15932,q15_t505
15932,q15_t506
15933,q15_t506
15933,q15_t507
15934,q15_t507
15934,q15_t508
15934,q44_t507
15934,q44_t508
15935,q15_t508
15935,q15_t509
15936,q15_t509
15936,q15_t510
15937,q15_t51
15937,q15_t52
15938,q15_t510
15938,q15_t511
15938,q45_t510
15938,q45_t511
15939,q15_t511
15939,q15_t512
15940,q15_t512
15940,q15_t513
15941,q15_t513
15941,q15_t514
15941,q46_t513
15941,q46_t514
15942,q15_t514
15942,q15_t515
15943,q15_t515
15943,q15_t516
15944,q15_t516
15944,q15_t517
15944,q47_t516
15944,q47_t517
15945,q15_t517
15945,q15_t518
15946,q15_t518
15946,q15_t519
15947,q15_t519
15947,q15_t520
15947,q48_t519
15947,q48_t520
15948,q15_t52
15948,q15_t53
15949,q15_t520
15949,q15_t521
15950,q15_t521
15950,q15_t522
15951,q15_t522
15951,q15_t523
15951,q49_t522
15951,q49_t523
15952,q15_t523
15952,q15_t524
15953,q15_t524
15953,q15_t525
15954,q15_t525
15954,q15_t526
15954,q50_t525
15954,q50_t526
15955,q15_t526
15955,q15_t527
15956,q15_t527
15956,q15_t528
15957,q15_t528
15957,q15_t529
15957,q51_t528
15957,q51_t529
15958,q15_t529
15958,q15_t530
15959,q15_t53
15959,q15_t54
15959,q3_t53
15959,q3_t54
15960,q15_t530
15960,q15_t531
15961,q15_t531
15961,q15_t532
15961,q52_t531
15961,q52_t532
15962,q15_t532
15962,q15_t533
15963,q15_t533
15963,q15_t534
15964,q15_t534
15964,q15_t535
15964,q53_t534
15964,q53_t535
15965,q15_t535
15965,q15_t536
15966,q15_t536
15966,q15_t537
15967,q15_t537
15967,q15_t538
15967,q54_t537
15967,q54_t538
15968,q15_t538
15968,q15_t539
15969,q15_t539
15969,q15_t540
15970,q15_t54
15970,q15_t55
15971,q15_t540
15971,q15_t541
15971,q55_t540
15971,q55_t541
15972,q15_t541
15972,q15_t542
15973,q15_t542
15973,q15_t543
15974,q15_t543
15974,q15_t544
15974,q56_t543
15974,q56_t544
15975,q15_t544
15975,q15_t545
15976,q15_t545
15976,q15_t546
15977,q15_t546
15977,q15_t547
15977,q57_t546
15977,q57_t547
15978,q15_t547
15978,q15_t548
15979,q15_t548
15979,q15_t549
15980,q15_t549
15980,q15_t550
15980,q58_t549
15980,q58_t550
15981,q15_t55
15981,q15_t56
15982,q15_t550
15982,q15_t551
15983,q15_t551
15983,q15_t552
15984,q15_t552
15984,q15_t553
15984,q59_t552
15984,q59_t553
15985,q15_t553
15985,q15_t554
15986,q15_t554
15986,q15_t555
15987,q15_t555
15987,q15_t556
15987,q60_t555
15987,q60_t556
15988,q15_t556
15988,q15_t557
15989,q15_t557
15989,q15_t558
15990,q15_t558
15990,q15_t559
15990,q61_t558
15990,q61_t559
15991,q15_t559
15991,q15_t560
15992,q15_t56
15992,q15_t57
15992,q4_t56
15992,q4_t57
15993,q15_t560
15993,q15_t561
15994,q15_t561
15994,q15_t562
15994,q62_t561
15994,q62_t562
15995,q15_t562
15995,q15_t563
15996,q15_t563
15996,q15_t564
15997,q15_t564
15997,q15_t565
15997,q63_t564
15997,q63_t565
15998,q15_t565
15998,q15_t566
15999,q15_t566
15999,q15_t567
16000,q15_t567
16000,q15_t568
16000,q64_t567
16000,q64_t568
16001,q15_t568
16001,q15_t569
16002,q15_t569
16002,q15_t570
16003,q15_t57
16003,q15_t58
16004,q15_t570
16004,q15_t571
16004,q65_t570
16004,q65_t571
16005,q15_t571
16005,q15_t572
16006,q15_t572
16006,q15_t573
16007,q15_t573
16007,q15_t574
16007,q66_t573
16007,q66_t574
16008,q15_t574
16008,q15_t575
16009,q15_t575
16009,q15_t576
16010,q15_t576
16010,q15_t577
16010,q67_t576
16010,q67_t577
16011,q15_t577
16011,q15_t578
16012,q15_t578
16012,q15_t579
16013,q15_t579
16013,q15_t580
16013,q68_t579
16013,q68_t580
16014,q15_t58
16014,q15_t59
16015,q15_t580
16015,q15_t581
16016,q15_t581
16016,q15_t582
16017,q15_t582
16017,q15_t583
16017,q69_t582
16017,q69_t583
16018,q15_t583
16018,q15_t584
16019,q15_t584
16019,q15_t585
16020,q15_t585
16020,q15_t586
16020,q70_t585
16020,q70_t586
16021,q15_t586
16021,q15_t587
16022,q15_t587
16022,q15_t588
16023,q15_t588
16023,q15_t589
16023,q71_t588
16023,q71_t589
16024,q15_t589
16024,q15_t590
16025,q15_t59
16025,q15_t60
16025,q5_t59
16025,q5_t60
16026,q15_t590
16026,q15_t591
16027,q15_t591
16027,q15_t592
16027,q72_t591
16027,q72_t592
16028,q15_t592
16028,q15_t593
16029,q15_t593
16029,q15_t594
16030,q15_t594
16030,q15_t595
16030,q73_t594
16030,q73_t595
16031,q15_t595
16031,q15_t596
16032,q15_t596
16032,q15_t597
16033,q15_t597
16033,q15_t598
16033,q74_t597
16033,q74_t598
16034,q15_t598
16034,q15_t599
16035,q15_t599
16035,q15_t600
16036,q15_t60
16036,q15_t61
16037,q15_t600
16037,q15_t601
16037,q75_t600
16037,q75_t601
16038,q15_t601
16038,q15_t602
16039,q15_t602
16039,q15_t603
16040,q15_t603
16040,q15_t604
16040,q76_t603
16040,q76_t604
16041,q15_t604
16041,q15_t605
16042,q15_t605
16042,q15_t606
16043,q15_t606
16043,q15_t607
16043,q77_t606
16043,q77_t607
16044,q15_t607
16044,q15_t608
16045,q15_t608
16045,q15_t609
16046,q15_t609
16046,q15_t610
16046,q78_t609
16046,q78_t610
16047,q15_t61
16047,q15_t62
16048,q15_t610
16048,q15_t611
16049,q15_t611
16049,q15_t612
16050,q15_t612
16050,q15_t613
16050,q79_t612
16050,q79_t613
16051,q15_t613
16051,q15_t614
16052,q15_t614
16052,q15_t615
16053,q15_t615
16053,q15_t616
16053,q80_t615
16053,q80_t616
16054,q15_t616
16054,q15_t617
16055,q15_t617
16055,q15_t618
16056,q15_t618
16056,q15_t619
16056,q81_t618
16056,q81_t619
16057,q15_t619
16057,q15_t620
16058,q15_t62
16058,q15_t63
16058,q6_t62
16058,q6_t63
16059,q15_t620
16059,q15_t621
16060,q15_t621
16060,q15_t622
16060,q82_t621
16060,q82_t622
16061,q15_t622
16061,q15_t623
16062,q15_t623
16062,q15_t624
16063,q15_t624
16063,q15_t625
16063,q83_t624
16063,q83_t625
16064,q15_t625
16064,q15_t626
16065,q15_t626
16065,q15_t627
16066,q15_t627
16066,q15_t628
16066,q84_t627
16066,q84_t628
16067,q15_t628
16067,q15_t629
16068,q15_t629
16068,q15_t630
16069,q15_t63
16069,q15_t64
16070,q15_t630
16070,q15_t631
16070,q85_t630
16070,q85_t631
16071,q15_t631
16071,q15_t632
16072,q15_t632
16072,q15_t633
16073,q15_t633
16073,q15_t634
16073,q86_t633
16073,q86_t634
16074,q15_t634
16074,q15_t635
16075,q15_t635
16075,q15_t636
16076,q15_t636
16076,q15_t637
16076,q87_t636
16076,q87_t637
16077,q15_t637
16077,q15_t638
16078,q15_t638
16078,q15_t639
16079,q15_t639
16079,q15_t640
16079,q88_t639
16079,q88_t640
16080,q15_t64
16080,q15_t65
16081,q15_t640
16081,q15_t641
16082,q15_t641
16082,q15_t642
16083,q15_t642
16083,q15_t643
16083,q89_t642
16083,q89_t643
16084,q15_t643
16084,q15_t644
16085,q15_t644
16085,q15_t645
16086,q15_t645
16086,q15_t646
16086,q90_t645
16086,q90_t646
16087,q15_t646
16087,q15_t647
16088,q15_t647
16088,q15_t648
16089,q15_t648
16089,q15_t649
16089,q91_t648
16089,q91_t649
16090,q15_t649
16090,q15_t650
16091,q15_t65
16091,q15_t66
16091,q7_t65
16091,q7_t66
16092,q15_t650
16092,q15_t651
16093,q15_t651
16093,q15_t652
16093,q92_t651
16093,q92_t652
16094,q15_t652
16094,q15_t653
16095,q15_t653
16095,q15_t654
16096,q15_t654
16096,q15_t655
16096,q93_t654
16096,q93_t655
16097,q15_t655
16097,q15_t656
16098,q15_t656
16098,q15_t657
16099,q15_t657
16099,q15_t658
16099,q94_t657
16099,q94_t658
16100,q15_t658
16100,q15_t659
16101,q15_t659
16101,q15_t660
16102,q15_t66
16102,q15_t67
16103,q15_t660
16103,q15_t661
16103,q95_t660
16103,q95_t661
16104,q15_t661
16104,q15_t662
16105,q15_t662
16105,q15_t663
16106,q15_t663
16106,q15_t664
16106,q96_t663
16106,q96_t664
16107,q15_t664
16107,q15_t665
16108,q15_t665
16108,q15_t666
16109,q15_t666
16109,q15_t667
16109,q97_t666
16109,q97_t667
16110,q15_t667
16110,q15_t668
16111,q15_t668
16111,q15_t669
16112,q15_t669
16112,q15_t670
16112,q98_t669
16112,q98_t670
16113,q15_t67
16113,q15_t68
16114,q15_t670
16114,q15_t671
16115,q15_t671
16115,q15_t672
16116,q15_t672
16116,q15_t673
16116,q99_t672
16116,q99_t673
16117,q15_t673
16117,q15_t674
16118,q15_t674
16118,q15_t675
16119,q15_t676
16119,q15_t677
16120,q15_t677
16120,q15_t678
16121,q15_t679
16121,q15_t680
16122,q15_t68
16122,q15_t69
16122,q8_t68
16122,q8_t69
16123,q15_t680
16123,q15_t681
16124,q15_t682
16124,q15_t683
16125,q15_t683
16125,q15_t684
16126,q15_t685
16126,q15_t686
16127,q15_t686
16127,q15_t687
16128,q15_t688
16128,q15_t689
16129,q15_t689
16129,q15_t690
16130,q15_t69
16130,q15_t70
16131,q15_t691
16131,q15_t692
16132,q15_t692
16132,q15_t693
16133,q15_t694
16133,q15_t695
16134,q15_t695
16134,q15_t696
16135,q15_t697
16135,q15_t698
16136,q15_t698
16136,q15_t699
16137,q15_t70
16137,q15_t71
16138,q15_t700
16138,q15_t701
16139,q15_t701
16139,q15_t702
16140,q15_t703
16140,q15_t704
16141,q15_t704
16141,q15_t705
16142,q15_t705
16142,q15_t706
16143,q15_t707
16143,q15_t708
16144,q15_t708
16144,q15_t709
16145,q15_t709
16145,q15_t710
16145,q1_t709
16145,q1_t710
16146,q15_t71
16146,q15_t72
16146,q9_t71
16146,q9_t72
16147,q15_t710
16147,q15_t711
16148,q15_t711
16148,q15_t712
16149,q15_t712
16149,q15_t713
16149,q2_t712
16149,q2_t713
16150,q15_t713
16150,q15_t714
16151,q15_t714
16151,q15_t715
16152,q15_t715
16152,q15_t716
16152,q3_t715
16152,q3_t716
16153,q15_t716
16153,q15_t717
16154,q15_t717
16154,q15_t718
16155,q15_t718
16155,q15_t719
16155,q4_t718
16155,q4_t719
16156,q15_t719
16156,q15_t720
16157,q15_t72
16157,q15_t73
16158,q15_t720
16158,q15_t721
16159,q15_t721
16159,q15_t722
16159,q5_t721
16159,q5_t722
16160,q15_t722
16160,q15_t723
16161,q15_t723
16161,q15_t724
16162,q15_t724
16162,q15_t725
16162,q6_t724
16162,q6_t725
16163,q15_t725
16163,q15_t726
16164,q15_t726
16164,q15_t727
16165,q15_t727
16165,q15_t728
16165,q7_t727
16165,q7_t728
16166,q15_t728
16166,q15_t729
16167,q15_t729
16167,q15_t730
16168,q15_t73
16168,q15_t74
16169,q15_t730
16169,q15_t731
16169,q8_t730
16169,q8_t731
16170,q15_t731
16170,q15_t732
16171,q15_t732
16171,q15_t733
16172,q15_t733
16172,q15_t734
16172,q9_t733
16172,q9_t734
16173,q15_t734
16173,q15_t735
16174,q15_t735
16174,q15_t736
16175,q15_t737
16175,q15_t738
16176,q15_t738
16176,q15_t739
16177,q15_t740
16177,q15_t741
16178,q15_t741
16178,q15_t742
16179,q15_t743
16179,q15_t744
16180,q15_t744
16180,q15_t745
16181,q15_t746
16181,q15_t747
16182,q15_t747
16182,q15_t748
16183,q15_t749
16183,q15_t750
16184,q15_t75
16184,q15_t76
16185,q15_t750
16185,q15_t754
16186,q15_t754
16186,q15_t755
16186,q16_t754
16186,q16_t755
16187,q15_t755
16187,q15_t756
16188,q15_t756
16188,q15_t757
16189,q15_t757
16189,q15_t758
16189,q17_t757
16189,q17_t758
16190,q15_t758
16190,q15_t759
16191,q15_t759
16191,q15_t760
16192,q15_t76
16192,q15_t77
16193,q15_t760
16193,q15_t761
16193,q18_t760
16193,q18_t761
16194,q15_t761
16194,q15_t762
16195,q15_t762
16195,q15_t763
16196,q15_t763
16196,q15_t764
16196,q19_t763
16196,q19_t764
16197,q15_t764
16197,q15_t765
16198,q15_t765
16198,q15_t766
16199,q15_t766
16199,q15_t767
16199,q20_t766
16199,q20_t767
16200,q15_t767
16200,q15_t768
16201,q15_t768
16201,q15_t769
16202,q15_t769
16202,q15_t770
16202,q21_t769
16202,q21_t770
16203,q15_t770
16203,q15_t771
16204,q15_t771
16204,q15_t772
16205,q15_t772
16205,q15_t773
16205,q22_t772
16205,q22_t773
16206,q15_t773
16206,q15_t774
16207,q15_t774
16207,q15_t775
16208,q15_t775
16208,q15_t776
16208,q23_t775
16208,q23_t776
16209,q15_t776
16209,q15_t777
16210,q15_t777
16210,q15_t778
16211,q15_t778
16211,q15_t779
16211,q24_t778
16211,q24_t779
16212,q15_t779
16212,q15_t780
16213,q15_t78
16213,q15_t79
16214,q15_t780
16214,q15_t781
16215,q15_t781
16215,q15_t782
16215,q25_t781
16215,q25_t782
16216,q15_t782
16216,q15_t783
16217,q15_t783
16217,q15_t784
16218,q15_t784
16218,q15_t785
16218,q26_t784
16218,q26_t785
16219,q15_t785
16219,q15_t786
16220,q15_t786
16220,q15_t787
16221,q15_t787
16221,q15_t788
16221,q27_t787
16221,q27_t788
16222,q15_t788
16222,q15_t789
16223,q15_t789
16223,q15_t790
16224,q15_t79
16224,q15_t80
16225,q15_t790
16225,q15_t791
16225,q28_t790
16225,q28_t791
16226,q15_t791
16226,q15_t792
16227,q15_t792
16227,q15_t793
16228,q15_t793
16228,q15_t794
16228,q29_t793
16228,q29_t794
16229,q15_t794
16229,q15_t795
16230,q15_t795
16230,q15_t796
16231,q15_t796
16231,q15_t797
16231,q30_t796
16231,q30_t797
16232,q15_t797
16232,q15_t798
16233,q15_t798
16233,q15_t799
16234,q15_t799
16234,q15_t800
16234,q31_t799
16234,q31_t800
16235,q15_t800
16235,q15_t801
16236,q15_t801
16236,q15_t802
16237,q15_t802
16237,q15_t803
16237,q32_t802
16237,q32_t803
16238,q15_t803
16238,q15_t804
16239,q15_t804
16239,q15_t805
16240,q15_t805
16240,q15_t806
16240,q33_t805
16240,q33_t806
16241,q15_t806
16241,q15_t807
16242,q15_t807
16242,q15_t808
16243,q15_t808
16243,q15_t809
16243,q34_t808
16243,q34_t809
16244,q15_t809
16244,q15_t810
16245,q15_t81
16245,q15_t82
16246,q15_t810
16246,q15_t811
16247,q15_t811
16247,q15_t812
16247,q35_t811
16247,q35_t812
16248,q15_t812
16248,q15_t813
16249,q15_t813
16249,q15_t814
16250,q15_t814
16250,q15_t815
16250,q36_t814
16250,q36_t815
16251,q15_t815
16251,q15_t816
16252,q15_t816
16252,q15_t817
16253,q15_t817
16253,q15_t818
16253,q37_t817
16253,q37_t818
16254,q15_t818
16254,q15_t819
16255,q15_t819
16255,q15_t820
16256,q15_t82
16256,q15_t83
16257,q15_t820
16257,q15_t821
16257,q38_t820
16257,q38_t821
16258,q15_t821
16258,q15_t822
16259,q15_t822
16259,q15_t823
16260,q15_t823
16260,q15_t824
16260,q39_t823
16260,q39_t824
16261,q15_t824
16261,q15_t825
16262,q15_t825
16262,q15_t826
16263,q15_t826
16263,q15_t827
16263,q40_t826
16263,q40_t827
16264,q15_t827
16264,q15_t828
16265,q15_t828
16265,q15_t829
16266,q15_t829
16266,q15_t830
16266,q41_t829
16266,q41_t830
16267,q15_t830
16267,q15_t831
16268,q15_t831
16268,q15_t832
16269,q15_t832
16269,q15_t833
16269,q42_t832
16269,q42_t833
16270,q15_t833
16270,q15_t834
16271,q15_t834
16271,q15_t835
16272,q15_t835
16272,q15_t836
16272,q43_t835
16272,q43_t836
16273,q15_t836
16273,q15_t837
16274,q15_t837
16274,q15_t838
16275,q15_t838
16275,q15_t839
16275,q44_t838
16275,q44_t839
16276,q15_t839
16276,q15_t840
16277,q15_t84
16277,q15_t85
16278,q15_t840
16278,q15_t841
16279,q15_t841
16279,q15_t842
16279,q45_t841
16279,q45_t842
16280,q15_t842
16280,q15_t843
16281,q15_t843
16281,q15_t844
16282,q15_t844
16282,q15_t845
16282,q46_t844
16282,q46_t845
16283,q15_t845
16283,q15_t846
16284,q15_t846
16284,q15_t847
16285,q15_t847
16285,q15_t848
16285,q47_t847
16285,q47_t848
16286,q15_t848
16286,q15_t849
16287,q15_t849
16287,q15_t850
16288,q15_t85
16288,q15_t86
16289,q15_t850
16289,q15_t851
16289,q48_t850
16289,q48_t851
16290,q15_t851
16290,q15_t852
16291,q15_t852
16291,q15_t853
16292,q15_t853
16292,q15_t854
16292,q49_t853
16292,q49_t854
16293,q15_t854
16293,q15_t855
16294,q15_t855
16294,q15_t856
16295,q15_t856
16295,q15_t857
16295,q50_t856
16295,q50_t857
16296,q15_t857
16296,q15_t858
16297,q15_t858
16297,q15_t859
16298,q15_t859
16298,q15_t860
16298,q51_t859
16298,q51_t860
16299,q15_t860
16299,q15_t861
16300,q15_t861
16300,q15_t862
16301,q15_t862
16301,q15_t863
16301,q52_t862
16301,q52_t863
16302,q15_t863
16302,q15_t864
16303,q15_t864
16303,q15_t865
16304,q15_t865
16304,q15_t866
16304,q53_t865
16304,q53_t866
16305,q15_t866
16305,q15_t867
16306,q15_t867
16306,q15_t868
16307,q15_t868
16307,q15_t869
16307,q54_t868
16307,q54_t869
16308,q15_t869
16308,q15_t870
16309,q15_t87
16309,q15_t88
16310,q15_t870
16310,q15_t871
16311,q15_t871
16311,q15_t872
16311,q55_t871
16311,q55_t872
16312,q15_t872
16312,q15_t873
16313,q15_t873
16313,q15_t874
16314,q15_t874
16314,q15_t875
16314,q56_t874
16314,q56_t875
16315,q15_t875
16315,q15_t876
16316,q15_t876
16316,q15_t877
16317,q15_t877
16317,q15_t878
16317,q57_t877
16317,q57_t878
16318,q15_t878
16318,q15_t879
16319,q15_t879
16319,q15_t880
16320,q15_t88
16320,q15_t92
16321,q15_t880
16321,q15_t881
16321,q58_t880
16321,q58_t881
16322,q15_t881
16322,q15_t882
16323,q15_t882
16323,q15_t883
16324,q15_t883
16324,q15_t884
16324,q59_t883
16324,q59_t884
16325,q15_t884
16325,q15_t885
16326,q15_t885
16326,q15_t886
16327,q15_t886
16327,q15_t887
16327,q60_t886
16327,q60_t887
16328,q15_t887
16328,q15_t888
16329,q15_t888
16329,q15_t889
16330,q15_t889
16330,q15_t890
16330,q61_t889
16330,q61_t890
16331,q15_t890
16331,q15_t891
16332,q15_t891
16332,q15_t892
16333,q15_t892
16333,q15_t893
16333,q62_t892
16333,q62_t893
16334,q15_t893
16334,q15_t894
16335,q15_t894
16335,q15_t895
16336,q15_t895
16336,q15_t896
16336,q63_t895
16336,q63_t896
16337,q15_t896
16337,q15_t897
16338,q15_t897
16338,q15_t898
16339,q15_t898
16339,q15_t899
16339,q64_t898
16339,q64_t899
16340,q15_t899
16340,q15_t900
16341,q15_t900
16341,q15_t901
16342,q15_t901
16342,q15_t902
16342,q65_t901
16342,q65_t902
16343,q15_t902
16343,q15_t903
16344,q15_t903
16344,q15_t904
16345,q15_t904
16345,q15_t905
16345,q66_t904
16345,q66_t905
16346,q15_t905
16346,q15_t906
16347,q15_t906
16347,q15_t907
16348,q15_t907
16348,q15_t908
16348,q67_t907
16348,q67_t908
16349,q15_t908
16349,q15_t909
16350,q15_t909
16350,q15_t910
16351,q15_t910
16351,q15_t911
16351,q68_t910
16351,q68_t911
16352,q15_t911
16352,q15_t912
16353,q15_t912
16353,q15_t913
16354,q15_t913
16354,q15_t914
16354,q69_t913
16354,q69_t914
16355,q15_t914
16355,q15_t915
16356,q15_t915
16356,q15_t916
16357,q15_t916
16357,q15_t917
16357,q70_t916
16357,q70_t917
16358,q15_t917
16358,q15_t918
16359,q15_t918
16359,q15_t919
16360,q15_t919
16360,q15_t920
16360,q71_t919
16360,q71_t920
16361,q15_t92
16361,q15_t93
16361,q16_t92
16361,q16_t93
16362,q15_t920
16362,q15_t921
16363,q15_t921
16363,q15_t922
16364,q15_t922
16364,q15_t923
16364,q72_t922
16364,q72_t923
16365,q15_t923
16365,q15_t924
16366,q15_t924
16366,q15_t925
16367,q15_t925
16367,q15_t926
16367,q73_t925
16367,q73_t926
16368,q15_t926
16368,q15_t927
16369,q15_t927
16369,q15_t928
16370,q15_t928
16370,q15_t929
16370,q74_t928
16370,q74_t929
16371,q15_t929
16371,q15_t930
16372,q15_t93
16372,q15_t94
16373,q15_t930
16373,q15_t931
16374,q15_t931
16374,q15_t932
16374,q75_t931
16374,q75_t932
16375,q15_t932
16375,q15_t933
16376,q15_t933
16376,q15_t934
16377,q15_t934
16377,q15_t935
16377,q76_t934
16377,q76_t935
16378,q15_t935
16378,q15_t936
16379,q15_t936
16379,q15_t937
16380,q15_t937
16380,q15_t938
16380,q77_t937
16380,q77_t938
16381,q15_t938
16381,q15_t939
16382,q15_t939
16382,q15_t940
16383,q15_t94
16383,q15_t95
16384,q15_t940
16384,q15_t941
16384,q78_t940
16384,q78_t941
16385,q15_t941
16385,q15_t942
16386,q15_t942
16386,q15_t943
16387,q15_t943
16387,q15_t944
16387,q79_t943
16387,q79_t944
16388,q15_t944
16388,q15_t945
16389,q15_t945
16389,q15_t946
16390,q15_t946
16390,q15_t947
16390,q80_t946
16390,q80_t947
16391,q15_t947
16391,q15_t948
16392,q15_t948
16392,q15_t949
16393,q15_t949
16393,q15_t950
16393,q81_t949
16393,q81_t950
16394,q15_t95
16394,q15_t96
16394,q17_t95
16394,q17_t96
16395,q15_t950
16395,q15_t951
16396,q15_t951
16396,q15_t952
16397,q15_t952
16397,q15_t953
16397,q82_t952
16397,q82_t953
16398,q15_t953
16398,q15_t954
16399,q15_t954
16399,q15_t955
16400,q15_t955
16400,q15_t956
16400,q83_t955
16400,q83_t956
16401,q15_t956
16401,q15_t957
16402,q15_t957
16402,q15_t958
16403,q15_t958
16403,q15_t959
16403,q84_t958
16403,q84_t959
16404,q15_t959
16404,q15_t960
16405,q15_t96
16405,q15_t97
16406,q15_t960
16406,q15_t961
16407,q15_t961
16407,q15_t962
16407,q85_t961
16407,q85_t962
16408,q15_t962
16408,q15_t963
16409,q15_t963
16409,q15_t964
16410,q15_t964
16410,q15_t965
16410,q86_t964
16410,q86_t965
16411,q15_t965
16411,q15_t966
16412,q15_t966
16412,q15_t967
16413,q15_t967
16413,q15_t968
16413,q87_t967
16413,q87_t968
16414,q15_t968
16414,q15_t969
16415,q15_t969
16415,q15_t970
16416,q15_t97
16416,q15_t98
16417,q15_t970
16417,q15_t971
16417,q88_t970
16417,q88_t971
16418,q15_t971
16418,q15_t972
16419,q15_t972
16419,q15_t973
16420,q15_t973
16420,q15_t974
16420,q89_t973
16420,q89_t974
16421,q15_t974
16421,q15_t975
16422,q15_t975
16422,q15_t976
16423,q15_t976
16423,q15_t977
16423,q90_t976
16423,q90_t977
16424,q15_t977
16424,q15_t978
16425,q15_t978
16425,q15_t979
16426,q15_t979
16426,q15_t980
16426,q91_t979
16426,q91_t980
16427,q15_t98
16427,q15_t99
16427,q18_t98
16427,q18_t99
16428,q15_t980
16428,q15_t981
16429,q15_t981
16429,q15_t982
16430,q15_t982
16430,q15_t983
16430,q92_t982
16430,q92_t983
16431,q15_t983
16431,q15_t984
16432,q15_t984
16432,q15_t985
16433,q15_t985
16433,q15_t986
16433,q93_t985
16433,q93_t986
16434,q15_t986
16434,q15_t987
16435,q15_t987
16435,q15_t988
16436,q15_t988
16436,q15_t989
16436,q94_t988
16436,q94_t989
16437,q15_t989
16437,q15_t990
16438,q15_t990
16438,q15_t991
16439,q15_t991
16439,q15_t992
16439,q95_t991
16439,q95_t992
16440,q15_t992
16440,q15_t993
16441,q15_t993
16441,q15_t994
16442,q15_t994
16442,q15_t995
16442,q96_t994
16442,q96_t995
16443,q15_t995
16443,q15_t996
16444,q15_t996
16444,q15_t997
16445,q15_t997
16445,q15_t998
16445,q97_t997
16445,q97_t998
16446,q15_t998
16446,q15_t999
16447,q16_t0
16447,q16_t1
16448,q16_t1
16448,q16_t47
16449,q16_t100
16449,q16_t101
16450,q16_t100
16450,q16_t99
16451,q16_t1000
16451,q16_t1001
16451,q97_t1000
16451,q97_t1001
16452,q16_t1000
16452,q16_t999
16453,q16_t1001
16453,q16_t1002
16454,q16_t1002
16454,q16_t1003
16455,q16_t1003
16455,q16_t1004
16455,q98_t1003
16455,q98_t1004
16456,q16_t1004
16456,q16_t1005
16457,q16_t1005
16457,q16_t1006
16458,q16_t1006
16458,q16_t1007
16458,q99_t1006
16458,q99_t1007
16459,q16_t1007
16459,q16_t1008
16460,q16_t1008
16460,q16_t1009
16461,q16_t101
16461,q16_t102
16461,q18_t101
16461,q18_t102
16462,q16_t1010
16462,q16_t1011
16463,q16_t1011
16463,q16_t1012
16464,q16_t1013
16464,q16_t1014
16465,q16_t1014
16465,q16_t1015
16466,q16_t1016
16466,q16_t1017
16467,q16_t1017
16467,q16_t1018
16468,q16_t1019
16468,q16_t1020
16469,q16_t102
16469,q16_t103
16470,q16_t1020
16470,q16_t1021
16471,q16_t1022
16471,q16_t1023
16472,q16_t1023
16472,q16_t1024
16473,q16_t1025
16473,q16_t1026
16474,q16_t1026
16474,q16_t1027
16475,q16_t1028
16475,q16_t1029
16476,q16_t1029
16476,q16_t1030
16477,q16_t103
16477,q16_t104
16478,q16_t1031
16478,q16_t1032
16479,q16_t1032
16479,q16_t1033
16480,q16_t1034
16480,q16_t1035
16481,q16_t1035
16481,q16_t1036
16482,q16_t1037
16482,q16_t1038
16483,q16_t1038
16483,q16_t1039
16484,q16_t104
16484,q16_t105
16484,q19_t104
16484,q19_t105
16485,q16_t105
16485,q16_t106
16486,q16_t106
16486,q16_t107
16487,q16_t107
16487,q16_t108
16487,q20_t107
16487,q20_t108
16488,q16_t108
16488,q16_t109
16489,q16_t109
16489,q16_t110
16490,q16_t110
16490,q16_t111
16490,q21_t110
16490,q21_t111
16491,q16_t111
16491,q16_t112
16492,q16_t112
16492,q16_t113
16493,q16_t113
16493,q16_t114
16493,q22_t113
16493,q22_t114
16494,q16_t114
16494,q16_t115
16495,q16_t115
16495,q16_t116
16496,q16_t116
16496,q16_t117
16496,q23_t116
16496,q23_t117
16497,q16_t117
16497,q16_t118
16498,q16_t118
16498,q16_t119
16499,q16_t119
16499,q16_t120
16499,q24_t119
16499,q24_t120
16500,q16_t120
16500,q16_t121
16501,q16_t121
16501,q16_t122
16502,q16_t122
16502,q16_t123
16502,q25_t122
16502,q25_t123
16503,q16_t123
16503,q16_t124
16504,q16_t124
16504,q16_t125
16505,q16_t125
16505,q16_t126
16505,q26_t125
16505,q26_t126
16506,q16_t126
16506,q16_t127
16507,q16_t127
16507,q16_t128
16508,q16_t128
16508,q16_t129
16508,q27_t128
16508,q27_t129
16509,q16_t129
16509,q16_t130
16510,q16_t130
16510,q16_t131
16511,q16_t131
16511,q16_t132
16511,q28_t131
16511,q28_t132
16512,q16_t132
16512,q16_t133
16513,q16_t133
16513,q16_t134
16514,q16_t134
16514,q16_t135
16514,q29_t134
16514,q29_t135
16515,q16_t135
16515,q16_t136
16516,q16_t136
16516,q16_t137
16517,q16_t137
16517,q16_t138
16517,q30_t137
16517,q30_t138
16518,q16_t138
16518,q16_t139
16519,q16_t139
16519,q16_t140
16520,q16_t140
16520,q16_t141
16520,q31_t140
16520,q31_t141
16521,q16_t141
16521,q16_t142
16522,q16_t142
16522,q16_t143
16523,q16_t143
16523,q16_t144
16523,q32_t143
16523,q32_t144
16524,q16_t144
16524,q16_t145
16525,q16_t145
16525,q16_t146
16526,q16_t146
16526,q16_t147
16526,q33_t146
16526,q33_t147
16527,q16_t147
16527,q16_t148
16528,q16_t148
16528,q16_t149
16529,q16_t149
16529,q16_t150
16529,q34_t149
16529,q34_t150
16530,q16_t150
16530,q16_t151
16531,q16_t151
16531,q16_t152
16532,q16_t152
16532,q16_t153
16532,q35_t152
16532,q35_t153
16533,q16_t153
16533,q16_t154
16534,q16_t154
16534,q16_t155
16535,q16_t155
16535,q16_t156
16535,q36_t155
16535,q36_t156
16536,q16_t156
16536,q16_t157
16537,q16_t157
16537,q16_t158
16538,q16_t158
16538,q16_t159
16538,q37_t158
16538,q37_t159
16539,q16_t159
16539,q16_t160
16540,q16_t160
16540,q16_t161
16541,q16_t161
16541,q16_t162
16541,q38_t161
16541,q38_t162
16542,q16_t162
16542,q16_t163
16543,q16_t163
16543,q16_t164
16544,q16_t164
16544,q16_t165
16544,q39_t164
16544,q39_t165
16545,q16_t165
16545,q16_t166
16546,q16_t166
16546,q16_t167
16547,q16_t167
16547,q16_t168
16547,q40_t167
16547,q40_t168
16548,q16_t168
16548,q16_t169
16549,q16_t169
16549,q16_t170
16550,q16_t170
16550,q16_t171
16550,q41_t170
16550,q41_t171
16551,q16_t171
16551,q16_t172
16552,q16_t172
16552,q16_t173
16553,q16_t173
16553,q16_t174
16553,q42_t173
16553,q42_t174
16554,q16_t174
16554,q16_t175
16555,q16_t175
16555,q16_t176
16556,q16_t176
16556,q16_t177
16556,q43_t176
16556,q43_t177
16557,q16_t177
16557,q16_t178
16558,q16_t178
16558,q16_t179
16559,q16_t179
16559,q16_t180
16559,q44_t179
16559,q44_t180
16560,q16_t180
16560,q16_t181
16561,q16_t181
16561,q16_t182
16562,q16_t182
16562,q16_t183
16562,q45_t182
16562,q45_t183
16563,q16_t183
16563,q16_t184
16564,q16_t184
16564,q16_t185
16565,q16_t185
16565,q16_t186
16565,q46_t185
16565,q46_t186
16566,q16_t186
16566,q16_t187
16567,q16_t187
16567,q16_t188
16568,q16_t188
16568,q16_t189
16568,q47_t188
16568,q47_t189
16569,q16_t189
16569,q16_t190
16570,q16_t190
16570,q16_t191
16571,q16_t191
16571,q16_t192
16571,q48_t191
16571,q48_t192
16572,q16_t192
16572,q16_t193
16573,q16_t193
16573,q16_t194
16574,q16_t194
16574,q16_t195
16574,q49_t194
16574,q49_t195
16575,q16_t195
16575,q16_t196
16576,q16_t196
16576,q16_t197
16577,q16_t197
16577,q16_t198
16577,q50_t197
16577,q50_t198
16578,q16_t198
16578,q16_t199
16579,q16_t199
16579,q16_t200
16580,q16_t200
16580,q16_t201
16580,q51_t200
16580,q51_t201
16581,q16_t201
16581,q16_t202
16582,q16_t202
16582,q16_t203
16583,q16_t203
16583,q16_t204
16583,q52_t203
16583,q52_t204
16584,q16_t204
16584,q16_t205
16585,q16_t205
16585,q16_t206
16586,q16_t206
16586,q16_t207
16586,q53_t206
16586,q53_t207
16587,q16_t207
16587,q16_t208
16588,q16_t208
16588,q16_t209
16589,q16_t209
16589,q16_t210
16589,q54_t209
16589,q54_t210
16590,q16_t210
16590,q16_t211
16591,q16_t211
16591,q16_t212
16592,q16_t212
16592,q16_t213
16592,q55_t212
16592,q55_t213
16593,q16_t213
16593,q16_t214
16594,q16_t214
16594,q16_t215
16595,q16_t215
16595,q16_t216
16595,q56_t215
16595,q56_t216
16596,q16_t216
16596,q16_t217
16597,q16_t217
16597,q16_t218
16598,q16_t218
16598,q16_t219
16598,q57_t218
16598,q57_t219
16599,q16_t219
16599,q16_t220
16600,q16_t220
16600,q16_t221
16601,q16_t221
16601,q16_t222
16601,q58_t221
16601,q58_t222
16602,q16_t222
16602,q16_t223
16603,q16_t223
16603,q16_t224
16604,q16_t224
16604,q16_t225
16604,q59_t224
16604,q59_t225
16605,q16_t225
16605,q16_t226
16606,q16_t226
16606,q16_t227
16607,q16_t227
16607,q16_t228
16607,q60_t227
16607,q60_t228
16608,q16_t228
16608,q16_t229
16609,q16_t229
16609,q16_t230
16610,q16_t230
16610,q16_t231
16610,q61_t230
16610,q61_t231
16611,q16_t231
16611,q16_t232
16612,q16_t232
16612,q16_t233
16613,q16_t233
16613,q16_t234
16613,q62_t233
16613,q62_t234
16614,q16_t234
16614,q16_t235
16615,q16_t235
16615,q16_t236
16616,q16_t236
16616,q16_t237
16616,q63_t236
16616,q63_t237
16617,q16_t237
16617,q16_t238
16618,q16_t238
16618,q16_t239
16619,q16_t239
16619,q16_t240
16619,q64_t239
16619,q64_t240
16620,q16_t240
16620,q16_t241
16621,q16_t241
16621,q16_t242
16622,q16_t242
16622,q16_t243
16622,q65_t242
16622,q65_t243
16623,q16_t243
16623,q16_t244
16624,q16_t244
16624,q16_t245
16625,q16_t245
16625,q16_t246
16625,q66_t245
16625,q66_t246
16626,q16_t246
16626,q16_t247
16627,q16_t247
16627,q16_t248
16628,q16_t248
16628,q16_t249
16628,q67_t248
16628,q67_t249
16629,q16_t249
16629,q16_t250
16630,q16_t250
16630,q16_t251
16631,q16_t251
16631,q16_t252
16631,q68_t251
16631,q68_t252
16632,q16_t252
16632,q16_t253
16633,q16_t253
16633,q16_t254
16634,q16_t254
16634,q16_t255
16634,q69_t254
16634,q69_t255
16635,q16_t255
16635,q16_t256
16636,q16_t256
16636,q16_t257
16637,q16_t257
16637,q16_t258
16637,q70_t257
16637,q70_t258
16638,q16_t258
16638,q16_t259
16639,q16_t259
16639,q16_t260
16640,q16_t260
16640,q16_t261
16640,q71_t260
16640,q71_t261
16641,q16_t261
16641,q16_t262
16642,q16_t262
16642,q16_t263
16643,q16_t263
16643,q16_t264
16643,q72_t263
16643,q72_t264
16644,q16_t264
16644,q16_t265
16645,q16_t265
16645,q16_t266
16646,q16_t266
16646,q16_t267
16646,q73_t266
16646,q73_t267
16647,q16_t267
16647,q16_t268
16648,q16_t268
16648,q16_t269
16649,q16_t269
16649,q16_t270
16649,q74_t269
16649,q74_t270
16650,q16_t270
16650,q16_t271
16651,q16_t271
16651,q16_t272
16652,q16_t272
16652,q16_t273
16652,q75_t272
16652,q75_t273
16653,q16_t273
16653,q16_t274
16654,q16_t274
16654,q16_t275
16655,q16_t275
16655,q16_t276
16655,q76_t275
16655,q76_t276
16656,q16_t276
16656,q16_t277
16657,q16_t277
16657,q16_t278
16658,q16_t278
16658,q16_t279
16658,q77_t278
16658,q77_t279
16659,q16_t279
16659,q16_t280
16660,q16_t280
16660,q16_t281
16661,q16_t281
16661,q16_t282
16661,q78_t281
16661,q78_t282
16662,q16_t282
16662,q16_t283
16663,q16_t283
16663,q16_t284
16664,q16_t284
16664,q16_t285
16664,q79_t284
16664,q79_t285
16665,q16_t285
16665,q16_t286
16666,q16_t286
16666,q16_t287
16667,q16_t287
16667,q16_t288
16667,q80_t287
16667,q80_t288
16668,q16_t288
16668,q16_t289
16669,q16_t289
16669,q16_t290
16670,q16_t290
16670,q16_t291
16670,q81_t290
16670,q81_t291
16671,q16_t291
16671,q16_t292
16672,q16_t292
16672,q16_t293
16673,q16_t293
16673,q16_t294
16673,q82_t293
16673,q82_t294
16674,q16_t294
16674,q16_t295
16675,q16_t295
16675,q16_t296
16676,q16_t296
16676,q16_t297
16676,q83_t296
16676,q83_t297
16677,q16_t297
16677,q16_t298
16678,q16_t298
16678,q16_t299
16679,q16_t299
16679,q16_t300
16679,q84_t299
16679,q84_t300
16680,q16_t300
16680,q16_t301
16681,q16_t301
16681,q16_t302
16682,q16_t302
16682,q16_t303
16682,q85_t302
16682,q85_t303
16683,q16_t303
16683,q16_t304
16684,q16_t304
16684,q16_t305
16685,q16_t305
16685,q16_t306
16685,q86_t305
16685,q86_t306
16686,q16_t306
16686,q16_t307
16687,q16_t307
16687,q16_t308
16688,q16_t308
16688,q16_t309
16688,q87_t308
16688,q87_t309
16689,q16_t309
16689,q16_t310
16690,q16_t310
16690,q16_t311
16691,q16_t311
16691,q16_t312
16691,q88_t311
16691,q88_t312
16692,q16_t312
16692,q16_t313
16693,q16_t313
16693,q16_t314
16694,q16_t314
16694,q16_t315
16694,q89_t314
16694,q89_t315
16695,q16_t315
16695,q16_t316
16696,q16_t316
16696,q16_t317
16697,q16_t317
16697,q16_t318
16697,q90_t317
16697,q90_t318
16698,q16_t318
16698,q16_t319
16699,q16_t319
16699,q16_t320
16700,q16_t320
16700,q16_t321
16700,q91_t320
16700,q91_t321
16701,q16_t321
16701,q16_t322
16702,q16_t322
16702,q16_t323
16703,q16_t323
16703,q16_t324
16703,q92_t323
16703,q92_t324
16704,q16_t324
16704,q16_t325
16705,q16_t325
16705,q16_t326
16706,q16_t326
16706,q16_t327
16706,q93_t326
16706,q93_t327
16707,q16_t327
16707,q16_t328
16708,q16_t328
16708,q16_t329
16709,q16_t329
16709,q16_t330
16709,q94_t329
16709,q94_t330
16710,q16_t330
16710,q16_t331
16711,q16_t331
16711,q16_t332
16712,q16_t332
16712,q16_t333
16712,q95_t332
16712,q95_t333
16713,q16_t333
16713,q16_t334
16714,q16_t334
16714,q16_t335
16715,q16_t335
16715,q16_t336
16715,q96_t335
16715,q96_t336
16716,q16_t336
16716,q16_t337
16717,q16_t337
16717,q16_t338
16718,q16_t338
16718,q16_t339
16718,q97_t338
16718,q97_t339
16719,q16_t339
16719,q16_t340
16720,q16_t340
16720,q16_t341
16721,q16_t341
16721,q16_t342
16721,q98_t341
16721,q98_t342
16722,q16_t342
16722,q16_t343
16723,q16_t343
16723,q16_t344
16724,q16_t344
16724,q16_t345
16724,q99_t344
16724,q99_t345
16725,q16_t345
16725,q16_t346
16726,q16_t346
16726,q16_t347
16727,q16_t348
16727,q16_t349
16728,q16_t349
16728,q16_t350
16729,q16_t351
16729,q16_t352
16730,q16_t352
16730,q16_t353
16731,q16_t354
16731,q16_t355
16732,q16_t355
16732,q16_t356
16733,q16_t357
16733,q16_t358
16734,q16_t358
16734,q16_t359
16735,q16_t360
16735,q16_t361
16736,q16_t361
16736,q16_t362
16737,q16_t363
16737,q16_t364
16738,q16_t364
16738,q16_t365
16739,q16_t366
16739,q16_t367
16740,q16_t367
16740,q16_t368
16741,q16_t369
16741,q16_t370
16742,q16_t370
16742,q16_t371
16743,q16_t372
16743,q16_t373
16744,q16_t373
16744,q16_t374
16745,q16_t375
16745,q16_t376
16746,q16_t376
16746,q16_t377
16747,q16_t377
16747,q16_t378
16748,q16_t379
16748,q16_t380
16749,q16_t380
16749,q16_t381
16750,q16_t381
16750,q16_t382
16750,q1_t381
16750,q1_t382
16751,q16_t382
16751,q16_t383
16752,q16_t383
16752,q16_t384
16753,q16_t384
16753,q16_t385
16753,q2_t384
16753,q2_t385
16754,q16_t385
16754,q16_t386
16755,q16_t386
16755,q16_t387
16756,q16_t387
16756,q16_t388
16756,q3_t387
16756,q3_t388
16757,q16_t388
16757,q16_t389
16758,q16_t389
16758,q16_t390
16759,q16_t390
16759,q16_t391
16759,q4_t390
16759,q4_t391
16760,q16_t391
16760,q16_t392
16761,q16_t392
16761,q16_t393
16762,q16_t393
16762,q16_t394
16762,q5_t393
16762,q5_t394
16763,q16_t394
16763,q16_t395
16764,q16_t395
16764,q16_t396
16765,q16_t396
16765,q16_t397
16765,q6_t396
16765,q6_t397
16766,q16_t397
16766,q16_t398
16767,q16_t398
16767,q16_t399
16768,q16_t399
16768,q16_t400
16768,q7_t399
16768,q7_t400
16769,q16_t400
16769,q16_t401
16770,q16_t401
16770,q16_t402
16771,q16_t402
16771,q16_t403
16771,q8_t402
16771,q8_t403
16772,q16_t403
16772,q16_t404
16773,q16_t404
16773,q16_t405
16774,q16_t405
16774,q16_t406
16774,q9_t405
16774,q9_t406
16775,q16_t406
16775,q16_t407
16776,q16_t407
16776,q16_t408
16777,q16_t409
16777,q16_t410
16778,q16_t410
16778,q16_t411
16779,q16_t412
16779,q16_t413
16780,q16_t413
16780,q16_t414
16781,q16_t415
16781,q16_t416
16782,q16_t416
16782,q16_t417
16783,q16_t418
16783,q16_t419
16784,q16_t419
16784,q16_t420
16785,q16_t421
16785,q16_t422
16786,q16_t422
16786,q16_t423
16787,q16_t424
16787,q16_t425
16788,q16_t425
16788,q16_t429
16789,q16_t429
16789,q16_t430
16789,q17_t429
16789,q17_t430
16790,q16_t430
16790,q16_t431
16791,q16_t431
16791,q16_t432
16792,q16_t432
16792,q16_t433
16792,q18_t432
16792,q18_t433
16793,q16_t433
16793,q16_t434
16794,q16_t434
16794,q16_t435
16795,q16_t435
16795,q16_t436
16795,q19_t435
16795,q19_t436
16796,q16_t436
16796,q16_t437
16797,q16_t437
16797,q16_t438
16798,q16_t438
16798,q16_t439
16798,q20_t438
16798,q20_t439
16799,q16_t439
16799,q16_t440
16800,q16_t440
16800,q16_t441
16801,q16_t441
16801,q16_t442
16801,q21_t441
16801,q21_t442
16802,q16_t442
16802,q16_t443
16803,q16_t443
16803,q16_t444
16804,q16_t444
16804,q16_t445
16804,q22_t444
16804,q22_t445
16805,q16_t445
16805,q16_t446
16806,q16_t446
16806,q16_t447
16807,q16_t447
16807,q16_t448
16807,q23_t447
16807,q23_t448
16808,q16_t448
16808,q16_t449
16809,q16_t449
16809,q16_t450
16810,q16_t450
16810,q16_t451
16810,q24_t450
16810,q24_t451
16811,q16_t451
16811,q16_t452
16812,q16_t452
16812,q16_t453
16813,q16_t453
16813,q16_t454
16813,q25_t453
16813,q25_t454
16814,q16_t454
16814,q16_t455
16815,q16_t455
16815,q16_t456
16816,q16_t456
16816,q16_t457
16816,q26_t456
16816,q26_t457
16817,q16_t457
16817,q16_t458
16818,q16_t458
16818,q16_t459
16819,q16_t459
16819,q16_t460
16819,q27_t459
16819,q27_t460
16820,q16_t460
16820,q16_t461
16821,q16_t461
16821,q16_t462
16822,q16_t462
16822,q16_t463
16822,q28_t462
16822,q28_t463
16823,q16_t463
16823,q16_t464
16824,q16_t464
16824,q16_t465
16825,q16_t465
16825,q16_t466
16825,q29_t465
16825,q29_t466
16826,q16_t466
16826,q16_t467
16827,q16_t467
16827,q16_t468
16828,q16_t468
16828,q16_t469
16828,q30_t468
16828,q30_t469
16829,q16_t469
16829,q16_t470
16830,q16_t470
16830,q16_t471
16831,q16_t471
16831,q16_t472
16831,q31_t471
16831,q31_t472
16832,q16_t472
16832,q16_t473
16833,q16_t473
16833,q16_t474
16834,q16_t474
16834,q16_t475
16834,q32_t474
16834,q32_t475
16835,q16_t475
16835,q16_t476
16836,q16_t476
16836,q16_t477
16837,q16_t477
16837,q16_t478
16837,q33_t477
16837,q33_t478
16838,q16_t478
16838,q16_t479
16839,q16_t479
16839,q16_t480
16840,q16_t48
16840,q16_t49
16841,q16_t480
16841,q16_t481
16841,q34_t480
16841,q34_t481
16842,q16_t481
16842,q16_t482
16843,q16_t482
16843,q16_t483
16844,q16_t483
16844,q16_t484
16844,q35_t483
16844,q35_t484
16845,q16_t484
16845,q16_t485
16846,q16_t485
16846,q16_t486
16847,q16_t486
16847,q16_t487
16847,q36_t486
16847,q36_t487
16848,q16_t487
16848,q16_t488
16849,q16_t488
16849,q16_t489
16850,q16_t489
16850,q16_t490
16850,q37_t489
16850,q37_t490
16851,q16_t49
16851,q16_t50
16852,q16_t490
16852,q16_t491
16853,q16_t491
16853,q16_t492
16854,q16_t492
16854,q16_t493
16854,q38_t492
16854,q38_t493
16855,q16_t493
16855,q16_t494
16856,q16_t494
16856,q16_t495
16857,q16_t495
16857,q16_t496
16857,q39_t495
16857,q39_t496
16858,q16_t496
16858,q16_t497
16859,q16_t497
16859,q16_t498
16860,q16_t498
16860,q16_t499
16860,q40_t498
16860,q40_t499
16861,q16_t499
16861,q16_t500
16862,q16_t50
16862,q16_t51
16862,q1_t50
16862,q1_t51
16863,q16_t500
16863,q16_t501
16864,q16_t501
16864,q16_t502
16864,q41_t501
16864,q41_t502
16865,q16_t502
16865,q16_t503
16866,q16_t503
16866,q16_t504
16867,q16_t504
16867,q16_t505
16867,q42_t504
16867,q42_t505
16868,q16_t505
16868,q16_t506
16869,q16_t506
16869,q16_t507
16870,q16_t507
16870,q16_t508
16870,q43_t507
16870,q43_t508
16871,q16_t508
16871,q16_t509
16872,q16_t509
16872,q16_t510
16873,q16_t51
16873,q16_t52
16874,q16_t510
16874,q16_t511
16874,q44_t510
16874,q44_t511
16875,q16_t511
16875,q16_t512
16876,q16_t512
16876,q16_t513
16877,q16_t513
16877,q16_t514
16877,q45_t513
16877,q45_t514
16878,q16_t514
16878,q16_t515
16879,q16_t515
16879,q16_t516
16880,q16_t516
16880,q16_t517
16880,q46_t516
16880,q46_t517
16881,q16_t517
16881,q16_t518
16882,q16_t518
16882,q16_t519
16883,q16_t519
16883,q16_t520
16883,q47_t519
16883,q47_t520
16884,q16_t52
16884,q16_t53
16885,q16_t520
16885,q16_t521
16886,q16_t521
16886,q16_t522
16887,q16_t522
16887,q16_t523
16887,q48_t522
16887,q48_t523
16888,q16_t523
16888,q16_t524
16889,q16_t524
16889,q16_t525
16890,q16_t525
16890,q16_t526
16890,q49_t525
16890,q49_t526
16891,q16_t526
16891,q16_t527
16892,q16_t527
16892,q16_t528
16893,q16_t528
16893,q16_t529
16893,q50_t528
16893,q50_t529
16894,q16_t529
16894,q16_t530
16895,q16_t53
16895,q16_t54
16895,q2_t53
16895,q2_t54
16896,q16_t530
16896,q16_t531
16897,q16_t531
16897,q16_t532
16897,q51_t531
16897,q51_t532
16898,q16_t532
16898,q16_t533
16899,q16_t533
16899,q16_t534
16900,q16_t534
16900,q16_t535
16900,q52_t534
16900,q52_t535
16901,q16_t535
16901,q16_t536
16902,q16_t536
16902,q16_t537
16903,q16_t537
16903,q16_t538
16903,q53_t537
16903,q53_t538
16904,q16_t538
16904,q16_t539
16905,q16_t539
16905,q16_t540
16906,q16_t54
16906,q16_t55
16907,q16_t540
16907,q16_t541
16907,q54_t540
16907,q54_t541
16908,q16_t541
16908,q16_t542
16909,q16_t542
16909,q16_t543
16910,q16_t543
16910,q16_t544
16910,q55_t543
16910,q55_t544
16911,q16_t544
16911,q16_t545
16912,q16_t545
16912,q16_t546
16913,q16_t546
16913,q16_t547
16913,q56_t546
16913,q56_t547
16914,q16_t547
16914,q16_t548
16915,q16_t548
16915,q16_t549
16916,q16_t549
16916,q16_t550
16916,q57_t549
16916,q57_t550
16917,q16_t55
16917,q16_t56
16918,q16_t550
16918,q16_t551
16919,q16_t551
16919,q16_t552
16920,q16_t552
16920,q16_t553
16920,q58_t552
16920,q58_t553
16921,q16_t553
16921,q16_t554
16922,q16_t554
16922,q16_t555
16923,q16_t555
16923,q16_t556
16923,q59_t555
16923,q59_t556
16924,q16_t556
16924,q16_t557
16925,q16_t557
16925,q16_t558
16926,q16_t558
16926,q16_t559
16926,q60_t558
16926,q60_t559
16927,q16_t559
16927,q16_t560
16928,q16_t56
16928,q16_t57
16928,q3_t56
16928,q3_t57
16929,q16_t560
16929,q16_t561
16930,q16_t561
16930,q16_t562
16930,q61_t561
16930,q61_t562
16931,q16_t562
16931,q16_t563
16932,q16_t563
16932,q16_t564
16933,q16_t564
16933,q16_t565
16933,q62_t564
16933,q62_t565
16934,q16_t565
16934,q16_t566
16935,q16_t566
16935,q16_t567
16936,q16_t567
16936,q16_t568
16936,q63_t567
16936,q63_t568
16937,q16_t568
16937,q16_t569
16938,q16_t569
16938,q16_t570
16939,q16_t57
16939,q16_t58
16940,q16_t570
16940,q16_t571
16940,q64_t570
16940,q64_t571
16941,q16_t571
16941,q16_t572
16942,q16_t572
16942,q16_t573
16943,q16_t573
16943,q16_t574
16943,q65_t573
16943,q65_t574
16944,q16_t574
16944,q16_t575
16945,q16_t575
16945,q16_t576
16946,q16_t576
16946,q16_t577
16946,q66_t576
16946,q66_t577
16947,q16_t577
16947,q16_t578
16948,q16_t578
16948,q16_t579
16949,q16_t579
16949,q16_t580
16949,q67_t579
16949,q67_t580
16950,q16_t58
16950,q16_t59
16951,q16_t580
16951,q16_t581
16952,q16_t581
16952,q16_t582
16953,q16_t582
16953,q16_t583
16953,q68_t582
16953,q68_t583
16954,q16_t583
16954,q16_t584
16955,q16_t584
16955,q16_t585
16956,q16_t585
16956,q16_t586
16956,q69_t585
16956,q69_t586
16957,q16_t586
16957,q16_t587
16958,q16_t587
16958,q16_t588
16959,q16_t588
16959,q16_t589
16959,q70_t588
16959,q70_t589
16960,q16_t589
16960,q16_t590
16961,q16_t59
16961,q16_t60
16961,q4_t59
16961,q4_t60
16962,q16_t590
16962,q16_t591
16963,q16_t591
16963,q16_t592
16963,q71_t591
16963,q71_t592
16964,q16_t592
16964,q16_t593
16965,q16_t593
16965,q16_t594
16966,q16_t594
16966,q16_t595
16966,q72_t594
16966,q72_t595
16967,q16_t595
16967,q16_t596
16968,q16_t596
16968,q16_t597
16969,q16_t597
16969,q16_t598
16969,q73_t597
16969,q73_t598
16970,q16_t598
16970,q16_t599
16971,q16_t599
16971,q16_t600
16972,q16_t60
16972,q16_t61
16973,q16_t600
16973,q16_t601
16973,q74_t600
16973,q74_t601
16974,q16_t601
16974,q16_t602
16975,q16_t602
16975,q16_t603
16976,q16_t603
16976,q16_t604
16976,q75_t603
16976,q75_t604
16977,q16_t604
16977,q16_t605
16978,q16_t605
16978,q16_t606
16979,q16_t606
16979,q16_t607
16979,q76_t606
16979,q76_t607
16980,q16_t607
16980,q16_t608
16981,q16_t608
16981,q16_t609
16982,q16_t609
16982,q16_t610
16982,q77_t609
16982,q77_t610
16983,q16_t61
16983,q16_t62
16984,q16_t610
16984,q16_t611
16985,q16_t611
16985,q16_t612
16986,q16_t612
16986,q16_t613
16986,q78_t612
16986,q78_t613
16987,q16_t613
16987,q16_t614
16988,q16_t614
16988,q16_t615
16989,q16_t615
16989,q16_t616
16989,q79_t615
16989,q79_t616
16990,q16_t616
16990,q16_t617
16991,q16_t617
16991,q16_t618
16992,q16_t618
16992,q16_t619
16992,q80_t618
16992,q80_t619
16993,q16_t619
16993,q16_t620
16994,q16_t62
16994,q16_t63
16994,q5_t62
16994,q5_t63
16995,q16_t620
16995,q16_t621
16996,q16_t621
16996,q16_t622
16996,q81_t621
16996,q81_t622
16997,q16_t622
16997,q16_t623
16998,q16_t623
16998,q16_t624
16999,q16_t624
16999,q16_t625
16999,q82_t624
16999,q82_t625
17000,q16_t625
17000,q16_t626
17001,q16_t626
17001,q16_t627
17002,q16_t627
17002,q16_t628
17002,q83_t627
17002,q83_t628
17003,q16_t628
17003,q16_t629
17004,q16_t629
17004,q16_t630
17005,q16_t63
17005,q16_t64
17006,q16_t630
17006,q16_t631
17006,q84_t630
17006,q84_t631
17007,q16_t631
17007,q16_t632
17008,q16_t632
17008,q16_t633
17009,q16_t633
17009,q16_t634
17009,q85_t633
17009,q85_t634
17010,q16_t634
17010,q16_t635
17011,q16_t635
17011,q16_t636
17012,q16_t636
17012,q16_t637
17012,q86_t636
17012,q86_t637
17013,q16_t637
17013,q16_t638
17014,q16_t638
17014,q16_t639
17015,q16_t639
17015,q16_t640
17015,q87_t639
17015,q87_t640
17016,q16_t64
17016,q16_t65
17017,q16_t640
17017,q16_t641
17018,q16_t641
17018,q16_t642
17019,q16_t642
17019,q16_t643
17019,q88_t642
17019,q88_t643
17020,q16_t643
17020,q16_t644
17021,q16_t644
17021,q16_t645
17022,q16_t645
17022,q16_t646
17022,q89_t645
17022,q89_t646
17023,q16_t646
17023,q16_t647
17024,q16_t647
17024,q16_t648
17025,q16_t648
17025,q16_t649
17025,q90_t648
17025,q90_t649
17026,q16_t649
17026,q16_t650
17027,q16_t65
17027,q16_t66
17027,q6_t65
17027,q6_t66
17028,q16_t650
17028,q16_t651
17029,q16_t651
17029,q16_t652
17029,q91_t651
17029,q91_t652
17030,q16_t652
17030,q16_t653
17031,q16_t653
17031,q16_t654
17032,q16_t654
17032,q16_t655
17032,q92_t654
17032,q92_t655
17033,q16_t655
17033,q16_t656
17034,q16_t656
17034,q16_t657
17035,q16_t657
17035,q16_t658
17035,q93_t657
17035,q93_t658
17036,q16_t658
17036,q16_t659
17037,q16_t659
17037,q16_t660
17038,q16_t66
17038,q16_t67
17039,q16_t660
17039,q16_t661
17039,q94_t660
17039,q94_t661
17040,q16_t661
17040,q16_t662
17041,q16_t662
17041,q16_t663
17042,q16_t663
17042,q16_t664
17042,q95_t663
17042,q95_t664
17043,q16_t664
17043,q16_t665
17044,q16_t665
17044,q16_t666
17045,q16_t666
17045,q16_t667
17045,q96_t666
17045,q96_t667
17046,q16_t667
17046,q16_t668
17047,q16_t668
17047,q16_t669
17048,q16_t669
17048,q16_t670
17048,q97_t669
17048,q97_t670
17049,q16_t67
17049,q16_t68
17050,q16_t670
17050,q16_t671
17051,q16_t671
17051,q16_t672
17052,q16_t672
17052,q16_t673
17052,q98_t672
17052,q98_t673
17053,q16_t673
17053,q16_t674
17054,q16_t674
17054,q16_t675
17055,q16_t675
17055,q16_t676
17055,q99_t675
17055,q99_t676
17056,q16_t676
17056,q16_t677
17057,q16_t677
17057,q16_t678
17058,q16_t679
17058,q16_t680
17059,q16_t68
17059,q16_t69
17059,q7_t68
17059,q7_t69
17060,q16_t680
17060,q16_t681
17061,q16_t682
17061,q16_t683
17062,q16_t683
17062,q16_t684
17063,q16_t685
17063,q16_t686
17064,q16_t686
17064,q16_t687
17065,q16_t688
17065,q16_t689
17066,q16_t689
17066,q16_t690
17067,q16_t69
17067,q16_t70
17068,q16_t691
17068,q16_t692
17069,q16_t692
17069,q16_t693
17070,q16_t694
17070,q16_t695
17071,q16_t695
17071,q16_t696
17072,q16_t697
17072,q16_t698
17073,q16_t698
17073,q16_t699
17074,q16_t70
17074,q16_t71
17075,q16_t700
17075,q16_t701
17076,q16_t701
17076,q16_t702
17077,q16_t703
17077,q16_t704
17078,q16_t704
17078,q16_t705
17079,q16_t706
17079,q16_t707
17080,q16_t707
17080,q16_t708
17081,q16_t708
17081,q16_t709
17082,q16_t71
17082,q16_t72
17082,q8_t71
17082,q8_t72
17083,q16_t710
17083,q16_t711
17084,q16_t711
17084,q16_t712
17085,q16_t712
17085,q16_t713
17085,q1_t712
17085,q1_t713
17086,q16_t713
17086,q16_t714
17087,q16_t714
17087,q16_t715
17088,q16_t715
17088,q16_t716
17088,q2_t715
17088,q2_t716
17089,q16_t716
17089,q16_t717
17090,q16_t717
17090,q16_t718
17091,q16_t718
17091,q16_t719
17091,q3_t718
17091,q3_t719
17092,q16_t719
17092,q16_t720
17093,q16_t72
17093,q16_t73
17094,q16_t720
17094,q16_t721
17095,q16_t721
17095,q16_t722
17095,q4_t721
17095,q4_t722
17096,q16_t722
17096,q16_t723
17097,q16_t723
17097,q16_t724
17098,q16_t724
17098,q16_t725
17098,q5_t724
17098,q5_t725
17099,q16_t725
17099,q16_t726
17100,q16_t726
17100,q16_t727
17101,q16_t727
17101,q16_t728
17101,q6_t727
17101,q6_t728
17102,q16_t728
17102,q16_t729
17103,q16_t729
17103,q16_t730
17104,q16_t73
17104,q16_t74
17105,q16_t730
17105,q16_t731
17105,q7_t730
17105,q7_t731
17106,q16_t731
17106,q16_t732
17107,q16_t732
17107,q16_t733
17108,q16_t733
17108,q16_t734
17108,q8_t733
17108,q8_t734
17109,q16_t734
17109,q16_t735
17110,q16_t735
17110,q16_t736
17111,q16_t736
17111,q16_t737
17111,q9_t736
17111,q9_t737
17112,q16_t737
17112,q16_t738
17113,q16_t738
17113,q16_t739
17114,q16_t74
17114,q16_t75
17114,q9_t74
17114,q9_t75
17115,q16_t740
17115,q16_t741
17116,q16_t741
17116,q16_t742
17117,q16_t743
17117,q16_t744
17118,q16_t744
17118,q16_t745
17119,q16_t746
17119,q16_t747
17120,q16_t747
17120,q16_t748
17121,q16_t749
17121,q16_t750
17122,q16_t75
17122,q16_t76
17123,q16_t750
17123,q16_t751
17124,q16_t752
17124,q16_t753
17125,q16_t753
17125,q16_t754
17126,q16_t755
17126,q16_t756
17127,q16_t756
17127,q16_t760
17128,q16_t76
17128,q16_t77
17129,q16_t760
17129,q16_t761
17129,q17_t760
17129,q17_t761
17130,q16_t761
17130,q16_t762
17131,q16_t762
17131,q16_t763
17132,q16_t763
17132,q16_t764
17132,q18_t763
17132,q18_t764
17133,q16_t764
17133,q16_t765
17134,q16_t765
17134,q16_t766
17135,q16_t766
17135,q16_t767
17135,q19_t766
17135,q19_t767
17136,q16_t767
17136,q16_t768
17137,q16_t768
17137,q16_t769
17138,q16_t769
17138,q16_t770
17138,q20_t769
17138,q20_t770
17139,q16_t770
17139,q16_t771
17140,q16_t771
17140,q16_t772
17141,q16_t772
17141,q16_t773
17141,q21_t772
17141,q21_t773
17142,q16_t773
17142,q16_t774
17143,q16_t774
17143,q16_t775
17144,q16_t775
17144,q16_t776
17144,q22_t775
17144,q22_t776
17145,q16_t776
17145,q16_t777
17146,q16_t777
17146,q16_t778
17147,q16_t778
17147,q16_t779
17147,q23_t778
17147,q23_t779
17148,q16_t779
17148,q16_t780
17149,q16_t78
17149,q16_t79
17150,q16_t780
17150,q16_t781
17151,q16_t781
17151,q16_t782
17151,q24_t781
17151,q24_t782
17152,q16_t782
17152,q16_t783
17153,q16_t783
17153,q16_t784
17154,q16_t784
17154,q16_t785
17154,q25_t784
17154,q25_t785
17155,q16_t785
17155,q16_t786
17156,q16_t786
17156,q16_t787
17157,q16_t787
17157,q16_t788
17157,q26_t787
17157,q26_t788
17158,q16_t788
17158,q16_t789
17159,q16_t789
17159,q16_t790
17160,q16_t79
17160,q16_t80
17161,q16_t790
17161,q16_t791
17161,q27_t790
17161,q27_t791
17162,q16_t791
17162,q16_t792
17163,q16_t792
17163,q16_t793
17164,q16_t793
17164,q16_t794
17164,q28_t793
17164,q28_t794
17165,q16_t794
17165,q16_t795
17166,q16_t795
17166,q16_t796
17167,q16_t796
17167,q16_t797
17167,q29_t796
17167,q29_t797
17168,q16_t797
17168,q16_t798
17169,q16_t798
17169,q16_t799
17170,q16_t799
17170,q16_t800
17170,q30_t799
17170,q30_t800
17171,q16_t800
17171,q16_t801
17172,q16_t801
17172,q16_t802
17173,q16_t802
17173,q16_t803
17173,q31_t802
17173,q31_t803
17174,q16_t803
17174,q16_t804
17175,q16_t804
17175,q16_t805
17176,q16_t805
17176,q16_t806
17176,q32_t805
17176,q32_t806
17177,q16_t806
17177,q16_t807
17178,q16_t807
17178,q16_t808
17179,q16_t808
17179,q16_t809
17179,q33_t808
17179,q33_t809
17180,q16_t809
17180,q16_t810
17181,q16_t81
17181,q16_t82
17182,q16_t810
17182,q16_t811
17183,q16_t811
17183,q16_t812
17183,q34_t811
17183,q34_t812
17184,q16_t812
17184,q16_t813
17185,q16_t813
17185,q16_t814
17186,q16_t814
17186,q16_t815
17186,q35_t814
17186,q35_t815
17187,q16_t815
17187,q16_t816
17188,q16_t816
17188,q16_t817
17189,q16_t817
17189,q16_t818
17189,q36_t817
17189,q36_t818
17190,q16_t818
17190,q16_t819
17191,q16_t819
17191,q16_t820
17192,q16_t82
17192,q16_t83
17193,q16_t820
17193,q16_t821
17193,q37_t820
17193,q37_t821
17194,q16_t821
17194,q16_t822
17195,q16_t822
17195,q16_t823
17196,q16_t823
17196,q16_t824
17196,q38_t823
17196,q38_t824
17197,q16_t824
17197,q16_t825
17198,q16_t825
17198,q16_t826
17199,q16_t826
17199,q16_t827
17199,q39_t826
17199,q39_t827
17200,q16_t827
17200,q16_t828
17201,q16_t828
17201,q16_t829
17202,q16_t829
17202,q16_t830
17202,q40_t829
17202,q40_t830
17203,q16_t830
17203,q16_t831
17204,q16_t831
17204,q16_t832
17205,q16_t832
17205,q16_t833
17205,q41_t832
17205,q41_t833
17206,q16_t833
17206,q16_t834
17207,q16_t834
17207,q16_t835
17208,q16_t835
17208,q16_t836
17208,q42_t835
17208,q42_t836
17209,q16_t836
17209,q16_t837
17210,q16_t837
17210,q16_t838
17211,q16_t838
17211,q16_t839
17211,q43_t838
17211,q43_t839
17212,q16_t839
17212,q16_t840
17213,q16_t84
17213,q16_t85
17214,q16_t840
17214,q16_t841
17215,q16_t841
17215,q16_t842
17215,q44_t841
17215,q44_t842
17216,q16_t842
17216,q16_t843
17217,q16_t843
17217,q16_t844
17218,q16_t844
17218,q16_t845
17218,q45_t844
17218,q45_t845
17219,q16_t845
17219,q16_t846
17220,q16_t846
17220,q16_t847
17221,q16_t847
17221,q16_t848
17221,q46_t847
17221,q46_t848
17222,q16_t848
17222,q16_t849
17223,q16_t849
17223,q16_t850
17224,q16_t85
17224,q16_t86
17225,q16_t850
17225,q16_t851
17225,q47_t850
17225,q47_t851
17226,q16_t851
17226,q16_t852
17227,q16_t852
17227,q16_t853
17228,q16_t853
17228,q16_t854
17228,q48_t853
17228,q48_t854
17229,q16_t854
17229,q16_t855
17230,q16_t855
17230,q16_t856
17231,q16_t856
17231,q16_t857
17231,q49_t856
17231,q49_t857
17232,q16_t857
17232,q16_t858
17233,q16_t858
17233,q16_t859
17234,q16_t859
17234,q16_t860
17234,q50_t859
17234,q50_t860
17235,q16_t860
17235,q16_t861
17236,q16_t861
17236,q16_t862
17237,q16_t862
17237,q16_t863
17237,q51_t862
17237,q51_t863
17238,q16_t863
17238,q16_t864
17239,q16_t864
17239,q16_t865
17240,q16_t865
17240,q16_t866
17240,q52_t865
17240,q52_t866
17241,q16_t866
17241,q16_t867
17242,q16_t867
17242,q16_t868
17243,q16_t868
17243,q16_t869
17243,q53_t868
17243,q53_t869
17244,q16_t869
17244,q16_t870
17245,q16_t87
17245,q16_t88
17246,q16_t870
17246,q16_t871
17247,q16_t871
17247,q16_t872
17247,q54_t871
17247,q54_t872
17248,q16_t872
17248,q16_t873
17249,q16_t873
17249,q16_t874
17250,q16_t874
17250,q16_t875
17250,q55_t874
17250,q55_t875
17251,q16_t875
17251,q16_t876
17252,q16_t876
17252,q16_t877
17253,q16_t877
17253,q16_t878
17253,q56_t877
17253,q56_t878
17254,q16_t878
17254,q16_t879
17255,q16_t879
17255,q16_t880
17256,q16_t88
17256,q16_t89
17257,q16_t880
17257,q16_t881
17257,q57_t880
17257,q57_t881
17258,q16_t881
17258,q16_t882
17259,q16_t882
17259,q16_t883
17260,q16_t883
17260,q16_t884
17260,q58_t883
17260,q58_t884
17261,q16_t884
17261,q16_t885
17262,q16_t885
17262,q16_t886
17263,q16_t886
17263,q16_t887
17263,q59_t886
17263,q59_t887
17264,q16_t887
17264,q16_t888
17265,q16_t888
17265,q16_t889
17266,q16_t889
17266,q16_t890
17266,q60_t889
17266,q60_t890
17267,q16_t890
17267,q16_t891
17268,q16_t891
17268,q16_t892
17269,q16_t892
17269,q16_t893
17269,q61_t892
17269,q61_t893
17270,q16_t893
17270,q16_t894
17271,q16_t894
17271,q16_t895
17272,q16_t895
17272,q16_t896
17272,q62_t895
17272,q62_t896
17273,q16_t896
17273,q16_t897
17274,q16_t897
17274,q16_t898
17275,q16_t898
17275,q16_t899
17275,q63_t898
17275,q63_t899
17276,q16_t899
17276,q16_t900
17277,q16_t90
17277,q16_t91
17278,q16_t900
17278,q16_t901
17279,q16_t901
17279,q16_t902
17279,q64_t901
17279,q64_t902
17280,q16_t902
17280,q16_t903
17281,q16_t903
17281,q16_t904
17282,q16_t904
17282,q16_t905
17282,q65_t904
17282,q65_t905
17283,q16_t905
17283,q16_t906
17284,q16_t906
17284,q16_t907
17285,q16_t907
17285,q16_t908
17285,q66_t907
17285,q66_t908
17286,q16_t908
17286,q16_t909
17287,q16_t909
17287,q16_t910
17288,q16_t91
17288,q16_t92
17289,q16_t910
17289,q16_t911
17289,q67_t910
17289,q67_t911
17290,q16_t911
17290,q16_t912
17291,q16_t912
17291,q16_t913
17292,q16_t913
17292,q16_t914
17292,q68_t913
17292,q68_t914
17293,q16_t914
17293,q16_t915
17294,q16_t915
17294,q16_t916
17295,q16_t916
17295,q16_t917
17295,q69_t916
17295,q69_t917
17296,q16_t917
17296,q16_t918
17297,q16_t918
17297,q16_t919
17298,q16_t919
17298,q16_t920
17298,q70_t919
17298,q70_t920
17299,q16_t920
17299,q16_t921
17300,q16_t921
17300,q16_t922
17301,q16_t922
17301,q16_t923
17301,q71_t922
17301,q71_t923
17302,q16_t923
17302,q16_t924
17303,q16_t924
17303,q16_t925
17304,q16_t925
17304,q16_t926
17304,q72_t925
17304,q72_t926
17305,q16_t926
17305,q16_t927
17306,q16_t927
17306,q16_t928
17307,q16_t928
17307,q16_t929
17307,q73_t928
17307,q73_t929
17308,q16_t929
17308,q16_t930
17309,q16_t93
17309,q16_t94
17310,q16_t930
17310,q16_t931
17311,q16_t931
17311,q16_t932
17311,q74_t931
17311,q74_t932
17312,q16_t932
17312,q16_t933
17313,q16_t933
17313,q16_t934
17314,q16_t934
17314,q16_t935
17314,q75_t934
17314,q75_t935
17315,q16_t935
17315,q16_t936
17316,q16_t936
17316,q16_t937
17317,q16_t937
17317,q16_t938
17317,q76_t937
17317,q76_t938
17318,q16_t938
17318,q16_t939
17319,q16_t939
17319,q16_t940
17320,q16_t94
17320,q16_t98
17321,q16_t940
17321,q16_t941
17321,q77_t940
17321,q77_t941
17322,q16_t941
17322,q16_t942
17323,q16_t942
17323,q16_t943
17324,q16_t943
17324,q16_t944
17324,q78_t943
17324,q78_t944
17325,q16_t944
17325,q16_t945
17326,q16_t945
17326,q16_t946
17327,q16_t946
17327,q16_t947
17327,q79_t946
17327,q79_t947
17328,q16_t947
17328,q16_t948
17329,q16_t948
17329,q16_t949
17330,q16_t949
17330,q16_t950
17330,q80_t949
17330,q80_t950
17331,q16_t950
17331,q16_t951
17332,q16_t951
17332,q16_t952
17333,q16_t952
17333,q16_t953
17333,q81_t952
17333,q81_t953
17334,q16_t953
17334,q16_t954
17335,q16_t954
17335,q16_t955
17336,q16_t955
17336,q16_t956
17336,q82_t955
17336,q82_t956
17337,q16_t956
17337,q16_t957
17338,q16_t957
17338,q16_t958
17339,q16_t958
17339,q16_t959
17339,q83_t958
17339,q83_t959
17340,q16_t959
17340,q16_t960
17341,q16_t960
17341,q16_t961
17342,q16_t961
17342,q16_t962
17342,q84_t961
17342,q84_t962
17343,q16_t962
17343,q16_t963
17344,q16_t963
17344,q16_t964
17345,q16_t964
17345,q16_t965
17345,q85_t964
17345,q85_t965
17346,q16_t965
17346,q16_t966
17347,q16_t966
17347,q16_t967
17348,q16_t967
17348,q16_t968
17348,q86_t967
17348,q86_t968
17349,q16_t968
17349,q16_t969
17350,q16_t969
17350,q16_t970
17351,q16_t970
17351,q16_t971
17351,q87_t970
17351,q87_t971
17352,q16_t971
17352,q16_t972
17353,q16_t972
17353,q16_t973
17354,q16_t973
17354,q16_t974
17354,q88_t973
17354,q88_t974
17355,q16_t974
17355,q16_t975
17356,q16_t975
17356,q16_t976
17357,q16_t976
17357,q16_t977
17357,q89_t976
17357,q89_t977
17358,q16_t977
17358,q16_t978
17359,q16_t978
17359,q16_t979
17360,q16_t979
17360,q16_t980
17360,q90_t979
17360,q90_t980
17361,q16_t98
17361,q16_t99
17361,q17_t98
17361,q17_t99
17362,q16_t980
17362,q16_t981
17363,q16_t981
17363,q16_t982
17364,q16_t982
17364,q16_t983
17364,q91_t982
17364,q91_t983
17365,q16_t983
17365,q16_t984
17366,q16_t984
17366,q16_t985
17367,q16_t985
17367,q16_t986
17367,q92_t985
17367,q92_t986
17368,q16_t986
17368,q16_t987
17369,q16_t987
17369,q16_t988
17370,q16_t988
17370,q16_t989
17370,q93_t988
17370,q93_t989
17371,q16_t989
17371,q16_t990
17372,q16_t990
17372,q16_t991
17373,q16_t991
17373,q16_t992
17373,q94_t991
17373,q94_t992
17374,q16_t992
17374,q16_t993
17375,q16_t993
17375,q16_t994
17376,q16_t994
17376,q16_t995
17376,q95_t994
17376,q95_t995
17377,q16_t995
17377,q16_t996
17378,q16_t996
17378,q16_t997
17379,q16_t997
17379,q16_t998
17379,q96_t997
17379,q96_t998
17380,q16_t998
17380,q16_t999
17381,q17_t0
17381,q17_t1
17382,q17_t1
17382,q17_t50
17383,q17_t100
17383,q17_t104
17384,q17_t100
17384,q17_t99
17385,q17_t1000
17385,q17_t1001
17385,q96_t1000
17385,q96_t1001
17386,q17_t1000
17386,q17_t999
17387,q17_t1001
17387,q17_t1002
17388,q17_t1002
17388,q17_t1003
17389,q17_t1003
17389,q17_t1004
17389,q97_t1003
17389,q97_t1004
17390,q17_t1004
17390,q17_t1005
17391,q17_t1005
17391,q17_t1006
17392,q17_t1006
17392,q17_t1007
17392,q98_t1006
17392,q98_t1007
17393,q17_t1007
17393,q17_t1008
17394,q17_t1008
17394,q17_t1009
17395,q17_t1009
17395,q17_t1010
17395,q99_t1009
17395,q99_t1010
17396,q17_t1010
17396,q17_t1011
17397,q17_t1011
17397,q17_t1012
17398,q17_t1013
17398,q17_t1014
17399,q17_t1014
17399,q17_t1015
17400,q17_t1016
17400,q17_t1017
17401,q17_t1017
17401,q17_t1018
17402,q17_t1019
17402,q17_t1020
17403,q17_t1020
17403,q17_t1021
17404,q17_t1022
17404,q17_t1023
17405,q17_t1023
17405,q17_t1024
17406,q17_t1025
17406,q17_t1026
17407,q17_t1026
17407,q17_t1027
17408,q17_t1028
17408,q17_t1029
17409,q17_t1029
17409,q17_t1030
17410,q17_t1031
17410,q17_t1032
17411,q17_t1032
17411,q17_t1033
17412,q17_t1034
17412,q17_t1035
17413,q17_t1035
17413,q17_t1036
17414,q17_t1037
17414,q17_t1038
17415,q17_t1038
17415,q17_t1039
17416,q17_t104
17416,q17_t105
17416,q18_t104
17416,q18_t105
17417,q17_t1040
17417,q17_t1041
17418,q17_t1041
17418,q17_t1042
17419,q17_t105
17419,q17_t106
17420,q17_t106
17420,q17_t107
17421,q17_t107
17421,q17_t108
17421,q19_t107
17421,q19_t108
17422,q17_t108
17422,q17_t109
17423,q17_t109
17423,q17_t110
17424,q17_t110
17424,q17_t111
17424,q20_t110
17424,q20_t111
17425,q17_t111
17425,q17_t112
17426,q17_t112
17426,q17_t113
17427,q17_t113
17427,q17_t114
17427,q21_t113
17427,q21_t114
17428,q17_t114
17428,q17_t115
17429,q17_t115
17429,q17_t116
17430,q17_t116
17430,q17_t117
17430,q22_t116
17430,q22_t117
17431,q17_t117
17431,q17_t118
17432,q17_t118
17432,q17_t119
17433,q17_t119
17433,q17_t120
17433,q23_t119
17433,q23_t120
17434,q17_t120
17434,q17_t121
17435,q17_t121
17435,q17_t122
17436,q17_t122
17436,q17_t123
17436,q24_t122
17436,q24_t123
17437,q17_t123
17437,q17_t124
17438,q17_t124
17438,q17_t125
17439,q17_t125
17439,q17_t126
17439,q25_t125
17439,q25_t126
17440,q17_t126
17440,q17_t127
17441,q17_t127
17441,q17_t128
17442,q17_t128
17442,q17_t129
17442,q26_t128
17442,q26_t129
17443,q17_t129
17443,q17_t130
17444,q17_t130
17444,q17_t131
17445,q17_t131
17445,q17_t132
17445,q27_t131
17445,q27_t132
17446,q17_t132
17446,q17_t133
17447,q17_t133
17447,q17_t134
17448,q17_t134
17448,q17_t135
17448,q28_t134
17448,q28_t135
17449,q17_t135
17449,q17_t136
17450,q17_t136
17450,q17_t137
17451,q17_t137
17451,q17_t138
17451,q29_t137
17451,q29_t138
17452,q17_t138
17452,q17_t139
17453,q17_t139
17453,q17_t140
17454,q17_t140
17454,q17_t141
17454,q30_t140
17454,q30_t141
17455,q17_t141
17455,q17_t142
17456,q17_t142
17456,q17_t143
17457,q17_t143
17457,q17_t144
17457,q31_t143
17457,q31_t144
17458,q17_t144
17458,q17_t145
17459,q17_t145
17459,q17_t146
17460,q17_t146
17460,q17_t147
17460,q32_t146
17460,q32_t147
17461,q17_t147
17461,q17_t148
17462,q17_t148
17462,q17_t149
17463,q17_t149
17463,q17_t150
17463,q33_t149
17463,q33_t150
17464,q17_t150
17464,q17_t151
17465,q17_t151
17465,q17_t152
17466,q17_t152
17466,q17_t153
17466,q34_t152
17466,q34_t153
17467,q17_t153
17467,q17_t154
17468,q17_t154
17468,q17_t155
17469,q17_t155
17469,q17_t156
17469,q35_t155
17469,q35_t156
17470,q17_t156
17470,q17_t157
17471,q17_t157
17471,q17_t158
17472,q17_t158
17472,q17_t159
17472,q36_t158
17472,q36_t159
17473,q17_t159
17473,q17_t160
17474,q17_t160
17474,q17_t161
17475,q17_t161
17475,q17_t162
17475,q37_t161
17475,q37_t162
17476,q17_t162
17476,q17_t163
17477,q17_t163
17477,q17_t164
17478,q17_t164
17478,q17_t165
17478,q38_t164
17478,q38_t165
17479,q17_t165
17479,q17_t166
17480,q17_t166
17480,q17_t167
17481,q17_t167
17481,q17_t168
17481,q39_t167
17481,q39_t168
17482,q17_t168
17482,q17_t169
17483,q17_t169
17483,q17_t170
17484,q17_t170
17484,q17_t171
17484,q40_t170
17484,q40_t171
17485,q17_t171
17485,q17_t172
17486,q17_t172
17486,q17_t173
17487,q17_t173
17487,q17_t174
17487,q41_t173
17487,q41_t174
17488,q17_t174
17488,q17_t175
17489,q17_t175
17489,q17_t176
17490,q17_t176
17490,q17_t177
17490,q42_t176
17490,q42_t177
17491,q17_t177
17491,q17_t178
17492,q17_t178
17492,q17_t179
17493,q17_t179
17493,q17_t180
17493,q43_t179
17493,q43_t180
17494,q17_t180
17494,q17_t181
17495,q17_t181
17495,q17_t182
17496,q17_t182
17496,q17_t183
17496,q44_t182
17496,q44_t183
17497,q17_t183
17497,q17_t184
17498,q17_t184
17498,q17_t185
17499,q17_t185
17499,q17_t186
17499,q45_t185
17499,q45_t186
17500,q17_t186
17500,q17_t187
17501,q17_t187
17501,q17_t188
17502,q17_t188
17502,q17_t189
17502,q46_t188
17502,q46_t189
17503,q17_t189
17503,q17_t190
17504,q17_t190
17504,q17_t191
17505,q17_t191
17505,q17_t192
17505,q47_t191
17505,q47_t192
17506,q17_t192
17506,q17_t193
17507,q17_t193
17507,q17_t194
17508,q17_t194
17508,q17_t195
17508,q48_t194
17508,q48_t195
17509,q17_t195
17509,q17_t196
17510,q17_t196
17510,q17_t197
17511,q17_t197
17511,q17_t198
17511,q49_t197
17511,q49_t198
17512,q17_t198
17512,q17_t199
17513,q17_t199
17513,q17_t200
17514,q17_t200
17514,q17_t201
17514,q50_t200
17514,q50_t201
17515,q17_t201
17515,q17_t202
17516,q17_t202
17516,q17_t203
17517,q17_t203
17517,q17_t204
17517,q51_t203
17517,q51_t204
17518,q17_t204
17518,q17_t205
17519,q17_t205
17519,q17_t206
17520,q17_t206
17520,q17_t207
17520,q52_t206
17520,q52_t207
17521,q17_t207
17521,q17_t208
17522,q17_t208
17522,q17_t209
17523,q17_t209
17523,q17_t210
17523,q53_t209
17523,q53_t210
17524,q17_t210
17524,q17_t211
17525,q17_t211
17525,q17_t212
17526,q17_t212
17526,q17_t213
17526,q54_t212
17526,q54_t213
17527,q17_t213
17527,q17_t214
17528,q17_t214
17528,q17_t215
17529,q17_t215
17529,q17_t216
17529,q55_t215
17529,q55_t216
17530,q17_t216
17530,q17_t217
17531,q17_t217
17531,q17_t218
17532,q17_t218
17532,q17_t219
17532,q56_t218
17532,q56_t219
17533,q17_t219
17533,q17_t220
17534,q17_t220
17534,q17_t221
17535,q17_t221
17535,q17_t222
17535,q57_t221
17535,q57_t222
17536,q17_t222
17536,q17_t223
17537,q17_t223
17537,q17_t224
17538,q17_t224
17538,q17_t225
17538,q58_t224
17538,q58_t225
17539,q17_t225
17539,q17_t226
17540,q17_t226
17540,q17_t227
17541,q17_t227
17541,q17_t228
17541,q59_t227
17541,q59_t228
17542,q17_t228
17542,q17_t229
17543,q17_t229
17543,q17_t230
17544,q17_t230
17544,q17_t231
17544,q60_t230
17544,q60_t231
17545,q17_t231
17545,q17_t232
17546,q17_t232
17546,q17_t233
17547,q17_t233
17547,q17_t234
17547,q61_t233
17547,q61_t234
17548,q17_t234
17548,q17_t235
17549,q17_t235
17549,q17_t236
17550,q17_t236
17550,q17_t237
17550,q62_t236
17550,q62_t237
17551,q17_t237
17551,q17_t238
17552,q17_t238
17552,q17_t239
17553,q17_t239
17553,q17_t240
17553,q63_t239
17553,q63_t240
17554,q17_t240
17554,q17_t241
17555,q17_t241
17555,q17_t242
17556,q17_t242
17556,q17_t243
17556,q64_t242
17556,q64_t243
17557,q17_t243
17557,q17_t244
17558,q17_t244
17558,q17_t245
17559,q17_t245
17559,q17_t246
17559,q65_t245
17559,q65_t246
17560,q17_t246
17560,q17_t247
17561,q17_t247
17561,q17_t248
17562,q17_t248
17562,q17_t249
17562,q66_t248
17562,q66_t249
17563,q17_t249
17563,q17_t250
17564,q17_t250
17564,q17_t251
17565,q17_t251
17565,q17_t252
17565,q67_t251
17565,q67_t252
17566,q17_t252
17566,q17_t253
17567,q17_t253
17567,q17_t254
17568,q17_t254
17568,q17_t255
17568,q68_t254
17568,q68_t255
17569,q17_t255
17569,q17_t256
17570,q17_t256
17570,q17_t257
17571,q17_t257
17571,q17_t258
17571,q69_t257
17571,q69_t258
17572,q17_t258
17572,q17_t259
17573,q17_t259
17573,q17_t260
17574,q17_t260
17574,q17_t261
17574,q70_t260
17574,q70_t261
17575,q17_t261
17575,q17_t262
17576,q17_t262
17576,q17_t263
17577,q17_t263
17577,q17_t264
17577,q71_t263
17577,q71_t264
17578,q17_t264
17578,q17_t265
17579,q17_t265
17579,q17_t266
17580,q17_t266
17580,q17_t267
17580,q72_t266
17580,q72_t267
17581,q17_t267
17581,q17_t268
17582,q17_t268
17582,q17_t269
17583,q17_t269
17583,q17_t270
17583,q73_t269
17583,q73_t270
17584,q17_t270
17584,q17_t271
17585,q17_t271
17585,q17_t272
17586,q17_t272
17586,q17_t273
17586,q74_t272
17586,q74_t273
17587,q17_t273
17587,q17_t274
17588,q17_t274
17588,q17_t275
17589,q17_t275
17589,q17_t276
17589,q75_t275
17589,q75_t276
17590,q17_t276
17590,q17_t277
17591,q17_t277
17591,q17_t278
17592,q17_t278
17592,q17_t279
17592,q76_t278
17592,q76_t279
17593,q17_t279
17593,q17_t280
17594,q17_t280
17594,q17_t281
17595,q17_t281
17595,q17_t282
17595,q77_t281
17595,q77_t282
17596,q17_t282
17596,q17_t283
17597,q17_t283
17597,q17_t284
17598,q17_t284
17598,q17_t285
17598,q78_t284
17598,q78_t285
17599,q17_t285
17599,q17_t286
17600,q17_t286
17600,q17_t287
17601,q17_t287
17601,q17_t288
17601,q79_t287
17601,q79_t288
17602,q17_t288
17602,q17_t289
17603,q17_t289
17603,q17_t290
17604,q17_t290
17604,q17_t291
17604,q80_t290
17604,q80_t291
17605,q17_t291
17605,q17_t292
17606,q17_t292
17606,q17_t293
17607,q17_t293
17607,q17_t294
17607,q81_t293
17607,q81_t294
17608,q17_t294
17608,q17_t295
17609,q17_t295
17609,q17_t296
17610,q17_t296
17610,q17_t297
17610,q82_t296
17610,q82_t297
17611,q17_t297
17611,q17_t298
17612,q17_t298
17612,q17_t299
17613,q17_t299
17613,q17_t300
17613,q83_t299
17613,q83_t300
17614,q17_t300
17614,q17_t301
17615,q17_t301
17615,q17_t302
17616,q17_t302
17616,q17_t303
17616,q84_t302
17616,q84_t303
17617,q17_t303
17617,q17_t304
17618,q17_t304
17618,q17_t305
17619,q17_t305
17619,q17_t306
17619,q85_t305
17619,q85_t306
17620,q17_t306
17620,q17_t307
17621,q17_t307
17621,q17_t308
17622,q17_t308
17622,q17_t309
17622,q86_t308
17622,q86_t309
17623,q17_t309
17623,q17_t310
17624,q17_t310
17624,q17_t311
17625,q17_t311
17625,q17_t312
17625,q87_t311
17625,q87_t312
17626,q17_t312
17626,q17_t313
17627,q17_t313
17627,q17_t314
17628,q17_t314
17628,q17_t315
17628,q88_t314
17628,q88_t315
17629,q17_t315
17629,q17_t316
17630,q17_t316
17630,q17_t317
17631,q17_t317
17631,q17_t318
17631,q89_t317
17631,q89_t318
17632,q17_t318
17632,q17_t319
17633,q17_t319
17633,q17_t320
17634,q17_t320
17634,q17_t321
17634,q90_t320
17634,q90_t321
17635,q17_t321
17635,q17_t322
17636,q17_t322
17636,q17_t323
17637,q17_t323
17637,q17_t324
17637,q91_t323
17637,q91_t324
17638,q17_t324
17638,q17_t325
17639,q17_t325
17639,q17_t326
17640,q17_t326
17640,q17_t327
17640,q92_t326
17640,q92_t327
17641,q17_t327
17641,q17_t328
17642,q17_t328
17642,q17_t329
17643,q17_t329
17643,q17_t330
17643,q93_t329
17643,q93_t330
17644,q17_t330
17644,q17_t331
17645,q17_t331
17645,q17_t332
17646,q17_t332
17646,q17_t333
17646,q94_t332
17646,q94_t333
17647,q17_t333
17647,q17_t334
17648,q17_t334
17648,q17_t335
17649,q17_t335
17649,q17_t336
17649,q95_t335
17649,q95_t336
17650,q17_t336
17650,q17_t337
17651,q17_t337
17651,q17_t338
17652,q17_t338
17652,q17_t339
17652,q96_t338
17652,q96_t339
17653,q17_t339
17653,q17_t340
17654,q17_t340
17654,q17_t341
17655,q17_t341
17655,q17_t342
17655,q97_t341
17655,q97_t342
17656,q17_t342
17656,q17_t343
17657,q17_t343
17657,q17_t344
17658,q17_t344
17658,q17_t345
17658,q98_t344
17658,q98_t345
17659,q17_t345
17659,q17_t346
17660,q17_t346
17660,q17_t347
17661,q17_t347
17661,q17_t348
17661,q99_t347
17661,q99_t348
17662,q17_t348
17662,q17_t349
17663,q17_t349
17663,q17_t350
17664,q17_t351
17664,q17_t352
17665,q17_t352
17665,q17_t353
17666,q17_t354
17666,q17_t355
17667,q17_t355
17667,q17_t356
17668,q17_t357
17668,q17_t358
17669,q17_t358
17669,q17_t359
17670,q17_t360
17670,q17_t361
17671,q17_t361
17671,q17_t362
17672,q17_t363
17672,q17_t364
17673,q17_t364
17673,q17_t365
17674,q17_t366
17674,q17_t367
17675,q17_t367
17675,q17_t368
17676,q17_t369
17676,q17_t370
17677,q17_t370
17677,q17_t371
17678,q17_t372
17678,q17_t373
17679,q17_t373
17679,q17_t374
17680,q17_t375
17680,q17_t376
17681,q17_t376
17681,q17_t377
17682,q17_t378
17682,q17_t379
17683,q17_t379
17683,q17_t380
17684,q17_t380
17684,q17_t381
17685,q17_t382
17685,q17_t383
17686,q17_t383
17686,q17_t384
17687,q17_t384
17687,q17_t385
17687,q1_t384
17687,q1_t385
17688,q17_t385
17688,q17_t386
17689,q17_t386
17689,q17_t387
17690,q17_t387
17690,q17_t388
17690,q2_t387
17690,q2_t388
17691,q17_t388
17691,q17_t389
17692,q17_t389
17692,q17_t390
17693,q17_t390
17693,q17_t391
17693,q3_t390
17693,q3_t391
17694,q17_t391
17694,q17_t392
17695,q17_t392
17695,q17_t393
17696,q17_t393
17696,q17_t394
17696,q4_t393
17696,q4_t394
17697,q17_t394
17697,q17_t395
17698,q17_t395
17698,q17_t396
17699,q17_t396
17699,q17_t397
17699,q5_t396
17699,q5_t397
17700,q17_t397
17700,q17_t398
17701,q17_t398
17701,q17_t399
17702,q17_t399
17702,q17_t400
17702,q6_t399
17702,q6_t400
17703,q17_t400
17703,q17_t401
17704,q17_t401
17704,q17_t402
17705,q17_t402
17705,q17_t403
17705,q7_t402
17705,q7_t403
17706,q17_t403
17706,q17_t404
17707,q17_t404
17707,q17_t405
17708,q17_t405
17708,q17_t406
17708,q8_t405
17708,q8_t406
17709,q17_t406
17709,q17_t407
17710,q17_t407
17710,q17_t408
17711,q17_t408
17711,q17_t409
17711,q9_t408
17711,q9_t409
17712,q17_t409
17712,q17_t410
17713,q17_t410
17713,q17_t411
17714,q17_t412
17714,q17_t413
17715,q17_t413
17715,q17_t414
17716,q17_t415
17716,q17_t416
17717,q17_t416
17717,q17_t417
17718,q17_t418
17718,q17_t419
17719,q17_t419
17719,q17_t420
17720,q17_t421
17720,q17_t422
17721,q17_t422
17721,q17_t423
17722,q17_t424
17722,q17_t425
17723,q17_t425
17723,q17_t426
17724,q17_t427
17724,q17_t428
17725,q17_t428
17725,q17_t429
17726,q17_t430
17726,q17_t431
17727,q17_t431
17727,q17_t435
17728,q17_t435
17728,q17_t436
17728,q18_t435
17728,q18_t436
17729,q17_t436
17729,q17_t437
17730,q17_t437
17730,q17_t438
17731,q17_t438
17731,q17_t439
17731,q19_t438
17731,q19_t439
17732,q17_t439
17732,q17_t440
17733,q17_t440
17733,q17_t441
17734,q17_t441
17734,q17_t442
17734,q20_t441
17734,q20_t442
17735,q17_t442
17735,q17_t443
17736,q17_t443
17736,q17_t444
17737,q17_t444
17737,q17_t445
17737,q21_t444
17737,q21_t445
17738,q17_t445
17738,q17_t446
17739,q17_t446
17739,q17_t447
17740,q17_t447
17740,q17_t448
17740,q22_t447
17740,q22_t448
17741,q17_t448
17741,q17_t449
17742,q17_t449
17742,q17_t450
17743,q17_t450
17743,q17_t451
17743,q23_t450
17743,q23_t451
17744,q17_t451
17744,q17_t452
17745,q17_t452
17745,q17_t453
17746,q17_t453
17746,q17_t454
17746,q24_t453
17746,q24_t454
17747,q17_t454
17747,q17_t455
17748,q17_t455
17748,q17_t456
17749,q17_t456
17749,q17_t457
17749,q25_t456
17749,q25_t457
17750,q17_t457
17750,q17_t458
17751,q17_t458
17751,q17_t459
17752,q17_t459
17752,q17_t460
17752,q26_t459
17752,q26_t460
17753,q17_t460
17753,q17_t461
17754,q17_t461
17754,q17_t462
17755,q17_t462
17755,q17_t463
17755,q27_t462
17755,q27_t463
17756,q17_t463
17756,q17_t464
17757,q17_t464
17757,q17_t465
17758,q17_t465
17758,q17_t466
17758,q28_t465
17758,q28_t466
17759,q17_t466
17759,q17_t467
17760,q17_t467
17760,q17_t468
17761,q17_t468
17761,q17_t469
17761,q29_t468
17761,q29_t469
17762,q17_t469
17762,q17_t470
17763,q17_t470
17763,q17_t471
17764,q17_t471
17764,q17_t472
17764,q30_t471
17764,q30_t472
17765,q17_t472
17765,q17_t473
17766,q17_t473
17766,q17_t474
17767,q17_t474
17767,q17_t475
17767,q31_t474
17767,q31_t475
17768,q17_t475
17768,q17_t476
17769,q17_t476
17769,q17_t477
17770,q17_t477
17770,q17_t478
17770,q32_t477
17770,q32_t478
17771,q17_t478
17771,q17_t479
17772,q17_t479
17772,q17_t480
17773,q17_t480
17773,q17_t481
17773,q33_t480
17773,q33_t481
17774,q17_t481
17774,q17_t482
17775,q17_t482
17775,q17_t483
17776,q17_t483
17776,q17_t484
17776,q34_t483
17776,q34_t484
17777,q17_t484
17777,q17_t485
17778,q17_t485
17778,q17_t486
17779,q17_t486
17779,q17_t487
17779,q35_t486
17779,q35_t487
17780,q17_t487
17780,q17_t488
17781,q17_t488
17781,q17_t489
17782,q17_t489
17782,q17_t490
17782,q36_t489
17782,q36_t490
17783,q17_t490
17783,q17_t491
17784,q17_t491
17784,q17_t492
17785,q17_t492
17785,q17_t493
17785,q37_t492
17785,q37_t493
17786,q17_t493
17786,q17_t494
17787,q17_t494
17787,q17_t495
17788,q17_t495
17788,q17_t496
17788,q38_t495
17788,q38_t496
17789,q17_t496
17789,q17_t497
17790,q17_t497
17790,q17_t498
17791,q17_t498
17791,q17_t499
17791,q39_t498
17791,q39_t499
17792,q17_t499
17792,q17_t500
17793,q17_t500
17793,q17_t501
17794,q17_t501
17794,q17_t502
17794,q40_t501
17794,q40_t502
17795,q17_t502
17795,q17_t503
17796,q17_t503
17796,q17_t504
17797,q17_t504
17797,q17_t505
17797,q41_t504
17797,q41_t505
17798,q17_t505
17798,q17_t506
17799,q17_t506
17799,q17_t507
17800,q17_t507
17800,q17_t508
17800,q42_t507
17800,q42_t508
17801,q17_t508
17801,q17_t509
17802,q17_t509
17802,q17_t510
17803,q17_t51
17803,q17_t52
17804,q17_t510
17804,q17_t511
17804,q43_t510
17804,q43_t511
17805,q17_t511
17805,q17_t512
17806,q17_t512
17806,q17_t513
17807,q17_t513
17807,q17_t514
17807,q44_t513
17807,q44_t514
17808,q17_t514
17808,q17_t515
17809,q17_t515
17809,q17_t516
17810,q17_t516
17810,q17_t517
17810,q45_t516
17810,q45_t517
17811,q17_t517
17811,q17_t518
17812,q17_t518
17812,q17_t519
17813,q17_t519
17813,q17_t520
17813,q46_t519
17813,q46_t520
17814,q17_t52
17814,q17_t53
17815,q17_t520
17815,q17_t521
17816,q17_t521
17816,q17_t522
17817,q17_t522
17817,q17_t523
17817,q47_t522
17817,q47_t523
17818,q17_t523
17818,q17_t524
17819,q17_t524
17819,q17_t525
17820,q17_t525
17820,q17_t526
17820,q48_t525
17820,q48_t526
17821,q17_t526
17821,q17_t527
17822,q17_t527
17822,q17_t528
17823,q17_t528
17823,q17_t529
17823,q49_t528
17823,q49_t529
17824,q17_t529
17824,q17_t530
17825,q17_t53
17825,q17_t54
17825,q1_t53
17825,q1_t54
17826,q17_t530
17826,q17_t531
17827,q17_t531
17827,q17_t532
17827,q50_t531
17827,q50_t532
17828,q17_t532
17828,q17_t533
17829,q17_t533
17829,q17_t534
17830,q17_t534
17830,q17_t535
17830,q51_t534
17830,q51_t535
17831,q17_t535
17831,q17_t536
17832,q17_t536
17832,q17_t537
17833,q17_t537
17833,q17_t538
17833,q52_t537
17833,q52_t538
17834,q17_t538
17834,q17_t539
17835,q17_t539
17835,q17_t540
17836,q17_t54
17836,q17_t55
17837,q17_t540
17837,q17_t541
17837,q53_t540
17837,q53_t541
17838,q17_t541
17838,q17_t542
17839,q17_t542
17839,q17_t543
17840,q17_t543
17840,q17_t544
17840,q54_t543
17840,q54_t544
17841,q17_t544
17841,q17_t545
17842,q17_t545
17842,q17_t546
17843,q17_t546
17843,q17_t547
17843,q55_t546
17843,q55_t547
17844,q17_t547
17844,q17_t548
17845,q17_t548
17845,q17_t549
17846,q17_t549
17846,q17_t550
17846,q56_t549
17846,q56_t550
17847,q17_t55
17847,q17_t56
17848,q17_t550
17848,q17_t551
17849,q17_t551
17849,q17_t552
17850,q17_t552
17850,q17_t553
17850,q57_t552
17850,q57_t553
17851,q17_t553
17851,q17_t554
17852,q17_t554
17852,q17_t555
17853,q17_t555
17853,q17_t556
17853,q58_t555
17853,q58_t556
17854,q17_t556
17854,q17_t557
17855,q17_t557
17855,q17_t558
17856,q17_t558
17856,q17_t559
17856,q59_t558
17856,q59_t559
17857,q17_t559
17857,q17_t560
17858,q17_t56
17858,q17_t57
17858,q2_t56
17858,q2_t57
17859,q17_t560
17859,q17_t561
17860,q17_t561
17860,q17_t562
17860,q60_t561
17860,q60_t562
17861,q17_t562
17861,q17_t563
17862,q17_t563
17862,q17_t564
17863,q17_t564
17863,q17_t565
17863,q61_t564
17863,q61_t565
17864,q17_t565
17864,q17_t566
17865,q17_t566
17865,q17_t567
17866,q17_t567
17866,q17_t568
17866,q62_t567
17866,q62_t568
17867,q17_t568
17867,q17_t569
17868,q17_t569
17868,q17_t570
17869,q17_t57
17869,q17_t58
17870,q17_t570
17870,q17_t571
17870,q63_t570
17870,q63_t571
17871,q17_t571
17871,q17_t572
17872,q17_t572
17872,q17_t573
17873,q17_t573
17873,q17_t574
17873,q64_t573
17873,q64_t574
17874,q17_t574
17874,q17_t575
17875,q17_t575
17875,q17_t576
17876,q17_t576
17876,q17_t577
17876,q65_t576
17876,q65_t577
17877,q17_t577
17877,q17_t578
17878,q17_t578
17878,q17_t579
17879,q17_t579
17879,q17_t580
17879,q66_t579
17879,q66_t580
17880,q17_t58
17880,q17_t59
17881,q17_t580
17881,q17_t581
17882,q17_t581
17882,q17_t582
17883,q17_t582
17883,q17_t583
17883,q67_t582
17883,q67_t583
17884,q17_t583
17884,q17_t584
17885,q17_t584
17885,q17_t585
17886,q17_t585
17886,q17_t586
17886,q68_t585
17886,q68_t586
17887,q17_t586
17887,q17_t587
17888,q17_t587
17888,q17_t588
17889,q17_t588
17889,q17_t589
17889,q69_t588
17889,q69_t589
17890,q17_t589
17890,q17_t590
17891,q17_t59
17891,q17_t60
17891,q3_t59
17891,q3_t60
17892,q17_t590
17892,q17_t591
17893,q17_t591
17893,q17_t592
17893,q70_t591
17893,q70_t592
17894,q17_t592
17894,q17_t593
17895,q17_t593
17895,q17_t594
17896,q17_t594
17896,q17_t595
17896,q71_t594
17896,q71_t595
17897,q17_t595
17897,q17_t596
17898,q17_t596
17898,q17_t597
17899,q17_t597
17899,q17_t598
17899,q72_t597
17899,q72_t598
17900,q17_t598
17900,q17_t599
17901,q17_t599
17901,q17_t600
17902,q17_t60
17902,q17_t61
17903,q17_t600
17903,q17_t601
17903,q73_t600
17903,q73_t601
17904,q17_t601
17904,q17_t602
17905,q17_t602
17905,q17_t603
17906,q17_t603
17906,q17_t604
17906,q74_t603
17906,q74_t604
17907,q17_t604
17907,q17_t605
17908,q17_t605
17908,q17_t606
17909,q17_t606
17909,q17_t607
17909,q75_t606
17909,q75_t607
17910,q17_t607
17910,q17_t608
17911,q17_t608
17911,q17_t609
17912,q17_t609
17912,q17_t610
17912,q76_t609
17912,q76_t610
17913,q17_t61
17913,q17_t62
17914,q17_t610
17914,q17_t611
17915,q17_t611
17915,q17_t612
17916,q17_t612
17916,q17_t613
17916,q77_t612
17916,q77_t613
17917,q17_t613
17917,q17_t614
17918,q17_t614
17918,q17_t615
17919,q17_t615
17919,q17_t616
17919,q78_t615
17919,q78_t616
17920,q17_t616
17920,q17_t617
17921,q17_t617
17921,q17_t618
17922,q17_t618
17922,q17_t619
17922,q79_t618
17922,q79_t619
17923,q17_t619
17923,q17_t620
17924,q17_t62
17924,q17_t63
17924,q4_t62
17924,q4_t63
17925,q17_t620
17925,q17_t621
17926,q17_t621
17926,q17_t622
17926,q80_t621
17926,q80_t622
17927,q17_t622
17927,q17_t623
17928,q17_t623
17928,q17_t624
17929,q17_t624
17929,q17_t625
17929,q81_t624
17929,q81_t625
17930,q17_t625
17930,q17_t626
17931,q17_t626
17931,q17_t627
17932,q17_t627
17932,q17_t628
17932,q82_t627
17932,q82_t628
17933,q17_t628
17933,q17_t629
17934,q17_t629
17934,q17_t630
17935,q17_t63
17935,q17_t64
17936,q17_t630
17936,q17_t631
17936,q83_t630
17936,q83_t631
17937,q17_t631
17937,q17_t632
17938,q17_t632
17938,q17_t633
17939,q17_t633
17939,q17_t634
17939,q84_t633
17939,q84_t634
17940,q17_t634
17940,q17_t635
17941,q17_t635
17941,q17_t636
17942,q17_t636
17942,q17_t637
17942,q85_t636
17942,q85_t637
17943,q17_t637
17943,q17_t638
17944,q17_t638
17944,q17_t639
17945,q17_t639
17945,q17_t640
17945,q86_t639
17945,q86_t640
17946,q17_t64
17946,q17_t65
17947,q17_t640
17947,q17_t641
17948,q17_t641
17948,q17_t642
17949,q17_t642
17949,q17_t643
17949,q87_t642
17949,q87_t643
17950,q17_t643
17950,q17_t644
17951,q17_t644
17951,q17_t645
17952,q17_t645
17952,q17_t646
17952,q88_t645
17952,q88_t646
17953,q17_t646
17953,q17_t647
17954,q17_t647
17954,q17_t648
17955,q17_t648
17955,q17_t649
17955,q89_t648
17955,q89_t649
17956,q17_t649
17956,q17_t650
17957,q17_t65
17957,q17_t66
17957,q5_t65
17957,q5_t66
17958,q17_t650
17958,q17_t651
17959,q17_t651
17959,q17_t652
17959,q90_t651
17959,q90_t652
17960,q17_t652
17960,q17_t653
17961,q17_t653
17961,q17_t654
17962,q17_t654
17962,q17_t655
17962,q91_t654
17962,q91_t655
17963,q17_t655
17963,q17_t656
17964,q17_t656
17964,q17_t657
17965,q17_t657
17965,q17_t658
17965,q92_t657
17965,q92_t658
17966,q17_t658
17966,q17_t659
17967,q17_t659
17967,q17_t660
17968,q17_t66
17968,q17_t67
17969,q17_t660
17969,q17_t661
17969,q93_t660
17969,q93_t661
17970,q17_t661
17970,q17_t662
17971,q17_t662
17971,q17_t663
17972,q17_t663
17972,q17_t664
17972,q94_t663
17972,q94_t664
17973,q17_t664
17973,q17_t665
17974,q17_t665
17974,q17_t666
17975,q17_t666
17975,q17_t667
17975,q95_t666
17975,q95_t667
17976,q17_t667
17976,q17_t668
17977,q17_t668
17977,q17_t669
17978,q17_t669
17978,q17_t670
17978,q96_t669
17978,q96_t670
17979,q17_t67
17979,q17_t68
17980,q17_t670
17980,q17_t671
17981,q17_t671
17981,q17_t672
17982,q17_t672
17982,q17_t673
17982,q97_t672
17982,q97_t673
17983,q17_t673
17983,q17_t674
17984,q17_t674
17984,q17_t675
17985,q17_t675
17985,q17_t676
17985,q98_t675
17985,q98_t676
17986,q17_t676
17986,q17_t677
17987,q17_t677
17987,q17_t678
17988,q17_t678
17988,q17_t679
17988,q99_t678
17988,q99_t679
17989,q17_t679
17989,q17_t680
17990,q17_t68
17990,q17_t69
17990,q6_t68
17990,q6_t69
17991,q17_t680
17991,q17_t681
17992,q17_t682
17992,q17_t683
17993,q17_t683
17993,q17_t684
17994,q17_t685
17994,q17_t686
17995,q17_t686
17995,q17_t687
17996,q17_t688
17996,q17_t689
17997,q17_t689
17997,q17_t690
17998,q17_t69
17998,q17_t70
17999,q17_t691
17999,q17_t692
18000,q17_t692
18000,q17_t693
18001,q17_t694
18001,q17_t695
18002,q17_t695
18002,q17_t696
18003,q17_t697
18003,q17_t698
18004,q17_t698
18004,q17_t699
18005,q17_t70
18005,q17_t71
18006,q17_t700
18006,q17_t701
18007,q17_t701
18007,q17_t702
18008,q17_t703
18008,q17_t704
18009,q17_t704
18009,q17_t705
18010,q17_t706
18010,q17_t707
18011,q17_t707
18011,q17_t708
18012,q17_t709
18012,q17_t710
18013,q17_t71
18013,q17_t72
18013,q7_t71
18013,q7_t72
18014,q17_t710
18014,q17_t711
18015,q17_t711
18015,q17_t712
18016,q17_t713
18016,q17_t714
18017,q17_t714
18017,q17_t715
18018,q17_t715
18018,q17_t716
18018,q1_t715
18018,q1_t716
18019,q17_t716
18019,q17_t717
18020,q17_t717
18020,q17_t718
18021,q17_t718
18021,q17_t719
18021,q2_t718
18021,q2_t719
18022,q17_t719
18022,q17_t720
18023,q17_t72
18023,q17_t73
18024,q17_t720
18024,q17_t721
18025,q17_t721
18025,q17_t722
18025,q3_t721
18025,q3_t722
18026,q17_t722
18026,q17_t723
18027,q17_t723
18027,q17_t724
18028,q17_t724
18028,q17_t725
18028,q4_t724
18028,q4_t725
18029,q17_t725
18029,q17_t726
18030,q17_t726
18030,q17_t727
18031,q17_t727
18031,q17_t728
18031,q5_t727
18031,q5_t728
18032,q17_t728
18032,q17_t729
18033,q17_t729
18033,q17_t730
18034,q17_t73
18034,q17_t74
18035,q17_t730
18035,q17_t731
18035,q6_t730
18035,q6_t731
18036,q17_t731
18036,q17_t732
18037,q17_t732
18037,q17_t733
18038,q17_t733
18038,q17_t734
18038,q7_t733
18038,q7_t734
18039,q17_t734
18039,q17_t735
18040,q17_t735
18040,q17_t736
18041,q17_t736
18041,q17_t737
18041,q8_t736
18041,q8_t737
18042,q17_t737
18042,q17_t738
18043,q17_t738
18043,q17_t739
18044,q17_t739
18044,q17_t740
18044,q9_t739
18044,q9_t740
18045,q17_t74
18045,q17_t75
18045,q8_t74
18045,q8_t75
18046,q17_t740
18046,q17_t741
18047,q17_t741
18047,q17_t742
18048,q17_t743
18048,q17_t744
18049,q17_t744
18049,q17_t745
18050,q17_t746
18050,q17_t747
18051,q17_t747
18051,q17_t748
18052,q17_t749
18052,q17_t750
18053,q17_t75
18053,q17_t76
18054,q17_t750
18054,q17_t751
18055,q17_t752
18055,q17_t753
18056,q17_t753
18056,q17_t754
18057,q17_t755
18057,q17_t756
18058,q17_t756
18058,q17_t757
18059,q17_t758
18059,q17_t759
18060,q17_t759
18060,q17_t760
18061,q17_t76
18061,q17_t77
18062,q17_t761
18062,q17_t762
18063,q17_t762
18063,q17_t766
18064,q17_t766
18064,q17_t767
18064,q18_t766
18064,q18_t767
18065,q17_t767
18065,q17_t768
18066,q17_t768
18066,q17_t769
18067,q17_t769
18067,q17_t770
18067,q19_t769
18067,q19_t770
18068,q17_t77
18068,q17_t78
18068,q9_t77
18068,q9_t78
18069,q17_t770
18069,q17_t771
18070,q17_t771
18070,q17_t772
18071,q17_t772
18071,q17_t773
18071,q20_t772
18071,q20_t773
18072,q17_t773
18072,q17_t774
18073,q17_t774
18073,q17_t775
18074,q17_t775
18074,q17_t776
18074,q21_t775
18074,q21_t776
18075,q17_t776
18075,q17_t777
18076,q17_t777
18076,q17_t778
18077,q17_t778
18077,q17_t779
18077,q22_t778
18077,q22_t779
18078,q17_t779
18078,q17_t780
18079,q17_t78
18079,q17_t79
18080,q17_t780
18080,q17_t781
18081,q17_t781
18081,q17_t782
18081,q23_t781
18081,q23_t782
18082,q17_t782
18082,q17_t783
18083,q17_t783
18083,q17_t784
18084,q17_t784
18084,q17_t785
18084,q24_t784
18084,q24_t785
18085,q17_t785
18085,q17_t786
18086,q17_t786
18086,q17_t787
18087,q17_t787
18087,q17_t788
18087,q25_t787
18087,q25_t788
18088,q17_t788
18088,q17_t789
18089,q17_t789
18089,q17_t790
18090,q17_t79
18090,q17_t80
18091,q17_t790
18091,q17_t791
18091,q26_t790
18091,q26_t791
18092,q17_t791
18092,q17_t792
18093,q17_t792
18093,q17_t793
18094,q17_t793
18094,q17_t794
18094,q27_t793
18094,q27_t794
18095,q17_t794
18095,q17_t795
18096,q17_t795
18096,q17_t796
18097,q17_t796
18097,q17_t797
18097,q28_t796
18097,q28_t797
18098,q17_t797
18098,q17_t798
18099,q17_t798
18099,q17_t799
18100,q17_t799
18100,q17_t800
18100,q29_t799
18100,q29_t800
18101,q17_t800
18101,q17_t801
18102,q17_t801
18102,q17_t802
18103,q17_t802
18103,q17_t803
18103,q30_t802
18103,q30_t803
18104,q17_t803
18104,q17_t804
18105,q17_t804
18105,q17_t805
18106,q17_t805
18106,q17_t806
18106,q31_t805
18106,q31_t806
18107,q17_t806
18107,q17_t807
18108,q17_t807
18108,q17_t808
18109,q17_t808
18109,q17_t809
18109,q32_t808
18109,q32_t809
18110,q17_t809
18110,q17_t810
18111,q17_t81
18111,q17_t82
18112,q17_t810
18112,q17_t811
18113,q17_t811
18113,q17_t812
18113,q33_t811
18113,q33_t812
18114,q17_t812
18114,q17_t813
18115,q17_t813
18115,q17_t814
18116,q17_t814
18116,q17_t815
18116,q34_t814
18116,q34_t815
18117,q17_t815
18117,q17_t816
18118,q17_t816
18118,q17_t817
18119,q17_t817
18119,q17_t818
18119,q35_t817
18119,q35_t818
18120,q17_t818
18120,q17_t819
18121,q17_t819
18121,q17_t820
18122,q17_t82
18122,q17_t83
18123,q17_t820
18123,q17_t821
18123,q36_t820
18123,q36_t821
18124,q17_t821
18124,q17_t822
18125,q17_t822
18125,q17_t823
18126,q17_t823
18126,q17_t824
18126,q37_t823
18126,q37_t824
18127,q17_t824
18127,q17_t825
18128,q17_t825
18128,q17_t826
18129,q17_t826
18129,q17_t827
18129,q38_t826
18129,q38_t827
18130,q17_t827
18130,q17_t828
18131,q17_t828
18131,q17_t829
18132,q17_t829
18132,q17_t830
18132,q39_t829
18132,q39_t830
18133,q17_t830
18133,q17_t831
18134,q17_t831
18134,q17_t832
18135,q17_t832
18135,q17_t833
18135,q40_t832
18135,q40_t833
18136,q17_t833
18136,q17_t834
18137,q17_t834
18137,q17_t835
18138,q17_t835
18138,q17_t836
18138,q41_t835
18138,q41_t836
18139,q17_t836
18139,q17_t837
18140,q17_t837
18140,q17_t838
18141,q17_t838
18141,q17_t839
18141,q42_t838
18141,q42_t839
18142,q17_t839
18142,q17_t840
18143,q17_t84
18143,q17_t85
18144,q17_t840
18144,q17_t841
18145,q17_t841
18145,q17_t842
18145,q43_t841
18145,q43_t842
18146,q17_t842
18146,q17_t843
18147,q17_t843
18147,q17_t844
18148,q17_t844
18148,q17_t845
18148,q44_t844
18148,q44_t845
18149,q17_t845
18149,q17_t846
18150,q17_t846
18150,q17_t847
18151,q17_t847
18151,q17_t848
18151,q45_t847
18151,q45_t848
18152,q17_t848
18152,q17_t849
18153,q17_t849
18153,q17_t850
18154,q17_t85
18154,q17_t86
18155,q17_t850
18155,q17_t851
18155,q46_t850
18155,q46_t851
18156,q17_t851
18156,q17_t852
18157,q17_t852
18157,q17_t853
18158,q17_t853
18158,q17_t854
18158,q47_t853
18158,q47_t854
18159,q17_t854
18159,q17_t855
18160,q17_t855
18160,q17_t856
18161,q17_t856
18161,q17_t857
18161,q48_t856
18161,q48_t857
18162,q17_t857
18162,q17_t858
18163,q17_t858
18163,q17_t859
18164,q17_t859
18164,q17_t860
18164,q49_t859
18164,q49_t860
18165,q17_t860
18165,q17_t861
18166,q17_t861
18166,q17_t862
18167,q17_t862
18167,q17_t863
18167,q50_t862
18167,q50_t863
18168,q17_t863
18168,q17_t864
18169,q17_t864
18169,q17_t865
18170,q17_t865
18170,q17_t866
18170,q51_t865
18170,q51_t866
18171,q17_t866
18171,q17_t867
18172,q17_t867
18172,q17_t868
18173,q17_t868
18173,q17_t869
18173,q52_t868
18173,q52_t869
18174,q17_t869
18174,q17_t870
18175,q17_t87
18175,q17_t88
18176,q17_t870
18176,q17_t871
18177,q17_t871
18177,q17_t872
18177,q53_t871
18177,q53_t872
18178,q17_t872
18178,q17_t873
18179,q17_t873
18179,q17_t874
18180,q17_t874
18180,q17_t875
18180,q54_t874
18180,q54_t875
18181,q17_t875
18181,q17_t876
18182,q17_t876
18182,q17_t877
18183,q17_t877
18183,q17_t878
18183,q55_t877
18183,q55_t878
18184,q17_t878
18184,q17_t879
18185,q17_t879
18185,q17_t880
18186,q17_t88
18186,q17_t89
18187,q17_t880
18187,q17_t881
18187,q56_t880
18187,q56_t881
18188,q17_t881
18188,q17_t882
18189,q17_t882
18189,q17_t883
18190,q17_t883
18190,q17_t884
18190,q57_t883
18190,q57_t884
18191,q17_t884
18191,q17_t885
18192,q17_t885
18192,q17_t886
18193,q17_t886
18193,q17_t887
18193,q58_t886
18193,q58_t887
18194,q17_t887
18194,q17_t888
18195,q17_t888
18195,q17_t889
18196,q17_t889
18196,q17_t890
18196,q59_t889
18196,q59_t890
18197,q17_t890
18197,q17_t891
18198,q17_t891
18198,q17_t892
18199,q17_t892
18199,q17_t893
18199,q60_t892
18199,q60_t893
18200,q17_t893
18200,q17_t894
18201,q17_t894
18201,q17_t895
18202,q17_t895
18202,q17_t896
18202,q61_t895
18202,q61_t896
18203,q17_t896
18203,q17_t897
18204,q17_t897
18204,q17_t898
18205,q17_t898
18205,q17_t899
18205,q62_t898
18205,q62_t899
18206,q17_t899
18206,q17_t900
18207,q17_t90
18207,q17_t91
18208,q17_t900
18208,q17_t901
18209,q17_t901
18209,q17_t902
18209,q63_t901
18209,q63_t902
18210,q17_t902
18210,q17_t903
18211,q17_t903
18211,q17_t904
18212,q17_t904
18212,q17_t905
18212,q64_t904
18212,q64_t905
18213,q17_t905
18213,q17_t906
18214,q17_t906
18214,q17_t907
18215,q17_t907
18215,q17_t908
18215,q65_t907
18215,q65_t908
18216,q17_t908
18216,q17_t909
18217,q17_t909
18217,q17_t910
18218,q17_t91
18218,q17_t92
18219,q17_t910
18219,q17_t911
18219,q66_t910
18219,q66_t911
18220,q17_t911
18220,q17_t912
18221,q17_t912
18221,q17_t913
18222,q17_t913
18222,q17_t914
18222,q67_t913
18222,q67_t914
18223,q17_t914
18223,q17_t915
18224,q17_t915
18224,q17_t916
18225,q17_t916
18225,q17_t917
18225,q68_t916
18225,q68_t917
18226,q17_t917
18226,q17_t918
18227,q17_t918
18227,q17_t919
18228,q17_t919
18228,q17_t920
18228,q69_t919
18228,q69_t920
18229,q17_t920
18229,q17_t921
18230,q17_t921
18230,q17_t922
18231,q17_t922
18231,q17_t923
18231,q70_t922
18231,q70_t923
18232,q17_t923
18232,q17_t924
18233,q17_t924
18233,q17_t925
18234,q17_t925
18234,q17_t926
18234,q71_t925
18234,q71_t926
18235,q17_t926
18235,q17_t927
18236,q17_t927
18236,q17_t928
18237,q17_t928
18237,q17_t929
18237,q72_t928
18237,q72_t929
18238,q17_t929
18238,q17_t930
18239,q17_t93
18239,q17_t94
18240,q17_t930
18240,q17_t931
18241,q17_t931
18241,q17_t932
18241,q73_t931
18241,q73_t932
18242,q17_t932
18242,q17_t933
18243,q17_t933
18243,q17_t934
18244,q17_t934
18244,q17_t935
18244,q74_t934
18244,q74_t935
18245,q17_t935
18245,q17_t936
18246,q17_t936
18246,q17_t937
18247,q17_t937
18247,q17_t938
18247,q75_t937
18247,q75_t938
18248,q17_t938
18248,q17_t939
18249,q17_t939
18249,q17_t940
18250,q17_t94
18250,q17_t95
18251,q17_t940
18251,q17_t941
18251,q76_t940
18251,q76_t941
18252,q17_t941
18252,q17_t942
18253,q17_t942
18253,q17_t943
18254,q17_t943
18254,q17_t944
18254,q77_t943
18254,q77_t944
18255,q17_t944
18255,q17_t945
18256,q17_t945
18256,q17_t946
18257,q17_t946
18257,q17_t947
18257,q78_t946
18257,q78_t947
18258,q17_t947
18258,q17_t948
18259,q17_t948
18259,q17_t949
18260,q17_t949
18260,q17_t950
18260,q79_t949
18260,q79_t950
18261,q17_t950
18261,q17_t951
18262,q17_t951
18262,q17_t952
18263,q17_t952
18263,q17_t953
18263,q80_t952
18263,q80_t953
18264,q17_t953
18264,q17_t954
18265,q17_t954
18265,q17_t955
18266,q17_t955
18266,q17_t956
18266,q81_t955
18266,q81_t956
18267,q17_t956
18267,q17_t957
18268,q17_t957
18268,q17_t958
18269,q17_t958
18269,q17_t959
18269,q82_t958
18269,q82_t959
18270,q17_t959
18270,q17_t960
18271,q17_t96
18271,q17_t97
18272,q17_t960
18272,q17_t961
18273,q17_t961
18273,q17_t962
18273,q83_t961
18273,q83_t962
18274,q17_t962
18274,q17_t963
18275,q17_t963
18275,q17_t964
18276,q17_t964
18276,q17_t965
18276,q84_t964
18276,q84_t965
18277,q17_t965
18277,q17_t966
18278,q17_t966
18278,q17_t967
18279,q17_t967
18279,q17_t968
18279,q85_t967
18279,q85_t968
18280,q17_t968
18280,q17_t969
18281,q17_t969
18281,q17_t970
18282,q17_t97
18282,q17_t98
18283,q17_t970
18283,q17_t971
18283,q86_t970
18283,q86_t971
18284,q17_t971
18284,q17_t972
18285,q17_t972
18285,q17_t973
18286,q17_t973
18286,q17_t974
18286,q87_t973
18286,q87_t974
18287,q17_t974
18287,q17_t975
18288,q17_t975
18288,q17_t976
18289,q17_t976
18289,q17_t977
18289,q88_t976
18289,q88_t977
18290,q17_t977
18290,q17_t978
18291,q17_t978
18291,q17_t979
18292,q17_t979
18292,q17_t980
18292,q89_t979
18292,q89_t980
18293,q17_t980
18293,q17_t981
18294,q17_t981
18294,q17_t982
18295,q17_t982
18295,q17_t983
18295,q90_t982
18295,q90_t983
18296,q17_t983
18296,q17_t984
18297,q17_t984
18297,q17_t985
18298,q17_t985
18298,q17_t986
18298,q91_t985
18298,q91_t986
18299,q17_t986
18299,q17_t987
18300,q17_t987
18300,q17_t988
18301,q17_t988
18301,q17_t989
18301,q92_t988
18301,q92_t989
18302,q17_t989
18302,q17_t990
18303,q17_t990
18303,q17_t991
18304,q17_t991
18304,q17_t992
18304,q93_t991
18304,q93_t992
18305,q17_t992
18305,q17_t993
18306,q17_t993
18306,q17_t994
18307,q17_t994
18307,q17_t995
18307,q94_t994
18307,q94_t995
18308,q17_t995
18308,q17_t996
18309,q17_t996
18309,q17_t997
18310,q17_t997
18310,q17_t998
18310,q95_t997
18310,q95_t998
18311,q17_t998
18311,q17_t999
18312,q18_t0
18312,q18_t1
18313,q18_t1
18313,q18_t53
18314,q18_t100
18314,q18_t101
18315,q18_t100
18315,q18_t99
18316,q18_t1000
18316,q18_t1001
18316,q95_t1000
18316,q95_t1001
18317,q18_t1000
18317,q18_t999
18318,q18_t1001
18318,q18_t1002
18319,q18_t1002
18319,q18_t1003
18320,q18_t1003
18320,q18_t1004
18320,q96_t1003
18320,q96_t1004
18321,q18_t1004
18321,q18_t1005
18322,q18_t1005
18322,q18_t1006
18323,q18_t1006
18323,q18_t1007
18323,q97_t1006
18323,q97_t1007
18324,q18_t1007
18324,q18_t1008
18325,q18_t1008
18325,q18_t1009
18326,q18_t1009
18326,q18_t1010
18326,q98_t1009
18326,q98_t1010
18327,q18_t1010
18327,q18_t1011
18328,q18_t1011
18328,q18_t1012
18329,q18_t1012
18329,q18_t1013
18329,q99_t1012
18329,q99_t1013
18330,q18_t1013
18330,q18_t1014
18331,q18_t1014
18331,q18_t1015
18332,q18_t1016
18332,q18_t1017
18333,q18_t1017
18333,q18_t1018
18334,q18_t1019
18334,q18_t1020
18335,q18_t102
18335,q18_t103
18336,q18_t1020
18336,q18_t1021
18337,q18_t1022
18337,q18_t1023
18338,q18_t1023
18338,q18_t1024
18339,q18_t1025
18339,q18_t1026
18340,q18_t1026
18340,q18_t1027
18341,q18_t1028
18341,q18_t1029
18342,q18_t1029
18342,q18_t1030
18343,q18_t103
18343,q18_t104
18344,q18_t1031
18344,q18_t1032
18345,q18_t1032
18345,q18_t1033
18346,q18_t1034
18346,q18_t1035
18347,q18_t1035
18347,q18_t1036
18348,q18_t1037
18348,q18_t1038
18349,q18_t1038
18349,q18_t1039
18350,q18_t1040
18350,q18_t1041
18351,q18_t1041
18351,q18_t1042
18352,q18_t1043
18352,q18_t1044
18353,q18_t1044
18353,q18_t1045
18354,q18_t105
18354,q18_t106
18355,q18_t106
18355,q18_t110
18356,q18_t110
18356,q18_t111
18356,q19_t110
18356,q19_t111
18357,q18_t111
18357,q18_t112
18358,q18_t112
18358,q18_t113
18359,q18_t113
18359,q18_t114
18359,q20_t113
18359,q20_t114
18360,q18_t114
18360,q18_t115
18361,q18_t115
18361,q18_t116
18362,q18_t116
18362,q18_t117
18362,q21_t116
18362,q21_t117
18363,q18_t117
18363,q18_t118
18364,q18_t118
18364,q18_t119
18365,q18_t119
18365,q18_t120
18365,q22_t119
18365,q22_t120
18366,q18_t120
18366,q18_t121
18367,q18_t121
18367,q18_t122
18368,q18_t122
18368,q18_t123
18368,q23_t122
18368,q23_t123
18369,q18_t123
18369,q18_t124
18370,q18_t124
18370,q18_t125
18371,q18_t125
18371,q18_t126
18371,q24_t125
18371,q24_t126
18372,q18_t126
18372,q18_t127
18373,q18_t127
18373,q18_t128
18374,q18_t128
18374,q18_t129
18374,q25_t128
18374,q25_t129
18375,q18_t129
18375,q18_t130
18376,q18_t130
18376,q18_t131
18377,q18_t131
18377,q18_t132
18377,q26_t131
18377,q26_t132
18378,q18_t132
18378,q18_t133
18379,q18_t133
18379,q18_t134
18380,q18_t134
18380,q18_t135
18380,q27_t134
18380,q27_t135
18381,q18_t135
18381,q18_t136
18382,q18_t136
18382,q18_t137
18383,q18_t137
18383,q18_t138
18383,q28_t137
18383,q28_t138
18384,q18_t138
18384,q18_t139
18385,q18_t139
18385,q18_t140
18386,q18_t140
18386,q18_t141
18386,q29_t140
18386,q29_t141
18387,q18_t141
18387,q18_t142
18388,q18_t142
18388,q18_t143
18389,q18_t143
18389,q18_t144
18389,q30_t143
18389,q30_t144
18390,q18_t144
18390,q18_t145
18391,q18_t145
18391,q18_t146
18392,q18_t146
18392,q18_t147
18392,q31_t146
18392,q31_t147
18393,q18_t147
18393,q18_t148
18394,q18_t148
18394,q18_t149
18395,q18_t149
18395,q18_t150
18395,q32_t149
18395,q32_t150
18396,q18_t150
18396,q18_t151
18397,q18_t151
18397,q18_t152
18398,q18_t152
18398,q18_t153
18398,q33_t152
18398,q33_t153
18399,q18_t153
18399,q18_t154
18400,q18_t154
18400,q18_t155
18401,q18_t155
18401,q18_t156
18401,q34_t155
18401,q34_t156
18402,q18_t156
18402,q18_t157
18403,q18_t157
18403,q18_t158
18404,q18_t158
18404,q18_t159
18404,q35_t158
18404,q35_t159
18405,q18_t159
18405,q18_t160
18406,q18_t160
18406,q18_t161
18407,q18_t161
18407,q18_t162
18407,q36_t161
18407,q36_t162
18408,q18_t162
18408,q18_t163
18409,q18_t163
18409,q18_t164
18410,q18_t164
18410,q18_t165
18410,q37_t164
18410,q37_t165
18411,q18_t165
18411,q18_t166
18412,q18_t166
18412,q18_t167
18413,q18_t167
18413,q18_t168
18413,q38_t167
18413,q38_t168
18414,q18_t168
18414,q18_t169
18415,q18_t169
18415,q18_t170
18416,q18_t170
18416,q18_t171
18416,q39_t170
18416,q39_t171
18417,q18_t171
18417,q18_t172
18418,q18_t172
18418,q18_t173
18419,q18_t173
18419,q18_t174
18419,q40_t173
18419,q40_t174
18420,q18_t174
18420,q18_t175
18421,q18_t175
18421,q18_t176
18422,q18_t176
18422,q18_t177
18422,q41_t176
18422,q41_t177
18423,q18_t177
18423,q18_t178
18424,q18_t178
18424,q18_t179
18425,q18_t179
18425,q18_t180
18425,q42_t179
18425,q42_t180
18426,q18_t180
18426,q18_t181
18427,q18_t181
18427,q18_t182
18428,q18_t182
18428,q18_t183
18428,q43_t182
18428,q43_t183
18429,q18_t183
18429,q18_t184
18430,q18_t184
18430,q18_t185
18431,q18_t185
18431,q18_t186
18431,q44_t185
18431,q44_t186
18432,q18_t186
18432,q18_t187
18433,q18_t187
18433,q18_t188
18434,q18_t188
18434,q18_t189
18434,q45_t188
18434,q45_t189
18435,q18_t189
18435,q18_t190
18436,q18_t190
18436,q18_t191
18437,q18_t191
18437,q18_t192
18437,q46_t191
18437,q46_t192
18438,q18_t192
18438,q18_t193
18439,q18_t193
18439,q18_t194
18440,q18_t194
18440,q18_t195
18440,q47_t194
18440,q47_t195
18441,q18_t195
18441,q18_t196
18442,q18_t196
18442,q18_t197
18443,q18_t197
18443,q18_t198
18443,q48_t197
18443,q48_t198
18444,q18_t198
18444,q18_t199
18445,q18_t199
18445,q18_t200
18446,q18_t200
18446,q18_t201
18446,q49_t200
18446,q49_t201
18447,q18_t201
18447,q18_t202
18448,q18_t202
18448,q18_t203
18449,q18_t203
18449,q18_t204
18449,q50_t203
18449,q50_t204
18450,q18_t204
18450,q18_t205
18451,q18_t205
18451,q18_t206
18452,q18_t206
18452,q18_t207
18452,q51_t206
18452,q51_t207
18453,q18_t207
18453,q18_t208
18454,q18_t208
18454,q18_t209
18455,q18_t209
18455,q18_t210
18455,q52_t209
18455,q52_t210
18456,q18_t210
18456,q18_t211
18457,q18_t211
18457,q18_t212
18458,q18_t212
18458,q18_t213
18458,q53_t212
18458,q53_t213
18459,q18_t213
18459,q18_t214
18460,q18_t214
18460,q18_t215
18461,q18_t215
18461,q18_t216
18461,q54_t215
18461,q54_t216
18462,q18_t216
18462,q18_t217
18463,q18_t217
18463,q18_t218
18464,q18_t218
18464,q18_t219
18464,q55_t218
18464,q55_t219
18465,q18_t219
18465,q18_t220
18466,q18_t220
18466,q18_t221
18467,q18_t221
18467,q18_t222
18467,q56_t221
18467,q56_t222
18468,q18_t222
18468,q18_t223
18469,q18_t223
18469,q18_t224
18470,q18_t224
18470,q18_t225
18470,q57_t224
18470,q57_t225
18471,q18_t225
18471,q18_t226
18472,q18_t226
18472,q18_t227
18473,q18_t227
18473,q18_t228
18473,q58_t227
18473,q58_t228
18474,q18_t228
18474,q18_t229
18475,q18_t229
18475,q18_t230
18476,q18_t230
18476,q18_t231
18476,q59_t230
18476,q59_t231
18477,q18_t231
18477,q18_t232
18478,q18_t232
18478,q18_t233
18479,q18_t233
18479,q18_t234
18479,q60_t233
18479,q60_t234
18480,q18_t234
18480,q18_t235
18481,q18_t235
18481,q18_t236
18482,q18_t236
18482,q18_t237
18482,q61_t236
18482,q61_t237
18483,q18_t237
18483,q18_t238
18484,q18_t238
18484,q18_t239
18485,q18_t239
18485,q18_t240
18485,q62_t239
18485,q62_t240
18486,q18_t240
18486,q18_t241
18487,q18_t241
18487,q18_t242
18488,q18_t242
18488,q18_t243
18488,q63_t242
18488,q63_t243
18489,q18_t243
18489,q18_t244
18490,q18_t244
18490,q18_t245
18491,q18_t245
18491,q18_t246
18491,q64_t245
18491,q64_t246
18492,q18_t246
18492,q18_t247
18493,q18_t247
18493,q18_t248
18494,q18_t248
18494,q18_t249
18494,q65_t248
18494,q65_t249
18495,q18_t249
18495,q18_t250
18496,q18_t250
18496,q18_t251
18497,q18_t251
18497,q18_t252
18497,q66_t251
18497,q66_t252
18498,q18_t252
18498,q18_t253
18499,q18_t253
18499,q18_t254
18500,q18_t254
18500,q18_t255
18500,q67_t254
18500,q67_t255
18501,q18_t255
18501,q18_t256
18502,q18_t256
18502,q18_t257
18503,q18_t257
18503,q18_t258
18503,q68_t257
18503,q68_t258
18504,q18_t258
18504,q18_t259
18505,q18_t259
18505,q18_t260
18506,q18_t260
18506,q18_t261
18506,q69_t260
18506,q69_t261
18507,q18_t261
18507,q18_t262
18508,q18_t262
18508,q18_t263
18509,q18_t263
18509,q18_t264
18509,q70_t263
18509,q70_t264
18510,q18_t264
18510,q18_t265
18511,q18_t265
18511,q18_t266
18512,q18_t266
18512,q18_t267
18512,q71_t266
18512,q71_t267
18513,q18_t267
18513,q18_t268
18514,q18_t268
18514,q18_t269
18515,q18_t269
18515,q18_t270
18515,q72_t269
18515,q72_t270
18516,q18_t270
18516,q18_t271
18517,q18_t271
18517,q18_t272
18518,q18_t272
18518,q18_t273
18518,q73_t272
18518,q73_t273
18519,q18_t273
18519,q18_t274
18520,q18_t274
18520,q18_t275
18521,q18_t275
18521,q18_t276
18521,q74_t275
18521,q74_t276
18522,q18_t276
18522,q18_t277
18523,q18_t277
18523,q18_t278
18524,q18_t278
18524,q18_t279
18524,q75_t278
18524,q75_t279
18525,q18_t279
18525,q18_t280
18526,q18_t280
18526,q18_t281
18527,q18_t281
18527,q18_t282
18527,q76_t281
18527,q76_t282
18528,q18_t282
18528,q18_t283
18529,q18_t283
18529,q18_t284
18530,q18_t284
18530,q18_t285
18530,q77_t284
18530,q77_t285
18531,q18_t285
18531,q18_t286
18532,q18_t286
18532,q18_t287
18533,q18_t287
18533,q18_t288
18533,q78_t287
18533,q78_t288
18534,q18_t288
18534,q18_t289
18535,q18_t289
18535,q18_t290
18536,q18_t290
18536,q18_t291
18536,q79_t290
18536,q79_t291
18537,q18_t291
18537,q18_t292
18538,q18_t292
18538,q18_t293
18539,q18_t293
18539,q18_t294
18539,q80_t293
18539,q80_t294
18540,q18_t294
18540,q18_t295
18541,q18_t295
18541,q18_t296
18542,q18_t296
18542,q18_t297
18542,q81_t296
18542,q81_t297
18543,q18_t297
18543,q18_t298
18544,q18_t298
18544,q18_t299
18545,q18_t299
18545,q18_t300
18545,q82_t299
18545,q82_t300
18546,q18_t300
18546,q18_t301
18547,q18_t301
18547,q18_t302
18548,q18_t302
18548,q18_t303
18548,q83_t302
18548,q83_t303
18549,q18_t303
18549,q18_t304
18550,q18_t304
18550,q18_t305
18551,q18_t305
18551,q18_t306
18551,q84_t305
18551,q84_t306
18552,q18_t306
18552,q18_t307
18553,q18_t307
18553,q18_t308
18554,q18_t308
18554,q18_t309
18554,q85_t308
18554,q85_t309
18555,q18_t309
18555,q18_t310
18556,q18_t310
18556,q18_t311
18557,q18_t311
18557,q18_t312
18557,q86_t311
18557,q86_t312
18558,q18_t312
18558,q18_t313
18559,q18_t313
18559,q18_t314
18560,q18_t314
18560,q18_t315
18560,q87_t314
18560,q87_t315
18561,q18_t315
18561,q18_t316
18562,q18_t316
18562,q18_t317
18563,q18_t317
18563,q18_t318
18563,q88_t317
18563,q88_t318
18564,q18_t318
18564,q18_t319
18565,q18_t319
18565,q18_t320
18566,q18_t320
18566,q18_t321
18566,q89_t320
18566,q89_t321
18567,q18_t321
18567,q18_t322
18568,q18_t322
18568,q18_t323
18569,q18_t323
18569,q18_t324
18569,q90_t323
18569,q90_t324
18570,q18_t324
18570,q18_t325
18571,q18_t325
18571,q18_t326
18572,q18_t326
18572,q18_t327
18572,q91_t326
18572,q91_t327
18573,q18_t327
18573,q18_t328
18574,q18_t328
18574,q18_t329
18575,q18_t329
18575,q18_t330
18575,q92_t329
18575,q92_t330
18576,q18_t330
18576,q18_t331
18577,q18_t331
18577,q18_t332
18578,q18_t332
18578,q18_t333
18578,q93_t332
18578,q93_t333
18579,q18_t333
18579,q18_t334
18580,q18_t334
18580,q18_t335
18581,q18_t335
18581,q18_t336
18581,q94_t335
18581,q94_t336
18582,q18_t336
18582,q18_t337
18583,q18_t337
18583,q18_t338
18584,q18_t338
18584,q18_t339
18584,q95_t338
18584,q95_t339
18585,q18_t339
18585,q18_t340
18586,q18_t340
18586,q18_t341
18587,q18_t341
18587,q18_t342
18587,q96_t341
18587,q96_t342
18588,q18_t342
18588,q18_t343
18589,q18_t343
18589,q18_t344
18590,q18_t344
18590,q18_t345
18590,q97_t344
18590,q97_t345
18591,q18_t345
18591,q18_t346
18592,q18_t346
18592,q18_t347
18593,q18_t347
18593,q18_t348
18593,q98_t347
18593,q98_t348
18594,q18_t348
18594,q18_t349
18595,q18_t349
18595,q18_t350
18596,q18_t350
18596,q18_t351
18596,q99_t350
18596,q99_t351
18597,q18_t351
18597,q18_t352
18598,q18_t352
18598,q18_t353
18599,q18_t354
18599,q18_t355
18600,q18_t355
18600,q18_t356
18601,q18_t357
18601,q18_t358
18602,q18_t358
18602,q18_t359
18603,q18_t360
18603,q18_t361
18604,q18_t361
18604,q18_t362
18605,q18_t363
18605,q18_t364
18606,q18_t364
18606,q18_t365
18607,q18_t366
18607,q18_t367
18608,q18_t367
18608,q18_t368
18609,q18_t369
18609,q18_t370
18610,q18_t370
18610,q18_t371
18611,q18_t372
18611,q18_t373
18612,q18_t373
18612,q18_t374
18613,q18_t375
18613,q18_t376
18614,q18_t376
18614,q18_t377
18615,q18_t378
18615,q18_t379
18616,q18_t379
18616,q18_t380
18617,q18_t381
18617,q18_t382
18618,q18_t382
18618,q18_t383
18619,q18_t383
18619,q18_t384
18620,q18_t385
18620,q18_t386
18621,q18_t386
18621,q18_t387
18622,q18_t387
18622,q18_t388
18622,q1_t387
18622,q1_t388
18623,q18_t388
18623,q18_t389
18624,q18_t389
18624,q18_t390
18625,q18_t390
18625,q18_t391
18625,q2_t390
18625,q2_t391
18626,q18_t391
18626,q18_t392
18627,q18_t392
18627,q18_t393
18628,q18_t393
18628,q18_t394
18628,q3_t393
18628,q3_t394
18629,q18_t394
18629,q18_t395
18630,q18_t395
18630,q18_t396
18631,q18_t396
18631,q18_t397
18631,q4_t396
18631,q4_t397
18632,q18_t397
18632,q18_t398
18633,q18_t398
18633,q18_t399
18634,q18_t399
18634,q18_t400
18634,q5_t399
18634,q5_t400
18635,q18_t400
18635,q18_t401
18636,q18_t401
18636,q18_t402
18637,q18_t402
18637,q18_t403
18637,q6_t402
18637,q6_t403
18638,q18_t403
18638,q18_t404
18639,q18_t404
18639,q18_t405
18640,q18_t405
18640,q18_t406
18640,q7_t405
18640,q7_t406
18641,q18_t406
18641,q18_t407
18642,q18_t407
18642,q18_t408
18643,q18_t408
18643,q18_t409
18643,q8_t408
18643,q8_t409
18644,q18_t409
18644,q18_t410
18645,q18_t410
18645,q18_t411
18646,q18_t411
18646,q18_t412
18646,q9_t411
18646,q9_t412
18647,q18_t412
18647,q18_t413
18648,q18_t413
18648,q18_t414
18649,q18_t415
18649,q18_t416
18650,q18_t416
18650,q18_t417
18651,q18_t418
18651,q18_t419
18652,q18_t419
18652,q18_t420
18653,q18_t421
18653,q18_t422
18654,q18_t422
18654,q18_t423
18655,q18_t424
18655,q18_t425
18656,q18_t425
18656,q18_t426
18657,q18_t427
18657,q18_t428
18658,q18_t428
18658,q18_t429
18659,q18_t430
18659,q18_t431
18660,q18_t431
18660,q18_t432
18661,q18_t433
18661,q18_t434
18662,q18_t434
18662,q18_t435
18663,q18_t436
18663,q18_t437
18664,q18_t437
18664,q18_t441
18665,q18_t441
18665,q18_t442
18665,q19_t441
18665,q19_t442
18666,q18_t442
18666,q18_t443
18667,q18_t443
18667,q18_t444
18668,q18_t444
18668,q18_t445
18668,q20_t444
18668,q20_t445
18669,q18_t445
18669,q18_t446
18670,q18_t446
18670,q18_t447
18671,q18_t447
18671,q18_t448
18671,q21_t447
18671,q21_t448
18672,q18_t448
18672,q18_t449
18673,q18_t449
18673,q18_t450
18674,q18_t450
18674,q18_t451
18674,q22_t450
18674,q22_t451
18675,q18_t451
18675,q18_t452
18676,q18_t452
18676,q18_t453
18677,q18_t453
18677,q18_t454
18677,q23_t453
18677,q23_t454
18678,q18_t454
18678,q18_t455
18679,q18_t455
18679,q18_t456
18680,q18_t456
18680,q18_t457
18680,q24_t456
18680,q24_t457
18681,q18_t457
18681,q18_t458
18682,q18_t458
18682,q18_t459
18683,q18_t459
18683,q18_t460
18683,q25_t459
18683,q25_t460
18684,q18_t460
18684,q18_t461
18685,q18_t461
18685,q18_t462
18686,q18_t462
18686,q18_t463
18686,q26_t462
18686,q26_t463
18687,q18_t463
18687,q18_t464
18688,q18_t464
18688,q18_t465
18689,q18_t465
18689,q18_t466
18689,q27_t465
18689,q27_t466
18690,q18_t466
18690,q18_t467
18691,q18_t467
18691,q18_t468
18692,q18_t468
18692,q18_t469
18692,q28_t468
18692,q28_t469
18693,q18_t469
18693,q18_t470
18694,q18_t470
18694,q18_t471
18695,q18_t471
18695,q18_t472
18695,q29_t471
18695,q29_t472
18696,q18_t472
18696,q18_t473
18697,q18_t473
18697,q18_t474
18698,q18_t474
18698,q18_t475
18698,q30_t474
18698,q30_t475
18699,q18_t475
18699,q18_t476
18700,q18_t476
18700,q18_t477
18701,q18_t477
18701,q18_t478
18701,q31_t477
18701,q31_t478
18702,q18_t478
18702,q18_t479
18703,q18_t479
18703,q18_t480
18704,q18_t480
18704,q18_t481
18704,q32_t480
18704,q32_t481
18705,q18_t481
18705,q18_t482
18706,q18_t482
18706,q18_t483
18707,q18_t483
18707,q18_t484
18707,q33_t483
18707,q33_t484
18708,q18_t484
18708,q18_t485
18709,q18_t485
18709,q18_t486
18710,q18_t486
18710,q18_t487
18710,q34_t486
18710,q34_t487
18711,q18_t487
18711,q18_t488
18712,q18_t488
18712,q18_t489
18713,q18_t489
18713,q18_t490
18713,q35_t489
18713,q35_t490
18714,q18_t490
18714,q18_t491
18715,q18_t491
18715,q18_t492
18716,q18_t492
18716,q18_t493
18716,q36_t492
18716,q36_t493
18717,q18_t493
18717,q18_t494
18718,q18_t494
18718,q18_t495
18719,q18_t495
18719,q18_t496
18719,q37_t495
18719,q37_t496
18720,q18_t496
18720,q18_t497
18721,q18_t497
18721,q18_t498
18722,q18_t498
18722,q18_t499
18722,q38_t498
18722,q38_t499
18723,q18_t499
18723,q18_t500
18724,q18_t500
18724,q18_t501
18725,q18_t501
18725,q18_t502
18725,q39_t501
18725,q39_t502
18726,q18_t502
18726,q18_t503
18727,q18_t503
18727,q18_t504
18728,q18_t504
18728,q18_t505
18728,q40_t504
18728,q40_t505
18729,q18_t505
18729,q18_t506
18730,q18_t506
18730,q18_t507
18731,q18_t507
18731,q18_t508
18731,q41_t507
18731,q41_t508
18732,q18_t508
18732,q18_t509
18733,q18_t509
18733,q18_t510
18734,q18_t510
18734,q18_t511
18734,q42_t510
18734,q42_t511
18735,q18_t511
18735,q18_t512
18736,q18_t512
18736,q18_t513
18737,q18_t513
18737,q18_t514
18737,q43_t513
18737,q43_t514
18738,q18_t514
18738,q18_t515
18739,q18_t515
18739,q18_t516
18740,q18_t516
18740,q18_t517
18740,q44_t516
18740,q44_t517
18741,q18_t517
18741,q18_t518
18742,q18_t518
18742,q18_t519
18743,q18_t519
18743,q18_t520
18743,q45_t519
18743,q45_t520
18744,q18_t520
18744,q18_t521
18745,q18_t521
18745,q18_t522
18746,q18_t522
18746,q18_t523
18746,q46_t522
18746,q46_t523
18747,q18_t523
18747,q18_t524
18748,q18_t524
18748,q18_t525
18749,q18_t525
18749,q18_t526
18749,q47_t525
18749,q47_t526
18750,q18_t526
18750,q18_t527
18751,q18_t527
18751,q18_t528
18752,q18_t528
18752,q18_t529
18752,q48_t528
18752,q48_t529
18753,q18_t529
18753,q18_t530
18754,q18_t530
18754,q18_t531
18755,q18_t531
18755,q18_t532
18755,q49_t531
18755,q49_t532
18756,q18_t532
18756,q18_t533
18757,q18_t533
18757,q18_t534
18758,q18_t534
18758,q18_t535
18758,q50_t534
18758,q50_t535
18759,q18_t535
18759,q18_t536
18760,q18_t536
18760,q18_t537
18761,q18_t537
18761,q18_t538
18761,q51_t537
18761,q51_t538
18762,q18_t538
18762,q18_t539
18763,q18_t539
18763,q18_t540
18764,q18_t54
18764,q18_t55
18765,q18_t540
18765,q18_t541
18765,q52_t540
18765,q52_t541
18766,q18_t541
18766,q18_t542
18767,q18_t542
18767,q18_t543
18768,q18_t543
18768,q18_t544
18768,q53_t543
18768,q53_t544
18769,q18_t544
18769,q18_t545
18770,q18_t545
18770,q18_t546
18771,q18_t546
18771,q18_t547
18771,q54_t546
18771,q54_t547
18772,q18_t547
18772,q18_t548
18773,q18_t548
18773,q18_t549
18774,q18_t549
18774,q18_t550
18774,q55_t549
18774,q55_t550
18775,q18_t55
18775,q18_t56
18776,q18_t550
18776,q18_t551
18777,q18_t551
18777,q18_t552
18778,q18_t552
18778,q18_t553
18778,q56_t552
18778,q56_t553
18779,q18_t553
18779,q18_t554
18780,q18_t554
18780,q18_t555
18781,q18_t555
18781,q18_t556
18781,q57_t555
18781,q57_t556
18782,q18_t556
18782,q18_t557
18783,q18_t557
18783,q18_t558
18784,q18_t558
18784,q18_t559
18784,q58_t558
18784,q58_t559
18785,q18_t559
18785,q18_t560
18786,q18_t56
18786,q18_t57
18786,q1_t56
18786,q1_t57
18787,q18_t560
18787,q18_t561
18788,q18_t561
18788,q18_t562
18788,q59_t561
18788,q59_t562
18789,q18_t562
18789,q18_t563
18790,q18_t563
18790,q18_t564
18791,q18_t564
18791,q18_t565
18791,q60_t564
18791,q60_t565
18792,q18_t565
18792,q18_t566
18793,q18_t566
18793,q18_t567
18794,q18_t567
18794,q18_t568
18794,q61_t567
18794,q61_t568
18795,q18_t568
18795,q18_t569
18796,q18_t569
18796,q18_t570
18797,q18_t57
18797,q18_t58
18798,q18_t570
18798,q18_t571
18798,q62_t570
18798,q62_t571
18799,q18_t571
18799,q18_t572
18800,q18_t572
18800,q18_t573
18801,q18_t573
18801,q18_t574
18801,q63_t573
18801,q63_t574
18802,q18_t574
18802,q18_t575
18803,q18_t575
18803,q18_t576
18804,q18_t576
18804,q18_t577
18804,q64_t576
18804,q64_t577
18805,q18_t577
18805,q18_t578
18806,q18_t578
18806,q18_t579
18807,q18_t579
18807,q18_t580
18807,q65_t579
18807,q65_t580
18808,q18_t58
18808,q18_t59
18809,q18_t580
18809,q18_t581
18810,q18_t581
18810,q18_t582
18811,q18_t582
18811,q18_t583
18811,q66_t582
18811,q66_t583
18812,q18_t583
18812,q18_t584
18813,q18_t584
18813,q18_t585
18814,q18_t585
18814,q18_t586
18814,q67_t585
18814,q67_t586
18815,q18_t586
18815,q18_t587
18816,q18_t587
18816,q18_t588
18817,q18_t588
18817,q18_t589
18817,q68_t588
18817,q68_t589
18818,q18_t589
18818,q18_t590
18819,q18_t59
18819,q18_t60
18819,q2_t59
18819,q2_t60
18820,q18_t590
18820,q18_t591
18821,q18_t591
18821,q18_t592
18821,q69_t591
18821,q69_t592
18822,q18_t592
18822,q18_t593
18823,q18_t593
18823,q18_t594
18824,q18_t594
18824,q18_t595
18824,q70_t594
18824,q70_t595
18825,q18_t595
18825,q18_t596
18826,q18_t596
18826,q18_t597
18827,q18_t597
18827,q18_t598
18827,q71_t597
18827,q71_t598
18828,q18_t598
18828,q18_t599
18829,q18_t599
18829,q18_t600
18830,q18_t60
18830,q18_t61
18831,q18_t600
18831,q18_t601
18831,q72_t600
18831,q72_t601
18832,q18_t601
18832,q18_t602
18833,q18_t602
18833,q18_t603
18834,q18_t603
18834,q18_t604
18834,q73_t603
18834,q73_t604
18835,q18_t604
18835,q18_t605
18836,q18_t605
18836,q18_t606
18837,q18_t606
18837,q18_t607
18837,q74_t606
18837,q74_t607
18838,q18_t607
18838,q18_t608
18839,q18_t608
18839,q18_t609
18840,q18_t609
18840,q18_t610
18840,q75_t609
18840,q75_t610
18841,q18_t61
18841,q18_t62
18842,q18_t610
18842,q18_t611
18843,q18_t611
18843,q18_t612
18844,q18_t612
18844,q18_t613
18844,q76_t612
18844,q76_t613
18845,q18_t613
18845,q18_t614
18846,q18_t614
18846,q18_t615
18847,q18_t615
18847,q18_t616
18847,q77_t615
18847,q77_t616
18848,q18_t616
18848,q18_t617
18849,q18_t617
18849,q18_t618
18850,q18_t618
18850,q18_t619
18850,q78_t618
18850,q78_t619
18851,q18_t619
18851,q18_t620
18852,q18_t62
18852,q18_t63
18852,q3_t62
18852,q3_t63
18853,q18_t620
18853,q18_t621
18854,q18_t621
18854,q18_t622
18854,q79_t621
18854,q79_t622
18855,q18_t622
18855,q18_t623
18856,q18_t623
18856,q18_t624
18857,q18_t624
18857,q18_t625
18857,q80_t624
18857,q80_t625
18858,q18_t625
18858,q18_t626
18859,q18_t626
18859,q18_t627
18860,q18_t627
18860,q18_t628
18860,q81_t627
18860,q81_t628
18861,q18_t628
18861,q18_t629
18862,q18_t629
18862,q18_t630
18863,q18_t63
18863,q18_t64
18864,q18_t630
18864,q18_t631
18864,q82_t630
18864,q82_t631
18865,q18_t631
18865,q18_t632
18866,q18_t632
18866,q18_t633
18867,q18_t633
18867,q18_t634
18867,q83_t633
18867,q83_t634
18868,q18_t634
18868,q18_t635
18869,q18_t635
18869,q18_t636
18870,q18_t636
18870,q18_t637
18870,q84_t636
18870,q84_t637
18871,q18_t637
18871,q18_t638
18872,q18_t638
18872,q18_t639
18873,q18_t639
18873,q18_t640
18873,q85_t639
18873,q85_t640
18874,q18_t64
18874,q18_t65
18875,q18_t640
18875,q18_t641
18876,q18_t641
18876,q18_t642
18877,q18_t642
18877,q18_t643
18877,q86_t642
18877,q86_t643
18878,q18_t643
18878,q18_t644
18879,q18_t644
18879,q18_t645
18880,q18_t645
18880,q18_t646
18880,q87_t645
18880,q87_t646
18881,q18_t646
18881,q18_t647
18882,q18_t647
18882,q18_t648
18883,q18_t648
18883,q18_t649
18883,q88_t648
18883,q88_t649
18884,q18_t649
18884,q18_t650
18885,q18_t65
18885,q18_t66
18885,q4_t65
18885,q4_t66
18886,q18_t650
18886,q18_t651
18887,q18_t651
18887,q18_t652
18887,q89_t651
18887,q89_t652
18888,q18_t652
18888,q18_t653
18889,q18_t653
18889,q18_t654
18890,q18_t654
18890,q18_t655
18890,q90_t654
18890,q90_t655
18891,q18_t655
18891,q18_t656
18892,q18_t656
18892,q18_t657
18893,q18_t657
18893,q18_t658
18893,q91_t657
18893,q91_t658
18894,q18_t658
18894,q18_t659
18895,q18_t659
18895,q18_t660
18896,q18_t66
18896,q18_t67
18897,q18_t660
18897,q18_t661
18897,q92_t660
18897,q92_t661
18898,q18_t661
18898,q18_t662
18899,q18_t662
18899,q18_t663
18900,q18_t663
18900,q18_t664
18900,q93_t663
18900,q93_t664
18901,q18_t664
18901,q18_t665
18902,q18_t665
18902,q18_t666
18903,q18_t666
18903,q18_t667
18903,q94_t666
18903,q94_t667
18904,q18_t667
18904,q18_t668
18905,q18_t668
18905,q18_t669
18906,q18_t669
18906,q18_t670
18906,q95_t669
18906,q95_t670
18907,q18_t67
18907,q18_t68
18908,q18_t670
18908,q18_t671
18909,q18_t671
18909,q18_t672
18910,q18_t672
18910,q18_t673
18910,q96_t672
18910,q96_t673
18911,q18_t673
18911,q18_t674
18912,q18_t674
18912,q18_t675
18913,q18_t675
18913,q18_t676
18913,q97_t675
18913,q97_t676
18914,q18_t676
18914,q18_t677
18915,q18_t677
18915,q18_t678
18916,q18_t678
18916,q18_t679
18916,q98_t678
18916,q98_t679
18917,q18_t679
18917,q18_t680
18918,q18_t68
18918,q18_t69
18918,q5_t68
18918,q5_t69
18919,q18_t680
18919,q18_t681
18920,q18_t681
18920,q18_t682
18920,q99_t681
18920,q99_t682
18921,q18_t682
18921,q18_t683
18922,q18_t683
18922,q18_t684
18923,q18_t685
18923,q18_t686
18924,q18_t686
18924,q18_t687
18925,q18_t688
18925,q18_t689
18926,q18_t689
18926,q18_t690
18927,q18_t69
18927,q18_t70
18928,q18_t691
18928,q18_t692
18929,q18_t692
18929,q18_t693
18930,q18_t694
18930,q18_t695
18931,q18_t695
18931,q18_t696
18932,q18_t697
18932,q18_t698
18933,q18_t698
18933,q18_t699
18934,q18_t70
18934,q18_t71
18935,q18_t700
18935,q18_t701
18936,q18_t701
18936,q18_t702
18937,q18_t703
18937,q18_t704
18938,q18_t704
18938,q18_t705
18939,q18_t706
18939,q18_t707
18940,q18_t707
18940,q18_t708
18941,q18_t709
18941,q18_t710
18942,q18_t71
18942,q18_t72
18942,q6_t71
18942,q6_t72
18943,q18_t710
18943,q18_t711
18944,q18_t712
18944,q18_t713
18945,q18_t713
18945,q18_t714
18946,q18_t714
18946,q18_t715
18947,q18_t716
18947,q18_t717
18948,q18_t717
18948,q18_t718
18949,q18_t718
18949,q18_t719
18949,q1_t718
18949,q1_t719
18950,q18_t719
18950,q18_t720
18951,q18_t72
18951,q18_t73
18952,q18_t720
18952,q18_t721
18953,q18_t721
18953,q18_t722
18953,q2_t721
18953,q2_t722
18954,q18_t722
18954,q18_t723
18955,q18_t723
18955,q18_t724
18956,q18_t724
18956,q18_t725
18956,q3_t724
18956,q3_t725
18957,q18_t725
18957,q18_t726
18958,q18_t726
18958,q18_t727
18959,q18_t727
18959,q18_t728
18959,q4_t727
18959,q4_t728
18960,q18_t728
18960,q18_t729
18961,q18_t729
18961,q18_t730
18962,q18_t73
18962,q18_t74
18963,q18_t730
18963,q18_t731
18963,q5_t730
18963,q5_t731
18964,q18_t731
18964,q18_t732
18965,q18_t732
18965,q18_t733
18966,q18_t733
18966,q18_t734
18966,q6_t733
18966,q6_t734
18967,q18_t734
18967,q18_t735
18968,q18_t735
18968,q18_t736
18969,q18_t736
18969,q18_t737
18969,q7_t736
18969,q7_t737
18970,q18_t737
18970,q18_t738
18971,q18_t738
18971,q18_t739
18972,q18_t739
18972,q18_t740
18972,q8_t739
18972,q8_t740
18973,q18_t74
18973,q18_t75
18973,q7_t74
18973,q7_t75
18974,q18_t740
18974,q18_t741
18975,q18_t741
18975,q18_t742
18976,q18_t742
18976,q18_t743
18976,q9_t742
18976,q9_t743
18977,q18_t743
18977,q18_t744
18978,q18_t744
18978,q18_t745
18979,q18_t746
18979,q18_t747
18980,q18_t747
18980,q18_t748
18981,q18_t749
18981,q18_t750
18982,q18_t75
18982,q18_t76
18983,q18_t750
18983,q18_t751
18984,q18_t752
18984,q18_t753
18985,q18_t753
18985,q18_t754
18986,q18_t755
18986,q18_t756
18987,q18_t756
18987,q18_t757
18988,q18_t758
18988,q18_t759
18989,q18_t759
18989,q18_t760
18990,q18_t76
18990,q18_t77
18991,q18_t761
18991,q18_t762
18992,q18_t762
18992,q18_t763
18993,q18_t764
18993,q18_t765
18994,q18_t765
18994,q18_t766
18995,q18_t767
18995,q18_t768
18996,q18_t768
18996,q18_t772
18997,q18_t77
18997,q18_t78
18997,q8_t77
18997,q8_t78
18998,q18_t772
18998,q18_t773
18998,q19_t772
18998,q19_t773
18999,q18_t773
18999,q18_t774
19000,q18_t774
19000,q18_t775
19001,q18_t775
19001,q18_t776
19001,q20_t775
19001,q20_t776
19002,q18_t776
19002,q18_t777
19003,q18_t777
19003,q18_t778
19004,q18_t778
19004,q18_t779
19004,q21_t778
19004,q21_t779
19005,q18_t779
19005,q18_t780
19006,q18_t78
19006,q18_t79
19007,q18_t780
19007,q18_t781
19008,q18_t781
19008,q18_t782
19008,q22_t781
19008,q22_t782
19009,q18_t782
19009,q18_t783
19010,q18_t783
19010,q18_t784
19011,q18_t784
19011,q18_t785
19011,q23_t784
19011,q23_t785
19012,q18_t785
19012,q18_t786
19013,q18_t786
19013,q18_t787
19014,q18_t787
19014,q18_t788
19014,q24_t787
19014,q24_t788
19015,q18_t788
19015,q18_t789
19016,q18_t789
19016,q18_t790
19017,q18_t79
19017,q18_t80
19018,q18_t790
19018,q18_t791
19018,q25_t790
19018,q25_t791
19019,q18_t791
19019,q18_t792
19020,q18_t792
19020,q18_t793
19021,q18_t793
19021,q18_t794
19021,q26_t793
19021,q26_t794
19022,q18_t794
19022,q18_t795
19023,q18_t795
19023,q18_t796
19024,q18_t796
19024,q18_t797
19024,q27_t796
19024,q27_t797
19025,q18_t797
19025,q18_t798
19026,q18_t798
19026,q18_t799
19027,q18_t799
19027,q18_t800
19027,q28_t799
19027,q28_t800
19028,q18_t80
19028,q18_t81
19028,q9_t80
19028,q9_t81
19029,q18_t800
19029,q18_t801
19030,q18_t801
19030,q18_t802
19031,q18_t802
19031,q18_t803
19031,q29_t802
19031,q29_t803
19032,q18_t803
19032,q18_t804
19033,q18_t804
19033,q18_t805
19034,q18_t805
19034,q18_t806
19034,q30_t805
19034,q30_t806
19035,q18_t806
19035,q18_t807
19036,q18_t807
19036,q18_t808
19037,q18_t808
19037,q18_t809
19037,q31_t808
19037,q31_t809
19038,q18_t809
19038,q18_t810
19039,q18_t81
19039,q18_t82
19040,q18_t810
19040,q18_t811
19041,q18_t811
19041,q18_t812
19041,q32_t811
19041,q32_t812
19042,q18_t812
19042,q18_t813
19043,q18_t813
19043,q18_t814
19044,q18_t814
19044,q18_t815
19044,q33_t814
19044,q33_t815
19045,q18_t815
19045,q18_t816
19046,q18_t816
19046,q18_t817
19047,q18_t817
19047,q18_t818
19047,q34_t817
19047,q34_t818
19048,q18_t818
19048,q18_t819
19049,q18_t819
19049,q18_t820
19050,q18_t82
19050,q18_t83
19051,q18_t820
19051,q18_t821
19051,q35_t820
19051,q35_t821
19052,q18_t821
19052,q18_t822
19053,q18_t822
19053,q18_t823
19054,q18_t823
19054,q18_t824
19054,q36_t823
19054,q36_t824
19055,q18_t824
19055,q18_t825
19056,q18_t825
19056,q18_t826
19057,q18_t826
19057,q18_t827
19057,q37_t826
19057,q37_t827
19058,q18_t827
19058,q18_t828
19059,q18_t828
19059,q18_t829
19060,q18_t829
19060,q18_t830
19060,q38_t829
19060,q38_t830
19061,q18_t830
19061,q18_t831
19062,q18_t831
19062,q18_t832
19063,q18_t832
19063,q18_t833
19063,q39_t832
19063,q39_t833
19064,q18_t833
19064,q18_t834
19065,q18_t834
19065,q18_t835
19066,q18_t835
19066,q18_t836
19066,q40_t835
19066,q40_t836
19067,q18_t836
19067,q18_t837
19068,q18_t837
19068,q18_t838
19069,q18_t838
19069,q18_t839
19069,q41_t838
19069,q41_t839
19070,q18_t839
19070,q18_t840
19071,q18_t84
19071,q18_t85
19072,q18_t840
19072,q18_t841
19073,q18_t841
19073,q18_t842
19073,q42_t841
19073,q42_t842
19074,q18_t842
19074,q18_t843
19075,q18_t843
19075,q18_t844
19076,q18_t844
19076,q18_t845
19076,q43_t844
19076,q43_t845
19077,q18_t845
19077,q18_t846
19078,q18_t846
19078,q18_t847
19079,q18_t847
19079,q18_t848
19079,q44_t847
19079,q44_t848
19080,q18_t848
19080,q18_t849
19081,q18_t849
19081,q18_t850
19082,q18_t85
19082,q18_t86
19083,q18_t850
19083,q18_t851
19083,q45_t850
19083,q45_t851
19084,q18_t851
19084,q18_t852
19085,q18_t852
19085,q18_t853
19086,q18_t853
19086,q18_t854
19086,q46_t853
19086,q46_t854
19087,q18_t854
19087,q18_t855
19088,q18_t855
19088,q18_t856
19089,q18_t856
19089,q18_t857
19089,q47_t856
19089,q47_t857
19090,q18_t857
19090,q18_t858
19091,q18_t858
19091,q18_t859
19092,q18_t859
19092,q18_t860
19092,q48_t859
19092,q48_t860
19093,q18_t860
19093,q18_t861
19094,q18_t861
19094,q18_t862
19095,q18_t862
19095,q18_t863
19095,q49_t862
19095,q49_t863
19096,q18_t863
19096,q18_t864
19097,q18_t864
19097,q18_t865
19098,q18_t865
19098,q18_t866
19098,q50_t865
19098,q50_t866
19099,q18_t866
19099,q18_t867
19100,q18_t867
19100,q18_t868
19101,q18_t868
19101,q18_t869
19101,q51_t868
19101,q51_t869
19102,q18_t869
19102,q18_t870
19103,q18_t87
19103,q18_t88
19104,q18_t870
19104,q18_t871
19105,q18_t871
19105,q18_t872
19105,q52_t871
19105,q52_t872
19106,q18_t872
19106,q18_t873
19107,q18_t873
19107,q18_t874
19108,q18_t874
19108,q18_t875
19108,q53_t874
19108,q53_t875
19109,q18_t875
19109,q18_t876
19110,q18_t876
19110,q18_t877
19111,q18_t877
19111,q18_t878
19111,q54_t877
19111,q54_t878
19112,q18_t878
19112,q18_t879
19113,q18_t879
19113,q18_t880
19114,q18_t88
19114,q18_t89
19115,q18_t880
19115,q18_t881
19115,q55_t880
19115,q55_t881
19116,q18_t881
19116,q18_t882
19117,q18_t882
19117,q18_t883
19118,q18_t883
19118,q18_t884
19118,q56_t883
19118,q56_t884
19119,q18_t884
19119,q18_t885
19120,q18_t885
19120,q18_t886
19121,q18_t886
19121,q18_t887
19121,q57_t886
19121,q57_t887
19122,q18_t887
19122,q18_t888
19123,q18_t888
19123,q18_t889
19124,q18_t889
19124,q18_t890
19124,q58_t889
19124,q58_t890
19125,q18_t890
19125,q18_t891
19126,q18_t891
19126,q18_t892
19127,q18_t892
19127,q18_t893
19127,q59_t892
19127,q59_t893
19128,q18_t893
19128,q18_t894
19129,q18_t894
19129,q18_t895
19130,q18_t895
19130,q18_t896
19130,q60_t895
19130,q60_t896
19131,q18_t896
19131,q18_t897
19132,q18_t897
19132,q18_t898
19133,q18_t898
19133,q18_t899
19133,q61_t898
19133,q61_t899
19134,q18_t899
19134,q18_t900
19135,q18_t90
19135,q18_t91
19136,q18_t900
19136,q18_t901
19137,q18_t901
19137,q18_t902
19137,q62_t901
19137,q62_t902
19138,q18_t902
19138,q18_t903
19139,q18_t903
19139,q18_t904
19140,q18_t904
19140,q18_t905
19140,q63_t904
19140,q63_t905
19141,q18_t905
19141,q18_t906
19142,q18_t906
19142,q18_t907
19143,q18_t907
19143,q18_t908
19143,q64_t907
19143,q64_t908
19144,q18_t908
19144,q18_t909
19145,q18_t909
19145,q18_t910
19146,q18_t91
19146,q18_t92
19147,q18_t910
19147,q18_t911
19147,q65_t910
19147,q65_t911
19148,q18_t911
19148,q18_t912
19149,q18_t912
19149,q18_t913
19150,q18_t913
19150,q18_t914
19150,q66_t913
19150,q66_t914
19151,q18_t914
19151,q18_t915
19152,q18_t915
19152,q18_t916
19153,q18_t916
19153,q18_t917
19153,q67_t916
19153,q67_t917
19154,q18_t917
19154,q18_t918
19155,q18_t918
19155,q18_t919
19156,q18_t919
19156,q18_t920
19156,q68_t919
19156,q68_t920
19157,q18_t920
19157,q18_t921
19158,q18_t921
19158,q18_t922
19159,q18_t922
19159,q18_t923
19159,q69_t922
19159,q69_t923
19160,q18_t923
19160,q18_t924
19161,q18_t924
19161,q18_t925
19162,q18_t925
19162,q18_t926
19162,q70_t925
19162,q70_t926
19163,q18_t926
19163,q18_t927
19164,q18_t927
19164,q18_t928
19165,q18_t928
19165,q18_t929
19165,q71_t928
19165,q71_t929
19166,q18_t929
19166,q18_t930
19167,q18_t93
19167,q18_t94
19168,q18_t930
19168,q18_t931
19169,q18_t931
19169,q18_t932
19169,q72_t931
19169,q72_t932
19170,q18_t932
19170,q18_t933
19171,q18_t933
19171,q18_t934
19172,q18_t934
19172,q18_t935
19172,q73_t934
19172,q73_t935
19173,q18_t935
19173,q18_t936
19174,q18_t936
19174,q18_t937
19175,q18_t937
19175,q18_t938
19175,q74_t937
19175,q74_t938
19176,q18_t938
19176,q18_t939
19177,q18_t939
19177,q18_t940
19178,q18_t94
19178,q18_t95
19179,q18_t940
19179,q18_t941
19179,q75_t940
19179,q75_t941
19180,q18_t941
19180,q18_t942
19181,q18_t942
19181,q18_t943
19182,q18_t943
19182,q18_t944
19182,q76_t943
19182,q76_t944
19183,q18_t944
19183,q18_t945
19184,q18_t945
19184,q18_t946
19185,q18_t946
19185,q18_t947
19185,q77_t946
19185,q77_t947
19186,q18_t947
19186,q18_t948
19187,q18_t948
19187,q18_t949
19188,q18_t949
19188,q18_t950
19188,q78_t949
19188,q78_t950
19189,q18_t950
19189,q18_t951
19190,q18_t951
19190,q18_t952
19191,q18_t952
19191,q18_t953
19191,q79_t952
19191,q79_t953
19192,q18_t953
19192,q18_t954
19193,q18_t954
19193,q18_t955
19194,q18_t955
19194,q18_t956
19194,q80_t955
19194,q80_t956
19195,q18_t956
19195,q18_t957
19196,q18_t957
19196,q18_t958
19197,q18_t958
19197,q18_t959
19197,q81_t958
19197,q81_t959
19198,q18_t959
19198,q18_t960
19199,q18_t96
19199,q18_t97
19200,q18_t960
19200,q18_t961
19201,q18_t961
19201,q18_t962
19201,q82_t961
19201,q82_t962
19202,q18_t962
19202,q18_t963
19203,q18_t963
19203,q18_t964
19204,q18_t964
19204,q18_t965
19204,q83_t964
19204,q83_t965
19205,q18_t965
19205,q18_t966
19206,q18_t966
19206,q18_t967
19207,q18_t967
19207,q18_t968
19207,q84_t967
19207,q84_t968
19208,q18_t968
19208,q18_t969
19209,q18_t969
19209,q18_t970
19210,q18_t97
19210,q18_t98
19211,q18_t970
19211,q18_t971
19211,q85_t970
19211,q85_t971
19212,q18_t971
19212,q18_t972
19213,q18_t972
19213,q18_t973
19214,q18_t973
19214,q18_t974
19214,q86_t973
19214,q86_t974
19215,q18_t974
19215,q18_t975
19216,q18_t975
19216,q18_t976
19217,q18_t976
19217,q18_t977
19217,q87_t976
19217,q87_t977
19218,q18_t977
19218,q18_t978
19219,q18_t978
19219,q18_t979
19220,q18_t979
19220,q18_t980
19220,q88_t979
19220,q88_t980
19221,q18_t980
19221,q18_t981
19222,q18_t981
19222,q18_t982
19223,q18_t982
19223,q18_t983
19223,q89_t982
19223,q89_t983
19224,q18_t983
19224,q18_t984
19225,q18_t984
19225,q18_t985
19226,q18_t985
19226,q18_t986
19226,q90_t985
19226,q90_t986
19227,q18_t986
19227,q18_t987
19228,q18_t987
19228,q18_t988
19229,q18_t988
19229,q18_t989
19229,q91_t988
19229,q91_t989
19230,q18_t989
19230,q18_t990
19231,q18_t990
19231,q18_t991
19232,q18_t991
19232,q18_t992
19232,q92_t991
19232,q92_t992
19233,q18_t992
19233,q18_t993
19234,q18_t993
19234,q18_t994
19235,q18_t994
19235,q18_t995
19235,q93_t994
19235,q93_t995
19236,q18_t995
19236,q18_t996
19237,q18_t996
19237,q18_t997
19238,q18_t997
19238,q18_t998
19238,q94_t997
19238,q94_t998
19239,q18_t998
19239,q18_t999
19240,q19_t0
19240,q19_t1
19241,q19_t1
19241,q19_t56
19242,q19_t100
19242,q19_t101
19243,q19_t100
19243,q19_t99
19244,q19_t1000
19244,q19_t1001
19244,q94_t1000
19244,q94_t1001
19245,q19_t1000
19245,q19_t999
19246,q19_t1001
19246,q19_t1002
19247,q19_t1002
19247,q19_t1003
19248,q19_t1003
19248,q19_t1004
19248,q95_t1003
19248,q95_t1004
19249,q19_t1004
19249,q19_t1005
19250,q19_t1005
19250,q19_t1006
19251,q19_t1006
19251,q19_t1007
19251,q96_t1006
19251,q96_t1007
19252,q19_t1007
19252,q19_t1008
19253,q19_t1008
19253,q19_t1009
19254,q19_t1009
19254,q19_t1010
19254,q97_t1009
19254,q97_t1010
19255,q19_t1010
19255,q19_t1011
19256,q19_t1011
19256,q19_t1012
19257,q19_t1012
19257,q19_t1013
19257,q98_t1012
19257,q98_t1013
19258,q19_t1013
19258,q19_t1014
19259,q19_t1014
19259,q19_t1015
19260,q19_t1015
19260,q19_t1016
19260,q99_t1015
19260,q99_t1016
19261,q19_t1016
19261,q19_t1017
19262,q19_t1017
19262,q19_t1018
19263,q19_t1019
19263,q19_t1020
19264,q19_t102
19264,q19_t103
19265,q19_t1020
19265,q19_t1021
19266,q19_t1022
19266,q19_t1023
19267,q19_t1023
19267,q19_t1024
19268,q19_t1025
19268,q19_t1026
19269,q19_t1026
19269,q19_t1027
19270,q19_t1028
19270,q19_t1029
19271,q19_t1029
19271,q19_t1030
19272,q19_t103
19272,q19_t104
19273,q19_t1031
19273,q19_t1032
19274,q19_t1032
19274,q19_t1033
19275,q19_t1034
19275,q19_t1035
19276,q19_t1035
19276,q19_t1036
19277,q19_t1037
19277,q19_t1038
19278,q19_t1038
19278,q19_t1039
19279,q19_t1040
19279,q19_t1041
19280,q19_t1041
19280,q19_t1042
19281,q19_t1043
19281,q19_t1044
19282,q19_t1044
19282,q19_t1045
19283,q19_t1046
19283,q19_t1047
19284,q19_t1047
19284,q19_t1048
19285,q19_t105
19285,q19_t106
19286,q19_t106
19286,q19_t107
19287,q19_t108
19287,q19_t109
19288,q19_t109
19288,q19_t110
19289,q19_t111
19289,q19_t112
19290,q19_t112
19290,q19_t116
19291,q19_t116
19291,q19_t117
19291,q20_t116
19291,q20_t117
19292,q19_t117
19292,q19_t118
19293,q19_t118
19293,q19_t119
19294,q19_t119
19294,q19_t120
19294,q21_t119
19294,q21_t120
19295,q19_t120
19295,q19_t121
19296,q19_t121
19296,q19_t122
19297,q19_t122
19297,q19_t123
19297,q22_t122
19297,q22_t123
19298,q19_t123
19298,q19_t124
19299,q19_t124
19299,q19_t125
19300,q19_t125
19300,q19_t126
19300,q23_t125
19300,q23_t126
19301,q19_t126
19301,q19_t127
19302,q19_t127
19302,q19_t128
19303,q19_t128
19303,q19_t129
19303,q24_t128
19303,q24_t129
19304,q19_t129
19304,q19_t130
19305,q19_t130
19305,q19_t131
19306,q19_t131
19306,q19_t132
19306,q25_t131
19306,q25_t132
19307,q19_t132
19307,q19_t133
19308,q19_t133
19308,q19_t134
19309,q19_t134
19309,q19_t135
19309,q26_t134
19309,q26_t135
19310,q19_t135
19310,q19_t136
19311,q19_t136
19311,q19_t137
19312,q19_t137
19312,q19_t138
19312,q27_t137
19312,q27_t138
19313,q19_t138
19313,q19_t139
19314,q19_t139
19314,q19_t140
19315,q19_t140
19315,q19_t141
19315,q28_t140
19315,q28_t141
19316,q19_t141
19316,q19_t142
19317,q19_t142
19317,q19_t143
19318,q19_t143
19318,q19_t144
19318,q29_t143
19318,q29_t144
19319,q19_t144
19319,q19_t145
19320,q19_t145
19320,q19_t146
19321,q19_t146
19321,q19_t147
19321,q30_t146
19321,q30_t147
19322,q19_t147
19322,q19_t148
19323,q19_t148
19323,q19_t149
19324,q19_t149
19324,q19_t150
19324,q31_t149
19324,q31_t150
19325,q19_t150
19325,q19_t151
19326,q19_t151
19326,q19_t152
19327,q19_t152
19327,q19_t153
19327,q32_t152
19327,q32_t153
19328,q19_t153
19328,q19_t154
19329,q19_t154
19329,q19_t155
19330,q19_t155
19330,q19_t156
19330,q33_t155
19330,q33_t156
19331,q19_t156
19331,q19_t157
19332,q19_t157
19332,q19_t158
19333,q19_t158
19333,q19_t159
19333,q34_t158
19333,q34_t159
19334,q19_t159
19334,q19_t160
19335,q19_t160
19335,q19_t161
19336,q19_t161
19336,q19_t162
19336,q35_t161
19336,q35_t162
19337,q19_t162
19337,q19_t163
19338,q19_t163
19338,q19_t164
19339,q19_t164
19339,q19_t165
19339,q36_t164
19339,q36_t165
19340,q19_t165
19340,q19_t166
19341,q19_t166
19341,q19_t167
19342,q19_t167
19342,q19_t168
19342,q37_t167
19342,q37_t168
19343,q19_t168
19343,q19_t169
19344,q19_t169
19344,q19_t170
19345,q19_t170
19345,q19_t171
19345,q38_t170
19345,q38_t171
19346,q19_t171
19346,q19_t172
19347,q19_t172
19347,q19_t173
19348,q19_t173
19348,q19_t174
19348,q39_t173
19348,q39_t174
19349,q19_t174
19349,q19_t175
19350,q19_t175
19350,q19_t176
19351,q19_t176
19351,q19_t177
19351,q40_t176
19351,q40_t177
19352,q19_t177
19352,q19_t178
19353,q19_t178
19353,q19_t179
19354,q19_t179
19354,q19_t180
19354,q41_t179
19354,q41_t180
19355,q19_t180
19355,q19_t181
19356,q19_t181
19356,q19_t182
19357,q19_t182
19357,q19_t183
19357,q42_t182
19357,q42_t183
19358,q19_t183
19358,q19_t184
19359,q19_t184
19359,q19_t185
19360,q19_t185
19360,q19_t186
19360,q43_t185
19360,q43_t186
19361,q19_t186
19361,q19_t187
19362,q19_t187
19362,q19_t188
19363,q19_t188
19363,q19_t189
19363,q44_t188
19363,q44_t189
19364,q19_t189
19364,q19_t190
19365,q19_t190
19365,q19_t191
19366,q19_t191
19366,q19_t192
19366,q45_t191
19366,q45_t192
19367,q19_t192
19367,q19_t193
19368,q19_t193
19368,q19_t194
19369,q19_t194
19369,q19_t195
19369,q46_t194
19369,q46_t195
19370,q19_t195
19370,q19_t196
19371,q19_t196
19371,q19_t197
19372,q19_t197
19372,q19_t198
19372,q47_t197
19372,q47_t198
19373,q19_t198
19373,q19_t199
19374,q19_t199
19374,q19_t200
19375,q19_t200
19375,q19_t201
19375,q48_t200
19375,q48_t201
19376,q19_t201
19376,q19_t202
19377,q19_t202
19377,q19_t203
19378,q19_t203
19378,q19_t204
19378,q49_t203
19378,q49_t204
19379,q19_t204
19379,q19_t205
19380,q19_t205
19380,q19_t206
19381,q19_t206
19381,q19_t207
19381,q50_t206
19381,q50_t207
19382,q19_t207
19382,q19_t208
19383,q19_t208
19383,q19_t209
19384,q19_t209
19384,q19_t210
19384,q51_t209
19384,q51_t210
19385,q19_t210
19385,q19_t211
19386,q19_t211
19386,q19_t212
19387,q19_t212
19387,q19_t213
19387,q52_t212
19387,q52_t213
19388,q19_t213
19388,q19_t214
19389,q19_t214
19389,q19_t215
19390,q19_t215
19390,q19_t216
19390,q53_t215
19390,q53_t216
19391,q19_t216
19391,q19_t217
19392,q19_t217
19392,q19_t218
19393,q19_t218
19393,q19_t219
19393,q54_t218
19393,q54_t219
19394,q19_t219
19394,q19_t220
19395,q19_t220
19395,q19_t221
19396,q19_t221
19396,q19_t222
19396,q55_t221
19396,q55_t222
19397,q19_t222
19397,q19_t223
19398,q19_t223
19398,q19_t224
19399,q19_t224
19399,q19_t225
19399,q56_t224
19399,q56_t225
19400,q19_t225
19400,q19_t226
19401,q19_t226
19401,q19_t227
19402,q19_t227
19402,q19_t228
19402,q57_t227
19402,q57_t228
19403,q19_t228
19403,q19_t229
19404,q19_t229
19404,q19_t230
19405,q19_t230
19405,q19_t231
19405,q58_t230
19405,q58_t231
19406,q19_t231
19406,q19_t232
19407,q19_t232
19407,q19_t233
19408,q19_t233
19408,q19_t234
19408,q59_t233
19408,q59_t234
19409,q19_t234
19409,q19_t235
19410,q19_t235
19410,q19_t236
19411,q19_t236
19411,q19_t237
19411,q60_t236
19411,q60_t237
19412,q19_t237
19412,q19_t238
19413,q19_t238
19413,q19_t239
19414,q19_t239
19414,q19_t240
19414,q61_t239
19414,q61_t240
19415,q19_t240
19415,q19_t241
19416,q19_t241
19416,q19_t242
19417,q19_t242
19417,q19_t243
19417,q62_t242
19417,q62_t243
19418,q19_t243
19418,q19_t244
19419,q19_t244
19419,q19_t245
19420,q19_t245
19420,q19_t246
19420,q63_t245
19420,q63_t246
19421,q19_t246
19421,q19_t247
19422,q19_t247
19422,q19_t248
19423,q19_t248
19423,q19_t249
19423,q64_t248
19423,q64_t249
19424,q19_t249
19424,q19_t250
19425,q19_t250
19425,q19_t251
19426,q19_t251
19426,q19_t252
19426,q65_t251
19426,q65_t252
19427,q19_t252
19427,q19_t253
19428,q19_t253
19428,q19_t254
19429,q19_t254
19429,q19_t255
19429,q66_t254
19429,q66_t255
19430,q19_t255
19430,q19_t256
19431,q19_t256
19431,q19_t257
19432,q19_t257
19432,q19_t258
19432,q67_t257
19432,q67_t258
19433,q19_t258
19433,q19_t259
19434,q19_t259
19434,q19_t260
19435,q19_t260
19435,q19_t261
19435,q68_t260
19435,q68_t261
19436,q19_t261
19436,q19_t262
19437,q19_t262
19437,q19_t263
19438,q19_t263
19438,q19_t264
19438,q69_t263
19438,q69_t264
19439,q19_t264
19439,q19_t265
19440,q19_t265
19440,q19_t266
19441,q19_t266
19441,q19_t267
19441,q70_t266
19441,q70_t267
19442,q19_t267
19442,q19_t268
19443,q19_t268
19443,q19_t269
19444,q19_t269
19444,q19_t270
19444,q71_t269
19444,q71_t270
19445,q19_t270
19445,q19_t271
19446,q19_t271
19446,q19_t272
19447,q19_t272
19447,q19_t273
19447,q72_t272
19447,q72_t273
19448,q19_t273
19448,q19_t274
19449,q19_t274
19449,q19_t275
19450,q19_t275
19450,q19_t276
19450,q73_t275
19450,q73_t276
19451,q19_t276
19451,q19_t277
19452,q19_t277
19452,q19_t278
19453,q19_t278
19453,q19_t279
19453,q74_t278
19453,q74_t279
19454,q19_t279
19454,q19_t280
19455,q19_t280
19455,q19_t281
19456,q19_t281
19456,q19_t282
19456,q75_t281
19456,q75_t282
19457,q19_t282
19457,q19_t283
19458,q19_t283
19458,q19_t284
19459,q19_t284
19459,q19_t285
19459,q76_t284
19459,q76_t285
19460,q19_t285
19460,q19_t286
19461,q19_t286
19461,q19_t287
19462,q19_t287
19462,q19_t288
19462,q77_t287
19462,q77_t288
19463,q19_t288
19463,q19_t289
19464,q19_t289
19464,q19_t290
19465,q19_t290
19465,q19_t291
19465,q78_t290
19465,q78_t291
19466,q19_t291
19466,q19_t292
19467,q19_t292
19467,q19_t293
19468,q19_t293
19468,q19_t294
19468,q79_t293
19468,q79_t294
19469,q19_t294
19469,q19_t295
19470,q19_t295
19470,q19_t296
19471,q19_t296
19471,q19_t297
19471,q80_t296
19471,q80_t297
19472,q19_t297
19472,q19_t298
19473,q19_t298
19473,q19_t299
19474,q19_t299
19474,q19_t300
19474,q81_t299
19474,q81_t300
19475,q19_t300
19475,q19_t301
19476,q19_t301
19476,q19_t302
19477,q19_t302
19477,q19_t303
19477,q82_t302
19477,q82_t303
19478,q19_t303
19478,q19_t304
19479,q19_t304
19479,q19_t305
19480,q19_t305
19480,q19_t306
19480,q83_t305
19480,q83_t306
19481,q19_t306
19481,q19_t307
19482,q19_t307
19482,q19_t308
19483,q19_t308
19483,q19_t309
19483,q84_t308
19483,q84_t309
19484,q19_t309
19484,q19_t310
19485,q19_t310
19485,q19_t311
19486,q19_t311
19486,q19_t312
19486,q85_t311
19486,q85_t312
19487,q19_t312
19487,q19_t313
19488,q19_t313
19488,q19_t314
19489,q19_t314
19489,q19_t315
19489,q86_t314
19489,q86_t315
19490,q19_t315
19490,q19_t316
19491,q19_t316
19491,q19_t317
19492,q19_t317
19492,q19_t318
19492,q87_t317
19492,q87_t318
19493,q19_t318
19493,q19_t319
19494,q19_t319
19494,q19_t320
19495,q19_t320
19495,q19_t321
19495,q88_t320
19495,q88_t321
19496,q19_t321
19496,q19_t322
19497,q19_t322
19497,q19_t323
19498,q19_t323
19498,q19_t324
19498,q89_t323
19498,q89_t324
19499,q19_t324
19499,q19_t325
19500,q19_t325
19500,q19_t326
19501,q19_t326
19501,q19_t327
19501,q90_t326
19501,q90_t327
19502,q19_t327
19502,q19_t328
19503,q19_t328
19503,q19_t329
19504,q19_t329
19504,q19_t330
19504,q91_t329
19504,q91_t330
19505,q19_t330
19505,q19_t331
19506,q19_t331
19506,q19_t332
19507,q19_t332
19507,q19_t333
19507,q92_t332
19507,q92_t333
19508,q19_t333
19508,q19_t334
19509,q19_t334
19509,q19_t335
19510,q19_t335
19510,q19_t336
19510,q93_t335
19510,q93_t336
19511,q19_t336
19511,q19_t337
19512,q19_t337
19512,q19_t338
19513,q19_t338
19513,q19_t339
19513,q94_t338
19513,q94_t339
19514,q19_t339
19514,q19_t340
19515,q19_t340
19515,q19_t341
19516,q19_t341
19516,q19_t342
19516,q95_t341
19516,q95_t342
19517,q19_t342
19517,q19_t343
19518,q19_t343
19518,q19_t344
19519,q19_t344
19519,q19_t345
19519,q96_t344
19519,q96_t345
19520,q19_t345
19520,q19_t346
19521,q19_t346
19521,q19_t347
19522,q19_t347
19522,q19_t348
19522,q97_t347
19522,q97_t348
19523,q19_t348
19523,q19_t349
19524,q19_t349
19524,q19_t350
19525,q19_t350
19525,q19_t351
19525,q98_t350
19525,q98_t351
19526,q19_t351
19526,q19_t352
19527,q19_t352
19527,q19_t353
19528,q19_t353
19528,q19_t354
19528,q99_t353
19528,q99_t354
19529,q19_t354
19529,q19_t355
19530,q19_t355
19530,q19_t356
19531,q19_t357
19531,q19_t358
19532,q19_t358
19532,q19_t359
19533,q19_t360
19533,q19_t361
19534,q19_t361
19534,q19_t362
19535,q19_t363
19535,q19_t364
19536,q19_t364
19536,q19_t365
19537,q19_t366
19537,q19_t367
19538,q19_t367
19538,q19_t368
19539,q19_t369
19539,q19_t370
19540,q19_t370
19540,q19_t371
19541,q19_t372
19541,q19_t373
19542,q19_t373
19542,q19_t374
19543,q19_t375
19543,q19_t376
19544,q19_t376
19544,q19_t377
19545,q19_t378
19545,q19_t379
19546,q19_t379
19546,q19_t380
19547,q19_t381
19547,q19_t382
19548,q19_t382
19548,q19_t383
19549,q19_t384
19549,q19_t385
19550,q19_t385
19550,q19_t386
19551,q19_t386
19551,q19_t387
19552,q19_t388
19552,q19_t389
19553,q19_t389
19553,q19_t390
19554,q19_t390
19554,q19_t391
19554,q1_t390
19554,q1_t391
19555,q19_t391
19555,q19_t392
19556,q19_t392
19556,q19_t393
19557,q19_t393
19557,q19_t394
19557,q2_t393
19557,q2_t394
19558,q19_t394
19558,q19_t395
19559,q19_t395
19559,q19_t396
19560,q19_t396
19560,q19_t397
19560,q3_t396
19560,q3_t397
19561,q19_t397
19561,q19_t398
19562,q19_t398
19562,q19_t399
19563,q19_t399
19563,q19_t400
19563,q4_t399
19563,q4_t400
19564,q19_t400
19564,q19_t401
19565,q19_t401
19565,q19_t402
19566,q19_t402
19566,q19_t403
19566,q5_t402
19566,q5_t403
19567,q19_t403
19567,q19_t404
19568,q19_t404
19568,q19_t405
19569,q19_t405
19569,q19_t406
19569,q6_t405
19569,q6_t406
19570,q19_t406
19570,q19_t407
19571,q19_t407
19571,q19_t408
19572,q19_t408
19572,q19_t409
19572,q7_t408
19572,q7_t409
19573,q19_t409
19573,q19_t410
19574,q19_t410
19574,q19_t411
19575,q19_t411
19575,q19_t412
19575,q8_t411
19575,q8_t412
19576,q19_t412
19576,q19_t413
19577,q19_t413
19577,q19_t414
19578,q19_t414
19578,q19_t415
19578,q9_t414
19578,q9_t415
19579,q19_t415
19579,q19_t416
19580,q19_t416
19580,q19_t417
19581,q19_t418
19581,q19_t419
19582,q19_t419
19582,q19_t420
19583,q19_t421
19583,q19_t422
19584,q19_t422
19584,q19_t423
19585,q19_t424
19585,q19_t425
19586,q19_t425
19586,q19_t426
19587,q19_t427
19587,q19_t428
19588,q19_t428
19588,q19_t429
19589,q19_t430
19589,q19_t431
19590,q19_t431
19590,q19_t432
19591,q19_t433
19591,q19_t434
19592,q19_t434
19592,q19_t435
19593,q19_t436
19593,q19_t437
19594,q19_t437
19594,q19_t438
19595,q19_t439
19595,q19_t440
19596,q19_t440
19596,q19_t441
19597,q19_t442
19597,q19_t443
19598,q19_t443
19598,q19_t447
19599,q19_t447
19599,q19_t448
19599,q20_t447
19599,q20_t448
19600,q19_t448
19600,q19_t449
19601,q19_t449
19601,q19_t450
19602,q19_t450
19602,q19_t451
19602,q21_t450
19602,q21_t451
19603,q19_t451
19603,q19_t452
19604,q19_t452
19604,q19_t453
19605,q19_t453
19605,q19_t454
19605,q22_t453
19605,q22_t454
19606,q19_t454
19606,q19_t455
19607,q19_t455
19607,q19_t456
19608,q19_t456
19608,q19_t457
19608,q23_t456
19608,q23_t457
19609,q19_t457
19609,q19_t458
19610,q19_t458
19610,q19_t459
19611,q19_t459
19611,q19_t460
19611,q24_t459
19611,q24_t460
19612,q19_t460
19612,q19_t461
19613,q19_t461
19613,q19_t462
19614,q19_t462
19614,q19_t463
19614,q25_t462
19614,q25_t463
19615,q19_t463
19615,q19_t464
19616,q19_t464
19616,q19_t465
19617,q19_t465
19617,q19_t466
19617,q26_t465
19617,q26_t466
19618,q19_t466
19618,q19_t467
19619,q19_t467
19619,q19_t468
19620,q19_t468
19620,q19_t469
19620,q27_t468
19620,q27_t469
19621,q19_t469
19621,q19_t470
19622,q19_t470
19622,q19_t471
19623,q19_t471
19623,q19_t472
19623,q28_t471
19623,q28_t472
19624,q19_t472
19624,q19_t473
19625,q19_t473
19625,q19_t474
19626,q19_t474
19626,q19_t475
19626,q29_t474
19626,q29_t475
19627,q19_t475
19627,q19_t476
19628,q19_t476
19628,q19_t477
19629,q19_t477
19629,q19_t478
19629,q30_t477
19629,q30_t478
19630,q19_t478
19630,q19_t479
19631,q19_t479
19631,q19_t480
19632,q19_t480
19632,q19_t481
19632,q31_t480
19632,q31_t481
19633,q19_t481
19633,q19_t482
19634,q19_t482
19634,q19_t483
19635,q19_t483
19635,q19_t484
19635,q32_t483
19635,q32_t484
19636,q19_t484
19636,q19_t485
19637,q19_t485
19637,q19_t486
19638,q19_t486
19638,q19_t487
19638,q33_t486
19638,q33_t487
19639,q19_t487
19639,q19_t488
19640,q19_t488
19640,q19_t489
19641,q19_t489
19641,q19_t490
19641,q34_t489
19641,q34_t490
19642,q19_t490
19642,q19_t491
19643,q19_t491
19643,q19_t492
19644,q19_t492
19644,q19_t493
19644,q35_t492
19644,q35_t493
19645,q19_t493
19645,q19_t494
19646,q19_t494
19646,q19_t495
19647,q19_t495
19647,q19_t496
19647,q36_t495
19647,q36_t496
19648,q19_t496
19648,q19_t497
19649,q19_t497
19649,q19_t498
19650,q19_t498
19650,q19_t499
19650,q37_t498
19650,q37_t499
19651,q19_t499
19651,q19_t500
19652,q19_t500
19652,q19_t501
19653,q19_t501
19653,q19_t502
19653,q38_t501
19653,q38_t502
19654,q19_t502
19654,q19_t503
19655,q19_t503
19655,q19_t504
19656,q19_t504
19656,q19_t505
19656,q39_t504
19656,q39_t505
19657,q19_t505
19657,q19_t506
19658,q19_t506
19658,q19_t507
19659,q19_t507
19659,q19_t508
19659,q40_t507
19659,q40_t508
19660,q19_t508
19660,q19_t509
19661,q19_t509
19661,q19_t510
19662,q19_t510
19662,q19_t511
19662,q41_t510
19662,q41_t511
19663,q19_t511
19663,q19_t512
19664,q19_t512
19664,q19_t513
19665,q19_t513
19665,q19_t514
19665,q42_t513
19665,q42_t514
19666,q19_t514
19666,q19_t515
19667,q19_t515
19667,q19_t516
19668,q19_t516
19668,q19_t517
19668,q43_t516
19668,q43_t517
19669,q19_t517
19669,q19_t518
19670,q19_t518
19670,q19_t519
19671,q19_t519
19671,q19_t520
19671,q44_t519
19671,q44_t520
19672,q19_t520
19672,q19_t521
19673,q19_t521
19673,q19_t522
19674,q19_t522
19674,q19_t523
19674,q45_t522
19674,q45_t523
19675,q19_t523
19675,q19_t524
19676,q19_t524
19676,q19_t525
19677,q19_t525
19677,q19_t526
19677,q46_t525
19677,q46_t526
19678,q19_t526
19678,q19_t527
19679,q19_t527
19679,q19_t528
19680,q19_t528
19680,q19_t529
19680,q47_t528
19680,q47_t529
19681,q19_t529
19681,q19_t530
19682,q19_t530
19682,q19_t531
19683,q19_t531
19683,q19_t532
19683,q48_t531
19683,q48_t532
19684,q19_t532
19684,q19_t533
19685,q19_t533
19685,q19_t534
19686,q19_t534
19686,q19_t535
19686,q49_t534
19686,q49_t535
19687,q19_t535
19687,q19_t536
19688,q19_t536
19688,q19_t537
19689,q19_t537
19689,q19_t538
19689,q50_t537
19689,q50_t538
19690,q19_t538
19690,q19_t539
19691,q19_t539
19691,q19_t540
19692,q19_t540
19692,q19_t541
19692,q51_t540
19692,q51_t541
19693,q19_t541
19693,q19_t542
19694,q19_t542
19694,q19_t543
19695,q19_t543
19695,q19_t544
19695,q52_t543
19695,q52_t544
19696,q19_t544
19696,q19_t545
19697,q19_t545
19697,q19_t546
19698,q19_t546
19698,q19_t547
19698,q53_t546
19698,q53_t547
19699,q19_t547
19699,q19_t548
19700,q19_t548
19700,q19_t549
19701,q19_t549
19701,q19_t550
19701,q54_t549
19701,q54_t550
19702,q19_t550
19702,q19_t551
19703,q19_t551
19703,q19_t552
19704,q19_t552
19704,q19_t553
19704,q55_t552
19704,q55_t553
19705,q19_t553
19705,q19_t554
19706,q19_t554
19706,q19_t555
19707,q19_t555
19707,q19_t556
19707,q56_t555
19707,q56_t556
19708,q19_t556
19708,q19_t557
19709,q19_t557
19709,q19_t558
19710,q19_t558
19710,q19_t559
19710,q57_t558
19710,q57_t559
19711,q19_t559
19711,q19_t560
19712,q19_t560
19712,q19_t561
19713,q19_t561
19713,q19_t562
19713,q58_t561
19713,q58_t562
19714,q19_t562
19714,q19_t563
19715,q19_t563
19715,q19_t564
19716,q19_t564
19716,q19_t565
19716,q59_t564
19716,q59_t565
19717,q19_t565
19717,q19_t566
19718,q19_t566
19718,q19_t567
19719,q19_t567
19719,q19_t568
19719,q60_t567
19719,q60_t568
19720,q19_t568
19720,q19_t569
19721,q19_t569
19721,q19_t570
19722,q19_t57
19722,q19_t58
19723,q19_t570
19723,q19_t571
19723,q61_t570
19723,q61_t571
19724,q19_t571
19724,q19_t572
19725,q19_t572
19725,q19_t573
19726,q19_t573
19726,q19_t574
19726,q62_t573
19726,q62_t574
19727,q19_t574
19727,q19_t575
19728,q19_t575
19728,q19_t576
19729,q19_t576
19729,q19_t577
19729,q63_t576
19729,q63_t577
19730,q19_t577
19730,q19_t578
19731,q19_t578
19731,q19_t579
19732,q19_t579
19732,q19_t580
19732,q64_t579
19732,q64_t580
19733,q19_t58
19733,q19_t59
19734,q19_t580
19734,q19_t581
19735,q19_t581
19735,q19_t582
19736,q19_t582
19736,q19_t583
19736,q65_t582
19736,q65_t583
19737,q19_t583
19737,q19_t584
19738,q19_t584
19738,q19_t585
19739,q19_t585
19739,q19_t586
19739,q66_t585
19739,q66_t586
19740,q19_t586
19740,q19_t587
19741,q19_t587
19741,q19_t588
19742,q19_t588
19742,q19_t589
19742,q67_t588
19742,q67_t589
19743,q19_t589
19743,q19_t590
19744,q19_t59
19744,q19_t60
19744,q1_t59
19744,q1_t60
19745,q19_t590
19745,q19_t591
19746,q19_t591
19746,q19_t592
19746,q68_t591
19746,q68_t592
19747,q19_t592
19747,q19_t593
19748,q19_t593
19748,q19_t594
19749,q19_t594
19749,q19_t595
19749,q69_t594
19749,q69_t595
19750,q19_t595
19750,q19_t596
19751,q19_t596
19751,q19_t597
19752,q19_t597
19752,q19_t598
19752,q70_t597
19752,q70_t598
19753,q19_t598
19753,q19_t599
19754,q19_t599
19754,q19_t600
19755,q19_t60
19755,q19_t61
19756,q19_t600
19756,q19_t601
19756,q71_t600
19756,q71_t601
19757,q19_t601
19757,q19_t602
19758,q19_t602
19758,q19_t603
19759,q19_t603
19759,q19_t604
19759,q72_t603
19759,q72_t604
19760,q19_t604
19760,q19_t605
19761,q19_t605
19761,q19_t606
19762,q19_t606
19762,q19_t607
19762,q73_t606
19762,q73_t607
19763,q19_t607
19763,q19_t608
19764,q19_t608
19764,q19_t609
19765,q19_t609
19765,q19_t610
19765,q74_t609
19765,q74_t610
19766,q19_t61
19766,q19_t62
19767,q19_t610
19767,q19_t611
19768,q19_t611
19768,q19_t612
19769,q19_t612
19769,q19_t613
19769,q75_t612
19769,q75_t613
19770,q19_t613
19770,q19_t614
19771,q19_t614
19771,q19_t615
19772,q19_t615
19772,q19_t616
19772,q76_t615
19772,q76_t616
19773,q19_t616
19773,q19_t617
19774,q19_t617
19774,q19_t618
19775,q19_t618
19775,q19_t619
19775,q77_t618
19775,q77_t619
19776,q19_t619
19776,q19_t620
19777,q19_t62
19777,q19_t63
19777,q2_t62
19777,q2_t63
19778,q19_t620
19778,q19_t621
19779,q19_t621
19779,q19_t622
19779,q78_t621
19779,q78_t622
19780,q19_t622
19780,q19_t623
19781,q19_t623
19781,q19_t624
19782,q19_t624
19782,q19_t625
19782,q79_t624
19782,q79_t625
19783,q19_t625
19783,q19_t626
19784,q19_t626
19784,q19_t627
19785,q19_t627
19785,q19_t628
19785,q80_t627
19785,q80_t628
19786,q19_t628
19786,q19_t629
19787,q19_t629
19787,q19_t630
19788,q19_t63
19788,q19_t64
19789,q19_t630
19789,q19_t631
19789,q81_t630
19789,q81_t631
19790,q19_t631
19790,q19_t632
19791,q19_t632
19791,q19_t633
19792,q19_t633
19792,q19_t634
19792,q82_t633
19792,q82_t634
19793,q19_t634
19793,q19_t635
19794,q19_t635
19794,q19_t636
19795,q19_t636
19795,q19_t637
19795,q83_t636
19795,q83_t637
19796,q19_t637
19796,q19_t638
19797,q19_t638
19797,q19_t639
19798,q19_t639
19798,q19_t640
19798,q84_t639
19798,q84_t640
19799,q19_t64
19799,q19_t65
19800,q19_t640
19800,q19_t641
19801,q19_t641
19801,q19_t642
19802,q19_t642
19802,q19_t643
19802,q85_t642
19802,q85_t643
19803,q19_t643
19803,q19_t644
19804,q19_t644
19804,q19_t645
19805,q19_t645
19805,q19_t646
19805,q86_t645
19805,q86_t646
19806,q19_t646
19806,q19_t647
19807,q19_t647
19807,q19_t648
19808,q19_t648
19808,q19_t649
19808,q87_t648
19808,q87_t649
19809,q19_t649
19809,q19_t650
19810,q19_t65
19810,q19_t66
19810,q3_t65
19810,q3_t66
19811,q19_t650
19811,q19_t651
19812,q19_t651
19812,q19_t652
19812,q88_t651
19812,q88_t652
19813,q19_t652
19813,q19_t653
19814,q19_t653
19814,q19_t654
19815,q19_t654
19815,q19_t655
19815,q89_t654
19815,q89_t655
19816,q19_t655
19816,q19_t656
19817,q19_t656
19817,q19_t657
19818,q19_t657
19818,q19_t658
19818,q90_t657
19818,q90_t658
19819,q19_t658
19819,q19_t659
19820,q19_t659
19820,q19_t660
19821,q19_t66
19821,q19_t67
19822,q19_t660
19822,q19_t661
19822,q91_t660
19822,q91_t661
19823,q19_t661
19823,q19_t662
19824,q19_t662
19824,q19_t663
19825,q19_t663
19825,q19_t664
19825,q92_t663
19825,q92_t664
19826,q19_t664
19826,q19_t665
19827,q19_t665
19827,q19_t666
19828,q19_t666
19828,q19_t667
19828,q93_t666
19828,q93_t667
19829,q19_t667
19829,q19_t668
19830,q19_t668
19830,q19_t669
19831,q19_t669
19831,q19_t670
19831,q94_t669
19831,q94_t670
19832,q19_t67
19832,q19_t68
19833,q19_t670
19833,q19_t671
19834,q19_t671
19834,q19_t672
19835,q19_t672
19835,q19_t673
19835,q95_t672
19835,q95_t673
19836,q19_t673
19836,q19_t674
19837,q19_t674
19837,q19_t675
19838,q19_t675
19838,q19_t676
19838,q96_t675
19838,q96_t676
19839,q19_t676
19839,q19_t677
19840,q19_t677
19840,q19_t678
19841,q19_t678
19841,q19_t679
19841,q97_t678
19841,q97_t679
19842,q19_t679
19842,q19_t680
19843,q19_t68
19843,q19_t69
19843,q4_t68
19843,q4_t69
19844,q19_t680
19844,q19_t681
19845,q19_t681
19845,q19_t682
19845,q98_t681
19845,q98_t682
19846,q19_t682
19846,q19_t683
19847,q19_t683
19847,q19_t684
19848,q19_t684
19848,q19_t685
19848,q99_t684
19848,q99_t685
19849,q19_t685
19849,q19_t686
19850,q19_t686
19850,q19_t687
19851,q19_t688
19851,q19_t689
19852,q19_t689
19852,q19_t690
19853,q19_t69
19853,q19_t70
19854,q19_t691
19854,q19_t692
19855,q19_t692
19855,q19_t693
19856,q19_t694
19856,q19_t695
19857,q19_t695
19857,q19_t696
19858,q19_t697
19858,q19_t698
19859,q19_t698
19859,q19_t699
19860,q19_t70
19860,q19_t71
19861,q19_t700
19861,q19_t701
19862,q19_t701
19862,q19_t702
19863,q19_t703
19863,q19_t704
19864,q19_t704
19864,q19_t705
19865,q19_t706
19865,q19_t707
19866,q19_t707
19866,q19_t708
19867,q19_t709
19867,q19_t710
19868,q19_t71
19868,q19_t72
19868,q5_t71
19868,q5_t72
19869,q19_t710
19869,q19_t711
19870,q19_t712
19870,q19_t713
19871,q19_t713
19871,q19_t714
19872,q19_t715
19872,q19_t716
19873,q19_t716
19873,q19_t717
19874,q19_t717
19874,q19_t718
19875,q19_t719
19875,q19_t720
19876,q19_t72
19876,q19_t73
19877,q19_t720
19877,q19_t721
19878,q19_t721
19878,q19_t722
19878,q1_t721
19878,q1_t722
19879,q19_t722
19879,q19_t723
19880,q19_t723
19880,q19_t724
19881,q19_t724
19881,q19_t725
19881,q2_t724
19881,q2_t725
19882,q19_t725
19882,q19_t726
19883,q19_t726
19883,q19_t727
19884,q19_t727
19884,q19_t728
19884,q3_t727
19884,q3_t728
19885,q19_t728
19885,q19_t729
19886,q19_t729
19886,q19_t730
19887,q19_t73
19887,q19_t74
19888,q19_t730
19888,q19_t731
19888,q4_t730
19888,q4_t731
19889,q19_t731
19889,q19_t732
19890,q19_t732
19890,q19_t733
19891,q19_t733
19891,q19_t734
19891,q5_t733
19891,q5_t734
19892,q19_t734
19892,q19_t735
19893,q19_t735
19893,q19_t736
19894,q19_t736
19894,q19_t737
19894,q6_t736
19894,q6_t737
19895,q19_t737
19895,q19_t738
19896,q19_t738
19896,q19_t739
19897,q19_t739
19897,q19_t740
19897,q7_t739
19897,q7_t740
19898,q19_t74
19898,q19_t75
19898,q6_t74
19898,q6_t75
19899,q19_t740
19899,q19_t741
19900,q19_t741
19900,q19_t742
19901,q19_t742
19901,q19_t743
19901,q8_t742
19901,q8_t743
19902,q19_t743
19902,q19_t744
19903,q19_t744
19903,q19_t745
19904,q19_t745
19904,q19_t746
19904,q9_t745
19904,q9_t746
19905,q19_t746
19905,q19_t747
19906,q19_t747
19906,q19_t748
19907,q19_t749
19907,q19_t750
19908,q19_t75
19908,q19_t76
19909,q19_t750
19909,q19_t751
19910,q19_t752
19910,q19_t753
19911,q19_t753
19911,q19_t754
19912,q19_t755
19912,q19_t756
19913,q19_t756
19913,q19_t757
19914,q19_t758
19914,q19_t759
19915,q19_t759
19915,q19_t760
19916,q19_t76
19916,q19_t77
19917,q19_t761
19917,q19_t762
19918,q19_t762
19918,q19_t763
19919,q19_t764
19919,q19_t765
19920,q19_t765
19920,q19_t766
19921,q19_t767
19921,q19_t768
19922,q19_t768
19922,q19_t769
19923,q19_t77
19923,q19_t78
19923,q7_t77
19923,q7_t78
19924,q19_t770
19924,q19_t771
19925,q19_t771
19925,q19_t772
19926,q19_t773
19926,q19_t774
19927,q19_t774
19927,q19_t778
19928,q19_t778
19928,q19_t779
19928,q20_t778
19928,q20_t779
19929,q19_t779
19929,q19_t780
19930,q19_t78
19930,q19_t79
19931,q19_t780
19931,q19_t781
19932,q19_t781
19932,q19_t782
19932,q21_t781
19932,q21_t782
19933,q19_t782
19933,q19_t783
19934,q19_t783
19934,q19_t784
19935,q19_t784
19935,q19_t785
19935,q22_t784
19935,q22_t785
19936,q19_t785
19936,q19_t786
19937,q19_t786
19937,q19_t787
19938,q19_t787
19938,q19_t788
19938,q23_t787
19938,q23_t788
19939,q19_t788
19939,q19_t789
19940,q19_t789
19940,q19_t790
19941,q19_t79
19941,q19_t80
19942,q19_t790
19942,q19_t791
19942,q24_t790
19942,q24_t791
19943,q19_t791
19943,q19_t792
19944,q19_t792
19944,q19_t793
19945,q19_t793
19945,q19_t794
19945,q25_t793
19945,q25_t794
19946,q19_t794
19946,q19_t795
19947,q19_t795
19947,q19_t796
19948,q19_t796
19948,q19_t797
19948,q26_t796
19948,q26_t797
19949,q19_t797
19949,q19_t798
19950,q19_t798
19950,q19_t799
19951,q19_t799
19951,q19_t800
19951,q27_t799
19951,q27_t800
19952,q19_t80
19952,q19_t81
19952,q8_t80
19952,q8_t81
19953,q19_t800
19953,q19_t801
19954,q19_t801
19954,q19_t802
19955,q19_t802
19955,q19_t803
19955,q28_t802
19955,q28_t803
19956,q19_t803
19956,q19_t804
19957,q19_t804
19957,q19_t805
19958,q19_t805
19958,q19_t806
19958,q29_t805
19958,q29_t806
19959,q19_t806
19959,q19_t807
19960,q19_t807
19960,q19_t808
19961,q19_t808
19961,q19_t809
19961,q30_t808
19961,q30_t809
19962,q19_t809
19962,q19_t810
19963,q19_t81
19963,q19_t82
19964,q19_t810
19964,q19_t811
19965,q19_t811
19965,q19_t812
19965,q31_t811
19965,q31_t812
19966,q19_t812
19966,q19_t813
19967,q19_t813
19967,q19_t814
19968,q19_t814
19968,q19_t815
19968,q32_t814
19968,q32_t815
19969,q19_t815
19969,q19_t816
19970,q19_t816
19970,q19_t817
19971,q19_t817
19971,q19_t818
19971,q33_t817
19971,q33_t818
19972,q19_t818
19972,q19_t819
19973,q19_t819
19973,q19_t820
19974,q19_t82
19974,q19_t83
19975,q19_t820
19975,q19_t821
19975,q34_t820
19975,q34_t821
19976,q19_t821
19976,q19_t822
19977,q19_t822
19977,q19_t823
19978,q19_t823
19978,q19_t824
19978,q35_t823
19978,q35_t824
19979,q19_t824
19979,q19_t825
19980,q19_t825
19980,q19_t826
19981,q19_t826
19981,q19_t827
19981,q36_t826
19981,q36_t827
19982,q19_t827
19982,q19_t828
19983,q19_t828
19983,q19_t829
19984,q19_t829
19984,q19_t830
19984,q37_t829
19984,q37_t830
19985,q19_t83
19985,q19_t84
19985,q9_t83
19985,q9_t84
19986,q19_t830
19986,q19_t831
19987,q19_t831
19987,q19_t832
19988,q19_t832
19988,q19_t833
19988,q38_t832
19988,q38_t833
19989,q19_t833
19989,q19_t834
19990,q19_t834
19990,q19_t835
19991,q19_t835
19991,q19_t836
19991,q39_t835
19991,q39_t836
19992,q19_t836
19992,q19_t837
19993,q19_t837
19993,q19_t838
19994,q19_t838
19994,q19_t839
19994,q40_t838
19994,q40_t839
19995,q19_t839
19995,q19_t840
19996,q19_t84
19996,q19_t85
19997,q19_t840
19997,q19_t841
19998,q19_t841
19998,q19_t842
19998,q41_t841
19998,q41_t842
19999,q19_t842
19999,q19_t843
20000,q19_t843
20000,q19_t844
20001,q19_t844
20001,q19_t845
20001,q42_t844
20001,q42_t845
20002,q19_t845
20002,q19_t846
20003,q19_t846
20003,q19_t847
20004,q19_t847
20004,q19_t848
20004,q43_t847
20004,q43_t848
20005,q19_t848
20005,q19_t849
20006,q19_t849
20006,q19_t850
20007,q19_t85
20007,q19_t86
20008,q19_t850
20008,q19_t851
20008,q44_t850
20008,q44_t851
20009,q19_t851
20009,q19_t852
20010,q19_t852
20010,q19_t853
20011,q19_t853
20011,q19_t854
20011,q45_t853
20011,q45_t854
20012,q19_t854
20012,q19_t855
20013,q19_t855
20013,q19_t856
20014,q19_t856
20014,q19_t857
20014,q46_t856
20014,q46_t857
20015,q19_t857
20015,q19_t858
20016,q19_t858
20016,q19_t859
20017,q19_t859
20017,q19_t860
20017,q47_t859
20017,q47_t860
20018,q19_t860
20018,q19_t861
20019,q19_t861
20019,q19_t862
20020,q19_t862
20020,q19_t863
20020,q48_t862
20020,q48_t863
20021,q19_t863
20021,q19_t864
20022,q19_t864
20022,q19_t865
20023,q19_t865
20023,q19_t866
20023,q49_t865
20023,q49_t866
20024,q19_t866
20024,q19_t867
20025,q19_t867
20025,q19_t868
20026,q19_t868
20026,q19_t869
20026,q50_t868
20026,q50_t869
20027,q19_t869
20027,q19_t870
20028,q19_t87
20028,q19_t88
20029,q19_t870
20029,q19_t871
20030,q19_t871
20030,q19_t872
20030,q51_t871
20030,q51_t872
20031,q19_t872
20031,q19_t873
20032,q19_t873
20032,q19_t874
20033,q19_t874
20033,q19_t875
20033,q52_t874
20033,q52_t875
20034,q19_t875
20034,q19_t876
20035,q19_t876
20035,q19_t877
20036,q19_t877
20036,q19_t878
20036,q53_t877
20036,q53_t878
20037,q19_t878
20037,q19_t879
20038,q19_t879
20038,q19_t880
20039,q19_t88
20039,q19_t89
20040,q19_t880
20040,q19_t881
20040,q54_t880
20040,q54_t881
20041,q19_t881
20041,q19_t882
20042,q19_t882
20042,q19_t883
20043,q19_t883
20043,q19_t884
20043,q55_t883
20043,q55_t884
20044,q19_t884
20044,q19_t885
20045,q19_t885
20045,q19_t886
20046,q19_t886
20046,q19_t887
20046,q56_t886
20046,q56_t887
20047,q19_t887
20047,q19_t888
20048,q19_t888
20048,q19_t889
20049,q19_t889
20049,q19_t890
20049,q57_t889
20049,q57_t890
20050,q19_t890
20050,q19_t891
20051,q19_t891
20051,q19_t892
20052,q19_t892
20052,q19_t893
20052,q58_t892
20052,q58_t893
20053,q19_t893
20053,q19_t894
20054,q19_t894
20054,q19_t895
20055,q19_t895
20055,q19_t896
20055,q59_t895
20055,q59_t896
20056,q19_t896
20056,q19_t897
20057,q19_t897
20057,q19_t898
20058,q19_t898
20058,q19_t899
20058,q60_t898
20058,q60_t899
20059,q19_t899
20059,q19_t900
20060,q19_t90
20060,q19_t91
20061,q19_t900
20061,q19_t901
20062,q19_t901
20062,q19_t902
20062,q61_t901
20062,q61_t902
20063,q19_t902
20063,q19_t903
20064,q19_t903
20064,q19_t904
20065,q19_t904
20065,q19_t905
20065,q62_t904
20065,q62_t905
20066,q19_t905
20066,q19_t906
20067,q19_t906
20067,q19_t907
20068,q19_t907
20068,q19_t908
20068,q63_t907
20068,q63_t908
20069,q19_t908
20069,q19_t909
20070,q19_t909
20070,q19_t910
20071,q19_t91
20071,q19_t92
20072,q19_t910
20072,q19_t911
20072,q64_t910
20072,q64_t911
20073,q19_t911
20073,q19_t912
20074,q19_t912
20074,q19_t913
20075,q19_t913
20075,q19_t914
20075,q65_t913
20075,q65_t914
20076,q19_t914
20076,q19_t915
20077,q19_t915
20077,q19_t916
20078,q19_t916
20078,q19_t917
20078,q66_t916
20078,q66_t917
20079,q19_t917
20079,q19_t918
20080,q19_t918
20080,q19_t919
20081,q19_t919
20081,q19_t920
20081,q67_t919
20081,q67_t920
20082,q19_t920
20082,q19_t921
20083,q19_t921
20083,q19_t922
20084,q19_t922
20084,q19_t923
20084,q68_t922
20084,q68_t923
20085,q19_t923
20085,q19_t924
20086,q19_t924
20086,q19_t925
20087,q19_t925
20087,q19_t926
20087,q69_t925
20087,q69_t926
20088,q19_t926
20088,q19_t927
20089,q19_t927
20089,q19_t928
20090,q19_t928
20090,q19_t929
20090,q70_t928
20090,q70_t929
20091,q19_t929
20091,q19_t930
20092,q19_t93
20092,q19_t94
20093,q19_t930
20093,q19_t931
20094,q19_t931
20094,q19_t932
20094,q71_t931
20094,q71_t932
20095,q19_t932
20095,q19_t933
20096,q19_t933
20096,q19_t934
20097,q19_t934
20097,q19_t935
20097,q72_t934
20097,q72_t935
20098,q19_t935
20098,q19_t936
20099,q19_t936
20099,q19_t937
20100,q19_t937
20100,q19_t938
20100,q73_t937
20100,q73_t938
20101,q19_t938
20101,q19_t939
20102,q19_t939
20102,q19_t940
20103,q19_t94
20103,q19_t95
20104,q19_t940
20104,q19_t941
20104,q74_t940
20104,q74_t941
20105,q19_t941
20105,q19_t942
20106,q19_t942
20106,q19_t943
20107,q19_t943
20107,q19_t944
20107,q75_t943
20107,q75_t944
20108,q19_t944
20108,q19_t945
20109,q19_t945
20109,q19_t946
20110,q19_t946
20110,q19_t947
20110,q76_t946
20110,q76_t947
20111,q19_t947
20111,q19_t948
20112,q19_t948
20112,q19_t949
20113,q19_t949
20113,q19_t950
20113,q77_t949
20113,q77_t950
20114,q19_t950
20114,q19_t951
20115,q19_t951
20115,q19_t952
20116,q19_t952
20116,q19_t953
20116,q78_t952
20116,q78_t953
20117,q19_t953
20117,q19_t954
20118,q19_t954
20118,q19_t955
20119,q19_t955
20119,q19_t956
20119,q79_t955
20119,q79_t956
20120,q19_t956
20120,q19_t957
20121,q19_t957
20121,q19_t958
20122,q19_t958
20122,q19_t959
20122,q80_t958
20122,q80_t959
20123,q19_t959
20123,q19_t960
20124,q19_t96
20124,q19_t97
20125,q19_t960
20125,q19_t961
20126,q19_t961
20126,q19_t962
20126,q81_t961
20126,q81_t962
20127,q19_t962
20127,q19_t963
20128,q19_t963
20128,q19_t964
20129,q19_t964
20129,q19_t965
20129,q82_t964
20129,q82_t965
20130,q19_t965
20130,q19_t966
20131,q19_t966
20131,q19_t967
20132,q19_t967
20132,q19_t968
20132,q83_t967
20132,q83_t968
20133,q19_t968
20133,q19_t969
20134,q19_t969
20134,q19_t970
20135,q19_t97
20135,q19_t98
20136,q19_t970
20136,q19_t971
20136,q84_t970
20136,q84_t971
20137,q19_t971
20137,q19_t972
20138,q19_t972
20138,q19_t973
20139,q19_t973
20139,q19_t974
20139,q85_t973
20139,q85_t974
20140,q19_t974
20140,q19_t975
20141,q19_t975
20141,q19_t976
20142,q19_t976
20142,q19_t977
20142,q86_t976
20142,q86_t977
20143,q19_t977
20143,q19_t978
20144,q19_t978
20144,q19_t979
20145,q19_t979
20145,q19_t980
20145,q87_t979
20145,q87_t980
20146,q19_t980
20146,q19_t981
20147,q19_t981
20147,q19_t982
20148,q19_t982
20148,q19_t983
20148,q88_t982
20148,q88_t983
20149,q19_t983
20149,q19_t984
20150,q19_t984
20150,q19_t985
20151,q19_t985
20151,q19_t986
20151,q89_t985
20151,q89_t986
20152,q19_t986
20152,q19_t987
20153,q19_t987
20153,q19_t988
20154,q19_t988
20154,q19_t989
20154,q90_t988
20154,q90_t989
20155,q19_t989
20155,q19_t990
20156,q19_t990
20156,q19_t991
20157,q19_t991
20157,q19_t992
20157,q91_t991
20157,q91_t992
20158,q19_t992
20158,q19_t993
20159,q19_t993
20159,q19_t994
20160,q19_t994
20160,q19_t995
20160,q92_t994
20160,q92_t995
20161,q19_t995
20161,q19_t996
20162,q19_t996
20162,q19_t997
20163,q19_t997
20163,q19_t998
20163,q93_t997
20163,q93_t998
20164,q19_t998
20164,q19_t999
20165,q1_t0
20165,q1_t1
20166,q1_t1
20166,q1_t2
20167,q1_t10
20167,q1_t11
20168,q1_t10
20168,q1_t9
20169,q1_t100
20169,q1_t101
20170,q1_t100
20170,q1_t99
20171,q1_t101
20171,q1_t102
20171,q33_t101
20171,q33_t102
20172,q1_t102
20172,q1_t103
20173,q1_t103
20173,q1_t104
20174,q1_t104
20174,q1_t105
20174,q34_t104
20174,q34_t105
20175,q1_t105
20175,q1_t106
20176,q1_t106
20176,q1_t107
20177,q1_t107
20177,q1_t108
20177,q35_t107
20177,q35_t108
20178,q1_t108
20178,q1_t109
20179,q1_t109
20179,q1_t110
20180,q1_t11
20180,q1_t12
20180,q3_t11
20180,q3_t12
20181,q1_t110
20181,q1_t111
20181,q36_t110
20181,q36_t111
20182,q1_t111
20182,q1_t112
20183,q1_t112
20183,q1_t113
20184,q1_t113
20184,q1_t114
20184,q37_t113
20184,q37_t114
20185,q1_t114
20185,q1_t115
20186,q1_t115
20186,q1_t116
20187,q1_t116
20187,q1_t117
20187,q38_t116
20187,q38_t117
20188,q1_t117
20188,q1_t118
20189,q1_t118
20189,q1_t119
20190,q1_t119
20190,q1_t120
20190,q39_t119
20190,q39_t120
20191,q1_t12
20191,q1_t13
20192,q1_t120
20192,q1_t121
20193,q1_t121
20193,q1_t122
20194,q1_t122
20194,q1_t123
20194,q40_t122
20194,q40_t123
20195,q1_t123
20195,q1_t124
20196,q1_t124
20196,q1_t125
20197,q1_t125
20197,q1_t126
20197,q41_t125
20197,q41_t126
20198,q1_t126
20198,q1_t127
20199,q1_t127
20199,q1_t128
20200,q1_t128
20200,q1_t129
20200,q42_t128
20200,q42_t129
20201,q1_t129
20201,q1_t130
20202,q1_t13
20202,q1_t14
20203,q1_t130
20203,q1_t131
20204,q1_t131
20204,q1_t132
20204,q43_t131
20204,q43_t132
20205,q1_t132
20205,q1_t133
20206,q1_t133
20206,q1_t134
20207,q1_t134
20207,q1_t135
20207,q44_t134
20207,q44_t135
20208,q1_t135
20208,q1_t136
20209,q1_t136
20209,q1_t137
20210,q1_t137
20210,q1_t138
20210,q45_t137
20210,q45_t138
20211,q1_t138
20211,q1_t139
20212,q1_t139
20212,q1_t140
20213,q1_t14
20213,q1_t15
20213,q4_t14
20213,q4_t15
20214,q1_t140
20214,q1_t141
20214,q46_t140
20214,q46_t141
20215,q1_t141
20215,q1_t142
20216,q1_t142
20216,q1_t143
20217,q1_t143
20217,q1_t144
20217,q47_t143
20217,q47_t144
20218,q1_t144
20218,q1_t145
20219,q1_t145
20219,q1_t146
20220,q1_t146
20220,q1_t147
20220,q48_t146
20220,q48_t147
20221,q1_t147
20221,q1_t148
20222,q1_t148
20222,q1_t149
20223,q1_t149
20223,q1_t150
20223,q49_t149
20223,q49_t150
20224,q1_t15
20224,q1_t16
20225,q1_t150
20225,q1_t151
20226,q1_t151
20226,q1_t152
20227,q1_t152
20227,q1_t153
20227,q50_t152
20227,q50_t153
20228,q1_t153
20228,q1_t154
20229,q1_t154
20229,q1_t155
20230,q1_t155
20230,q1_t156
20230,q51_t155
20230,q51_t156
20231,q1_t156
20231,q1_t157
20232,q1_t157
20232,q1_t158
20233,q1_t158
20233,q1_t159
20233,q52_t158
20233,q52_t159
20234,q1_t159
20234,q1_t160
20235,q1_t16
20235,q1_t17
20236,q1_t160
20236,q1_t161
20237,q1_t161
20237,q1_t162
20237,q53_t161
20237,q53_t162
20238,q1_t162
20238,q1_t163
20239,q1_t163
20239,q1_t164
20240,q1_t164
20240,q1_t165
20240,q54_t164
20240,q54_t165
20241,q1_t165
20241,q1_t166
20242,q1_t166
20242,q1_t167
20243,q1_t167
20243,q1_t168
20243,q55_t167
20243,q55_t168
20244,q1_t168
20244,q1_t169
20245,q1_t169
20245,q1_t170
20246,q1_t17
20246,q1_t18
20246,q5_t17
20246,q5_t18
20247,q1_t170
20247,q1_t171
20247,q56_t170
20247,q56_t171
20248,q1_t171
20248,q1_t172
20249,q1_t172
20249,q1_t173
20250,q1_t173
20250,q1_t174
20250,q57_t173
20250,q57_t174
20251,q1_t174
20251,q1_t175
20252,q1_t175
20252,q1_t176
20253,q1_t176
20253,q1_t177
20253,q58_t176
20253,q58_t177
20254,q1_t177
20254,q1_t178
20255,q1_t178
20255,q1_t179
20256,q1_t179
20256,q1_t180
20256,q59_t179
20256,q59_t180
20257,q1_t18
20257,q1_t19
20258,q1_t180
20258,q1_t181
20259,q1_t181
20259,q1_t182
20260,q1_t182
20260,q1_t183
20260,q60_t182
20260,q60_t183
20261,q1_t183
20261,q1_t184
20262,q1_t184
20262,q1_t185
20263,q1_t185
20263,q1_t186
20263,q61_t185
20263,q61_t186
20264,q1_t186
20264,q1_t187
20265,q1_t187
20265,q1_t188
20266,q1_t188
20266,q1_t189
20266,q62_t188
20266,q62_t189
20267,q1_t189
20267,q1_t190
20268,q1_t19
20268,q1_t20
20269,q1_t190
20269,q1_t191
20270,q1_t191
20270,q1_t192
20270,q63_t191
20270,q63_t192
20271,q1_t192
20271,q1_t193
20272,q1_t193
20272,q1_t194
20273,q1_t194
20273,q1_t195
20273,q64_t194
20273,q64_t195
20274,q1_t195
20274,q1_t196
20275,q1_t196
20275,q1_t197
20276,q1_t197
20276,q1_t198
20276,q65_t197
20276,q65_t198
20277,q1_t198
20277,q1_t199
20278,q1_t199
20278,q1_t200
20279,q1_t20
20279,q1_t21
20279,q6_t20
20279,q6_t21
20280,q1_t200
20280,q1_t201
20280,q66_t200
20280,q66_t201
20281,q1_t201
20281,q1_t202
20282,q1_t202
20282,q1_t203
20283,q1_t203
20283,q1_t204
20283,q67_t203
20283,q67_t204
20284,q1_t204
20284,q1_t205
20285,q1_t205
20285,q1_t206
20286,q1_t206
20286,q1_t207
20286,q68_t206
20286,q68_t207
20287,q1_t207
20287,q1_t208
20288,q1_t208
20288,q1_t209
20289,q1_t209
20289,q1_t210
20289,q69_t209
20289,q69_t210
20290,q1_t21
20290,q1_t22
20291,q1_t210
20291,q1_t211
20292,q1_t211
20292,q1_t212
20293,q1_t212
20293,q1_t213
20293,q70_t212
20293,q70_t213
20294,q1_t213
20294,q1_t214
20295,q1_t214
20295,q1_t215
20296,q1_t215
20296,q1_t216
20296,q71_t215
20296,q71_t216
20297,q1_t216
20297,q1_t217
20298,q1_t217
20298,q1_t218
20299,q1_t218
20299,q1_t219
20299,q72_t218
20299,q72_t219
20300,q1_t219
20300,q1_t220
20301,q1_t22
20301,q1_t23
20302,q1_t220
20302,q1_t221
20303,q1_t221
20303,q1_t222
20303,q73_t221
20303,q73_t222
20304,q1_t222
20304,q1_t223
20305,q1_t223
20305,q1_t224
20306,q1_t224
20306,q1_t225
20306,q74_t224
20306,q74_t225
20307,q1_t225
20307,q1_t226
20308,q1_t226
20308,q1_t227
20309,q1_t227
20309,q1_t228
20309,q75_t227
20309,q75_t228
20310,q1_t228
20310,q1_t229
20311,q1_t229
20311,q1_t230
20312,q1_t23
20312,q1_t24
20312,q7_t23
20312,q7_t24
20313,q1_t230
20313,q1_t231
20313,q76_t230
20313,q76_t231
20314,q1_t231
20314,q1_t232
20315,q1_t232
20315,q1_t233
20316,q1_t233
20316,q1_t234
20316,q77_t233
20316,q77_t234
20317,q1_t234
20317,q1_t235
20318,q1_t235
20318,q1_t236
20319,q1_t236
20319,q1_t237
20319,q78_t236
20319,q78_t237
20320,q1_t237
20320,q1_t238
20321,q1_t238
20321,q1_t239
20322,q1_t239
20322,q1_t240
20322,q79_t239
20322,q79_t240
20323,q1_t24
20323,q1_t25
20324,q1_t240
20324,q1_t241
20325,q1_t241
20325,q1_t242
20326,q1_t242
20326,q1_t243
20326,q80_t242
20326,q80_t243
20327,q1_t243
20327,q1_t244
20328,q1_t244
20328,q1_t245
20329,q1_t245
20329,q1_t246
20329,q81_t245
20329,q81_t246
20330,q1_t246
20330,q1_t247
20331,q1_t247
20331,q1_t248
20332,q1_t248
20332,q1_t249
20332,q82_t248
20332,q82_t249
20333,q1_t249
20333,q1_t250
20334,q1_t25
20334,q1_t26
20335,q1_t250
20335,q1_t251
20336,q1_t251
20336,q1_t252
20336,q83_t251
20336,q83_t252
20337,q1_t252
20337,q1_t253
20338,q1_t253
20338,q1_t254
20339,q1_t254
20339,q1_t255
20339,q84_t254
20339,q84_t255
20340,q1_t255
20340,q1_t256
20341,q1_t256
20341,q1_t257
20342,q1_t257
20342,q1_t258
20342,q85_t257
20342,q85_t258
20343,q1_t258
20343,q1_t259
20344,q1_t259
20344,q1_t260
20345,q1_t26
20345,q1_t27
20345,q8_t26
20345,q8_t27
20346,q1_t260
20346,q1_t261
20346,q86_t260
20346,q86_t261
20347,q1_t261
20347,q1_t262
20348,q1_t262
20348,q1_t263
20349,q1_t263
20349,q1_t264
20349,q87_t263
20349,q87_t264
20350,q1_t264
20350,q1_t265
20351,q1_t265
20351,q1_t266
20352,q1_t266
20352,q1_t267
20352,q88_t266
20352,q88_t267
20353,q1_t267
20353,q1_t268
20354,q1_t268
20354,q1_t269
20355,q1_t269
20355,q1_t270
20355,q89_t269
20355,q89_t270
20356,q1_t27
20356,q1_t28
20357,q1_t270
20357,q1_t271
20358,q1_t271
20358,q1_t272
20359,q1_t272
20359,q1_t273
20359,q90_t272
20359,q90_t273
20360,q1_t273
20360,q1_t274
20361,q1_t274
20361,q1_t275
20362,q1_t275
20362,q1_t276
20362,q91_t275
20362,q91_t276
20363,q1_t276
20363,q1_t277
20364,q1_t277
20364,q1_t278
20365,q1_t278
20365,q1_t279
20365,q92_t278
20365,q92_t279
20366,q1_t279
20366,q1_t280
20367,q1_t28
20367,q1_t29
20368,q1_t280
20368,q1_t281
20369,q1_t281
20369,q1_t282
20369,q93_t281
20369,q93_t282
20370,q1_t282
20370,q1_t283
20371,q1_t283
20371,q1_t284
20372,q1_t284
20372,q1_t285
20372,q94_t284
20372,q94_t285
20373,q1_t285
20373,q1_t286
20374,q1_t286
20374,q1_t287
20375,q1_t287
20375,q1_t288
20375,q95_t287
20375,q95_t288
20376,q1_t288
20376,q1_t289
20377,q1_t289
20377,q1_t290
20378,q1_t29
20378,q1_t30
20378,q9_t29
20378,q9_t30
20379,q1_t290
20379,q1_t291
20379,q96_t290
20379,q96_t291
20380,q1_t291
20380,q1_t292
20381,q1_t292
20381,q1_t293
20382,q1_t293
20382,q1_t294
20382,q97_t293
20382,q97_t294
20383,q1_t294
20383,q1_t295
20384,q1_t295
20384,q1_t296
20385,q1_t296
20385,q1_t297
20385,q98_t296
20385,q98_t297
20386,q1_t297
20386,q1_t298
20387,q1_t298
20387,q1_t299
20388,q1_t299
20388,q1_t300
20388,q99_t299
20388,q99_t300
20389,q1_t3
20389,q1_t4
20390,q1_t30
20390,q1_t31
20391,q1_t300
20391,q1_t301
20392,q1_t301
20392,q1_t302
20393,q1_t303
20393,q1_t304
20394,q1_t304
20394,q1_t305
20395,q1_t306
20395,q1_t307
20396,q1_t307
20396,q1_t308
20397,q1_t309
20397,q1_t310
20398,q1_t31
20398,q1_t32
20399,q1_t310
20399,q1_t311
20400,q1_t312
20400,q1_t313
20401,q1_t313
20401,q1_t314
20402,q1_t315
20402,q1_t316
20403,q1_t316
20403,q1_t317
20404,q1_t318
20404,q1_t319
20405,q1_t319
20405,q1_t320
20406,q1_t321
20406,q1_t322
20407,q1_t322
20407,q1_t323
20408,q1_t324
20408,q1_t325
20409,q1_t325
20409,q1_t326
20410,q1_t327
20410,q1_t328
20411,q1_t328
20411,q1_t329
20412,q1_t33
20412,q1_t34
20413,q1_t330
20413,q1_t331
20414,q1_t331
20414,q1_t332
20415,q1_t332
20415,q1_t333
20416,q1_t334
20416,q1_t335
20417,q1_t335
20417,q1_t339
20418,q1_t339
20418,q1_t340
20418,q2_t339
20418,q2_t340
20419,q1_t34
20419,q1_t35
20420,q1_t340
20420,q1_t341
20421,q1_t341
20421,q1_t342
20422,q1_t342
20422,q1_t343
20422,q3_t342
20422,q3_t343
20423,q1_t343
20423,q1_t344
20424,q1_t344
20424,q1_t345
20425,q1_t345
20425,q1_t346
20425,q4_t345
20425,q4_t346
20426,q1_t346
20426,q1_t347
20427,q1_t347
20427,q1_t348
20428,q1_t348
20428,q1_t349
20428,q5_t348
20428,q5_t349
20429,q1_t349
20429,q1_t350
20430,q1_t350
20430,q1_t351
20431,q1_t351
20431,q1_t352
20431,q6_t351
20431,q6_t352
20432,q1_t352
20432,q1_t353
20433,q1_t353
20433,q1_t354
20434,q1_t354
20434,q1_t355
20434,q7_t354
20434,q7_t355
20435,q1_t355
20435,q1_t356
20436,q1_t356
20436,q1_t357
20437,q1_t357
20437,q1_t358
20437,q8_t357
20437,q8_t358
20438,q1_t358
20438,q1_t359
20439,q1_t359
20439,q1_t360
20440,q1_t36
20440,q1_t37
20441,q1_t360
20441,q1_t361
20441,q9_t360
20441,q9_t361
20442,q1_t361
20442,q1_t362
20443,q1_t362
20443,q1_t363
20444,q1_t364
20444,q1_t365
20445,q1_t365
20445,q1_t366
20446,q1_t367
20446,q1_t368
20447,q1_t368
20447,q1_t369
20448,q1_t37
20448,q1_t38
20449,q1_t370
20449,q1_t371
20450,q1_t371
20450,q1_t372
20451,q1_t373
20451,q1_t374
20452,q1_t374
20452,q1_t375
20453,q1_t376
20453,q1_t377
20454,q1_t377
20454,q1_t378
20455,q1_t379
20455,q1_t380
20456,q1_t380
20456,q1_t381
20457,q1_t382
20457,q1_t383
20458,q1_t383
20458,q1_t384
20459,q1_t385
20459,q1_t386
20460,q1_t386
20460,q1_t387
20461,q1_t388
20461,q1_t389
20462,q1_t389
20462,q1_t390
20463,q1_t39
20463,q1_t40
20464,q1_t391
20464,q1_t392
20465,q1_t392
20465,q1_t393
20466,q1_t393
20466,q1_t394
20466,q20_t393
20466,q20_t394
20467,q1_t394
20467,q1_t395
20468,q1_t395
20468,q1_t396
20469,q1_t396
20469,q1_t397
20469,q21_t396
20469,q21_t397
20470,q1_t397
20470,q1_t398
20471,q1_t398
20471,q1_t399
20472,q1_t399
20472,q1_t400
20472,q22_t399
20472,q22_t400
20473,q1_t4
20473,q1_t8
20474,q1_t40
20474,q1_t41
20475,q1_t400
20475,q1_t401
20476,q1_t401
20476,q1_t402
20477,q1_t402
20477,q1_t403
20477,q23_t402
20477,q23_t403
20478,q1_t403
20478,q1_t404
20479,q1_t404
20479,q1_t405
20480,q1_t405
20480,q1_t406
20480,q24_t405
20480,q24_t406
20481,q1_t406
20481,q1_t407
20482,q1_t407
20482,q1_t408
20483,q1_t408
20483,q1_t409
20483,q25_t408
20483,q25_t409
20484,q1_t409
20484,q1_t410
20485,q1_t410
20485,q1_t411
20486,q1_t411
20486,q1_t412
20486,q26_t411
20486,q26_t412
20487,q1_t412
20487,q1_t413
20488,q1_t413
20488,q1_t414
20489,q1_t414
20489,q1_t415
20489,q27_t414
20489,q27_t415
20490,q1_t415
20490,q1_t416
20491,q1_t416
20491,q1_t417
20492,q1_t417
20492,q1_t418
20492,q28_t417
20492,q28_t418
20493,q1_t418
20493,q1_t419
20494,q1_t419
20494,q1_t420
20495,q1_t42
20495,q1_t43
20496,q1_t420
20496,q1_t421
20496,q29_t420
20496,q29_t421
20497,q1_t421
20497,q1_t422
20498,q1_t422
20498,q1_t423
20499,q1_t423
20499,q1_t424
20499,q30_t423
20499,q30_t424
20500,q1_t424
20500,q1_t425
20501,q1_t425
20501,q1_t426
20502,q1_t426
20502,q1_t427
20502,q31_t426
20502,q31_t427
20503,q1_t427
20503,q1_t428
20504,q1_t428
20504,q1_t429
20505,q1_t429
20505,q1_t430
20505,q32_t429
20505,q32_t430
20506,q1_t43
20506,q1_t44
20507,q1_t430
20507,q1_t431
20508,q1_t431
20508,q1_t432
20509,q1_t432
20509,q1_t433
20509,q33_t432
20509,q33_t433
20510,q1_t433
20510,q1_t434
20511,q1_t434
20511,q1_t435
20512,q1_t435
20512,q1_t436
20512,q34_t435
20512,q34_t436
20513,q1_t436
20513,q1_t437
20514,q1_t437
20514,q1_t438
20515,q1_t438
20515,q1_t439
20515,q35_t438
20515,q35_t439
20516,q1_t439
20516,q1_t440
20517,q1_t440
20517,q1_t441
20518,q1_t441
20518,q1_t442
20518,q36_t441
20518,q36_t442
20519,q1_t442
20519,q1_t443
20520,q1_t443
20520,q1_t444
20521,q1_t444
20521,q1_t445
20521,q37_t444
20521,q37_t445
20522,q1_t445
20522,q1_t446
20523,q1_t446
20523,q1_t447
20524,q1_t447
20524,q1_t448
20524,q38_t447
20524,q38_t448
20525,q1_t448
20525,q1_t449
20526,q1_t449
20526,q1_t450
20527,q1_t45
20527,q1_t46
20528,q1_t450
20528,q1_t451
20528,q39_t450
20528,q39_t451
20529,q1_t451
20529,q1_t452
20530,q1_t452
20530,q1_t453
20531,q1_t453
20531,q1_t454
20531,q40_t453
20531,q40_t454
20532,q1_t454
20532,q1_t455
20533,q1_t455
20533,q1_t456
20534,q1_t456
20534,q1_t457
20534,q41_t456
20534,q41_t457
20535,q1_t457
20535,q1_t458
20536,q1_t458
20536,q1_t459
20537,q1_t459
20537,q1_t460
20537,q42_t459
20537,q42_t460
20538,q1_t46
20538,q1_t47
20539,q1_t460
20539,q1_t461
20540,q1_t461
20540,q1_t462
20541,q1_t462
20541,q1_t463
20541,q43_t462
20541,q43_t463
20542,q1_t463
20542,q1_t464
20543,q1_t464
20543,q1_t465
20544,q1_t465
20544,q1_t466
20544,q44_t465
20544,q44_t466
20545,q1_t466
20545,q1_t467
20546,q1_t467
20546,q1_t468
20547,q1_t468
20547,q1_t469
20547,q45_t468
20547,q45_t469
20548,q1_t469
20548,q1_t470
20549,q1_t470
20549,q1_t471
20550,q1_t471
20550,q1_t472
20550,q46_t471
20550,q46_t472
20551,q1_t472
20551,q1_t473
20552,q1_t473
20552,q1_t474
20553,q1_t474
20553,q1_t475
20553,q47_t474
20553,q47_t475
20554,q1_t475
20554,q1_t476
20555,q1_t476
20555,q1_t477
20556,q1_t477
20556,q1_t478
20556,q48_t477
20556,q48_t478
20557,q1_t478
20557,q1_t479
20558,q1_t479
20558,q1_t480
20559,q1_t48
20559,q1_t49
20560,q1_t480
20560,q1_t481
20560,q49_t480
20560,q49_t481
20561,q1_t481
20561,q1_t482
20562,q1_t482
20562,q1_t483
20563,q1_t483
20563,q1_t484
20563,q50_t483
20563,q50_t484
20564,q1_t484
20564,q1_t485
20565,q1_t485
20565,q1_t486
20566,q1_t486
20566,q1_t487
20566,q51_t486
20566,q51_t487
20567,q1_t487
20567,q1_t488
20568,q1_t488
20568,q1_t489
20569,q1_t489
20569,q1_t490
20569,q52_t489
20569,q52_t490
20570,q1_t49
20570,q1_t50
20571,q1_t490
20571,q1_t491
20572,q1_t491
20572,q1_t492
20573,q1_t492
20573,q1_t493
20573,q53_t492
20573,q53_t493
20574,q1_t493
20574,q1_t494
20575,q1_t494
20575,q1_t495
20576,q1_t495
20576,q1_t496
20576,q54_t495
20576,q54_t496
20577,q1_t496
20577,q1_t497
20578,q1_t497
20578,q1_t498
20579,q1_t498
20579,q1_t499
20579,q55_t498
20579,q55_t499
20580,q1_t499
20580,q1_t500
20581,q1_t500
20581,q1_t501
20582,q1_t501
20582,q1_t502
20582,q56_t501
20582,q56_t502
20583,q1_t502
20583,q1_t503
20584,q1_t503
20584,q1_t504
20585,q1_t504
20585,q1_t505
20585,q57_t504
20585,q57_t505
20586,q1_t505
20586,q1_t506
20587,q1_t506
20587,q1_t507
20588,q1_t507
20588,q1_t508
20588,q58_t507
20588,q58_t508
20589,q1_t508
20589,q1_t509
20590,q1_t509
20590,q1_t510
20591,q1_t51
20591,q1_t52
20592,q1_t510
20592,q1_t511
20592,q59_t510
20592,q59_t511
20593,q1_t511
20593,q1_t512
20594,q1_t512
20594,q1_t513
20595,q1_t513
20595,q1_t514
20595,q60_t513
20595,q60_t514
20596,q1_t514
20596,q1_t515
20597,q1_t515
20597,q1_t516
20598,q1_t516
20598,q1_t517
20598,q61_t516
20598,q61_t517
20599,q1_t517
20599,q1_t518
20600,q1_t518
20600,q1_t519
20601,q1_t519
20601,q1_t520
20601,q62_t519
20601,q62_t520
20602,q1_t52
20602,q1_t53
20603,q1_t520
20603,q1_t521
20604,q1_t521
20604,q1_t522
20605,q1_t522
20605,q1_t523
20605,q63_t522
20605,q63_t523
20606,q1_t523
20606,q1_t524
20607,q1_t524
20607,q1_t525
20608,q1_t525
20608,q1_t526
20608,q64_t525
20608,q64_t526
20609,q1_t526
20609,q1_t527
20610,q1_t527
20610,q1_t528
20611,q1_t528
20611,q1_t529
20611,q65_t528
20611,q65_t529
20612,q1_t529
20612,q1_t530
20613,q1_t530
20613,q1_t531
20614,q1_t531
20614,q1_t532
20614,q66_t531
20614,q66_t532
20615,q1_t532
20615,q1_t533
20616,q1_t533
20616,q1_t534
20617,q1_t534
20617,q1_t535
20617,q67_t534
20617,q67_t535
20618,q1_t535
20618,q1_t536
20619,q1_t536
20619,q1_t537
20620,q1_t537
20620,q1_t538
20620,q68_t537
20620,q68_t538
20621,q1_t538
20621,q1_t539
20622,q1_t539
20622,q1_t540
20623,q1_t54
20623,q1_t55
20624,q1_t540
20624,q1_t541
20624,q69_t540
20624,q69_t541
20625,q1_t541
20625,q1_t542
20626,q1_t542
20626,q1_t543
20627,q1_t543
20627,q1_t544
20627,q70_t543
20627,q70_t544
20628,q1_t544
20628,q1_t545
20629,q1_t545
20629,q1_t546
20630,q1_t546
20630,q1_t547
20630,q71_t546
20630,q71_t547
20631,q1_t547
20631,q1_t548
20632,q1_t548
20632,q1_t549
20633,q1_t549
20633,q1_t550
20633,q72_t549
20633,q72_t550
20634,q1_t55
20634,q1_t56
20635,q1_t550
20635,q1_t551
20636,q1_t551
20636,q1_t552
20637,q1_t552
20637,q1_t553
20637,q73_t552
20637,q73_t553
20638,q1_t553
20638,q1_t554
20639,q1_t554
20639,q1_t555
20640,q1_t555
20640,q1_t556
20640,q74_t555
20640,q74_t556
20641,q1_t556
20641,q1_t557
20642,q1_t557
20642,q1_t558
20643,q1_t558
20643,q1_t559
20643,q75_t558
20643,q75_t559
20644,q1_t559
20644,q1_t560
20645,q1_t560
20645,q1_t561
20646,q1_t561
20646,q1_t562
20646,q76_t561
20646,q76_t562
20647,q1_t562
20647,q1_t563
20648,q1_t563
20648,q1_t564
20649,q1_t564
20649,q1_t565
20649,q77_t564
20649,q77_t565
20650,q1_t565
20650,q1_t566
20651,q1_t566
20651,q1_t567
20652,q1_t567
20652,q1_t568
20652,q78_t567
20652,q78_t568
20653,q1_t568
20653,q1_t569
20654,q1_t569
20654,q1_t570
20655,q1_t57
20655,q1_t58
20656,q1_t570
20656,q1_t571
20656,q79_t570
20656,q79_t571
20657,q1_t571
20657,q1_t572
20658,q1_t572
20658,q1_t573
20659,q1_t573
20659,q1_t574
20659,q80_t573
20659,q80_t574
20660,q1_t574
20660,q1_t575
20661,q1_t575
20661,q1_t576
20662,q1_t576
20662,q1_t577
20662,q81_t576
20662,q81_t577
20663,q1_t577
20663,q1_t578
20664,q1_t578
20664,q1_t579
20665,q1_t579
20665,q1_t580
20665,q82_t579
20665,q82_t580
20666,q1_t58
20666,q1_t59
20667,q1_t580
20667,q1_t581
20668,q1_t581
20668,q1_t582
20669,q1_t582
20669,q1_t583
20669,q83_t582
20669,q83_t583
20670,q1_t583
20670,q1_t584
20671,q1_t584
20671,q1_t585
20672,q1_t585
20672,q1_t586
20672,q84_t585
20672,q84_t586
20673,q1_t586
20673,q1_t587
20674,q1_t587
20674,q1_t588
20675,q1_t588
20675,q1_t589
20675,q85_t588
20675,q85_t589
20676,q1_t589
20676,q1_t590
20677,q1_t590
20677,q1_t591
20678,q1_t591
20678,q1_t592
20678,q86_t591
20678,q86_t592
20679,q1_t592
20679,q1_t593
20680,q1_t593
20680,q1_t594
20681,q1_t594
20681,q1_t595
20681,q87_t594
20681,q87_t595
20682,q1_t595
20682,q1_t596
20683,q1_t596
20683,q1_t597
20684,q1_t597
20684,q1_t598
20684,q88_t597
20684,q88_t598
20685,q1_t598
20685,q1_t599
20686,q1_t599
20686,q1_t600
20687,q1_t60
20687,q1_t61
20688,q1_t600
20688,q1_t601
20688,q89_t600
20688,q89_t601
20689,q1_t601
20689,q1_t602
20690,q1_t602
20690,q1_t603
20691,q1_t603
20691,q1_t604
20691,q90_t603
20691,q90_t604
20692,q1_t604
20692,q1_t605
20693,q1_t605
20693,q1_t606
20694,q1_t606
20694,q1_t607
20694,q91_t606
20694,q91_t607
20695,q1_t607
20695,q1_t608
20696,q1_t608
20696,q1_t609
20697,q1_t609
20697,q1_t610
20697,q92_t609
20697,q92_t610
20698,q1_t61
20698,q1_t62
20699,q1_t610
20699,q1_t611
20700,q1_t611
20700,q1_t612
20701,q1_t612
20701,q1_t613
20701,q93_t612
20701,q93_t613
20702,q1_t613
20702,q1_t614
20703,q1_t614
20703,q1_t615
20704,q1_t615
20704,q1_t616
20704,q94_t615
20704,q94_t616
20705,q1_t616
20705,q1_t617
20706,q1_t617
20706,q1_t618
20707,q1_t618
20707,q1_t619
20707,q95_t618
20707,q95_t619
20708,q1_t619
20708,q1_t620
20709,q1_t62
20709,q1_t63
20709,q20_t62
20709,q20_t63
20710,q1_t620
20710,q1_t621
20711,q1_t621
20711,q1_t622
20711,q96_t621
20711,q96_t622
20712,q1_t622
20712,q1_t623
20713,q1_t623
20713,q1_t624
20714,q1_t624
20714,q1_t625
20714,q97_t624
20714,q97_t625
20715,q1_t625
20715,q1_t626
20716,q1_t626
20716,q1_t627
20717,q1_t627
20717,q1_t628
20717,q98_t627
20717,q98_t628
20718,q1_t628
20718,q1_t629
20719,q1_t629
20719,q1_t630
20720,q1_t63
20720,q1_t64
20721,q1_t630
20721,q1_t631
20721,q99_t630
20721,q99_t631
20722,q1_t631
20722,q1_t632
20723,q1_t632
20723,q1_t633
20724,q1_t634
20724,q1_t635
20725,q1_t635
20725,q1_t636
20726,q1_t637
20726,q1_t638
20727,q1_t638
20727,q1_t639
20728,q1_t64
20728,q1_t65
20729,q1_t640
20729,q1_t641
20730,q1_t641
20730,q1_t642
20731,q1_t643
20731,q1_t644
20732,q1_t644
20732,q1_t645
20733,q1_t646
20733,q1_t647
20734,q1_t647
20734,q1_t648
20735,q1_t649
20735,q1_t650
20736,q1_t65
20736,q1_t66
20736,q21_t65
20736,q21_t66
20737,q1_t650
20737,q1_t651
20738,q1_t652
20738,q1_t653
20739,q1_t653
20739,q1_t654
20740,q1_t655
20740,q1_t656
20741,q1_t656
20741,q1_t657
20742,q1_t658
20742,q1_t659
20743,q1_t659
20743,q1_t660
20744,q1_t66
20744,q1_t67
20745,q1_t661
20745,q1_t662
20746,q1_t662
20746,q1_t663
20747,q1_t663
20747,q1_t664
20748,q1_t665
20748,q1_t666
20749,q1_t666
20749,q1_t670
20750,q1_t67
20750,q1_t68
20751,q1_t670
20751,q1_t671
20751,q2_t670
20751,q2_t671
20752,q1_t671
20752,q1_t672
20753,q1_t672
20753,q1_t673
20754,q1_t673
20754,q1_t674
20754,q3_t673
20754,q3_t674
20755,q1_t674
20755,q1_t675
20756,q1_t675
20756,q1_t676
20757,q1_t676
20757,q1_t677
20757,q4_t676
20757,q4_t677
20758,q1_t677
20758,q1_t678
20759,q1_t678
20759,q1_t679
20760,q1_t679
20760,q1_t680
20760,q5_t679
20760,q5_t680
20761,q1_t68
20761,q1_t69
20761,q22_t68
20761,q22_t69
20762,q1_t680
20762,q1_t681
20763,q1_t681
20763,q1_t682
20764,q1_t682
20764,q1_t683
20764,q6_t682
20764,q6_t683
20765,q1_t683
20765,q1_t684
20766,q1_t684
20766,q1_t685
20767,q1_t685
20767,q1_t686
20767,q7_t685
20767,q7_t686
20768,q1_t686
20768,q1_t687
20769,q1_t687
20769,q1_t688
20770,q1_t688
20770,q1_t689
20770,q8_t688
20770,q8_t689
20771,q1_t689
20771,q1_t690
20772,q1_t69
20772,q1_t70
20773,q1_t690
20773,q1_t691
20774,q1_t691
20774,q1_t692
20774,q9_t691
20774,q9_t692
20775,q1_t692
20775,q1_t693
20776,q1_t693
20776,q1_t694
20777,q1_t695
20777,q1_t696
20778,q1_t696
20778,q1_t697
20779,q1_t698
20779,q1_t699
20780,q1_t699
20780,q1_t700
20781,q1_t70
20781,q1_t71
20782,q1_t701
20782,q1_t702
20783,q1_t702
20783,q1_t703
20784,q1_t704
20784,q1_t705
20785,q1_t705
20785,q1_t706
20786,q1_t707
20786,q1_t708
20787,q1_t708
20787,q1_t709
20788,q1_t71
20788,q1_t72
20788,q23_t71
20788,q23_t72
20789,q1_t710
20789,q1_t711
20790,q1_t711
20790,q1_t712
20791,q1_t713
20791,q1_t714
20792,q1_t714
20792,q1_t715
20793,q1_t716
20793,q1_t717
20794,q1_t717
20794,q1_t718
20795,q1_t719
20795,q1_t720
20796,q1_t72
20796,q1_t73
20797,q1_t720
20797,q1_t721
20798,q1_t722
20798,q1_t723
20799,q1_t723
20799,q1_t724
20800,q1_t724
20800,q1_t725
20800,q20_t724
20800,q20_t725
20801,q1_t725
20801,q1_t726
20802,q1_t726
20802,q1_t727
20803,q1_t727
20803,q1_t728
20803,q21_t727
20803,q21_t728
20804,q1_t728
20804,q1_t729
20805,q1_t729
20805,q1_t730
20806,q1_t73
20806,q1_t74
20807,q1_t730
20807,q1_t731
20807,q22_t730
20807,q22_t731
20808,q1_t731
20808,q1_t732
20809,q1_t732
20809,q1_t733
20810,q1_t733
20810,q1_t734
20810,q23_t733
20810,q23_t734
20811,q1_t734
20811,q1_t735
20812,q1_t735
20812,q1_t736
20813,q1_t736
20813,q1_t737
20813,q24_t736
20813,q24_t737
20814,q1_t737
20814,q1_t738
20815,q1_t738
20815,q1_t739
20816,q1_t739
20816,q1_t740
20816,q25_t739
20816,q25_t740
20817,q1_t74
20817,q1_t75
20817,q24_t74
20817,q24_t75
20818,q1_t740
20818,q1_t741
20819,q1_t741
20819,q1_t742
20820,q1_t742
20820,q1_t743
20820,q26_t742
20820,q26_t743
20821,q1_t743
20821,q1_t744
20822,q1_t744
20822,q1_t745
20823,q1_t745
20823,q1_t746
20823,q27_t745
20823,q27_t746
20824,q1_t746
20824,q1_t747
20825,q1_t747
20825,q1_t748
20826,q1_t748
20826,q1_t749
20826,q28_t748
20826,q28_t749
20827,q1_t749
20827,q1_t750
20828,q1_t75
20828,q1_t76
20829,q1_t750
20829,q1_t751
20830,q1_t751
20830,q1_t752
20830,q29_t751
20830,q29_t752
20831,q1_t752
20831,q1_t753
20832,q1_t753
20832,q1_t754
20833,q1_t754
20833,q1_t755
20833,q30_t754
20833,q30_t755
20834,q1_t755
20834,q1_t756
20835,q1_t756
20835,q1_t757
20836,q1_t757
20836,q1_t758
20836,q31_t757
20836,q31_t758
20837,q1_t758
20837,q1_t759
20838,q1_t759
20838,q1_t760
20839,q1_t76
20839,q1_t77
20840,q1_t760
20840,q1_t761
20840,q32_t760
20840,q32_t761
20841,q1_t761
20841,q1_t762
20842,q1_t762
20842,q1_t763
20843,q1_t763
20843,q1_t764
20843,q33_t763
20843,q33_t764
20844,q1_t764
20844,q1_t765
20845,q1_t765
20845,q1_t766
20846,q1_t766
20846,q1_t767
20846,q34_t766
20846,q34_t767
20847,q1_t767
20847,q1_t768
20848,q1_t768
20848,q1_t769
20849,q1_t769
20849,q1_t770
20849,q35_t769
20849,q35_t770
20850,q1_t77
20850,q1_t78
20850,q25_t77
20850,q25_t78
20851,q1_t770
20851,q1_t771
20852,q1_t771
20852,q1_t772
20853,q1_t772
20853,q1_t773
20853,q36_t772
20853,q36_t773
20854,q1_t773
20854,q1_t774
20855,q1_t774
20855,q1_t775
20856,q1_t775
20856,q1_t776
20856,q37_t775
20856,q37_t776
20857,q1_t776
20857,q1_t777
20858,q1_t777
20858,q1_t778
20859,q1_t778
20859,q1_t779
20859,q38_t778
20859,q38_t779
20860,q1_t779
20860,q1_t780
20861,q1_t78
20861,q1_t79
20862,q1_t780
20862,q1_t781
20863,q1_t781
20863,q1_t782
20863,q39_t781
20863,q39_t782
20864,q1_t782
20864,q1_t783
20865,q1_t783
20865,q1_t784
20866,q1_t784
20866,q1_t785
20866,q40_t784
20866,q40_t785
20867,q1_t785
20867,q1_t786
20868,q1_t786
20868,q1_t787
20869,q1_t787
20869,q1_t788
20869,q41_t787
20869,q41_t788
20870,q1_t788
20870,q1_t789
20871,q1_t789
20871,q1_t790
20872,q1_t79
20872,q1_t80
20873,q1_t790
20873,q1_t791
20873,q42_t790
20873,q42_t791
20874,q1_t791
20874,q1_t792
20875,q1_t792
20875,q1_t793
20876,q1_t793
20876,q1_t794
20876,q43_t793
20876,q43_t794
20877,q1_t794
20877,q1_t795
20878,q1_t795
20878,q1_t796
20879,q1_t796
20879,q1_t797
20879,q44_t796
20879,q44_t797
20880,q1_t797
20880,q1_t798
20881,q1_t798
20881,q1_t799
20882,q1_t799
20882,q1_t800
20882,q45_t799
20882,q45_t800
20883,q1_t8
20883,q1_t9
20883,q2_t8
20883,q2_t9
20884,q1_t80
20884,q1_t81
20884,q26_t80
20884,q26_t81
20885,q1_t800
20885,q1_t801
20886,q1_t801
20886,q1_t802
20887,q1_t802
20887,q1_t803
20887,q46_t802
20887,q46_t803
20888,q1_t803
20888,q1_t804
20889,q1_t804
20889,q1_t805
20890,q1_t805
20890,q1_t806
20890,q47_t805
20890,q47_t806
20891,q1_t806
20891,q1_t807
20892,q1_t807
20892,q1_t808
20893,q1_t808
20893,q1_t809
20893,q48_t808
20893,q48_t809
20894,q1_t809
20894,q1_t810
20895,q1_t81
20895,q1_t82
20896,q1_t810
20896,q1_t811
20897,q1_t811
20897,q1_t812
20897,q49_t811
20897,q49_t812
20898,q1_t812
20898,q1_t813
20899,q1_t813
20899,q1_t814
20900,q1_t814
20900,q1_t815
20900,q50_t814
20900,q50_t815
20901,q1_t815
20901,q1_t816
20902,q1_t816
20902,q1_t817
20903,q1_t817
20903,q1_t818
20903,q51_t817
20903,q51_t818
20904,q1_t818
20904,q1_t819
20905,q1_t819
20905,q1_t820
20906,q1_t82
20906,q1_t83
20907,q1_t820
20907,q1_t821
20907,q52_t820
20907,q52_t821
20908,q1_t821
20908,q1_t822
20909,q1_t822
20909,q1_t823
20910,q1_t823
20910,q1_t824
20910,q53_t823
20910,q53_t824
20911,q1_t824
20911,q1_t825
20912,q1_t825
20912,q1_t826
20913,q1_t826
20913,q1_t827
20913,q54_t826
20913,q54_t827
20914,q1_t827
20914,q1_t828
20915,q1_t828
20915,q1_t829
20916,q1_t829
20916,q1_t830
20916,q55_t829
20916,q55_t830
20917,q1_t83
20917,q1_t84
20917,q27_t83
20917,q27_t84
20918,q1_t830
20918,q1_t831
20919,q1_t831
20919,q1_t832
20920,q1_t832
20920,q1_t833
20920,q56_t832
20920,q56_t833
20921,q1_t833
20921,q1_t834
20922,q1_t834
20922,q1_t835
20923,q1_t835
20923,q1_t836
20923,q57_t835
20923,q57_t836
20924,q1_t836
20924,q1_t837
20925,q1_t837
20925,q1_t838
20926,q1_t838
20926,q1_t839
20926,q58_t838
20926,q58_t839
20927,q1_t839
20927,q1_t840
20928,q1_t84
20928,q1_t85
20929,q1_t840
20929,q1_t841
20930,q1_t841
20930,q1_t842
20930,q59_t841
20930,q59_t842
20931,q1_t842
20931,q1_t843
20932,q1_t843
20932,q1_t844
20933,q1_t844
20933,q1_t845
20933,q60_t844
20933,q60_t845
20934,q1_t845
20934,q1_t846
20935,q1_t846
20935,q1_t847
20936,q1_t847
20936,q1_t848
20936,q61_t847
20936,q61_t848
20937,q1_t848
20937,q1_t849
20938,q1_t849
20938,q1_t850
20939,q1_t85
20939,q1_t86
20940,q1_t850
20940,q1_t851
20940,q62_t850
20940,q62_t851
20941,q1_t851
20941,q1_t852
20942,q1_t852
20942,q1_t853
20943,q1_t853
20943,q1_t854
20943,q63_t853
20943,q63_t854
20944,q1_t854
20944,q1_t855
20945,q1_t855
20945,q1_t856
20946,q1_t856
20946,q1_t857
20946,q64_t856
20946,q64_t857
20947,q1_t857
20947,q1_t858
20948,q1_t858
20948,q1_t859
20949,q1_t859
20949,q1_t860
20949,q65_t859
20949,q65_t860
20950,q1_t86
20950,q1_t87
20950,q28_t86
20950,q28_t87
20951,q1_t860
20951,q1_t861
20952,q1_t861
20952,q1_t862
20953,q1_t862
20953,q1_t863
20953,q66_t862
20953,q66_t863
20954,q1_t863
20954,q1_t864
20955,q1_t864
20955,q1_t865
20956,q1_t865
20956,q1_t866
20956,q67_t865
20956,q67_t866
20957,q1_t866
20957,q1_t867
20958,q1_t867
20958,q1_t868
20959,q1_t868
20959,q1_t869
20959,q68_t868
20959,q68_t869
20960,q1_t869
20960,q1_t870
20961,q1_t87
20961,q1_t88
20962,q1_t870
20962,q1_t871
20963,q1_t871
20963,q1_t872
20963,q69_t871
20963,q69_t872
20964,q1_t872
20964,q1_t873
20965,q1_t873
20965,q1_t874
20966,q1_t874
20966,q1_t875
20966,q70_t874
20966,q70_t875
20967,q1_t875
20967,q1_t876
20968,q1_t876
20968,q1_t877
20969,q1_t877
20969,q1_t878
20969,q71_t877
20969,q71_t878
20970,q1_t878
20970,q1_t879
20971,q1_t879
20971,q1_t880
20972,q1_t88
20972,q1_t89
20973,q1_t880
20973,q1_t881
20973,q72_t880
20973,q72_t881
20974,q1_t881
20974,q1_t882
20975,q1_t882
20975,q1_t883
20976,q1_t883
20976,q1_t884
20976,q73_t883
20976,q73_t884
20977,q1_t884
20977,q1_t885
20978,q1_t885
20978,q1_t886
20979,q1_t886
20979,q1_t887
20979,q74_t886
20979,q74_t887
20980,q1_t887
20980,q1_t888
20981,q1_t888
20981,q1_t889
20982,q1_t889
20982,q1_t890
20982,q75_t889
20982,q75_t890
20983,q1_t89
20983,q1_t90
20983,q29_t89
20983,q29_t90
20984,q1_t890
20984,q1_t891
20985,q1_t891
20985,q1_t892
20986,q1_t892
20986,q1_t893
20986,q76_t892
20986,q76_t893
20987,q1_t893
20987,q1_t894
20988,q1_t894
20988,q1_t895
20989,q1_t895
20989,q1_t896
20989,q77_t895
20989,q77_t896
20990,q1_t896
20990,q1_t897
20991,q1_t897
20991,q1_t898
20992,q1_t898
20992,q1_t899
20992,q78_t898
20992,q78_t899
20993,q1_t899
20993,q1_t900
20994,q1_t90
20994,q1_t91
20995,q1_t900
20995,q1_t901
20996,q1_t901
20996,q1_t902
20996,q79_t901
20996,q79_t902
20997,q1_t902
20997,q1_t903
20998,q1_t903
20998,q1_t904
20999,q1_t904
20999,q1_t905
20999,q80_t904
20999,q80_t905
21000,q1_t905
21000,q1_t906
21001,q1_t906
21001,q1_t907
21002,q1_t907
21002,q1_t908
21002,q81_t907
21002,q81_t908
21003,q1_t908
21003,q1_t909
21004,q1_t909
21004,q1_t910
21005,q1_t91
21005,q1_t92
21006,q1_t910
21006,q1_t911
21006,q82_t910
21006,q82_t911
21007,q1_t911
21007,q1_t912
21008,q1_t912
21008,q1_t913
21009,q1_t913
21009,q1_t914
21009,q83_t913
21009,q83_t914
21010,q1_t914
21010,q1_t915
21011,q1_t915
21011,q1_t916
21012,q1_t916
21012,q1_t917
21012,q84_t916
21012,q84_t917
21013,q1_t917
21013,q1_t918
21014,q1_t918
21014,q1_t919
21015,q1_t919
21015,q1_t920
21015,q85_t919
21015,q85_t920
21016,q1_t92
21016,q1_t93
21016,q30_t92
21016,q30_t93
21017,q1_t920
21017,q1_t921
21018,q1_t921
21018,q1_t922
21019,q1_t922
21019,q1_t923
21019,q86_t922
21019,q86_t923
21020,q1_t923
21020,q1_t924
21021,q1_t924
21021,q1_t925
21022,q1_t925
21022,q1_t926
21022,q87_t925
21022,q87_t926
21023,q1_t926
21023,q1_t927
21024,q1_t927
21024,q1_t928
21025,q1_t928
21025,q1_t929
21025,q88_t928
21025,q88_t929
21026,q1_t929
21026,q1_t930
21027,q1_t93
21027,q1_t94
21028,q1_t930
21028,q1_t931
21029,q1_t931
21029,q1_t932
21029,q89_t931
21029,q89_t932
21030,q1_t932
21030,q1_t933
21031,q1_t933
21031,q1_t934
21032,q1_t934
21032,q1_t935
21032,q90_t934
21032,q90_t935
21033,q1_t935
21033,q1_t936
21034,q1_t936
21034,q1_t937
21035,q1_t937
21035,q1_t938
21035,q91_t937
21035,q91_t938
21036,q1_t938
21036,q1_t939
21037,q1_t939
21037,q1_t940
21038,q1_t94
21038,q1_t95
21039,q1_t940
21039,q1_t941
21039,q92_t940
21039,q92_t941
21040,q1_t941
21040,q1_t942
21041,q1_t942
21041,q1_t943
21042,q1_t943
21042,q1_t944
21042,q93_t943
21042,q93_t944
21043,q1_t944
21043,q1_t945
21044,q1_t945
21044,q1_t946
21045,q1_t946
21045,q1_t947
21045,q94_t946
21045,q94_t947
21046,q1_t947
21046,q1_t948
21047,q1_t948
21047,q1_t949
21048,q1_t949
21048,q1_t950
21048,q95_t949
21048,q95_t950
21049,q1_t95
21049,q1_t96
21049,q31_t95
21049,q31_t96
21050,q1_t950
21050,q1_t951
21051,q1_t951
21051,q1_t952
21052,q1_t952
21052,q1_t953
21052,q96_t952
21052,q96_t953
21053,q1_t953
21053,q1_t954
21054,q1_t954
21054,q1_t955
21055,q1_t955
21055,q1_t956
21055,q97_t955
21055,q97_t956
21056,q1_t956
21056,q1_t957
21057,q1_t957
21057,q1_t958
21058,q1_t958
21058,q1_t959
21058,q98_t958
21058,q98_t959
21059,q1_t959
21059,q1_t960
21060,q1_t96
21060,q1_t97
21061,q1_t960
21061,q1_t961
21062,q1_t961
21062,q1_t962
21062,q99_t961
21062,q99_t962
21063,q1_t962
21063,q1_t963
21064,q1_t963
21064,q1_t964
21065,q1_t965
21065,q1_t966
21066,q1_t966
21066,q1_t967
21067,q1_t968
21067,q1_t969
21068,q1_t969
21068,q1_t970
21069,q1_t97
21069,q1_t98
21070,q1_t971
21070,q1_t972
21071,q1_t972
21071,q1_t973
21072,q1_t974
21072,q1_t975
21073,q1_t975
21073,q1_t976
21074,q1_t977
21074,q1_t978
21075,q1_t978
21075,q1_t979
21076,q1_t98
21076,q1_t99
21076,q32_t98
21076,q32_t99
21077,q1_t980
21077,q1_t981
21078,q1_t981
21078,q1_t982
21079,q1_t983
21079,q1_t984
21080,q1_t984
21080,q1_t985
21081,q1_t986
21081,q1_t987
21082,q1_t987
21082,q1_t988
21083,q1_t989
21083,q1_t990
21084,q1_t990
21084,q1_t991
21085,q1_t992
21085,q1_t993
21086,q1_t993
21086,q1_t994
21087,q20_t0
21087,q20_t1
21088,q20_t1
21088,q20_t59
21089,q20_t100
21089,q20_t101
21090,q20_t100
21090,q20_t99
21091,q20_t1000
21091,q20_t1001
21091,q93_t1000
21091,q93_t1001
21092,q20_t1000
21092,q20_t999
21093,q20_t1001
21093,q20_t1002
21094,q20_t1002
21094,q20_t1003
21095,q20_t1003
21095,q20_t1004
21095,q94_t1003
21095,q94_t1004
21096,q20_t1004
21096,q20_t1005
21097,q20_t1005
21097,q20_t1006
21098,q20_t1006
21098,q20_t1007
21098,q95_t1006
21098,q95_t1007
21099,q20_t1007
21099,q20_t1008
21100,q20_t1008
21100,q20_t1009
21101,q20_t1009
21101,q20_t1010
21101,q96_t1009
21101,q96_t1010
21102,q20_t1010
21102,q20_t1011
21103,q20_t1011
21103,q20_t1012
21104,q20_t1012
21104,q20_t1013
21104,q97_t1012
21104,q97_t1013
21105,q20_t1013
21105,q20_t1014
21106,q20_t1014
21106,q20_t1015
21107,q20_t1015
21107,q20_t1016
21107,q98_t1015
21107,q98_t1016
21108,q20_t1016
21108,q20_t1017
21109,q20_t1017
21109,q20_t1018
21110,q20_t1018
21110,q20_t1019
21110,q99_t1018
21110,q99_t1019
21111,q20_t1019
21111,q20_t1020
21112,q20_t102
21112,q20_t103
21113,q20_t1020
21113,q20_t1021
21114,q20_t1022
21114,q20_t1023
21115,q20_t1023
21115,q20_t1024
21116,q20_t1025
21116,q20_t1026
21117,q20_t1026
21117,q20_t1027
21118,q20_t1028
21118,q20_t1029
21119,q20_t1029
21119,q20_t1030
21120,q20_t103
21120,q20_t104
21121,q20_t1031
21121,q20_t1032
21122,q20_t1032
21122,q20_t1033
21123,q20_t1034
21123,q20_t1035
21124,q20_t1035
21124,q20_t1036
21125,q20_t1037
21125,q20_t1038
21126,q20_t1038
21126,q20_t1039
21127,q20_t1040
21127,q20_t1041
21128,q20_t1041
21128,q20_t1042
21129,q20_t1043
21129,q20_t1044
21130,q20_t1044
21130,q20_t1045
21131,q20_t1046
21131,q20_t1047
21132,q20_t1047
21132,q20_t1048
21133,q20_t1049
21133,q20_t1050
21134,q20_t105
21134,q20_t106
21135,q20_t1050
21135,q20_t1051
21136,q20_t106
21136,q20_t107
21137,q20_t108
21137,q20_t109
21138,q20_t109
21138,q20_t110
21139,q20_t111
21139,q20_t112
21140,q20_t112
21140,q20_t113
21141,q20_t114
21141,q20_t115
21142,q20_t115
21142,q20_t116
21143,q20_t117
21143,q20_t118
21144,q20_t118
21144,q20_t122
21145,q20_t122
21145,q20_t123
21145,q21_t122
21145,q21_t123
21146,q20_t123
21146,q20_t124
21147,q20_t124
21147,q20_t125
21148,q20_t125
21148,q20_t126
21148,q22_t125
21148,q22_t126
21149,q20_t126
21149,q20_t127
21150,q20_t127
21150,q20_t128
21151,q20_t128
21151,q20_t129
21151,q23_t128
21151,q23_t129
21152,q20_t129
21152,q20_t130
21153,q20_t130
21153,q20_t131
21154,q20_t131
21154,q20_t132
21154,q24_t131
21154,q24_t132
21155,q20_t132
21155,q20_t133
21156,q20_t133
21156,q20_t134
21157,q20_t134
21157,q20_t135
21157,q25_t134
21157,q25_t135
21158,q20_t135
21158,q20_t136
21159,q20_t136
21159,q20_t137
21160,q20_t137
21160,q20_t138
21160,q26_t137
21160,q26_t138
21161,q20_t138
21161,q20_t139
21162,q20_t139
21162,q20_t140
21163,q20_t140
21163,q20_t141
21163,q27_t140
21163,q27_t141
21164,q20_t141
21164,q20_t142
21165,q20_t142
21165,q20_t143
21166,q20_t143
21166,q20_t144
21166,q28_t143
21166,q28_t144
21167,q20_t144
21167,q20_t145
21168,q20_t145
21168,q20_t146
21169,q20_t146
21169,q20_t147
21169,q29_t146
21169,q29_t147
21170,q20_t147
21170,q20_t148
21171,q20_t148
21171,q20_t149
21172,q20_t149
21172,q20_t150
21172,q30_t149
21172,q30_t150
21173,q20_t150
21173,q20_t151
21174,q20_t151
21174,q20_t152
21175,q20_t152
21175,q20_t153
21175,q31_t152
21175,q31_t153
21176,q20_t153
21176,q20_t154
21177,q20_t154
21177,q20_t155
21178,q20_t155
21178,q20_t156
21178,q32_t155
21178,q32_t156
21179,q20_t156
21179,q20_t157
21180,q20_t157
21180,q20_t158
21181,q20_t158
21181,q20_t159
21181,q33_t158
21181,q33_t159
21182,q20_t159
21182,q20_t160
21183,q20_t160
21183,q20_t161
21184,q20_t161
21184,q20_t162
21184,q34_t161
21184,q34_t162
21185,q20_t162
21185,q20_t163
21186,q20_t163
21186,q20_t164
21187,q20_t164
21187,q20_t165
21187,q35_t164
21187,q35_t165
21188,q20_t165
21188,q20_t166
21189,q20_t166
21189,q20_t167
21190,q20_t167
21190,q20_t168
21190,q36_t167
21190,q36_t168
21191,q20_t168
21191,q20_t169
21192,q20_t169
21192,q20_t170
21193,q20_t170
21193,q20_t171
21193,q37_t170
21193,q37_t171
21194,q20_t171
21194,q20_t172
21195,q20_t172
21195,q20_t173
21196,q20_t173
21196,q20_t174
21196,q38_t173
21196,q38_t174
21197,q20_t174
21197,q20_t175
21198,q20_t175
21198,q20_t176
21199,q20_t176
21199,q20_t177
21199,q39_t176
21199,q39_t177
21200,q20_t177
21200,q20_t178
21201,q20_t178
21201,q20_t179
21202,q20_t179
21202,q20_t180
21202,q40_t179
21202,q40_t180
21203,q20_t180
21203,q20_t181
21204,q20_t181
21204,q20_t182
21205,q20_t182
21205,q20_t183
21205,q41_t182
21205,q41_t183
21206,q20_t183
21206,q20_t184
21207,q20_t184
21207,q20_t185
21208,q20_t185
21208,q20_t186
21208,q42_t185
21208,q42_t186
21209,q20_t186
21209,q20_t187
21210,q20_t187
21210,q20_t188
21211,q20_t188
21211,q20_t189
21211,q43_t188
21211,q43_t189
21212,q20_t189
21212,q20_t190
21213,q20_t190
21213,q20_t191
21214,q20_t191
21214,q20_t192
21214,q44_t191
21214,q44_t192
21215,q20_t192
21215,q20_t193
21216,q20_t193
21216,q20_t194
21217,q20_t194
21217,q20_t195
21217,q45_t194
21217,q45_t195
21218,q20_t195
21218,q20_t196
21219,q20_t196
21219,q20_t197
21220,q20_t197
21220,q20_t198
21220,q46_t197
21220,q46_t198
21221,q20_t198
21221,q20_t199
21222,q20_t199
21222,q20_t200
21223,q20_t200
21223,q20_t201
21223,q47_t200
21223,q47_t201
21224,q20_t201
21224,q20_t202
21225,q20_t202
21225,q20_t203
21226,q20_t203
21226,q20_t204
21226,q48_t203
21226,q48_t204
21227,q20_t204
21227,q20_t205
21228,q20_t205
21228,q20_t206
21229,q20_t206
21229,q20_t207
21229,q49_t206
21229,q49_t207
21230,q20_t207
21230,q20_t208
21231,q20_t208
21231,q20_t209
21232,q20_t209
21232,q20_t210
21232,q50_t209
21232,q50_t210
21233,q20_t210
21233,q20_t211
21234,q20_t211
21234,q20_t212
21235,q20_t212
21235,q20_t213
21235,q51_t212
21235,q51_t213
21236,q20_t213
21236,q20_t214
21237,q20_t214
21237,q20_t215
21238,q20_t215
21238,q20_t216
21238,q52_t215
21238,q52_t216
21239,q20_t216
21239,q20_t217
21240,q20_t217
21240,q20_t218
21241,q20_t218
21241,q20_t219
21241,q53_t218
21241,q53_t219
21242,q20_t219
21242,q20_t220
21243,q20_t220
21243,q20_t221
21244,q20_t221
21244,q20_t222
21244,q54_t221
21244,q54_t222
21245,q20_t222
21245,q20_t223
21246,q20_t223
21246,q20_t224
21247,q20_t224
21247,q20_t225
21247,q55_t224
21247,q55_t225
21248,q20_t225
21248,q20_t226
21249,q20_t226
21249,q20_t227
21250,q20_t227
21250,q20_t228
21250,q56_t227
21250,q56_t228
21251,q20_t228
21251,q20_t229
21252,q20_t229
21252,q20_t230
21253,q20_t230
21253,q20_t231
21253,q57_t230
21253,q57_t231
21254,q20_t231
21254,q20_t232
21255,q20_t232
21255,q20_t233
21256,q20_t233
21256,q20_t234
21256,q58_t233
21256,q58_t234
21257,q20_t234
21257,q20_t235
21258,q20_t235
21258,q20_t236
21259,q20_t236
21259,q20_t237
21259,q59_t236
21259,q59_t237
21260,q20_t237
21260,q20_t238
21261,q20_t238
21261,q20_t239
21262,q20_t239
21262,q20_t240
21262,q60_t239
21262,q60_t240
21263,q20_t240
21263,q20_t241
21264,q20_t241
21264,q20_t242
21265,q20_t242
21265,q20_t243
21265,q61_t242
21265,q61_t243
21266,q20_t243
21266,q20_t244
21267,q20_t244
21267,q20_t245
21268,q20_t245
21268,q20_t246
21268,q62_t245
21268,q62_t246
21269,q20_t246
21269,q20_t247
21270,q20_t247
21270,q20_t248
21271,q20_t248
21271,q20_t249
21271,q63_t248
21271,q63_t249
21272,q20_t249
21272,q20_t250
21273,q20_t250
21273,q20_t251
21274,q20_t251
21274,q20_t252
21274,q64_t251
21274,q64_t252
21275,q20_t252
21275,q20_t253
21276,q20_t253
21276,q20_t254
21277,q20_t254
21277,q20_t255
21277,q65_t254
21277,q65_t255
21278,q20_t255
21278,q20_t256
21279,q20_t256
21279,q20_t257
21280,q20_t257
21280,q20_t258
21280,q66_t257
21280,q66_t258
21281,q20_t258
21281,q20_t259
21282,q20_t259
21282,q20_t260
21283,q20_t260
21283,q20_t261
21283,q67_t260
21283,q67_t261
21284,q20_t261
21284,q20_t262
21285,q20_t262
21285,q20_t263
21286,q20_t263
21286,q20_t264
21286,q68_t263
21286,q68_t264
21287,q20_t264
21287,q20_t265
21288,q20_t265
21288,q20_t266
21289,q20_t266
21289,q20_t267
21289,q69_t266
21289,q69_t267
21290,q20_t267
21290,q20_t268
21291,q20_t268
21291,q20_t269
21292,q20_t269
21292,q20_t270
21292,q70_t269
21292,q70_t270
21293,q20_t270
21293,q20_t271
21294,q20_t271
21294,q20_t272
21295,q20_t272
21295,q20_t273
21295,q71_t272
21295,q71_t273
21296,q20_t273
21296,q20_t274
21297,q20_t274
21297,q20_t275
21298,q20_t275
21298,q20_t276
21298,q72_t275
21298,q72_t276
21299,q20_t276
21299,q20_t277
21300,q20_t277
21300,q20_t278
21301,q20_t278
21301,q20_t279
21301,q73_t278
21301,q73_t279
21302,q20_t279
21302,q20_t280
21303,q20_t280
21303,q20_t281
21304,q20_t281
21304,q20_t282
21304,q74_t281
21304,q74_t282
21305,q20_t282
21305,q20_t283
21306,q20_t283
21306,q20_t284
21307,q20_t284
21307,q20_t285
21307,q75_t284
21307,q75_t285
21308,q20_t285
21308,q20_t286
21309,q20_t286
21309,q20_t287
21310,q20_t287
21310,q20_t288
21310,q76_t287
21310,q76_t288
21311,q20_t288
21311,q20_t289
21312,q20_t289
21312,q20_t290
21313,q20_t290
21313,q20_t291
21313,q77_t290
21313,q77_t291
21314,q20_t291
21314,q20_t292
21315,q20_t292
21315,q20_t293
21316,q20_t293
21316,q20_t294
21316,q78_t293
21316,q78_t294
21317,q20_t294
21317,q20_t295
21318,q20_t295
21318,q20_t296
21319,q20_t296
21319,q20_t297
21319,q79_t296
21319,q79_t297
21320,q20_t297
21320,q20_t298
21321,q20_t298
21321,q20_t299
21322,q20_t299
21322,q20_t300
21322,q80_t299
21322,q80_t300
21323,q20_t300
21323,q20_t301
21324,q20_t301
21324,q20_t302
21325,q20_t302
21325,q20_t303
21325,q81_t302
21325,q81_t303
21326,q20_t303
21326,q20_t304
21327,q20_t304
21327,q20_t305
21328,q20_t305
21328,q20_t306
21328,q82_t305
21328,q82_t306
21329,q20_t306
21329,q20_t307
21330,q20_t307
21330,q20_t308
21331,q20_t308
21331,q20_t309
21331,q83_t308
21331,q83_t309
21332,q20_t309
21332,q20_t310
21333,q20_t310
21333,q20_t311
21334,q20_t311
21334,q20_t312
21334,q84_t311
21334,q84_t312
21335,q20_t312
21335,q20_t313
21336,q20_t313
21336,q20_t314
21337,q20_t314
21337,q20_t315
21337,q85_t314
21337,q85_t315
21338,q20_t315
21338,q20_t316
21339,q20_t316
21339,q20_t317
21340,q20_t317
21340,q20_t318
21340,q86_t317
21340,q86_t318
21341,q20_t318
21341,q20_t319
21342,q20_t319
21342,q20_t320
21343,q20_t320
21343,q20_t321
21343,q87_t320
21343,q87_t321
21344,q20_t321
21344,q20_t322
21345,q20_t322
21345,q20_t323
21346,q20_t323
21346,q20_t324
21346,q88_t323
21346,q88_t324
21347,q20_t324
21347,q20_t325
21348,q20_t325
21348,q20_t326
21349,q20_t326
21349,q20_t327
21349,q89_t326
21349,q89_t327
21350,q20_t327
21350,q20_t328
21351,q20_t328
21351,q20_t329
21352,q20_t329
21352,q20_t330
21352,q90_t329
21352,q90_t330
21353,q20_t330
21353,q20_t331
21354,q20_t331
21354,q20_t332
21355,q20_t332
21355,q20_t333
21355,q91_t332
21355,q91_t333
21356,q20_t333
21356,q20_t334
21357,q20_t334
21357,q20_t335
21358,q20_t335
21358,q20_t336
21358,q92_t335
21358,q92_t336
21359,q20_t336
21359,q20_t337
21360,q20_t337
21360,q20_t338
21361,q20_t338
21361,q20_t339
21361,q93_t338
21361,q93_t339
21362,q20_t339
21362,q20_t340
21363,q20_t340
21363,q20_t341
21364,q20_t341
21364,q20_t342
21364,q94_t341
21364,q94_t342
21365,q20_t342
21365,q20_t343
21366,q20_t343
21366,q20_t344
21367,q20_t344
21367,q20_t345
21367,q95_t344
21367,q95_t345
21368,q20_t345
21368,q20_t346
21369,q20_t346
21369,q20_t347
21370,q20_t347
21370,q20_t348
21370,q96_t347
21370,q96_t348
21371,q20_t348
21371,q20_t349
21372,q20_t349
21372,q20_t350
21373,q20_t350
21373,q20_t351
21373,q97_t350
21373,q97_t351
21374,q20_t351
21374,q20_t352
21375,q20_t352
21375,q20_t353
21376,q20_t353
21376,q20_t354
21376,q98_t353
21376,q98_t354
21377,q20_t354
21377,q20_t355
21378,q20_t355
21378,q20_t356
21379,q20_t356
21379,q20_t357
21379,q99_t356
21379,q99_t357
21380,q20_t357
21380,q20_t358
21381,q20_t358
21381,q20_t359
21382,q20_t360
21382,q20_t361
21383,q20_t361
21383,q20_t362
21384,q20_t363
21384,q20_t364
21385,q20_t364
21385,q20_t365
21386,q20_t366
21386,q20_t367
21387,q20_t367
21387,q20_t368
21388,q20_t369
21388,q20_t370
21389,q20_t370
21389,q20_t371
21390,q20_t372
21390,q20_t373
21391,q20_t373
21391,q20_t374
21392,q20_t375
21392,q20_t376
21393,q20_t376
21393,q20_t377
21394,q20_t378
21394,q20_t379
21395,q20_t379
21395,q20_t380
21396,q20_t381
21396,q20_t382
21397,q20_t382
21397,q20_t383
21398,q20_t384
21398,q20_t385
21399,q20_t385
21399,q20_t386
21400,q20_t387
21400,q20_t388
21401,q20_t388
21401,q20_t389
21402,q20_t389
21402,q20_t390
21403,q20_t391
21403,q20_t392
21404,q20_t392
21404,q20_t393
21405,q20_t394
21405,q20_t395
21406,q20_t395
21406,q20_t396
21407,q20_t396
21407,q20_t397
21407,q2_t396
21407,q2_t397
21408,q20_t397
21408,q20_t398
21409,q20_t398
21409,q20_t399
21410,q20_t399
21410,q20_t400
21410,q3_t399
21410,q3_t400
21411,q20_t400
21411,q20_t401
21412,q20_t401
21412,q20_t402
21413,q20_t402
21413,q20_t403
21413,q4_t402
21413,q4_t403
21414,q20_t403
21414,q20_t404
21415,q20_t404
21415,q20_t405
21416,q20_t405
21416,q20_t406
21416,q5_t405
21416,q5_t406
21417,q20_t406
21417,q20_t407
21418,q20_t407
21418,q20_t408
21419,q20_t408
21419,q20_t409
21419,q6_t408
21419,q6_t409
21420,q20_t409
21420,q20_t410
21421,q20_t410
21421,q20_t411
21422,q20_t411
21422,q20_t412
21422,q7_t411
21422,q7_t412
21423,q20_t412
21423,q20_t413
21424,q20_t413
21424,q20_t414
21425,q20_t414
21425,q20_t415
21425,q8_t414
21425,q8_t415
21426,q20_t415
21426,q20_t416
21427,q20_t416
21427,q20_t417
21428,q20_t417
21428,q20_t418
21428,q9_t417
21428,q9_t418
21429,q20_t418
21429,q20_t419
21430,q20_t419
21430,q20_t420
21431,q20_t421
21431,q20_t422
21432,q20_t422
21432,q20_t423
21433,q20_t424
21433,q20_t425
21434,q20_t425
21434,q20_t426
21435,q20_t427
21435,q20_t428
21436,q20_t428
21436,q20_t429
21437,q20_t430
21437,q20_t431
21438,q20_t431
21438,q20_t432
21439,q20_t433
21439,q20_t434
21440,q20_t434
21440,q20_t435
21441,q20_t436
21441,q20_t437
21442,q20_t437
21442,q20_t438
21443,q20_t439
21443,q20_t440
21444,q20_t440
21444,q20_t441
21445,q20_t442
21445,q20_t443
21446,q20_t443
21446,q20_t444
21447,q20_t445
21447,q20_t446
21448,q20_t446
21448,q20_t447
21449,q20_t448
21449,q20_t449
21450,q20_t449
21450,q20_t453
21451,q20_t453
21451,q20_t454
21451,q21_t453
21451,q21_t454
21452,q20_t454
21452,q20_t455
21453,q20_t455
21453,q20_t456
21454,q20_t456
21454,q20_t457
21454,q22_t456
21454,q22_t457
21455,q20_t457
21455,q20_t458
21456,q20_t458
21456,q20_t459
21457,q20_t459
21457,q20_t460
21457,q23_t459
21457,q23_t460
21458,q20_t460
21458,q20_t461
21459,q20_t461
21459,q20_t462
21460,q20_t462
21460,q20_t463
21460,q24_t462
21460,q24_t463
21461,q20_t463
21461,q20_t464
21462,q20_t464
21462,q20_t465
21463,q20_t465
21463,q20_t466
21463,q25_t465
21463,q25_t466
21464,q20_t466
21464,q20_t467
21465,q20_t467
21465,q20_t468
21466,q20_t468
21466,q20_t469
21466,q26_t468
21466,q26_t469
21467,q20_t469
21467,q20_t470
21468,q20_t470
21468,q20_t471
21469,q20_t471
21469,q20_t472
21469,q27_t471
21469,q27_t472
21470,q20_t472
21470,q20_t473
21471,q20_t473
21471,q20_t474
21472,q20_t474
21472,q20_t475
21472,q28_t474
21472,q28_t475
21473,q20_t475
21473,q20_t476
21474,q20_t476
21474,q20_t477
21475,q20_t477
21475,q20_t478
21475,q29_t477
21475,q29_t478
21476,q20_t478
21476,q20_t479
21477,q20_t479
21477,q20_t480
21478,q20_t480
21478,q20_t481
21478,q30_t480
21478,q30_t481
21479,q20_t481
21479,q20_t482
21480,q20_t482
21480,q20_t483
21481,q20_t483
21481,q20_t484
21481,q31_t483
21481,q31_t484
21482,q20_t484
21482,q20_t485
21483,q20_t485
21483,q20_t486
21484,q20_t486
21484,q20_t487
21484,q32_t486
21484,q32_t487
21485,q20_t487
21485,q20_t488
21486,q20_t488
21486,q20_t489
21487,q20_t489
21487,q20_t490
21487,q33_t489
21487,q33_t490
21488,q20_t490
21488,q20_t491
21489,q20_t491
21489,q20_t492
21490,q20_t492
21490,q20_t493
21490,q34_t492
21490,q34_t493
21491,q20_t493
21491,q20_t494
21492,q20_t494
21492,q20_t495
21493,q20_t495
21493,q20_t496
21493,q35_t495
21493,q35_t496
21494,q20_t496
21494,q20_t497
21495,q20_t497
21495,q20_t498
21496,q20_t498
21496,q20_t499
21496,q36_t498
21496,q36_t499
21497,q20_t499
21497,q20_t500
21498,q20_t500
21498,q20_t501
21499,q20_t501
21499,q20_t502
21499,q37_t501
21499,q37_t502
21500,q20_t502
21500,q20_t503
21501,q20_t503
21501,q20_t504
21502,q20_t504
21502,q20_t505
21502,q38_t504
21502,q38_t505
21503,q20_t505
21503,q20_t506
21504,q20_t506
21504,q20_t507
21505,q20_t507
21505,q20_t508
21505,q39_t507
21505,q39_t508
21506,q20_t508
21506,q20_t509
21507,q20_t509
21507,q20_t510
21508,q20_t510
21508,q20_t511
21508,q40_t510
21508,q40_t511
21509,q20_t511
21509,q20_t512
21510,q20_t512
21510,q20_t513
21511,q20_t513
21511,q20_t514
21511,q41_t513
21511,q41_t514
21512,q20_t514
21512,q20_t515
21513,q20_t515
21513,q20_t516
21514,q20_t516
21514,q20_t517
21514,q42_t516
21514,q42_t517
21515,q20_t517
21515,q20_t518
21516,q20_t518
21516,q20_t519
21517,q20_t519
21517,q20_t520
21517,q43_t519
21517,q43_t520
21518,q20_t520
21518,q20_t521
21519,q20_t521
21519,q20_t522
21520,q20_t522
21520,q20_t523
21520,q44_t522
21520,q44_t523
21521,q20_t523
21521,q20_t524
21522,q20_t524
21522,q20_t525
21523,q20_t525
21523,q20_t526
21523,q45_t525
21523,q45_t526
21524,q20_t526
21524,q20_t527
21525,q20_t527
21525,q20_t528
21526,q20_t528
21526,q20_t529
21526,q46_t528
21526,q46_t529
21527,q20_t529
21527,q20_t530
21528,q20_t530
21528,q20_t531
21529,q20_t531
21529,q20_t532
21529,q47_t531
21529,q47_t532
21530,q20_t532
21530,q20_t533
21531,q20_t533
21531,q20_t534
21532,q20_t534
21532,q20_t535
21532,q48_t534
21532,q48_t535
21533,q20_t535
21533,q20_t536
21534,q20_t536
21534,q20_t537
21535,q20_t537
21535,q20_t538
21535,q49_t537
21535,q49_t538
21536,q20_t538
21536,q20_t539
21537,q20_t539
21537,q20_t540
21538,q20_t540
21538,q20_t541
21538,q50_t540
21538,q50_t541
21539,q20_t541
21539,q20_t542
21540,q20_t542
21540,q20_t543
21541,q20_t543
21541,q20_t544
21541,q51_t543
21541,q51_t544
21542,q20_t544
21542,q20_t545
21543,q20_t545
21543,q20_t546
21544,q20_t546
21544,q20_t547
21544,q52_t546
21544,q52_t547
21545,q20_t547
21545,q20_t548
21546,q20_t548
21546,q20_t549
21547,q20_t549
21547,q20_t550
21547,q53_t549
21547,q53_t550
21548,q20_t550
21548,q20_t551
21549,q20_t551
21549,q20_t552
21550,q20_t552
21550,q20_t553
21550,q54_t552
21550,q54_t553
21551,q20_t553
21551,q20_t554
21552,q20_t554
21552,q20_t555
21553,q20_t555
21553,q20_t556
21553,q55_t555
21553,q55_t556
21554,q20_t556
21554,q20_t557
21555,q20_t557
21555,q20_t558
21556,q20_t558
21556,q20_t559
21556,q56_t558
21556,q56_t559
21557,q20_t559
21557,q20_t560
21558,q20_t560
21558,q20_t561
21559,q20_t561
21559,q20_t562
21559,q57_t561
21559,q57_t562
21560,q20_t562
21560,q20_t563
21561,q20_t563
21561,q20_t564
21562,q20_t564
21562,q20_t565
21562,q58_t564
21562,q58_t565
21563,q20_t565
21563,q20_t566
21564,q20_t566
21564,q20_t567
21565,q20_t567
21565,q20_t568
21565,q59_t567
21565,q59_t568
21566,q20_t568
21566,q20_t569
21567,q20_t569
21567,q20_t570
21568,q20_t570
21568,q20_t571
21568,q60_t570
21568,q60_t571
21569,q20_t571
21569,q20_t572
21570,q20_t572
21570,q20_t573
21571,q20_t573
21571,q20_t574
21571,q61_t573
21571,q61_t574
21572,q20_t574
21572,q20_t575
21573,q20_t575
21573,q20_t576
21574,q20_t576
21574,q20_t577
21574,q62_t576
21574,q62_t577
21575,q20_t577
21575,q20_t578
21576,q20_t578
21576,q20_t579
21577,q20_t579
21577,q20_t580
21577,q63_t579
21577,q63_t580
21578,q20_t580
21578,q20_t581
21579,q20_t581
21579,q20_t582
21580,q20_t582
21580,q20_t583
21580,q64_t582
21580,q64_t583
21581,q20_t583
21581,q20_t584
21582,q20_t584
21582,q20_t585
21583,q20_t585
21583,q20_t586
21583,q65_t585
21583,q65_t586
21584,q20_t586
21584,q20_t587
21585,q20_t587
21585,q20_t588
21586,q20_t588
21586,q20_t589
21586,q66_t588
21586,q66_t589
21587,q20_t589
21587,q20_t590
21588,q20_t590
21588,q20_t591
21589,q20_t591
21589,q20_t592
21589,q67_t591
21589,q67_t592
21590,q20_t592
21590,q20_t593
21591,q20_t593
21591,q20_t594
21592,q20_t594
21592,q20_t595
21592,q68_t594
21592,q68_t595
21593,q20_t595
21593,q20_t596
21594,q20_t596
21594,q20_t597
21595,q20_t597
21595,q20_t598
21595,q69_t597
21595,q69_t598
21596,q20_t598
21596,q20_t599
21597,q20_t599
21597,q20_t600
21598,q20_t60
21598,q20_t61
21599,q20_t600
21599,q20_t601
21599,q70_t600
21599,q70_t601
21600,q20_t601
21600,q20_t602
21601,q20_t602
21601,q20_t603
21602,q20_t603
21602,q20_t604
21602,q71_t603
21602,q71_t604
21603,q20_t604
21603,q20_t605
21604,q20_t605
21604,q20_t606
21605,q20_t606
21605,q20_t607
21605,q72_t606
21605,q72_t607
21606,q20_t607
21606,q20_t608
21607,q20_t608
21607,q20_t609
21608,q20_t609
21608,q20_t610
21608,q73_t609
21608,q73_t610
21609,q20_t61
21609,q20_t62
21610,q20_t610
21610,q20_t611
21611,q20_t611
21611,q20_t612
21612,q20_t612
21612,q20_t613
21612,q74_t612
21612,q74_t613
21613,q20_t613
21613,q20_t614
21614,q20_t614
21614,q20_t615
21615,q20_t615
21615,q20_t616
21615,q75_t615
21615,q75_t616
21616,q20_t616
21616,q20_t617
21617,q20_t617
21617,q20_t618
21618,q20_t618
21618,q20_t619
21618,q76_t618
21618,q76_t619
21619,q20_t619
21619,q20_t620
21620,q20_t620
21620,q20_t621
21621,q20_t621
21621,q20_t622
21621,q77_t621
21621,q77_t622
21622,q20_t622
21622,q20_t623
21623,q20_t623
21623,q20_t624
21624,q20_t624
21624,q20_t625
21624,q78_t624
21624,q78_t625
21625,q20_t625
21625,q20_t626
21626,q20_t626
21626,q20_t627
21627,q20_t627
21627,q20_t628
21627,q79_t627
21627,q79_t628
21628,q20_t628
21628,q20_t629
21629,q20_t629
21629,q20_t630
21630,q20_t63
21630,q20_t64
21631,q20_t630
21631,q20_t631
21631,q80_t630
21631,q80_t631
21632,q20_t631
21632,q20_t632
21633,q20_t632
21633,q20_t633
21634,q20_t633
21634,q20_t634
21634,q81_t633
21634,q81_t634
21635,q20_t634
21635,q20_t635
21636,q20_t635
21636,q20_t636
21637,q20_t636
21637,q20_t637
21637,q82_t636
21637,q82_t637
21638,q20_t637
21638,q20_t638
21639,q20_t638
21639,q20_t639
21640,q20_t639
21640,q20_t640
21640,q83_t639
21640,q83_t640
21641,q20_t64
21641,q20_t65
21642,q20_t640
21642,q20_t641
21643,q20_t641
21643,q20_t642
21644,q20_t642
21644,q20_t643
21644,q84_t642
21644,q84_t643
21645,q20_t643
21645,q20_t644
21646,q20_t644
21646,q20_t645
21647,q20_t645
21647,q20_t646
21647,q85_t645
21647,q85_t646
21648,q20_t646
21648,q20_t647
21649,q20_t647
21649,q20_t648
21650,q20_t648
21650,q20_t649
21650,q86_t648
21650,q86_t649
21651,q20_t649
21651,q20_t650
21652,q20_t65
21652,q20_t66
21652,q2_t65
21652,q2_t66
21653,q20_t650
21653,q20_t651
21654,q20_t651
21654,q20_t652
21654,q87_t651
21654,q87_t652
21655,q20_t652
21655,q20_t653
21656,q20_t653
21656,q20_t654
21657,q20_t654
21657,q20_t655
21657,q88_t654
21657,q88_t655
21658,q20_t655
21658,q20_t656
21659,q20_t656
21659,q20_t657
21660,q20_t657
21660,q20_t658
21660,q89_t657
21660,q89_t658
21661,q20_t658
21661,q20_t659
21662,q20_t659
21662,q20_t660
21663,q20_t66
21663,q20_t67
21664,q20_t660
21664,q20_t661
21664,q90_t660
21664,q90_t661
21665,q20_t661
21665,q20_t662
21666,q20_t662
21666,q20_t663
21667,q20_t663
21667,q20_t664
21667,q91_t663
21667,q91_t664
21668,q20_t664
21668,q20_t665
21669,q20_t665
21669,q20_t666
21670,q20_t666
21670,q20_t667
21670,q92_t666
21670,q92_t667
21671,q20_t667
21671,q20_t668
21672,q20_t668
21672,q20_t669
21673,q20_t669
21673,q20_t670
21673,q93_t669
21673,q93_t670
21674,q20_t67
21674,q20_t68
21675,q20_t670
21675,q20_t671
21676,q20_t671
21676,q20_t672
21677,q20_t672
21677,q20_t673
21677,q94_t672
21677,q94_t673
21678,q20_t673
21678,q20_t674
21679,q20_t674
21679,q20_t675
21680,q20_t675
21680,q20_t676
21680,q95_t675
21680,q95_t676
21681,q20_t676
21681,q20_t677
21682,q20_t677
21682,q20_t678
21683,q20_t678
21683,q20_t679
21683,q96_t678
21683,q96_t679
21684,q20_t679
21684,q20_t680
21685,q20_t68
21685,q20_t69
21685,q3_t68
21685,q3_t69
21686,q20_t680
21686,q20_t681
21687,q20_t681
21687,q20_t682
21687,q97_t681
21687,q97_t682
21688,q20_t682
21688,q20_t683
21689,q20_t683
21689,q20_t684
21690,q20_t684
21690,q20_t685
21690,q98_t684
21690,q98_t685
21691,q20_t685
21691,q20_t686
21692,q20_t686
21692,q20_t687
21693,q20_t687
21693,q20_t688
21693,q99_t687
21693,q99_t688
21694,q20_t688
21694,q20_t689
21695,q20_t689
21695,q20_t690
21696,q20_t69
21696,q20_t70
21697,q20_t691
21697,q20_t692
21698,q20_t692
21698,q20_t693
21699,q20_t694
21699,q20_t695
21700,q20_t695
21700,q20_t696
21701,q20_t697
21701,q20_t698
21702,q20_t698
21702,q20_t699
21703,q20_t70
21703,q20_t71
21704,q20_t700
21704,q20_t701
21705,q20_t701
21705,q20_t702
21706,q20_t703
21706,q20_t704
21707,q20_t704
21707,q20_t705
21708,q20_t706
21708,q20_t707
21709,q20_t707
21709,q20_t708
21710,q20_t709
21710,q20_t710
21711,q20_t71
21711,q20_t72
21711,q4_t71
21711,q4_t72
21712,q20_t710
21712,q20_t711
21713,q20_t712
21713,q20_t713
21714,q20_t713
21714,q20_t714
21715,q20_t715
21715,q20_t716
21716,q20_t716
21716,q20_t717
21717,q20_t718
21717,q20_t719
21718,q20_t719
21718,q20_t720
21719,q20_t72
21719,q20_t73
21720,q20_t720
21720,q20_t721
21721,q20_t722
21721,q20_t723
21722,q20_t723
21722,q20_t724
21723,q20_t725
21723,q20_t726
21724,q20_t726
21724,q20_t727
21725,q20_t727
21725,q20_t728
21725,q2_t727
21725,q2_t728
21726,q20_t728
21726,q20_t729
21727,q20_t729
21727,q20_t730
21728,q20_t73
21728,q20_t74
21729,q20_t730
21729,q20_t731
21729,q3_t730
21729,q3_t731
21730,q20_t731
21730,q20_t732
21731,q20_t732
21731,q20_t733
21732,q20_t733
21732,q20_t734
21732,q4_t733
21732,q4_t734
21733,q20_t734
21733,q20_t735
21734,q20_t735
21734,q20_t736
21735,q20_t736
21735,q20_t737
21735,q5_t736
21735,q5_t737
21736,q20_t737
21736,q20_t738
21737,q20_t738
21737,q20_t739
21738,q20_t739
21738,q20_t740
21738,q6_t739
21738,q6_t740
21739,q20_t74
21739,q20_t75
21739,q5_t74
21739,q5_t75
21740,q20_t740
21740,q20_t741
21741,q20_t741
21741,q20_t742
21742,q20_t742
21742,q20_t743
21742,q7_t742
21742,q7_t743
21743,q20_t743
21743,q20_t744
21744,q20_t744
21744,q20_t745
21745,q20_t745
21745,q20_t746
21745,q8_t745
21745,q8_t746
21746,q20_t746
21746,q20_t747
21747,q20_t747
21747,q20_t748
21748,q20_t748
21748,q20_t749
21748,q9_t748
21748,q9_t749
21749,q20_t749
21749,q20_t750
21750,q20_t75
21750,q20_t76
21751,q20_t750
21751,q20_t751
21752,q20_t752
21752,q20_t753
21753,q20_t753
21753,q20_t754
21754,q20_t755
21754,q20_t756
21755,q20_t756
21755,q20_t757
21756,q20_t758
21756,q20_t759
21757,q20_t759
21757,q20_t760
21758,q20_t76
21758,q20_t77
21759,q20_t761
21759,q20_t762
21760,q20_t762
21760,q20_t763
21761,q20_t764
21761,q20_t765
21762,q20_t765
21762,q20_t766
21763,q20_t767
21763,q20_t768
21764,q20_t768
21764,q20_t769
21765,q20_t77
21765,q20_t78
21765,q6_t77
21765,q6_t78
21766,q20_t770
21766,q20_t771
21767,q20_t771
21767,q20_t772
21768,q20_t773
21768,q20_t774
21769,q20_t774
21769,q20_t775
21770,q20_t776
21770,q20_t777
21771,q20_t777
21771,q20_t778
21772,q20_t779
21772,q20_t780
21773,q20_t78
21773,q20_t79
21774,q20_t780
21774,q20_t784
21775,q20_t784
21775,q20_t785
21775,q21_t784
21775,q21_t785
21776,q20_t785
21776,q20_t786
21777,q20_t786
21777,q20_t787
21778,q20_t787
21778,q20_t788
21778,q22_t787
21778,q22_t788
21779,q20_t788
21779,q20_t789
21780,q20_t789
21780,q20_t790
21781,q20_t79
21781,q20_t80
21782,q20_t790
21782,q20_t791
21782,q23_t790
21782,q23_t791
21783,q20_t791
21783,q20_t792
21784,q20_t792
21784,q20_t793
21785,q20_t793
21785,q20_t794
21785,q24_t793
21785,q24_t794
21786,q20_t794
21786,q20_t795
21787,q20_t795
21787,q20_t796
21788,q20_t796
21788,q20_t797
21788,q25_t796
21788,q25_t797
21789,q20_t797
21789,q20_t798
21790,q20_t798
21790,q20_t799
21791,q20_t799
21791,q20_t800
21791,q26_t799
21791,q26_t800
21792,q20_t80
21792,q20_t81
21792,q7_t80
21792,q7_t81
21793,q20_t800
21793,q20_t801
21794,q20_t801
21794,q20_t802
21795,q20_t802
21795,q20_t803
21795,q27_t802
21795,q27_t803
21796,q20_t803
21796,q20_t804
21797,q20_t804
21797,q20_t805
21798,q20_t805
21798,q20_t806
21798,q28_t805
21798,q28_t806
21799,q20_t806
21799,q20_t807
21800,q20_t807
21800,q20_t808
21801,q20_t808
21801,q20_t809
21801,q29_t808
21801,q29_t809
21802,q20_t809
21802,q20_t810
21803,q20_t81
21803,q20_t82
21804,q20_t810
21804,q20_t811
21805,q20_t811
21805,q20_t812
21805,q30_t811
21805,q30_t812
21806,q20_t812
21806,q20_t813
21807,q20_t813
21807,q20_t814
21808,q20_t814
21808,q20_t815
21808,q31_t814
21808,q31_t815
21809,q20_t815
21809,q20_t816
21810,q20_t816
21810,q20_t817
21811,q20_t817
21811,q20_t818
21811,q32_t817
21811,q32_t818
21812,q20_t818
21812,q20_t819
21813,q20_t819
21813,q20_t820
21814,q20_t82
21814,q20_t83
21815,q20_t820
21815,q20_t821
21815,q33_t820
21815,q33_t821
21816,q20_t821
21816,q20_t822
21817,q20_t822
21817,q20_t823
21818,q20_t823
21818,q20_t824
21818,q34_t823
21818,q34_t824
21819,q20_t824
21819,q20_t825
21820,q20_t825
21820,q20_t826
21821,q20_t826
21821,q20_t827
21821,q35_t826
21821,q35_t827
21822,q20_t827
21822,q20_t828
21823,q20_t828
21823,q20_t829
21824,q20_t829
21824,q20_t830
21824,q36_t829
21824,q36_t830
21825,q20_t83
21825,q20_t84
21825,q8_t83
21825,q8_t84
21826,q20_t830
21826,q20_t831
21827,q20_t831
21827,q20_t832
21828,q20_t832
21828,q20_t833
21828,q37_t832
21828,q37_t833
21829,q20_t833
21829,q20_t834
21830,q20_t834
21830,q20_t835
21831,q20_t835
21831,q20_t836
21831,q38_t835
21831,q38_t836
21832,q20_t836
21832,q20_t837
21833,q20_t837
21833,q20_t838
21834,q20_t838
21834,q20_t839
21834,q39_t838
21834,q39_t839
21835,q20_t839
21835,q20_t840
21836,q20_t84
21836,q20_t85
21837,q20_t840
21837,q20_t841
21838,q20_t841
21838,q20_t842
21838,q40_t841
21838,q40_t842
21839,q20_t842
21839,q20_t843
21840,q20_t843
21840,q20_t844
21841,q20_t844
21841,q20_t845
21841,q41_t844
21841,q41_t845
21842,q20_t845
21842,q20_t846
21843,q20_t846
21843,q20_t847
21844,q20_t847
21844,q20_t848
21844,q42_t847
21844,q42_t848
21845,q20_t848
21845,q20_t849
21846,q20_t849
21846,q20_t850
21847,q20_t85
21847,q20_t86
21848,q20_t850
21848,q20_t851
21848,q43_t850
21848,q43_t851
21849,q20_t851
21849,q20_t852
21850,q20_t852
21850,q20_t853
21851,q20_t853
21851,q20_t854
21851,q44_t853
21851,q44_t854
21852,q20_t854
21852,q20_t855
21853,q20_t855
21853,q20_t856
21854,q20_t856
21854,q20_t857
21854,q45_t856
21854,q45_t857
21855,q20_t857
21855,q20_t858
21856,q20_t858
21856,q20_t859
21857,q20_t859
21857,q20_t860
21857,q46_t859
21857,q46_t860
21858,q20_t86
21858,q20_t87
21858,q9_t86
21858,q9_t87
21859,q20_t860
21859,q20_t861
21860,q20_t861
21860,q20_t862
21861,q20_t862
21861,q20_t863
21861,q47_t862
21861,q47_t863
21862,q20_t863
21862,q20_t864
21863,q20_t864
21863,q20_t865
21864,q20_t865
21864,q20_t866
21864,q48_t865
21864,q48_t866
21865,q20_t866
21865,q20_t867
21866,q20_t867
21866,q20_t868
21867,q20_t868
21867,q20_t869
21867,q49_t868
21867,q49_t869
21868,q20_t869
21868,q20_t870
21869,q20_t87
21869,q20_t88
21870,q20_t870
21870,q20_t871
21871,q20_t871
21871,q20_t872
21871,q50_t871
21871,q50_t872
21872,q20_t872
21872,q20_t873
21873,q20_t873
21873,q20_t874
21874,q20_t874
21874,q20_t875
21874,q51_t874
21874,q51_t875
21875,q20_t875
21875,q20_t876
21876,q20_t876
21876,q20_t877
21877,q20_t877
21877,q20_t878
21877,q52_t877
21877,q52_t878
21878,q20_t878
21878,q20_t879
21879,q20_t879
21879,q20_t880
21880,q20_t88
21880,q20_t89
21881,q20_t880
21881,q20_t881
21881,q53_t880
21881,q53_t881
21882,q20_t881
21882,q20_t882
21883,q20_t882
21883,q20_t883
21884,q20_t883
21884,q20_t884
21884,q54_t883
21884,q54_t884
21885,q20_t884
21885,q20_t885
21886,q20_t885
21886,q20_t886
21887,q20_t886
21887,q20_t887
21887,q55_t886
21887,q55_t887
21888,q20_t887
21888,q20_t888
21889,q20_t888
21889,q20_t889
21890,q20_t889
21890,q20_t890
21890,q56_t889
21890,q56_t890
21891,q20_t890
21891,q20_t891
21892,q20_t891
21892,q20_t892
21893,q20_t892
21893,q20_t893
21893,q57_t892
21893,q57_t893
21894,q20_t893
21894,q20_t894
21895,q20_t894
21895,q20_t895
21896,q20_t895
21896,q20_t896
21896,q58_t895
21896,q58_t896
21897,q20_t896
21897,q20_t897
21898,q20_t897
21898,q20_t898
21899,q20_t898
21899,q20_t899
21899,q59_t898
21899,q59_t899
21900,q20_t899
21900,q20_t900
21901,q20_t90
21901,q20_t91
21902,q20_t900
21902,q20_t901
21903,q20_t901
21903,q20_t902
21903,q60_t901
21903,q60_t902
21904,q20_t902
21904,q20_t903
21905,q20_t903
21905,q20_t904
21906,q20_t904
21906,q20_t905
21906,q61_t904
21906,q61_t905
21907,q20_t905
21907,q20_t906
21908,q20_t906
21908,q20_t907
21909,q20_t907
21909,q20_t908
21909,q62_t907
21909,q62_t908
21910,q20_t908
21910,q20_t909
21911,q20_t909
21911,q20_t910
21912,q20_t91
21912,q20_t92
21913,q20_t910
21913,q20_t911
21913,q63_t910
21913,q63_t911
21914,q20_t911
21914,q20_t912
21915,q20_t912
21915,q20_t913
21916,q20_t913
21916,q20_t914
21916,q64_t913
21916,q64_t914
21917,q20_t914
21917,q20_t915
21918,q20_t915
21918,q20_t916
21919,q20_t916
21919,q20_t917
21919,q65_t916
21919,q65_t917
21920,q20_t917
21920,q20_t918
21921,q20_t918
21921,q20_t919
21922,q20_t919
21922,q20_t920
21922,q66_t919
21922,q66_t920
21923,q20_t920
21923,q20_t921
21924,q20_t921
21924,q20_t922
21925,q20_t922
21925,q20_t923
21925,q67_t922
21925,q67_t923
21926,q20_t923
21926,q20_t924
21927,q20_t924
21927,q20_t925
21928,q20_t925
21928,q20_t926
21928,q68_t925
21928,q68_t926
21929,q20_t926
21929,q20_t927
21930,q20_t927
21930,q20_t928
21931,q20_t928
21931,q20_t929
21931,q69_t928
21931,q69_t929
21932,q20_t929
21932,q20_t930
21933,q20_t93
21933,q20_t94
21934,q20_t930
21934,q20_t931
21935,q20_t931
21935,q20_t932
21935,q70_t931
21935,q70_t932
21936,q20_t932
21936,q20_t933
21937,q20_t933
21937,q20_t934
21938,q20_t934
21938,q20_t935
21938,q71_t934
21938,q71_t935
21939,q20_t935
21939,q20_t936
21940,q20_t936
21940,q20_t937
21941,q20_t937
21941,q20_t938
21941,q72_t937
21941,q72_t938
21942,q20_t938
21942,q20_t939
21943,q20_t939
21943,q20_t940
21944,q20_t94
21944,q20_t95
21945,q20_t940
21945,q20_t941
21945,q73_t940
21945,q73_t941
21946,q20_t941
21946,q20_t942
21947,q20_t942
21947,q20_t943
21948,q20_t943
21948,q20_t944
21948,q74_t943
21948,q74_t944
21949,q20_t944
21949,q20_t945
21950,q20_t945
21950,q20_t946
21951,q20_t946
21951,q20_t947
21951,q75_t946
21951,q75_t947
21952,q20_t947
21952,q20_t948
21953,q20_t948
21953,q20_t949
21954,q20_t949
21954,q20_t950
21954,q76_t949
21954,q76_t950
21955,q20_t950
21955,q20_t951
21956,q20_t951
21956,q20_t952
21957,q20_t952
21957,q20_t953
21957,q77_t952
21957,q77_t953
21958,q20_t953
21958,q20_t954
21959,q20_t954
21959,q20_t955
21960,q20_t955
21960,q20_t956
21960,q78_t955
21960,q78_t956
21961,q20_t956
21961,q20_t957
21962,q20_t957
21962,q20_t958
21963,q20_t958
21963,q20_t959
21963,q79_t958
21963,q79_t959
21964,q20_t959
21964,q20_t960
21965,q20_t96
21965,q20_t97
21966,q20_t960
21966,q20_t961
21967,q20_t961
21967,q20_t962
21967,q80_t961
21967,q80_t962
21968,q20_t962
21968,q20_t963
21969,q20_t963
21969,q20_t964
21970,q20_t964
21970,q20_t965
21970,q81_t964
21970,q81_t965
21971,q20_t965
21971,q20_t966
21972,q20_t966
21972,q20_t967
21973,q20_t967
21973,q20_t968
21973,q82_t967
21973,q82_t968
21974,q20_t968
21974,q20_t969
21975,q20_t969
21975,q20_t970
21976,q20_t97
21976,q20_t98
21977,q20_t970
21977,q20_t971
21977,q83_t970
21977,q83_t971
21978,q20_t971
21978,q20_t972
21979,q20_t972
21979,q20_t973
21980,q20_t973
21980,q20_t974
21980,q84_t973
21980,q84_t974
21981,q20_t974
21981,q20_t975
21982,q20_t975
21982,q20_t976
21983,q20_t976
21983,q20_t977
21983,q85_t976
21983,q85_t977
21984,q20_t977
21984,q20_t978
21985,q20_t978
21985,q20_t979
21986,q20_t979
21986,q20_t980
21986,q86_t979
21986,q86_t980
21987,q20_t980
21987,q20_t981
21988,q20_t981
21988,q20_t982
21989,q20_t982
21989,q20_t983
21989,q87_t982
21989,q87_t983
21990,q20_t983
21990,q20_t984
21991,q20_t984
21991,q20_t985
21992,q20_t985
21992,q20_t986
21992,q88_t985
21992,q88_t986
21993,q20_t986
21993,q20_t987
21994,q20_t987
21994,q20_t988
21995,q20_t988
21995,q20_t989
21995,q89_t988
21995,q89_t989
21996,q20_t989
21996,q20_t990
21997,q20_t990
21997,q20_t991
21998,q20_t991
21998,q20_t992
21998,q90_t991
21998,q90_t992
21999,q20_t992
21999,q20_t993
22000,q20_t993
22000,q20_t994
22001,q20_t994
22001,q20_t995
22001,q91_t994
22001,q91_t995
22002,q20_t995
22002,q20_t996
22003,q20_t996
22003,q20_t997
22004,q20_t997
22004,q20_t998
22004,q92_t997
22004,q92_t998
22005,q20_t998
22005,q20_t999
22006,q21_t0
22006,q21_t1
22007,q21_t1
22007,q21_t62
22008,q21_t100
22008,q21_t101
22009,q21_t100
22009,q21_t99
22010,q21_t1000
22010,q21_t1001
22010,q92_t1000
22010,q92_t1001
22011,q21_t1000
22011,q21_t999
22012,q21_t1001
22012,q21_t1002
22013,q21_t1002
22013,q21_t1003
22014,q21_t1003
22014,q21_t1004
22014,q93_t1003
22014,q93_t1004
22015,q21_t1004
22015,q21_t1005
22016,q21_t1005
22016,q21_t1006
22017,q21_t1006
22017,q21_t1007
22017,q94_t1006
22017,q94_t1007
22018,q21_t1007
22018,q21_t1008
22019,q21_t1008
22019,q21_t1009
22020,q21_t1009
22020,q21_t1010
22020,q95_t1009
22020,q95_t1010
22021,q21_t1010
22021,q21_t1011
22022,q21_t1011
22022,q21_t1012
22023,q21_t1012
22023,q21_t1013
22023,q96_t1012
22023,q96_t1013
22024,q21_t1013
22024,q21_t1014
22025,q21_t1014
22025,q21_t1015
22026,q21_t1015
22026,q21_t1016
22026,q97_t1015
22026,q97_t1016
22027,q21_t1016
22027,q21_t1017
22028,q21_t1017
22028,q21_t1018
22029,q21_t1018
22029,q21_t1019
22029,q98_t1018
22029,q98_t1019
22030,q21_t1019
22030,q21_t1020
22031,q21_t102
22031,q21_t103
22032,q21_t1020
22032,q21_t1021
22033,q21_t1021
22033,q21_t1022
22033,q99_t1021
22033,q99_t1022
22034,q21_t1022
22034,q21_t1023
22035,q21_t1023
22035,q21_t1024
22036,q21_t1025
22036,q21_t1026
22037,q21_t1026
22037,q21_t1027
22038,q21_t1028
22038,q21_t1029
22039,q21_t1029
22039,q21_t1030
22040,q21_t103
22040,q21_t104
22041,q21_t1031
22041,q21_t1032
22042,q21_t1032
22042,q21_t1033
22043,q21_t1034
22043,q21_t1035
22044,q21_t1035
22044,q21_t1036
22045,q21_t1037
22045,q21_t1038
22046,q21_t1038
22046,q21_t1039
22047,q21_t1040
22047,q21_t1041
22048,q21_t1041
22048,q21_t1042
22049,q21_t1043
22049,q21_t1044
22050,q21_t1044
22050,q21_t1045
22051,q21_t1046
22051,q21_t1047
22052,q21_t1047
22052,q21_t1048
22053,q21_t1049
22053,q21_t1050
22054,q21_t105
22054,q21_t106
22055,q21_t1050
22055,q21_t1051
22056,q21_t1052
22056,q21_t1053
22057,q21_t1053
22057,q21_t1054
22058,q21_t106
22058,q21_t107
22059,q21_t108
22059,q21_t109
22060,q21_t109
22060,q21_t110
22061,q21_t111
22061,q21_t112
22062,q21_t112
22062,q21_t113
22063,q21_t114
22063,q21_t115
22064,q21_t115
22064,q21_t116
22065,q21_t117
22065,q21_t118
22066,q21_t118
22066,q21_t119
22067,q21_t120
22067,q21_t121
22068,q21_t121
22068,q21_t122
22069,q21_t123
22069,q21_t124
22070,q21_t124
22070,q21_t128
22071,q21_t128
22071,q21_t129
22071,q22_t128
22071,q22_t129
22072,q21_t129
22072,q21_t130
22073,q21_t130
22073,q21_t131
22074,q21_t131
22074,q21_t132
22074,q23_t131
22074,q23_t132
22075,q21_t132
22075,q21_t133
22076,q21_t133
22076,q21_t134
22077,q21_t134
22077,q21_t135
22077,q24_t134
22077,q24_t135
22078,q21_t135
22078,q21_t136
22079,q21_t136
22079,q21_t137
22080,q21_t137
22080,q21_t138
22080,q25_t137
22080,q25_t138
22081,q21_t138
22081,q21_t139
22082,q21_t139
22082,q21_t140
22083,q21_t140
22083,q21_t141
22083,q26_t140
22083,q26_t141
22084,q21_t141
22084,q21_t142
22085,q21_t142
22085,q21_t143
22086,q21_t143
22086,q21_t144
22086,q27_t143
22086,q27_t144
22087,q21_t144
22087,q21_t145
22088,q21_t145
22088,q21_t146
22089,q21_t146
22089,q21_t147
22089,q28_t146
22089,q28_t147
22090,q21_t147
22090,q21_t148
22091,q21_t148
22091,q21_t149
22092,q21_t149
22092,q21_t150
22092,q29_t149
22092,q29_t150
22093,q21_t150
22093,q21_t151
22094,q21_t151
22094,q21_t152
22095,q21_t152
22095,q21_t153
22095,q30_t152
22095,q30_t153
22096,q21_t153
22096,q21_t154
22097,q21_t154
22097,q21_t155
22098,q21_t155
22098,q21_t156
22098,q31_t155
22098,q31_t156
22099,q21_t156
22099,q21_t157
22100,q21_t157
22100,q21_t158
22101,q21_t158
22101,q21_t159
22101,q32_t158
22101,q32_t159
22102,q21_t159
22102,q21_t160
22103,q21_t160
22103,q21_t161
22104,q21_t161
22104,q21_t162
22104,q33_t161
22104,q33_t162
22105,q21_t162
22105,q21_t163
22106,q21_t163
22106,q21_t164
22107,q21_t164
22107,q21_t165
22107,q34_t164
22107,q34_t165
22108,q21_t165
22108,q21_t166
22109,q21_t166
22109,q21_t167
22110,q21_t167
22110,q21_t168
22110,q35_t167
22110,q35_t168
22111,q21_t168
22111,q21_t169
22112,q21_t169
22112,q21_t170
22113,q21_t170
22113,q21_t171
22113,q36_t170
22113,q36_t171
22114,q21_t171
22114,q21_t172
22115,q21_t172
22115,q21_t173
22116,q21_t173
22116,q21_t174
22116,q37_t173
22116,q37_t174
22117,q21_t174
22117,q21_t175
22118,q21_t175
22118,q21_t176
22119,q21_t176
22119,q21_t177
22119,q38_t176
22119,q38_t177
22120,q21_t177
22120,q21_t178
22121,q21_t178
22121,q21_t179
22122,q21_t179
22122,q21_t180
22122,q39_t179
22122,q39_t180
22123,q21_t180
22123,q21_t181
22124,q21_t181
22124,q21_t182
22125,q21_t182
22125,q21_t183
22125,q40_t182
22125,q40_t183
22126,q21_t183
22126,q21_t184
22127,q21_t184
22127,q21_t185
22128,q21_t185
22128,q21_t186
22128,q41_t185
22128,q41_t186
22129,q21_t186
22129,q21_t187
22130,q21_t187
22130,q21_t188
22131,q21_t188
22131,q21_t189
22131,q42_t188
22131,q42_t189
22132,q21_t189
22132,q21_t190
22133,q21_t190
22133,q21_t191
22134,q21_t191
22134,q21_t192
22134,q43_t191
22134,q43_t192
22135,q21_t192
22135,q21_t193
22136,q21_t193
22136,q21_t194
22137,q21_t194
22137,q21_t195
22137,q44_t194
22137,q44_t195
22138,q21_t195
22138,q21_t196
22139,q21_t196
22139,q21_t197
22140,q21_t197
22140,q21_t198
22140,q45_t197
22140,q45_t198
22141,q21_t198
22141,q21_t199
22142,q21_t199
22142,q21_t200
22143,q21_t200
22143,q21_t201
22143,q46_t200
22143,q46_t201
22144,q21_t201
22144,q21_t202
22145,q21_t202
22145,q21_t203
22146,q21_t203
22146,q21_t204
22146,q47_t203
22146,q47_t204
22147,q21_t204
22147,q21_t205
22148,q21_t205
22148,q21_t206
22149,q21_t206
22149,q21_t207
22149,q48_t206
22149,q48_t207
22150,q21_t207
22150,q21_t208
22151,q21_t208
22151,q21_t209
22152,q21_t209
22152,q21_t210
22152,q49_t209
22152,q49_t210
22153,q21_t210
22153,q21_t211
22154,q21_t211
22154,q21_t212
22155,q21_t212
22155,q21_t213
22155,q50_t212
22155,q50_t213
22156,q21_t213
22156,q21_t214
22157,q21_t214
22157,q21_t215
22158,q21_t215
22158,q21_t216
22158,q51_t215
22158,q51_t216
22159,q21_t216
22159,q21_t217
22160,q21_t217
22160,q21_t218
22161,q21_t218
22161,q21_t219
22161,q52_t218
22161,q52_t219
22162,q21_t219
22162,q21_t220
22163,q21_t220
22163,q21_t221
22164,q21_t221
22164,q21_t222
22164,q53_t221
22164,q53_t222
22165,q21_t222
22165,q21_t223
22166,q21_t223
22166,q21_t224
22167,q21_t224
22167,q21_t225
22167,q54_t224
22167,q54_t225
22168,q21_t225
22168,q21_t226
22169,q21_t226
22169,q21_t227
22170,q21_t227
22170,q21_t228
22170,q55_t227
22170,q55_t228
22171,q21_t228
22171,q21_t229
22172,q21_t229
22172,q21_t230
22173,q21_t230
22173,q21_t231
22173,q56_t230
22173,q56_t231
22174,q21_t231
22174,q21_t232
22175,q21_t232
22175,q21_t233
22176,q21_t233
22176,q21_t234
22176,q57_t233
22176,q57_t234
22177,q21_t234
22177,q21_t235
22178,q21_t235
22178,q21_t236
22179,q21_t236
22179,q21_t237
22179,q58_t236
22179,q58_t237
22180,q21_t237
22180,q21_t238
22181,q21_t238
22181,q21_t239
22182,q21_t239
22182,q21_t240
22182,q59_t239
22182,q59_t240
22183,q21_t240
22183,q21_t241
22184,q21_t241
22184,q21_t242
22185,q21_t242
22185,q21_t243
22185,q60_t242
22185,q60_t243
22186,q21_t243
22186,q21_t244
22187,q21_t244
22187,q21_t245
22188,q21_t245
22188,q21_t246
22188,q61_t245
22188,q61_t246
22189,q21_t246
22189,q21_t247
22190,q21_t247
22190,q21_t248
22191,q21_t248
22191,q21_t249
22191,q62_t248
22191,q62_t249
22192,q21_t249
22192,q21_t250
22193,q21_t250
22193,q21_t251
22194,q21_t251
22194,q21_t252
22194,q63_t251
22194,q63_t252
22195,q21_t252
22195,q21_t253
22196,q21_t253
22196,q21_t254
22197,q21_t254
22197,q21_t255
22197,q64_t254
22197,q64_t255
22198,q21_t255
22198,q21_t256
22199,q21_t256
22199,q21_t257
22200,q21_t257
22200,q21_t258
22200,q65_t257
22200,q65_t258
22201,q21_t258
22201,q21_t259
22202,q21_t259
22202,q21_t260
22203,q21_t260
22203,q21_t261
22203,q66_t260
22203,q66_t261
22204,q21_t261
22204,q21_t262
22205,q21_t262
22205,q21_t263
22206,q21_t263
22206,q21_t264
22206,q67_t263
22206,q67_t264
22207,q21_t264
22207,q21_t265
22208,q21_t265
22208,q21_t266
22209,q21_t266
22209,q21_t267
22209,q68_t266
22209,q68_t267
22210,q21_t267
22210,q21_t268
22211,q21_t268
22211,q21_t269
22212,q21_t269
22212,q21_t270
22212,q69_t269
22212,q69_t270
22213,q21_t270
22213,q21_t271
22214,q21_t271
22214,q21_t272
22215,q21_t272
22215,q21_t273
22215,q70_t272
22215,q70_t273
22216,q21_t273
22216,q21_t274
22217,q21_t274
22217,q21_t275
22218,q21_t275
22218,q21_t276
22218,q71_t275
22218,q71_t276
22219,q21_t276
22219,q21_t277
22220,q21_t277
22220,q21_t278
22221,q21_t278
22221,q21_t279
22221,q72_t278
22221,q72_t279
22222,q21_t279
22222,q21_t280
22223,q21_t280
22223,q21_t281
22224,q21_t281
22224,q21_t282
22224,q73_t281
22224,q73_t282
22225,q21_t282
22225,q21_t283
22226,q21_t283
22226,q21_t284
22227,q21_t284
22227,q21_t285
22227,q74_t284
22227,q74_t285
22228,q21_t285
22228,q21_t286
22229,q21_t286
22229,q21_t287
22230,q21_t287
22230,q21_t288
22230,q75_t287
22230,q75_t288
22231,q21_t288
22231,q21_t289
22232,q21_t289
22232,q21_t290
22233,q21_t290
22233,q21_t291
22233,q76_t290
22233,q76_t291
22234,q21_t291
22234,q21_t292
22235,q21_t292
22235,q21_t293
22236,q21_t293
22236,q21_t294
22236,q77_t293
22236,q77_t294
22237,q21_t294
22237,q21_t295
22238,q21_t295
22238,q21_t296
22239,q21_t296
22239,q21_t297
22239,q78_t296
22239,q78_t297
22240,q21_t297
22240,q21_t298
22241,q21_t298
22241,q21_t299
22242,q21_t299
22242,q21_t300
22242,q79_t299
22242,q79_t300
22243,q21_t300
22243,q21_t301
22244,q21_t301
22244,q21_t302
22245,q21_t302
22245,q21_t303
22245,q80_t302
22245,q80_t303
22246,q21_t303
22246,q21_t304
22247,q21_t304
22247,q21_t305
22248,q21_t305
22248,q21_t306
22248,q81_t305
22248,q81_t306
22249,q21_t306
22249,q21_t307
22250,q21_t307
22250,q21_t308
22251,q21_t308
22251,q21_t309
22251,q82_t308
22251,q82_t309
22252,q21_t309
22252,q21_t310
22253,q21_t310
22253,q21_t311
22254,q21_t311
22254,q21_t312
22254,q83_t311
22254,q83_t312
22255,q21_t312
22255,q21_t313
22256,q21_t313
22256,q21_t314
22257,q21_t314
22257,q21_t315
22257,q84_t314
22257,q84_t315
22258,q21_t315
22258,q21_t316
22259,q21_t316
22259,q21_t317
22260,q21_t317
22260,q21_t318
22260,q85_t317
22260,q85_t318
22261,q21_t318
22261,q21_t319
22262,q21_t319
22262,q21_t320
22263,q21_t320
22263,q21_t321
22263,q86_t320
22263,q86_t321
22264,q21_t321
22264,q21_t322
22265,q21_t322
22265,q21_t323
22266,q21_t323
22266,q21_t324
22266,q87_t323
22266,q87_t324
22267,q21_t324
22267,q21_t325
22268,q21_t325
22268,q21_t326
22269,q21_t326
22269,q21_t327
22269,q88_t326
22269,q88_t327
22270,q21_t327
22270,q21_t328
22271,q21_t328
22271,q21_t329
22272,q21_t329
22272,q21_t330
22272,q89_t329
22272,q89_t330
22273,q21_t330
22273,q21_t331
22274,q21_t331
22274,q21_t332
22275,q21_t332
22275,q21_t333
22275,q90_t332
22275,q90_t333
22276,q21_t333
22276,q21_t334
22277,q21_t334
22277,q21_t335
22278,q21_t335
22278,q21_t336
22278,q91_t335
22278,q91_t336
22279,q21_t336
22279,q21_t337
22280,q21_t337
22280,q21_t338
22281,q21_t338
22281,q21_t339
22281,q92_t338
22281,q92_t339
22282,q21_t339
22282,q21_t340
22283,q21_t340
22283,q21_t341
22284,q21_t341
22284,q21_t342
22284,q93_t341
22284,q93_t342
22285,q21_t342
22285,q21_t343
22286,q21_t343
22286,q21_t344
22287,q21_t344
22287,q21_t345
22287,q94_t344
22287,q94_t345
22288,q21_t345
22288,q21_t346
22289,q21_t346
22289,q21_t347
22290,q21_t347
22290,q21_t348
22290,q95_t347
22290,q95_t348
22291,q21_t348
22291,q21_t349
22292,q21_t349
22292,q21_t350
22293,q21_t350
22293,q21_t351
22293,q96_t350
22293,q96_t351
22294,q21_t351
22294,q21_t352
22295,q21_t352
22295,q21_t353
22296,q21_t353
22296,q21_t354
22296,q97_t353
22296,q97_t354
22297,q21_t354
22297,q21_t355
22298,q21_t355
22298,q21_t356
22299,q21_t356
22299,q21_t357
22299,q98_t356
22299,q98_t357
22300,q21_t357
22300,q21_t358
22301,q21_t358
22301,q21_t359
22302,q21_t359
22302,q21_t360
22302,q99_t359
22302,q99_t360
22303,q21_t360
22303,q21_t361
22304,q21_t361
22304,q21_t362
22305,q21_t363
22305,q21_t364
22306,q21_t364
22306,q21_t365
22307,q21_t366
22307,q21_t367
22308,q21_t367
22308,q21_t368
22309,q21_t369
22309,q21_t370
22310,q21_t370
22310,q21_t371
22311,q21_t372
22311,q21_t373
22312,q21_t373
22312,q21_t374
22313,q21_t375
22313,q21_t376
22314,q21_t376
22314,q21_t377
22315,q21_t378
22315,q21_t379
22316,q21_t379
22316,q21_t380
22317,q21_t381
22317,q21_t382
22318,q21_t382
22318,q21_t383
22319,q21_t384
22319,q21_t385
22320,q21_t385
22320,q21_t386
22321,q21_t387
22321,q21_t388
22322,q21_t388
22322,q21_t389
22323,q21_t390
22323,q21_t391
22324,q21_t391
22324,q21_t392
22325,q21_t392
22325,q21_t393
22326,q21_t394
22326,q21_t395
22327,q21_t395
22327,q21_t396
22328,q21_t397
22328,q21_t398
22329,q21_t398
22329,q21_t399
22330,q21_t399
22330,q21_t400
22330,q2_t399
22330,q2_t400
22331,q21_t400
22331,q21_t401
22332,q21_t401
22332,q21_t402
22333,q21_t402
22333,q21_t403
22333,q3_t402
22333,q3_t403
22334,q21_t403
22334,q21_t404
22335,q21_t404
22335,q21_t405
22336,q21_t405
22336,q21_t406
22336,q4_t405
22336,q4_t406
22337,q21_t406
22337,q21_t407
22338,q21_t407
22338,q21_t408
22339,q21_t408
22339,q21_t409
22339,q5_t408
22339,q5_t409
22340,q21_t409
22340,q21_t410
22341,q21_t410
22341,q21_t411
22342,q21_t411
22342,q21_t412
22342,q6_t411
22342,q6_t412
22343,q21_t412
22343,q21_t413
22344,q21_t413
22344,q21_t414
22345,q21_t414
22345,q21_t415
22345,q7_t414
22345,q7_t415
22346,q21_t415
22346,q21_t416
22347,q21_t416
22347,q21_t417
22348,q21_t417
22348,q21_t418
22348,q8_t417
22348,q8_t418
22349,q21_t418
22349,q21_t419
22350,q21_t419
22350,q21_t420
22351,q21_t420
22351,q21_t421
22351,q9_t420
22351,q9_t421
22352,q21_t421
22352,q21_t422
22353,q21_t422
22353,q21_t423
22354,q21_t424
22354,q21_t425
22355,q21_t425
22355,q21_t426
22356,q21_t427
22356,q21_t428
22357,q21_t428
22357,q21_t429
22358,q21_t430
22358,q21_t431
22359,q21_t431
22359,q21_t432
22360,q21_t433
22360,q21_t434
22361,q21_t434
22361,q21_t435
22362,q21_t436
22362,q21_t437
22363,q21_t437
22363,q21_t438
22364,q21_t439
22364,q21_t440
22365,q21_t440
22365,q21_t441
22366,q21_t442
22366,q21_t443
22367,q21_t443
22367,q21_t444
22368,q21_t445
22368,q21_t446
22369,q21_t446
22369,q21_t447
22370,q21_t448
22370,q21_t449
22371,q21_t449
22371,q21_t450
22372,q21_t451
22372,q21_t452
22373,q21_t452
22373,q21_t453
22374,q21_t454
22374,q21_t455
22375,q21_t455
22375,q21_t459
22376,q21_t459
22376,q21_t460
22376,q22_t459
22376,q22_t460
22377,q21_t460
22377,q21_t461
22378,q21_t461
22378,q21_t462
22379,q21_t462
22379,q21_t463
22379,q23_t462
22379,q23_t463
22380,q21_t463
22380,q21_t464
22381,q21_t464
22381,q21_t465
22382,q21_t465
22382,q21_t466
22382,q24_t465
22382,q24_t466
22383,q21_t466
22383,q21_t467
22384,q21_t467
22384,q21_t468
22385,q21_t468
22385,q21_t469
22385,q25_t468
22385,q25_t469
22386,q21_t469
22386,q21_t470
22387,q21_t470
22387,q21_t471
22388,q21_t471
22388,q21_t472
22388,q26_t471
22388,q26_t472
22389,q21_t472
22389,q21_t473
22390,q21_t473
22390,q21_t474
22391,q21_t474
22391,q21_t475
22391,q27_t474
22391,q27_t475
22392,q21_t475
22392,q21_t476
22393,q21_t476
22393,q21_t477
22394,q21_t477
22394,q21_t478
22394,q28_t477
22394,q28_t478
22395,q21_t478
22395,q21_t479
22396,q21_t479
22396,q21_t480
22397,q21_t480
22397,q21_t481
22397,q29_t480
22397,q29_t481
22398,q21_t481
22398,q21_t482
22399,q21_t482
22399,q21_t483
22400,q21_t483
22400,q21_t484
22400,q30_t483
22400,q30_t484
22401,q21_t484
22401,q21_t485
22402,q21_t485
22402,q21_t486
22403,q21_t486
22403,q21_t487
22403,q31_t486
22403,q31_t487
22404,q21_t487
22404,q21_t488
22405,q21_t488
22405,q21_t489
22406,q21_t489
22406,q21_t490
22406,q32_t489
22406,q32_t490
22407,q21_t490
22407,q21_t491
22408,q21_t491
22408,q21_t492
22409,q21_t492
22409,q21_t493
22409,q33_t492
22409,q33_t493
22410,q21_t493
22410,q21_t494
22411,q21_t494
22411,q21_t495
22412,q21_t495
22412,q21_t496
22412,q34_t495
22412,q34_t496
22413,q21_t496
22413,q21_t497
22414,q21_t497
22414,q21_t498
22415,q21_t498
22415,q21_t499
22415,q35_t498
22415,q35_t499
22416,q21_t499
22416,q21_t500
22417,q21_t500
22417,q21_t501
22418,q21_t501
22418,q21_t502
22418,q36_t501
22418,q36_t502
22419,q21_t502
22419,q21_t503
22420,q21_t503
22420,q21_t504
22421,q21_t504
22421,q21_t505
22421,q37_t504
22421,q37_t505
22422,q21_t505
22422,q21_t506
22423,q21_t506
22423,q21_t507
22424,q21_t507
22424,q21_t508
22424,q38_t507
22424,q38_t508
22425,q21_t508
22425,q21_t509
22426,q21_t509
22426,q21_t510
22427,q21_t510
22427,q21_t511
22427,q39_t510
22427,q39_t511
22428,q21_t511
22428,q21_t512
22429,q21_t512
22429,q21_t513
22430,q21_t513
22430,q21_t514
22430,q40_t513
22430,q40_t514
22431,q21_t514
22431,q21_t515
22432,q21_t515
22432,q21_t516
22433,q21_t516
22433,q21_t517
22433,q41_t516
22433,q41_t517
22434,q21_t517
22434,q21_t518
22435,q21_t518
22435,q21_t519
22436,q21_t519
22436,q21_t520
22436,q42_t519
22436,q42_t520
22437,q21_t520
22437,q21_t521
22438,q21_t521
22438,q21_t522
22439,q21_t522
22439,q21_t523
22439,q43_t522
22439,q43_t523
22440,q21_t523
22440,q21_t524
22441,q21_t524
22441,q21_t525
22442,q21_t525
22442,q21_t526
22442,q44_t525
22442,q44_t526
22443,q21_t526
22443,q21_t527
22444,q21_t527
22444,q21_t528
22445,q21_t528
22445,q21_t529
22445,q45_t528
22445,q45_t529
22446,q21_t529
22446,q21_t530
22447,q21_t530
22447,q21_t531
22448,q21_t531
22448,q21_t532
22448,q46_t531
22448,q46_t532
22449,q21_t532
22449,q21_t533
22450,q21_t533
22450,q21_t534
22451,q21_t534
22451,q21_t535
22451,q47_t534
22451,q47_t535
22452,q21_t535
22452,q21_t536
22453,q21_t536
22453,q21_t537
22454,q21_t537
22454,q21_t538
22454,q48_t537
22454,q48_t538
22455,q21_t538
22455,q21_t539
22456,q21_t539
22456,q21_t540
22457,q21_t540
22457,q21_t541
22457,q49_t540
22457,q49_t541
22458,q21_t541
22458,q21_t542
22459,q21_t542
22459,q21_t543
22460,q21_t543
22460,q21_t544
22460,q50_t543
22460,q50_t544
22461,q21_t544
22461,q21_t545
22462,q21_t545
22462,q21_t546
22463,q21_t546
22463,q21_t547
22463,q51_t546
22463,q51_t547
22464,q21_t547
22464,q21_t548
22465,q21_t548
22465,q21_t549
22466,q21_t549
22466,q21_t550
22466,q52_t549
22466,q52_t550
22467,q21_t550
22467,q21_t551
22468,q21_t551
22468,q21_t552
22469,q21_t552
22469,q21_t553
22469,q53_t552
22469,q53_t553
22470,q21_t553
22470,q21_t554
22471,q21_t554
22471,q21_t555
22472,q21_t555
22472,q21_t556
22472,q54_t555
22472,q54_t556
22473,q21_t556
22473,q21_t557
22474,q21_t557
22474,q21_t558
22475,q21_t558
22475,q21_t559
22475,q55_t558
22475,q55_t559
22476,q21_t559
22476,q21_t560
22477,q21_t560
22477,q21_t561
22478,q21_t561
22478,q21_t562
22478,q56_t561
22478,q56_t562
22479,q21_t562
22479,q21_t563
22480,q21_t563
22480,q21_t564
22481,q21_t564
22481,q21_t565
22481,q57_t564
22481,q57_t565
22482,q21_t565
22482,q21_t566
22483,q21_t566
22483,q21_t567
22484,q21_t567
22484,q21_t568
22484,q58_t567
22484,q58_t568
22485,q21_t568
22485,q21_t569
22486,q21_t569
22486,q21_t570
22487,q21_t570
22487,q21_t571
22487,q59_t570
22487,q59_t571
22488,q21_t571
22488,q21_t572
22489,q21_t572
22489,q21_t573
22490,q21_t573
22490,q21_t574
22490,q60_t573
22490,q60_t574
22491,q21_t574
22491,q21_t575
22492,q21_t575
22492,q21_t576
22493,q21_t576
22493,q21_t577
22493,q61_t576
22493,q61_t577
22494,q21_t577
22494,q21_t578
22495,q21_t578
22495,q21_t579
22496,q21_t579
22496,q21_t580
22496,q62_t579
22496,q62_t580
22497,q21_t580
22497,q21_t581
22498,q21_t581
22498,q21_t582
22499,q21_t582
22499,q21_t583
22499,q63_t582
22499,q63_t583
22500,q21_t583
22500,q21_t584
22501,q21_t584
22501,q21_t585
22502,q21_t585
22502,q21_t586
22502,q64_t585
22502,q64_t586
22503,q21_t586
22503,q21_t587
22504,q21_t587
22504,q21_t588
22505,q21_t588
22505,q21_t589
22505,q65_t588
22505,q65_t589
22506,q21_t589
22506,q21_t590
22507,q21_t590
22507,q21_t591
22508,q21_t591
22508,q21_t592
22508,q66_t591
22508,q66_t592
22509,q21_t592
22509,q21_t593
22510,q21_t593
22510,q21_t594
22511,q21_t594
22511,q21_t595
22511,q67_t594
22511,q67_t595
22512,q21_t595
22512,q21_t596
22513,q21_t596
22513,q21_t597
22514,q21_t597
22514,q21_t598
22514,q68_t597
22514,q68_t598
22515,q21_t598
22515,q21_t599
22516,q21_t599
22516,q21_t600
22517,q21_t600
22517,q21_t601
22517,q69_t600
22517,q69_t601
22518,q21_t601
22518,q21_t602
22519,q21_t602
22519,q21_t603
22520,q21_t603
22520,q21_t604
22520,q70_t603
22520,q70_t604
22521,q21_t604
22521,q21_t605
22522,q21_t605
22522,q21_t606
22523,q21_t606
22523,q21_t607
22523,q71_t606
22523,q71_t607
22524,q21_t607
22524,q21_t608
22525,q21_t608
22525,q21_t609
22526,q21_t609
22526,q21_t610
22526,q72_t609
22526,q72_t610
22527,q21_t610
22527,q21_t611
22528,q21_t611
22528,q21_t612
22529,q21_t612
22529,q21_t613
22529,q73_t612
22529,q73_t613
22530,q21_t613
22530,q21_t614
22531,q21_t614
22531,q21_t615
22532,q21_t615
22532,q21_t616
22532,q74_t615
22532,q74_t616
22533,q21_t616
22533,q21_t617
22534,q21_t617
22534,q21_t618
22535,q21_t618
22535,q21_t619
22535,q75_t618
22535,q75_t619
22536,q21_t619
22536,q21_t620
22537,q21_t620
22537,q21_t621
22538,q21_t621
22538,q21_t622
22538,q76_t621
22538,q76_t622
22539,q21_t622
22539,q21_t623
22540,q21_t623
22540,q21_t624
22541,q21_t624
22541,q21_t625
22541,q77_t624
22541,q77_t625
22542,q21_t625
22542,q21_t626
22543,q21_t626
22543,q21_t627
22544,q21_t627
22544,q21_t628
22544,q78_t627
22544,q78_t628
22545,q21_t628
22545,q21_t629
22546,q21_t629
22546,q21_t630
22547,q21_t63
22547,q21_t64
22548,q21_t630
22548,q21_t631
22548,q79_t630
22548,q79_t631
22549,q21_t631
22549,q21_t632
22550,q21_t632
22550,q21_t633
22551,q21_t633
22551,q21_t634
22551,q80_t633
22551,q80_t634
22552,q21_t634
22552,q21_t635
22553,q21_t635
22553,q21_t636
22554,q21_t636
22554,q21_t637
22554,q81_t636
22554,q81_t637
22555,q21_t637
22555,q21_t638
22556,q21_t638
22556,q21_t639
22557,q21_t639
22557,q21_t640
22557,q82_t639
22557,q82_t640
22558,q21_t64
22558,q21_t65
22559,q21_t640
22559,q21_t641
22560,q21_t641
22560,q21_t642
22561,q21_t642
22561,q21_t643
22561,q83_t642
22561,q83_t643
22562,q21_t643
22562,q21_t644
22563,q21_t644
22563,q21_t645
22564,q21_t645
22564,q21_t646
22564,q84_t645
22564,q84_t646
22565,q21_t646
22565,q21_t647
22566,q21_t647
22566,q21_t648
22567,q21_t648
22567,q21_t649
22567,q85_t648
22567,q85_t649
22568,q21_t649
22568,q21_t650
22569,q21_t650
22569,q21_t651
22570,q21_t651
22570,q21_t652
22570,q86_t651
22570,q86_t652
22571,q21_t652
22571,q21_t653
22572,q21_t653
22572,q21_t654
22573,q21_t654
22573,q21_t655
22573,q87_t654
22573,q87_t655
22574,q21_t655
22574,q21_t656
22575,q21_t656
22575,q21_t657
22576,q21_t657
22576,q21_t658
22576,q88_t657
22576,q88_t658
22577,q21_t658
22577,q21_t659
22578,q21_t659
22578,q21_t660
22579,q21_t66
22579,q21_t67
22580,q21_t660
22580,q21_t661
22580,q89_t660
22580,q89_t661
22581,q21_t661
22581,q21_t662
22582,q21_t662
22582,q21_t663
22583,q21_t663
22583,q21_t664
22583,q90_t663
22583,q90_t664
22584,q21_t664
22584,q21_t665
22585,q21_t665
22585,q21_t666
22586,q21_t666
22586,q21_t667
22586,q91_t666
22586,q91_t667
22587,q21_t667
22587,q21_t668
22588,q21_t668
22588,q21_t669
22589,q21_t669
22589,q21_t670
22589,q92_t669
22589,q92_t670
22590,q21_t67
22590,q21_t68
22591,q21_t670
22591,q21_t671
22592,q21_t671
22592,q21_t672
22593,q21_t672
22593,q21_t673
22593,q93_t672
22593,q93_t673
22594,q21_t673
22594,q21_t674
22595,q21_t674
22595,q21_t675
22596,q21_t675
22596,q21_t676
22596,q94_t675
22596,q94_t676
22597,q21_t676
22597,q21_t677
22598,q21_t677
22598,q21_t678
22599,q21_t678
22599,q21_t679
22599,q95_t678
22599,q95_t679
22600,q21_t679
22600,q21_t680
22601,q21_t68
22601,q21_t69
22601,q2_t68
22601,q2_t69
22602,q21_t680
22602,q21_t681
22603,q21_t681
22603,q21_t682
22603,q96_t681
22603,q96_t682
22604,q21_t682
22604,q21_t683
22605,q21_t683
22605,q21_t684
22606,q21_t684
22606,q21_t685
22606,q97_t684
22606,q97_t685
22607,q21_t685
22607,q21_t686
22608,q21_t686
22608,q21_t687
22609,q21_t687
22609,q21_t688
22609,q98_t687
22609,q98_t688
22610,q21_t688
22610,q21_t689
22611,q21_t689
22611,q21_t690
22612,q21_t69
22612,q21_t70
22613,q21_t690
22613,q21_t691
22613,q99_t690
22613,q99_t691
22614,q21_t691
22614,q21_t692
22615,q21_t692
22615,q21_t693
22616,q21_t694
22616,q21_t695
22617,q21_t695
22617,q21_t696
22618,q21_t697
22618,q21_t698
22619,q21_t698
22619,q21_t699
22620,q21_t70
22620,q21_t71
22621,q21_t700
22621,q21_t701
22622,q21_t701
22622,q21_t702
22623,q21_t703
22623,q21_t704
22624,q21_t704
22624,q21_t705
22625,q21_t706
22625,q21_t707
22626,q21_t707
22626,q21_t708
22627,q21_t709
22627,q21_t710
22628,q21_t71
22628,q21_t72
22628,q3_t71
22628,q3_t72
22629,q21_t710
22629,q21_t711
22630,q21_t712
22630,q21_t713
22631,q21_t713
22631,q21_t714
22632,q21_t715
22632,q21_t716
22633,q21_t716
22633,q21_t717
22634,q21_t718
22634,q21_t719
22635,q21_t719
22635,q21_t720
22636,q21_t72
22636,q21_t73
22637,q21_t721
22637,q21_t722
22638,q21_t722
22638,q21_t723
22639,q21_t723
22639,q21_t724
22640,q21_t725
22640,q21_t726
22641,q21_t726
22641,q21_t727
22642,q21_t728
22642,q21_t729
22643,q21_t729
22643,q21_t730
22644,q21_t73
22644,q21_t74
22645,q21_t730
22645,q21_t731
22645,q2_t730
22645,q2_t731
22646,q21_t731
22646,q21_t732
22647,q21_t732
22647,q21_t733
22648,q21_t733
22648,q21_t734
22648,q3_t733
22648,q3_t734
22649,q21_t734
22649,q21_t735
22650,q21_t735
22650,q21_t736
22651,q21_t736
22651,q21_t737
22651,q4_t736
22651,q4_t737
22652,q21_t737
22652,q21_t738
22653,q21_t738
22653,q21_t739
22654,q21_t739
22654,q21_t740
22654,q5_t739
22654,q5_t740
22655,q21_t74
22655,q21_t75
22655,q4_t74
22655,q4_t75
22656,q21_t740
22656,q21_t741
22657,q21_t741
22657,q21_t742
22658,q21_t742
22658,q21_t743
22658,q6_t742
22658,q6_t743
22659,q21_t743
22659,q21_t744
22660,q21_t744
22660,q21_t745
22661,q21_t745
22661,q21_t746
22661,q7_t745
22661,q7_t746
22662,q21_t746
22662,q21_t747
22663,q21_t747
22663,q21_t748
22664,q21_t748
22664,q21_t749
22664,q8_t748
22664,q8_t749
22665,q21_t749
22665,q21_t750
22666,q21_t75
22666,q21_t76
22667,q21_t750
22667,q21_t751
22668,q21_t751
22668,q21_t752
22668,q9_t751
22668,q9_t752
22669,q21_t752
22669,q21_t753
22670,q21_t753
22670,q21_t754
22671,q21_t755
22671,q21_t756
22672,q21_t756
22672,q21_t757
22673,q21_t758
22673,q21_t759
22674,q21_t759
22674,q21_t760
22675,q21_t76
22675,q21_t77
22676,q21_t761
22676,q21_t762
22677,q21_t762
22677,q21_t763
22678,q21_t764
22678,q21_t765
22679,q21_t765
22679,q21_t766
22680,q21_t767
22680,q21_t768
22681,q21_t768
22681,q21_t769
22682,q21_t77
22682,q21_t78
22682,q5_t77
22682,q5_t78
22683,q21_t770
22683,q21_t771
22684,q21_t771
22684,q21_t772
22685,q21_t773
22685,q21_t774
22686,q21_t774
22686,q21_t775
22687,q21_t776
22687,q21_t777
22688,q21_t777
22688,q21_t778
22689,q21_t779
22689,q21_t780
22690,q21_t78
22690,q21_t79
22691,q21_t780
22691,q21_t781
22692,q21_t782
22692,q21_t783
22693,q21_t783
22693,q21_t784
22694,q21_t785
22694,q21_t786
22695,q21_t786
22695,q21_t790
22696,q21_t79
22696,q21_t80
22697,q21_t790
22697,q21_t791
22697,q22_t790
22697,q22_t791
22698,q21_t791
22698,q21_t792
22699,q21_t792
22699,q21_t793
22700,q21_t793
22700,q21_t794
22700,q23_t793
22700,q23_t794
22701,q21_t794
22701,q21_t795
22702,q21_t795
22702,q21_t796
22703,q21_t796
22703,q21_t797
22703,q24_t796
22703,q24_t797
22704,q21_t797
22704,q21_t798
22705,q21_t798
22705,q21_t799
22706,q21_t799
22706,q21_t800
22706,q25_t799
22706,q25_t800
22707,q21_t80
22707,q21_t81
22707,q6_t80
22707,q6_t81
22708,q21_t800
22708,q21_t801
22709,q21_t801
22709,q21_t802
22710,q21_t802
22710,q21_t803
22710,q26_t802
22710,q26_t803
22711,q21_t803
22711,q21_t804
22712,q21_t804
22712,q21_t805
22713,q21_t805
22713,q21_t806
22713,q27_t805
22713,q27_t806
22714,q21_t806
22714,q21_t807
22715,q21_t807
22715,q21_t808
22716,q21_t808
22716,q21_t809
22716,q28_t808
22716,q28_t809
22717,q21_t809
22717,q21_t810
22718,q21_t81
22718,q21_t82
22719,q21_t810
22719,q21_t811
22720,q21_t811
22720,q21_t812
22720,q29_t811
22720,q29_t812
22721,q21_t812
22721,q21_t813
22722,q21_t813
22722,q21_t814
22723,q21_t814
22723,q21_t815
22723,q30_t814
22723,q30_t815
22724,q21_t815
22724,q21_t816
22725,q21_t816
22725,q21_t817
22726,q21_t817
22726,q21_t818
22726,q31_t817
22726,q31_t818
22727,q21_t818
22727,q21_t819
22728,q21_t819
22728,q21_t820
22729,q21_t82
22729,q21_t83
22730,q21_t820
22730,q21_t821
22730,q32_t820
22730,q32_t821
22731,q21_t821
22731,q21_t822
22732,q21_t822
22732,q21_t823
22733,q21_t823
22733,q21_t824
22733,q33_t823
22733,q33_t824
22734,q21_t824
22734,q21_t825
22735,q21_t825
22735,q21_t826
22736,q21_t826
22736,q21_t827
22736,q34_t826
22736,q34_t827
22737,q21_t827
22737,q21_t828
22738,q21_t828
22738,q21_t829
22739,q21_t829
22739,q21_t830
22739,q35_t829
22739,q35_t830
22740,q21_t83
22740,q21_t84
22740,q7_t83
22740,q7_t84
22741,q21_t830
22741,q21_t831
22742,q21_t831
22742,q21_t832
22743,q21_t832
22743,q21_t833
22743,q36_t832
22743,q36_t833
22744,q21_t833
22744,q21_t834
22745,q21_t834
22745,q21_t835
22746,q21_t835
22746,q21_t836
22746,q37_t835
22746,q37_t836
22747,q21_t836
22747,q21_t837
22748,q21_t837
22748,q21_t838
22749,q21_t838
22749,q21_t839
22749,q38_t838
22749,q38_t839
22750,q21_t839
22750,q21_t840
22751,q21_t84
22751,q21_t85
22752,q21_t840
22752,q21_t841
22753,q21_t841
22753,q21_t842
22753,q39_t841
22753,q39_t842
22754,q21_t842
22754,q21_t843
22755,q21_t843
22755,q21_t844
22756,q21_t844
22756,q21_t845
22756,q40_t844
22756,q40_t845
22757,q21_t845
22757,q21_t846
22758,q21_t846
22758,q21_t847
22759,q21_t847
22759,q21_t848
22759,q41_t847
22759,q41_t848
22760,q21_t848
22760,q21_t849
22761,q21_t849
22761,q21_t850
22762,q21_t85
22762,q21_t86
22763,q21_t850
22763,q21_t851
22763,q42_t850
22763,q42_t851
22764,q21_t851
22764,q21_t852
22765,q21_t852
22765,q21_t853
22766,q21_t853
22766,q21_t854
22766,q43_t853
22766,q43_t854
22767,q21_t854
22767,q21_t855
22768,q21_t855
22768,q21_t856
22769,q21_t856
22769,q21_t857
22769,q44_t856
22769,q44_t857
22770,q21_t857
22770,q21_t858
22771,q21_t858
22771,q21_t859
22772,q21_t859
22772,q21_t860
22772,q45_t859
22772,q45_t860
22773,q21_t86
22773,q21_t87
22773,q8_t86
22773,q8_t87
22774,q21_t860
22774,q21_t861
22775,q21_t861
22775,q21_t862
22776,q21_t862
22776,q21_t863
22776,q46_t862
22776,q46_t863
22777,q21_t863
22777,q21_t864
22778,q21_t864
22778,q21_t865
22779,q21_t865
22779,q21_t866
22779,q47_t865
22779,q47_t866
22780,q21_t866
22780,q21_t867
22781,q21_t867
22781,q21_t868
22782,q21_t868
22782,q21_t869
22782,q48_t868
22782,q48_t869
22783,q21_t869
22783,q21_t870
22784,q21_t87
22784,q21_t88
22785,q21_t870
22785,q21_t871
22786,q21_t871
22786,q21_t872
22786,q49_t871
22786,q49_t872
22787,q21_t872
22787,q21_t873
22788,q21_t873
22788,q21_t874
22789,q21_t874
22789,q21_t875
22789,q50_t874
22789,q50_t875
22790,q21_t875
22790,q21_t876
22791,q21_t876
22791,q21_t877
22792,q21_t877
22792,q21_t878
22792,q51_t877
22792,q51_t878
22793,q21_t878
22793,q21_t879
22794,q21_t879
22794,q21_t880
22795,q21_t88
22795,q21_t89
22796,q21_t880
22796,q21_t881
22796,q52_t880
22796,q52_t881
22797,q21_t881
22797,q21_t882
22798,q21_t882
22798,q21_t883
22799,q21_t883
22799,q21_t884
22799,q53_t883
22799,q53_t884
22800,q21_t884
22800,q21_t885
22801,q21_t885
22801,q21_t886
22802,q21_t886
22802,q21_t887
22802,q54_t886
22802,q54_t887
22803,q21_t887
22803,q21_t888
22804,q21_t888
22804,q21_t889
22805,q21_t889
22805,q21_t890
22805,q55_t889
22805,q55_t890
22806,q21_t89
22806,q21_t90
22806,q9_t89
22806,q9_t90
22807,q21_t890
22807,q21_t891
22808,q21_t891
22808,q21_t892
22809,q21_t892
22809,q21_t893
22809,q56_t892
22809,q56_t893
22810,q21_t893
22810,q21_t894
22811,q21_t894
22811,q21_t895
22812,q21_t895
22812,q21_t896
22812,q57_t895
22812,q57_t896
22813,q21_t896
22813,q21_t897
22814,q21_t897
22814,q21_t898
22815,q21_t898
22815,q21_t899
22815,q58_t898
22815,q58_t899
22816,q21_t899
22816,q21_t900
22817,q21_t90
22817,q21_t91
22818,q21_t900
22818,q21_t901
22819,q21_t901
22819,q21_t902
22819,q59_t901
22819,q59_t902
22820,q21_t902
22820,q21_t903
22821,q21_t903
22821,q21_t904
22822,q21_t904
22822,q21_t905
22822,q60_t904
22822,q60_t905
22823,q21_t905
22823,q21_t906
22824,q21_t906
22824,q21_t907
22825,q21_t907
22825,q21_t908
22825,q61_t907
22825,q61_t908
22826,q21_t908
22826,q21_t909
22827,q21_t909
22827,q21_t910
22828,q21_t91
22828,q21_t92
22829,q21_t910
22829,q21_t911
22829,q62_t910
22829,q62_t911
22830,q21_t911
22830,q21_t912
22831,q21_t912
22831,q21_t913
22832,q21_t913
22832,q21_t914
22832,q63_t913
22832,q63_t914
22833,q21_t914
22833,q21_t915
22834,q21_t915
22834,q21_t916
22835,q21_t916
22835,q21_t917
22835,q64_t916
22835,q64_t917
22836,q21_t917
22836,q21_t918
22837,q21_t918
22837,q21_t919
22838,q21_t919
22838,q21_t920
22838,q65_t919
22838,q65_t920
22839,q21_t920
22839,q21_t921
22840,q21_t921
22840,q21_t922
22841,q21_t922
22841,q21_t923
22841,q66_t922
22841,q66_t923
22842,q21_t923
22842,q21_t924
22843,q21_t924
22843,q21_t925
22844,q21_t925
22844,q21_t926
22844,q67_t925
22844,q67_t926
22845,q21_t926
22845,q21_t927
22846,q21_t927
22846,q21_t928
22847,q21_t928
22847,q21_t929
22847,q68_t928
22847,q68_t929
22848,q21_t929
22848,q21_t930
22849,q21_t93
22849,q21_t94
22850,q21_t930
22850,q21_t931
22851,q21_t931
22851,q21_t932
22851,q69_t931
22851,q69_t932
22852,q21_t932
22852,q21_t933
22853,q21_t933
22853,q21_t934
22854,q21_t934
22854,q21_t935
22854,q70_t934
22854,q70_t935
22855,q21_t935
22855,q21_t936
22856,q21_t936
22856,q21_t937
22857,q21_t937
22857,q21_t938
22857,q71_t937
22857,q71_t938
22858,q21_t938
22858,q21_t939
22859,q21_t939
22859,q21_t940
22860,q21_t94
22860,q21_t95
22861,q21_t940
22861,q21_t941
22861,q72_t940
22861,q72_t941
22862,q21_t941
22862,q21_t942
22863,q21_t942
22863,q21_t943
22864,q21_t943
22864,q21_t944
22864,q73_t943
22864,q73_t944
22865,q21_t944
22865,q21_t945
22866,q21_t945
22866,q21_t946
22867,q21_t946
22867,q21_t947
22867,q74_t946
22867,q74_t947
22868,q21_t947
22868,q21_t948
22869,q21_t948
22869,q21_t949
22870,q21_t949
22870,q21_t950
22870,q75_t949
22870,q75_t950
22871,q21_t950
22871,q21_t951
22872,q21_t951
22872,q21_t952
22873,q21_t952
22873,q21_t953
22873,q76_t952
22873,q76_t953
22874,q21_t953
22874,q21_t954
22875,q21_t954
22875,q21_t955
22876,q21_t955
22876,q21_t956
22876,q77_t955
22876,q77_t956
22877,q21_t956
22877,q21_t957
22878,q21_t957
22878,q21_t958
22879,q21_t958
22879,q21_t959
22879,q78_t958
22879,q78_t959
22880,q21_t959
22880,q21_t960
22881,q21_t96
22881,q21_t97
22882,q21_t960
22882,q21_t961
22883,q21_t961
22883,q21_t962
22883,q79_t961
22883,q79_t962
22884,q21_t962
22884,q21_t963
22885,q21_t963
22885,q21_t964
22886,q21_t964
22886,q21_t965
22886,q80_t964
22886,q80_t965
22887,q21_t965
22887,q21_t966
22888,q21_t966
22888,q21_t967
22889,q21_t967
22889,q21_t968
22889,q81_t967
22889,q81_t968
22890,q21_t968
22890,q21_t969
22891,q21_t969
22891,q21_t970
22892,q21_t97
22892,q21_t98
22893,q21_t970
22893,q21_t971
22893,q82_t970
22893,q82_t971
22894,q21_t971
22894,q21_t972
22895,q21_t972
22895,q21_t973
22896,q21_t973
22896,q21_t974
22896,q83_t973
22896,q83_t974
22897,q21_t974
22897,q21_t975
22898,q21_t975
22898,q21_t976
22899,q21_t976
22899,q21_t977
22899,q84_t976
22899,q84_t977
22900,q21_t977
22900,q21_t978
22901,q21_t978
22901,q21_t979
22902,q21_t979
22902,q21_t980
22902,q85_t979
22902,q85_t980
22903,q21_t980
22903,q21_t981
22904,q21_t981
22904,q21_t982
22905,q21_t982
22905,q21_t983
22905,q86_t982
22905,q86_t983
22906,q21_t983
22906,q21_t984
22907,q21_t984
22907,q21_t985
22908,q21_t985
22908,q21_t986
22908,q87_t985
22908,q87_t986
22909,q21_t986
22909,q21_t987
22910,q21_t987
22910,q21_t988
22911,q21_t988
22911,q21_t989
22911,q88_t988
22911,q88_t989
22912,q21_t989
22912,q21_t990
22913,q21_t990
22913,q21_t991
22914,q21_t991
22914,q21_t992
22914,q89_t991
22914,q89_t992
22915,q21_t992
22915,q21_t993
22916,q21_t993
22916,q21_t994
22917,q21_t994
22917,q21_t995
22917,q90_t994
22917,q90_t995
22918,q21_t995
22918,q21_t996
22919,q21_t996
22919,q21_t997
22920,q21_t997
22920,q21_t998
22920,q91_t997
22920,q91_t998
22921,q21_t998
22921,q21_t999
22922,q22_t0
22922,q22_t1
22923,q22_t1
22923,q22_t65
22924,q22_t100
22924,q22_t101
22925,q22_t100
22925,q22_t99
22926,q22_t1000
22926,q22_t1001
22926,q91_t1000
22926,q91_t1001
22927,q22_t1000
22927,q22_t999
22928,q22_t1001
22928,q22_t1002
22929,q22_t1002
22929,q22_t1003
22930,q22_t1003
22930,q22_t1004
22930,q92_t1003
22930,q92_t1004
22931,q22_t1004
22931,q22_t1005
22932,q22_t1005
22932,q22_t1006
22933,q22_t1006
22933,q22_t1007
22933,q93_t1006
22933,q93_t1007
22934,q22_t1007
22934,q22_t1008
22935,q22_t1008
22935,q22_t1009
22936,q22_t1009
22936,q22_t1010
22936,q94_t1009
22936,q94_t1010
22937,q22_t1010
22937,q22_t1011
22938,q22_t1011
22938,q22_t1012
22939,q22_t1012
22939,q22_t1013
22939,q95_t1012
22939,q95_t1013
22940,q22_t1013
22940,q22_t1014
22941,q22_t1014
22941,q22_t1015
22942,q22_t1015
22942,q22_t1016
22942,q96_t1015
22942,q96_t1016
22943,q22_t1016
22943,q22_t1017
22944,q22_t1017
22944,q22_t1018
22945,q22_t1018
22945,q22_t1019
22945,q97_t1018
22945,q97_t1019
22946,q22_t1019
22946,q22_t1020
22947,q22_t102
22947,q22_t103
22948,q22_t1020
22948,q22_t1021
22949,q22_t1021
22949,q22_t1022
22949,q98_t1021
22949,q98_t1022
22950,q22_t1022
22950,q22_t1023
22951,q22_t1023
22951,q22_t1024
22952,q22_t1024
22952,q22_t1025
22952,q99_t1024
22952,q99_t1025
22953,q22_t1025
22953,q22_t1026
22954,q22_t1026
22954,q22_t1027
22955,q22_t1028
22955,q22_t1029
22956,q22_t1029
22956,q22_t1030
22957,q22_t103
22957,q22_t104
22958,q22_t1031
22958,q22_t1032
22959,q22_t1032
22959,q22_t1033
22960,q22_t1034
22960,q22_t1035
22961,q22_t1035
22961,q22_t1036
22962,q22_t1037
22962,q22_t1038
22963,q22_t1038
22963,q22_t1039
22964,q22_t1040
22964,q22_t1041
22965,q22_t1041
22965,q22_t1042
22966,q22_t1043
22966,q22_t1044
22967,q22_t1044
22967,q22_t1045
22968,q22_t1046
22968,q22_t1047
22969,q22_t1047
22969,q22_t1048
22970,q22_t1049
22970,q22_t1050
22971,q22_t105
22971,q22_t106
22972,q22_t1050
22972,q22_t1051
22973,q22_t1052
22973,q22_t1053
22974,q22_t1053
22974,q22_t1054
22975,q22_t1055
22975,q22_t1056
22976,q22_t1056
22976,q22_t1057
22977,q22_t106
22977,q22_t107
22978,q22_t108
22978,q22_t109
22979,q22_t109
22979,q22_t110
22980,q22_t111
22980,q22_t112
22981,q22_t112
22981,q22_t113
22982,q22_t114
22982,q22_t115
22983,q22_t115
22983,q22_t116
22984,q22_t117
22984,q22_t118
22985,q22_t118
22985,q22_t119
22986,q22_t120
22986,q22_t121
22987,q22_t121
22987,q22_t122
22988,q22_t123
22988,q22_t124
22989,q22_t124
22989,q22_t125
22990,q22_t126
22990,q22_t127
22991,q22_t127
22991,q22_t128
22992,q22_t129
22992,q22_t130
22993,q22_t130
22993,q22_t134
22994,q22_t134
22994,q22_t135
22994,q23_t134
22994,q23_t135
22995,q22_t135
22995,q22_t136
22996,q22_t136
22996,q22_t137
22997,q22_t137
22997,q22_t138
22997,q24_t137
22997,q24_t138
22998,q22_t138
22998,q22_t139
22999,q22_t139
22999,q22_t140
23000,q22_t140
23000,q22_t141
23000,q25_t140
23000,q25_t141
23001,q22_t141
23001,q22_t142
23002,q22_t142
23002,q22_t143
23003,q22_t143
23003,q22_t144
23003,q26_t143
23003,q26_t144
23004,q22_t144
23004,q22_t145
23005,q22_t145
23005,q22_t146
23006,q22_t146
23006,q22_t147
23006,q27_t146
23006,q27_t147
23007,q22_t147
23007,q22_t148
23008,q22_t148
23008,q22_t149
23009,q22_t149
23009,q22_t150
23009,q28_t149
23009,q28_t150
23010,q22_t150
23010,q22_t151
23011,q22_t151
23011,q22_t152
23012,q22_t152
23012,q22_t153
23012,q29_t152
23012,q29_t153
23013,q22_t153
23013,q22_t154
23014,q22_t154
23014,q22_t155
23015,q22_t155
23015,q22_t156
23015,q30_t155
23015,q30_t156
23016,q22_t156
23016,q22_t157
23017,q22_t157
23017,q22_t158
23018,q22_t158
23018,q22_t159
23018,q31_t158
23018,q31_t159
23019,q22_t159
23019,q22_t160
23020,q22_t160
23020,q22_t161
23021,q22_t161
23021,q22_t162
23021,q32_t161
23021,q32_t162
23022,q22_t162
23022,q22_t163
23023,q22_t163
23023,q22_t164
23024,q22_t164
23024,q22_t165
23024,q33_t164
23024,q33_t165
23025,q22_t165
23025,q22_t166
23026,q22_t166
23026,q22_t167
23027,q22_t167
23027,q22_t168
23027,q34_t167
23027,q34_t168
23028,q22_t168
23028,q22_t169
23029,q22_t169
23029,q22_t170
23030,q22_t170
23030,q22_t171
23030,q35_t170
23030,q35_t171
23031,q22_t171
23031,q22_t172
23032,q22_t172
23032,q22_t173
23033,q22_t173
23033,q22_t174
23033,q36_t173
23033,q36_t174
23034,q22_t174
23034,q22_t175
23035,q22_t175
23035,q22_t176
23036,q22_t176
23036,q22_t177
23036,q37_t176
23036,q37_t177
23037,q22_t177
23037,q22_t178
23038,q22_t178
23038,q22_t179
23039,q22_t179
23039,q22_t180
23039,q38_t179
23039,q38_t180
23040,q22_t180
23040,q22_t181
23041,q22_t181
23041,q22_t182
23042,q22_t182
23042,q22_t183
23042,q39_t182
23042,q39_t183
23043,q22_t183
23043,q22_t184
23044,q22_t184
23044,q22_t185
23045,q22_t185
23045,q22_t186
23045,q40_t185
23045,q40_t186
23046,q22_t186
23046,q22_t187
23047,q22_t187
23047,q22_t188
23048,q22_t188
23048,q22_t189
23048,q41_t188
23048,q41_t189
23049,q22_t189
23049,q22_t190
23050,q22_t190
23050,q22_t191
23051,q22_t191
23051,q22_t192
23051,q42_t191
23051,q42_t192
23052,q22_t192
23052,q22_t193
23053,q22_t193
23053,q22_t194
23054,q22_t194
23054,q22_t195
23054,q43_t194
23054,q43_t195
23055,q22_t195
23055,q22_t196
23056,q22_t196
23056,q22_t197
23057,q22_t197
23057,q22_t198
23057,q44_t197
23057,q44_t198
23058,q22_t198
23058,q22_t199
23059,q22_t199
23059,q22_t200
23060,q22_t200
23060,q22_t201
23060,q45_t200
23060,q45_t201
23061,q22_t201
23061,q22_t202
23062,q22_t202
23062,q22_t203
23063,q22_t203
23063,q22_t204
23063,q46_t203
23063,q46_t204
23064,q22_t204
23064,q22_t205
23065,q22_t205
23065,q22_t206
23066,q22_t206
23066,q22_t207
23066,q47_t206
23066,q47_t207
23067,q22_t207
23067,q22_t208
23068,q22_t208
23068,q22_t209
23069,q22_t209
23069,q22_t210
23069,q48_t209
23069,q48_t210
23070,q22_t210
23070,q22_t211
23071,q22_t211
23071,q22_t212
23072,q22_t212
23072,q22_t213
23072,q49_t212
23072,q49_t213
23073,q22_t213
23073,q22_t214
23074,q22_t214
23074,q22_t215
23075,q22_t215
23075,q22_t216
23075,q50_t215
23075,q50_t216
23076,q22_t216
23076,q22_t217
23077,q22_t217
23077,q22_t218
23078,q22_t218
23078,q22_t219
23078,q51_t218
23078,q51_t219
23079,q22_t219
23079,q22_t220
23080,q22_t220
23080,q22_t221
23081,q22_t221
23081,q22_t222
23081,q52_t221
23081,q52_t222
23082,q22_t222
23082,q22_t223
23083,q22_t223
23083,q22_t224
23084,q22_t224
23084,q22_t225
23084,q53_t224
23084,q53_t225
23085,q22_t225
23085,q22_t226
23086,q22_t226
23086,q22_t227
23087,q22_t227
23087,q22_t228
23087,q54_t227
23087,q54_t228
23088,q22_t228
23088,q22_t229
23089,q22_t229
23089,q22_t230
23090,q22_t230
23090,q22_t231
23090,q55_t230
23090,q55_t231
23091,q22_t231
23091,q22_t232
23092,q22_t232
23092,q22_t233
23093,q22_t233
23093,q22_t234
23093,q56_t233
23093,q56_t234
23094,q22_t234
23094,q22_t235
23095,q22_t235
23095,q22_t236
23096,q22_t236
23096,q22_t237
23096,q57_t236
23096,q57_t237
23097,q22_t237
23097,q22_t238
23098,q22_t238
23098,q22_t239
23099,q22_t239
23099,q22_t240
23099,q58_t239
23099,q58_t240
23100,q22_t240
23100,q22_t241
23101,q22_t241
23101,q22_t242
23102,q22_t242
23102,q22_t243
23102,q59_t242
23102,q59_t243
23103,q22_t243
23103,q22_t244
23104,q22_t244
23104,q22_t245
23105,q22_t245
23105,q22_t246
23105,q60_t245
23105,q60_t246
23106,q22_t246
23106,q22_t247
23107,q22_t247
23107,q22_t248
23108,q22_t248
23108,q22_t249
23108,q61_t248
23108,q61_t249
23109,q22_t249
23109,q22_t250
23110,q22_t250
23110,q22_t251
23111,q22_t251
23111,q22_t252
23111,q62_t251
23111,q62_t252
23112,q22_t252
23112,q22_t253
23113,q22_t253
23113,q22_t254
23114,q22_t254
23114,q22_t255
23114,q63_t254
23114,q63_t255
23115,q22_t255
23115,q22_t256
23116,q22_t256
23116,q22_t257
23117,q22_t257
23117,q22_t258
23117,q64_t257
23117,q64_t258
23118,q22_t258
23118,q22_t259
23119,q22_t259
23119,q22_t260
23120,q22_t260
23120,q22_t261
23120,q65_t260
23120,q65_t261
23121,q22_t261
23121,q22_t262
23122,q22_t262
23122,q22_t263
23123,q22_t263
23123,q22_t264
23123,q66_t263
23123,q66_t264
23124,q22_t264
23124,q22_t265
23125,q22_t265
23125,q22_t266
23126,q22_t266
23126,q22_t267
23126,q67_t266
23126,q67_t267
23127,q22_t267
23127,q22_t268
23128,q22_t268
23128,q22_t269
23129,q22_t269
23129,q22_t270
23129,q68_t269
23129,q68_t270
23130,q22_t270
23130,q22_t271
23131,q22_t271
23131,q22_t272
23132,q22_t272
23132,q22_t273
23132,q69_t272
23132,q69_t273
23133,q22_t273
23133,q22_t274
23134,q22_t274
23134,q22_t275
23135,q22_t275
23135,q22_t276
23135,q70_t275
23135,q70_t276
23136,q22_t276
23136,q22_t277
23137,q22_t277
23137,q22_t278
23138,q22_t278
23138,q22_t279
23138,q71_t278
23138,q71_t279
23139,q22_t279
23139,q22_t280
23140,q22_t280
23140,q22_t281
23141,q22_t281
23141,q22_t282
23141,q72_t281
23141,q72_t282
23142,q22_t282
23142,q22_t283
23143,q22_t283
23143,q22_t284
23144,q22_t284
23144,q22_t285
23144,q73_t284
23144,q73_t285
23145,q22_t285
23145,q22_t286
23146,q22_t286
23146,q22_t287
23147,q22_t287
23147,q22_t288
23147,q74_t287
23147,q74_t288
23148,q22_t288
23148,q22_t289
23149,q22_t289
23149,q22_t290
23150,q22_t290
23150,q22_t291
23150,q75_t290
23150,q75_t291
23151,q22_t291
23151,q22_t292
23152,q22_t292
23152,q22_t293
23153,q22_t293
23153,q22_t294
23153,q76_t293
23153,q76_t294
23154,q22_t294
23154,q22_t295
23155,q22_t295
23155,q22_t296
23156,q22_t296
23156,q22_t297
23156,q77_t296
23156,q77_t297
23157,q22_t297
23157,q22_t298
23158,q22_t298
23158,q22_t299
23159,q22_t299
23159,q22_t300
23159,q78_t299
23159,q78_t300
23160,q22_t300
23160,q22_t301
23161,q22_t301
23161,q22_t302
23162,q22_t302
23162,q22_t303
23162,q79_t302
23162,q79_t303
23163,q22_t303
23163,q22_t304
23164,q22_t304
23164,q22_t305
23165,q22_t305
23165,q22_t306
23165,q80_t305
23165,q80_t306
23166,q22_t306
23166,q22_t307
23167,q22_t307
23167,q22_t308
23168,q22_t308
23168,q22_t309
23168,q81_t308
23168,q81_t309
23169,q22_t309
23169,q22_t310
23170,q22_t310
23170,q22_t311
23171,q22_t311
23171,q22_t312
23171,q82_t311
23171,q82_t312
23172,q22_t312
23172,q22_t313
23173,q22_t313
23173,q22_t314
23174,q22_t314
23174,q22_t315
23174,q83_t314
23174,q83_t315
23175,q22_t315
23175,q22_t316
23176,q22_t316
23176,q22_t317
23177,q22_t317
23177,q22_t318
23177,q84_t317
23177,q84_t318
23178,q22_t318
23178,q22_t319
23179,q22_t319
23179,q22_t320
23180,q22_t320
23180,q22_t321
23180,q85_t320
23180,q85_t321
23181,q22_t321
23181,q22_t322
23182,q22_t322
23182,q22_t323
23183,q22_t323
23183,q22_t324
23183,q86_t323
23183,q86_t324
23184,q22_t324
23184,q22_t325
23185,q22_t325
23185,q22_t326
23186,q22_t326
23186,q22_t327
23186,q87_t326
23186,q87_t327
23187,q22_t327
23187,q22_t328
23188,q22_t328
23188,q22_t329
23189,q22_t329
23189,q22_t330
23189,q88_t329
23189,q88_t330
23190,q22_t330
23190,q22_t331
23191,q22_t331
23191,q22_t332
23192,q22_t332
23192,q22_t333
23192,q89_t332
23192,q89_t333
23193,q22_t333
23193,q22_t334
23194,q22_t334
23194,q22_t335
23195,q22_t335
23195,q22_t336
23195,q90_t335
23195,q90_t336
23196,q22_t336
23196,q22_t337
23197,q22_t337
23197,q22_t338
23198,q22_t338
23198,q22_t339
23198,q91_t338
23198,q91_t339
23199,q22_t339
23199,q22_t340
23200,q22_t340
23200,q22_t341
23201,q22_t341
23201,q22_t342
23201,q92_t341
23201,q92_t342
23202,q22_t342
23202,q22_t343
23203,q22_t343
23203,q22_t344
23204,q22_t344
23204,q22_t345
23204,q93_t344
23204,q93_t345
23205,q22_t345
23205,q22_t346
23206,q22_t346
23206,q22_t347
23207,q22_t347
23207,q22_t348
23207,q94_t347
23207,q94_t348
23208,q22_t348
23208,q22_t349
23209,q22_t349
23209,q22_t350
23210,q22_t350
23210,q22_t351
23210,q95_t350
23210,q95_t351
23211,q22_t351
23211,q22_t352
23212,q22_t352
23212,q22_t353
23213,q22_t353
23213,q22_t354
23213,q96_t353
23213,q96_t354
23214,q22_t354
23214,q22_t355
23215,q22_t355
23215,q22_t356
23216,q22_t356
23216,q22_t357
23216,q97_t356
23216,q97_t357
23217,q22_t357
23217,q22_t358
23218,q22_t358
23218,q22_t359
23219,q22_t359
23219,q22_t360
23219,q98_t359
23219,q98_t360
23220,q22_t360
23220,q22_t361
23221,q22_t361
23221,q22_t362
23222,q22_t362
23222,q22_t363
23222,q99_t362
23222,q99_t363
23223,q22_t363
23223,q22_t364
23224,q22_t364
23224,q22_t365
23225,q22_t366
23225,q22_t367
23226,q22_t367
23226,q22_t368
23227,q22_t369
23227,q22_t370
23228,q22_t370
23228,q22_t371
23229,q22_t372
23229,q22_t373
23230,q22_t373
23230,q22_t374
23231,q22_t375
23231,q22_t376
23232,q22_t376
23232,q22_t377
23233,q22_t378
23233,q22_t379
23234,q22_t379
23234,q22_t380
23235,q22_t381
23235,q22_t382
23236,q22_t382
23236,q22_t383
23237,q22_t384
23237,q22_t385
23238,q22_t385
23238,q22_t386
23239,q22_t387
23239,q22_t388
23240,q22_t388
23240,q22_t389
23241,q22_t390
23241,q22_t391
23242,q22_t391
23242,q22_t392
23243,q22_t393
23243,q22_t394
23244,q22_t394
23244,q22_t395
23245,q22_t395
23245,q22_t396
23246,q22_t397
23246,q22_t398
23247,q22_t398
23247,q22_t399
23248,q22_t400
23248,q22_t401
23249,q22_t401
23249,q22_t402
23250,q22_t402
23250,q22_t403
23250,q2_t402
23250,q2_t403
23251,q22_t403
23251,q22_t404
23252,q22_t404
23252,q22_t405
23253,q22_t405
23253,q22_t406
23253,q3_t405
23253,q3_t406
23254,q22_t406
23254,q22_t407
23255,q22_t407
23255,q22_t408
23256,q22_t408
23256,q22_t409
23256,q4_t408
23256,q4_t409
23257,q22_t409
23257,q22_t410
23258,q22_t410
23258,q22_t411
23259,q22_t411
23259,q22_t412
23259,q5_t411
23259,q5_t412
23260,q22_t412
23260,q22_t413
23261,q22_t413
23261,q22_t414
23262,q22_t414
23262,q22_t415
23262,q6_t414
23262,q6_t415
23263,q22_t415
23263,q22_t416
23264,q22_t416
23264,q22_t417
23265,q22_t417
23265,q22_t418
23265,q7_t417
23265,q7_t418
23266,q22_t418
23266,q22_t419
23267,q22_t419
23267,q22_t420
23268,q22_t420
23268,q22_t421
23268,q8_t420
23268,q8_t421
23269,q22_t421
23269,q22_t422
23270,q22_t422
23270,q22_t423
23271,q22_t423
23271,q22_t424
23271,q9_t423
23271,q9_t424
23272,q22_t424
23272,q22_t425
23273,q22_t425
23273,q22_t426
23274,q22_t427
23274,q22_t428
23275,q22_t428
23275,q22_t429
23276,q22_t430
23276,q22_t431
23277,q22_t431
23277,q22_t432
23278,q22_t433
23278,q22_t434
23279,q22_t434
23279,q22_t435
23280,q22_t436
23280,q22_t437
23281,q22_t437
23281,q22_t438
23282,q22_t439
23282,q22_t440
23283,q22_t440
23283,q22_t441
23284,q22_t442
23284,q22_t443
23285,q22_t443
23285,q22_t444
23286,q22_t445
23286,q22_t446
23287,q22_t446
23287,q22_t447
23288,q22_t448
23288,q22_t449
23289,q22_t449
23289,q22_t450
23290,q22_t451
23290,q22_t452
23291,q22_t452
23291,q22_t453
23292,q22_t454
23292,q22_t455
23293,q22_t455
23293,q22_t456
23294,q22_t457
23294,q22_t458
23295,q22_t458
23295,q22_t459
23296,q22_t460
23296,q22_t461
23297,q22_t461
23297,q22_t465
23298,q22_t465
23298,q22_t466
23298,q23_t465
23298,q23_t466
23299,q22_t466
23299,q22_t467
23300,q22_t467
23300,q22_t468
23301,q22_t468
23301,q22_t469
23301,q24_t468
23301,q24_t469
23302,q22_t469
23302,q22_t470
23303,q22_t470
23303,q22_t471
23304,q22_t471
23304,q22_t472
23304,q25_t471
23304,q25_t472
23305,q22_t472
23305,q22_t473
23306,q22_t473
23306,q22_t474
23307,q22_t474
23307,q22_t475
23307,q26_t474
23307,q26_t475
23308,q22_t475
23308,q22_t476
23309,q22_t476
23309,q22_t477
23310,q22_t477
23310,q22_t478
23310,q27_t477
23310,q27_t478
23311,q22_t478
23311,q22_t479
23312,q22_t479
23312,q22_t480
23313,q22_t480
23313,q22_t481
23313,q28_t480
23313,q28_t481
23314,q22_t481
23314,q22_t482
23315,q22_t482
23315,q22_t483
23316,q22_t483
23316,q22_t484
23316,q29_t483
23316,q29_t484
23317,q22_t484
23317,q22_t485
23318,q22_t485
23318,q22_t486
23319,q22_t486
23319,q22_t487
23319,q30_t486
23319,q30_t487
23320,q22_t487
23320,q22_t488
23321,q22_t488
23321,q22_t489
23322,q22_t489
23322,q22_t490
23322,q31_t489
23322,q31_t490
23323,q22_t490
23323,q22_t491
23324,q22_t491
23324,q22_t492
23325,q22_t492
23325,q22_t493
23325,q32_t492
23325,q32_t493
23326,q22_t493
23326,q22_t494
23327,q22_t494
23327,q22_t495
23328,q22_t495
23328,q22_t496
23328,q33_t495
23328,q33_t496
23329,q22_t496
23329,q22_t497
23330,q22_t497
23330,q22_t498
23331,q22_t498
23331,q22_t499
23331,q34_t498
23331,q34_t499
23332,q22_t499
23332,q22_t500
23333,q22_t500
23333,q22_t501
23334,q22_t501
23334,q22_t502
23334,q35_t501
23334,q35_t502
23335,q22_t502
23335,q22_t503
23336,q22_t503
23336,q22_t504
23337,q22_t504
23337,q22_t505
23337,q36_t504
23337,q36_t505
23338,q22_t505
23338,q22_t506
23339,q22_t506
23339,q22_t507
23340,q22_t507
23340,q22_t508
23340,q37_t507
23340,q37_t508
23341,q22_t508
23341,q22_t509
23342,q22_t509
23342,q22_t510
23343,q22_t510
23343,q22_t511
23343,q38_t510
23343,q38_t511
23344,q22_t511
23344,q22_t512
23345,q22_t512
23345,q22_t513
23346,q22_t513
23346,q22_t514
23346,q39_t513
23346,q39_t514
23347,q22_t514
23347,q22_t515
23348,q22_t515
23348,q22_t516
23349,q22_t516
23349,q22_t517
23349,q40_t516
23349,q40_t517
23350,q22_t517
23350,q22_t518
23351,q22_t518
23351,q22_t519
23352,q22_t519
23352,q22_t520
23352,q41_t519
23352,q41_t520
23353,q22_t520
23353,q22_t521
23354,q22_t521
23354,q22_t522
23355,q22_t522
23355,q22_t523
23355,q42_t522
23355,q42_t523
23356,q22_t523
23356,q22_t524
23357,q22_t524
23357,q22_t525
23358,q22_t525
23358,q22_t526
23358,q43_t525
23358,q43_t526
23359,q22_t526
23359,q22_t527
23360,q22_t527
23360,q22_t528
23361,q22_t528
23361,q22_t529
23361,q44_t528
23361,q44_t529
23362,q22_t529
23362,q22_t530
23363,q22_t530
23363,q22_t531
23364,q22_t531
23364,q22_t532
23364,q45_t531
23364,q45_t532
23365,q22_t532
23365,q22_t533
23366,q22_t533
23366,q22_t534
23367,q22_t534
23367,q22_t535
23367,q46_t534
23367,q46_t535
23368,q22_t535
23368,q22_t536
23369,q22_t536
23369,q22_t537
23370,q22_t537
23370,q22_t538
23370,q47_t537
23370,q47_t538
23371,q22_t538
23371,q22_t539
23372,q22_t539
23372,q22_t540
23373,q22_t540
23373,q22_t541
23373,q48_t540
23373,q48_t541
23374,q22_t541
23374,q22_t542
23375,q22_t542
23375,q22_t543
23376,q22_t543
23376,q22_t544
23376,q49_t543
23376,q49_t544
23377,q22_t544
23377,q22_t545
23378,q22_t545
23378,q22_t546
23379,q22_t546
23379,q22_t547
23379,q50_t546
23379,q50_t547
23380,q22_t547
23380,q22_t548
23381,q22_t548
23381,q22_t549
23382,q22_t549
23382,q22_t550
23382,q51_t549
23382,q51_t550
23383,q22_t550
23383,q22_t551
23384,q22_t551
23384,q22_t552
23385,q22_t552
23385,q22_t553
23385,q52_t552
23385,q52_t553
23386,q22_t553
23386,q22_t554
23387,q22_t554
23387,q22_t555
23388,q22_t555
23388,q22_t556
23388,q53_t555
23388,q53_t556
23389,q22_t556
23389,q22_t557
23390,q22_t557
23390,q22_t558
23391,q22_t558
23391,q22_t559
23391,q54_t558
23391,q54_t559
23392,q22_t559
23392,q22_t560
23393,q22_t560
23393,q22_t561
23394,q22_t561
23394,q22_t562
23394,q55_t561
23394,q55_t562
23395,q22_t562
23395,q22_t563
23396,q22_t563
23396,q22_t564
23397,q22_t564
23397,q22_t565
23397,q56_t564
23397,q56_t565
23398,q22_t565
23398,q22_t566
23399,q22_t566
23399,q22_t567
23400,q22_t567
23400,q22_t568
23400,q57_t567
23400,q57_t568
23401,q22_t568
23401,q22_t569
23402,q22_t569
23402,q22_t570
23403,q22_t570
23403,q22_t571
23403,q58_t570
23403,q58_t571
23404,q22_t571
23404,q22_t572
23405,q22_t572
23405,q22_t573
23406,q22_t573
23406,q22_t574
23406,q59_t573
23406,q59_t574
23407,q22_t574
23407,q22_t575
23408,q22_t575
23408,q22_t576
23409,q22_t576
23409,q22_t577
23409,q60_t576
23409,q60_t577
23410,q22_t577
23410,q22_t578
23411,q22_t578
23411,q22_t579
23412,q22_t579
23412,q22_t580
23412,q61_t579
23412,q61_t580
23413,q22_t580
23413,q22_t581
23414,q22_t581
23414,q22_t582
23415,q22_t582
23415,q22_t583
23415,q62_t582
23415,q62_t583
23416,q22_t583
23416,q22_t584
23417,q22_t584
23417,q22_t585
23418,q22_t585
23418,q22_t586
23418,q63_t585
23418,q63_t586
23419,q22_t586
23419,q22_t587
23420,q22_t587
23420,q22_t588
23421,q22_t588
23421,q22_t589
23421,q64_t588
23421,q64_t589
23422,q22_t589
23422,q22_t590
23423,q22_t590
23423,q22_t591
23424,q22_t591
23424,q22_t592
23424,q65_t591
23424,q65_t592
23425,q22_t592
23425,q22_t593
23426,q22_t593
23426,q22_t594
23427,q22_t594
23427,q22_t595
23427,q66_t594
23427,q66_t595
23428,q22_t595
23428,q22_t596
23429,q22_t596
23429,q22_t597
23430,q22_t597
23430,q22_t598
23430,q67_t597
23430,q67_t598
23431,q22_t598
23431,q22_t599
23432,q22_t599
23432,q22_t600
23433,q22_t600
23433,q22_t601
23433,q68_t600
23433,q68_t601
23434,q22_t601
23434,q22_t602
23435,q22_t602
23435,q22_t603
23436,q22_t603
23436,q22_t604
23436,q69_t603
23436,q69_t604
23437,q22_t604
23437,q22_t605
23438,q22_t605
23438,q22_t606
23439,q22_t606
23439,q22_t607
23439,q70_t606
23439,q70_t607
23440,q22_t607
23440,q22_t608
23441,q22_t608
23441,q22_t609
23442,q22_t609
23442,q22_t610
23442,q71_t609
23442,q71_t610
23443,q22_t610
23443,q22_t611
23444,q22_t611
23444,q22_t612
23445,q22_t612
23445,q22_t613
23445,q72_t612
23445,q72_t613
23446,q22_t613
23446,q22_t614
23447,q22_t614
23447,q22_t615
23448,q22_t615
23448,q22_t616
23448,q73_t615
23448,q73_t616
23449,q22_t616
23449,q22_t617
23450,q22_t617
23450,q22_t618
23451,q22_t618
23451,q22_t619
23451,q74_t618
23451,q74_t619
23452,q22_t619
23452,q22_t620
23453,q22_t620
23453,q22_t621
23454,q22_t621
23454,q22_t622
23454,q75_t621
23454,q75_t622
23455,q22_t622
23455,q22_t623
23456,q22_t623
23456,q22_t624
23457,q22_t624
23457,q22_t625
23457,q76_t624
23457,q76_t625
23458,q22_t625
23458,q22_t626
23459,q22_t626
23459,q22_t627
23460,q22_t627
23460,q22_t628
23460,q77_t627
23460,q77_t628
23461,q22_t628
23461,q22_t629
23462,q22_t629
23462,q22_t630
23463,q22_t630
23463,q22_t631
23463,q78_t630
23463,q78_t631
23464,q22_t631
23464,q22_t632
23465,q22_t632
23465,q22_t633
23466,q22_t633
23466,q22_t634
23466,q79_t633
23466,q79_t634
23467,q22_t634
23467,q22_t635
23468,q22_t635
23468,q22_t636
23469,q22_t636
23469,q22_t637
23469,q80_t636
23469,q80_t637
23470,q22_t637
23470,q22_t638
23471,q22_t638
23471,q22_t639
23472,q22_t639
23472,q22_t640
23472,q81_t639
23472,q81_t640
23473,q22_t640
23473,q22_t641
23474,q22_t641
23474,q22_t642
23475,q22_t642
23475,q22_t643
23475,q82_t642
23475,q82_t643
23476,q22_t643
23476,q22_t644
23477,q22_t644
23477,q22_t645
23478,q22_t645
23478,q22_t646
23478,q83_t645
23478,q83_t646
23479,q22_t646
23479,q22_t647
23480,q22_t647
23480,q22_t648
23481,q22_t648
23481,q22_t649
23481,q84_t648
23481,q84_t649
23482,q22_t649
23482,q22_t650
23483,q22_t650
23483,q22_t651
23484,q22_t651
23484,q22_t652
23484,q85_t651
23484,q85_t652
23485,q22_t652
23485,q22_t653
23486,q22_t653
23486,q22_t654
23487,q22_t654
23487,q22_t655
23487,q86_t654
23487,q86_t655
23488,q22_t655
23488,q22_t656
23489,q22_t656
23489,q22_t657
23490,q22_t657
23490,q22_t658
23490,q87_t657
23490,q87_t658
23491,q22_t658
23491,q22_t659
23492,q22_t659
23492,q22_t660
23493,q22_t66
23493,q22_t67
23494,q22_t660
23494,q22_t661
23494,q88_t660
23494,q88_t661
23495,q22_t661
23495,q22_t662
23496,q22_t662
23496,q22_t663
23497,q22_t663
23497,q22_t664
23497,q89_t663
23497,q89_t664
23498,q22_t664
23498,q22_t665
23499,q22_t665
23499,q22_t666
23500,q22_t666
23500,q22_t667
23500,q90_t666
23500,q90_t667
23501,q22_t667
23501,q22_t668
23502,q22_t668
23502,q22_t669
23503,q22_t669
23503,q22_t670
23503,q91_t669
23503,q91_t670
23504,q22_t67
23504,q22_t68
23505,q22_t670
23505,q22_t671
23506,q22_t671
23506,q22_t672
23507,q22_t672
23507,q22_t673
23507,q92_t672
23507,q92_t673
23508,q22_t673
23508,q22_t674
23509,q22_t674
23509,q22_t675
23510,q22_t675
23510,q22_t676
23510,q93_t675
23510,q93_t676
23511,q22_t676
23511,q22_t677
23512,q22_t677
23512,q22_t678
23513,q22_t678
23513,q22_t679
23513,q94_t678
23513,q94_t679
23514,q22_t679
23514,q22_t680
23515,q22_t680
23515,q22_t681
23516,q22_t681
23516,q22_t682
23516,q95_t681
23516,q95_t682
23517,q22_t682
23517,q22_t683
23518,q22_t683
23518,q22_t684
23519,q22_t684
23519,q22_t685
23519,q96_t684
23519,q96_t685
23520,q22_t685
23520,q22_t686
23521,q22_t686
23521,q22_t687
23522,q22_t687
23522,q22_t688
23522,q97_t687
23522,q97_t688
23523,q22_t688
23523,q22_t689
23524,q22_t689
23524,q22_t690
23525,q22_t69
23525,q22_t70
23526,q22_t690
23526,q22_t691
23526,q98_t690
23526,q98_t691
23527,q22_t691
23527,q22_t692
23528,q22_t692
23528,q22_t693
23529,q22_t693
23529,q22_t694
23529,q99_t693
23529,q99_t694
23530,q22_t694
23530,q22_t695
23531,q22_t695
23531,q22_t696
23532,q22_t697
23532,q22_t698
23533,q22_t698
23533,q22_t699
23534,q22_t70
23534,q22_t71
23535,q22_t700
23535,q22_t701
23536,q22_t701
23536,q22_t702
23537,q22_t703
23537,q22_t704
23538,q22_t704
23538,q22_t705
23539,q22_t706
23539,q22_t707
23540,q22_t707
23540,q22_t708
23541,q22_t709
23541,q22_t710
23542,q22_t71
23542,q22_t72
23542,q2_t71
23542,q2_t72
23543,q22_t710
23543,q22_t711
23544,q22_t712
23544,q22_t713
23545,q22_t713
23545,q22_t714
23546,q22_t715
23546,q22_t716
23547,q22_t716
23547,q22_t717
23548,q22_t718
23548,q22_t719
23549,q22_t719
23549,q22_t720
23550,q22_t72
23550,q22_t73
23551,q22_t721
23551,q22_t722
23552,q22_t722
23552,q22_t723
23553,q22_t724
23553,q22_t725
23554,q22_t725
23554,q22_t726
23555,q22_t726
23555,q22_t727
23556,q22_t728
23556,q22_t729
23557,q22_t729
23557,q22_t730
23558,q22_t73
23558,q22_t74
23559,q22_t731
23559,q22_t732
23560,q22_t732
23560,q22_t733
23561,q22_t733
23561,q22_t734
23561,q2_t733
23561,q2_t734
23562,q22_t734
23562,q22_t735
23563,q22_t735
23563,q22_t736
23564,q22_t736
23564,q22_t737
23564,q3_t736
23564,q3_t737
23565,q22_t737
23565,q22_t738
23566,q22_t738
23566,q22_t739
23567,q22_t739
23567,q22_t740
23567,q4_t739
23567,q4_t740
23568,q22_t74
23568,q22_t75
23568,q3_t74
23568,q3_t75
23569,q22_t740
23569,q22_t741
23570,q22_t741
23570,q22_t742
23571,q22_t742
23571,q22_t743
23571,q5_t742
23571,q5_t743
23572,q22_t743
23572,q22_t744
23573,q22_t744
23573,q22_t745
23574,q22_t745
23574,q22_t746
23574,q6_t745
23574,q6_t746
23575,q22_t746
23575,q22_t747
23576,q22_t747
23576,q22_t748
23577,q22_t748
23577,q22_t749
23577,q7_t748
23577,q7_t749
23578,q22_t749
23578,q22_t750
23579,q22_t75
23579,q22_t76
23580,q22_t750
23580,q22_t751
23581,q22_t751
23581,q22_t752
23581,q8_t751
23581,q8_t752
23582,q22_t752
23582,q22_t753
23583,q22_t753
23583,q22_t754
23584,q22_t754
23584,q22_t755
23584,q9_t754
23584,q9_t755
23585,q22_t755
23585,q22_t756
23586,q22_t756
23586,q22_t757
23587,q22_t758
23587,q22_t759
23588,q22_t759
23588,q22_t760
23589,q22_t76
23589,q22_t77
23590,q22_t761
23590,q22_t762
23591,q22_t762
23591,q22_t763
23592,q22_t764
23592,q22_t765
23593,q22_t765
23593,q22_t766
23594,q22_t767
23594,q22_t768
23595,q22_t768
23595,q22_t769
23596,q22_t77
23596,q22_t78
23596,q4_t77
23596,q4_t78
23597,q22_t770
23597,q22_t771
23598,q22_t771
23598,q22_t772
23599,q22_t773
23599,q22_t774
23600,q22_t774
23600,q22_t775
23601,q22_t776
23601,q22_t777
23602,q22_t777
23602,q22_t778
23603,q22_t779
23603,q22_t780
23604,q22_t78
23604,q22_t79
23605,q22_t780
23605,q22_t781
23606,q22_t782
23606,q22_t783
23607,q22_t783
23607,q22_t784
23608,q22_t785
23608,q22_t786
23609,q22_t786
23609,q22_t787
23610,q22_t788
23610,q22_t789
23611,q22_t789
23611,q22_t790
23612,q22_t79
23612,q22_t80
23613,q22_t791
23613,q22_t792
23614,q22_t792
23614,q22_t796
23615,q22_t796
23615,q22_t797
23615,q23_t796
23615,q23_t797
23616,q22_t797
23616,q22_t798
23617,q22_t798
23617,q22_t799
23618,q22_t799
23618,q22_t800
23618,q24_t799
23618,q24_t800
23619,q22_t80
23619,q22_t81
23619,q5_t80
23619,q5_t81
23620,q22_t800
23620,q22_t801
23621,q22_t801
23621,q22_t802
23622,q22_t802
23622,q22_t803
23622,q25_t802
23622,q25_t803
23623,q22_t803
23623,q22_t804
23624,q22_t804
23624,q22_t805
23625,q22_t805
23625,q22_t806
23625,q26_t805
23625,q26_t806
23626,q22_t806
23626,q22_t807
23627,q22_t807
23627,q22_t808
23628,q22_t808
23628,q22_t809
23628,q27_t808
23628,q27_t809
23629,q22_t809
23629,q22_t810
23630,q22_t81
23630,q22_t82
23631,q22_t810
23631,q22_t811
23632,q22_t811
23632,q22_t812
23632,q28_t811
23632,q28_t812
23633,q22_t812
23633,q22_t813
23634,q22_t813
23634,q22_t814
23635,q22_t814
23635,q22_t815
23635,q29_t814
23635,q29_t815
23636,q22_t815
23636,q22_t816
23637,q22_t816
23637,q22_t817
23638,q22_t817
23638,q22_t818
23638,q30_t817
23638,q30_t818
23639,q22_t818
23639,q22_t819
23640,q22_t819
23640,q22_t820
23641,q22_t82
23641,q22_t83
23642,q22_t820
23642,q22_t821
23642,q31_t820
23642,q31_t821
23643,q22_t821
23643,q22_t822
23644,q22_t822
23644,q22_t823
23645,q22_t823
23645,q22_t824
23645,q32_t823
23645,q32_t824
23646,q22_t824
23646,q22_t825
23647,q22_t825
23647,q22_t826
23648,q22_t826
23648,q22_t827
23648,q33_t826
23648,q33_t827
23649,q22_t827
23649,q22_t828
23650,q22_t828
23650,q22_t829
23651,q22_t829
23651,q22_t830
23651,q34_t829
23651,q34_t830
23652,q22_t83
23652,q22_t84
23652,q6_t83
23652,q6_t84
23653,q22_t830
23653,q22_t831
23654,q22_t831
23654,q22_t832
23655,q22_t832
23655,q22_t833
23655,q35_t832
23655,q35_t833
23656,q22_t833
23656,q22_t834
23657,q22_t834
23657,q22_t835
23658,q22_t835
23658,q22_t836
23658,q36_t835
23658,q36_t836
23659,q22_t836
23659,q22_t837
23660,q22_t837
23660,q22_t838
23661,q22_t838
23661,q22_t839
23661,q37_t838
23661,q37_t839
23662,q22_t839
23662,q22_t840
23663,q22_t84
23663,q22_t85
23664,q22_t840
23664,q22_t841
23665,q22_t841
23665,q22_t842
23665,q38_t841
23665,q38_t842
23666,q22_t842
23666,q22_t843
23667,q22_t843
23667,q22_t844
23668,q22_t844
23668,q22_t845
23668,q39_t844
23668,q39_t845
23669,q22_t845
23669,q22_t846
23670,q22_t846
23670,q22_t847
23671,q22_t847
23671,q22_t848
23671,q40_t847
23671,q40_t848
23672,q22_t848
23672,q22_t849
23673,q22_t849
23673,q22_t850
23674,q22_t85
23674,q22_t86
23675,q22_t850
23675,q22_t851
23675,q41_t850
23675,q41_t851
23676,q22_t851
23676,q22_t852
23677,q22_t852
23677,q22_t853
23678,q22_t853
23678,q22_t854
23678,q42_t853
23678,q42_t854
23679,q22_t854
23679,q22_t855
23680,q22_t855
23680,q22_t856
23681,q22_t856
23681,q22_t857
23681,q43_t856
23681,q43_t857
23682,q22_t857
23682,q22_t858
23683,q22_t858
23683,q22_t859
23684,q22_t859
23684,q22_t860
23684,q44_t859
23684,q44_t860
23685,q22_t86
23685,q22_t87
23685,q7_t86
23685,q7_t87
23686,q22_t860
23686,q22_t861
23687,q22_t861
23687,q22_t862
23688,q22_t862
23688,q22_t863
23688,q45_t862
23688,q45_t863
23689,q22_t863
23689,q22_t864
23690,q22_t864
23690,q22_t865
23691,q22_t865
23691,q22_t866
23691,q46_t865
23691,q46_t866
23692,q22_t866
23692,q22_t867
23693,q22_t867
23693,q22_t868
23694,q22_t868
23694,q22_t869
23694,q47_t868
23694,q47_t869
23695,q22_t869
23695,q22_t870
23696,q22_t87
23696,q22_t88
23697,q22_t870
23697,q22_t871
23698,q22_t871
23698,q22_t872
23698,q48_t871
23698,q48_t872
23699,q22_t872
23699,q22_t873
23700,q22_t873
23700,q22_t874
23701,q22_t874
23701,q22_t875
23701,q49_t874
23701,q49_t875
23702,q22_t875
23702,q22_t876
23703,q22_t876
23703,q22_t877
23704,q22_t877
23704,q22_t878
23704,q50_t877
23704,q50_t878
23705,q22_t878
23705,q22_t879
23706,q22_t879
23706,q22_t880
23707,q22_t88
23707,q22_t89
23708,q22_t880
23708,q22_t881
23708,q51_t880
23708,q51_t881
23709,q22_t881
23709,q22_t882
23710,q22_t882
23710,q22_t883
23711,q22_t883
23711,q22_t884
23711,q52_t883
23711,q52_t884
23712,q22_t884
23712,q22_t885
23713,q22_t885
23713,q22_t886
23714,q22_t886
23714,q22_t887
23714,q53_t886
23714,q53_t887
23715,q22_t887
23715,q22_t888
23716,q22_t888
23716,q22_t889
23717,q22_t889
23717,q22_t890
23717,q54_t889
23717,q54_t890
23718,q22_t89
23718,q22_t90
23718,q8_t89
23718,q8_t90
23719,q22_t890
23719,q22_t891
23720,q22_t891
23720,q22_t892
23721,q22_t892
23721,q22_t893
23721,q55_t892
23721,q55_t893
23722,q22_t893
23722,q22_t894
23723,q22_t894
23723,q22_t895
23724,q22_t895
23724,q22_t896
23724,q56_t895
23724,q56_t896
23725,q22_t896
23725,q22_t897
23726,q22_t897
23726,q22_t898
23727,q22_t898
23727,q22_t899
23727,q57_t898
23727,q57_t899
23728,q22_t899
23728,q22_t900
23729,q22_t90
23729,q22_t91
23730,q22_t900
23730,q22_t901
23731,q22_t901
23731,q22_t902
23731,q58_t901
23731,q58_t902
23732,q22_t902
23732,q22_t903
23733,q22_t903
23733,q22_t904
23734,q22_t904
23734,q22_t905
23734,q59_t904
23734,q59_t905
23735,q22_t905
23735,q22_t906
23736,q22_t906
23736,q22_t907
23737,q22_t907
23737,q22_t908
23737,q60_t907
23737,q60_t908
23738,q22_t908
23738,q22_t909
23739,q22_t909
23739,q22_t910
23740,q22_t91
23740,q22_t92
23741,q22_t910
23741,q22_t911
23741,q61_t910
23741,q61_t911
23742,q22_t911
23742,q22_t912
23743,q22_t912
23743,q22_t913
23744,q22_t913
23744,q22_t914
23744,q62_t913
23744,q62_t914
23745,q22_t914
23745,q22_t915
23746,q22_t915
23746,q22_t916
23747,q22_t916
23747,q22_t917
23747,q63_t916
23747,q63_t917
23748,q22_t917
23748,q22_t918
23749,q22_t918
23749,q22_t919
23750,q22_t919
23750,q22_t920
23750,q64_t919
23750,q64_t920
23751,q22_t92
23751,q22_t93
23751,q9_t92
23751,q9_t93
23752,q22_t920
23752,q22_t921
23753,q22_t921
23753,q22_t922
23754,q22_t922
23754,q22_t923
23754,q65_t922
23754,q65_t923
23755,q22_t923
23755,q22_t924
23756,q22_t924
23756,q22_t925
23757,q22_t925
23757,q22_t926
23757,q66_t925
23757,q66_t926
23758,q22_t926
23758,q22_t927
23759,q22_t927
23759,q22_t928
23760,q22_t928
23760,q22_t929
23760,q67_t928
23760,q67_t929
23761,q22_t929
23761,q22_t930
23762,q22_t93
23762,q22_t94
23763,q22_t930
23763,q22_t931
23764,q22_t931
23764,q22_t932
23764,q68_t931
23764,q68_t932
23765,q22_t932
23765,q22_t933
23766,q22_t933
23766,q22_t934
23767,q22_t934
23767,q22_t935
23767,q69_t934
23767,q69_t935
23768,q22_t935
23768,q22_t936
23769,q22_t936
23769,q22_t937
23770,q22_t937
23770,q22_t938
23770,q70_t937
23770,q70_t938
23771,q22_t938
23771,q22_t939
23772,q22_t939
23772,q22_t940
23773,q22_t94
23773,q22_t95
23774,q22_t940
23774,q22_t941
23774,q71_t940
23774,q71_t941
23775,q22_t941
23775,q22_t942
23776,q22_t942
23776,q22_t943
23777,q22_t943
23777,q22_t944
23777,q72_t943
23777,q72_t944
23778,q22_t944
23778,q22_t945
23779,q22_t945
23779,q22_t946
23780,q22_t946
23780,q22_t947
23780,q73_t946
23780,q73_t947
23781,q22_t947
23781,q22_t948
23782,q22_t948
23782,q22_t949
23783,q22_t949
23783,q22_t950
23783,q74_t949
23783,q74_t950
23784,q22_t950
23784,q22_t951
23785,q22_t951
23785,q22_t952
23786,q22_t952
23786,q22_t953
23786,q75_t952
23786,q75_t953
23787,q22_t953
23787,q22_t954
23788,q22_t954
23788,q22_t955
23789,q22_t955
23789,q22_t956
23789,q76_t955
23789,q76_t956
23790,q22_t956
23790,q22_t957
23791,q22_t957
23791,q22_t958
23792,q22_t958
23792,q22_t959
23792,q77_t958
23792,q77_t959
23793,q22_t959
23793,q22_t960
23794,q22_t96
23794,q22_t97
23795,q22_t960
23795,q22_t961
23796,q22_t961
23796,q22_t962
23796,q78_t961
23796,q78_t962
23797,q22_t962
23797,q22_t963
23798,q22_t963
23798,q22_t964
23799,q22_t964
23799,q22_t965
23799,q79_t964
23799,q79_t965
23800,q22_t965
23800,q22_t966
23801,q22_t966
23801,q22_t967
23802,q22_t967
23802,q22_t968
23802,q80_t967
23802,q80_t968
23803,q22_t968
23803,q22_t969
23804,q22_t969
23804,q22_t970
23805,q22_t97
23805,q22_t98
23806,q22_t970
23806,q22_t971
23806,q81_t970
23806,q81_t971
23807,q22_t971
23807,q22_t972
23808,q22_t972
23808,q22_t973
23809,q22_t973
23809,q22_t974
23809,q82_t973
23809,q82_t974
23810,q22_t974
23810,q22_t975
23811,q22_t975
23811,q22_t976
23812,q22_t976
23812,q22_t977
23812,q83_t976
23812,q83_t977
23813,q22_t977
23813,q22_t978
23814,q22_t978
23814,q22_t979
23815,q22_t979
23815,q22_t980
23815,q84_t979
23815,q84_t980
23816,q22_t980
23816,q22_t981
23817,q22_t981
23817,q22_t982
23818,q22_t982
23818,q22_t983
23818,q85_t982
23818,q85_t983
23819,q22_t983
23819,q22_t984
23820,q22_t984
23820,q22_t985
23821,q22_t985
23821,q22_t986
23821,q86_t985
23821,q86_t986
23822,q22_t986
23822,q22_t987
23823,q22_t987
23823,q22_t988
23824,q22_t988
23824,q22_t989
23824,q87_t988
23824,q87_t989
23825,q22_t989
23825,q22_t990
23826,q22_t990
23826,q22_t991
23827,q22_t991
23827,q22_t992
23827,q88_t991
23827,q88_t992
23828,q22_t992
23828,q22_t993
23829,q22_t993
23829,q22_t994
23830,q22_t994
23830,q22_t995
23830,q89_t994
23830,q89_t995
23831,q22_t995
23831,q22_t996
23832,q22_t996
23832,q22_t997
23833,q22_t997
23833,q22_t998
23833,q90_t997
23833,q90_t998
23834,q22_t998
23834,q22_t999
23835,q23_t0
23835,q23_t1
23836,q23_t1
23836,q23_t68
23837,q23_t100
23837,q23_t101
23838,q23_t100
23838,q23_t99
23839,q23_t1000
23839,q23_t1001
23839,q90_t1000
23839,q90_t1001
23840,q23_t1000
23840,q23_t999
23841,q23_t1001
23841,q23_t1002
23842,q23_t1002
23842,q23_t1003
23843,q23_t1003
23843,q23_t1004
23843,q91_t1003
23843,q91_t1004
23844,q23_t1004
23844,q23_t1005
23845,q23_t1005
23845,q23_t1006
23846,q23_t1006
23846,q23_t1007
23846,q92_t1006
23846,q92_t1007
23847,q23_t1007
23847,q23_t1008
23848,q23_t1008
23848,q23_t1009
23849,q23_t1009
23849,q23_t1010
23849,q93_t1009
23849,q93_t1010
23850,q23_t1010
23850,q23_t1011
23851,q23_t1011
23851,q23_t1012
23852,q23_t1012
23852,q23_t1013
23852,q94_t1012
23852,q94_t1013
23853,q23_t1013
23853,q23_t1014
23854,q23_t1014
23854,q23_t1015
23855,q23_t1015
23855,q23_t1016
23855,q95_t1015
23855,q95_t1016
23856,q23_t1016
23856,q23_t1017
23857,q23_t1017
23857,q23_t1018
23858,q23_t1018
23858,q23_t1019
23858,q96_t1018
23858,q96_t1019
23859,q23_t1019
23859,q23_t1020
23860,q23_t102
23860,q23_t103
23861,q23_t1020
23861,q23_t1021
23862,q23_t1021
23862,q23_t1022
23862,q97_t1021
23862,q97_t1022
23863,q23_t1022
23863,q23_t1023
23864,q23_t1023
23864,q23_t1024
23865,q23_t1024
23865,q23_t1025
23865,q98_t1024
23865,q98_t1025
23866,q23_t1025
23866,q23_t1026
23867,q23_t1026
23867,q23_t1027
23868,q23_t1027
23868,q23_t1028
23868,q99_t1027
23868,q99_t1028
23869,q23_t1028
23869,q23_t1029
23870,q23_t1029
23870,q23_t1030
23871,q23_t103
23871,q23_t104
23872,q23_t1031
23872,q23_t1032
23873,q23_t1032
23873,q23_t1033
23874,q23_t1034
23874,q23_t1035
23875,q23_t1035
23875,q23_t1036
23876,q23_t1037
23876,q23_t1038
23877,q23_t1038
23877,q23_t1039
23878,q23_t1040
23878,q23_t1041
23879,q23_t1041
23879,q23_t1042
23880,q23_t1043
23880,q23_t1044
23881,q23_t1044
23881,q23_t1045
23882,q23_t1046
23882,q23_t1047
23883,q23_t1047
23883,q23_t1048
23884,q23_t1049
23884,q23_t1050
23885,q23_t105
23885,q23_t106
23886,q23_t1050
23886,q23_t1051
23887,q23_t1052
23887,q23_t1053
23888,q23_t1053
23888,q23_t1054
23889,q23_t1055
23889,q23_t1056
23890,q23_t1056
23890,q23_t1057
23891,q23_t1058
23891,q23_t1059
23892,q23_t1059
23892,q23_t1060
23893,q23_t106
23893,q23_t107
23894,q23_t108
23894,q23_t109
23895,q23_t109
23895,q23_t110
23896,q23_t111
23896,q23_t112
23897,q23_t112
23897,q23_t113
23898,q23_t114
23898,q23_t115
23899,q23_t115
23899,q23_t116
23900,q23_t117
23900,q23_t118
23901,q23_t118
23901,q23_t119
23902,q23_t120
23902,q23_t121
23903,q23_t121
23903,q23_t122
23904,q23_t123
23904,q23_t124
23905,q23_t124
23905,q23_t125
23906,q23_t126
23906,q23_t127
23907,q23_t127
23907,q23_t128
23908,q23_t129
23908,q23_t130
23909,q23_t130
23909,q23_t131
23910,q23_t132
23910,q23_t133
23911,q23_t133
23911,q23_t134
23912,q23_t135
23912,q23_t136
23913,q23_t136
23913,q23_t140
23914,q23_t140
23914,q23_t141
23914,q24_t140
23914,q24_t141
23915,q23_t141
23915,q23_t142
23916,q23_t142
23916,q23_t143
23917,q23_t143
23917,q23_t144
23917,q25_t143
23917,q25_t144
23918,q23_t144
23918,q23_t145
23919,q23_t145
23919,q23_t146
23920,q23_t146
23920,q23_t147
23920,q26_t146
23920,q26_t147
23921,q23_t147
23921,q23_t148
23922,q23_t148
23922,q23_t149
23923,q23_t149
23923,q23_t150
23923,q27_t149
23923,q27_t150
23924,q23_t150
23924,q23_t151
23925,q23_t151
23925,q23_t152
23926,q23_t152
23926,q23_t153
23926,q28_t152
23926,q28_t153
23927,q23_t153
23927,q23_t154
23928,q23_t154
23928,q23_t155
23929,q23_t155
23929,q23_t156
23929,q29_t155
23929,q29_t156
23930,q23_t156
23930,q23_t157
23931,q23_t157
23931,q23_t158
23932,q23_t158
23932,q23_t159
23932,q30_t158
23932,q30_t159
23933,q23_t159
23933,q23_t160
23934,q23_t160
23934,q23_t161
23935,q23_t161
23935,q23_t162
23935,q31_t161
23935,q31_t162
23936,q23_t162
23936,q23_t163
23937,q23_t163
23937,q23_t164
23938,q23_t164
23938,q23_t165
23938,q32_t164
23938,q32_t165
23939,q23_t165
23939,q23_t166
23940,q23_t166
23940,q23_t167
23941,q23_t167
23941,q23_t168
23941,q33_t167
23941,q33_t168
23942,q23_t168
23942,q23_t169
23943,q23_t169
23943,q23_t170
23944,q23_t170
23944,q23_t171
23944,q34_t170
23944,q34_t171
23945,q23_t171
23945,q23_t172
23946,q23_t172
23946,q23_t173
23947,q23_t173
23947,q23_t174
23947,q35_t173
23947,q35_t174
23948,q23_t174
23948,q23_t175
23949,q23_t175
23949,q23_t176
23950,q23_t176
23950,q23_t177
23950,q36_t176
23950,q36_t177
23951,q23_t177
23951,q23_t178
23952,q23_t178
23952,q23_t179
23953,q23_t179
23953,q23_t180
23953,q37_t179
23953,q37_t180
23954,q23_t180
23954,q23_t181
23955,q23_t181
23955,q23_t182
23956,q23_t182
23956,q23_t183
23956,q38_t182
23956,q38_t183
23957,q23_t183
23957,q23_t184
23958,q23_t184
23958,q23_t185
23959,q23_t185
23959,q23_t186
23959,q39_t185
23959,q39_t186
23960,q23_t186
23960,q23_t187
23961,q23_t187
23961,q23_t188
23962,q23_t188
23962,q23_t189
23962,q40_t188
23962,q40_t189
23963,q23_t189
23963,q23_t190
23964,q23_t190
23964,q23_t191
23965,q23_t191
23965,q23_t192
23965,q41_t191
23965,q41_t192
23966,q23_t192
23966,q23_t193
23967,q23_t193
23967,q23_t194
23968,q23_t194
23968,q23_t195
23968,q42_t194
23968,q42_t195
23969,q23_t195
23969,q23_t196
23970,q23_t196
23970,q23_t197
23971,q23_t197
23971,q23_t198
23971,q43_t197
23971,q43_t198
23972,q23_t198
23972,q23_t199
23973,q23_t199
23973,q23_t200
23974,q23_t200
23974,q23_t201
23974,q44_t200
23974,q44_t201
23975,q23_t201
23975,q23_t202
23976,q23_t202
23976,q23_t203
23977,q23_t203
23977,q23_t204
23977,q45_t203
23977,q45_t204
23978,q23_t204
23978,q23_t205
23979,q23_t205
23979,q23_t206
23980,q23_t206
23980,q23_t207
23980,q46_t206
23980,q46_t207
23981,q23_t207
23981,q23_t208
23982,q23_t208
23982,q23_t209
23983,q23_t209
23983,q23_t210
23983,q47_t209
23983,q47_t210
23984,q23_t210
23984,q23_t211
23985,q23_t211
23985,q23_t212
23986,q23_t212
23986,q23_t213
23986,q48_t212
23986,q48_t213
23987,q23_t213
23987,q23_t214
23988,q23_t214
23988,q23_t215
23989,q23_t215
23989,q23_t216
23989,q49_t215
23989,q49_t216
23990,q23_t216
23990,q23_t217
23991,q23_t217
23991,q23_t218
23992,q23_t218
23992,q23_t219
23992,q50_t218
23992,q50_t219
23993,q23_t219
23993,q23_t220
23994,q23_t220
23994,q23_t221
23995,q23_t221
23995,q23_t222
23995,q51_t221
23995,q51_t222
23996,q23_t222
23996,q23_t223
23997,q23_t223
23997,q23_t224
23998,q23_t224
23998,q23_t225
23998,q52_t224
23998,q52_t225
23999,q23_t225
23999,q23_t226
24000,q23_t226
24000,q23_t227
24001,q23_t227
24001,q23_t228
24001,q53_t227
24001,q53_t228
24002,q23_t228
24002,q23_t229
24003,q23_t229
24003,q23_t230
24004,q23_t230
24004,q23_t231
24004,q54_t230
24004,q54_t231
24005,q23_t231
24005,q23_t232
24006,q23_t232
24006,q23_t233
24007,q23_t233
24007,q23_t234
24007,q55_t233
24007,q55_t234
24008,q23_t234
24008,q23_t235
24009,q23_t235
24009,q23_t236
24010,q23_t236
24010,q23_t237
24010,q56_t236
24010,q56_t237
24011,q23_t237
24011,q23_t238
24012,q23_t238
24012,q23_t239
24013,q23_t239
24013,q23_t240
24013,q57_t239
24013,q57_t240
24014,q23_t240
24014,q23_t241
24015,q23_t241
24015,q23_t242
24016,q23_t242
24016,q23_t243
24016,q58_t242
24016,q58_t243
24017,q23_t243
24017,q23_t244
24018,q23_t244
24018,q23_t245
24019,q23_t245
24019,q23_t246
24019,q59_t245
24019,q59_t246
24020,q23_t246
24020,q23_t247
24021,q23_t247
24021,q23_t248
24022,q23_t248
24022,q23_t249
24022,q60_t248
24022,q60_t249
24023,q23_t249
24023,q23_t250
24024,q23_t250
24024,q23_t251
24025,q23_t251
24025,q23_t252
24025,q61_t251
24025,q61_t252
24026,q23_t252
24026,q23_t253
24027,q23_t253
24027,q23_t254
24028,q23_t254
24028,q23_t255
24028,q62_t254
24028,q62_t255
24029,q23_t255
24029,q23_t256
24030,q23_t256
24030,q23_t257
24031,q23_t257
24031,q23_t258
24031,q63_t257
24031,q63_t258
24032,q23_t258
24032,q23_t259
24033,q23_t259
24033,q23_t260
24034,q23_t260
24034,q23_t261
24034,q64_t260
24034,q64_t261
24035,q23_t261
24035,q23_t262
24036,q23_t262
24036,q23_t263
24037,q23_t263
24037,q23_t264
24037,q65_t263
24037,q65_t264
24038,q23_t264
24038,q23_t265
24039,q23_t265
24039,q23_t266
24040,q23_t266
24040,q23_t267
24040,q66_t266
24040,q66_t267
24041,q23_t267
24041,q23_t268
24042,q23_t268
24042,q23_t269
24043,q23_t269
24043,q23_t270
24043,q67_t269
24043,q67_t270
24044,q23_t270
24044,q23_t271
24045,q23_t271
24045,q23_t272
24046,q23_t272
24046,q23_t273
24046,q68_t272
24046,q68_t273
24047,q23_t273
24047,q23_t274
24048,q23_t274
24048,q23_t275
24049,q23_t275
24049,q23_t276
24049,q69_t275
24049,q69_t276
24050,q23_t276
24050,q23_t277
24051,q23_t277
24051,q23_t278
24052,q23_t278
24052,q23_t279
24052,q70_t278
24052,q70_t279
24053,q23_t279
24053,q23_t280
24054,q23_t280
24054,q23_t281
24055,q23_t281
24055,q23_t282
24055,q71_t281
24055,q71_t282
24056,q23_t282
24056,q23_t283
24057,q23_t283
24057,q23_t284
24058,q23_t284
24058,q23_t285
24058,q72_t284
24058,q72_t285
24059,q23_t285
24059,q23_t286
24060,q23_t286
24060,q23_t287
24061,q23_t287
24061,q23_t288
24061,q73_t287
24061,q73_t288
24062,q23_t288
24062,q23_t289
24063,q23_t289
24063,q23_t290
24064,q23_t290
24064,q23_t291
24064,q74_t290
24064,q74_t291
24065,q23_t291
24065,q23_t292
24066,q23_t292
24066,q23_t293
24067,q23_t293
24067,q23_t294
24067,q75_t293
24067,q75_t294
24068,q23_t294
24068,q23_t295
24069,q23_t295
24069,q23_t296
24070,q23_t296
24070,q23_t297
24070,q76_t296
24070,q76_t297
24071,q23_t297
24071,q23_t298
24072,q23_t298
24072,q23_t299
24073,q23_t299
24073,q23_t300
24073,q77_t299
24073,q77_t300
24074,q23_t300
24074,q23_t301
24075,q23_t301
24075,q23_t302
24076,q23_t302
24076,q23_t303
24076,q78_t302
24076,q78_t303
24077,q23_t303
24077,q23_t304
24078,q23_t304
24078,q23_t305
24079,q23_t305
24079,q23_t306
24079,q79_t305
24079,q79_t306
24080,q23_t306
24080,q23_t307
24081,q23_t307
24081,q23_t308
24082,q23_t308
24082,q23_t309
24082,q80_t308
24082,q80_t309
24083,q23_t309
24083,q23_t310
24084,q23_t310
24084,q23_t311
24085,q23_t311
24085,q23_t312
24085,q81_t311
24085,q81_t312
24086,q23_t312
24086,q23_t313
24087,q23_t313
24087,q23_t314
24088,q23_t314
24088,q23_t315
24088,q82_t314
24088,q82_t315
24089,q23_t315
24089,q23_t316
24090,q23_t316
24090,q23_t317
24091,q23_t317
24091,q23_t318
24091,q83_t317
24091,q83_t318
24092,q23_t318
24092,q23_t319
24093,q23_t319
24093,q23_t320
24094,q23_t320
24094,q23_t321
24094,q84_t320
24094,q84_t321
24095,q23_t321
24095,q23_t322
24096,q23_t322
24096,q23_t323
24097,q23_t323
24097,q23_t324
24097,q85_t323
24097,q85_t324
24098,q23_t324
24098,q23_t325
24099,q23_t325
24099,q23_t326
24100,q23_t326
24100,q23_t327
24100,q86_t326
24100,q86_t327
24101,q23_t327
24101,q23_t328
24102,q23_t328
24102,q23_t329
24103,q23_t329
24103,q23_t330
24103,q87_t329
24103,q87_t330
24104,q23_t330
24104,q23_t331
24105,q23_t331
24105,q23_t332
24106,q23_t332
24106,q23_t333
24106,q88_t332
24106,q88_t333
24107,q23_t333
24107,q23_t334
24108,q23_t334
24108,q23_t335
24109,q23_t335
24109,q23_t336
24109,q89_t335
24109,q89_t336
24110,q23_t336
24110,q23_t337
24111,q23_t337
24111,q23_t338
24112,q23_t338
24112,q23_t339
24112,q90_t338
24112,q90_t339
24113,q23_t339
24113,q23_t340
24114,q23_t340
24114,q23_t341
24115,q23_t341
24115,q23_t342
24115,q91_t341
24115,q91_t342
24116,q23_t342
24116,q23_t343
24117,q23_t343
24117,q23_t344
24118,q23_t344
24118,q23_t345
24118,q92_t344
24118,q92_t345
24119,q23_t345
24119,q23_t346
24120,q23_t346
24120,q23_t347
24121,q23_t347
24121,q23_t348
24121,q93_t347
24121,q93_t348
24122,q23_t348
24122,q23_t349
24123,q23_t349
24123,q23_t350
24124,q23_t350
24124,q23_t351
24124,q94_t350
24124,q94_t351
24125,q23_t351
24125,q23_t352
24126,q23_t352
24126,q23_t353
24127,q23_t353
24127,q23_t354
24127,q95_t353
24127,q95_t354
24128,q23_t354
24128,q23_t355
24129,q23_t355
24129,q23_t356
24130,q23_t356
24130,q23_t357
24130,q96_t356
24130,q96_t357
24131,q23_t357
24131,q23_t358
24132,q23_t358
24132,q23_t359
24133,q23_t359
24133,q23_t360
24133,q97_t359
24133,q97_t360
24134,q23_t360
24134,q23_t361
24135,q23_t361
24135,q23_t362
24136,q23_t362
24136,q23_t363
24136,q98_t362
24136,q98_t363
24137,q23_t363
24137,q23_t364
24138,q23_t364
24138,q23_t365
24139,q23_t365
24139,q23_t366
24139,q99_t365
24139,q99_t366
24140,q23_t366
24140,q23_t367
24141,q23_t367
24141,q23_t368
24142,q23_t369
24142,q23_t370
24143,q23_t370
24143,q23_t371
24144,q23_t372
24144,q23_t373
24145,q23_t373
24145,q23_t374
24146,q23_t375
24146,q23_t376
24147,q23_t376
24147,q23_t377
24148,q23_t378
24148,q23_t379
24149,q23_t379
24149,q23_t380
24150,q23_t381
24150,q23_t382
24151,q23_t382
24151,q23_t383
24152,q23_t384
24152,q23_t385
24153,q23_t385
24153,q23_t386
24154,q23_t387
24154,q23_t388
24155,q23_t388
24155,q23_t389
24156,q23_t390
24156,q23_t391
24157,q23_t391
24157,q23_t392
24158,q23_t393
24158,q23_t394
24159,q23_t394
24159,q23_t395
24160,q23_t396
24160,q23_t397
24161,q23_t397
24161,q23_t398
24162,q23_t398
24162,q23_t399
24163,q23_t400
24163,q23_t401
24164,q23_t401
24164,q23_t402
24165,q23_t403
24165,q23_t404
24166,q23_t404
24166,q23_t405
24167,q23_t405
24167,q23_t406
24167,q2_t405
24167,q2_t406
24168,q23_t406
24168,q23_t407
24169,q23_t407
24169,q23_t408
24170,q23_t408
24170,q23_t409
24170,q3_t408
24170,q3_t409
24171,q23_t409
24171,q23_t410
24172,q23_t410
24172,q23_t411
24173,q23_t411
24173,q23_t412
24173,q4_t411
24173,q4_t412
24174,q23_t412
24174,q23_t413
24175,q23_t413
24175,q23_t414
24176,q23_t414
24176,q23_t415
24176,q5_t414
24176,q5_t415
24177,q23_t415
24177,q23_t416
24178,q23_t416
24178,q23_t417
24179,q23_t417
24179,q23_t418
24179,q6_t417
24179,q6_t418
24180,q23_t418
24180,q23_t419
24181,q23_t419
24181,q23_t420
24182,q23_t420
24182,q23_t421
24182,q7_t420
24182,q7_t421
24183,q23_t421
24183,q23_t422
24184,q23_t422
24184,q23_t423
24185,q23_t423
24185,q23_t424
24185,q8_t423
24185,q8_t424
24186,q23_t424
24186,q23_t425
24187,q23_t425
24187,q23_t426
24188,q23_t426
24188,q23_t427
24188,q9_t426
24188,q9_t427
24189,q23_t427
24189,q23_t428
24190,q23_t428
24190,q23_t429
24191,q23_t430
24191,q23_t431
24192,q23_t431
24192,q23_t432
24193,q23_t433
24193,q23_t434
24194,q23_t434
24194,q23_t435
24195,q23_t436
24195,q23_t437
24196,q23_t437
24196,q23_t438
24197,q23_t439
24197,q23_t440
24198,q23_t440
24198,q23_t441
24199,q23_t442
24199,q23_t443
24200,q23_t443
24200,q23_t444
24201,q23_t445
24201,q23_t446
24202,q23_t446
24202,q23_t447
24203,q23_t448
24203,q23_t449
24204,q23_t449
24204,q23_t450
24205,q23_t451
24205,q23_t452
24206,q23_t452
24206,q23_t453
24207,q23_t454
24207,q23_t455
24208,q23_t455
24208,q23_t456
24209,q23_t457
24209,q23_t458
24210,q23_t458
24210,q23_t459
24211,q23_t460
24211,q23_t461
24212,q23_t461
24212,q23_t462
24213,q23_t463
24213,q23_t464
24214,q23_t464
24214,q23_t465
24215,q23_t466
24215,q23_t467
24216,q23_t467
24216,q23_t471
24217,q23_t471
24217,q23_t472
24217,q24_t471
24217,q24_t472
24218,q23_t472
24218,q23_t473
24219,q23_t473
24219,q23_t474
24220,q23_t474
24220,q23_t475
24220,q25_t474
24220,q25_t475
24221,q23_t475
24221,q23_t476
24222,q23_t476
24222,q23_t477
24223,q23_t477
24223,q23_t478
24223,q26_t477
24223,q26_t478
24224,q23_t478
24224,q23_t479
24225,q23_t479
24225,q23_t480
24226,q23_t480
24226,q23_t481
24226,q27_t480
24226,q27_t481
24227,q23_t481
24227,q23_t482
24228,q23_t482
24228,q23_t483
24229,q23_t483
24229,q23_t484
24229,q28_t483
24229,q28_t484
24230,q23_t484
24230,q23_t485
24231,q23_t485
24231,q23_t486
24232,q23_t486
24232,q23_t487
24232,q29_t486
24232,q29_t487
24233,q23_t487
24233,q23_t488
24234,q23_t488
24234,q23_t489
24235,q23_t489
24235,q23_t490
24235,q30_t489
24235,q30_t490
24236,q23_t490
24236,q23_t491
24237,q23_t491
24237,q23_t492
24238,q23_t492
24238,q23_t493
24238,q31_t492
24238,q31_t493
24239,q23_t493
24239,q23_t494
24240,q23_t494
24240,q23_t495
24241,q23_t495
24241,q23_t496
24241,q32_t495
24241,q32_t496
24242,q23_t496
24242,q23_t497
24243,q23_t497
24243,q23_t498
24244,q23_t498
24244,q23_t499
24244,q33_t498
24244,q33_t499
24245,q23_t499
24245,q23_t500
24246,q23_t500
24246,q23_t501
24247,q23_t501
24247,q23_t502
24247,q34_t501
24247,q34_t502
24248,q23_t502
24248,q23_t503
24249,q23_t503
24249,q23_t504
24250,q23_t504
24250,q23_t505
24250,q35_t504
24250,q35_t505
24251,q23_t505
24251,q23_t506
24252,q23_t506
24252,q23_t507
24253,q23_t507
24253,q23_t508
24253,q36_t507
24253,q36_t508
24254,q23_t508
24254,q23_t509
24255,q23_t509
24255,q23_t510
24256,q23_t510
24256,q23_t511
24256,q37_t510
24256,q37_t511
24257,q23_t511
24257,q23_t512
24258,q23_t512
24258,q23_t513
24259,q23_t513
24259,q23_t514
24259,q38_t513
24259,q38_t514
24260,q23_t514
24260,q23_t515
24261,q23_t515
24261,q23_t516
24262,q23_t516
24262,q23_t517
24262,q39_t516
24262,q39_t517
24263,q23_t517
24263,q23_t518
24264,q23_t518
24264,q23_t519
24265,q23_t519
24265,q23_t520
24265,q40_t519
24265,q40_t520
24266,q23_t520
24266,q23_t521
24267,q23_t521
24267,q23_t522
24268,q23_t522
24268,q23_t523
24268,q41_t522
24268,q41_t523
24269,q23_t523
24269,q23_t524
24270,q23_t524
24270,q23_t525
24271,q23_t525
24271,q23_t526
24271,q42_t525
24271,q42_t526
24272,q23_t526
24272,q23_t527
24273,q23_t527
24273,q23_t528
24274,q23_t528
24274,q23_t529
24274,q43_t528
24274,q43_t529
24275,q23_t529
24275,q23_t530
24276,q23_t530
24276,q23_t531
24277,q23_t531
24277,q23_t532
24277,q44_t531
24277,q44_t532
24278,q23_t532
24278,q23_t533
24279,q23_t533
24279,q23_t534
24280,q23_t534
24280,q23_t535
24280,q45_t534
24280,q45_t535
24281,q23_t535
24281,q23_t536
24282,q23_t536
24282,q23_t537
24283,q23_t537
24283,q23_t538
24283,q46_t537
24283,q46_t538
24284,q23_t538
24284,q23_t539
24285,q23_t539
24285,q23_t540
24286,q23_t540
24286,q23_t541
24286,q47_t540
24286,q47_t541
24287,q23_t541
24287,q23_t542
24288,q23_t542
24288,q23_t543
24289,q23_t543
24289,q23_t544
24289,q48_t543
24289,q48_t544
24290,q23_t544
24290,q23_t545
24291,q23_t545
24291,q23_t546
24292,q23_t546
24292,q23_t547
24292,q49_t546
24292,q49_t547
24293,q23_t547
24293,q23_t548
24294,q23_t548
24294,q23_t549
24295,q23_t549
24295,q23_t550
24295,q50_t549
24295,q50_t550
24296,q23_t550
24296,q23_t551
24297,q23_t551
24297,q23_t552
24298,q23_t552
24298,q23_t553
24298,q51_t552
24298,q51_t553
24299,q23_t553
24299,q23_t554
24300,q23_t554
24300,q23_t555
24301,q23_t555
24301,q23_t556
24301,q52_t555
24301,q52_t556
24302,q23_t556
24302,q23_t557
24303,q23_t557
24303,q23_t558
24304,q23_t558
24304,q23_t559
24304,q53_t558
24304,q53_t559
24305,q23_t559
24305,q23_t560
24306,q23_t560
24306,q23_t561
24307,q23_t561
24307,q23_t562
24307,q54_t561
24307,q54_t562
24308,q23_t562
24308,q23_t563
24309,q23_t563
24309,q23_t564
24310,q23_t564
24310,q23_t565
24310,q55_t564
24310,q55_t565
24311,q23_t565
24311,q23_t566
24312,q23_t566
24312,q23_t567
24313,q23_t567
24313,q23_t568
24313,q56_t567
24313,q56_t568
24314,q23_t568
24314,q23_t569
24315,q23_t569
24315,q23_t570
24316,q23_t570
24316,q23_t571
24316,q57_t570
24316,q57_t571
24317,q23_t571
24317,q23_t572
24318,q23_t572
24318,q23_t573
24319,q23_t573
24319,q23_t574
24319,q58_t573
24319,q58_t574
24320,q23_t574
24320,q23_t575
24321,q23_t575
24321,q23_t576
24322,q23_t576
24322,q23_t577
24322,q59_t576
24322,q59_t577
24323,q23_t577
24323,q23_t578
24324,q23_t578
24324,q23_t579
24325,q23_t579
24325,q23_t580
24325,q60_t579
24325,q60_t580
24326,q23_t580
24326,q23_t581
24327,q23_t581
24327,q23_t582
24328,q23_t582
24328,q23_t583
24328,q61_t582
24328,q61_t583
24329,q23_t583
24329,q23_t584
24330,q23_t584
24330,q23_t585
24331,q23_t585
24331,q23_t586
24331,q62_t585
24331,q62_t586
24332,q23_t586
24332,q23_t587
24333,q23_t587
24333,q23_t588
24334,q23_t588
24334,q23_t589
24334,q63_t588
24334,q63_t589
24335,q23_t589
24335,q23_t590
24336,q23_t590
24336,q23_t591
24337,q23_t591
24337,q23_t592
24337,q64_t591
24337,q64_t592
24338,q23_t592
24338,q23_t593
24339,q23_t593
24339,q23_t594
24340,q23_t594
24340,q23_t595
24340,q65_t594
24340,q65_t595
24341,q23_t595
24341,q23_t596
24342,q23_t596
24342,q23_t597
24343,q23_t597
24343,q23_t598
24343,q66_t597
24343,q66_t598
24344,q23_t598
24344,q23_t599
24345,q23_t599
24345,q23_t600
24346,q23_t600
24346,q23_t601
24346,q67_t600
24346,q67_t601
24347,q23_t601
24347,q23_t602
24348,q23_t602
24348,q23_t603
24349,q23_t603
24349,q23_t604
24349,q68_t603
24349,q68_t604
24350,q23_t604
24350,q23_t605
24351,q23_t605
24351,q23_t606
24352,q23_t606
24352,q23_t607
24352,q69_t606
24352,q69_t607
24353,q23_t607
24353,q23_t608
24354,q23_t608
24354,q23_t609
24355,q23_t609
24355,q23_t610
24355,q70_t609
24355,q70_t610
24356,q23_t610
24356,q23_t611
24357,q23_t611
24357,q23_t612
24358,q23_t612
24358,q23_t613
24358,q71_t612
24358,q71_t613
24359,q23_t613
24359,q23_t614
24360,q23_t614
24360,q23_t615
24361,q23_t615
24361,q23_t616
24361,q72_t615
24361,q72_t616
24362,q23_t616
24362,q23_t617
24363,q23_t617
24363,q23_t618
24364,q23_t618
24364,q23_t619
24364,q73_t618
24364,q73_t619
24365,q23_t619
24365,q23_t620
24366,q23_t620
24366,q23_t621
24367,q23_t621
24367,q23_t622
24367,q74_t621
24367,q74_t622
24368,q23_t622
24368,q23_t623
24369,q23_t623
24369,q23_t624
24370,q23_t624
24370,q23_t625
24370,q75_t624
24370,q75_t625
24371,q23_t625
24371,q23_t626
24372,q23_t626
24372,q23_t627
24373,q23_t627
24373,q23_t628
24373,q76_t627
24373,q76_t628
24374,q23_t628
24374,q23_t629
24375,q23_t629
24375,q23_t630
24376,q23_t630
24376,q23_t631
24376,q77_t630
24376,q77_t631
24377,q23_t631
24377,q23_t632
24378,q23_t632
24378,q23_t633
24379,q23_t633
24379,q23_t634
24379,q78_t633
24379,q78_t634
24380,q23_t634
24380,q23_t635
24381,q23_t635
24381,q23_t636
24382,q23_t636
24382,q23_t637
24382,q79_t636
24382,q79_t637
24383,q23_t637
24383,q23_t638
24384,q23_t638
24384,q23_t639
24385,q23_t639
24385,q23_t640
24385,q80_t639
24385,q80_t640
24386,q23_t640
24386,q23_t641
24387,q23_t641
24387,q23_t642
24388,q23_t642
24388,q23_t643
24388,q81_t642
24388,q81_t643
24389,q23_t643
24389,q23_t644
24390,q23_t644
24390,q23_t645
24391,q23_t645
24391,q23_t646
24391,q82_t645
24391,q82_t646
24392,q23_t646
24392,q23_t647
24393,q23_t647
24393,q23_t648
24394,q23_t648
24394,q23_t649
24394,q83_t648
24394,q83_t649
24395,q23_t649
24395,q23_t650
24396,q23_t650
24396,q23_t651
24397,q23_t651
24397,q23_t652
24397,q84_t651
24397,q84_t652
24398,q23_t652
24398,q23_t653
24399,q23_t653
24399,q23_t654
24400,q23_t654
24400,q23_t655
24400,q85_t654
24400,q85_t655
24401,q23_t655
24401,q23_t656
24402,q23_t656
24402,q23_t657
24403,q23_t657
24403,q23_t658
24403,q86_t657
24403,q86_t658
24404,q23_t658
24404,q23_t659
24405,q23_t659
24405,q23_t660
24406,q23_t660
24406,q23_t661
24406,q87_t660
24406,q87_t661
24407,q23_t661
24407,q23_t662
24408,q23_t662
24408,q23_t663
24409,q23_t663
24409,q23_t664
24409,q88_t663
24409,q88_t664
24410,q23_t664
24410,q23_t665
24411,q23_t665
24411,q23_t666
24412,q23_t666
24412,q23_t667
24412,q89_t666
24412,q89_t667
24413,q23_t667
24413,q23_t668
24414,q23_t668
24414,q23_t669
24415,q23_t669
24415,q23_t670
24415,q90_t669
24415,q90_t670
24416,q23_t670
24416,q23_t671
24417,q23_t671
24417,q23_t672
24418,q23_t672
24418,q23_t673
24418,q91_t672
24418,q91_t673
24419,q23_t673
24419,q23_t674
24420,q23_t674
24420,q23_t675
24421,q23_t675
24421,q23_t676
24421,q92_t675
24421,q92_t676
24422,q23_t676
24422,q23_t677
24423,q23_t677
24423,q23_t678
24424,q23_t678
24424,q23_t679
24424,q93_t678
24424,q93_t679
24425,q23_t679
24425,q23_t680
24426,q23_t680
24426,q23_t681
24427,q23_t681
24427,q23_t682
24427,q94_t681
24427,q94_t682
24428,q23_t682
24428,q23_t683
24429,q23_t683
24429,q23_t684
24430,q23_t684
24430,q23_t685
24430,q95_t684
24430,q95_t685
24431,q23_t685
24431,q23_t686
24432,q23_t686
24432,q23_t687
24433,q23_t687
24433,q23_t688
24433,q96_t687
24433,q96_t688
24434,q23_t688
24434,q23_t689
24435,q23_t689
24435,q23_t690
24436,q23_t69
24436,q23_t70
24437,q23_t690
24437,q23_t691
24437,q97_t690
24437,q97_t691
24438,q23_t691
24438,q23_t692
24439,q23_t692
24439,q23_t693
24440,q23_t693
24440,q23_t694
24440,q98_t693
24440,q98_t694
24441,q23_t694
24441,q23_t695
24442,q23_t695
24442,q23_t696
24443,q23_t696
24443,q23_t697
24443,q99_t696
24443,q99_t697
24444,q23_t697
24444,q23_t698
24445,q23_t698
24445,q23_t699
24446,q23_t70
24446,q23_t71
24447,q23_t700
24447,q23_t701
24448,q23_t701
24448,q23_t702
24449,q23_t703
24449,q23_t704
24450,q23_t704
24450,q23_t705
24451,q23_t706
24451,q23_t707
24452,q23_t707
24452,q23_t708
24453,q23_t709
24453,q23_t710
24454,q23_t710
24454,q23_t711
24455,q23_t712
24455,q23_t713
24456,q23_t713
24456,q23_t714
24457,q23_t715
24457,q23_t716
24458,q23_t716
24458,q23_t717
24459,q23_t718
24459,q23_t719
24460,q23_t719
24460,q23_t720
24461,q23_t72
24461,q23_t73
24462,q23_t721
24462,q23_t722
24463,q23_t722
24463,q23_t723
24464,q23_t724
24464,q23_t725
24465,q23_t725
24465,q23_t726
24466,q23_t727
24466,q23_t728
24467,q23_t728
24467,q23_t729
24468,q23_t729
24468,q23_t730
24469,q23_t73
24469,q23_t74
24470,q23_t731
24470,q23_t732
24471,q23_t732
24471,q23_t733
24472,q23_t734
24472,q23_t735
24473,q23_t735
24473,q23_t736
24474,q23_t736
24474,q23_t737
24474,q2_t736
24474,q2_t737
24475,q23_t737
24475,q23_t738
24476,q23_t738
24476,q23_t739
24477,q23_t739
24477,q23_t740
24477,q3_t739
24477,q3_t740
24478,q23_t74
24478,q23_t75
24478,q2_t74
24478,q2_t75
24479,q23_t740
24479,q23_t741
24480,q23_t741
24480,q23_t742
24481,q23_t742
24481,q23_t743
24481,q4_t742
24481,q4_t743
24482,q23_t743
24482,q23_t744
24483,q23_t744
24483,q23_t745
24484,q23_t745
24484,q23_t746
24484,q5_t745
24484,q5_t746
24485,q23_t746
24485,q23_t747
24486,q23_t747
24486,q23_t748
24487,q23_t748
24487,q23_t749
24487,q6_t748
24487,q6_t749
24488,q23_t749
24488,q23_t750
24489,q23_t75
24489,q23_t76
24490,q23_t750
24490,q23_t751
24491,q23_t751
24491,q23_t752
24491,q7_t751
24491,q7_t752
24492,q23_t752
24492,q23_t753
24493,q23_t753
24493,q23_t754
24494,q23_t754
24494,q23_t755
24494,q8_t754
24494,q8_t755
24495,q23_t755
24495,q23_t756
24496,q23_t756
24496,q23_t757
24497,q23_t757
24497,q23_t758
24497,q9_t757
24497,q9_t758
24498,q23_t758
24498,q23_t759
24499,q23_t759
24499,q23_t760
24500,q23_t76
24500,q23_t77
24501,q23_t761
24501,q23_t762
24502,q23_t762
24502,q23_t763
24503,q23_t764
24503,q23_t765
24504,q23_t765
24504,q23_t766
24505,q23_t767
24505,q23_t768
24506,q23_t768
24506,q23_t769
24507,q23_t77
24507,q23_t78
24507,q3_t77
24507,q3_t78
24508,q23_t770
24508,q23_t771
24509,q23_t771
24509,q23_t772
24510,q23_t773
24510,q23_t774
24511,q23_t774
24511,q23_t775
24512,q23_t776
24512,q23_t777
24513,q23_t777
24513,q23_t778
24514,q23_t779
24514,q23_t780
24515,q23_t78
24515,q23_t79
24516,q23_t780
24516,q23_t781
24517,q23_t782
24517,q23_t783
24518,q23_t783
24518,q23_t784
24519,q23_t785
24519,q23_t786
24520,q23_t786
24520,q23_t787
24521,q23_t788
24521,q23_t789
24522,q23_t789
24522,q23_t790
24523,q23_t79
24523,q23_t80
24524,q23_t791
24524,q23_t792
24525,q23_t792
24525,q23_t793
24526,q23_t794
24526,q23_t795
24527,q23_t795
24527,q23_t796
24528,q23_t797
24528,q23_t798
24529,q23_t798
24529,q23_t802
24530,q23_t80
24530,q23_t81
24530,q4_t80
24530,q4_t81
24531,q23_t802
24531,q23_t803
24531,q24_t802
24531,q24_t803
24532,q23_t803
24532,q23_t804
24533,q23_t804
24533,q23_t805
24534,q23_t805
24534,q23_t806
24534,q25_t805
24534,q25_t806
24535,q23_t806
24535,q23_t807
24536,q23_t807
24536,q23_t808
24537,q23_t808
24537,q23_t809
24537,q26_t808
24537,q26_t809
24538,q23_t809
24538,q23_t810
24539,q23_t81
24539,q23_t82
24540,q23_t810
24540,q23_t811
24541,q23_t811
24541,q23_t812
24541,q27_t811
24541,q27_t812
24542,q23_t812
24542,q23_t813
24543,q23_t813
24543,q23_t814
24544,q23_t814
24544,q23_t815
24544,q28_t814
24544,q28_t815
24545,q23_t815
24545,q23_t816
24546,q23_t816
24546,q23_t817
24547,q23_t817
24547,q23_t818
24547,q29_t817
24547,q29_t818
24548,q23_t818
24548,q23_t819
24549,q23_t819
24549,q23_t820
24550,q23_t82
24550,q23_t83
24551,q23_t820
24551,q23_t821
24551,q30_t820
24551,q30_t821
24552,q23_t821
24552,q23_t822
24553,q23_t822
24553,q23_t823
24554,q23_t823
24554,q23_t824
24554,q31_t823
24554,q31_t824
24555,q23_t824
24555,q23_t825
24556,q23_t825
24556,q23_t826
24557,q23_t826
24557,q23_t827
24557,q32_t826
24557,q32_t827
24558,q23_t827
24558,q23_t828
24559,q23_t828
24559,q23_t829
24560,q23_t829
24560,q23_t830
24560,q33_t829
24560,q33_t830
24561,q23_t83
24561,q23_t84
24561,q5_t83
24561,q5_t84
24562,q23_t830
24562,q23_t831
24563,q23_t831
24563,q23_t832
24564,q23_t832
24564,q23_t833
24564,q34_t832
24564,q34_t833
24565,q23_t833
24565,q23_t834
24566,q23_t834
24566,q23_t835
24567,q23_t835
24567,q23_t836
24567,q35_t835
24567,q35_t836
24568,q23_t836
24568,q23_t837
24569,q23_t837
24569,q23_t838
24570,q23_t838
24570,q23_t839
24570,q36_t838
24570,q36_t839
24571,q23_t839
24571,q23_t840
24572,q23_t84
24572,q23_t85
24573,q23_t840
24573,q23_t841
24574,q23_t841
24574,q23_t842
24574,q37_t841
24574,q37_t842
24575,q23_t842
24575,q23_t843
24576,q23_t843
24576,q23_t844
24577,q23_t844
24577,q23_t845
24577,q38_t844
24577,q38_t845
24578,q23_t845
24578,q23_t846
24579,q23_t846
24579,q23_t847
24580,q23_t847
24580,q23_t848
24580,q39_t847
24580,q39_t848
24581,q23_t848
24581,q23_t849
24582,q23_t849
24582,q23_t850
24583,q23_t85
24583,q23_t86
24584,q23_t850
24584,q23_t851
24584,q40_t850
24584,q40_t851
24585,q23_t851
24585,q23_t852
24586,q23_t852
24586,q23_t853
24587,q23_t853
24587,q23_t854
24587,q41_t853
24587,q41_t854
24588,q23_t854
24588,q23_t855
24589,q23_t855
24589,q23_t856
24590,q23_t856
24590,q23_t857
24590,q42_t856
24590,q42_t857
24591,q23_t857
24591,q23_t858
24592,q23_t858
24592,q23_t859
24593,q23_t859
24593,q23_t860
24593,q43_t859
24593,q43_t860
24594,q23_t86
24594,q23_t87
24594,q6_t86
24594,q6_t87
24595,q23_t860
24595,q23_t861
24596,q23_t861
24596,q23_t862
24597,q23_t862
24597,q23_t863
24597,q44_t862
24597,q44_t863
24598,q23_t863
24598,q23_t864
24599,q23_t864
24599,q23_t865
24600,q23_t865
24600,q23_t866
24600,q45_t865
24600,q45_t866
24601,q23_t866
24601,q23_t867
24602,q23_t867
24602,q23_t868
24603,q23_t868
24603,q23_t869
24603,q46_t868
24603,q46_t869
24604,q23_t869
24604,q23_t870
24605,q23_t87
24605,q23_t88
24606,q23_t870
24606,q23_t871
24607,q23_t871
24607,q23_t872
24607,q47_t871
24607,q47_t872
24608,q23_t872
24608,q23_t873
24609,q23_t873
24609,q23_t874
24610,q23_t874
24610,q23_t875
24610,q48_t874
24610,q48_t875
24611,q23_t875
24611,q23_t876
24612,q23_t876
24612,q23_t877
24613,q23_t877
24613,q23_t878
24613,q49_t877
24613,q49_t878
24614,q23_t878
24614,q23_t879
24615,q23_t879
24615,q23_t880
24616,q23_t88
24616,q23_t89
24617,q23_t880
24617,q23_t881
24617,q50_t880
24617,q50_t881
24618,q23_t881
24618,q23_t882
24619,q23_t882
24619,q23_t883
24620,q23_t883
24620,q23_t884
24620,q51_t883
24620,q51_t884
24621,q23_t884
24621,q23_t885
24622,q23_t885
24622,q23_t886
24623,q23_t886
24623,q23_t887
24623,q52_t886
24623,q52_t887
24624,q23_t887
24624,q23_t888
24625,q23_t888
24625,q23_t889
24626,q23_t889
24626,q23_t890
24626,q53_t889
24626,q53_t890
24627,q23_t89
24627,q23_t90
24627,q7_t89
24627,q7_t90
24628,q23_t890
24628,q23_t891
24629,q23_t891
24629,q23_t892
24630,q23_t892
24630,q23_t893
24630,q54_t892
24630,q54_t893
24631,q23_t893
24631,q23_t894
24632,q23_t894
24632,q23_t895
24633,q23_t895
24633,q23_t896
24633,q55_t895
24633,q55_t896
24634,q23_t896
24634,q23_t897
24635,q23_t897
24635,q23_t898
24636,q23_t898
24636,q23_t899
24636,q56_t898
24636,q56_t899
24637,q23_t899
24637,q23_t900
24638,q23_t90
24638,q23_t91
24639,q23_t900
24639,q23_t901
24640,q23_t901
24640,q23_t902
24640,q57_t901
24640,q57_t902
24641,q23_t902
24641,q23_t903
24642,q23_t903
24642,q23_t904
24643,q23_t904
24643,q23_t905
24643,q58_t904
24643,q58_t905
24644,q23_t905
24644,q23_t906
24645,q23_t906
24645,q23_t907
24646,q23_t907
24646,q23_t908
24646,q59_t907
24646,q59_t908
24647,q23_t908
24647,q23_t909
24648,q23_t909
24648,q23_t910
24649,q23_t91
24649,q23_t92
24650,q23_t910
24650,q23_t911
24650,q60_t910
24650,q60_t911
24651,q23_t911
24651,q23_t912
24652,q23_t912
24652,q23_t913
24653,q23_t913
24653,q23_t914
24653,q61_t913
24653,q61_t914
24654,q23_t914
24654,q23_t915
24655,q23_t915
24655,q23_t916
24656,q23_t916
24656,q23_t917
24656,q62_t916
24656,q62_t917
24657,q23_t917
24657,q23_t918
24658,q23_t918
24658,q23_t919
24659,q23_t919
24659,q23_t920
24659,q63_t919
24659,q63_t920
24660,q23_t92
24660,q23_t93
24660,q8_t92
24660,q8_t93
24661,q23_t920
24661,q23_t921
24662,q23_t921
24662,q23_t922
24663,q23_t922
24663,q23_t923
24663,q64_t922
24663,q64_t923
24664,q23_t923
24664,q23_t924
24665,q23_t924
24665,q23_t925
24666,q23_t925
24666,q23_t926
24666,q65_t925
24666,q65_t926
24667,q23_t926
24667,q23_t927
24668,q23_t927
24668,q23_t928
24669,q23_t928
24669,q23_t929
24669,q66_t928
24669,q66_t929
24670,q23_t929
24670,q23_t930
24671,q23_t93
24671,q23_t94
24672,q23_t930
24672,q23_t931
24673,q23_t931
24673,q23_t932
24673,q67_t931
24673,q67_t932
24674,q23_t932
24674,q23_t933
24675,q23_t933
24675,q23_t934
24676,q23_t934
24676,q23_t935
24676,q68_t934
24676,q68_t935
24677,q23_t935
24677,q23_t936
24678,q23_t936
24678,q23_t937
24679,q23_t937
24679,q23_t938
24679,q69_t937
24679,q69_t938
24680,q23_t938
24680,q23_t939
24681,q23_t939
24681,q23_t940
24682,q23_t94
24682,q23_t95
24683,q23_t940
24683,q23_t941
24683,q70_t940
24683,q70_t941
24684,q23_t941
24684,q23_t942
24685,q23_t942
24685,q23_t943
24686,q23_t943
24686,q23_t944
24686,q71_t943
24686,q71_t944
24687,q23_t944
24687,q23_t945
24688,q23_t945
24688,q23_t946
24689,q23_t946
24689,q23_t947
24689,q72_t946
24689,q72_t947
24690,q23_t947
24690,q23_t948
24691,q23_t948
24691,q23_t949
24692,q23_t949
24692,q23_t950
24692,q73_t949
24692,q73_t950
24693,q23_t95
24693,q23_t96
24693,q9_t95
24693,q9_t96
24694,q23_t950
24694,q23_t951
24695,q23_t951
24695,q23_t952
24696,q23_t952
24696,q23_t953
24696,q74_t952
24696,q74_t953
24697,q23_t953
24697,q23_t954
24698,q23_t954
24698,q23_t955
24699,q23_t955
24699,q23_t956
24699,q75_t955
24699,q75_t956
24700,q23_t956
24700,q23_t957
24701,q23_t957
24701,q23_t958
24702,q23_t958
24702,q23_t959
24702,q76_t958
24702,q76_t959
24703,q23_t959
24703,q23_t960
24704,q23_t96
24704,q23_t97
24705,q23_t960
24705,q23_t961
24706,q23_t961
24706,q23_t962
24706,q77_t961
24706,q77_t962
24707,q23_t962
24707,q23_t963
24708,q23_t963
24708,q23_t964
24709,q23_t964
24709,q23_t965
24709,q78_t964
24709,q78_t965
24710,q23_t965
24710,q23_t966
24711,q23_t966
24711,q23_t967
24712,q23_t967
24712,q23_t968
24712,q79_t967
24712,q79_t968
24713,q23_t968
24713,q23_t969
24714,q23_t969
24714,q23_t970
24715,q23_t97
24715,q23_t98
24716,q23_t970
24716,q23_t971
24716,q80_t970
24716,q80_t971
24717,q23_t971
24717,q23_t972
24718,q23_t972
24718,q23_t973
24719,q23_t973
24719,q23_t974
24719,q81_t973
24719,q81_t974
24720,q23_t974
24720,q23_t975
24721,q23_t975
24721,q23_t976
24722,q23_t976
24722,q23_t977
24722,q82_t976
24722,q82_t977
24723,q23_t977
24723,q23_t978
24724,q23_t978
24724,q23_t979
24725,q23_t979
24725,q23_t980
24725,q83_t979
24725,q83_t980
24726,q23_t980
24726,q23_t981
24727,q23_t981
24727,q23_t982
24728,q23_t982
24728,q23_t983
24728,q84_t982
24728,q84_t983
24729,q23_t983
24729,q23_t984
24730,q23_t984
24730,q23_t985
24731,q23_t985
24731,q23_t986
24731,q85_t985
24731,q85_t986
24732,q23_t986
24732,q23_t987
24733,q23_t987
24733,q23_t988
24734,q23_t988
24734,q23_t989
24734,q86_t988
24734,q86_t989
24735,q23_t989
24735,q23_t990
24736,q23_t990
24736,q23_t991
24737,q23_t991
24737,q23_t992
24737,q87_t991
24737,q87_t992
24738,q23_t992
24738,q23_t993
24739,q23_t993
24739,q23_t994
24740,q23_t994
24740,q23_t995
24740,q88_t994
24740,q88_t995
24741,q23_t995
24741,q23_t996
24742,q23_t996
24742,q23_t997
24743,q23_t997
24743,q23_t998
24743,q89_t997
24743,q89_t998
24744,q23_t998
24744,q23_t999
24745,q24_t0
24745,q24_t1
24746,q24_t1
24746,q24_t71
24747,q24_t100
24747,q24_t101
24748,q24_t100
24748,q24_t99
24749,q24_t1000
24749,q24_t1001
24749,q89_t1000
24749,q89_t1001
24750,q24_t1000
24750,q24_t999
24751,q24_t1001
24751,q24_t1002
24752,q24_t1002
24752,q24_t1003
24753,q24_t1003
24753,q24_t1004
24753,q90_t1003
24753,q90_t1004
24754,q24_t1004
24754,q24_t1005
24755,q24_t1005
24755,q24_t1006
24756,q24_t1006
24756,q24_t1007
24756,q91_t1006
24756,q91_t1007
24757,q24_t1007
24757,q24_t1008
24758,q24_t1008
24758,q24_t1009
24759,q24_t1009
24759,q24_t1010
24759,q92_t1009
24759,q92_t1010
24760,q24_t1010
24760,q24_t1011
24761,q24_t1011
24761,q24_t1012
24762,q24_t1012
24762,q24_t1013
24762,q93_t1012
24762,q93_t1013
24763,q24_t1013
24763,q24_t1014
24764,q24_t1014
24764,q24_t1015
24765,q24_t1015
24765,q24_t1016
24765,q94_t1015
24765,q94_t1016
24766,q24_t1016
24766,q24_t1017
24767,q24_t1017
24767,q24_t1018
24768,q24_t1018
24768,q24_t1019
24768,q95_t1018
24768,q95_t1019
24769,q24_t1019
24769,q24_t1020
24770,q24_t102
24770,q24_t103
24771,q24_t1020
24771,q24_t1021
24772,q24_t1021
24772,q24_t1022
24772,q96_t1021
24772,q96_t1022
24773,q24_t1022
24773,q24_t1023
24774,q24_t1023
24774,q24_t1024
24775,q24_t1024
24775,q24_t1025
24775,q97_t1024
24775,q97_t1025
24776,q24_t1025
24776,q24_t1026
24777,q24_t1026
24777,q24_t1027
24778,q24_t1027
24778,q24_t1028
24778,q98_t1027
24778,q98_t1028
24779,q24_t1028
24779,q24_t1029
24780,q24_t1029
24780,q24_t1030
24781,q24_t103
24781,q24_t104
24782,q24_t1030
24782,q24_t1031
24782,q99_t1030
24782,q99_t1031
24783,q24_t1031
24783,q24_t1032
24784,q24_t1032
24784,q24_t1033
24785,q24_t1034
24785,q24_t1035
24786,q24_t1035
24786,q24_t1036
24787,q24_t1037
24787,q24_t1038
24788,q24_t1038
24788,q24_t1039
24789,q24_t1040
24789,q24_t1041
24790,q24_t1041
24790,q24_t1042
24791,q24_t1043
24791,q24_t1044
24792,q24_t1044
24792,q24_t1045
24793,q24_t1046
24793,q24_t1047
24794,q24_t1047
24794,q24_t1048
24795,q24_t1049
24795,q24_t1050
24796,q24_t105
24796,q24_t106
24797,q24_t1050
24797,q24_t1051
24798,q24_t1052
24798,q24_t1053
24799,q24_t1053
24799,q24_t1054
24800,q24_t1055
24800,q24_t1056
24801,q24_t1056
24801,q24_t1057
24802,q24_t1058
24802,q24_t1059
24803,q24_t1059
24803,q24_t1060
24804,q24_t106
24804,q24_t107
24805,q24_t1061
24805,q24_t1062
24806,q24_t1062
24806,q24_t1063
24807,q24_t108
24807,q24_t109
24808,q24_t109
24808,q24_t110
24809,q24_t111
24809,q24_t112
24810,q24_t112
24810,q24_t113
24811,q24_t114
24811,q24_t115
24812,q24_t115
24812,q24_t116
24813,q24_t117
24813,q24_t118
24814,q24_t118
24814,q24_t119
24815,q24_t120
24815,q24_t121
24816,q24_t121
24816,q24_t122
24817,q24_t123
24817,q24_t124
24818,q24_t124
24818,q24_t125
24819,q24_t126
24819,q24_t127
24820,q24_t127
24820,q24_t128
24821,q24_t129
24821,q24_t130
24822,q24_t130
24822,q24_t131
24823,q24_t132
24823,q24_t133
24824,q24_t133
24824,q24_t134
24825,q24_t135
24825,q24_t136
24826,q24_t136
24826,q24_t137
24827,q24_t138
24827,q24_t139
24828,q24_t139
24828,q24_t140
24829,q24_t141
24829,q24_t142
24830,q24_t142
24830,q24_t146
24831,q24_t146
24831,q24_t147
24831,q25_t146
24831,q25_t147
24832,q24_t147
24832,q24_t148
24833,q24_t148
24833,q24_t149
24834,q24_t149
24834,q24_t150
24834,q26_t149
24834,q26_t150
24835,q24_t150
24835,q24_t151
24836,q24_t151
24836,q24_t152
24837,q24_t152
24837,q24_t153
24837,q27_t152
24837,q27_t153
24838,q24_t153
24838,q24_t154
24839,q24_t154
24839,q24_t155
24840,q24_t155
24840,q24_t156
24840,q28_t155
24840,q28_t156
24841,q24_t156
24841,q24_t157
24842,q24_t157
24842,q24_t158
24843,q24_t158
24843,q24_t159
24843,q29_t158
24843,q29_t159
24844,q24_t159
24844,q24_t160
24845,q24_t160
24845,q24_t161
24846,q24_t161
24846,q24_t162
24846,q30_t161
24846,q30_t162
24847,q24_t162
24847,q24_t163
24848,q24_t163
24848,q24_t164
24849,q24_t164
24849,q24_t165
24849,q31_t164
24849,q31_t165
24850,q24_t165
24850,q24_t166
24851,q24_t166
24851,q24_t167
24852,q24_t167
24852,q24_t168
24852,q32_t167
24852,q32_t168
24853,q24_t168
24853,q24_t169
24854,q24_t169
24854,q24_t170
24855,q24_t170
24855,q24_t171
24855,q33_t170
24855,q33_t171
24856,q24_t171
24856,q24_t172
24857,q24_t172
24857,q24_t173
24858,q24_t173
24858,q24_t174
24858,q34_t173
24858,q34_t174
24859,q24_t174
24859,q24_t175
24860,q24_t175
24860,q24_t176
24861,q24_t176
24861,q24_t177
24861,q35_t176
24861,q35_t177
24862,q24_t177
24862,q24_t178
24863,q24_t178
24863,q24_t179
24864,q24_t179
24864,q24_t180
24864,q36_t179
24864,q36_t180
24865,q24_t180
24865,q24_t181
24866,q24_t181
24866,q24_t182
24867,q24_t182
24867,q24_t183
24867,q37_t182
24867,q37_t183
24868,q24_t183
24868,q24_t184
24869,q24_t184
24869,q24_t185
24870,q24_t185
24870,q24_t186
24870,q38_t185
24870,q38_t186
24871,q24_t186
24871,q24_t187
24872,q24_t187
24872,q24_t188
24873,q24_t188
24873,q24_t189
24873,q39_t188
24873,q39_t189
24874,q24_t189
24874,q24_t190
24875,q24_t190
24875,q24_t191
24876,q24_t191
24876,q24_t192
24876,q40_t191
24876,q40_t192
24877,q24_t192
24877,q24_t193
24878,q24_t193
24878,q24_t194
24879,q24_t194
24879,q24_t195
24879,q41_t194
24879,q41_t195
24880,q24_t195
24880,q24_t196
24881,q24_t196
24881,q24_t197
24882,q24_t197
24882,q24_t198
24882,q42_t197
24882,q42_t198
24883,q24_t198
24883,q24_t199
24884,q24_t199
24884,q24_t200
24885,q24_t200
24885,q24_t201
24885,q43_t200
24885,q43_t201
24886,q24_t201
24886,q24_t202
24887,q24_t202
24887,q24_t203
24888,q24_t203
24888,q24_t204
24888,q44_t203
24888,q44_t204
24889,q24_t204
24889,q24_t205
24890,q24_t205
24890,q24_t206
24891,q24_t206
24891,q24_t207
24891,q45_t206
24891,q45_t207
24892,q24_t207
24892,q24_t208
24893,q24_t208
24893,q24_t209
24894,q24_t209
24894,q24_t210
24894,q46_t209
24894,q46_t210
24895,q24_t210
24895,q24_t211
24896,q24_t211
24896,q24_t212
24897,q24_t212
24897,q24_t213
24897,q47_t212
24897,q47_t213
24898,q24_t213
24898,q24_t214
24899,q24_t214
24899,q24_t215
24900,q24_t215
24900,q24_t216
24900,q48_t215
24900,q48_t216
24901,q24_t216
24901,q24_t217
24902,q24_t217
24902,q24_t218
24903,q24_t218
24903,q24_t219
24903,q49_t218
24903,q49_t219
24904,q24_t219
24904,q24_t220
24905,q24_t220
24905,q24_t221
24906,q24_t221
24906,q24_t222
24906,q50_t221
24906,q50_t222
24907,q24_t222
24907,q24_t223
24908,q24_t223
24908,q24_t224
24909,q24_t224
24909,q24_t225
24909,q51_t224
24909,q51_t225
24910,q24_t225
24910,q24_t226
24911,q24_t226
24911,q24_t227
24912,q24_t227
24912,q24_t228
24912,q52_t227
24912,q52_t228
24913,q24_t228
24913,q24_t229
24914,q24_t229
24914,q24_t230
24915,q24_t230
24915,q24_t231
24915,q53_t230
24915,q53_t231
24916,q24_t231
24916,q24_t232
24917,q24_t232
24917,q24_t233
24918,q24_t233
24918,q24_t234
24918,q54_t233
24918,q54_t234
24919,q24_t234
24919,q24_t235
24920,q24_t235
24920,q24_t236
24921,q24_t236
24921,q24_t237
24921,q55_t236
24921,q55_t237
24922,q24_t237
24922,q24_t238
24923,q24_t238
24923,q24_t239
24924,q24_t239
24924,q24_t240
24924,q56_t239
24924,q56_t240
24925,q24_t240
24925,q24_t241
24926,q24_t241
24926,q24_t242
24927,q24_t242
24927,q24_t243
24927,q57_t242
24927,q57_t243
24928,q24_t243
24928,q24_t244
24929,q24_t244
24929,q24_t245
24930,q24_t245
24930,q24_t246
24930,q58_t245
24930,q58_t246
24931,q24_t246
24931,q24_t247
24932,q24_t247
24932,q24_t248
24933,q24_t248
24933,q24_t249
24933,q59_t248
24933,q59_t249
24934,q24_t249
24934,q24_t250
24935,q24_t250
24935,q24_t251
24936,q24_t251
24936,q24_t252
24936,q60_t251
24936,q60_t252
24937,q24_t252
24937,q24_t253
24938,q24_t253
24938,q24_t254
24939,q24_t254
24939,q24_t255
24939,q61_t254
24939,q61_t255
24940,q24_t255
24940,q24_t256
24941,q24_t256
24941,q24_t257
24942,q24_t257
24942,q24_t258
24942,q62_t257
24942,q62_t258
24943,q24_t258
24943,q24_t259
24944,q24_t259
24944,q24_t260
24945,q24_t260
24945,q24_t261
24945,q63_t260
24945,q63_t261
24946,q24_t261
24946,q24_t262
24947,q24_t262
24947,q24_t263
24948,q24_t263
24948,q24_t264
24948,q64_t263
24948,q64_t264
24949,q24_t264
24949,q24_t265
24950,q24_t265
24950,q24_t266
24951,q24_t266
24951,q24_t267
24951,q65_t266
24951,q65_t267
24952,q24_t267
24952,q24_t268
24953,q24_t268
24953,q24_t269
24954,q24_t269
24954,q24_t270
24954,q66_t269
24954,q66_t270
24955,q24_t270
24955,q24_t271
24956,q24_t271
24956,q24_t272
24957,q24_t272
24957,q24_t273
24957,q67_t272
24957,q67_t273
24958,q24_t273
24958,q24_t274
24959,q24_t274
24959,q24_t275
24960,q24_t275
24960,q24_t276
24960,q68_t275
24960,q68_t276
24961,q24_t276
24961,q24_t277
24962,q24_t277
24962,q24_t278
24963,q24_t278
24963,q24_t279
24963,q69_t278
24963,q69_t279
24964,q24_t279
24964,q24_t280
24965,q24_t280
24965,q24_t281
24966,q24_t281
24966,q24_t282
24966,q70_t281
24966,q70_t282
24967,q24_t282
24967,q24_t283
24968,q24_t283
24968,q24_t284
24969,q24_t284
24969,q24_t285
24969,q71_t284
24969,q71_t285
24970,q24_t285
24970,q24_t286
24971,q24_t286
24971,q24_t287
24972,q24_t287
24972,q24_t288
24972,q72_t287
24972,q72_t288
24973,q24_t288
24973,q24_t289
24974,q24_t289
24974,q24_t290
24975,q24_t290
24975,q24_t291
24975,q73_t290
24975,q73_t291
24976,q24_t291
24976,q24_t292
24977,q24_t292
24977,q24_t293
24978,q24_t293
24978,q24_t294
24978,q74_t293
24978,q74_t294
24979,q24_t294
24979,q24_t295
24980,q24_t295
24980,q24_t296
24981,q24_t296
24981,q24_t297
24981,q75_t296
24981,q75_t297
24982,q24_t297
24982,q24_t298
24983,q24_t298
24983,q24_t299
24984,q24_t299
24984,q24_t300
24984,q76_t299
24984,q76_t300
24985,q24_t300
24985,q24_t301
24986,q24_t301
24986,q24_t302
24987,q24_t302
24987,q24_t303
24987,q77_t302
24987,q77_t303
24988,q24_t303
24988,q24_t304
24989,q24_t304
24989,q24_t305
24990,q24_t305
24990,q24_t306
24990,q78_t305
24990,q78_t306
24991,q24_t306
24991,q24_t307
24992,q24_t307
24992,q24_t308
24993,q24_t308
24993,q24_t309
24993,q79_t308
24993,q79_t309
24994,q24_t309
24994,q24_t310
24995,q24_t310
24995,q24_t311
24996,q24_t311
24996,q24_t312
24996,q80_t311
24996,q80_t312
24997,q24_t312
24997,q24_t313
24998,q24_t313
24998,q24_t314
24999,q24_t314
24999,q24_t315
24999,q81_t314
24999,q81_t315
25000,q24_t315
25000,q24_t316
25001,q24_t316
25001,q24_t317
25002,q24_t317
25002,q24_t318
25002,q82_t317
25002,q82_t318
25003,q24_t318
25003,q24_t319
25004,q24_t319
25004,q24_t320
25005,q24_t320
25005,q24_t321
25005,q83_t320
25005,q83_t321
25006,q24_t321
25006,q24_t322
25007,q24_t322
25007,q24_t323
25008,q24_t323
25008,q24_t324
25008,q84_t323
25008,q84_t324
25009,q24_t324
25009,q24_t325
25010,q24_t325
25010,q24_t326
25011,q24_t326
25011,q24_t327
25011,q85_t326
25011,q85_t327
25012,q24_t327
25012,q24_t328
25013,q24_t328
25013,q24_t329
25014,q24_t329
25014,q24_t330
25014,q86_t329
25014,q86_t330
25015,q24_t330
25015,q24_t331
25016,q24_t331
25016,q24_t332
25017,q24_t332
25017,q24_t333
25017,q87_t332
25017,q87_t333
25018,q24_t333
25018,q24_t334
25019,q24_t334
25019,q24_t335
25020,q24_t335
25020,q24_t336
25020,q88_t335
25020,q88_t336
25021,q24_t336
25021,q24_t337
25022,q24_t337
25022,q24_t338
25023,q24_t338
25023,q24_t339
25023,q89_t338
25023,q89_t339
25024,q24_t339
25024,q24_t340
25025,q24_t340
25025,q24_t341
25026,q24_t341
25026,q24_t342
25026,q90_t341
25026,q90_t342
25027,q24_t342
25027,q24_t343
25028,q24_t343
25028,q24_t344
25029,q24_t344
25029,q24_t345
25029,q91_t344
25029,q91_t345
25030,q24_t345
25030,q24_t346
25031,q24_t346
25031,q24_t347
25032,q24_t347
25032,q24_t348
25032,q92_t347
25032,q92_t348
25033,q24_t348
25033,q24_t349
25034,q24_t349
25034,q24_t350
25035,q24_t350
25035,q24_t351
25035,q93_t350
25035,q93_t351
25036,q24_t351
25036,q24_t352
25037,q24_t352
25037,q24_t353
25038,q24_t353
25038,q24_t354
25038,q94_t353
25038,q94_t354
25039,q24_t354
25039,q24_t355
25040,q24_t355
25040,q24_t356
25041,q24_t356
25041,q24_t357
25041,q95_t356
25041,q95_t357
25042,q24_t357
25042,q24_t358
25043,q24_t358
25043,q24_t359
25044,q24_t359
25044,q24_t360
25044,q96_t359
25044,q96_t360
25045,q24_t360
25045,q24_t361
25046,q24_t361
25046,q24_t362
25047,q24_t362
25047,q24_t363
25047,q97_t362
25047,q97_t363
25048,q24_t363
25048,q24_t364
25049,q24_t364
25049,q24_t365
25050,q24_t365
25050,q24_t366
25050,q98_t365
25050,q98_t366
25051,q24_t366
25051,q24_t367
25052,q24_t367
25052,q24_t368
25053,q24_t368
25053,q24_t369
25053,q99_t368
25053,q99_t369
25054,q24_t369
25054,q24_t370
25055,q24_t370
25055,q24_t371
25056,q24_t372
25056,q24_t373
25057,q24_t373
25057,q24_t374
25058,q24_t375
25058,q24_t376
25059,q24_t376
25059,q24_t377
25060,q24_t378
25060,q24_t379
25061,q24_t379
25061,q24_t380
25062,q24_t381
25062,q24_t382
25063,q24_t382
25063,q24_t383
25064,q24_t384
25064,q24_t385
25065,q24_t385
25065,q24_t386
25066,q24_t387
25066,q24_t388
25067,q24_t388
25067,q24_t389
25068,q24_t390
25068,q24_t391
25069,q24_t391
25069,q24_t392
25070,q24_t393
25070,q24_t394
25071,q24_t394
25071,q24_t395
25072,q24_t396
25072,q24_t397
25073,q24_t397
25073,q24_t398
25074,q24_t399
25074,q24_t400
25075,q24_t400
25075,q24_t401
25076,q24_t401
25076,q24_t402
25077,q24_t403
25077,q24_t404
25078,q24_t404
25078,q24_t405
25079,q24_t406
25079,q24_t407
25080,q24_t407
25080,q24_t408
25081,q24_t408
25081,q24_t409
25081,q2_t408
25081,q2_t409
25082,q24_t409
25082,q24_t410
25083,q24_t410
25083,q24_t411
25084,q24_t411
25084,q24_t412
25084,q3_t411
25084,q3_t412
25085,q24_t412
25085,q24_t413
25086,q24_t413
25086,q24_t414
25087,q24_t414
25087,q24_t415
25087,q4_t414
25087,q4_t415
25088,q24_t415
25088,q24_t416
25089,q24_t416
25089,q24_t417
25090,q24_t417
25090,q24_t418
25090,q5_t417
25090,q5_t418
25091,q24_t418
25091,q24_t419
25092,q24_t419
25092,q24_t420
25093,q24_t420
25093,q24_t421
25093,q6_t420
25093,q6_t421
25094,q24_t421
25094,q24_t422
25095,q24_t422
25095,q24_t423
25096,q24_t423
25096,q24_t424
25096,q7_t423
25096,q7_t424
25097,q24_t424
25097,q24_t425
25098,q24_t425
25098,q24_t426
25099,q24_t426
25099,q24_t427
25099,q8_t426
25099,q8_t427
25100,q24_t427
25100,q24_t428
25101,q24_t428
25101,q24_t429
25102,q24_t429
25102,q24_t430
25102,q9_t429
25102,q9_t430
25103,q24_t430
25103,q24_t431
25104,q24_t431
25104,q24_t432
25105,q24_t433
25105,q24_t434
25106,q24_t434
25106,q24_t435
25107,q24_t436
25107,q24_t437
25108,q24_t437
25108,q24_t438
25109,q24_t439
25109,q24_t440
25110,q24_t440
25110,q24_t441
25111,q24_t442
25111,q24_t443
25112,q24_t443
25112,q24_t444
25113,q24_t445
25113,q24_t446
25114,q24_t446
25114,q24_t447
25115,q24_t448
25115,q24_t449
25116,q24_t449
25116,q24_t450
25117,q24_t451
25117,q24_t452
25118,q24_t452
25118,q24_t453
25119,q24_t454
25119,q24_t455
25120,q24_t455
25120,q24_t456
25121,q24_t457
25121,q24_t458
25122,q24_t458
25122,q24_t459
25123,q24_t460
25123,q24_t461
25124,q24_t461
25124,q24_t462
25125,q24_t463
25125,q24_t464
25126,q24_t464
25126,q24_t465
25127,q24_t466
25127,q24_t467
25128,q24_t467
25128,q24_t468
25129,q24_t469
25129,q24_t470
25130,q24_t470
25130,q24_t471
25131,q24_t472
25131,q24_t473
25132,q24_t473
25132,q24_t477
25133,q24_t477
25133,q24_t478
25133,q25_t477
25133,q25_t478
25134,q24_t478
25134,q24_t479
25135,q24_t479
25135,q24_t480
25136,q24_t480
25136,q24_t481
25136,q26_t480
25136,q26_t481
25137,q24_t481
25137,q24_t482
25138,q24_t482
25138,q24_t483
25139,q24_t483
25139,q24_t484
25139,q27_t483
25139,q27_t484
25140,q24_t484
25140,q24_t485
25141,q24_t485
25141,q24_t486
25142,q24_t486
25142,q24_t487
25142,q28_t486
25142,q28_t487
25143,q24_t487
25143,q24_t488
25144,q24_t488
25144,q24_t489
25145,q24_t489
25145,q24_t490
25145,q29_t489
25145,q29_t490
25146,q24_t490
25146,q24_t491
25147,q24_t491
25147,q24_t492
25148,q24_t492
25148,q24_t493
25148,q30_t492
25148,q30_t493
25149,q24_t493
25149,q24_t494
25150,q24_t494
25150,q24_t495
25151,q24_t495
25151,q24_t496
25151,q31_t495
25151,q31_t496
25152,q24_t496
25152,q24_t497
25153,q24_t497
25153,q24_t498
25154,q24_t498
25154,q24_t499
25154,q32_t498
25154,q32_t499
25155,q24_t499
25155,q24_t500
25156,q24_t500
25156,q24_t501
25157,q24_t501
25157,q24_t502
25157,q33_t501
25157,q33_t502
25158,q24_t502
25158,q24_t503
25159,q24_t503
25159,q24_t504
25160,q24_t504
25160,q24_t505
25160,q34_t504
25160,q34_t505
25161,q24_t505
25161,q24_t506
25162,q24_t506
25162,q24_t507
25163,q24_t507
25163,q24_t508
25163,q35_t507
25163,q35_t508
25164,q24_t508
25164,q24_t509
25165,q24_t509
25165,q24_t510
25166,q24_t510
25166,q24_t511
25166,q36_t510
25166,q36_t511
25167,q24_t511
25167,q24_t512
25168,q24_t512
25168,q24_t513
25169,q24_t513
25169,q24_t514
25169,q37_t513
25169,q37_t514
25170,q24_t514
25170,q24_t515
25171,q24_t515
25171,q24_t516
25172,q24_t516
25172,q24_t517
25172,q38_t516
25172,q38_t517
25173,q24_t517
25173,q24_t518
25174,q24_t518
25174,q24_t519
25175,q24_t519
25175,q24_t520
25175,q39_t519
25175,q39_t520
25176,q24_t520
25176,q24_t521
25177,q24_t521
25177,q24_t522
25178,q24_t522
25178,q24_t523
25178,q40_t522
25178,q40_t523
25179,q24_t523
25179,q24_t524
25180,q24_t524
25180,q24_t525
25181,q24_t525
25181,q24_t526
25181,q41_t525
25181,q41_t526
25182,q24_t526
25182,q24_t527
25183,q24_t527
25183,q24_t528
25184,q24_t528
25184,q24_t529
25184,q42_t528
25184,q42_t529
25185,q24_t529
25185,q24_t530
25186,q24_t530
25186,q24_t531
25187,q24_t531
25187,q24_t532
25187,q43_t531
25187,q43_t532
25188,q24_t532
25188,q24_t533
25189,q24_t533
25189,q24_t534
25190,q24_t534
25190,q24_t535
25190,q44_t534
25190,q44_t535
25191,q24_t535
25191,q24_t536
25192,q24_t536
25192,q24_t537
25193,q24_t537
25193,q24_t538
25193,q45_t537
25193,q45_t538
25194,q24_t538
25194,q24_t539
25195,q24_t539
25195,q24_t540
25196,q24_t540
25196,q24_t541
25196,q46_t540
25196,q46_t541
25197,q24_t541
25197,q24_t542
25198,q24_t542
25198,q24_t543
25199,q24_t543
25199,q24_t544
25199,q47_t543
25199,q47_t544
25200,q24_t544
25200,q24_t545
25201,q24_t545
25201,q24_t546
25202,q24_t546
25202,q24_t547
25202,q48_t546
25202,q48_t547
25203,q24_t547
25203,q24_t548
25204,q24_t548
25204,q24_t549
25205,q24_t549
25205,q24_t550
25205,q49_t549
25205,q49_t550
25206,q24_t550
25206,q24_t551
25207,q24_t551
25207,q24_t552
25208,q24_t552
25208,q24_t553
25208,q50_t552
25208,q50_t553
25209,q24_t553
25209,q24_t554
25210,q24_t554
25210,q24_t555
25211,q24_t555
25211,q24_t556
25211,q51_t555
25211,q51_t556
25212,q24_t556
25212,q24_t557
25213,q24_t557
25213,q24_t558
25214,q24_t558
25214,q24_t559
25214,q52_t558
25214,q52_t559
25215,q24_t559
25215,q24_t560
25216,q24_t560
25216,q24_t561
25217,q24_t561
25217,q24_t562
25217,q53_t561
25217,q53_t562
25218,q24_t562
25218,q24_t563
25219,q24_t563
25219,q24_t564
25220,q24_t564
25220,q24_t565
25220,q54_t564
25220,q54_t565
25221,q24_t565
25221,q24_t566
25222,q24_t566
25222,q24_t567
25223,q24_t567
25223,q24_t568
25223,q55_t567
25223,q55_t568
25224,q24_t568
25224,q24_t569
25225,q24_t569
25225,q24_t570
25226,q24_t570
25226,q24_t571
25226,q56_t570
25226,q56_t571
25227,q24_t571
25227,q24_t572
25228,q24_t572
25228,q24_t573
25229,q24_t573
25229,q24_t574
25229,q57_t573
25229,q57_t574
25230,q24_t574
25230,q24_t575
25231,q24_t575
25231,q24_t576
25232,q24_t576
25232,q24_t577
25232,q58_t576
25232,q58_t577
25233,q24_t577
25233,q24_t578
25234,q24_t578
25234,q24_t579
25235,q24_t579
25235,q24_t580
25235,q59_t579
25235,q59_t580
25236,q24_t580
25236,q24_t581
25237,q24_t581
25237,q24_t582
25238,q24_t582
25238,q24_t583
25238,q60_t582
25238,q60_t583
25239,q24_t583
25239,q24_t584
25240,q24_t584
25240,q24_t585
25241,q24_t585
25241,q24_t586
25241,q61_t585
25241,q61_t586
25242,q24_t586
25242,q24_t587
25243,q24_t587
25243,q24_t588
25244,q24_t588
25244,q24_t589
25244,q62_t588
25244,q62_t589
25245,q24_t589
25245,q24_t590
25246,q24_t590
25246,q24_t591
25247,q24_t591
25247,q24_t592
25247,q63_t591
25247,q63_t592
25248,q24_t592
25248,q24_t593
25249,q24_t593
25249,q24_t594
25250,q24_t594
25250,q24_t595
25250,q64_t594
25250,q64_t595
25251,q24_t595
25251,q24_t596
25252,q24_t596
25252,q24_t597
25253,q24_t597
25253,q24_t598
25253,q65_t597
25253,q65_t598
25254,q24_t598
25254,q24_t599
25255,q24_t599
25255,q24_t600
25256,q24_t600
25256,q24_t601
25256,q66_t600
25256,q66_t601
25257,q24_t601
25257,q24_t602
25258,q24_t602
25258,q24_t603
25259,q24_t603
25259,q24_t604
25259,q67_t603
25259,q67_t604
25260,q24_t604
25260,q24_t605
25261,q24_t605
25261,q24_t606
25262,q24_t606
25262,q24_t607
25262,q68_t606
25262,q68_t607
25263,q24_t607
25263,q24_t608
25264,q24_t608
25264,q24_t609
25265,q24_t609
25265,q24_t610
25265,q69_t609
25265,q69_t610
25266,q24_t610
25266,q24_t611
25267,q24_t611
25267,q24_t612
25268,q24_t612
25268,q24_t613
25268,q70_t612
25268,q70_t613
25269,q24_t613
25269,q24_t614
25270,q24_t614
25270,q24_t615
25271,q24_t615
25271,q24_t616
25271,q71_t615
25271,q71_t616
25272,q24_t616
25272,q24_t617
25273,q24_t617
25273,q24_t618
25274,q24_t618
25274,q24_t619
25274,q72_t618
25274,q72_t619
25275,q24_t619
25275,q24_t620
25276,q24_t620
25276,q24_t621
25277,q24_t621
25277,q24_t622
25277,q73_t621
25277,q73_t622
25278,q24_t622
25278,q24_t623
25279,q24_t623
25279,q24_t624
25280,q24_t624
25280,q24_t625
25280,q74_t624
25280,q74_t625
25281,q24_t625
25281,q24_t626
25282,q24_t626
25282,q24_t627
25283,q24_t627
25283,q24_t628
25283,q75_t627
25283,q75_t628
25284,q24_t628
25284,q24_t629
25285,q24_t629
25285,q24_t630
25286,q24_t630
25286,q24_t631
25286,q76_t630
25286,q76_t631
25287,q24_t631
25287,q24_t632
25288,q24_t632
25288,q24_t633
25289,q24_t633
25289,q24_t634
25289,q77_t633
25289,q77_t634
25290,q24_t634
25290,q24_t635
25291,q24_t635
25291,q24_t636
25292,q24_t636
25292,q24_t637
25292,q78_t636
25292,q78_t637
25293,q24_t637
25293,q24_t638
25294,q24_t638
25294,q24_t639
25295,q24_t639
25295,q24_t640
25295,q79_t639
25295,q79_t640
25296,q24_t640
25296,q24_t641
25297,q24_t641
25297,q24_t642
25298,q24_t642
25298,q24_t643
25298,q80_t642
25298,q80_t643
25299,q24_t643
25299,q24_t644
25300,q24_t644
25300,q24_t645
25301,q24_t645
25301,q24_t646
25301,q81_t645
25301,q81_t646
25302,q24_t646
25302,q24_t647
25303,q24_t647
25303,q24_t648
25304,q24_t648
25304,q24_t649
25304,q82_t648
25304,q82_t649
25305,q24_t649
25305,q24_t650
25306,q24_t650
25306,q24_t651
25307,q24_t651
25307,q24_t652
25307,q83_t651
25307,q83_t652
25308,q24_t652
25308,q24_t653
25309,q24_t653
25309,q24_t654
25310,q24_t654
25310,q24_t655
25310,q84_t654
25310,q84_t655
25311,q24_t655
25311,q24_t656
25312,q24_t656
25312,q24_t657
25313,q24_t657
25313,q24_t658
25313,q85_t657
25313,q85_t658
25314,q24_t658
25314,q24_t659
25315,q24_t659
25315,q24_t660
25316,q24_t660
25316,q24_t661
25316,q86_t660
25316,q86_t661
25317,q24_t661
25317,q24_t662
25318,q24_t662
25318,q24_t663
25319,q24_t663
25319,q24_t664
25319,q87_t663
25319,q87_t664
25320,q24_t664
25320,q24_t665
25321,q24_t665
25321,q24_t666
25322,q24_t666
25322,q24_t667
25322,q88_t666
25322,q88_t667
25323,q24_t667
25323,q24_t668
25324,q24_t668
25324,q24_t669
25325,q24_t669
25325,q24_t670
25325,q89_t669
25325,q89_t670
25326,q24_t670
25326,q24_t671
25327,q24_t671
25327,q24_t672
25328,q24_t672
25328,q24_t673
25328,q90_t672
25328,q90_t673
25329,q24_t673
25329,q24_t674
25330,q24_t674
25330,q24_t675
25331,q24_t675
25331,q24_t676
25331,q91_t675
25331,q91_t676
25332,q24_t676
25332,q24_t677
25333,q24_t677
25333,q24_t678
25334,q24_t678
25334,q24_t679
25334,q92_t678
25334,q92_t679
25335,q24_t679
25335,q24_t680
25336,q24_t680
25336,q24_t681
25337,q24_t681
25337,q24_t682
25337,q93_t681
25337,q93_t682
25338,q24_t682
25338,q24_t683
25339,q24_t683
25339,q24_t684
25340,q24_t684
25340,q24_t685
25340,q94_t684
25340,q94_t685
25341,q24_t685
25341,q24_t686
25342,q24_t686
25342,q24_t687
25343,q24_t687
25343,q24_t688
25343,q95_t687
25343,q95_t688
25344,q24_t688
25344,q24_t689
25345,q24_t689
25345,q24_t690
25346,q24_t690
25346,q24_t691
25346,q96_t690
25346,q96_t691
25347,q24_t691
25347,q24_t692
25348,q24_t692
25348,q24_t693
25349,q24_t693
25349,q24_t694
25349,q97_t693
25349,q97_t694
25350,q24_t694
25350,q24_t695
25351,q24_t695
25351,q24_t696
25352,q24_t696
25352,q24_t697
25352,q98_t696
25352,q98_t697
25353,q24_t697
25353,q24_t698
25354,q24_t698
25354,q24_t699
25355,q24_t699
25355,q24_t700
25355,q99_t699
25355,q99_t700
25356,q24_t700
25356,q24_t701
25357,q24_t701
25357,q24_t702
25358,q24_t703
25358,q24_t704
25359,q24_t704
25359,q24_t705
25360,q24_t706
25360,q24_t707
25361,q24_t707
25361,q24_t708
25362,q24_t709
25362,q24_t710
25363,q24_t710
25363,q24_t711
25364,q24_t712
25364,q24_t713
25365,q24_t713
25365,q24_t714
25366,q24_t715
25366,q24_t716
25367,q24_t716
25367,q24_t717
25368,q24_t718
25368,q24_t719
25369,q24_t719
25369,q24_t720
25370,q24_t72
25370,q24_t73
25371,q24_t721
25371,q24_t722
25372,q24_t722
25372,q24_t723
25373,q24_t724
25373,q24_t725
25374,q24_t725
25374,q24_t726
25375,q24_t727
25375,q24_t728
25376,q24_t728
25376,q24_t729
25377,q24_t73
25377,q24_t74
25378,q24_t730
25378,q24_t731
25379,q24_t731
25379,q24_t732
25380,q24_t732
25380,q24_t733
25381,q24_t734
25381,q24_t735
25382,q24_t735
25382,q24_t736
25383,q24_t737
25383,q24_t738
25384,q24_t738
25384,q24_t739
25385,q24_t739
25385,q24_t740
25385,q2_t739
25385,q2_t740
25386,q24_t740
25386,q24_t741
25387,q24_t741
25387,q24_t742
25388,q24_t742
25388,q24_t743
25388,q3_t742
25388,q3_t743
25389,q24_t743
25389,q24_t744
25390,q24_t744
25390,q24_t745
25391,q24_t745
25391,q24_t746
25391,q4_t745
25391,q4_t746
25392,q24_t746
25392,q24_t747
25393,q24_t747
25393,q24_t748
25394,q24_t748
25394,q24_t749
25394,q5_t748
25394,q5_t749
25395,q24_t749
25395,q24_t750
25396,q24_t75
25396,q24_t76
25397,q24_t750
25397,q24_t751
25398,q24_t751
25398,q24_t752
25398,q6_t751
25398,q6_t752
25399,q24_t752
25399,q24_t753
25400,q24_t753
25400,q24_t754
25401,q24_t754
25401,q24_t755
25401,q7_t754
25401,q7_t755
25402,q24_t755
25402,q24_t756
25403,q24_t756
25403,q24_t757
25404,q24_t757
25404,q24_t758
25404,q8_t757
25404,q8_t758
25405,q24_t758
25405,q24_t759
25406,q24_t759
25406,q24_t760
25407,q24_t76
25407,q24_t77
25408,q24_t760
25408,q24_t761
25408,q9_t760
25408,q9_t761
25409,q24_t761
25409,q24_t762
25410,q24_t762
25410,q24_t763
25411,q24_t764
25411,q24_t765
25412,q24_t765
25412,q24_t766
25413,q24_t767
25413,q24_t768
25414,q24_t768
25414,q24_t769
25415,q24_t77
25415,q24_t78
25415,q2_t77
25415,q2_t78
25416,q24_t770
25416,q24_t771
25417,q24_t771
25417,q24_t772
25418,q24_t773
25418,q24_t774
25419,q24_t774
25419,q24_t775
25420,q24_t776
25420,q24_t777
25421,q24_t777
25421,q24_t778
25422,q24_t779
25422,q24_t780
25423,q24_t78
25423,q24_t79
25424,q24_t780
25424,q24_t781
25425,q24_t782
25425,q24_t783
25426,q24_t783
25426,q24_t784
25427,q24_t785
25427,q24_t786
25428,q24_t786
25428,q24_t787
25429,q24_t788
25429,q24_t789
25430,q24_t789
25430,q24_t790
25431,q24_t79
25431,q24_t80
25432,q24_t791
25432,q24_t792
25433,q24_t792
25433,q24_t793
25434,q24_t794
25434,q24_t795
25435,q24_t795
25435,q24_t796
25436,q24_t797
25436,q24_t798
25437,q24_t798
25437,q24_t799
25438,q24_t80
25438,q24_t81
25438,q3_t80
25438,q3_t81
25439,q24_t800
25439,q24_t801
25440,q24_t801
25440,q24_t802
25441,q24_t803
25441,q24_t804
25442,q24_t804
25442,q24_t808
25443,q24_t808
25443,q24_t809
25443,q25_t808
25443,q25_t809
25444,q24_t809
25444,q24_t810
25445,q24_t81
25445,q24_t82
25446,q24_t810
25446,q24_t811
25447,q24_t811
25447,q24_t812
25447,q26_t811
25447,q26_t812
25448,q24_t812
25448,q24_t813
25449,q24_t813
25449,q24_t814
25450,q24_t814
25450,q24_t815
25450,q27_t814
25450,q27_t815
25451,q24_t815
25451,q24_t816
25452,q24_t816
25452,q24_t817
25453,q24_t817
25453,q24_t818
25453,q28_t817
25453,q28_t818
25454,q24_t818
25454,q24_t819
25455,q24_t819
25455,q24_t820
25456,q24_t82
25456,q24_t83
25457,q24_t820
25457,q24_t821
25457,q29_t820
25457,q29_t821
25458,q24_t821
25458,q24_t822
25459,q24_t822
25459,q24_t823
25460,q24_t823
25460,q24_t824
25460,q30_t823
25460,q30_t824
25461,q24_t824
25461,q24_t825
25462,q24_t825
25462,q24_t826
25463,q24_t826
25463,q24_t827
25463,q31_t826
25463,q31_t827
25464,q24_t827
25464,q24_t828
25465,q24_t828
25465,q24_t829
25466,q24_t829
25466,q24_t830
25466,q32_t829
25466,q32_t830
25467,q24_t83
25467,q24_t84
25467,q4_t83
25467,q4_t84
25468,q24_t830
25468,q24_t831
25469,q24_t831
25469,q24_t832
25470,q24_t832
25470,q24_t833
25470,q33_t832
25470,q33_t833
25471,q24_t833
25471,q24_t834
25472,q24_t834
25472,q24_t835
25473,q24_t835
25473,q24_t836
25473,q34_t835
25473,q34_t836
25474,q24_t836
25474,q24_t837
25475,q24_t837
25475,q24_t838
25476,q24_t838
25476,q24_t839
25476,q35_t838
25476,q35_t839
25477,q24_t839
25477,q24_t840
25478,q24_t84
25478,q24_t85
25479,q24_t840
25479,q24_t841
25480,q24_t841
25480,q24_t842
25480,q36_t841
25480,q36_t842
25481,q24_t842
25481,q24_t843
25482,q24_t843
25482,q24_t844
25483,q24_t844
25483,q24_t845
25483,q37_t844
25483,q37_t845
25484,q24_t845
25484,q24_t846
25485,q24_t846
25485,q24_t847
25486,q24_t847
25486,q24_t848
25486,q38_t847
25486,q38_t848
25487,q24_t848
25487,q24_t849
25488,q24_t849
25488,q24_t850
25489,q24_t85
25489,q24_t86
25490,q24_t850
25490,q24_t851
25490,q39_t850
25490,q39_t851
25491,q24_t851
25491,q24_t852
25492,q24_t852
25492,q24_t853
25493,q24_t853
25493,q24_t854
25493,q40_t853
25493,q40_t854
25494,q24_t854
25494,q24_t855
25495,q24_t855
25495,q24_t856
25496,q24_t856
25496,q24_t857
25496,q41_t856
25496,q41_t857
25497,q24_t857
25497,q24_t858
25498,q24_t858
25498,q24_t859
25499,q24_t859
25499,q24_t860
25499,q42_t859
25499,q42_t860
25500,q24_t86
25500,q24_t87
25500,q5_t86
25500,q5_t87
25501,q24_t860
25501,q24_t861
25502,q24_t861
25502,q24_t862
25503,q24_t862
25503,q24_t863
25503,q43_t862
25503,q43_t863
25504,q24_t863
25504,q24_t864
25505,q24_t864
25505,q24_t865
25506,q24_t865
25506,q24_t866
25506,q44_t865
25506,q44_t866
25507,q24_t866
25507,q24_t867
25508,q24_t867
25508,q24_t868
25509,q24_t868
25509,q24_t869
25509,q45_t868
25509,q45_t869
25510,q24_t869
25510,q24_t870
25511,q24_t87
25511,q24_t88
25512,q24_t870
25512,q24_t871
25513,q24_t871
25513,q24_t872
25513,q46_t871
25513,q46_t872
25514,q24_t872
25514,q24_t873
25515,q24_t873
25515,q24_t874
25516,q24_t874
25516,q24_t875
25516,q47_t874
25516,q47_t875
25517,q24_t875
25517,q24_t876
25518,q24_t876
25518,q24_t877
25519,q24_t877
25519,q24_t878
25519,q48_t877
25519,q48_t878
25520,q24_t878
25520,q24_t879
25521,q24_t879
25521,q24_t880
25522,q24_t88
25522,q24_t89
25523,q24_t880
25523,q24_t881
25523,q49_t880
25523,q49_t881
25524,q24_t881
25524,q24_t882
25525,q24_t882
25525,q24_t883
25526,q24_t883
25526,q24_t884
25526,q50_t883
25526,q50_t884
25527,q24_t884
25527,q24_t885
25528,q24_t885
25528,q24_t886
25529,q24_t886
25529,q24_t887
25529,q51_t886
25529,q51_t887
25530,q24_t887
25530,q24_t888
25531,q24_t888
25531,q24_t889
25532,q24_t889
25532,q24_t890
25532,q52_t889
25532,q52_t890
25533,q24_t89
25533,q24_t90
25533,q6_t89
25533,q6_t90
25534,q24_t890
25534,q24_t891
25535,q24_t891
25535,q24_t892
25536,q24_t892
25536,q24_t893
25536,q53_t892
25536,q53_t893
25537,q24_t893
25537,q24_t894
25538,q24_t894
25538,q24_t895
25539,q24_t895
25539,q24_t896
25539,q54_t895
25539,q54_t896
25540,q24_t896
25540,q24_t897
25541,q24_t897
25541,q24_t898
25542,q24_t898
25542,q24_t899
25542,q55_t898
25542,q55_t899
25543,q24_t899
25543,q24_t900
25544,q24_t90
25544,q24_t91
25545,q24_t900
25545,q24_t901
25546,q24_t901
25546,q24_t902
25546,q56_t901
25546,q56_t902
25547,q24_t902
25547,q24_t903
25548,q24_t903
25548,q24_t904
25549,q24_t904
25549,q24_t905
25549,q57_t904
25549,q57_t905
25550,q24_t905
25550,q24_t906
25551,q24_t906
25551,q24_t907
25552,q24_t907
25552,q24_t908
25552,q58_t907
25552,q58_t908
25553,q24_t908
25553,q24_t909
25554,q24_t909
25554,q24_t910
25555,q24_t91
25555,q24_t92
25556,q24_t910
25556,q24_t911
25556,q59_t910
25556,q59_t911
25557,q24_t911
25557,q24_t912
25558,q24_t912
25558,q24_t913
25559,q24_t913
25559,q24_t914
25559,q60_t913
25559,q60_t914
25560,q24_t914
25560,q24_t915
25561,q24_t915
25561,q24_t916
25562,q24_t916
25562,q24_t917
25562,q61_t916
25562,q61_t917
25563,q24_t917
25563,q24_t918
25564,q24_t918
25564,q24_t919
25565,q24_t919
25565,q24_t920
25565,q62_t919
25565,q62_t920
25566,q24_t92
25566,q24_t93
25566,q7_t92
25566,q7_t93
25567,q24_t920
25567,q24_t921
25568,q24_t921
25568,q24_t922
25569,q24_t922
25569,q24_t923
25569,q63_t922
25569,q63_t923
25570,q24_t923
25570,q24_t924
25571,q24_t924
25571,q24_t925
25572,q24_t925
25572,q24_t926
25572,q64_t925
25572,q64_t926
25573,q24_t926
25573,q24_t927
25574,q24_t927
25574,q24_t928
25575,q24_t928
25575,q24_t929
25575,q65_t928
25575,q65_t929
25576,q24_t929
25576,q24_t930
25577,q24_t93
25577,q24_t94
25578,q24_t930
25578,q24_t931
25579,q24_t931
25579,q24_t932
25579,q66_t931
25579,q66_t932
25580,q24_t932
25580,q24_t933
25581,q24_t933
25581,q24_t934
25582,q24_t934
25582,q24_t935
25582,q67_t934
25582,q67_t935
25583,q24_t935
25583,q24_t936
25584,q24_t936
25584,q24_t937
25585,q24_t937
25585,q24_t938
25585,q68_t937
25585,q68_t938
25586,q24_t938
25586,q24_t939
25587,q24_t939
25587,q24_t940
25588,q24_t94
25588,q24_t95
25589,q24_t940
25589,q24_t941
25589,q69_t940
25589,q69_t941
25590,q24_t941
25590,q24_t942
25591,q24_t942
25591,q24_t943
25592,q24_t943
25592,q24_t944
25592,q70_t943
25592,q70_t944
25593,q24_t944
25593,q24_t945
25594,q24_t945
25594,q24_t946
25595,q24_t946
25595,q24_t947
25595,q71_t946
25595,q71_t947
25596,q24_t947
25596,q24_t948
25597,q24_t948
25597,q24_t949
25598,q24_t949
25598,q24_t950
25598,q72_t949
25598,q72_t950
25599,q24_t95
25599,q24_t96
25599,q8_t95
25599,q8_t96
25600,q24_t950
25600,q24_t951
25601,q24_t951
25601,q24_t952
25602,q24_t952
25602,q24_t953
25602,q73_t952
25602,q73_t953
25603,q24_t953
25603,q24_t954
25604,q24_t954
25604,q24_t955
25605,q24_t955
25605,q24_t956
25605,q74_t955
25605,q74_t956
25606,q24_t956
25606,q24_t957
25607,q24_t957
25607,q24_t958
25608,q24_t958
25608,q24_t959
25608,q75_t958
25608,q75_t959
25609,q24_t959
25609,q24_t960
25610,q24_t96
25610,q24_t97
25611,q24_t960
25611,q24_t961
25612,q24_t961
25612,q24_t962
25612,q76_t961
25612,q76_t962
25613,q24_t962
25613,q24_t963
25614,q24_t963
25614,q24_t964
25615,q24_t964
25615,q24_t965
25615,q77_t964
25615,q77_t965
25616,q24_t965
25616,q24_t966
25617,q24_t966
25617,q24_t967
25618,q24_t967
25618,q24_t968
25618,q78_t967
25618,q78_t968
25619,q24_t968
25619,q24_t969
25620,q24_t969
25620,q24_t970
25621,q24_t97
25621,q24_t98
25622,q24_t970
25622,q24_t971
25622,q79_t970
25622,q79_t971
25623,q24_t971
25623,q24_t972
25624,q24_t972
25624,q24_t973
25625,q24_t973
25625,q24_t974
25625,q80_t973
25625,q80_t974
25626,q24_t974
25626,q24_t975
25627,q24_t975
25627,q24_t976
25628,q24_t976
25628,q24_t977
25628,q81_t976
25628,q81_t977
25629,q24_t977
25629,q24_t978
25630,q24_t978
25630,q24_t979
25631,q24_t979
25631,q24_t980
25631,q82_t979
25631,q82_t980
25632,q24_t98
25632,q24_t99
25632,q9_t98
25632,q9_t99
25633,q24_t980
25633,q24_t981
25634,q24_t981
25634,q24_t982
25635,q24_t982
25635,q24_t983
25635,q83_t982
25635,q83_t983
25636,q24_t983
25636,q24_t984
25637,q24_t984
25637,q24_t985
25638,q24_t985
25638,q24_t986
25638,q84_t985
25638,q84_t986
25639,q24_t986
25639,q24_t987
25640,q24_t987
25640,q24_t988
25641,q24_t988
25641,q24_t989
25641,q85_t988
25641,q85_t989
25642,q24_t989
25642,q24_t990
25643,q24_t990
25643,q24_t991
25644,q24_t991
25644,q24_t992
25644,q86_t991
25644,q86_t992
25645,q24_t992
25645,q24_t993
25646,q24_t993
25646,q24_t994
25647,q24_t994
25647,q24_t995
25647,q87_t994
25647,q87_t995
25648,q24_t995
25648,q24_t996
25649,q24_t996
25649,q24_t997
25650,q24_t997
25650,q24_t998
25650,q88_t997
25650,q88_t998
25651,q24_t998
25651,q24_t999
25652,q25_t0
25652,q25_t1
25653,q25_t1
25653,q25_t74
25654,q25_t100
25654,q25_t101
25655,q25_t100
25655,q25_t99
25656,q25_t1000
25656,q25_t1001
25656,q88_t1000
25656,q88_t1001
25657,q25_t1000
25657,q25_t999
25658,q25_t1001
25658,q25_t1002
25659,q25_t1002
25659,q25_t1003
25660,q25_t1003
25660,q25_t1004
25660,q89_t1003
25660,q89_t1004
25661,q25_t1004
25661,q25_t1005
25662,q25_t1005
25662,q25_t1006
25663,q25_t1006
25663,q25_t1007
25663,q90_t1006
25663,q90_t1007
25664,q25_t1007
25664,q25_t1008
25665,q25_t1008
25665,q25_t1009
25666,q25_t1009
25666,q25_t1010
25666,q91_t1009
25666,q91_t1010
25667,q25_t101
25667,q25_t102
25667,q9_t101
25667,q9_t102
25668,q25_t1010
25668,q25_t1011
25669,q25_t1011
25669,q25_t1012
25670,q25_t1012
25670,q25_t1013
25670,q92_t1012
25670,q92_t1013
25671,q25_t1013
25671,q25_t1014
25672,q25_t1014
25672,q25_t1015
25673,q25_t1015
25673,q25_t1016
25673,q93_t1015
25673,q93_t1016
25674,q25_t1016
25674,q25_t1017
25675,q25_t1017
25675,q25_t1018
25676,q25_t1018
25676,q25_t1019
25676,q94_t1018
25676,q94_t1019
25677,q25_t1019
25677,q25_t1020
25678,q25_t102
25678,q25_t103
25679,q25_t1020
25679,q25_t1021
25680,q25_t1021
25680,q25_t1022
25680,q95_t1021
25680,q95_t1022
25681,q25_t1022
25681,q25_t1023
25682,q25_t1023
25682,q25_t1024
25683,q25_t1024
25683,q25_t1025
25683,q96_t1024
25683,q96_t1025
25684,q25_t1025
25684,q25_t1026
25685,q25_t1026
25685,q25_t1027
25686,q25_t1027
25686,q25_t1028
25686,q97_t1027
25686,q97_t1028
25687,q25_t1028
25687,q25_t1029
25688,q25_t1029
25688,q25_t1030
25689,q25_t103
25689,q25_t104
25690,q25_t1030
25690,q25_t1031
25690,q98_t1030
25690,q98_t1031
25691,q25_t1031
25691,q25_t1032
25692,q25_t1032
25692,q25_t1033
25693,q25_t1033
25693,q25_t1034
25693,q99_t1033
25693,q99_t1034
25694,q25_t1034
25694,q25_t1035
25695,q25_t1035
25695,q25_t1036
25696,q25_t1037
25696,q25_t1038
25697,q25_t1038
25697,q25_t1039
25698,q25_t1040
25698,q25_t1041
25699,q25_t1041
25699,q25_t1042
25700,q25_t1043
25700,q25_t1044
25701,q25_t1044
25701,q25_t1045
25702,q25_t1046
25702,q25_t1047
25703,q25_t1047
25703,q25_t1048
25704,q25_t1049
25704,q25_t1050
25705,q25_t105
25705,q25_t106
25706,q25_t1050
25706,q25_t1051
25707,q25_t1052
25707,q25_t1053
25708,q25_t1053
25708,q25_t1054
25709,q25_t1055
25709,q25_t1056
25710,q25_t1056
25710,q25_t1057
25711,q25_t1058
25711,q25_t1059
25712,q25_t1059
25712,q25_t1060
25713,q25_t106
25713,q25_t107
25714,q25_t1061
25714,q25_t1062
25715,q25_t1062
25715,q25_t1063
25716,q25_t1064
25716,q25_t1065
25717,q25_t1065
25717,q25_t1066
25718,q25_t108
25718,q25_t109
25719,q25_t109
25719,q25_t110
25720,q25_t111
25720,q25_t112
25721,q25_t112
25721,q25_t113
25722,q25_t114
25722,q25_t115
25723,q25_t115
25723,q25_t116
25724,q25_t117
25724,q25_t118
25725,q25_t118
25725,q25_t119
25726,q25_t120
25726,q25_t121
25727,q25_t121
25727,q25_t122
25728,q25_t123
25728,q25_t124
25729,q25_t124
25729,q25_t125
25730,q25_t126
25730,q25_t127
25731,q25_t127
25731,q25_t128
25732,q25_t129
25732,q25_t130
25733,q25_t130
25733,q25_t131
25734,q25_t132
25734,q25_t133
25735,q25_t133
25735,q25_t134
25736,q25_t135
25736,q25_t136
25737,q25_t136
25737,q25_t137
25738,q25_t138
25738,q25_t139
25739,q25_t139
25739,q25_t140
25740,q25_t141
25740,q25_t142
25741,q25_t142
25741,q25_t143
25742,q25_t144
25742,q25_t145
25743,q25_t145
25743,q25_t146
25744,q25_t147
25744,q25_t148
25745,q25_t148
25745,q25_t152
25746,q25_t152
25746,q25_t153
25746,q26_t152
25746,q26_t153
25747,q25_t153
25747,q25_t154
25748,q25_t154
25748,q25_t155
25749,q25_t155
25749,q25_t156
25749,q27_t155
25749,q27_t156
25750,q25_t156
25750,q25_t157
25751,q25_t157
25751,q25_t158
25752,q25_t158
25752,q25_t159
25752,q28_t158
25752,q28_t159
25753,q25_t159
25753,q25_t160
25754,q25_t160
25754,q25_t161
25755,q25_t161
25755,q25_t162
25755,q29_t161
25755,q29_t162
25756,q25_t162
25756,q25_t163
25757,q25_t163
25757,q25_t164
25758,q25_t164
25758,q25_t165
25758,q30_t164
25758,q30_t165
25759,q25_t165
25759,q25_t166
25760,q25_t166
25760,q25_t167
25761,q25_t167
25761,q25_t168
25761,q31_t167
25761,q31_t168
25762,q25_t168
25762,q25_t169
25763,q25_t169
25763,q25_t170
25764,q25_t170
25764,q25_t171
25764,q32_t170
25764,q32_t171
25765,q25_t171
25765,q25_t172
25766,q25_t172
25766,q25_t173
25767,q25_t173
25767,q25_t174
25767,q33_t173
25767,q33_t174
25768,q25_t174
25768,q25_t175
25769,q25_t175
25769,q25_t176
25770,q25_t176
25770,q25_t177
25770,q34_t176
25770,q34_t177
25771,q25_t177
25771,q25_t178
25772,q25_t178
25772,q25_t179
25773,q25_t179
25773,q25_t180
25773,q35_t179
25773,q35_t180
25774,q25_t180
25774,q25_t181
25775,q25_t181
25775,q25_t182
25776,q25_t182
25776,q25_t183
25776,q36_t182
25776,q36_t183
25777,q25_t183
25777,q25_t184
25778,q25_t184
25778,q25_t185
25779,q25_t185
25779,q25_t186
25779,q37_t185
25779,q37_t186
25780,q25_t186
25780,q25_t187
25781,q25_t187
25781,q25_t188
25782,q25_t188
25782,q25_t189
25782,q38_t188
25782,q38_t189
25783,q25_t189
25783,q25_t190
25784,q25_t190
25784,q25_t191
25785,q25_t191
25785,q25_t192
25785,q39_t191
25785,q39_t192
25786,q25_t192
25786,q25_t193
25787,q25_t193
25787,q25_t194
25788,q25_t194
25788,q25_t195
25788,q40_t194
25788,q40_t195
25789,q25_t195
25789,q25_t196
25790,q25_t196
25790,q25_t197
25791,q25_t197
25791,q25_t198
25791,q41_t197
25791,q41_t198
25792,q25_t198
25792,q25_t199
25793,q25_t199
25793,q25_t200
25794,q25_t200
25794,q25_t201
25794,q42_t200
25794,q42_t201
25795,q25_t201
25795,q25_t202
25796,q25_t202
25796,q25_t203
25797,q25_t203
25797,q25_t204
25797,q43_t203
25797,q43_t204
25798,q25_t204
25798,q25_t205
25799,q25_t205
25799,q25_t206
25800,q25_t206
25800,q25_t207
25800,q44_t206
25800,q44_t207
25801,q25_t207
25801,q25_t208
25802,q25_t208
25802,q25_t209
25803,q25_t209
25803,q25_t210
25803,q45_t209
25803,q45_t210
25804,q25_t210
25804,q25_t211
25805,q25_t211
25805,q25_t212
25806,q25_t212
25806,q25_t213
25806,q46_t212
25806,q46_t213
25807,q25_t213
25807,q25_t214
25808,q25_t214
25808,q25_t215
25809,q25_t215
25809,q25_t216
25809,q47_t215
25809,q47_t216
25810,q25_t216
25810,q25_t217
25811,q25_t217
25811,q25_t218
25812,q25_t218
25812,q25_t219
25812,q48_t218
25812,q48_t219
25813,q25_t219
25813,q25_t220
25814,q25_t220
25814,q25_t221
25815,q25_t221
25815,q25_t222
25815,q49_t221
25815,q49_t222
25816,q25_t222
25816,q25_t223
25817,q25_t223
25817,q25_t224
25818,q25_t224
25818,q25_t225
25818,q50_t224
25818,q50_t225
25819,q25_t225
25819,q25_t226
25820,q25_t226
25820,q25_t227
25821,q25_t227
25821,q25_t228
25821,q51_t227
25821,q51_t228
25822,q25_t228
25822,q25_t229
25823,q25_t229
25823,q25_t230
25824,q25_t230
25824,q25_t231
25824,q52_t230
25824,q52_t231
25825,q25_t231
25825,q25_t232
25826,q25_t232
25826,q25_t233
25827,q25_t233
25827,q25_t234
25827,q53_t233
25827,q53_t234
25828,q25_t234
25828,q25_t235
25829,q25_t235
25829,q25_t236
25830,q25_t236
25830,q25_t237
25830,q54_t236
25830,q54_t237
25831,q25_t237
25831,q25_t238
25832,q25_t238
25832,q25_t239
25833,q25_t239
25833,q25_t240
25833,q55_t239
25833,q55_t240
25834,q25_t240
25834,q25_t241
25835,q25_t241
25835,q25_t242
25836,q25_t242
25836,q25_t243
25836,q56_t242
25836,q56_t243
25837,q25_t243
25837,q25_t244
25838,q25_t244
25838,q25_t245
25839,q25_t245
25839,q25_t246
25839,q57_t245
25839,q57_t246
25840,q25_t246
25840,q25_t247
25841,q25_t247
25841,q25_t248
25842,q25_t248
25842,q25_t249
25842,q58_t248
25842,q58_t249
25843,q25_t249
25843,q25_t250
25844,q25_t250
25844,q25_t251
25845,q25_t251
25845,q25_t252
25845,q59_t251
25845,q59_t252
25846,q25_t252
25846,q25_t253
25847,q25_t253
25847,q25_t254
25848,q25_t254
25848,q25_t255
25848,q60_t254
25848,q60_t255
25849,q25_t255
25849,q25_t256
25850,q25_t256
25850,q25_t257
25851,q25_t257
25851,q25_t258
25851,q61_t257
25851,q61_t258
25852,q25_t258
25852,q25_t259
25853,q25_t259
25853,q25_t260
25854,q25_t260
25854,q25_t261
25854,q62_t260
25854,q62_t261
25855,q25_t261
25855,q25_t262
25856,q25_t262
25856,q25_t263
25857,q25_t263
25857,q25_t264
25857,q63_t263
25857,q63_t264
25858,q25_t264
25858,q25_t265
25859,q25_t265
25859,q25_t266
25860,q25_t266
25860,q25_t267
25860,q64_t266
25860,q64_t267
25861,q25_t267
25861,q25_t268
25862,q25_t268
25862,q25_t269
25863,q25_t269
25863,q25_t270
25863,q65_t269
25863,q65_t270
25864,q25_t270
25864,q25_t271
25865,q25_t271
25865,q25_t272
25866,q25_t272
25866,q25_t273
25866,q66_t272
25866,q66_t273
25867,q25_t273
25867,q25_t274
25868,q25_t274
25868,q25_t275
25869,q25_t275
25869,q25_t276
25869,q67_t275
25869,q67_t276
25870,q25_t276
25870,q25_t277
25871,q25_t277
25871,q25_t278
25872,q25_t278
25872,q25_t279
25872,q68_t278
25872,q68_t279
25873,q25_t279
25873,q25_t280
25874,q25_t280
25874,q25_t281
25875,q25_t281
25875,q25_t282
25875,q69_t281
25875,q69_t282
25876,q25_t282
25876,q25_t283
25877,q25_t283
25877,q25_t284
25878,q25_t284
25878,q25_t285
25878,q70_t284
25878,q70_t285
25879,q25_t285
25879,q25_t286
25880,q25_t286
25880,q25_t287
25881,q25_t287
25881,q25_t288
25881,q71_t287
25881,q71_t288
25882,q25_t288
25882,q25_t289
25883,q25_t289
25883,q25_t290
25884,q25_t290
25884,q25_t291
25884,q72_t290
25884,q72_t291
25885,q25_t291
25885,q25_t292
25886,q25_t292
25886,q25_t293
25887,q25_t293
25887,q25_t294
25887,q73_t293
25887,q73_t294
25888,q25_t294
25888,q25_t295
25889,q25_t295
25889,q25_t296
25890,q25_t296
25890,q25_t297
25890,q74_t296
25890,q74_t297
25891,q25_t297
25891,q25_t298
25892,q25_t298
25892,q25_t299
25893,q25_t299
25893,q25_t300
25893,q75_t299
25893,q75_t300
25894,q25_t300
25894,q25_t301
25895,q25_t301
25895,q25_t302
25896,q25_t302
25896,q25_t303
25896,q76_t302
25896,q76_t303
25897,q25_t303
25897,q25_t304
25898,q25_t304
25898,q25_t305
25899,q25_t305
25899,q25_t306
25899,q77_t305
25899,q77_t306
25900,q25_t306
25900,q25_t307
25901,q25_t307
25901,q25_t308
25902,q25_t308
25902,q25_t309
25902,q78_t308
25902,q78_t309
25903,q25_t309
25903,q25_t310
25904,q25_t310
25904,q25_t311
25905,q25_t311
25905,q25_t312
25905,q79_t311
25905,q79_t312
25906,q25_t312
25906,q25_t313
25907,q25_t313
25907,q25_t314
25908,q25_t314
25908,q25_t315
25908,q80_t314
25908,q80_t315
25909,q25_t315
25909,q25_t316
25910,q25_t316
25910,q25_t317
25911,q25_t317
25911,q25_t318
25911,q81_t317
25911,q81_t318
25912,q25_t318
25912,q25_t319
25913,q25_t319
25913,q25_t320
25914,q25_t320
25914,q25_t321
25914,q82_t320
25914,q82_t321
25915,q25_t321
25915,q25_t322
25916,q25_t322
25916,q25_t323
25917,q25_t323
25917,q25_t324
25917,q83_t323
25917,q83_t324
25918,q25_t324
25918,q25_t325
25919,q25_t325
25919,q25_t326
25920,q25_t326
25920,q25_t327
25920,q84_t326
25920,q84_t327
25921,q25_t327
25921,q25_t328
25922,q25_t328
25922,q25_t329
25923,q25_t329
25923,q25_t330
25923,q85_t329
25923,q85_t330
25924,q25_t330
25924,q25_t331
25925,q25_t331
25925,q25_t332
25926,q25_t332
25926,q25_t333
25926,q86_t332
25926,q86_t333
25927,q25_t333
25927,q25_t334
25928,q25_t334
25928,q25_t335
25929,q25_t335
25929,q25_t336
25929,q87_t335
25929,q87_t336
25930,q25_t336
25930,q25_t337
25931,q25_t337
25931,q25_t338
25932,q25_t338
25932,q25_t339
25932,q88_t338
25932,q88_t339
25933,q25_t339
25933,q25_t340
25934,q25_t340
25934,q25_t341
25935,q25_t341
25935,q25_t342
25935,q89_t341
25935,q89_t342
25936,q25_t342
25936,q25_t343
25937,q25_t343
25937,q25_t344
25938,q25_t344
25938,q25_t345
25938,q90_t344
25938,q90_t345
25939,q25_t345
25939,q25_t346
25940,q25_t346
25940,q25_t347
25941,q25_t347
25941,q25_t348
25941,q91_t347
25941,q91_t348
25942,q25_t348
25942,q25_t349
25943,q25_t349
25943,q25_t350
25944,q25_t350
25944,q25_t351
25944,q92_t350
25944,q92_t351
25945,q25_t351
25945,q25_t352
25946,q25_t352
25946,q25_t353
25947,q25_t353
25947,q25_t354
25947,q93_t353
25947,q93_t354
25948,q25_t354
25948,q25_t355
25949,q25_t355
25949,q25_t356
25950,q25_t356
25950,q25_t357
25950,q94_t356
25950,q94_t357
25951,q25_t357
25951,q25_t358
25952,q25_t358
25952,q25_t359
25953,q25_t359
25953,q25_t360
25953,q95_t359
25953,q95_t360
25954,q25_t360
25954,q25_t361
25955,q25_t361
25955,q25_t362
25956,q25_t362
25956,q25_t363
25956,q96_t362
25956,q96_t363
25957,q25_t363
25957,q25_t364
25958,q25_t364
25958,q25_t365
25959,q25_t365
25959,q25_t366
25959,q97_t365
25959,q97_t366
25960,q25_t366
25960,q25_t367
25961,q25_t367
25961,q25_t368
25962,q25_t368
25962,q25_t369
25962,q98_t368
25962,q98_t369
25963,q25_t369
25963,q25_t370
25964,q25_t370
25964,q25_t371
25965,q25_t371
25965,q25_t372
25965,q99_t371
25965,q99_t372
25966,q25_t372
25966,q25_t373
25967,q25_t373
25967,q25_t374
25968,q25_t375
25968,q25_t376
25969,q25_t376
25969,q25_t377
25970,q25_t378
25970,q25_t379
25971,q25_t379
25971,q25_t380
25972,q25_t381
25972,q25_t382
25973,q25_t382
25973,q25_t383
25974,q25_t384
25974,q25_t385
25975,q25_t385
25975,q25_t386
25976,q25_t387
25976,q25_t388
25977,q25_t388
25977,q25_t389
25978,q25_t390
25978,q25_t391
25979,q25_t391
25979,q25_t392
25980,q25_t393
25980,q25_t394
25981,q25_t394
25981,q25_t395
25982,q25_t396
25982,q25_t397
25983,q25_t397
25983,q25_t398
25984,q25_t399
25984,q25_t400
25985,q25_t400
25985,q25_t401
25986,q25_t402
25986,q25_t403
25987,q25_t403
25987,q25_t404
25988,q25_t404
25988,q25_t405
25989,q25_t406
25989,q25_t407
25990,q25_t407
25990,q25_t408
25991,q25_t409
25991,q25_t410
25992,q25_t410
25992,q25_t411
25993,q25_t411
25993,q25_t412
25993,q2_t411
25993,q2_t412
25994,q25_t412
25994,q25_t413
25995,q25_t413
25995,q25_t414
25996,q25_t414
25996,q25_t415
25996,q3_t414
25996,q3_t415
25997,q25_t415
25997,q25_t416
25998,q25_t416
25998,q25_t417
25999,q25_t417
25999,q25_t418
25999,q4_t417
25999,q4_t418
26000,q25_t418
26000,q25_t419
26001,q25_t419
26001,q25_t420
26002,q25_t420
26002,q25_t421
26002,q5_t420
26002,q5_t421
26003,q25_t421
26003,q25_t422
26004,q25_t422
26004,q25_t423
26005,q25_t423
26005,q25_t424
26005,q6_t423
26005,q6_t424
26006,q25_t424
26006,q25_t425
26007,q25_t425
26007,q25_t426
26008,q25_t426
26008,q25_t427
26008,q7_t426
26008,q7_t427
26009,q25_t427
26009,q25_t428
26010,q25_t428
26010,q25_t429
26011,q25_t429
26011,q25_t430
26011,q8_t429
26011,q8_t430
26012,q25_t430
26012,q25_t431
26013,q25_t431
26013,q25_t432
26014,q25_t432
26014,q25_t433
26014,q9_t432
26014,q9_t433
26015,q25_t433
26015,q25_t434
26016,q25_t434
26016,q25_t435
26017,q25_t436
26017,q25_t437
26018,q25_t437
26018,q25_t438
26019,q25_t439
26019,q25_t440
26020,q25_t440
26020,q25_t441
26021,q25_t442
26021,q25_t443
26022,q25_t443
26022,q25_t444
26023,q25_t445
26023,q25_t446
26024,q25_t446
26024,q25_t447
26025,q25_t448
26025,q25_t449
26026,q25_t449
26026,q25_t450
26027,q25_t451
26027,q25_t452
26028,q25_t452
26028,q25_t453
26029,q25_t454
26029,q25_t455
26030,q25_t455
26030,q25_t456
26031,q25_t457
26031,q25_t458
26032,q25_t458
26032,q25_t459
26033,q25_t460
26033,q25_t461
26034,q25_t461
26034,q25_t462
26035,q25_t463
26035,q25_t464
26036,q25_t464
26036,q25_t465
26037,q25_t466
26037,q25_t467
26038,q25_t467
26038,q25_t468
26039,q25_t469
26039,q25_t470
26040,q25_t470
26040,q25_t471
26041,q25_t472
26041,q25_t473
26042,q25_t473
26042,q25_t474
26043,q25_t475
26043,q25_t476
26044,q25_t476
26044,q25_t477
26045,q25_t478
26045,q25_t479
26046,q25_t479
26046,q25_t483
26047,q25_t483
26047,q25_t484
26047,q26_t483
26047,q26_t484
26048,q25_t484
26048,q25_t485
26049,q25_t485
26049,q25_t486
26050,q25_t486
26050,q25_t487
26050,q27_t486
26050,q27_t487
26051,q25_t487
26051,q25_t488
26052,q25_t488
26052,q25_t489
26053,q25_t489
26053,q25_t490
26053,q28_t489
26053,q28_t490
26054,q25_t490
26054,q25_t491
26055,q25_t491
26055,q25_t492
26056,q25_t492
26056,q25_t493
26056,q29_t492
26056,q29_t493
26057,q25_t493
26057,q25_t494
26058,q25_t494
26058,q25_t495
26059,q25_t495
26059,q25_t496
26059,q30_t495
26059,q30_t496
26060,q25_t496
26060,q25_t497
26061,q25_t497
26061,q25_t498
26062,q25_t498
26062,q25_t499
26062,q31_t498
26062,q31_t499
26063,q25_t499
26063,q25_t500
26064,q25_t500
26064,q25_t501
26065,q25_t501
26065,q25_t502
26065,q32_t501
26065,q32_t502
26066,q25_t502
26066,q25_t503
26067,q25_t503
26067,q25_t504
26068,q25_t504
26068,q25_t505
26068,q33_t504
26068,q33_t505
26069,q25_t505
26069,q25_t506
26070,q25_t506
26070,q25_t507
26071,q25_t507
26071,q25_t508
26071,q34_t507
26071,q34_t508
26072,q25_t508
26072,q25_t509
26073,q25_t509
26073,q25_t510
26074,q25_t510
26074,q25_t511
26074,q35_t510
26074,q35_t511
26075,q25_t511
26075,q25_t512
26076,q25_t512
26076,q25_t513
26077,q25_t513
26077,q25_t514
26077,q36_t513
26077,q36_t514
26078,q25_t514
26078,q25_t515
26079,q25_t515
26079,q25_t516
26080,q25_t516
26080,q25_t517
26080,q37_t516
26080,q37_t517
26081,q25_t517
26081,q25_t518
26082,q25_t518
26082,q25_t519
26083,q25_t519
26083,q25_t520
26083,q38_t519
26083,q38_t520
26084,q25_t520
26084,q25_t521
26085,q25_t521
26085,q25_t522
26086,q25_t522
26086,q25_t523
26086,q39_t522
26086,q39_t523
26087,q25_t523
26087,q25_t524
26088,q25_t524
26088,q25_t525
26089,q25_t525
26089,q25_t526
26089,q40_t525
26089,q40_t526
26090,q25_t526
26090,q25_t527
26091,q25_t527
26091,q25_t528
26092,q25_t528
26092,q25_t529
26092,q41_t528
26092,q41_t529
26093,q25_t529
26093,q25_t530
26094,q25_t530
26094,q25_t531
26095,q25_t531
26095,q25_t532
26095,q42_t531
26095,q42_t532
26096,q25_t532
26096,q25_t533
26097,q25_t533
26097,q25_t534
26098,q25_t534
26098,q25_t535
26098,q43_t534
26098,q43_t535
26099,q25_t535
26099,q25_t536
26100,q25_t536
26100,q25_t537
26101,q25_t537
26101,q25_t538
26101,q44_t537
26101,q44_t538
26102,q25_t538
26102,q25_t539
26103,q25_t539
26103,q25_t540
26104,q25_t540
26104,q25_t541
26104,q45_t540
26104,q45_t541
26105,q25_t541
26105,q25_t542
26106,q25_t542
26106,q25_t543
26107,q25_t543
26107,q25_t544
26107,q46_t543
26107,q46_t544
26108,q25_t544
26108,q25_t545
26109,q25_t545
26109,q25_t546
26110,q25_t546
26110,q25_t547
26110,q47_t546
26110,q47_t547
26111,q25_t547
26111,q25_t548
26112,q25_t548
26112,q25_t549
26113,q25_t549
26113,q25_t550
26113,q48_t549
26113,q48_t550
26114,q25_t550
26114,q25_t551
26115,q25_t551
26115,q25_t552
26116,q25_t552
26116,q25_t553
26116,q49_t552
26116,q49_t553
26117,q25_t553
26117,q25_t554
26118,q25_t554
26118,q25_t555
26119,q25_t555
26119,q25_t556
26119,q50_t555
26119,q50_t556
26120,q25_t556
26120,q25_t557
26121,q25_t557
26121,q25_t558
26122,q25_t558
26122,q25_t559
26122,q51_t558
26122,q51_t559
26123,q25_t559
26123,q25_t560
26124,q25_t560
26124,q25_t561
26125,q25_t561
26125,q25_t562
26125,q52_t561
26125,q52_t562
26126,q25_t562
26126,q25_t563
26127,q25_t563
26127,q25_t564
26128,q25_t564
26128,q25_t565
26128,q53_t564
26128,q53_t565
26129,q25_t565
26129,q25_t566
26130,q25_t566
26130,q25_t567
26131,q25_t567
26131,q25_t568
26131,q54_t567
26131,q54_t568
26132,q25_t568
26132,q25_t569
26133,q25_t569
26133,q25_t570
26134,q25_t570
26134,q25_t571
26134,q55_t570
26134,q55_t571
26135,q25_t571
26135,q25_t572
26136,q25_t572
26136,q25_t573
26137,q25_t573
26137,q25_t574
26137,q56_t573
26137,q56_t574
26138,q25_t574
26138,q25_t575
26139,q25_t575
26139,q25_t576
26140,q25_t576
26140,q25_t577
26140,q57_t576
26140,q57_t577
26141,q25_t577
26141,q25_t578
26142,q25_t578
26142,q25_t579
26143,q25_t579
26143,q25_t580
26143,q58_t579
26143,q58_t580
26144,q25_t580
26144,q25_t581
26145,q25_t581
26145,q25_t582
26146,q25_t582
26146,q25_t583
26146,q59_t582
26146,q59_t583
26147,q25_t583
26147,q25_t584
26148,q25_t584
26148,q25_t585
26149,q25_t585
26149,q25_t586
26149,q60_t585
26149,q60_t586
26150,q25_t586
26150,q25_t587
26151,q25_t587
26151,q25_t588
26152,q25_t588
26152,q25_t589
26152,q61_t588
26152,q61_t589
26153,q25_t589
26153,q25_t590
26154,q25_t590
26154,q25_t591
26155,q25_t591
26155,q25_t592
26155,q62_t591
26155,q62_t592
26156,q25_t592
26156,q25_t593
26157,q25_t593
26157,q25_t594
26158,q25_t594
26158,q25_t595
26158,q63_t594
26158,q63_t595
26159,q25_t595
26159,q25_t596
26160,q25_t596
26160,q25_t597
26161,q25_t597
26161,q25_t598
26161,q64_t597
26161,q64_t598
26162,q25_t598
26162,q25_t599
26163,q25_t599
26163,q25_t600
26164,q25_t600
26164,q25_t601
26164,q65_t600
26164,q65_t601
26165,q25_t601
26165,q25_t602
26166,q25_t602
26166,q25_t603
26167,q25_t603
26167,q25_t604
26167,q66_t603
26167,q66_t604
26168,q25_t604
26168,q25_t605
26169,q25_t605
26169,q25_t606
26170,q25_t606
26170,q25_t607
26170,q67_t606
26170,q67_t607
26171,q25_t607
26171,q25_t608
26172,q25_t608
26172,q25_t609
26173,q25_t609
26173,q25_t610
26173,q68_t609
26173,q68_t610
26174,q25_t610
26174,q25_t611
26175,q25_t611
26175,q25_t612
26176,q25_t612
26176,q25_t613
26176,q69_t612
26176,q69_t613
26177,q25_t613
26177,q25_t614
26178,q25_t614
26178,q25_t615
26179,q25_t615
26179,q25_t616
26179,q70_t615
26179,q70_t616
26180,q25_t616
26180,q25_t617
26181,q25_t617
26181,q25_t618
26182,q25_t618
26182,q25_t619
26182,q71_t618
26182,q71_t619
26183,q25_t619
26183,q25_t620
26184,q25_t620
26184,q25_t621
26185,q25_t621
26185,q25_t622
26185,q72_t621
26185,q72_t622
26186,q25_t622
26186,q25_t623
26187,q25_t623
26187,q25_t624
26188,q25_t624
26188,q25_t625
26188,q73_t624
26188,q73_t625
26189,q25_t625
26189,q25_t626
26190,q25_t626
26190,q25_t627
26191,q25_t627
26191,q25_t628
26191,q74_t627
26191,q74_t628
26192,q25_t628
26192,q25_t629
26193,q25_t629
26193,q25_t630
26194,q25_t630
26194,q25_t631
26194,q75_t630
26194,q75_t631
26195,q25_t631
26195,q25_t632
26196,q25_t632
26196,q25_t633
26197,q25_t633
26197,q25_t634
26197,q76_t633
26197,q76_t634
26198,q25_t634
26198,q25_t635
26199,q25_t635
26199,q25_t636
26200,q25_t636
26200,q25_t637
26200,q77_t636
26200,q77_t637
26201,q25_t637
26201,q25_t638
26202,q25_t638
26202,q25_t639
26203,q25_t639
26203,q25_t640
26203,q78_t639
26203,q78_t640
26204,q25_t640
26204,q25_t641
26205,q25_t641
26205,q25_t642
26206,q25_t642
26206,q25_t643
26206,q79_t642
26206,q79_t643
26207,q25_t643
26207,q25_t644
26208,q25_t644
26208,q25_t645
26209,q25_t645
26209,q25_t646
26209,q80_t645
26209,q80_t646
26210,q25_t646
26210,q25_t647
26211,q25_t647
26211,q25_t648
26212,q25_t648
26212,q25_t649
26212,q81_t648
26212,q81_t649
26213,q25_t649
26213,q25_t650
26214,q25_t650
26214,q25_t651
26215,q25_t651
26215,q25_t652
26215,q82_t651
26215,q82_t652
26216,q25_t652
26216,q25_t653
26217,q25_t653
26217,q25_t654
26218,q25_t654
26218,q25_t655
26218,q83_t654
26218,q83_t655
26219,q25_t655
26219,q25_t656
26220,q25_t656
26220,q25_t657
26221,q25_t657
26221,q25_t658
26221,q84_t657
26221,q84_t658
26222,q25_t658
26222,q25_t659
26223,q25_t659
26223,q25_t660
26224,q25_t660
26224,q25_t661
26224,q85_t660
26224,q85_t661
26225,q25_t661
26225,q25_t662
26226,q25_t662
26226,q25_t663
26227,q25_t663
26227,q25_t664
26227,q86_t663
26227,q86_t664
26228,q25_t664
26228,q25_t665
26229,q25_t665
26229,q25_t666
26230,q25_t666
26230,q25_t667
26230,q87_t666
26230,q87_t667
26231,q25_t667
26231,q25_t668
26232,q25_t668
26232,q25_t669
26233,q25_t669
26233,q25_t670
26233,q88_t669
26233,q88_t670
26234,q25_t670
26234,q25_t671
26235,q25_t671
26235,q25_t672
26236,q25_t672
26236,q25_t673
26236,q89_t672
26236,q89_t673
26237,q25_t673
26237,q25_t674
26238,q25_t674
26238,q25_t675
26239,q25_t675
26239,q25_t676
26239,q90_t675
26239,q90_t676
26240,q25_t676
26240,q25_t677
26241,q25_t677
26241,q25_t678
26242,q25_t678
26242,q25_t679
26242,q91_t678
26242,q91_t679
26243,q25_t679
26243,q25_t680
26244,q25_t680
26244,q25_t681
26245,q25_t681
26245,q25_t682
26245,q92_t681
26245,q92_t682
26246,q25_t682
26246,q25_t683
26247,q25_t683
26247,q25_t684
26248,q25_t684
26248,q25_t685
26248,q93_t684
26248,q93_t685
26249,q25_t685
26249,q25_t686
26250,q25_t686
26250,q25_t687
26251,q25_t687
26251,q25_t688
26251,q94_t687
26251,q94_t688
26252,q25_t688
26252,q25_t689
26253,q25_t689
26253,q25_t690
26254,q25_t690
26254,q25_t691
26254,q95_t690
26254,q95_t691
26255,q25_t691
26255,q25_t692
26256,q25_t692
26256,q25_t693
26257,q25_t693
26257,q25_t694
26257,q96_t693
26257,q96_t694
26258,q25_t694
26258,q25_t695
26259,q25_t695
26259,q25_t696
26260,q25_t696
26260,q25_t697
26260,q97_t696
26260,q97_t697
26261,q25_t697
26261,q25_t698
26262,q25_t698
26262,q25_t699
26263,q25_t699
26263,q25_t700
26263,q98_t699
26263,q98_t700
26264,q25_t700
26264,q25_t701
26265,q25_t701
26265,q25_t702
26266,q25_t702
26266,q25_t703
26266,q99_t702
26266,q99_t703
26267,q25_t703
26267,q25_t704
26268,q25_t704
26268,q25_t705
26269,q25_t706
26269,q25_t707
26270,q25_t707
26270,q25_t708
26271,q25_t709
26271,q25_t710
26272,q25_t710
26272,q25_t711
26273,q25_t712
26273,q25_t713
26274,q25_t713
26274,q25_t714
26275,q25_t715
26275,q25_t716
26276,q25_t716
26276,q25_t717
26277,q25_t718
26277,q25_t719
26278,q25_t719
26278,q25_t720
26279,q25_t721
26279,q25_t722
26280,q25_t722
26280,q25_t723
26281,q25_t724
26281,q25_t725
26282,q25_t725
26282,q25_t726
26283,q25_t727
26283,q25_t728
26284,q25_t728
26284,q25_t729
26285,q25_t730
26285,q25_t731
26286,q25_t731
26286,q25_t732
26287,q25_t733
26287,q25_t734
26288,q25_t734
26288,q25_t735
26289,q25_t735
26289,q25_t736
26290,q25_t737
26290,q25_t738
26291,q25_t738
26291,q25_t739
26292,q25_t740
26292,q25_t741
26293,q25_t741
26293,q25_t742
26294,q25_t742
26294,q25_t743
26294,q2_t742
26294,q2_t743
26295,q25_t743
26295,q25_t744
26296,q25_t744
26296,q25_t745
26297,q25_t745
26297,q25_t746
26297,q3_t745
26297,q3_t746
26298,q25_t746
26298,q25_t747
26299,q25_t747
26299,q25_t748
26300,q25_t748
26300,q25_t749
26300,q4_t748
26300,q4_t749
26301,q25_t749
26301,q25_t750
26302,q25_t75
26302,q25_t76
26303,q25_t750
26303,q25_t751
26304,q25_t751
26304,q25_t752
26304,q5_t751
26304,q5_t752
26305,q25_t752
26305,q25_t753
26306,q25_t753
26306,q25_t754
26307,q25_t754
26307,q25_t755
26307,q6_t754
26307,q6_t755
26308,q25_t755
26308,q25_t756
26309,q25_t756
26309,q25_t757
26310,q25_t757
26310,q25_t758
26310,q7_t757
26310,q7_t758
26311,q25_t758
26311,q25_t759
26312,q25_t759
26312,q25_t760
26313,q25_t76
26313,q25_t77
26314,q25_t760
26314,q25_t761
26314,q8_t760
26314,q8_t761
26315,q25_t761
26315,q25_t762
26316,q25_t762
26316,q25_t763
26317,q25_t763
26317,q25_t764
26317,q9_t763
26317,q9_t764
26318,q25_t764
26318,q25_t765
26319,q25_t765
26319,q25_t766
26320,q25_t767
26320,q25_t768
26321,q25_t768
26321,q25_t769
26322,q25_t770
26322,q25_t771
26323,q25_t771
26323,q25_t772
26324,q25_t773
26324,q25_t774
26325,q25_t774
26325,q25_t775
26326,q25_t776
26326,q25_t777
26327,q25_t777
26327,q25_t778
26328,q25_t779
26328,q25_t780
26329,q25_t78
26329,q25_t79
26330,q25_t780
26330,q25_t781
26331,q25_t782
26331,q25_t783
26332,q25_t783
26332,q25_t784
26333,q25_t785
26333,q25_t786
26334,q25_t786
26334,q25_t787
26335,q25_t788
26335,q25_t789
26336,q25_t789
26336,q25_t790
26337,q25_t79
26337,q25_t80
26338,q25_t791
26338,q25_t792
26339,q25_t792
26339,q25_t793
26340,q25_t794
26340,q25_t795
26341,q25_t795
26341,q25_t796
26342,q25_t797
26342,q25_t798
26343,q25_t798
26343,q25_t799
26344,q25_t80
26344,q25_t81
26344,q2_t80
26344,q2_t81
26345,q25_t800
26345,q25_t801
26346,q25_t801
26346,q25_t802
26347,q25_t803
26347,q25_t804
26348,q25_t804
26348,q25_t805
26349,q25_t806
26349,q25_t807
26350,q25_t807
26350,q25_t808
26351,q25_t809
26351,q25_t810
26352,q25_t81
26352,q25_t82
26353,q25_t810
26353,q25_t814
26354,q25_t814
26354,q25_t815
26354,q26_t814
26354,q26_t815
26355,q25_t815
26355,q25_t816
26356,q25_t816
26356,q25_t817
26357,q25_t817
26357,q25_t818
26357,q27_t817
26357,q27_t818
26358,q25_t818
26358,q25_t819
26359,q25_t819
26359,q25_t820
26360,q25_t82
26360,q25_t83
26361,q25_t820
26361,q25_t821
26361,q28_t820
26361,q28_t821
26362,q25_t821
26362,q25_t822
26363,q25_t822
26363,q25_t823
26364,q25_t823
26364,q25_t824
26364,q29_t823
26364,q29_t824
26365,q25_t824
26365,q25_t825
26366,q25_t825
26366,q25_t826
26367,q25_t826
26367,q25_t827
26367,q30_t826
26367,q30_t827
26368,q25_t827
26368,q25_t828
26369,q25_t828
26369,q25_t829
26370,q25_t829
26370,q25_t830
26370,q31_t829
26370,q31_t830
26371,q25_t83
26371,q25_t84
26371,q3_t83
26371,q3_t84
26372,q25_t830
26372,q25_t831
26373,q25_t831
26373,q25_t832
26374,q25_t832
26374,q25_t833
26374,q32_t832
26374,q32_t833
26375,q25_t833
26375,q25_t834
26376,q25_t834
26376,q25_t835
26377,q25_t835
26377,q25_t836
26377,q33_t835
26377,q33_t836
26378,q25_t836
26378,q25_t837
26379,q25_t837
26379,q25_t838
26380,q25_t838
26380,q25_t839
26380,q34_t838
26380,q34_t839
26381,q25_t839
26381,q25_t840
26382,q25_t84
26382,q25_t85
26383,q25_t840
26383,q25_t841
26384,q25_t841
26384,q25_t842
26384,q35_t841
26384,q35_t842
26385,q25_t842
26385,q25_t843
26386,q25_t843
26386,q25_t844
26387,q25_t844
26387,q25_t845
26387,q36_t844
26387,q36_t845
26388,q25_t845
26388,q25_t846
26389,q25_t846
26389,q25_t847
26390,q25_t847
26390,q25_t848
26390,q37_t847
26390,q37_t848
26391,q25_t848
26391,q25_t849
26392,q25_t849
26392,q25_t850
26393,q25_t85
26393,q25_t86
26394,q25_t850
26394,q25_t851
26394,q38_t850
26394,q38_t851
26395,q25_t851
26395,q25_t852
26396,q25_t852
26396,q25_t853
26397,q25_t853
26397,q25_t854
26397,q39_t853
26397,q39_t854
26398,q25_t854
26398,q25_t855
26399,q25_t855
26399,q25_t856
26400,q25_t856
26400,q25_t857
26400,q40_t856
26400,q40_t857
26401,q25_t857
26401,q25_t858
26402,q25_t858
26402,q25_t859
26403,q25_t859
26403,q25_t860
26403,q41_t859
26403,q41_t860
26404,q25_t86
26404,q25_t87
26404,q4_t86
26404,q4_t87
26405,q25_t860
26405,q25_t861
26406,q25_t861
26406,q25_t862
26407,q25_t862
26407,q25_t863
26407,q42_t862
26407,q42_t863
26408,q25_t863
26408,q25_t864
26409,q25_t864
26409,q25_t865
26410,q25_t865
26410,q25_t866
26410,q43_t865
26410,q43_t866
26411,q25_t866
26411,q25_t867
26412,q25_t867
26412,q25_t868
26413,q25_t868
26413,q25_t869
26413,q44_t868
26413,q44_t869
26414,q25_t869
26414,q25_t870
26415,q25_t87
26415,q25_t88
26416,q25_t870
26416,q25_t871
26417,q25_t871
26417,q25_t872
26417,q45_t871
26417,q45_t872
26418,q25_t872
26418,q25_t873
26419,q25_t873
26419,q25_t874
26420,q25_t874
26420,q25_t875
26420,q46_t874
26420,q46_t875
26421,q25_t875
26421,q25_t876
26422,q25_t876
26422,q25_t877
26423,q25_t877
26423,q25_t878
26423,q47_t877
26423,q47_t878
26424,q25_t878
26424,q25_t879
26425,q25_t879
26425,q25_t880
26426,q25_t88
26426,q25_t89
26427,q25_t880
26427,q25_t881
26427,q48_t880
26427,q48_t881
26428,q25_t881
26428,q25_t882
26429,q25_t882
26429,q25_t883
26430,q25_t883
26430,q25_t884
26430,q49_t883
26430,q49_t884
26431,q25_t884
26431,q25_t885
26432,q25_t885
26432,q25_t886
26433,q25_t886
26433,q25_t887
26433,q50_t886
26433,q50_t887
26434,q25_t887
26434,q25_t888
26435,q25_t888
26435,q25_t889
26436,q25_t889
26436,q25_t890
26436,q51_t889
26436,q51_t890
26437,q25_t89
26437,q25_t90
26437,q5_t89
26437,q5_t90
26438,q25_t890
26438,q25_t891
26439,q25_t891
26439,q25_t892
26440,q25_t892
26440,q25_t893
26440,q52_t892
26440,q52_t893
26441,q25_t893
26441,q25_t894
26442,q25_t894
26442,q25_t895
26443,q25_t895
26443,q25_t896
26443,q53_t895
26443,q53_t896
26444,q25_t896
26444,q25_t897
26445,q25_t897
26445,q25_t898
26446,q25_t898
26446,q25_t899
26446,q54_t898
26446,q54_t899
26447,q25_t899
26447,q25_t900
26448,q25_t90
26448,q25_t91
26449,q25_t900
26449,q25_t901
26450,q25_t901
26450,q25_t902
26450,q55_t901
26450,q55_t902
26451,q25_t902
26451,q25_t903
26452,q25_t903
26452,q25_t904
26453,q25_t904
26453,q25_t905
26453,q56_t904
26453,q56_t905
26454,q25_t905
26454,q25_t906
26455,q25_t906
26455,q25_t907
26456,q25_t907
26456,q25_t908
26456,q57_t907
26456,q57_t908
26457,q25_t908
26457,q25_t909
26458,q25_t909
26458,q25_t910
26459,q25_t91
26459,q25_t92
26460,q25_t910
26460,q25_t911
26460,q58_t910
26460,q58_t911
26461,q25_t911
26461,q25_t912
26462,q25_t912
26462,q25_t913
26463,q25_t913
26463,q25_t914
26463,q59_t913
26463,q59_t914
26464,q25_t914
26464,q25_t915
26465,q25_t915
26465,q25_t916
26466,q25_t916
26466,q25_t917
26466,q60_t916
26466,q60_t917
26467,q25_t917
26467,q25_t918
26468,q25_t918
26468,q25_t919
26469,q25_t919
26469,q25_t920
26469,q61_t919
26469,q61_t920
26470,q25_t92
26470,q25_t93
26470,q6_t92
26470,q6_t93
26471,q25_t920
26471,q25_t921
26472,q25_t921
26472,q25_t922
26473,q25_t922
26473,q25_t923
26473,q62_t922
26473,q62_t923
26474,q25_t923
26474,q25_t924
26475,q25_t924
26475,q25_t925
26476,q25_t925
26476,q25_t926
26476,q63_t925
26476,q63_t926
26477,q25_t926
26477,q25_t927
26478,q25_t927
26478,q25_t928
26479,q25_t928
26479,q25_t929
26479,q64_t928
26479,q64_t929
26480,q25_t929
26480,q25_t930
26481,q25_t93
26481,q25_t94
26482,q25_t930
26482,q25_t931
26483,q25_t931
26483,q25_t932
26483,q65_t931
26483,q65_t932
26484,q25_t932
26484,q25_t933
26485,q25_t933
26485,q25_t934
26486,q25_t934
26486,q25_t935
26486,q66_t934
26486,q66_t935
26487,q25_t935
26487,q25_t936
26488,q25_t936
26488,q25_t937
26489,q25_t937
26489,q25_t938
26489,q67_t937
26489,q67_t938
26490,q25_t938
26490,q25_t939
26491,q25_t939
26491,q25_t940
26492,q25_t94
26492,q25_t95
26493,q25_t940
26493,q25_t941
26493,q68_t940
26493,q68_t941
26494,q25_t941
26494,q25_t942
26495,q25_t942
26495,q25_t943
26496,q25_t943
26496,q25_t944
26496,q69_t943
26496,q69_t944
26497,q25_t944
26497,q25_t945
26498,q25_t945
26498,q25_t946
26499,q25_t946
26499,q25_t947
26499,q70_t946
26499,q70_t947
26500,q25_t947
26500,q25_t948
26501,q25_t948
26501,q25_t949
26502,q25_t949
26502,q25_t950
26502,q71_t949
26502,q71_t950
26503,q25_t95
26503,q25_t96
26503,q7_t95
26503,q7_t96
26504,q25_t950
26504,q25_t951
26505,q25_t951
26505,q25_t952
26506,q25_t952
26506,q25_t953
26506,q72_t952
26506,q72_t953
26507,q25_t953
26507,q25_t954
26508,q25_t954
26508,q25_t955
26509,q25_t955
26509,q25_t956
26509,q73_t955
26509,q73_t956
26510,q25_t956
26510,q25_t957
26511,q25_t957
26511,q25_t958
26512,q25_t958
26512,q25_t959
26512,q74_t958
26512,q74_t959
26513,q25_t959
26513,q25_t960
26514,q25_t96
26514,q25_t97
26515,q25_t960
26515,q25_t961
26516,q25_t961
26516,q25_t962
26516,q75_t961
26516,q75_t962
26517,q25_t962
26517,q25_t963
26518,q25_t963
26518,q25_t964
26519,q25_t964
26519,q25_t965
26519,q76_t964
26519,q76_t965
26520,q25_t965
26520,q25_t966
26521,q25_t966
26521,q25_t967
26522,q25_t967
26522,q25_t968
26522,q77_t967
26522,q77_t968
26523,q25_t968
26523,q25_t969
26524,q25_t969
26524,q25_t970
26525,q25_t97
26525,q25_t98
26526,q25_t970
26526,q25_t971
26526,q78_t970
26526,q78_t971
26527,q25_t971
26527,q25_t972
26528,q25_t972
26528,q25_t973
26529,q25_t973
26529,q25_t974
26529,q79_t973
26529,q79_t974
26530,q25_t974
26530,q25_t975
26531,q25_t975
26531,q25_t976
26532,q25_t976
26532,q25_t977
26532,q80_t976
26532,q80_t977
26533,q25_t977
26533,q25_t978
26534,q25_t978
26534,q25_t979
26535,q25_t979
26535,q25_t980
26535,q81_t979
26535,q81_t980
26536,q25_t98
26536,q25_t99
26536,q8_t98
26536,q8_t99
26537,q25_t980
26537,q25_t981
26538,q25_t981
26538,q25_t982
26539,q25_t982
26539,q25_t983
26539,q82_t982
26539,q82_t983
26540,q25_t983
26540,q25_t984
26541,q25_t984
26541,q25_t985
26542,q25_t985
26542,q25_t986
26542,q83_t985
26542,q83_t986
26543,q25_t986
26543,q25_t987
26544,q25_t987
26544,q25_t988
26545,q25_t988
26545,q25_t989
26545,q84_t988
26545,q84_t989
26546,q25_t989
26546,q25_t990
26547,q25_t990
26547,q25_t991
26548,q25_t991
26548,q25_t992
26548,q85_t991
26548,q85_t992
26549,q25_t992
26549,q25_t993
26550,q25_t993
26550,q25_t994
26551,q25_t994
26551,q25_t995
26551,q86_t994
26551,q86_t995
26552,q25_t995
26552,q25_t996
26553,q25_t996
26553,q25_t997
26554,q25_t997
26554,q25_t998
26554,q87_t997
26554,q87_t998
26555,q25_t998
26555,q25_t999
26556,q26_t0
26556,q26_t1
26557,q26_t1
26557,q26_t77
26558,q26_t100
26558,q26_t101
26559,q26_t100
26559,q26_t99
26560,q26_t1000
26560,q26_t1001
26560,q87_t1000
26560,q87_t1001
26561,q26_t1000
26561,q26_t999
26562,q26_t1001
26562,q26_t1002
26563,q26_t1002
26563,q26_t1003
26564,q26_t1003
26564,q26_t1004
26564,q88_t1003
26564,q88_t1004
26565,q26_t1004
26565,q26_t1005
26566,q26_t1005
26566,q26_t1006
26567,q26_t1006
26567,q26_t1007
26567,q89_t1006
26567,q89_t1007
26568,q26_t1007
26568,q26_t1008
26569,q26_t1008
26569,q26_t1009
26570,q26_t1009
26570,q26_t1010
26570,q90_t1009
26570,q90_t1010
26571,q26_t101
26571,q26_t102
26571,q8_t101
26571,q8_t102
26572,q26_t1010
26572,q26_t1011
26573,q26_t1011
26573,q26_t1012
26574,q26_t1012
26574,q26_t1013
26574,q91_t1012
26574,q91_t1013
26575,q26_t1013
26575,q26_t1014
26576,q26_t1014
26576,q26_t1015
26577,q26_t1015
26577,q26_t1016
26577,q92_t1015
26577,q92_t1016
26578,q26_t1016
26578,q26_t1017
26579,q26_t1017
26579,q26_t1018
26580,q26_t1018
26580,q26_t1019
26580,q93_t1018
26580,q93_t1019
26581,q26_t1019
26581,q26_t1020
26582,q26_t102
26582,q26_t103
26583,q26_t1020
26583,q26_t1021
26584,q26_t1021
26584,q26_t1022
26584,q94_t1021
26584,q94_t1022
26585,q26_t1022
26585,q26_t1023
26586,q26_t1023
26586,q26_t1024
26587,q26_t1024
26587,q26_t1025
26587,q95_t1024
26587,q95_t1025
26588,q26_t1025
26588,q26_t1026
26589,q26_t1026
26589,q26_t1027
26590,q26_t1027
26590,q26_t1028
26590,q96_t1027
26590,q96_t1028
26591,q26_t1028
26591,q26_t1029
26592,q26_t1029
26592,q26_t1030
26593,q26_t103
26593,q26_t104
26594,q26_t1030
26594,q26_t1031
26594,q97_t1030
26594,q97_t1031
26595,q26_t1031
26595,q26_t1032
26596,q26_t1032
26596,q26_t1033
26597,q26_t1033
26597,q26_t1034
26597,q98_t1033
26597,q98_t1034
26598,q26_t1034
26598,q26_t1035
26599,q26_t1035
26599,q26_t1036
26600,q26_t1036
26600,q26_t1037
26600,q99_t1036
26600,q99_t1037
26601,q26_t1037
26601,q26_t1038
26602,q26_t1038
26602,q26_t1039
26603,q26_t104
26603,q26_t105
26603,q9_t104
26603,q9_t105
26604,q26_t1040
26604,q26_t1041
26605,q26_t1041
26605,q26_t1042
26606,q26_t1043
26606,q26_t1044
26607,q26_t1044
26607,q26_t1045
26608,q26_t1046
26608,q26_t1047
26609,q26_t1047
26609,q26_t1048
26610,q26_t1049
26610,q26_t1050
26611,q26_t105
26611,q26_t106
26612,q26_t1050
26612,q26_t1051
26613,q26_t1052
26613,q26_t1053
26614,q26_t1053
26614,q26_t1054
26615,q26_t1055
26615,q26_t1056
26616,q26_t1056
26616,q26_t1057
26617,q26_t1058
26617,q26_t1059
26618,q26_t1059
26618,q26_t1060
26619,q26_t106
26619,q26_t107
26620,q26_t1061
26620,q26_t1062
26621,q26_t1062
26621,q26_t1063
26622,q26_t1064
26622,q26_t1065
26623,q26_t1065
26623,q26_t1066
26624,q26_t1067
26624,q26_t1068
26625,q26_t1068
26625,q26_t1069
26626,q26_t108
26626,q26_t109
26627,q26_t109
26627,q26_t110
26628,q26_t111
26628,q26_t112
26629,q26_t112
26629,q26_t113
26630,q26_t114
26630,q26_t115
26631,q26_t115
26631,q26_t116
26632,q26_t117
26632,q26_t118
26633,q26_t118
26633,q26_t119
26634,q26_t120
26634,q26_t121
26635,q26_t121
26635,q26_t122
26636,q26_t123
26636,q26_t124
26637,q26_t124
26637,q26_t125
26638,q26_t126
26638,q26_t127
26639,q26_t127
26639,q26_t128
26640,q26_t129
26640,q26_t130
26641,q26_t130
26641,q26_t131
26642,q26_t132
26642,q26_t133
26643,q26_t133
26643,q26_t134
26644,q26_t135
26644,q26_t136
26645,q26_t136
26645,q26_t137
26646,q26_t138
26646,q26_t139
26647,q26_t139
26647,q26_t140
26648,q26_t141
26648,q26_t142
26649,q26_t142
26649,q26_t143
26650,q26_t144
26650,q26_t145
26651,q26_t145
26651,q26_t146
26652,q26_t147
26652,q26_t148
26653,q26_t148
26653,q26_t149
26654,q26_t150
26654,q26_t151
26655,q26_t151
26655,q26_t152
26656,q26_t153
26656,q26_t154
26657,q26_t154
26657,q26_t158
26658,q26_t158
26658,q26_t159
26658,q27_t158
26658,q27_t159
26659,q26_t159
26659,q26_t160
26660,q26_t160
26660,q26_t161
26661,q26_t161
26661,q26_t162
26661,q28_t161
26661,q28_t162
26662,q26_t162
26662,q26_t163
26663,q26_t163
26663,q26_t164
26664,q26_t164
26664,q26_t165
26664,q29_t164
26664,q29_t165
26665,q26_t165
26665,q26_t166
26666,q26_t166
26666,q26_t167
26667,q26_t167
26667,q26_t168
26667,q30_t167
26667,q30_t168
26668,q26_t168
26668,q26_t169
26669,q26_t169
26669,q26_t170
26670,q26_t170
26670,q26_t171
26670,q31_t170
26670,q31_t171
26671,q26_t171
26671,q26_t172
26672,q26_t172
26672,q26_t173
26673,q26_t173
26673,q26_t174
26673,q32_t173
26673,q32_t174
26674,q26_t174
26674,q26_t175
26675,q26_t175
26675,q26_t176
26676,q26_t176
26676,q26_t177
26676,q33_t176
26676,q33_t177
26677,q26_t177
26677,q26_t178
26678,q26_t178
26678,q26_t179
26679,q26_t179
26679,q26_t180
26679,q34_t179
26679,q34_t180
26680,q26_t180
26680,q26_t181
26681,q26_t181
26681,q26_t182
26682,q26_t182
26682,q26_t183
26682,q35_t182
26682,q35_t183
26683,q26_t183
26683,q26_t184
26684,q26_t184
26684,q26_t185
26685,q26_t185
26685,q26_t186
26685,q36_t185
26685,q36_t186
26686,q26_t186
26686,q26_t187
26687,q26_t187
26687,q26_t188
26688,q26_t188
26688,q26_t189
26688,q37_t188
26688,q37_t189
26689,q26_t189
26689,q26_t190
26690,q26_t190
26690,q26_t191
26691,q26_t191
26691,q26_t192
26691,q38_t191
26691,q38_t192
26692,q26_t192
26692,q26_t193
26693,q26_t193
26693,q26_t194
26694,q26_t194
26694,q26_t195
26694,q39_t194
26694,q39_t195
26695,q26_t195
26695,q26_t196
26696,q26_t196
26696,q26_t197
26697,q26_t197
26697,q26_t198
26697,q40_t197
26697,q40_t198
26698,q26_t198
26698,q26_t199
26699,q26_t199
26699,q26_t200
26700,q26_t200
26700,q26_t201
26700,q41_t200
26700,q41_t201
26701,q26_t201
26701,q26_t202
26702,q26_t202
26702,q26_t203
26703,q26_t203
26703,q26_t204
26703,q42_t203
26703,q42_t204
26704,q26_t204
26704,q26_t205
26705,q26_t205
26705,q26_t206
26706,q26_t206
26706,q26_t207
26706,q43_t206
26706,q43_t207
26707,q26_t207
26707,q26_t208
26708,q26_t208
26708,q26_t209
26709,q26_t209
26709,q26_t210
26709,q44_t209
26709,q44_t210
26710,q26_t210
26710,q26_t211
26711,q26_t211
26711,q26_t212
26712,q26_t212
26712,q26_t213
26712,q45_t212
26712,q45_t213
26713,q26_t213
26713,q26_t214
26714,q26_t214
26714,q26_t215
26715,q26_t215
26715,q26_t216
26715,q46_t215
26715,q46_t216
26716,q26_t216
26716,q26_t217
26717,q26_t217
26717,q26_t218
26718,q26_t218
26718,q26_t219
26718,q47_t218
26718,q47_t219
26719,q26_t219
26719,q26_t220
26720,q26_t220
26720,q26_t221
26721,q26_t221
26721,q26_t222
26721,q48_t221
26721,q48_t222
26722,q26_t222
26722,q26_t223
26723,q26_t223
26723,q26_t224
26724,q26_t224
26724,q26_t225
26724,q49_t224
26724,q49_t225
26725,q26_t225
26725,q26_t226
26726,q26_t226
26726,q26_t227
26727,q26_t227
26727,q26_t228
26727,q50_t227
26727,q50_t228
26728,q26_t228
26728,q26_t229
26729,q26_t229
26729,q26_t230
26730,q26_t230
26730,q26_t231
26730,q51_t230
26730,q51_t231
26731,q26_t231
26731,q26_t232
26732,q26_t232
26732,q26_t233
26733,q26_t233
26733,q26_t234
26733,q52_t233
26733,q52_t234
26734,q26_t234
26734,q26_t235
26735,q26_t235
26735,q26_t236
26736,q26_t236
26736,q26_t237
26736,q53_t236
26736,q53_t237
26737,q26_t237
26737,q26_t238
26738,q26_t238
26738,q26_t239
26739,q26_t239
26739,q26_t240
26739,q54_t239
26739,q54_t240
26740,q26_t240
26740,q26_t241
26741,q26_t241
26741,q26_t242
26742,q26_t242
26742,q26_t243
26742,q55_t242
26742,q55_t243
26743,q26_t243
26743,q26_t244
26744,q26_t244
26744,q26_t245
26745,q26_t245
26745,q26_t246
26745,q56_t245
26745,q56_t246
26746,q26_t246
26746,q26_t247
26747,q26_t247
26747,q26_t248
26748,q26_t248
26748,q26_t249
26748,q57_t248
26748,q57_t249
26749,q26_t249
26749,q26_t250
26750,q26_t250
26750,q26_t251
26751,q26_t251
26751,q26_t252
26751,q58_t251
26751,q58_t252
26752,q26_t252
26752,q26_t253
26753,q26_t253
26753,q26_t254
26754,q26_t254
26754,q26_t255
26754,q59_t254
26754,q59_t255
26755,q26_t255
26755,q26_t256
26756,q26_t256
26756,q26_t257
26757,q26_t257
26757,q26_t258
26757,q60_t257
26757,q60_t258
26758,q26_t258
26758,q26_t259
26759,q26_t259
26759,q26_t260
26760,q26_t260
26760,q26_t261
26760,q61_t260
26760,q61_t261
26761,q26_t261
26761,q26_t262
26762,q26_t262
26762,q26_t263
26763,q26_t263
26763,q26_t264
26763,q62_t263
26763,q62_t264
26764,q26_t264
26764,q26_t265
26765,q26_t265
26765,q26_t266
26766,q26_t266
26766,q26_t267
26766,q63_t266
26766,q63_t267
26767,q26_t267
26767,q26_t268
26768,q26_t268
26768,q26_t269
26769,q26_t269
26769,q26_t270
26769,q64_t269
26769,q64_t270
26770,q26_t270
26770,q26_t271
26771,q26_t271
26771,q26_t272
26772,q26_t272
26772,q26_t273
26772,q65_t272
26772,q65_t273
26773,q26_t273
26773,q26_t274
26774,q26_t274
26774,q26_t275
26775,q26_t275
26775,q26_t276
26775,q66_t275
26775,q66_t276
26776,q26_t276
26776,q26_t277
26777,q26_t277
26777,q26_t278
26778,q26_t278
26778,q26_t279
26778,q67_t278
26778,q67_t279
26779,q26_t279
26779,q26_t280
26780,q26_t280
26780,q26_t281
26781,q26_t281
26781,q26_t282
26781,q68_t281
26781,q68_t282
26782,q26_t282
26782,q26_t283
26783,q26_t283
26783,q26_t284
26784,q26_t284
26784,q26_t285
26784,q69_t284
26784,q69_t285
26785,q26_t285
26785,q26_t286
26786,q26_t286
26786,q26_t287
26787,q26_t287
26787,q26_t288
26787,q70_t287
26787,q70_t288
26788,q26_t288
26788,q26_t289
26789,q26_t289
26789,q26_t290
26790,q26_t290
26790,q26_t291
26790,q71_t290
26790,q71_t291
26791,q26_t291
26791,q26_t292
26792,q26_t292
26792,q26_t293
26793,q26_t293
26793,q26_t294
26793,q72_t293
26793,q72_t294
26794,q26_t294
26794,q26_t295
26795,q26_t295
26795,q26_t296
26796,q26_t296
26796,q26_t297
26796,q73_t296
26796,q73_t297
26797,q26_t297
26797,q26_t298
26798,q26_t298
26798,q26_t299
26799,q26_t299
26799,q26_t300
26799,q74_t299
26799,q74_t300
26800,q26_t300
26800,q26_t301
26801,q26_t301
26801,q26_t302
26802,q26_t302
26802,q26_t303
26802,q75_t302
26802,q75_t303
26803,q26_t303
26803,q26_t304
26804,q26_t304
26804,q26_t305
26805,q26_t305
26805,q26_t306
26805,q76_t305
26805,q76_t306
26806,q26_t306
26806,q26_t307
26807,q26_t307
26807,q26_t308
26808,q26_t308
26808,q26_t309
26808,q77_t308
26808,q77_t309
26809,q26_t309
26809,q26_t310
26810,q26_t310
26810,q26_t311
26811,q26_t311
26811,q26_t312
26811,q78_t311
26811,q78_t312
26812,q26_t312
26812,q26_t313
26813,q26_t313
26813,q26_t314
26814,q26_t314
26814,q26_t315
26814,q79_t314
26814,q79_t315
26815,q26_t315
26815,q26_t316
26816,q26_t316
26816,q26_t317
26817,q26_t317
26817,q26_t318
26817,q80_t317
26817,q80_t318
26818,q26_t318
26818,q26_t319
26819,q26_t319
26819,q26_t320
26820,q26_t320
26820,q26_t321
26820,q81_t320
26820,q81_t321
26821,q26_t321
26821,q26_t322
26822,q26_t322
26822,q26_t323
26823,q26_t323
26823,q26_t324
26823,q82_t323
26823,q82_t324
26824,q26_t324
26824,q26_t325
26825,q26_t325
26825,q26_t326
26826,q26_t326
26826,q26_t327
26826,q83_t326
26826,q83_t327
26827,q26_t327
26827,q26_t328
26828,q26_t328
26828,q26_t329
26829,q26_t329
26829,q26_t330
26829,q84_t329
26829,q84_t330
26830,q26_t330
26830,q26_t331
26831,q26_t331
26831,q26_t332
26832,q26_t332
26832,q26_t333
26832,q85_t332
26832,q85_t333
26833,q26_t333
26833,q26_t334
26834,q26_t334
26834,q26_t335
26835,q26_t335
26835,q26_t336
26835,q86_t335
26835,q86_t336
26836,q26_t336
26836,q26_t337
26837,q26_t337
26837,q26_t338
26838,q26_t338
26838,q26_t339
26838,q87_t338
26838,q87_t339
26839,q26_t339
26839,q26_t340
26840,q26_t340
26840,q26_t341
26841,q26_t341
26841,q26_t342
26841,q88_t341
26841,q88_t342
26842,q26_t342
26842,q26_t343
26843,q26_t343
26843,q26_t344
26844,q26_t344
26844,q26_t345
26844,q89_t344
26844,q89_t345
26845,q26_t345
26845,q26_t346
26846,q26_t346
26846,q26_t347
26847,q26_t347
26847,q26_t348
26847,q90_t347
26847,q90_t348
26848,q26_t348
26848,q26_t349
26849,q26_t349
26849,q26_t350
26850,q26_t350
26850,q26_t351
26850,q91_t350
26850,q91_t351
26851,q26_t351
26851,q26_t352
26852,q26_t352
26852,q26_t353
26853,q26_t353
26853,q26_t354
26853,q92_t353
26853,q92_t354
26854,q26_t354
26854,q26_t355
26855,q26_t355
26855,q26_t356
26856,q26_t356
26856,q26_t357
26856,q93_t356
26856,q93_t357
26857,q26_t357
26857,q26_t358
26858,q26_t358
26858,q26_t359
26859,q26_t359
26859,q26_t360
26859,q94_t359
26859,q94_t360
26860,q26_t360
26860,q26_t361
26861,q26_t361
26861,q26_t362
26862,q26_t362
26862,q26_t363
26862,q95_t362
26862,q95_t363
26863,q26_t363
26863,q26_t364
26864,q26_t364
26864,q26_t365
26865,q26_t365
26865,q26_t366
26865,q96_t365
26865,q96_t366
26866,q26_t366
26866,q26_t367
26867,q26_t367
26867,q26_t368
26868,q26_t368
26868,q26_t369
26868,q97_t368
26868,q97_t369
26869,q26_t369
26869,q26_t370
26870,q26_t370
26870,q26_t371
26871,q26_t371
26871,q26_t372
26871,q98_t371
26871,q98_t372
26872,q26_t372
26872,q26_t373
26873,q26_t373
26873,q26_t374
26874,q26_t374
26874,q26_t375
26874,q99_t374
26874,q99_t375
26875,q26_t375
26875,q26_t376
26876,q26_t376
26876,q26_t377
26877,q26_t378
26877,q26_t379
26878,q26_t379
26878,q26_t380
26879,q26_t381
26879,q26_t382
26880,q26_t382
26880,q26_t383
26881,q26_t384
26881,q26_t385
26882,q26_t385
26882,q26_t386
26883,q26_t387
26883,q26_t388
26884,q26_t388
26884,q26_t389
26885,q26_t390
26885,q26_t391
26886,q26_t391
26886,q26_t392
26887,q26_t393
26887,q26_t394
26888,q26_t394
26888,q26_t395
26889,q26_t396
26889,q26_t397
26890,q26_t397
26890,q26_t398
26891,q26_t399
26891,q26_t400
26892,q26_t400
26892,q26_t401
26893,q26_t402
26893,q26_t403
26894,q26_t403
26894,q26_t404
26895,q26_t405
26895,q26_t406
26896,q26_t406
26896,q26_t407
26897,q26_t407
26897,q26_t408
26898,q26_t409
26898,q26_t410
26899,q26_t410
26899,q26_t411
26900,q26_t412
26900,q26_t413
26901,q26_t413
26901,q26_t414
26902,q26_t414
26902,q26_t415
26902,q2_t414
26902,q2_t415
26903,q26_t415
26903,q26_t416
26904,q26_t416
26904,q26_t417
26905,q26_t417
26905,q26_t418
26905,q3_t417
26905,q3_t418
26906,q26_t418
26906,q26_t419
26907,q26_t419
26907,q26_t420
26908,q26_t420
26908,q26_t421
26908,q4_t420
26908,q4_t421
26909,q26_t421
26909,q26_t422
26910,q26_t422
26910,q26_t423
26911,q26_t423
26911,q26_t424
26911,q5_t423
26911,q5_t424
26912,q26_t424
26912,q26_t425
26913,q26_t425
26913,q26_t426
26914,q26_t426
26914,q26_t427
26914,q6_t426
26914,q6_t427
26915,q26_t427
26915,q26_t428
26916,q26_t428
26916,q26_t429
26917,q26_t429
26917,q26_t430
26917,q7_t429
26917,q7_t430
26918,q26_t430
26918,q26_t431
26919,q26_t431
26919,q26_t432
26920,q26_t432
26920,q26_t433
26920,q8_t432
26920,q8_t433
26921,q26_t433
26921,q26_t434
26922,q26_t434
26922,q26_t435
26923,q26_t435
26923,q26_t436
26923,q9_t435
26923,q9_t436
26924,q26_t436
26924,q26_t437
26925,q26_t437
26925,q26_t438
26926,q26_t439
26926,q26_t440
26927,q26_t440
26927,q26_t441
26928,q26_t442
26928,q26_t443
26929,q26_t443
26929,q26_t444
26930,q26_t445
26930,q26_t446
26931,q26_t446
26931,q26_t447
26932,q26_t448
26932,q26_t449
26933,q26_t449
26933,q26_t450
26934,q26_t451
26934,q26_t452
26935,q26_t452
26935,q26_t453
26936,q26_t454
26936,q26_t455
26937,q26_t455
26937,q26_t456
26938,q26_t457
26938,q26_t458
26939,q26_t458
26939,q26_t459
26940,q26_t460
26940,q26_t461
26941,q26_t461
26941,q26_t462
26942,q26_t463
26942,q26_t464
26943,q26_t464
26943,q26_t465
26944,q26_t466
26944,q26_t467
26945,q26_t467
26945,q26_t468
26946,q26_t469
26946,q26_t470
26947,q26_t470
26947,q26_t471
26948,q26_t472
26948,q26_t473
26949,q26_t473
26949,q26_t474
26950,q26_t475
26950,q26_t476
26951,q26_t476
26951,q26_t477
26952,q26_t478
26952,q26_t479
26953,q26_t479
26953,q26_t480
26954,q26_t481
26954,q26_t482
26955,q26_t482
26955,q26_t483
26956,q26_t484
26956,q26_t485
26957,q26_t485
26957,q26_t489
26958,q26_t489
26958,q26_t490
26958,q27_t489
26958,q27_t490
26959,q26_t490
26959,q26_t491
26960,q26_t491
26960,q26_t492
26961,q26_t492
26961,q26_t493
26961,q28_t492
26961,q28_t493
26962,q26_t493
26962,q26_t494
26963,q26_t494
26963,q26_t495
26964,q26_t495
26964,q26_t496
26964,q29_t495
26964,q29_t496
26965,q26_t496
26965,q26_t497
26966,q26_t497
26966,q26_t498
26967,q26_t498
26967,q26_t499
26967,q30_t498
26967,q30_t499
26968,q26_t499
26968,q26_t500
26969,q26_t500
26969,q26_t501
26970,q26_t501
26970,q26_t502
26970,q31_t501
26970,q31_t502
26971,q26_t502
26971,q26_t503
26972,q26_t503
26972,q26_t504
26973,q26_t504
26973,q26_t505
26973,q32_t504
26973,q32_t505
26974,q26_t505
26974,q26_t506
26975,q26_t506
26975,q26_t507
26976,q26_t507
26976,q26_t508
26976,q33_t507
26976,q33_t508
26977,q26_t508
26977,q26_t509
26978,q26_t509
26978,q26_t510
26979,q26_t510
26979,q26_t511
26979,q34_t510
26979,q34_t511
26980,q26_t511
26980,q26_t512
26981,q26_t512
26981,q26_t513
26982,q26_t513
26982,q26_t514
26982,q35_t513
26982,q35_t514
26983,q26_t514
26983,q26_t515
26984,q26_t515
26984,q26_t516
26985,q26_t516
26985,q26_t517
26985,q36_t516
26985,q36_t517
26986,q26_t517
26986,q26_t518
26987,q26_t518
26987,q26_t519
26988,q26_t519
26988,q26_t520
26988,q37_t519
26988,q37_t520
26989,q26_t520
26989,q26_t521
26990,q26_t521
26990,q26_t522
26991,q26_t522
26991,q26_t523
26991,q38_t522
26991,q38_t523
26992,q26_t523
26992,q26_t524
26993,q26_t524
26993,q26_t525
26994,q26_t525
26994,q26_t526
26994,q39_t525
26994,q39_t526
26995,q26_t526
26995,q26_t527
26996,q26_t527
26996,q26_t528
26997,q26_t528
26997,q26_t529
26997,q40_t528
26997,q40_t529
26998,q26_t529
26998,q26_t530
26999,q26_t530
26999,q26_t531
27000,q26_t531
27000,q26_t532
27000,q41_t531
27000,q41_t532
27001,q26_t532
27001,q26_t533
27002,q26_t533
27002,q26_t534
27003,q26_t534
27003,q26_t535
27003,q42_t534
27003,q42_t535
27004,q26_t535
27004,q26_t536
27005,q26_t536
27005,q26_t537
27006,q26_t537
27006,q26_t538
27006,q43_t537
27006,q43_t538
27007,q26_t538
27007,q26_t539
27008,q26_t539
27008,q26_t540
27009,q26_t540
27009,q26_t541
27009,q44_t540
27009,q44_t541
27010,q26_t541
27010,q26_t542
27011,q26_t542
27011,q26_t543
27012,q26_t543
27012,q26_t544
27012,q45_t543
27012,q45_t544
27013,q26_t544
27013,q26_t545
27014,q26_t545
27014,q26_t546
27015,q26_t546
27015,q26_t547
27015,q46_t546
27015,q46_t547
27016,q26_t547
27016,q26_t548
27017,q26_t548
27017,q26_t549
27018,q26_t549
27018,q26_t550
27018,q47_t549
27018,q47_t550
27019,q26_t550
27019,q26_t551
27020,q26_t551
27020,q26_t552
27021,q26_t552
27021,q26_t553
27021,q48_t552
27021,q48_t553
27022,q26_t553
27022,q26_t554
27023,q26_t554
27023,q26_t555
27024,q26_t555
27024,q26_t556
27024,q49_t555
27024,q49_t556
27025,q26_t556
27025,q26_t557
27026,q26_t557
27026,q26_t558
27027,q26_t558
27027,q26_t559
27027,q50_t558
27027,q50_t559
27028,q26_t559
27028,q26_t560
27029,q26_t560
27029,q26_t561
27030,q26_t561
27030,q26_t562
27030,q51_t561
27030,q51_t562
27031,q26_t562
27031,q26_t563
27032,q26_t563
27032,q26_t564
27033,q26_t564
27033,q26_t565
27033,q52_t564
27033,q52_t565
27034,q26_t565
27034,q26_t566
27035,q26_t566
27035,q26_t567
27036,q26_t567
27036,q26_t568
27036,q53_t567
27036,q53_t568
27037,q26_t568
27037,q26_t569
27038,q26_t569
27038,q26_t570
27039,q26_t570
27039,q26_t571
27039,q54_t570
27039,q54_t571
27040,q26_t571
27040,q26_t572
27041,q26_t572
27041,q26_t573
27042,q26_t573
27042,q26_t574
27042,q55_t573
27042,q55_t574
27043,q26_t574
27043,q26_t575
27044,q26_t575
27044,q26_t576
27045,q26_t576
27045,q26_t577
27045,q56_t576
27045,q56_t577
27046,q26_t577
27046,q26_t578
27047,q26_t578
27047,q26_t579
27048,q26_t579
27048,q26_t580
27048,q57_t579
27048,q57_t580
27049,q26_t580
27049,q26_t581
27050,q26_t581
27050,q26_t582
27051,q26_t582
27051,q26_t583
27051,q58_t582
27051,q58_t583
27052,q26_t583
27052,q26_t584
27053,q26_t584
27053,q26_t585
27054,q26_t585
27054,q26_t586
27054,q59_t585
27054,q59_t586
27055,q26_t586
27055,q26_t587
27056,q26_t587
27056,q26_t588
27057,q26_t588
27057,q26_t589
27057,q60_t588
27057,q60_t589
27058,q26_t589
27058,q26_t590
27059,q26_t590
27059,q26_t591
27060,q26_t591
27060,q26_t592
27060,q61_t591
27060,q61_t592
27061,q26_t592
27061,q26_t593
27062,q26_t593
27062,q26_t594
27063,q26_t594
27063,q26_t595
27063,q62_t594
27063,q62_t595
27064,q26_t595
27064,q26_t596
27065,q26_t596
27065,q26_t597
27066,q26_t597
27066,q26_t598
27066,q63_t597
27066,q63_t598
27067,q26_t598
27067,q26_t599
27068,q26_t599
27068,q26_t600
27069,q26_t600
27069,q26_t601
27069,q64_t600
27069,q64_t601
27070,q26_t601
27070,q26_t602
27071,q26_t602
27071,q26_t603
27072,q26_t603
27072,q26_t604
27072,q65_t603
27072,q65_t604
27073,q26_t604
27073,q26_t605
27074,q26_t605
27074,q26_t606
27075,q26_t606
27075,q26_t607
27075,q66_t606
27075,q66_t607
27076,q26_t607
27076,q26_t608
27077,q26_t608
27077,q26_t609
27078,q26_t609
27078,q26_t610
27078,q67_t609
27078,q67_t610
27079,q26_t610
27079,q26_t611
27080,q26_t611
27080,q26_t612
27081,q26_t612
27081,q26_t613
27081,q68_t612
27081,q68_t613
27082,q26_t613
27082,q26_t614
27083,q26_t614
27083,q26_t615
27084,q26_t615
27084,q26_t616
27084,q69_t615
27084,q69_t616
27085,q26_t616
27085,q26_t617
27086,q26_t617
27086,q26_t618
27087,q26_t618
27087,q26_t619
27087,q70_t618
27087,q70_t619
27088,q26_t619
27088,q26_t620
27089,q26_t620
27089,q26_t621
27090,q26_t621
27090,q26_t622
27090,q71_t621
27090,q71_t622
27091,q26_t622
27091,q26_t623
27092,q26_t623
27092,q26_t624
27093,q26_t624
27093,q26_t625
27093,q72_t624
27093,q72_t625
27094,q26_t625
27094,q26_t626
27095,q26_t626
27095,q26_t627
27096,q26_t627
27096,q26_t628
27096,q73_t627
27096,q73_t628
27097,q26_t628
27097,q26_t629
27098,q26_t629
27098,q26_t630
27099,q26_t630
27099,q26_t631
27099,q74_t630
27099,q74_t631
27100,q26_t631
27100,q26_t632
27101,q26_t632
27101,q26_t633
27102,q26_t633
27102,q26_t634
27102,q75_t633
27102,q75_t634
27103,q26_t634
27103,q26_t635
27104,q26_t635
27104,q26_t636
27105,q26_t636
27105,q26_t637
27105,q76_t636
27105,q76_t637
27106,q26_t637
27106,q26_t638
27107,q26_t638
27107,q26_t639
27108,q26_t639
27108,q26_t640
27108,q77_t639
27108,q77_t640
27109,q26_t640
27109,q26_t641
27110,q26_t641
27110,q26_t642
27111,q26_t642
27111,q26_t643
27111,q78_t642
27111,q78_t643
27112,q26_t643
27112,q26_t644
27113,q26_t644
27113,q26_t645
27114,q26_t645
27114,q26_t646
27114,q79_t645
27114,q79_t646
27115,q26_t646
27115,q26_t647
27116,q26_t647
27116,q26_t648
27117,q26_t648
27117,q26_t649
27117,q80_t648
27117,q80_t649
27118,q26_t649
27118,q26_t650
27119,q26_t650
27119,q26_t651
27120,q26_t651
27120,q26_t652
27120,q81_t651
27120,q81_t652
27121,q26_t652
27121,q26_t653
27122,q26_t653
27122,q26_t654
27123,q26_t654
27123,q26_t655
27123,q82_t654
27123,q82_t655
27124,q26_t655
27124,q26_t656
27125,q26_t656
27125,q26_t657
27126,q26_t657
27126,q26_t658
27126,q83_t657
27126,q83_t658
27127,q26_t658
27127,q26_t659
27128,q26_t659
27128,q26_t660
27129,q26_t660
27129,q26_t661
27129,q84_t660
27129,q84_t661
27130,q26_t661
27130,q26_t662
27131,q26_t662
27131,q26_t663
27132,q26_t663
27132,q26_t664
27132,q85_t663
27132,q85_t664
27133,q26_t664
27133,q26_t665
27134,q26_t665
27134,q26_t666
27135,q26_t666
27135,q26_t667
27135,q86_t666
27135,q86_t667
27136,q26_t667
27136,q26_t668
27137,q26_t668
27137,q26_t669
27138,q26_t669
27138,q26_t670
27138,q87_t669
27138,q87_t670
27139,q26_t670
27139,q26_t671
27140,q26_t671
27140,q26_t672
27141,q26_t672
27141,q26_t673
27141,q88_t672
27141,q88_t673
27142,q26_t673
27142,q26_t674
27143,q26_t674
27143,q26_t675
27144,q26_t675
27144,q26_t676
27144,q89_t675
27144,q89_t676
27145,q26_t676
27145,q26_t677
27146,q26_t677
27146,q26_t678
27147,q26_t678
27147,q26_t679
27147,q90_t678
27147,q90_t679
27148,q26_t679
27148,q26_t680
27149,q26_t680
27149,q26_t681
27150,q26_t681
27150,q26_t682
27150,q91_t681
27150,q91_t682
27151,q26_t682
27151,q26_t683
27152,q26_t683
27152,q26_t684
27153,q26_t684
27153,q26_t685
27153,q92_t684
27153,q92_t685
27154,q26_t685
27154,q26_t686
27155,q26_t686
27155,q26_t687
27156,q26_t687
27156,q26_t688
27156,q93_t687
27156,q93_t688
27157,q26_t688
27157,q26_t689
27158,q26_t689
27158,q26_t690
27159,q26_t690
27159,q26_t691
27159,q94_t690
27159,q94_t691
27160,q26_t691
27160,q26_t692
27161,q26_t692
27161,q26_t693
27162,q26_t693
27162,q26_t694
27162,q95_t693
27162,q95_t694
27163,q26_t694
27163,q26_t695
27164,q26_t695
27164,q26_t696
27165,q26_t696
27165,q26_t697
27165,q96_t696
27165,q96_t697
27166,q26_t697
27166,q26_t698
27167,q26_t698
27167,q26_t699
27168,q26_t699
27168,q26_t700
27168,q97_t699
27168,q97_t700
27169,q26_t700
27169,q26_t701
27170,q26_t701
27170,q26_t702
27171,q26_t702
27171,q26_t703
27171,q98_t702
27171,q98_t703
27172,q26_t703
27172,q26_t704
27173,q26_t704
27173,q26_t705
27174,q26_t705
27174,q26_t706
27174,q99_t705
27174,q99_t706
27175,q26_t706
27175,q26_t707
27176,q26_t707
27176,q26_t708
27177,q26_t709
27177,q26_t710
27178,q26_t710
27178,q26_t711
27179,q26_t712
27179,q26_t713
27180,q26_t713
27180,q26_t714
27181,q26_t715
27181,q26_t716
27182,q26_t716
27182,q26_t717
27183,q26_t718
27183,q26_t719
27184,q26_t719
27184,q26_t720
27185,q26_t721
27185,q26_t722
27186,q26_t722
27186,q26_t723
27187,q26_t724
27187,q26_t725
27188,q26_t725
27188,q26_t726
27189,q26_t727
27189,q26_t728
27190,q26_t728
27190,q26_t729
27191,q26_t730
27191,q26_t731
27192,q26_t731
27192,q26_t732
27193,q26_t733
27193,q26_t734
27194,q26_t734
27194,q26_t735
27195,q26_t736
27195,q26_t737
27196,q26_t737
27196,q26_t738
27197,q26_t738
27197,q26_t739
27198,q26_t740
27198,q26_t741
27199,q26_t741
27199,q26_t742
27200,q26_t743
27200,q26_t744
27201,q26_t744
27201,q26_t745
27202,q26_t745
27202,q26_t746
27202,q2_t745
27202,q2_t746
27203,q26_t746
27203,q26_t747
27204,q26_t747
27204,q26_t748
27205,q26_t748
27205,q26_t749
27205,q3_t748
27205,q3_t749
27206,q26_t749
27206,q26_t750
27207,q26_t750
27207,q26_t751
27208,q26_t751
27208,q26_t752
27208,q4_t751
27208,q4_t752
27209,q26_t752
27209,q26_t753
27210,q26_t753
27210,q26_t754
27211,q26_t754
27211,q26_t755
27211,q5_t754
27211,q5_t755
27212,q26_t755
27212,q26_t756
27213,q26_t756
27213,q26_t757
27214,q26_t757
27214,q26_t758
27214,q6_t757
27214,q6_t758
27215,q26_t758
27215,q26_t759
27216,q26_t759
27216,q26_t760
27217,q26_t760
27217,q26_t761
27217,q7_t760
27217,q7_t761
27218,q26_t761
27218,q26_t762
27219,q26_t762
27219,q26_t763
27220,q26_t763
27220,q26_t764
27220,q8_t763
27220,q8_t764
27221,q26_t764
27221,q26_t765
27222,q26_t765
27222,q26_t766
27223,q26_t766
27223,q26_t767
27223,q9_t766
27223,q9_t767
27224,q26_t767
27224,q26_t768
27225,q26_t768
27225,q26_t769
27226,q26_t770
27226,q26_t771
27227,q26_t771
27227,q26_t772
27228,q26_t773
27228,q26_t774
27229,q26_t774
27229,q26_t775
27230,q26_t776
27230,q26_t777
27231,q26_t777
27231,q26_t778
27232,q26_t779
27232,q26_t780
27233,q26_t78
27233,q26_t79
27234,q26_t780
27234,q26_t781
27235,q26_t782
27235,q26_t783
27236,q26_t783
27236,q26_t784
27237,q26_t785
27237,q26_t786
27238,q26_t786
27238,q26_t787
27239,q26_t788
27239,q26_t789
27240,q26_t789
27240,q26_t790
27241,q26_t79
27241,q26_t80
27242,q26_t791
27242,q26_t792
27243,q26_t792
27243,q26_t793
27244,q26_t794
27244,q26_t795
27245,q26_t795
27245,q26_t796
27246,q26_t797
27246,q26_t798
27247,q26_t798
27247,q26_t799
27248,q26_t800
27248,q26_t801
27249,q26_t801
27249,q26_t802
27250,q26_t803
27250,q26_t804
27251,q26_t804
27251,q26_t805
27252,q26_t806
27252,q26_t807
27253,q26_t807
27253,q26_t808
27254,q26_t809
27254,q26_t810
27255,q26_t81
27255,q26_t82
27256,q26_t810
27256,q26_t811
27257,q26_t812
27257,q26_t813
27258,q26_t813
27258,q26_t814
27259,q26_t815
27259,q26_t816
27260,q26_t816
27260,q26_t820
27261,q26_t82
27261,q26_t83
27262,q26_t820
27262,q26_t821
27262,q27_t820
27262,q27_t821
27263,q26_t821
27263,q26_t822
27264,q26_t822
27264,q26_t823
27265,q26_t823
27265,q26_t824
27265,q28_t823
27265,q28_t824
27266,q26_t824
27266,q26_t825
27267,q26_t825
27267,q26_t826
27268,q26_t826
27268,q26_t827
27268,q29_t826
27268,q29_t827
27269,q26_t827
27269,q26_t828
27270,q26_t828
27270,q26_t829
27271,q26_t829
27271,q26_t830
27271,q30_t829
27271,q30_t830
27272,q26_t83
27272,q26_t84
27272,q2_t83
27272,q2_t84
27273,q26_t830
27273,q26_t831
27274,q26_t831
27274,q26_t832
27275,q26_t832
27275,q26_t833
27275,q31_t832
27275,q31_t833
27276,q26_t833
27276,q26_t834
27277,q26_t834
27277,q26_t835
27278,q26_t835
27278,q26_t836
27278,q32_t835
27278,q32_t836
27279,q26_t836
27279,q26_t837
27280,q26_t837
27280,q26_t838
27281,q26_t838
27281,q26_t839
27281,q33_t838
27281,q33_t839
27282,q26_t839
27282,q26_t840
27283,q26_t84
27283,q26_t85
27284,q26_t840
27284,q26_t841
27285,q26_t841
27285,q26_t842
27285,q34_t841
27285,q34_t842
27286,q26_t842
27286,q26_t843
27287,q26_t843
27287,q26_t844
27288,q26_t844
27288,q26_t845
27288,q35_t844
27288,q35_t845
27289,q26_t845
27289,q26_t846
27290,q26_t846
27290,q26_t847
27291,q26_t847
27291,q26_t848
27291,q36_t847
27291,q36_t848
27292,q26_t848
27292,q26_t849
27293,q26_t849
27293,q26_t850
27294,q26_t85
27294,q26_t86
27295,q26_t850
27295,q26_t851
27295,q37_t850
27295,q37_t851
27296,q26_t851
27296,q26_t852
27297,q26_t852
27297,q26_t853
27298,q26_t853
27298,q26_t854
27298,q38_t853
27298,q38_t854
27299,q26_t854
27299,q26_t855
27300,q26_t855
27300,q26_t856
27301,q26_t856
27301,q26_t857
27301,q39_t856
27301,q39_t857
27302,q26_t857
27302,q26_t858
27303,q26_t858
27303,q26_t859
27304,q26_t859
27304,q26_t860
27304,q40_t859
27304,q40_t860
27305,q26_t86
27305,q26_t87
27305,q3_t86
27305,q3_t87
27306,q26_t860
27306,q26_t861
27307,q26_t861
27307,q26_t862
27308,q26_t862
27308,q26_t863
27308,q41_t862
27308,q41_t863
27309,q26_t863
27309,q26_t864
27310,q26_t864
27310,q26_t865
27311,q26_t865
27311,q26_t866
27311,q42_t865
27311,q42_t866
27312,q26_t866
27312,q26_t867
27313,q26_t867
27313,q26_t868
27314,q26_t868
27314,q26_t869
27314,q43_t868
27314,q43_t869
27315,q26_t869
27315,q26_t870
27316,q26_t87
27316,q26_t88
27317,q26_t870
27317,q26_t871
27318,q26_t871
27318,q26_t872
27318,q44_t871
27318,q44_t872
27319,q26_t872
27319,q26_t873
27320,q26_t873
27320,q26_t874
27321,q26_t874
27321,q26_t875
27321,q45_t874
27321,q45_t875
27322,q26_t875
27322,q26_t876
27323,q26_t876
27323,q26_t877
27324,q26_t877
27324,q26_t878
27324,q46_t877
27324,q46_t878
27325,q26_t878
27325,q26_t879
27326,q26_t879
27326,q26_t880
27327,q26_t88
27327,q26_t89
27328,q26_t880
27328,q26_t881
27328,q47_t880
27328,q47_t881
27329,q26_t881
27329,q26_t882
27330,q26_t882
27330,q26_t883
27331,q26_t883
27331,q26_t884
27331,q48_t883
27331,q48_t884
27332,q26_t884
27332,q26_t885
27333,q26_t885
27333,q26_t886
27334,q26_t886
27334,q26_t887
27334,q49_t886
27334,q49_t887
27335,q26_t887
27335,q26_t888
27336,q26_t888
27336,q26_t889
27337,q26_t889
27337,q26_t890
27337,q50_t889
27337,q50_t890
27338,q26_t89
27338,q26_t90
27338,q4_t89
27338,q4_t90
27339,q26_t890
27339,q26_t891
27340,q26_t891
27340,q26_t892
27341,q26_t892
27341,q26_t893
27341,q51_t892
27341,q51_t893
27342,q26_t893
27342,q26_t894
27343,q26_t894
27343,q26_t895
27344,q26_t895
27344,q26_t896
27344,q52_t895
27344,q52_t896
27345,q26_t896
27345,q26_t897
27346,q26_t897
27346,q26_t898
27347,q26_t898
27347,q26_t899
27347,q53_t898
27347,q53_t899
27348,q26_t899
27348,q26_t900
27349,q26_t90
27349,q26_t91
27350,q26_t900
27350,q26_t901
27351,q26_t901
27351,q26_t902
27351,q54_t901
27351,q54_t902
27352,q26_t902
27352,q26_t903
27353,q26_t903
27353,q26_t904
27354,q26_t904
27354,q26_t905
27354,q55_t904
27354,q55_t905
27355,q26_t905
27355,q26_t906
27356,q26_t906
27356,q26_t907
27357,q26_t907
27357,q26_t908
27357,q56_t907
27357,q56_t908
27358,q26_t908
27358,q26_t909
27359,q26_t909
27359,q26_t910
27360,q26_t91
27360,q26_t92
27361,q26_t910
27361,q26_t911
27361,q57_t910
27361,q57_t911
27362,q26_t911
27362,q26_t912
27363,q26_t912
27363,q26_t913
27364,q26_t913
27364,q26_t914
27364,q58_t913
27364,q58_t914
27365,q26_t914
27365,q26_t915
27366,q26_t915
27366,q26_t916
27367,q26_t916
27367,q26_t917
27367,q59_t916
27367,q59_t917
27368,q26_t917
27368,q26_t918
27369,q26_t918
27369,q26_t919
27370,q26_t919
27370,q26_t920
27370,q60_t919
27370,q60_t920
27371,q26_t92
27371,q26_t93
27371,q5_t92
27371,q5_t93
27372,q26_t920
27372,q26_t921
27373,q26_t921
27373,q26_t922
27374,q26_t922
27374,q26_t923
27374,q61_t922
27374,q61_t923
27375,q26_t923
27375,q26_t924
27376,q26_t924
27376,q26_t925
27377,q26_t925
27377,q26_t926
27377,q62_t925
27377,q62_t926
27378,q26_t926
27378,q26_t927
27379,q26_t927
27379,q26_t928
27380,q26_t928
27380,q26_t929
27380,q63_t928
27380,q63_t929
27381,q26_t929
27381,q26_t930
27382,q26_t93
27382,q26_t94
27383,q26_t930
27383,q26_t931
27384,q26_t931
27384,q26_t932
27384,q64_t931
27384,q64_t932
27385,q26_t932
27385,q26_t933
27386,q26_t933
27386,q26_t934
27387,q26_t934
27387,q26_t935
27387,q65_t934
27387,q65_t935
27388,q26_t935
27388,q26_t936
27389,q26_t936
27389,q26_t937
27390,q26_t937
27390,q26_t938
27390,q66_t937
27390,q66_t938
27391,q26_t938
27391,q26_t939
27392,q26_t939
27392,q26_t940
27393,q26_t94
27393,q26_t95
27394,q26_t940
27394,q26_t941
27394,q67_t940
27394,q67_t941
27395,q26_t941
27395,q26_t942
27396,q26_t942
27396,q26_t943
27397,q26_t943
27397,q26_t944
27397,q68_t943
27397,q68_t944
27398,q26_t944
27398,q26_t945
27399,q26_t945
27399,q26_t946
27400,q26_t946
27400,q26_t947
27400,q69_t946
27400,q69_t947
27401,q26_t947
27401,q26_t948
27402,q26_t948
27402,q26_t949
27403,q26_t949
27403,q26_t950
27403,q70_t949
27403,q70_t950
27404,q26_t95
27404,q26_t96
27404,q6_t95
27404,q6_t96
27405,q26_t950
27405,q26_t951
27406,q26_t951
27406,q26_t952
27407,q26_t952
27407,q26_t953
27407,q71_t952
27407,q71_t953
27408,q26_t953
27408,q26_t954
27409,q26_t954
27409,q26_t955
27410,q26_t955
27410,q26_t956
27410,q72_t955
27410,q72_t956
27411,q26_t956
27411,q26_t957
27412,q26_t957
27412,q26_t958
27413,q26_t958
27413,q26_t959
27413,q73_t958
27413,q73_t959
27414,q26_t959
27414,q26_t960
27415,q26_t96
27415,q26_t97
27416,q26_t960
27416,q26_t961
27417,q26_t961
27417,q26_t962
27417,q74_t961
27417,q74_t962
27418,q26_t962
27418,q26_t963
27419,q26_t963
27419,q26_t964
27420,q26_t964
27420,q26_t965
27420,q75_t964
27420,q75_t965
27421,q26_t965
27421,q26_t966
27422,q26_t966
27422,q26_t967
27423,q26_t967
27423,q26_t968
27423,q76_t967
27423,q76_t968
27424,q26_t968
27424,q26_t969
27425,q26_t969
27425,q26_t970
27426,q26_t97
27426,q26_t98
27427,q26_t970
27427,q26_t971
27427,q77_t970
27427,q77_t971
27428,q26_t971
27428,q26_t972
27429,q26_t972
27429,q26_t973
27430,q26_t973
27430,q26_t974
27430,q78_t973
27430,q78_t974
27431,q26_t974
27431,q26_t975
27432,q26_t975
27432,q26_t976
27433,q26_t976
27433,q26_t977
27433,q79_t976
27433,q79_t977
27434,q26_t977
27434,q26_t978
27435,q26_t978
27435,q26_t979
27436,q26_t979
27436,q26_t980
27436,q80_t979
27436,q80_t980
27437,q26_t98
27437,q26_t99
27437,q7_t98
27437,q7_t99
27438,q26_t980
27438,q26_t981
27439,q26_t981
27439,q26_t982
27440,q26_t982
27440,q26_t983
27440,q81_t982
27440,q81_t983
27441,q26_t983
27441,q26_t984
27442,q26_t984
27442,q26_t985
27443,q26_t985
27443,q26_t986
27443,q82_t985
27443,q82_t986
27444,q26_t986
27444,q26_t987
27445,q26_t987
27445,q26_t988
27446,q26_t988
27446,q26_t989
27446,q83_t988
27446,q83_t989
27447,q26_t989
27447,q26_t990
27448,q26_t990
27448,q26_t991
27449,q26_t991
27449,q26_t992
27449,q84_t991
27449,q84_t992
27450,q26_t992
27450,q26_t993
27451,q26_t993
27451,q26_t994
27452,q26_t994
27452,q26_t995
27452,q85_t994
27452,q85_t995
27453,q26_t995
27453,q26_t996
27454,q26_t996
27454,q26_t997
27455,q26_t997
27455,q26_t998
27455,q86_t997
27455,q86_t998
27456,q26_t998
27456,q26_t999
27457,q27_t0
27457,q27_t1
27458,q27_t1
27458,q27_t80
27459,q27_t100
27459,q27_t101
27460,q27_t100
27460,q27_t99
27461,q27_t1000
27461,q27_t1001
27461,q86_t1000
27461,q86_t1001
27462,q27_t1000
27462,q27_t999
27463,q27_t1001
27463,q27_t1002
27464,q27_t1002
27464,q27_t1003
27465,q27_t1003
27465,q27_t1004
27465,q87_t1003
27465,q87_t1004
27466,q27_t1004
27466,q27_t1005
27467,q27_t1005
27467,q27_t1006
27468,q27_t1006
27468,q27_t1007
27468,q88_t1006
27468,q88_t1007
27469,q27_t1007
27469,q27_t1008
27470,q27_t1008
27470,q27_t1009
27471,q27_t1009
27471,q27_t1010
27471,q89_t1009
27471,q89_t1010
27472,q27_t101
27472,q27_t102
27472,q7_t101
27472,q7_t102
27473,q27_t1010
27473,q27_t1011
27474,q27_t1011
27474,q27_t1012
27475,q27_t1012
27475,q27_t1013
27475,q90_t1012
27475,q90_t1013
27476,q27_t1013
27476,q27_t1014
27477,q27_t1014
27477,q27_t1015
27478,q27_t1015
27478,q27_t1016
27478,q91_t1015
27478,q91_t1016
27479,q27_t1016
27479,q27_t1017
27480,q27_t1017
27480,q27_t1018
27481,q27_t1018
27481,q27_t1019
27481,q92_t1018
27481,q92_t1019
27482,q27_t1019
27482,q27_t1020
27483,q27_t102
27483,q27_t103
27484,q27_t1020
27484,q27_t1021
27485,q27_t1021
27485,q27_t1022
27485,q93_t1021
27485,q93_t1022
27486,q27_t1022
27486,q27_t1023
27487,q27_t1023
27487,q27_t1024
27488,q27_t1024
27488,q27_t1025
27488,q94_t1024
27488,q94_t1025
27489,q27_t1025
27489,q27_t1026
27490,q27_t1026
27490,q27_t1027
27491,q27_t1027
27491,q27_t1028
27491,q95_t1027
27491,q95_t1028
27492,q27_t1028
27492,q27_t1029
27493,q27_t1029
27493,q27_t1030
27494,q27_t103
27494,q27_t104
27495,q27_t1030
27495,q27_t1031
27495,q96_t1030
27495,q96_t1031
27496,q27_t1031
27496,q27_t1032
27497,q27_t1032
27497,q27_t1033
27498,q27_t1033
27498,q27_t1034
27498,q97_t1033
27498,q97_t1034
27499,q27_t1034
27499,q27_t1035
27500,q27_t1035
27500,q27_t1036
27501,q27_t1036
27501,q27_t1037
27501,q98_t1036
27501,q98_t1037
27502,q27_t1037
27502,q27_t1038
27503,q27_t1038
27503,q27_t1039
27504,q27_t1039
27504,q27_t1040
27504,q99_t1039
27504,q99_t1040
27505,q27_t104
27505,q27_t105
27505,q8_t104
27505,q8_t105
27506,q27_t1040
27506,q27_t1041
27507,q27_t1041
27507,q27_t1042
27508,q27_t1043
27508,q27_t1044
27509,q27_t1044
27509,q27_t1045
27510,q27_t1046
27510,q27_t1047
27511,q27_t1047
27511,q27_t1048
27512,q27_t1049
27512,q27_t1050
27513,q27_t105
27513,q27_t106
27514,q27_t1050
27514,q27_t1051
27515,q27_t1052
27515,q27_t1053
27516,q27_t1053
27516,q27_t1054
27517,q27_t1055
27517,q27_t1056
27518,q27_t1056
27518,q27_t1057
27519,q27_t1058
27519,q27_t1059
27520,q27_t1059
27520,q27_t1060
27521,q27_t106
27521,q27_t107
27522,q27_t1061
27522,q27_t1062
27523,q27_t1062
27523,q27_t1063
27524,q27_t1064
27524,q27_t1065
27525,q27_t1065
27525,q27_t1066
27526,q27_t1067
27526,q27_t1068
27527,q27_t1068
27527,q27_t1069
27528,q27_t107
27528,q27_t108
27528,q9_t107
27528,q9_t108
27529,q27_t1070
27529,q27_t1071
27530,q27_t1071
27530,q27_t1072
27531,q27_t108
27531,q27_t109
27532,q27_t109
27532,q27_t110
27533,q27_t111
27533,q27_t112
27534,q27_t112
27534,q27_t113
27535,q27_t114
27535,q27_t115
27536,q27_t115
27536,q27_t116
27537,q27_t117
27537,q27_t118
27538,q27_t118
27538,q27_t119
27539,q27_t120
27539,q27_t121
27540,q27_t121
27540,q27_t122
27541,q27_t123
27541,q27_t124
27542,q27_t124
27542,q27_t125
27543,q27_t126
27543,q27_t127
27544,q27_t127
27544,q27_t128
27545,q27_t129
27545,q27_t130
27546,q27_t130
27546,q27_t131
27547,q27_t132
27547,q27_t133
27548,q27_t133
27548,q27_t134
27549,q27_t135
27549,q27_t136
27550,q27_t136
27550,q27_t137
27551,q27_t138
27551,q27_t139
27552,q27_t139
27552,q27_t140
27553,q27_t141
27553,q27_t142
27554,q27_t142
27554,q27_t143
27555,q27_t144
27555,q27_t145
27556,q27_t145
27556,q27_t146
27557,q27_t147
27557,q27_t148
27558,q27_t148
27558,q27_t149
27559,q27_t150
27559,q27_t151
27560,q27_t151
27560,q27_t152
27561,q27_t153
27561,q27_t154
27562,q27_t154
27562,q27_t155
27563,q27_t156
27563,q27_t157
27564,q27_t157
27564,q27_t158
27565,q27_t159
27565,q27_t160
27566,q27_t160
27566,q27_t164
27567,q27_t164
27567,q27_t165
27567,q28_t164
27567,q28_t165
27568,q27_t165
27568,q27_t166
27569,q27_t166
27569,q27_t167
27570,q27_t167
27570,q27_t168
27570,q29_t167
27570,q29_t168
27571,q27_t168
27571,q27_t169
27572,q27_t169
27572,q27_t170
27573,q27_t170
27573,q27_t171
27573,q30_t170
27573,q30_t171
27574,q27_t171
27574,q27_t172
27575,q27_t172
27575,q27_t173
27576,q27_t173
27576,q27_t174
27576,q31_t173
27576,q31_t174
27577,q27_t174
27577,q27_t175
27578,q27_t175
27578,q27_t176
27579,q27_t176
27579,q27_t177
27579,q32_t176
27579,q32_t177
27580,q27_t177
27580,q27_t178
27581,q27_t178
27581,q27_t179
27582,q27_t179
27582,q27_t180
27582,q33_t179
27582,q33_t180
27583,q27_t180
27583,q27_t181
27584,q27_t181
27584,q27_t182
27585,q27_t182
27585,q27_t183
27585,q34_t182
27585,q34_t183
27586,q27_t183
27586,q27_t184
27587,q27_t184
27587,q27_t185
27588,q27_t185
27588,q27_t186
27588,q35_t185
27588,q35_t186
27589,q27_t186
27589,q27_t187
27590,q27_t187
27590,q27_t188
27591,q27_t188
27591,q27_t189
27591,q36_t188
27591,q36_t189
27592,q27_t189
27592,q27_t190
27593,q27_t190
27593,q27_t191
27594,q27_t191
27594,q27_t192
27594,q37_t191
27594,q37_t192
27595,q27_t192
27595,q27_t193
27596,q27_t193
27596,q27_t194
27597,q27_t194
27597,q27_t195
27597,q38_t194
27597,q38_t195
27598,q27_t195
27598,q27_t196
27599,q27_t196
27599,q27_t197
27600,q27_t197
27600,q27_t198
27600,q39_t197
27600,q39_t198
27601,q27_t198
27601,q27_t199
27602,q27_t199
27602,q27_t200
27603,q27_t200
27603,q27_t201
27603,q40_t200
27603,q40_t201
27604,q27_t201
27604,q27_t202
27605,q27_t202
27605,q27_t203
27606,q27_t203
27606,q27_t204
27606,q41_t203
27606,q41_t204
27607,q27_t204
27607,q27_t205
27608,q27_t205
27608,q27_t206
27609,q27_t206
27609,q27_t207
27609,q42_t206
27609,q42_t207
27610,q27_t207
27610,q27_t208
27611,q27_t208
27611,q27_t209
27612,q27_t209
27612,q27_t210
27612,q43_t209
27612,q43_t210
27613,q27_t210
27613,q27_t211
27614,q27_t211
27614,q27_t212
27615,q27_t212
27615,q27_t213
27615,q44_t212
27615,q44_t213
27616,q27_t213
27616,q27_t214
27617,q27_t214
27617,q27_t215
27618,q27_t215
27618,q27_t216
27618,q45_t215
27618,q45_t216
27619,q27_t216
27619,q27_t217
27620,q27_t217
27620,q27_t218
27621,q27_t218
27621,q27_t219
27621,q46_t218
27621,q46_t219
27622,q27_t219
27622,q27_t220
27623,q27_t220
27623,q27_t221
27624,q27_t221
27624,q27_t222
27624,q47_t221
27624,q47_t222
27625,q27_t222
27625,q27_t223
27626,q27_t223
27626,q27_t224
27627,q27_t224
27627,q27_t225
27627,q48_t224
27627,q48_t225
27628,q27_t225
27628,q27_t226
27629,q27_t226
27629,q27_t227
27630,q27_t227
27630,q27_t228
27630,q49_t227
27630,q49_t228
27631,q27_t228
27631,q27_t229
27632,q27_t229
27632,q27_t230
27633,q27_t230
27633,q27_t231
27633,q50_t230
27633,q50_t231
27634,q27_t231
27634,q27_t232
27635,q27_t232
27635,q27_t233
27636,q27_t233
27636,q27_t234
27636,q51_t233
27636,q51_t234
27637,q27_t234
27637,q27_t235
27638,q27_t235
27638,q27_t236
27639,q27_t236
27639,q27_t237
27639,q52_t236
27639,q52_t237
27640,q27_t237
27640,q27_t238
27641,q27_t238
27641,q27_t239
27642,q27_t239
27642,q27_t240
27642,q53_t239
27642,q53_t240
27643,q27_t240
27643,q27_t241
27644,q27_t241
27644,q27_t242
27645,q27_t242
27645,q27_t243
27645,q54_t242
27645,q54_t243
27646,q27_t243
27646,q27_t244
27647,q27_t244
27647,q27_t245
27648,q27_t245
27648,q27_t246
27648,q55_t245
27648,q55_t246
27649,q27_t246
27649,q27_t247
27650,q27_t247
27650,q27_t248
27651,q27_t248
27651,q27_t249
27651,q56_t248
27651,q56_t249
27652,q27_t249
27652,q27_t250
27653,q27_t250
27653,q27_t251
27654,q27_t251
27654,q27_t252
27654,q57_t251
27654,q57_t252
27655,q27_t252
27655,q27_t253
27656,q27_t253
27656,q27_t254
27657,q27_t254
27657,q27_t255
27657,q58_t254
27657,q58_t255
27658,q27_t255
27658,q27_t256
27659,q27_t256
27659,q27_t257
27660,q27_t257
27660,q27_t258
27660,q59_t257
27660,q59_t258
27661,q27_t258
27661,q27_t259
27662,q27_t259
27662,q27_t260
27663,q27_t260
27663,q27_t261
27663,q60_t260
27663,q60_t261
27664,q27_t261
27664,q27_t262
27665,q27_t262
27665,q27_t263
27666,q27_t263
27666,q27_t264
27666,q61_t263
27666,q61_t264
27667,q27_t264
27667,q27_t265
27668,q27_t265
27668,q27_t266
27669,q27_t266
27669,q27_t267
27669,q62_t266
27669,q62_t267
27670,q27_t267
27670,q27_t268
27671,q27_t268
27671,q27_t269
27672,q27_t269
27672,q27_t270
27672,q63_t269
27672,q63_t270
27673,q27_t270
27673,q27_t271
27674,q27_t271
27674,q27_t272
27675,q27_t272
27675,q27_t273
27675,q64_t272
27675,q64_t273
27676,q27_t273
27676,q27_t274
27677,q27_t274
27677,q27_t275
27678,q27_t275
27678,q27_t276
27678,q65_t275
27678,q65_t276
27679,q27_t276
27679,q27_t277
27680,q27_t277
27680,q27_t278
27681,q27_t278
27681,q27_t279
27681,q66_t278
27681,q66_t279
27682,q27_t279
27682,q27_t280
27683,q27_t280
27683,q27_t281
27684,q27_t281
27684,q27_t282
27684,q67_t281
27684,q67_t282
27685,q27_t282
27685,q27_t283
27686,q27_t283
27686,q27_t284
27687,q27_t284
27687,q27_t285
27687,q68_t284
27687,q68_t285
27688,q27_t285
27688,q27_t286
27689,q27_t286
27689,q27_t287
27690,q27_t287
27690,q27_t288
27690,q69_t287
27690,q69_t288
27691,q27_t288
27691,q27_t289
27692,q27_t289
27692,q27_t290
27693,q27_t290
27693,q27_t291
27693,q70_t290
27693,q70_t291
27694,q27_t291
27694,q27_t292
27695,q27_t292
27695,q27_t293
27696,q27_t293
27696,q27_t294
27696,q71_t293
27696,q71_t294
27697,q27_t294
27697,q27_t295
27698,q27_t295
27698,q27_t296
27699,q27_t296
27699,q27_t297
27699,q72_t296
27699,q72_t297
27700,q27_t297
27700,q27_t298
27701,q27_t298
27701,q27_t299
27702,q27_t299
27702,q27_t300
27702,q73_t299
27702,q73_t300
27703,q27_t300
27703,q27_t301
27704,q27_t301
27704,q27_t302
27705,q27_t302
27705,q27_t303
27705,q74_t302
27705,q74_t303
27706,q27_t303
27706,q27_t304
27707,q27_t304
27707,q27_t305
27708,q27_t305
27708,q27_t306
27708,q75_t305
27708,q75_t306
27709,q27_t306
27709,q27_t307
27710,q27_t307
27710,q27_t308
27711,q27_t308
27711,q27_t309
27711,q76_t308
27711,q76_t309
27712,q27_t309
27712,q27_t310
27713,q27_t310
27713,q27_t311
27714,q27_t311
27714,q27_t312
27714,q77_t311
27714,q77_t312
27715,q27_t312
27715,q27_t313
27716,q27_t313
27716,q27_t314
27717,q27_t314
27717,q27_t315
27717,q78_t314
27717,q78_t315
27718,q27_t315
27718,q27_t316
27719,q27_t316
27719,q27_t317
27720,q27_t317
27720,q27_t318
27720,q79_t317
27720,q79_t318
27721,q27_t318
27721,q27_t319
27722,q27_t319
27722,q27_t320
27723,q27_t320
27723,q27_t321
27723,q80_t320
27723,q80_t321
27724,q27_t321
27724,q27_t322
27725,q27_t322
27725,q27_t323
27726,q27_t323
27726,q27_t324
27726,q81_t323
27726,q81_t324
27727,q27_t324
27727,q27_t325
27728,q27_t325
27728,q27_t326
27729,q27_t326
27729,q27_t327
27729,q82_t326
27729,q82_t327
27730,q27_t327
27730,q27_t328
27731,q27_t328
27731,q27_t329
27732,q27_t329
27732,q27_t330
27732,q83_t329
27732,q83_t330
27733,q27_t330
27733,q27_t331
27734,q27_t331
27734,q27_t332
27735,q27_t332
27735,q27_t333
27735,q84_t332
27735,q84_t333
27736,q27_t333
27736,q27_t334
27737,q27_t334
27737,q27_t335
27738,q27_t335
27738,q27_t336
27738,q85_t335
27738,q85_t336
27739,q27_t336
27739,q27_t337
27740,q27_t337
27740,q27_t338
27741,q27_t338
27741,q27_t339
27741,q86_t338
27741,q86_t339
27742,q27_t339
27742,q27_t340
27743,q27_t340
27743,q27_t341
27744,q27_t341
27744,q27_t342
27744,q87_t341
27744,q87_t342
27745,q27_t342
27745,q27_t343
27746,q27_t343
27746,q27_t344
27747,q27_t344
27747,q27_t345
27747,q88_t344
27747,q88_t345
27748,q27_t345
27748,q27_t346
27749,q27_t346
27749,q27_t347
27750,q27_t347
27750,q27_t348
27750,q89_t347
27750,q89_t348
27751,q27_t348
27751,q27_t349
27752,q27_t349
27752,q27_t350
27753,q27_t350
27753,q27_t351
27753,q90_t350
27753,q90_t351
27754,q27_t351
27754,q27_t352
27755,q27_t352
27755,q27_t353
27756,q27_t353
27756,q27_t354
27756,q91_t353
27756,q91_t354
27757,q27_t354
27757,q27_t355
27758,q27_t355
27758,q27_t356
27759,q27_t356
27759,q27_t357
27759,q92_t356
27759,q92_t357
27760,q27_t357
27760,q27_t358
27761,q27_t358
27761,q27_t359
27762,q27_t359
27762,q27_t360
27762,q93_t359
27762,q93_t360
27763,q27_t360
27763,q27_t361
27764,q27_t361
27764,q27_t362
27765,q27_t362
27765,q27_t363
27765,q94_t362
27765,q94_t363
27766,q27_t363
27766,q27_t364
27767,q27_t364
27767,q27_t365
27768,q27_t365
27768,q27_t366
27768,q95_t365
27768,q95_t366
27769,q27_t366
27769,q27_t367
27770,q27_t367
27770,q27_t368
27771,q27_t368
27771,q27_t369
27771,q96_t368
27771,q96_t369
27772,q27_t369
27772,q27_t370
27773,q27_t370
27773,q27_t371
27774,q27_t371
27774,q27_t372
27774,q97_t371
27774,q97_t372
27775,q27_t372
27775,q27_t373
27776,q27_t373
27776,q27_t374
27777,q27_t374
27777,q27_t375
27777,q98_t374
27777,q98_t375
27778,q27_t375
27778,q27_t376
27779,q27_t376
27779,q27_t377
27780,q27_t377
27780,q27_t378
27780,q99_t377
27780,q99_t378
27781,q27_t378
27781,q27_t379
27782,q27_t379
27782,q27_t380
27783,q27_t381
27783,q27_t382
27784,q27_t382
27784,q27_t383
27785,q27_t384
27785,q27_t385
27786,q27_t385
27786,q27_t386
27787,q27_t387
27787,q27_t388
27788,q27_t388
27788,q27_t389
27789,q27_t390
27789,q27_t391
27790,q27_t391
27790,q27_t392
27791,q27_t393
27791,q27_t394
27792,q27_t394
27792,q27_t395
27793,q27_t396
27793,q27_t397
27794,q27_t397
27794,q27_t398
27795,q27_t399
27795,q27_t400
27796,q27_t400
27796,q27_t401
27797,q27_t402
27797,q27_t403
27798,q27_t403
27798,q27_t404
27799,q27_t405
27799,q27_t406
27800,q27_t406
27800,q27_t407
27801,q27_t408
27801,q27_t409
27802,q27_t409
27802,q27_t410
27803,q27_t410
27803,q27_t411
27804,q27_t412
27804,q27_t413
27805,q27_t413
27805,q27_t414
27806,q27_t415
27806,q27_t416
27807,q27_t416
27807,q27_t417
27808,q27_t417
27808,q27_t418
27808,q2_t417
27808,q2_t418
27809,q27_t418
27809,q27_t419
27810,q27_t419
27810,q27_t420
27811,q27_t420
27811,q27_t421
27811,q3_t420
27811,q3_t421
27812,q27_t421
27812,q27_t422
27813,q27_t422
27813,q27_t423
27814,q27_t423
27814,q27_t424
27814,q4_t423
27814,q4_t424
27815,q27_t424
27815,q27_t425
27816,q27_t425
27816,q27_t426
27817,q27_t426
27817,q27_t427
27817,q5_t426
27817,q5_t427
27818,q27_t427
27818,q27_t428
27819,q27_t428
27819,q27_t429
27820,q27_t429
27820,q27_t430
27820,q6_t429
27820,q6_t430
27821,q27_t430
27821,q27_t431
27822,q27_t431
27822,q27_t432
27823,q27_t432
27823,q27_t433
27823,q7_t432
27823,q7_t433
27824,q27_t433
27824,q27_t434
27825,q27_t434
27825,q27_t435
27826,q27_t435
27826,q27_t436
27826,q8_t435
27826,q8_t436
27827,q27_t436
27827,q27_t437
27828,q27_t437
27828,q27_t438
27829,q27_t438
27829,q27_t439
27829,q9_t438
27829,q9_t439
27830,q27_t439
27830,q27_t440
27831,q27_t440
27831,q27_t441
27832,q27_t442
27832,q27_t443
27833,q27_t443
27833,q27_t444
27834,q27_t445
27834,q27_t446
27835,q27_t446
27835,q27_t447
27836,q27_t448
27836,q27_t449
27837,q27_t449
27837,q27_t450
27838,q27_t451
27838,q27_t452
27839,q27_t452
27839,q27_t453
27840,q27_t454
27840,q27_t455
27841,q27_t455
27841,q27_t456
27842,q27_t457
27842,q27_t458
27843,q27_t458
27843,q27_t459
27844,q27_t460
27844,q27_t461
27845,q27_t461
27845,q27_t462
27846,q27_t463
27846,q27_t464
27847,q27_t464
27847,q27_t465
27848,q27_t466
27848,q27_t467
27849,q27_t467
27849,q27_t468
27850,q27_t469
27850,q27_t470
27851,q27_t470
27851,q27_t471
27852,q27_t472
27852,q27_t473
27853,q27_t473
27853,q27_t474
27854,q27_t475
27854,q27_t476
27855,q27_t476
27855,q27_t477
27856,q27_t478
27856,q27_t479
27857,q27_t479
27857,q27_t480
27858,q27_t481
27858,q27_t482
27859,q27_t482
27859,q27_t483
27860,q27_t484
27860,q27_t485
27861,q27_t485
27861,q27_t486
27862,q27_t487
27862,q27_t488
27863,q27_t488
27863,q27_t489
27864,q27_t490
27864,q27_t491
27865,q27_t491
27865,q27_t495
27866,q27_t495
27866,q27_t496
27866,q28_t495
27866,q28_t496
27867,q27_t496
27867,q27_t497
27868,q27_t497
27868,q27_t498
27869,q27_t498
27869,q27_t499
27869,q29_t498
27869,q29_t499
27870,q27_t499
27870,q27_t500
27871,q27_t500
27871,q27_t501
27872,q27_t501
27872,q27_t502
27872,q30_t501
27872,q30_t502
27873,q27_t502
27873,q27_t503
27874,q27_t503
27874,q27_t504
27875,q27_t504
27875,q27_t505
27875,q31_t504
27875,q31_t505
27876,q27_t505
27876,q27_t506
27877,q27_t506
27877,q27_t507
27878,q27_t507
27878,q27_t508
27878,q32_t507
27878,q32_t508
27879,q27_t508
27879,q27_t509
27880,q27_t509
27880,q27_t510
27881,q27_t510
27881,q27_t511
27881,q33_t510
27881,q33_t511
27882,q27_t511
27882,q27_t512
27883,q27_t512
27883,q27_t513
27884,q27_t513
27884,q27_t514
27884,q34_t513
27884,q34_t514
27885,q27_t514
27885,q27_t515
27886,q27_t515
27886,q27_t516
27887,q27_t516
27887,q27_t517
27887,q35_t516
27887,q35_t517
27888,q27_t517
27888,q27_t518
27889,q27_t518
27889,q27_t519
27890,q27_t519
27890,q27_t520
27890,q36_t519
27890,q36_t520
27891,q27_t520
27891,q27_t521
27892,q27_t521
27892,q27_t522
27893,q27_t522
27893,q27_t523
27893,q37_t522
27893,q37_t523
27894,q27_t523
27894,q27_t524
27895,q27_t524
27895,q27_t525
27896,q27_t525
27896,q27_t526
27896,q38_t525
27896,q38_t526
27897,q27_t526
27897,q27_t527
27898,q27_t527
27898,q27_t528
27899,q27_t528
27899,q27_t529
27899,q39_t528
27899,q39_t529
27900,q27_t529
27900,q27_t530
27901,q27_t530
27901,q27_t531
27902,q27_t531
27902,q27_t532
27902,q40_t531
27902,q40_t532
27903,q27_t532
27903,q27_t533
27904,q27_t533
27904,q27_t534
27905,q27_t534
27905,q27_t535
27905,q41_t534
27905,q41_t535
27906,q27_t535
27906,q27_t536
27907,q27_t536
27907,q27_t537
27908,q27_t537
27908,q27_t538
27908,q42_t537
27908,q42_t538
27909,q27_t538
27909,q27_t539
27910,q27_t539
27910,q27_t540
27911,q27_t540
27911,q27_t541
27911,q43_t540
27911,q43_t541
27912,q27_t541
27912,q27_t542
27913,q27_t542
27913,q27_t543
27914,q27_t543
27914,q27_t544
27914,q44_t543
27914,q44_t544
27915,q27_t544
27915,q27_t545
27916,q27_t545
27916,q27_t546
27917,q27_t546
27917,q27_t547
27917,q45_t546
27917,q45_t547
27918,q27_t547
27918,q27_t548
27919,q27_t548
27919,q27_t549
27920,q27_t549
27920,q27_t550
27920,q46_t549
27920,q46_t550
27921,q27_t550
27921,q27_t551
27922,q27_t551
27922,q27_t552
27923,q27_t552
27923,q27_t553
27923,q47_t552
27923,q47_t553
27924,q27_t553
27924,q27_t554
27925,q27_t554
27925,q27_t555
27926,q27_t555
27926,q27_t556
27926,q48_t555
27926,q48_t556
27927,q27_t556
27927,q27_t557
27928,q27_t557
27928,q27_t558
27929,q27_t558
27929,q27_t559
27929,q49_t558
27929,q49_t559
27930,q27_t559
27930,q27_t560
27931,q27_t560
27931,q27_t561
27932,q27_t561
27932,q27_t562
27932,q50_t561
27932,q50_t562
27933,q27_t562
27933,q27_t563
27934,q27_t563
27934,q27_t564
27935,q27_t564
27935,q27_t565
27935,q51_t564
27935,q51_t565
27936,q27_t565
27936,q27_t566
27937,q27_t566
27937,q27_t567
27938,q27_t567
27938,q27_t568
27938,q52_t567
27938,q52_t568
27939,q27_t568
27939,q27_t569
27940,q27_t569
27940,q27_t570
27941,q27_t570
27941,q27_t571
27941,q53_t570
27941,q53_t571
27942,q27_t571
27942,q27_t572
27943,q27_t572
27943,q27_t573
27944,q27_t573
27944,q27_t574
27944,q54_t573
27944,q54_t574
27945,q27_t574
27945,q27_t575
27946,q27_t575
27946,q27_t576
27947,q27_t576
27947,q27_t577
27947,q55_t576
27947,q55_t577
27948,q27_t577
27948,q27_t578
27949,q27_t578
27949,q27_t579
27950,q27_t579
27950,q27_t580
27950,q56_t579
27950,q56_t580
27951,q27_t580
27951,q27_t581
27952,q27_t581
27952,q27_t582
27953,q27_t582
27953,q27_t583
27953,q57_t582
27953,q57_t583
27954,q27_t583
27954,q27_t584
27955,q27_t584
27955,q27_t585
27956,q27_t585
27956,q27_t586
27956,q58_t585
27956,q58_t586
27957,q27_t586
27957,q27_t587
27958,q27_t587
27958,q27_t588
27959,q27_t588
27959,q27_t589
27959,q59_t588
27959,q59_t589
27960,q27_t589
27960,q27_t590
27961,q27_t590
27961,q27_t591
27962,q27_t591
27962,q27_t592
27962,q60_t591
27962,q60_t592
27963,q27_t592
27963,q27_t593
27964,q27_t593
27964,q27_t594
27965,q27_t594
27965,q27_t595
27965,q61_t594
27965,q61_t595
27966,q27_t595
27966,q27_t596
27967,q27_t596
27967,q27_t597
27968,q27_t597
27968,q27_t598
27968,q62_t597
27968,q62_t598
27969,q27_t598
27969,q27_t599
27970,q27_t599
27970,q27_t600
27971,q27_t600
27971,q27_t601
27971,q63_t600
27971,q63_t601
27972,q27_t601
27972,q27_t602
27973,q27_t602
27973,q27_t603
27974,q27_t603
27974,q27_t604
27974,q64_t603
27974,q64_t604
27975,q27_t604
27975,q27_t605
27976,q27_t605
27976,q27_t606
27977,q27_t606
27977,q27_t607
27977,q65_t606
27977,q65_t607
27978,q27_t607
27978,q27_t608
27979,q27_t608
27979,q27_t609
27980,q27_t609
27980,q27_t610
27980,q66_t609
27980,q66_t610
27981,q27_t610
27981,q27_t611
27982,q27_t611
27982,q27_t612
27983,q27_t612
27983,q27_t613
27983,q67_t612
27983,q67_t613
27984,q27_t613
27984,q27_t614
27985,q27_t614
27985,q27_t615
27986,q27_t615
27986,q27_t616
27986,q68_t615
27986,q68_t616
27987,q27_t616
27987,q27_t617
27988,q27_t617
27988,q27_t618
27989,q27_t618
27989,q27_t619
27989,q69_t618
27989,q69_t619
27990,q27_t619
27990,q27_t620
27991,q27_t620
27991,q27_t621
27992,q27_t621
27992,q27_t622
27992,q70_t621
27992,q70_t622
27993,q27_t622
27993,q27_t623
27994,q27_t623
27994,q27_t624
27995,q27_t624
27995,q27_t625
27995,q71_t624
27995,q71_t625
27996,q27_t625
27996,q27_t626
27997,q27_t626
27997,q27_t627
27998,q27_t627
27998,q27_t628
27998,q72_t627
27998,q72_t628
27999,q27_t628
27999,q27_t629
28000,q27_t629
28000,q27_t630
28001,q27_t630
28001,q27_t631
28001,q73_t630
28001,q73_t631
28002,q27_t631
28002,q27_t632
28003,q27_t632
28003,q27_t633
28004,q27_t633
28004,q27_t634
28004,q74_t633
28004,q74_t634
28005,q27_t634
28005,q27_t635
28006,q27_t635
28006,q27_t636
28007,q27_t636
28007,q27_t637
28007,q75_t636
28007,q75_t637
28008,q27_t637
28008,q27_t638
28009,q27_t638
28009,q27_t639
28010,q27_t639
28010,q27_t640
28010,q76_t639
28010,q76_t640
28011,q27_t640
28011,q27_t641
28012,q27_t641
28012,q27_t642
28013,q27_t642
28013,q27_t643
28013,q77_t642
28013,q77_t643
28014,q27_t643
28014,q27_t644
28015,q27_t644
28015,q27_t645
28016,q27_t645
28016,q27_t646
28016,q78_t645
28016,q78_t646
28017,q27_t646
28017,q27_t647
28018,q27_t647
28018,q27_t648
28019,q27_t648
28019,q27_t649
28019,q79_t648
28019,q79_t649
28020,q27_t649
28020,q27_t650
28021,q27_t650
28021,q27_t651
28022,q27_t651
28022,q27_t652
28022,q80_t651
28022,q80_t652
28023,q27_t652
28023,q27_t653
28024,q27_t653
28024,q27_t654
28025,q27_t654
28025,q27_t655
28025,q81_t654
28025,q81_t655
28026,q27_t655
28026,q27_t656
28027,q27_t656
28027,q27_t657
28028,q27_t657
28028,q27_t658
28028,q82_t657
28028,q82_t658
28029,q27_t658
28029,q27_t659
28030,q27_t659
28030,q27_t660
28031,q27_t660
28031,q27_t661
28031,q83_t660
28031,q83_t661
28032,q27_t661
28032,q27_t662
28033,q27_t662
28033,q27_t663
28034,q27_t663
28034,q27_t664
28034,q84_t663
28034,q84_t664
28035,q27_t664
28035,q27_t665
28036,q27_t665
28036,q27_t666
28037,q27_t666
28037,q27_t667
28037,q85_t666
28037,q85_t667
28038,q27_t667
28038,q27_t668
28039,q27_t668
28039,q27_t669
28040,q27_t669
28040,q27_t670
28040,q86_t669
28040,q86_t670
28041,q27_t670
28041,q27_t671
28042,q27_t671
28042,q27_t672
28043,q27_t672
28043,q27_t673
28043,q87_t672
28043,q87_t673
28044,q27_t673
28044,q27_t674
28045,q27_t674
28045,q27_t675
28046,q27_t675
28046,q27_t676
28046,q88_t675
28046,q88_t676
28047,q27_t676
28047,q27_t677
28048,q27_t677
28048,q27_t678
28049,q27_t678
28049,q27_t679
28049,q89_t678
28049,q89_t679
28050,q27_t679
28050,q27_t680
28051,q27_t680
28051,q27_t681
28052,q27_t681
28052,q27_t682
28052,q90_t681
28052,q90_t682
28053,q27_t682
28053,q27_t683
28054,q27_t683
28054,q27_t684
28055,q27_t684
28055,q27_t685
28055,q91_t684
28055,q91_t685
28056,q27_t685
28056,q27_t686
28057,q27_t686
28057,q27_t687
28058,q27_t687
28058,q27_t688
28058,q92_t687
28058,q92_t688
28059,q27_t688
28059,q27_t689
28060,q27_t689
28060,q27_t690
28061,q27_t690
28061,q27_t691
28061,q93_t690
28061,q93_t691
28062,q27_t691
28062,q27_t692
28063,q27_t692
28063,q27_t693
28064,q27_t693
28064,q27_t694
28064,q94_t693
28064,q94_t694
28065,q27_t694
28065,q27_t695
28066,q27_t695
28066,q27_t696
28067,q27_t696
28067,q27_t697
28067,q95_t696
28067,q95_t697
28068,q27_t697
28068,q27_t698
28069,q27_t698
28069,q27_t699
28070,q27_t699
28070,q27_t700
28070,q96_t699
28070,q96_t700
28071,q27_t700
28071,q27_t701
28072,q27_t701
28072,q27_t702
28073,q27_t702
28073,q27_t703
28073,q97_t702
28073,q97_t703
28074,q27_t703
28074,q27_t704
28075,q27_t704
28075,q27_t705
28076,q27_t705
28076,q27_t706
28076,q98_t705
28076,q98_t706
28077,q27_t706
28077,q27_t707
28078,q27_t707
28078,q27_t708
28079,q27_t708
28079,q27_t709
28079,q99_t708
28079,q99_t709
28080,q27_t709
28080,q27_t710
28081,q27_t710
28081,q27_t711
28082,q27_t712
28082,q27_t713
28083,q27_t713
28083,q27_t714
28084,q27_t715
28084,q27_t716
28085,q27_t716
28085,q27_t717
28086,q27_t718
28086,q27_t719
28087,q27_t719
28087,q27_t720
28088,q27_t721
28088,q27_t722
28089,q27_t722
28089,q27_t723
28090,q27_t724
28090,q27_t725
28091,q27_t725
28091,q27_t726
28092,q27_t727
28092,q27_t728
28093,q27_t728
28093,q27_t729
28094,q27_t730
28094,q27_t731
28095,q27_t731
28095,q27_t732
28096,q27_t733
28096,q27_t734
28097,q27_t734
28097,q27_t735
28098,q27_t736
28098,q27_t737
28099,q27_t737
28099,q27_t738
28100,q27_t739
28100,q27_t740
28101,q27_t740
28101,q27_t741
28102,q27_t741
28102,q27_t742
28103,q27_t743
28103,q27_t744
28104,q27_t744
28104,q27_t745
28105,q27_t746
28105,q27_t747
28106,q27_t747
28106,q27_t748
28107,q27_t748
28107,q27_t749
28107,q2_t748
28107,q2_t749
28108,q27_t749
28108,q27_t750
28109,q27_t750
28109,q27_t751
28110,q27_t751
28110,q27_t752
28110,q3_t751
28110,q3_t752
28111,q27_t752
28111,q27_t753
28112,q27_t753
28112,q27_t754
28113,q27_t754
28113,q27_t755
28113,q4_t754
28113,q4_t755
28114,q27_t755
28114,q27_t756
28115,q27_t756
28115,q27_t757
28116,q27_t757
28116,q27_t758
28116,q5_t757
28116,q5_t758
28117,q27_t758
28117,q27_t759
28118,q27_t759
28118,q27_t760
28119,q27_t760
28119,q27_t761
28119,q6_t760
28119,q6_t761
28120,q27_t761
28120,q27_t762
28121,q27_t762
28121,q27_t763
28122,q27_t763
28122,q27_t764
28122,q7_t763
28122,q7_t764
28123,q27_t764
28123,q27_t765
28124,q27_t765
28124,q27_t766
28125,q27_t766
28125,q27_t767
28125,q8_t766
28125,q8_t767
28126,q27_t767
28126,q27_t768
28127,q27_t768
28127,q27_t769
28128,q27_t769
28128,q27_t770
28128,q9_t769
28128,q9_t770
28129,q27_t770
28129,q27_t771
28130,q27_t771
28130,q27_t772
28131,q27_t773
28131,q27_t774
28132,q27_t774
28132,q27_t775
28133,q27_t776
28133,q27_t777
28134,q27_t777
28134,q27_t778
28135,q27_t779
28135,q27_t780
28136,q27_t780
28136,q27_t781
28137,q27_t782
28137,q27_t783
28138,q27_t783
28138,q27_t784
28139,q27_t785
28139,q27_t786
28140,q27_t786
28140,q27_t787
28141,q27_t788
28141,q27_t789
28142,q27_t789
28142,q27_t790
28143,q27_t791
28143,q27_t792
28144,q27_t792
28144,q27_t793
28145,q27_t794
28145,q27_t795
28146,q27_t795
28146,q27_t796
28147,q27_t797
28147,q27_t798
28148,q27_t798
28148,q27_t799
28149,q27_t800
28149,q27_t801
28150,q27_t801
28150,q27_t802
28151,q27_t803
28151,q27_t804
28152,q27_t804
28152,q27_t805
28153,q27_t806
28153,q27_t807
28154,q27_t807
28154,q27_t808
28155,q27_t809
28155,q27_t810
28156,q27_t81
28156,q27_t82
28157,q27_t810
28157,q27_t811
28158,q27_t812
28158,q27_t813
28159,q27_t813
28159,q27_t814
28160,q27_t815
28160,q27_t816
28161,q27_t816
28161,q27_t817
28162,q27_t818
28162,q27_t819
28163,q27_t819
28163,q27_t820
28164,q27_t82
28164,q27_t83
28165,q27_t821
28165,q27_t822
28166,q27_t822
28166,q27_t826
28167,q27_t826
28167,q27_t827
28167,q28_t826
28167,q28_t827
28168,q27_t827
28168,q27_t828
28169,q27_t828
28169,q27_t829
28170,q27_t829
28170,q27_t830
28170,q29_t829
28170,q29_t830
28171,q27_t830
28171,q27_t831
28172,q27_t831
28172,q27_t832
28173,q27_t832
28173,q27_t833
28173,q30_t832
28173,q30_t833
28174,q27_t833
28174,q27_t834
28175,q27_t834
28175,q27_t835
28176,q27_t835
28176,q27_t836
28176,q31_t835
28176,q31_t836
28177,q27_t836
28177,q27_t837
28178,q27_t837
28178,q27_t838
28179,q27_t838
28179,q27_t839
28179,q32_t838
28179,q32_t839
28180,q27_t839
28180,q27_t840
28181,q27_t84
28181,q27_t85
28182,q27_t840
28182,q27_t841
28183,q27_t841
28183,q27_t842
28183,q33_t841
28183,q33_t842
28184,q27_t842
28184,q27_t843
28185,q27_t843
28185,q27_t844
28186,q27_t844
28186,q27_t845
28186,q34_t844
28186,q34_t845
28187,q27_t845
28187,q27_t846
28188,q27_t846
28188,q27_t847
28189,q27_t847
28189,q27_t848
28189,q35_t847
28189,q35_t848
28190,q27_t848
28190,q27_t849
28191,q27_t849
28191,q27_t850
28192,q27_t85
28192,q27_t86
28193,q27_t850
28193,q27_t851
28193,q36_t850
28193,q36_t851
28194,q27_t851
28194,q27_t852
28195,q27_t852
28195,q27_t853
28196,q27_t853
28196,q27_t854
28196,q37_t853
28196,q37_t854
28197,q27_t854
28197,q27_t855
28198,q27_t855
28198,q27_t856
28199,q27_t856
28199,q27_t857
28199,q38_t856
28199,q38_t857
28200,q27_t857
28200,q27_t858
28201,q27_t858
28201,q27_t859
28202,q27_t859
28202,q27_t860
28202,q39_t859
28202,q39_t860
28203,q27_t86
28203,q27_t87
28203,q2_t86
28203,q2_t87
28204,q27_t860
28204,q27_t861
28205,q27_t861
28205,q27_t862
28206,q27_t862
28206,q27_t863
28206,q40_t862
28206,q40_t863
28207,q27_t863
28207,q27_t864
28208,q27_t864
28208,q27_t865
28209,q27_t865
28209,q27_t866
28209,q41_t865
28209,q41_t866
28210,q27_t866
28210,q27_t867
28211,q27_t867
28211,q27_t868
28212,q27_t868
28212,q27_t869
28212,q42_t868
28212,q42_t869
28213,q27_t869
28213,q27_t870
28214,q27_t87
28214,q27_t88
28215,q27_t870
28215,q27_t871
28216,q27_t871
28216,q27_t872
28216,q43_t871
28216,q43_t872
28217,q27_t872
28217,q27_t873
28218,q27_t873
28218,q27_t874
28219,q27_t874
28219,q27_t875
28219,q44_t874
28219,q44_t875
28220,q27_t875
28220,q27_t876
28221,q27_t876
28221,q27_t877
28222,q27_t877
28222,q27_t878
28222,q45_t877
28222,q45_t878
28223,q27_t878
28223,q27_t879
28224,q27_t879
28224,q27_t880
28225,q27_t88
28225,q27_t89
28226,q27_t880
28226,q27_t881
28226,q46_t880
28226,q46_t881
28227,q27_t881
28227,q27_t882
28228,q27_t882
28228,q27_t883
28229,q27_t883
28229,q27_t884
28229,q47_t883
28229,q47_t884
28230,q27_t884
28230,q27_t885
28231,q27_t885
28231,q27_t886
28232,q27_t886
28232,q27_t887
28232,q48_t886
28232,q48_t887
28233,q27_t887
28233,q27_t888
28234,q27_t888
28234,q27_t889
28235,q27_t889
28235,q27_t890
28235,q49_t889
28235,q49_t890
28236,q27_t89
28236,q27_t90
28236,q3_t89
28236,q3_t90
28237,q27_t890
28237,q27_t891
28238,q27_t891
28238,q27_t892
28239,q27_t892
28239,q27_t893
28239,q50_t892
28239,q50_t893
28240,q27_t893
28240,q27_t894
28241,q27_t894
28241,q27_t895
28242,q27_t895
28242,q27_t896
28242,q51_t895
28242,q51_t896
28243,q27_t896
28243,q27_t897
28244,q27_t897
28244,q27_t898
28245,q27_t898
28245,q27_t899
28245,q52_t898
28245,q52_t899
28246,q27_t899
28246,q27_t900
28247,q27_t90
28247,q27_t91
28248,q27_t900
28248,q27_t901
28249,q27_t901
28249,q27_t902
28249,q53_t901
28249,q53_t902
28250,q27_t902
28250,q27_t903
28251,q27_t903
28251,q27_t904
28252,q27_t904
28252,q27_t905
28252,q54_t904
28252,q54_t905
28253,q27_t905
28253,q27_t906
28254,q27_t906
28254,q27_t907
28255,q27_t907
28255,q27_t908
28255,q55_t907
28255,q55_t908
28256,q27_t908
28256,q27_t909
28257,q27_t909
28257,q27_t910
28258,q27_t91
28258,q27_t92
28259,q27_t910
28259,q27_t911
28259,q56_t910
28259,q56_t911
28260,q27_t911
28260,q27_t912
28261,q27_t912
28261,q27_t913
28262,q27_t913
28262,q27_t914
28262,q57_t913
28262,q57_t914
28263,q27_t914
28263,q27_t915
28264,q27_t915
28264,q27_t916
28265,q27_t916
28265,q27_t917
28265,q58_t916
28265,q58_t917
28266,q27_t917
28266,q27_t918
28267,q27_t918
28267,q27_t919
28268,q27_t919
28268,q27_t920
28268,q59_t919
28268,q59_t920
28269,q27_t92
28269,q27_t93
28269,q4_t92
28269,q4_t93
28270,q27_t920
28270,q27_t921
28271,q27_t921
28271,q27_t922
28272,q27_t922
28272,q27_t923
28272,q60_t922
28272,q60_t923
28273,q27_t923
28273,q27_t924
28274,q27_t924
28274,q27_t925
28275,q27_t925
28275,q27_t926
28275,q61_t925
28275,q61_t926
28276,q27_t926
28276,q27_t927
28277,q27_t927
28277,q27_t928
28278,q27_t928
28278,q27_t929
28278,q62_t928
28278,q62_t929
28279,q27_t929
28279,q27_t930
28280,q27_t93
28280,q27_t94
28281,q27_t930
28281,q27_t931
28282,q27_t931
28282,q27_t932
28282,q63_t931
28282,q63_t932
28283,q27_t932
28283,q27_t933
28284,q27_t933
28284,q27_t934
28285,q27_t934
28285,q27_t935
28285,q64_t934
28285,q64_t935
28286,q27_t935
28286,q27_t936
28287,q27_t936
28287,q27_t937
28288,q27_t937
28288,q27_t938
28288,q65_t937
28288,q65_t938
28289,q27_t938
28289,q27_t939
28290,q27_t939
28290,q27_t940
28291,q27_t94
28291,q27_t95
28292,q27_t940
28292,q27_t941
28292,q66_t940
28292,q66_t941
28293,q27_t941
28293,q27_t942
28294,q27_t942
28294,q27_t943
28295,q27_t943
28295,q27_t944
28295,q67_t943
28295,q67_t944
28296,q27_t944
28296,q27_t945
28297,q27_t945
28297,q27_t946
28298,q27_t946
28298,q27_t947
28298,q68_t946
28298,q68_t947
28299,q27_t947
28299,q27_t948
28300,q27_t948
28300,q27_t949
28301,q27_t949
28301,q27_t950
28301,q69_t949
28301,q69_t950
28302,q27_t95
28302,q27_t96
28302,q5_t95
28302,q5_t96
28303,q27_t950
28303,q27_t951
28304,q27_t951
28304,q27_t952
28305,q27_t952
28305,q27_t953
28305,q70_t952
28305,q70_t953
28306,q27_t953
28306,q27_t954
28307,q27_t954
28307,q27_t955
28308,q27_t955
28308,q27_t956
28308,q71_t955
28308,q71_t956
28309,q27_t956
28309,q27_t957
28310,q27_t957
28310,q27_t958
28311,q27_t958
28311,q27_t959
28311,q72_t958
28311,q72_t959
28312,q27_t959
28312,q27_t960
28313,q27_t96
28313,q27_t97
28314,q27_t960
28314,q27_t961
28315,q27_t961
28315,q27_t962
28315,q73_t961
28315,q73_t962
28316,q27_t962
28316,q27_t963
28317,q27_t963
28317,q27_t964
28318,q27_t964
28318,q27_t965
28318,q74_t964
28318,q74_t965
28319,q27_t965
28319,q27_t966
28320,q27_t966
28320,q27_t967
28321,q27_t967
28321,q27_t968
28321,q75_t967
28321,q75_t968
28322,q27_t968
28322,q27_t969
28323,q27_t969
28323,q27_t970
28324,q27_t97
28324,q27_t98
28325,q27_t970
28325,q27_t971
28325,q76_t970
28325,q76_t971
28326,q27_t971
28326,q27_t972
28327,q27_t972
28327,q27_t973
28328,q27_t973
28328,q27_t974
28328,q77_t973
28328,q77_t974
28329,q27_t974
28329,q27_t975
28330,q27_t975
28330,q27_t976
28331,q27_t976
28331,q27_t977
28331,q78_t976
28331,q78_t977
28332,q27_t977
28332,q27_t978
28333,q27_t978
28333,q27_t979
28334,q27_t979
28334,q27_t980
28334,q79_t979
28334,q79_t980
28335,q27_t98
28335,q27_t99
28335,q6_t98
28335,q6_t99
28336,q27_t980
28336,q27_t981
28337,q27_t981
28337,q27_t982
28338,q27_t982
28338,q27_t983
28338,q80_t982
28338,q80_t983
28339,q27_t983
28339,q27_t984
28340,q27_t984
28340,q27_t985
28341,q27_t985
28341,q27_t986
28341,q81_t985
28341,q81_t986
28342,q27_t986
28342,q27_t987
28343,q27_t987
28343,q27_t988
28344,q27_t988
28344,q27_t989
28344,q82_t988
28344,q82_t989
28345,q27_t989
28345,q27_t990
28346,q27_t990
28346,q27_t991
28347,q27_t991
28347,q27_t992
28347,q83_t991
28347,q83_t992
28348,q27_t992
28348,q27_t993
28349,q27_t993
28349,q27_t994
28350,q27_t994
28350,q27_t995
28350,q84_t994
28350,q84_t995
28351,q27_t995
28351,q27_t996
28352,q27_t996
28352,q27_t997
28353,q27_t997
28353,q27_t998
28353,q85_t997
28353,q85_t998
28354,q27_t998
28354,q27_t999
28355,q28_t0
28355,q28_t1
28356,q28_t1
28356,q28_t83
28357,q28_t100
28357,q28_t101
28358,q28_t100
28358,q28_t99
28359,q28_t1000
28359,q28_t1001
28359,q85_t1000
28359,q85_t1001
28360,q28_t1000
28360,q28_t999
28361,q28_t1001
28361,q28_t1002
28362,q28_t1002
28362,q28_t1003
28363,q28_t1003
28363,q28_t1004
28363,q86_t1003
28363,q86_t1004
28364,q28_t1004
28364,q28_t1005
28365,q28_t1005
28365,q28_t1006
28366,q28_t1006
28366,q28_t1007
28366,q87_t1006
28366,q87_t1007
28367,q28_t1007
28367,q28_t1008
28368,q28_t1008
28368,q28_t1009
28369,q28_t1009
28369,q28_t1010
28369,q88_t1009
28369,q88_t1010
28370,q28_t101
28370,q28_t102
28370,q6_t101
28370,q6_t102
28371,q28_t1010
28371,q28_t1011
28372,q28_t1011
28372,q28_t1012
28373,q28_t1012
28373,q28_t1013
28373,q89_t1012
28373,q89_t1013
28374,q28_t1013
28374,q28_t1014
28375,q28_t1014
28375,q28_t1015
28376,q28_t1015
28376,q28_t1016
28376,q90_t1015
28376,q90_t1016
28377,q28_t1016
28377,q28_t1017
28378,q28_t1017
28378,q28_t1018
28379,q28_t1018
28379,q28_t1019
28379,q91_t1018
28379,q91_t1019
28380,q28_t1019
28380,q28_t1020
28381,q28_t102
28381,q28_t103
28382,q28_t1020
28382,q28_t1021
28383,q28_t1021
28383,q28_t1022
28383,q92_t1021
28383,q92_t1022
28384,q28_t1022
28384,q28_t1023
28385,q28_t1023
28385,q28_t1024
28386,q28_t1024
28386,q28_t1025
28386,q93_t1024
28386,q93_t1025
28387,q28_t1025
28387,q28_t1026
28388,q28_t1026
28388,q28_t1027
28389,q28_t1027
28389,q28_t1028
28389,q94_t1027
28389,q94_t1028
28390,q28_t1028
28390,q28_t1029
28391,q28_t1029
28391,q28_t1030
28392,q28_t103
28392,q28_t104
28393,q28_t1030
28393,q28_t1031
28393,q95_t1030
28393,q95_t1031
28394,q28_t1031
28394,q28_t1032
28395,q28_t1032
28395,q28_t1033
28396,q28_t1033
28396,q28_t1034
28396,q96_t1033
28396,q96_t1034
28397,q28_t1034
28397,q28_t1035
28398,q28_t1035
28398,q28_t1036
28399,q28_t1036
28399,q28_t1037
28399,q97_t1036
28399,q97_t1037
28400,q28_t1037
28400,q28_t1038
28401,q28_t1038
28401,q28_t1039
28402,q28_t1039
28402,q28_t1040
28402,q98_t1039
28402,q98_t1040
28403,q28_t104
28403,q28_t105
28403,q7_t104
28403,q7_t105
28404,q28_t1040
28404,q28_t1041
28405,q28_t1041
28405,q28_t1042
28406,q28_t1042
28406,q28_t1043
28406,q99_t1042
28406,q99_t1043
28407,q28_t1043
28407,q28_t1044
28408,q28_t1044
28408,q28_t1045
28409,q28_t1046
28409,q28_t1047
28410,q28_t1047
28410,q28_t1048
28411,q28_t1049
28411,q28_t1050
28412,q28_t105
28412,q28_t106
28413,q28_t1050
28413,q28_t1051
28414,q28_t1052
28414,q28_t1053
28415,q28_t1053
28415,q28_t1054
28416,q28_t1055
28416,q28_t1056
28417,q28_t1056
28417,q28_t1057
28418,q28_t1058
28418,q28_t1059
28419,q28_t1059
28419,q28_t1060
28420,q28_t106
28420,q28_t107
28421,q28_t1061
28421,q28_t1062
28422,q28_t1062
28422,q28_t1063
28423,q28_t1064
28423,q28_t1065
28424,q28_t1065
28424,q28_t1066
28425,q28_t1067
28425,q28_t1068
28426,q28_t1068
28426,q28_t1069
28427,q28_t107
28427,q28_t108
28427,q8_t107
28427,q8_t108
28428,q28_t1070
28428,q28_t1071
28429,q28_t1071
28429,q28_t1072
28430,q28_t1073
28430,q28_t1074
28431,q28_t1074
28431,q28_t1075
28432,q28_t108
28432,q28_t109
28433,q28_t109
28433,q28_t110
28434,q28_t110
28434,q28_t111
28434,q9_t110
28434,q9_t111
28435,q28_t111
28435,q28_t112
28436,q28_t112
28436,q28_t113
28437,q28_t114
28437,q28_t115
28438,q28_t115
28438,q28_t116
28439,q28_t117
28439,q28_t118
28440,q28_t118
28440,q28_t119
28441,q28_t120
28441,q28_t121
28442,q28_t121
28442,q28_t122
28443,q28_t123
28443,q28_t124
28444,q28_t124
28444,q28_t125
28445,q28_t126
28445,q28_t127
28446,q28_t127
28446,q28_t128
28447,q28_t129
28447,q28_t130
28448,q28_t130
28448,q28_t131
28449,q28_t132
28449,q28_t133
28450,q28_t133
28450,q28_t134
28451,q28_t135
28451,q28_t136
28452,q28_t136
28452,q28_t137
28453,q28_t138
28453,q28_t139
28454,q28_t139
28454,q28_t140
28455,q28_t141
28455,q28_t142
28456,q28_t142
28456,q28_t143
28457,q28_t144
28457,q28_t145
28458,q28_t145
28458,q28_t146
28459,q28_t147
28459,q28_t148
28460,q28_t148
28460,q28_t149
28461,q28_t150
28461,q28_t151
28462,q28_t151
28462,q28_t152
28463,q28_t153
28463,q28_t154
28464,q28_t154
28464,q28_t155
28465,q28_t156
28465,q28_t157
28466,q28_t157
28466,q28_t158
28467,q28_t159
28467,q28_t160
28468,q28_t160
28468,q28_t161
28469,q28_t162
28469,q28_t163
28470,q28_t163
28470,q28_t164
28471,q28_t165
28471,q28_t166
28472,q28_t166
28472,q28_t170
28473,q28_t170
28473,q28_t171
28473,q29_t170
28473,q29_t171
28474,q28_t171
28474,q28_t172
28475,q28_t172
28475,q28_t173
28476,q28_t173
28476,q28_t174
28476,q30_t173
28476,q30_t174
28477,q28_t174
28477,q28_t175
28478,q28_t175
28478,q28_t176
28479,q28_t176
28479,q28_t177
28479,q31_t176
28479,q31_t177
28480,q28_t177
28480,q28_t178
28481,q28_t178
28481,q28_t179
28482,q28_t179
28482,q28_t180
28482,q32_t179
28482,q32_t180
28483,q28_t180
28483,q28_t181
28484,q28_t181
28484,q28_t182
28485,q28_t182
28485,q28_t183
28485,q33_t182
28485,q33_t183
28486,q28_t183
28486,q28_t184
28487,q28_t184
28487,q28_t185
28488,q28_t185
28488,q28_t186
28488,q34_t185
28488,q34_t186
28489,q28_t186
28489,q28_t187
28490,q28_t187
28490,q28_t188
28491,q28_t188
28491,q28_t189
28491,q35_t188
28491,q35_t189
28492,q28_t189
28492,q28_t190
28493,q28_t190
28493,q28_t191
28494,q28_t191
28494,q28_t192
28494,q36_t191
28494,q36_t192
28495,q28_t192
28495,q28_t193
28496,q28_t193
28496,q28_t194
28497,q28_t194
28497,q28_t195
28497,q37_t194
28497,q37_t195
28498,q28_t195
28498,q28_t196
28499,q28_t196
28499,q28_t197
28500,q28_t197
28500,q28_t198
28500,q38_t197
28500,q38_t198
28501,q28_t198
28501,q28_t199
28502,q28_t199
28502,q28_t200
28503,q28_t200
28503,q28_t201
28503,q39_t200
28503,q39_t201
28504,q28_t201
28504,q28_t202
28505,q28_t202
28505,q28_t203
28506,q28_t203
28506,q28_t204
28506,q40_t203
28506,q40_t204
28507,q28_t204
28507,q28_t205
28508,q28_t205
28508,q28_t206
28509,q28_t206
28509,q28_t207
28509,q41_t206
28509,q41_t207
28510,q28_t207
28510,q28_t208
28511,q28_t208
28511,q28_t209
28512,q28_t209
28512,q28_t210
28512,q42_t209
28512,q42_t210
28513,q28_t210
28513,q28_t211
28514,q28_t211
28514,q28_t212
28515,q28_t212
28515,q28_t213
28515,q43_t212
28515,q43_t213
28516,q28_t213
28516,q28_t214
28517,q28_t214
28517,q28_t215
28518,q28_t215
28518,q28_t216
28518,q44_t215
28518,q44_t216
28519,q28_t216
28519,q28_t217
28520,q28_t217
28520,q28_t218
28521,q28_t218
28521,q28_t219
28521,q45_t218
28521,q45_t219
28522,q28_t219
28522,q28_t220
28523,q28_t220
28523,q28_t221
28524,q28_t221
28524,q28_t222
28524,q46_t221
28524,q46_t222
28525,q28_t222
28525,q28_t223
28526,q28_t223
28526,q28_t224
28527,q28_t224
28527,q28_t225
28527,q47_t224
28527,q47_t225
28528,q28_t225
28528,q28_t226
28529,q28_t226
28529,q28_t227
28530,q28_t227
28530,q28_t228
28530,q48_t227
28530,q48_t228
28531,q28_t228
28531,q28_t229
28532,q28_t229
28532,q28_t230
28533,q28_t230
28533,q28_t231
28533,q49_t230
28533,q49_t231
28534,q28_t231
28534,q28_t232
28535,q28_t232
28535,q28_t233
28536,q28_t233
28536,q28_t234
28536,q50_t233
28536,q50_t234
28537,q28_t234
28537,q28_t235
28538,q28_t235
28538,q28_t236
28539,q28_t236
28539,q28_t237
28539,q51_t236
28539,q51_t237
28540,q28_t237
28540,q28_t238
28541,q28_t238
28541,q28_t239
28542,q28_t239
28542,q28_t240
28542,q52_t239
28542,q52_t240
28543,q28_t240
28543,q28_t241
28544,q28_t241
28544,q28_t242
28545,q28_t242
28545,q28_t243
28545,q53_t242
28545,q53_t243
28546,q28_t243
28546,q28_t244
28547,q28_t244
28547,q28_t245
28548,q28_t245
28548,q28_t246
28548,q54_t245
28548,q54_t246
28549,q28_t246
28549,q28_t247
28550,q28_t247
28550,q28_t248
28551,q28_t248
28551,q28_t249
28551,q55_t248
28551,q55_t249
28552,q28_t249
28552,q28_t250
28553,q28_t250
28553,q28_t251
28554,q28_t251
28554,q28_t252
28554,q56_t251
28554,q56_t252
28555,q28_t252
28555,q28_t253
28556,q28_t253
28556,q28_t254
28557,q28_t254
28557,q28_t255
28557,q57_t254
28557,q57_t255
28558,q28_t255
28558,q28_t256
28559,q28_t256
28559,q28_t257
28560,q28_t257
28560,q28_t258
28560,q58_t257
28560,q58_t258
28561,q28_t258
28561,q28_t259
28562,q28_t259
28562,q28_t260
28563,q28_t260
28563,q28_t261
28563,q59_t260
28563,q59_t261
28564,q28_t261
28564,q28_t262
28565,q28_t262
28565,q28_t263
28566,q28_t263
28566,q28_t264
28566,q60_t263
28566,q60_t264
28567,q28_t264
28567,q28_t265
28568,q28_t265
28568,q28_t266
28569,q28_t266
28569,q28_t267
28569,q61_t266
28569,q61_t267
28570,q28_t267
28570,q28_t268
28571,q28_t268
28571,q28_t269
28572,q28_t269
28572,q28_t270
28572,q62_t269
28572,q62_t270
28573,q28_t270
28573,q28_t271
28574,q28_t271
28574,q28_t272
28575,q28_t272
28575,q28_t273
28575,q63_t272
28575,q63_t273
28576,q28_t273
28576,q28_t274
28577,q28_t274
28577,q28_t275
28578,q28_t275
28578,q28_t276
28578,q64_t275
28578,q64_t276
28579,q28_t276
28579,q28_t277
28580,q28_t277
28580,q28_t278
28581,q28_t278
28581,q28_t279
28581,q65_t278
28581,q65_t279
28582,q28_t279
28582,q28_t280
28583,q28_t280
28583,q28_t281
28584,q28_t281
28584,q28_t282
28584,q66_t281
28584,q66_t282
28585,q28_t282
28585,q28_t283
28586,q28_t283
28586,q28_t284
28587,q28_t284
28587,q28_t285
28587,q67_t284
28587,q67_t285
28588,q28_t285
28588,q28_t286
28589,q28_t286
28589,q28_t287
28590,q28_t287
28590,q28_t288
28590,q68_t287
28590,q68_t288
28591,q28_t288
28591,q28_t289
28592,q28_t289
28592,q28_t290
28593,q28_t290
28593,q28_t291
28593,q69_t290
28593,q69_t291
28594,q28_t291
28594,q28_t292
28595,q28_t292
28595,q28_t293
28596,q28_t293
28596,q28_t294
28596,q70_t293
28596,q70_t294
28597,q28_t294
28597,q28_t295
28598,q28_t295
28598,q28_t296
28599,q28_t296
28599,q28_t297
28599,q71_t296
28599,q71_t297
28600,q28_t297
28600,q28_t298
28601,q28_t298
28601,q28_t299
28602,q28_t299
28602,q28_t300
28602,q72_t299
28602,q72_t300
28603,q28_t300
28603,q28_t301
28604,q28_t301
28604,q28_t302
28605,q28_t302
28605,q28_t303
28605,q73_t302
28605,q73_t303
28606,q28_t303
28606,q28_t304
28607,q28_t304
28607,q28_t305
28608,q28_t305
28608,q28_t306
28608,q74_t305
28608,q74_t306
28609,q28_t306
28609,q28_t307
28610,q28_t307
28610,q28_t308
28611,q28_t308
28611,q28_t309
28611,q75_t308
28611,q75_t309
28612,q28_t309
28612,q28_t310
28613,q28_t310
28613,q28_t311
28614,q28_t311
28614,q28_t312
28614,q76_t311
28614,q76_t312
28615,q28_t312
28615,q28_t313
28616,q28_t313
28616,q28_t314
28617,q28_t314
28617,q28_t315
28617,q77_t314
28617,q77_t315
28618,q28_t315
28618,q28_t316
28619,q28_t316
28619,q28_t317
28620,q28_t317
28620,q28_t318
28620,q78_t317
28620,q78_t318
28621,q28_t318
28621,q28_t319
28622,q28_t319
28622,q28_t320
28623,q28_t320
28623,q28_t321
28623,q79_t320
28623,q79_t321
28624,q28_t321
28624,q28_t322
28625,q28_t322
28625,q28_t323
28626,q28_t323
28626,q28_t324
28626,q80_t323
28626,q80_t324
28627,q28_t324
28627,q28_t325
28628,q28_t325
28628,q28_t326
28629,q28_t326
28629,q28_t327
28629,q81_t326
28629,q81_t327
28630,q28_t327
28630,q28_t328
28631,q28_t328
28631,q28_t329
28632,q28_t329
28632,q28_t330
28632,q82_t329
28632,q82_t330
28633,q28_t330
28633,q28_t331
28634,q28_t331
28634,q28_t332
28635,q28_t332
28635,q28_t333
28635,q83_t332
28635,q83_t333
28636,q28_t333
28636,q28_t334
28637,q28_t334
28637,q28_t335
28638,q28_t335
28638,q28_t336
28638,q84_t335
28638,q84_t336
28639,q28_t336
28639,q28_t337
28640,q28_t337
28640,q28_t338
28641,q28_t338
28641,q28_t339
28641,q85_t338
28641,q85_t339
28642,q28_t339
28642,q28_t340
28643,q28_t340
28643,q28_t341
28644,q28_t341
28644,q28_t342
28644,q86_t341
28644,q86_t342
28645,q28_t342
28645,q28_t343
28646,q28_t343
28646,q28_t344
28647,q28_t344
28647,q28_t345
28647,q87_t344
28647,q87_t345
28648,q28_t345
28648,q28_t346
28649,q28_t346
28649,q28_t347
28650,q28_t347
28650,q28_t348
28650,q88_t347
28650,q88_t348
28651,q28_t348
28651,q28_t349
28652,q28_t349
28652,q28_t350
28653,q28_t350
28653,q28_t351
28653,q89_t350
28653,q89_t351
28654,q28_t351
28654,q28_t352
28655,q28_t352
28655,q28_t353
28656,q28_t353
28656,q28_t354
28656,q90_t353
28656,q90_t354
28657,q28_t354
28657,q28_t355
28658,q28_t355
28658,q28_t356
28659,q28_t356
28659,q28_t357
28659,q91_t356
28659,q91_t357
28660,q28_t357
28660,q28_t358
28661,q28_t358
28661,q28_t359
28662,q28_t359
28662,q28_t360
28662,q92_t359
28662,q92_t360
28663,q28_t360
28663,q28_t361
28664,q28_t361
28664,q28_t362
28665,q28_t362
28665,q28_t363
28665,q93_t362
28665,q93_t363
28666,q28_t363
28666,q28_t364
28667,q28_t364
28667,q28_t365
28668,q28_t365
28668,q28_t366
28668,q94_t365
28668,q94_t366
28669,q28_t366
28669,q28_t367
28670,q28_t367
28670,q28_t368
28671,q28_t368
28671,q28_t369
28671,q95_t368
28671,q95_t369
28672,q28_t369
28672,q28_t370
28673,q28_t370
28673,q28_t371
28674,q28_t371
28674,q28_t372
28674,q96_t371
28674,q96_t372
28675,q28_t372
28675,q28_t373
28676,q28_t373
28676,q28_t374
28677,q28_t374
28677,q28_t375
28677,q97_t374
28677,q97_t375
28678,q28_t375
28678,q28_t376
28679,q28_t376
28679,q28_t377
28680,q28_t377
28680,q28_t378
28680,q98_t377
28680,q98_t378
28681,q28_t378
28681,q28_t379
28682,q28_t379
28682,q28_t380
28683,q28_t380
28683,q28_t381
28683,q99_t380
28683,q99_t381
28684,q28_t381
28684,q28_t382
28685,q28_t382
28685,q28_t383
28686,q28_t384
28686,q28_t385
28687,q28_t385
28687,q28_t386
28688,q28_t387
28688,q28_t388
28689,q28_t388
28689,q28_t389
28690,q28_t390
28690,q28_t391
28691,q28_t391
28691,q28_t392
28692,q28_t393
28692,q28_t394
28693,q28_t394
28693,q28_t395
28694,q28_t396
28694,q28_t397
28695,q28_t397
28695,q28_t398
28696,q28_t399
28696,q28_t400
28697,q28_t400
28697,q28_t401
28698,q28_t402
28698,q28_t403
28699,q28_t403
28699,q28_t404
28700,q28_t405
28700,q28_t406
28701,q28_t406
28701,q28_t407
28702,q28_t408
28702,q28_t409
28703,q28_t409
28703,q28_t410
28704,q28_t411
28704,q28_t412
28705,q28_t412
28705,q28_t413
28706,q28_t413
28706,q28_t414
28707,q28_t415
28707,q28_t416
28708,q28_t416
28708,q28_t417
28709,q28_t418
28709,q28_t419
28710,q28_t419
28710,q28_t420
28711,q28_t420
28711,q28_t421
28711,q2_t420
28711,q2_t421
28712,q28_t421
28712,q28_t422
28713,q28_t422
28713,q28_t423
28714,q28_t423
28714,q28_t424
28714,q3_t423
28714,q3_t424
28715,q28_t424
28715,q28_t425
28716,q28_t425
28716,q28_t426
28717,q28_t426
28717,q28_t427
28717,q4_t426
28717,q4_t427
28718,q28_t427
28718,q28_t428
28719,q28_t428
28719,q28_t429
28720,q28_t429
28720,q28_t430
28720,q5_t429
28720,q5_t430
28721,q28_t430
28721,q28_t431
28722,q28_t431
28722,q28_t432
28723,q28_t432
28723,q28_t433
28723,q6_t432
28723,q6_t433
28724,q28_t433
28724,q28_t434
28725,q28_t434
28725,q28_t435
28726,q28_t435
28726,q28_t436
28726,q7_t435
28726,q7_t436
28727,q28_t436
28727,q28_t437
28728,q28_t437
28728,q28_t438
28729,q28_t438
28729,q28_t439
28729,q8_t438
28729,q8_t439
28730,q28_t439
28730,q28_t440
28731,q28_t440
28731,q28_t441
28732,q28_t441
28732,q28_t442
28732,q9_t441
28732,q9_t442
28733,q28_t442
28733,q28_t443
28734,q28_t443
28734,q28_t444
28735,q28_t445
28735,q28_t446
28736,q28_t446
28736,q28_t447
28737,q28_t448
28737,q28_t449
28738,q28_t449
28738,q28_t450
28739,q28_t451
28739,q28_t452
28740,q28_t452
28740,q28_t453
28741,q28_t454
28741,q28_t455
28742,q28_t455
28742,q28_t456
28743,q28_t457
28743,q28_t458
28744,q28_t458
28744,q28_t459
28745,q28_t460
28745,q28_t461
28746,q28_t461
28746,q28_t462
28747,q28_t463
28747,q28_t464
28748,q28_t464
28748,q28_t465
28749,q28_t466
28749,q28_t467
28750,q28_t467
28750,q28_t468
28751,q28_t469
28751,q28_t470
28752,q28_t470
28752,q28_t471
28753,q28_t472
28753,q28_t473
28754,q28_t473
28754,q28_t474
28755,q28_t475
28755,q28_t476
28756,q28_t476
28756,q28_t477
28757,q28_t478
28757,q28_t479
28758,q28_t479
28758,q28_t480
28759,q28_t481
28759,q28_t482
28760,q28_t482
28760,q28_t483
28761,q28_t484
28761,q28_t485
28762,q28_t485
28762,q28_t486
28763,q28_t487
28763,q28_t488
28764,q28_t488
28764,q28_t489
28765,q28_t490
28765,q28_t491
28766,q28_t491
28766,q28_t492
28767,q28_t493
28767,q28_t494
28768,q28_t494
28768,q28_t495
28769,q28_t496
28769,q28_t497
28770,q28_t497
28770,q28_t501
28771,q28_t501
28771,q28_t502
28771,q29_t501
28771,q29_t502
28772,q28_t502
28772,q28_t503
28773,q28_t503
28773,q28_t504
28774,q28_t504
28774,q28_t505
28774,q30_t504
28774,q30_t505
28775,q28_t505
28775,q28_t506
28776,q28_t506
28776,q28_t507
28777,q28_t507
28777,q28_t508
28777,q31_t507
28777,q31_t508
28778,q28_t508
28778,q28_t509
28779,q28_t509
28779,q28_t510
28780,q28_t510
28780,q28_t511
28780,q32_t510
28780,q32_t511
28781,q28_t511
28781,q28_t512
28782,q28_t512
28782,q28_t513
28783,q28_t513
28783,q28_t514
28783,q33_t513
28783,q33_t514
28784,q28_t514
28784,q28_t515
28785,q28_t515
28785,q28_t516
28786,q28_t516
28786,q28_t517
28786,q34_t516
28786,q34_t517
28787,q28_t517
28787,q28_t518
28788,q28_t518
28788,q28_t519
28789,q28_t519
28789,q28_t520
28789,q35_t519
28789,q35_t520
28790,q28_t520
28790,q28_t521
28791,q28_t521
28791,q28_t522
28792,q28_t522
28792,q28_t523
28792,q36_t522
28792,q36_t523
28793,q28_t523
28793,q28_t524
28794,q28_t524
28794,q28_t525
28795,q28_t525
28795,q28_t526
28795,q37_t525
28795,q37_t526
28796,q28_t526
28796,q28_t527
28797,q28_t527
28797,q28_t528
28798,q28_t528
28798,q28_t529
28798,q38_t528
28798,q38_t529
28799,q28_t529
28799,q28_t530
28800,q28_t530
28800,q28_t531
28801,q28_t531
28801,q28_t532
28801,q39_t531
28801,q39_t532
28802,q28_t532
28802,q28_t533
28803,q28_t533
28803,q28_t534
28804,q28_t534
28804,q28_t535
28804,q40_t534
28804,q40_t535
28805,q28_t535
28805,q28_t536
28806,q28_t536
28806,q28_t537
28807,q28_t537
28807,q28_t538
28807,q41_t537
28807,q41_t538
28808,q28_t538
28808,q28_t539
28809,q28_t539
28809,q28_t540
28810,q28_t540
28810,q28_t541
28810,q42_t540
28810,q42_t541
28811,q28_t541
28811,q28_t542
28812,q28_t542
28812,q28_t543
28813,q28_t543
28813,q28_t544
28813,q43_t543
28813,q43_t544
28814,q28_t544
28814,q28_t545
28815,q28_t545
28815,q28_t546
28816,q28_t546
28816,q28_t547
28816,q44_t546
28816,q44_t547
28817,q28_t547
28817,q28_t548
28818,q28_t548
28818,q28_t549
28819,q28_t549
28819,q28_t550
28819,q45_t549
28819,q45_t550
28820,q28_t550
28820,q28_t551
28821,q28_t551
28821,q28_t552
28822,q28_t552
28822,q28_t553
28822,q46_t552
28822,q46_t553
28823,q28_t553
28823,q28_t554
28824,q28_t554
28824,q28_t555
28825,q28_t555
28825,q28_t556
28825,q47_t555
28825,q47_t556
28826,q28_t556
28826,q28_t557
28827,q28_t557
28827,q28_t558
28828,q28_t558
28828,q28_t559
28828,q48_t558
28828,q48_t559
28829,q28_t559
28829,q28_t560
28830,q28_t560
28830,q28_t561
28831,q28_t561
28831,q28_t562
28831,q49_t561
28831,q49_t562
28832,q28_t562
28832,q28_t563
28833,q28_t563
28833,q28_t564
28834,q28_t564
28834,q28_t565
28834,q50_t564
28834,q50_t565
28835,q28_t565
28835,q28_t566
28836,q28_t566
28836,q28_t567
28837,q28_t567
28837,q28_t568
28837,q51_t567
28837,q51_t568
28838,q28_t568
28838,q28_t569
28839,q28_t569
28839,q28_t570
28840,q28_t570
28840,q28_t571
28840,q52_t570
28840,q52_t571
28841,q28_t571
28841,q28_t572
28842,q28_t572
28842,q28_t573
28843,q28_t573
28843,q28_t574
28843,q53_t573
28843,q53_t574
28844,q28_t574
28844,q28_t575
28845,q28_t575
28845,q28_t576
28846,q28_t576
28846,q28_t577
28846,q54_t576
28846,q54_t577
28847,q28_t577
28847,q28_t578
28848,q28_t578
28848,q28_t579
28849,q28_t579
28849,q28_t580
28849,q55_t579
28849,q55_t580
28850,q28_t580
28850,q28_t581
28851,q28_t581
28851,q28_t582
28852,q28_t582
28852,q28_t583
28852,q56_t582
28852,q56_t583
28853,q28_t583
28853,q28_t584
28854,q28_t584
28854,q28_t585
28855,q28_t585
28855,q28_t586
28855,q57_t585
28855,q57_t586
28856,q28_t586
28856,q28_t587
28857,q28_t587
28857,q28_t588
28858,q28_t588
28858,q28_t589
28858,q58_t588
28858,q58_t589
28859,q28_t589
28859,q28_t590
28860,q28_t590
28860,q28_t591
28861,q28_t591
28861,q28_t592
28861,q59_t591
28861,q59_t592
28862,q28_t592
28862,q28_t593
28863,q28_t593
28863,q28_t594
28864,q28_t594
28864,q28_t595
28864,q60_t594
28864,q60_t595
28865,q28_t595
28865,q28_t596
28866,q28_t596
28866,q28_t597
28867,q28_t597
28867,q28_t598
28867,q61_t597
28867,q61_t598
28868,q28_t598
28868,q28_t599
28869,q28_t599
28869,q28_t600
28870,q28_t600
28870,q28_t601
28870,q62_t600
28870,q62_t601
28871,q28_t601
28871,q28_t602
28872,q28_t602
28872,q28_t603
28873,q28_t603
28873,q28_t604
28873,q63_t603
28873,q63_t604
28874,q28_t604
28874,q28_t605
28875,q28_t605
28875,q28_t606
28876,q28_t606
28876,q28_t607
28876,q64_t606
28876,q64_t607
28877,q28_t607
28877,q28_t608
28878,q28_t608
28878,q28_t609
28879,q28_t609
28879,q28_t610
28879,q65_t609
28879,q65_t610
28880,q28_t610
28880,q28_t611
28881,q28_t611
28881,q28_t612
28882,q28_t612
28882,q28_t613
28882,q66_t612
28882,q66_t613
28883,q28_t613
28883,q28_t614
28884,q28_t614
28884,q28_t615
28885,q28_t615
28885,q28_t616
28885,q67_t615
28885,q67_t616
28886,q28_t616
28886,q28_t617
28887,q28_t617
28887,q28_t618
28888,q28_t618
28888,q28_t619
28888,q68_t618
28888,q68_t619
28889,q28_t619
28889,q28_t620
28890,q28_t620
28890,q28_t621
28891,q28_t621
28891,q28_t622
28891,q69_t621
28891,q69_t622
28892,q28_t622
28892,q28_t623
28893,q28_t623
28893,q28_t624
28894,q28_t624
28894,q28_t625
28894,q70_t624
28894,q70_t625
28895,q28_t625
28895,q28_t626
28896,q28_t626
28896,q28_t627
28897,q28_t627
28897,q28_t628
28897,q71_t627
28897,q71_t628
28898,q28_t628
28898,q28_t629
28899,q28_t629
28899,q28_t630
28900,q28_t630
28900,q28_t631
28900,q72_t630
28900,q72_t631
28901,q28_t631
28901,q28_t632
28902,q28_t632
28902,q28_t633
28903,q28_t633
28903,q28_t634
28903,q73_t633
28903,q73_t634
28904,q28_t634
28904,q28_t635
28905,q28_t635
28905,q28_t636
28906,q28_t636
28906,q28_t637
28906,q74_t636
28906,q74_t637
28907,q28_t637
28907,q28_t638
28908,q28_t638
28908,q28_t639
28909,q28_t639
28909,q28_t640
28909,q75_t639
28909,q75_t640
28910,q28_t640
28910,q28_t641
28911,q28_t641
28911,q28_t642
28912,q28_t642
28912,q28_t643
28912,q76_t642
28912,q76_t643
28913,q28_t643
28913,q28_t644
28914,q28_t644
28914,q28_t645
28915,q28_t645
28915,q28_t646
28915,q77_t645
28915,q77_t646
28916,q28_t646
28916,q28_t647
28917,q28_t647
28917,q28_t648
28918,q28_t648
28918,q28_t649
28918,q78_t648
28918,q78_t649
28919,q28_t649
28919,q28_t650
28920,q28_t650
28920,q28_t651
28921,q28_t651
28921,q28_t652
28921,q79_t651
28921,q79_t652
28922,q28_t652
28922,q28_t653
28923,q28_t653
28923,q28_t654
28924,q28_t654
28924,q28_t655
28924,q80_t654
28924,q80_t655
28925,q28_t655
28925,q28_t656
28926,q28_t656
28926,q28_t657
28927,q28_t657
28927,q28_t658
28927,q81_t657
28927,q81_t658
28928,q28_t658
28928,q28_t659
28929,q28_t659
28929,q28_t660
28930,q28_t660
28930,q28_t661
28930,q82_t660
28930,q82_t661
28931,q28_t661
28931,q28_t662
28932,q28_t662
28932,q28_t663
28933,q28_t663
28933,q28_t664
28933,q83_t663
28933,q83_t664
28934,q28_t664
28934,q28_t665
28935,q28_t665
28935,q28_t666
28936,q28_t666
28936,q28_t667
28936,q84_t666
28936,q84_t667
28937,q28_t667
28937,q28_t668
28938,q28_t668
28938,q28_t669
28939,q28_t669
28939,q28_t670
28939,q85_t669
28939,q85_t670
28940,q28_t670
28940,q28_t671
28941,q28_t671
28941,q28_t672
28942,q28_t672
28942,q28_t673
28942,q86_t672
28942,q86_t673
28943,q28_t673
28943,q28_t674
28944,q28_t674
28944,q28_t675
28945,q28_t675
28945,q28_t676
28945,q87_t675
28945,q87_t676
28946,q28_t676
28946,q28_t677
28947,q28_t677
28947,q28_t678
28948,q28_t678
28948,q28_t679
28948,q88_t678
28948,q88_t679
28949,q28_t679
28949,q28_t680
28950,q28_t680
28950,q28_t681
28951,q28_t681
28951,q28_t682
28951,q89_t681
28951,q89_t682
28952,q28_t682
28952,q28_t683
28953,q28_t683
28953,q28_t684
28954,q28_t684
28954,q28_t685
28954,q90_t684
28954,q90_t685
28955,q28_t685
28955,q28_t686
28956,q28_t686
28956,q28_t687
28957,q28_t687
28957,q28_t688
28957,q91_t687
28957,q91_t688
28958,q28_t688
28958,q28_t689
28959,q28_t689
28959,q28_t690
28960,q28_t690
28960,q28_t691
28960,q92_t690
28960,q92_t691
28961,q28_t691
28961,q28_t692
28962,q28_t692
28962,q28_t693
28963,q28_t693
28963,q28_t694
28963,q93_t693
28963,q93_t694
28964,q28_t694
28964,q28_t695
28965,q28_t695
28965,q28_t696
28966,q28_t696
28966,q28_t697
28966,q94_t696
28966,q94_t697
28967,q28_t697
28967,q28_t698
28968,q28_t698
28968,q28_t699
28969,q28_t699
28969,q28_t700
28969,q95_t699
28969,q95_t700
28970,q28_t700
28970,q28_t701
28971,q28_t701
28971,q28_t702
28972,q28_t702
28972,q28_t703
28972,q96_t702
28972,q96_t703
28973,q28_t703
28973,q28_t704
28974,q28_t704
28974,q28_t705
28975,q28_t705
28975,q28_t706
28975,q97_t705
28975,q97_t706
28976,q28_t706
28976,q28_t707
28977,q28_t707
28977,q28_t708
28978,q28_t708
28978,q28_t709
28978,q98_t708
28978,q98_t709
28979,q28_t709
28979,q28_t710
28980,q28_t710
28980,q28_t711
28981,q28_t711
28981,q28_t712
28981,q99_t711
28981,q99_t712
28982,q28_t712
28982,q28_t713
28983,q28_t713
28983,q28_t714
28984,q28_t715
28984,q28_t716
28985,q28_t716
28985,q28_t717
28986,q28_t718
28986,q28_t719
28987,q28_t719
28987,q28_t720
28988,q28_t721
28988,q28_t722
28989,q28_t722
28989,q28_t723
28990,q28_t724
28990,q28_t725
28991,q28_t725
28991,q28_t726
28992,q28_t727
28992,q28_t728
28993,q28_t728
28993,q28_t729
28994,q28_t730
28994,q28_t731
28995,q28_t731
28995,q28_t732
28996,q28_t733
28996,q28_t734
28997,q28_t734
28997,q28_t735
28998,q28_t736
28998,q28_t737
28999,q28_t737
28999,q28_t738
29000,q28_t739
29000,q28_t740
29001,q28_t740
29001,q28_t741
29002,q28_t742
29002,q28_t743
29003,q28_t743
29003,q28_t744
29004,q28_t744
29004,q28_t745
29005,q28_t746
29005,q28_t747
29006,q28_t747
29006,q28_t748
29007,q28_t749
29007,q28_t750
29008,q28_t750
29008,q28_t751
29009,q28_t751
29009,q28_t752
29009,q2_t751
29009,q2_t752
29010,q28_t752
29010,q28_t753
29011,q28_t753
29011,q28_t754
29012,q28_t754
29012,q28_t755
29012,q3_t754
29012,q3_t755
29013,q28_t755
29013,q28_t756
29014,q28_t756
29014,q28_t757
29015,q28_t757
29015,q28_t758
29015,q4_t757
29015,q4_t758
29016,q28_t758
29016,q28_t759
29017,q28_t759
29017,q28_t760
29018,q28_t760
29018,q28_t761
29018,q5_t760
29018,q5_t761
29019,q28_t761
29019,q28_t762
29020,q28_t762
29020,q28_t763
29021,q28_t763
29021,q28_t764
29021,q6_t763
29021,q6_t764
29022,q28_t764
29022,q28_t765
29023,q28_t765
29023,q28_t766
29024,q28_t766
29024,q28_t767
29024,q7_t766
29024,q7_t767
29025,q28_t767
29025,q28_t768
29026,q28_t768
29026,q28_t769
29027,q28_t769
29027,q28_t770
29027,q8_t769
29027,q8_t770
29028,q28_t770
29028,q28_t771
29029,q28_t771
29029,q28_t772
29030,q28_t772
29030,q28_t773
29030,q9_t772
29030,q9_t773
29031,q28_t773
29031,q28_t774
29032,q28_t774
29032,q28_t775
29033,q28_t776
29033,q28_t777
29034,q28_t777
29034,q28_t778
29035,q28_t779
29035,q28_t780
29036,q28_t780
29036,q28_t781
29037,q28_t782
29037,q28_t783
29038,q28_t783
29038,q28_t784
29039,q28_t785
29039,q28_t786
29040,q28_t786
29040,q28_t787
29041,q28_t788
29041,q28_t789
29042,q28_t789
29042,q28_t790
29043,q28_t791
29043,q28_t792
29044,q28_t792
29044,q28_t793
29045,q28_t794
29045,q28_t795
29046,q28_t795
29046,q28_t796
29047,q28_t797
29047,q28_t798
29048,q28_t798
29048,q28_t799
29049,q28_t800
29049,q28_t801
29050,q28_t801
29050,q28_t802
29051,q28_t803
29051,q28_t804
29052,q28_t804
29052,q28_t805
29053,q28_t806
29053,q28_t807
29054,q28_t807
29054,q28_t808
29055,q28_t809
29055,q28_t810
29056,q28_t810
29056,q28_t811
29057,q28_t812
29057,q28_t813
29058,q28_t813
29058,q28_t814
29059,q28_t815
29059,q28_t816
29060,q28_t816
29060,q28_t817
29061,q28_t818
29061,q28_t819
29062,q28_t819
29062,q28_t820
29063,q28_t821
29063,q28_t822
29064,q28_t822
29064,q28_t823
29065,q28_t824
29065,q28_t825
29066,q28_t825
29066,q28_t826
29067,q28_t827
29067,q28_t828
29068,q28_t828
29068,q28_t832
29069,q28_t832
29069,q28_t833
29069,q29_t832
29069,q29_t833
29070,q28_t833
29070,q28_t834
29071,q28_t834
29071,q28_t835
29072,q28_t835
29072,q28_t836
29072,q30_t835
29072,q30_t836
29073,q28_t836
29073,q28_t837
29074,q28_t837
29074,q28_t838
29075,q28_t838
29075,q28_t839
29075,q31_t838
29075,q31_t839
29076,q28_t839
29076,q28_t840
29077,q28_t84
29077,q28_t85
29078,q28_t840
29078,q28_t841
29079,q28_t841
29079,q28_t842
29079,q32_t841
29079,q32_t842
29080,q28_t842
29080,q28_t843
29081,q28_t843
29081,q28_t844
29082,q28_t844
29082,q28_t845
29082,q33_t844
29082,q33_t845
29083,q28_t845
29083,q28_t846
29084,q28_t846
29084,q28_t847
29085,q28_t847
29085,q28_t848
29085,q34_t847
29085,q34_t848
29086,q28_t848
29086,q28_t849
29087,q28_t849
29087,q28_t850
29088,q28_t85
29088,q28_t86
29089,q28_t850
29089,q28_t851
29089,q35_t850
29089,q35_t851
29090,q28_t851
29090,q28_t852
29091,q28_t852
29091,q28_t853
29092,q28_t853
29092,q28_t854
29092,q36_t853
29092,q36_t854
29093,q28_t854
29093,q28_t855
29094,q28_t855
29094,q28_t856
29095,q28_t856
29095,q28_t857
29095,q37_t856
29095,q37_t857
29096,q28_t857
29096,q28_t858
29097,q28_t858
29097,q28_t859
29098,q28_t859
29098,q28_t860
29098,q38_t859
29098,q38_t860
29099,q28_t860
29099,q28_t861
29100,q28_t861
29100,q28_t862
29101,q28_t862
29101,q28_t863
29101,q39_t862
29101,q39_t863
29102,q28_t863
29102,q28_t864
29103,q28_t864
29103,q28_t865
29104,q28_t865
29104,q28_t866
29104,q40_t865
29104,q40_t866
29105,q28_t866
29105,q28_t867
29106,q28_t867
29106,q28_t868
29107,q28_t868
29107,q28_t869
29107,q41_t868
29107,q41_t869
29108,q28_t869
29108,q28_t870
29109,q28_t87
29109,q28_t88
29110,q28_t870
29110,q28_t871
29111,q28_t871
29111,q28_t872
29111,q42_t871
29111,q42_t872
29112,q28_t872
29112,q28_t873
29113,q28_t873
29113,q28_t874
29114,q28_t874
29114,q28_t875
29114,q43_t874
29114,q43_t875
29115,q28_t875
29115,q28_t876
29116,q28_t876
29116,q28_t877
29117,q28_t877
29117,q28_t878
29117,q44_t877
29117,q44_t878
29118,q28_t878
29118,q28_t879
29119,q28_t879
29119,q28_t880
29120,q28_t88
29120,q28_t89
29121,q28_t880
29121,q28_t881
29121,q45_t880
29121,q45_t881
29122,q28_t881
29122,q28_t882
29123,q28_t882
29123,q28_t883
29124,q28_t883
29124,q28_t884
29124,q46_t883
29124,q46_t884
29125,q28_t884
29125,q28_t885
29126,q28_t885
29126,q28_t886
29127,q28_t886
29127,q28_t887
29127,q47_t886
29127,q47_t887
29128,q28_t887
29128,q28_t888
29129,q28_t888
29129,q28_t889
29130,q28_t889
29130,q28_t890
29130,q48_t889
29130,q48_t890
29131,q28_t89
29131,q28_t90
29131,q2_t89
29131,q2_t90
29132,q28_t890
29132,q28_t891
29133,q28_t891
29133,q28_t892
29134,q28_t892
29134,q28_t893
29134,q49_t892
29134,q49_t893
29135,q28_t893
29135,q28_t894
29136,q28_t894
29136,q28_t895
29137,q28_t895
29137,q28_t896
29137,q50_t895
29137,q50_t896
29138,q28_t896
29138,q28_t897
29139,q28_t897
29139,q28_t898
29140,q28_t898
29140,q28_t899
29140,q51_t898
29140,q51_t899
29141,q28_t899
29141,q28_t900
29142,q28_t90
29142,q28_t91
29143,q28_t900
29143,q28_t901
29144,q28_t901
29144,q28_t902
29144,q52_t901
29144,q52_t902
29145,q28_t902
29145,q28_t903
29146,q28_t903
29146,q28_t904
29147,q28_t904
29147,q28_t905
29147,q53_t904
29147,q53_t905
29148,q28_t905
29148,q28_t906
29149,q28_t906
29149,q28_t907
29150,q28_t907
29150,q28_t908
29150,q54_t907
29150,q54_t908
29151,q28_t908
29151,q28_t909
29152,q28_t909
29152,q28_t910
29153,q28_t91
29153,q28_t92
29154,q28_t910
29154,q28_t911
29154,q55_t910
29154,q55_t911
29155,q28_t911
29155,q28_t912
29156,q28_t912
29156,q28_t913
29157,q28_t913
29157,q28_t914
29157,q56_t913
29157,q56_t914
29158,q28_t914
29158,q28_t915
29159,q28_t915
29159,q28_t916
29160,q28_t916
29160,q28_t917
29160,q57_t916
29160,q57_t917
29161,q28_t917
29161,q28_t918
29162,q28_t918
29162,q28_t919
29163,q28_t919
29163,q28_t920
29163,q58_t919
29163,q58_t920
29164,q28_t92
29164,q28_t93
29164,q3_t92
29164,q3_t93
29165,q28_t920
29165,q28_t921
29166,q28_t921
29166,q28_t922
29167,q28_t922
29167,q28_t923
29167,q59_t922
29167,q59_t923
29168,q28_t923
29168,q28_t924
29169,q28_t924
29169,q28_t925
29170,q28_t925
29170,q28_t926
29170,q60_t925
29170,q60_t926
29171,q28_t926
29171,q28_t927
29172,q28_t927
29172,q28_t928
29173,q28_t928
29173,q28_t929
29173,q61_t928
29173,q61_t929
29174,q28_t929
29174,q28_t930
29175,q28_t93
29175,q28_t94
29176,q28_t930
29176,q28_t931
29177,q28_t931
29177,q28_t932
29177,q62_t931
29177,q62_t932
29178,q28_t932
29178,q28_t933
29179,q28_t933
29179,q28_t934
29180,q28_t934
29180,q28_t935
29180,q63_t934
29180,q63_t935
29181,q28_t935
29181,q28_t936
29182,q28_t936
29182,q28_t937
29183,q28_t937
29183,q28_t938
29183,q64_t937
29183,q64_t938
29184,q28_t938
29184,q28_t939
29185,q28_t939
29185,q28_t940
29186,q28_t94
29186,q28_t95
29187,q28_t940
29187,q28_t941
29187,q65_t940
29187,q65_t941
29188,q28_t941
29188,q28_t942
29189,q28_t942
29189,q28_t943
29190,q28_t943
29190,q28_t944
29190,q66_t943
29190,q66_t944
29191,q28_t944
29191,q28_t945
29192,q28_t945
29192,q28_t946
29193,q28_t946
29193,q28_t947
29193,q67_t946
29193,q67_t947
29194,q28_t947
29194,q28_t948
29195,q28_t948
29195,q28_t949
29196,q28_t949
29196,q28_t950
29196,q68_t949
29196,q68_t950
29197,q28_t95
29197,q28_t96
29197,q4_t95
29197,q4_t96
29198,q28_t950
29198,q28_t951
29199,q28_t951
29199,q28_t952
29200,q28_t952
29200,q28_t953
29200,q69_t952
29200,q69_t953
29201,q28_t953
29201,q28_t954
29202,q28_t954
29202,q28_t955
29203,q28_t955
29203,q28_t956
29203,q70_t955
29203,q70_t956
29204,q28_t956
29204,q28_t957
29205,q28_t957
29205,q28_t958
29206,q28_t958
29206,q28_t959
29206,q71_t958
29206,q71_t959
29207,q28_t959
29207,q28_t960
29208,q28_t96
29208,q28_t97
29209,q28_t960
29209,q28_t961
29210,q28_t961
29210,q28_t962
29210,q72_t961
29210,q72_t962
29211,q28_t962
29211,q28_t963
29212,q28_t963
29212,q28_t964
29213,q28_t964
29213,q28_t965
29213,q73_t964
29213,q73_t965
29214,q28_t965
29214,q28_t966
29215,q28_t966
29215,q28_t967
29216,q28_t967
29216,q28_t968
29216,q74_t967
29216,q74_t968
29217,q28_t968
29217,q28_t969
29218,q28_t969
29218,q28_t970
29219,q28_t97
29219,q28_t98
29220,q28_t970
29220,q28_t971
29220,q75_t970
29220,q75_t971
29221,q28_t971
29221,q28_t972
29222,q28_t972
29222,q28_t973
29223,q28_t973
29223,q28_t974
29223,q76_t973
29223,q76_t974
29224,q28_t974
29224,q28_t975
29225,q28_t975
29225,q28_t976
29226,q28_t976
29226,q28_t977
29226,q77_t976
29226,q77_t977
29227,q28_t977
29227,q28_t978
29228,q28_t978
29228,q28_t979
29229,q28_t979
29229,q28_t980
29229,q78_t979
29229,q78_t980
29230,q28_t98
29230,q28_t99
29230,q5_t98
29230,q5_t99
29231,q28_t980
29231,q28_t981
29232,q28_t981
29232,q28_t982
29233,q28_t982
29233,q28_t983
29233,q79_t982
29233,q79_t983
29234,q28_t983
29234,q28_t984
29235,q28_t984
29235,q28_t985
29236,q28_t985
29236,q28_t986
29236,q80_t985
29236,q80_t986
29237,q28_t986
29237,q28_t987
29238,q28_t987
29238,q28_t988
29239,q28_t988
29239,q28_t989
29239,q81_t988
29239,q81_t989
29240,q28_t989
29240,q28_t990
29241,q28_t990
29241,q28_t991
29242,q28_t991
29242,q28_t992
29242,q82_t991
29242,q82_t992
29243,q28_t992
29243,q28_t993
29244,q28_t993
29244,q28_t994
29245,q28_t994
29245,q28_t995
29245,q83_t994
29245,q83_t995
29246,q28_t995
29246,q28_t996
29247,q28_t996
29247,q28_t997
29248,q28_t997
29248,q28_t998
29248,q84_t997
29248,q84_t998
29249,q28_t998
29249,q28_t999
29250,q29_t0
29250,q29_t1
29251,q29_t1
29251,q29_t86
29252,q29_t100
29252,q29_t101
29253,q29_t100
29253,q29_t99
29254,q29_t1000
29254,q29_t1001
29254,q84_t1000
29254,q84_t1001
29255,q29_t1000
29255,q29_t999
29256,q29_t1001
29256,q29_t1002
29257,q29_t1002
29257,q29_t1003
29258,q29_t1003
29258,q29_t1004
29258,q85_t1003
29258,q85_t1004
29259,q29_t1004
29259,q29_t1005
29260,q29_t1005
29260,q29_t1006
29261,q29_t1006
29261,q29_t1007
29261,q86_t1006
29261,q86_t1007
29262,q29_t1007
29262,q29_t1008
29263,q29_t1008
29263,q29_t1009
29264,q29_t1009
29264,q29_t1010
29264,q87_t1009
29264,q87_t1010
29265,q29_t101
29265,q29_t102
29265,q5_t101
29265,q5_t102
29266,q29_t1010
29266,q29_t1011
29267,q29_t1011
29267,q29_t1012
29268,q29_t1012
29268,q29_t1013
29268,q88_t1012
29268,q88_t1013
29269,q29_t1013
29269,q29_t1014
29270,q29_t1014
29270,q29_t1015
29271,q29_t1015
29271,q29_t1016
29271,q89_t1015
29271,q89_t1016
29272,q29_t1016
29272,q29_t1017
29273,q29_t1017
29273,q29_t1018
29274,q29_t1018
29274,q29_t1019
29274,q90_t1018
29274,q90_t1019
29275,q29_t1019
29275,q29_t1020
29276,q29_t102
29276,q29_t103
29277,q29_t1020
29277,q29_t1021
29278,q29_t1021
29278,q29_t1022
29278,q91_t1021
29278,q91_t1022
29279,q29_t1022
29279,q29_t1023
29280,q29_t1023
29280,q29_t1024
29281,q29_t1024
29281,q29_t1025
29281,q92_t1024
29281,q92_t1025
29282,q29_t1025
29282,q29_t1026
29283,q29_t1026
29283,q29_t1027
29284,q29_t1027
29284,q29_t1028
29284,q93_t1027
29284,q93_t1028
29285,q29_t1028
29285,q29_t1029
29286,q29_t1029
29286,q29_t1030
29287,q29_t103
29287,q29_t104
29288,q29_t1030
29288,q29_t1031
29288,q94_t1030
29288,q94_t1031
29289,q29_t1031
29289,q29_t1032
29290,q29_t1032
29290,q29_t1033
29291,q29_t1033
29291,q29_t1034
29291,q95_t1033
29291,q95_t1034
29292,q29_t1034
29292,q29_t1035
29293,q29_t1035
29293,q29_t1036
29294,q29_t1036
29294,q29_t1037
29294,q96_t1036
29294,q96_t1037
29295,q29_t1037
29295,q29_t1038
29296,q29_t1038
29296,q29_t1039
29297,q29_t1039
29297,q29_t1040
29297,q97_t1039
29297,q97_t1040
29298,q29_t104
29298,q29_t105
29298,q6_t104
29298,q6_t105
29299,q29_t1040
29299,q29_t1041
29300,q29_t1041
29300,q29_t1042
29301,q29_t1042
29301,q29_t1043
29301,q98_t1042
29301,q98_t1043
29302,q29_t1043
29302,q29_t1044
29303,q29_t1044
29303,q29_t1045
29304,q29_t1045
29304,q29_t1046
29304,q99_t1045
29304,q99_t1046
29305,q29_t1046
29305,q29_t1047
29306,q29_t1047
29306,q29_t1048
29307,q29_t1049
29307,q29_t1050
29308,q29_t105
29308,q29_t106
29309,q29_t1050
29309,q29_t1051
29310,q29_t1052
29310,q29_t1053
29311,q29_t1053
29311,q29_t1054
29312,q29_t1055
29312,q29_t1056
29313,q29_t1056
29313,q29_t1057
29314,q29_t1058
29314,q29_t1059
29315,q29_t1059
29315,q29_t1060
29316,q29_t106
29316,q29_t107
29317,q29_t1061
29317,q29_t1062
29318,q29_t1062
29318,q29_t1063
29319,q29_t1064
29319,q29_t1065
29320,q29_t1065
29320,q29_t1066
29321,q29_t1067
29321,q29_t1068
29322,q29_t1068
29322,q29_t1069
29323,q29_t107
29323,q29_t108
29323,q7_t107
29323,q7_t108
29324,q29_t1070
29324,q29_t1071
29325,q29_t1071
29325,q29_t1072
29326,q29_t1073
29326,q29_t1074
29327,q29_t1074
29327,q29_t1075
29328,q29_t1076
29328,q29_t1077
29329,q29_t1077
29329,q29_t1078
29330,q29_t108
29330,q29_t109
29331,q29_t109
29331,q29_t110
29332,q29_t110
29332,q29_t111
29332,q8_t110
29332,q8_t111
29333,q29_t111
29333,q29_t112
29334,q29_t112
29334,q29_t113
29335,q29_t113
29335,q29_t114
29335,q9_t113
29335,q9_t114
29336,q29_t114
29336,q29_t115
29337,q29_t115
29337,q29_t116
29338,q29_t117
29338,q29_t118
29339,q29_t118
29339,q29_t119
29340,q29_t120
29340,q29_t121
29341,q29_t121
29341,q29_t122
29342,q29_t123
29342,q29_t124
29343,q29_t124
29343,q29_t125
29344,q29_t126
29344,q29_t127
29345,q29_t127
29345,q29_t128
29346,q29_t129
29346,q29_t130
29347,q29_t130
29347,q29_t131
29348,q29_t132
29348,q29_t133
29349,q29_t133
29349,q29_t134
29350,q29_t135
29350,q29_t136
29351,q29_t136
29351,q29_t137
29352,q29_t138
29352,q29_t139
29353,q29_t139
29353,q29_t140
29354,q29_t141
29354,q29_t142
29355,q29_t142
29355,q29_t143
29356,q29_t144
29356,q29_t145
29357,q29_t145
29357,q29_t146
29358,q29_t147
29358,q29_t148
29359,q29_t148
29359,q29_t149
29360,q29_t150
29360,q29_t151
29361,q29_t151
29361,q29_t152
29362,q29_t153
29362,q29_t154
29363,q29_t154
29363,q29_t155
29364,q29_t156
29364,q29_t157
29365,q29_t157
29365,q29_t158
29366,q29_t159
29366,q29_t160
29367,q29_t160
29367,q29_t161
29368,q29_t162
29368,q29_t163
29369,q29_t163
29369,q29_t164
29370,q29_t165
29370,q29_t166
29371,q29_t166
29371,q29_t167
29372,q29_t168
29372,q29_t169
29373,q29_t169
29373,q29_t170
29374,q29_t171
29374,q29_t172
29375,q29_t172
29375,q29_t176
29376,q29_t176
29376,q29_t177
29376,q30_t176
29376,q30_t177
29377,q29_t177
29377,q29_t178
29378,q29_t178
29378,q29_t179
29379,q29_t179
29379,q29_t180
29379,q31_t179
29379,q31_t180
29380,q29_t180
29380,q29_t181
29381,q29_t181
29381,q29_t182
29382,q29_t182
29382,q29_t183
29382,q32_t182
29382,q32_t183
29383,q29_t183
29383,q29_t184
29384,q29_t184
29384,q29_t185
29385,q29_t185
29385,q29_t186
29385,q33_t185
29385,q33_t186
29386,q29_t186
29386,q29_t187
29387,q29_t187
29387,q29_t188
29388,q29_t188
29388,q29_t189
29388,q34_t188
29388,q34_t189
29389,q29_t189
29389,q29_t190
29390,q29_t190
29390,q29_t191
29391,q29_t191
29391,q29_t192
29391,q35_t191
29391,q35_t192
29392,q29_t192
29392,q29_t193
29393,q29_t193
29393,q29_t194
29394,q29_t194
29394,q29_t195
29394,q36_t194
29394,q36_t195
29395,q29_t195
29395,q29_t196
29396,q29_t196
29396,q29_t197
29397,q29_t197
29397,q29_t198
29397,q37_t197
29397,q37_t198
29398,q29_t198
29398,q29_t199
29399,q29_t199
29399,q29_t200
29400,q29_t200
29400,q29_t201
29400,q38_t200
29400,q38_t201
29401,q29_t201
29401,q29_t202
29402,q29_t202
29402,q29_t203
29403,q29_t203
29403,q29_t204
29403,q39_t203
29403,q39_t204
29404,q29_t204
29404,q29_t205
29405,q29_t205
29405,q29_t206
29406,q29_t206
29406,q29_t207
29406,q40_t206
29406,q40_t207
29407,q29_t207
29407,q29_t208
29408,q29_t208
29408,q29_t209
29409,q29_t209
29409,q29_t210
29409,q41_t209
29409,q41_t210
29410,q29_t210
29410,q29_t211
29411,q29_t211
29411,q29_t212
29412,q29_t212
29412,q29_t213
29412,q42_t212
29412,q42_t213
29413,q29_t213
29413,q29_t214
29414,q29_t214
29414,q29_t215
29415,q29_t215
29415,q29_t216
29415,q43_t215
29415,q43_t216
29416,q29_t216
29416,q29_t217
29417,q29_t217
29417,q29_t218
29418,q29_t218
29418,q29_t219
29418,q44_t218
29418,q44_t219
29419,q29_t219
29419,q29_t220
29420,q29_t220
29420,q29_t221
29421,q29_t221
29421,q29_t222
29421,q45_t221
29421,q45_t222
29422,q29_t222
29422,q29_t223
29423,q29_t223
29423,q29_t224
29424,q29_t224
29424,q29_t225
29424,q46_t224
29424,q46_t225
29425,q29_t225
29425,q29_t226
29426,q29_t226
29426,q29_t227
29427,q29_t227
29427,q29_t228
29427,q47_t227
29427,q47_t228
29428,q29_t228
29428,q29_t229
29429,q29_t229
29429,q29_t230
29430,q29_t230
29430,q29_t231
29430,q48_t230
29430,q48_t231
29431,q29_t231
29431,q29_t232
29432,q29_t232
29432,q29_t233
29433,q29_t233
29433,q29_t234
29433,q49_t233
29433,q49_t234
29434,q29_t234
29434,q29_t235
29435,q29_t235
29435,q29_t236
29436,q29_t236
29436,q29_t237
29436,q50_t236
29436,q50_t237
29437,q29_t237
29437,q29_t238
29438,q29_t238
29438,q29_t239
29439,q29_t239
29439,q29_t240
29439,q51_t239
29439,q51_t240
29440,q29_t240
29440,q29_t241
29441,q29_t241
29441,q29_t242
29442,q29_t242
29442,q29_t243
29442,q52_t242
29442,q52_t243
29443,q29_t243
29443,q29_t244
29444,q29_t244
29444,q29_t245
29445,q29_t245
29445,q29_t246
29445,q53_t245
29445,q53_t246
29446,q29_t246
29446,q29_t247
29447,q29_t247
29447,q29_t248
29448,q29_t248
29448,q29_t249
29448,q54_t248
29448,q54_t249
29449,q29_t249
29449,q29_t250
29450,q29_t250
29450,q29_t251
29451,q29_t251
29451,q29_t252
29451,q55_t251
29451,q55_t252
29452,q29_t252
29452,q29_t253
29453,q29_t253
29453,q29_t254
29454,q29_t254
29454,q29_t255
29454,q56_t254
29454,q56_t255
29455,q29_t255
29455,q29_t256
29456,q29_t256
29456,q29_t257
29457,q29_t257
29457,q29_t258
29457,q57_t257
29457,q57_t258
29458,q29_t258
29458,q29_t259
29459,q29_t259
29459,q29_t260
29460,q29_t260
29460,q29_t261
29460,q58_t260
29460,q58_t261
29461,q29_t261
29461,q29_t262
29462,q29_t262
29462,q29_t263
29463,q29_t263
29463,q29_t264
29463,q59_t263
29463,q59_t264
29464,q29_t264
29464,q29_t265
29465,q29_t265
29465,q29_t266
29466,q29_t266
29466,q29_t267
29466,q60_t266
29466,q60_t267
29467,q29_t267
29467,q29_t268
29468,q29_t268
29468,q29_t269
29469,q29_t269
29469,q29_t270
29469,q61_t269
29469,q61_t270
29470,q29_t270
29470,q29_t271
29471,q29_t271
29471,q29_t272
29472,q29_t272
29472,q29_t273
29472,q62_t272
29472,q62_t273
29473,q29_t273
29473,q29_t274
29474,q29_t274
29474,q29_t275
29475,q29_t275
29475,q29_t276
29475,q63_t275
29475,q63_t276
29476,q29_t276
29476,q29_t277
29477,q29_t277
29477,q29_t278
29478,q29_t278
29478,q29_t279
29478,q64_t278
29478,q64_t279
29479,q29_t279
29479,q29_t280
29480,q29_t280
29480,q29_t281
29481,q29_t281
29481,q29_t282
29481,q65_t281
29481,q65_t282
29482,q29_t282
29482,q29_t283
29483,q29_t283
29483,q29_t284
29484,q29_t284
29484,q29_t285
29484,q66_t284
29484,q66_t285
29485,q29_t285
29485,q29_t286
29486,q29_t286
29486,q29_t287
29487,q29_t287
29487,q29_t288
29487,q67_t287
29487,q67_t288
29488,q29_t288
29488,q29_t289
29489,q29_t289
29489,q29_t290
29490,q29_t290
29490,q29_t291
29490,q68_t290
29490,q68_t291
29491,q29_t291
29491,q29_t292
29492,q29_t292
29492,q29_t293
29493,q29_t293
29493,q29_t294
29493,q69_t293
29493,q69_t294
29494,q29_t294
29494,q29_t295
29495,q29_t295
29495,q29_t296
29496,q29_t296
29496,q29_t297
29496,q70_t296
29496,q70_t297
29497,q29_t297
29497,q29_t298
29498,q29_t298
29498,q29_t299
29499,q29_t299
29499,q29_t300
29499,q71_t299
29499,q71_t300
29500,q29_t300
29500,q29_t301
29501,q29_t301
29501,q29_t302
29502,q29_t302
29502,q29_t303
29502,q72_t302
29502,q72_t303
29503,q29_t303
29503,q29_t304
29504,q29_t304
29504,q29_t305
29505,q29_t305
29505,q29_t306
29505,q73_t305
29505,q73_t306
29506,q29_t306
29506,q29_t307
29507,q29_t307
29507,q29_t308
29508,q29_t308
29508,q29_t309
29508,q74_t308
29508,q74_t309
29509,q29_t309
29509,q29_t310
29510,q29_t310
29510,q29_t311
29511,q29_t311
29511,q29_t312
29511,q75_t311
29511,q75_t312
29512,q29_t312
29512,q29_t313
29513,q29_t313
29513,q29_t314
29514,q29_t314
29514,q29_t315
29514,q76_t314
29514,q76_t315
29515,q29_t315
29515,q29_t316
29516,q29_t316
29516,q29_t317
29517,q29_t317
29517,q29_t318
29517,q77_t317
29517,q77_t318
29518,q29_t318
29518,q29_t319
29519,q29_t319
29519,q29_t320
29520,q29_t320
29520,q29_t321
29520,q78_t320
29520,q78_t321
29521,q29_t321
29521,q29_t322
29522,q29_t322
29522,q29_t323
29523,q29_t323
29523,q29_t324
29523,q79_t323
29523,q79_t324
29524,q29_t324
29524,q29_t325
29525,q29_t325
29525,q29_t326
29526,q29_t326
29526,q29_t327
29526,q80_t326
29526,q80_t327
29527,q29_t327
29527,q29_t328
29528,q29_t328
29528,q29_t329
29529,q29_t329
29529,q29_t330
29529,q81_t329
29529,q81_t330
29530,q29_t330
29530,q29_t331
29531,q29_t331
29531,q29_t332
29532,q29_t332
29532,q29_t333
29532,q82_t332
29532,q82_t333
29533,q29_t333
29533,q29_t334
29534,q29_t334
29534,q29_t335
29535,q29_t335
29535,q29_t336
29535,q83_t335
29535,q83_t336
29536,q29_t336
29536,q29_t337
29537,q29_t337
29537,q29_t338
29538,q29_t338
29538,q29_t339
29538,q84_t338
29538,q84_t339
29539,q29_t339
29539,q29_t340
29540,q29_t340
29540,q29_t341
29541,q29_t341
29541,q29_t342
29541,q85_t341
29541,q85_t342
29542,q29_t342
29542,q29_t343
29543,q29_t343
29543,q29_t344
29544,q29_t344
29544,q29_t345
29544,q86_t344
29544,q86_t345
29545,q29_t345
29545,q29_t346
29546,q29_t346
29546,q29_t347
29547,q29_t347
29547,q29_t348
29547,q87_t347
29547,q87_t348
29548,q29_t348
29548,q29_t349
29549,q29_t349
29549,q29_t350
29550,q29_t350
29550,q29_t351
29550,q88_t350
29550,q88_t351
29551,q29_t351
29551,q29_t352
29552,q29_t352
29552,q29_t353
29553,q29_t353
29553,q29_t354
29553,q89_t353
29553,q89_t354
29554,q29_t354
29554,q29_t355
29555,q29_t355
29555,q29_t356
29556,q29_t356
29556,q29_t357
29556,q90_t356
29556,q90_t357
29557,q29_t357
29557,q29_t358
29558,q29_t358
29558,q29_t359
29559,q29_t359
29559,q29_t360
29559,q91_t359
29559,q91_t360
29560,q29_t360
29560,q29_t361
29561,q29_t361
29561,q29_t362
29562,q29_t362
29562,q29_t363
29562,q92_t362
29562,q92_t363
29563,q29_t363
29563,q29_t364
29564,q29_t364
29564,q29_t365
29565,q29_t365
29565,q29_t366
29565,q93_t365
29565,q93_t366
29566,q29_t366
29566,q29_t367
29567,q29_t367
29567,q29_t368
29568,q29_t368
29568,q29_t369
29568,q94_t368
29568,q94_t369
29569,q29_t369
29569,q29_t370
29570,q29_t370
29570,q29_t371
29571,q29_t371
29571,q29_t372
29571,q95_t371
29571,q95_t372
29572,q29_t372
29572,q29_t373
29573,q29_t373
29573,q29_t374
29574,q29_t374
29574,q29_t375
29574,q96_t374
29574,q96_t375
29575,q29_t375
29575,q29_t376
29576,q29_t376
29576,q29_t377
29577,q29_t377
29577,q29_t378
29577,q97_t377
29577,q97_t378
29578,q29_t378
29578,q29_t379
29579,q29_t379
29579,q29_t380
29580,q29_t380
29580,q29_t381
29580,q98_t380
29580,q98_t381
29581,q29_t381
29581,q29_t382
29582,q29_t382
29582,q29_t383
29583,q29_t383
29583,q29_t384
29583,q99_t383
29583,q99_t384
29584,q29_t384
29584,q29_t385
29585,q29_t385
29585,q29_t386
29586,q29_t387
29586,q29_t388
29587,q29_t388
29587,q29_t389
29588,q29_t390
29588,q29_t391
29589,q29_t391
29589,q29_t392
29590,q29_t393
29590,q29_t394
29591,q29_t394
29591,q29_t395
29592,q29_t396
29592,q29_t397
29593,q29_t397
29593,q29_t398
29594,q29_t399
29594,q29_t400
29595,q29_t400
29595,q29_t401
29596,q29_t402
29596,q29_t403
29597,q29_t403
29597,q29_t404
29598,q29_t405
29598,q29_t406
29599,q29_t406
29599,q29_t407
29600,q29_t408
29600,q29_t409
29601,q29_t409
29601,q29_t410
29602,q29_t411
29602,q29_t412
29603,q29_t412
29603,q29_t413
29604,q29_t414
29604,q29_t415
29605,q29_t415
29605,q29_t416
29606,q29_t416
29606,q29_t417
29607,q29_t418
29607,q29_t419
29608,q29_t419
29608,q29_t420
29609,q29_t421
29609,q29_t422
29610,q29_t422
29610,q29_t423
29611,q29_t423
29611,q29_t424
29611,q2_t423
29611,q2_t424
29612,q29_t424
29612,q29_t425
29613,q29_t425
29613,q29_t426
29614,q29_t426
29614,q29_t427
29614,q3_t426
29614,q3_t427
29615,q29_t427
29615,q29_t428
29616,q29_t428
29616,q29_t429
29617,q29_t429
29617,q29_t430
29617,q4_t429
29617,q4_t430
29618,q29_t430
29618,q29_t431
29619,q29_t431
29619,q29_t432
29620,q29_t432
29620,q29_t433
29620,q5_t432
29620,q5_t433
29621,q29_t433
29621,q29_t434
29622,q29_t434
29622,q29_t435
29623,q29_t435
29623,q29_t436
29623,q6_t435
29623,q6_t436
29624,q29_t436
29624,q29_t437
29625,q29_t437
29625,q29_t438
29626,q29_t438
29626,q29_t439
29626,q7_t438
29626,q7_t439
29627,q29_t439
29627,q29_t440
29628,q29_t440
29628,q29_t441
29629,q29_t441
29629,q29_t442
29629,q8_t441
29629,q8_t442
29630,q29_t442
29630,q29_t443
29631,q29_t443
29631,q29_t444
29632,q29_t444
29632,q29_t445
29632,q9_t444
29632,q9_t445
29633,q29_t445
29633,q29_t446
29634,q29_t446
29634,q29_t447
29635,q29_t448
29635,q29_t449
29636,q29_t449
29636,q29_t450
29637,q29_t451
29637,q29_t452
29638,q29_t452
29638,q29_t453
29639,q29_t454
29639,q29_t455
29640,q29_t455
29640,q29_t456
29641,q29_t457
29641,q29_t458
29642,q29_t458
29642,q29_t459
29643,q29_t460
29643,q29_t461
29644,q29_t461
29644,q29_t462
29645,q29_t463
29645,q29_t464
29646,q29_t464
29646,q29_t465
29647,q29_t466
29647,q29_t467
29648,q29_t467
29648,q29_t468
29649,q29_t469
29649,q29_t470
29650,q29_t470
29650,q29_t471
29651,q29_t472
29651,q29_t473
29652,q29_t473
29652,q29_t474
29653,q29_t475
29653,q29_t476
29654,q29_t476
29654,q29_t477
29655,q29_t478
29655,q29_t479
29656,q29_t479
29656,q29_t480
29657,q29_t481
29657,q29_t482
29658,q29_t482
29658,q29_t483
29659,q29_t484
29659,q29_t485
29660,q29_t485
29660,q29_t486
29661,q29_t487
29661,q29_t488
29662,q29_t488
29662,q29_t489
29663,q29_t490
29663,q29_t491
29664,q29_t491
29664,q29_t492
29665,q29_t493
29665,q29_t494
29666,q29_t494
29666,q29_t495
29667,q29_t496
29667,q29_t497
29668,q29_t497
29668,q29_t498
29669,q29_t499
29669,q29_t500
29670,q29_t500
29670,q29_t501
29671,q29_t502
29671,q29_t503
29672,q29_t503
29672,q29_t507
29673,q29_t507
29673,q29_t508
29673,q30_t507
29673,q30_t508
29674,q29_t508
29674,q29_t509
29675,q29_t509
29675,q29_t510
29676,q29_t510
29676,q29_t511
29676,q31_t510
29676,q31_t511
29677,q29_t511
29677,q29_t512
29678,q29_t512
29678,q29_t513
29679,q29_t513
29679,q29_t514
29679,q32_t513
29679,q32_t514
29680,q29_t514
29680,q29_t515
29681,q29_t515
29681,q29_t516
29682,q29_t516
29682,q29_t517
29682,q33_t516
29682,q33_t517
29683,q29_t517
29683,q29_t518
29684,q29_t518
29684,q29_t519
29685,q29_t519
29685,q29_t520
29685,q34_t519
29685,q34_t520
29686,q29_t520
29686,q29_t521
29687,q29_t521
29687,q29_t522
29688,q29_t522
29688,q29_t523
29688,q35_t522
29688,q35_t523
29689,q29_t523
29689,q29_t524
29690,q29_t524
29690,q29_t525
29691,q29_t525
29691,q29_t526
29691,q36_t525
29691,q36_t526
29692,q29_t526
29692,q29_t527
29693,q29_t527
29693,q29_t528
29694,q29_t528
29694,q29_t529
29694,q37_t528
29694,q37_t529
29695,q29_t529
29695,q29_t530
29696,q29_t530
29696,q29_t531
29697,q29_t531
29697,q29_t532
29697,q38_t531
29697,q38_t532
29698,q29_t532
29698,q29_t533
29699,q29_t533
29699,q29_t534
29700,q29_t534
29700,q29_t535
29700,q39_t534
29700,q39_t535
29701,q29_t535
29701,q29_t536
29702,q29_t536
29702,q29_t537
29703,q29_t537
29703,q29_t538
29703,q40_t537
29703,q40_t538
29704,q29_t538
29704,q29_t539
29705,q29_t539
29705,q29_t540
29706,q29_t540
29706,q29_t541
29706,q41_t540
29706,q41_t541
29707,q29_t541
29707,q29_t542
29708,q29_t542
29708,q29_t543
29709,q29_t543
29709,q29_t544
29709,q42_t543
29709,q42_t544
29710,q29_t544
29710,q29_t545
29711,q29_t545
29711,q29_t546
29712,q29_t546
29712,q29_t547
29712,q43_t546
29712,q43_t547
29713,q29_t547
29713,q29_t548
29714,q29_t548
29714,q29_t549
29715,q29_t549
29715,q29_t550
29715,q44_t549
29715,q44_t550
29716,q29_t550
29716,q29_t551
29717,q29_t551
29717,q29_t552
29718,q29_t552
29718,q29_t553
29718,q45_t552
29718,q45_t553
29719,q29_t553
29719,q29_t554
29720,q29_t554
29720,q29_t555
29721,q29_t555
29721,q29_t556
29721,q46_t555
29721,q46_t556
29722,q29_t556
29722,q29_t557
29723,q29_t557
29723,q29_t558
29724,q29_t558
29724,q29_t559
29724,q47_t558
29724,q47_t559
29725,q29_t559
29725,q29_t560
29726,q29_t560
29726,q29_t561
29727,q29_t561
29727,q29_t562
29727,q48_t561
29727,q48_t562
29728,q29_t562
29728,q29_t563
29729,q29_t563
29729,q29_t564
29730,q29_t564
29730,q29_t565
29730,q49_t564
29730,q49_t565
29731,q29_t565
29731,q29_t566
29732,q29_t566
29732,q29_t567
29733,q29_t567
29733,q29_t568
29733,q50_t567
29733,q50_t568
29734,q29_t568
29734,q29_t569
29735,q29_t569
29735,q29_t570
29736,q29_t570
29736,q29_t571
29736,q51_t570
29736,q51_t571
29737,q29_t571
29737,q29_t572
29738,q29_t572
29738,q29_t573
29739,q29_t573
29739,q29_t574
29739,q52_t573
29739,q52_t574
29740,q29_t574
29740,q29_t575
29741,q29_t575
29741,q29_t576
29742,q29_t576
29742,q29_t577
29742,q53_t576
29742,q53_t577
29743,q29_t577
29743,q29_t578
29744,q29_t578
29744,q29_t579
29745,q29_t579
29745,q29_t580
29745,q54_t579
29745,q54_t580
29746,q29_t580
29746,q29_t581
29747,q29_t581
29747,q29_t582
29748,q29_t582
29748,q29_t583
29748,q55_t582
29748,q55_t583
29749,q29_t583
29749,q29_t584
29750,q29_t584
29750,q29_t585
29751,q29_t585
29751,q29_t586
29751,q56_t585
29751,q56_t586
29752,q29_t586
29752,q29_t587
29753,q29_t587
29753,q29_t588
29754,q29_t588
29754,q29_t589
29754,q57_t588
29754,q57_t589
29755,q29_t589
29755,q29_t590
29756,q29_t590
29756,q29_t591
29757,q29_t591
29757,q29_t592
29757,q58_t591
29757,q58_t592
29758,q29_t592
29758,q29_t593
29759,q29_t593
29759,q29_t594
29760,q29_t594
29760,q29_t595
29760,q59_t594
29760,q59_t595
29761,q29_t595
29761,q29_t596
29762,q29_t596
29762,q29_t597
29763,q29_t597
29763,q29_t598
29763,q60_t597
29763,q60_t598
29764,q29_t598
29764,q29_t599
29765,q29_t599
29765,q29_t600
29766,q29_t600
29766,q29_t601
29766,q61_t600
29766,q61_t601
29767,q29_t601
29767,q29_t602
29768,q29_t602
29768,q29_t603
29769,q29_t603
29769,q29_t604
29769,q62_t603
29769,q62_t604
29770,q29_t604
29770,q29_t605
29771,q29_t605
29771,q29_t606
29772,q29_t606
29772,q29_t607
29772,q63_t606
29772,q63_t607
29773,q29_t607
29773,q29_t608
29774,q29_t608
29774,q29_t609
29775,q29_t609
29775,q29_t610
29775,q64_t609
29775,q64_t610
29776,q29_t610
29776,q29_t611
29777,q29_t611
29777,q29_t612
29778,q29_t612
29778,q29_t613
29778,q65_t612
29778,q65_t613
29779,q29_t613
29779,q29_t614
29780,q29_t614
29780,q29_t615
29781,q29_t615
29781,q29_t616
29781,q66_t615
29781,q66_t616
29782,q29_t616
29782,q29_t617
29783,q29_t617
29783,q29_t618
29784,q29_t618
29784,q29_t619
29784,q67_t618
29784,q67_t619
29785,q29_t619
29785,q29_t620
29786,q29_t620
29786,q29_t621
29787,q29_t621
29787,q29_t622
29787,q68_t621
29787,q68_t622
29788,q29_t622
29788,q29_t623
29789,q29_t623
29789,q29_t624
29790,q29_t624
29790,q29_t625
29790,q69_t624
29790,q69_t625
29791,q29_t625
29791,q29_t626
29792,q29_t626
29792,q29_t627
29793,q29_t627
29793,q29_t628
29793,q70_t627
29793,q70_t628
29794,q29_t628
29794,q29_t629
29795,q29_t629
29795,q29_t630
29796,q29_t630
29796,q29_t631
29796,q71_t630
29796,q71_t631
29797,q29_t631
29797,q29_t632
29798,q29_t632
29798,q29_t633
29799,q29_t633
29799,q29_t634
29799,q72_t633
29799,q72_t634
29800,q29_t634
29800,q29_t635
29801,q29_t635
29801,q29_t636
29802,q29_t636
29802,q29_t637
29802,q73_t636
29802,q73_t637
29803,q29_t637
29803,q29_t638
29804,q29_t638
29804,q29_t639
29805,q29_t639
29805,q29_t640
29805,q74_t639
29805,q74_t640
29806,q29_t640
29806,q29_t641
29807,q29_t641
29807,q29_t642
29808,q29_t642
29808,q29_t643
29808,q75_t642
29808,q75_t643
29809,q29_t643
29809,q29_t644
29810,q29_t644
29810,q29_t645
29811,q29_t645
29811,q29_t646
29811,q76_t645
29811,q76_t646
29812,q29_t646
29812,q29_t647
29813,q29_t647
29813,q29_t648
29814,q29_t648
29814,q29_t649
29814,q77_t648
29814,q77_t649
29815,q29_t649
29815,q29_t650
29816,q29_t650
29816,q29_t651
29817,q29_t651
29817,q29_t652
29817,q78_t651
29817,q78_t652
29818,q29_t652
29818,q29_t653
29819,q29_t653
29819,q29_t654
29820,q29_t654
29820,q29_t655
29820,q79_t654
29820,q79_t655
29821,q29_t655
29821,q29_t656
29822,q29_t656
29822,q29_t657
29823,q29_t657
29823,q29_t658
29823,q80_t657
29823,q80_t658
29824,q29_t658
29824,q29_t659
29825,q29_t659
29825,q29_t660
29826,q29_t660
29826,q29_t661
29826,q81_t660
29826,q81_t661
29827,q29_t661
29827,q29_t662
29828,q29_t662
29828,q29_t663
29829,q29_t663
29829,q29_t664
29829,q82_t663
29829,q82_t664
29830,q29_t664
29830,q29_t665
29831,q29_t665
29831,q29_t666
29832,q29_t666
29832,q29_t667
29832,q83_t666
29832,q83_t667
29833,q29_t667
29833,q29_t668
29834,q29_t668
29834,q29_t669
29835,q29_t669
29835,q29_t670
29835,q84_t669
29835,q84_t670
29836,q29_t670
29836,q29_t671
29837,q29_t671
29837,q29_t672
29838,q29_t672
29838,q29_t673
29838,q85_t672
29838,q85_t673
29839,q29_t673
29839,q29_t674
29840,q29_t674
29840,q29_t675
29841,q29_t675
29841,q29_t676
29841,q86_t675
29841,q86_t676
29842,q29_t676
29842,q29_t677
29843,q29_t677
29843,q29_t678
29844,q29_t678
29844,q29_t679
29844,q87_t678
29844,q87_t679
29845,q29_t679
29845,q29_t680
29846,q29_t680
29846,q29_t681
29847,q29_t681
29847,q29_t682
29847,q88_t681
29847,q88_t682
29848,q29_t682
29848,q29_t683
29849,q29_t683
29849,q29_t684
29850,q29_t684
29850,q29_t685
29850,q89_t684
29850,q89_t685
29851,q29_t685
29851,q29_t686
29852,q29_t686
29852,q29_t687
29853,q29_t687
29853,q29_t688
29853,q90_t687
29853,q90_t688
29854,q29_t688
29854,q29_t689
29855,q29_t689
29855,q29_t690
29856,q29_t690
29856,q29_t691
29856,q91_t690
29856,q91_t691
29857,q29_t691
29857,q29_t692
29858,q29_t692
29858,q29_t693
29859,q29_t693
29859,q29_t694
29859,q92_t693
29859,q92_t694
29860,q29_t694
29860,q29_t695
29861,q29_t695
29861,q29_t696
29862,q29_t696
29862,q29_t697
29862,q93_t696
29862,q93_t697
29863,q29_t697
29863,q29_t698
29864,q29_t698
29864,q29_t699
29865,q29_t699
29865,q29_t700
29865,q94_t699
29865,q94_t700
29866,q29_t700
29866,q29_t701
29867,q29_t701
29867,q29_t702
29868,q29_t702
29868,q29_t703
29868,q95_t702
29868,q95_t703
29869,q29_t703
29869,q29_t704
29870,q29_t704
29870,q29_t705
29871,q29_t705
29871,q29_t706
29871,q96_t705
29871,q96_t706
29872,q29_t706
29872,q29_t707
29873,q29_t707
29873,q29_t708
29874,q29_t708
29874,q29_t709
29874,q97_t708
29874,q97_t709
29875,q29_t709
29875,q29_t710
29876,q29_t710
29876,q29_t711
29877,q29_t711
29877,q29_t712
29877,q98_t711
29877,q98_t712
29878,q29_t712
29878,q29_t713
29879,q29_t713
29879,q29_t714
29880,q29_t714
29880,q29_t715
29880,q99_t714
29880,q99_t715
29881,q29_t715
29881,q29_t716
29882,q29_t716
29882,q29_t717
29883,q29_t718
29883,q29_t719
29884,q29_t719
29884,q29_t720
29885,q29_t721
29885,q29_t722
29886,q29_t722
29886,q29_t723
29887,q29_t724
29887,q29_t725
29888,q29_t725
29888,q29_t726
29889,q29_t727
29889,q29_t728
29890,q29_t728
29890,q29_t729
29891,q29_t730
29891,q29_t731
29892,q29_t731
29892,q29_t732
29893,q29_t733
29893,q29_t734
29894,q29_t734
29894,q29_t735
29895,q29_t736
29895,q29_t737
29896,q29_t737
29896,q29_t738
29897,q29_t739
29897,q29_t740
29898,q29_t740
29898,q29_t741
29899,q29_t742
29899,q29_t743
29900,q29_t743
29900,q29_t744
29901,q29_t745
29901,q29_t746
29902,q29_t746
29902,q29_t747
29903,q29_t747
29903,q29_t748
29904,q29_t749
29904,q29_t750
29905,q29_t750
29905,q29_t751
29906,q29_t752
29906,q29_t753
29907,q29_t753
29907,q29_t754
29908,q29_t754
29908,q29_t755
29908,q2_t754
29908,q2_t755
29909,q29_t755
29909,q29_t756
29910,q29_t756
29910,q29_t757
29911,q29_t757
29911,q29_t758
29911,q3_t757
29911,q3_t758
29912,q29_t758
29912,q29_t759
29913,q29_t759
29913,q29_t760
29914,q29_t760
29914,q29_t761
29914,q4_t760
29914,q4_t761
29915,q29_t761
29915,q29_t762
29916,q29_t762
29916,q29_t763
29917,q29_t763
29917,q29_t764
29917,q5_t763
29917,q5_t764
29918,q29_t764
29918,q29_t765
29919,q29_t765
29919,q29_t766
29920,q29_t766
29920,q29_t767
29920,q6_t766
29920,q6_t767
29921,q29_t767
29921,q29_t768
29922,q29_t768
29922,q29_t769
29923,q29_t769
29923,q29_t770
29923,q7_t769
29923,q7_t770
29924,q29_t770
29924,q29_t771
29925,q29_t771
29925,q29_t772
29926,q29_t772
29926,q29_t773
29926,q8_t772
29926,q8_t773
29927,q29_t773
29927,q29_t774
29928,q29_t774
29928,q29_t775
29929,q29_t775
29929,q29_t776
29929,q9_t775
29929,q9_t776
29930,q29_t776
29930,q29_t777
29931,q29_t777
29931,q29_t778
29932,q29_t779
29932,q29_t780
29933,q29_t780
29933,q29_t781
29934,q29_t782
29934,q29_t783
29935,q29_t783
29935,q29_t784
29936,q29_t785
29936,q29_t786
29937,q29_t786
29937,q29_t787
29938,q29_t788
29938,q29_t789
29939,q29_t789
29939,q29_t790
29940,q29_t791
29940,q29_t792
29941,q29_t792
29941,q29_t793
29942,q29_t794
29942,q29_t795
29943,q29_t795
29943,q29_t796
29944,q29_t797
29944,q29_t798
29945,q29_t798
29945,q29_t799
29946,q29_t800
29946,q29_t801
29947,q29_t801
29947,q29_t802
29948,q29_t803
29948,q29_t804
29949,q29_t804
29949,q29_t805
29950,q29_t806
29950,q29_t807
29951,q29_t807
29951,q29_t808
29952,q29_t809
29952,q29_t810
29953,q29_t810
29953,q29_t811
29954,q29_t812
29954,q29_t813
29955,q29_t813
29955,q29_t814
29956,q29_t815
29956,q29_t816
29957,q29_t816
29957,q29_t817
29958,q29_t818
29958,q29_t819
29959,q29_t819
29959,q29_t820
29960,q29_t821
29960,q29_t822
29961,q29_t822
29961,q29_t823
29962,q29_t824
29962,q29_t825
29963,q29_t825
29963,q29_t826
29964,q29_t827
29964,q29_t828
29965,q29_t828
29965,q29_t829
29966,q29_t830
29966,q29_t831
29967,q29_t831
29967,q29_t832
29968,q29_t833
29968,q29_t834
29969,q29_t834
29969,q29_t838
29970,q29_t838
29970,q29_t839
29970,q30_t838
29970,q30_t839
29971,q29_t839
29971,q29_t840
29972,q29_t840
29972,q29_t841
29973,q29_t841
29973,q29_t842
29973,q31_t841
29973,q31_t842
29974,q29_t842
29974,q29_t843
29975,q29_t843
29975,q29_t844
29976,q29_t844
29976,q29_t845
29976,q32_t844
29976,q32_t845
29977,q29_t845
29977,q29_t846
29978,q29_t846
29978,q29_t847
29979,q29_t847
29979,q29_t848
29979,q33_t847
29979,q33_t848
29980,q29_t848
29980,q29_t849
29981,q29_t849
29981,q29_t850
29982,q29_t850
29982,q29_t851
29982,q34_t850
29982,q34_t851
29983,q29_t851
29983,q29_t852
29984,q29_t852
29984,q29_t853
29985,q29_t853
29985,q29_t854
29985,q35_t853
29985,q35_t854
29986,q29_t854
29986,q29_t855
29987,q29_t855
29987,q29_t856
29988,q29_t856
29988,q29_t857
29988,q36_t856
29988,q36_t857
29989,q29_t857
29989,q29_t858
29990,q29_t858
29990,q29_t859
29991,q29_t859
29991,q29_t860
29991,q37_t859
29991,q37_t860
29992,q29_t860
29992,q29_t861
29993,q29_t861
29993,q29_t862
29994,q29_t862
29994,q29_t863
29994,q38_t862
29994,q38_t863
29995,q29_t863
29995,q29_t864
29996,q29_t864
29996,q29_t865
29997,q29_t865
29997,q29_t866
29997,q39_t865
29997,q39_t866
29998,q29_t866
29998,q29_t867
29999,q29_t867
29999,q29_t868
30000,q29_t868
30000,q29_t869
30000,q40_t868
30000,q40_t869
30001,q29_t869
30001,q29_t870
30002,q29_t87
30002,q29_t88
30003,q29_t870
30003,q29_t871
30004,q29_t871
30004,q29_t872
30004,q41_t871
30004,q41_t872
30005,q29_t872
30005,q29_t873
30006,q29_t873
30006,q29_t874
30007,q29_t874
30007,q29_t875
30007,q42_t874
30007,q42_t875
30008,q29_t875
30008,q29_t876
30009,q29_t876
30009,q29_t877
30010,q29_t877
30010,q29_t878
30010,q43_t877
30010,q43_t878
30011,q29_t878
30011,q29_t879
30012,q29_t879
30012,q29_t880
30013,q29_t88
30013,q29_t89
30014,q29_t880
30014,q29_t881
30014,q44_t880
30014,q44_t881
30015,q29_t881
30015,q29_t882
30016,q29_t882
30016,q29_t883
30017,q29_t883
30017,q29_t884
30017,q45_t883
30017,q45_t884
30018,q29_t884
30018,q29_t885
30019,q29_t885
30019,q29_t886
30020,q29_t886
30020,q29_t887
30020,q46_t886
30020,q46_t887
30021,q29_t887
30021,q29_t888
30022,q29_t888
30022,q29_t889
30023,q29_t889
30023,q29_t890
30023,q47_t889
30023,q47_t890
30024,q29_t890
30024,q29_t891
30025,q29_t891
30025,q29_t892
30026,q29_t892
30026,q29_t893
30026,q48_t892
30026,q48_t893
30027,q29_t893
30027,q29_t894
30028,q29_t894
30028,q29_t895
30029,q29_t895
30029,q29_t896
30029,q49_t895
30029,q49_t896
30030,q29_t896
30030,q29_t897
30031,q29_t897
30031,q29_t898
30032,q29_t898
30032,q29_t899
30032,q50_t898
30032,q50_t899
30033,q29_t899
30033,q29_t900
30034,q29_t90
30034,q29_t91
30035,q29_t900
30035,q29_t901
30036,q29_t901
30036,q29_t902
30036,q51_t901
30036,q51_t902
30037,q29_t902
30037,q29_t903
30038,q29_t903
30038,q29_t904
30039,q29_t904
30039,q29_t905
30039,q52_t904
30039,q52_t905
30040,q29_t905
30040,q29_t906
30041,q29_t906
30041,q29_t907
30042,q29_t907
30042,q29_t908
30042,q53_t907
30042,q53_t908
30043,q29_t908
30043,q29_t909
30044,q29_t909
30044,q29_t910
30045,q29_t91
30045,q29_t92
30046,q29_t910
30046,q29_t911
30046,q54_t910
30046,q54_t911
30047,q29_t911
30047,q29_t912
30048,q29_t912
30048,q29_t913
30049,q29_t913
30049,q29_t914
30049,q55_t913
30049,q55_t914
30050,q29_t914
30050,q29_t915
30051,q29_t915
30051,q29_t916
30052,q29_t916
30052,q29_t917
30052,q56_t916
30052,q56_t917
30053,q29_t917
30053,q29_t918
30054,q29_t918
30054,q29_t919
30055,q29_t919
30055,q29_t920
30055,q57_t919
30055,q57_t920
30056,q29_t92
30056,q29_t93
30056,q2_t92
30056,q2_t93
30057,q29_t920
30057,q29_t921
30058,q29_t921
30058,q29_t922
30059,q29_t922
30059,q29_t923
30059,q58_t922
30059,q58_t923
30060,q29_t923
30060,q29_t924
30061,q29_t924
30061,q29_t925
30062,q29_t925
30062,q29_t926
30062,q59_t925
30062,q59_t926
30063,q29_t926
30063,q29_t927
30064,q29_t927
30064,q29_t928
30065,q29_t928
30065,q29_t929
30065,q60_t928
30065,q60_t929
30066,q29_t929
30066,q29_t930
30067,q29_t93
30067,q29_t94
30068,q29_t930
30068,q29_t931
30069,q29_t931
30069,q29_t932
30069,q61_t931
30069,q61_t932
30070,q29_t932
30070,q29_t933
30071,q29_t933
30071,q29_t934
30072,q29_t934
30072,q29_t935
30072,q62_t934
30072,q62_t935
30073,q29_t935
30073,q29_t936
30074,q29_t936
30074,q29_t937
30075,q29_t937
30075,q29_t938
30075,q63_t937
30075,q63_t938
30076,q29_t938
30076,q29_t939
30077,q29_t939
30077,q29_t940
30078,q29_t94
30078,q29_t95
30079,q29_t940
30079,q29_t941
30079,q64_t940
30079,q64_t941
30080,q29_t941
30080,q29_t942
30081,q29_t942
30081,q29_t943
30082,q29_t943
30082,q29_t944
30082,q65_t943
30082,q65_t944
30083,q29_t944
30083,q29_t945
30084,q29_t945
30084,q29_t946
30085,q29_t946
30085,q29_t947
30085,q66_t946
30085,q66_t947
30086,q29_t947
30086,q29_t948
30087,q29_t948
30087,q29_t949
30088,q29_t949
30088,q29_t950
30088,q67_t949
30088,q67_t950
30089,q29_t95
30089,q29_t96
30089,q3_t95
30089,q3_t96
30090,q29_t950
30090,q29_t951
30091,q29_t951
30091,q29_t952
30092,q29_t952
30092,q29_t953
30092,q68_t952
30092,q68_t953
30093,q29_t953
30093,q29_t954
30094,q29_t954
30094,q29_t955
30095,q29_t955
30095,q29_t956
30095,q69_t955
30095,q69_t956
30096,q29_t956
30096,q29_t957
30097,q29_t957
30097,q29_t958
30098,q29_t958
30098,q29_t959
30098,q70_t958
30098,q70_t959
30099,q29_t959
30099,q29_t960
30100,q29_t96
30100,q29_t97
30101,q29_t960
30101,q29_t961
30102,q29_t961
30102,q29_t962
30102,q71_t961
30102,q71_t962
30103,q29_t962
30103,q29_t963
30104,q29_t963
30104,q29_t964
30105,q29_t964
30105,q29_t965
30105,q72_t964
30105,q72_t965
30106,q29_t965
30106,q29_t966
30107,q29_t966
30107,q29_t967
30108,q29_t967
30108,q29_t968
30108,q73_t967
30108,q73_t968
30109,q29_t968
30109,q29_t969
30110,q29_t969
30110,q29_t970
30111,q29_t97
30111,q29_t98
30112,q29_t970
30112,q29_t971
30112,q74_t970
30112,q74_t971
30113,q29_t971
30113,q29_t972
30114,q29_t972
30114,q29_t973
30115,q29_t973
30115,q29_t974
30115,q75_t973
30115,q75_t974
30116,q29_t974
30116,q29_t975
30117,q29_t975
30117,q29_t976
30118,q29_t976
30118,q29_t977
30118,q76_t976
30118,q76_t977
30119,q29_t977
30119,q29_t978
30120,q29_t978
30120,q29_t979
30121,q29_t979
30121,q29_t980
30121,q77_t979
30121,q77_t980
30122,q29_t98
30122,q29_t99
30122,q4_t98
30122,q4_t99
30123,q29_t980
30123,q29_t981
30124,q29_t981
30124,q29_t982
30125,q29_t982
30125,q29_t983
30125,q78_t982
30125,q78_t983
30126,q29_t983
30126,q29_t984
30127,q29_t984
30127,q29_t985
30128,q29_t985
30128,q29_t986
30128,q79_t985
30128,q79_t986
30129,q29_t986
30129,q29_t987
30130,q29_t987
30130,q29_t988
30131,q29_t988
30131,q29_t989
30131,q80_t988
30131,q80_t989
30132,q29_t989
30132,q29_t990
30133,q29_t990
30133,q29_t991
30134,q29_t991
30134,q29_t992
30134,q81_t991
30134,q81_t992
30135,q29_t992
30135,q29_t993
30136,q29_t993
30136,q29_t994
30137,q29_t994
30137,q29_t995
30137,q82_t994
30137,q82_t995
30138,q29_t995
30138,q29_t996
30139,q29_t996
30139,q29_t997
30140,q29_t997
30140,q29_t998
30140,q83_t997
30140,q83_t998
30141,q29_t998
30141,q29_t999
30142,q2_t0
30142,q2_t1
30143,q2_t1
30143,q2_t5
30144,q2_t10
30144,q2_t14
30145,q2_t10
30145,q2_t9
30146,q2_t100
30146,q2_t101
30147,q2_t100
30147,q2_t99
30148,q2_t101
30148,q2_t102
30148,q32_t101
30148,q32_t102
30149,q2_t102
30149,q2_t103
30150,q2_t103
30150,q2_t104
30151,q2_t104
30151,q2_t105
30151,q33_t104
30151,q33_t105
30152,q2_t105
30152,q2_t106
30153,q2_t106
30153,q2_t107
30154,q2_t107
30154,q2_t108
30154,q34_t107
30154,q34_t108
30155,q2_t108
30155,q2_t109
30156,q2_t109
30156,q2_t110
30157,q2_t110
30157,q2_t111
30157,q35_t110
30157,q35_t111
30158,q2_t111
30158,q2_t112
30159,q2_t112
30159,q2_t113
30160,q2_t113
30160,q2_t114
30160,q36_t113
30160,q36_t114
30161,q2_t114
30161,q2_t115
30162,q2_t115
30162,q2_t116
30163,q2_t116
30163,q2_t117
30163,q37_t116
30163,q37_t117
30164,q2_t117
30164,q2_t118
30165,q2_t118
30165,q2_t119
30166,q2_t119
30166,q2_t120
30166,q38_t119
30166,q38_t120
30167,q2_t120
30167,q2_t121
30168,q2_t121
30168,q2_t122
30169,q2_t122
30169,q2_t123
30169,q39_t122
30169,q39_t123
30170,q2_t123
30170,q2_t124
30171,q2_t124
30171,q2_t125
30172,q2_t125
30172,q2_t126
30172,q40_t125
30172,q40_t126
30173,q2_t126
30173,q2_t127
30174,q2_t127
30174,q2_t128
30175,q2_t128
30175,q2_t129
30175,q41_t128
30175,q41_t129
30176,q2_t129
30176,q2_t130
30177,q2_t130
30177,q2_t131
30178,q2_t131
30178,q2_t132
30178,q42_t131
30178,q42_t132
30179,q2_t132
30179,q2_t133
30180,q2_t133
30180,q2_t134
30181,q2_t134
30181,q2_t135
30181,q43_t134
30181,q43_t135
30182,q2_t135
30182,q2_t136
30183,q2_t136
30183,q2_t137
30184,q2_t137
30184,q2_t138
30184,q44_t137
30184,q44_t138
30185,q2_t138
30185,q2_t139
30186,q2_t139
30186,q2_t140
30187,q2_t14
30187,q2_t15
30187,q3_t14
30187,q3_t15
30188,q2_t140
30188,q2_t141
30188,q45_t140
30188,q45_t141
30189,q2_t141
30189,q2_t142
30190,q2_t142
30190,q2_t143
30191,q2_t143
30191,q2_t144
30191,q46_t143
30191,q46_t144
30192,q2_t144
30192,q2_t145
30193,q2_t145
30193,q2_t146
30194,q2_t146
30194,q2_t147
30194,q47_t146
30194,q47_t147
30195,q2_t147
30195,q2_t148
30196,q2_t148
30196,q2_t149
30197,q2_t149
30197,q2_t150
30197,q48_t149
30197,q48_t150
30198,q2_t15
30198,q2_t16
30199,q2_t150
30199,q2_t151
30200,q2_t151
30200,q2_t152
30201,q2_t152
30201,q2_t153
30201,q49_t152
30201,q49_t153
30202,q2_t153
30202,q2_t154
30203,q2_t154
30203,q2_t155
30204,q2_t155
30204,q2_t156
30204,q50_t155
30204,q50_t156
30205,q2_t156
30205,q2_t157
30206,q2_t157
30206,q2_t158
30207,q2_t158
30207,q2_t159
30207,q51_t158
30207,q51_t159
30208,q2_t159
30208,q2_t160
30209,q2_t16
30209,q2_t17
30210,q2_t160
30210,q2_t161
30211,q2_t161
30211,q2_t162
30211,q52_t161
30211,q52_t162
30212,q2_t162
30212,q2_t163
30213,q2_t163
30213,q2_t164
30214,q2_t164
30214,q2_t165
30214,q53_t164
30214,q53_t165
30215,q2_t165
30215,q2_t166
30216,q2_t166
30216,q2_t167
30217,q2_t167
30217,q2_t168
30217,q54_t167
30217,q54_t168
30218,q2_t168
30218,q2_t169
30219,q2_t169
30219,q2_t170
30220,q2_t17
30220,q2_t18
30220,q4_t17
30220,q4_t18
30221,q2_t170
30221,q2_t171
30221,q55_t170
30221,q55_t171
30222,q2_t171
30222,q2_t172
30223,q2_t172
30223,q2_t173
30224,q2_t173
30224,q2_t174
30224,q56_t173
30224,q56_t174
30225,q2_t174
30225,q2_t175
30226,q2_t175
30226,q2_t176
30227,q2_t176
30227,q2_t177
30227,q57_t176
30227,q57_t177
30228,q2_t177
30228,q2_t178
30229,q2_t178
30229,q2_t179
30230,q2_t179
30230,q2_t180
30230,q58_t179
30230,q58_t180
30231,q2_t18
30231,q2_t19
30232,q2_t180
30232,q2_t181
30233,q2_t181
30233,q2_t182
30234,q2_t182
30234,q2_t183
30234,q59_t182
30234,q59_t183
30235,q2_t183
30235,q2_t184
30236,q2_t184
30236,q2_t185
30237,q2_t185
30237,q2_t186
30237,q60_t185
30237,q60_t186
30238,q2_t186
30238,q2_t187
30239,q2_t187
30239,q2_t188
30240,q2_t188
30240,q2_t189
30240,q61_t188
30240,q61_t189
30241,q2_t189
30241,q2_t190
30242,q2_t19
30242,q2_t20
30243,q2_t190
30243,q2_t191
30244,q2_t191
30244,q2_t192
30244,q62_t191
30244,q62_t192
30245,q2_t192
30245,q2_t193
30246,q2_t193
30246,q2_t194
30247,q2_t194
30247,q2_t195
30247,q63_t194
30247,q63_t195
30248,q2_t195
30248,q2_t196
30249,q2_t196
30249,q2_t197
30250,q2_t197
30250,q2_t198
30250,q64_t197
30250,q64_t198
30251,q2_t198
30251,q2_t199
30252,q2_t199
30252,q2_t200
30253,q2_t20
30253,q2_t21
30253,q5_t20
30253,q5_t21
30254,q2_t200
30254,q2_t201
30254,q65_t200
30254,q65_t201
30255,q2_t201
30255,q2_t202
30256,q2_t202
30256,q2_t203
30257,q2_t203
30257,q2_t204
30257,q66_t203
30257,q66_t204
30258,q2_t204
30258,q2_t205
30259,q2_t205
30259,q2_t206
30260,q2_t206
30260,q2_t207
30260,q67_t206
30260,q67_t207
30261,q2_t207
30261,q2_t208
30262,q2_t208
30262,q2_t209
30263,q2_t209
30263,q2_t210
30263,q68_t209
30263,q68_t210
30264,q2_t21
30264,q2_t22
30265,q2_t210
30265,q2_t211
30266,q2_t211
30266,q2_t212
30267,q2_t212
30267,q2_t213
30267,q69_t212
30267,q69_t213
30268,q2_t213
30268,q2_t214
30269,q2_t214
30269,q2_t215
30270,q2_t215
30270,q2_t216
30270,q70_t215
30270,q70_t216
30271,q2_t216
30271,q2_t217
30272,q2_t217
30272,q2_t218
30273,q2_t218
30273,q2_t219
30273,q71_t218
30273,q71_t219
30274,q2_t219
30274,q2_t220
30275,q2_t22
30275,q2_t23
30276,q2_t220
30276,q2_t221
30277,q2_t221
30277,q2_t222
30277,q72_t221
30277,q72_t222
30278,q2_t222
30278,q2_t223
30279,q2_t223
30279,q2_t224
30280,q2_t224
30280,q2_t225
30280,q73_t224
30280,q73_t225
30281,q2_t225
30281,q2_t226
30282,q2_t226
30282,q2_t227
30283,q2_t227
30283,q2_t228
30283,q74_t227
30283,q74_t228
30284,q2_t228
30284,q2_t229
30285,q2_t229
30285,q2_t230
30286,q2_t23
30286,q2_t24
30286,q6_t23
30286,q6_t24
30287,q2_t230
30287,q2_t231
30287,q75_t230
30287,q75_t231
30288,q2_t231
30288,q2_t232
30289,q2_t232
30289,q2_t233
30290,q2_t233
30290,q2_t234
30290,q76_t233
30290,q76_t234
30291,q2_t234
30291,q2_t235
30292,q2_t235
30292,q2_t236
30293,q2_t236
30293,q2_t237
30293,q77_t236
30293,q77_t237
30294,q2_t237
30294,q2_t238
30295,q2_t238
30295,q2_t239
30296,q2_t239
30296,q2_t240
30296,q78_t239
30296,q78_t240
30297,q2_t24
30297,q2_t25
30298,q2_t240
30298,q2_t241
30299,q2_t241
30299,q2_t242
30300,q2_t242
30300,q2_t243
30300,q79_t242
30300,q79_t243
30301,q2_t243
30301,q2_t244
30302,q2_t244
30302,q2_t245
30303,q2_t245
30303,q2_t246
30303,q80_t245
30303,q80_t246
30304,q2_t246
30304,q2_t247
30305,q2_t247
30305,q2_t248
30306,q2_t248
30306,q2_t249
30306,q81_t248
30306,q81_t249
30307,q2_t249
30307,q2_t250
30308,q2_t25
30308,q2_t26
30309,q2_t250
30309,q2_t251
30310,q2_t251
30310,q2_t252
30310,q82_t251
30310,q82_t252
30311,q2_t252
30311,q2_t253
30312,q2_t253
30312,q2_t254
30313,q2_t254
30313,q2_t255
30313,q83_t254
30313,q83_t255
30314,q2_t255
30314,q2_t256
30315,q2_t256
30315,q2_t257
30316,q2_t257
30316,q2_t258
30316,q84_t257
30316,q84_t258
30317,q2_t258
30317,q2_t259
30318,q2_t259
30318,q2_t260
30319,q2_t26
30319,q2_t27
30319,q7_t26
30319,q7_t27
30320,q2_t260
30320,q2_t261
30320,q85_t260
30320,q85_t261
30321,q2_t261
30321,q2_t262
30322,q2_t262
30322,q2_t263
30323,q2_t263
30323,q2_t264
30323,q86_t263
30323,q86_t264
30324,q2_t264
30324,q2_t265
30325,q2_t265
30325,q2_t266
30326,q2_t266
30326,q2_t267
30326,q87_t266
30326,q87_t267
30327,q2_t267
30327,q2_t268
30328,q2_t268
30328,q2_t269
30329,q2_t269
30329,q2_t270
30329,q88_t269
30329,q88_t270
30330,q2_t27
30330,q2_t28
30331,q2_t270
30331,q2_t271
30332,q2_t271
30332,q2_t272
30333,q2_t272
30333,q2_t273
30333,q89_t272
30333,q89_t273
30334,q2_t273
30334,q2_t274
30335,q2_t274
30335,q2_t275
30336,q2_t275
30336,q2_t276
30336,q90_t275
30336,q90_t276
30337,q2_t276
30337,q2_t277
30338,q2_t277
30338,q2_t278
30339,q2_t278
30339,q2_t279
30339,q91_t278
30339,q91_t279
30340,q2_t279
30340,q2_t280
30341,q2_t28
30341,q2_t29
30342,q2_t280
30342,q2_t281
30343,q2_t281
30343,q2_t282
30343,q92_t281
30343,q92_t282
30344,q2_t282
30344,q2_t283
30345,q2_t283
30345,q2_t284
30346,q2_t284
30346,q2_t285
30346,q93_t284
30346,q93_t285
30347,q2_t285
30347,q2_t286
30348,q2_t286
30348,q2_t287
30349,q2_t287
30349,q2_t288
30349,q94_t287
30349,q94_t288
30350,q2_t288
30350,q2_t289
30351,q2_t289
30351,q2_t290
30352,q2_t29
30352,q2_t30
30352,q8_t29
30352,q8_t30
30353,q2_t290
30353,q2_t291
30353,q95_t290
30353,q95_t291
30354,q2_t291
30354,q2_t292
30355,q2_t292
30355,q2_t293
30356,q2_t293
30356,q2_t294
30356,q96_t293
30356,q96_t294
30357,q2_t294
30357,q2_t295
30358,q2_t295
30358,q2_t296
30359,q2_t296
30359,q2_t297
30359,q97_t296
30359,q97_t297
30360,q2_t297
30360,q2_t298
30361,q2_t298
30361,q2_t299
30362,q2_t299
30362,q2_t300
30362,q98_t299
30362,q98_t300
30363,q2_t30
30363,q2_t31
30364,q2_t300
30364,q2_t301
30365,q2_t301
30365,q2_t302
30366,q2_t302
30366,q2_t303
30366,q99_t302
30366,q99_t303
30367,q2_t303
30367,q2_t304
30368,q2_t304
30368,q2_t305
30369,q2_t306
30369,q2_t307
30370,q2_t307
30370,q2_t308
30371,q2_t309
30371,q2_t310
30372,q2_t31
30372,q2_t32
30373,q2_t310
30373,q2_t311
30374,q2_t312
30374,q2_t313
30375,q2_t313
30375,q2_t314
30376,q2_t315
30376,q2_t316
30377,q2_t316
30377,q2_t317
30378,q2_t318
30378,q2_t319
30379,q2_t319
30379,q2_t320
30380,q2_t32
30380,q2_t33
30380,q9_t32
30380,q9_t33
30381,q2_t321
30381,q2_t322
30382,q2_t322
30382,q2_t323
30383,q2_t324
30383,q2_t325
30384,q2_t325
30384,q2_t326
30385,q2_t327
30385,q2_t328
30386,q2_t328
30386,q2_t329
30387,q2_t33
30387,q2_t34
30388,q2_t330
30388,q2_t331
30389,q2_t331
30389,q2_t332
30390,q2_t333
30390,q2_t334
30391,q2_t334
30391,q2_t335
30392,q2_t335
30392,q2_t336
30393,q2_t337
30393,q2_t338
30394,q2_t338
30394,q2_t339
30395,q2_t34
30395,q2_t35
30396,q2_t340
30396,q2_t341
30397,q2_t341
30397,q2_t345
30398,q2_t345
30398,q2_t346
30398,q3_t345
30398,q3_t346
30399,q2_t346
30399,q2_t347
30400,q2_t347
30400,q2_t348
30401,q2_t348
30401,q2_t349
30401,q4_t348
30401,q4_t349
30402,q2_t349
30402,q2_t350
30403,q2_t350
30403,q2_t351
30404,q2_t351
30404,q2_t352
30404,q5_t351
30404,q5_t352
30405,q2_t352
30405,q2_t353
30406,q2_t353
30406,q2_t354
30407,q2_t354
30407,q2_t355
30407,q6_t354
30407,q6_t355
30408,q2_t355
30408,q2_t356
30409,q2_t356
30409,q2_t357
30410,q2_t357
30410,q2_t358
30410,q7_t357
30410,q7_t358
30411,q2_t358
30411,q2_t359
30412,q2_t359
30412,q2_t360
30413,q2_t36
30413,q2_t37
30414,q2_t360
30414,q2_t361
30414,q8_t360
30414,q8_t361
30415,q2_t361
30415,q2_t362
30416,q2_t362
30416,q2_t363
30417,q2_t363
30417,q2_t364
30417,q9_t363
30417,q9_t364
30418,q2_t364
30418,q2_t365
30419,q2_t365
30419,q2_t366
30420,q2_t367
30420,q2_t368
30421,q2_t368
30421,q2_t369
30422,q2_t37
30422,q2_t38
30423,q2_t370
30423,q2_t371
30424,q2_t371
30424,q2_t372
30425,q2_t373
30425,q2_t374
30426,q2_t374
30426,q2_t375
30427,q2_t376
30427,q2_t377
30428,q2_t377
30428,q2_t378
30429,q2_t379
30429,q2_t380
30430,q2_t380
30430,q2_t381
30431,q2_t382
30431,q2_t383
30432,q2_t383
30432,q2_t384
30433,q2_t385
30433,q2_t386
30434,q2_t386
30434,q2_t387
30435,q2_t388
30435,q2_t389
30436,q2_t389
30436,q2_t390
30437,q2_t39
30437,q2_t40
30438,q2_t391
30438,q2_t392
30439,q2_t392
30439,q2_t393
30440,q2_t394
30440,q2_t395
30441,q2_t395
30441,q2_t396
30442,q2_t397
30442,q2_t398
30443,q2_t398
30443,q2_t399
30444,q2_t40
30444,q2_t41
30445,q2_t400
30445,q2_t401
30446,q2_t401
30446,q2_t402
30447,q2_t403
30447,q2_t404
30448,q2_t404
30448,q2_t405
30449,q2_t406
30449,q2_t407
30450,q2_t407
30450,q2_t408
30451,q2_t409
30451,q2_t410
30452,q2_t410
30452,q2_t411
30453,q2_t412
30453,q2_t413
30454,q2_t413
30454,q2_t414
30455,q2_t415
30455,q2_t416
30456,q2_t416
30456,q2_t417
30457,q2_t418
30457,q2_t419
30458,q2_t419
30458,q2_t420
30459,q2_t42
30459,q2_t43
30460,q2_t421
30460,q2_t422
30461,q2_t422
30461,q2_t423
30462,q2_t424
30462,q2_t425
30463,q2_t425
30463,q2_t426
30464,q2_t426
30464,q2_t427
30464,q30_t426
30464,q30_t427
30465,q2_t427
30465,q2_t428
30466,q2_t428
30466,q2_t429
30467,q2_t429
30467,q2_t430
30467,q31_t429
30467,q31_t430
30468,q2_t43
30468,q2_t44
30469,q2_t430
30469,q2_t431
30470,q2_t431
30470,q2_t432
30471,q2_t432
30471,q2_t433
30471,q32_t432
30471,q32_t433
30472,q2_t433
30472,q2_t434
30473,q2_t434
30473,q2_t435
30474,q2_t435
30474,q2_t436
30474,q33_t435
30474,q33_t436
30475,q2_t436
30475,q2_t437
30476,q2_t437
30476,q2_t438
30477,q2_t438
30477,q2_t439
30477,q34_t438
30477,q34_t439
30478,q2_t439
30478,q2_t440
30479,q2_t440
30479,q2_t441
30480,q2_t441
30480,q2_t442
30480,q35_t441
30480,q35_t442
30481,q2_t442
30481,q2_t443
30482,q2_t443
30482,q2_t444
30483,q2_t444
30483,q2_t445
30483,q36_t444
30483,q36_t445
30484,q2_t445
30484,q2_t446
30485,q2_t446
30485,q2_t447
30486,q2_t447
30486,q2_t448
30486,q37_t447
30486,q37_t448
30487,q2_t448
30487,q2_t449
30488,q2_t449
30488,q2_t450
30489,q2_t45
30489,q2_t46
30490,q2_t450
30490,q2_t451
30490,q38_t450
30490,q38_t451
30491,q2_t451
30491,q2_t452
30492,q2_t452
30492,q2_t453
30493,q2_t453
30493,q2_t454
30493,q39_t453
30493,q39_t454
30494,q2_t454
30494,q2_t455
30495,q2_t455
30495,q2_t456
30496,q2_t456
30496,q2_t457
30496,q40_t456
30496,q40_t457
30497,q2_t457
30497,q2_t458
30498,q2_t458
30498,q2_t459
30499,q2_t459
30499,q2_t460
30499,q41_t459
30499,q41_t460
30500,q2_t46
30500,q2_t47
30501,q2_t460
30501,q2_t461
30502,q2_t461
30502,q2_t462
30503,q2_t462
30503,q2_t463
30503,q42_t462
30503,q42_t463
30504,q2_t463
30504,q2_t464
30505,q2_t464
30505,q2_t465
30506,q2_t465
30506,q2_t466
30506,q43_t465
30506,q43_t466
30507,q2_t466
30507,q2_t467
30508,q2_t467
30508,q2_t468
30509,q2_t468
30509,q2_t469
30509,q44_t468
30509,q44_t469
30510,q2_t469
30510,q2_t470
30511,q2_t470
30511,q2_t471
30512,q2_t471
30512,q2_t472
30512,q45_t471
30512,q45_t472
30513,q2_t472
30513,q2_t473
30514,q2_t473
30514,q2_t474
30515,q2_t474
30515,q2_t475
30515,q46_t474
30515,q46_t475
30516,q2_t475
30516,q2_t476
30517,q2_t476
30517,q2_t477
30518,q2_t477
30518,q2_t478
30518,q47_t477
30518,q47_t478
30519,q2_t478
30519,q2_t479
30520,q2_t479
30520,q2_t480
30521,q2_t48
30521,q2_t49
30522,q2_t480
30522,q2_t481
30522,q48_t480
30522,q48_t481
30523,q2_t481
30523,q2_t482
30524,q2_t482
30524,q2_t483
30525,q2_t483
30525,q2_t484
30525,q49_t483
30525,q49_t484
30526,q2_t484
30526,q2_t485
30527,q2_t485
30527,q2_t486
30528,q2_t486
30528,q2_t487
30528,q50_t486
30528,q50_t487
30529,q2_t487
30529,q2_t488
30530,q2_t488
30530,q2_t489
30531,q2_t489
30531,q2_t490
30531,q51_t489
30531,q51_t490
30532,q2_t49
30532,q2_t50
30533,q2_t490
30533,q2_t491
30534,q2_t491
30534,q2_t492
30535,q2_t492
30535,q2_t493
30535,q52_t492
30535,q52_t493
30536,q2_t493
30536,q2_t494
30537,q2_t494
30537,q2_t495
30538,q2_t495
30538,q2_t496
30538,q53_t495
30538,q53_t496
30539,q2_t496
30539,q2_t497
30540,q2_t497
30540,q2_t498
30541,q2_t498
30541,q2_t499
30541,q54_t498
30541,q54_t499
30542,q2_t499
30542,q2_t500
30543,q2_t500
30543,q2_t501
30544,q2_t501
30544,q2_t502
30544,q55_t501
30544,q55_t502
30545,q2_t502
30545,q2_t503
30546,q2_t503
30546,q2_t504
30547,q2_t504
30547,q2_t505
30547,q56_t504
30547,q56_t505
30548,q2_t505
30548,q2_t506
30549,q2_t506
30549,q2_t507
30550,q2_t507
30550,q2_t508
30550,q57_t507
30550,q57_t508
30551,q2_t508
30551,q2_t509
30552,q2_t509
30552,q2_t510
30553,q2_t51
30553,q2_t52
30554,q2_t510
30554,q2_t511
30554,q58_t510
30554,q58_t511
30555,q2_t511
30555,q2_t512
30556,q2_t512
30556,q2_t513
30557,q2_t513
30557,q2_t514
30557,q59_t513
30557,q59_t514
30558,q2_t514
30558,q2_t515
30559,q2_t515
30559,q2_t516
30560,q2_t516
30560,q2_t517
30560,q60_t516
30560,q60_t517
30561,q2_t517
30561,q2_t518
30562,q2_t518
30562,q2_t519
30563,q2_t519
30563,q2_t520
30563,q61_t519
30563,q61_t520
30564,q2_t52
30564,q2_t53
30565,q2_t520
30565,q2_t521
30566,q2_t521
30566,q2_t522
30567,q2_t522
30567,q2_t523
30567,q62_t522
30567,q62_t523
30568,q2_t523
30568,q2_t524
30569,q2_t524
30569,q2_t525
30570,q2_t525
30570,q2_t526
30570,q63_t525
30570,q63_t526
30571,q2_t526
30571,q2_t527
30572,q2_t527
30572,q2_t528
30573,q2_t528
30573,q2_t529
30573,q64_t528
30573,q64_t529
30574,q2_t529
30574,q2_t530
30575,q2_t530
30575,q2_t531
30576,q2_t531
30576,q2_t532
30576,q65_t531
30576,q65_t532
30577,q2_t532
30577,q2_t533
30578,q2_t533
30578,q2_t534
30579,q2_t534
30579,q2_t535
30579,q66_t534
30579,q66_t535
30580,q2_t535
30580,q2_t536
30581,q2_t536
30581,q2_t537
30582,q2_t537
30582,q2_t538
30582,q67_t537
30582,q67_t538
30583,q2_t538
30583,q2_t539
30584,q2_t539
30584,q2_t540
30585,q2_t54
30585,q2_t55
30586,q2_t540
30586,q2_t541
30586,q68_t540
30586,q68_t541
30587,q2_t541
30587,q2_t542
30588,q2_t542
30588,q2_t543
30589,q2_t543
30589,q2_t544
30589,q69_t543
30589,q69_t544
30590,q2_t544
30590,q2_t545
30591,q2_t545
30591,q2_t546
30592,q2_t546
30592,q2_t547
30592,q70_t546
30592,q70_t547
30593,q2_t547
30593,q2_t548
30594,q2_t548
30594,q2_t549
30595,q2_t549
30595,q2_t550
30595,q71_t549
30595,q71_t550
30596,q2_t55
30596,q2_t56
30597,q2_t550
30597,q2_t551
30598,q2_t551
30598,q2_t552
30599,q2_t552
30599,q2_t553
30599,q72_t552
30599,q72_t553
30600,q2_t553
30600,q2_t554
30601,q2_t554
30601,q2_t555
30602,q2_t555
30602,q2_t556
30602,q73_t555
30602,q73_t556
30603,q2_t556
30603,q2_t557
30604,q2_t557
30604,q2_t558
30605,q2_t558
30605,q2_t559
30605,q74_t558
30605,q74_t559
30606,q2_t559
30606,q2_t560
30607,q2_t560
30607,q2_t561
30608,q2_t561
30608,q2_t562
30608,q75_t561
30608,q75_t562
30609,q2_t562
30609,q2_t563
30610,q2_t563
30610,q2_t564
30611,q2_t564
30611,q2_t565
30611,q76_t564
30611,q76_t565
30612,q2_t565
30612,q2_t566
30613,q2_t566
30613,q2_t567
30614,q2_t567
30614,q2_t568
30614,q77_t567
30614,q77_t568
30615,q2_t568
30615,q2_t569
30616,q2_t569
30616,q2_t570
30617,q2_t57
30617,q2_t58
30618,q2_t570
30618,q2_t571
30618,q78_t570
30618,q78_t571
30619,q2_t571
30619,q2_t572
30620,q2_t572
30620,q2_t573
30621,q2_t573
30621,q2_t574
30621,q79_t573
30621,q79_t574
30622,q2_t574
30622,q2_t575
30623,q2_t575
30623,q2_t576
30624,q2_t576
30624,q2_t577
30624,q80_t576
30624,q80_t577
30625,q2_t577
30625,q2_t578
30626,q2_t578
30626,q2_t579
30627,q2_t579
30627,q2_t580
30627,q81_t579
30627,q81_t580
30628,q2_t58
30628,q2_t59
30629,q2_t580
30629,q2_t581
30630,q2_t581
30630,q2_t582
30631,q2_t582
30631,q2_t583
30631,q82_t582
30631,q82_t583
30632,q2_t583
30632,q2_t584
30633,q2_t584
30633,q2_t585
30634,q2_t585
30634,q2_t586
30634,q83_t585
30634,q83_t586
30635,q2_t586
30635,q2_t587
30636,q2_t587
30636,q2_t588
30637,q2_t588
30637,q2_t589
30637,q84_t588
30637,q84_t589
30638,q2_t589
30638,q2_t590
30639,q2_t590
30639,q2_t591
30640,q2_t591
30640,q2_t592
30640,q85_t591
30640,q85_t592
30641,q2_t592
30641,q2_t593
30642,q2_t593
30642,q2_t594
30643,q2_t594
30643,q2_t595
30643,q86_t594
30643,q86_t595
30644,q2_t595
30644,q2_t596
30645,q2_t596
30645,q2_t597
30646,q2_t597
30646,q2_t598
30646,q87_t597
30646,q87_t598
30647,q2_t598
30647,q2_t599
30648,q2_t599
30648,q2_t600
30649,q2_t6
30649,q2_t7
30650,q2_t60
30650,q2_t61
30651,q2_t600
30651,q2_t601
30651,q88_t600
30651,q88_t601
30652,q2_t601
30652,q2_t602
30653,q2_t602
30653,q2_t603
30654,q2_t603
30654,q2_t604
30654,q89_t603
30654,q89_t604
30655,q2_t604
30655,q2_t605
30656,q2_t605
30656,q2_t606
30657,q2_t606
30657,q2_t607
30657,q90_t606
30657,q90_t607
30658,q2_t607
30658,q2_t608
30659,q2_t608
30659,q2_t609
30660,q2_t609
30660,q2_t610
30660,q91_t609
30660,q91_t610
30661,q2_t61
30661,q2_t62
30662,q2_t610
30662,q2_t611
30663,q2_t611
30663,q2_t612
30664,q2_t612
30664,q2_t613
30664,q92_t612
30664,q92_t613
30665,q2_t613
30665,q2_t614
30666,q2_t614
30666,q2_t615
30667,q2_t615
30667,q2_t616
30667,q93_t615
30667,q93_t616
30668,q2_t616
30668,q2_t617
30669,q2_t617
30669,q2_t618
30670,q2_t618
30670,q2_t619
30670,q94_t618
30670,q94_t619
30671,q2_t619
30671,q2_t620
30672,q2_t620
30672,q2_t621
30673,q2_t621
30673,q2_t622
30673,q95_t621
30673,q95_t622
30674,q2_t622
30674,q2_t623
30675,q2_t623
30675,q2_t624
30676,q2_t624
30676,q2_t625
30676,q96_t624
30676,q96_t625
30677,q2_t625
30677,q2_t626
30678,q2_t626
30678,q2_t627
30679,q2_t627
30679,q2_t628
30679,q97_t627
30679,q97_t628
30680,q2_t628
30680,q2_t629
30681,q2_t629
30681,q2_t630
30682,q2_t63
30682,q2_t64
30683,q2_t630
30683,q2_t631
30683,q98_t630
30683,q98_t631
30684,q2_t631
30684,q2_t632
30685,q2_t632
30685,q2_t633
30686,q2_t633
30686,q2_t634
30686,q99_t633
30686,q99_t634
30687,q2_t634
30687,q2_t635
30688,q2_t635
30688,q2_t636
30689,q2_t637
30689,q2_t638
30690,q2_t638
30690,q2_t639
30691,q2_t64
30691,q2_t65
30692,q2_t640
30692,q2_t641
30693,q2_t641
30693,q2_t642
30694,q2_t643
30694,q2_t644
30695,q2_t644
30695,q2_t645
30696,q2_t646
30696,q2_t647
30697,q2_t647
30697,q2_t648
30698,q2_t649
30698,q2_t650
30699,q2_t650
30699,q2_t651
30700,q2_t652
30700,q2_t653
30701,q2_t653
30701,q2_t654
30702,q2_t655
30702,q2_t656
30703,q2_t656
30703,q2_t657
30704,q2_t658
30704,q2_t659
30705,q2_t659
30705,q2_t660
30706,q2_t66
30706,q2_t67
30707,q2_t661
30707,q2_t662
30708,q2_t662
30708,q2_t663
30709,q2_t664
30709,q2_t665
30710,q2_t665
30710,q2_t666
30711,q2_t666
30711,q2_t667
30712,q2_t668
30712,q2_t669
30713,q2_t669
30713,q2_t670
30714,q2_t67
30714,q2_t68
30715,q2_t671
30715,q2_t672
30716,q2_t672
30716,q2_t676
30717,q2_t676
30717,q2_t677
30717,q3_t676
30717,q3_t677
30718,q2_t677
30718,q2_t678
30719,q2_t678
30719,q2_t679
30720,q2_t679
30720,q2_t680
30720,q4_t679
30720,q4_t680
30721,q2_t680
30721,q2_t681
30722,q2_t681
30722,q2_t682
30723,q2_t682
30723,q2_t683
30723,q5_t682
30723,q5_t683
30724,q2_t683
30724,q2_t684
30725,q2_t684
30725,q2_t685
30726,q2_t685
30726,q2_t686
30726,q6_t685
30726,q6_t686
30727,q2_t686
30727,q2_t687
30728,q2_t687
30728,q2_t688
30729,q2_t688
30729,q2_t689
30729,q7_t688
30729,q7_t689
30730,q2_t689
30730,q2_t690
30731,q2_t69
30731,q2_t70
30732,q2_t690
30732,q2_t691
30733,q2_t691
30733,q2_t692
30733,q8_t691
30733,q8_t692
30734,q2_t692
30734,q2_t693
30735,q2_t693
30735,q2_t694
30736,q2_t694
30736,q2_t695
30736,q9_t694
30736,q9_t695
30737,q2_t695
30737,q2_t696
30738,q2_t696
30738,q2_t697
30739,q2_t698
30739,q2_t699
30740,q2_t699
30740,q2_t700
30741,q2_t7
30741,q2_t8
30742,q2_t70
30742,q2_t71
30743,q2_t701
30743,q2_t702
30744,q2_t702
30744,q2_t703
30745,q2_t704
30745,q2_t705
30746,q2_t705
30746,q2_t706
30747,q2_t707
30747,q2_t708
30748,q2_t708
30748,q2_t709
30749,q2_t710
30749,q2_t711
30750,q2_t711
30750,q2_t712
30751,q2_t713
30751,q2_t714
30752,q2_t714
30752,q2_t715
30753,q2_t716
30753,q2_t717
30754,q2_t717
30754,q2_t718
30755,q2_t719
30755,q2_t720
30756,q2_t72
30756,q2_t73
30757,q2_t720
30757,q2_t721
30758,q2_t722
30758,q2_t723
30759,q2_t723
30759,q2_t724
30760,q2_t725
30760,q2_t726
30761,q2_t726
30761,q2_t727
30762,q2_t728
30762,q2_t729
30763,q2_t729
30763,q2_t730
30764,q2_t73
30764,q2_t74
30765,q2_t731
30765,q2_t732
30766,q2_t732
30766,q2_t733
30767,q2_t734
30767,q2_t735
30768,q2_t735
30768,q2_t736
30769,q2_t737
30769,q2_t738
30770,q2_t738
30770,q2_t739
30771,q2_t740
30771,q2_t741
30772,q2_t741
30772,q2_t742
30773,q2_t743
30773,q2_t744
30774,q2_t744
30774,q2_t745
30775,q2_t746
30775,q2_t747
30776,q2_t747
30776,q2_t748
30777,q2_t749
30777,q2_t750
30778,q2_t75
30778,q2_t76
30779,q2_t750
30779,q2_t751
30780,q2_t752
30780,q2_t753
30781,q2_t753
30781,q2_t754
30782,q2_t755
30782,q2_t756
30783,q2_t756
30783,q2_t757
30784,q2_t757
30784,q2_t758
30784,q30_t757
30784,q30_t758
30785,q2_t758
30785,q2_t759
30786,q2_t759
30786,q2_t760
30787,q2_t76
30787,q2_t77
30788,q2_t760
30788,q2_t761
30788,q31_t760
30788,q31_t761
30789,q2_t761
30789,q2_t762
30790,q2_t762
30790,q2_t763
30791,q2_t763
30791,q2_t764
30791,q32_t763
30791,q32_t764
30792,q2_t764
30792,q2_t765
30793,q2_t765
30793,q2_t766
30794,q2_t766
30794,q2_t767
30794,q33_t766
30794,q33_t767
30795,q2_t767
30795,q2_t768
30796,q2_t768
30796,q2_t769
30797,q2_t769
30797,q2_t770
30797,q34_t769
30797,q34_t770
30798,q2_t770
30798,q2_t771
30799,q2_t771
30799,q2_t772
30800,q2_t772
30800,q2_t773
30800,q35_t772
30800,q35_t773
30801,q2_t773
30801,q2_t774
30802,q2_t774
30802,q2_t775
30803,q2_t775
30803,q2_t776
30803,q36_t775
30803,q36_t776
30804,q2_t776
30804,q2_t777
30805,q2_t777
30805,q2_t778
30806,q2_t778
30806,q2_t779
30806,q37_t778
30806,q37_t779
30807,q2_t779
30807,q2_t780
30808,q2_t78
30808,q2_t79
30809,q2_t780
30809,q2_t781
30810,q2_t781
30810,q2_t782
30810,q38_t781
30810,q38_t782
30811,q2_t782
30811,q2_t783
30812,q2_t783
30812,q2_t784
30813,q2_t784
30813,q2_t785
30813,q39_t784
30813,q39_t785
30814,q2_t785
30814,q2_t786
30815,q2_t786
30815,q2_t787
30816,q2_t787
30816,q2_t788
30816,q40_t787
30816,q40_t788
30817,q2_t788
30817,q2_t789
30818,q2_t789
30818,q2_t790
30819,q2_t79
30819,q2_t80
30820,q2_t790
30820,q2_t791
30820,q41_t790
30820,q41_t791
30821,q2_t791
30821,q2_t792
30822,q2_t792
30822,q2_t793
30823,q2_t793
30823,q2_t794
30823,q42_t793
30823,q42_t794
30824,q2_t794
30824,q2_t795
30825,q2_t795
30825,q2_t796
30826,q2_t796
30826,q2_t797
30826,q43_t796
30826,q43_t797
30827,q2_t797
30827,q2_t798
30828,q2_t798
30828,q2_t799
30829,q2_t799
30829,q2_t800
30829,q44_t799
30829,q44_t800
30830,q2_t800
30830,q2_t801
30831,q2_t801
30831,q2_t802
30832,q2_t802
30832,q2_t803
30832,q45_t802
30832,q45_t803
30833,q2_t803
30833,q2_t804
30834,q2_t804
30834,q2_t805
30835,q2_t805
30835,q2_t806
30835,q46_t805
30835,q46_t806
30836,q2_t806
30836,q2_t807
30837,q2_t807
30837,q2_t808
30838,q2_t808
30838,q2_t809
30838,q47_t808
30838,q47_t809
30839,q2_t809
30839,q2_t810
30840,q2_t81
30840,q2_t82
30841,q2_t810
30841,q2_t811
30842,q2_t811
30842,q2_t812
30842,q48_t811
30842,q48_t812
30843,q2_t812
30843,q2_t813
30844,q2_t813
30844,q2_t814
30845,q2_t814
30845,q2_t815
30845,q49_t814
30845,q49_t815
30846,q2_t815
30846,q2_t816
30847,q2_t816
30847,q2_t817
30848,q2_t817
30848,q2_t818
30848,q50_t817
30848,q50_t818
30849,q2_t818
30849,q2_t819
30850,q2_t819
30850,q2_t820
30851,q2_t82
30851,q2_t83
30852,q2_t820
30852,q2_t821
30852,q51_t820
30852,q51_t821
30853,q2_t821
30853,q2_t822
30854,q2_t822
30854,q2_t823
30855,q2_t823
30855,q2_t824
30855,q52_t823
30855,q52_t824
30856,q2_t824
30856,q2_t825
30857,q2_t825
30857,q2_t826
30858,q2_t826
30858,q2_t827
30858,q53_t826
30858,q53_t827
30859,q2_t827
30859,q2_t828
30860,q2_t828
30860,q2_t829
30861,q2_t829
30861,q2_t830
30861,q54_t829
30861,q54_t830
30862,q2_t830
30862,q2_t831
30863,q2_t831
30863,q2_t832
30864,q2_t832
30864,q2_t833
30864,q55_t832
30864,q55_t833
30865,q2_t833
30865,q2_t834
30866,q2_t834
30866,q2_t835
30867,q2_t835
30867,q2_t836
30867,q56_t835
30867,q56_t836
30868,q2_t836
30868,q2_t837
30869,q2_t837
30869,q2_t838
30870,q2_t838
30870,q2_t839
30870,q57_t838
30870,q57_t839
30871,q2_t839
30871,q2_t840
30872,q2_t84
30872,q2_t85
30873,q2_t840
30873,q2_t841
30874,q2_t841
30874,q2_t842
30874,q58_t841
30874,q58_t842
30875,q2_t842
30875,q2_t843
30876,q2_t843
30876,q2_t844
30877,q2_t844
30877,q2_t845
30877,q59_t844
30877,q59_t845
30878,q2_t845
30878,q2_t846
30879,q2_t846
30879,q2_t847
30880,q2_t847
30880,q2_t848
30880,q60_t847
30880,q60_t848
30881,q2_t848
30881,q2_t849
30882,q2_t849
30882,q2_t850
30883,q2_t85
30883,q2_t86
30884,q2_t850
30884,q2_t851
30884,q61_t850
30884,q61_t851
30885,q2_t851
30885,q2_t852
30886,q2_t852
30886,q2_t853
30887,q2_t853
30887,q2_t854
30887,q62_t853
30887,q62_t854
30888,q2_t854
30888,q2_t855
30889,q2_t855
30889,q2_t856
30890,q2_t856
30890,q2_t857
30890,q63_t856
30890,q63_t857
30891,q2_t857
30891,q2_t858
30892,q2_t858
30892,q2_t859
30893,q2_t859
30893,q2_t860
30893,q64_t859
30893,q64_t860
30894,q2_t860
30894,q2_t861
30895,q2_t861
30895,q2_t862
30896,q2_t862
30896,q2_t863
30896,q65_t862
30896,q65_t863
30897,q2_t863
30897,q2_t864
30898,q2_t864
30898,q2_t865
30899,q2_t865
30899,q2_t866
30899,q66_t865
30899,q66_t866
30900,q2_t866
30900,q2_t867
30901,q2_t867
30901,q2_t868
30902,q2_t868
30902,q2_t869
30902,q67_t868
30902,q67_t869
30903,q2_t869
30903,q2_t870
30904,q2_t87
30904,q2_t88
30905,q2_t870
30905,q2_t871
30906,q2_t871
30906,q2_t872
30906,q68_t871
30906,q68_t872
30907,q2_t872
30907,q2_t873
30908,q2_t873
30908,q2_t874
30909,q2_t874
30909,q2_t875
30909,q69_t874
30909,q69_t875
30910,q2_t875
30910,q2_t876
30911,q2_t876
30911,q2_t877
30912,q2_t877
30912,q2_t878
30912,q70_t877
30912,q70_t878
30913,q2_t878
30913,q2_t879
30914,q2_t879
30914,q2_t880
30915,q2_t88
30915,q2_t89
30916,q2_t880
30916,q2_t881
30916,q71_t880
30916,q71_t881
30917,q2_t881
30917,q2_t882
30918,q2_t882
30918,q2_t883
30919,q2_t883
30919,q2_t884
30919,q72_t883
30919,q72_t884
30920,q2_t884
30920,q2_t885
30921,q2_t885
30921,q2_t886
30922,q2_t886
30922,q2_t887
30922,q73_t886
30922,q73_t887
30923,q2_t887
30923,q2_t888
30924,q2_t888
30924,q2_t889
30925,q2_t889
30925,q2_t890
30925,q74_t889
30925,q74_t890
30926,q2_t890
30926,q2_t891
30927,q2_t891
30927,q2_t892
30928,q2_t892
30928,q2_t893
30928,q75_t892
30928,q75_t893
30929,q2_t893
30929,q2_t894
30930,q2_t894
30930,q2_t895
30931,q2_t895
30931,q2_t896
30931,q76_t895
30931,q76_t896
30932,q2_t896
30932,q2_t897
30933,q2_t897
30933,q2_t898
30934,q2_t898
30934,q2_t899
30934,q77_t898
30934,q77_t899
30935,q2_t899
30935,q2_t900
30936,q2_t90
30936,q2_t91
30937,q2_t900
30937,q2_t901
30938,q2_t901
30938,q2_t902
30938,q78_t901
30938,q78_t902
30939,q2_t902
30939,q2_t903
30940,q2_t903
30940,q2_t904
30941,q2_t904
30941,q2_t905
30941,q79_t904
30941,q79_t905
30942,q2_t905
30942,q2_t906
30943,q2_t906
30943,q2_t907
30944,q2_t907
30944,q2_t908
30944,q80_t907
30944,q80_t908
30945,q2_t908
30945,q2_t909
30946,q2_t909
30946,q2_t910
30947,q2_t91
30947,q2_t92
30948,q2_t910
30948,q2_t911
30948,q81_t910
30948,q81_t911
30949,q2_t911
30949,q2_t912
30950,q2_t912
30950,q2_t913
30951,q2_t913
30951,q2_t914
30951,q82_t913
30951,q82_t914
30952,q2_t914
30952,q2_t915
30953,q2_t915
30953,q2_t916
30954,q2_t916
30954,q2_t917
30954,q83_t916
30954,q83_t917
30955,q2_t917
30955,q2_t918
30956,q2_t918
30956,q2_t919
30957,q2_t919
30957,q2_t920
30957,q84_t919
30957,q84_t920
30958,q2_t920
30958,q2_t921
30959,q2_t921
30959,q2_t922
30960,q2_t922
30960,q2_t923
30960,q85_t922
30960,q85_t923
30961,q2_t923
30961,q2_t924
30962,q2_t924
30962,q2_t925
30963,q2_t925
30963,q2_t926
30963,q86_t925
30963,q86_t926
30964,q2_t926
30964,q2_t927
30965,q2_t927
30965,q2_t928
30966,q2_t928
30966,q2_t929
30966,q87_t928
30966,q87_t929
30967,q2_t929
30967,q2_t930
30968,q2_t93
30968,q2_t94
30969,q2_t930
30969,q2_t931
30970,q2_t931
30970,q2_t932
30970,q88_t931
30970,q88_t932
30971,q2_t932
30971,q2_t933
30972,q2_t933
30972,q2_t934
30973,q2_t934
30973,q2_t935
30973,q89_t934
30973,q89_t935
30974,q2_t935
30974,q2_t936
30975,q2_t936
30975,q2_t937
30976,q2_t937
30976,q2_t938
30976,q90_t937
30976,q90_t938
30977,q2_t938
30977,q2_t939
30978,q2_t939
30978,q2_t940
30979,q2_t94
30979,q2_t95
30980,q2_t940
30980,q2_t941
30980,q91_t940
30980,q91_t941
30981,q2_t941
30981,q2_t942
30982,q2_t942
30982,q2_t943
30983,q2_t943
30983,q2_t944
30983,q92_t943
30983,q92_t944
30984,q2_t944
30984,q2_t945
30985,q2_t945
30985,q2_t946
30986,q2_t946
30986,q2_t947
30986,q93_t946
30986,q93_t947
30987,q2_t947
30987,q2_t948
30988,q2_t948
30988,q2_t949
30989,q2_t949
30989,q2_t950
30989,q94_t949
30989,q94_t950
30990,q2_t95
30990,q2_t96
30990,q30_t95
30990,q30_t96
30991,q2_t950
30991,q2_t951
30992,q2_t951
30992,q2_t952
30993,q2_t952
30993,q2_t953
30993,q95_t952
30993,q95_t953
30994,q2_t953
30994,q2_t954
30995,q2_t954
30995,q2_t955
30996,q2_t955
30996,q2_t956
30996,q96_t955
30996,q96_t956
30997,q2_t956
30997,q2_t957
30998,q2_t957
30998,q2_t958
30999,q2_t958
30999,q2_t959
30999,q97_t958
30999,q97_t959
31000,q2_t959
31000,q2_t960
31001,q2_t96
31001,q2_t97
31002,q2_t960
31002,q2_t961
31003,q2_t961
31003,q2_t962
31003,q98_t961
31003,q98_t962
31004,q2_t962
31004,q2_t963
31005,q2_t963
31005,q2_t964
31006,q2_t964
31006,q2_t965
31006,q99_t964
31006,q99_t965
31007,q2_t965
31007,q2_t966
31008,q2_t966
31008,q2_t967
31009,q2_t968
31009,q2_t969
31010,q2_t969
31010,q2_t970
31011,q2_t97
31011,q2_t98
31012,q2_t971
31012,q2_t972
31013,q2_t972
31013,q2_t973
31014,q2_t974
31014,q2_t975
31015,q2_t975
31015,q2_t976
31016,q2_t977
31016,q2_t978
31017,q2_t978
31017,q2_t979
31018,q2_t98
31018,q2_t99
31018,q31_t98
31018,q31_t99
31019,q2_t980
31019,q2_t981
31020,q2_t981
31020,q2_t982
31021,q2_t983
31021,q2_t984
31022,q2_t984
31022,q2_t985
31023,q2_t986
31023,q2_t987
31024,q2_t987
31024,q2_t988
31025,q2_t989
31025,q2_t990
31026,q2_t990
31026,q2_t991
31027,q2_t992
31027,q2_t993
31028,q2_t993
31028,q2_t994
31029,q2_t995
31029,q2_t996
31030,q2_t996
31030,q2_t997
31031,q30_t0
31031,q30_t1
31032,q30_t1
31032,q30_t89
31033,q30_t100
31033,q30_t101
31034,q30_t100
31034,q30_t99
31035,q30_t1000
31035,q30_t1001
31035,q83_t1000
31035,q83_t1001
31036,q30_t1000
31036,q30_t999
31037,q30_t1001
31037,q30_t1002
31038,q30_t1002
31038,q30_t1003
31039,q30_t1003
31039,q30_t1004
31039,q84_t1003
31039,q84_t1004
31040,q30_t1004
31040,q30_t1005
31041,q30_t1005
31041,q30_t1006
31042,q30_t1006
31042,q30_t1007
31042,q85_t1006
31042,q85_t1007
31043,q30_t1007
31043,q30_t1008
31044,q30_t1008
31044,q30_t1009
31045,q30_t1009
31045,q30_t1010
31045,q86_t1009
31045,q86_t1010
31046,q30_t101
31046,q30_t102
31046,q4_t101
31046,q4_t102
31047,q30_t1010
31047,q30_t1011
31048,q30_t1011
31048,q30_t1012
31049,q30_t1012
31049,q30_t1013
31049,q87_t1012
31049,q87_t1013
31050,q30_t1013
31050,q30_t1014
31051,q30_t1014
31051,q30_t1015
31052,q30_t1015
31052,q30_t1016
31052,q88_t1015
31052,q88_t1016
31053,q30_t1016
31053,q30_t1017
31054,q30_t1017
31054,q30_t1018
31055,q30_t1018
31055,q30_t1019
31055,q89_t1018
31055,q89_t1019
31056,q30_t1019
31056,q30_t1020
31057,q30_t102
31057,q30_t103
31058,q30_t1020
31058,q30_t1021
31059,q30_t1021
31059,q30_t1022
31059,q90_t1021
31059,q90_t1022
31060,q30_t1022
31060,q30_t1023
31061,q30_t1023
31061,q30_t1024
31062,q30_t1024
31062,q30_t1025
31062,q91_t1024
31062,q91_t1025
31063,q30_t1025
31063,q30_t1026
31064,q30_t1026
31064,q30_t1027
31065,q30_t1027
31065,q30_t1028
31065,q92_t1027
31065,q92_t1028
31066,q30_t1028
31066,q30_t1029
31067,q30_t1029
31067,q30_t1030
31068,q30_t103
31068,q30_t104
31069,q30_t1030
31069,q30_t1031
31069,q93_t1030
31069,q93_t1031
31070,q30_t1031
31070,q30_t1032
31071,q30_t1032
31071,q30_t1033
31072,q30_t1033
31072,q30_t1034
31072,q94_t1033
31072,q94_t1034
31073,q30_t1034
31073,q30_t1035
31074,q30_t1035
31074,q30_t1036
31075,q30_t1036
31075,q30_t1037
31075,q95_t1036
31075,q95_t1037
31076,q30_t1037
31076,q30_t1038
31077,q30_t1038
31077,q30_t1039
31078,q30_t1039
31078,q30_t1040
31078,q96_t1039
31078,q96_t1040
31079,q30_t104
31079,q30_t105
31079,q5_t104
31079,q5_t105
31080,q30_t1040
31080,q30_t1041
31081,q30_t1041
31081,q30_t1042
31082,q30_t1042
31082,q30_t1043
31082,q97_t1042
31082,q97_t1043
31083,q30_t1043
31083,q30_t1044
31084,q30_t1044
31084,q30_t1045
31085,q30_t1045
31085,q30_t1046
31085,q98_t1045
31085,q98_t1046
31086,q30_t1046
31086,q30_t1047
31087,q30_t1047
31087,q30_t1048
31088,q30_t1048
31088,q30_t1049
31088,q99_t1048
31088,q99_t1049
31089,q30_t1049
31089,q30_t1050
31090,q30_t105
31090,q30_t106
31091,q30_t1050
31091,q30_t1051
31092,q30_t1052
31092,q30_t1053
31093,q30_t1053
31093,q30_t1054
31094,q30_t1055
31094,q30_t1056
31095,q30_t1056
31095,q30_t1057
31096,q30_t1058
31096,q30_t1059
31097,q30_t1059
31097,q30_t1060
31098,q30_t106
31098,q30_t107
31099,q30_t1061
31099,q30_t1062
31100,q30_t1062
31100,q30_t1063
31101,q30_t1064
31101,q30_t1065
31102,q30_t1065
31102,q30_t1066
31103,q30_t1067
31103,q30_t1068
31104,q30_t1068
31104,q30_t1069
31105,q30_t107
31105,q30_t108
31105,q6_t107
31105,q6_t108
31106,q30_t1070
31106,q30_t1071
31107,q30_t1071
31107,q30_t1072
31108,q30_t1073
31108,q30_t1074
31109,q30_t1074
31109,q30_t1075
31110,q30_t1076
31110,q30_t1077
31111,q30_t1077
31111,q30_t1078
31112,q30_t1079
31112,q30_t1080
31113,q30_t108
31113,q30_t109
31114,q30_t1080
31114,q30_t1081
31115,q30_t109
31115,q30_t110
31116,q30_t110
31116,q30_t111
31116,q7_t110
31116,q7_t111
31117,q30_t111
31117,q30_t112
31118,q30_t112
31118,q30_t113
31119,q30_t113
31119,q30_t114
31119,q8_t113
31119,q8_t114
31120,q30_t114
31120,q30_t115
31121,q30_t115
31121,q30_t116
31122,q30_t116
31122,q30_t117
31122,q9_t116
31122,q9_t117
31123,q30_t117
31123,q30_t118
31124,q30_t118
31124,q30_t119
31125,q30_t120
31125,q30_t121
31126,q30_t121
31126,q30_t122
31127,q30_t123
31127,q30_t124
31128,q30_t124
31128,q30_t125
31129,q30_t126
31129,q30_t127
31130,q30_t127
31130,q30_t128
31131,q30_t129
31131,q30_t130
31132,q30_t130
31132,q30_t131
31133,q30_t132
31133,q30_t133
31134,q30_t133
31134,q30_t134
31135,q30_t135
31135,q30_t136
31136,q30_t136
31136,q30_t137
31137,q30_t138
31137,q30_t139
31138,q30_t139
31138,q30_t140
31139,q30_t141
31139,q30_t142
31140,q30_t142
31140,q30_t143
31141,q30_t144
31141,q30_t145
31142,q30_t145
31142,q30_t146
31143,q30_t147
31143,q30_t148
31144,q30_t148
31144,q30_t149
31145,q30_t150
31145,q30_t151
31146,q30_t151
31146,q30_t152
31147,q30_t153
31147,q30_t154
31148,q30_t154
31148,q30_t155
31149,q30_t156
31149,q30_t157
31150,q30_t157
31150,q30_t158
31151,q30_t159
31151,q30_t160
31152,q30_t160
31152,q30_t161
31153,q30_t162
31153,q30_t163
31154,q30_t163
31154,q30_t164
31155,q30_t165
31155,q30_t166
31156,q30_t166
31156,q30_t167
31157,q30_t168
31157,q30_t169
31158,q30_t169
31158,q30_t170
31159,q30_t171
31159,q30_t172
31160,q30_t172
31160,q30_t173
31161,q30_t174
31161,q30_t175
31162,q30_t175
31162,q30_t176
31163,q30_t177
31163,q30_t178
31164,q30_t178
31164,q30_t182
31165,q30_t182
31165,q30_t183
31165,q31_t182
31165,q31_t183
31166,q30_t183
31166,q30_t184
31167,q30_t184
31167,q30_t185
31168,q30_t185
31168,q30_t186
31168,q32_t185
31168,q32_t186
31169,q30_t186
31169,q30_t187
31170,q30_t187
31170,q30_t188
31171,q30_t188
31171,q30_t189
31171,q33_t188
31171,q33_t189
31172,q30_t189
31172,q30_t190
31173,q30_t190
31173,q30_t191
31174,q30_t191
31174,q30_t192
31174,q34_t191
31174,q34_t192
31175,q30_t192
31175,q30_t193
31176,q30_t193
31176,q30_t194
31177,q30_t194
31177,q30_t195
31177,q35_t194
31177,q35_t195
31178,q30_t195
31178,q30_t196
31179,q30_t196
31179,q30_t197
31180,q30_t197
31180,q30_t198
31180,q36_t197
31180,q36_t198
31181,q30_t198
31181,q30_t199
31182,q30_t199
31182,q30_t200
31183,q30_t200
31183,q30_t201
31183,q37_t200
31183,q37_t201
31184,q30_t201
31184,q30_t202
31185,q30_t202
31185,q30_t203
31186,q30_t203
31186,q30_t204
31186,q38_t203
31186,q38_t204
31187,q30_t204
31187,q30_t205
31188,q30_t205
31188,q30_t206
31189,q30_t206
31189,q30_t207
31189,q39_t206
31189,q39_t207
31190,q30_t207
31190,q30_t208
31191,q30_t208
31191,q30_t209
31192,q30_t209
31192,q30_t210
31192,q40_t209
31192,q40_t210
31193,q30_t210
31193,q30_t211
31194,q30_t211
31194,q30_t212
31195,q30_t212
31195,q30_t213
31195,q41_t212
31195,q41_t213
31196,q30_t213
31196,q30_t214
31197,q30_t214
31197,q30_t215
31198,q30_t215
31198,q30_t216
31198,q42_t215
31198,q42_t216
31199,q30_t216
31199,q30_t217
31200,q30_t217
31200,q30_t218
31201,q30_t218
31201,q30_t219
31201,q43_t218
31201,q43_t219
31202,q30_t219
31202,q30_t220
31203,q30_t220
31203,q30_t221
31204,q30_t221
31204,q30_t222
31204,q44_t221
31204,q44_t222
31205,q30_t222
31205,q30_t223
31206,q30_t223
31206,q30_t224
31207,q30_t224
31207,q30_t225
31207,q45_t224
31207,q45_t225
31208,q30_t225
31208,q30_t226
31209,q30_t226
31209,q30_t227
31210,q30_t227
31210,q30_t228
31210,q46_t227
31210,q46_t228
31211,q30_t228
31211,q30_t229
31212,q30_t229
31212,q30_t230
31213,q30_t230
31213,q30_t231
31213,q47_t230
31213,q47_t231
31214,q30_t231
31214,q30_t232
31215,q30_t232
31215,q30_t233
31216,q30_t233
31216,q30_t234
31216,q48_t233
31216,q48_t234
31217,q30_t234
31217,q30_t235
31218,q30_t235
31218,q30_t236
31219,q30_t236
31219,q30_t237
31219,q49_t236
31219,q49_t237
31220,q30_t237
31220,q30_t238
31221,q30_t238
31221,q30_t239
31222,q30_t239
31222,q30_t240
31222,q50_t239
31222,q50_t240
31223,q30_t240
31223,q30_t241
31224,q30_t241
31224,q30_t242
31225,q30_t242
31225,q30_t243
31225,q51_t242
31225,q51_t243
31226,q30_t243
31226,q30_t244
31227,q30_t244
31227,q30_t245
31228,q30_t245
31228,q30_t246
31228,q52_t245
31228,q52_t246
31229,q30_t246
31229,q30_t247
31230,q30_t247
31230,q30_t248
31231,q30_t248
31231,q30_t249
31231,q53_t248
31231,q53_t249
31232,q30_t249
31232,q30_t250
31233,q30_t250
31233,q30_t251
31234,q30_t251
31234,q30_t252
31234,q54_t251
31234,q54_t252
31235,q30_t252
31235,q30_t253
31236,q30_t253
31236,q30_t254
31237,q30_t254
31237,q30_t255
31237,q55_t254
31237,q55_t255
31238,q30_t255
31238,q30_t256
31239,q30_t256
31239,q30_t257
31240,q30_t257
31240,q30_t258
31240,q56_t257
31240,q56_t258
31241,q30_t258
31241,q30_t259
31242,q30_t259
31242,q30_t260
31243,q30_t260
31243,q30_t261
31243,q57_t260
31243,q57_t261
31244,q30_t261
31244,q30_t262
31245,q30_t262
31245,q30_t263
31246,q30_t263
31246,q30_t264
31246,q58_t263
31246,q58_t264
31247,q30_t264
31247,q30_t265
31248,q30_t265
31248,q30_t266
31249,q30_t266
31249,q30_t267
31249,q59_t266
31249,q59_t267
31250,q30_t267
31250,q30_t268
31251,q30_t268
31251,q30_t269
31252,q30_t269
31252,q30_t270
31252,q60_t269
31252,q60_t270
31253,q30_t270
31253,q30_t271
31254,q30_t271
31254,q30_t272
31255,q30_t272
31255,q30_t273
31255,q61_t272
31255,q61_t273
31256,q30_t273
31256,q30_t274
31257,q30_t274
31257,q30_t275
31258,q30_t275
31258,q30_t276
31258,q62_t275
31258,q62_t276
31259,q30_t276
31259,q30_t277
31260,q30_t277
31260,q30_t278
31261,q30_t278
31261,q30_t279
31261,q63_t278
31261,q63_t279
31262,q30_t279
31262,q30_t280
31263,q30_t280
31263,q30_t281
31264,q30_t281
31264,q30_t282
31264,q64_t281
31264,q64_t282
31265,q30_t282
31265,q30_t283
31266,q30_t283
31266,q30_t284
31267,q30_t284
31267,q30_t285
31267,q65_t284
31267,q65_t285
31268,q30_t285
31268,q30_t286
31269,q30_t286
31269,q30_t287
31270,q30_t287
31270,q30_t288
31270,q66_t287
31270,q66_t288
31271,q30_t288
31271,q30_t289
31272,q30_t289
31272,q30_t290
31273,q30_t290
31273,q30_t291
31273,q67_t290
31273,q67_t291
31274,q30_t291
31274,q30_t292
31275,q30_t292
31275,q30_t293
31276,q30_t293
31276,q30_t294
31276,q68_t293
31276,q68_t294
31277,q30_t294
31277,q30_t295
31278,q30_t295
31278,q30_t296
31279,q30_t296
31279,q30_t297
31279,q69_t296
31279,q69_t297
31280,q30_t297
31280,q30_t298
31281,q30_t298
31281,q30_t299
31282,q30_t299
31282,q30_t300
31282,q70_t299
31282,q70_t300
31283,q30_t300
31283,q30_t301
31284,q30_t301
31284,q30_t302
31285,q30_t302
31285,q30_t303
31285,q71_t302
31285,q71_t303
31286,q30_t303
31286,q30_t304
31287,q30_t304
31287,q30_t305
31288,q30_t305
31288,q30_t306
31288,q72_t305
31288,q72_t306
31289,q30_t306
31289,q30_t307
31290,q30_t307
31290,q30_t308
31291,q30_t308
31291,q30_t309
31291,q73_t308
31291,q73_t309
31292,q30_t309
31292,q30_t310
31293,q30_t310
31293,q30_t311
31294,q30_t311
31294,q30_t312
31294,q74_t311
31294,q74_t312
31295,q30_t312
31295,q30_t313
31296,q30_t313
31296,q30_t314
31297,q30_t314
31297,q30_t315
31297,q75_t314
31297,q75_t315
31298,q30_t315
31298,q30_t316
31299,q30_t316
31299,q30_t317
31300,q30_t317
31300,q30_t318
31300,q76_t317
31300,q76_t318
31301,q30_t318
31301,q30_t319
31302,q30_t319
31302,q30_t320
31303,q30_t320
31303,q30_t321
31303,q77_t320
31303,q77_t321
31304,q30_t321
31304,q30_t322
31305,q30_t322
31305,q30_t323
31306,q30_t323
31306,q30_t324
31306,q78_t323
31306,q78_t324
31307,q30_t324
31307,q30_t325
31308,q30_t325
31308,q30_t326
31309,q30_t326
31309,q30_t327
31309,q79_t326
31309,q79_t327
31310,q30_t327
31310,q30_t328
31311,q30_t328
31311,q30_t329
31312,q30_t329
31312,q30_t330
31312,q80_t329
31312,q80_t330
31313,q30_t330
31313,q30_t331
31314,q30_t331
31314,q30_t332
31315,q30_t332
31315,q30_t333
31315,q81_t332
31315,q81_t333
31316,q30_t333
31316,q30_t334
31317,q30_t334
31317,q30_t335
31318,q30_t335
31318,q30_t336
31318,q82_t335
31318,q82_t336
31319,q30_t336
31319,q30_t337
31320,q30_t337
31320,q30_t338
31321,q30_t338
31321,q30_t339
31321,q83_t338
31321,q83_t339
31322,q30_t339
31322,q30_t340
31323,q30_t340
31323,q30_t341
31324,q30_t341
31324,q30_t342
31324,q84_t341
31324,q84_t342
31325,q30_t342
31325,q30_t343
31326,q30_t343
31326,q30_t344
31327,q30_t344
31327,q30_t345
31327,q85_t344
31327,q85_t345
31328,q30_t345
31328,q30_t346
31329,q30_t346
31329,q30_t347
31330,q30_t347
31330,q30_t348
31330,q86_t347
31330,q86_t348
31331,q30_t348
31331,q30_t349
31332,q30_t349
31332,q30_t350
31333,q30_t350
31333,q30_t351
31333,q87_t350
31333,q87_t351
31334,q30_t351
31334,q30_t352
31335,q30_t352
31335,q30_t353
31336,q30_t353
31336,q30_t354
31336,q88_t353
31336,q88_t354
31337,q30_t354
31337,q30_t355
31338,q30_t355
31338,q30_t356
31339,q30_t356
31339,q30_t357
31339,q89_t356
31339,q89_t357
31340,q30_t357
31340,q30_t358
31341,q30_t358
31341,q30_t359
31342,q30_t359
31342,q30_t360
31342,q90_t359
31342,q90_t360
31343,q30_t360
31343,q30_t361
31344,q30_t361
31344,q30_t362
31345,q30_t362
31345,q30_t363
31345,q91_t362
31345,q91_t363
31346,q30_t363
31346,q30_t364
31347,q30_t364
31347,q30_t365
31348,q30_t365
31348,q30_t366
31348,q92_t365
31348,q92_t366
31349,q30_t366
31349,q30_t367
31350,q30_t367
31350,q30_t368
31351,q30_t368
31351,q30_t369
31351,q93_t368
31351,q93_t369
31352,q30_t369
31352,q30_t370
31353,q30_t370
31353,q30_t371
31354,q30_t371
31354,q30_t372
31354,q94_t371
31354,q94_t372
31355,q30_t372
31355,q30_t373
31356,q30_t373
31356,q30_t374
31357,q30_t374
31357,q30_t375
31357,q95_t374
31357,q95_t375
31358,q30_t375
31358,q30_t376
31359,q30_t376
31359,q30_t377
31360,q30_t377
31360,q30_t378
31360,q96_t377
31360,q96_t378
31361,q30_t378
31361,q30_t379
31362,q30_t379
31362,q30_t380
31363,q30_t380
31363,q30_t381
31363,q97_t380
31363,q97_t381
31364,q30_t381
31364,q30_t382
31365,q30_t382
31365,q30_t383
31366,q30_t383
31366,q30_t384
31366,q98_t383
31366,q98_t384
31367,q30_t384
31367,q30_t385
31368,q30_t385
31368,q30_t386
31369,q30_t386
31369,q30_t387
31369,q99_t386
31369,q99_t387
31370,q30_t387
31370,q30_t388
31371,q30_t388
31371,q30_t389
31372,q30_t390
31372,q30_t391
31373,q30_t391
31373,q30_t392
31374,q30_t393
31374,q30_t394
31375,q30_t394
31375,q30_t395
31376,q30_t396
31376,q30_t397
31377,q30_t397
31377,q30_t398
31378,q30_t399
31378,q30_t400
31379,q30_t400
31379,q30_t401
31380,q30_t402
31380,q30_t403
31381,q30_t403
31381,q30_t404
31382,q30_t405
31382,q30_t406
31383,q30_t406
31383,q30_t407
31384,q30_t408
31384,q30_t409
31385,q30_t409
31385,q30_t410
31386,q30_t411
31386,q30_t412
31387,q30_t412
31387,q30_t413
31388,q30_t414
31388,q30_t415
31389,q30_t415
31389,q30_t416
31390,q30_t417
31390,q30_t418
31391,q30_t418
31391,q30_t419
31392,q30_t419
31392,q30_t420
31393,q30_t421
31393,q30_t422
31394,q30_t422
31394,q30_t423
31395,q30_t424
31395,q30_t425
31396,q30_t425
31396,q30_t426
31397,q30_t427
31397,q30_t428
31398,q30_t428
31398,q30_t429
31399,q30_t429
31399,q30_t430
31399,q3_t429
31399,q3_t430
31400,q30_t430
31400,q30_t431
31401,q30_t431
31401,q30_t432
31402,q30_t432
31402,q30_t433
31402,q4_t432
31402,q4_t433
31403,q30_t433
31403,q30_t434
31404,q30_t434
31404,q30_t435
31405,q30_t435
31405,q30_t436
31405,q5_t435
31405,q5_t436
31406,q30_t436
31406,q30_t437
31407,q30_t437
31407,q30_t438
31408,q30_t438
31408,q30_t439
31408,q6_t438
31408,q6_t439
31409,q30_t439
31409,q30_t440
31410,q30_t440
31410,q30_t441
31411,q30_t441
31411,q30_t442
31411,q7_t441
31411,q7_t442
31412,q30_t442
31412,q30_t443
31413,q30_t443
31413,q30_t444
31414,q30_t444
31414,q30_t445
31414,q8_t444
31414,q8_t445
31415,q30_t445
31415,q30_t446
31416,q30_t446
31416,q30_t447
31417,q30_t447
31417,q30_t448
31417,q9_t447
31417,q9_t448
31418,q30_t448
31418,q30_t449
31419,q30_t449
31419,q30_t450
31420,q30_t451
31420,q30_t452
31421,q30_t452
31421,q30_t453
31422,q30_t454
31422,q30_t455
31423,q30_t455
31423,q30_t456
31424,q30_t457
31424,q30_t458
31425,q30_t458
31425,q30_t459
31426,q30_t460
31426,q30_t461
31427,q30_t461
31427,q30_t462
31428,q30_t463
31428,q30_t464
31429,q30_t464
31429,q30_t465
31430,q30_t466
31430,q30_t467
31431,q30_t467
31431,q30_t468
31432,q30_t469
31432,q30_t470
31433,q30_t470
31433,q30_t471
31434,q30_t472
31434,q30_t473
31435,q30_t473
31435,q30_t474
31436,q30_t475
31436,q30_t476
31437,q30_t476
31437,q30_t477
31438,q30_t478
31438,q30_t479
31439,q30_t479
31439,q30_t480
31440,q30_t481
31440,q30_t482
31441,q30_t482
31441,q30_t483
31442,q30_t484
31442,q30_t485
31443,q30_t485
31443,q30_t486
31444,q30_t487
31444,q30_t488
31445,q30_t488
31445,q30_t489
31446,q30_t490
31446,q30_t491
31447,q30_t491
31447,q30_t492
31448,q30_t493
31448,q30_t494
31449,q30_t494
31449,q30_t495
31450,q30_t496
31450,q30_t497
31451,q30_t497
31451,q30_t498
31452,q30_t499
31452,q30_t500
31453,q30_t500
31453,q30_t501
31454,q30_t502
31454,q30_t503
31455,q30_t503
31455,q30_t504
31456,q30_t505
31456,q30_t506
31457,q30_t506
31457,q30_t507
31458,q30_t508
31458,q30_t509
31459,q30_t509
31459,q30_t513
31460,q30_t513
31460,q30_t514
31460,q31_t513
31460,q31_t514
31461,q30_t514
31461,q30_t515
31462,q30_t515
31462,q30_t516
31463,q30_t516
31463,q30_t517
31463,q32_t516
31463,q32_t517
31464,q30_t517
31464,q30_t518
31465,q30_t518
31465,q30_t519
31466,q30_t519
31466,q30_t520
31466,q33_t519
31466,q33_t520
31467,q30_t520
31467,q30_t521
31468,q30_t521
31468,q30_t522
31469,q30_t522
31469,q30_t523
31469,q34_t522
31469,q34_t523
31470,q30_t523
31470,q30_t524
31471,q30_t524
31471,q30_t525
31472,q30_t525
31472,q30_t526
31472,q35_t525
31472,q35_t526
31473,q30_t526
31473,q30_t527
31474,q30_t527
31474,q30_t528
31475,q30_t528
31475,q30_t529
31475,q36_t528
31475,q36_t529
31476,q30_t529
31476,q30_t530
31477,q30_t530
31477,q30_t531
31478,q30_t531
31478,q30_t532
31478,q37_t531
31478,q37_t532
31479,q30_t532
31479,q30_t533
31480,q30_t533
31480,q30_t534
31481,q30_t534
31481,q30_t535
31481,q38_t534
31481,q38_t535
31482,q30_t535
31482,q30_t536
31483,q30_t536
31483,q30_t537
31484,q30_t537
31484,q30_t538
31484,q39_t537
31484,q39_t538
31485,q30_t538
31485,q30_t539
31486,q30_t539
31486,q30_t540
31487,q30_t540
31487,q30_t541
31487,q40_t540
31487,q40_t541
31488,q30_t541
31488,q30_t542
31489,q30_t542
31489,q30_t543
31490,q30_t543
31490,q30_t544
31490,q41_t543
31490,q41_t544
31491,q30_t544
31491,q30_t545
31492,q30_t545
31492,q30_t546
31493,q30_t546
31493,q30_t547
31493,q42_t546
31493,q42_t547
31494,q30_t547
31494,q30_t548
31495,q30_t548
31495,q30_t549
31496,q30_t549
31496,q30_t550
31496,q43_t549
31496,q43_t550
31497,q30_t550
31497,q30_t551
31498,q30_t551
31498,q30_t552
31499,q30_t552
31499,q30_t553
31499,q44_t552
31499,q44_t553
31500,q30_t553
31500,q30_t554
31501,q30_t554
31501,q30_t555
31502,q30_t555
31502,q30_t556
31502,q45_t555
31502,q45_t556
31503,q30_t556
31503,q30_t557
31504,q30_t557
31504,q30_t558
31505,q30_t558
31505,q30_t559
31505,q46_t558
31505,q46_t559
31506,q30_t559
31506,q30_t560
31507,q30_t560
31507,q30_t561
31508,q30_t561
31508,q30_t562
31508,q47_t561
31508,q47_t562
31509,q30_t562
31509,q30_t563
31510,q30_t563
31510,q30_t564
31511,q30_t564
31511,q30_t565
31511,q48_t564
31511,q48_t565
31512,q30_t565
31512,q30_t566
31513,q30_t566
31513,q30_t567
31514,q30_t567
31514,q30_t568
31514,q49_t567
31514,q49_t568
31515,q30_t568
31515,q30_t569
31516,q30_t569
31516,q30_t570
31517,q30_t570
31517,q30_t571
31517,q50_t570
31517,q50_t571
31518,q30_t571
31518,q30_t572
31519,q30_t572
31519,q30_t573
31520,q30_t573
31520,q30_t574
31520,q51_t573
31520,q51_t574
31521,q30_t574
31521,q30_t575
31522,q30_t575
31522,q30_t576
31523,q30_t576
31523,q30_t577
31523,q52_t576
31523,q52_t577
31524,q30_t577
31524,q30_t578
31525,q30_t578
31525,q30_t579
31526,q30_t579
31526,q30_t580
31526,q53_t579
31526,q53_t580
31527,q30_t580
31527,q30_t581
31528,q30_t581
31528,q30_t582
31529,q30_t582
31529,q30_t583
31529,q54_t582
31529,q54_t583
31530,q30_t583
31530,q30_t584
31531,q30_t584
31531,q30_t585
31532,q30_t585
31532,q30_t586
31532,q55_t585
31532,q55_t586
31533,q30_t586
31533,q30_t587
31534,q30_t587
31534,q30_t588
31535,q30_t588
31535,q30_t589
31535,q56_t588
31535,q56_t589
31536,q30_t589
31536,q30_t590
31537,q30_t590
31537,q30_t591
31538,q30_t591
31538,q30_t592
31538,q57_t591
31538,q57_t592
31539,q30_t592
31539,q30_t593
31540,q30_t593
31540,q30_t594
31541,q30_t594
31541,q30_t595
31541,q58_t594
31541,q58_t595
31542,q30_t595
31542,q30_t596
31543,q30_t596
31543,q30_t597
31544,q30_t597
31544,q30_t598
31544,q59_t597
31544,q59_t598
31545,q30_t598
31545,q30_t599
31546,q30_t599
31546,q30_t600
31547,q30_t600
31547,q30_t601
31547,q60_t600
31547,q60_t601
31548,q30_t601
31548,q30_t602
31549,q30_t602
31549,q30_t603
31550,q30_t603
31550,q30_t604
31550,q61_t603
31550,q61_t604
31551,q30_t604
31551,q30_t605
31552,q30_t605
31552,q30_t606
31553,q30_t606
31553,q30_t607
31553,q62_t606
31553,q62_t607
31554,q30_t607
31554,q30_t608
31555,q30_t608
31555,q30_t609
31556,q30_t609
31556,q30_t610
31556,q63_t609
31556,q63_t610
31557,q30_t610
31557,q30_t611
31558,q30_t611
31558,q30_t612
31559,q30_t612
31559,q30_t613
31559,q64_t612
31559,q64_t613
31560,q30_t613
31560,q30_t614
31561,q30_t614
31561,q30_t615
31562,q30_t615
31562,q30_t616
31562,q65_t615
31562,q65_t616
31563,q30_t616
31563,q30_t617
31564,q30_t617
31564,q30_t618
31565,q30_t618
31565,q30_t619
31565,q66_t618
31565,q66_t619
31566,q30_t619
31566,q30_t620
31567,q30_t620
31567,q30_t621
31568,q30_t621
31568,q30_t622
31568,q67_t621
31568,q67_t622
31569,q30_t622
31569,q30_t623
31570,q30_t623
31570,q30_t624
31571,q30_t624
31571,q30_t625
31571,q68_t624
31571,q68_t625
31572,q30_t625
31572,q30_t626
31573,q30_t626
31573,q30_t627
31574,q30_t627
31574,q30_t628
31574,q69_t627
31574,q69_t628
31575,q30_t628
31575,q30_t629
31576,q30_t629
31576,q30_t630
31577,q30_t630
31577,q30_t631
31577,q70_t630
31577,q70_t631
31578,q30_t631
31578,q30_t632
31579,q30_t632
31579,q30_t633
31580,q30_t633
31580,q30_t634
31580,q71_t633
31580,q71_t634
31581,q30_t634
31581,q30_t635
31582,q30_t635
31582,q30_t636
31583,q30_t636
31583,q30_t637
31583,q72_t636
31583,q72_t637
31584,q30_t637
31584,q30_t638
31585,q30_t638
31585,q30_t639
31586,q30_t639
31586,q30_t640
31586,q73_t639
31586,q73_t640
31587,q30_t640
31587,q30_t641
31588,q30_t641
31588,q30_t642
31589,q30_t642
31589,q30_t643
31589,q74_t642
31589,q74_t643
31590,q30_t643
31590,q30_t644
31591,q30_t644
31591,q30_t645
31592,q30_t645
31592,q30_t646
31592,q75_t645
31592,q75_t646
31593,q30_t646
31593,q30_t647
31594,q30_t647
31594,q30_t648
31595,q30_t648
31595,q30_t649
31595,q76_t648
31595,q76_t649
31596,q30_t649
31596,q30_t650
31597,q30_t650
31597,q30_t651
31598,q30_t651
31598,q30_t652
31598,q77_t651
31598,q77_t652
31599,q30_t652
31599,q30_t653
31600,q30_t653
31600,q30_t654
31601,q30_t654
31601,q30_t655
31601,q78_t654
31601,q78_t655
31602,q30_t655
31602,q30_t656
31603,q30_t656
31603,q30_t657
31604,q30_t657
31604,q30_t658
31604,q79_t657
31604,q79_t658
31605,q30_t658
31605,q30_t659
31606,q30_t659
31606,q30_t660
31607,q30_t660
31607,q30_t661
31607,q80_t660
31607,q80_t661
31608,q30_t661
31608,q30_t662
31609,q30_t662
31609,q30_t663
31610,q30_t663
31610,q30_t664
31610,q81_t663
31610,q81_t664
31611,q30_t664
31611,q30_t665
31612,q30_t665
31612,q30_t666
31613,q30_t666
31613,q30_t667
31613,q82_t666
31613,q82_t667
31614,q30_t667
31614,q30_t668
31615,q30_t668
31615,q30_t669
31616,q30_t669
31616,q30_t670
31616,q83_t669
31616,q83_t670
31617,q30_t670
31617,q30_t671
31618,q30_t671
31618,q30_t672
31619,q30_t672
31619,q30_t673
31619,q84_t672
31619,q84_t673
31620,q30_t673
31620,q30_t674
31621,q30_t674
31621,q30_t675
31622,q30_t675
31622,q30_t676
31622,q85_t675
31622,q85_t676
31623,q30_t676
31623,q30_t677
31624,q30_t677
31624,q30_t678
31625,q30_t678
31625,q30_t679
31625,q86_t678
31625,q86_t679
31626,q30_t679
31626,q30_t680
31627,q30_t680
31627,q30_t681
31628,q30_t681
31628,q30_t682
31628,q87_t681
31628,q87_t682
31629,q30_t682
31629,q30_t683
31630,q30_t683
31630,q30_t684
31631,q30_t684
31631,q30_t685
31631,q88_t684
31631,q88_t685
31632,q30_t685
31632,q30_t686
31633,q30_t686
31633,q30_t687
31634,q30_t687
31634,q30_t688
31634,q89_t687
31634,q89_t688
31635,q30_t688
31635,q30_t689
31636,q30_t689
31636,q30_t690
31637,q30_t690
31637,q30_t691
31637,q90_t690
31637,q90_t691
31638,q30_t691
31638,q30_t692
31639,q30_t692
31639,q30_t693
31640,q30_t693
31640,q30_t694
31640,q91_t693
31640,q91_t694
31641,q30_t694
31641,q30_t695
31642,q30_t695
31642,q30_t696
31643,q30_t696
31643,q30_t697
31643,q92_t696
31643,q92_t697
31644,q30_t697
31644,q30_t698
31645,q30_t698
31645,q30_t699
31646,q30_t699
31646,q30_t700
31646,q93_t699
31646,q93_t700
31647,q30_t700
31647,q30_t701
31648,q30_t701
31648,q30_t702
31649,q30_t702
31649,q30_t703
31649,q94_t702
31649,q94_t703
31650,q30_t703
31650,q30_t704
31651,q30_t704
31651,q30_t705
31652,q30_t705
31652,q30_t706
31652,q95_t705
31652,q95_t706
31653,q30_t706
31653,q30_t707
31654,q30_t707
31654,q30_t708
31655,q30_t708
31655,q30_t709
31655,q96_t708
31655,q96_t709
31656,q30_t709
31656,q30_t710
31657,q30_t710
31657,q30_t711
31658,q30_t711
31658,q30_t712
31658,q97_t711
31658,q97_t712
31659,q30_t712
31659,q30_t713
31660,q30_t713
31660,q30_t714
31661,q30_t714
31661,q30_t715
31661,q98_t714
31661,q98_t715
31662,q30_t715
31662,q30_t716
31663,q30_t716
31663,q30_t717
31664,q30_t717
31664,q30_t718
31664,q99_t717
31664,q99_t718
31665,q30_t718
31665,q30_t719
31666,q30_t719
31666,q30_t720
31667,q30_t721
31667,q30_t722
31668,q30_t722
31668,q30_t723
31669,q30_t724
31669,q30_t725
31670,q30_t725
31670,q30_t726
31671,q30_t727
31671,q30_t728
31672,q30_t728
31672,q30_t729
31673,q30_t730
31673,q30_t731
31674,q30_t731
31674,q30_t732
31675,q30_t733
31675,q30_t734
31676,q30_t734
31676,q30_t735
31677,q30_t736
31677,q30_t737
31678,q30_t737
31678,q30_t738
31679,q30_t739
31679,q30_t740
31680,q30_t740
31680,q30_t741
31681,q30_t742
31681,q30_t743
31682,q30_t743
31682,q30_t744
31683,q30_t745
31683,q30_t746
31684,q30_t746
31684,q30_t747
31685,q30_t748
31685,q30_t749
31686,q30_t749
31686,q30_t750
31687,q30_t750
31687,q30_t751
31688,q30_t752
31688,q30_t753
31689,q30_t753
31689,q30_t754
31690,q30_t755
31690,q30_t756
31691,q30_t756
31691,q30_t757
31692,q30_t758
31692,q30_t759
31693,q30_t759
31693,q30_t760
31694,q30_t760
31694,q30_t761
31694,q3_t760
31694,q3_t761
31695,q30_t761
31695,q30_t762
31696,q30_t762
31696,q30_t763
31697,q30_t763
31697,q30_t764
31697,q4_t763
31697,q4_t764
31698,q30_t764
31698,q30_t765
31699,q30_t765
31699,q30_t766
31700,q30_t766
31700,q30_t767
31700,q5_t766
31700,q5_t767
31701,q30_t767
31701,q30_t768
31702,q30_t768
31702,q30_t769
31703,q30_t769
31703,q30_t770
31703,q6_t769
31703,q6_t770
31704,q30_t770
31704,q30_t771
31705,q30_t771
31705,q30_t772
31706,q30_t772
31706,q30_t773
31706,q7_t772
31706,q7_t773
31707,q30_t773
31707,q30_t774
31708,q30_t774
31708,q30_t775
31709,q30_t775
31709,q30_t776
31709,q8_t775
31709,q8_t776
31710,q30_t776
31710,q30_t777
31711,q30_t777
31711,q30_t778
31712,q30_t778
31712,q30_t779
31712,q9_t778
31712,q9_t779
31713,q30_t779
31713,q30_t780
31714,q30_t780
31714,q30_t781
31715,q30_t782
31715,q30_t783
31716,q30_t783
31716,q30_t784
31717,q30_t785
31717,q30_t786
31718,q30_t786
31718,q30_t787
31719,q30_t788
31719,q30_t789
31720,q30_t789
31720,q30_t790
31721,q30_t791
31721,q30_t792
31722,q30_t792
31722,q30_t793
31723,q30_t794
31723,q30_t795
31724,q30_t795
31724,q30_t796
31725,q30_t797
31725,q30_t798
31726,q30_t798
31726,q30_t799
31727,q30_t800
31727,q30_t801
31728,q30_t801
31728,q30_t802
31729,q30_t803
31729,q30_t804
31730,q30_t804
31730,q30_t805
31731,q30_t806
31731,q30_t807
31732,q30_t807
31732,q30_t808
31733,q30_t809
31733,q30_t810
31734,q30_t810
31734,q30_t811
31735,q30_t812
31735,q30_t813
31736,q30_t813
31736,q30_t814
31737,q30_t815
31737,q30_t816
31738,q30_t816
31738,q30_t817
31739,q30_t818
31739,q30_t819
31740,q30_t819
31740,q30_t820
31741,q30_t821
31741,q30_t822
31742,q30_t822
31742,q30_t823
31743,q30_t824
31743,q30_t825
31744,q30_t825
31744,q30_t826
31745,q30_t827
31745,q30_t828
31746,q30_t828
31746,q30_t829
31747,q30_t830
31747,q30_t831
31748,q30_t831
31748,q30_t832
31749,q30_t833
31749,q30_t834
31750,q30_t834
31750,q30_t835
31751,q30_t836
31751,q30_t837
31752,q30_t837
31752,q30_t838
31753,q30_t839
31753,q30_t840
31754,q30_t840
31754,q30_t844
31755,q30_t844
31755,q30_t845
31755,q31_t844
31755,q31_t845
31756,q30_t845
31756,q30_t846
31757,q30_t846
31757,q30_t847
31758,q30_t847
31758,q30_t848
31758,q32_t847
31758,q32_t848
31759,q30_t848
31759,q30_t849
31760,q30_t849
31760,q30_t850
31761,q30_t850
31761,q30_t851
31761,q33_t850
31761,q33_t851
31762,q30_t851
31762,q30_t852
31763,q30_t852
31763,q30_t853
31764,q30_t853
31764,q30_t854
31764,q34_t853
31764,q34_t854
31765,q30_t854
31765,q30_t855
31766,q30_t855
31766,q30_t856
31767,q30_t856
31767,q30_t857
31767,q35_t856
31767,q35_t857
31768,q30_t857
31768,q30_t858
31769,q30_t858
31769,q30_t859
31770,q30_t859
31770,q30_t860
31770,q36_t859
31770,q36_t860
31771,q30_t860
31771,q30_t861
31772,q30_t861
31772,q30_t862
31773,q30_t862
31773,q30_t863
31773,q37_t862
31773,q37_t863
31774,q30_t863
31774,q30_t864
31775,q30_t864
31775,q30_t865
31776,q30_t865
31776,q30_t866
31776,q38_t865
31776,q38_t866
31777,q30_t866
31777,q30_t867
31778,q30_t867
31778,q30_t868
31779,q30_t868
31779,q30_t869
31779,q39_t868
31779,q39_t869
31780,q30_t869
31780,q30_t870
31781,q30_t870
31781,q30_t871
31782,q30_t871
31782,q30_t872
31782,q40_t871
31782,q40_t872
31783,q30_t872
31783,q30_t873
31784,q30_t873
31784,q30_t874
31785,q30_t874
31785,q30_t875
31785,q41_t874
31785,q41_t875
31786,q30_t875
31786,q30_t876
31787,q30_t876
31787,q30_t877
31788,q30_t877
31788,q30_t878
31788,q42_t877
31788,q42_t878
31789,q30_t878
31789,q30_t879
31790,q30_t879
31790,q30_t880
31791,q30_t880
31791,q30_t881
31791,q43_t880
31791,q43_t881
31792,q30_t881
31792,q30_t882
31793,q30_t882
31793,q30_t883
31794,q30_t883
31794,q30_t884
31794,q44_t883
31794,q44_t884
31795,q30_t884
31795,q30_t885
31796,q30_t885
31796,q30_t886
31797,q30_t886
31797,q30_t887
31797,q45_t886
31797,q45_t887
31798,q30_t887
31798,q30_t888
31799,q30_t888
31799,q30_t889
31800,q30_t889
31800,q30_t890
31800,q46_t889
31800,q46_t890
31801,q30_t890
31801,q30_t891
31802,q30_t891
31802,q30_t892
31803,q30_t892
31803,q30_t893
31803,q47_t892
31803,q47_t893
31804,q30_t893
31804,q30_t894
31805,q30_t894
31805,q30_t895
31806,q30_t895
31806,q30_t896
31806,q48_t895
31806,q48_t896
31807,q30_t896
31807,q30_t897
31808,q30_t897
31808,q30_t898
31809,q30_t898
31809,q30_t899
31809,q49_t898
31809,q49_t899
31810,q30_t899
31810,q30_t900
31811,q30_t90
31811,q30_t91
31812,q30_t900
31812,q30_t901
31813,q30_t901
31813,q30_t902
31813,q50_t901
31813,q50_t902
31814,q30_t902
31814,q30_t903
31815,q30_t903
31815,q30_t904
31816,q30_t904
31816,q30_t905
31816,q51_t904
31816,q51_t905
31817,q30_t905
31817,q30_t906
31818,q30_t906
31818,q30_t907
31819,q30_t907
31819,q30_t908
31819,q52_t907
31819,q52_t908
31820,q30_t908
31820,q30_t909
31821,q30_t909
31821,q30_t910
31822,q30_t91
31822,q30_t92
31823,q30_t910
31823,q30_t911
31823,q53_t910
31823,q53_t911
31824,q30_t911
31824,q30_t912
31825,q30_t912
31825,q30_t913
31826,q30_t913
31826,q30_t914
31826,q54_t913
31826,q54_t914
31827,q30_t914
31827,q30_t915
31828,q30_t915
31828,q30_t916
31829,q30_t916
31829,q30_t917
31829,q55_t916
31829,q55_t917
31830,q30_t917
31830,q30_t918
31831,q30_t918
31831,q30_t919
31832,q30_t919
31832,q30_t920
31832,q56_t919
31832,q56_t920
31833,q30_t920
31833,q30_t921
31834,q30_t921
31834,q30_t922
31835,q30_t922
31835,q30_t923
31835,q57_t922
31835,q57_t923
31836,q30_t923
31836,q30_t924
31837,q30_t924
31837,q30_t925
31838,q30_t925
31838,q30_t926
31838,q58_t925
31838,q58_t926
31839,q30_t926
31839,q30_t927
31840,q30_t927
31840,q30_t928
31841,q30_t928
31841,q30_t929
31841,q59_t928
31841,q59_t929
31842,q30_t929
31842,q30_t930
31843,q30_t93
31843,q30_t94
31844,q30_t930
31844,q30_t931
31845,q30_t931
31845,q30_t932
31845,q60_t931
31845,q60_t932
31846,q30_t932
31846,q30_t933
31847,q30_t933
31847,q30_t934
31848,q30_t934
31848,q30_t935
31848,q61_t934
31848,q61_t935
31849,q30_t935
31849,q30_t936
31850,q30_t936
31850,q30_t937
31851,q30_t937
31851,q30_t938
31851,q62_t937
31851,q62_t938
31852,q30_t938
31852,q30_t939
31853,q30_t939
31853,q30_t940
31854,q30_t94
31854,q30_t95
31855,q30_t940
31855,q30_t941
31855,q63_t940
31855,q63_t941
31856,q30_t941
31856,q30_t942
31857,q30_t942
31857,q30_t943
31858,q30_t943
31858,q30_t944
31858,q64_t943
31858,q64_t944
31859,q30_t944
31859,q30_t945
31860,q30_t945
31860,q30_t946
31861,q30_t946
31861,q30_t947
31861,q65_t946
31861,q65_t947
31862,q30_t947
31862,q30_t948
31863,q30_t948
31863,q30_t949
31864,q30_t949
31864,q30_t950
31864,q66_t949
31864,q66_t950
31865,q30_t950
31865,q30_t951
31866,q30_t951
31866,q30_t952
31867,q30_t952
31867,q30_t953
31867,q67_t952
31867,q67_t953
31868,q30_t953
31868,q30_t954
31869,q30_t954
31869,q30_t955
31870,q30_t955
31870,q30_t956
31870,q68_t955
31870,q68_t956
31871,q30_t956
31871,q30_t957
31872,q30_t957
31872,q30_t958
31873,q30_t958
31873,q30_t959
31873,q69_t958
31873,q69_t959
31874,q30_t959
31874,q30_t960
31875,q30_t96
31875,q30_t97
31876,q30_t960
31876,q30_t961
31877,q30_t961
31877,q30_t962
31877,q70_t961
31877,q70_t962
31878,q30_t962
31878,q30_t963
31879,q30_t963
31879,q30_t964
31880,q30_t964
31880,q30_t965
31880,q71_t964
31880,q71_t965
31881,q30_t965
31881,q30_t966
31882,q30_t966
31882,q30_t967
31883,q30_t967
31883,q30_t968
31883,q72_t967
31883,q72_t968
31884,q30_t968
31884,q30_t969
31885,q30_t969
31885,q30_t970
31886,q30_t97
31886,q30_t98
31887,q30_t970
31887,q30_t971
31887,q73_t970
31887,q73_t971
31888,q30_t971
31888,q30_t972
31889,q30_t972
31889,q30_t973
31890,q30_t973
31890,q30_t974
31890,q74_t973
31890,q74_t974
31891,q30_t974
31891,q30_t975
31892,q30_t975
31892,q30_t976
31893,q30_t976
31893,q30_t977
31893,q75_t976
31893,q75_t977
31894,q30_t977
31894,q30_t978
31895,q30_t978
31895,q30_t979
31896,q30_t979
31896,q30_t980
31896,q76_t979
31896,q76_t980
31897,q30_t98
31897,q30_t99
31897,q3_t98
31897,q3_t99
31898,q30_t980
31898,q30_t981
31899,q30_t981
31899,q30_t982
31900,q30_t982
31900,q30_t983
31900,q77_t982
31900,q77_t983
31901,q30_t983
31901,q30_t984
31902,q30_t984
31902,q30_t985
31903,q30_t985
31903,q30_t986
31903,q78_t985
31903,q78_t986
31904,q30_t986
31904,q30_t987
31905,q30_t987
31905,q30_t988
31906,q30_t988
31906,q30_t989
31906,q79_t988
31906,q79_t989
31907,q30_t989
31907,q30_t990
31908,q30_t990
31908,q30_t991
31909,q30_t991
31909,q30_t992
31909,q80_t991
31909,q80_t992
31910,q30_t992
31910,q30_t993
31911,q30_t993
31911,q30_t994
31912,q30_t994
31912,q30_t995
31912,q81_t994
31912,q81_t995
31913,q30_t995
31913,q30_t996
31914,q30_t996
31914,q30_t997
31915,q30_t997
31915,q30_t998
31915,q82_t997
31915,q82_t998
31916,q30_t998
31916,q30_t999
31917,q31_t0
31917,q31_t1
31918,q31_t1
31918,q31_t92
31919,q31_t100
31919,q31_t101
31920,q31_t100
31920,q31_t99
31921,q31_t1000
31921,q31_t1001
31921,q82_t1000
31921,q82_t1001
31922,q31_t1000
31922,q31_t999
31923,q31_t1001
31923,q31_t1002
31924,q31_t1002
31924,q31_t1003
31925,q31_t1003
31925,q31_t1004
31925,q83_t1003
31925,q83_t1004
31926,q31_t1004
31926,q31_t1005
31927,q31_t1005
31927,q31_t1006
31928,q31_t1006
31928,q31_t1007
31928,q84_t1006
31928,q84_t1007
31929,q31_t1007
31929,q31_t1008
31930,q31_t1008
31930,q31_t1009
31931,q31_t1009
31931,q31_t1010
31931,q85_t1009
31931,q85_t1010
31932,q31_t101
31932,q31_t102
31932,q3_t101
31932,q3_t102
31933,q31_t1010
31933,q31_t1011
31934,q31_t1011
31934,q31_t1012
31935,q31_t1012
31935,q31_t1013
31935,q86_t1012
31935,q86_t1013
31936,q31_t1013
31936,q31_t1014
31937,q31_t1014
31937,q31_t1015
31938,q31_t1015
31938,q31_t1016
31938,q87_t1015
31938,q87_t1016
31939,q31_t1016
31939,q31_t1017
31940,q31_t1017
31940,q31_t1018
31941,q31_t1018
31941,q31_t1019
31941,q88_t1018
31941,q88_t1019
31942,q31_t1019
31942,q31_t1020
31943,q31_t102
31943,q31_t103
31944,q31_t1020
31944,q31_t1021
31945,q31_t1021
31945,q31_t1022
31945,q89_t1021
31945,q89_t1022
31946,q31_t1022
31946,q31_t1023
31947,q31_t1023
31947,q31_t1024
31948,q31_t1024
31948,q31_t1025
31948,q90_t1024
31948,q90_t1025
31949,q31_t1025
31949,q31_t1026
31950,q31_t1026
31950,q31_t1027
31951,q31_t1027
31951,q31_t1028
31951,q91_t1027
31951,q91_t1028
31952,q31_t1028
31952,q31_t1029
31953,q31_t1029
31953,q31_t1030
31954,q31_t103
31954,q31_t104
31955,q31_t1030
31955,q31_t1031
31955,q92_t1030
31955,q92_t1031
31956,q31_t1031
31956,q31_t1032
31957,q31_t1032
31957,q31_t1033
31958,q31_t1033
31958,q31_t1034
31958,q93_t1033
31958,q93_t1034
31959,q31_t1034
31959,q31_t1035
31960,q31_t1035
31960,q31_t1036
31961,q31_t1036
31961,q31_t1037
31961,q94_t1036
31961,q94_t1037
31962,q31_t1037
31962,q31_t1038
31963,q31_t1038
31963,q31_t1039
31964,q31_t1039
31964,q31_t1040
31964,q95_t1039
31964,q95_t1040
31965,q31_t104
31965,q31_t105
31965,q4_t104
31965,q4_t105
31966,q31_t1040
31966,q31_t1041
31967,q31_t1041
31967,q31_t1042
31968,q31_t1042
31968,q31_t1043
31968,q96_t1042
31968,q96_t1043
31969,q31_t1043
31969,q31_t1044
31970,q31_t1044
31970,q31_t1045
31971,q31_t1045
31971,q31_t1046
31971,q97_t1045
31971,q97_t1046
31972,q31_t1046
31972,q31_t1047
31973,q31_t1047
31973,q31_t1048
31974,q31_t1048
31974,q31_t1049
31974,q98_t1048
31974,q98_t1049
31975,q31_t1049
31975,q31_t1050
31976,q31_t105
31976,q31_t106
31977,q31_t1050
31977,q31_t1051
31978,q31_t1051
31978,q31_t1052
31978,q99_t1051
31978,q99_t1052
31979,q31_t1052
31979,q31_t1053
31980,q31_t1053
31980,q31_t1054
31981,q31_t1055
31981,q31_t1056
31982,q31_t1056
31982,q31_t1057
31983,q31_t1058
31983,q31_t1059
31984,q31_t1059
31984,q31_t1060
31985,q31_t106
31985,q31_t107
31986,q31_t1061
31986,q31_t1062
31987,q31_t1062
31987,q31_t1063
31988,q31_t1064
31988,q31_t1065
31989,q31_t1065
31989,q31_t1066
31990,q31_t1067
31990,q31_t1068
31991,q31_t1068
31991,q31_t1069
31992,q31_t107
31992,q31_t108
31992,q5_t107
31992,q5_t108
31993,q31_t1070
31993,q31_t1071
31994,q31_t1071
31994,q31_t1072
31995,q31_t1073
31995,q31_t1074
31996,q31_t1074
31996,q31_t1075
31997,q31_t1076
31997,q31_t1077
31998,q31_t1077
31998,q31_t1078
31999,q31_t1079
31999,q31_t1080
32000,q31_t108
32000,q31_t109
32001,q31_t1080
32001,q31_t1081
32002,q31_t1082
32002,q31_t1083
32003,q31_t1083
32003,q31_t1084
32004,q31_t109
32004,q31_t110
32005,q31_t110
32005,q31_t111
32005,q6_t110
32005,q6_t111
32006,q31_t111
32006,q31_t112
32007,q31_t112
32007,q31_t113
32008,q31_t113
32008,q31_t114
32008,q7_t113
32008,q7_t114
32009,q31_t114
32009,q31_t115
32010,q31_t115
32010,q31_t116
32011,q31_t116
32011,q31_t117
32011,q8_t116
32011,q8_t117
32012,q31_t117
32012,q31_t118
32013,q31_t118
32013,q31_t119
32014,q31_t119
32014,q31_t120
32014,q9_t119
32014,q9_t120
32015,q31_t120
32015,q31_t121
32016,q31_t121
32016,q31_t122
32017,q31_t123
32017,q31_t124
32018,q31_t124
32018,q31_t125
32019,q31_t126
32019,q31_t127
32020,q31_t127
32020,q31_t128
32021,q31_t129
32021,q31_t130
32022,q31_t130
32022,q31_t131
32023,q31_t132
32023,q31_t133
32024,q31_t133
32024,q31_t134
32025,q31_t135
32025,q31_t136
32026,q31_t136
32026,q31_t137
32027,q31_t138
32027,q31_t139
32028,q31_t139
32028,q31_t140
32029,q31_t141
32029,q31_t142
32030,q31_t142
32030,q31_t143
32031,q31_t144
32031,q31_t145
32032,q31_t145
32032,q31_t146
32033,q31_t147
32033,q31_t148
32034,q31_t148
32034,q31_t149
32035,q31_t150
32035,q31_t151
32036,q31_t151
32036,q31_t152
32037,q31_t153
32037,q31_t154
32038,q31_t154
32038,q31_t155
32039,q31_t156
32039,q31_t157
32040,q31_t157
32040,q31_t158
32041,q31_t159
32041,q31_t160
32042,q31_t160
32042,q31_t161
32043,q31_t162
32043,q31_t163
32044,q31_t163
32044,q31_t164
32045,q31_t165
32045,q31_t166
32046,q31_t166
32046,q31_t167
32047,q31_t168
32047,q31_t169
32048,q31_t169
32048,q31_t170
32049,q31_t171
32049,q31_t172
32050,q31_t172
32050,q31_t173
32051,q31_t174
32051,q31_t175
32052,q31_t175
32052,q31_t176
32053,q31_t177
32053,q31_t178
32054,q31_t178
32054,q31_t179
32055,q31_t180
32055,q31_t181
32056,q31_t181
32056,q31_t182
32057,q31_t183
32057,q31_t184
32058,q31_t184
32058,q31_t188
32059,q31_t188
32059,q31_t189
32059,q32_t188
32059,q32_t189
32060,q31_t189
32060,q31_t190
32061,q31_t190
32061,q31_t191
32062,q31_t191
32062,q31_t192
32062,q33_t191
32062,q33_t192
32063,q31_t192
32063,q31_t193
32064,q31_t193
32064,q31_t194
32065,q31_t194
32065,q31_t195
32065,q34_t194
32065,q34_t195
32066,q31_t195
32066,q31_t196
32067,q31_t196
32067,q31_t197
32068,q31_t197
32068,q31_t198
32068,q35_t197
32068,q35_t198
32069,q31_t198
32069,q31_t199
32070,q31_t199
32070,q31_t200
32071,q31_t200
32071,q31_t201
32071,q36_t200
32071,q36_t201
32072,q31_t201
32072,q31_t202
32073,q31_t202
32073,q31_t203
32074,q31_t203
32074,q31_t204
32074,q37_t203
32074,q37_t204
32075,q31_t204
32075,q31_t205
32076,q31_t205
32076,q31_t206
32077,q31_t206
32077,q31_t207
32077,q38_t206
32077,q38_t207
32078,q31_t207
32078,q31_t208
32079,q31_t208
32079,q31_t209
32080,q31_t209
32080,q31_t210
32080,q39_t209
32080,q39_t210
32081,q31_t210
32081,q31_t211
32082,q31_t211
32082,q31_t212
32083,q31_t212
32083,q31_t213
32083,q40_t212
32083,q40_t213
32084,q31_t213
32084,q31_t214
32085,q31_t214
32085,q31_t215
32086,q31_t215
32086,q31_t216
32086,q41_t215
32086,q41_t216
32087,q31_t216
32087,q31_t217
32088,q31_t217
32088,q31_t218
32089,q31_t218
32089,q31_t219
32089,q42_t218
32089,q42_t219
32090,q31_t219
32090,q31_t220
32091,q31_t220
32091,q31_t221
32092,q31_t221
32092,q31_t222
32092,q43_t221
32092,q43_t222
32093,q31_t222
32093,q31_t223
32094,q31_t223
32094,q31_t224
32095,q31_t224
32095,q31_t225
32095,q44_t224
32095,q44_t225
32096,q31_t225
32096,q31_t226
32097,q31_t226
32097,q31_t227
32098,q31_t227
32098,q31_t228
32098,q45_t227
32098,q45_t228
32099,q31_t228
32099,q31_t229
32100,q31_t229
32100,q31_t230
32101,q31_t230
32101,q31_t231
32101,q46_t230
32101,q46_t231
32102,q31_t231
32102,q31_t232
32103,q31_t232
32103,q31_t233
32104,q31_t233
32104,q31_t234
32104,q47_t233
32104,q47_t234
32105,q31_t234
32105,q31_t235
32106,q31_t235
32106,q31_t236
32107,q31_t236
32107,q31_t237
32107,q48_t236
32107,q48_t237
32108,q31_t237
32108,q31_t238
32109,q31_t238
32109,q31_t239
32110,q31_t239
32110,q31_t240
32110,q49_t239
32110,q49_t240
32111,q31_t240
32111,q31_t241
32112,q31_t241
32112,q31_t242
32113,q31_t242
32113,q31_t243
32113,q50_t242
32113,q50_t243
32114,q31_t243
32114,q31_t244
32115,q31_t244
32115,q31_t245
32116,q31_t245
32116,q31_t246
32116,q51_t245
32116,q51_t246
32117,q31_t246
32117,q31_t247
32118,q31_t247
32118,q31_t248
32119,q31_t248
32119,q31_t249
32119,q52_t248
32119,q52_t249
32120,q31_t249
32120,q31_t250
32121,q31_t250
32121,q31_t251
32122,q31_t251
32122,q31_t252
32122,q53_t251
32122,q53_t252
32123,q31_t252
32123,q31_t253
32124,q31_t253
32124,q31_t254
32125,q31_t254
32125,q31_t255
32125,q54_t254
32125,q54_t255
32126,q31_t255
32126,q31_t256
32127,q31_t256
32127,q31_t257
32128,q31_t257
32128,q31_t258
32128,q55_t257
32128,q55_t258
32129,q31_t258
32129,q31_t259
32130,q31_t259
32130,q31_t260
32131,q31_t260
32131,q31_t261
32131,q56_t260
32131,q56_t261
32132,q31_t261
32132,q31_t262
32133,q31_t262
32133,q31_t263
32134,q31_t263
32134,q31_t264
32134,q57_t263
32134,q57_t264
32135,q31_t264
32135,q31_t265
32136,q31_t265
32136,q31_t266
32137,q31_t266
32137,q31_t267
32137,q58_t266
32137,q58_t267
32138,q31_t267
32138,q31_t268
32139,q31_t268
32139,q31_t269
32140,q31_t269
32140,q31_t270
32140,q59_t269
32140,q59_t270
32141,q31_t270
32141,q31_t271
32142,q31_t271
32142,q31_t272
32143,q31_t272
32143,q31_t273
32143,q60_t272
32143,q60_t273
32144,q31_t273
32144,q31_t274
32145,q31_t274
32145,q31_t275
32146,q31_t275
32146,q31_t276
32146,q61_t275
32146,q61_t276
32147,q31_t276
32147,q31_t277
32148,q31_t277
32148,q31_t278
32149,q31_t278
32149,q31_t279
32149,q62_t278
32149,q62_t279
32150,q31_t279
32150,q31_t280
32151,q31_t280
32151,q31_t281
32152,q31_t281
32152,q31_t282
32152,q63_t281
32152,q63_t282
32153,q31_t282
32153,q31_t283
32154,q31_t283
32154,q31_t284
32155,q31_t284
32155,q31_t285
32155,q64_t284
32155,q64_t285
32156,q31_t285
32156,q31_t286
32157,q31_t286
32157,q31_t287
32158,q31_t287
32158,q31_t288
32158,q65_t287
32158,q65_t288
32159,q31_t288
32159,q31_t289
32160,q31_t289
32160,q31_t290
32161,q31_t290
32161,q31_t291
32161,q66_t290
32161,q66_t291
32162,q31_t291
32162,q31_t292
32163,q31_t292
32163,q31_t293
32164,q31_t293
32164,q31_t294
32164,q67_t293
32164,q67_t294
32165,q31_t294
32165,q31_t295
32166,q31_t295
32166,q31_t296
32167,q31_t296
32167,q31_t297
32167,q68_t296
32167,q68_t297
32168,q31_t297
32168,q31_t298
32169,q31_t298
32169,q31_t299
32170,q31_t299
32170,q31_t300
32170,q69_t299
32170,q69_t300
32171,q31_t300
32171,q31_t301
32172,q31_t301
32172,q31_t302
32173,q31_t302
32173,q31_t303
32173,q70_t302
32173,q70_t303
32174,q31_t303
32174,q31_t304
32175,q31_t304
32175,q31_t305
32176,q31_t305
32176,q31_t306
32176,q71_t305
32176,q71_t306
32177,q31_t306
32177,q31_t307
32178,q31_t307
32178,q31_t308
32179,q31_t308
32179,q31_t309
32179,q72_t308
32179,q72_t309
32180,q31_t309
32180,q31_t310
32181,q31_t310
32181,q31_t311
32182,q31_t311
32182,q31_t312
32182,q73_t311
32182,q73_t312
32183,q31_t312
32183,q31_t313
32184,q31_t313
32184,q31_t314
32185,q31_t314
32185,q31_t315
32185,q74_t314
32185,q74_t315
32186,q31_t315
32186,q31_t316
32187,q31_t316
32187,q31_t317
32188,q31_t317
32188,q31_t318
32188,q75_t317
32188,q75_t318
32189,q31_t318
32189,q31_t319
32190,q31_t319
32190,q31_t320
32191,q31_t320
32191,q31_t321
32191,q76_t320
32191,q76_t321
32192,q31_t321
32192,q31_t322
32193,q31_t322
32193,q31_t323
32194,q31_t323
32194,q31_t324
32194,q77_t323
32194,q77_t324
32195,q31_t324
32195,q31_t325
32196,q31_t325
32196,q31_t326
32197,q31_t326
32197,q31_t327
32197,q78_t326
32197,q78_t327
32198,q31_t327
32198,q31_t328
32199,q31_t328
32199,q31_t329
32200,q31_t329
32200,q31_t330
32200,q79_t329
32200,q79_t330
32201,q31_t330
32201,q31_t331
32202,q31_t331
32202,q31_t332
32203,q31_t332
32203,q31_t333
32203,q80_t332
32203,q80_t333
32204,q31_t333
32204,q31_t334
32205,q31_t334
32205,q31_t335
32206,q31_t335
32206,q31_t336
32206,q81_t335
32206,q81_t336
32207,q31_t336
32207,q31_t337
32208,q31_t337
32208,q31_t338
32209,q31_t338
32209,q31_t339
32209,q82_t338
32209,q82_t339
32210,q31_t339
32210,q31_t340
32211,q31_t340
32211,q31_t341
32212,q31_t341
32212,q31_t342
32212,q83_t341
32212,q83_t342
32213,q31_t342
32213,q31_t343
32214,q31_t343
32214,q31_t344
32215,q31_t344
32215,q31_t345
32215,q84_t344
32215,q84_t345
32216,q31_t345
32216,q31_t346
32217,q31_t346
32217,q31_t347
32218,q31_t347
32218,q31_t348
32218,q85_t347
32218,q85_t348
32219,q31_t348
32219,q31_t349
32220,q31_t349
32220,q31_t350
32221,q31_t350
32221,q31_t351
32221,q86_t350
32221,q86_t351
32222,q31_t351
32222,q31_t352
32223,q31_t352
32223,q31_t353
32224,q31_t353
32224,q31_t354
32224,q87_t353
32224,q87_t354
32225,q31_t354
32225,q31_t355
32226,q31_t355
32226,q31_t356
32227,q31_t356
32227,q31_t357
32227,q88_t356
32227,q88_t357
32228,q31_t357
32228,q31_t358
32229,q31_t358
32229,q31_t359
32230,q31_t359
32230,q31_t360
32230,q89_t359
32230,q89_t360
32231,q31_t360
32231,q31_t361
32232,q31_t361
32232,q31_t362
32233,q31_t362
32233,q31_t363
32233,q90_t362
32233,q90_t363
32234,q31_t363
32234,q31_t364
32235,q31_t364
32235,q31_t365
32236,q31_t365
32236,q31_t366
32236,q91_t365
32236,q91_t366
32237,q31_t366
32237,q31_t367
32238,q31_t367
32238,q31_t368
32239,q31_t368
32239,q31_t369
32239,q92_t368
32239,q92_t369
32240,q31_t369
32240,q31_t370
32241,q31_t370
32241,q31_t371
32242,q31_t371
32242,q31_t372
32242,q93_t371
32242,q93_t372
32243,q31_t372
32243,q31_t373
32244,q31_t373
32244,q31_t374
32245,q31_t374
32245,q31_t375
32245,q94_t374
32245,q94_t375
32246,q31_t375
32246,q31_t376
32247,q31_t376
32247,q31_t377
32248,q31_t377
32248,q31_t378
32248,q95_t377
32248,q95_t378
32249,q31_t378
32249,q31_t379
32250,q31_t379
32250,q31_t380
32251,q31_t380
32251,q31_t381
32251,q96_t380
32251,q96_t381
32252,q31_t381
32252,q31_t382
32253,q31_t382
32253,q31_t383
32254,q31_t383
32254,q31_t384
32254,q97_t383
32254,q97_t384
32255,q31_t384
32255,q31_t385
32256,q31_t385
32256,q31_t386
32257,q31_t386
32257,q31_t387
32257,q98_t386
32257,q98_t387
32258,q31_t387
32258,q31_t388
32259,q31_t388
32259,q31_t389
32260,q31_t389
32260,q31_t390
32260,q99_t389
32260,q99_t390
32261,q31_t390
32261,q31_t391
32262,q31_t391
32262,q31_t392
32263,q31_t393
32263,q31_t394
32264,q31_t394
32264,q31_t395
32265,q31_t396
32265,q31_t397
32266,q31_t397
32266,q31_t398
32267,q31_t399
32267,q31_t400
32268,q31_t400
32268,q31_t401
32269,q31_t402
32269,q31_t403
32270,q31_t403
32270,q31_t404
32271,q31_t405
32271,q31_t406
32272,q31_t406
32272,q31_t407
32273,q31_t408
32273,q31_t409
32274,q31_t409
32274,q31_t410
32275,q31_t411
32275,q31_t412
32276,q31_t412
32276,q31_t413
32277,q31_t414
32277,q31_t415
32278,q31_t415
32278,q31_t416
32279,q31_t417
32279,q31_t418
32280,q31_t418
32280,q31_t419
32281,q31_t420
32281,q31_t421
32282,q31_t421
32282,q31_t422
32283,q31_t422
32283,q31_t423
32284,q31_t424
32284,q31_t425
32285,q31_t425
32285,q31_t426
32286,q31_t427
32286,q31_t428
32287,q31_t428
32287,q31_t429
32288,q31_t430
32288,q31_t431
32289,q31_t431
32289,q31_t432
32290,q31_t432
32290,q31_t433
32290,q3_t432
32290,q3_t433
32291,q31_t433
32291,q31_t434
32292,q31_t434
32292,q31_t435
32293,q31_t435
32293,q31_t436
32293,q4_t435
32293,q4_t436
32294,q31_t436
32294,q31_t437
32295,q31_t437
32295,q31_t438
32296,q31_t438
32296,q31_t439
32296,q5_t438
32296,q5_t439
32297,q31_t439
32297,q31_t440
32298,q31_t440
32298,q31_t441
32299,q31_t441
32299,q31_t442
32299,q6_t441
32299,q6_t442
32300,q31_t442
32300,q31_t443
32301,q31_t443
32301,q31_t444
32302,q31_t444
32302,q31_t445
32302,q7_t444
32302,q7_t445
32303,q31_t445
32303,q31_t446
32304,q31_t446
32304,q31_t447
32305,q31_t447
32305,q31_t448
32305,q8_t447
32305,q8_t448
32306,q31_t448
32306,q31_t449
32307,q31_t449
32307,q31_t450
32308,q31_t450
32308,q31_t451
32308,q9_t450
32308,q9_t451
32309,q31_t451
32309,q31_t452
32310,q31_t452
32310,q31_t453
32311,q31_t454
32311,q31_t455
32312,q31_t455
32312,q31_t456
32313,q31_t457
32313,q31_t458
32314,q31_t458
32314,q31_t459
32315,q31_t460
32315,q31_t461
32316,q31_t461
32316,q31_t462
32317,q31_t463
32317,q31_t464
32318,q31_t464
32318,q31_t465
32319,q31_t466
32319,q31_t467
32320,q31_t467
32320,q31_t468
32321,q31_t469
32321,q31_t470
32322,q31_t470
32322,q31_t471
32323,q31_t472
32323,q31_t473
32324,q31_t473
32324,q31_t474
32325,q31_t475
32325,q31_t476
32326,q31_t476
32326,q31_t477
32327,q31_t478
32327,q31_t479
32328,q31_t479
32328,q31_t480
32329,q31_t481
32329,q31_t482
32330,q31_t482
32330,q31_t483
32331,q31_t484
32331,q31_t485
32332,q31_t485
32332,q31_t486
32333,q31_t487
32333,q31_t488
32334,q31_t488
32334,q31_t489
32335,q31_t490
32335,q31_t491
32336,q31_t491
32336,q31_t492
32337,q31_t493
32337,q31_t494
32338,q31_t494
32338,q31_t495
32339,q31_t496
32339,q31_t497
32340,q31_t497
32340,q31_t498
32341,q31_t499
32341,q31_t500
32342,q31_t500
32342,q31_t501
32343,q31_t502
32343,q31_t503
32344,q31_t503
32344,q31_t504
32345,q31_t505
32345,q31_t506
32346,q31_t506
32346,q31_t507
32347,q31_t508
32347,q31_t509
32348,q31_t509
32348,q31_t510
32349,q31_t511
32349,q31_t512
32350,q31_t512
32350,q31_t513
32351,q31_t514
32351,q31_t515
32352,q31_t515
32352,q31_t519
32353,q31_t519
32353,q31_t520
32353,q32_t519
32353,q32_t520
32354,q31_t520
32354,q31_t521
32355,q31_t521
32355,q31_t522
32356,q31_t522
32356,q31_t523
32356,q33_t522
32356,q33_t523
32357,q31_t523
32357,q31_t524
32358,q31_t524
32358,q31_t525
32359,q31_t525
32359,q31_t526
32359,q34_t525
32359,q34_t526
32360,q31_t526
32360,q31_t527
32361,q31_t527
32361,q31_t528
32362,q31_t528
32362,q31_t529
32362,q35_t528
32362,q35_t529
32363,q31_t529
32363,q31_t530
32364,q31_t530
32364,q31_t531
32365,q31_t531
32365,q31_t532
32365,q36_t531
32365,q36_t532
32366,q31_t532
32366,q31_t533
32367,q31_t533
32367,q31_t534
32368,q31_t534
32368,q31_t535
32368,q37_t534
32368,q37_t535
32369,q31_t535
32369,q31_t536
32370,q31_t536
32370,q31_t537
32371,q31_t537
32371,q31_t538
32371,q38_t537
32371,q38_t538
32372,q31_t538
32372,q31_t539
32373,q31_t539
32373,q31_t540
32374,q31_t540
32374,q31_t541
32374,q39_t540
32374,q39_t541
32375,q31_t541
32375,q31_t542
32376,q31_t542
32376,q31_t543
32377,q31_t543
32377,q31_t544
32377,q40_t543
32377,q40_t544
32378,q31_t544
32378,q31_t545
32379,q31_t545
32379,q31_t546
32380,q31_t546
32380,q31_t547
32380,q41_t546
32380,q41_t547
32381,q31_t547
32381,q31_t548
32382,q31_t548
32382,q31_t549
32383,q31_t549
32383,q31_t550
32383,q42_t549
32383,q42_t550
32384,q31_t550
32384,q31_t551
32385,q31_t551
32385,q31_t552
32386,q31_t552
32386,q31_t553
32386,q43_t552
32386,q43_t553
32387,q31_t553
32387,q31_t554
32388,q31_t554
32388,q31_t555
32389,q31_t555
32389,q31_t556
32389,q44_t555
32389,q44_t556
32390,q31_t556
32390,q31_t557
32391,q31_t557
32391,q31_t558
32392,q31_t558
32392,q31_t559
32392,q45_t558
32392,q45_t559
32393,q31_t559
32393,q31_t560
32394,q31_t560
32394,q31_t561
32395,q31_t561
32395,q31_t562
32395,q46_t561
32395,q46_t562
32396,q31_t562
32396,q31_t563
32397,q31_t563
32397,q31_t564
32398,q31_t564
32398,q31_t565
32398,q47_t564
32398,q47_t565
32399,q31_t565
32399,q31_t566
32400,q31_t566
32400,q31_t567
32401,q31_t567
32401,q31_t568
32401,q48_t567
32401,q48_t568
32402,q31_t568
32402,q31_t569
32403,q31_t569
32403,q31_t570
32404,q31_t570
32404,q31_t571
32404,q49_t570
32404,q49_t571
32405,q31_t571
32405,q31_t572
32406,q31_t572
32406,q31_t573
32407,q31_t573
32407,q31_t574
32407,q50_t573
32407,q50_t574
32408,q31_t574
32408,q31_t575
32409,q31_t575
32409,q31_t576
32410,q31_t576
32410,q31_t577
32410,q51_t576
32410,q51_t577
32411,q31_t577
32411,q31_t578
32412,q31_t578
32412,q31_t579
32413,q31_t579
32413,q31_t580
32413,q52_t579
32413,q52_t580
32414,q31_t580
32414,q31_t581
32415,q31_t581
32415,q31_t582
32416,q31_t582
32416,q31_t583
32416,q53_t582
32416,q53_t583
32417,q31_t583
32417,q31_t584
32418,q31_t584
32418,q31_t585
32419,q31_t585
32419,q31_t586
32419,q54_t585
32419,q54_t586
32420,q31_t586
32420,q31_t587
32421,q31_t587
32421,q31_t588
32422,q31_t588
32422,q31_t589
32422,q55_t588
32422,q55_t589
32423,q31_t589
32423,q31_t590
32424,q31_t590
32424,q31_t591
32425,q31_t591
32425,q31_t592
32425,q56_t591
32425,q56_t592
32426,q31_t592
32426,q31_t593
32427,q31_t593
32427,q31_t594
32428,q31_t594
32428,q31_t595
32428,q57_t594
32428,q57_t595
32429,q31_t595
32429,q31_t596
32430,q31_t596
32430,q31_t597
32431,q31_t597
32431,q31_t598
32431,q58_t597
32431,q58_t598
32432,q31_t598
32432,q31_t599
32433,q31_t599
32433,q31_t600
32434,q31_t600
32434,q31_t601
32434,q59_t600
32434,q59_t601
32435,q31_t601
32435,q31_t602
32436,q31_t602
32436,q31_t603
32437,q31_t603
32437,q31_t604
32437,q60_t603
32437,q60_t604
32438,q31_t604
32438,q31_t605
32439,q31_t605
32439,q31_t606
32440,q31_t606
32440,q31_t607
32440,q61_t606
32440,q61_t607
32441,q31_t607
32441,q31_t608
32442,q31_t608
32442,q31_t609
32443,q31_t609
32443,q31_t610
32443,q62_t609
32443,q62_t610
32444,q31_t610
32444,q31_t611
32445,q31_t611
32445,q31_t612
32446,q31_t612
32446,q31_t613
32446,q63_t612
32446,q63_t613
32447,q31_t613
32447,q31_t614
32448,q31_t614
32448,q31_t615
32449,q31_t615
32449,q31_t616
32449,q64_t615
32449,q64_t616
32450,q31_t616
32450,q31_t617
32451,q31_t617
32451,q31_t618
32452,q31_t618
32452,q31_t619
32452,q65_t618
32452,q65_t619
32453,q31_t619
32453,q31_t620
32454,q31_t620
32454,q31_t621
32455,q31_t621
32455,q31_t622
32455,q66_t621
32455,q66_t622
32456,q31_t622
32456,q31_t623
32457,q31_t623
32457,q31_t624
32458,q31_t624
32458,q31_t625
32458,q67_t624
32458,q67_t625
32459,q31_t625
32459,q31_t626
32460,q31_t626
32460,q31_t627
32461,q31_t627
32461,q31_t628
32461,q68_t627
32461,q68_t628
32462,q31_t628
32462,q31_t629
32463,q31_t629
32463,q31_t630
32464,q31_t630
32464,q31_t631
32464,q69_t630
32464,q69_t631
32465,q31_t631
32465,q31_t632
32466,q31_t632
32466,q31_t633
32467,q31_t633
32467,q31_t634
32467,q70_t633
32467,q70_t634
32468,q31_t634
32468,q31_t635
32469,q31_t635
32469,q31_t636
32470,q31_t636
32470,q31_t637
32470,q71_t636
32470,q71_t637
32471,q31_t637
32471,q31_t638
32472,q31_t638
32472,q31_t639
32473,q31_t639
32473,q31_t640
32473,q72_t639
32473,q72_t640
32474,q31_t640
32474,q31_t641
32475,q31_t641
32475,q31_t642
32476,q31_t642
32476,q31_t643
32476,q73_t642
32476,q73_t643
32477,q31_t643
32477,q31_t644
32478,q31_t644
32478,q31_t645
32479,q31_t645
32479,q31_t646
32479,q74_t645
32479,q74_t646
32480,q31_t646
32480,q31_t647
32481,q31_t647
32481,q31_t648
32482,q31_t648
32482,q31_t649
32482,q75_t648
32482,q75_t649
32483,q31_t649
32483,q31_t650
32484,q31_t650
32484,q31_t651
32485,q31_t651
32485,q31_t652
32485,q76_t651
32485,q76_t652
32486,q31_t652
32486,q31_t653
32487,q31_t653
32487,q31_t654
32488,q31_t654
32488,q31_t655
32488,q77_t654
32488,q77_t655
32489,q31_t655
32489,q31_t656
32490,q31_t656
32490,q31_t657
32491,q31_t657
32491,q31_t658
32491,q78_t657
32491,q78_t658
32492,q31_t658
32492,q31_t659
32493,q31_t659
32493,q31_t660
32494,q31_t660
32494,q31_t661
32494,q79_t660
32494,q79_t661
32495,q31_t661
32495,q31_t662
32496,q31_t662
32496,q31_t663
32497,q31_t663
32497,q31_t664
32497,q80_t663
32497,q80_t664
32498,q31_t664
32498,q31_t665
32499,q31_t665
32499,q31_t666
32500,q31_t666
32500,q31_t667
32500,q81_t666
32500,q81_t667
32501,q31_t667
32501,q31_t668
32502,q31_t668
32502,q31_t669
32503,q31_t669
32503,q31_t670
32503,q82_t669
32503,q82_t670
32504,q31_t670
32504,q31_t671
32505,q31_t671
32505,q31_t672
32506,q31_t672
32506,q31_t673
32506,q83_t672
32506,q83_t673
32507,q31_t673
32507,q31_t674
32508,q31_t674
32508,q31_t675
32509,q31_t675
32509,q31_t676
32509,q84_t675
32509,q84_t676
32510,q31_t676
32510,q31_t677
32511,q31_t677
32511,q31_t678
32512,q31_t678
32512,q31_t679
32512,q85_t678
32512,q85_t679
32513,q31_t679
32513,q31_t680
32514,q31_t680
32514,q31_t681
32515,q31_t681
32515,q31_t682
32515,q86_t681
32515,q86_t682
32516,q31_t682
32516,q31_t683
32517,q31_t683
32517,q31_t684
32518,q31_t684
32518,q31_t685
32518,q87_t684
32518,q87_t685
32519,q31_t685
32519,q31_t686
32520,q31_t686
32520,q31_t687
32521,q31_t687
32521,q31_t688
32521,q88_t687
32521,q88_t688
32522,q31_t688
32522,q31_t689
32523,q31_t689
32523,q31_t690
32524,q31_t690
32524,q31_t691
32524,q89_t690
32524,q89_t691
32525,q31_t691
32525,q31_t692
32526,q31_t692
32526,q31_t693
32527,q31_t693
32527,q31_t694
32527,q90_t693
32527,q90_t694
32528,q31_t694
32528,q31_t695
32529,q31_t695
32529,q31_t696
32530,q31_t696
32530,q31_t697
32530,q91_t696
32530,q91_t697
32531,q31_t697
32531,q31_t698
32532,q31_t698
32532,q31_t699
32533,q31_t699
32533,q31_t700
32533,q92_t699
32533,q92_t700
32534,q31_t700
32534,q31_t701
32535,q31_t701
32535,q31_t702
32536,q31_t702
32536,q31_t703
32536,q93_t702
32536,q93_t703
32537,q31_t703
32537,q31_t704
32538,q31_t704
32538,q31_t705
32539,q31_t705
32539,q31_t706
32539,q94_t705
32539,q94_t706
32540,q31_t706
32540,q31_t707
32541,q31_t707
32541,q31_t708
32542,q31_t708
32542,q31_t709
32542,q95_t708
32542,q95_t709
32543,q31_t709
32543,q31_t710
32544,q31_t710
32544,q31_t711
32545,q31_t711
32545,q31_t712
32545,q96_t711
32545,q96_t712
32546,q31_t712
32546,q31_t713
32547,q31_t713
32547,q31_t714
32548,q31_t714
32548,q31_t715
32548,q97_t714
32548,q97_t715
32549,q31_t715
32549,q31_t716
32550,q31_t716
32550,q31_t717
32551,q31_t717
32551,q31_t718
32551,q98_t717
32551,q98_t718
32552,q31_t718
32552,q31_t719
32553,q31_t719
32553,q31_t720
32554,q31_t720
32554,q31_t721
32554,q99_t720
32554,q99_t721
32555,q31_t721
32555,q31_t722
32556,q31_t722
32556,q31_t723
32557,q31_t724
32557,q31_t725
32558,q31_t725
32558,q31_t726
32559,q31_t727
32559,q31_t728
32560,q31_t728
32560,q31_t729
32561,q31_t730
32561,q31_t731
32562,q31_t731
32562,q31_t732
32563,q31_t733
32563,q31_t734
32564,q31_t734
32564,q31_t735
32565,q31_t736
32565,q31_t737
32566,q31_t737
32566,q31_t738
32567,q31_t739
32567,q31_t740
32568,q31_t740
32568,q31_t741
32569,q31_t742
32569,q31_t743
32570,q31_t743
32570,q31_t744
32571,q31_t745
32571,q31_t746
32572,q31_t746
32572,q31_t747
32573,q31_t748
32573,q31_t749
32574,q31_t749
32574,q31_t750
32575,q31_t751
32575,q31_t752
32576,q31_t752
32576,q31_t753
32577,q31_t753
32577,q31_t754
32578,q31_t755
32578,q31_t756
32579,q31_t756
32579,q31_t757
32580,q31_t758
32580,q31_t759
32581,q31_t759
32581,q31_t760
32582,q31_t761
32582,q31_t762
32583,q31_t762
32583,q31_t763
32584,q31_t763
32584,q31_t764
32584,q3_t763
32584,q3_t764
32585,q31_t764
32585,q31_t765
32586,q31_t765
32586,q31_t766
32587,q31_t766
32587,q31_t767
32587,q4_t766
32587,q4_t767
32588,q31_t767
32588,q31_t768
32589,q31_t768
32589,q31_t769
32590,q31_t769
32590,q31_t770
32590,q5_t769
32590,q5_t770
32591,q31_t770
32591,q31_t771
32592,q31_t771
32592,q31_t772
32593,q31_t772
32593,q31_t773
32593,q6_t772
32593,q6_t773
32594,q31_t773
32594,q31_t774
32595,q31_t774
32595,q31_t775
32596,q31_t775
32596,q31_t776
32596,q7_t775
32596,q7_t776
32597,q31_t776
32597,q31_t777
32598,q31_t777
32598,q31_t778
32599,q31_t778
32599,q31_t779
32599,q8_t778
32599,q8_t779
32600,q31_t779
32600,q31_t780
32601,q31_t780
32601,q31_t781
32602,q31_t781
32602,q31_t782
32602,q9_t781
32602,q9_t782
32603,q31_t782
32603,q31_t783
32604,q31_t783
32604,q31_t784
32605,q31_t785
32605,q31_t786
32606,q31_t786
32606,q31_t787
32607,q31_t788
32607,q31_t789
32608,q31_t789
32608,q31_t790
32609,q31_t791
32609,q31_t792
32610,q31_t792
32610,q31_t793
32611,q31_t794
32611,q31_t795
32612,q31_t795
32612,q31_t796
32613,q31_t797
32613,q31_t798
32614,q31_t798
32614,q31_t799
32615,q31_t800
32615,q31_t801
32616,q31_t801
32616,q31_t802
32617,q31_t803
32617,q31_t804
32618,q31_t804
32618,q31_t805
32619,q31_t806
32619,q31_t807
32620,q31_t807
32620,q31_t808
32621,q31_t809
32621,q31_t810
32622,q31_t810
32622,q31_t811
32623,q31_t812
32623,q31_t813
32624,q31_t813
32624,q31_t814
32625,q31_t815
32625,q31_t816
32626,q31_t816
32626,q31_t817
32627,q31_t818
32627,q31_t819
32628,q31_t819
32628,q31_t820
32629,q31_t821
32629,q31_t822
32630,q31_t822
32630,q31_t823
32631,q31_t824
32631,q31_t825
32632,q31_t825
32632,q31_t826
32633,q31_t827
32633,q31_t828
32634,q31_t828
32634,q31_t829
32635,q31_t830
32635,q31_t831
32636,q31_t831
32636,q31_t832
32637,q31_t833
32637,q31_t834
32638,q31_t834
32638,q31_t835
32639,q31_t836
32639,q31_t837
32640,q31_t837
32640,q31_t838
32641,q31_t839
32641,q31_t840
32642,q31_t840
32642,q31_t841
32643,q31_t842
32643,q31_t843
32644,q31_t843
32644,q31_t844
32645,q31_t845
32645,q31_t846
32646,q31_t846
32646,q31_t850
32647,q31_t850
32647,q31_t851
32647,q32_t850
32647,q32_t851
32648,q31_t851
32648,q31_t852
32649,q31_t852
32649,q31_t853
32650,q31_t853
32650,q31_t854
32650,q33_t853
32650,q33_t854
32651,q31_t854
32651,q31_t855
32652,q31_t855
32652,q31_t856
32653,q31_t856
32653,q31_t857
32653,q34_t856
32653,q34_t857
32654,q31_t857
32654,q31_t858
32655,q31_t858
32655,q31_t859
32656,q31_t859
32656,q31_t860
32656,q35_t859
32656,q35_t860
32657,q31_t860
32657,q31_t861
32658,q31_t861
32658,q31_t862
32659,q31_t862
32659,q31_t863
32659,q36_t862
32659,q36_t863
32660,q31_t863
32660,q31_t864
32661,q31_t864
32661,q31_t865
32662,q31_t865
32662,q31_t866
32662,q37_t865
32662,q37_t866
32663,q31_t866
32663,q31_t867
32664,q31_t867
32664,q31_t868
32665,q31_t868
32665,q31_t869
32665,q38_t868
32665,q38_t869
32666,q31_t869
32666,q31_t870
32667,q31_t870
32667,q31_t871
32668,q31_t871
32668,q31_t872
32668,q39_t871
32668,q39_t872
32669,q31_t872
32669,q31_t873
32670,q31_t873
32670,q31_t874
32671,q31_t874
32671,q31_t875
32671,q40_t874
32671,q40_t875
32672,q31_t875
32672,q31_t876
32673,q31_t876
32673,q31_t877
32674,q31_t877
32674,q31_t878
32674,q41_t877
32674,q41_t878
32675,q31_t878
32675,q31_t879
32676,q31_t879
32676,q31_t880
32677,q31_t880
32677,q31_t881
32677,q42_t880
32677,q42_t881
32678,q31_t881
32678,q31_t882
32679,q31_t882
32679,q31_t883
32680,q31_t883
32680,q31_t884
32680,q43_t883
32680,q43_t884
32681,q31_t884
32681,q31_t885
32682,q31_t885
32682,q31_t886
32683,q31_t886
32683,q31_t887
32683,q44_t886
32683,q44_t887
32684,q31_t887
32684,q31_t888
32685,q31_t888
32685,q31_t889
32686,q31_t889
32686,q31_t890
32686,q45_t889
32686,q45_t890
32687,q31_t890
32687,q31_t891
32688,q31_t891
32688,q31_t892
32689,q31_t892
32689,q31_t893
32689,q46_t892
32689,q46_t893
32690,q31_t893
32690,q31_t894
32691,q31_t894
32691,q31_t895
32692,q31_t895
32692,q31_t896
32692,q47_t895
32692,q47_t896
32693,q31_t896
32693,q31_t897
32694,q31_t897
32694,q31_t898
32695,q31_t898
32695,q31_t899
32695,q48_t898
32695,q48_t899
32696,q31_t899
32696,q31_t900
32697,q31_t900
32697,q31_t901
32698,q31_t901
32698,q31_t902
32698,q49_t901
32698,q49_t902
32699,q31_t902
32699,q31_t903
32700,q31_t903
32700,q31_t904
32701,q31_t904
32701,q31_t905
32701,q50_t904
32701,q50_t905
32702,q31_t905
32702,q31_t906
32703,q31_t906
32703,q31_t907
32704,q31_t907
32704,q31_t908
32704,q51_t907
32704,q51_t908
32705,q31_t908
32705,q31_t909
32706,q31_t909
32706,q31_t910
32707,q31_t910
32707,q31_t911
32707,q52_t910
32707,q52_t911
32708,q31_t911
32708,q31_t912
32709,q31_t912
32709,q31_t913
32710,q31_t913
32710,q31_t914
32710,q53_t913
32710,q53_t914
32711,q31_t914
32711,q31_t915
32712,q31_t915
32712,q31_t916
32713,q31_t916
32713,q31_t917
32713,q54_t916
32713,q54_t917
32714,q31_t917
32714,q31_t918
32715,q31_t918
32715,q31_t919
32716,q31_t919
32716,q31_t920
32716,q55_t919
32716,q55_t920
32717,q31_t920
32717,q31_t921
32718,q31_t921
32718,q31_t922
32719,q31_t922
32719,q31_t923
32719,q56_t922
32719,q56_t923
32720,q31_t923
32720,q31_t924
32721,q31_t924
32721,q31_t925
32722,q31_t925
32722,q31_t926
32722,q57_t925
32722,q57_t926
32723,q31_t926
32723,q31_t927
32724,q31_t927
32724,q31_t928
32725,q31_t928
32725,q31_t929
32725,q58_t928
32725,q58_t929
32726,q31_t929
32726,q31_t930
32727,q31_t93
32727,q31_t94
32728,q31_t930
32728,q31_t931
32729,q31_t931
32729,q31_t932
32729,q59_t931
32729,q59_t932
32730,q31_t932
32730,q31_t933
32731,q31_t933
32731,q31_t934
32732,q31_t934
32732,q31_t935
32732,q60_t934
32732,q60_t935
32733,q31_t935
32733,q31_t936
32734,q31_t936
32734,q31_t937
32735,q31_t937
32735,q31_t938
32735,q61_t937
32735,q61_t938
32736,q31_t938
32736,q31_t939
32737,q31_t939
32737,q31_t940
32738,q31_t94
32738,q31_t95
32739,q31_t940
32739,q31_t941
32739,q62_t940
32739,q62_t941
32740,q31_t941
32740,q31_t942
32741,q31_t942
32741,q31_t943
32742,q31_t943
32742,q31_t944
32742,q63_t943
32742,q63_t944
32743,q31_t944
32743,q31_t945
32744,q31_t945
32744,q31_t946
32745,q31_t946
32745,q31_t947
32745,q64_t946
32745,q64_t947
32746,q31_t947
32746,q31_t948
32747,q31_t948
32747,q31_t949
32748,q31_t949
32748,q31_t950
32748,q65_t949
32748,q65_t950
32749,q31_t950
32749,q31_t951
32750,q31_t951
32750,q31_t952
32751,q31_t952
32751,q31_t953
32751,q66_t952
32751,q66_t953
32752,q31_t953
32752,q31_t954
32753,q31_t954
32753,q31_t955
32754,q31_t955
32754,q31_t956
32754,q67_t955
32754,q67_t956
32755,q31_t956
32755,q31_t957
32756,q31_t957
32756,q31_t958
32757,q31_t958
32757,q31_t959
32757,q68_t958
32757,q68_t959
32758,q31_t959
32758,q31_t960
32759,q31_t96
32759,q31_t97
32760,q31_t960
32760,q31_t961
32761,q31_t961
32761,q31_t962
32761,q69_t961
32761,q69_t962
32762,q31_t962
32762,q31_t963
32763,q31_t963
32763,q31_t964
32764,q31_t964
32764,q31_t965
32764,q70_t964
32764,q70_t965
32765,q31_t965
32765,q31_t966
32766,q31_t966
32766,q31_t967
32767,q31_t967
32767,q31_t968
32767,q71_t967
32767,q71_t968
32768,q31_t968
32768,q31_t969
32769,q31_t969
32769,q31_t970
32770,q31_t97
32770,q31_t98
32771,q31_t970
32771,q31_t971
32771,q72_t970
32771,q72_t971
32772,q31_t971
32772,q31_t972
32773,q31_t972
32773,q31_t973
32774,q31_t973
32774,q31_t974
32774,q73_t973
32774,q73_t974
32775,q31_t974
32775,q31_t975
32776,q31_t975
32776,q31_t976
32777,q31_t976
32777,q31_t977
32777,q74_t976
32777,q74_t977
32778,q31_t977
32778,q31_t978
32779,q31_t978
32779,q31_t979
32780,q31_t979
32780,q31_t980
32780,q75_t979
32780,q75_t980
32781,q31_t980
32781,q31_t981
32782,q31_t981
32782,q31_t982
32783,q31_t982
32783,q31_t983
32783,q76_t982
32783,q76_t983
32784,q31_t983
32784,q31_t984
32785,q31_t984
32785,q31_t985
32786,q31_t985
32786,q31_t986
32786,q77_t985
32786,q77_t986
32787,q31_t986
32787,q31_t987
32788,q31_t987
32788,q31_t988
32789,q31_t988
32789,q31_t989
32789,q78_t988
32789,q78_t989
32790,q31_t989
32790,q31_t990
32791,q31_t990
32791,q31_t991
32792,q31_t991
32792,q31_t992
32792,q79_t991
32792,q79_t992
32793,q31_t992
32793,q31_t993
32794,q31_t993
32794,q31_t994
32795,q31_t994
32795,q31_t995
32795,q80_t994
32795,q80_t995
32796,q31_t995
32796,q31_t996
32797,q31_t996
32797,q31_t997
32798,q31_t997
32798,q31_t998
32798,q81_t997
32798,q81_t998
32799,q31_t998
32799,q31_t999
32800,q32_t0
32800,q32_t1
32801,q32_t1
32801,q32_t95
32802,q32_t100
32802,q32_t101
32803,q32_t100
32803,q32_t99
32804,q32_t1000
32804,q32_t1001
32804,q81_t1000
32804,q81_t1001
32805,q32_t1000
32805,q32_t999
32806,q32_t1001
32806,q32_t1002
32807,q32_t1002
32807,q32_t1003
32808,q32_t1003
32808,q32_t1004
32808,q82_t1003
32808,q82_t1004
32809,q32_t1004
32809,q32_t1005
32810,q32_t1005
32810,q32_t1006
32811,q32_t1006
32811,q32_t1007
32811,q83_t1006
32811,q83_t1007
32812,q32_t1007
32812,q32_t1008
32813,q32_t1008
32813,q32_t1009
32814,q32_t1009
32814,q32_t1010
32814,q84_t1009
32814,q84_t1010
32815,q32_t1010
32815,q32_t1011
32816,q32_t1011
32816,q32_t1012
32817,q32_t1012
32817,q32_t1013
32817,q85_t1012
32817,q85_t1013
32818,q32_t1013
32818,q32_t1014
32819,q32_t1014
32819,q32_t1015
32820,q32_t1015
32820,q32_t1016
32820,q86_t1015
32820,q86_t1016
32821,q32_t1016
32821,q32_t1017
32822,q32_t1017
32822,q32_t1018
32823,q32_t1018
32823,q32_t1019
32823,q87_t1018
32823,q87_t1019
32824,q32_t1019
32824,q32_t1020
32825,q32_t102
32825,q32_t103
32826,q32_t1020
32826,q32_t1021
32827,q32_t1021
32827,q32_t1022
32827,q88_t1021
32827,q88_t1022
32828,q32_t1022
32828,q32_t1023
32829,q32_t1023
32829,q32_t1024
32830,q32_t1024
32830,q32_t1025
32830,q89_t1024
32830,q89_t1025
32831,q32_t1025
32831,q32_t1026
32832,q32_t1026
32832,q32_t1027
32833,q32_t1027
32833,q32_t1028
32833,q90_t1027
32833,q90_t1028
32834,q32_t1028
32834,q32_t1029
32835,q32_t1029
32835,q32_t1030
32836,q32_t103
32836,q32_t104
32837,q32_t1030
32837,q32_t1031
32837,q91_t1030
32837,q91_t1031
32838,q32_t1031
32838,q32_t1032
32839,q32_t1032
32839,q32_t1033
32840,q32_t1033
32840,q32_t1034
32840,q92_t1033
32840,q92_t1034
32841,q32_t1034
32841,q32_t1035
32842,q32_t1035
32842,q32_t1036
32843,q32_t1036
32843,q32_t1037
32843,q93_t1036
32843,q93_t1037
32844,q32_t1037
32844,q32_t1038
32845,q32_t1038
32845,q32_t1039
32846,q32_t1039
32846,q32_t1040
32846,q94_t1039
32846,q94_t1040
32847,q32_t104
32847,q32_t105
32847,q3_t104
32847,q3_t105
32848,q32_t1040
32848,q32_t1041
32849,q32_t1041
32849,q32_t1042
32850,q32_t1042
32850,q32_t1043
32850,q95_t1042
32850,q95_t1043
32851,q32_t1043
32851,q32_t1044
32852,q32_t1044
32852,q32_t1045
32853,q32_t1045
32853,q32_t1046
32853,q96_t1045
32853,q96_t1046
32854,q32_t1046
32854,q32_t1047
32855,q32_t1047
32855,q32_t1048
32856,q32_t1048
32856,q32_t1049
32856,q97_t1048
32856,q97_t1049
32857,q32_t1049
32857,q32_t1050
32858,q32_t105
32858,q32_t106
32859,q32_t1050
32859,q32_t1051
32860,q32_t1051
32860,q32_t1052
32860,q98_t1051
32860,q98_t1052
32861,q32_t1052
32861,q32_t1053
32862,q32_t1053
32862,q32_t1054
32863,q32_t1054
32863,q32_t1055
32863,q99_t1054
32863,q99_t1055
32864,q32_t1055
32864,q32_t1056
32865,q32_t1056
32865,q32_t1057
32866,q32_t1058
32866,q32_t1059
32867,q32_t1059
32867,q32_t1060
32868,q32_t106
32868,q32_t107
32869,q32_t1061
32869,q32_t1062
32870,q32_t1062
32870,q32_t1063
32871,q32_t1064
32871,q32_t1065
32872,q32_t1065
32872,q32_t1066
32873,q32_t1067
32873,q32_t1068
32874,q32_t1068
32874,q32_t1069
32875,q32_t107
32875,q32_t108
32875,q4_t107
32875,q4_t108
32876,q32_t1070
32876,q32_t1071
32877,q32_t1071
32877,q32_t1072
32878,q32_t1073
32878,q32_t1074
32879,q32_t1074
32879,q32_t1075
32880,q32_t1076
32880,q32_t1077
32881,q32_t1077
32881,q32_t1078
32882,q32_t1079
32882,q32_t1080
32883,q32_t108
32883,q32_t109
32884,q32_t1080
32884,q32_t1081
32885,q32_t1082
32885,q32_t1083
32886,q32_t1083
32886,q32_t1084
32887,q32_t1085
32887,q32_t1086
32888,q32_t1086
32888,q32_t1087
32889,q32_t109
32889,q32_t110
32890,q32_t110
32890,q32_t111
32890,q5_t110
32890,q5_t111
32891,q32_t111
32891,q32_t112
32892,q32_t112
32892,q32_t113
32893,q32_t113
32893,q32_t114
32893,q6_t113
32893,q6_t114
32894,q32_t114
32894,q32_t115
32895,q32_t115
32895,q32_t116
32896,q32_t116
32896,q32_t117
32896,q7_t116
32896,q7_t117
32897,q32_t117
32897,q32_t118
32898,q32_t118
32898,q32_t119
32899,q32_t119
32899,q32_t120
32899,q8_t119
32899,q8_t120
32900,q32_t120
32900,q32_t121
32901,q32_t121
32901,q32_t122
32902,q32_t122
32902,q32_t123
32902,q9_t122
32902,q9_t123
32903,q32_t123
32903,q32_t124
32904,q32_t124
32904,q32_t125
32905,q32_t126
32905,q32_t127
32906,q32_t127
32906,q32_t128
32907,q32_t129
32907,q32_t130
32908,q32_t130
32908,q32_t131
32909,q32_t132
32909,q32_t133
32910,q32_t133
32910,q32_t134
32911,q32_t135
32911,q32_t136
32912,q32_t136
32912,q32_t137
32913,q32_t138
32913,q32_t139
32914,q32_t139
32914,q32_t140
32915,q32_t141
32915,q32_t142
32916,q32_t142
32916,q32_t143
32917,q32_t144
32917,q32_t145
32918,q32_t145
32918,q32_t146
32919,q32_t147
32919,q32_t148
32920,q32_t148
32920,q32_t149
32921,q32_t150
32921,q32_t151
32922,q32_t151
32922,q32_t152
32923,q32_t153
32923,q32_t154
32924,q32_t154
32924,q32_t155
32925,q32_t156
32925,q32_t157
32926,q32_t157
32926,q32_t158
32927,q32_t159
32927,q32_t160
32928,q32_t160
32928,q32_t161
32929,q32_t162
32929,q32_t163
32930,q32_t163
32930,q32_t164
32931,q32_t165
32931,q32_t166
32932,q32_t166
32932,q32_t167
32933,q32_t168
32933,q32_t169
32934,q32_t169
32934,q32_t170
32935,q32_t171
32935,q32_t172
32936,q32_t172
32936,q32_t173
32937,q32_t174
32937,q32_t175
32938,q32_t175
32938,q32_t176
32939,q32_t177
32939,q32_t178
32940,q32_t178
32940,q32_t179
32941,q32_t180
32941,q32_t181
32942,q32_t181
32942,q32_t182
32943,q32_t183
32943,q32_t184
32944,q32_t184
32944,q32_t185
32945,q32_t186
32945,q32_t187
32946,q32_t187
32946,q32_t188
32947,q32_t189
32947,q32_t190
32948,q32_t190
32948,q32_t194
32949,q32_t194
32949,q32_t195
32949,q33_t194
32949,q33_t195
32950,q32_t195
32950,q32_t196
32951,q32_t196
32951,q32_t197
32952,q32_t197
32952,q32_t198
32952,q34_t197
32952,q34_t198
32953,q32_t198
32953,q32_t199
32954,q32_t199
32954,q32_t200
32955,q32_t200
32955,q32_t201
32955,q35_t200
32955,q35_t201
32956,q32_t201
32956,q32_t202
32957,q32_t202
32957,q32_t203
32958,q32_t203
32958,q32_t204
32958,q36_t203
32958,q36_t204
32959,q32_t204
32959,q32_t205
32960,q32_t205
32960,q32_t206
32961,q32_t206
32961,q32_t207
32961,q37_t206
32961,q37_t207
32962,q32_t207
32962,q32_t208
32963,q32_t208
32963,q32_t209
32964,q32_t209
32964,q32_t210
32964,q38_t209
32964,q38_t210
32965,q32_t210
32965,q32_t211
32966,q32_t211
32966,q32_t212
32967,q32_t212
32967,q32_t213
32967,q39_t212
32967,q39_t213
32968,q32_t213
32968,q32_t214
32969,q32_t214
32969,q32_t215
32970,q32_t215
32970,q32_t216
32970,q40_t215
32970,q40_t216
32971,q32_t216
32971,q32_t217
32972,q32_t217
32972,q32_t218
32973,q32_t218
32973,q32_t219
32973,q41_t218
32973,q41_t219
32974,q32_t219
32974,q32_t220
32975,q32_t220
32975,q32_t221
32976,q32_t221
32976,q32_t222
32976,q42_t221
32976,q42_t222
32977,q32_t222
32977,q32_t223
32978,q32_t223
32978,q32_t224
32979,q32_t224
32979,q32_t225
32979,q43_t224
32979,q43_t225
32980,q32_t225
32980,q32_t226
32981,q32_t226
32981,q32_t227
32982,q32_t227
32982,q32_t228
32982,q44_t227
32982,q44_t228
32983,q32_t228
32983,q32_t229
32984,q32_t229
32984,q32_t230
32985,q32_t230
32985,q32_t231
32985,q45_t230
32985,q45_t231
32986,q32_t231
32986,q32_t232
32987,q32_t232
32987,q32_t233
32988,q32_t233
32988,q32_t234
32988,q46_t233
32988,q46_t234
32989,q32_t234
32989,q32_t235
32990,q32_t235
32990,q32_t236
32991,q32_t236
32991,q32_t237
32991,q47_t236
32991,q47_t237
32992,q32_t237
32992,q32_t238
32993,q32_t238
32993,q32_t239
32994,q32_t239
32994,q32_t240
32994,q48_t239
32994,q48_t240
32995,q32_t240
32995,q32_t241
32996,q32_t241
32996,q32_t242
32997,q32_t242
32997,q32_t243
32997,q49_t242
32997,q49_t243
32998,q32_t243
32998,q32_t244
32999,q32_t244
32999,q32_t245
33000,q32_t245
33000,q32_t246
33000,q50_t245
33000,q50_t246
33001,q32_t246
33001,q32_t247
33002,q32_t247
33002,q32_t248
33003,q32_t248
33003,q32_t249
33003,q51_t248
33003,q51_t249
33004,q32_t249
33004,q32_t250
33005,q32_t250
33005,q32_t251
33006,q32_t251
33006,q32_t252
33006,q52_t251
33006,q52_t252
33007,q32_t252
33007,q32_t253
33008,q32_t253
33008,q32_t254
33009,q32_t254
33009,q32_t255
33009,q53_t254
33009,q53_t255
33010,q32_t255
33010,q32_t256
33011,q32_t256
33011,q32_t257
33012,q32_t257
33012,q32_t258
33012,q54_t257
33012,q54_t258
33013,q32_t258
33013,q32_t259
33014,q32_t259
33014,q32_t260
33015,q32_t260
33015,q32_t261
33015,q55_t260
33015,q55_t261
33016,q32_t261
33016,q32_t262
33017,q32_t262
33017,q32_t263
33018,q32_t263
33018,q32_t264
33018,q56_t263
33018,q56_t264
33019,q32_t264
33019,q32_t265
33020,q32_t265
33020,q32_t266
33021,q32_t266
33021,q32_t267
33021,q57_t266
33021,q57_t267
33022,q32_t267
33022,q32_t268
33023,q32_t268
33023,q32_t269
33024,q32_t269
33024,q32_t270
33024,q58_t269
33024,q58_t270
33025,q32_t270
33025,q32_t271
33026,q32_t271
33026,q32_t272
33027,q32_t272
33027,q32_t273
33027,q59_t272
33027,q59_t273
33028,q32_t273
33028,q32_t274
33029,q32_t274
33029,q32_t275
33030,q32_t275
33030,q32_t276
33030,q60_t275
33030,q60_t276
33031,q32_t276
33031,q32_t277
33032,q32_t277
33032,q32_t278
33033,q32_t278
33033,q32_t279
33033,q61_t278
33033,q61_t279
33034,q32_t279
33034,q32_t280
33035,q32_t280
33035,q32_t281
33036,q32_t281
33036,q32_t282
33036,q62_t281
33036,q62_t282
33037,q32_t282
33037,q32_t283
33038,q32_t283
33038,q32_t284
33039,q32_t284
33039,q32_t285
33039,q63_t284
33039,q63_t285
33040,q32_t285
33040,q32_t286
33041,q32_t286
33041,q32_t287
33042,q32_t287
33042,q32_t288
33042,q64_t287
33042,q64_t288
33043,q32_t288
33043,q32_t289
33044,q32_t289
33044,q32_t290
33045,q32_t290
33045,q32_t291
33045,q65_t290
33045,q65_t291
33046,q32_t291
33046,q32_t292
33047,q32_t292
33047,q32_t293
33048,q32_t293
33048,q32_t294
33048,q66_t293
33048,q66_t294
33049,q32_t294
33049,q32_t295
33050,q32_t295
33050,q32_t296
33051,q32_t296
33051,q32_t297
33051,q67_t296
33051,q67_t297
33052,q32_t297
33052,q32_t298
33053,q32_t298
33053,q32_t299
33054,q32_t299
33054,q32_t300
33054,q68_t299
33054,q68_t300
33055,q32_t300
33055,q32_t301
33056,q32_t301
33056,q32_t302
33057,q32_t302
33057,q32_t303
33057,q69_t302
33057,q69_t303
33058,q32_t303
33058,q32_t304
33059,q32_t304
33059,q32_t305
33060,q32_t305
33060,q32_t306
33060,q70_t305
33060,q70_t306
33061,q32_t306
33061,q32_t307
33062,q32_t307
33062,q32_t308
33063,q32_t308
33063,q32_t309
33063,q71_t308
33063,q71_t309
33064,q32_t309
33064,q32_t310
33065,q32_t310
33065,q32_t311
33066,q32_t311
33066,q32_t312
33066,q72_t311
33066,q72_t312
33067,q32_t312
33067,q32_t313
33068,q32_t313
33068,q32_t314
33069,q32_t314
33069,q32_t315
33069,q73_t314
33069,q73_t315
33070,q32_t315
33070,q32_t316
33071,q32_t316
33071,q32_t317
33072,q32_t317
33072,q32_t318
33072,q74_t317
33072,q74_t318
33073,q32_t318
33073,q32_t319
33074,q32_t319
33074,q32_t320
33075,q32_t320
33075,q32_t321
33075,q75_t320
33075,q75_t321
33076,q32_t321
33076,q32_t322
33077,q32_t322
33077,q32_t323
33078,q32_t323
33078,q32_t324
33078,q76_t323
33078,q76_t324
33079,q32_t324
33079,q32_t325
33080,q32_t325
33080,q32_t326
33081,q32_t326
33081,q32_t327
33081,q77_t326
33081,q77_t327
33082,q32_t327
33082,q32_t328
33083,q32_t328
33083,q32_t329
33084,q32_t329
33084,q32_t330
33084,q78_t329
33084,q78_t330
33085,q32_t330
33085,q32_t331
33086,q32_t331
33086,q32_t332
33087,q32_t332
33087,q32_t333
33087,q79_t332
33087,q79_t333
33088,q32_t333
33088,q32_t334
33089,q32_t334
33089,q32_t335
33090,q32_t335
33090,q32_t336
33090,q80_t335
33090,q80_t336
33091,q32_t336
33091,q32_t337
33092,q32_t337
33092,q32_t338
33093,q32_t338
33093,q32_t339
33093,q81_t338
33093,q81_t339
33094,q32_t339
33094,q32_t340
33095,q32_t340
33095,q32_t341
33096,q32_t341
33096,q32_t342
33096,q82_t341
33096,q82_t342
33097,q32_t342
33097,q32_t343
33098,q32_t343
33098,q32_t344
33099,q32_t344
33099,q32_t345
33099,q83_t344
33099,q83_t345
33100,q32_t345
33100,q32_t346
33101,q32_t346
33101,q32_t347
33102,q32_t347
33102,q32_t348
33102,q84_t347
33102,q84_t348
33103,q32_t348
33103,q32_t349
33104,q32_t349
33104,q32_t350
33105,q32_t350
33105,q32_t351
33105,q85_t350
33105,q85_t351
33106,q32_t351
33106,q32_t352
33107,q32_t352
33107,q32_t353
33108,q32_t353
33108,q32_t354
33108,q86_t353
33108,q86_t354
33109,q32_t354
33109,q32_t355
33110,q32_t355
33110,q32_t356
33111,q32_t356
33111,q32_t357
33111,q87_t356
33111,q87_t357
33112,q32_t357
33112,q32_t358
33113,q32_t358
33113,q32_t359
33114,q32_t359
33114,q32_t360
33114,q88_t359
33114,q88_t360
33115,q32_t360
33115,q32_t361
33116,q32_t361
33116,q32_t362
33117,q32_t362
33117,q32_t363
33117,q89_t362
33117,q89_t363
33118,q32_t363
33118,q32_t364
33119,q32_t364
33119,q32_t365
33120,q32_t365
33120,q32_t366
33120,q90_t365
33120,q90_t366
33121,q32_t366
33121,q32_t367
33122,q32_t367
33122,q32_t368
33123,q32_t368
33123,q32_t369
33123,q91_t368
33123,q91_t369
33124,q32_t369
33124,q32_t370
33125,q32_t370
33125,q32_t371
33126,q32_t371
33126,q32_t372
33126,q92_t371
33126,q92_t372
33127,q32_t372
33127,q32_t373
33128,q32_t373
33128,q32_t374
33129,q32_t374
33129,q32_t375
33129,q93_t374
33129,q93_t375
33130,q32_t375
33130,q32_t376
33131,q32_t376
33131,q32_t377
33132,q32_t377
33132,q32_t378
33132,q94_t377
33132,q94_t378
33133,q32_t378
33133,q32_t379
33134,q32_t379
33134,q32_t380
33135,q32_t380
33135,q32_t381
33135,q95_t380
33135,q95_t381
33136,q32_t381
33136,q32_t382
33137,q32_t382
33137,q32_t383
33138,q32_t383
33138,q32_t384
33138,q96_t383
33138,q96_t384
33139,q32_t384
33139,q32_t385
33140,q32_t385
33140,q32_t386
33141,q32_t386
33141,q32_t387
33141,q97_t386
33141,q97_t387
33142,q32_t387
33142,q32_t388
33143,q32_t388
33143,q32_t389
33144,q32_t389
33144,q32_t390
33144,q98_t389
33144,q98_t390
33145,q32_t390
33145,q32_t391
33146,q32_t391
33146,q32_t392
33147,q32_t392
33147,q32_t393
33147,q99_t392
33147,q99_t393
33148,q32_t393
33148,q32_t394
33149,q32_t394
33149,q32_t395
33150,q32_t396
33150,q32_t397
33151,q32_t397
33151,q32_t398
33152,q32_t399
33152,q32_t400
33153,q32_t400
33153,q32_t401
33154,q32_t402
33154,q32_t403
33155,q32_t403
33155,q32_t404
33156,q32_t405
33156,q32_t406
33157,q32_t406
33157,q32_t407
33158,q32_t408
33158,q32_t409
33159,q32_t409
33159,q32_t410
33160,q32_t411
33160,q32_t412
33161,q32_t412
33161,q32_t413
33162,q32_t414
33162,q32_t415
33163,q32_t415
33163,q32_t416
33164,q32_t417
33164,q32_t418
33165,q32_t418
33165,q32_t419
33166,q32_t420
33166,q32_t421
33167,q32_t421
33167,q32_t422
33168,q32_t423
33168,q32_t424
33169,q32_t424
33169,q32_t425
33170,q32_t425
33170,q32_t426
33171,q32_t427
33171,q32_t428
33172,q32_t428
33172,q32_t429
33173,q32_t430
33173,q32_t431
33174,q32_t431
33174,q32_t432
33175,q32_t433
33175,q32_t434
33176,q32_t434
33176,q32_t435
33177,q32_t435
33177,q32_t436
33177,q3_t435
33177,q3_t436
33178,q32_t436
33178,q32_t437
33179,q32_t437
33179,q32_t438
33180,q32_t438
33180,q32_t439
33180,q4_t438
33180,q4_t439
33181,q32_t439
33181,q32_t440
33182,q32_t440
33182,q32_t441
33183,q32_t441
33183,q32_t442
33183,q5_t441
33183,q5_t442
33184,q32_t442
33184,q32_t443
33185,q32_t443
33185,q32_t444
33186,q32_t444
33186,q32_t445
33186,q6_t444
33186,q6_t445
33187,q32_t445
33187,q32_t446
33188,q32_t446
33188,q32_t447
33189,q32_t447
33189,q32_t448
33189,q7_t447
33189,q7_t448
33190,q32_t448
33190,q32_t449
33191,q32_t449
33191,q32_t450
33192,q32_t450
33192,q32_t451
33192,q8_t450
33192,q8_t451
33193,q32_t451
33193,q32_t452
33194,q32_t452
33194,q32_t453
33195,q32_t453
33195,q32_t454
33195,q9_t453
33195,q9_t454
33196,q32_t454
33196,q32_t455
33197,q32_t455
33197,q32_t456
33198,q32_t457
33198,q32_t458
33199,q32_t458
33199,q32_t459
33200,q32_t460
33200,q32_t461
33201,q32_t461
33201,q32_t462
33202,q32_t463
33202,q32_t464
33203,q32_t464
33203,q32_t465
33204,q32_t466
33204,q32_t467
33205,q32_t467
33205,q32_t468
33206,q32_t469
33206,q32_t470
33207,q32_t470
33207,q32_t471
33208,q32_t472
33208,q32_t473
33209,q32_t473
33209,q32_t474
33210,q32_t475
33210,q32_t476
33211,q32_t476
33211,q32_t477
33212,q32_t478
33212,q32_t479
33213,q32_t479
33213,q32_t480
33214,q32_t481
33214,q32_t482
33215,q32_t482
33215,q32_t483
33216,q32_t484
33216,q32_t485
33217,q32_t485
33217,q32_t486
33218,q32_t487
33218,q32_t488
33219,q32_t488
33219,q32_t489
33220,q32_t490
33220,q32_t491
33221,q32_t491
33221,q32_t492
33222,q32_t493
33222,q32_t494
33223,q32_t494
33223,q32_t495
33224,q32_t496
33224,q32_t497
33225,q32_t497
33225,q32_t498
33226,q32_t499
33226,q32_t500
33227,q32_t500
33227,q32_t501
33228,q32_t502
33228,q32_t503
33229,q32_t503
33229,q32_t504
33230,q32_t505
33230,q32_t506
33231,q32_t506
33231,q32_t507
33232,q32_t508
33232,q32_t509
33233,q32_t509
33233,q32_t510
33234,q32_t511
33234,q32_t512
33235,q32_t512
33235,q32_t513
33236,q32_t514
33236,q32_t515
33237,q32_t515
33237,q32_t516
33238,q32_t517
33238,q32_t518
33239,q32_t518
33239,q32_t519
33240,q32_t520
33240,q32_t521
33241,q32_t521
33241,q32_t525
33242,q32_t525
33242,q32_t526
33242,q33_t525
33242,q33_t526
33243,q32_t526
33243,q32_t527
33244,q32_t527
33244,q32_t528
33245,q32_t528
33245,q32_t529
33245,q34_t528
33245,q34_t529
33246,q32_t529
33246,q32_t530
33247,q32_t530
33247,q32_t531
33248,q32_t531
33248,q32_t532
33248,q35_t531
33248,q35_t532
33249,q32_t532
33249,q32_t533
33250,q32_t533
33250,q32_t534
33251,q32_t534
33251,q32_t535
33251,q36_t534
33251,q36_t535
33252,q32_t535
33252,q32_t536
33253,q32_t536
33253,q32_t537
33254,q32_t537
33254,q32_t538
33254,q37_t537
33254,q37_t538
33255,q32_t538
33255,q32_t539
33256,q32_t539
33256,q32_t540
33257,q32_t540
33257,q32_t541
33257,q38_t540
33257,q38_t541
33258,q32_t541
33258,q32_t542
33259,q32_t542
33259,q32_t543
33260,q32_t543
33260,q32_t544
33260,q39_t543
33260,q39_t544
33261,q32_t544
33261,q32_t545
33262,q32_t545
33262,q32_t546
33263,q32_t546
33263,q32_t547
33263,q40_t546
33263,q40_t547
33264,q32_t547
33264,q32_t548
33265,q32_t548
33265,q32_t549
33266,q32_t549
33266,q32_t550
33266,q41_t549
33266,q41_t550
33267,q32_t550
33267,q32_t551
33268,q32_t551
33268,q32_t552
33269,q32_t552
33269,q32_t553
33269,q42_t552
33269,q42_t553
33270,q32_t553
33270,q32_t554
33271,q32_t554
33271,q32_t555
33272,q32_t555
33272,q32_t556
33272,q43_t555
33272,q43_t556
33273,q32_t556
33273,q32_t557
33274,q32_t557
33274,q32_t558
33275,q32_t558
33275,q32_t559
33275,q44_t558
33275,q44_t559
33276,q32_t559
33276,q32_t560
33277,q32_t560
33277,q32_t561
33278,q32_t561
33278,q32_t562
33278,q45_t561
33278,q45_t562
33279,q32_t562
33279,q32_t563
33280,q32_t563
33280,q32_t564
33281,q32_t564
33281,q32_t565
33281,q46_t564
33281,q46_t565
33282,q32_t565
33282,q32_t566
33283,q32_t566
33283,q32_t567
33284,q32_t567
33284,q32_t568
33284,q47_t567
33284,q47_t568
33285,q32_t568
33285,q32_t569
33286,q32_t569
33286,q32_t570
33287,q32_t570
33287,q32_t571
33287,q48_t570
33287,q48_t571
33288,q32_t571
33288,q32_t572
33289,q32_t572
33289,q32_t573
33290,q32_t573
33290,q32_t574
33290,q49_t573
33290,q49_t574
33291,q32_t574
33291,q32_t575
33292,q32_t575
33292,q32_t576
33293,q32_t576
33293,q32_t577
33293,q50_t576
33293,q50_t577
33294,q32_t577
33294,q32_t578
33295,q32_t578
33295,q32_t579
33296,q32_t579
33296,q32_t580
33296,q51_t579
33296,q51_t580
33297,q32_t580
33297,q32_t581
33298,q32_t581
33298,q32_t582
33299,q32_t582
33299,q32_t583
33299,q52_t582
33299,q52_t583
33300,q32_t583
33300,q32_t584
33301,q32_t584
33301,q32_t585
33302,q32_t585
33302,q32_t586
33302,q53_t585
33302,q53_t586
33303,q32_t586
33303,q32_t587
33304,q32_t587
33304,q32_t588
33305,q32_t588
33305,q32_t589
33305,q54_t588
33305,q54_t589
33306,q32_t589
33306,q32_t590
33307,q32_t590
33307,q32_t591
33308,q32_t591
33308,q32_t592
33308,q55_t591
33308,q55_t592
33309,q32_t592
33309,q32_t593
33310,q32_t593
33310,q32_t594
33311,q32_t594
33311,q32_t595
33311,q56_t594
33311,q56_t595
33312,q32_t595
33312,q32_t596
33313,q32_t596
33313,q32_t597
33314,q32_t597
33314,q32_t598
33314,q57_t597
33314,q57_t598
33315,q32_t598
33315,q32_t599
33316,q32_t599
33316,q32_t600
33317,q32_t600
33317,q32_t601
33317,q58_t600
33317,q58_t601
33318,q32_t601
33318,q32_t602
33319,q32_t602
33319,q32_t603
33320,q32_t603
33320,q32_t604
33320,q59_t603
33320,q59_t604
33321,q32_t604
33321,q32_t605
33322,q32_t605
33322,q32_t606
33323,q32_t606
33323,q32_t607
33323,q60_t606
33323,q60_t607
33324,q32_t607
33324,q32_t608
33325,q32_t608
33325,q32_t609
33326,q32_t609
33326,q32_t610
33326,q61_t609
33326,q61_t610
33327,q32_t610
33327,q32_t611
33328,q32_t611
33328,q32_t612
33329,q32_t612
33329,q32_t613
33329,q62_t612
33329,q62_t613
33330,q32_t613
33330,q32_t614
33331,q32_t614
33331,q32_t615
33332,q32_t615
33332,q32_t616
33332,q63_t615
33332,q63_t616
33333,q32_t616
33333,q32_t617
33334,q32_t617
33334,q32_t618
33335,q32_t618
33335,q32_t619
33335,q64_t618
33335,q64_t619
33336,q32_t619
33336,q32_t620
33337,q32_t620
33337,q32_t621
33338,q32_t621
33338,q32_t622
33338,q65_t621
33338,q65_t622
33339,q32_t622
33339,q32_t623
33340,q32_t623
33340,q32_t624
33341,q32_t624
33341,q32_t625
33341,q66_t624
33341,q66_t625
33342,q32_t625
33342,q32_t626
33343,q32_t626
33343,q32_t627
33344,q32_t627
33344,q32_t628
33344,q67_t627
33344,q67_t628
33345,q32_t628
33345,q32_t629
33346,q32_t629
33346,q32_t630
33347,q32_t630
33347,q32_t631
33347,q68_t630
33347,q68_t631
33348,q32_t631
33348,q32_t632
33349,q32_t632
33349,q32_t633
33350,q32_t633
33350,q32_t634
33350,q69_t633
33350,q69_t634
33351,q32_t634
33351,q32_t635
33352,q32_t635
33352,q32_t636
33353,q32_t636
33353,q32_t637
33353,q70_t636
33353,q70_t637
33354,q32_t637
33354,q32_t638
33355,q32_t638
33355,q32_t639
33356,q32_t639
33356,q32_t640
33356,q71_t639
33356,q71_t640
33357,q32_t640
33357,q32_t641
33358,q32_t641
33358,q32_t642
33359,q32_t642
33359,q32_t643
33359,q72_t642
33359,q72_t643
33360,q32_t643
33360,q32_t644
33361,q32_t644
33361,q32_t645
33362,q32_t645
33362,q32_t646
33362,q73_t645
33362,q73_t646
33363,q32_t646
33363,q32_t647
33364,q32_t647
33364,q32_t648
33365,q32_t648
33365,q32_t649
33365,q74_t648
33365,q74_t649
33366,q32_t649
33366,q32_t650
33367,q32_t650
33367,q32_t651
33368,q32_t651
33368,q32_t652
33368,q75_t651
33368,q75_t652
33369,q32_t652
33369,q32_t653
33370,q32_t653
33370,q32_t654
33371,q32_t654
33371,q32_t655
33371,q76_t654
33371,q76_t655
33372,q32_t655
33372,q32_t656
33373,q32_t656
33373,q32_t657
33374,q32_t657
33374,q32_t658
33374,q77_t657
33374,q77_t658
33375,q32_t658
33375,q32_t659
33376,q32_t659
33376,q32_t660
33377,q32_t660
33377,q32_t661
33377,q78_t660
33377,q78_t661
33378,q32_t661
33378,q32_t662
33379,q32_t662
33379,q32_t663
33380,q32_t663
33380,q32_t664
33380,q79_t663
33380,q79_t664
33381,q32_t664
33381,q32_t665
33382,q32_t665
33382,q32_t666
33383,q32_t666
33383,q32_t667
33383,q80_t666
33383,q80_t667
33384,q32_t667
33384,q32_t668
33385,q32_t668
33385,q32_t669
33386,q32_t669
33386,q32_t670
33386,q81_t669
33386,q81_t670
33387,q32_t670
33387,q32_t671
33388,q32_t671
33388,q32_t672
33389,q32_t672
33389,q32_t673
33389,q82_t672
33389,q82_t673
33390,q32_t673
33390,q32_t674
33391,q32_t674
33391,q32_t675
33392,q32_t675
33392,q32_t676
33392,q83_t675
33392,q83_t676
33393,q32_t676
33393,q32_t677
33394,q32_t677
33394,q32_t678
33395,q32_t678
33395,q32_t679
33395,q84_t678
33395,q84_t679
33396,q32_t679
33396,q32_t680
33397,q32_t680
33397,q32_t681
33398,q32_t681
33398,q32_t682
33398,q85_t681
33398,q85_t682
33399,q32_t682
33399,q32_t683
33400,q32_t683
33400,q32_t684
33401,q32_t684
33401,q32_t685
33401,q86_t684
33401,q86_t685
33402,q32_t685
33402,q32_t686
33403,q32_t686
33403,q32_t687
33404,q32_t687
33404,q32_t688
33404,q87_t687
33404,q87_t688
33405,q32_t688
33405,q32_t689
33406,q32_t689
33406,q32_t690
33407,q32_t690
33407,q32_t691
33407,q88_t690
33407,q88_t691
33408,q32_t691
33408,q32_t692
33409,q32_t692
33409,q32_t693
33410,q32_t693
33410,q32_t694
33410,q89_t693
33410,q89_t694
33411,q32_t694
33411,q32_t695
33412,q32_t695
33412,q32_t696
33413,q32_t696
33413,q32_t697
33413,q90_t696
33413,q90_t697
33414,q32_t697
33414,q32_t698
33415,q32_t698
33415,q32_t699
33416,q32_t699
33416,q32_t700
33416,q91_t699
33416,q91_t700
33417,q32_t700
33417,q32_t701
33418,q32_t701
33418,q32_t702
33419,q32_t702
33419,q32_t703
33419,q92_t702
33419,q92_t703
33420,q32_t703
33420,q32_t704
33421,q32_t704
33421,q32_t705
33422,q32_t705
33422,q32_t706
33422,q93_t705
33422,q93_t706
33423,q32_t706
33423,q32_t707
33424,q32_t707
33424,q32_t708
33425,q32_t708
33425,q32_t709
33425,q94_t708
33425,q94_t709
33426,q32_t709
33426,q32_t710
33427,q32_t710
33427,q32_t711
33428,q32_t711
33428,q32_t712
33428,q95_t711
33428,q95_t712
33429,q32_t712
33429,q32_t713
33430,q32_t713
33430,q32_t714
33431,q32_t714
33431,q32_t715
33431,q96_t714
33431,q96_t715
33432,q32_t715
33432,q32_t716
33433,q32_t716
33433,q32_t717
33434,q32_t717
33434,q32_t718
33434,q97_t717
33434,q97_t718
33435,q32_t718
33435,q32_t719
33436,q32_t719
33436,q32_t720
33437,q32_t720
33437,q32_t721
33437,q98_t720
33437,q98_t721
33438,q32_t721
33438,q32_t722
33439,q32_t722
33439,q32_t723
33440,q32_t723
33440,q32_t724
33440,q99_t723
33440,q99_t724
33441,q32_t724
33441,q32_t725
33442,q32_t725
33442,q32_t726
33443,q32_t727
33443,q32_t728
33444,q32_t728
33444,q32_t729
33445,q32_t730
33445,q32_t731
33446,q32_t731
33446,q32_t732
33447,q32_t733
33447,q32_t734
33448,q32_t734
33448,q32_t735
33449,q32_t736
33449,q32_t737
33450,q32_t737
33450,q32_t738
33451,q32_t739
33451,q32_t740
33452,q32_t740
33452,q32_t741
33453,q32_t742
33453,q32_t743
33454,q32_t743
33454,q32_t744
33455,q32_t745
33455,q32_t746
33456,q32_t746
33456,q32_t747
33457,q32_t748
33457,q32_t749
33458,q32_t749
33458,q32_t750
33459,q32_t751
33459,q32_t752
33460,q32_t752
33460,q32_t753
33461,q32_t754
33461,q32_t755
33462,q32_t755
33462,q32_t756
33463,q32_t756
33463,q32_t757
33464,q32_t758
33464,q32_t759
33465,q32_t759
33465,q32_t760
33466,q32_t761
33466,q32_t762
33467,q32_t762
33467,q32_t763
33468,q32_t764
33468,q32_t765
33469,q32_t765
33469,q32_t766
33470,q32_t766
33470,q32_t767
33470,q3_t766
33470,q3_t767
33471,q32_t767
33471,q32_t768
33472,q32_t768
33472,q32_t769
33473,q32_t769
33473,q32_t770
33473,q4_t769
33473,q4_t770
33474,q32_t770
33474,q32_t771
33475,q32_t771
33475,q32_t772
33476,q32_t772
33476,q32_t773
33476,q5_t772
33476,q5_t773
33477,q32_t773
33477,q32_t774
33478,q32_t774
33478,q32_t775
33479,q32_t775
33479,q32_t776
33479,q6_t775
33479,q6_t776
33480,q32_t776
33480,q32_t777
33481,q32_t777
33481,q32_t778
33482,q32_t778
33482,q32_t779
33482,q7_t778
33482,q7_t779
33483,q32_t779
33483,q32_t780
33484,q32_t780
33484,q32_t781
33485,q32_t781
33485,q32_t782
33485,q8_t781
33485,q8_t782
33486,q32_t782
33486,q32_t783
33487,q32_t783
33487,q32_t784
33488,q32_t784
33488,q32_t785
33488,q9_t784
33488,q9_t785
33489,q32_t785
33489,q32_t786
33490,q32_t786
33490,q32_t787
33491,q32_t788
33491,q32_t789
33492,q32_t789
33492,q32_t790
33493,q32_t791
33493,q32_t792
33494,q32_t792
33494,q32_t793
33495,q32_t794
33495,q32_t795
33496,q32_t795
33496,q32_t796
33497,q32_t797
33497,q32_t798
33498,q32_t798
33498,q32_t799
33499,q32_t800
33499,q32_t801
33500,q32_t801
33500,q32_t802
33501,q32_t803
33501,q32_t804
33502,q32_t804
33502,q32_t805
33503,q32_t806
33503,q32_t807
33504,q32_t807
33504,q32_t808
33505,q32_t809
33505,q32_t810
33506,q32_t810
33506,q32_t811
33507,q32_t812
33507,q32_t813
33508,q32_t813
33508,q32_t814
33509,q32_t815
33509,q32_t816
33510,q32_t816
33510,q32_t817
33511,q32_t818
33511,q32_t819
33512,q32_t819
33512,q32_t820
33513,q32_t821
33513,q32_t822
33514,q32_t822
33514,q32_t823
33515,q32_t824
33515,q32_t825
33516,q32_t825
33516,q32_t826
33517,q32_t827
33517,q32_t828
33518,q32_t828
33518,q32_t829
33519,q32_t830
33519,q32_t831
33520,q32_t831
33520,q32_t832
33521,q32_t833
33521,q32_t834
33522,q32_t834
33522,q32_t835
33523,q32_t836
33523,q32_t837
33524,q32_t837
33524,q32_t838
33525,q32_t839
33525,q32_t840
33526,q32_t840
33526,q32_t841
33527,q32_t842
33527,q32_t843
33528,q32_t843
33528,q32_t844
33529,q32_t845
33529,q32_t846
33530,q32_t846
33530,q32_t847
33531,q32_t848
33531,q32_t849
33532,q32_t849
33532,q32_t850
33533,q32_t851
33533,q32_t852
33534,q32_t852
33534,q32_t856
33535,q32_t856
33535,q32_t857
33535,q33_t856
33535,q33_t857
33536,q32_t857
33536,q32_t858
33537,q32_t858
33537,q32_t859
33538,q32_t859
33538,q32_t860
33538,q34_t859
33538,q34_t860
33539,q32_t860
33539,q32_t861
33540,q32_t861
33540,q32_t862
33541,q32_t862
33541,q32_t863
33541,q35_t862
33541,q35_t863
33542,q32_t863
33542,q32_t864
33543,q32_t864
33543,q32_t865
33544,q32_t865
33544,q32_t866
33544,q36_t865
33544,q36_t866
33545,q32_t866
33545,q32_t867
33546,q32_t867
33546,q32_t868
33547,q32_t868
33547,q32_t869
33547,q37_t868
33547,q37_t869
33548,q32_t869
33548,q32_t870
33549,q32_t870
33549,q32_t871
33550,q32_t871
33550,q32_t872
33550,q38_t871
33550,q38_t872
33551,q32_t872
33551,q32_t873
33552,q32_t873
33552,q32_t874
33553,q32_t874
33553,q32_t875
33553,q39_t874
33553,q39_t875
33554,q32_t875
33554,q32_t876
33555,q32_t876
33555,q32_t877
33556,q32_t877
33556,q32_t878
33556,q40_t877
33556,q40_t878
33557,q32_t878
33557,q32_t879
33558,q32_t879
33558,q32_t880
33559,q32_t880
33559,q32_t881
33559,q41_t880
33559,q41_t881
33560,q32_t881
33560,q32_t882
33561,q32_t882
33561,q32_t883
33562,q32_t883
33562,q32_t884
33562,q42_t883
33562,q42_t884
33563,q32_t884
33563,q32_t885
33564,q32_t885
33564,q32_t886
33565,q32_t886
33565,q32_t887
33565,q43_t886
33565,q43_t887
33566,q32_t887
33566,q32_t888
33567,q32_t888
33567,q32_t889
33568,q32_t889
33568,q32_t890
33568,q44_t889
33568,q44_t890
33569,q32_t890
33569,q32_t891
33570,q32_t891
33570,q32_t892
33571,q32_t892
33571,q32_t893
33571,q45_t892
33571,q45_t893
33572,q32_t893
33572,q32_t894
33573,q32_t894
33573,q32_t895
33574,q32_t895
33574,q32_t896
33574,q46_t895
33574,q46_t896
33575,q32_t896
33575,q32_t897
33576,q32_t897
33576,q32_t898
33577,q32_t898
33577,q32_t899
33577,q47_t898
33577,q47_t899
33578,q32_t899
33578,q32_t900
33579,q32_t900
33579,q32_t901
33580,q32_t901
33580,q32_t902
33580,q48_t901
33580,q48_t902
33581,q32_t902
33581,q32_t903
33582,q32_t903
33582,q32_t904
33583,q32_t904
33583,q32_t905
33583,q49_t904
33583,q49_t905
33584,q32_t905
33584,q32_t906
33585,q32_t906
33585,q32_t907
33586,q32_t907
33586,q32_t908
33586,q50_t907
33586,q50_t908
33587,q32_t908
33587,q32_t909
33588,q32_t909
33588,q32_t910
33589,q32_t910
33589,q32_t911
33589,q51_t910
33589,q51_t911
33590,q32_t911
33590,q32_t912
33591,q32_t912
33591,q32_t913
33592,q32_t913
33592,q32_t914
33592,q52_t913
33592,q52_t914
33593,q32_t914
33593,q32_t915
33594,q32_t915
33594,q32_t916
33595,q32_t916
33595,q32_t917
33595,q53_t916
33595,q53_t917
33596,q32_t917
33596,q32_t918
33597,q32_t918
33597,q32_t919
33598,q32_t919
33598,q32_t920
33598,q54_t919
33598,q54_t920
33599,q32_t920
33599,q32_t921
33600,q32_t921
33600,q32_t922
33601,q32_t922
33601,q32_t923
33601,q55_t922
33601,q55_t923
33602,q32_t923
33602,q32_t924
33603,q32_t924
33603,q32_t925
33604,q32_t925
33604,q32_t926
33604,q56_t925
33604,q56_t926
33605,q32_t926
33605,q32_t927
33606,q32_t927
33606,q32_t928
33607,q32_t928
33607,q32_t929
33607,q57_t928
33607,q57_t929
33608,q32_t929
33608,q32_t930
33609,q32_t930
33609,q32_t931
33610,q32_t931
33610,q32_t932
33610,q58_t931
33610,q58_t932
33611,q32_t932
33611,q32_t933
33612,q32_t933
33612,q32_t934
33613,q32_t934
33613,q32_t935
33613,q59_t934
33613,q59_t935
33614,q32_t935
33614,q32_t936
33615,q32_t936
33615,q32_t937
33616,q32_t937
33616,q32_t938
33616,q60_t937
33616,q60_t938
33617,q32_t938
33617,q32_t939
33618,q32_t939
33618,q32_t940
33619,q32_t940
33619,q32_t941
33619,q61_t940
33619,q61_t941
33620,q32_t941
33620,q32_t942
33621,q32_t942
33621,q32_t943
33622,q32_t943
33622,q32_t944
33622,q62_t943
33622,q62_t944
33623,q32_t944
33623,q32_t945
33624,q32_t945
33624,q32_t946
33625,q32_t946
33625,q32_t947
33625,q63_t946
33625,q63_t947
33626,q32_t947
33626,q32_t948
33627,q32_t948
33627,q32_t949
33628,q32_t949
33628,q32_t950
33628,q64_t949
33628,q64_t950
33629,q32_t950
33629,q32_t951
33630,q32_t951
33630,q32_t952
33631,q32_t952
33631,q32_t953
33631,q65_t952
33631,q65_t953
33632,q32_t953
33632,q32_t954
33633,q32_t954
33633,q32_t955
33634,q32_t955
33634,q32_t956
33634,q66_t955
33634,q66_t956
33635,q32_t956
33635,q32_t957
33636,q32_t957
33636,q32_t958
33637,q32_t958
33637,q32_t959
33637,q67_t958
33637,q67_t959
33638,q32_t959
33638,q32_t960
33639,q32_t96
33639,q32_t97
33640,q32_t960
33640,q32_t961
33641,q32_t961
33641,q32_t962
33641,q68_t961
33641,q68_t962
33642,q32_t962
33642,q32_t963
33643,q32_t963
33643,q32_t964
33644,q32_t964
33644,q32_t965
33644,q69_t964
33644,q69_t965
33645,q32_t965
33645,q32_t966
33646,q32_t966
33646,q32_t967
33647,q32_t967
33647,q32_t968
33647,q70_t967
33647,q70_t968
33648,q32_t968
33648,q32_t969
33649,q32_t969
33649,q32_t970
33650,q32_t97
33650,q32_t98
33651,q32_t970
33651,q32_t971
33651,q71_t970
33651,q71_t971
33652,q32_t971
33652,q32_t972
33653,q32_t972
33653,q32_t973
33654,q32_t973
33654,q32_t974
33654,q72_t973
33654,q72_t974
33655,q32_t974
33655,q32_t975
33656,q32_t975
33656,q32_t976
33657,q32_t976
33657,q32_t977
33657,q73_t976
33657,q73_t977
33658,q32_t977
33658,q32_t978
33659,q32_t978
33659,q32_t979
33660,q32_t979
33660,q32_t980
33660,q74_t979
33660,q74_t980
33661,q32_t980
33661,q32_t981
33662,q32_t981
33662,q32_t982
33663,q32_t982
33663,q32_t983
33663,q75_t982
33663,q75_t983
33664,q32_t983
33664,q32_t984
33665,q32_t984
33665,q32_t985
33666,q32_t985
33666,q32_t986
33666,q76_t985
33666,q76_t986
33667,q32_t986
33667,q32_t987
33668,q32_t987
33668,q32_t988
33669,q32_t988
33669,q32_t989
33669,q77_t988
33669,q77_t989
33670,q32_t989
33670,q32_t990
33671,q32_t990
33671,q32_t991
33672,q32_t991
33672,q32_t992
33672,q78_t991
33672,q78_t992
33673,q32_t992
33673,q32_t993
33674,q32_t993
33674,q32_t994
33675,q32_t994
33675,q32_t995
33675,q79_t994
33675,q79_t995
33676,q32_t995
33676,q32_t996
33677,q32_t996
33677,q32_t997
33678,q32_t997
33678,q32_t998
33678,q80_t997
33678,q80_t998
33679,q32_t998
33679,q32_t999
33680,q33_t0
33680,q33_t1
33681,q33_t1
33681,q33_t98
33682,q33_t100
33682,q33_t101
33683,q33_t100
33683,q33_t99
33684,q33_t1000
33684,q33_t1001
33684,q80_t1000
33684,q80_t1001
33685,q33_t1000
33685,q33_t999
33686,q33_t1001
33686,q33_t1002
33687,q33_t1002
33687,q33_t1003
33688,q33_t1003
33688,q33_t1004
33688,q81_t1003
33688,q81_t1004
33689,q33_t1004
33689,q33_t1005
33690,q33_t1005
33690,q33_t1006
33691,q33_t1006
33691,q33_t1007
33691,q82_t1006
33691,q82_t1007
33692,q33_t1007
33692,q33_t1008
33693,q33_t1008
33693,q33_t1009
33694,q33_t1009
33694,q33_t1010
33694,q83_t1009
33694,q83_t1010
33695,q33_t1010
33695,q33_t1011
33696,q33_t1011
33696,q33_t1012
33697,q33_t1012
33697,q33_t1013
33697,q84_t1012
33697,q84_t1013
33698,q33_t1013
33698,q33_t1014
33699,q33_t1014
33699,q33_t1015
33700,q33_t1015
33700,q33_t1016
33700,q85_t1015
33700,q85_t1016
33701,q33_t1016
33701,q33_t1017
33702,q33_t1017
33702,q33_t1018
33703,q33_t1018
33703,q33_t1019
33703,q86_t1018
33703,q86_t1019
33704,q33_t1019
33704,q33_t1020
33705,q33_t102
33705,q33_t103
33706,q33_t1020
33706,q33_t1021
33707,q33_t1021
33707,q33_t1022
33707,q87_t1021
33707,q87_t1022
33708,q33_t1022
33708,q33_t1023
33709,q33_t1023
33709,q33_t1024
33710,q33_t1024
33710,q33_t1025
33710,q88_t1024
33710,q88_t1025
33711,q33_t1025
33711,q33_t1026
33712,q33_t1026
33712,q33_t1027
33713,q33_t1027
33713,q33_t1028
33713,q89_t1027
33713,q89_t1028
33714,q33_t1028
33714,q33_t1029
33715,q33_t1029
33715,q33_t1030
33716,q33_t103
33716,q33_t104
33717,q33_t1030
33717,q33_t1031
33717,q90_t1030
33717,q90_t1031
33718,q33_t1031
33718,q33_t1032
33719,q33_t1032
33719,q33_t1033
33720,q33_t1033
33720,q33_t1034
33720,q91_t1033
33720,q91_t1034
33721,q33_t1034
33721,q33_t1035
33722,q33_t1035
33722,q33_t1036
33723,q33_t1036
33723,q33_t1037
33723,q92_t1036
33723,q92_t1037
33724,q33_t1037
33724,q33_t1038
33725,q33_t1038
33725,q33_t1039
33726,q33_t1039
33726,q33_t1040
33726,q93_t1039
33726,q93_t1040
33727,q33_t1040
33727,q33_t1041
33728,q33_t1041
33728,q33_t1042
33729,q33_t1042
33729,q33_t1043
33729,q94_t1042
33729,q94_t1043
33730,q33_t1043
33730,q33_t1044
33731,q33_t1044
33731,q33_t1045
33732,q33_t1045
33732,q33_t1046
33732,q95_t1045
33732,q95_t1046
33733,q33_t1046
33733,q33_t1047
33734,q33_t1047
33734,q33_t1048
33735,q33_t1048
33735,q33_t1049
33735,q96_t1048
33735,q96_t1049
33736,q33_t1049
33736,q33_t1050
33737,q33_t105
33737,q33_t106
33738,q33_t1050
33738,q33_t1051
33739,q33_t1051
33739,q33_t1052
33739,q97_t1051
33739,q97_t1052
33740,q33_t1052
33740,q33_t1053
33741,q33_t1053
33741,q33_t1054
33742,q33_t1054
33742,q33_t1055
33742,q98_t1054
33742,q98_t1055
33743,q33_t1055
33743,q33_t1056
33744,q33_t1056
33744,q33_t1057
33745,q33_t1057
33745,q33_t1058
33745,q99_t1057
33745,q99_t1058
33746,q33_t1058
33746,q33_t1059
33747,q33_t1059
33747,q33_t1060
33748,q33_t106
33748,q33_t107
33749,q33_t1061
33749,q33_t1062
33750,q33_t1062
33750,q33_t1063
33751,q33_t1064
33751,q33_t1065
33752,q33_t1065
33752,q33_t1066
33753,q33_t1067
33753,q33_t1068
33754,q33_t1068
33754,q33_t1069
33755,q33_t107
33755,q33_t108
33755,q3_t107
33755,q3_t108
33756,q33_t1070
33756,q33_t1071
33757,q33_t1071
33757,q33_t1072
33758,q33_t1073
33758,q33_t1074
33759,q33_t1074
33759,q33_t1075
33760,q33_t1076
33760,q33_t1077
33761,q33_t1077
33761,q33_t1078
33762,q33_t1079
33762,q33_t1080
33763,q33_t108
33763,q33_t109
33764,q33_t1080
33764,q33_t1081
33765,q33_t1082
33765,q33_t1083
33766,q33_t1083
33766,q33_t1084
33767,q33_t1085
33767,q33_t1086
33768,q33_t1086
33768,q33_t1087
33769,q33_t1088
33769,q33_t1089
33770,q33_t1089
33770,q33_t1090
33771,q33_t109
33771,q33_t110
33772,q33_t110
33772,q33_t111
33772,q4_t110
33772,q4_t111
33773,q33_t111
33773,q33_t112
33774,q33_t112
33774,q33_t113
33775,q33_t113
33775,q33_t114
33775,q5_t113
33775,q5_t114
33776,q33_t114
33776,q33_t115
33777,q33_t115
33777,q33_t116
33778,q33_t116
33778,q33_t117
33778,q6_t116
33778,q6_t117
33779,q33_t117
33779,q33_t118
33780,q33_t118
33780,q33_t119
33781,q33_t119
33781,q33_t120
33781,q7_t119
33781,q7_t120
33782,q33_t120
33782,q33_t121
33783,q33_t121
33783,q33_t122
33784,q33_t122
33784,q33_t123
33784,q8_t122
33784,q8_t123
33785,q33_t123
33785,q33_t124
33786,q33_t124
33786,q33_t125
33787,q33_t125
33787,q33_t126
33787,q9_t125
33787,q9_t126
33788,q33_t126
33788,q33_t127
33789,q33_t127
33789,q33_t128
33790,q33_t129
33790,q33_t130
33791,q33_t130
33791,q33_t131
33792,q33_t132
33792,q33_t133
33793,q33_t133
33793,q33_t134
33794,q33_t135
33794,q33_t136
33795,q33_t136
33795,q33_t137
33796,q33_t138
33796,q33_t139
33797,q33_t139
33797,q33_t140
33798,q33_t141
33798,q33_t142
33799,q33_t142
33799,q33_t143
33800,q33_t144
33800,q33_t145
33801,q33_t145
33801,q33_t146
33802,q33_t147
33802,q33_t148
33803,q33_t148
33803,q33_t149
33804,q33_t150
33804,q33_t151
33805,q33_t151
33805,q33_t152
33806,q33_t153
33806,q33_t154
33807,q33_t154
33807,q33_t155
33808,q33_t156
33808,q33_t157
33809,q33_t157
33809,q33_t158
33810,q33_t159
33810,q33_t160
33811,q33_t160
33811,q33_t161
33812,q33_t162
33812,q33_t163
33813,q33_t163
33813,q33_t164
33814,q33_t165
33814,q33_t166
33815,q33_t166
33815,q33_t167
33816,q33_t168
33816,q33_t169
33817,q33_t169
33817,q33_t170
33818,q33_t171
33818,q33_t172
33819,q33_t172
33819,q33_t173
33820,q33_t174
33820,q33_t175
33821,q33_t175
33821,q33_t176
33822,q33_t177
33822,q33_t178
33823,q33_t178
33823,q33_t179
33824,q33_t180
33824,q33_t181
33825,q33_t181
33825,q33_t182
33826,q33_t183
33826,q33_t184
33827,q33_t184
33827,q33_t185
33828,q33_t186
33828,q33_t187
33829,q33_t187
33829,q33_t188
33830,q33_t189
33830,q33_t190
33831,q33_t190
33831,q33_t191
33832,q33_t192
33832,q33_t193
33833,q33_t193
33833,q33_t194
33834,q33_t195
33834,q33_t196
33835,q33_t196
33835,q33_t200
33836,q33_t200
33836,q33_t201
33836,q34_t200
33836,q34_t201
33837,q33_t201
33837,q33_t202
33838,q33_t202
33838,q33_t203
33839,q33_t203
33839,q33_t204
33839,q35_t203
33839,q35_t204
33840,q33_t204
33840,q33_t205
33841,q33_t205
33841,q33_t206
33842,q33_t206
33842,q33_t207
33842,q36_t206
33842,q36_t207
33843,q33_t207
33843,q33_t208
33844,q33_t208
33844,q33_t209
33845,q33_t209
33845,q33_t210
33845,q37_t209
33845,q37_t210
33846,q33_t210
33846,q33_t211
33847,q33_t211
33847,q33_t212
33848,q33_t212
33848,q33_t213
33848,q38_t212
33848,q38_t213
33849,q33_t213
33849,q33_t214
33850,q33_t214
33850,q33_t215
33851,q33_t215
33851,q33_t216
33851,q39_t215
33851,q39_t216
33852,q33_t216
33852,q33_t217
33853,q33_t217
33853,q33_t218
33854,q33_t218
33854,q33_t219
33854,q40_t218
33854,q40_t219
33855,q33_t219
33855,q33_t220
33856,q33_t220
33856,q33_t221
33857,q33_t221
33857,q33_t222
33857,q41_t221
33857,q41_t222
33858,q33_t222
33858,q33_t223
33859,q33_t223
33859,q33_t224
33860,q33_t224
33860,q33_t225
33860,q42_t224
33860,q42_t225
33861,q33_t225
33861,q33_t226
33862,q33_t226
33862,q33_t227
33863,q33_t227
33863,q33_t228
33863,q43_t227
33863,q43_t228
33864,q33_t228
33864,q33_t229
33865,q33_t229
33865,q33_t230
33866,q33_t230
33866,q33_t231
33866,q44_t230
33866,q44_t231
33867,q33_t231
33867,q33_t232
33868,q33_t232
33868,q33_t233
33869,q33_t233
33869,q33_t234
33869,q45_t233
33869,q45_t234
33870,q33_t234
33870,q33_t235
33871,q33_t235
33871,q33_t236
33872,q33_t236
33872,q33_t237
33872,q46_t236
33872,q46_t237
33873,q33_t237
33873,q33_t238
33874,q33_t238
33874,q33_t239
33875,q33_t239
33875,q33_t240
33875,q47_t239
33875,q47_t240
33876,q33_t240
33876,q33_t241
33877,q33_t241
33877,q33_t242
33878,q33_t242
33878,q33_t243
33878,q48_t242
33878,q48_t243
33879,q33_t243
33879,q33_t244
33880,q33_t244
33880,q33_t245
33881,q33_t245
33881,q33_t246
33881,q49_t245
33881,q49_t246
33882,q33_t246
33882,q33_t247
33883,q33_t247
33883,q33_t248
33884,q33_t248
33884,q33_t249
33884,q50_t248
33884,q50_t249
33885,q33_t249
33885,q33_t250
33886,q33_t250
33886,q33_t251
33887,q33_t251
33887,q33_t252
33887,q51_t251
33887,q51_t252
33888,q33_t252
33888,q33_t253
33889,q33_t253
33889,q33_t254
33890,q33_t254
33890,q33_t255
33890,q52_t254
33890,q52_t255
33891,q33_t255
33891,q33_t256
33892,q33_t256
33892,q33_t257
33893,q33_t257
33893,q33_t258
33893,q53_t257
33893,q53_t258
33894,q33_t258
33894,q33_t259
33895,q33_t259
33895,q33_t260
33896,q33_t260
33896,q33_t261
33896,q54_t260
33896,q54_t261
33897,q33_t261
33897,q33_t262
33898,q33_t262
33898,q33_t263
33899,q33_t263
33899,q33_t264
33899,q55_t263
33899,q55_t264
33900,q33_t264
33900,q33_t265
33901,q33_t265
33901,q33_t266
33902,q33_t266
33902,q33_t267
33902,q56_t266
33902,q56_t267
33903,q33_t267
33903,q33_t268
33904,q33_t268
33904,q33_t269
33905,q33_t269
33905,q33_t270
33905,q57_t269
33905,q57_t270
33906,q33_t270
33906,q33_t271
33907,q33_t271
33907,q33_t272
33908,q33_t272
33908,q33_t273
33908,q58_t272
33908,q58_t273
33909,q33_t273
33909,q33_t274
33910,q33_t274
33910,q33_t275
33911,q33_t275
33911,q33_t276
33911,q59_t275
33911,q59_t276
33912,q33_t276
33912,q33_t277
33913,q33_t277
33913,q33_t278
33914,q33_t278
33914,q33_t279
33914,q60_t278
33914,q60_t279
33915,q33_t279
33915,q33_t280
33916,q33_t280
33916,q33_t281
33917,q33_t281
33917,q33_t282
33917,q61_t281
33917,q61_t282
33918,q33_t282
33918,q33_t283
33919,q33_t283
33919,q33_t284
33920,q33_t284
33920,q33_t285
33920,q62_t284
33920,q62_t285
33921,q33_t285
33921,q33_t286
33922,q33_t286
33922,q33_t287
33923,q33_t287
33923,q33_t288
33923,q63_t287
33923,q63_t288
33924,q33_t288
33924,q33_t289
33925,q33_t289
33925,q33_t290
33926,q33_t290
33926,q33_t291
33926,q64_t290
33926,q64_t291
33927,q33_t291
33927,q33_t292
33928,q33_t292
33928,q33_t293
33929,q33_t293
33929,q33_t294
33929,q65_t293
33929,q65_t294
33930,q33_t294
33930,q33_t295
33931,q33_t295
33931,q33_t296
33932,q33_t296
33932,q33_t297
33932,q66_t296
33932,q66_t297
33933,q33_t297
33933,q33_t298
33934,q33_t298
33934,q33_t299
33935,q33_t299
33935,q33_t300
33935,q67_t299
33935,q67_t300
33936,q33_t300
33936,q33_t301
33937,q33_t301
33937,q33_t302
33938,q33_t302
33938,q33_t303
33938,q68_t302
33938,q68_t303
33939,q33_t303
33939,q33_t304
33940,q33_t304
33940,q33_t305
33941,q33_t305
33941,q33_t306
33941,q69_t305
33941,q69_t306
33942,q33_t306
33942,q33_t307
33943,q33_t307
33943,q33_t308
33944,q33_t308
33944,q33_t309
33944,q70_t308
33944,q70_t309
33945,q33_t309
33945,q33_t310
33946,q33_t310
33946,q33_t311
33947,q33_t311
33947,q33_t312
33947,q71_t311
33947,q71_t312
33948,q33_t312
33948,q33_t313
33949,q33_t313
33949,q33_t314
33950,q33_t314
33950,q33_t315
33950,q72_t314
33950,q72_t315
33951,q33_t315
33951,q33_t316
33952,q33_t316
33952,q33_t317
33953,q33_t317
33953,q33_t318
33953,q73_t317
33953,q73_t318
33954,q33_t318
33954,q33_t319
33955,q33_t319
33955,q33_t320
33956,q33_t320
33956,q33_t321
33956,q74_t320
33956,q74_t321
33957,q33_t321
33957,q33_t322
33958,q33_t322
33958,q33_t323
33959,q33_t323
33959,q33_t324
33959,q75_t323
33959,q75_t324
33960,q33_t324
33960,q33_t325
33961,q33_t325
33961,q33_t326
33962,q33_t326
33962,q33_t327
33962,q76_t326
33962,q76_t327
33963,q33_t327
33963,q33_t328
33964,q33_t328
33964,q33_t329
33965,q33_t329
33965,q33_t330
33965,q77_t329
33965,q77_t330
33966,q33_t330
33966,q33_t331
33967,q33_t331
33967,q33_t332
33968,q33_t332
33968,q33_t333
33968,q78_t332
33968,q78_t333
33969,q33_t333
33969,q33_t334
33970,q33_t334
33970,q33_t335
33971,q33_t335
33971,q33_t336
33971,q79_t335
33971,q79_t336
33972,q33_t336
33972,q33_t337
33973,q33_t337
33973,q33_t338
33974,q33_t338
33974,q33_t339
33974,q80_t338
33974,q80_t339
33975,q33_t339
33975,q33_t340
33976,q33_t340
33976,q33_t341
33977,q33_t341
33977,q33_t342
33977,q81_t341
33977,q81_t342
33978,q33_t342
33978,q33_t343
33979,q33_t343
33979,q33_t344
33980,q33_t344
33980,q33_t345
33980,q82_t344
33980,q82_t345
33981,q33_t345
33981,q33_t346
33982,q33_t346
33982,q33_t347
33983,q33_t347
33983,q33_t348
33983,q83_t347
33983,q83_t348
33984,q33_t348
33984,q33_t349
33985,q33_t349
33985,q33_t350
33986,q33_t350
33986,q33_t351
33986,q84_t350
33986,q84_t351
33987,q33_t351
33987,q33_t352
33988,q33_t352
33988,q33_t353
33989,q33_t353
33989,q33_t354
33989,q85_t353
33989,q85_t354
33990,q33_t354
33990,q33_t355
33991,q33_t355
33991,q33_t356
33992,q33_t356
33992,q33_t357
33992,q86_t356
33992,q86_t357
33993,q33_t357
33993,q33_t358
33994,q33_t358
33994,q33_t359
33995,q33_t359
33995,q33_t360
33995,q87_t359
33995,q87_t360
33996,q33_t360
33996,q33_t361
33997,q33_t361
33997,q33_t362
33998,q33_t362
33998,q33_t363
33998,q88_t362
33998,q88_t363
33999,q33_t363
33999,q33_t364
34000,q33_t364
34000,q33_t365
34001,q33_t365
34001,q33_t366
34001,q89_t365
34001,q89_t366
34002,q33_t366
34002,q33_t367
34003,q33_t367
34003,q33_t368
34004,q33_t368
34004,q33_t369
34004,q90_t368
34004,q90_t369
34005,q33_t369
34005,q33_t370
34006,q33_t370
34006,q33_t371
34007,q33_t371
34007,q33_t372
34007,q91_t371
34007,q91_t372
34008,q33_t372
34008,q33_t373
34009,q33_t373
34009,q33_t374
34010,q33_t374
34010,q33_t375
34010,q92_t374
34010,q92_t375
34011,q33_t375
34011,q33_t376
34012,q33_t376
34012,q33_t377
34013,q33_t377
34013,q33_t378
34013,q93_t377
34013,q93_t378
34014,q33_t378
34014,q33_t379
34015,q33_t379
34015,q33_t380
34016,q33_t380
34016,q33_t381
34016,q94_t380
34016,q94_t381
34017,q33_t381
34017,q33_t382
34018,q33_t382
34018,q33_t383
34019,q33_t383
34019,q33_t384
34019,q95_t383
34019,q95_t384
34020,q33_t384
34020,q33_t385
34021,q33_t385
34021,q33_t386
34022,q33_t386
34022,q33_t387
34022,q96_t386
34022,q96_t387
34023,q33_t387
34023,q33_t388
34024,q33_t388
34024,q33_t389
34025,q33_t389
34025,q33_t390
34025,q97_t389
34025,q97_t390
34026,q33_t390
34026,q33_t391
34027,q33_t391
34027,q33_t392
34028,q33_t392
34028,q33_t393
34028,q98_t392
34028,q98_t393
34029,q33_t393
34029,q33_t394
34030,q33_t394
34030,q33_t395
34031,q33_t395
34031,q33_t396
34031,q99_t395
34031,q99_t396
34032,q33_t396
34032,q33_t397
34033,q33_t397
34033,q33_t398
34034,q33_t399
34034,q33_t400
34035,q33_t400
34035,q33_t401
34036,q33_t402
34036,q33_t403
34037,q33_t403
34037,q33_t404
34038,q33_t405
34038,q33_t406
34039,q33_t406
34039,q33_t407
34040,q33_t408
34040,q33_t409
34041,q33_t409
34041,q33_t410
34042,q33_t411
34042,q33_t412
34043,q33_t412
34043,q33_t413
34044,q33_t414
34044,q33_t415
34045,q33_t415
34045,q33_t416
34046,q33_t417
34046,q33_t418
34047,q33_t418
34047,q33_t419
34048,q33_t420
34048,q33_t421
34049,q33_t421
34049,q33_t422
34050,q33_t423
34050,q33_t424
34051,q33_t424
34051,q33_t425
34052,q33_t426
34052,q33_t427
34053,q33_t427
34053,q33_t428
34054,q33_t428
34054,q33_t429
34055,q33_t430
34055,q33_t431
34056,q33_t431
34056,q33_t432
34057,q33_t433
34057,q33_t434
34058,q33_t434
34058,q33_t435
34059,q33_t436
34059,q33_t437
34060,q33_t437
34060,q33_t438
34061,q33_t438
34061,q33_t439
34061,q3_t438
34061,q3_t439
34062,q33_t439
34062,q33_t440
34063,q33_t440
34063,q33_t441
34064,q33_t441
34064,q33_t442
34064,q4_t441
34064,q4_t442
34065,q33_t442
34065,q33_t443
34066,q33_t443
34066,q33_t444
34067,q33_t444
34067,q33_t445
34067,q5_t444
34067,q5_t445
34068,q33_t445
34068,q33_t446
34069,q33_t446
34069,q33_t447
34070,q33_t447
34070,q33_t448
34070,q6_t447
34070,q6_t448
34071,q33_t448
34071,q33_t449
34072,q33_t449
34072,q33_t450
34073,q33_t450
34073,q33_t451
34073,q7_t450
34073,q7_t451
34074,q33_t451
34074,q33_t452
34075,q33_t452
34075,q33_t453
34076,q33_t453
34076,q33_t454
34076,q8_t453
34076,q8_t454
34077,q33_t454
34077,q33_t455
34078,q33_t455
34078,q33_t456
34079,q33_t456
34079,q33_t457
34079,q9_t456
34079,q9_t457
34080,q33_t457
34080,q33_t458
34081,q33_t458
34081,q33_t459
34082,q33_t460
34082,q33_t461
34083,q33_t461
34083,q33_t462
34084,q33_t463
34084,q33_t464
34085,q33_t464
34085,q33_t465
34086,q33_t466
34086,q33_t467
34087,q33_t467
34087,q33_t468
34088,q33_t469
34088,q33_t470
34089,q33_t470
34089,q33_t471
34090,q33_t472
34090,q33_t473
34091,q33_t473
34091,q33_t474
34092,q33_t475
34092,q33_t476
34093,q33_t476
34093,q33_t477
34094,q33_t478
34094,q33_t479
34095,q33_t479
34095,q33_t480
34096,q33_t481
34096,q33_t482
34097,q33_t482
34097,q33_t483
34098,q33_t484
34098,q33_t485
34099,q33_t485
34099,q33_t486
34100,q33_t487
34100,q33_t488
34101,q33_t488
34101,q33_t489
34102,q33_t490
34102,q33_t491
34103,q33_t491
34103,q33_t492
34104,q33_t493
34104,q33_t494
34105,q33_t494
34105,q33_t495
34106,q33_t496
34106,q33_t497
34107,q33_t497
34107,q33_t498
34108,q33_t499
34108,q33_t500
34109,q33_t500
34109,q33_t501
34110,q33_t502
34110,q33_t503
34111,q33_t503
34111,q33_t504
34112,q33_t505
34112,q33_t506
34113,q33_t506
34113,q33_t507
34114,q33_t508
34114,q33_t509
34115,q33_t509
34115,q33_t510
34116,q33_t511
34116,q33_t512
34117,q33_t512
34117,q33_t513
34118,q33_t514
34118,q33_t515
34119,q33_t515
34119,q33_t516
34120,q33_t517
34120,q33_t518
34121,q33_t518
34121,q33_t519
34122,q33_t520
34122,q33_t521
34123,q33_t521
34123,q33_t522
34124,q33_t523
34124,q33_t524
34125,q33_t524
34125,q33_t525
34126,q33_t526
34126,q33_t527
34127,q33_t527
34127,q33_t531
34128,q33_t531
34128,q33_t532
34128,q34_t531
34128,q34_t532
34129,q33_t532
34129,q33_t533
34130,q33_t533
34130,q33_t534
34131,q33_t534
34131,q33_t535
34131,q35_t534
34131,q35_t535
34132,q33_t535
34132,q33_t536
34133,q33_t536
34133,q33_t537
34134,q33_t537
34134,q33_t538
34134,q36_t537
34134,q36_t538
34135,q33_t538
34135,q33_t539
34136,q33_t539
34136,q33_t540
34137,q33_t540
34137,q33_t541
34137,q37_t540
34137,q37_t541
34138,q33_t541
34138,q33_t542
34139,q33_t542
34139,q33_t543
34140,q33_t543
34140,q33_t544
34140,q38_t543
34140,q38_t544
34141,q33_t544
34141,q33_t545
34142,q33_t545
34142,q33_t546
34143,q33_t546
34143,q33_t547
34143,q39_t546
34143,q39_t547
34144,q33_t547
34144,q33_t548
34145,q33_t548
34145,q33_t549
34146,q33_t549
34146,q33_t550
34146,q40_t549
34146,q40_t550
34147,q33_t550
34147,q33_t551
34148,q33_t551
34148,q33_t552
34149,q33_t552
34149,q33_t553
34149,q41_t552
34149,q41_t553
34150,q33_t553
34150,q33_t554
34151,q33_t554
34151,q33_t555
34152,q33_t555
34152,q33_t556
34152,q42_t555
34152,q42_t556
34153,q33_t556
34153,q33_t557
34154,q33_t557
34154,q33_t558
34155,q33_t558
34155,q33_t559
34155,q43_t558
34155,q43_t559
34156,q33_t559
34156,q33_t560
34157,q33_t560
34157,q33_t561
34158,q33_t561
34158,q33_t562
34158,q44_t561
34158,q44_t562
34159,q33_t562
34159,q33_t563
34160,q33_t563
34160,q33_t564
34161,q33_t564
34161,q33_t565
34161,q45_t564
34161,q45_t565
34162,q33_t565
34162,q33_t566
34163,q33_t566
34163,q33_t567
34164,q33_t567
34164,q33_t568
34164,q46_t567
34164,q46_t568
34165,q33_t568
34165,q33_t569
34166,q33_t569
34166,q33_t570
34167,q33_t570
34167,q33_t571
34167,q47_t570
34167,q47_t571
34168,q33_t571
34168,q33_t572
34169,q33_t572
34169,q33_t573
34170,q33_t573
34170,q33_t574
34170,q48_t573
34170,q48_t574
34171,q33_t574
34171,q33_t575
34172,q33_t575
34172,q33_t576
34173,q33_t576
34173,q33_t577
34173,q49_t576
34173,q49_t577
34174,q33_t577
34174,q33_t578
34175,q33_t578
34175,q33_t579
34176,q33_t579
34176,q33_t580
34176,q50_t579
34176,q50_t580
34177,q33_t580
34177,q33_t581
34178,q33_t581
34178,q33_t582
34179,q33_t582
34179,q33_t583
34179,q51_t582
34179,q51_t583
34180,q33_t583
34180,q33_t584
34181,q33_t584
34181,q33_t585
34182,q33_t585
34182,q33_t586
34182,q52_t585
34182,q52_t586
34183,q33_t586
34183,q33_t587
34184,q33_t587
34184,q33_t588
34185,q33_t588
34185,q33_t589
34185,q53_t588
34185,q53_t589
34186,q33_t589
34186,q33_t590
34187,q33_t590
34187,q33_t591
34188,q33_t591
34188,q33_t592
34188,q54_t591
34188,q54_t592
34189,q33_t592
34189,q33_t593
34190,q33_t593
34190,q33_t594
34191,q33_t594
34191,q33_t595
34191,q55_t594
34191,q55_t595
34192,q33_t595
34192,q33_t596
34193,q33_t596
34193,q33_t597
34194,q33_t597
34194,q33_t598
34194,q56_t597
34194,q56_t598
34195,q33_t598
34195,q33_t599
34196,q33_t599
34196,q33_t600
34197,q33_t600
34197,q33_t601
34197,q57_t600
34197,q57_t601
34198,q33_t601
34198,q33_t602
34199,q33_t602
34199,q33_t603
34200,q33_t603
34200,q33_t604
34200,q58_t603
34200,q58_t604
34201,q33_t604
34201,q33_t605
34202,q33_t605
34202,q33_t606
34203,q33_t606
34203,q33_t607
34203,q59_t606
34203,q59_t607
34204,q33_t607
34204,q33_t608
34205,q33_t608
34205,q33_t609
34206,q33_t609
34206,q33_t610
34206,q60_t609
34206,q60_t610
34207,q33_t610
34207,q33_t611
34208,q33_t611
34208,q33_t612
34209,q33_t612
34209,q33_t613
34209,q61_t612
34209,q61_t613
34210,q33_t613
34210,q33_t614
34211,q33_t614
34211,q33_t615
34212,q33_t615
34212,q33_t616
34212,q62_t615
34212,q62_t616
34213,q33_t616
34213,q33_t617
34214,q33_t617
34214,q33_t618
34215,q33_t618
34215,q33_t619
34215,q63_t618
34215,q63_t619
34216,q33_t619
34216,q33_t620
34217,q33_t620
34217,q33_t621
34218,q33_t621
34218,q33_t622
34218,q64_t621
34218,q64_t622
34219,q33_t622
34219,q33_t623
34220,q33_t623
34220,q33_t624
34221,q33_t624
34221,q33_t625
34221,q65_t624
34221,q65_t625
34222,q33_t625
34222,q33_t626
34223,q33_t626
34223,q33_t627
34224,q33_t627
34224,q33_t628
34224,q66_t627
34224,q66_t628
34225,q33_t628
34225,q33_t629
34226,q33_t629
34226,q33_t630
34227,q33_t630
34227,q33_t631
34227,q67_t630
34227,q67_t631
34228,q33_t631
34228,q33_t632
34229,q33_t632
34229,q33_t633
34230,q33_t633
34230,q33_t634
34230,q68_t633
34230,q68_t634
34231,q33_t634
34231,q33_t635
34232,q33_t635
34232,q33_t636
34233,q33_t636
34233,q33_t637
34233,q69_t636
34233,q69_t637
34234,q33_t637
34234,q33_t638
34235,q33_t638
34235,q33_t639
34236,q33_t639
34236,q33_t640
34236,q70_t639
34236,q70_t640
34237,q33_t640
34237,q33_t641
34238,q33_t641
34238,q33_t642
34239,q33_t642
34239,q33_t643
34239,q71_t642
34239,q71_t643
34240,q33_t643
34240,q33_t644
34241,q33_t644
34241,q33_t645
34242,q33_t645
34242,q33_t646
34242,q72_t645
34242,q72_t646
34243,q33_t646
34243,q33_t647
34244,q33_t647
34244,q33_t648
34245,q33_t648
34245,q33_t649
34245,q73_t648
34245,q73_t649
34246,q33_t649
34246,q33_t650
34247,q33_t650
34247,q33_t651
34248,q33_t651
34248,q33_t652
34248,q74_t651
34248,q74_t652
34249,q33_t652
34249,q33_t653
34250,q33_t653
34250,q33_t654
34251,q33_t654
34251,q33_t655
34251,q75_t654
34251,q75_t655
34252,q33_t655
34252,q33_t656
34253,q33_t656
34253,q33_t657
34254,q33_t657
34254,q33_t658
34254,q76_t657
34254,q76_t658
34255,q33_t658
34255,q33_t659
34256,q33_t659
34256,q33_t660
34257,q33_t660
34257,q33_t661
34257,q77_t660
34257,q77_t661
34258,q33_t661
34258,q33_t662
34259,q33_t662
34259,q33_t663
34260,q33_t663
34260,q33_t664
34260,q78_t663
34260,q78_t664
34261,q33_t664
34261,q33_t665
34262,q33_t665
34262,q33_t666
34263,q33_t666
34263,q33_t667
34263,q79_t666
34263,q79_t667
34264,q33_t667
34264,q33_t668
34265,q33_t668
34265,q33_t669
34266,q33_t669
34266,q33_t670
34266,q80_t669
34266,q80_t670
34267,q33_t670
34267,q33_t671
34268,q33_t671
34268,q33_t672
34269,q33_t672
34269,q33_t673
34269,q81_t672
34269,q81_t673
34270,q33_t673
34270,q33_t674
34271,q33_t674
34271,q33_t675
34272,q33_t675
34272,q33_t676
34272,q82_t675
34272,q82_t676
34273,q33_t676
34273,q33_t677
34274,q33_t677
34274,q33_t678
34275,q33_t678
34275,q33_t679
34275,q83_t678
34275,q83_t679
34276,q33_t679
34276,q33_t680
34277,q33_t680
34277,q33_t681
34278,q33_t681
34278,q33_t682
34278,q84_t681
34278,q84_t682
34279,q33_t682
34279,q33_t683
34280,q33_t683
34280,q33_t684
34281,q33_t684
34281,q33_t685
34281,q85_t684
34281,q85_t685
34282,q33_t685
34282,q33_t686
34283,q33_t686
34283,q33_t687
34284,q33_t687
34284,q33_t688
34284,q86_t687
34284,q86_t688
34285,q33_t688
34285,q33_t689
34286,q33_t689
34286,q33_t690
34287,q33_t690
34287,q33_t691
34287,q87_t690
34287,q87_t691
34288,q33_t691
34288,q33_t692
34289,q33_t692
34289,q33_t693
34290,q33_t693
34290,q33_t694
34290,q88_t693
34290,q88_t694
34291,q33_t694
34291,q33_t695
34292,q33_t695
34292,q33_t696
34293,q33_t696
34293,q33_t697
34293,q89_t696
34293,q89_t697
34294,q33_t697
34294,q33_t698
34295,q33_t698
34295,q33_t699
34296,q33_t699
34296,q33_t700
34296,q90_t699
34296,q90_t700
34297,q33_t700
34297,q33_t701
34298,q33_t701
34298,q33_t702
34299,q33_t702
34299,q33_t703
34299,q91_t702
34299,q91_t703
34300,q33_t703
34300,q33_t704
34301,q33_t704
34301,q33_t705
34302,q33_t705
34302,q33_t706
34302,q92_t705
34302,q92_t706
34303,q33_t706
34303,q33_t707
34304,q33_t707
34304,q33_t708
34305,q33_t708
34305,q33_t709
34305,q93_t708
34305,q93_t709
34306,q33_t709
34306,q33_t710
34307,q33_t710
34307,q33_t711
34308,q33_t711
34308,q33_t712
34308,q94_t711
34308,q94_t712
34309,q33_t712
34309,q33_t713
34310,q33_t713
34310,q33_t714
34311,q33_t714
34311,q33_t715
34311,q95_t714
34311,q95_t715
34312,q33_t715
34312,q33_t716
34313,q33_t716
34313,q33_t717
34314,q33_t717
34314,q33_t718
34314,q96_t717
34314,q96_t718
34315,q33_t718
34315,q33_t719
34316,q33_t719
34316,q33_t720
34317,q33_t720
34317,q33_t721
34317,q97_t720
34317,q97_t721
34318,q33_t721
34318,q33_t722
34319,q33_t722
34319,q33_t723
34320,q33_t723
34320,q33_t724
34320,q98_t723
34320,q98_t724
34321,q33_t724
34321,q33_t725
34322,q33_t725
34322,q33_t726
34323,q33_t726
34323,q33_t727
34323,q99_t726
34323,q99_t727
34324,q33_t727
34324,q33_t728
34325,q33_t728
34325,q33_t729
34326,q33_t730
34326,q33_t731
34327,q33_t731
34327,q33_t732
34328,q33_t733
34328,q33_t734
34329,q33_t734
34329,q33_t735
34330,q33_t736
34330,q33_t737
34331,q33_t737
34331,q33_t738
34332,q33_t739
34332,q33_t740
34333,q33_t740
34333,q33_t741
34334,q33_t742
34334,q33_t743
34335,q33_t743
34335,q33_t744
34336,q33_t745
34336,q33_t746
34337,q33_t746
34337,q33_t747
34338,q33_t748
34338,q33_t749
34339,q33_t749
34339,q33_t750
34340,q33_t751
34340,q33_t752
34341,q33_t752
34341,q33_t753
34342,q33_t754
34342,q33_t755
34343,q33_t755
34343,q33_t756
34344,q33_t757
34344,q33_t758
34345,q33_t758
34345,q33_t759
34346,q33_t759
34346,q33_t760
34347,q33_t761
34347,q33_t762
34348,q33_t762
34348,q33_t763
34349,q33_t764
34349,q33_t765
34350,q33_t765
34350,q33_t766
34351,q33_t767
34351,q33_t768
34352,q33_t768
34352,q33_t769
34353,q33_t769
34353,q33_t770
34353,q3_t769
34353,q3_t770
34354,q33_t770
34354,q33_t771
34355,q33_t771
34355,q33_t772
34356,q33_t772
34356,q33_t773
34356,q4_t772
34356,q4_t773
34357,q33_t773
34357,q33_t774
34358,q33_t774
34358,q33_t775
34359,q33_t775
34359,q33_t776
34359,q5_t775
34359,q5_t776
34360,q33_t776
34360,q33_t777
34361,q33_t777
34361,q33_t778
34362,q33_t778
34362,q33_t779
34362,q6_t778
34362,q6_t779
34363,q33_t779
34363,q33_t780
34364,q33_t780
34364,q33_t781
34365,q33_t781
34365,q33_t782
34365,q7_t781
34365,q7_t782
34366,q33_t782
34366,q33_t783
34367,q33_t783
34367,q33_t784
34368,q33_t784
34368,q33_t785
34368,q8_t784
34368,q8_t785
34369,q33_t785
34369,q33_t786
34370,q33_t786
34370,q33_t787
34371,q33_t787
34371,q33_t788
34371,q9_t787
34371,q9_t788
34372,q33_t788
34372,q33_t789
34373,q33_t789
34373,q33_t790
34374,q33_t791
34374,q33_t792
34375,q33_t792
34375,q33_t793
34376,q33_t794
34376,q33_t795
34377,q33_t795
34377,q33_t796
34378,q33_t797
34378,q33_t798
34379,q33_t798
34379,q33_t799
34380,q33_t800
34380,q33_t801
34381,q33_t801
34381,q33_t802
34382,q33_t803
34382,q33_t804
34383,q33_t804
34383,q33_t805
34384,q33_t806
34384,q33_t807
34385,q33_t807
34385,q33_t808
34386,q33_t809
34386,q33_t810
34387,q33_t810
34387,q33_t811
34388,q33_t812
34388,q33_t813
34389,q33_t813
34389,q33_t814
34390,q33_t815
34390,q33_t816
34391,q33_t816
34391,q33_t817
34392,q33_t818
34392,q33_t819
34393,q33_t819
34393,q33_t820
34394,q33_t821
34394,q33_t822
34395,q33_t822
34395,q33_t823
34396,q33_t824
34396,q33_t825
34397,q33_t825
34397,q33_t826
34398,q33_t827
34398,q33_t828
34399,q33_t828
34399,q33_t829
34400,q33_t830
34400,q33_t831
34401,q33_t831
34401,q33_t832
34402,q33_t833
34402,q33_t834
34403,q33_t834
34403,q33_t835
34404,q33_t836
34404,q33_t837
34405,q33_t837
34405,q33_t838
34406,q33_t839
34406,q33_t840
34407,q33_t840
34407,q33_t841
34408,q33_t842
34408,q33_t843
34409,q33_t843
34409,q33_t844
34410,q33_t845
34410,q33_t846
34411,q33_t846
34411,q33_t847
34412,q33_t848
34412,q33_t849
34413,q33_t849
34413,q33_t850
34414,q33_t851
34414,q33_t852
34415,q33_t852
34415,q33_t853
34416,q33_t854
34416,q33_t855
34417,q33_t855
34417,q33_t856
34418,q33_t857
34418,q33_t858
34419,q33_t858
34419,q33_t862
34420,q33_t862
34420,q33_t863
34420,q34_t862
34420,q34_t863
34421,q33_t863
34421,q33_t864
34422,q33_t864
34422,q33_t865
34423,q33_t865
34423,q33_t866
34423,q35_t865
34423,q35_t866
34424,q33_t866
34424,q33_t867
34425,q33_t867
34425,q33_t868
34426,q33_t868
34426,q33_t869
34426,q36_t868
34426,q36_t869
34427,q33_t869
34427,q33_t870
34428,q33_t870
34428,q33_t871
34429,q33_t871
34429,q33_t872
34429,q37_t871
34429,q37_t872
34430,q33_t872
34430,q33_t873
34431,q33_t873
34431,q33_t874
34432,q33_t874
34432,q33_t875
34432,q38_t874
34432,q38_t875
34433,q33_t875
34433,q33_t876
34434,q33_t876
34434,q33_t877
34435,q33_t877
34435,q33_t878
34435,q39_t877
34435,q39_t878
34436,q33_t878
34436,q33_t879
34437,q33_t879
34437,q33_t880
34438,q33_t880
34438,q33_t881
34438,q40_t880
34438,q40_t881
34439,q33_t881
34439,q33_t882
34440,q33_t882
34440,q33_t883
34441,q33_t883
34441,q33_t884
34441,q41_t883
34441,q41_t884
34442,q33_t884
34442,q33_t885
34443,q33_t885
34443,q33_t886
34444,q33_t886
34444,q33_t887
34444,q42_t886
34444,q42_t887
34445,q33_t887
34445,q33_t888
34446,q33_t888
34446,q33_t889
34447,q33_t889
34447,q33_t890
34447,q43_t889
34447,q43_t890
34448,q33_t890
34448,q33_t891
34449,q33_t891
34449,q33_t892
34450,q33_t892
34450,q33_t893
34450,q44_t892
34450,q44_t893
34451,q33_t893
34451,q33_t894
34452,q33_t894
34452,q33_t895
34453,q33_t895
34453,q33_t896
34453,q45_t895
34453,q45_t896
34454,q33_t896
34454,q33_t897
34455,q33_t897
34455,q33_t898
34456,q33_t898
34456,q33_t899
34456,q46_t898
34456,q46_t899
34457,q33_t899
34457,q33_t900
34458,q33_t900
34458,q33_t901
34459,q33_t901
34459,q33_t902
34459,q47_t901
34459,q47_t902
34460,q33_t902
34460,q33_t903
34461,q33_t903
34461,q33_t904
34462,q33_t904
34462,q33_t905
34462,q48_t904
34462,q48_t905
34463,q33_t905
34463,q33_t906
34464,q33_t906
34464,q33_t907
34465,q33_t907
34465,q33_t908
34465,q49_t907
34465,q49_t908
34466,q33_t908
34466,q33_t909
34467,q33_t909
34467,q33_t910
34468,q33_t910
34468,q33_t911
34468,q50_t910
34468,q50_t911
34469,q33_t911
34469,q33_t912
34470,q33_t912
34470,q33_t913
34471,q33_t913
34471,q33_t914
34471,q51_t913
34471,q51_t914
34472,q33_t914
34472,q33_t915
34473,q33_t915
34473,q33_t916
34474,q33_t916
34474,q33_t917
34474,q52_t916
34474,q52_t917
34475,q33_t917
34475,q33_t918
34476,q33_t918
34476,q33_t919
34477,q33_t919
34477,q33_t920
34477,q53_t919
34477,q53_t920
34478,q33_t920
34478,q33_t921
34479,q33_t921
34479,q33_t922
34480,q33_t922
34480,q33_t923
34480,q54_t922
34480,q54_t923
34481,q33_t923
34481,q33_t924
34482,q33_t924
34482,q33_t925
34483,q33_t925
34483,q33_t926
34483,q55_t925
34483,q55_t926
34484,q33_t926
34484,q33_t927
34485,q33_t927
34485,q33_t928
34486,q33_t928
34486,q33_t929
34486,q56_t928
34486,q56_t929
34487,q33_t929
34487,q33_t930
34488,q33_t930
34488,q33_t931
34489,q33_t931
34489,q33_t932
34489,q57_t931
34489,q57_t932
34490,q33_t932
34490,q33_t933
34491,q33_t933
34491,q33_t934
34492,q33_t934
34492,q33_t935
34492,q58_t934
34492,q58_t935
34493,q33_t935
34493,q33_t936
34494,q33_t936
34494,q33_t937
34495,q33_t937
34495,q33_t938
34495,q59_t937
34495,q59_t938
34496,q33_t938
34496,q33_t939
34497,q33_t939
34497,q33_t940
34498,q33_t940
34498,q33_t941
34498,q60_t940
34498,q60_t941
34499,q33_t941
34499,q33_t942
34500,q33_t942
34500,q33_t943
34501,q33_t943
34501,q33_t944
34501,q61_t943
34501,q61_t944
34502,q33_t944
34502,q33_t945
34503,q33_t945
34503,q33_t946
34504,q33_t946
34504,q33_t947
34504,q62_t946
34504,q62_t947
34505,q33_t947
34505,q33_t948
34506,q33_t948
34506,q33_t949
34507,q33_t949
34507,q33_t950
34507,q63_t949
34507,q63_t950
34508,q33_t950
34508,q33_t951
34509,q33_t951
34509,q33_t952
34510,q33_t952
34510,q33_t953
34510,q64_t952
34510,q64_t953
34511,q33_t953
34511,q33_t954
34512,q33_t954
34512,q33_t955
34513,q33_t955
34513,q33_t956
34513,q65_t955
34513,q65_t956
34514,q33_t956
34514,q33_t957
34515,q33_t957
34515,q33_t958
34516,q33_t958
34516,q33_t959
34516,q66_t958
34516,q66_t959
34517,q33_t959
34517,q33_t960
34518,q33_t960
34518,q33_t961
34519,q33_t961
34519,q33_t962
34519,q67_t961
34519,q67_t962
34520,q33_t962
34520,q33_t963
34521,q33_t963
34521,q33_t964
34522,q33_t964
34522,q33_t965
34522,q68_t964
34522,q68_t965
34523,q33_t965
34523,q33_t966
34524,q33_t966
34524,q33_t967
34525,q33_t967
34525,q33_t968
34525,q69_t967
34525,q69_t968
34526,q33_t968
34526,q33_t969
34527,q33_t969
34527,q33_t970
34528,q33_t970
34528,q33_t971
34528,q70_t970
34528,q70_t971
34529,q33_t971
34529,q33_t972
34530,q33_t972
34530,q33_t973
34531,q33_t973
34531,q33_t974
34531,q71_t973
34531,q71_t974
34532,q33_t974
34532,q33_t975
34533,q33_t975
34533,q33_t976
34534,q33_t976
34534,q33_t977
34534,q72_t976
34534,q72_t977
34535,q33_t977
34535,q33_t978
34536,q33_t978
34536,q33_t979
34537,q33_t979
34537,q33_t980
34537,q73_t979
34537,q73_t980
34538,q33_t980
34538,q33_t981
34539,q33_t981
34539,q33_t982
34540,q33_t982
34540,q33_t983
34540,q74_t982
34540,q74_t983
34541,q33_t983
34541,q33_t984
34542,q33_t984
34542,q33_t985
34543,q33_t985
34543,q33_t986
34543,q75_t985
34543,q75_t986
34544,q33_t986
34544,q33_t987
34545,q33_t987
34545,q33_t988
34546,q33_t988
34546,q33_t989
34546,q76_t988
34546,q76_t989
34547,q33_t989
34547,q33_t990
34548,q33_t990
34548,q33_t991
34549,q33_t991
34549,q33_t992
34549,q77_t991
34549,q77_t992
34550,q33_t992
34550,q33_t993
34551,q33_t993
34551,q33_t994
34552,q33_t994
34552,q33_t995
34552,q78_t994
34552,q78_t995
34553,q33_t995
34553,q33_t996
34554,q33_t996
34554,q33_t997
34555,q33_t997
34555,q33_t998
34555,q79_t997
34555,q79_t998
34556,q33_t998
34556,q33_t999
34557,q34_t0
34557,q34_t1
34558,q34_t1
34558,q34_t101
34559,q34_t1000
34559,q34_t1001
34559,q79_t1000
34559,q79_t1001
34560,q34_t1000
34560,q34_t999
34561,q34_t1001
34561,q34_t1002
34562,q34_t1002
34562,q34_t1003
34563,q34_t1003
34563,q34_t1004
34563,q80_t1003
34563,q80_t1004
34564,q34_t1004
34564,q34_t1005
34565,q34_t1005
34565,q34_t1006
34566,q34_t1006
34566,q34_t1007
34566,q81_t1006
34566,q81_t1007
34567,q34_t1007
34567,q34_t1008
34568,q34_t1008
34568,q34_t1009
34569,q34_t1009
34569,q34_t1010
34569,q82_t1009
34569,q82_t1010
34570,q34_t1010
34570,q34_t1011
34571,q34_t1011
34571,q34_t1012
34572,q34_t1012
34572,q34_t1013
34572,q83_t1012
34572,q83_t1013
34573,q34_t1013
34573,q34_t1014
34574,q34_t1014
34574,q34_t1015
34575,q34_t1015
34575,q34_t1016
34575,q84_t1015
34575,q84_t1016
34576,q34_t1016
34576,q34_t1017
34577,q34_t1017
34577,q34_t1018
34578,q34_t1018
34578,q34_t1019
34578,q85_t1018
34578,q85_t1019
34579,q34_t1019
34579,q34_t1020
34580,q34_t102
34580,q34_t103
34581,q34_t1020
34581,q34_t1021
34582,q34_t1021
34582,q34_t1022
34582,q86_t1021
34582,q86_t1022
34583,q34_t1022
34583,q34_t1023
34584,q34_t1023
34584,q34_t1024
34585,q34_t1024
34585,q34_t1025
34585,q87_t1024
34585,q87_t1025
34586,q34_t1025
34586,q34_t1026
34587,q34_t1026
34587,q34_t1027
34588,q34_t1027
34588,q34_t1028
34588,q88_t1027
34588,q88_t1028
34589,q34_t1028
34589,q34_t1029
34590,q34_t1029
34590,q34_t1030
34591,q34_t103
34591,q34_t104
34592,q34_t1030
34592,q34_t1031
34592,q89_t1030
34592,q89_t1031
34593,q34_t1031
34593,q34_t1032
34594,q34_t1032
34594,q34_t1033
34595,q34_t1033
34595,q34_t1034
34595,q90_t1033
34595,q90_t1034
34596,q34_t1034
34596,q34_t1035
34597,q34_t1035
34597,q34_t1036
34598,q34_t1036
34598,q34_t1037
34598,q91_t1036
34598,q91_t1037
34599,q34_t1037
34599,q34_t1038
34600,q34_t1038
34600,q34_t1039
34601,q34_t1039
34601,q34_t1040
34601,q92_t1039
34601,q92_t1040
34602,q34_t1040
34602,q34_t1041
34603,q34_t1041
34603,q34_t1042
34604,q34_t1042
34604,q34_t1043
34604,q93_t1042
34604,q93_t1043
34605,q34_t1043
34605,q34_t1044
34606,q34_t1044
34606,q34_t1045
34607,q34_t1045
34607,q34_t1046
34607,q94_t1045
34607,q94_t1046
34608,q34_t1046
34608,q34_t1047
34609,q34_t1047
34609,q34_t1048
34610,q34_t1048
34610,q34_t1049
34610,q95_t1048
34610,q95_t1049
34611,q34_t1049
34611,q34_t1050
34612,q34_t105
34612,q34_t106
34613,q34_t1050
34613,q34_t1051
34614,q34_t1051
34614,q34_t1052
34614,q96_t1051
34614,q96_t1052
34615,q34_t1052
34615,q34_t1053
34616,q34_t1053
34616,q34_t1054
34617,q34_t1054
34617,q34_t1055
34617,q97_t1054
34617,q97_t1055
34618,q34_t1055
34618,q34_t1056
34619,q34_t1056
34619,q34_t1057
34620,q34_t1057
34620,q34_t1058
34620,q98_t1057
34620,q98_t1058
34621,q34_t1058
34621,q34_t1059
34622,q34_t1059
34622,q34_t1060
34623,q34_t106
34623,q34_t107
34624,q34_t1060
34624,q34_t1061
34624,q99_t1060
34624,q99_t1061
34625,q34_t1061
34625,q34_t1062
34626,q34_t1062
34626,q34_t1063
34627,q34_t1064
34627,q34_t1065
34628,q34_t1065
34628,q34_t1066
34629,q34_t1067
34629,q34_t1068
34630,q34_t1068
34630,q34_t1069
34631,q34_t1070
34631,q34_t1071
34632,q34_t1071
34632,q34_t1072
34633,q34_t1073
34633,q34_t1074
34634,q34_t1074
34634,q34_t1075
34635,q34_t1076
34635,q34_t1077
34636,q34_t1077
34636,q34_t1078
34637,q34_t1079
34637,q34_t1080
34638,q34_t108
34638,q34_t109
34639,q34_t1080
34639,q34_t1081
34640,q34_t1082
34640,q34_t1083
34641,q34_t1083
34641,q34_t1084
34642,q34_t1085
34642,q34_t1086
34643,q34_t1086
34643,q34_t1087
34644,q34_t1088
34644,q34_t1089
34645,q34_t1089
34645,q34_t1090
34646,q34_t109
34646,q34_t110
34647,q34_t1091
34647,q34_t1092
34648,q34_t1092
34648,q34_t1093
34649,q34_t110
34649,q34_t111
34649,q3_t110
34649,q3_t111
34650,q34_t111
34650,q34_t112
34651,q34_t112
34651,q34_t113
34652,q34_t113
34652,q34_t114
34652,q4_t113
34652,q4_t114
34653,q34_t114
34653,q34_t115
34654,q34_t115
34654,q34_t116
34655,q34_t116
34655,q34_t117
34655,q5_t116
34655,q5_t117
34656,q34_t117
34656,q34_t118
34657,q34_t118
34657,q34_t119
34658,q34_t119
34658,q34_t120
34658,q6_t119
34658,q6_t120
34659,q34_t120
34659,q34_t121
34660,q34_t121
34660,q34_t122
34661,q34_t122
34661,q34_t123
34661,q7_t122
34661,q7_t123
34662,q34_t123
34662,q34_t124
34663,q34_t124
34663,q34_t125
34664,q34_t125
34664,q34_t126
34664,q8_t125
34664,q8_t126
34665,q34_t126
34665,q34_t127
34666,q34_t127
34666,q34_t128
34667,q34_t128
34667,q34_t129
34667,q9_t128
34667,q9_t129
34668,q34_t129
34668,q34_t130
34669,q34_t130
34669,q34_t131
34670,q34_t132
34670,q34_t133
34671,q34_t133
34671,q34_t134
34672,q34_t135
34672,q34_t136
34673,q34_t136
34673,q34_t137
34674,q34_t138
34674,q34_t139
34675,q34_t139
34675,q34_t140
34676,q34_t141
34676,q34_t142
34677,q34_t142
34677,q34_t143
34678,q34_t144
34678,q34_t145
34679,q34_t145
34679,q34_t146
34680,q34_t147
34680,q34_t148
34681,q34_t148
34681,q34_t149
34682,q34_t150
34682,q34_t151
34683,q34_t151
34683,q34_t152
34684,q34_t153
34684,q34_t154
34685,q34_t154
34685,q34_t155
34686,q34_t156
34686,q34_t157
34687,q34_t157
34687,q34_t158
34688,q34_t159
34688,q34_t160
34689,q34_t160
34689,q34_t161
34690,q34_t162
34690,q34_t163
34691,q34_t163
34691,q34_t164
34692,q34_t165
34692,q34_t166
34693,q34_t166
34693,q34_t167
34694,q34_t168
34694,q34_t169
34695,q34_t169
34695,q34_t170
34696,q34_t171
34696,q34_t172
34697,q34_t172
34697,q34_t173
34698,q34_t174
34698,q34_t175
34699,q34_t175
34699,q34_t176
34700,q34_t177
34700,q34_t178
34701,q34_t178
34701,q34_t179
34702,q34_t180
34702,q34_t181
34703,q34_t181
34703,q34_t182
34704,q34_t183
34704,q34_t184
34705,q34_t184
34705,q34_t185
34706,q34_t186
34706,q34_t187
34707,q34_t187
34707,q34_t188
34708,q34_t189
34708,q34_t190
34709,q34_t190
34709,q34_t191
34710,q34_t192
34710,q34_t193
34711,q34_t193
34711,q34_t194
34712,q34_t195
34712,q34_t196
34713,q34_t196
34713,q34_t197
34714,q34_t198
34714,q34_t199
34715,q34_t199
34715,q34_t200
34716,q34_t201
34716,q34_t202
34717,q34_t202
34717,q34_t206
34718,q34_t206
34718,q34_t207
34718,q35_t206
34718,q35_t207
34719,q34_t207
34719,q34_t208
34720,q34_t208
34720,q34_t209
34721,q34_t209
34721,q34_t210
34721,q36_t209
34721,q36_t210
34722,q34_t210
34722,q34_t211
34723,q34_t211
34723,q34_t212
34724,q34_t212
34724,q34_t213
34724,q37_t212
34724,q37_t213
34725,q34_t213
34725,q34_t214
34726,q34_t214
34726,q34_t215
34727,q34_t215
34727,q34_t216
34727,q38_t215
34727,q38_t216
34728,q34_t216
34728,q34_t217
34729,q34_t217
34729,q34_t218
34730,q34_t218
34730,q34_t219
34730,q39_t218
34730,q39_t219
34731,q34_t219
34731,q34_t220
34732,q34_t220
34732,q34_t221
34733,q34_t221
34733,q34_t222
34733,q40_t221
34733,q40_t222
34734,q34_t222
34734,q34_t223
34735,q34_t223
34735,q34_t224
34736,q34_t224
34736,q34_t225
34736,q41_t224
34736,q41_t225
34737,q34_t225
34737,q34_t226
34738,q34_t226
34738,q34_t227
34739,q34_t227
34739,q34_t228
34739,q42_t227
34739,q42_t228
34740,q34_t228
34740,q34_t229
34741,q34_t229
34741,q34_t230
34742,q34_t230
34742,q34_t231
34742,q43_t230
34742,q43_t231
34743,q34_t231
34743,q34_t232
34744,q34_t232
34744,q34_t233
34745,q34_t233
34745,q34_t234
34745,q44_t233
34745,q44_t234
34746,q34_t234
34746,q34_t235
34747,q34_t235
34747,q34_t236
34748,q34_t236
34748,q34_t237
34748,q45_t236
34748,q45_t237
34749,q34_t237
34749,q34_t238
34750,q34_t238
34750,q34_t239
34751,q34_t239
34751,q34_t240
34751,q46_t239
34751,q46_t240
34752,q34_t240
34752,q34_t241
34753,q34_t241
34753,q34_t242
34754,q34_t242
34754,q34_t243
34754,q47_t242
34754,q47_t243
34755,q34_t243
34755,q34_t244
34756,q34_t244
34756,q34_t245
34757,q34_t245
34757,q34_t246
34757,q48_t245
34757,q48_t246
34758,q34_t246
34758,q34_t247
34759,q34_t247
34759,q34_t248
34760,q34_t248
34760,q34_t249
34760,q49_t248
34760,q49_t249
34761,q34_t249
34761,q34_t250
34762,q34_t250
34762,q34_t251
34763,q34_t251
34763,q34_t252
34763,q50_t251
34763,q50_t252
34764,q34_t252
34764,q34_t253
34765,q34_t253
34765,q34_t254
34766,q34_t254
34766,q34_t255
34766,q51_t254
34766,q51_t255
34767,q34_t255
34767,q34_t256
34768,q34_t256
34768,q34_t257
34769,q34_t257
34769,q34_t258
34769,q52_t257
34769,q52_t258
34770,q34_t258
34770,q34_t259
34771,q34_t259
34771,q34_t260
34772,q34_t260
34772,q34_t261
34772,q53_t260
34772,q53_t261
34773,q34_t261
34773,q34_t262
34774,q34_t262
34774,q34_t263
34775,q34_t263
34775,q34_t264
34775,q54_t263
34775,q54_t264
34776,q34_t264
34776,q34_t265
34777,q34_t265
34777,q34_t266
34778,q34_t266
34778,q34_t267
34778,q55_t266
34778,q55_t267
34779,q34_t267
34779,q34_t268
34780,q34_t268
34780,q34_t269
34781,q34_t269
34781,q34_t270
34781,q56_t269
34781,q56_t270
34782,q34_t270
34782,q34_t271
34783,q34_t271
34783,q34_t272
34784,q34_t272
34784,q34_t273
34784,q57_t272
34784,q57_t273
34785,q34_t273
34785,q34_t274
34786,q34_t274
34786,q34_t275
34787,q34_t275
34787,q34_t276
34787,q58_t275
34787,q58_t276
34788,q34_t276
34788,q34_t277
34789,q34_t277
34789,q34_t278
34790,q34_t278
34790,q34_t279
34790,q59_t278
34790,q59_t279
34791,q34_t279
34791,q34_t280
34792,q34_t280
34792,q34_t281
34793,q34_t281
34793,q34_t282
34793,q60_t281
34793,q60_t282
34794,q34_t282
34794,q34_t283
34795,q34_t283
34795,q34_t284
34796,q34_t284
34796,q34_t285
34796,q61_t284
34796,q61_t285
34797,q34_t285
34797,q34_t286
34798,q34_t286
34798,q34_t287
34799,q34_t287
34799,q34_t288
34799,q62_t287
34799,q62_t288
34800,q34_t288
34800,q34_t289
34801,q34_t289
34801,q34_t290
34802,q34_t290
34802,q34_t291
34802,q63_t290
34802,q63_t291
34803,q34_t291
34803,q34_t292
34804,q34_t292
34804,q34_t293
34805,q34_t293
34805,q34_t294
34805,q64_t293
34805,q64_t294
34806,q34_t294
34806,q34_t295
34807,q34_t295
34807,q34_t296
34808,q34_t296
34808,q34_t297
34808,q65_t296
34808,q65_t297
34809,q34_t297
34809,q34_t298
34810,q34_t298
34810,q34_t299
34811,q34_t299
34811,q34_t300
34811,q66_t299
34811,q66_t300
34812,q34_t300
34812,q34_t301
34813,q34_t301
34813,q34_t302
34814,q34_t302
34814,q34_t303
34814,q67_t302
34814,q67_t303
34815,q34_t303
34815,q34_t304
34816,q34_t304
34816,q34_t305
34817,q34_t305
34817,q34_t306
34817,q68_t305
34817,q68_t306
34818,q34_t306
34818,q34_t307
34819,q34_t307
34819,q34_t308
34820,q34_t308
34820,q34_t309
34820,q69_t308
34820,q69_t309
34821,q34_t309
34821,q34_t310
34822,q34_t310
34822,q34_t311
34823,q34_t311
34823,q34_t312
34823,q70_t311
34823,q70_t312
34824,q34_t312
34824,q34_t313
34825,q34_t313
34825,q34_t314
34826,q34_t314
34826,q34_t315
34826,q71_t314
34826,q71_t315
34827,q34_t315
34827,q34_t316
34828,q34_t316
34828,q34_t317
34829,q34_t317
34829,q34_t318
34829,q72_t317
34829,q72_t318
34830,q34_t318
34830,q34_t319
34831,q34_t319
34831,q34_t320
34832,q34_t320
34832,q34_t321
34832,q73_t320
34832,q73_t321
34833,q34_t321
34833,q34_t322
34834,q34_t322
34834,q34_t323
34835,q34_t323
34835,q34_t324
34835,q74_t323
34835,q74_t324
34836,q34_t324
34836,q34_t325
34837,q34_t325
34837,q34_t326
34838,q34_t326
34838,q34_t327
34838,q75_t326
34838,q75_t327
34839,q34_t327
34839,q34_t328
34840,q34_t328
34840,q34_t329
34841,q34_t329
34841,q34_t330
34841,q76_t329
34841,q76_t330
34842,q34_t330
34842,q34_t331
34843,q34_t331
34843,q34_t332
34844,q34_t332
34844,q34_t333
34844,q77_t332
34844,q77_t333
34845,q34_t333
34845,q34_t334
34846,q34_t334
34846,q34_t335
34847,q34_t335
34847,q34_t336
34847,q78_t335
34847,q78_t336
34848,q34_t336
34848,q34_t337
34849,q34_t337
34849,q34_t338
34850,q34_t338
34850,q34_t339
34850,q79_t338
34850,q79_t339
34851,q34_t339
34851,q34_t340
34852,q34_t340
34852,q34_t341
34853,q34_t341
34853,q34_t342
34853,q80_t341
34853,q80_t342
34854,q34_t342
34854,q34_t343
34855,q34_t343
34855,q34_t344
34856,q34_t344
34856,q34_t345
34856,q81_t344
34856,q81_t345
34857,q34_t345
34857,q34_t346
34858,q34_t346
34858,q34_t347
34859,q34_t347
34859,q34_t348
34859,q82_t347
34859,q82_t348
34860,q34_t348
34860,q34_t349
34861,q34_t349
34861,q34_t350
34862,q34_t350
34862,q34_t351
34862,q83_t350
34862,q83_t351
34863,q34_t351
34863,q34_t352
34864,q34_t352
34864,q34_t353
34865,q34_t353
34865,q34_t354
34865,q84_t353
34865,q84_t354
34866,q34_t354
34866,q34_t355
34867,q34_t355
34867,q34_t356
34868,q34_t356
34868,q34_t357
34868,q85_t356
34868,q85_t357
34869,q34_t357
34869,q34_t358
34870,q34_t358
34870,q34_t359
34871,q34_t359
34871,q34_t360
34871,q86_t359
34871,q86_t360
34872,q34_t360
34872,q34_t361
34873,q34_t361
34873,q34_t362
34874,q34_t362
34874,q34_t363
34874,q87_t362
34874,q87_t363
34875,q34_t363
34875,q34_t364
34876,q34_t364
34876,q34_t365
34877,q34_t365
34877,q34_t366
34877,q88_t365
34877,q88_t366
34878,q34_t366
34878,q34_t367
34879,q34_t367
34879,q34_t368
34880,q34_t368
34880,q34_t369
34880,q89_t368
34880,q89_t369
34881,q34_t369
34881,q34_t370
34882,q34_t370
34882,q34_t371
34883,q34_t371
34883,q34_t372
34883,q90_t371
34883,q90_t372
34884,q34_t372
34884,q34_t373
34885,q34_t373
34885,q34_t374
34886,q34_t374
34886,q34_t375
34886,q91_t374
34886,q91_t375
34887,q34_t375
34887,q34_t376
34888,q34_t376
34888,q34_t377
34889,q34_t377
34889,q34_t378
34889,q92_t377
34889,q92_t378
34890,q34_t378
34890,q34_t379
34891,q34_t379
34891,q34_t380
34892,q34_t380
34892,q34_t381
34892,q93_t380
34892,q93_t381
34893,q34_t381
34893,q34_t382
34894,q34_t382
34894,q34_t383
34895,q34_t383
34895,q34_t384
34895,q94_t383
34895,q94_t384
34896,q34_t384
34896,q34_t385
34897,q34_t385
34897,q34_t386
34898,q34_t386
34898,q34_t387
34898,q95_t386
34898,q95_t387
34899,q34_t387
34899,q34_t388
34900,q34_t388
34900,q34_t389
34901,q34_t389
34901,q34_t390
34901,q96_t389
34901,q96_t390
34902,q34_t390
34902,q34_t391
34903,q34_t391
34903,q34_t392
34904,q34_t392
34904,q34_t393
34904,q97_t392
34904,q97_t393
34905,q34_t393
34905,q34_t394
34906,q34_t394
34906,q34_t395
34907,q34_t395
34907,q34_t396
34907,q98_t395
34907,q98_t396
34908,q34_t396
34908,q34_t397
34909,q34_t397
34909,q34_t398
34910,q34_t398
34910,q34_t399
34910,q99_t398
34910,q99_t399
34911,q34_t399
34911,q34_t400
34912,q34_t400
34912,q34_t401
34913,q34_t402
34913,q34_t403
34914,q34_t403
34914,q34_t404
34915,q34_t405
34915,q34_t406
34916,q34_t406
34916,q34_t407
34917,q34_t408
34917,q34_t409
34918,q34_t409
34918,q34_t410
34919,q34_t411
34919,q34_t412
34920,q34_t412
34920,q34_t413
34921,q34_t414
34921,q34_t415
34922,q34_t415
34922,q34_t416
34923,q34_t417
34923,q34_t418
34924,q34_t418
34924,q34_t419
34925,q34_t420
34925,q34_t421
34926,q34_t421
34926,q34_t422
34927,q34_t423
34927,q34_t424
34928,q34_t424
34928,q34_t425
34929,q34_t426
34929,q34_t427
34930,q34_t427
34930,q34_t428
34931,q34_t429
34931,q34_t430
34932,q34_t430
34932,q34_t431
34933,q34_t431
34933,q34_t432
34934,q34_t433
34934,q34_t434
34935,q34_t434
34935,q34_t435
34936,q34_t436
34936,q34_t437
34937,q34_t437
34937,q34_t438
34938,q34_t439
34938,q34_t440
34939,q34_t440
34939,q34_t441
34940,q34_t441
34940,q34_t442
34940,q3_t441
34940,q3_t442
34941,q34_t442
34941,q34_t443
34942,q34_t443
34942,q34_t444
34943,q34_t444
34943,q34_t445
34943,q4_t444
34943,q4_t445
34944,q34_t445
34944,q34_t446
34945,q34_t446
34945,q34_t447
34946,q34_t447
34946,q34_t448
34946,q5_t447
34946,q5_t448
34947,q34_t448
34947,q34_t449
34948,q34_t449
34948,q34_t450
34949,q34_t450
34949,q34_t451
34949,q6_t450
34949,q6_t451
34950,q34_t451
34950,q34_t452
34951,q34_t452
34951,q34_t453
34952,q34_t453
34952,q34_t454
34952,q7_t453
34952,q7_t454
34953,q34_t454
34953,q34_t455
34954,q34_t455
34954,q34_t456
34955,q34_t456
34955,q34_t457
34955,q8_t456
34955,q8_t457
34956,q34_t457
34956,q34_t458
34957,q34_t458
34957,q34_t459
34958,q34_t459
34958,q34_t460
34958,q9_t459
34958,q9_t460
34959,q34_t460
34959,q34_t461
34960,q34_t461
34960,q34_t462
34961,q34_t463
34961,q34_t464
34962,q34_t464
34962,q34_t465
34963,q34_t466
34963,q34_t467
34964,q34_t467
34964,q34_t468
34965,q34_t469
34965,q34_t470
34966,q34_t470
34966,q34_t471
34967,q34_t472
34967,q34_t473
34968,q34_t473
34968,q34_t474
34969,q34_t475
34969,q34_t476
34970,q34_t476
34970,q34_t477
34971,q34_t478
34971,q34_t479
34972,q34_t479
34972,q34_t480
34973,q34_t481
34973,q34_t482
34974,q34_t482
34974,q34_t483
34975,q34_t484
34975,q34_t485
34976,q34_t485
34976,q34_t486
34977,q34_t487
34977,q34_t488
34978,q34_t488
34978,q34_t489
34979,q34_t490
34979,q34_t491
34980,q34_t491
34980,q34_t492
34981,q34_t493
34981,q34_t494
34982,q34_t494
34982,q34_t495
34983,q34_t496
34983,q34_t497
34984,q34_t497
34984,q34_t498
34985,q34_t499
34985,q34_t500
34986,q34_t500
34986,q34_t501
34987,q34_t502
34987,q34_t503
34988,q34_t503
34988,q34_t504
34989,q34_t505
34989,q34_t506
34990,q34_t506
34990,q34_t507
34991,q34_t508
34991,q34_t509
34992,q34_t509
34992,q34_t510
34993,q34_t511
34993,q34_t512
34994,q34_t512
34994,q34_t513
34995,q34_t514
34995,q34_t515
34996,q34_t515
34996,q34_t516
34997,q34_t517
34997,q34_t518
34998,q34_t518
34998,q34_t519
34999,q34_t520
34999,q34_t521
35000,q34_t521
35000,q34_t522
35001,q34_t523
35001,q34_t524
35002,q34_t524
35002,q34_t525
35003,q34_t526
35003,q34_t527
35004,q34_t527
35004,q34_t528
35005,q34_t529
35005,q34_t530
35006,q34_t530
35006,q34_t531
35007,q34_t532
35007,q34_t533
35008,q34_t533
35008,q34_t537
35009,q34_t537
35009,q34_t538
35009,q35_t537
35009,q35_t538
35010,q34_t538
35010,q34_t539
35011,q34_t539
35011,q34_t540
35012,q34_t540
35012,q34_t541
35012,q36_t540
35012,q36_t541
35013,q34_t541
35013,q34_t542
35014,q34_t542
35014,q34_t543
35015,q34_t543
35015,q34_t544
35015,q37_t543
35015,q37_t544
35016,q34_t544
35016,q34_t545
35017,q34_t545
35017,q34_t546
35018,q34_t546
35018,q34_t547
35018,q38_t546
35018,q38_t547
35019,q34_t547
35019,q34_t548
35020,q34_t548
35020,q34_t549
35021,q34_t549
35021,q34_t550
35021,q39_t549
35021,q39_t550
35022,q34_t550
35022,q34_t551
35023,q34_t551
35023,q34_t552
35024,q34_t552
35024,q34_t553
35024,q40_t552
35024,q40_t553
35025,q34_t553
35025,q34_t554
35026,q34_t554
35026,q34_t555
35027,q34_t555
35027,q34_t556
35027,q41_t555
35027,q41_t556
35028,q34_t556
35028,q34_t557
35029,q34_t557
35029,q34_t558
35030,q34_t558
35030,q34_t559
35030,q42_t558
35030,q42_t559
35031,q34_t559
35031,q34_t560
35032,q34_t560
35032,q34_t561
35033,q34_t561
35033,q34_t562
35033,q43_t561
35033,q43_t562
35034,q34_t562
35034,q34_t563
35035,q34_t563
35035,q34_t564
35036,q34_t564
35036,q34_t565
35036,q44_t564
35036,q44_t565
35037,q34_t565
35037,q34_t566
35038,q34_t566
35038,q34_t567
35039,q34_t567
35039,q34_t568
35039,q45_t567
35039,q45_t568
35040,q34_t568
35040,q34_t569
35041,q34_t569
35041,q34_t570
35042,q34_t570
35042,q34_t571
35042,q46_t570
35042,q46_t571
35043,q34_t571
35043,q34_t572
35044,q34_t572
35044,q34_t573
35045,q34_t573
35045,q34_t574
35045,q47_t573
35045,q47_t574
35046,q34_t574
35046,q34_t575
35047,q34_t575
35047,q34_t576
35048,q34_t576
35048,q34_t577
35048,q48_t576
35048,q48_t577
35049,q34_t577
35049,q34_t578
35050,q34_t578
35050,q34_t579
35051,q34_t579
35051,q34_t580
35051,q49_t579
35051,q49_t580
35052,q34_t580
35052,q34_t581
35053,q34_t581
35053,q34_t582
35054,q34_t582
35054,q34_t583
35054,q50_t582
35054,q50_t583
35055,q34_t583
35055,q34_t584
35056,q34_t584
35056,q34_t585
35057,q34_t585
35057,q34_t586
35057,q51_t585
35057,q51_t586
35058,q34_t586
35058,q34_t587
35059,q34_t587
35059,q34_t588
35060,q34_t588
35060,q34_t589
35060,q52_t588
35060,q52_t589
35061,q34_t589
35061,q34_t590
35062,q34_t590
35062,q34_t591
35063,q34_t591
35063,q34_t592
35063,q53_t591
35063,q53_t592
35064,q34_t592
35064,q34_t593
35065,q34_t593
35065,q34_t594
35066,q34_t594
35066,q34_t595
35066,q54_t594
35066,q54_t595
35067,q34_t595
35067,q34_t596
35068,q34_t596
35068,q34_t597
35069,q34_t597
35069,q34_t598
35069,q55_t597
35069,q55_t598
35070,q34_t598
35070,q34_t599
35071,q34_t599
35071,q34_t600
35072,q34_t600
35072,q34_t601
35072,q56_t600
35072,q56_t601
35073,q34_t601
35073,q34_t602
35074,q34_t602
35074,q34_t603
35075,q34_t603
35075,q34_t604
35075,q57_t603
35075,q57_t604
35076,q34_t604
35076,q34_t605
35077,q34_t605
35077,q34_t606
35078,q34_t606
35078,q34_t607
35078,q58_t606
35078,q58_t607
35079,q34_t607
35079,q34_t608
35080,q34_t608
35080,q34_t609
35081,q34_t609
35081,q34_t610
35081,q59_t609
35081,q59_t610
35082,q34_t610
35082,q34_t611
35083,q34_t611
35083,q34_t612
35084,q34_t612
35084,q34_t613
35084,q60_t612
35084,q60_t613
35085,q34_t613
35085,q34_t614
35086,q34_t614
35086,q34_t615
35087,q34_t615
35087,q34_t616
35087,q61_t615
35087,q61_t616
35088,q34_t616
35088,q34_t617
35089,q34_t617
35089,q34_t618
35090,q34_t618
35090,q34_t619
35090,q62_t618
35090,q62_t619
35091,q34_t619
35091,q34_t620
35092,q34_t620
35092,q34_t621
35093,q34_t621
35093,q34_t622
35093,q63_t621
35093,q63_t622
35094,q34_t622
35094,q34_t623
35095,q34_t623
35095,q34_t624
35096,q34_t624
35096,q34_t625
35096,q64_t624
35096,q64_t625
35097,q34_t625
35097,q34_t626
35098,q34_t626
35098,q34_t627
35099,q34_t627
35099,q34_t628
35099,q65_t627
35099,q65_t628
35100,q34_t628
35100,q34_t629
35101,q34_t629
35101,q34_t630
35102,q34_t630
35102,q34_t631
35102,q66_t630
35102,q66_t631
35103,q34_t631
35103,q34_t632
35104,q34_t632
35104,q34_t633
35105,q34_t633
35105,q34_t634
35105,q67_t633
35105,q67_t634
35106,q34_t634
35106,q34_t635
35107,q34_t635
35107,q34_t636
35108,q34_t636
35108,q34_t637
35108,q68_t636
35108,q68_t637
35109,q34_t637
35109,q34_t638
35110,q34_t638
35110,q34_t639
35111,q34_t639
35111,q34_t640
35111,q69_t639
35111,q69_t640
35112,q34_t640
35112,q34_t641
35113,q34_t641
35113,q34_t642
35114,q34_t642
35114,q34_t643
35114,q70_t642
35114,q70_t643
35115,q34_t643
35115,q34_t644
35116,q34_t644
35116,q34_t645
35117,q34_t645
35117,q34_t646
35117,q71_t645
35117,q71_t646
35118,q34_t646
35118,q34_t647
35119,q34_t647
35119,q34_t648
35120,q34_t648
35120,q34_t649
35120,q72_t648
35120,q72_t649
35121,q34_t649
35121,q34_t650
35122,q34_t650
35122,q34_t651
35123,q34_t651
35123,q34_t652
35123,q73_t651
35123,q73_t652
35124,q34_t652
35124,q34_t653
35125,q34_t653
35125,q34_t654
35126,q34_t654
35126,q34_t655
35126,q74_t654
35126,q74_t655
35127,q34_t655
35127,q34_t656
35128,q34_t656
35128,q34_t657
35129,q34_t657
35129,q34_t658
35129,q75_t657
35129,q75_t658
35130,q34_t658
35130,q34_t659
35131,q34_t659
35131,q34_t660
35132,q34_t660
35132,q34_t661
35132,q76_t660
35132,q76_t661
35133,q34_t661
35133,q34_t662
35134,q34_t662
35134,q34_t663
35135,q34_t663
35135,q34_t664
35135,q77_t663
35135,q77_t664
35136,q34_t664
35136,q34_t665
35137,q34_t665
35137,q34_t666
35138,q34_t666
35138,q34_t667
35138,q78_t666
35138,q78_t667
35139,q34_t667
35139,q34_t668
35140,q34_t668
35140,q34_t669
35141,q34_t669
35141,q34_t670
35141,q79_t669
35141,q79_t670
35142,q34_t670
35142,q34_t671
35143,q34_t671
35143,q34_t672
35144,q34_t672
35144,q34_t673
35144,q80_t672
35144,q80_t673
35145,q34_t673
35145,q34_t674
35146,q34_t674
35146,q34_t675
35147,q34_t675
35147,q34_t676
35147,q81_t675
35147,q81_t676
35148,q34_t676
35148,q34_t677
35149,q34_t677
35149,q34_t678
35150,q34_t678
35150,q34_t679
35150,q82_t678
35150,q82_t679
35151,q34_t679
35151,q34_t680
35152,q34_t680
35152,q34_t681
35153,q34_t681
35153,q34_t682
35153,q83_t681
35153,q83_t682
35154,q34_t682
35154,q34_t683
35155,q34_t683
35155,q34_t684
35156,q34_t684
35156,q34_t685
35156,q84_t684
35156,q84_t685
35157,q34_t685
35157,q34_t686
35158,q34_t686
35158,q34_t687
35159,q34_t687
35159,q34_t688
35159,q85_t687
35159,q85_t688
35160,q34_t688
35160,q34_t689
35161,q34_t689
35161,q34_t690
35162,q34_t690
35162,q34_t691
35162,q86_t690
35162,q86_t691
35163,q34_t691
35163,q34_t692
35164,q34_t692
35164,q34_t693
35165,q34_t693
35165,q34_t694
35165,q87_t693
35165,q87_t694
35166,q34_t694
35166,q34_t695
35167,q34_t695
35167,q34_t696
35168,q34_t696
35168,q34_t697
35168,q88_t696
35168,q88_t697
35169,q34_t697
35169,q34_t698
35170,q34_t698
35170,q34_t699
35171,q34_t699
35171,q34_t700
35171,q89_t699
35171,q89_t700
35172,q34_t700
35172,q34_t701
35173,q34_t701
35173,q34_t702
35174,q34_t702
35174,q34_t703
35174,q90_t702
35174,q90_t703
35175,q34_t703
35175,q34_t704
35176,q34_t704
35176,q34_t705
35177,q34_t705
35177,q34_t706
35177,q91_t705
35177,q91_t706
35178,q34_t706
35178,q34_t707
35179,q34_t707
35179,q34_t708
35180,q34_t708
35180,q34_t709
35180,q92_t708
35180,q92_t709
35181,q34_t709
35181,q34_t710
35182,q34_t710
35182,q34_t711
35183,q34_t711
35183,q34_t712
35183,q93_t711
35183,q93_t712
35184,q34_t712
35184,q34_t713
35185,q34_t713
35185,q34_t714
35186,q34_t714
35186,q34_t715
35186,q94_t714
35186,q94_t715
35187,q34_t715
35187,q34_t716
35188,q34_t716
35188,q34_t717
35189,q34_t717
35189,q34_t718
35189,q95_t717
35189,q95_t718
35190,q34_t718
35190,q34_t719
35191,q34_t719
35191,q34_t720
35192,q34_t720
35192,q34_t721
35192,q96_t720
35192,q96_t721
35193,q34_t721
35193,q34_t722
35194,q34_t722
35194,q34_t723
35195,q34_t723
35195,q34_t724
35195,q97_t723
35195,q97_t724
35196,q34_t724
35196,q34_t725
35197,q34_t725
35197,q34_t726
35198,q34_t726
35198,q34_t727
35198,q98_t726
35198,q98_t727
35199,q34_t727
35199,q34_t728
35200,q34_t728
35200,q34_t729
35201,q34_t729
35201,q34_t730
35201,q99_t729
35201,q99_t730
35202,q34_t730
35202,q34_t731
35203,q34_t731
35203,q34_t732
35204,q34_t733
35204,q34_t734
35205,q34_t734
35205,q34_t735
35206,q34_t736
35206,q34_t737
35207,q34_t737
35207,q34_t738
35208,q34_t739
35208,q34_t740
35209,q34_t740
35209,q34_t741
35210,q34_t742
35210,q34_t743
35211,q34_t743
35211,q34_t744
35212,q34_t745
35212,q34_t746
35213,q34_t746
35213,q34_t747
35214,q34_t748
35214,q34_t749
35215,q34_t749
35215,q34_t750
35216,q34_t751
35216,q34_t752
35217,q34_t752
35217,q34_t753
35218,q34_t754
35218,q34_t755
35219,q34_t755
35219,q34_t756
35220,q34_t757
35220,q34_t758
35221,q34_t758
35221,q34_t759
35222,q34_t760
35222,q34_t761
35223,q34_t761
35223,q34_t762
35224,q34_t762
35224,q34_t763
35225,q34_t764
35225,q34_t765
35226,q34_t765
35226,q34_t766
35227,q34_t767
35227,q34_t768
35228,q34_t768
35228,q34_t769
35229,q34_t770
35229,q34_t771
35230,q34_t771
35230,q34_t772
35231,q34_t772
35231,q34_t773
35231,q3_t772
35231,q3_t773
35232,q34_t773
35232,q34_t774
35233,q34_t774
35233,q34_t775
35234,q34_t775
35234,q34_t776
35234,q4_t775
35234,q4_t776
35235,q34_t776
35235,q34_t777
35236,q34_t777
35236,q34_t778
35237,q34_t778
35237,q34_t779
35237,q5_t778
35237,q5_t779
35238,q34_t779
35238,q34_t780
35239,q34_t780
35239,q34_t781
35240,q34_t781
35240,q34_t782
35240,q6_t781
35240,q6_t782
35241,q34_t782
35241,q34_t783
35242,q34_t783
35242,q34_t784
35243,q34_t784
35243,q34_t785
35243,q7_t784
35243,q7_t785
35244,q34_t785
35244,q34_t786
35245,q34_t786
35245,q34_t787
35246,q34_t787
35246,q34_t788
35246,q8_t787
35246,q8_t788
35247,q34_t788
35247,q34_t789
35248,q34_t789
35248,q34_t790
35249,q34_t790
35249,q34_t791
35249,q9_t790
35249,q9_t791
35250,q34_t791
35250,q34_t792
35251,q34_t792
35251,q34_t793
35252,q34_t794
35252,q34_t795
35253,q34_t795
35253,q34_t796
35254,q34_t797
35254,q34_t798
35255,q34_t798
35255,q34_t799
35256,q34_t800
35256,q34_t801
35257,q34_t801
35257,q34_t802
35258,q34_t803
35258,q34_t804
35259,q34_t804
35259,q34_t805
35260,q34_t806
35260,q34_t807
35261,q34_t807
35261,q34_t808
35262,q34_t809
35262,q34_t810
35263,q34_t810
35263,q34_t811
35264,q34_t812
35264,q34_t813
35265,q34_t813
35265,q34_t814
35266,q34_t815
35266,q34_t816
35267,q34_t816
35267,q34_t817
35268,q34_t818
35268,q34_t819
35269,q34_t819
35269,q34_t820
35270,q34_t821
35270,q34_t822
35271,q34_t822
35271,q34_t823
35272,q34_t824
35272,q34_t825
35273,q34_t825
35273,q34_t826
35274,q34_t827
35274,q34_t828
35275,q34_t828
35275,q34_t829
35276,q34_t830
35276,q34_t831
35277,q34_t831
35277,q34_t832
35278,q34_t833
35278,q34_t834
35279,q34_t834
35279,q34_t835
35280,q34_t836
35280,q34_t837
35281,q34_t837
35281,q34_t838
35282,q34_t839
35282,q34_t840
35283,q34_t840
35283,q34_t841
35284,q34_t842
35284,q34_t843
35285,q34_t843
35285,q34_t844
35286,q34_t845
35286,q34_t846
35287,q34_t846
35287,q34_t847
35288,q34_t848
35288,q34_t849
35289,q34_t849
35289,q34_t850
35290,q34_t851
35290,q34_t852
35291,q34_t852
35291,q34_t853
35292,q34_t854
35292,q34_t855
35293,q34_t855
35293,q34_t856
35294,q34_t857
35294,q34_t858
35295,q34_t858
35295,q34_t859
35296,q34_t860
35296,q34_t861
35297,q34_t861
35297,q34_t862
35298,q34_t863
35298,q34_t864
35299,q34_t864
35299,q34_t868
35300,q34_t868
35300,q34_t869
35300,q35_t868
35300,q35_t869
35301,q34_t869
35301,q34_t870
35302,q34_t870
35302,q34_t871
35303,q34_t871
35303,q34_t872
35303,q36_t871
35303,q36_t872
35304,q34_t872
35304,q34_t873
35305,q34_t873
35305,q34_t874
35306,q34_t874
35306,q34_t875
35306,q37_t874
35306,q37_t875
35307,q34_t875
35307,q34_t876
35308,q34_t876
35308,q34_t877
35309,q34_t877
35309,q34_t878
35309,q38_t877
35309,q38_t878
35310,q34_t878
35310,q34_t879
35311,q34_t879
35311,q34_t880
35312,q34_t880
35312,q34_t881
35312,q39_t880
35312,q39_t881
35313,q34_t881
35313,q34_t882
35314,q34_t882
35314,q34_t883
35315,q34_t883
35315,q34_t884
35315,q40_t883
35315,q40_t884
35316,q34_t884
35316,q34_t885
35317,q34_t885
35317,q34_t886
35318,q34_t886
35318,q34_t887
35318,q41_t886
35318,q41_t887
35319,q34_t887
35319,q34_t888
35320,q34_t888
35320,q34_t889
35321,q34_t889
35321,q34_t890
35321,q42_t889
35321,q42_t890
35322,q34_t890
35322,q34_t891
35323,q34_t891
35323,q34_t892
35324,q34_t892
35324,q34_t893
35324,q43_t892
35324,q43_t893
35325,q34_t893
35325,q34_t894
35326,q34_t894
35326,q34_t895
35327,q34_t895
35327,q34_t896
35327,q44_t895
35327,q44_t896
35328,q34_t896
35328,q34_t897
35329,q34_t897
35329,q34_t898
35330,q34_t898
35330,q34_t899
35330,q45_t898
35330,q45_t899
35331,q34_t899
35331,q34_t900
35332,q34_t900
35332,q34_t901
35333,q34_t901
35333,q34_t902
35333,q46_t901
35333,q46_t902
35334,q34_t902
35334,q34_t903
35335,q34_t903
35335,q34_t904
35336,q34_t904
35336,q34_t905
35336,q47_t904
35336,q47_t905
35337,q34_t905
35337,q34_t906
35338,q34_t906
35338,q34_t907
35339,q34_t907
35339,q34_t908
35339,q48_t907
35339,q48_t908
35340,q34_t908
35340,q34_t909
35341,q34_t909
35341,q34_t910
35342,q34_t910
35342,q34_t911
35342,q49_t910
35342,q49_t911
35343,q34_t911
35343,q34_t912
35344,q34_t912
35344,q34_t913
35345,q34_t913
35345,q34_t914
35345,q50_t913
35345,q50_t914
35346,q34_t914
35346,q34_t915
35347,q34_t915
35347,q34_t916
35348,q34_t916
35348,q34_t917
35348,q51_t916
35348,q51_t917
35349,q34_t917
35349,q34_t918
35350,q34_t918
35350,q34_t919
35351,q34_t919
35351,q34_t920
35351,q52_t919
35351,q52_t920
35352,q34_t920
35352,q34_t921
35353,q34_t921
35353,q34_t922
35354,q34_t922
35354,q34_t923
35354,q53_t922
35354,q53_t923
35355,q34_t923
35355,q34_t924
35356,q34_t924
35356,q34_t925
35357,q34_t925
35357,q34_t926
35357,q54_t925
35357,q54_t926
35358,q34_t926
35358,q34_t927
35359,q34_t927
35359,q34_t928
35360,q34_t928
35360,q34_t929
35360,q55_t928
35360,q55_t929
35361,q34_t929
35361,q34_t930
35362,q34_t930
35362,q34_t931
35363,q34_t931
35363,q34_t932
35363,q56_t931
35363,q56_t932
35364,q34_t932
35364,q34_t933
35365,q34_t933
35365,q34_t934
35366,q34_t934
35366,q34_t935
35366,q57_t934
35366,q57_t935
35367,q34_t935
35367,q34_t936
35368,q34_t936
35368,q34_t937
35369,q34_t937
35369,q34_t938
35369,q58_t937
35369,q58_t938
35370,q34_t938
35370,q34_t939
35371,q34_t939
35371,q34_t940
35372,q34_t940
35372,q34_t941
35372,q59_t940
35372,q59_t941
35373,q34_t941
35373,q34_t942
35374,q34_t942
35374,q34_t943
35375,q34_t943
35375,q34_t944
35375,q60_t943
35375,q60_t944
35376,q34_t944
35376,q34_t945
35377,q34_t945
35377,q34_t946
35378,q34_t946
35378,q34_t947
35378,q61_t946
35378,q61_t947
35379,q34_t947
35379,q34_t948
35380,q34_t948
35380,q34_t949
35381,q34_t949
35381,q34_t950
35381,q62_t949
35381,q62_t950
35382,q34_t950
35382,q34_t951
35383,q34_t951
35383,q34_t952
35384,q34_t952
35384,q34_t953
35384,q63_t952
35384,q63_t953
35385,q34_t953
35385,q34_t954
35386,q34_t954
35386,q34_t955
35387,q34_t955
35387,q34_t956
35387,q64_t955
35387,q64_t956
35388,q34_t956
35388,q34_t957
35389,q34_t957
35389,q34_t958
35390,q34_t958
35390,q34_t959
35390,q65_t958
35390,q65_t959
35391,q34_t959
35391,q34_t960
35392,q34_t960
35392,q34_t961
35393,q34_t961
35393,q34_t962
35393,q66_t961
35393,q66_t962
35394,q34_t962
35394,q34_t963
35395,q34_t963
35395,q34_t964
35396,q34_t964
35396,q34_t965
35396,q67_t964
35396,q67_t965
35397,q34_t965
35397,q34_t966
35398,q34_t966
35398,q34_t967
35399,q34_t967
35399,q34_t968
35399,q68_t967
35399,q68_t968
35400,q34_t968
35400,q34_t969
35401,q34_t969
35401,q34_t970
35402,q34_t970
35402,q34_t971
35402,q69_t970
35402,q69_t971
35403,q34_t971
35403,q34_t972
35404,q34_t972
35404,q34_t973
35405,q34_t973
35405,q34_t974
35405,q70_t973
35405,q70_t974
35406,q34_t974
35406,q34_t975
35407,q34_t975
35407,q34_t976
35408,q34_t976
35408,q34_t977
35408,q71_t976
35408,q71_t977
35409,q34_t977
35409,q34_t978
35410,q34_t978
35410,q34_t979
35411,q34_t979
35411,q34_t980
35411,q72_t979
35411,q72_t980
35412,q34_t980
35412,q34_t981
35413,q34_t981
35413,q34_t982
35414,q34_t982
35414,q34_t983
35414,q73_t982
35414,q73_t983
35415,q34_t983
35415,q34_t984
35416,q34_t984
35416,q34_t985
35417,q34_t985
35417,q34_t986
35417,q74_t985
35417,q74_t986
35418,q34_t986
35418,q34_t987
35419,q34_t987
35419,q34_t988
35420,q34_t988
35420,q34_t989
35420,q75_t988
35420,q75_t989
35421,q34_t989
35421,q34_t990
35422,q34_t990
35422,q34_t991
35423,q34_t991
35423,q34_t992
35423,q76_t991
35423,q76_t992
35424,q34_t992
35424,q34_t993
35425,q34_t993
35425,q34_t994
35426,q34_t994
35426,q34_t995
35426,q77_t994
35426,q77_t995
35427,q34_t995
35427,q34_t996
35428,q34_t996
35428,q34_t997
35429,q34_t997
35429,q34_t998
35429,q78_t997
35429,q78_t998
35430,q34_t998
35430,q34_t999
35431,q35_t0
35431,q35_t1
35432,q35_t1
35432,q35_t104
35433,q35_t1000
35433,q35_t1001
35433,q78_t1000
35433,q78_t1001
35434,q35_t1000
35434,q35_t999
35435,q35_t1001
35435,q35_t1002
35436,q35_t1002
35436,q35_t1003
35437,q35_t1003
35437,q35_t1004
35437,q79_t1003
35437,q79_t1004
35438,q35_t1004
35438,q35_t1005
35439,q35_t1005
35439,q35_t1006
35440,q35_t1006
35440,q35_t1007
35440,q80_t1006
35440,q80_t1007
35441,q35_t1007
35441,q35_t1008
35442,q35_t1008
35442,q35_t1009
35443,q35_t1009
35443,q35_t1010
35443,q81_t1009
35443,q81_t1010
35444,q35_t1010
35444,q35_t1011
35445,q35_t1011
35445,q35_t1012
35446,q35_t1012
35446,q35_t1013
35446,q82_t1012
35446,q82_t1013
35447,q35_t1013
35447,q35_t1014
35448,q35_t1014
35448,q35_t1015
35449,q35_t1015
35449,q35_t1016
35449,q83_t1015
35449,q83_t1016
35450,q35_t1016
35450,q35_t1017
35451,q35_t1017
35451,q35_t1018
35452,q35_t1018
35452,q35_t1019
35452,q84_t1018
35452,q84_t1019
35453,q35_t1019
35453,q35_t1020
35454,q35_t1020
35454,q35_t1021
35455,q35_t1021
35455,q35_t1022
35455,q85_t1021
35455,q85_t1022
35456,q35_t1022
35456,q35_t1023
35457,q35_t1023
35457,q35_t1024
35458,q35_t1024
35458,q35_t1025
35458,q86_t1024
35458,q86_t1025
35459,q35_t1025
35459,q35_t1026
35460,q35_t1026
35460,q35_t1027
35461,q35_t1027
35461,q35_t1028
35461,q87_t1027
35461,q87_t1028
35462,q35_t1028
35462,q35_t1029
35463,q35_t1029
35463,q35_t1030
35464,q35_t1030
35464,q35_t1031
35464,q88_t1030
35464,q88_t1031
35465,q35_t1031
35465,q35_t1032
35466,q35_t1032
35466,q35_t1033
35467,q35_t1033
35467,q35_t1034
35467,q89_t1033
35467,q89_t1034
35468,q35_t1034
35468,q35_t1035
35469,q35_t1035
35469,q35_t1036
35470,q35_t1036
35470,q35_t1037
35470,q90_t1036
35470,q90_t1037
35471,q35_t1037
35471,q35_t1038
35472,q35_t1038
35472,q35_t1039
35473,q35_t1039
35473,q35_t1040
35473,q91_t1039
35473,q91_t1040
35474,q35_t1040
35474,q35_t1041
35475,q35_t1041
35475,q35_t1042
35476,q35_t1042
35476,q35_t1043
35476,q92_t1042
35476,q92_t1043
35477,q35_t1043
35477,q35_t1044
35478,q35_t1044
35478,q35_t1045
35479,q35_t1045
35479,q35_t1046
35479,q93_t1045
35479,q93_t1046
35480,q35_t1046
35480,q35_t1047
35481,q35_t1047
35481,q35_t1048
35482,q35_t1048
35482,q35_t1049
35482,q94_t1048
35482,q94_t1049
35483,q35_t1049
35483,q35_t1050
35484,q35_t105
35484,q35_t106
35485,q35_t1050
35485,q35_t1051
35486,q35_t1051
35486,q35_t1052
35486,q95_t1051
35486,q95_t1052
35487,q35_t1052
35487,q35_t1053
35488,q35_t1053
35488,q35_t1054
35489,q35_t1054
35489,q35_t1055
35489,q96_t1054
35489,q96_t1055
35490,q35_t1055
35490,q35_t1056
35491,q35_t1056
35491,q35_t1057
35492,q35_t1057
35492,q35_t1058
35492,q97_t1057
35492,q97_t1058
35493,q35_t1058
35493,q35_t1059
35494,q35_t1059
35494,q35_t1060
35495,q35_t106
35495,q35_t107
35496,q35_t1060
35496,q35_t1061
35496,q98_t1060
35496,q98_t1061
35497,q35_t1061
35497,q35_t1062
35498,q35_t1062
35498,q35_t1063
35499,q35_t1063
35499,q35_t1064
35499,q99_t1063
35499,q99_t1064
35500,q35_t1064
35500,q35_t1065
35501,q35_t1065
35501,q35_t1066
35502,q35_t1067
35502,q35_t1068
35503,q35_t1068
35503,q35_t1069
35504,q35_t1070
35504,q35_t1071
35505,q35_t1071
35505,q35_t1072
35506,q35_t1073
35506,q35_t1074
35507,q35_t1074
35507,q35_t1075
35508,q35_t1076
35508,q35_t1077
35509,q35_t1077
35509,q35_t1078
35510,q35_t1079
35510,q35_t1080
35511,q35_t108
35511,q35_t109
35512,q35_t1080
35512,q35_t1081
35513,q35_t1082
35513,q35_t1083
35514,q35_t1083
35514,q35_t1084
35515,q35_t1085
35515,q35_t1086
35516,q35_t1086
35516,q35_t1087
35517,q35_t1088
35517,q35_t1089
35518,q35_t1089
35518,q35_t1090
35519,q35_t109
35519,q35_t110
35520,q35_t1091
35520,q35_t1092
35521,q35_t1092
35521,q35_t1093
35522,q35_t1094
35522,q35_t1095
35523,q35_t1095
35523,q35_t1096
35524,q35_t111
35524,q35_t112
35525,q35_t112
35525,q35_t113
35526,q35_t113
35526,q35_t114
35526,q3_t113
35526,q3_t114
35527,q35_t114
35527,q35_t115
35528,q35_t115
35528,q35_t116
35529,q35_t116
35529,q35_t117
35529,q4_t116
35529,q4_t117
35530,q35_t117
35530,q35_t118
35531,q35_t118
35531,q35_t119
35532,q35_t119
35532,q35_t120
35532,q5_t119
35532,q5_t120
35533,q35_t120
35533,q35_t121
35534,q35_t121
35534,q35_t122
35535,q35_t122
35535,q35_t123
35535,q6_t122
35535,q6_t123
35536,q35_t123
35536,q35_t124
35537,q35_t124
35537,q35_t125
35538,q35_t125
35538,q35_t126
35538,q7_t125
35538,q7_t126
35539,q35_t126
35539,q35_t127
35540,q35_t127
35540,q35_t128
35541,q35_t128
35541,q35_t129
35541,q8_t128
35541,q8_t129
35542,q35_t129
35542,q35_t130
35543,q35_t130
35543,q35_t131
35544,q35_t131
35544,q35_t132
35544,q9_t131
35544,q9_t132
35545,q35_t132
35545,q35_t133
35546,q35_t133
35546,q35_t134
35547,q35_t135
35547,q35_t136
35548,q35_t136
35548,q35_t137
35549,q35_t138
35549,q35_t139
35550,q35_t139
35550,q35_t140
35551,q35_t141
35551,q35_t142
35552,q35_t142
35552,q35_t143
35553,q35_t144
35553,q35_t145
35554,q35_t145
35554,q35_t146
35555,q35_t147
35555,q35_t148
35556,q35_t148
35556,q35_t149
35557,q35_t150
35557,q35_t151
35558,q35_t151
35558,q35_t152
35559,q35_t153
35559,q35_t154
35560,q35_t154
35560,q35_t155
35561,q35_t156
35561,q35_t157
35562,q35_t157
35562,q35_t158
35563,q35_t159
35563,q35_t160
35564,q35_t160
35564,q35_t161
35565,q35_t162
35565,q35_t163
35566,q35_t163
35566,q35_t164
35567,q35_t165
35567,q35_t166
35568,q35_t166
35568,q35_t167
35569,q35_t168
35569,q35_t169
35570,q35_t169
35570,q35_t170
35571,q35_t171
35571,q35_t172
35572,q35_t172
35572,q35_t173
35573,q35_t174
35573,q35_t175
35574,q35_t175
35574,q35_t176
35575,q35_t177
35575,q35_t178
35576,q35_t178
35576,q35_t179
35577,q35_t180
35577,q35_t181
35578,q35_t181
35578,q35_t182
35579,q35_t183
35579,q35_t184
35580,q35_t184
35580,q35_t185
35581,q35_t186
35581,q35_t187
35582,q35_t187
35582,q35_t188
35583,q35_t189
35583,q35_t190
35584,q35_t190
35584,q35_t191
35585,q35_t192
35585,q35_t193
35586,q35_t193
35586,q35_t194
35587,q35_t195
35587,q35_t196
35588,q35_t196
35588,q35_t197
35589,q35_t198
35589,q35_t199
35590,q35_t199
35590,q35_t200
35591,q35_t201
35591,q35_t202
35592,q35_t202
35592,q35_t203
35593,q35_t204
35593,q35_t205
35594,q35_t205
35594,q35_t206
35595,q35_t207
35595,q35_t208
35596,q35_t208
35596,q35_t212
35597,q35_t212
35597,q35_t213
35597,q36_t212
35597,q36_t213
35598,q35_t213
35598,q35_t214
35599,q35_t214
35599,q35_t215
35600,q35_t215
35600,q35_t216
35600,q37_t215
35600,q37_t216
35601,q35_t216
35601,q35_t217
35602,q35_t217
35602,q35_t218
35603,q35_t218
35603,q35_t219
35603,q38_t218
35603,q38_t219
35604,q35_t219
35604,q35_t220
35605,q35_t220
35605,q35_t221
35606,q35_t221
35606,q35_t222
35606,q39_t221
35606,q39_t222
35607,q35_t222
35607,q35_t223
35608,q35_t223
35608,q35_t224
35609,q35_t224
35609,q35_t225
35609,q40_t224
35609,q40_t225
35610,q35_t225
35610,q35_t226
35611,q35_t226
35611,q35_t227
35612,q35_t227
35612,q35_t228
35612,q41_t227
35612,q41_t228
35613,q35_t228
35613,q35_t229
35614,q35_t229
35614,q35_t230
35615,q35_t230
35615,q35_t231
35615,q42_t230
35615,q42_t231
35616,q35_t231
35616,q35_t232
35617,q35_t232
35617,q35_t233
35618,q35_t233
35618,q35_t234
35618,q43_t233
35618,q43_t234
35619,q35_t234
35619,q35_t235
35620,q35_t235
35620,q35_t236
35621,q35_t236
35621,q35_t237
35621,q44_t236
35621,q44_t237
35622,q35_t237
35622,q35_t238
35623,q35_t238
35623,q35_t239
35624,q35_t239
35624,q35_t240
35624,q45_t239
35624,q45_t240
35625,q35_t240
35625,q35_t241
35626,q35_t241
35626,q35_t242
35627,q35_t242
35627,q35_t243
35627,q46_t242
35627,q46_t243
35628,q35_t243
35628,q35_t244
35629,q35_t244
35629,q35_t245
35630,q35_t245
35630,q35_t246
35630,q47_t245
35630,q47_t246
35631,q35_t246
35631,q35_t247
35632,q35_t247
35632,q35_t248
35633,q35_t248
35633,q35_t249
35633,q48_t248
35633,q48_t249
35634,q35_t249
35634,q35_t250
35635,q35_t250
35635,q35_t251
35636,q35_t251
35636,q35_t252
35636,q49_t251
35636,q49_t252
35637,q35_t252
35637,q35_t253
35638,q35_t253
35638,q35_t254
35639,q35_t254
35639,q35_t255
35639,q50_t254
35639,q50_t255
35640,q35_t255
35640,q35_t256
35641,q35_t256
35641,q35_t257
35642,q35_t257
35642,q35_t258
35642,q51_t257
35642,q51_t258
35643,q35_t258
35643,q35_t259
35644,q35_t259
35644,q35_t260
35645,q35_t260
35645,q35_t261
35645,q52_t260
35645,q52_t261
35646,q35_t261
35646,q35_t262
35647,q35_t262
35647,q35_t263
35648,q35_t263
35648,q35_t264
35648,q53_t263
35648,q53_t264
35649,q35_t264
35649,q35_t265
35650,q35_t265
35650,q35_t266
35651,q35_t266
35651,q35_t267
35651,q54_t266
35651,q54_t267
35652,q35_t267
35652,q35_t268
35653,q35_t268
35653,q35_t269
35654,q35_t269
35654,q35_t270
35654,q55_t269
35654,q55_t270
35655,q35_t270
35655,q35_t271
35656,q35_t271
35656,q35_t272
35657,q35_t272
35657,q35_t273
35657,q56_t272
35657,q56_t273
35658,q35_t273
35658,q35_t274
35659,q35_t274
35659,q35_t275
35660,q35_t275
35660,q35_t276
35660,q57_t275
35660,q57_t276
35661,q35_t276
35661,q35_t277
35662,q35_t277
35662,q35_t278
35663,q35_t278
35663,q35_t279
35663,q58_t278
35663,q58_t279
35664,q35_t279
35664,q35_t280
35665,q35_t280
35665,q35_t281
35666,q35_t281
35666,q35_t282
35666,q59_t281
35666,q59_t282
35667,q35_t282
35667,q35_t283
35668,q35_t283
35668,q35_t284
35669,q35_t284
35669,q35_t285
35669,q60_t284
35669,q60_t285
35670,q35_t285
35670,q35_t286
35671,q35_t286
35671,q35_t287
35672,q35_t287
35672,q35_t288
35672,q61_t287
35672,q61_t288
35673,q35_t288
35673,q35_t289
35674,q35_t289
35674,q35_t290
35675,q35_t290
35675,q35_t291
35675,q62_t290
35675,q62_t291
35676,q35_t291
35676,q35_t292
35677,q35_t292
35677,q35_t293
35678,q35_t293
35678,q35_t294
35678,q63_t293
35678,q63_t294
35679,q35_t294
35679,q35_t295
35680,q35_t295
35680,q35_t296
35681,q35_t296
35681,q35_t297
35681,q64_t296
35681,q64_t297
35682,q35_t297
35682,q35_t298
35683,q35_t298
35683,q35_t299
35684,q35_t299
35684,q35_t300
35684,q65_t299
35684,q65_t300
35685,q35_t300
35685,q35_t301
35686,q35_t301
35686,q35_t302
35687,q35_t302
35687,q35_t303
35687,q66_t302
35687,q66_t303
35688,q35_t303
35688,q35_t304
35689,q35_t304
35689,q35_t305
35690,q35_t305
35690,q35_t306
35690,q67_t305
35690,q67_t306
35691,q35_t306
35691,q35_t307
35692,q35_t307
35692,q35_t308
35693,q35_t308
35693,q35_t309
35693,q68_t308
35693,q68_t309
35694,q35_t309
35694,q35_t310
35695,q35_t310
35695,q35_t311
35696,q35_t311
35696,q35_t312
35696,q69_t311
35696,q69_t312
35697,q35_t312
35697,q35_t313
35698,q35_t313
35698,q35_t314
35699,q35_t314
35699,q35_t315
35699,q70_t314
35699,q70_t315
35700,q35_t315
35700,q35_t316
35701,q35_t316
35701,q35_t317
35702,q35_t317
35702,q35_t318
35702,q71_t317
35702,q71_t318
35703,q35_t318
35703,q35_t319
35704,q35_t319
35704,q35_t320
35705,q35_t320
35705,q35_t321
35705,q72_t320
35705,q72_t321
35706,q35_t321
35706,q35_t322
35707,q35_t322
35707,q35_t323
35708,q35_t323
35708,q35_t324
35708,q73_t323
35708,q73_t324
35709,q35_t324
35709,q35_t325
35710,q35_t325
35710,q35_t326
35711,q35_t326
35711,q35_t327
35711,q74_t326
35711,q74_t327
35712,q35_t327
35712,q35_t328
35713,q35_t328
35713,q35_t329
35714,q35_t329
35714,q35_t330
35714,q75_t329
35714,q75_t330
35715,q35_t330
35715,q35_t331
35716,q35_t331
35716,q35_t332
35717,q35_t332
35717,q35_t333
35717,q76_t332
35717,q76_t333
35718,q35_t333
35718,q35_t334
35719,q35_t334
35719,q35_t335
35720,q35_t335
35720,q35_t336
35720,q77_t335
35720,q77_t336
35721,q35_t336
35721,q35_t337
35722,q35_t337
35722,q35_t338
35723,q35_t338
35723,q35_t339
35723,q78_t338
35723,q78_t339
35724,q35_t339
35724,q35_t340
35725,q35_t340
35725,q35_t341
35726,q35_t341
35726,q35_t342
35726,q79_t341
35726,q79_t342
35727,q35_t342
35727,q35_t343
35728,q35_t343
35728,q35_t344
35729,q35_t344
35729,q35_t345
35729,q80_t344
35729,q80_t345
35730,q35_t345
35730,q35_t346
35731,q35_t346
35731,q35_t347
35732,q35_t347
35732,q35_t348
35732,q81_t347
35732,q81_t348
35733,q35_t348
35733,q35_t349
35734,q35_t349
35734,q35_t350
35735,q35_t350
35735,q35_t351
35735,q82_t350
35735,q82_t351
35736,q35_t351
35736,q35_t352
35737,q35_t352
35737,q35_t353
35738,q35_t353
35738,q35_t354
35738,q83_t353
35738,q83_t354
35739,q35_t354
35739,q35_t355
35740,q35_t355
35740,q35_t356
35741,q35_t356
35741,q35_t357
35741,q84_t356
35741,q84_t357
35742,q35_t357
35742,q35_t358
35743,q35_t358
35743,q35_t359
35744,q35_t359
35744,q35_t360
35744,q85_t359
35744,q85_t360
35745,q35_t360
35745,q35_t361
35746,q35_t361
35746,q35_t362
35747,q35_t362
35747,q35_t363
35747,q86_t362
35747,q86_t363
35748,q35_t363
35748,q35_t364
35749,q35_t364
35749,q35_t365
35750,q35_t365
35750,q35_t366
35750,q87_t365
35750,q87_t366
35751,q35_t366
35751,q35_t367
35752,q35_t367
35752,q35_t368
35753,q35_t368
35753,q35_t369
35753,q88_t368
35753,q88_t369
35754,q35_t369
35754,q35_t370
35755,q35_t370
35755,q35_t371
35756,q35_t371
35756,q35_t372
35756,q89_t371
35756,q89_t372
35757,q35_t372
35757,q35_t373
35758,q35_t373
35758,q35_t374
35759,q35_t374
35759,q35_t375
35759,q90_t374
35759,q90_t375
35760,q35_t375
35760,q35_t376
35761,q35_t376
35761,q35_t377
35762,q35_t377
35762,q35_t378
35762,q91_t377
35762,q91_t378
35763,q35_t378
35763,q35_t379
35764,q35_t379
35764,q35_t380
35765,q35_t380
35765,q35_t381
35765,q92_t380
35765,q92_t381
35766,q35_t381
35766,q35_t382
35767,q35_t382
35767,q35_t383
35768,q35_t383
35768,q35_t384
35768,q93_t383
35768,q93_t384
35769,q35_t384
35769,q35_t385
35770,q35_t385
35770,q35_t386
35771,q35_t386
35771,q35_t387
35771,q94_t386
35771,q94_t387
35772,q35_t387
35772,q35_t388
35773,q35_t388
35773,q35_t389
35774,q35_t389
35774,q35_t390
35774,q95_t389
35774,q95_t390
35775,q35_t390
35775,q35_t391
35776,q35_t391
35776,q35_t392
35777,q35_t392
35777,q35_t393
35777,q96_t392
35777,q96_t393
35778,q35_t393
35778,q35_t394
35779,q35_t394
35779,q35_t395
35780,q35_t395
35780,q35_t396
35780,q97_t395
35780,q97_t396
35781,q35_t396
35781,q35_t397
35782,q35_t397
35782,q35_t398
35783,q35_t398
35783,q35_t399
35783,q98_t398
35783,q98_t399
35784,q35_t399
35784,q35_t400
35785,q35_t400
35785,q35_t401
35786,q35_t401
35786,q35_t402
35786,q99_t401
35786,q99_t402
35787,q35_t402
35787,q35_t403
35788,q35_t403
35788,q35_t404
35789,q35_t405
35789,q35_t406
35790,q35_t406
35790,q35_t407
35791,q35_t408
35791,q35_t409
35792,q35_t409
35792,q35_t410
35793,q35_t411
35793,q35_t412
35794,q35_t412
35794,q35_t413
35795,q35_t414
35795,q35_t415
35796,q35_t415
35796,q35_t416
35797,q35_t417
35797,q35_t418
35798,q35_t418
35798,q35_t419
35799,q35_t420
35799,q35_t421
35800,q35_t421
35800,q35_t422
35801,q35_t423
35801,q35_t424
35802,q35_t424
35802,q35_t425
35803,q35_t426
35803,q35_t427
35804,q35_t427
35804,q35_t428
35805,q35_t429
35805,q35_t430
35806,q35_t430
35806,q35_t431
35807,q35_t432
35807,q35_t433
35808,q35_t433
35808,q35_t434
35809,q35_t434
35809,q35_t435
35810,q35_t436
35810,q35_t437
35811,q35_t437
35811,q35_t438
35812,q35_t439
35812,q35_t440
35813,q35_t440
35813,q35_t441
35814,q35_t442
35814,q35_t443
35815,q35_t443
35815,q35_t444
35816,q35_t444
35816,q35_t445
35816,q3_t444
35816,q3_t445
35817,q35_t445
35817,q35_t446
35818,q35_t446
35818,q35_t447
35819,q35_t447
35819,q35_t448
35819,q4_t447
35819,q4_t448
35820,q35_t448
35820,q35_t449
35821,q35_t449
35821,q35_t450
35822,q35_t450
35822,q35_t451
35822,q5_t450
35822,q5_t451
35823,q35_t451
35823,q35_t452
35824,q35_t452
35824,q35_t453
35825,q35_t453
35825,q35_t454
35825,q6_t453
35825,q6_t454
35826,q35_t454
35826,q35_t455
35827,q35_t455
35827,q35_t456
35828,q35_t456
35828,q35_t457
35828,q7_t456
35828,q7_t457
35829,q35_t457
35829,q35_t458
35830,q35_t458
35830,q35_t459
35831,q35_t459
35831,q35_t460
35831,q8_t459
35831,q8_t460
35832,q35_t460
35832,q35_t461
35833,q35_t461
35833,q35_t462
35834,q35_t462
35834,q35_t463
35834,q9_t462
35834,q9_t463
35835,q35_t463
35835,q35_t464
35836,q35_t464
35836,q35_t465
35837,q35_t466
35837,q35_t467
35838,q35_t467
35838,q35_t468
35839,q35_t469
35839,q35_t470
35840,q35_t470
35840,q35_t471
35841,q35_t472
35841,q35_t473
35842,q35_t473
35842,q35_t474
35843,q35_t475
35843,q35_t476
35844,q35_t476
35844,q35_t477
35845,q35_t478
35845,q35_t479
35846,q35_t479
35846,q35_t480
35847,q35_t481
35847,q35_t482
35848,q35_t482
35848,q35_t483
35849,q35_t484
35849,q35_t485
35850,q35_t485
35850,q35_t486
35851,q35_t487
35851,q35_t488
35852,q35_t488
35852,q35_t489
35853,q35_t490
35853,q35_t491
35854,q35_t491
35854,q35_t492
35855,q35_t493
35855,q35_t494
35856,q35_t494
35856,q35_t495
35857,q35_t496
35857,q35_t497
35858,q35_t497
35858,q35_t498
35859,q35_t499
35859,q35_t500
35860,q35_t500
35860,q35_t501
35861,q35_t502
35861,q35_t503
35862,q35_t503
35862,q35_t504
35863,q35_t505
35863,q35_t506
35864,q35_t506
35864,q35_t507
35865,q35_t508
35865,q35_t509
35866,q35_t509
35866,q35_t510
35867,q35_t511
35867,q35_t512
35868,q35_t512
35868,q35_t513
35869,q35_t514
35869,q35_t515
35870,q35_t515
35870,q35_t516
35871,q35_t517
35871,q35_t518
35872,q35_t518
35872,q35_t519
35873,q35_t520
35873,q35_t521
35874,q35_t521
35874,q35_t522
35875,q35_t523
35875,q35_t524
35876,q35_t524
35876,q35_t525
35877,q35_t526
35877,q35_t527
35878,q35_t527
35878,q35_t528
35879,q35_t529
35879,q35_t530
35880,q35_t530
35880,q35_t531
35881,q35_t532
35881,q35_t533
35882,q35_t533
35882,q35_t534
35883,q35_t535
35883,q35_t536
35884,q35_t536
35884,q35_t537
35885,q35_t538
35885,q35_t539
35886,q35_t539
35886,q35_t543
35887,q35_t543
35887,q35_t544
35887,q36_t543
35887,q36_t544
35888,q35_t544
35888,q35_t545
35889,q35_t545
35889,q35_t546
35890,q35_t546
35890,q35_t547
35890,q37_t546
35890,q37_t547
35891,q35_t547
35891,q35_t548
35892,q35_t548
35892,q35_t549
35893,q35_t549
35893,q35_t550
35893,q38_t549
35893,q38_t550
35894,q35_t550
35894,q35_t551
35895,q35_t551
35895,q35_t552
35896,q35_t552
35896,q35_t553
35896,q39_t552
35896,q39_t553
35897,q35_t553
35897,q35_t554
35898,q35_t554
35898,q35_t555
35899,q35_t555
35899,q35_t556
35899,q40_t555
35899,q40_t556
35900,q35_t556
35900,q35_t557
35901,q35_t557
35901,q35_t558
35902,q35_t558
35902,q35_t559
35902,q41_t558
35902,q41_t559
35903,q35_t559
35903,q35_t560
35904,q35_t560
35904,q35_t561
35905,q35_t561
35905,q35_t562
35905,q42_t561
35905,q42_t562
35906,q35_t562
35906,q35_t563
35907,q35_t563
35907,q35_t564
35908,q35_t564
35908,q35_t565
35908,q43_t564
35908,q43_t565
35909,q35_t565
35909,q35_t566
35910,q35_t566
35910,q35_t567
35911,q35_t567
35911,q35_t568
35911,q44_t567
35911,q44_t568
35912,q35_t568
35912,q35_t569
35913,q35_t569
35913,q35_t570
35914,q35_t570
35914,q35_t571
35914,q45_t570
35914,q45_t571
35915,q35_t571
35915,q35_t572
35916,q35_t572
35916,q35_t573
35917,q35_t573
35917,q35_t574
35917,q46_t573
35917,q46_t574
35918,q35_t574
35918,q35_t575
35919,q35_t575
35919,q35_t576
35920,q35_t576
35920,q35_t577
35920,q47_t576
35920,q47_t577
35921,q35_t577
35921,q35_t578
35922,q35_t578
35922,q35_t579
35923,q35_t579
35923,q35_t580
35923,q48_t579
35923,q48_t580
35924,q35_t580
35924,q35_t581
35925,q35_t581
35925,q35_t582
35926,q35_t582
35926,q35_t583
35926,q49_t582
35926,q49_t583
35927,q35_t583
35927,q35_t584
35928,q35_t584
35928,q35_t585
35929,q35_t585
35929,q35_t586
35929,q50_t585
35929,q50_t586
35930,q35_t586
35930,q35_t587
35931,q35_t587
35931,q35_t588
35932,q35_t588
35932,q35_t589
35932,q51_t588
35932,q51_t589
35933,q35_t589
35933,q35_t590
35934,q35_t590
35934,q35_t591
35935,q35_t591
35935,q35_t592
35935,q52_t591
35935,q52_t592
35936,q35_t592
35936,q35_t593
35937,q35_t593
35937,q35_t594
35938,q35_t594
35938,q35_t595
35938,q53_t594
35938,q53_t595
35939,q35_t595
35939,q35_t596
35940,q35_t596
35940,q35_t597
35941,q35_t597
35941,q35_t598
35941,q54_t597
35941,q54_t598
35942,q35_t598
35942,q35_t599
35943,q35_t599
35943,q35_t600
35944,q35_t600
35944,q35_t601
35944,q55_t600
35944,q55_t601
35945,q35_t601
35945,q35_t602
35946,q35_t602
35946,q35_t603
35947,q35_t603
35947,q35_t604
35947,q56_t603
35947,q56_t604
35948,q35_t604
35948,q35_t605
35949,q35_t605
35949,q35_t606
35950,q35_t606
35950,q35_t607
35950,q57_t606
35950,q57_t607
35951,q35_t607
35951,q35_t608
35952,q35_t608
35952,q35_t609
35953,q35_t609
35953,q35_t610
35953,q58_t609
35953,q58_t610
35954,q35_t610
35954,q35_t611
35955,q35_t611
35955,q35_t612
35956,q35_t612
35956,q35_t613
35956,q59_t612
35956,q59_t613
35957,q35_t613
35957,q35_t614
35958,q35_t614
35958,q35_t615
35959,q35_t615
35959,q35_t616
35959,q60_t615
35959,q60_t616
35960,q35_t616
35960,q35_t617
35961,q35_t617
35961,q35_t618
35962,q35_t618
35962,q35_t619
35962,q61_t618
35962,q61_t619
35963,q35_t619
35963,q35_t620
35964,q35_t620
35964,q35_t621
35965,q35_t621
35965,q35_t622
35965,q62_t621
35965,q62_t622
35966,q35_t622
35966,q35_t623
35967,q35_t623
35967,q35_t624
35968,q35_t624
35968,q35_t625
35968,q63_t624
35968,q63_t625
35969,q35_t625
35969,q35_t626
35970,q35_t626
35970,q35_t627
35971,q35_t627
35971,q35_t628
35971,q64_t627
35971,q64_t628
35972,q35_t628
35972,q35_t629
35973,q35_t629
35973,q35_t630
35974,q35_t630
35974,q35_t631
35974,q65_t630
35974,q65_t631
35975,q35_t631
35975,q35_t632
35976,q35_t632
35976,q35_t633
35977,q35_t633
35977,q35_t634
35977,q66_t633
35977,q66_t634
35978,q35_t634
35978,q35_t635
35979,q35_t635
35979,q35_t636
35980,q35_t636
35980,q35_t637
35980,q67_t636
35980,q67_t637
35981,q35_t637
35981,q35_t638
35982,q35_t638
35982,q35_t639
35983,q35_t639
35983,q35_t640
35983,q68_t639
35983,q68_t640
35984,q35_t640
35984,q35_t641
35985,q35_t641
35985,q35_t642
35986,q35_t642
35986,q35_t643
35986,q69_t642
35986,q69_t643
35987,q35_t643
35987,q35_t644
35988,q35_t644
35988,q35_t645
35989,q35_t645
35989,q35_t646
35989,q70_t645
35989,q70_t646
35990,q35_t646
35990,q35_t647
35991,q35_t647
35991,q35_t648
35992,q35_t648
35992,q35_t649
35992,q71_t648
35992,q71_t649
35993,q35_t649
35993,q35_t650
35994,q35_t650
35994,q35_t651
35995,q35_t651
35995,q35_t652
35995,q72_t651
35995,q72_t652
35996,q35_t652
35996,q35_t653
35997,q35_t653
35997,q35_t654
35998,q35_t654
35998,q35_t655
35998,q73_t654
35998,q73_t655
35999,q35_t655
35999,q35_t656
36000,q35_t656
36000,q35_t657
36001,q35_t657
36001,q35_t658
36001,q74_t657
36001,q74_t658
36002,q35_t658
36002,q35_t659
36003,q35_t659
36003,q35_t660
36004,q35_t660
36004,q35_t661
36004,q75_t660
36004,q75_t661
36005,q35_t661
36005,q35_t662
36006,q35_t662
36006,q35_t663
36007,q35_t663
36007,q35_t664
36007,q76_t663
36007,q76_t664
36008,q35_t664
36008,q35_t665
36009,q35_t665
36009,q35_t666
36010,q35_t666
36010,q35_t667
36010,q77_t666
36010,q77_t667
36011,q35_t667
36011,q35_t668
36012,q35_t668
36012,q35_t669
36013,q35_t669
36013,q35_t670
36013,q78_t669
36013,q78_t670
36014,q35_t670
36014,q35_t671
36015,q35_t671
36015,q35_t672
36016,q35_t672
36016,q35_t673
36016,q79_t672
36016,q79_t673
36017,q35_t673
36017,q35_t674
36018,q35_t674
36018,q35_t675
36019,q35_t675
36019,q35_t676
36019,q80_t675
36019,q80_t676
36020,q35_t676
36020,q35_t677
36021,q35_t677
36021,q35_t678
36022,q35_t678
36022,q35_t679
36022,q81_t678
36022,q81_t679
36023,q35_t679
36023,q35_t680
36024,q35_t680
36024,q35_t681
36025,q35_t681
36025,q35_t682
36025,q82_t681
36025,q82_t682
36026,q35_t682
36026,q35_t683
36027,q35_t683
36027,q35_t684
36028,q35_t684
36028,q35_t685
36028,q83_t684
36028,q83_t685
36029,q35_t685
36029,q35_t686
36030,q35_t686
36030,q35_t687
36031,q35_t687
36031,q35_t688
36031,q84_t687
36031,q84_t688
36032,q35_t688
36032,q35_t689
36033,q35_t689
36033,q35_t690
36034,q35_t690
36034,q35_t691
36034,q85_t690
36034,q85_t691
36035,q35_t691
36035,q35_t692
36036,q35_t692
36036,q35_t693
36037,q35_t693
36037,q35_t694
36037,q86_t693
36037,q86_t694
36038,q35_t694
36038,q35_t695
36039,q35_t695
36039,q35_t696
36040,q35_t696
36040,q35_t697
36040,q87_t696
36040,q87_t697
36041,q35_t697
36041,q35_t698
36042,q35_t698
36042,q35_t699
36043,q35_t699
36043,q35_t700
36043,q88_t699
36043,q88_t700
36044,q35_t700
36044,q35_t701
36045,q35_t701
36045,q35_t702
36046,q35_t702
36046,q35_t703
36046,q89_t702
36046,q89_t703
36047,q35_t703
36047,q35_t704
36048,q35_t704
36048,q35_t705
36049,q35_t705
36049,q35_t706
36049,q90_t705
36049,q90_t706
36050,q35_t706
36050,q35_t707
36051,q35_t707
36051,q35_t708
36052,q35_t708
36052,q35_t709
36052,q91_t708
36052,q91_t709
36053,q35_t709
36053,q35_t710
36054,q35_t710
36054,q35_t711
36055,q35_t711
36055,q35_t712
36055,q92_t711
36055,q92_t712
36056,q35_t712
36056,q35_t713
36057,q35_t713
36057,q35_t714
36058,q35_t714
36058,q35_t715
36058,q93_t714
36058,q93_t715
36059,q35_t715
36059,q35_t716
36060,q35_t716
36060,q35_t717
36061,q35_t717
36061,q35_t718
36061,q94_t717
36061,q94_t718
36062,q35_t718
36062,q35_t719
36063,q35_t719
36063,q35_t720
36064,q35_t720
36064,q35_t721
36064,q95_t720
36064,q95_t721
36065,q35_t721
36065,q35_t722
36066,q35_t722
36066,q35_t723
36067,q35_t723
36067,q35_t724
36067,q96_t723
36067,q96_t724
36068,q35_t724
36068,q35_t725
36069,q35_t725
36069,q35_t726
36070,q35_t726
36070,q35_t727
36070,q97_t726
36070,q97_t727
36071,q35_t727
36071,q35_t728
36072,q35_t728
36072,q35_t729
36073,q35_t729
36073,q35_t730
36073,q98_t729
36073,q98_t730
36074,q35_t730
36074,q35_t731
36075,q35_t731
36075,q35_t732
36076,q35_t732
36076,q35_t733
36076,q99_t732
36076,q99_t733
36077,q35_t733
36077,q35_t734
36078,q35_t734
36078,q35_t735
36079,q35_t736
36079,q35_t737
36080,q35_t737
36080,q35_t738
36081,q35_t739
36081,q35_t740
36082,q35_t740
36082,q35_t741
36083,q35_t742
36083,q35_t743
36084,q35_t743
36084,q35_t744
36085,q35_t745
36085,q35_t746
36086,q35_t746
36086,q35_t747
36087,q35_t748
36087,q35_t749
36088,q35_t749
36088,q35_t750
36089,q35_t751
36089,q35_t752
36090,q35_t752
36090,q35_t753
36091,q35_t754
36091,q35_t755
36092,q35_t755
36092,q35_t756
36093,q35_t757
36093,q35_t758
36094,q35_t758
36094,q35_t759
36095,q35_t760
36095,q35_t761
36096,q35_t761
36096,q35_t762
36097,q35_t763
36097,q35_t764
36098,q35_t764
36098,q35_t765
36099,q35_t765
36099,q35_t766
36100,q35_t767
36100,q35_t768
36101,q35_t768
36101,q35_t769
36102,q35_t770
36102,q35_t771
36103,q35_t771
36103,q35_t772
36104,q35_t773
36104,q35_t774
36105,q35_t774
36105,q35_t775
36106,q35_t775
36106,q35_t776
36106,q3_t775
36106,q3_t776
36107,q35_t776
36107,q35_t777
36108,q35_t777
36108,q35_t778
36109,q35_t778
36109,q35_t779
36109,q4_t778
36109,q4_t779
36110,q35_t779
36110,q35_t780
36111,q35_t780
36111,q35_t781
36112,q35_t781
36112,q35_t782
36112,q5_t781
36112,q5_t782
36113,q35_t782
36113,q35_t783
36114,q35_t783
36114,q35_t784
36115,q35_t784
36115,q35_t785
36115,q6_t784
36115,q6_t785
36116,q35_t785
36116,q35_t786
36117,q35_t786
36117,q35_t787
36118,q35_t787
36118,q35_t788
36118,q7_t787
36118,q7_t788
36119,q35_t788
36119,q35_t789
36120,q35_t789
36120,q35_t790
36121,q35_t790
36121,q35_t791
36121,q8_t790
36121,q8_t791
36122,q35_t791
36122,q35_t792
36123,q35_t792
36123,q35_t793
36124,q35_t793
36124,q35_t794
36124,q9_t793
36124,q9_t794
36125,q35_t794
36125,q35_t795
36126,q35_t795
36126,q35_t796
36127,q35_t797
36127,q35_t798
36128,q35_t798
36128,q35_t799
36129,q35_t800
36129,q35_t801
36130,q35_t801
36130,q35_t802
36131,q35_t803
36131,q35_t804
36132,q35_t804
36132,q35_t805
36133,q35_t806
36133,q35_t807
36134,q35_t807
36134,q35_t808
36135,q35_t809
36135,q35_t810
36136,q35_t810
36136,q35_t811
36137,q35_t812
36137,q35_t813
36138,q35_t813
36138,q35_t814
36139,q35_t815
36139,q35_t816
36140,q35_t816
36140,q35_t817
36141,q35_t818
36141,q35_t819
36142,q35_t819
36142,q35_t820
36143,q35_t821
36143,q35_t822
36144,q35_t822
36144,q35_t823
36145,q35_t824
36145,q35_t825
36146,q35_t825
36146,q35_t826
36147,q35_t827
36147,q35_t828
36148,q35_t828
36148,q35_t829
36149,q35_t830
36149,q35_t831
36150,q35_t831
36150,q35_t832
36151,q35_t833
36151,q35_t834
36152,q35_t834
36152,q35_t835
36153,q35_t836
36153,q35_t837
36154,q35_t837
36154,q35_t838
36155,q35_t839
36155,q35_t840
36156,q35_t840
36156,q35_t841
36157,q35_t842
36157,q35_t843
36158,q35_t843
36158,q35_t844
36159,q35_t845
36159,q35_t846
36160,q35_t846
36160,q35_t847
36161,q35_t848
36161,q35_t849
36162,q35_t849
36162,q35_t850
36163,q35_t851
36163,q35_t852
36164,q35_t852
36164,q35_t853
36165,q35_t854
36165,q35_t855
36166,q35_t855
36166,q35_t856
36167,q35_t857
36167,q35_t858
36168,q35_t858
36168,q35_t859
36169,q35_t860
36169,q35_t861
36170,q35_t861
36170,q35_t862
36171,q35_t863
36171,q35_t864
36172,q35_t864
36172,q35_t865
36173,q35_t866
36173,q35_t867
36174,q35_t867
36174,q35_t868
36175,q35_t869
36175,q35_t870
36176,q35_t870
36176,q35_t874
36177,q35_t874
36177,q35_t875
36177,q36_t874
36177,q36_t875
36178,q35_t875
36178,q35_t876
36179,q35_t876
36179,q35_t877
36180,q35_t877
36180,q35_t878
36180,q37_t877
36180,q37_t878
36181,q35_t878
36181,q35_t879
36182,q35_t879
36182,q35_t880
36183,q35_t880
36183,q35_t881
36183,q38_t880
36183,q38_t881
36184,q35_t881
36184,q35_t882
36185,q35_t882
36185,q35_t883
36186,q35_t883
36186,q35_t884
36186,q39_t883
36186,q39_t884
36187,q35_t884
36187,q35_t885
36188,q35_t885
36188,q35_t886
36189,q35_t886
36189,q35_t887
36189,q40_t886
36189,q40_t887
36190,q35_t887
36190,q35_t888
36191,q35_t888
36191,q35_t889
36192,q35_t889
36192,q35_t890
36192,q41_t889
36192,q41_t890
36193,q35_t890
36193,q35_t891
36194,q35_t891
36194,q35_t892
36195,q35_t892
36195,q35_t893
36195,q42_t892
36195,q42_t893
36196,q35_t893
36196,q35_t894
36197,q35_t894
36197,q35_t895
36198,q35_t895
36198,q35_t896
36198,q43_t895
36198,q43_t896
36199,q35_t896
36199,q35_t897
36200,q35_t897
36200,q35_t898
36201,q35_t898
36201,q35_t899
36201,q44_t898
36201,q44_t899
36202,q35_t899
36202,q35_t900
36203,q35_t900
36203,q35_t901
36204,q35_t901
36204,q35_t902
36204,q45_t901
36204,q45_t902
36205,q35_t902
36205,q35_t903
36206,q35_t903
36206,q35_t904
36207,q35_t904
36207,q35_t905
36207,q46_t904
36207,q46_t905
36208,q35_t905
36208,q35_t906
36209,q35_t906
36209,q35_t907
36210,q35_t907
36210,q35_t908
36210,q47_t907
36210,q47_t908
36211,q35_t908
36211,q35_t909
36212,q35_t909
36212,q35_t910
36213,q35_t910
36213,q35_t911
36213,q48_t910
36213,q48_t911
36214,q35_t911
36214,q35_t912
36215,q35_t912
36215,q35_t913
36216,q35_t913
36216,q35_t914
36216,q49_t913
36216,q49_t914
36217,q35_t914
36217,q35_t915
36218,q35_t915
36218,q35_t916
36219,q35_t916
36219,q35_t917
36219,q50_t916
36219,q50_t917
36220,q35_t917
36220,q35_t918
36221,q35_t918
36221,q35_t919
36222,q35_t919
36222,q35_t920
36222,q51_t919
36222,q51_t920
36223,q35_t920
36223,q35_t921
36224,q35_t921
36224,q35_t922
36225,q35_t922
36225,q35_t923
36225,q52_t922
36225,q52_t923
36226,q35_t923
36226,q35_t924
36227,q35_t924
36227,q35_t925
36228,q35_t925
36228,q35_t926
36228,q53_t925
36228,q53_t926
36229,q35_t926
36229,q35_t927
36230,q35_t927
36230,q35_t928
36231,q35_t928
36231,q35_t929
36231,q54_t928
36231,q54_t929
36232,q35_t929
36232,q35_t930
36233,q35_t930
36233,q35_t931
36234,q35_t931
36234,q35_t932
36234,q55_t931
36234,q55_t932
36235,q35_t932
36235,q35_t933
36236,q35_t933
36236,q35_t934
36237,q35_t934
36237,q35_t935
36237,q56_t934
36237,q56_t935
36238,q35_t935
36238,q35_t936
36239,q35_t936
36239,q35_t937
36240,q35_t937
36240,q35_t938
36240,q57_t937
36240,q57_t938
36241,q35_t938
36241,q35_t939
36242,q35_t939
36242,q35_t940
36243,q35_t940
36243,q35_t941
36243,q58_t940
36243,q58_t941
36244,q35_t941
36244,q35_t942
36245,q35_t942
36245,q35_t943
36246,q35_t943
36246,q35_t944
36246,q59_t943
36246,q59_t944
36247,q35_t944
36247,q35_t945
36248,q35_t945
36248,q35_t946
36249,q35_t946
36249,q35_t947
36249,q60_t946
36249,q60_t947
36250,q35_t947
36250,q35_t948
36251,q35_t948
36251,q35_t949
36252,q35_t949
36252,q35_t950
36252,q61_t949
36252,q61_t950
36253,q35_t950
36253,q35_t951
36254,q35_t951
36254,q35_t952
36255,q35_t952
36255,q35_t953
36255,q62_t952
36255,q62_t953
36256,q35_t953
36256,q35_t954
36257,q35_t954
36257,q35_t955
36258,q35_t955
36258,q35_t956
36258,q63_t955
36258,q63_t956
36259,q35_t956
36259,q35_t957
36260,q35_t957
36260,q35_t958
36261,q35_t958
36261,q35_t959
36261,q64_t958
36261,q64_t959
36262,q35_t959
36262,q35_t960
36263,q35_t960
36263,q35_t961
36264,q35_t961
36264,q35_t962
36264,q65_t961
36264,q65_t962
36265,q35_t962
36265,q35_t963
36266,q35_t963
36266,q35_t964
36267,q35_t964
36267,q35_t965
36267,q66_t964
36267,q66_t965
36268,q35_t965
36268,q35_t966
36269,q35_t966
36269,q35_t967
36270,q35_t967
36270,q35_t968
36270,q67_t967
36270,q67_t968
36271,q35_t968
36271,q35_t969
36272,q35_t969
36272,q35_t970
36273,q35_t970
36273,q35_t971
36273,q68_t970
36273,q68_t971
36274,q35_t971
36274,q35_t972
36275,q35_t972
36275,q35_t973
36276,q35_t973
36276,q35_t974
36276,q69_t973
36276,q69_t974
36277,q35_t974
36277,q35_t975
36278,q35_t975
36278,q35_t976
36279,q35_t976
36279,q35_t977
36279,q70_t976
36279,q70_t977
36280,q35_t977
36280,q35_t978
36281,q35_t978
36281,q35_t979
36282,q35_t979
36282,q35_t980
36282,q71_t979
36282,q71_t980
36283,q35_t980
36283,q35_t981
36284,q35_t981
36284,q35_t982
36285,q35_t982
36285,q35_t983
36285,q72_t982
36285,q72_t983
36286,q35_t983
36286,q35_t984
36287,q35_t984
36287,q35_t985
36288,q35_t985
36288,q35_t986
36288,q73_t985
36288,q73_t986
36289,q35_t986
36289,q35_t987
36290,q35_t987
36290,q35_t988
36291,q35_t988
36291,q35_t989
36291,q74_t988
36291,q74_t989
36292,q35_t989
36292,q35_t990
36293,q35_t990
36293,q35_t991
36294,q35_t991
36294,q35_t992
36294,q75_t991
36294,q75_t992
36295,q35_t992
36295,q35_t993
36296,q35_t993
36296,q35_t994
36297,q35_t994
36297,q35_t995
36297,q76_t994
36297,q76_t995
36298,q35_t995
36298,q35_t996
36299,q35_t996
36299,q35_t997
36300,q35_t997
36300,q35_t998
36300,q77_t997
36300,q77_t998
36301,q35_t998
36301,q35_t999
36302,q36_t0
36302,q36_t1
36303,q36_t1
36303,q36_t107
36304,q36_t1000
36304,q36_t1001
36304,q77_t1000
36304,q77_t1001
36305,q36_t1000
36305,q36_t999
36306,q36_t1001
36306,q36_t1002
36307,q36_t1002
36307,q36_t1003
36308,q36_t1003
36308,q36_t1004
36308,q78_t1003
36308,q78_t1004
36309,q36_t1004
36309,q36_t1005
36310,q36_t1005
36310,q36_t1006
36311,q36_t1006
36311,q36_t1007
36311,q79_t1006
36311,q79_t1007
36312,q36_t1007
36312,q36_t1008
36313,q36_t1008
36313,q36_t1009
36314,q36_t1009
36314,q36_t1010
36314,q80_t1009
36314,q80_t1010
36315,q36_t1010
36315,q36_t1011
36316,q36_t1011
36316,q36_t1012
36317,q36_t1012
36317,q36_t1013
36317,q81_t1012
36317,q81_t1013
36318,q36_t1013
36318,q36_t1014
36319,q36_t1014
36319,q36_t1015
36320,q36_t1015
36320,q36_t1016
36320,q82_t1015
36320,q82_t1016
36321,q36_t1016
36321,q36_t1017
36322,q36_t1017
36322,q36_t1018
36323,q36_t1018
36323,q36_t1019
36323,q83_t1018
36323,q83_t1019
36324,q36_t1019
36324,q36_t1020
36325,q36_t1020
36325,q36_t1021
36326,q36_t1021
36326,q36_t1022
36326,q84_t1021
36326,q84_t1022
36327,q36_t1022
36327,q36_t1023
36328,q36_t1023
36328,q36_t1024
36329,q36_t1024
36329,q36_t1025
36329,q85_t1024
36329,q85_t1025
36330,q36_t1025
36330,q36_t1026
36331,q36_t1026
36331,q36_t1027
36332,q36_t1027
36332,q36_t1028
36332,q86_t1027
36332,q86_t1028
36333,q36_t1028
36333,q36_t1029
36334,q36_t1029
36334,q36_t1030
36335,q36_t1030
36335,q36_t1031
36335,q87_t1030
36335,q87_t1031
36336,q36_t1031
36336,q36_t1032
36337,q36_t1032
36337,q36_t1033
36338,q36_t1033
36338,q36_t1034
36338,q88_t1033
36338,q88_t1034
36339,q36_t1034
36339,q36_t1035
36340,q36_t1035
36340,q36_t1036
36341,q36_t1036
36341,q36_t1037
36341,q89_t1036
36341,q89_t1037
36342,q36_t1037
36342,q36_t1038
36343,q36_t1038
36343,q36_t1039
36344,q36_t1039
36344,q36_t1040
36344,q90_t1039
36344,q90_t1040
36345,q36_t1040
36345,q36_t1041
36346,q36_t1041
36346,q36_t1042
36347,q36_t1042
36347,q36_t1043
36347,q91_t1042
36347,q91_t1043
36348,q36_t1043
36348,q36_t1044
36349,q36_t1044
36349,q36_t1045
36350,q36_t1045
36350,q36_t1046
36350,q92_t1045
36350,q92_t1046
36351,q36_t1046
36351,q36_t1047
36352,q36_t1047
36352,q36_t1048
36353,q36_t1048
36353,q36_t1049
36353,q93_t1048
36353,q93_t1049
36354,q36_t1049
36354,q36_t1050
36355,q36_t1050
36355,q36_t1051
36356,q36_t1051
36356,q36_t1052
36356,q94_t1051
36356,q94_t1052
36357,q36_t1052
36357,q36_t1053
36358,q36_t1053
36358,q36_t1054
36359,q36_t1054
36359,q36_t1055
36359,q95_t1054
36359,q95_t1055
36360,q36_t1055
36360,q36_t1056
36361,q36_t1056
36361,q36_t1057
36362,q36_t1057
36362,q36_t1058
36362,q96_t1057
36362,q96_t1058
36363,q36_t1058
36363,q36_t1059
36364,q36_t1059
36364,q36_t1060
36365,q36_t1060
36365,q36_t1061
36365,q97_t1060
36365,q97_t1061
36366,q36_t1061
36366,q36_t1062
36367,q36_t1062
36367,q36_t1063
36368,q36_t1063
36368,q36_t1064
36368,q98_t1063
36368,q98_t1064
36369,q36_t1064
36369,q36_t1065
36370,q36_t1065
36370,q36_t1066
36371,q36_t1066
36371,q36_t1067
36371,q99_t1066
36371,q99_t1067
36372,q36_t1067
36372,q36_t1068
36373,q36_t1068
36373,q36_t1069
36374,q36_t1070
36374,q36_t1071
36375,q36_t1071
36375,q36_t1072
36376,q36_t1073
36376,q36_t1074
36377,q36_t1074
36377,q36_t1075
36378,q36_t1076
36378,q36_t1077
36379,q36_t1077
36379,q36_t1078
36380,q36_t1079
36380,q36_t1080
36381,q36_t108
36381,q36_t109
36382,q36_t1080
36382,q36_t1081
36383,q36_t1082
36383,q36_t1083
36384,q36_t1083
36384,q36_t1084
36385,q36_t1085
36385,q36_t1086
36386,q36_t1086
36386,q36_t1087
36387,q36_t1088
36387,q36_t1089
36388,q36_t1089
36388,q36_t1090
36389,q36_t109
36389,q36_t110
36390,q36_t1091
36390,q36_t1092
36391,q36_t1092
36391,q36_t1093
36392,q36_t1094
36392,q36_t1095
36393,q36_t1095
36393,q36_t1096
36394,q36_t1097
36394,q36_t1098
36395,q36_t1098
36395,q36_t1099
36396,q36_t111
36396,q36_t112
36397,q36_t112
36397,q36_t113
36398,q36_t114
36398,q36_t115
36399,q36_t115
36399,q36_t116
36400,q36_t116
36400,q36_t117
36400,q3_t116
36400,q3_t117
36401,q36_t117
36401,q36_t118
36402,q36_t118
36402,q36_t119
36403,q36_t119
36403,q36_t120
36403,q4_t119
36403,q4_t120
36404,q36_t120
36404,q36_t121
36405,q36_t121
36405,q36_t122
36406,q36_t122
36406,q36_t123
36406,q5_t122
36406,q5_t123
36407,q36_t123
36407,q36_t124
36408,q36_t124
36408,q36_t125
36409,q36_t125
36409,q36_t126
36409,q6_t125
36409,q6_t126
36410,q36_t126
36410,q36_t127
36411,q36_t127
36411,q36_t128
36412,q36_t128
36412,q36_t129
36412,q7_t128
36412,q7_t129
36413,q36_t129
36413,q36_t130
36414,q36_t130
36414,q36_t131
36415,q36_t131
36415,q36_t132
36415,q8_t131
36415,q8_t132
36416,q36_t132
36416,q36_t133
36417,q36_t133
36417,q36_t134
36418,q36_t134
36418,q36_t135
36418,q9_t134
36418,q9_t135
36419,q36_t135
36419,q36_t136
36420,q36_t136
36420,q36_t137
36421,q36_t138
36421,q36_t139
36422,q36_t139
36422,q36_t140
36423,q36_t141
36423,q36_t142
36424,q36_t142
36424,q36_t143
36425,q36_t144
36425,q36_t145
36426,q36_t145
36426,q36_t146
36427,q36_t147
36427,q36_t148
36428,q36_t148
36428,q36_t149
36429,q36_t150
36429,q36_t151
36430,q36_t151
36430,q36_t152
36431,q36_t153
36431,q36_t154
36432,q36_t154
36432,q36_t155
36433,q36_t156
36433,q36_t157
36434,q36_t157
36434,q36_t158
36435,q36_t159
36435,q36_t160
36436,q36_t160
36436,q36_t161
36437,q36_t162
36437,q36_t163
36438,q36_t163
36438,q36_t164
36439,q36_t165
36439,q36_t166
36440,q36_t166
36440,q36_t167
36441,q36_t168
36441,q36_t169
36442,q36_t169
36442,q36_t170
36443,q36_t171
36443,q36_t172
36444,q36_t172
36444,q36_t173
36445,q36_t174
36445,q36_t175
36446,q36_t175
36446,q36_t176
36447,q36_t177
36447,q36_t178
36448,q36_t178
36448,q36_t179
36449,q36_t180
36449,q36_t181
36450,q36_t181
36450,q36_t182
36451,q36_t183
36451,q36_t184
36452,q36_t184
36452,q36_t185
36453,q36_t186
36453,q36_t187
36454,q36_t187
36454,q36_t188
36455,q36_t189
36455,q36_t190
36456,q36_t190
36456,q36_t191
36457,q36_t192
36457,q36_t193
36458,q36_t193
36458,q36_t194
36459,q36_t195
36459,q36_t196
36460,q36_t196
36460,q36_t197
36461,q36_t198
36461,q36_t199
36462,q36_t199
36462,q36_t200
36463,q36_t201
36463,q36_t202
36464,q36_t202
36464,q36_t203
36465,q36_t204
36465,q36_t205
36466,q36_t205
36466,q36_t206
36467,q36_t207
36467,q36_t208
36468,q36_t208
36468,q36_t209
36469,q36_t210
36469,q36_t211
36470,q36_t211
36470,q36_t212
36471,q36_t213
36471,q36_t214
36472,q36_t214
36472,q36_t218
36473,q36_t218
36473,q36_t219
36473,q37_t218
36473,q37_t219
36474,q36_t219
36474,q36_t220
36475,q36_t220
36475,q36_t221
36476,q36_t221
36476,q36_t222
36476,q38_t221
36476,q38_t222
36477,q36_t222
36477,q36_t223
36478,q36_t223
36478,q36_t224
36479,q36_t224
36479,q36_t225
36479,q39_t224
36479,q39_t225
36480,q36_t225
36480,q36_t226
36481,q36_t226
36481,q36_t227
36482,q36_t227
36482,q36_t228
36482,q40_t227
36482,q40_t228
36483,q36_t228
36483,q36_t229
36484,q36_t229
36484,q36_t230
36485,q36_t230
36485,q36_t231
36485,q41_t230
36485,q41_t231
36486,q36_t231
36486,q36_t232
36487,q36_t232
36487,q36_t233
36488,q36_t233
36488,q36_t234
36488,q42_t233
36488,q42_t234
36489,q36_t234
36489,q36_t235
36490,q36_t235
36490,q36_t236
36491,q36_t236
36491,q36_t237
36491,q43_t236
36491,q43_t237
36492,q36_t237
36492,q36_t238
36493,q36_t238
36493,q36_t239
36494,q36_t239
36494,q36_t240
36494,q44_t239
36494,q44_t240
36495,q36_t240
36495,q36_t241
36496,q36_t241
36496,q36_t242
36497,q36_t242
36497,q36_t243
36497,q45_t242
36497,q45_t243
36498,q36_t243
36498,q36_t244
36499,q36_t244
36499,q36_t245
36500,q36_t245
36500,q36_t246
36500,q46_t245
36500,q46_t246
36501,q36_t246
36501,q36_t247
36502,q36_t247
36502,q36_t248
36503,q36_t248
36503,q36_t249
36503,q47_t248
36503,q47_t249
36504,q36_t249
36504,q36_t250
36505,q36_t250
36505,q36_t251
36506,q36_t251
36506,q36_t252
36506,q48_t251
36506,q48_t252
36507,q36_t252
36507,q36_t253
36508,q36_t253
36508,q36_t254
36509,q36_t254
36509,q36_t255
36509,q49_t254
36509,q49_t255
36510,q36_t255
36510,q36_t256
36511,q36_t256
36511,q36_t257
36512,q36_t257
36512,q36_t258
36512,q50_t257
36512,q50_t258
36513,q36_t258
36513,q36_t259
36514,q36_t259
36514,q36_t260
36515,q36_t260
36515,q36_t261
36515,q51_t260
36515,q51_t261
36516,q36_t261
36516,q36_t262
36517,q36_t262
36517,q36_t263
36518,q36_t263
36518,q36_t264
36518,q52_t263
36518,q52_t264
36519,q36_t264
36519,q36_t265
36520,q36_t265
36520,q36_t266
36521,q36_t266
36521,q36_t267
36521,q53_t266
36521,q53_t267
36522,q36_t267
36522,q36_t268
36523,q36_t268
36523,q36_t269
36524,q36_t269
36524,q36_t270
36524,q54_t269
36524,q54_t270
36525,q36_t270
36525,q36_t271
36526,q36_t271
36526,q36_t272
36527,q36_t272
36527,q36_t273
36527,q55_t272
36527,q55_t273
36528,q36_t273
36528,q36_t274
36529,q36_t274
36529,q36_t275
36530,q36_t275
36530,q36_t276
36530,q56_t275
36530,q56_t276
36531,q36_t276
36531,q36_t277
36532,q36_t277
36532,q36_t278
36533,q36_t278
36533,q36_t279
36533,q57_t278
36533,q57_t279
36534,q36_t279
36534,q36_t280
36535,q36_t280
36535,q36_t281
36536,q36_t281
36536,q36_t282
36536,q58_t281
36536,q58_t282
36537,q36_t282
36537,q36_t283
36538,q36_t283
36538,q36_t284
36539,q36_t284
36539,q36_t285
36539,q59_t284
36539,q59_t285
36540,q36_t285
36540,q36_t286
36541,q36_t286
36541,q36_t287
36542,q36_t287
36542,q36_t288
36542,q60_t287
36542,q60_t288
36543,q36_t288
36543,q36_t289
36544,q36_t289
36544,q36_t290
36545,q36_t290
36545,q36_t291
36545,q61_t290
36545,q61_t291
36546,q36_t291
36546,q36_t292
36547,q36_t292
36547,q36_t293
36548,q36_t293
36548,q36_t294
36548,q62_t293
36548,q62_t294
36549,q36_t294
36549,q36_t295
36550,q36_t295
36550,q36_t296
36551,q36_t296
36551,q36_t297
36551,q63_t296
36551,q63_t297
36552,q36_t297
36552,q36_t298
36553,q36_t298
36553,q36_t299
36554,q36_t299
36554,q36_t300
36554,q64_t299
36554,q64_t300
36555,q36_t300
36555,q36_t301
36556,q36_t301
36556,q36_t302
36557,q36_t302
36557,q36_t303
36557,q65_t302
36557,q65_t303
36558,q36_t303
36558,q36_t304
36559,q36_t304
36559,q36_t305
36560,q36_t305
36560,q36_t306
36560,q66_t305
36560,q66_t306
36561,q36_t306
36561,q36_t307
36562,q36_t307
36562,q36_t308
36563,q36_t308
36563,q36_t309
36563,q67_t308
36563,q67_t309
36564,q36_t309
36564,q36_t310
36565,q36_t310
36565,q36_t311
36566,q36_t311
36566,q36_t312
36566,q68_t311
36566,q68_t312
36567,q36_t312
36567,q36_t313
36568,q36_t313
36568,q36_t314
36569,q36_t314
36569,q36_t315
36569,q69_t314
36569,q69_t315
36570,q36_t315
36570,q36_t316
36571,q36_t316
36571,q36_t317
36572,q36_t317
36572,q36_t318
36572,q70_t317
36572,q70_t318
36573,q36_t318
36573,q36_t319
36574,q36_t319
36574,q36_t320
36575,q36_t320
36575,q36_t321
36575,q71_t320
36575,q71_t321
36576,q36_t321
36576,q36_t322
36577,q36_t322
36577,q36_t323
36578,q36_t323
36578,q36_t324
36578,q72_t323
36578,q72_t324
36579,q36_t324
36579,q36_t325
36580,q36_t325
36580,q36_t326
36581,q36_t326
36581,q36_t327
36581,q73_t326
36581,q73_t327
36582,q36_t327
36582,q36_t328
36583,q36_t328
36583,q36_t329
36584,q36_t329
36584,q36_t330
36584,q74_t329
36584,q74_t330
36585,q36_t330
36585,q36_t331
36586,q36_t331
36586,q36_t332
36587,q36_t332
36587,q36_t333
36587,q75_t332
36587,q75_t333
36588,q36_t333
36588,q36_t334
36589,q36_t334
36589,q36_t335
36590,q36_t335
36590,q36_t336
36590,q76_t335
36590,q76_t336
36591,q36_t336
36591,q36_t337
36592,q36_t337
36592,q36_t338
36593,q36_t338
36593,q36_t339
36593,q77_t338
36593,q77_t339
36594,q36_t339
36594,q36_t340
36595,q36_t340
36595,q36_t341
36596,q36_t341
36596,q36_t342
36596,q78_t341
36596,q78_t342
36597,q36_t342
36597,q36_t343
36598,q36_t343
36598,q36_t344
36599,q36_t344
36599,q36_t345
36599,q79_t344
36599,q79_t345
36600,q36_t345
36600,q36_t346
36601,q36_t346
36601,q36_t347
36602,q36_t347
36602,q36_t348
36602,q80_t347
36602,q80_t348
36603,q36_t348
36603,q36_t349
36604,q36_t349
36604,q36_t350
36605,q36_t350
36605,q36_t351
36605,q81_t350
36605,q81_t351
36606,q36_t351
36606,q36_t352
36607,q36_t352
36607,q36_t353
36608,q36_t353
36608,q36_t354
36608,q82_t353
36608,q82_t354
36609,q36_t354
36609,q36_t355
36610,q36_t355
36610,q36_t356
36611,q36_t356
36611,q36_t357
36611,q83_t356
36611,q83_t357
36612,q36_t357
36612,q36_t358
36613,q36_t358
36613,q36_t359
36614,q36_t359
36614,q36_t360
36614,q84_t359
36614,q84_t360
36615,q36_t360
36615,q36_t361
36616,q36_t361
36616,q36_t362
36617,q36_t362
36617,q36_t363
36617,q85_t362
36617,q85_t363
36618,q36_t363
36618,q36_t364
36619,q36_t364
36619,q36_t365
36620,q36_t365
36620,q36_t366
36620,q86_t365
36620,q86_t366
36621,q36_t366
36621,q36_t367
36622,q36_t367
36622,q36_t368
36623,q36_t368
36623,q36_t369
36623,q87_t368
36623,q87_t369
36624,q36_t369
36624,q36_t370
36625,q36_t370
36625,q36_t371
36626,q36_t371
36626,q36_t372
36626,q88_t371
36626,q88_t372
36627,q36_t372
36627,q36_t373
36628,q36_t373
36628,q36_t374
36629,q36_t374
36629,q36_t375
36629,q89_t374
36629,q89_t375
36630,q36_t375
36630,q36_t376
36631,q36_t376
36631,q36_t377
36632,q36_t377
36632,q36_t378
36632,q90_t377
36632,q90_t378
36633,q36_t378
36633,q36_t379
36634,q36_t379
36634,q36_t380
36635,q36_t380
36635,q36_t381
36635,q91_t380
36635,q91_t381
36636,q36_t381
36636,q36_t382
36637,q36_t382
36637,q36_t383
36638,q36_t383
36638,q36_t384
36638,q92_t383
36638,q92_t384
36639,q36_t384
36639,q36_t385
36640,q36_t385
36640,q36_t386
36641,q36_t386
36641,q36_t387
36641,q93_t386
36641,q93_t387
36642,q36_t387
36642,q36_t388
36643,q36_t388
36643,q36_t389
36644,q36_t389
36644,q36_t390
36644,q94_t389
36644,q94_t390
36645,q36_t390
36645,q36_t391
36646,q36_t391
36646,q36_t392
36647,q36_t392
36647,q36_t393
36647,q95_t392
36647,q95_t393
36648,q36_t393
36648,q36_t394
36649,q36_t394
36649,q36_t395
36650,q36_t395
36650,q36_t396
36650,q96_t395
36650,q96_t396
36651,q36_t396
36651,q36_t397
36652,q36_t397
36652,q36_t398
36653,q36_t398
36653,q36_t399
36653,q97_t398
36653,q97_t399
36654,q36_t399
36654,q36_t400
36655,q36_t400
36655,q36_t401
36656,q36_t401
36656,q36_t402
36656,q98_t401
36656,q98_t402
36657,q36_t402
36657,q36_t403
36658,q36_t403
36658,q36_t404
36659,q36_t404
36659,q36_t405
36659,q99_t404
36659,q99_t405
36660,q36_t405
36660,q36_t406
36661,q36_t406
36661,q36_t407
36662,q36_t408
36662,q36_t409
36663,q36_t409
36663,q36_t410
36664,q36_t411
36664,q36_t412
36665,q36_t412
36665,q36_t413
36666,q36_t414
36666,q36_t415
36667,q36_t415
36667,q36_t416
36668,q36_t417
36668,q36_t418
36669,q36_t418
36669,q36_t419
36670,q36_t420
36670,q36_t421
36671,q36_t421
36671,q36_t422
36672,q36_t423
36672,q36_t424
36673,q36_t424
36673,q36_t425
36674,q36_t426
36674,q36_t427
36675,q36_t427
36675,q36_t428
36676,q36_t429
36676,q36_t430
36677,q36_t430
36677,q36_t431
36678,q36_t432
36678,q36_t433
36679,q36_t433
36679,q36_t434
36680,q36_t435
36680,q36_t436
36681,q36_t436
36681,q36_t437
36682,q36_t437
36682,q36_t438
36683,q36_t439
36683,q36_t440
36684,q36_t440
36684,q36_t441
36685,q36_t442
36685,q36_t443
36686,q36_t443
36686,q36_t444
36687,q36_t445
36687,q36_t446
36688,q36_t446
36688,q36_t447
36689,q36_t447
36689,q36_t448
36689,q3_t447
36689,q3_t448
36690,q36_t448
36690,q36_t449
36691,q36_t449
36691,q36_t450
36692,q36_t450
36692,q36_t451
36692,q4_t450
36692,q4_t451
36693,q36_t451
36693,q36_t452
36694,q36_t452
36694,q36_t453
36695,q36_t453
36695,q36_t454
36695,q5_t453
36695,q5_t454
36696,q36_t454
36696,q36_t455
36697,q36_t455
36697,q36_t456
36698,q36_t456
36698,q36_t457
36698,q6_t456
36698,q6_t457
36699,q36_t457
36699,q36_t458
36700,q36_t458
36700,q36_t459
36701,q36_t459
36701,q36_t460
36701,q7_t459
36701,q7_t460
36702,q36_t460
36702,q36_t461
36703,q36_t461
36703,q36_t462
36704,q36_t462
36704,q36_t463
36704,q8_t462
36704,q8_t463
36705,q36_t463
36705,q36_t464
36706,q36_t464
36706,q36_t465
36707,q36_t465
36707,q36_t466
36707,q9_t465
36707,q9_t466
36708,q36_t466
36708,q36_t467
36709,q36_t467
36709,q36_t468
36710,q36_t469
36710,q36_t470
36711,q36_t470
36711,q36_t471
36712,q36_t472
36712,q36_t473
36713,q36_t473
36713,q36_t474
36714,q36_t475
36714,q36_t476
36715,q36_t476
36715,q36_t477
36716,q36_t478
36716,q36_t479
36717,q36_t479
36717,q36_t480
36718,q36_t481
36718,q36_t482
36719,q36_t482
36719,q36_t483
36720,q36_t484
36720,q36_t485
36721,q36_t485
36721,q36_t486
36722,q36_t487
36722,q36_t488
36723,q36_t488
36723,q36_t489
36724,q36_t490
36724,q36_t491
36725,q36_t491
36725,q36_t492
36726,q36_t493
36726,q36_t494
36727,q36_t494
36727,q36_t495
36728,q36_t496
36728,q36_t497
36729,q36_t497
36729,q36_t498
36730,q36_t499
36730,q36_t500
36731,q36_t500
36731,q36_t501
36732,q36_t502
36732,q36_t503
36733,q36_t503
36733,q36_t504
36734,q36_t505
36734,q36_t506
36735,q36_t506
36735,q36_t507
36736,q36_t508
36736,q36_t509
36737,q36_t509
36737,q36_t510
36738,q36_t511
36738,q36_t512
36739,q36_t512
36739,q36_t513
36740,q36_t514
36740,q36_t515
36741,q36_t515
36741,q36_t516
36742,q36_t517
36742,q36_t518
36743,q36_t518
36743,q36_t519
36744,q36_t520
36744,q36_t521
36745,q36_t521
36745,q36_t522
36746,q36_t523
36746,q36_t524
36747,q36_t524
36747,q36_t525
36748,q36_t526
36748,q36_t527
36749,q36_t527
36749,q36_t528
36750,q36_t529
36750,q36_t530
36751,q36_t530
36751,q36_t531
36752,q36_t532
36752,q36_t533
36753,q36_t533
36753,q36_t534
36754,q36_t535
36754,q36_t536
36755,q36_t536
36755,q36_t537
36756,q36_t538
36756,q36_t539
36757,q36_t539
36757,q36_t540
36758,q36_t541
36758,q36_t542
36759,q36_t542
36759,q36_t543
36760,q36_t544
36760,q36_t545
36761,q36_t545
36761,q36_t549
36762,q36_t549
36762,q36_t550
36762,q37_t549
36762,q37_t550
36763,q36_t550
36763,q36_t551
36764,q36_t551
36764,q36_t552
36765,q36_t552
36765,q36_t553
36765,q38_t552
36765,q38_t553
36766,q36_t553
36766,q36_t554
36767,q36_t554
36767,q36_t555
36768,q36_t555
36768,q36_t556
36768,q39_t555
36768,q39_t556
36769,q36_t556
36769,q36_t557
36770,q36_t557
36770,q36_t558
36771,q36_t558
36771,q36_t559
36771,q40_t558
36771,q40_t559
36772,q36_t559
36772,q36_t560
36773,q36_t560
36773,q36_t561
36774,q36_t561
36774,q36_t562
36774,q41_t561
36774,q41_t562
36775,q36_t562
36775,q36_t563
36776,q36_t563
36776,q36_t564
36777,q36_t564
36777,q36_t565
36777,q42_t564
36777,q42_t565
36778,q36_t565
36778,q36_t566
36779,q36_t566
36779,q36_t567
36780,q36_t567
36780,q36_t568
36780,q43_t567
36780,q43_t568
36781,q36_t568
36781,q36_t569
36782,q36_t569
36782,q36_t570
36783,q36_t570
36783,q36_t571
36783,q44_t570
36783,q44_t571
36784,q36_t571
36784,q36_t572
36785,q36_t572
36785,q36_t573
36786,q36_t573
36786,q36_t574
36786,q45_t573
36786,q45_t574
36787,q36_t574
36787,q36_t575
36788,q36_t575
36788,q36_t576
36789,q36_t576
36789,q36_t577
36789,q46_t576
36789,q46_t577
36790,q36_t577
36790,q36_t578
36791,q36_t578
36791,q36_t579
36792,q36_t579
36792,q36_t580
36792,q47_t579
36792,q47_t580
36793,q36_t580
36793,q36_t581
36794,q36_t581
36794,q36_t582
36795,q36_t582
36795,q36_t583
36795,q48_t582
36795,q48_t583
36796,q36_t583
36796,q36_t584
36797,q36_t584
36797,q36_t585
36798,q36_t585
36798,q36_t586
36798,q49_t585
36798,q49_t586
36799,q36_t586
36799,q36_t587
36800,q36_t587
36800,q36_t588
36801,q36_t588
36801,q36_t589
36801,q50_t588
36801,q50_t589
36802,q36_t589
36802,q36_t590
36803,q36_t590
36803,q36_t591
36804,q36_t591
36804,q36_t592
36804,q51_t591
36804,q51_t592
36805,q36_t592
36805,q36_t593
36806,q36_t593
36806,q36_t594
36807,q36_t594
36807,q36_t595
36807,q52_t594
36807,q52_t595
36808,q36_t595
36808,q36_t596
36809,q36_t596
36809,q36_t597
36810,q36_t597
36810,q36_t598
36810,q53_t597
36810,q53_t598
36811,q36_t598
36811,q36_t599
36812,q36_t599
36812,q36_t600
36813,q36_t600
36813,q36_t601
36813,q54_t600
36813,q54_t601
36814,q36_t601
36814,q36_t602
36815,q36_t602
36815,q36_t603
36816,q36_t603
36816,q36_t604
36816,q55_t603
36816,q55_t604
36817,q36_t604
36817,q36_t605
36818,q36_t605
36818,q36_t606
36819,q36_t606
36819,q36_t607
36819,q56_t606
36819,q56_t607
36820,q36_t607
36820,q36_t608
36821,q36_t608
36821,q36_t609
36822,q36_t609
36822,q36_t610
36822,q57_t609
36822,q57_t610
36823,q36_t610
36823,q36_t611
36824,q36_t611
36824,q36_t612
36825,q36_t612
36825,q36_t613
36825,q58_t612
36825,q58_t613
36826,q36_t613
36826,q36_t614
36827,q36_t614
36827,q36_t615
36828,q36_t615
36828,q36_t616
36828,q59_t615
36828,q59_t616
36829,q36_t616
36829,q36_t617
36830,q36_t617
36830,q36_t618
36831,q36_t618
36831,q36_t619
36831,q60_t618
36831,q60_t619
36832,q36_t619
36832,q36_t620
36833,q36_t620
36833,q36_t621
36834,q36_t621
36834,q36_t622
36834,q61_t621
36834,q61_t622
36835,q36_t622
36835,q36_t623
36836,q36_t623
36836,q36_t624
36837,q36_t624
36837,q36_t625
36837,q62_t624
36837,q62_t625
36838,q36_t625
36838,q36_t626
36839,q36_t626
36839,q36_t627
36840,q36_t627
36840,q36_t628
36840,q63_t627
36840,q63_t628
36841,q36_t628
36841,q36_t629
36842,q36_t629
36842,q36_t630
36843,q36_t630
36843,q36_t631
36843,q64_t630
36843,q64_t631
36844,q36_t631
36844,q36_t632
36845,q36_t632
36845,q36_t633
36846,q36_t633
36846,q36_t634
36846,q65_t633
36846,q65_t634
36847,q36_t634
36847,q36_t635
36848,q36_t635
36848,q36_t636
36849,q36_t636
36849,q36_t637
36849,q66_t636
36849,q66_t637
36850,q36_t637
36850,q36_t638
36851,q36_t638
36851,q36_t639
36852,q36_t639
36852,q36_t640
36852,q67_t639
36852,q67_t640
36853,q36_t640
36853,q36_t641
36854,q36_t641
36854,q36_t642
36855,q36_t642
36855,q36_t643
36855,q68_t642
36855,q68_t643
36856,q36_t643
36856,q36_t644
36857,q36_t644
36857,q36_t645
36858,q36_t645
36858,q36_t646
36858,q69_t645
36858,q69_t646
36859,q36_t646
36859,q36_t647
36860,q36_t647
36860,q36_t648
36861,q36_t648
36861,q36_t649
36861,q70_t648
36861,q70_t649
36862,q36_t649
36862,q36_t650
36863,q36_t650
36863,q36_t651
36864,q36_t651
36864,q36_t652
36864,q71_t651
36864,q71_t652
36865,q36_t652
36865,q36_t653
36866,q36_t653
36866,q36_t654
36867,q36_t654
36867,q36_t655
36867,q72_t654
36867,q72_t655
36868,q36_t655
36868,q36_t656
36869,q36_t656
36869,q36_t657
36870,q36_t657
36870,q36_t658
36870,q73_t657
36870,q73_t658
36871,q36_t658
36871,q36_t659
36872,q36_t659
36872,q36_t660
36873,q36_t660
36873,q36_t661
36873,q74_t660
36873,q74_t661
36874,q36_t661
36874,q36_t662
36875,q36_t662
36875,q36_t663
36876,q36_t663
36876,q36_t664
36876,q75_t663
36876,q75_t664
36877,q36_t664
36877,q36_t665
36878,q36_t665
36878,q36_t666
36879,q36_t666
36879,q36_t667
36879,q76_t666
36879,q76_t667
36880,q36_t667
36880,q36_t668
36881,q36_t668
36881,q36_t669
36882,q36_t669
36882,q36_t670
36882,q77_t669
36882,q77_t670
36883,q36_t670
36883,q36_t671
36884,q36_t671
36884,q36_t672
36885,q36_t672
36885,q36_t673
36885,q78_t672
36885,q78_t673
36886,q36_t673
36886,q36_t674
36887,q36_t674
36887,q36_t675
36888,q36_t675
36888,q36_t676
36888,q79_t675
36888,q79_t676
36889,q36_t676
36889,q36_t677
36890,q36_t677
36890,q36_t678
36891,q36_t678
36891,q36_t679
36891,q80_t678
36891,q80_t679
36892,q36_t679
36892,q36_t680
36893,q36_t680
36893,q36_t681
36894,q36_t681
36894,q36_t682
36894,q81_t681
36894,q81_t682
36895,q36_t682
36895,q36_t683
36896,q36_t683
36896,q36_t684
36897,q36_t684
36897,q36_t685
36897,q82_t684
36897,q82_t685
36898,q36_t685
36898,q36_t686
36899,q36_t686
36899,q36_t687
36900,q36_t687
36900,q36_t688
36900,q83_t687
36900,q83_t688
36901,q36_t688
36901,q36_t689
36902,q36_t689
36902,q36_t690
36903,q36_t690
36903,q36_t691
36903,q84_t690
36903,q84_t691
36904,q36_t691
36904,q36_t692
36905,q36_t692
36905,q36_t693
36906,q36_t693
36906,q36_t694
36906,q85_t693
36906,q85_t694
36907,q36_t694
36907,q36_t695
36908,q36_t695
36908,q36_t696
36909,q36_t696
36909,q36_t697
36909,q86_t696
36909,q86_t697
36910,q36_t697
36910,q36_t698
36911,q36_t698
36911,q36_t699
36912,q36_t699
36912,q36_t700
36912,q87_t699
36912,q87_t700
36913,q36_t700
36913,q36_t701
36914,q36_t701
36914,q36_t702
36915,q36_t702
36915,q36_t703
36915,q88_t702
36915,q88_t703
36916,q36_t703
36916,q36_t704
36917,q36_t704
36917,q36_t705
36918,q36_t705
36918,q36_t706
36918,q89_t705
36918,q89_t706
36919,q36_t706
36919,q36_t707
36920,q36_t707
36920,q36_t708
36921,q36_t708
36921,q36_t709
36921,q90_t708
36921,q90_t709
36922,q36_t709
36922,q36_t710
36923,q36_t710
36923,q36_t711
36924,q36_t711
36924,q36_t712
36924,q91_t711
36924,q91_t712
36925,q36_t712
36925,q36_t713
36926,q36_t713
36926,q36_t714
36927,q36_t714
36927,q36_t715
36927,q92_t714
36927,q92_t715
36928,q36_t715
36928,q36_t716
36929,q36_t716
36929,q36_t717
36930,q36_t717
36930,q36_t718
36930,q93_t717
36930,q93_t718
36931,q36_t718
36931,q36_t719
36932,q36_t719
36932,q36_t720
36933,q36_t720
36933,q36_t721
36933,q94_t720
36933,q94_t721
36934,q36_t721
36934,q36_t722
36935,q36_t722
36935,q36_t723
36936,q36_t723
36936,q36_t724
36936,q95_t723
36936,q95_t724
36937,q36_t724
36937,q36_t725
36938,q36_t725
36938,q36_t726
36939,q36_t726
36939,q36_t727
36939,q96_t726
36939,q96_t727
36940,q36_t727
36940,q36_t728
36941,q36_t728
36941,q36_t729
36942,q36_t729
36942,q36_t730
36942,q97_t729
36942,q97_t730
36943,q36_t730
36943,q36_t731
36944,q36_t731
36944,q36_t732
36945,q36_t732
36945,q36_t733
36945,q98_t732
36945,q98_t733
36946,q36_t733
36946,q36_t734
36947,q36_t734
36947,q36_t735
36948,q36_t735
36948,q36_t736
36948,q99_t735
36948,q99_t736
36949,q36_t736
36949,q36_t737
36950,q36_t737
36950,q36_t738
36951,q36_t739
36951,q36_t740
36952,q36_t740
36952,q36_t741
36953,q36_t742
36953,q36_t743
36954,q36_t743
36954,q36_t744
36955,q36_t745
36955,q36_t746
36956,q36_t746
36956,q36_t747
36957,q36_t748
36957,q36_t749
36958,q36_t749
36958,q36_t750
36959,q36_t751
36959,q36_t752
36960,q36_t752
36960,q36_t753
36961,q36_t754
36961,q36_t755
36962,q36_t755
36962,q36_t756
36963,q36_t757
36963,q36_t758
36964,q36_t758
36964,q36_t759
36965,q36_t760
36965,q36_t761
36966,q36_t761
36966,q36_t762
36967,q36_t763
36967,q36_t764
36968,q36_t764
36968,q36_t765
36969,q36_t766
36969,q36_t767
36970,q36_t767
36970,q36_t768
36971,q36_t768
36971,q36_t769
36972,q36_t770
36972,q36_t771
36973,q36_t771
36973,q36_t772
36974,q36_t773
36974,q36_t774
36975,q36_t774
36975,q36_t775
36976,q36_t776
36976,q36_t777
36977,q36_t777
36977,q36_t778
36978,q36_t778
36978,q36_t779
36978,q3_t778
36978,q3_t779
36979,q36_t779
36979,q36_t780
36980,q36_t780
36980,q36_t781
36981,q36_t781
36981,q36_t782
36981,q4_t781
36981,q4_t782
36982,q36_t782
36982,q36_t783
36983,q36_t783
36983,q36_t784
36984,q36_t784
36984,q36_t785
36984,q5_t784
36984,q5_t785
36985,q36_t785
36985,q36_t786
36986,q36_t786
36986,q36_t787
36987,q36_t787
36987,q36_t788
36987,q6_t787
36987,q6_t788
36988,q36_t788
36988,q36_t789
36989,q36_t789
36989,q36_t790
36990,q36_t790
36990,q36_t791
36990,q7_t790
36990,q7_t791
36991,q36_t791
36991,q36_t792
36992,q36_t792
36992,q36_t793
36993,q36_t793
36993,q36_t794
36993,q8_t793
36993,q8_t794
36994,q36_t794
36994,q36_t795
36995,q36_t795
36995,q36_t796
36996,q36_t796
36996,q36_t797
36996,q9_t796
36996,q9_t797
36997,q36_t797
36997,q36_t798
36998,q36_t798
36998,q36_t799
36999,q36_t800
36999,q36_t801
37000,q36_t801
37000,q36_t802
37001,q36_t803
37001,q36_t804
37002,q36_t804
37002,q36_t805
37003,q36_t806
37003,q36_t807
37004,q36_t807
37004,q36_t808
37005,q36_t809
37005,q36_t810
37006,q36_t810
37006,q36_t811
37007,q36_t812
37007,q36_t813
37008,q36_t813
37008,q36_t814
37009,q36_t815
37009,q36_t816
37010,q36_t816
37010,q36_t817
37011,q36_t818
37011,q36_t819
37012,q36_t819
37012,q36_t820
37013,q36_t821
37013,q36_t822
37014,q36_t822
37014,q36_t823
37015,q36_t824
37015,q36_t825
37016,q36_t825
37016,q36_t826
37017,q36_t827
37017,q36_t828
37018,q36_t828
37018,q36_t829
37019,q36_t830
37019,q36_t831
37020,q36_t831
37020,q36_t832
37021,q36_t833
37021,q36_t834
37022,q36_t834
37022,q36_t835
37023,q36_t836
37023,q36_t837
37024,q36_t837
37024,q36_t838
37025,q36_t839
37025,q36_t840
37026,q36_t840
37026,q36_t841
37027,q36_t842
37027,q36_t843
37028,q36_t843
37028,q36_t844
37029,q36_t845
37029,q36_t846
37030,q36_t846
37030,q36_t847
37031,q36_t848
37031,q36_t849
37032,q36_t849
37032,q36_t850
37033,q36_t851
37033,q36_t852
37034,q36_t852
37034,q36_t853
37035,q36_t854
37035,q36_t855
37036,q36_t855
37036,q36_t856
37037,q36_t857
37037,q36_t858
37038,q36_t858
37038,q36_t859
37039,q36_t860
37039,q36_t861
37040,q36_t861
37040,q36_t862
37041,q36_t863
37041,q36_t864
37042,q36_t864
37042,q36_t865
37043,q36_t866
37043,q36_t867
37044,q36_t867
37044,q36_t868
37045,q36_t869
37045,q36_t870
37046,q36_t870
37046,q36_t871
37047,q36_t872
37047,q36_t873
37048,q36_t873
37048,q36_t874
37049,q36_t875
37049,q36_t876
37050,q36_t876
37050,q36_t880
37051,q36_t880
37051,q36_t881
37051,q37_t880
37051,q37_t881
37052,q36_t881
37052,q36_t882
37053,q36_t882
37053,q36_t883
37054,q36_t883
37054,q36_t884
37054,q38_t883
37054,q38_t884
37055,q36_t884
37055,q36_t885
37056,q36_t885
37056,q36_t886
37057,q36_t886
37057,q36_t887
37057,q39_t886
37057,q39_t887
37058,q36_t887
37058,q36_t888
37059,q36_t888
37059,q36_t889
37060,q36_t889
37060,q36_t890
37060,q40_t889
37060,q40_t890
37061,q36_t890
37061,q36_t891
37062,q36_t891
37062,q36_t892
37063,q36_t892
37063,q36_t893
37063,q41_t892
37063,q41_t893
37064,q36_t893
37064,q36_t894
37065,q36_t894
37065,q36_t895
37066,q36_t895
37066,q36_t896
37066,q42_t895
37066,q42_t896
37067,q36_t896
37067,q36_t897
37068,q36_t897
37068,q36_t898
37069,q36_t898
37069,q36_t899
37069,q43_t898
37069,q43_t899
37070,q36_t899
37070,q36_t900
37071,q36_t900
37071,q36_t901
37072,q36_t901
37072,q36_t902
37072,q44_t901
37072,q44_t902
37073,q36_t902
37073,q36_t903
37074,q36_t903
37074,q36_t904
37075,q36_t904
37075,q36_t905
37075,q45_t904
37075,q45_t905
37076,q36_t905
37076,q36_t906
37077,q36_t906
37077,q36_t907
37078,q36_t907
37078,q36_t908
37078,q46_t907
37078,q46_t908
37079,q36_t908
37079,q36_t909
37080,q36_t909
37080,q36_t910
37081,q36_t910
37081,q36_t911
37081,q47_t910
37081,q47_t911
37082,q36_t911
37082,q36_t912
37083,q36_t912
37083,q36_t913
37084,q36_t913
37084,q36_t914
37084,q48_t913
37084,q48_t914
37085,q36_t914
37085,q36_t915
37086,q36_t915
37086,q36_t916
37087,q36_t916
37087,q36_t917
37087,q49_t916
37087,q49_t917
37088,q36_t917
37088,q36_t918
37089,q36_t918
37089,q36_t919
37090,q36_t919
37090,q36_t920
37090,q50_t919
37090,q50_t920
37091,q36_t920
37091,q36_t921
37092,q36_t921
37092,q36_t922
37093,q36_t922
37093,q36_t923
37093,q51_t922
37093,q51_t923
37094,q36_t923
37094,q36_t924
37095,q36_t924
37095,q36_t925
37096,q36_t925
37096,q36_t926
37096,q52_t925
37096,q52_t926
37097,q36_t926
37097,q36_t927
37098,q36_t927
37098,q36_t928
37099,q36_t928
37099,q36_t929
37099,q53_t928
37099,q53_t929
37100,q36_t929
37100,q36_t930
37101,q36_t930
37101,q36_t931
37102,q36_t931
37102,q36_t932
37102,q54_t931
37102,q54_t932
37103,q36_t932
37103,q36_t933
37104,q36_t933
37104,q36_t934
37105,q36_t934
37105,q36_t935
37105,q55_t934
37105,q55_t935
37106,q36_t935
37106,q36_t936
37107,q36_t936
37107,q36_t937
37108,q36_t937
37108,q36_t938
37108,q56_t937
37108,q56_t938
37109,q36_t938
37109,q36_t939
37110,q36_t939
37110,q36_t940
37111,q36_t940
37111,q36_t941
37111,q57_t940
37111,q57_t941
37112,q36_t941
37112,q36_t942
37113,q36_t942
37113,q36_t943
37114,q36_t943
37114,q36_t944
37114,q58_t943
37114,q58_t944
37115,q36_t944
37115,q36_t945
37116,q36_t945
37116,q36_t946
37117,q36_t946
37117,q36_t947
37117,q59_t946
37117,q59_t947
37118,q36_t947
37118,q36_t948
37119,q36_t948
37119,q36_t949
37120,q36_t949
37120,q36_t950
37120,q60_t949
37120,q60_t950
37121,q36_t950
37121,q36_t951
37122,q36_t951
37122,q36_t952
37123,q36_t952
37123,q36_t953
37123,q61_t952
37123,q61_t953
37124,q36_t953
37124,q36_t954
37125,q36_t954
37125,q36_t955
37126,q36_t955
37126,q36_t956
37126,q62_t955
37126,q62_t956
37127,q36_t956
37127,q36_t957
37128,q36_t957
37128,q36_t958
37129,q36_t958
37129,q36_t959
37129,q63_t958
37129,q63_t959
37130,q36_t959
37130,q36_t960
37131,q36_t960
37131,q36_t961
37132,q36_t961
37132,q36_t962
37132,q64_t961
37132,q64_t962
37133,q36_t962
37133,q36_t963
37134,q36_t963
37134,q36_t964
37135,q36_t964
37135,q36_t965
37135,q65_t964
37135,q65_t965
37136,q36_t965
37136,q36_t966
37137,q36_t966
37137,q36_t967
37138,q36_t967
37138,q36_t968
37138,q66_t967
37138,q66_t968
37139,q36_t968
37139,q36_t969
37140,q36_t969
37140,q36_t970
37141,q36_t970
37141,q36_t971
37141,q67_t970
37141,q67_t971
37142,q36_t971
37142,q36_t972
37143,q36_t972
37143,q36_t973
37144,q36_t973
37144,q36_t974
37144,q68_t973
37144,q68_t974
37145,q36_t974
37145,q36_t975
37146,q36_t975
37146,q36_t976
37147,q36_t976
37147,q36_t977
37147,q69_t976
37147,q69_t977
37148,q36_t977
37148,q36_t978
37149,q36_t978
37149,q36_t979
37150,q36_t979
37150,q36_t980
37150,q70_t979
37150,q70_t980
37151,q36_t980
37151,q36_t981
37152,q36_t981
37152,q36_t982
37153,q36_t982
37153,q36_t983
37153,q71_t982
37153,q71_t983
37154,q36_t983
37154,q36_t984
37155,q36_t984
37155,q36_t985
37156,q36_t985
37156,q36_t986
37156,q72_t985
37156,q72_t986
37157,q36_t986
37157,q36_t987
37158,q36_t987
37158,q36_t988
37159,q36_t988
37159,q36_t989
37159,q73_t988
37159,q73_t989
37160,q36_t989
37160,q36_t990
37161,q36_t990
37161,q36_t991
37162,q36_t991
37162,q36_t992
37162,q74_t991
37162,q74_t992
37163,q36_t992
37163,q36_t993
37164,q36_t993
37164,q36_t994
37165,q36_t994
37165,q36_t995
37165,q75_t994
37165,q75_t995
37166,q36_t995
37166,q36_t996
37167,q36_t996
37167,q36_t997
37168,q36_t997
37168,q36_t998
37168,q76_t997
37168,q76_t998
37169,q36_t998
37169,q36_t999
37170,q37_t0
37170,q37_t1
37171,q37_t1
37171,q37_t110
37172,q37_t1000
37172,q37_t1001
37172,q76_t1000
37172,q76_t1001
37173,q37_t1000
37173,q37_t999
37174,q37_t1001
37174,q37_t1002
37175,q37_t1002
37175,q37_t1003
37176,q37_t1003
37176,q37_t1004
37176,q77_t1003
37176,q77_t1004
37177,q37_t1004
37177,q37_t1005
37178,q37_t1005
37178,q37_t1006
37179,q37_t1006
37179,q37_t1007
37179,q78_t1006
37179,q78_t1007
37180,q37_t1007
37180,q37_t1008
37181,q37_t1008
37181,q37_t1009
37182,q37_t1009
37182,q37_t1010
37182,q79_t1009
37182,q79_t1010
37183,q37_t1010
37183,q37_t1011
37184,q37_t1011
37184,q37_t1012
37185,q37_t1012
37185,q37_t1013
37185,q80_t1012
37185,q80_t1013
37186,q37_t1013
37186,q37_t1014
37187,q37_t1014
37187,q37_t1015
37188,q37_t1015
37188,q37_t1016
37188,q81_t1015
37188,q81_t1016
37189,q37_t1016
37189,q37_t1017
37190,q37_t1017
37190,q37_t1018
37191,q37_t1018
37191,q37_t1019
37191,q82_t1018
37191,q82_t1019
37192,q37_t1019
37192,q37_t1020
37193,q37_t1020
37193,q37_t1021
37194,q37_t1021
37194,q37_t1022
37194,q83_t1021
37194,q83_t1022
37195,q37_t1022
37195,q37_t1023
37196,q37_t1023
37196,q37_t1024
37197,q37_t1024
37197,q37_t1025
37197,q84_t1024
37197,q84_t1025
37198,q37_t1025
37198,q37_t1026
37199,q37_t1026
37199,q37_t1027
37200,q37_t1027
37200,q37_t1028
37200,q85_t1027
37200,q85_t1028
37201,q37_t1028
37201,q37_t1029
37202,q37_t1029
37202,q37_t1030
37203,q37_t1030
37203,q37_t1031
37203,q86_t1030
37203,q86_t1031
37204,q37_t1031
37204,q37_t1032
37205,q37_t1032
37205,q37_t1033
37206,q37_t1033
37206,q37_t1034
37206,q87_t1033
37206,q87_t1034
37207,q37_t1034
37207,q37_t1035
37208,q37_t1035
37208,q37_t1036
37209,q37_t1036
37209,q37_t1037
37209,q88_t1036
37209,q88_t1037
37210,q37_t1037
37210,q37_t1038
37211,q37_t1038
37211,q37_t1039
37212,q37_t1039
37212,q37_t1040
37212,q89_t1039
37212,q89_t1040
37213,q37_t1040
37213,q37_t1041
37214,q37_t1041
37214,q37_t1042
37215,q37_t1042
37215,q37_t1043
37215,q90_t1042
37215,q90_t1043
37216,q37_t1043
37216,q37_t1044
37217,q37_t1044
37217,q37_t1045
37218,q37_t1045
37218,q37_t1046
37218,q91_t1045
37218,q91_t1046
37219,q37_t1046
37219,q37_t1047
37220,q37_t1047
37220,q37_t1048
37221,q37_t1048
37221,q37_t1049
37221,q92_t1048
37221,q92_t1049
37222,q37_t1049
37222,q37_t1050
37223,q37_t1050
37223,q37_t1051
37224,q37_t1051
37224,q37_t1052
37224,q93_t1051
37224,q93_t1052
37225,q37_t1052
37225,q37_t1053
37226,q37_t1053
37226,q37_t1054
37227,q37_t1054
37227,q37_t1055
37227,q94_t1054
37227,q94_t1055
37228,q37_t1055
37228,q37_t1056
37229,q37_t1056
37229,q37_t1057
37230,q37_t1057
37230,q37_t1058
37230,q95_t1057
37230,q95_t1058
37231,q37_t1058
37231,q37_t1059
37232,q37_t1059
37232,q37_t1060
37233,q37_t1060
37233,q37_t1061
37233,q96_t1060
37233,q96_t1061
37234,q37_t1061
37234,q37_t1062
37235,q37_t1062
37235,q37_t1063
37236,q37_t1063
37236,q37_t1064
37236,q97_t1063
37236,q97_t1064
37237,q37_t1064
37237,q37_t1065
37238,q37_t1065
37238,q37_t1066
37239,q37_t1066
37239,q37_t1067
37239,q98_t1066
37239,q98_t1067
37240,q37_t1067
37240,q37_t1068
37241,q37_t1068
37241,q37_t1069
37242,q37_t1069
37242,q37_t1070
37242,q99_t1069
37242,q99_t1070
37243,q37_t1070
37243,q37_t1071
37244,q37_t1071
37244,q37_t1072
37245,q37_t1073
37245,q37_t1074
37246,q37_t1074
37246,q37_t1075
37247,q37_t1076
37247,q37_t1077
37248,q37_t1077
37248,q37_t1078
37249,q37_t1079
37249,q37_t1080
37250,q37_t1080
37250,q37_t1081
37251,q37_t1082
37251,q37_t1083
37252,q37_t1083
37252,q37_t1084
37253,q37_t1085
37253,q37_t1086
37254,q37_t1086
37254,q37_t1087
37255,q37_t1088
37255,q37_t1089
37256,q37_t1089
37256,q37_t1090
37257,q37_t1091
37257,q37_t1092
37258,q37_t1092
37258,q37_t1093
37259,q37_t1094
37259,q37_t1095
37260,q37_t1095
37260,q37_t1096
37261,q37_t1097
37261,q37_t1098
37262,q37_t1098
37262,q37_t1099
37263,q37_t1100
37263,q37_t1101
37264,q37_t1101
37264,q37_t1102
37265,q37_t111
37265,q37_t112
37266,q37_t112
37266,q37_t113
37267,q37_t114
37267,q37_t115
37268,q37_t115
37268,q37_t116
37269,q37_t117
37269,q37_t118
37270,q37_t118
37270,q37_t119
37271,q37_t119
37271,q37_t120
37271,q3_t119
37271,q3_t120
37272,q37_t120
37272,q37_t121
37273,q37_t121
37273,q37_t122
37274,q37_t122
37274,q37_t123
37274,q4_t122
37274,q4_t123
37275,q37_t123
37275,q37_t124
37276,q37_t124
37276,q37_t125
37277,q37_t125
37277,q37_t126
37277,q5_t125
37277,q5_t126
37278,q37_t126
37278,q37_t127
37279,q37_t127
37279,q37_t128
37280,q37_t128
37280,q37_t129
37280,q6_t128
37280,q6_t129
37281,q37_t129
37281,q37_t130
37282,q37_t130
37282,q37_t131
37283,q37_t131
37283,q37_t132
37283,q7_t131
37283,q7_t132
37284,q37_t132
37284,q37_t133
37285,q37_t133
37285,q37_t134
37286,q37_t134
37286,q37_t135
37286,q8_t134
37286,q8_t135
37287,q37_t135
37287,q37_t136
37288,q37_t136
37288,q37_t137
37289,q37_t137
37289,q37_t138
37289,q9_t137
37289,q9_t138
37290,q37_t138
37290,q37_t139
37291,q37_t139
37291,q37_t140
37292,q37_t141
37292,q37_t142
37293,q37_t142
37293,q37_t143
37294,q37_t144
37294,q37_t145
37295,q37_t145
37295,q37_t146
37296,q37_t147
37296,q37_t148
37297,q37_t148
37297,q37_t149
37298,q37_t150
37298,q37_t151
37299,q37_t151
37299,q37_t152
37300,q37_t153
37300,q37_t154
37301,q37_t154
37301,q37_t155
37302,q37_t156
37302,q37_t157
37303,q37_t157
37303,q37_t158
37304,q37_t159
37304,q37_t160
37305,q37_t160
37305,q37_t161
37306,q37_t162
37306,q37_t163
37307,q37_t163
37307,q37_t164
37308,q37_t165
37308,q37_t166
37309,q37_t166
37309,q37_t167
37310,q37_t168
37310,q37_t169
37311,q37_t169
37311,q37_t170
37312,q37_t171
37312,q37_t172
37313,q37_t172
37313,q37_t173
37314,q37_t174
37314,q37_t175
37315,q37_t175
37315,q37_t176
37316,q37_t177
37316,q37_t178
37317,q37_t178
37317,q37_t179
37318,q37_t180
37318,q37_t181
37319,q37_t181
37319,q37_t182
37320,q37_t183
37320,q37_t184
37321,q37_t184
37321,q37_t185
37322,q37_t186
37322,q37_t187
37323,q37_t187
37323,q37_t188
37324,q37_t189
37324,q37_t190
37325,q37_t190
37325,q37_t191
37326,q37_t192
37326,q37_t193
37327,q37_t193
37327,q37_t194
37328,q37_t195
37328,q37_t196
37329,q37_t196
37329,q37_t197
37330,q37_t198
37330,q37_t199
37331,q37_t199
37331,q37_t200
37332,q37_t201
37332,q37_t202
37333,q37_t202
37333,q37_t203
37334,q37_t204
37334,q37_t205
37335,q37_t205
37335,q37_t206
37336,q37_t207
37336,q37_t208
37337,q37_t208
37337,q37_t209
37338,q37_t210
37338,q37_t211
37339,q37_t211
37339,q37_t212
37340,q37_t213
37340,q37_t214
37341,q37_t214
37341,q37_t215
37342,q37_t216
37342,q37_t217
37343,q37_t217
37343,q37_t218
37344,q37_t219
37344,q37_t220
37345,q37_t220
37345,q37_t224
37346,q37_t224
37346,q37_t225
37346,q38_t224
37346,q38_t225
37347,q37_t225
37347,q37_t226
37348,q37_t226
37348,q37_t227
37349,q37_t227
37349,q37_t228
37349,q39_t227
37349,q39_t228
37350,q37_t228
37350,q37_t229
37351,q37_t229
37351,q37_t230
37352,q37_t230
37352,q37_t231
37352,q40_t230
37352,q40_t231
37353,q37_t231
37353,q37_t232
37354,q37_t232
37354,q37_t233
37355,q37_t233
37355,q37_t234
37355,q41_t233
37355,q41_t234
37356,q37_t234
37356,q37_t235
37357,q37_t235
37357,q37_t236
37358,q37_t236
37358,q37_t237
37358,q42_t236
37358,q42_t237
37359,q37_t237
37359,q37_t238
37360,q37_t238
37360,q37_t239
37361,q37_t239
37361,q37_t240
37361,q43_t239
37361,q43_t240
37362,q37_t240
37362,q37_t241
37363,q37_t241
37363,q37_t242
37364,q37_t242
37364,q37_t243
37364,q44_t242
37364,q44_t243
37365,q37_t243
37365,q37_t244
37366,q37_t244
37366,q37_t245
37367,q37_t245
37367,q37_t246
37367,q45_t245
37367,q45_t246
37368,q37_t246
37368,q37_t247
37369,q37_t247
37369,q37_t248
37370,q37_t248
37370,q37_t249
37370,q46_t248
37370,q46_t249
37371,q37_t249
37371,q37_t250
37372,q37_t250
37372,q37_t251
37373,q37_t251
37373,q37_t252
37373,q47_t251
37373,q47_t252
37374,q37_t252
37374,q37_t253
37375,q37_t253
37375,q37_t254
37376,q37_t254
37376,q37_t255
37376,q48_t254
37376,q48_t255
37377,q37_t255
37377,q37_t256
37378,q37_t256
37378,q37_t257
37379,q37_t257
37379,q37_t258
37379,q49_t257
37379,q49_t258
37380,q37_t258
37380,q37_t259
37381,q37_t259
37381,q37_t260
37382,q37_t260
37382,q37_t261
37382,q50_t260
37382,q50_t261
37383,q37_t261
37383,q37_t262
37384,q37_t262
37384,q37_t263
37385,q37_t263
37385,q37_t264
37385,q51_t263
37385,q51_t264
37386,q37_t264
37386,q37_t265
37387,q37_t265
37387,q37_t266
37388,q37_t266
37388,q37_t267
37388,q52_t266
37388,q52_t267
37389,q37_t267
37389,q37_t268
37390,q37_t268
37390,q37_t269
37391,q37_t269
37391,q37_t270
37391,q53_t269
37391,q53_t270
37392,q37_t270
37392,q37_t271
37393,q37_t271
37393,q37_t272
37394,q37_t272
37394,q37_t273
37394,q54_t272
37394,q54_t273
37395,q37_t273
37395,q37_t274
37396,q37_t274
37396,q37_t275
37397,q37_t275
37397,q37_t276
37397,q55_t275
37397,q55_t276
37398,q37_t276
37398,q37_t277
37399,q37_t277
37399,q37_t278
37400,q37_t278
37400,q37_t279
37400,q56_t278
37400,q56_t279
37401,q37_t279
37401,q37_t280
37402,q37_t280
37402,q37_t281
37403,q37_t281
37403,q37_t282
37403,q57_t281
37403,q57_t282
37404,q37_t282
37404,q37_t283
37405,q37_t283
37405,q37_t284
37406,q37_t284
37406,q37_t285
37406,q58_t284
37406,q58_t285
37407,q37_t285
37407,q37_t286
37408,q37_t286
37408,q37_t287
37409,q37_t287
37409,q37_t288
37409,q59_t287
37409,q59_t288
37410,q37_t288
37410,q37_t289
37411,q37_t289
37411,q37_t290
37412,q37_t290
37412,q37_t291
37412,q60_t290
37412,q60_t291
37413,q37_t291
37413,q37_t292
37414,q37_t292
37414,q37_t293
37415,q37_t293
37415,q37_t294
37415,q61_t293
37415,q61_t294
37416,q37_t294
37416,q37_t295
37417,q37_t295
37417,q37_t296
37418,q37_t296
37418,q37_t297
37418,q62_t296
37418,q62_t297
37419,q37_t297
37419,q37_t298
37420,q37_t298
37420,q37_t299
37421,q37_t299
37421,q37_t300
37421,q63_t299
37421,q63_t300
37422,q37_t300
37422,q37_t301
37423,q37_t301
37423,q37_t302
37424,q37_t302
37424,q37_t303
37424,q64_t302
37424,q64_t303
37425,q37_t303
37425,q37_t304
37426,q37_t304
37426,q37_t305
37427,q37_t305
37427,q37_t306
37427,q65_t305
37427,q65_t306
37428,q37_t306
37428,q37_t307
37429,q37_t307
37429,q37_t308
37430,q37_t308
37430,q37_t309
37430,q66_t308
37430,q66_t309
37431,q37_t309
37431,q37_t310
37432,q37_t310
37432,q37_t311
37433,q37_t311
37433,q37_t312
37433,q67_t311
37433,q67_t312
37434,q37_t312
37434,q37_t313
37435,q37_t313
37435,q37_t314
37436,q37_t314
37436,q37_t315
37436,q68_t314
37436,q68_t315
37437,q37_t315
37437,q37_t316
37438,q37_t316
37438,q37_t317
37439,q37_t317
37439,q37_t318
37439,q69_t317
37439,q69_t318
37440,q37_t318
37440,q37_t319
37441,q37_t319
37441,q37_t320
37442,q37_t320
37442,q37_t321
37442,q70_t320
37442,q70_t321
37443,q37_t321
37443,q37_t322
37444,q37_t322
37444,q37_t323
37445,q37_t323
37445,q37_t324
37445,q71_t323
37445,q71_t324
37446,q37_t324
37446,q37_t325
37447,q37_t325
37447,q37_t326
37448,q37_t326
37448,q37_t327
37448,q72_t326
37448,q72_t327
37449,q37_t327
37449,q37_t328
37450,q37_t328
37450,q37_t329
37451,q37_t329
37451,q37_t330
37451,q73_t329
37451,q73_t330
37452,q37_t330
37452,q37_t331
37453,q37_t331
37453,q37_t332
37454,q37_t332
37454,q37_t333
37454,q74_t332
37454,q74_t333
37455,q37_t333
37455,q37_t334
37456,q37_t334
37456,q37_t335
37457,q37_t335
37457,q37_t336
37457,q75_t335
37457,q75_t336
37458,q37_t336
37458,q37_t337
37459,q37_t337
37459,q37_t338
37460,q37_t338
37460,q37_t339
37460,q76_t338
37460,q76_t339
37461,q37_t339
37461,q37_t340
37462,q37_t340
37462,q37_t341
37463,q37_t341
37463,q37_t342
37463,q77_t341
37463,q77_t342
37464,q37_t342
37464,q37_t343
37465,q37_t343
37465,q37_t344
37466,q37_t344
37466,q37_t345
37466,q78_t344
37466,q78_t345
37467,q37_t345
37467,q37_t346
37468,q37_t346
37468,q37_t347
37469,q37_t347
37469,q37_t348
37469,q79_t347
37469,q79_t348
37470,q37_t348
37470,q37_t349
37471,q37_t349
37471,q37_t350
37472,q37_t350
37472,q37_t351
37472,q80_t350
37472,q80_t351
37473,q37_t351
37473,q37_t352
37474,q37_t352
37474,q37_t353
37475,q37_t353
37475,q37_t354
37475,q81_t353
37475,q81_t354
37476,q37_t354
37476,q37_t355
37477,q37_t355
37477,q37_t356
37478,q37_t356
37478,q37_t357
37478,q82_t356
37478,q82_t357
37479,q37_t357
37479,q37_t358
37480,q37_t358
37480,q37_t359
37481,q37_t359
37481,q37_t360
37481,q83_t359
37481,q83_t360
37482,q37_t360
37482,q37_t361
37483,q37_t361
37483,q37_t362
37484,q37_t362
37484,q37_t363
37484,q84_t362
37484,q84_t363
37485,q37_t363
37485,q37_t364
37486,q37_t364
37486,q37_t365
37487,q37_t365
37487,q37_t366
37487,q85_t365
37487,q85_t366
37488,q37_t366
37488,q37_t367
37489,q37_t367
37489,q37_t368
37490,q37_t368
37490,q37_t369
37490,q86_t368
37490,q86_t369
37491,q37_t369
37491,q37_t370
37492,q37_t370
37492,q37_t371
37493,q37_t371
37493,q37_t372
37493,q87_t371
37493,q87_t372
37494,q37_t372
37494,q37_t373
37495,q37_t373
37495,q37_t374
37496,q37_t374
37496,q37_t375
37496,q88_t374
37496,q88_t375
37497,q37_t375
37497,q37_t376
37498,q37_t376
37498,q37_t377
37499,q37_t377
37499,q37_t378
37499,q89_t377
37499,q89_t378
37500,q37_t378
37500,q37_t379
37501,q37_t379
37501,q37_t380
37502,q37_t380
37502,q37_t381
37502,q90_t380
37502,q90_t381
37503,q37_t381
37503,q37_t382
37504,q37_t382
37504,q37_t383
37505,q37_t383
37505,q37_t384
37505,q91_t383
37505,q91_t384
37506,q37_t384
37506,q37_t385
37507,q37_t385
37507,q37_t386
37508,q37_t386
37508,q37_t387
37508,q92_t386
37508,q92_t387
37509,q37_t387
37509,q37_t388
37510,q37_t388
37510,q37_t389
37511,q37_t389
37511,q37_t390
37511,q93_t389
37511,q93_t390
37512,q37_t390
37512,q37_t391
37513,q37_t391
37513,q37_t392
37514,q37_t392
37514,q37_t393
37514,q94_t392
37514,q94_t393
37515,q37_t393
37515,q37_t394
37516,q37_t394
37516,q37_t395
37517,q37_t395
37517,q37_t396
37517,q95_t395
37517,q95_t396
37518,q37_t396
37518,q37_t397
37519,q37_t397
37519,q37_t398
37520,q37_t398
37520,q37_t399
37520,q96_t398
37520,q96_t399
37521,q37_t399
37521,q37_t400
37522,q37_t400
37522,q37_t401
37523,q37_t401
37523,q37_t402
37523,q97_t401
37523,q97_t402
37524,q37_t402
37524,q37_t403
37525,q37_t403
37525,q37_t404
37526,q37_t404
37526,q37_t405
37526,q98_t404
37526,q98_t405
37527,q37_t405
37527,q37_t406
37528,q37_t406
37528,q37_t407
37529,q37_t407
37529,q37_t408
37529,q99_t407
37529,q99_t408
37530,q37_t408
37530,q37_t409
37531,q37_t409
37531,q37_t410
37532,q37_t411
37532,q37_t412
37533,q37_t412
37533,q37_t413
37534,q37_t414
37534,q37_t415
37535,q37_t415
37535,q37_t416
37536,q37_t417
37536,q37_t418
37537,q37_t418
37537,q37_t419
37538,q37_t420
37538,q37_t421
37539,q37_t421
37539,q37_t422
37540,q37_t423
37540,q37_t424
37541,q37_t424
37541,q37_t425
37542,q37_t426
37542,q37_t427
37543,q37_t427
37543,q37_t428
37544,q37_t429
37544,q37_t430
37545,q37_t430
37545,q37_t431
37546,q37_t432
37546,q37_t433
37547,q37_t433
37547,q37_t434
37548,q37_t435
37548,q37_t436
37549,q37_t436
37549,q37_t437
37550,q37_t438
37550,q37_t439
37551,q37_t439
37551,q37_t440
37552,q37_t440
37552,q37_t441
37553,q37_t442
37553,q37_t443
37554,q37_t443
37554,q37_t444
37555,q37_t445
37555,q37_t446
37556,q37_t446
37556,q37_t447
37557,q37_t448
37557,q37_t449
37558,q37_t449
37558,q37_t450
37559,q37_t450
37559,q37_t451
37559,q3_t450
37559,q3_t451
37560,q37_t451
37560,q37_t452
37561,q37_t452
37561,q37_t453
37562,q37_t453
37562,q37_t454
37562,q4_t453
37562,q4_t454
37563,q37_t454
37563,q37_t455
37564,q37_t455
37564,q37_t456
37565,q37_t456
37565,q37_t457
37565,q5_t456
37565,q5_t457
37566,q37_t457
37566,q37_t458
37567,q37_t458
37567,q37_t459
37568,q37_t459
37568,q37_t460
37568,q6_t459
37568,q6_t460
37569,q37_t460
37569,q37_t461
37570,q37_t461
37570,q37_t462
37571,q37_t462
37571,q37_t463
37571,q7_t462
37571,q7_t463
37572,q37_t463
37572,q37_t464
37573,q37_t464
37573,q37_t465
37574,q37_t465
37574,q37_t466
37574,q8_t465
37574,q8_t466
37575,q37_t466
37575,q37_t467
37576,q37_t467
37576,q37_t468
37577,q37_t468
37577,q37_t469
37577,q9_t468
37577,q9_t469
37578,q37_t469
37578,q37_t470
37579,q37_t470
37579,q37_t471
37580,q37_t472
37580,q37_t473
37581,q37_t473
37581,q37_t474
37582,q37_t475
37582,q37_t476
37583,q37_t476
37583,q37_t477
37584,q37_t478
37584,q37_t479
37585,q37_t479
37585,q37_t480
37586,q37_t481
37586,q37_t482
37587,q37_t482
37587,q37_t483
37588,q37_t484
37588,q37_t485
37589,q37_t485
37589,q37_t486
37590,q37_t487
37590,q37_t488
37591,q37_t488
37591,q37_t489
37592,q37_t490
37592,q37_t491
37593,q37_t491
37593,q37_t492
37594,q37_t493
37594,q37_t494
37595,q37_t494
37595,q37_t495
37596,q37_t496
37596,q37_t497
37597,q37_t497
37597,q37_t498
37598,q37_t499
37598,q37_t500
37599,q37_t500
37599,q37_t501
37600,q37_t502
37600,q37_t503
37601,q37_t503
37601,q37_t504
37602,q37_t505
37602,q37_t506
37603,q37_t506
37603,q37_t507
37604,q37_t508
37604,q37_t509
37605,q37_t509
37605,q37_t510
37606,q37_t511
37606,q37_t512
37607,q37_t512
37607,q37_t513
37608,q37_t514
37608,q37_t515
37609,q37_t515
37609,q37_t516
37610,q37_t517
37610,q37_t518
37611,q37_t518
37611,q37_t519
37612,q37_t520
37612,q37_t521
37613,q37_t521
37613,q37_t522
37614,q37_t523
37614,q37_t524
37615,q37_t524
37615,q37_t525
37616,q37_t526
37616,q37_t527
37617,q37_t527
37617,q37_t528
37618,q37_t529
37618,q37_t530
37619,q37_t530
37619,q37_t531
37620,q37_t532
37620,q37_t533
37621,q37_t533
37621,q37_t534
37622,q37_t535
37622,q37_t536
37623,q37_t536
37623,q37_t537
37624,q37_t538
37624,q37_t539
37625,q37_t539
37625,q37_t540
37626,q37_t541
37626,q37_t542
37627,q37_t542
37627,q37_t543
37628,q37_t544
37628,q37_t545
37629,q37_t545
37629,q37_t546
37630,q37_t547
37630,q37_t548
37631,q37_t548
37631,q37_t549
37632,q37_t550
37632,q37_t551
37633,q37_t551
37633,q37_t555
37634,q37_t555
37634,q37_t556
37634,q38_t555
37634,q38_t556
37635,q37_t556
37635,q37_t557
37636,q37_t557
37636,q37_t558
37637,q37_t558
37637,q37_t559
37637,q39_t558
37637,q39_t559
37638,q37_t559
37638,q37_t560
37639,q37_t560
37639,q37_t561
37640,q37_t561
37640,q37_t562
37640,q40_t561
37640,q40_t562
37641,q37_t562
37641,q37_t563
37642,q37_t563
37642,q37_t564
37643,q37_t564
37643,q37_t565
37643,q41_t564
37643,q41_t565
37644,q37_t565
37644,q37_t566
37645,q37_t566
37645,q37_t567
37646,q37_t567
37646,q37_t568
37646,q42_t567
37646,q42_t568
37647,q37_t568
37647,q37_t569
37648,q37_t569
37648,q37_t570
37649,q37_t570
37649,q37_t571
37649,q43_t570
37649,q43_t571
37650,q37_t571
37650,q37_t572
37651,q37_t572
37651,q37_t573
37652,q37_t573
37652,q37_t574
37652,q44_t573
37652,q44_t574
37653,q37_t574
37653,q37_t575
37654,q37_t575
37654,q37_t576
37655,q37_t576
37655,q37_t577
37655,q45_t576
37655,q45_t577
37656,q37_t577
37656,q37_t578
37657,q37_t578
37657,q37_t579
37658,q37_t579
37658,q37_t580
37658,q46_t579
37658,q46_t580
37659,q37_t580
37659,q37_t581
37660,q37_t581
37660,q37_t582
37661,q37_t582
37661,q37_t583
37661,q47_t582
37661,q47_t583
37662,q37_t583
37662,q37_t584
37663,q37_t584
37663,q37_t585
37664,q37_t585
37664,q37_t586
37664,q48_t585
37664,q48_t586
37665,q37_t586
37665,q37_t587
37666,q37_t587
37666,q37_t588
37667,q37_t588
37667,q37_t589
37667,q49_t588
37667,q49_t589
37668,q37_t589
37668,q37_t590
37669,q37_t590
37669,q37_t591
37670,q37_t591
37670,q37_t592
37670,q50_t591
37670,q50_t592
37671,q37_t592
37671,q37_t593
37672,q37_t593
37672,q37_t594
37673,q37_t594
37673,q37_t595
37673,q51_t594
37673,q51_t595
37674,q37_t595
37674,q37_t596
37675,q37_t596
37675,q37_t597
37676,q37_t597
37676,q37_t598
37676,q52_t597
37676,q52_t598
37677,q37_t598
37677,q37_t599
37678,q37_t599
37678,q37_t600
37679,q37_t600
37679,q37_t601
37679,q53_t600
37679,q53_t601
37680,q37_t601
37680,q37_t602
37681,q37_t602
37681,q37_t603
37682,q37_t603
37682,q37_t604
37682,q54_t603
37682,q54_t604
37683,q37_t604
37683,q37_t605
37684,q37_t605
37684,q37_t606
37685,q37_t606
37685,q37_t607
37685,q55_t606
37685,q55_t607
37686,q37_t607
37686,q37_t608
37687,q37_t608
37687,q37_t609
37688,q37_t609
37688,q37_t610
37688,q56_t609
37688,q56_t610
37689,q37_t610
37689,q37_t611
37690,q37_t611
37690,q37_t612
37691,q37_t612
37691,q37_t613
37691,q57_t612
37691,q57_t613
37692,q37_t613
37692,q37_t614
37693,q37_t614
37693,q37_t615
37694,q37_t615
37694,q37_t616
37694,q58_t615
37694,q58_t616
37695,q37_t616
37695,q37_t617
37696,q37_t617
37696,q37_t618
37697,q37_t618
37697,q37_t619
37697,q59_t618
37697,q59_t619
37698,q37_t619
37698,q37_t620
37699,q37_t620
37699,q37_t621
37700,q37_t621
37700,q37_t622
37700,q60_t621
37700,q60_t622
37701,q37_t622
37701,q37_t623
37702,q37_t623
37702,q37_t624
37703,q37_t624
37703,q37_t625
37703,q61_t624
37703,q61_t625
37704,q37_t625
37704,q37_t626
37705,q37_t626
37705,q37_t627
37706,q37_t627
37706,q37_t628
37706,q62_t627
37706,q62_t628
37707,q37_t628
37707,q37_t629
37708,q37_t629
37708,q37_t630
37709,q37_t630
37709,q37_t631
37709,q63_t630
37709,q63_t631
37710,q37_t631
37710,q37_t632
37711,q37_t632
37711,q37_t633
37712,q37_t633
37712,q37_t634
37712,q64_t633
37712,q64_t634
37713,q37_t634
37713,q37_t635
37714,q37_t635
37714,q37_t636
37715,q37_t636
37715,q37_t637
37715,q65_t636
37715,q65_t637
37716,q37_t637
37716,q37_t638
37717,q37_t638
37717,q37_t639
37718,q37_t639
37718,q37_t640
37718,q66_t639
37718,q66_t640
37719,q37_t640
37719,q37_t641
37720,q37_t641
37720,q37_t642
37721,q37_t642
37721,q37_t643
37721,q67_t642
37721,q67_t643
37722,q37_t643
37722,q37_t644
37723,q37_t644
37723,q37_t645
37724,q37_t645
37724,q37_t646
37724,q68_t645
37724,q68_t646
37725,q37_t646
37725,q37_t647
37726,q37_t647
37726,q37_t648
37727,q37_t648
37727,q37_t649
37727,q69_t648
37727,q69_t649
37728,q37_t649
37728,q37_t650
37729,q37_t650
37729,q37_t651
37730,q37_t651
37730,q37_t652
37730,q70_t651
37730,q70_t652
37731,q37_t652
37731,q37_t653
37732,q37_t653
37732,q37_t654
37733,q37_t654
37733,q37_t655
37733,q71_t654
37733,q71_t655
37734,q37_t655
37734,q37_t656
37735,q37_t656
37735,q37_t657
37736,q37_t657
37736,q37_t658
37736,q72_t657
37736,q72_t658
37737,q37_t658
37737,q37_t659
37738,q37_t659
37738,q37_t660
37739,q37_t660
37739,q37_t661
37739,q73_t660
37739,q73_t661
37740,q37_t661
37740,q37_t662
37741,q37_t662
37741,q37_t663
37742,q37_t663
37742,q37_t664
37742,q74_t663
37742,q74_t664
37743,q37_t664
37743,q37_t665
37744,q37_t665
37744,q37_t666
37745,q37_t666
37745,q37_t667
37745,q75_t666
37745,q75_t667
37746,q37_t667
37746,q37_t668
37747,q37_t668
37747,q37_t669
37748,q37_t669
37748,q37_t670
37748,q76_t669
37748,q76_t670
37749,q37_t670
37749,q37_t671
37750,q37_t671
37750,q37_t672
37751,q37_t672
37751,q37_t673
37751,q77_t672
37751,q77_t673
37752,q37_t673
37752,q37_t674
37753,q37_t674
37753,q37_t675
37754,q37_t675
37754,q37_t676
37754,q78_t675
37754,q78_t676
37755,q37_t676
37755,q37_t677
37756,q37_t677
37756,q37_t678
37757,q37_t678
37757,q37_t679
37757,q79_t678
37757,q79_t679
37758,q37_t679
37758,q37_t680
37759,q37_t680
37759,q37_t681
37760,q37_t681
37760,q37_t682
37760,q80_t681
37760,q80_t682
37761,q37_t682
37761,q37_t683
37762,q37_t683
37762,q37_t684
37763,q37_t684
37763,q37_t685
37763,q81_t684
37763,q81_t685
37764,q37_t685
37764,q37_t686
37765,q37_t686
37765,q37_t687
37766,q37_t687
37766,q37_t688
37766,q82_t687
37766,q82_t688
37767,q37_t688
37767,q37_t689
37768,q37_t689
37768,q37_t690
37769,q37_t690
37769,q37_t691
37769,q83_t690
37769,q83_t691
37770,q37_t691
37770,q37_t692
37771,q37_t692
37771,q37_t693
37772,q37_t693
37772,q37_t694
37772,q84_t693
37772,q84_t694
37773,q37_t694
37773,q37_t695
37774,q37_t695
37774,q37_t696
37775,q37_t696
37775,q37_t697
37775,q85_t696
37775,q85_t697
37776,q37_t697
37776,q37_t698
37777,q37_t698
37777,q37_t699
37778,q37_t699
37778,q37_t700
37778,q86_t699
37778,q86_t700
37779,q37_t700
37779,q37_t701
37780,q37_t701
37780,q37_t702
37781,q37_t702
37781,q37_t703
37781,q87_t702
37781,q87_t703
37782,q37_t703
37782,q37_t704
37783,q37_t704
37783,q37_t705
37784,q37_t705
37784,q37_t706
37784,q88_t705
37784,q88_t706
37785,q37_t706
37785,q37_t707
37786,q37_t707
37786,q37_t708
37787,q37_t708
37787,q37_t709
37787,q89_t708
37787,q89_t709
37788,q37_t709
37788,q37_t710
37789,q37_t710
37789,q37_t711
37790,q37_t711
37790,q37_t712
37790,q90_t711
37790,q90_t712
37791,q37_t712
37791,q37_t713
37792,q37_t713
37792,q37_t714
37793,q37_t714
37793,q37_t715
37793,q91_t714
37793,q91_t715
37794,q37_t715
37794,q37_t716
37795,q37_t716
37795,q37_t717
37796,q37_t717
37796,q37_t718
37796,q92_t717
37796,q92_t718
37797,q37_t718
37797,q37_t719
37798,q37_t719
37798,q37_t720
37799,q37_t720
37799,q37_t721
37799,q93_t720
37799,q93_t721
37800,q37_t721
37800,q37_t722
37801,q37_t722
37801,q37_t723
37802,q37_t723
37802,q37_t724
37802,q94_t723
37802,q94_t724
37803,q37_t724
37803,q37_t725
37804,q37_t725
37804,q37_t726
37805,q37_t726
37805,q37_t727
37805,q95_t726
37805,q95_t727
37806,q37_t727
37806,q37_t728
37807,q37_t728
37807,q37_t729
37808,q37_t729
37808,q37_t730
37808,q96_t729
37808,q96_t730
37809,q37_t730
37809,q37_t731
37810,q37_t731
37810,q37_t732
37811,q37_t732
37811,q37_t733
37811,q97_t732
37811,q97_t733
37812,q37_t733
37812,q37_t734
37813,q37_t734
37813,q37_t735
37814,q37_t735
37814,q37_t736
37814,q98_t735
37814,q98_t736
37815,q37_t736
37815,q37_t737
37816,q37_t737
37816,q37_t738
37817,q37_t738
37817,q37_t739
37817,q99_t738
37817,q99_t739
37818,q37_t739
37818,q37_t740
37819,q37_t740
37819,q37_t741
37820,q37_t742
37820,q37_t743
37821,q37_t743
37821,q37_t744
37822,q37_t745
37822,q37_t746
37823,q37_t746
37823,q37_t747
37824,q37_t748
37824,q37_t749
37825,q37_t749
37825,q37_t750
37826,q37_t751
37826,q37_t752
37827,q37_t752
37827,q37_t753
37828,q37_t754
37828,q37_t755
37829,q37_t755
37829,q37_t756
37830,q37_t757
37830,q37_t758
37831,q37_t758
37831,q37_t759
37832,q37_t760
37832,q37_t761
37833,q37_t761
37833,q37_t762
37834,q37_t763
37834,q37_t764
37835,q37_t764
37835,q37_t765
37836,q37_t766
37836,q37_t767
37837,q37_t767
37837,q37_t768
37838,q37_t769
37838,q37_t770
37839,q37_t770
37839,q37_t771
37840,q37_t771
37840,q37_t772
37841,q37_t773
37841,q37_t774
37842,q37_t774
37842,q37_t775
37843,q37_t776
37843,q37_t777
37844,q37_t777
37844,q37_t778
37845,q37_t779
37845,q37_t780
37846,q37_t780
37846,q37_t781
37847,q37_t781
37847,q37_t782
37847,q3_t781
37847,q3_t782
37848,q37_t782
37848,q37_t783
37849,q37_t783
37849,q37_t784
37850,q37_t784
37850,q37_t785
37850,q4_t784
37850,q4_t785
37851,q37_t785
37851,q37_t786
37852,q37_t786
37852,q37_t787
37853,q37_t787
37853,q37_t788
37853,q5_t787
37853,q5_t788
37854,q37_t788
37854,q37_t789
37855,q37_t789
37855,q37_t790
37856,q37_t790
37856,q37_t791
37856,q6_t790
37856,q6_t791
37857,q37_t791
37857,q37_t792
37858,q37_t792
37858,q37_t793
37859,q37_t793
37859,q37_t794
37859,q7_t793
37859,q7_t794
37860,q37_t794
37860,q37_t795
37861,q37_t795
37861,q37_t796
37862,q37_t796
37862,q37_t797
37862,q8_t796
37862,q8_t797
37863,q37_t797
37863,q37_t798
37864,q37_t798
37864,q37_t799
37865,q37_t799
37865,q37_t800
37865,q9_t799
37865,q9_t800
37866,q37_t800
37866,q37_t801
37867,q37_t801
37867,q37_t802
37868,q37_t803
37868,q37_t804
37869,q37_t804
37869,q37_t805
37870,q37_t806
37870,q37_t807
37871,q37_t807
37871,q37_t808
37872,q37_t809
37872,q37_t810
37873,q37_t810
37873,q37_t811
37874,q37_t812
37874,q37_t813
37875,q37_t813
37875,q37_t814
37876,q37_t815
37876,q37_t816
37877,q37_t816
37877,q37_t817
37878,q37_t818
37878,q37_t819
37879,q37_t819
37879,q37_t820
37880,q37_t821
37880,q37_t822
37881,q37_t822
37881,q37_t823
37882,q37_t824
37882,q37_t825
37883,q37_t825
37883,q37_t826
37884,q37_t827
37884,q37_t828
37885,q37_t828
37885,q37_t829
37886,q37_t830
37886,q37_t831
37887,q37_t831
37887,q37_t832
37888,q37_t833
37888,q37_t834
37889,q37_t834
37889,q37_t835
37890,q37_t836
37890,q37_t837
37891,q37_t837
37891,q37_t838
37892,q37_t839
37892,q37_t840
37893,q37_t840
37893,q37_t841
37894,q37_t842
37894,q37_t843
37895,q37_t843
37895,q37_t844
37896,q37_t845
37896,q37_t846
37897,q37_t846
37897,q37_t847
37898,q37_t848
37898,q37_t849
37899,q37_t849
37899,q37_t850
37900,q37_t851
37900,q37_t852
37901,q37_t852
37901,q37_t853
37902,q37_t854
37902,q37_t855
37903,q37_t855
37903,q37_t856
37904,q37_t857
37904,q37_t858
37905,q37_t858
37905,q37_t859
37906,q37_t860
37906,q37_t861
37907,q37_t861
37907,q37_t862
37908,q37_t863
37908,q37_t864
37909,q37_t864
37909,q37_t865
37910,q37_t866
37910,q37_t867
37911,q37_t867
37911,q37_t868
37912,q37_t869
37912,q37_t870
37913,q37_t870
37913,q37_t871
37914,q37_t872
37914,q37_t873
37915,q37_t873
37915,q37_t874
37916,q37_t875
37916,q37_t876
37917,q37_t876
37917,q37_t877
37918,q37_t878
37918,q37_t879
37919,q37_t879
37919,q37_t880
37920,q37_t881
37920,q37_t882
37921,q37_t882
37921,q37_t886
37922,q37_t886
37922,q37_t887
37922,q38_t886
37922,q38_t887
37923,q37_t887
37923,q37_t888
37924,q37_t888
37924,q37_t889
37925,q37_t889
37925,q37_t890
37925,q39_t889
37925,q39_t890
37926,q37_t890
37926,q37_t891
37927,q37_t891
37927,q37_t892
37928,q37_t892
37928,q37_t893
37928,q40_t892
37928,q40_t893
37929,q37_t893
37929,q37_t894
37930,q37_t894
37930,q37_t895
37931,q37_t895
37931,q37_t896
37931,q41_t895
37931,q41_t896
37932,q37_t896
37932,q37_t897
37933,q37_t897
37933,q37_t898
37934,q37_t898
37934,q37_t899
37934,q42_t898
37934,q42_t899
37935,q37_t899
37935,q37_t900
37936,q37_t900
37936,q37_t901
37937,q37_t901
37937,q37_t902
37937,q43_t901
37937,q43_t902
37938,q37_t902
37938,q37_t903
37939,q37_t903
37939,q37_t904
37940,q37_t904
37940,q37_t905
37940,q44_t904
37940,q44_t905
37941,q37_t905
37941,q37_t906
37942,q37_t906
37942,q37_t907
37943,q37_t907
37943,q37_t908
37943,q45_t907
37943,q45_t908
37944,q37_t908
37944,q37_t909
37945,q37_t909
37945,q37_t910
37946,q37_t910
37946,q37_t911
37946,q46_t910
37946,q46_t911
37947,q37_t911
37947,q37_t912
37948,q37_t912
37948,q37_t913
37949,q37_t913
37949,q37_t914
37949,q47_t913
37949,q47_t914
37950,q37_t914
37950,q37_t915
37951,q37_t915
37951,q37_t916
37952,q37_t916
37952,q37_t917
37952,q48_t916
37952,q48_t917
37953,q37_t917
37953,q37_t918
37954,q37_t918
37954,q37_t919
37955,q37_t919
37955,q37_t920
37955,q49_t919
37955,q49_t920
37956,q37_t920
37956,q37_t921
37957,q37_t921
37957,q37_t922
37958,q37_t922
37958,q37_t923
37958,q50_t922
37958,q50_t923
37959,q37_t923
37959,q37_t924
37960,q37_t924
37960,q37_t925
37961,q37_t925
37961,q37_t926
37961,q51_t925
37961,q51_t926
37962,q37_t926
37962,q37_t927
37963,q37_t927
37963,q37_t928
37964,q37_t928
37964,q37_t929
37964,q52_t928
37964,q52_t929
37965,q37_t929
37965,q37_t930
37966,q37_t930
37966,q37_t931
37967,q37_t931
37967,q37_t932
37967,q53_t931
37967,q53_t932
37968,q37_t932
37968,q37_t933
37969,q37_t933
37969,q37_t934
37970,q37_t934
37970,q37_t935
37970,q54_t934
37970,q54_t935
37971,q37_t935
37971,q37_t936
37972,q37_t936
37972,q37_t937
37973,q37_t937
37973,q37_t938
37973,q55_t937
37973,q55_t938
37974,q37_t938
37974,q37_t939
37975,q37_t939
37975,q37_t940
37976,q37_t940
37976,q37_t941
37976,q56_t940
37976,q56_t941
37977,q37_t941
37977,q37_t942
37978,q37_t942
37978,q37_t943
37979,q37_t943
37979,q37_t944
37979,q57_t943
37979,q57_t944
37980,q37_t944
37980,q37_t945
37981,q37_t945
37981,q37_t946
37982,q37_t946
37982,q37_t947
37982,q58_t946
37982,q58_t947
37983,q37_t947
37983,q37_t948
37984,q37_t948
37984,q37_t949
37985,q37_t949
37985,q37_t950
37985,q59_t949
37985,q59_t950
37986,q37_t950
37986,q37_t951
37987,q37_t951
37987,q37_t952
37988,q37_t952
37988,q37_t953
37988,q60_t952
37988,q60_t953
37989,q37_t953
37989,q37_t954
37990,q37_t954
37990,q37_t955
37991,q37_t955
37991,q37_t956
37991,q61_t955
37991,q61_t956
37992,q37_t956
37992,q37_t957
37993,q37_t957
37993,q37_t958
37994,q37_t958
37994,q37_t959
37994,q62_t958
37994,q62_t959
37995,q37_t959
37995,q37_t960
37996,q37_t960
37996,q37_t961
37997,q37_t961
37997,q37_t962
37997,q63_t961
37997,q63_t962
37998,q37_t962
37998,q37_t963
37999,q37_t963
37999,q37_t964
38000,q37_t964
38000,q37_t965
38000,q64_t964
38000,q64_t965
38001,q37_t965
38001,q37_t966
38002,q37_t966
38002,q37_t967
38003,q37_t967
38003,q37_t968
38003,q65_t967
38003,q65_t968
38004,q37_t968
38004,q37_t969
38005,q37_t969
38005,q37_t970
38006,q37_t970
38006,q37_t971
38006,q66_t970
38006,q66_t971
38007,q37_t971
38007,q37_t972
38008,q37_t972
38008,q37_t973
38009,q37_t973
38009,q37_t974
38009,q67_t973
38009,q67_t974
38010,q37_t974
38010,q37_t975
38011,q37_t975
38011,q37_t976
38012,q37_t976
38012,q37_t977
38012,q68_t976
38012,q68_t977
38013,q37_t977
38013,q37_t978
38014,q37_t978
38014,q37_t979
38015,q37_t979
38015,q37_t980
38015,q69_t979
38015,q69_t980
38016,q37_t980
38016,q37_t981
38017,q37_t981
38017,q37_t982
38018,q37_t982
38018,q37_t983
38018,q70_t982
38018,q70_t983
38019,q37_t983
38019,q37_t984
38020,q37_t984
38020,q37_t985
38021,q37_t985
38021,q37_t986
38021,q71_t985
38021,q71_t986
38022,q37_t986
38022,q37_t987
38023,q37_t987
38023,q37_t988
38024,q37_t988
38024,q37_t989
38024,q72_t988
38024,q72_t989
38025,q37_t989
38025,q37_t990
38026,q37_t990
38026,q37_t991
38027,q37_t991
38027,q37_t992
38027,q73_t991
38027,q73_t992
38028,q37_t992
38028,q37_t993
38029,q37_t993
38029,q37_t994
38030,q37_t994
38030,q37_t995
38030,q74_t994
38030,q74_t995
38031,q37_t995
38031,q37_t996
38032,q37_t996
38032,q37_t997
38033,q37_t997
38033,q37_t998
38033,q75_t997
38033,q75_t998
38034,q37_t998
38034,q37_t999
38035,q38_t0
38035,q38_t1
38036,q38_t1
38036,q38_t113
38037,q38_t1000
38037,q38_t1001
38037,q75_t1000
38037,q75_t1001
38038,q38_t1000
38038,q38_t999
38039,q38_t1001
38039,q38_t1002
38040,q38_t1002
38040,q38_t1003
38041,q38_t1003
38041,q38_t1004
38041,q76_t1003
38041,q76_t1004
38042,q38_t1004
38042,q38_t1005
38043,q38_t1005
38043,q38_t1006
38044,q38_t1006
38044,q38_t1007
38044,q77_t1006
38044,q77_t1007
38045,q38_t1007
38045,q38_t1008
38046,q38_t1008
38046,q38_t1009
38047,q38_t1009
38047,q38_t1010
38047,q78_t1009
38047,q78_t1010
38048,q38_t1010
38048,q38_t1011
38049,q38_t1011
38049,q38_t1012
38050,q38_t1012
38050,q38_t1013
38050,q79_t1012
38050,q79_t1013
38051,q38_t1013
38051,q38_t1014
38052,q38_t1014
38052,q38_t1015
38053,q38_t1015
38053,q38_t1016
38053,q80_t1015
38053,q80_t1016
38054,q38_t1016
38054,q38_t1017
38055,q38_t1017
38055,q38_t1018
38056,q38_t1018
38056,q38_t1019
38056,q81_t1018
38056,q81_t1019
38057,q38_t1019
38057,q38_t1020
38058,q38_t1020
38058,q38_t1021
38059,q38_t1021
38059,q38_t1022
38059,q82_t1021
38059,q82_t1022
38060,q38_t1022
38060,q38_t1023
38061,q38_t1023
38061,q38_t1024
38062,q38_t1024
38062,q38_t1025
38062,q83_t1024
38062,q83_t1025
38063,q38_t1025
38063,q38_t1026
38064,q38_t1026
38064,q38_t1027
38065,q38_t1027
38065,q38_t1028
38065,q84_t1027
38065,q84_t1028
38066,q38_t1028
38066,q38_t1029
38067,q38_t1029
38067,q38_t1030
38068,q38_t1030
38068,q38_t1031
38068,q85_t1030
38068,q85_t1031
38069,q38_t1031
38069,q38_t1032
38070,q38_t1032
38070,q38_t1033
38071,q38_t1033
38071,q38_t1034
38071,q86_t1033
38071,q86_t1034
38072,q38_t1034
38072,q38_t1035
38073,q38_t1035
38073,q38_t1036
38074,q38_t1036
38074,q38_t1037
38074,q87_t1036
38074,q87_t1037
38075,q38_t1037
38075,q38_t1038
38076,q38_t1038
38076,q38_t1039
38077,q38_t1039
38077,q38_t1040
38077,q88_t1039
38077,q88_t1040
38078,q38_t1040
38078,q38_t1041
38079,q38_t1041
38079,q38_t1042
38080,q38_t1042
38080,q38_t1043
38080,q89_t1042
38080,q89_t1043
38081,q38_t1043
38081,q38_t1044
38082,q38_t1044
38082,q38_t1045
38083,q38_t1045
38083,q38_t1046
38083,q90_t1045
38083,q90_t1046
38084,q38_t1046
38084,q38_t1047
38085,q38_t1047
38085,q38_t1048
38086,q38_t1048
38086,q38_t1049
38086,q91_t1048
38086,q91_t1049
38087,q38_t1049
38087,q38_t1050
38088,q38_t1050
38088,q38_t1051
38089,q38_t1051
38089,q38_t1052
38089,q92_t1051
38089,q92_t1052
38090,q38_t1052
38090,q38_t1053
38091,q38_t1053
38091,q38_t1054
38092,q38_t1054
38092,q38_t1055
38092,q93_t1054
38092,q93_t1055
38093,q38_t1055
38093,q38_t1056
38094,q38_t1056
38094,q38_t1057
38095,q38_t1057
38095,q38_t1058
38095,q94_t1057
38095,q94_t1058
38096,q38_t1058
38096,q38_t1059
38097,q38_t1059
38097,q38_t1060
38098,q38_t1060
38098,q38_t1061
38098,q95_t1060
38098,q95_t1061
38099,q38_t1061
38099,q38_t1062
38100,q38_t1062
38100,q38_t1063
38101,q38_t1063
38101,q38_t1064
38101,q96_t1063
38101,q96_t1064
38102,q38_t1064
38102,q38_t1065
38103,q38_t1065
38103,q38_t1066
38104,q38_t1066
38104,q38_t1067
38104,q97_t1066
38104,q97_t1067
38105,q38_t1067
38105,q38_t1068
38106,q38_t1068
38106,q38_t1069
38107,q38_t1069
38107,q38_t1070
38107,q98_t1069
38107,q98_t1070
38108,q38_t1070
38108,q38_t1071
38109,q38_t1071
38109,q38_t1072
38110,q38_t1072
38110,q38_t1073
38110,q99_t1072
38110,q99_t1073
38111,q38_t1073
38111,q38_t1074
38112,q38_t1074
38112,q38_t1075
38113,q38_t1076
38113,q38_t1077
38114,q38_t1077
38114,q38_t1078
38115,q38_t1079
38115,q38_t1080
38116,q38_t1080
38116,q38_t1081
38117,q38_t1082
38117,q38_t1083
38118,q38_t1083
38118,q38_t1084
38119,q38_t1085
38119,q38_t1086
38120,q38_t1086
38120,q38_t1087
38121,q38_t1088
38121,q38_t1089
38122,q38_t1089
38122,q38_t1090
38123,q38_t1091
38123,q38_t1092
38124,q38_t1092
38124,q38_t1093
38125,q38_t1094
38125,q38_t1095
38126,q38_t1095
38126,q38_t1096
38127,q38_t1097
38127,q38_t1098
38128,q38_t1098
38128,q38_t1099
38129,q38_t1100
38129,q38_t1101
38130,q38_t1101
38130,q38_t1102
38131,q38_t1103
38131,q38_t1104
38132,q38_t1104
38132,q38_t1105
38133,q38_t114
38133,q38_t115
38134,q38_t115
38134,q38_t116
38135,q38_t117
38135,q38_t118
38136,q38_t118
38136,q38_t119
38137,q38_t120
38137,q38_t121
38138,q38_t121
38138,q38_t122
38139,q38_t122
38139,q38_t123
38139,q3_t122
38139,q3_t123
38140,q38_t123
38140,q38_t124
38141,q38_t124
38141,q38_t125
38142,q38_t125
38142,q38_t126
38142,q4_t125
38142,q4_t126
38143,q38_t126
38143,q38_t127
38144,q38_t127
38144,q38_t128
38145,q38_t128
38145,q38_t129
38145,q5_t128
38145,q5_t129
38146,q38_t129
38146,q38_t130
38147,q38_t130
38147,q38_t131
38148,q38_t131
38148,q38_t132
38148,q6_t131
38148,q6_t132
38149,q38_t132
38149,q38_t133
38150,q38_t133
38150,q38_t134
38151,q38_t134
38151,q38_t135
38151,q7_t134
38151,q7_t135
38152,q38_t135
38152,q38_t136
38153,q38_t136
38153,q38_t137
38154,q38_t137
38154,q38_t138
38154,q8_t137
38154,q8_t138
38155,q38_t138
38155,q38_t139
38156,q38_t139
38156,q38_t140
38157,q38_t140
38157,q38_t141
38157,q9_t140
38157,q9_t141
38158,q38_t141
38158,q38_t142
38159,q38_t142
38159,q38_t143
38160,q38_t144
38160,q38_t145
38161,q38_t145
38161,q38_t146
38162,q38_t147
38162,q38_t148
38163,q38_t148
38163,q38_t149
38164,q38_t150
38164,q38_t151
38165,q38_t151
38165,q38_t152
38166,q38_t153
38166,q38_t154
38167,q38_t154
38167,q38_t155
38168,q38_t156
38168,q38_t157
38169,q38_t157
38169,q38_t158
38170,q38_t159
38170,q38_t160
38171,q38_t160
38171,q38_t161
38172,q38_t162
38172,q38_t163
38173,q38_t163
38173,q38_t164
38174,q38_t165
38174,q38_t166
38175,q38_t166
38175,q38_t167
38176,q38_t168
38176,q38_t169
38177,q38_t169
38177,q38_t170
38178,q38_t171
38178,q38_t172
38179,q38_t172
38179,q38_t173
38180,q38_t174
38180,q38_t175
38181,q38_t175
38181,q38_t176
38182,q38_t177
38182,q38_t178
38183,q38_t178
38183,q38_t179
38184,q38_t180
38184,q38_t181
38185,q38_t181
38185,q38_t182
38186,q38_t183
38186,q38_t184
38187,q38_t184
38187,q38_t185
38188,q38_t186
38188,q38_t187
38189,q38_t187
38189,q38_t188
38190,q38_t189
38190,q38_t190
38191,q38_t190
38191,q38_t191
38192,q38_t192
38192,q38_t193
38193,q38_t193
38193,q38_t194
38194,q38_t195
38194,q38_t196
38195,q38_t196
38195,q38_t197
38196,q38_t198
38196,q38_t199
38197,q38_t199
38197,q38_t200
38198,q38_t201
38198,q38_t202
38199,q38_t202
38199,q38_t203
38200,q38_t204
38200,q38_t205
38201,q38_t205
38201,q38_t206
38202,q38_t207
38202,q38_t208
38203,q38_t208
38203,q38_t209
38204,q38_t210
38204,q38_t211
38205,q38_t211
38205,q38_t212
38206,q38_t213
38206,q38_t214
38207,q38_t214
38207,q38_t215
38208,q38_t216
38208,q38_t217
38209,q38_t217
38209,q38_t218
38210,q38_t219
38210,q38_t220
38211,q38_t220
38211,q38_t221
38212,q38_t222
38212,q38_t223
38213,q38_t223
38213,q38_t224
38214,q38_t225
38214,q38_t226
38215,q38_t226
38215,q38_t230
38216,q38_t230
38216,q38_t231
38216,q39_t230
38216,q39_t231
38217,q38_t231
38217,q38_t232
38218,q38_t232
38218,q38_t233
38219,q38_t233
38219,q38_t234
38219,q40_t233
38219,q40_t234
38220,q38_t234
38220,q38_t235
38221,q38_t235
38221,q38_t236
38222,q38_t236
38222,q38_t237
38222,q41_t236
38222,q41_t237
38223,q38_t237
38223,q38_t238
38224,q38_t238
38224,q38_t239
38225,q38_t239
38225,q38_t240
38225,q42_t239
38225,q42_t240
38226,q38_t240
38226,q38_t241
38227,q38_t241
38227,q38_t242
38228,q38_t242
38228,q38_t243
38228,q43_t242
38228,q43_t243
38229,q38_t243
38229,q38_t244
38230,q38_t244
38230,q38_t245
38231,q38_t245
38231,q38_t246
38231,q44_t245
38231,q44_t246
38232,q38_t246
38232,q38_t247
38233,q38_t247
38233,q38_t248
38234,q38_t248
38234,q38_t249
38234,q45_t248
38234,q45_t249
38235,q38_t249
38235,q38_t250
38236,q38_t250
38236,q38_t251
38237,q38_t251
38237,q38_t252
38237,q46_t251
38237,q46_t252
38238,q38_t252
38238,q38_t253
38239,q38_t253
38239,q38_t254
38240,q38_t254
38240,q38_t255
38240,q47_t254
38240,q47_t255
38241,q38_t255
38241,q38_t256
38242,q38_t256
38242,q38_t257
38243,q38_t257
38243,q38_t258
38243,q48_t257
38243,q48_t258
38244,q38_t258
38244,q38_t259
38245,q38_t259
38245,q38_t260
38246,q38_t260
38246,q38_t261
38246,q49_t260
38246,q49_t261
38247,q38_t261
38247,q38_t262
38248,q38_t262
38248,q38_t263
38249,q38_t263
38249,q38_t264
38249,q50_t263
38249,q50_t264
38250,q38_t264
38250,q38_t265
38251,q38_t265
38251,q38_t266
38252,q38_t266
38252,q38_t267
38252,q51_t266
38252,q51_t267
38253,q38_t267
38253,q38_t268
38254,q38_t268
38254,q38_t269
38255,q38_t269
38255,q38_t270
38255,q52_t269
38255,q52_t270
38256,q38_t270
38256,q38_t271
38257,q38_t271
38257,q38_t272
38258,q38_t272
38258,q38_t273
38258,q53_t272
38258,q53_t273
38259,q38_t273
38259,q38_t274
38260,q38_t274
38260,q38_t275
38261,q38_t275
38261,q38_t276
38261,q54_t275
38261,q54_t276
38262,q38_t276
38262,q38_t277
38263,q38_t277
38263,q38_t278
38264,q38_t278
38264,q38_t279
38264,q55_t278
38264,q55_t279
38265,q38_t279
38265,q38_t280
38266,q38_t280
38266,q38_t281
38267,q38_t281
38267,q38_t282
38267,q56_t281
38267,q56_t282
38268,q38_t282
38268,q38_t283
38269,q38_t283
38269,q38_t284
38270,q38_t284
38270,q38_t285
38270,q57_t284
38270,q57_t285
38271,q38_t285
38271,q38_t286
38272,q38_t286
38272,q38_t287
38273,q38_t287
38273,q38_t288
38273,q58_t287
38273,q58_t288
38274,q38_t288
38274,q38_t289
38275,q38_t289
38275,q38_t290
38276,q38_t290
38276,q38_t291
38276,q59_t290
38276,q59_t291
38277,q38_t291
38277,q38_t292
38278,q38_t292
38278,q38_t293
38279,q38_t293
38279,q38_t294
38279,q60_t293
38279,q60_t294
38280,q38_t294
38280,q38_t295
38281,q38_t295
38281,q38_t296
38282,q38_t296
38282,q38_t297
38282,q61_t296
38282,q61_t297
38283,q38_t297
38283,q38_t298
38284,q38_t298
38284,q38_t299
38285,q38_t299
38285,q38_t300
38285,q62_t299
38285,q62_t300
38286,q38_t300
38286,q38_t301
38287,q38_t301
38287,q38_t302
38288,q38_t302
38288,q38_t303
38288,q63_t302
38288,q63_t303
38289,q38_t303
38289,q38_t304
38290,q38_t304
38290,q38_t305
38291,q38_t305
38291,q38_t306
38291,q64_t305
38291,q64_t306
38292,q38_t306
38292,q38_t307
38293,q38_t307
38293,q38_t308
38294,q38_t308
38294,q38_t309
38294,q65_t308
38294,q65_t309
38295,q38_t309
38295,q38_t310
38296,q38_t310
38296,q38_t311
38297,q38_t311
38297,q38_t312
38297,q66_t311
38297,q66_t312
38298,q38_t312
38298,q38_t313
38299,q38_t313
38299,q38_t314
38300,q38_t314
38300,q38_t315
38300,q67_t314
38300,q67_t315
38301,q38_t315
38301,q38_t316
38302,q38_t316
38302,q38_t317
38303,q38_t317
38303,q38_t318
38303,q68_t317
38303,q68_t318
38304,q38_t318
38304,q38_t319
38305,q38_t319
38305,q38_t320
38306,q38_t320
38306,q38_t321
38306,q69_t320
38306,q69_t321
38307,q38_t321
38307,q38_t322
38308,q38_t322
38308,q38_t323
38309,q38_t323
38309,q38_t324
38309,q70_t323
38309,q70_t324
38310,q38_t324
38310,q38_t325
38311,q38_t325
38311,q38_t326
38312,q38_t326
38312,q38_t327
38312,q71_t326
38312,q71_t327
38313,q38_t327
38313,q38_t328
38314,q38_t328
38314,q38_t329
38315,q38_t329
38315,q38_t330
38315,q72_t329
38315,q72_t330
38316,q38_t330
38316,q38_t331
38317,q38_t331
38317,q38_t332
38318,q38_t332
38318,q38_t333
38318,q73_t332
38318,q73_t333
38319,q38_t333
38319,q38_t334
38320,q38_t334
38320,q38_t335
38321,q38_t335
38321,q38_t336
38321,q74_t335
38321,q74_t336
38322,q38_t336
38322,q38_t337
38323,q38_t337
38323,q38_t338
38324,q38_t338
38324,q38_t339
38324,q75_t338
38324,q75_t339
38325,q38_t339
38325,q38_t340
38326,q38_t340
38326,q38_t341
38327,q38_t341
38327,q38_t342
38327,q76_t341
38327,q76_t342
38328,q38_t342
38328,q38_t343
38329,q38_t343
38329,q38_t344
38330,q38_t344
38330,q38_t345
38330,q77_t344
38330,q77_t345
38331,q38_t345
38331,q38_t346
38332,q38_t346
38332,q38_t347
38333,q38_t347
38333,q38_t348
38333,q78_t347
38333,q78_t348
38334,q38_t348
38334,q38_t349
38335,q38_t349
38335,q38_t350
38336,q38_t350
38336,q38_t351
38336,q79_t350
38336,q79_t351
38337,q38_t351
38337,q38_t352
38338,q38_t352
38338,q38_t353
38339,q38_t353
38339,q38_t354
38339,q80_t353
38339,q80_t354
38340,q38_t354
38340,q38_t355
38341,q38_t355
38341,q38_t356
38342,q38_t356
38342,q38_t357
38342,q81_t356
38342,q81_t357
38343,q38_t357
38343,q38_t358
38344,q38_t358
38344,q38_t359
38345,q38_t359
38345,q38_t360
38345,q82_t359
38345,q82_t360
38346,q38_t360
38346,q38_t361
38347,q38_t361
38347,q38_t362
38348,q38_t362
38348,q38_t363
38348,q83_t362
38348,q83_t363
38349,q38_t363
38349,q38_t364
38350,q38_t364
38350,q38_t365
38351,q38_t365
38351,q38_t366
38351,q84_t365
38351,q84_t366
38352,q38_t366
38352,q38_t367
38353,q38_t367
38353,q38_t368
38354,q38_t368
38354,q38_t369
38354,q85_t368
38354,q85_t369
38355,q38_t369
38355,q38_t370
38356,q38_t370
38356,q38_t371
38357,q38_t371
38357,q38_t372
38357,q86_t371
38357,q86_t372
38358,q38_t372
38358,q38_t373
38359,q38_t373
38359,q38_t374
38360,q38_t374
38360,q38_t375
38360,q87_t374
38360,q87_t375
38361,q38_t375
38361,q38_t376
38362,q38_t376
38362,q38_t377
38363,q38_t377
38363,q38_t378
38363,q88_t377
38363,q88_t378
38364,q38_t378
38364,q38_t379
38365,q38_t379
38365,q38_t380
38366,q38_t380
38366,q38_t381
38366,q89_t380
38366,q89_t381
38367,q38_t381
38367,q38_t382
38368,q38_t382
38368,q38_t383
38369,q38_t383
38369,q38_t384
38369,q90_t383
38369,q90_t384
38370,q38_t384
38370,q38_t385
38371,q38_t385
38371,q38_t386
38372,q38_t386
38372,q38_t387
38372,q91_t386
38372,q91_t387
38373,q38_t387
38373,q38_t388
38374,q38_t388
38374,q38_t389
38375,q38_t389
38375,q38_t390
38375,q92_t389
38375,q92_t390
38376,q38_t390
38376,q38_t391
38377,q38_t391
38377,q38_t392
38378,q38_t392
38378,q38_t393
38378,q93_t392
38378,q93_t393
38379,q38_t393
38379,q38_t394
38380,q38_t394
38380,q38_t395
38381,q38_t395
38381,q38_t396
38381,q94_t395
38381,q94_t396
38382,q38_t396
38382,q38_t397
38383,q38_t397
38383,q38_t398
38384,q38_t398
38384,q38_t399
38384,q95_t398
38384,q95_t399
38385,q38_t399
38385,q38_t400
38386,q38_t400
38386,q38_t401
38387,q38_t401
38387,q38_t402
38387,q96_t401
38387,q96_t402
38388,q38_t402
38388,q38_t403
38389,q38_t403
38389,q38_t404
38390,q38_t404
38390,q38_t405
38390,q97_t404
38390,q97_t405
38391,q38_t405
38391,q38_t406
38392,q38_t406
38392,q38_t407
38393,q38_t407
38393,q38_t408
38393,q98_t407
38393,q98_t408
38394,q38_t408
38394,q38_t409
38395,q38_t409
38395,q38_t410
38396,q38_t410
38396,q38_t411
38396,q99_t410
38396,q99_t411
38397,q38_t411
38397,q38_t412
38398,q38_t412
38398,q38_t413
38399,q38_t414
38399,q38_t415
38400,q38_t415
38400,q38_t416
38401,q38_t417
38401,q38_t418
38402,q38_t418
38402,q38_t419
38403,q38_t420
38403,q38_t421
38404,q38_t421
38404,q38_t422
38405,q38_t423
38405,q38_t424
38406,q38_t424
38406,q38_t425
38407,q38_t426
38407,q38_t427
38408,q38_t427
38408,q38_t428
38409,q38_t429
38409,q38_t430
38410,q38_t430
38410,q38_t431
38411,q38_t432
38411,q38_t433
38412,q38_t433
38412,q38_t434
38413,q38_t435
38413,q38_t436
38414,q38_t436
38414,q38_t437
38415,q38_t438
38415,q38_t439
38416,q38_t439
38416,q38_t440
38417,q38_t441
38417,q38_t442
38418,q38_t442
38418,q38_t443
38419,q38_t443
38419,q38_t444
38420,q38_t445
38420,q38_t446
38421,q38_t446
38421,q38_t447
38422,q38_t448
38422,q38_t449
38423,q38_t449
38423,q38_t450
38424,q38_t451
38424,q38_t452
38425,q38_t452
38425,q38_t453
38426,q38_t453
38426,q38_t454
38426,q3_t453
38426,q3_t454
38427,q38_t454
38427,q38_t455
38428,q38_t455
38428,q38_t456
38429,q38_t456
38429,q38_t457
38429,q4_t456
38429,q4_t457
38430,q38_t457
38430,q38_t458
38431,q38_t458
38431,q38_t459
38432,q38_t459
38432,q38_t460
38432,q5_t459
38432,q5_t460
38433,q38_t460
38433,q38_t461
38434,q38_t461
38434,q38_t462
38435,q38_t462
38435,q38_t463
38435,q6_t462
38435,q6_t463
38436,q38_t463
38436,q38_t464
38437,q38_t464
38437,q38_t465
38438,q38_t465
38438,q38_t466
38438,q7_t465
38438,q7_t466
38439,q38_t466
38439,q38_t467
38440,q38_t467
38440,q38_t468
38441,q38_t468
38441,q38_t469
38441,q8_t468
38441,q8_t469
38442,q38_t469
38442,q38_t470
38443,q38_t470
38443,q38_t471
38444,q38_t471
38444,q38_t472
38444,q9_t471
38444,q9_t472
38445,q38_t472
38445,q38_t473
38446,q38_t473
38446,q38_t474
38447,q38_t475
38447,q38_t476
38448,q38_t476
38448,q38_t477
38449,q38_t478
38449,q38_t479
38450,q38_t479
38450,q38_t480
38451,q38_t481
38451,q38_t482
38452,q38_t482
38452,q38_t483
38453,q38_t484
38453,q38_t485
38454,q38_t485
38454,q38_t486
38455,q38_t487
38455,q38_t488
38456,q38_t488
38456,q38_t489
38457,q38_t490
38457,q38_t491
38458,q38_t491
38458,q38_t492
38459,q38_t493
38459,q38_t494
38460,q38_t494
38460,q38_t495
38461,q38_t496
38461,q38_t497
38462,q38_t497
38462,q38_t498
38463,q38_t499
38463,q38_t500
38464,q38_t500
38464,q38_t501
38465,q38_t502
38465,q38_t503
38466,q38_t503
38466,q38_t504
38467,q38_t505
38467,q38_t506
38468,q38_t506
38468,q38_t507
38469,q38_t508
38469,q38_t509
38470,q38_t509
38470,q38_t510
38471,q38_t511
38471,q38_t512
38472,q38_t512
38472,q38_t513
38473,q38_t514
38473,q38_t515
38474,q38_t515
38474,q38_t516
38475,q38_t517
38475,q38_t518
38476,q38_t518
38476,q38_t519
38477,q38_t520
38477,q38_t521
38478,q38_t521
38478,q38_t522
38479,q38_t523
38479,q38_t524
38480,q38_t524
38480,q38_t525
38481,q38_t526
38481,q38_t527
38482,q38_t527
38482,q38_t528
38483,q38_t529
38483,q38_t530
38484,q38_t530
38484,q38_t531
38485,q38_t532
38485,q38_t533
38486,q38_t533
38486,q38_t534
38487,q38_t535
38487,q38_t536
38488,q38_t536
38488,q38_t537
38489,q38_t538
38489,q38_t539
38490,q38_t539
38490,q38_t540
38491,q38_t541
38491,q38_t542
38492,q38_t542
38492,q38_t543
38493,q38_t544
38493,q38_t545
38494,q38_t545
38494,q38_t546
38495,q38_t547
38495,q38_t548
38496,q38_t548
38496,q38_t549
38497,q38_t550
38497,q38_t551
38498,q38_t551
38498,q38_t552
38499,q38_t553
38499,q38_t554
38500,q38_t554
38500,q38_t555
38501,q38_t556
38501,q38_t557
38502,q38_t557
38502,q38_t561
38503,q38_t561
38503,q38_t562
38503,q39_t561
38503,q39_t562
38504,q38_t562
38504,q38_t563
38505,q38_t563
38505,q38_t564
38506,q38_t564
38506,q38_t565
38506,q40_t564
38506,q40_t565
38507,q38_t565
38507,q38_t566
38508,q38_t566
38508,q38_t567
38509,q38_t567
38509,q38_t568
38509,q41_t567
38509,q41_t568
38510,q38_t568
38510,q38_t569
38511,q38_t569
38511,q38_t570
38512,q38_t570
38512,q38_t571
38512,q42_t570
38512,q42_t571
38513,q38_t571
38513,q38_t572
38514,q38_t572
38514,q38_t573
38515,q38_t573
38515,q38_t574
38515,q43_t573
38515,q43_t574
38516,q38_t574
38516,q38_t575
38517,q38_t575
38517,q38_t576
38518,q38_t576
38518,q38_t577
38518,q44_t576
38518,q44_t577
38519,q38_t577
38519,q38_t578
38520,q38_t578
38520,q38_t579
38521,q38_t579
38521,q38_t580
38521,q45_t579
38521,q45_t580
38522,q38_t580
38522,q38_t581
38523,q38_t581
38523,q38_t582
38524,q38_t582
38524,q38_t583
38524,q46_t582
38524,q46_t583
38525,q38_t583
38525,q38_t584
38526,q38_t584
38526,q38_t585
38527,q38_t585
38527,q38_t586
38527,q47_t585
38527,q47_t586
38528,q38_t586
38528,q38_t587
38529,q38_t587
38529,q38_t588
38530,q38_t588
38530,q38_t589
38530,q48_t588
38530,q48_t589
38531,q38_t589
38531,q38_t590
38532,q38_t590
38532,q38_t591
38533,q38_t591
38533,q38_t592
38533,q49_t591
38533,q49_t592
38534,q38_t592
38534,q38_t593
38535,q38_t593
38535,q38_t594
38536,q38_t594
38536,q38_t595
38536,q50_t594
38536,q50_t595
38537,q38_t595
38537,q38_t596
38538,q38_t596
38538,q38_t597
38539,q38_t597
38539,q38_t598
38539,q51_t597
38539,q51_t598
38540,q38_t598
38540,q38_t599
38541,q38_t599
38541,q38_t600
38542,q38_t600
38542,q38_t601
38542,q52_t600
38542,q52_t601
38543,q38_t601
38543,q38_t602
38544,q38_t602
38544,q38_t603
38545,q38_t603
38545,q38_t604
38545,q53_t603
38545,q53_t604
38546,q38_t604
38546,q38_t605
38547,q38_t605
38547,q38_t606
38548,q38_t606
38548,q38_t607
38548,q54_t606
38548,q54_t607
38549,q38_t607
38549,q38_t608
38550,q38_t608
38550,q38_t609
38551,q38_t609
38551,q38_t610
38551,q55_t609
38551,q55_t610
38552,q38_t610
38552,q38_t611
38553,q38_t611
38553,q38_t612
38554,q38_t612
38554,q38_t613
38554,q56_t612
38554,q56_t613
38555,q38_t613
38555,q38_t614
38556,q38_t614
38556,q38_t615
38557,q38_t615
38557,q38_t616
38557,q57_t615
38557,q57_t616
38558,q38_t616
38558,q38_t617
38559,q38_t617
38559,q38_t618
38560,q38_t618
38560,q38_t619
38560,q58_t618
38560,q58_t619
38561,q38_t619
38561,q38_t620
38562,q38_t620
38562,q38_t621
38563,q38_t621
38563,q38_t622
38563,q59_t621
38563,q59_t622
38564,q38_t622
38564,q38_t623
38565,q38_t623
38565,q38_t624
38566,q38_t624
38566,q38_t625
38566,q60_t624
38566,q60_t625
38567,q38_t625
38567,q38_t626
38568,q38_t626
38568,q38_t627
38569,q38_t627
38569,q38_t628
38569,q61_t627
38569,q61_t628
38570,q38_t628
38570,q38_t629
38571,q38_t629
38571,q38_t630
38572,q38_t630
38572,q38_t631
38572,q62_t630
38572,q62_t631
38573,q38_t631
38573,q38_t632
38574,q38_t632
38574,q38_t633
38575,q38_t633
38575,q38_t634
38575,q63_t633
38575,q63_t634
38576,q38_t634
38576,q38_t635
38577,q38_t635
38577,q38_t636
38578,q38_t636
38578,q38_t637
38578,q64_t636
38578,q64_t637
38579,q38_t637
38579,q38_t638
38580,q38_t638
38580,q38_t639
38581,q38_t639
38581,q38_t640
38581,q65_t639
38581,q65_t640
38582,q38_t640
38582,q38_t641
38583,q38_t641
38583,q38_t642
38584,q38_t642
38584,q38_t643
38584,q66_t642
38584,q66_t643
38585,q38_t643
38585,q38_t644
38586,q38_t644
38586,q38_t645
38587,q38_t645
38587,q38_t646
38587,q67_t645
38587,q67_t646
38588,q38_t646
38588,q38_t647
38589,q38_t647
38589,q38_t648
38590,q38_t648
38590,q38_t649
38590,q68_t648
38590,q68_t649
38591,q38_t649
38591,q38_t650
38592,q38_t650
38592,q38_t651
38593,q38_t651
38593,q38_t652
38593,q69_t651
38593,q69_t652
38594,q38_t652
38594,q38_t653
38595,q38_t653
38595,q38_t654
38596,q38_t654
38596,q38_t655
38596,q70_t654
38596,q70_t655
38597,q38_t655
38597,q38_t656
38598,q38_t656
38598,q38_t657
38599,q38_t657
38599,q38_t658
38599,q71_t657
38599,q71_t658
38600,q38_t658
38600,q38_t659
38601,q38_t659
38601,q38_t660
38602,q38_t660
38602,q38_t661
38602,q72_t660
38602,q72_t661
38603,q38_t661
38603,q38_t662
38604,q38_t662
38604,q38_t663
38605,q38_t663
38605,q38_t664
38605,q73_t663
38605,q73_t664
38606,q38_t664
38606,q38_t665
38607,q38_t665
38607,q38_t666
38608,q38_t666
38608,q38_t667
38608,q74_t666
38608,q74_t667
38609,q38_t667
38609,q38_t668
38610,q38_t668
38610,q38_t669
38611,q38_t669
38611,q38_t670
38611,q75_t669
38611,q75_t670
38612,q38_t670
38612,q38_t671
38613,q38_t671
38613,q38_t672
38614,q38_t672
38614,q38_t673
38614,q76_t672
38614,q76_t673
38615,q38_t673
38615,q38_t674
38616,q38_t674
38616,q38_t675
38617,q38_t675
38617,q38_t676
38617,q77_t675
38617,q77_t676
38618,q38_t676
38618,q38_t677
38619,q38_t677
38619,q38_t678
38620,q38_t678
38620,q38_t679
38620,q78_t678
38620,q78_t679
38621,q38_t679
38621,q38_t680
38622,q38_t680
38622,q38_t681
38623,q38_t681
38623,q38_t682
38623,q79_t681
38623,q79_t682
38624,q38_t682
38624,q38_t683
38625,q38_t683
38625,q38_t684
38626,q38_t684
38626,q38_t685
38626,q80_t684
38626,q80_t685
38627,q38_t685
38627,q38_t686
38628,q38_t686
38628,q38_t687
38629,q38_t687
38629,q38_t688
38629,q81_t687
38629,q81_t688
38630,q38_t688
38630,q38_t689
38631,q38_t689
38631,q38_t690
38632,q38_t690
38632,q38_t691
38632,q82_t690
38632,q82_t691
38633,q38_t691
38633,q38_t692
38634,q38_t692
38634,q38_t693
38635,q38_t693
38635,q38_t694
38635,q83_t693
38635,q83_t694
38636,q38_t694
38636,q38_t695
38637,q38_t695
38637,q38_t696
38638,q38_t696
38638,q38_t697
38638,q84_t696
38638,q84_t697
38639,q38_t697
38639,q38_t698
38640,q38_t698
38640,q38_t699
38641,q38_t699
38641,q38_t700
38641,q85_t699
38641,q85_t700
38642,q38_t700
38642,q38_t701
38643,q38_t701
38643,q38_t702
38644,q38_t702
38644,q38_t703
38644,q86_t702
38644,q86_t703
38645,q38_t703
38645,q38_t704
38646,q38_t704
38646,q38_t705
38647,q38_t705
38647,q38_t706
38647,q87_t705
38647,q87_t706
38648,q38_t706
38648,q38_t707
38649,q38_t707
38649,q38_t708
38650,q38_t708
38650,q38_t709
38650,q88_t708
38650,q88_t709
38651,q38_t709
38651,q38_t710
38652,q38_t710
38652,q38_t711
38653,q38_t711
38653,q38_t712
38653,q89_t711
38653,q89_t712
38654,q38_t712
38654,q38_t713
38655,q38_t713
38655,q38_t714
38656,q38_t714
38656,q38_t715
38656,q90_t714
38656,q90_t715
38657,q38_t715
38657,q38_t716
38658,q38_t716
38658,q38_t717
38659,q38_t717
38659,q38_t718
38659,q91_t717
38659,q91_t718
38660,q38_t718
38660,q38_t719
38661,q38_t719
38661,q38_t720
38662,q38_t720
38662,q38_t721
38662,q92_t720
38662,q92_t721
38663,q38_t721
38663,q38_t722
38664,q38_t722
38664,q38_t723
38665,q38_t723
38665,q38_t724
38665,q93_t723
38665,q93_t724
38666,q38_t724
38666,q38_t725
38667,q38_t725
38667,q38_t726
38668,q38_t726
38668,q38_t727
38668,q94_t726
38668,q94_t727
38669,q38_t727
38669,q38_t728
38670,q38_t728
38670,q38_t729
38671,q38_t729
38671,q38_t730
38671,q95_t729
38671,q95_t730
38672,q38_t730
38672,q38_t731
38673,q38_t731
38673,q38_t732
38674,q38_t732
38674,q38_t733
38674,q96_t732
38674,q96_t733
38675,q38_t733
38675,q38_t734
38676,q38_t734
38676,q38_t735
38677,q38_t735
38677,q38_t736
38677,q97_t735
38677,q97_t736
38678,q38_t736
38678,q38_t737
38679,q38_t737
38679,q38_t738
38680,q38_t738
38680,q38_t739
38680,q98_t738
38680,q98_t739
38681,q38_t739
38681,q38_t740
38682,q38_t740
38682,q38_t741
38683,q38_t741
38683,q38_t742
38683,q99_t741
38683,q99_t742
38684,q38_t742
38684,q38_t743
38685,q38_t743
38685,q38_t744
38686,q38_t745
38686,q38_t746
38687,q38_t746
38687,q38_t747
38688,q38_t748
38688,q38_t749
38689,q38_t749
38689,q38_t750
38690,q38_t751
38690,q38_t752
38691,q38_t752
38691,q38_t753
38692,q38_t754
38692,q38_t755
38693,q38_t755
38693,q38_t756
38694,q38_t757
38694,q38_t758
38695,q38_t758
38695,q38_t759
38696,q38_t760
38696,q38_t761
38697,q38_t761
38697,q38_t762
38698,q38_t763
38698,q38_t764
38699,q38_t764
38699,q38_t765
38700,q38_t766
38700,q38_t767
38701,q38_t767
38701,q38_t768
38702,q38_t769
38702,q38_t770
38703,q38_t770
38703,q38_t771
38704,q38_t772
38704,q38_t773
38705,q38_t773
38705,q38_t774
38706,q38_t774
38706,q38_t775
38707,q38_t776
38707,q38_t777
38708,q38_t777
38708,q38_t778
38709,q38_t779
38709,q38_t780
38710,q38_t780
38710,q38_t781
38711,q38_t782
38711,q38_t783
38712,q38_t783
38712,q38_t784
38713,q38_t784
38713,q38_t785
38713,q3_t784
38713,q3_t785
38714,q38_t785
38714,q38_t786
38715,q38_t786
38715,q38_t787
38716,q38_t787
38716,q38_t788
38716,q4_t787
38716,q4_t788
38717,q38_t788
38717,q38_t789
38718,q38_t789
38718,q38_t790
38719,q38_t790
38719,q38_t791
38719,q5_t790
38719,q5_t791
38720,q38_t791
38720,q38_t792
38721,q38_t792
38721,q38_t793
38722,q38_t793
38722,q38_t794
38722,q6_t793
38722,q6_t794
38723,q38_t794
38723,q38_t795
38724,q38_t795
38724,q38_t796
38725,q38_t796
38725,q38_t797
38725,q7_t796
38725,q7_t797
38726,q38_t797
38726,q38_t798
38727,q38_t798
38727,q38_t799
38728,q38_t799
38728,q38_t800
38728,q8_t799
38728,q8_t800
38729,q38_t800
38729,q38_t801
38730,q38_t801
38730,q38_t802
38731,q38_t802
38731,q38_t803
38731,q9_t802
38731,q9_t803
38732,q38_t803
38732,q38_t804
38733,q38_t804
38733,q38_t805
38734,q38_t806
38734,q38_t807
38735,q38_t807
38735,q38_t808
38736,q38_t809
38736,q38_t810
38737,q38_t810
38737,q38_t811
38738,q38_t812
38738,q38_t813
38739,q38_t813
38739,q38_t814
38740,q38_t815
38740,q38_t816
38741,q38_t816
38741,q38_t817
38742,q38_t818
38742,q38_t819
38743,q38_t819
38743,q38_t820
38744,q38_t821
38744,q38_t822
38745,q38_t822
38745,q38_t823
38746,q38_t824
38746,q38_t825
38747,q38_t825
38747,q38_t826
38748,q38_t827
38748,q38_t828
38749,q38_t828
38749,q38_t829
38750,q38_t830
38750,q38_t831
38751,q38_t831
38751,q38_t832
38752,q38_t833
38752,q38_t834
38753,q38_t834
38753,q38_t835
38754,q38_t836
38754,q38_t837
38755,q38_t837
38755,q38_t838
38756,q38_t839
38756,q38_t840
38757,q38_t840
38757,q38_t841
38758,q38_t842
38758,q38_t843
38759,q38_t843
38759,q38_t844
38760,q38_t845
38760,q38_t846
38761,q38_t846
38761,q38_t847
38762,q38_t848
38762,q38_t849
38763,q38_t849
38763,q38_t850
38764,q38_t851
38764,q38_t852
38765,q38_t852
38765,q38_t853
38766,q38_t854
38766,q38_t855
38767,q38_t855
38767,q38_t856
38768,q38_t857
38768,q38_t858
38769,q38_t858
38769,q38_t859
38770,q38_t860
38770,q38_t861
38771,q38_t861
38771,q38_t862
38772,q38_t863
38772,q38_t864
38773,q38_t864
38773,q38_t865
38774,q38_t866
38774,q38_t867
38775,q38_t867
38775,q38_t868
38776,q38_t869
38776,q38_t870
38777,q38_t870
38777,q38_t871
38778,q38_t872
38778,q38_t873
38779,q38_t873
38779,q38_t874
38780,q38_t875
38780,q38_t876
38781,q38_t876
38781,q38_t877
38782,q38_t878
38782,q38_t879
38783,q38_t879
38783,q38_t880
38784,q38_t881
38784,q38_t882
38785,q38_t882
38785,q38_t883
38786,q38_t884
38786,q38_t885
38787,q38_t885
38787,q38_t886
38788,q38_t887
38788,q38_t888
38789,q38_t888
38789,q38_t892
38790,q38_t892
38790,q38_t893
38790,q39_t892
38790,q39_t893
38791,q38_t893
38791,q38_t894
38792,q38_t894
38792,q38_t895
38793,q38_t895
38793,q38_t896
38793,q40_t895
38793,q40_t896
38794,q38_t896
38794,q38_t897
38795,q38_t897
38795,q38_t898
38796,q38_t898
38796,q38_t899
38796,q41_t898
38796,q41_t899
38797,q38_t899
38797,q38_t900
38798,q38_t900
38798,q38_t901
38799,q38_t901
38799,q38_t902
38799,q42_t901
38799,q42_t902
38800,q38_t902
38800,q38_t903
38801,q38_t903
38801,q38_t904
38802,q38_t904
38802,q38_t905
38802,q43_t904
38802,q43_t905
38803,q38_t905
38803,q38_t906
38804,q38_t906
38804,q38_t907
38805,q38_t907
38805,q38_t908
38805,q44_t907
38805,q44_t908
38806,q38_t908
38806,q38_t909
38807,q38_t909
38807,q38_t910
38808,q38_t910
38808,q38_t911
38808,q45_t910
38808,q45_t911
38809,q38_t911
38809,q38_t912
38810,q38_t912
38810,q38_t913
38811,q38_t913
38811,q38_t914
38811,q46_t913
38811,q46_t914
38812,q38_t914
38812,q38_t915
38813,q38_t915
38813,q38_t916
38814,q38_t916
38814,q38_t917
38814,q47_t916
38814,q47_t917
38815,q38_t917
38815,q38_t918
38816,q38_t918
38816,q38_t919
38817,q38_t919
38817,q38_t920
38817,q48_t919
38817,q48_t920
38818,q38_t920
38818,q38_t921
38819,q38_t921
38819,q38_t922
38820,q38_t922
38820,q38_t923
38820,q49_t922
38820,q49_t923
38821,q38_t923
38821,q38_t924
38822,q38_t924
38822,q38_t925
38823,q38_t925
38823,q38_t926
38823,q50_t925
38823,q50_t926
38824,q38_t926
38824,q38_t927
38825,q38_t927
38825,q38_t928
38826,q38_t928
38826,q38_t929
38826,q51_t928
38826,q51_t929
38827,q38_t929
38827,q38_t930
38828,q38_t930
38828,q38_t931
38829,q38_t931
38829,q38_t932
38829,q52_t931
38829,q52_t932
38830,q38_t932
38830,q38_t933
38831,q38_t933
38831,q38_t934
38832,q38_t934
38832,q38_t935
38832,q53_t934
38832,q53_t935
38833,q38_t935
38833,q38_t936
38834,q38_t936
38834,q38_t937
38835,q38_t937
38835,q38_t938
38835,q54_t937
38835,q54_t938
38836,q38_t938
38836,q38_t939
38837,q38_t939
38837,q38_t940
38838,q38_t940
38838,q38_t941
38838,q55_t940
38838,q55_t941
38839,q38_t941
38839,q38_t942
38840,q38_t942
38840,q38_t943
38841,q38_t943
38841,q38_t944
38841,q56_t943
38841,q56_t944
38842,q38_t944
38842,q38_t945
38843,q38_t945
38843,q38_t946
38844,q38_t946
38844,q38_t947
38844,q57_t946
38844,q57_t947
38845,q38_t947
38845,q38_t948
38846,q38_t948
38846,q38_t949
38847,q38_t949
38847,q38_t950
38847,q58_t949
38847,q58_t950
38848,q38_t950
38848,q38_t951
38849,q38_t951
38849,q38_t952
38850,q38_t952
38850,q38_t953
38850,q59_t952
38850,q59_t953
38851,q38_t953
38851,q38_t954
38852,q38_t954
38852,q38_t955
38853,q38_t955
38853,q38_t956
38853,q60_t955
38853,q60_t956
38854,q38_t956
38854,q38_t957
38855,q38_t957
38855,q38_t958
38856,q38_t958
38856,q38_t959
38856,q61_t958
38856,q61_t959
38857,q38_t959
38857,q38_t960
38858,q38_t960
38858,q38_t961
38859,q38_t961
38859,q38_t962
38859,q62_t961
38859,q62_t962
38860,q38_t962
38860,q38_t963
38861,q38_t963
38861,q38_t964
38862,q38_t964
38862,q38_t965
38862,q63_t964
38862,q63_t965
38863,q38_t965
38863,q38_t966
38864,q38_t966
38864,q38_t967
38865,q38_t967
38865,q38_t968
38865,q64_t967
38865,q64_t968
38866,q38_t968
38866,q38_t969
38867,q38_t969
38867,q38_t970
38868,q38_t970
38868,q38_t971
38868,q65_t970
38868,q65_t971
38869,q38_t971
38869,q38_t972
38870,q38_t972
38870,q38_t973
38871,q38_t973
38871,q38_t974
38871,q66_t973
38871,q66_t974
38872,q38_t974
38872,q38_t975
38873,q38_t975
38873,q38_t976
38874,q38_t976
38874,q38_t977
38874,q67_t976
38874,q67_t977
38875,q38_t977
38875,q38_t978
38876,q38_t978
38876,q38_t979
38877,q38_t979
38877,q38_t980
38877,q68_t979
38877,q68_t980
38878,q38_t980
38878,q38_t981
38879,q38_t981
38879,q38_t982
38880,q38_t982
38880,q38_t983
38880,q69_t982
38880,q69_t983
38881,q38_t983
38881,q38_t984
38882,q38_t984
38882,q38_t985
38883,q38_t985
38883,q38_t986
38883,q70_t985
38883,q70_t986
38884,q38_t986
38884,q38_t987
38885,q38_t987
38885,q38_t988
38886,q38_t988
38886,q38_t989
38886,q71_t988
38886,q71_t989
38887,q38_t989
38887,q38_t990
38888,q38_t990
38888,q38_t991
38889,q38_t991
38889,q38_t992
38889,q72_t991
38889,q72_t992
38890,q38_t992
38890,q38_t993
38891,q38_t993
38891,q38_t994
38892,q38_t994
38892,q38_t995
38892,q73_t994
38892,q73_t995
38893,q38_t995
38893,q38_t996
38894,q38_t996
38894,q38_t997
38895,q38_t997
38895,q38_t998
38895,q74_t997
38895,q74_t998
38896,q38_t998
38896,q38_t999
38897,q39_t0
38897,q39_t1
38898,q39_t1
38898,q39_t116
38899,q39_t1000
38899,q39_t1001
38899,q74_t1000
38899,q74_t1001
38900,q39_t1000
38900,q39_t999
38901,q39_t1001
38901,q39_t1002
38902,q39_t1002
38902,q39_t1003
38903,q39_t1003
38903,q39_t1004
38903,q75_t1003
38903,q75_t1004
38904,q39_t1004
38904,q39_t1005
38905,q39_t1005
38905,q39_t1006
38906,q39_t1006
38906,q39_t1007
38906,q76_t1006
38906,q76_t1007
38907,q39_t1007
38907,q39_t1008
38908,q39_t1008
38908,q39_t1009
38909,q39_t1009
38909,q39_t1010
38909,q77_t1009
38909,q77_t1010
38910,q39_t1010
38910,q39_t1011
38911,q39_t1011
38911,q39_t1012
38912,q39_t1012
38912,q39_t1013
38912,q78_t1012
38912,q78_t1013
38913,q39_t1013
38913,q39_t1014
38914,q39_t1014
38914,q39_t1015
38915,q39_t1015
38915,q39_t1016
38915,q79_t1015
38915,q79_t1016
38916,q39_t1016
38916,q39_t1017
38917,q39_t1017
38917,q39_t1018
38918,q39_t1018
38918,q39_t1019
38918,q80_t1018
38918,q80_t1019
38919,q39_t1019
38919,q39_t1020
38920,q39_t1020
38920,q39_t1021
38921,q39_t1021
38921,q39_t1022
38921,q81_t1021
38921,q81_t1022
38922,q39_t1022
38922,q39_t1023
38923,q39_t1023
38923,q39_t1024
38924,q39_t1024
38924,q39_t1025
38924,q82_t1024
38924,q82_t1025
38925,q39_t1025
38925,q39_t1026
38926,q39_t1026
38926,q39_t1027
38927,q39_t1027
38927,q39_t1028
38927,q83_t1027
38927,q83_t1028
38928,q39_t1028
38928,q39_t1029
38929,q39_t1029
38929,q39_t1030
38930,q39_t1030
38930,q39_t1031
38930,q84_t1030
38930,q84_t1031
38931,q39_t1031
38931,q39_t1032
38932,q39_t1032
38932,q39_t1033
38933,q39_t1033
38933,q39_t1034
38933,q85_t1033
38933,q85_t1034
38934,q39_t1034
38934,q39_t1035
38935,q39_t1035
38935,q39_t1036
38936,q39_t1036
38936,q39_t1037
38936,q86_t1036
38936,q86_t1037
38937,q39_t1037
38937,q39_t1038
38938,q39_t1038
38938,q39_t1039
38939,q39_t1039
38939,q39_t1040
38939,q87_t1039
38939,q87_t1040
38940,q39_t1040
38940,q39_t1041
38941,q39_t1041
38941,q39_t1042
38942,q39_t1042
38942,q39_t1043
38942,q88_t1042
38942,q88_t1043
38943,q39_t1043
38943,q39_t1044
38944,q39_t1044
38944,q39_t1045
38945,q39_t1045
38945,q39_t1046
38945,q89_t1045
38945,q89_t1046
38946,q39_t1046
38946,q39_t1047
38947,q39_t1047
38947,q39_t1048
38948,q39_t1048
38948,q39_t1049
38948,q90_t1048
38948,q90_t1049
38949,q39_t1049
38949,q39_t1050
38950,q39_t1050
38950,q39_t1051
38951,q39_t1051
38951,q39_t1052
38951,q91_t1051
38951,q91_t1052
38952,q39_t1052
38952,q39_t1053
38953,q39_t1053
38953,q39_t1054
38954,q39_t1054
38954,q39_t1055
38954,q92_t1054
38954,q92_t1055
38955,q39_t1055
38955,q39_t1056
38956,q39_t1056
38956,q39_t1057
38957,q39_t1057
38957,q39_t1058
38957,q93_t1057
38957,q93_t1058
38958,q39_t1058
38958,q39_t1059
38959,q39_t1059
38959,q39_t1060
38960,q39_t1060
38960,q39_t1061
38960,q94_t1060
38960,q94_t1061
38961,q39_t1061
38961,q39_t1062
38962,q39_t1062
38962,q39_t1063
38963,q39_t1063
38963,q39_t1064
38963,q95_t1063
38963,q95_t1064
38964,q39_t1064
38964,q39_t1065
38965,q39_t1065
38965,q39_t1066
38966,q39_t1066
38966,q39_t1067
38966,q96_t1066
38966,q96_t1067
38967,q39_t1067
38967,q39_t1068
38968,q39_t1068
38968,q39_t1069
38969,q39_t1069
38969,q39_t1070
38969,q97_t1069
38969,q97_t1070
38970,q39_t1070
38970,q39_t1071
38971,q39_t1071
38971,q39_t1072
38972,q39_t1072
38972,q39_t1073
38972,q98_t1072
38972,q98_t1073
38973,q39_t1073
38973,q39_t1074
38974,q39_t1074
38974,q39_t1075
38975,q39_t1075
38975,q39_t1076
38975,q99_t1075
38975,q99_t1076
38976,q39_t1076
38976,q39_t1077
38977,q39_t1077
38977,q39_t1078
38978,q39_t1079
38978,q39_t1080
38979,q39_t1080
38979,q39_t1081
38980,q39_t1082
38980,q39_t1083
38981,q39_t1083
38981,q39_t1084
38982,q39_t1085
38982,q39_t1086
38983,q39_t1086
38983,q39_t1087
38984,q39_t1088
38984,q39_t1089
38985,q39_t1089
38985,q39_t1090
38986,q39_t1091
38986,q39_t1092
38987,q39_t1092
38987,q39_t1093
38988,q39_t1094
38988,q39_t1095
38989,q39_t1095
38989,q39_t1096
38990,q39_t1097
38990,q39_t1098
38991,q39_t1098
38991,q39_t1099
38992,q39_t1100
38992,q39_t1101
38993,q39_t1101
38993,q39_t1102
38994,q39_t1103
38994,q39_t1104
38995,q39_t1104
38995,q39_t1105
38996,q39_t1106
38996,q39_t1107
38997,q39_t1107
38997,q39_t1108
38998,q39_t117
38998,q39_t118
38999,q39_t118
38999,q39_t119
39000,q39_t120
39000,q39_t121
39001,q39_t121
39001,q39_t122
39002,q39_t123
39002,q39_t124
39003,q39_t124
39003,q39_t125
39004,q39_t125
39004,q39_t126
39004,q3_t125
39004,q3_t126
39005,q39_t126
39005,q39_t127
39006,q39_t127
39006,q39_t128
39007,q39_t128
39007,q39_t129
39007,q4_t128
39007,q4_t129
39008,q39_t129
39008,q39_t130
39009,q39_t130
39009,q39_t131
39010,q39_t131
39010,q39_t132
39010,q5_t131
39010,q5_t132
39011,q39_t132
39011,q39_t133
39012,q39_t133
39012,q39_t134
39013,q39_t134
39013,q39_t135
39013,q6_t134
39013,q6_t135
39014,q39_t135
39014,q39_t136
39015,q39_t136
39015,q39_t137
39016,q39_t137
39016,q39_t138
39016,q7_t137
39016,q7_t138
39017,q39_t138
39017,q39_t139
39018,q39_t139
39018,q39_t140
39019,q39_t140
39019,q39_t141
39019,q8_t140
39019,q8_t141
39020,q39_t141
39020,q39_t142
39021,q39_t142
39021,q39_t143
39022,q39_t143
39022,q39_t144
39022,q9_t143
39022,q9_t144
39023,q39_t144
39023,q39_t145
39024,q39_t145
39024,q39_t146
39025,q39_t147
39025,q39_t148
39026,q39_t148
39026,q39_t149
39027,q39_t150
39027,q39_t151
39028,q39_t151
39028,q39_t152
39029,q39_t153
39029,q39_t154
39030,q39_t154
39030,q39_t155
39031,q39_t156
39031,q39_t157
39032,q39_t157
39032,q39_t158
39033,q39_t159
39033,q39_t160
39034,q39_t160
39034,q39_t161
39035,q39_t162
39035,q39_t163
39036,q39_t163
39036,q39_t164
39037,q39_t165
39037,q39_t166
39038,q39_t166
39038,q39_t167
39039,q39_t168
39039,q39_t169
39040,q39_t169
39040,q39_t170
39041,q39_t171
39041,q39_t172
39042,q39_t172
39042,q39_t173
39043,q39_t174
39043,q39_t175
39044,q39_t175
39044,q39_t176
39045,q39_t177
39045,q39_t178
39046,q39_t178
39046,q39_t179
39047,q39_t180
39047,q39_t181
39048,q39_t181
39048,q39_t182
39049,q39_t183
39049,q39_t184
39050,q39_t184
39050,q39_t185
39051,q39_t186
39051,q39_t187
39052,q39_t187
39052,q39_t188
39053,q39_t189
39053,q39_t190
39054,q39_t190
39054,q39_t191
39055,q39_t192
39055,q39_t193
39056,q39_t193
39056,q39_t194
39057,q39_t195
39057,q39_t196
39058,q39_t196
39058,q39_t197
39059,q39_t198
39059,q39_t199
39060,q39_t199
39060,q39_t200
39061,q39_t201
39061,q39_t202
39062,q39_t202
39062,q39_t203
39063,q39_t204
39063,q39_t205
39064,q39_t205
39064,q39_t206
39065,q39_t207
39065,q39_t208
39066,q39_t208
39066,q39_t209
39067,q39_t210
39067,q39_t211
39068,q39_t211
39068,q39_t212
39069,q39_t213
39069,q39_t214
39070,q39_t214
39070,q39_t215
39071,q39_t216
39071,q39_t217
39072,q39_t217
39072,q39_t218
39073,q39_t219
39073,q39_t220
39074,q39_t220
39074,q39_t221
39075,q39_t222
39075,q39_t223
39076,q39_t223
39076,q39_t224
39077,q39_t225
39077,q39_t226
39078,q39_t226
39078,q39_t227
39079,q39_t228
39079,q39_t229
39080,q39_t229
39080,q39_t230
39081,q39_t231
39081,q39_t232
39082,q39_t232
39082,q39_t236
39083,q39_t236
39083,q39_t237
39083,q40_t236
39083,q40_t237
39084,q39_t237
39084,q39_t238
39085,q39_t238
39085,q39_t239
39086,q39_t239
39086,q39_t240
39086,q41_t239
39086,q41_t240
39087,q39_t240
39087,q39_t241
39088,q39_t241
39088,q39_t242
39089,q39_t242
39089,q39_t243
39089,q42_t242
39089,q42_t243
39090,q39_t243
39090,q39_t244
39091,q39_t244
39091,q39_t245
39092,q39_t245
39092,q39_t246
39092,q43_t245
39092,q43_t246
39093,q39_t246
39093,q39_t247
39094,q39_t247
39094,q39_t248
39095,q39_t248
39095,q39_t249
39095,q44_t248
39095,q44_t249
39096,q39_t249
39096,q39_t250
39097,q39_t250
39097,q39_t251
39098,q39_t251
39098,q39_t252
39098,q45_t251
39098,q45_t252
39099,q39_t252
39099,q39_t253
39100,q39_t253
39100,q39_t254
39101,q39_t254
39101,q39_t255
39101,q46_t254
39101,q46_t255
39102,q39_t255
39102,q39_t256
39103,q39_t256
39103,q39_t257
39104,q39_t257
39104,q39_t258
39104,q47_t257
39104,q47_t258
39105,q39_t258
39105,q39_t259
39106,q39_t259
39106,q39_t260
39107,q39_t260
39107,q39_t261
39107,q48_t260
39107,q48_t261
39108,q39_t261
39108,q39_t262
39109,q39_t262
39109,q39_t263
39110,q39_t263
39110,q39_t264
39110,q49_t263
39110,q49_t264
39111,q39_t264
39111,q39_t265
39112,q39_t265
39112,q39_t266
39113,q39_t266
39113,q39_t267
39113,q50_t266
39113,q50_t267
39114,q39_t267
39114,q39_t268
39115,q39_t268
39115,q39_t269
39116,q39_t269
39116,q39_t270
39116,q51_t269
39116,q51_t270
39117,q39_t270
39117,q39_t271
39118,q39_t271
39118,q39_t272
39119,q39_t272
39119,q39_t273
39119,q52_t272
39119,q52_t273
39120,q39_t273
39120,q39_t274
39121,q39_t274
39121,q39_t275
39122,q39_t275
39122,q39_t276
39122,q53_t275
39122,q53_t276
39123,q39_t276
39123,q39_t277
39124,q39_t277
39124,q39_t278
39125,q39_t278
39125,q39_t279
39125,q54_t278
39125,q54_t279
39126,q39_t279
39126,q39_t280
39127,q39_t280
39127,q39_t281
39128,q39_t281
39128,q39_t282
39128,q55_t281
39128,q55_t282
39129,q39_t282
39129,q39_t283
39130,q39_t283
39130,q39_t284
39131,q39_t284
39131,q39_t285
39131,q56_t284
39131,q56_t285
39132,q39_t285
39132,q39_t286
39133,q39_t286
39133,q39_t287
39134,q39_t287
39134,q39_t288
39134,q57_t287
39134,q57_t288
39135,q39_t288
39135,q39_t289
39136,q39_t289
39136,q39_t290
39137,q39_t290
39137,q39_t291
39137,q58_t290
39137,q58_t291
39138,q39_t291
39138,q39_t292
39139,q39_t292
39139,q39_t293
39140,q39_t293
39140,q39_t294
39140,q59_t293
39140,q59_t294
39141,q39_t294
39141,q39_t295
39142,q39_t295
39142,q39_t296
39143,q39_t296
39143,q39_t297
39143,q60_t296
39143,q60_t297
39144,q39_t297
39144,q39_t298
39145,q39_t298
39145,q39_t299
39146,q39_t299
39146,q39_t300
39146,q61_t299
39146,q61_t300
39147,q39_t300
39147,q39_t301
39148,q39_t301
39148,q39_t302
39149,q39_t302
39149,q39_t303
39149,q62_t302
39149,q62_t303
39150,q39_t303
39150,q39_t304
39151,q39_t304
39151,q39_t305
39152,q39_t305
39152,q39_t306
39152,q63_t305
39152,q63_t306
39153,q39_t306
39153,q39_t307
39154,q39_t307
39154,q39_t308
39155,q39_t308
39155,q39_t309
39155,q64_t308
39155,q64_t309
39156,q39_t309
39156,q39_t310
39157,q39_t310
39157,q39_t311
39158,q39_t311
39158,q39_t312
39158,q65_t311
39158,q65_t312
39159,q39_t312
39159,q39_t313
39160,q39_t313
39160,q39_t314
39161,q39_t314
39161,q39_t315
39161,q66_t314
39161,q66_t315
39162,q39_t315
39162,q39_t316
39163,q39_t316
39163,q39_t317
39164,q39_t317
39164,q39_t318
39164,q67_t317
39164,q67_t318
39165,q39_t318
39165,q39_t319
39166,q39_t319
39166,q39_t320
39167,q39_t320
39167,q39_t321
39167,q68_t320
39167,q68_t321
39168,q39_t321
39168,q39_t322
39169,q39_t322
39169,q39_t323
39170,q39_t323
39170,q39_t324
39170,q69_t323
39170,q69_t324
39171,q39_t324
39171,q39_t325
39172,q39_t325
39172,q39_t326
39173,q39_t326
39173,q39_t327
39173,q70_t326
39173,q70_t327
39174,q39_t327
39174,q39_t328
39175,q39_t328
39175,q39_t329
39176,q39_t329
39176,q39_t330
39176,q71_t329
39176,q71_t330
39177,q39_t330
39177,q39_t331
39178,q39_t331
39178,q39_t332
39179,q39_t332
39179,q39_t333
39179,q72_t332
39179,q72_t333
39180,q39_t333
39180,q39_t334
39181,q39_t334
39181,q39_t335
39182,q39_t335
39182,q39_t336
39182,q73_t335
39182,q73_t336
39183,q39_t336
39183,q39_t337
39184,q39_t337
39184,q39_t338
39185,q39_t338
39185,q39_t339
39185,q74_t338
39185,q74_t339
39186,q39_t339
39186,q39_t340
39187,q39_t340
39187,q39_t341
39188,q39_t341
39188,q39_t342
39188,q75_t341
39188,q75_t342
39189,q39_t342
39189,q39_t343
39190,q39_t343
39190,q39_t344
39191,q39_t344
39191,q39_t345
39191,q76_t344
39191,q76_t345
39192,q39_t345
39192,q39_t346
39193,q39_t346
39193,q39_t347
39194,q39_t347
39194,q39_t348
39194,q77_t347
39194,q77_t348
39195,q39_t348
39195,q39_t349
39196,q39_t349
39196,q39_t350
39197,q39_t350
39197,q39_t351
39197,q78_t350
39197,q78_t351
39198,q39_t351
39198,q39_t352
39199,q39_t352
39199,q39_t353
39200,q39_t353
39200,q39_t354
39200,q79_t353
39200,q79_t354
39201,q39_t354
39201,q39_t355
39202,q39_t355
39202,q39_t356
39203,q39_t356
39203,q39_t357
39203,q80_t356
39203,q80_t357
39204,q39_t357
39204,q39_t358
39205,q39_t358
39205,q39_t359
39206,q39_t359
39206,q39_t360
39206,q81_t359
39206,q81_t360
39207,q39_t360
39207,q39_t361
39208,q39_t361
39208,q39_t362
39209,q39_t362
39209,q39_t363
39209,q82_t362
39209,q82_t363
39210,q39_t363
39210,q39_t364
39211,q39_t364
39211,q39_t365
39212,q39_t365
39212,q39_t366
39212,q83_t365
39212,q83_t366
39213,q39_t366
39213,q39_t367
39214,q39_t367
39214,q39_t368
39215,q39_t368
39215,q39_t369
39215,q84_t368
39215,q84_t369
39216,q39_t369
39216,q39_t370
39217,q39_t370
39217,q39_t371
39218,q39_t371
39218,q39_t372
39218,q85_t371
39218,q85_t372
39219,q39_t372
39219,q39_t373
39220,q39_t373
39220,q39_t374
39221,q39_t374
39221,q39_t375
39221,q86_t374
39221,q86_t375
39222,q39_t375
39222,q39_t376
39223,q39_t376
39223,q39_t377
39224,q39_t377
39224,q39_t378
39224,q87_t377
39224,q87_t378
39225,q39_t378
39225,q39_t379
39226,q39_t379
39226,q39_t380
39227,q39_t380
39227,q39_t381
39227,q88_t380
39227,q88_t381
39228,q39_t381
39228,q39_t382
39229,q39_t382
39229,q39_t383
39230,q39_t383
39230,q39_t384
39230,q89_t383
39230,q89_t384
39231,q39_t384
39231,q39_t385
39232,q39_t385
39232,q39_t386
39233,q39_t386
39233,q39_t387
39233,q90_t386
39233,q90_t387
39234,q39_t387
39234,q39_t388
39235,q39_t388
39235,q39_t389
39236,q39_t389
39236,q39_t390
39236,q91_t389
39236,q91_t390
39237,q39_t390
39237,q39_t391
39238,q39_t391
39238,q39_t392
39239,q39_t392
39239,q39_t393
39239,q92_t392
39239,q92_t393
39240,q39_t393
39240,q39_t394
39241,q39_t394
39241,q39_t395
39242,q39_t395
39242,q39_t396
39242,q93_t395
39242,q93_t396
39243,q39_t396
39243,q39_t397
39244,q39_t397
39244,q39_t398
39245,q39_t398
39245,q39_t399
39245,q94_t398
39245,q94_t399
39246,q39_t399
39246,q39_t400
39247,q39_t400
39247,q39_t401
39248,q39_t401
39248,q39_t402
39248,q95_t401
39248,q95_t402
39249,q39_t402
39249,q39_t403
39250,q39_t403
39250,q39_t404
39251,q39_t404
39251,q39_t405
39251,q96_t404
39251,q96_t405
39252,q39_t405
39252,q39_t406
39253,q39_t406
39253,q39_t407
39254,q39_t407
39254,q39_t408
39254,q97_t407
39254,q97_t408
39255,q39_t408
39255,q39_t409
39256,q39_t409
39256,q39_t410
39257,q39_t410
39257,q39_t411
39257,q98_t410
39257,q98_t411
39258,q39_t411
39258,q39_t412
39259,q39_t412
39259,q39_t413
39260,q39_t413
39260,q39_t414
39260,q99_t413
39260,q99_t414
39261,q39_t414
39261,q39_t415
39262,q39_t415
39262,q39_t416
39263,q39_t417
39263,q39_t418
39264,q39_t418
39264,q39_t419
39265,q39_t420
39265,q39_t421
39266,q39_t421
39266,q39_t422
39267,q39_t423
39267,q39_t424
39268,q39_t424
39268,q39_t425
39269,q39_t426
39269,q39_t427
39270,q39_t427
39270,q39_t428
39271,q39_t429
39271,q39_t430
39272,q39_t430
39272,q39_t431
39273,q39_t432
39273,q39_t433
39274,q39_t433
39274,q39_t434
39275,q39_t435
39275,q39_t436
39276,q39_t436
39276,q39_t437
39277,q39_t438
39277,q39_t439
39278,q39_t439
39278,q39_t440
39279,q39_t441
39279,q39_t442
39280,q39_t442
39280,q39_t443
39281,q39_t444
39281,q39_t445
39282,q39_t445
39282,q39_t446
39283,q39_t446
39283,q39_t447
39284,q39_t448
39284,q39_t449
39285,q39_t449
39285,q39_t450
39286,q39_t451
39286,q39_t452
39287,q39_t452
39287,q39_t453
39288,q39_t454
39288,q39_t455
39289,q39_t455
39289,q39_t456
39290,q39_t456
39290,q39_t457
39290,q3_t456
39290,q3_t457
39291,q39_t457
39291,q39_t458
39292,q39_t458
39292,q39_t459
39293,q39_t459
39293,q39_t460
39293,q4_t459
39293,q4_t460
39294,q39_t460
39294,q39_t461
39295,q39_t461
39295,q39_t462
39296,q39_t462
39296,q39_t463
39296,q5_t462
39296,q5_t463
39297,q39_t463
39297,q39_t464
39298,q39_t464
39298,q39_t465
39299,q39_t465
39299,q39_t466
39299,q6_t465
39299,q6_t466
39300,q39_t466
39300,q39_t467
39301,q39_t467
39301,q39_t468
39302,q39_t468
39302,q39_t469
39302,q7_t468
39302,q7_t469
39303,q39_t469
39303,q39_t470
39304,q39_t470
39304,q39_t471
39305,q39_t471
39305,q39_t472
39305,q8_t471
39305,q8_t472
39306,q39_t472
39306,q39_t473
39307,q39_t473
39307,q39_t474
39308,q39_t474
39308,q39_t475
39308,q9_t474
39308,q9_t475
39309,q39_t475
39309,q39_t476
39310,q39_t476
39310,q39_t477
39311,q39_t478
39311,q39_t479
39312,q39_t479
39312,q39_t480
39313,q39_t481
39313,q39_t482
39314,q39_t482
39314,q39_t483
39315,q39_t484
39315,q39_t485
39316,q39_t485
39316,q39_t486
39317,q39_t487
39317,q39_t488
39318,q39_t488
39318,q39_t489
39319,q39_t490
39319,q39_t491
39320,q39_t491
39320,q39_t492
39321,q39_t493
39321,q39_t494
39322,q39_t494
39322,q39_t495
39323,q39_t496
39323,q39_t497
39324,q39_t497
39324,q39_t498
39325,q39_t499
39325,q39_t500
39326,q39_t500
39326,q39_t501
39327,q39_t502
39327,q39_t503
39328,q39_t503
39328,q39_t504
39329,q39_t505
39329,q39_t506
39330,q39_t506
39330,q39_t507
39331,q39_t508
39331,q39_t509
39332,q39_t509
39332,q39_t510
39333,q39_t511
39333,q39_t512
39334,q39_t512
39334,q39_t513
39335,q39_t514
39335,q39_t515
39336,q39_t515
39336,q39_t516
39337,q39_t517
39337,q39_t518
39338,q39_t518
39338,q39_t519
39339,q39_t520
39339,q39_t521
39340,q39_t521
39340,q39_t522
39341,q39_t523
39341,q39_t524
39342,q39_t524
39342,q39_t525
39343,q39_t526
39343,q39_t527
39344,q39_t527
39344,q39_t528
39345,q39_t529
39345,q39_t530
39346,q39_t530
39346,q39_t531
39347,q39_t532
39347,q39_t533
39348,q39_t533
39348,q39_t534
39349,q39_t535
39349,q39_t536
39350,q39_t536
39350,q39_t537
39351,q39_t538
39351,q39_t539
39352,q39_t539
39352,q39_t540
39353,q39_t541
39353,q39_t542
39354,q39_t542
39354,q39_t543
39355,q39_t544
39355,q39_t545
39356,q39_t545
39356,q39_t546
39357,q39_t547
39357,q39_t548
39358,q39_t548
39358,q39_t549
39359,q39_t550
39359,q39_t551
39360,q39_t551
39360,q39_t552
39361,q39_t553
39361,q39_t554
39362,q39_t554
39362,q39_t555
39363,q39_t556
39363,q39_t557
39364,q39_t557
39364,q39_t558
39365,q39_t559
39365,q39_t560
39366,q39_t560
39366,q39_t561
39367,q39_t562
39367,q39_t563
39368,q39_t563
39368,q39_t567
39369,q39_t567
39369,q39_t568
39369,q40_t567
39369,q40_t568
39370,q39_t568
39370,q39_t569
39371,q39_t569
39371,q39_t570
39372,q39_t570
39372,q39_t571
39372,q41_t570
39372,q41_t571
39373,q39_t571
39373,q39_t572
39374,q39_t572
39374,q39_t573
39375,q39_t573
39375,q39_t574
39375,q42_t573
39375,q42_t574
39376,q39_t574
39376,q39_t575
39377,q39_t575
39377,q39_t576
39378,q39_t576
39378,q39_t577
39378,q43_t576
39378,q43_t577
39379,q39_t577
39379,q39_t578
39380,q39_t578
39380,q39_t579
39381,q39_t579
39381,q39_t580
39381,q44_t579
39381,q44_t580
39382,q39_t580
39382,q39_t581
39383,q39_t581
39383,q39_t582
39384,q39_t582
39384,q39_t583
39384,q45_t582
39384,q45_t583
39385,q39_t583
39385,q39_t584
39386,q39_t584
39386,q39_t585
39387,q39_t585
39387,q39_t586
39387,q46_t585
39387,q46_t586
39388,q39_t586
39388,q39_t587
39389,q39_t587
39389,q39_t588
39390,q39_t588
39390,q39_t589
39390,q47_t588
39390,q47_t589
39391,q39_t589
39391,q39_t590
39392,q39_t590
39392,q39_t591
39393,q39_t591
39393,q39_t592
39393,q48_t591
39393,q48_t592
39394,q39_t592
39394,q39_t593
39395,q39_t593
39395,q39_t594
39396,q39_t594
39396,q39_t595
39396,q49_t594
39396,q49_t595
39397,q39_t595
39397,q39_t596
39398,q39_t596
39398,q39_t597
39399,q39_t597
39399,q39_t598
39399,q50_t597
39399,q50_t598
39400,q39_t598
39400,q39_t599
39401,q39_t599
39401,q39_t600
39402,q39_t600
39402,q39_t601
39402,q51_t600
39402,q51_t601
39403,q39_t601
39403,q39_t602
39404,q39_t602
39404,q39_t603
39405,q39_t603
39405,q39_t604
39405,q52_t603
39405,q52_t604
39406,q39_t604
39406,q39_t605
39407,q39_t605
39407,q39_t606
39408,q39_t606
39408,q39_t607
39408,q53_t606
39408,q53_t607
39409,q39_t607
39409,q39_t608
39410,q39_t608
39410,q39_t609
39411,q39_t609
39411,q39_t610
39411,q54_t609
39411,q54_t610
39412,q39_t610
39412,q39_t611
39413,q39_t611
39413,q39_t612
39414,q39_t612
39414,q39_t613
39414,q55_t612
39414,q55_t613
39415,q39_t613
39415,q39_t614
39416,q39_t614
39416,q39_t615
39417,q39_t615
39417,q39_t616
39417,q56_t615
39417,q56_t616
39418,q39_t616
39418,q39_t617
39419,q39_t617
39419,q39_t618
39420,q39_t618
39420,q39_t619
39420,q57_t618
39420,q57_t619
39421,q39_t619
39421,q39_t620
39422,q39_t620
39422,q39_t621
39423,q39_t621
39423,q39_t622
39423,q58_t621
39423,q58_t622
39424,q39_t622
39424,q39_t623
39425,q39_t623
39425,q39_t624
39426,q39_t624
39426,q39_t625
39426,q59_t624
39426,q59_t625
39427,q39_t625
39427,q39_t626
39428,q39_t626
39428,q39_t627
39429,q39_t627
39429,q39_t628
39429,q60_t627
39429,q60_t628
39430,q39_t628
39430,q39_t629
39431,q39_t629
39431,q39_t630
39432,q39_t630
39432,q39_t631
39432,q61_t630
39432,q61_t631
39433,q39_t631
39433,q39_t632
39434,q39_t632
39434,q39_t633
39435,q39_t633
39435,q39_t634
39435,q62_t633
39435,q62_t634
39436,q39_t634
39436,q39_t635
39437,q39_t635
39437,q39_t636
39438,q39_t636
39438,q39_t637
39438,q63_t636
39438,q63_t637
39439,q39_t637
39439,q39_t638
39440,q39_t638
39440,q39_t639
39441,q39_t639
39441,q39_t640
39441,q64_t639
39441,q64_t640
39442,q39_t640
39442,q39_t641
39443,q39_t641
39443,q39_t642
39444,q39_t642
39444,q39_t643
39444,q65_t642
39444,q65_t643
39445,q39_t643
39445,q39_t644
39446,q39_t644
39446,q39_t645
39447,q39_t645
39447,q39_t646
39447,q66_t645
39447,q66_t646
39448,q39_t646
39448,q39_t647
39449,q39_t647
39449,q39_t648
39450,q39_t648
39450,q39_t649
39450,q67_t648
39450,q67_t649
39451,q39_t649
39451,q39_t650
39452,q39_t650
39452,q39_t651
39453,q39_t651
39453,q39_t652
39453,q68_t651
39453,q68_t652
39454,q39_t652
39454,q39_t653
39455,q39_t653
39455,q39_t654
39456,q39_t654
39456,q39_t655
39456,q69_t654
39456,q69_t655
39457,q39_t655
39457,q39_t656
39458,q39_t656
39458,q39_t657
39459,q39_t657
39459,q39_t658
39459,q70_t657
39459,q70_t658
39460,q39_t658
39460,q39_t659
39461,q39_t659
39461,q39_t660
39462,q39_t660
39462,q39_t661
39462,q71_t660
39462,q71_t661
39463,q39_t661
39463,q39_t662
39464,q39_t662
39464,q39_t663
39465,q39_t663
39465,q39_t664
39465,q72_t663
39465,q72_t664
39466,q39_t664
39466,q39_t665
39467,q39_t665
39467,q39_t666
39468,q39_t666
39468,q39_t667
39468,q73_t666
39468,q73_t667
39469,q39_t667
39469,q39_t668
39470,q39_t668
39470,q39_t669
39471,q39_t669
39471,q39_t670
39471,q74_t669
39471,q74_t670
39472,q39_t670
39472,q39_t671
39473,q39_t671
39473,q39_t672
39474,q39_t672
39474,q39_t673
39474,q75_t672
39474,q75_t673
39475,q39_t673
39475,q39_t674
39476,q39_t674
39476,q39_t675
39477,q39_t675
39477,q39_t676
39477,q76_t675
39477,q76_t676
39478,q39_t676
39478,q39_t677
39479,q39_t677
39479,q39_t678
39480,q39_t678
39480,q39_t679
39480,q77_t678
39480,q77_t679
39481,q39_t679
39481,q39_t680
39482,q39_t680
39482,q39_t681
39483,q39_t681
39483,q39_t682
39483,q78_t681
39483,q78_t682
39484,q39_t682
39484,q39_t683
39485,q39_t683
39485,q39_t684
39486,q39_t684
39486,q39_t685
39486,q79_t684
39486,q79_t685
39487,q39_t685
39487,q39_t686
39488,q39_t686
39488,q39_t687
39489,q39_t687
39489,q39_t688
39489,q80_t687
39489,q80_t688
39490,q39_t688
39490,q39_t689
39491,q39_t689
39491,q39_t690
39492,q39_t690
39492,q39_t691
39492,q81_t690
39492,q81_t691
39493,q39_t691
39493,q39_t692
39494,q39_t692
39494,q39_t693
39495,q39_t693
39495,q39_t694
39495,q82_t693
39495,q82_t694
39496,q39_t694
39496,q39_t695
39497,q39_t695
39497,q39_t696
39498,q39_t696
39498,q39_t697
39498,q83_t696
39498,q83_t697
39499,q39_t697
39499,q39_t698
39500,q39_t698
39500,q39_t699
39501,q39_t699
39501,q39_t700
39501,q84_t699
39501,q84_t700
39502,q39_t700
39502,q39_t701
39503,q39_t701
39503,q39_t702
39504,q39_t702
39504,q39_t703
39504,q85_t702
39504,q85_t703
39505,q39_t703
39505,q39_t704
39506,q39_t704
39506,q39_t705
39507,q39_t705
39507,q39_t706
39507,q86_t705
39507,q86_t706
39508,q39_t706
39508,q39_t707
39509,q39_t707
39509,q39_t708
39510,q39_t708
39510,q39_t709
39510,q87_t708
39510,q87_t709
39511,q39_t709
39511,q39_t710
39512,q39_t710
39512,q39_t711
39513,q39_t711
39513,q39_t712
39513,q88_t711
39513,q88_t712
39514,q39_t712
39514,q39_t713
39515,q39_t713
39515,q39_t714
39516,q39_t714
39516,q39_t715
39516,q89_t714
39516,q89_t715
39517,q39_t715
39517,q39_t716
39518,q39_t716
39518,q39_t717
39519,q39_t717
39519,q39_t718
39519,q90_t717
39519,q90_t718
39520,q39_t718
39520,q39_t719
39521,q39_t719
39521,q39_t720
39522,q39_t720
39522,q39_t721
39522,q91_t720
39522,q91_t721
39523,q39_t721
39523,q39_t722
39524,q39_t722
39524,q39_t723
39525,q39_t723
39525,q39_t724
39525,q92_t723
39525,q92_t724
39526,q39_t724
39526,q39_t725
39527,q39_t725
39527,q39_t726
39528,q39_t726
39528,q39_t727
39528,q93_t726
39528,q93_t727
39529,q39_t727
39529,q39_t728
39530,q39_t728
39530,q39_t729
39531,q39_t729
39531,q39_t730
39531,q94_t729
39531,q94_t730
39532,q39_t730
39532,q39_t731
39533,q39_t731
39533,q39_t732
39534,q39_t732
39534,q39_t733
39534,q95_t732
39534,q95_t733
39535,q39_t733
39535,q39_t734
39536,q39_t734
39536,q39_t735
39537,q39_t735
39537,q39_t736
39537,q96_t735
39537,q96_t736
39538,q39_t736
39538,q39_t737
39539,q39_t737
39539,q39_t738
39540,q39_t738
39540,q39_t739
39540,q97_t738
39540,q97_t739
39541,q39_t739
39541,q39_t740
39542,q39_t740
39542,q39_t741
39543,q39_t741
39543,q39_t742
39543,q98_t741
39543,q98_t742
39544,q39_t742
39544,q39_t743
39545,q39_t743
39545,q39_t744
39546,q39_t744
39546,q39_t745
39546,q99_t744
39546,q99_t745
39547,q39_t745
39547,q39_t746
39548,q39_t746
39548,q39_t747
39549,q39_t748
39549,q39_t749
39550,q39_t749
39550,q39_t750
39551,q39_t751
39551,q39_t752
39552,q39_t752
39552,q39_t753
39553,q39_t754
39553,q39_t755
39554,q39_t755
39554,q39_t756
39555,q39_t757
39555,q39_t758
39556,q39_t758
39556,q39_t759
39557,q39_t760
39557,q39_t761
39558,q39_t761
39558,q39_t762
39559,q39_t763
39559,q39_t764
39560,q39_t764
39560,q39_t765
39561,q39_t766
39561,q39_t767
39562,q39_t767
39562,q39_t768
39563,q39_t769
39563,q39_t770
39564,q39_t770
39564,q39_t771
39565,q39_t772
39565,q39_t773
39566,q39_t773
39566,q39_t774
39567,q39_t775
39567,q39_t776
39568,q39_t776
39568,q39_t777
39569,q39_t777
39569,q39_t778
39570,q39_t779
39570,q39_t780
39571,q39_t780
39571,q39_t781
39572,q39_t782
39572,q39_t783
39573,q39_t783
39573,q39_t784
39574,q39_t785
39574,q39_t786
39575,q39_t786
39575,q39_t787
39576,q39_t787
39576,q39_t788
39576,q3_t787
39576,q3_t788
39577,q39_t788
39577,q39_t789
39578,q39_t789
39578,q39_t790
39579,q39_t790
39579,q39_t791
39579,q4_t790
39579,q4_t791
39580,q39_t791
39580,q39_t792
39581,q39_t792
39581,q39_t793
39582,q39_t793
39582,q39_t794
39582,q5_t793
39582,q5_t794
39583,q39_t794
39583,q39_t795
39584,q39_t795
39584,q39_t796
39585,q39_t796
39585,q39_t797
39585,q6_t796
39585,q6_t797
39586,q39_t797
39586,q39_t798
39587,q39_t798
39587,q39_t799
39588,q39_t799
39588,q39_t800
39588,q7_t799
39588,q7_t800
39589,q39_t800
39589,q39_t801
39590,q39_t801
39590,q39_t802
39591,q39_t802
39591,q39_t803
39591,q8_t802
39591,q8_t803
39592,q39_t803
39592,q39_t804
39593,q39_t804
39593,q39_t805
39594,q39_t805
39594,q39_t806
39594,q9_t805
39594,q9_t806
39595,q39_t806
39595,q39_t807
39596,q39_t807
39596,q39_t808
39597,q39_t809
39597,q39_t810
39598,q39_t810
39598,q39_t811
39599,q39_t812
39599,q39_t813
39600,q39_t813
39600,q39_t814
39601,q39_t815
39601,q39_t816
39602,q39_t816
39602,q39_t817
39603,q39_t818
39603,q39_t819
39604,q39_t819
39604,q39_t820
39605,q39_t821
39605,q39_t822
39606,q39_t822
39606,q39_t823
39607,q39_t824
39607,q39_t825
39608,q39_t825
39608,q39_t826
39609,q39_t827
39609,q39_t828
39610,q39_t828
39610,q39_t829
39611,q39_t830
39611,q39_t831
39612,q39_t831
39612,q39_t832
39613,q39_t833
39613,q39_t834
39614,q39_t834
39614,q39_t835
39615,q39_t836
39615,q39_t837
39616,q39_t837
39616,q39_t838
39617,q39_t839
39617,q39_t840
39618,q39_t840
39618,q39_t841
39619,q39_t842
39619,q39_t843
39620,q39_t843
39620,q39_t844
39621,q39_t845
39621,q39_t846
39622,q39_t846
39622,q39_t847
39623,q39_t848
39623,q39_t849
39624,q39_t849
39624,q39_t850
39625,q39_t851
39625,q39_t852
39626,q39_t852
39626,q39_t853
39627,q39_t854
39627,q39_t855
39628,q39_t855
39628,q39_t856
39629,q39_t857
39629,q39_t858
39630,q39_t858
39630,q39_t859
39631,q39_t860
39631,q39_t861
39632,q39_t861
39632,q39_t862
39633,q39_t863
39633,q39_t864
39634,q39_t864
39634,q39_t865
39635,q39_t866
39635,q39_t867
39636,q39_t867
39636,q39_t868
39637,q39_t869
39637,q39_t870
39638,q39_t870
39638,q39_t871
39639,q39_t872
39639,q39_t873
39640,q39_t873
39640,q39_t874
39641,q39_t875
39641,q39_t876
39642,q39_t876
39642,q39_t877
39643,q39_t878
39643,q39_t879
39644,q39_t879
39644,q39_t880
39645,q39_t881
39645,q39_t882
39646,q39_t882
39646,q39_t883
39647,q39_t884
39647,q39_t885
39648,q39_t885
39648,q39_t886
39649,q39_t887
39649,q39_t888
39650,q39_t888
39650,q39_t889
39651,q39_t890
39651,q39_t891
39652,q39_t891
39652,q39_t892
39653,q39_t893
39653,q39_t894
39654,q39_t894
39654,q39_t898
39655,q39_t898
39655,q39_t899
39655,q40_t898
39655,q40_t899
39656,q39_t899
39656,q39_t900
39657,q39_t900
39657,q39_t901
39658,q39_t901
39658,q39_t902
39658,q41_t901
39658,q41_t902
39659,q39_t902
39659,q39_t903
39660,q39_t903
39660,q39_t904
39661,q39_t904
39661,q39_t905
39661,q42_t904
39661,q42_t905
39662,q39_t905
39662,q39_t906
39663,q39_t906
39663,q39_t907
39664,q39_t907
39664,q39_t908
39664,q43_t907
39664,q43_t908
39665,q39_t908
39665,q39_t909
39666,q39_t909
39666,q39_t910
39667,q39_t910
39667,q39_t911
39667,q44_t910
39667,q44_t911
39668,q39_t911
39668,q39_t912
39669,q39_t912
39669,q39_t913
39670,q39_t913
39670,q39_t914
39670,q45_t913
39670,q45_t914
39671,q39_t914
39671,q39_t915
39672,q39_t915
39672,q39_t916
39673,q39_t916
39673,q39_t917
39673,q46_t916
39673,q46_t917
39674,q39_t917
39674,q39_t918
39675,q39_t918
39675,q39_t919
39676,q39_t919
39676,q39_t920
39676,q47_t919
39676,q47_t920
39677,q39_t920
39677,q39_t921
39678,q39_t921
39678,q39_t922
39679,q39_t922
39679,q39_t923
39679,q48_t922
39679,q48_t923
39680,q39_t923
39680,q39_t924
39681,q39_t924
39681,q39_t925
39682,q39_t925
39682,q39_t926
39682,q49_t925
39682,q49_t926
39683,q39_t926
39683,q39_t927
39684,q39_t927
39684,q39_t928
39685,q39_t928
39685,q39_t929
39685,q50_t928
39685,q50_t929
39686,q39_t929
39686,q39_t930
39687,q39_t930
39687,q39_t931
39688,q39_t931
39688,q39_t932
39688,q51_t931
39688,q51_t932
39689,q39_t932
39689,q39_t933
39690,q39_t933
39690,q39_t934
39691,q39_t934
39691,q39_t935
39691,q52_t934
39691,q52_t935
39692,q39_t935
39692,q39_t936
39693,q39_t936
39693,q39_t937
39694,q39_t937
39694,q39_t938
39694,q53_t937
39694,q53_t938
39695,q39_t938
39695,q39_t939
39696,q39_t939
39696,q39_t940
39697,q39_t940
39697,q39_t941
39697,q54_t940
39697,q54_t941
39698,q39_t941
39698,q39_t942
39699,q39_t942
39699,q39_t943
39700,q39_t943
39700,q39_t944
39700,q55_t943
39700,q55_t944
39701,q39_t944
39701,q39_t945
39702,q39_t945
39702,q39_t946
39703,q39_t946
39703,q39_t947
39703,q56_t946
39703,q56_t947
39704,q39_t947
39704,q39_t948
39705,q39_t948
39705,q39_t949
39706,q39_t949
39706,q39_t950
39706,q57_t949
39706,q57_t950
39707,q39_t950
39707,q39_t951
39708,q39_t951
39708,q39_t952
39709,q39_t952
39709,q39_t953
39709,q58_t952
39709,q58_t953
39710,q39_t953
39710,q39_t954
39711,q39_t954
39711,q39_t955
39712,q39_t955
39712,q39_t956
39712,q59_t955
39712,q59_t956
39713,q39_t956
39713,q39_t957
39714,q39_t957
39714,q39_t958
39715,q39_t958
39715,q39_t959
39715,q60_t958
39715,q60_t959
39716,q39_t959
39716,q39_t960
39717,q39_t960
39717,q39_t961
39718,q39_t961
39718,q39_t962
39718,q61_t961
39718,q61_t962
39719,q39_t962
39719,q39_t963
39720,q39_t963
39720,q39_t964
39721,q39_t964
39721,q39_t965
39721,q62_t964
39721,q62_t965
39722,q39_t965
39722,q39_t966
39723,q39_t966
39723,q39_t967
39724,q39_t967
39724,q39_t968
39724,q63_t967
39724,q63_t968
39725,q39_t968
39725,q39_t969
39726,q39_t969
39726,q39_t970
39727,q39_t970
39727,q39_t971
39727,q64_t970
39727,q64_t971
39728,q39_t971
39728,q39_t972
39729,q39_t972
39729,q39_t973
39730,q39_t973
39730,q39_t974
39730,q65_t973
39730,q65_t974
39731,q39_t974
39731,q39_t975
39732,q39_t975
39732,q39_t976
39733,q39_t976
39733,q39_t977
39733,q66_t976
39733,q66_t977
39734,q39_t977
39734,q39_t978
39735,q39_t978
39735,q39_t979
39736,q39_t979
39736,q39_t980
39736,q67_t979
39736,q67_t980
39737,q39_t980
39737,q39_t981
39738,q39_t981
39738,q39_t982
39739,q39_t982
39739,q39_t983
39739,q68_t982
39739,q68_t983
39740,q39_t983
39740,q39_t984
39741,q39_t984
39741,q39_t985
39742,q39_t985
39742,q39_t986
39742,q69_t985
39742,q69_t986
39743,q39_t986
39743,q39_t987
39744,q39_t987
39744,q39_t988
39745,q39_t988
39745,q39_t989
39745,q70_t988
39745,q70_t989
39746,q39_t989
39746,q39_t990
39747,q39_t990
39747,q39_t991
39748,q39_t991
39748,q39_t992
39748,q71_t991
39748,q71_t992
39749,q39_t992
39749,q39_t993
39750,q39_t993
39750,q39_t994
39751,q39_t994
39751,q39_t995
39751,q72_t994
39751,q72_t995
39752,q39_t995
39752,q39_t996
39753,q39_t996
39753,q39_t997
39754,q39_t997
39754,q39_t998
39754,q73_t997
39754,q73_t998
39755,q39_t998
39755,q39_t999
39756,q3_t0
39756,q3_t1
39757,q3_t1
39757,q3_t8
39758,q3_t10
39758,q3_t11
39759,q3_t10
39759,q3_t9
39760,q3_t100
39760,q3_t101
39761,q3_t100
39761,q3_t99
39762,q3_t1000
39762,q3_t999
39763,q3_t102
39763,q3_t103
39764,q3_t103
39764,q3_t104
39765,q3_t105
39765,q3_t106
39766,q3_t106
39766,q3_t107
39767,q3_t108
39767,q3_t109
39768,q3_t109
39768,q3_t110
39769,q3_t111
39769,q3_t112
39770,q3_t112
39770,q3_t113
39771,q3_t114
39771,q3_t115
39772,q3_t115
39772,q3_t116
39773,q3_t117
39773,q3_t118
39774,q3_t118
39774,q3_t119
39775,q3_t12
39775,q3_t13
39776,q3_t120
39776,q3_t121
39777,q3_t121
39777,q3_t122
39778,q3_t123
39778,q3_t124
39779,q3_t124
39779,q3_t125
39780,q3_t126
39780,q3_t127
39781,q3_t127
39781,q3_t128
39782,q3_t128
39782,q3_t129
39782,q40_t128
39782,q40_t129
39783,q3_t129
39783,q3_t130
39784,q3_t13
39784,q3_t14
39785,q3_t130
39785,q3_t131
39786,q3_t131
39786,q3_t132
39786,q41_t131
39786,q41_t132
39787,q3_t132
39787,q3_t133
39788,q3_t133
39788,q3_t134
39789,q3_t134
39789,q3_t135
39789,q42_t134
39789,q42_t135
39790,q3_t135
39790,q3_t136
39791,q3_t136
39791,q3_t137
39792,q3_t137
39792,q3_t138
39792,q43_t137
39792,q43_t138
39793,q3_t138
39793,q3_t139
39794,q3_t139
39794,q3_t140
39795,q3_t140
39795,q3_t141
39795,q44_t140
39795,q44_t141
39796,q3_t141
39796,q3_t142
39797,q3_t142
39797,q3_t143
39798,q3_t143
39798,q3_t144
39798,q45_t143
39798,q45_t144
39799,q3_t144
39799,q3_t145
39800,q3_t145
39800,q3_t146
39801,q3_t146
39801,q3_t147
39801,q46_t146
39801,q46_t147
39802,q3_t147
39802,q3_t148
39803,q3_t148
39803,q3_t149
39804,q3_t149
39804,q3_t150
39804,q47_t149
39804,q47_t150
39805,q3_t15
39805,q3_t16
39806,q3_t150
39806,q3_t151
39807,q3_t151
39807,q3_t152
39808,q3_t152
39808,q3_t153
39808,q48_t152
39808,q48_t153
39809,q3_t153
39809,q3_t154
39810,q3_t154
39810,q3_t155
39811,q3_t155
39811,q3_t156
39811,q49_t155
39811,q49_t156
39812,q3_t156
39812,q3_t157
39813,q3_t157
39813,q3_t158
39814,q3_t158
39814,q3_t159
39814,q50_t158
39814,q50_t159
39815,q3_t159
39815,q3_t160
39816,q3_t16
39816,q3_t20
39817,q3_t160
39817,q3_t161
39818,q3_t161
39818,q3_t162
39818,q51_t161
39818,q51_t162
39819,q3_t162
39819,q3_t163
39820,q3_t163
39820,q3_t164
39821,q3_t164
39821,q3_t165
39821,q52_t164
39821,q52_t165
39822,q3_t165
39822,q3_t166
39823,q3_t166
39823,q3_t167
39824,q3_t167
39824,q3_t168
39824,q53_t167
39824,q53_t168
39825,q3_t168
39825,q3_t169
39826,q3_t169
39826,q3_t170
39827,q3_t170
39827,q3_t171
39827,q54_t170
39827,q54_t171
39828,q3_t171
39828,q3_t172
39829,q3_t172
39829,q3_t173
39830,q3_t173
39830,q3_t174
39830,q55_t173
39830,q55_t174
39831,q3_t174
39831,q3_t175
39832,q3_t175
39832,q3_t176
39833,q3_t176
39833,q3_t177
39833,q56_t176
39833,q56_t177
39834,q3_t177
39834,q3_t178
39835,q3_t178
39835,q3_t179
39836,q3_t179
39836,q3_t180
39836,q57_t179
39836,q57_t180
39837,q3_t180
39837,q3_t181
39838,q3_t181
39838,q3_t182
39839,q3_t182
39839,q3_t183
39839,q58_t182
39839,q58_t183
39840,q3_t183
39840,q3_t184
39841,q3_t184
39841,q3_t185
39842,q3_t185
39842,q3_t186
39842,q59_t185
39842,q59_t186
39843,q3_t186
39843,q3_t187
39844,q3_t187
39844,q3_t188
39845,q3_t188
39845,q3_t189
39845,q60_t188
39845,q60_t189
39846,q3_t189
39846,q3_t190
39847,q3_t190
39847,q3_t191
39848,q3_t191
39848,q3_t192
39848,q61_t191
39848,q61_t192
39849,q3_t192
39849,q3_t193
39850,q3_t193
39850,q3_t194
39851,q3_t194
39851,q3_t195
39851,q62_t194
39851,q62_t195
39852,q3_t195
39852,q3_t196
39853,q3_t196
39853,q3_t197
39854,q3_t197
39854,q3_t198
39854,q63_t197
39854,q63_t198
39855,q3_t198
39855,q3_t199
39856,q3_t199
39856,q3_t200
39857,q3_t20
39857,q3_t21
39857,q4_t20
39857,q4_t21
39858,q3_t200
39858,q3_t201
39858,q64_t200
39858,q64_t201
39859,q3_t201
39859,q3_t202
39860,q3_t202
39860,q3_t203
39861,q3_t203
39861,q3_t204
39861,q65_t203
39861,q65_t204
39862,q3_t204
39862,q3_t205
39863,q3_t205
39863,q3_t206
39864,q3_t206
39864,q3_t207
39864,q66_t206
39864,q66_t207
39865,q3_t207
39865,q3_t208
39866,q3_t208
39866,q3_t209
39867,q3_t209
39867,q3_t210
39867,q67_t209
39867,q67_t210
39868,q3_t21
39868,q3_t22
39869,q3_t210
39869,q3_t211
39870,q3_t211
39870,q3_t212
39871,q3_t212
39871,q3_t213
39871,q68_t212
39871,q68_t213
39872,q3_t213
39872,q3_t214
39873,q3_t214
39873,q3_t215
39874,q3_t215
39874,q3_t216
39874,q69_t215
39874,q69_t216
39875,q3_t216
39875,q3_t217
39876,q3_t217
39876,q3_t218
39877,q3_t218
39877,q3_t219
39877,q70_t218
39877,q70_t219
39878,q3_t219
39878,q3_t220
39879,q3_t22
39879,q3_t23
39880,q3_t220
39880,q3_t221
39881,q3_t221
39881,q3_t222
39881,q71_t221
39881,q71_t222
39882,q3_t222
39882,q3_t223
39883,q3_t223
39883,q3_t224
39884,q3_t224
39884,q3_t225
39884,q72_t224
39884,q72_t225
39885,q3_t225
39885,q3_t226
39886,q3_t226
39886,q3_t227
39887,q3_t227
39887,q3_t228
39887,q73_t227
39887,q73_t228
39888,q3_t228
39888,q3_t229
39889,q3_t229
39889,q3_t230
39890,q3_t23
39890,q3_t24
39890,q5_t23
39890,q5_t24
39891,q3_t230
39891,q3_t231
39891,q74_t230
39891,q74_t231
39892,q3_t231
39892,q3_t232
39893,q3_t232
39893,q3_t233
39894,q3_t233
39894,q3_t234
39894,q75_t233
39894,q75_t234
39895,q3_t234
39895,q3_t235
39896,q3_t235
39896,q3_t236
39897,q3_t236
39897,q3_t237
39897,q76_t236
39897,q76_t237
39898,q3_t237
39898,q3_t238
39899,q3_t238
39899,q3_t239
39900,q3_t239
39900,q3_t240
39900,q77_t239
39900,q77_t240
39901,q3_t24
39901,q3_t25
39902,q3_t240
39902,q3_t241
39903,q3_t241
39903,q3_t242
39904,q3_t242
39904,q3_t243
39904,q78_t242
39904,q78_t243
39905,q3_t243
39905,q3_t244
39906,q3_t244
39906,q3_t245
39907,q3_t245
39907,q3_t246
39907,q79_t245
39907,q79_t246
39908,q3_t246
39908,q3_t247
39909,q3_t247
39909,q3_t248
39910,q3_t248
39910,q3_t249
39910,q80_t248
39910,q80_t249
39911,q3_t249
39911,q3_t250
39912,q3_t25
39912,q3_t26
39913,q3_t250
39913,q3_t251
39914,q3_t251
39914,q3_t252
39914,q81_t251
39914,q81_t252
39915,q3_t252
39915,q3_t253
39916,q3_t253
39916,q3_t254
39917,q3_t254
39917,q3_t255
39917,q82_t254
39917,q82_t255
39918,q3_t255
39918,q3_t256
39919,q3_t256
39919,q3_t257
39920,q3_t257
39920,q3_t258
39920,q83_t257
39920,q83_t258
39921,q3_t258
39921,q3_t259
39922,q3_t259
39922,q3_t260
39923,q3_t26
39923,q3_t27
39923,q6_t26
39923,q6_t27
39924,q3_t260
39924,q3_t261
39924,q84_t260
39924,q84_t261
39925,q3_t261
39925,q3_t262
39926,q3_t262
39926,q3_t263
39927,q3_t263
39927,q3_t264
39927,q85_t263
39927,q85_t264
39928,q3_t264
39928,q3_t265
39929,q3_t265
39929,q3_t266
39930,q3_t266
39930,q3_t267
39930,q86_t266
39930,q86_t267
39931,q3_t267
39931,q3_t268
39932,q3_t268
39932,q3_t269
39933,q3_t269
39933,q3_t270
39933,q87_t269
39933,q87_t270
39934,q3_t27
39934,q3_t28
39935,q3_t270
39935,q3_t271
39936,q3_t271
39936,q3_t272
39937,q3_t272
39937,q3_t273
39937,q88_t272
39937,q88_t273
39938,q3_t273
39938,q3_t274
39939,q3_t274
39939,q3_t275
39940,q3_t275
39940,q3_t276
39940,q89_t275
39940,q89_t276
39941,q3_t276
39941,q3_t277
39942,q3_t277
39942,q3_t278
39943,q3_t278
39943,q3_t279
39943,q90_t278
39943,q90_t279
39944,q3_t279
39944,q3_t280
39945,q3_t28
39945,q3_t29
39946,q3_t280
39946,q3_t281
39947,q3_t281
39947,q3_t282
39947,q91_t281
39947,q91_t282
39948,q3_t282
39948,q3_t283
39949,q3_t283
39949,q3_t284
39950,q3_t284
39950,q3_t285
39950,q92_t284
39950,q92_t285
39951,q3_t285
39951,q3_t286
39952,q3_t286
39952,q3_t287
39953,q3_t287
39953,q3_t288
39953,q93_t287
39953,q93_t288
39954,q3_t288
39954,q3_t289
39955,q3_t289
39955,q3_t290
39956,q3_t29
39956,q3_t30
39956,q7_t29
39956,q7_t30
39957,q3_t290
39957,q3_t291
39957,q94_t290
39957,q94_t291
39958,q3_t291
39958,q3_t292
39959,q3_t292
39959,q3_t293
39960,q3_t293
39960,q3_t294
39960,q95_t293
39960,q95_t294
39961,q3_t294
39961,q3_t295
39962,q3_t295
39962,q3_t296
39963,q3_t296
39963,q3_t297
39963,q96_t296
39963,q96_t297
39964,q3_t297
39964,q3_t298
39965,q3_t298
39965,q3_t299
39966,q3_t299
39966,q3_t300
39966,q97_t299
39966,q97_t300
39967,q3_t30
39967,q3_t31
39968,q3_t300
39968,q3_t301
39969,q3_t301
39969,q3_t302
39970,q3_t302
39970,q3_t303
39970,q98_t302
39970,q98_t303
39971,q3_t303
39971,q3_t304
39972,q3_t304
39972,q3_t305
39973,q3_t305
39973,q3_t306
39973,q99_t305
39973,q99_t306
39974,q3_t306
39974,q3_t307
39975,q3_t307
39975,q3_t308
39976,q3_t309
39976,q3_t310
39977,q3_t31
39977,q3_t32
39978,q3_t310
39978,q3_t311
39979,q3_t312
39979,q3_t313
39980,q3_t313
39980,q3_t314
39981,q3_t315
39981,q3_t316
39982,q3_t316
39982,q3_t317
39983,q3_t318
39983,q3_t319
39984,q3_t319
39984,q3_t320
39985,q3_t32
39985,q3_t33
39985,q8_t32
39985,q8_t33
39986,q3_t321
39986,q3_t322
39987,q3_t322
39987,q3_t323
39988,q3_t324
39988,q3_t325
39989,q3_t325
39989,q3_t326
39990,q3_t327
39990,q3_t328
39991,q3_t328
39991,q3_t329
39992,q3_t33
39992,q3_t34
39993,q3_t330
39993,q3_t331
39994,q3_t331
39994,q3_t332
39995,q3_t333
39995,q3_t334
39996,q3_t334
39996,q3_t335
39997,q3_t336
39997,q3_t337
39998,q3_t337
39998,q3_t338
39999,q3_t338
39999,q3_t339
40000,q3_t34
40000,q3_t35
40001,q3_t340
40001,q3_t341
40002,q3_t341
40002,q3_t342
40003,q3_t343
40003,q3_t344
40004,q3_t344
40004,q3_t345
40005,q3_t346
40005,q3_t347
40006,q3_t347
40006,q3_t351
40007,q3_t35
40007,q3_t36
40007,q9_t35
40007,q9_t36
40008,q3_t351
40008,q3_t352
40008,q4_t351
40008,q4_t352
40009,q3_t352
40009,q3_t353
40010,q3_t353
40010,q3_t354
40011,q3_t354
40011,q3_t355
40011,q5_t354
40011,q5_t355
40012,q3_t355
40012,q3_t356
40013,q3_t356
40013,q3_t357
40014,q3_t357
40014,q3_t358
40014,q6_t357
40014,q6_t358
40015,q3_t358
40015,q3_t359
40016,q3_t359
40016,q3_t360
40017,q3_t36
40017,q3_t37
40018,q3_t360
40018,q3_t361
40018,q7_t360
40018,q7_t361
40019,q3_t361
40019,q3_t362
40020,q3_t362
40020,q3_t363
40021,q3_t363
40021,q3_t364
40021,q8_t363
40021,q8_t364
40022,q3_t364
40022,q3_t365
40023,q3_t365
40023,q3_t366
40024,q3_t366
40024,q3_t367
40024,q9_t366
40024,q9_t367
40025,q3_t367
40025,q3_t368
40026,q3_t368
40026,q3_t369
40027,q3_t37
40027,q3_t38
40028,q3_t370
40028,q3_t371
40029,q3_t371
40029,q3_t372
40030,q3_t373
40030,q3_t374
40031,q3_t374
40031,q3_t375
40032,q3_t376
40032,q3_t377
40033,q3_t377
40033,q3_t378
40034,q3_t379
40034,q3_t380
40035,q3_t380
40035,q3_t381
40036,q3_t382
40036,q3_t383
40037,q3_t383
40037,q3_t384
40038,q3_t385
40038,q3_t386
40039,q3_t386
40039,q3_t387
40040,q3_t388
40040,q3_t389
40041,q3_t389
40041,q3_t390
40042,q3_t39
40042,q3_t40
40043,q3_t391
40043,q3_t392
40044,q3_t392
40044,q3_t393
40045,q3_t394
40045,q3_t395
40046,q3_t395
40046,q3_t396
40047,q3_t397
40047,q3_t398
40048,q3_t398
40048,q3_t399
40049,q3_t40
40049,q3_t41
40050,q3_t400
40050,q3_t401
40051,q3_t401
40051,q3_t402
40052,q3_t403
40052,q3_t404
40053,q3_t404
40053,q3_t405
40054,q3_t406
40054,q3_t407
40055,q3_t407
40055,q3_t408
40056,q3_t409
40056,q3_t410
40057,q3_t410
40057,q3_t411
40058,q3_t412
40058,q3_t413
40059,q3_t413
40059,q3_t414
40060,q3_t415
40060,q3_t416
40061,q3_t416
40061,q3_t417
40062,q3_t418
40062,q3_t419
40063,q3_t419
40063,q3_t420
40064,q3_t42
40064,q3_t43
40065,q3_t421
40065,q3_t422
40066,q3_t422
40066,q3_t423
40067,q3_t424
40067,q3_t425
40068,q3_t425
40068,q3_t426
40069,q3_t427
40069,q3_t428
40070,q3_t428
40070,q3_t429
40071,q3_t43
40071,q3_t44
40072,q3_t430
40072,q3_t431
40073,q3_t431
40073,q3_t432
40074,q3_t433
40074,q3_t434
40075,q3_t434
40075,q3_t435
40076,q3_t436
40076,q3_t437
40077,q3_t437
40077,q3_t438
40078,q3_t439
40078,q3_t440
40079,q3_t440
40079,q3_t441
40080,q3_t442
40080,q3_t443
40081,q3_t443
40081,q3_t444
40082,q3_t445
40082,q3_t446
40083,q3_t446
40083,q3_t447
40084,q3_t448
40084,q3_t449
40085,q3_t449
40085,q3_t450
40086,q3_t45
40086,q3_t46
40087,q3_t451
40087,q3_t452
40088,q3_t452
40088,q3_t453
40089,q3_t454
40089,q3_t455
40090,q3_t455
40090,q3_t456
40091,q3_t457
40091,q3_t458
40092,q3_t458
40092,q3_t459
40093,q3_t459
40093,q3_t460
40093,q40_t459
40093,q40_t460
40094,q3_t46
40094,q3_t47
40095,q3_t460
40095,q3_t461
40096,q3_t461
40096,q3_t462
40097,q3_t462
40097,q3_t463
40097,q41_t462
40097,q41_t463
40098,q3_t463
40098,q3_t464
40099,q3_t464
40099,q3_t465
40100,q3_t465
40100,q3_t466
40100,q42_t465
40100,q42_t466
40101,q3_t466
40101,q3_t467
40102,q3_t467
40102,q3_t468
40103,q3_t468
40103,q3_t469
40103,q43_t468
40103,q43_t469
40104,q3_t469
40104,q3_t470
40105,q3_t470
40105,q3_t471
40106,q3_t471
40106,q3_t472
40106,q44_t471
40106,q44_t472
40107,q3_t472
40107,q3_t473
40108,q3_t473
40108,q3_t474
40109,q3_t474
40109,q3_t475
40109,q45_t474
40109,q45_t475
40110,q3_t475
40110,q3_t476
40111,q3_t476
40111,q3_t477
40112,q3_t477
40112,q3_t478
40112,q46_t477
40112,q46_t478
40113,q3_t478
40113,q3_t479
40114,q3_t479
40114,q3_t480
40115,q3_t48
40115,q3_t49
40116,q3_t480
40116,q3_t481
40116,q47_t480
40116,q47_t481
40117,q3_t481
40117,q3_t482
40118,q3_t482
40118,q3_t483
40119,q3_t483
40119,q3_t484
40119,q48_t483
40119,q48_t484
40120,q3_t484
40120,q3_t485
40121,q3_t485
40121,q3_t486
40122,q3_t486
40122,q3_t487
40122,q49_t486
40122,q49_t487
40123,q3_t487
40123,q3_t488
40124,q3_t488
40124,q3_t489
40125,q3_t489
40125,q3_t490
40125,q50_t489
40125,q50_t490
40126,q3_t49
40126,q3_t50
40127,q3_t490
40127,q3_t491
40128,q3_t491
40128,q3_t492
40129,q3_t492
40129,q3_t493
40129,q51_t492
40129,q51_t493
40130,q3_t493
40130,q3_t494
40131,q3_t494
40131,q3_t495
40132,q3_t495
40132,q3_t496
40132,q52_t495
40132,q52_t496
40133,q3_t496
40133,q3_t497
40134,q3_t497
40134,q3_t498
40135,q3_t498
40135,q3_t499
40135,q53_t498
40135,q53_t499
40136,q3_t499
40136,q3_t500
40137,q3_t500
40137,q3_t501
40138,q3_t501
40138,q3_t502
40138,q54_t501
40138,q54_t502
40139,q3_t502
40139,q3_t503
40140,q3_t503
40140,q3_t504
40141,q3_t504
40141,q3_t505
40141,q55_t504
40141,q55_t505
40142,q3_t505
40142,q3_t506
40143,q3_t506
40143,q3_t507
40144,q3_t507
40144,q3_t508
40144,q56_t507
40144,q56_t508
40145,q3_t508
40145,q3_t509
40146,q3_t509
40146,q3_t510
40147,q3_t51
40147,q3_t52
40148,q3_t510
40148,q3_t511
40148,q57_t510
40148,q57_t511
40149,q3_t511
40149,q3_t512
40150,q3_t512
40150,q3_t513
40151,q3_t513
40151,q3_t514
40151,q58_t513
40151,q58_t514
40152,q3_t514
40152,q3_t515
40153,q3_t515
40153,q3_t516
40154,q3_t516
40154,q3_t517
40154,q59_t516
40154,q59_t517
40155,q3_t517
40155,q3_t518
40156,q3_t518
40156,q3_t519
40157,q3_t519
40157,q3_t520
40157,q60_t519
40157,q60_t520
40158,q3_t52
40158,q3_t53
40159,q3_t520
40159,q3_t521
40160,q3_t521
40160,q3_t522
40161,q3_t522
40161,q3_t523
40161,q61_t522
40161,q61_t523
40162,q3_t523
40162,q3_t524
40163,q3_t524
40163,q3_t525
40164,q3_t525
40164,q3_t526
40164,q62_t525
40164,q62_t526
40165,q3_t526
40165,q3_t527
40166,q3_t527
40166,q3_t528
40167,q3_t528
40167,q3_t529
40167,q63_t528
40167,q63_t529
40168,q3_t529
40168,q3_t530
40169,q3_t530
40169,q3_t531
40170,q3_t531
40170,q3_t532
40170,q64_t531
40170,q64_t532
40171,q3_t532
40171,q3_t533
40172,q3_t533
40172,q3_t534
40173,q3_t534
40173,q3_t535
40173,q65_t534
40173,q65_t535
40174,q3_t535
40174,q3_t536
40175,q3_t536
40175,q3_t537
40176,q3_t537
40176,q3_t538
40176,q66_t537
40176,q66_t538
40177,q3_t538
40177,q3_t539
40178,q3_t539
40178,q3_t540
40179,q3_t54
40179,q3_t55
40180,q3_t540
40180,q3_t541
40180,q67_t540
40180,q67_t541
40181,q3_t541
40181,q3_t542
40182,q3_t542
40182,q3_t543
40183,q3_t543
40183,q3_t544
40183,q68_t543
40183,q68_t544
40184,q3_t544
40184,q3_t545
40185,q3_t545
40185,q3_t546
40186,q3_t546
40186,q3_t547
40186,q69_t546
40186,q69_t547
40187,q3_t547
40187,q3_t548
40188,q3_t548
40188,q3_t549
40189,q3_t549
40189,q3_t550
40189,q70_t549
40189,q70_t550
40190,q3_t55
40190,q3_t56
40191,q3_t550
40191,q3_t551
40192,q3_t551
40192,q3_t552
40193,q3_t552
40193,q3_t553
40193,q71_t552
40193,q71_t553
40194,q3_t553
40194,q3_t554
40195,q3_t554
40195,q3_t555
40196,q3_t555
40196,q3_t556
40196,q72_t555
40196,q72_t556
40197,q3_t556
40197,q3_t557
40198,q3_t557
40198,q3_t558
40199,q3_t558
40199,q3_t559
40199,q73_t558
40199,q73_t559
40200,q3_t559
40200,q3_t560
40201,q3_t560
40201,q3_t561
40202,q3_t561
40202,q3_t562
40202,q74_t561
40202,q74_t562
40203,q3_t562
40203,q3_t563
40204,q3_t563
40204,q3_t564
40205,q3_t564
40205,q3_t565
40205,q75_t564
40205,q75_t565
40206,q3_t565
40206,q3_t566
40207,q3_t566
40207,q3_t567
40208,q3_t567
40208,q3_t568
40208,q76_t567
40208,q76_t568
40209,q3_t568
40209,q3_t569
40210,q3_t569
40210,q3_t570
40211,q3_t57
40211,q3_t58
40212,q3_t570
40212,q3_t571
40212,q77_t570
40212,q77_t571
40213,q3_t571
40213,q3_t572
40214,q3_t572
40214,q3_t573
40215,q3_t573
40215,q3_t574
40215,q78_t573
40215,q78_t574
40216,q3_t574
40216,q3_t575
40217,q3_t575
40217,q3_t576
40218,q3_t576
40218,q3_t577
40218,q79_t576
40218,q79_t577
40219,q3_t577
40219,q3_t578
40220,q3_t578
40220,q3_t579
40221,q3_t579
40221,q3_t580
40221,q80_t579
40221,q80_t580
40222,q3_t58
40222,q3_t59
40223,q3_t580
40223,q3_t581
40224,q3_t581
40224,q3_t582
40225,q3_t582
40225,q3_t583
40225,q81_t582
40225,q81_t583
40226,q3_t583
40226,q3_t584
40227,q3_t584
40227,q3_t585
40228,q3_t585
40228,q3_t586
40228,q82_t585
40228,q82_t586
40229,q3_t586
40229,q3_t587
40230,q3_t587
40230,q3_t588
40231,q3_t588
40231,q3_t589
40231,q83_t588
40231,q83_t589
40232,q3_t589
40232,q3_t590
40233,q3_t590
40233,q3_t591
40234,q3_t591
40234,q3_t592
40234,q84_t591
40234,q84_t592
40235,q3_t592
40235,q3_t593
40236,q3_t593
40236,q3_t594
40237,q3_t594
40237,q3_t595
40237,q85_t594
40237,q85_t595
40238,q3_t595
40238,q3_t596
40239,q3_t596
40239,q3_t597
40240,q3_t597
40240,q3_t598
40240,q86_t597
40240,q86_t598
40241,q3_t598
40241,q3_t599
40242,q3_t599
40242,q3_t600
40243,q3_t60
40243,q3_t61
40244,q3_t600
40244,q3_t601
40244,q87_t600
40244,q87_t601
40245,q3_t601
40245,q3_t602
40246,q3_t602
40246,q3_t603
40247,q3_t603
40247,q3_t604
40247,q88_t603
40247,q88_t604
40248,q3_t604
40248,q3_t605
40249,q3_t605
40249,q3_t606
40250,q3_t606
40250,q3_t607
40250,q89_t606
40250,q89_t607
40251,q3_t607
40251,q3_t608
40252,q3_t608
40252,q3_t609
40253,q3_t609
40253,q3_t610
40253,q90_t609
40253,q90_t610
40254,q3_t61
40254,q3_t62
40255,q3_t610
40255,q3_t611
40256,q3_t611
40256,q3_t612
40257,q3_t612
40257,q3_t613
40257,q91_t612
40257,q91_t613
40258,q3_t613
40258,q3_t614
40259,q3_t614
40259,q3_t615
40260,q3_t615
40260,q3_t616
40260,q92_t615
40260,q92_t616
40261,q3_t616
40261,q3_t617
40262,q3_t617
40262,q3_t618
40263,q3_t618
40263,q3_t619
40263,q93_t618
40263,q93_t619
40264,q3_t619
40264,q3_t620
40265,q3_t620
40265,q3_t621
40266,q3_t621
40266,q3_t622
40266,q94_t621
40266,q94_t622
40267,q3_t622
40267,q3_t623
40268,q3_t623
40268,q3_t624
40269,q3_t624
40269,q3_t625
40269,q95_t624
40269,q95_t625
40270,q3_t625
40270,q3_t626
40271,q3_t626
40271,q3_t627
40272,q3_t627
40272,q3_t628
40272,q96_t627
40272,q96_t628
40273,q3_t628
40273,q3_t629
40274,q3_t629
40274,q3_t630
40275,q3_t63
40275,q3_t64
40276,q3_t630
40276,q3_t631
40276,q97_t630
40276,q97_t631
40277,q3_t631
40277,q3_t632
40278,q3_t632
40278,q3_t633
40279,q3_t633
40279,q3_t634
40279,q98_t633
40279,q98_t634
40280,q3_t634
40280,q3_t635
40281,q3_t635
40281,q3_t636
40282,q3_t636
40282,q3_t637
40282,q99_t636
40282,q99_t637
40283,q3_t637
40283,q3_t638
40284,q3_t638
40284,q3_t639
40285,q3_t64
40285,q3_t65
40286,q3_t640
40286,q3_t641
40287,q3_t641
40287,q3_t642
40288,q3_t643
40288,q3_t644
40289,q3_t644
40289,q3_t645
40290,q3_t646
40290,q3_t647
40291,q3_t647
40291,q3_t648
40292,q3_t649
40292,q3_t650
40293,q3_t650
40293,q3_t651
40294,q3_t652
40294,q3_t653
40295,q3_t653
40295,q3_t654
40296,q3_t655
40296,q3_t656
40297,q3_t656
40297,q3_t657
40298,q3_t658
40298,q3_t659
40299,q3_t659
40299,q3_t660
40300,q3_t66
40300,q3_t67
40301,q3_t661
40301,q3_t662
40302,q3_t662
40302,q3_t663
40303,q3_t664
40303,q3_t665
40304,q3_t665
40304,q3_t666
40305,q3_t667
40305,q3_t668
40306,q3_t668
40306,q3_t669
40307,q3_t669
40307,q3_t670
40308,q3_t67
40308,q3_t68
40309,q3_t671
40309,q3_t672
40310,q3_t672
40310,q3_t673
40311,q3_t674
40311,q3_t675
40312,q3_t675
40312,q3_t676
40313,q3_t677
40313,q3_t678
40314,q3_t678
40314,q3_t682
40315,q3_t682
40315,q3_t683
40315,q4_t682
40315,q4_t683
40316,q3_t683
40316,q3_t684
40317,q3_t684
40317,q3_t685
40318,q3_t685
40318,q3_t686
40318,q5_t685
40318,q5_t686
40319,q3_t686
40319,q3_t687
40320,q3_t687
40320,q3_t688
40321,q3_t688
40321,q3_t689
40321,q6_t688
40321,q6_t689
40322,q3_t689
40322,q3_t690
40323,q3_t69
40323,q3_t70
40324,q3_t690
40324,q3_t691
40325,q3_t691
40325,q3_t692
40325,q7_t691
40325,q7_t692
40326,q3_t692
40326,q3_t693
40327,q3_t693
40327,q3_t694
40328,q3_t694
40328,q3_t695
40328,q8_t694
40328,q8_t695
40329,q3_t695
40329,q3_t696
40330,q3_t696
40330,q3_t697
40331,q3_t697
40331,q3_t698
40331,q9_t697
40331,q9_t698
40332,q3_t698
40332,q3_t699
40333,q3_t699
40333,q3_t700
40334,q3_t70
40334,q3_t71
40335,q3_t701
40335,q3_t702
40336,q3_t702
40336,q3_t703
40337,q3_t704
40337,q3_t705
40338,q3_t705
40338,q3_t706
40339,q3_t707
40339,q3_t708
40340,q3_t708
40340,q3_t709
40341,q3_t710
40341,q3_t711
40342,q3_t711
40342,q3_t712
40343,q3_t713
40343,q3_t714
40344,q3_t714
40344,q3_t715
40345,q3_t716
40345,q3_t717
40346,q3_t717
40346,q3_t718
40347,q3_t719
40347,q3_t720
40348,q3_t72
40348,q3_t73
40349,q3_t720
40349,q3_t721
40350,q3_t722
40350,q3_t723
40351,q3_t723
40351,q3_t724
40352,q3_t725
40352,q3_t726
40353,q3_t726
40353,q3_t727
40354,q3_t728
40354,q3_t729
40355,q3_t729
40355,q3_t730
40356,q3_t73
40356,q3_t74
40357,q3_t731
40357,q3_t732
40358,q3_t732
40358,q3_t733
40359,q3_t734
40359,q3_t735
40360,q3_t735
40360,q3_t736
40361,q3_t737
40361,q3_t738
40362,q3_t738
40362,q3_t739
40363,q3_t740
40363,q3_t741
40364,q3_t741
40364,q3_t742
40365,q3_t743
40365,q3_t744
40366,q3_t744
40366,q3_t745
40367,q3_t746
40367,q3_t747
40368,q3_t747
40368,q3_t748
40369,q3_t749
40369,q3_t750
40370,q3_t75
40370,q3_t76
40371,q3_t750
40371,q3_t751
40372,q3_t752
40372,q3_t753
40373,q3_t753
40373,q3_t754
40374,q3_t755
40374,q3_t756
40375,q3_t756
40375,q3_t757
40376,q3_t758
40376,q3_t759
40377,q3_t759
40377,q3_t760
40378,q3_t76
40378,q3_t77
40379,q3_t761
40379,q3_t762
40380,q3_t762
40380,q3_t763
40381,q3_t764
40381,q3_t765
40382,q3_t765
40382,q3_t766
40383,q3_t767
40383,q3_t768
40384,q3_t768
40384,q3_t769
40385,q3_t770
40385,q3_t771
40386,q3_t771
40386,q3_t772
40387,q3_t773
40387,q3_t774
40388,q3_t774
40388,q3_t775
40389,q3_t776
40389,q3_t777
40390,q3_t777
40390,q3_t778
40391,q3_t779
40391,q3_t780
40392,q3_t78
40392,q3_t79
40393,q3_t780
40393,q3_t781
40394,q3_t782
40394,q3_t783
40395,q3_t783
40395,q3_t784
40396,q3_t785
40396,q3_t786
40397,q3_t786
40397,q3_t787
40398,q3_t788
40398,q3_t789
40399,q3_t789
40399,q3_t790
40400,q3_t79
40400,q3_t80
40401,q3_t790
40401,q3_t791
40401,q40_t790
40401,q40_t791
40402,q3_t791
40402,q3_t792
40403,q3_t792
40403,q3_t793
40404,q3_t793
40404,q3_t794
40404,q41_t793
40404,q41_t794
40405,q3_t794
40405,q3_t795
40406,q3_t795
40406,q3_t796
40407,q3_t796
40407,q3_t797
40407,q42_t796
40407,q42_t797
40408,q3_t797
40408,q3_t798
40409,q3_t798
40409,q3_t799
40410,q3_t799
40410,q3_t800
40410,q43_t799
40410,q43_t800
40411,q3_t800
40411,q3_t801
40412,q3_t801
40412,q3_t802
40413,q3_t802
40413,q3_t803
40413,q44_t802
40413,q44_t803
40414,q3_t803
40414,q3_t804
40415,q3_t804
40415,q3_t805
40416,q3_t805
40416,q3_t806
40416,q45_t805
40416,q45_t806
40417,q3_t806
40417,q3_t807
40418,q3_t807
40418,q3_t808
40419,q3_t808
40419,q3_t809
40419,q46_t808
40419,q46_t809
40420,q3_t809
40420,q3_t810
40421,q3_t81
40421,q3_t82
40422,q3_t810
40422,q3_t811
40423,q3_t811
40423,q3_t812
40423,q47_t811
40423,q47_t812
40424,q3_t812
40424,q3_t813
40425,q3_t813
40425,q3_t814
40426,q3_t814
40426,q3_t815
40426,q48_t814
40426,q48_t815
40427,q3_t815
40427,q3_t816
40428,q3_t816
40428,q3_t817
40429,q3_t817
40429,q3_t818
40429,q49_t817
40429,q49_t818
40430,q3_t818
40430,q3_t819
40431,q3_t819
40431,q3_t820
40432,q3_t82
40432,q3_t83
40433,q3_t820
40433,q3_t821
40433,q50_t820
40433,q50_t821
40434,q3_t821
40434,q3_t822
40435,q3_t822
40435,q3_t823
40436,q3_t823
40436,q3_t824
40436,q51_t823
40436,q51_t824
40437,q3_t824
40437,q3_t825
40438,q3_t825
40438,q3_t826
40439,q3_t826
40439,q3_t827
40439,q52_t826
40439,q52_t827
40440,q3_t827
40440,q3_t828
40441,q3_t828
40441,q3_t829
40442,q3_t829
40442,q3_t830
40442,q53_t829
40442,q53_t830
40443,q3_t830
40443,q3_t831
40444,q3_t831
40444,q3_t832
40445,q3_t832
40445,q3_t833
40445,q54_t832
40445,q54_t833
40446,q3_t833
40446,q3_t834
40447,q3_t834
40447,q3_t835
40448,q3_t835
40448,q3_t836
40448,q55_t835
40448,q55_t836
40449,q3_t836
40449,q3_t837
40450,q3_t837
40450,q3_t838
40451,q3_t838
40451,q3_t839
40451,q56_t838
40451,q56_t839
40452,q3_t839
40452,q3_t840
40453,q3_t84
40453,q3_t85
40454,q3_t840
40454,q3_t841
40455,q3_t841
40455,q3_t842
40455,q57_t841
40455,q57_t842
40456,q3_t842
40456,q3_t843
40457,q3_t843
40457,q3_t844
40458,q3_t844
40458,q3_t845
40458,q58_t844
40458,q58_t845
40459,q3_t845
40459,q3_t846
40460,q3_t846
40460,q3_t847
40461,q3_t847
40461,q3_t848
40461,q59_t847
40461,q59_t848
40462,q3_t848
40462,q3_t849
40463,q3_t849
40463,q3_t850
40464,q3_t85
40464,q3_t86
40465,q3_t850
40465,q3_t851
40465,q60_t850
40465,q60_t851
40466,q3_t851
40466,q3_t852
40467,q3_t852
40467,q3_t853
40468,q3_t853
40468,q3_t854
40468,q61_t853
40468,q61_t854
40469,q3_t854
40469,q3_t855
40470,q3_t855
40470,q3_t856
40471,q3_t856
40471,q3_t857
40471,q62_t856
40471,q62_t857
40472,q3_t857
40472,q3_t858
40473,q3_t858
40473,q3_t859
40474,q3_t859
40474,q3_t860
40474,q63_t859
40474,q63_t860
40475,q3_t860
40475,q3_t861
40476,q3_t861
40476,q3_t862
40477,q3_t862
40477,q3_t863
40477,q64_t862
40477,q64_t863
40478,q3_t863
40478,q3_t864
40479,q3_t864
40479,q3_t865
40480,q3_t865
40480,q3_t866
40480,q65_t865
40480,q65_t866
40481,q3_t866
40481,q3_t867
40482,q3_t867
40482,q3_t868
40483,q3_t868
40483,q3_t869
40483,q66_t868
40483,q66_t869
40484,q3_t869
40484,q3_t870
40485,q3_t87
40485,q3_t88
40486,q3_t870
40486,q3_t871
40487,q3_t871
40487,q3_t872
40487,q67_t871
40487,q67_t872
40488,q3_t872
40488,q3_t873
40489,q3_t873
40489,q3_t874
40490,q3_t874
40490,q3_t875
40490,q68_t874
40490,q68_t875
40491,q3_t875
40491,q3_t876
40492,q3_t876
40492,q3_t877
40493,q3_t877
40493,q3_t878
40493,q69_t877
40493,q69_t878
40494,q3_t878
40494,q3_t879
40495,q3_t879
40495,q3_t880
40496,q3_t88
40496,q3_t89
40497,q3_t880
40497,q3_t881
40497,q70_t880
40497,q70_t881
40498,q3_t881
40498,q3_t882
40499,q3_t882
40499,q3_t883
40500,q3_t883
40500,q3_t884
40500,q71_t883
40500,q71_t884
40501,q3_t884
40501,q3_t885
40502,q3_t885
40502,q3_t886
40503,q3_t886
40503,q3_t887
40503,q72_t886
40503,q72_t887
40504,q3_t887
40504,q3_t888
40505,q3_t888
40505,q3_t889
40506,q3_t889
40506,q3_t890
40506,q73_t889
40506,q73_t890
40507,q3_t890
40507,q3_t891
40508,q3_t891
40508,q3_t892
40509,q3_t892
40509,q3_t893
40509,q74_t892
40509,q74_t893
40510,q3_t893
40510,q3_t894
40511,q3_t894
40511,q3_t895
40512,q3_t895
40512,q3_t896
40512,q75_t895
40512,q75_t896
40513,q3_t896
40513,q3_t897
40514,q3_t897
40514,q3_t898
40515,q3_t898
40515,q3_t899
40515,q76_t898
40515,q76_t899
40516,q3_t899
40516,q3_t900
40517,q3_t90
40517,q3_t91
40518,q3_t900
40518,q3_t901
40519,q3_t901
40519,q3_t902
40519,q77_t901
40519,q77_t902
40520,q3_t902
40520,q3_t903
40521,q3_t903
40521,q3_t904
40522,q3_t904
40522,q3_t905
40522,q78_t904
40522,q78_t905
40523,q3_t905
40523,q3_t906
40524,q3_t906
40524,q3_t907
40525,q3_t907
40525,q3_t908
40525,q79_t907
40525,q79_t908
40526,q3_t908
40526,q3_t909
40527,q3_t909
40527,q3_t910
40528,q3_t91
40528,q3_t92
40529,q3_t910
40529,q3_t911
40529,q80_t910
40529,q80_t911
40530,q3_t911
40530,q3_t912
40531,q3_t912
40531,q3_t913
40532,q3_t913
40532,q3_t914
40532,q81_t913
40532,q81_t914
40533,q3_t914
40533,q3_t915
40534,q3_t915
40534,q3_t916
40535,q3_t916
40535,q3_t917
40535,q82_t916
40535,q82_t917
40536,q3_t917
40536,q3_t918
40537,q3_t918
40537,q3_t919
40538,q3_t919
40538,q3_t920
40538,q83_t919
40538,q83_t920
40539,q3_t920
40539,q3_t921
40540,q3_t921
40540,q3_t922
40541,q3_t922
40541,q3_t923
40541,q84_t922
40541,q84_t923
40542,q3_t923
40542,q3_t924
40543,q3_t924
40543,q3_t925
40544,q3_t925
40544,q3_t926
40544,q85_t925
40544,q85_t926
40545,q3_t926
40545,q3_t927
40546,q3_t927
40546,q3_t928
40547,q3_t928
40547,q3_t929
40547,q86_t928
40547,q86_t929
40548,q3_t929
40548,q3_t930
40549,q3_t93
40549,q3_t94
40550,q3_t930
40550,q3_t931
40551,q3_t931
40551,q3_t932
40551,q87_t931
40551,q87_t932
40552,q3_t932
40552,q3_t933
40553,q3_t933
40553,q3_t934
40554,q3_t934
40554,q3_t935
40554,q88_t934
40554,q88_t935
40555,q3_t935
40555,q3_t936
40556,q3_t936
40556,q3_t937
40557,q3_t937
40557,q3_t938
40557,q89_t937
40557,q89_t938
40558,q3_t938
40558,q3_t939
40559,q3_t939
40559,q3_t940
40560,q3_t94
40560,q3_t95
40561,q3_t940
40561,q3_t941
40561,q90_t940
40561,q90_t941
40562,q3_t941
40562,q3_t942
40563,q3_t942
40563,q3_t943
40564,q3_t943
40564,q3_t944
40564,q91_t943
40564,q91_t944
40565,q3_t944
40565,q3_t945
40566,q3_t945
40566,q3_t946
40567,q3_t946
40567,q3_t947
40567,q92_t946
40567,q92_t947
40568,q3_t947
40568,q3_t948
40569,q3_t948
40569,q3_t949
40570,q3_t949
40570,q3_t950
40570,q93_t949
40570,q93_t950
40571,q3_t950
40571,q3_t951
40572,q3_t951
40572,q3_t952
40573,q3_t952
40573,q3_t953
40573,q94_t952
40573,q94_t953
40574,q3_t953
40574,q3_t954
40575,q3_t954
40575,q3_t955
40576,q3_t955
40576,q3_t956
40576,q95_t955
40576,q95_t956
40577,q3_t956
40577,q3_t957
40578,q3_t957
40578,q3_t958
40579,q3_t958
40579,q3_t959
40579,q96_t958
40579,q96_t959
40580,q3_t959
40580,q3_t960
40581,q3_t96
40581,q3_t97
40582,q3_t960
40582,q3_t961
40583,q3_t961
40583,q3_t962
40583,q97_t961
40583,q97_t962
40584,q3_t962
40584,q3_t963
40585,q3_t963
40585,q3_t964
40586,q3_t964
40586,q3_t965
40586,q98_t964
40586,q98_t965
40587,q3_t965
40587,q3_t966
40588,q3_t966
40588,q3_t967
40589,q3_t967
40589,q3_t968
40589,q99_t967
40589,q99_t968
40590,q3_t968
40590,q3_t969
40591,q3_t969
40591,q3_t970
40592,q3_t97
40592,q3_t98
40593,q3_t971
40593,q3_t972
40594,q3_t972
40594,q3_t973
40595,q3_t974
40595,q3_t975
40596,q3_t975
40596,q3_t976
40597,q3_t977
40597,q3_t978
40598,q3_t978
40598,q3_t979
40599,q3_t980
40599,q3_t981
40600,q3_t981
40600,q3_t982
40601,q3_t983
40601,q3_t984
40602,q3_t984
40602,q3_t985
40603,q3_t986
40603,q3_t987
40604,q3_t987
40604,q3_t988
40605,q3_t989
40605,q3_t990
40606,q3_t990
40606,q3_t991
40607,q3_t992
40607,q3_t993
40608,q3_t993
40608,q3_t994
40609,q3_t995
40609,q3_t996
40610,q3_t996
40610,q3_t997
40611,q3_t998
40611,q3_t999
40612,q40_t0
40612,q40_t1
40613,q40_t1
40613,q40_t119
40614,q40_t1000
40614,q40_t1001
40614,q73_t1000
40614,q73_t1001
40615,q40_t1000
40615,q40_t999
40616,q40_t1001
40616,q40_t1002
40617,q40_t1002
40617,q40_t1003
40618,q40_t1003
40618,q40_t1004
40618,q74_t1003
40618,q74_t1004
40619,q40_t1004
40619,q40_t1005
40620,q40_t1005
40620,q40_t1006
40621,q40_t1006
40621,q40_t1007
40621,q75_t1006
40621,q75_t1007
40622,q40_t1007
40622,q40_t1008
40623,q40_t1008
40623,q40_t1009
40624,q40_t1009
40624,q40_t1010
40624,q76_t1009
40624,q76_t1010
40625,q40_t1010
40625,q40_t1011
40626,q40_t1011
40626,q40_t1012
40627,q40_t1012
40627,q40_t1013
40627,q77_t1012
40627,q77_t1013
40628,q40_t1013
40628,q40_t1014
40629,q40_t1014
40629,q40_t1015
40630,q40_t1015
40630,q40_t1016
40630,q78_t1015
40630,q78_t1016
40631,q40_t1016
40631,q40_t1017
40632,q40_t1017
40632,q40_t1018
40633,q40_t1018
40633,q40_t1019
40633,q79_t1018
40633,q79_t1019
40634,q40_t1019
40634,q40_t1020
40635,q40_t1020
40635,q40_t1021
40636,q40_t1021
40636,q40_t1022
40636,q80_t1021
40636,q80_t1022
40637,q40_t1022
40637,q40_t1023
40638,q40_t1023
40638,q40_t1024
40639,q40_t1024
40639,q40_t1025
40639,q81_t1024
40639,q81_t1025
40640,q40_t1025
40640,q40_t1026
40641,q40_t1026
40641,q40_t1027
40642,q40_t1027
40642,q40_t1028
40642,q82_t1027
40642,q82_t1028
40643,q40_t1028
40643,q40_t1029
40644,q40_t1029
40644,q40_t1030
40645,q40_t1030
40645,q40_t1031
40645,q83_t1030
40645,q83_t1031
40646,q40_t1031
40646,q40_t1032
40647,q40_t1032
40647,q40_t1033
40648,q40_t1033
40648,q40_t1034
40648,q84_t1033
40648,q84_t1034
40649,q40_t1034
40649,q40_t1035
40650,q40_t1035
40650,q40_t1036
40651,q40_t1036
40651,q40_t1037
40651,q85_t1036
40651,q85_t1037
40652,q40_t1037
40652,q40_t1038
40653,q40_t1038
40653,q40_t1039
40654,q40_t1039
40654,q40_t1040
40654,q86_t1039
40654,q86_t1040
40655,q40_t1040
40655,q40_t1041
40656,q40_t1041
40656,q40_t1042
40657,q40_t1042
40657,q40_t1043
40657,q87_t1042
40657,q87_t1043
40658,q40_t1043
40658,q40_t1044
40659,q40_t1044
40659,q40_t1045
40660,q40_t1045
40660,q40_t1046
40660,q88_t1045
40660,q88_t1046
40661,q40_t1046
40661,q40_t1047
40662,q40_t1047
40662,q40_t1048
40663,q40_t1048
40663,q40_t1049
40663,q89_t1048
40663,q89_t1049
40664,q40_t1049
40664,q40_t1050
40665,q40_t1050
40665,q40_t1051
40666,q40_t1051
40666,q40_t1052
40666,q90_t1051
40666,q90_t1052
40667,q40_t1052
40667,q40_t1053
40668,q40_t1053
40668,q40_t1054
40669,q40_t1054
40669,q40_t1055
40669,q91_t1054
40669,q91_t1055
40670,q40_t1055
40670,q40_t1056
40671,q40_t1056
40671,q40_t1057
40672,q40_t1057
40672,q40_t1058
40672,q92_t1057
40672,q92_t1058
40673,q40_t1058
40673,q40_t1059
40674,q40_t1059
40674,q40_t1060
40675,q40_t1060
40675,q40_t1061
40675,q93_t1060
40675,q93_t1061
40676,q40_t1061
40676,q40_t1062
40677,q40_t1062
40677,q40_t1063
40678,q40_t1063
40678,q40_t1064
40678,q94_t1063
40678,q94_t1064
40679,q40_t1064
40679,q40_t1065
40680,q40_t1065
40680,q40_t1066
40681,q40_t1066
40681,q40_t1067
40681,q95_t1066
40681,q95_t1067
40682,q40_t1067
40682,q40_t1068
40683,q40_t1068
40683,q40_t1069
40684,q40_t1069
40684,q40_t1070
40684,q96_t1069
40684,q96_t1070
40685,q40_t1070
40685,q40_t1071
40686,q40_t1071
40686,q40_t1072
40687,q40_t1072
40687,q40_t1073
40687,q97_t1072
40687,q97_t1073
40688,q40_t1073
40688,q40_t1074
40689,q40_t1074
40689,q40_t1075
40690,q40_t1075
40690,q40_t1076
40690,q98_t1075
40690,q98_t1076
40691,q40_t1076
40691,q40_t1077
40692,q40_t1077
40692,q40_t1078
40693,q40_t1078
40693,q40_t1079
40693,q99_t1078
40693,q99_t1079
40694,q40_t1079
40694,q40_t1080
40695,q40_t1080
40695,q40_t1081
40696,q40_t1082
40696,q40_t1083
40697,q40_t1083
40697,q40_t1084
40698,q40_t1085
40698,q40_t1086
40699,q40_t1086
40699,q40_t1087
40700,q40_t1088
40700,q40_t1089
40701,q40_t1089
40701,q40_t1090
40702,q40_t1091
40702,q40_t1092
40703,q40_t1092
40703,q40_t1093
40704,q40_t1094
40704,q40_t1095
40705,q40_t1095
40705,q40_t1096
40706,q40_t1097
40706,q40_t1098
40707,q40_t1098
40707,q40_t1099
40708,q40_t1100
40708,q40_t1101
40709,q40_t1101
40709,q40_t1102
40710,q40_t1103
40710,q40_t1104
40711,q40_t1104
40711,q40_t1105
40712,q40_t1106
40712,q40_t1107
40713,q40_t1107
40713,q40_t1108
40714,q40_t1109
40714,q40_t1110
40715,q40_t1110
40715,q40_t1111
40716,q40_t120
40716,q40_t121
40717,q40_t121
40717,q40_t122
40718,q40_t123
40718,q40_t124
40719,q40_t124
40719,q40_t125
40720,q40_t126
40720,q40_t127
40721,q40_t127
40721,q40_t128
40722,q40_t129
40722,q40_t130
40723,q40_t130
40723,q40_t131
40724,q40_t131
40724,q40_t132
40724,q4_t131
40724,q4_t132
40725,q40_t132
40725,q40_t133
40726,q40_t133
40726,q40_t134
40727,q40_t134
40727,q40_t135
40727,q5_t134
40727,q5_t135
40728,q40_t135
40728,q40_t136
40729,q40_t136
40729,q40_t137
40730,q40_t137
40730,q40_t138
40730,q6_t137
40730,q6_t138
40731,q40_t138
40731,q40_t139
40732,q40_t139
40732,q40_t140
40733,q40_t140
40733,q40_t141
40733,q7_t140
40733,q7_t141
40734,q40_t141
40734,q40_t142
40735,q40_t142
40735,q40_t143
40736,q40_t143
40736,q40_t144
40736,q8_t143
40736,q8_t144
40737,q40_t144
40737,q40_t145
40738,q40_t145
40738,q40_t146
40739,q40_t146
40739,q40_t147
40739,q9_t146
40739,q9_t147
40740,q40_t147
40740,q40_t148
40741,q40_t148
40741,q40_t149
40742,q40_t150
40742,q40_t151
40743,q40_t151
40743,q40_t152
40744,q40_t153
40744,q40_t154
40745,q40_t154
40745,q40_t155
40746,q40_t156
40746,q40_t157
40747,q40_t157
40747,q40_t158
40748,q40_t159
40748,q40_t160
40749,q40_t160
40749,q40_t161
40750,q40_t162
40750,q40_t163
40751,q40_t163
40751,q40_t164
40752,q40_t165
40752,q40_t166
40753,q40_t166
40753,q40_t167
40754,q40_t168
40754,q40_t169
40755,q40_t169
40755,q40_t170
40756,q40_t171
40756,q40_t172
40757,q40_t172
40757,q40_t173
40758,q40_t174
40758,q40_t175
40759,q40_t175
40759,q40_t176
40760,q40_t177
40760,q40_t178
40761,q40_t178
40761,q40_t179
40762,q40_t180
40762,q40_t181
40763,q40_t181
40763,q40_t182
40764,q40_t183
40764,q40_t184
40765,q40_t184
40765,q40_t185
40766,q40_t186
40766,q40_t187
40767,q40_t187
40767,q40_t188
40768,q40_t189
40768,q40_t190
40769,q40_t190
40769,q40_t191
40770,q40_t192
40770,q40_t193
40771,q40_t193
40771,q40_t194
40772,q40_t195
40772,q40_t196
40773,q40_t196
40773,q40_t197
40774,q40_t198
40774,q40_t199
40775,q40_t199
40775,q40_t200
40776,q40_t201
40776,q40_t202
40777,q40_t202
40777,q40_t203
40778,q40_t204
40778,q40_t205
40779,q40_t205
40779,q40_t206
40780,q40_t207
40780,q40_t208
40781,q40_t208
40781,q40_t209
40782,q40_t210
40782,q40_t211
40783,q40_t211
40783,q40_t212
40784,q40_t213
40784,q40_t214
40785,q40_t214
40785,q40_t215
40786,q40_t216
40786,q40_t217
40787,q40_t217
40787,q40_t218
40788,q40_t219
40788,q40_t220
40789,q40_t220
40789,q40_t221
40790,q40_t222
40790,q40_t223
40791,q40_t223
40791,q40_t224
40792,q40_t225
40792,q40_t226
40793,q40_t226
40793,q40_t227
40794,q40_t228
40794,q40_t229
40795,q40_t229
40795,q40_t230
40796,q40_t231
40796,q40_t232
40797,q40_t232
40797,q40_t233
40798,q40_t234
40798,q40_t235
40799,q40_t235
40799,q40_t236
40800,q40_t237
40800,q40_t238
40801,q40_t238
40801,q40_t242
40802,q40_t242
40802,q40_t243
40802,q41_t242
40802,q41_t243
40803,q40_t243
40803,q40_t244
40804,q40_t244
40804,q40_t245
40805,q40_t245
40805,q40_t246
40805,q42_t245
40805,q42_t246
40806,q40_t246
40806,q40_t247
40807,q40_t247
40807,q40_t248
40808,q40_t248
40808,q40_t249
40808,q43_t248
40808,q43_t249
40809,q40_t249
40809,q40_t250
40810,q40_t250
40810,q40_t251
40811,q40_t251
40811,q40_t252
40811,q44_t251
40811,q44_t252
40812,q40_t252
40812,q40_t253
40813,q40_t253
40813,q40_t254
40814,q40_t254
40814,q40_t255
40814,q45_t254
40814,q45_t255
40815,q40_t255
40815,q40_t256
40816,q40_t256
40816,q40_t257
40817,q40_t257
40817,q40_t258
40817,q46_t257
40817,q46_t258
40818,q40_t258
40818,q40_t259
40819,q40_t259
40819,q40_t260
40820,q40_t260
40820,q40_t261
40820,q47_t260
40820,q47_t261
40821,q40_t261
40821,q40_t262
40822,q40_t262
40822,q40_t263
40823,q40_t263
40823,q40_t264
40823,q48_t263
40823,q48_t264
40824,q40_t264
40824,q40_t265
40825,q40_t265
40825,q40_t266
40826,q40_t266
40826,q40_t267
40826,q49_t266
40826,q49_t267
40827,q40_t267
40827,q40_t268
40828,q40_t268
40828,q40_t269
40829,q40_t269
40829,q40_t270
40829,q50_t269
40829,q50_t270
40830,q40_t270
40830,q40_t271
40831,q40_t271
40831,q40_t272
40832,q40_t272
40832,q40_t273
40832,q51_t272
40832,q51_t273
40833,q40_t273
40833,q40_t274
40834,q40_t274
40834,q40_t275
40835,q40_t275
40835,q40_t276
40835,q52_t275
40835,q52_t276
40836,q40_t276
40836,q40_t277
40837,q40_t277
40837,q40_t278
40838,q40_t278
40838,q40_t279
40838,q53_t278
40838,q53_t279
40839,q40_t279
40839,q40_t280
40840,q40_t280
40840,q40_t281
40841,q40_t281
40841,q40_t282
40841,q54_t281
40841,q54_t282
40842,q40_t282
40842,q40_t283
40843,q40_t283
40843,q40_t284
40844,q40_t284
40844,q40_t285
40844,q55_t284
40844,q55_t285
40845,q40_t285
40845,q40_t286
40846,q40_t286
40846,q40_t287
40847,q40_t287
40847,q40_t288
40847,q56_t287
40847,q56_t288
40848,q40_t288
40848,q40_t289
40849,q40_t289
40849,q40_t290
40850,q40_t290
40850,q40_t291
40850,q57_t290
40850,q57_t291
40851,q40_t291
40851,q40_t292
40852,q40_t292
40852,q40_t293
40853,q40_t293
40853,q40_t294
40853,q58_t293
40853,q58_t294
40854,q40_t294
40854,q40_t295
40855,q40_t295
40855,q40_t296
40856,q40_t296
40856,q40_t297
40856,q59_t296
40856,q59_t297
40857,q40_t297
40857,q40_t298
40858,q40_t298
40858,q40_t299
40859,q40_t299
40859,q40_t300
40859,q60_t299
40859,q60_t300
40860,q40_t300
40860,q40_t301
40861,q40_t301
40861,q40_t302
40862,q40_t302
40862,q40_t303
40862,q61_t302
40862,q61_t303
40863,q40_t303
40863,q40_t304
40864,q40_t304
40864,q40_t305
40865,q40_t305
40865,q40_t306
40865,q62_t305
40865,q62_t306
40866,q40_t306
40866,q40_t307
40867,q40_t307
40867,q40_t308
40868,q40_t308
40868,q40_t309
40868,q63_t308
40868,q63_t309
40869,q40_t309
40869,q40_t310
40870,q40_t310
40870,q40_t311
40871,q40_t311
40871,q40_t312
40871,q64_t311
40871,q64_t312
40872,q40_t312
40872,q40_t313
40873,q40_t313
40873,q40_t314
40874,q40_t314
40874,q40_t315
40874,q65_t314
40874,q65_t315
40875,q40_t315
40875,q40_t316
40876,q40_t316
40876,q40_t317
40877,q40_t317
40877,q40_t318
40877,q66_t317
40877,q66_t318
40878,q40_t318
40878,q40_t319
40879,q40_t319
40879,q40_t320
40880,q40_t320
40880,q40_t321
40880,q67_t320
40880,q67_t321
40881,q40_t321
40881,q40_t322
40882,q40_t322
40882,q40_t323
40883,q40_t323
40883,q40_t324
40883,q68_t323
40883,q68_t324
40884,q40_t324
40884,q40_t325
40885,q40_t325
40885,q40_t326
40886,q40_t326
40886,q40_t327
40886,q69_t326
40886,q69_t327
40887,q40_t327
40887,q40_t328
40888,q40_t328
40888,q40_t329
40889,q40_t329
40889,q40_t330
40889,q70_t329
40889,q70_t330
40890,q40_t330
40890,q40_t331
40891,q40_t331
40891,q40_t332
40892,q40_t332
40892,q40_t333
40892,q71_t332
40892,q71_t333
40893,q40_t333
40893,q40_t334
40894,q40_t334
40894,q40_t335
40895,q40_t335
40895,q40_t336
40895,q72_t335
40895,q72_t336
40896,q40_t336
40896,q40_t337
40897,q40_t337
40897,q40_t338
40898,q40_t338
40898,q40_t339
40898,q73_t338
40898,q73_t339
40899,q40_t339
40899,q40_t340
40900,q40_t340
40900,q40_t341
40901,q40_t341
40901,q40_t342
40901,q74_t341
40901,q74_t342
40902,q40_t342
40902,q40_t343
40903,q40_t343
40903,q40_t344
40904,q40_t344
40904,q40_t345
40904,q75_t344
40904,q75_t345
40905,q40_t345
40905,q40_t346
40906,q40_t346
40906,q40_t347
40907,q40_t347
40907,q40_t348
40907,q76_t347
40907,q76_t348
40908,q40_t348
40908,q40_t349
40909,q40_t349
40909,q40_t350
40910,q40_t350
40910,q40_t351
40910,q77_t350
40910,q77_t351
40911,q40_t351
40911,q40_t352
40912,q40_t352
40912,q40_t353
40913,q40_t353
40913,q40_t354
40913,q78_t353
40913,q78_t354
40914,q40_t354
40914,q40_t355
40915,q40_t355
40915,q40_t356
40916,q40_t356
40916,q40_t357
40916,q79_t356
40916,q79_t357
40917,q40_t357
40917,q40_t358
40918,q40_t358
40918,q40_t359
40919,q40_t359
40919,q40_t360
40919,q80_t359
40919,q80_t360
40920,q40_t360
40920,q40_t361
40921,q40_t361
40921,q40_t362
40922,q40_t362
40922,q40_t363
40922,q81_t362
40922,q81_t363
40923,q40_t363
40923,q40_t364
40924,q40_t364
40924,q40_t365
40925,q40_t365
40925,q40_t366
40925,q82_t365
40925,q82_t366
40926,q40_t366
40926,q40_t367
40927,q40_t367
40927,q40_t368
40928,q40_t368
40928,q40_t369
40928,q83_t368
40928,q83_t369
40929,q40_t369
40929,q40_t370
40930,q40_t370
40930,q40_t371
40931,q40_t371
40931,q40_t372
40931,q84_t371
40931,q84_t372
40932,q40_t372
40932,q40_t373
40933,q40_t373
40933,q40_t374
40934,q40_t374
40934,q40_t375
40934,q85_t374
40934,q85_t375
40935,q40_t375
40935,q40_t376
40936,q40_t376
40936,q40_t377
40937,q40_t377
40937,q40_t378
40937,q86_t377
40937,q86_t378
40938,q40_t378
40938,q40_t379
40939,q40_t379
40939,q40_t380
40940,q40_t380
40940,q40_t381
40940,q87_t380
40940,q87_t381
40941,q40_t381
40941,q40_t382
40942,q40_t382
40942,q40_t383
40943,q40_t383
40943,q40_t384
40943,q88_t383
40943,q88_t384
40944,q40_t384
40944,q40_t385
40945,q40_t385
40945,q40_t386
40946,q40_t386
40946,q40_t387
40946,q89_t386
40946,q89_t387
40947,q40_t387
40947,q40_t388
40948,q40_t388
40948,q40_t389
40949,q40_t389
40949,q40_t390
40949,q90_t389
40949,q90_t390
40950,q40_t390
40950,q40_t391
40951,q40_t391
40951,q40_t392
40952,q40_t392
40952,q40_t393
40952,q91_t392
40952,q91_t393
40953,q40_t393
40953,q40_t394
40954,q40_t394
40954,q40_t395
40955,q40_t395
40955,q40_t396
40955,q92_t395
40955,q92_t396
40956,q40_t396
40956,q40_t397
40957,q40_t397
40957,q40_t398
40958,q40_t398
40958,q40_t399
40958,q93_t398
40958,q93_t399
40959,q40_t399
40959,q40_t400
40960,q40_t400
40960,q40_t401
40961,q40_t401
40961,q40_t402
40961,q94_t401
40961,q94_t402
40962,q40_t402
40962,q40_t403
40963,q40_t403
40963,q40_t404
40964,q40_t404
40964,q40_t405
40964,q95_t404
40964,q95_t405
40965,q40_t405
40965,q40_t406
40966,q40_t406
40966,q40_t407
40967,q40_t407
40967,q40_t408
40967,q96_t407
40967,q96_t408
40968,q40_t408
40968,q40_t409
40969,q40_t409
40969,q40_t410
40970,q40_t410
40970,q40_t411
40970,q97_t410
40970,q97_t411
40971,q40_t411
40971,q40_t412
40972,q40_t412
40972,q40_t413
40973,q40_t413
40973,q40_t414
40973,q98_t413
40973,q98_t414
40974,q40_t414
40974,q40_t415
40975,q40_t415
40975,q40_t416
40976,q40_t416
40976,q40_t417
40976,q99_t416
40976,q99_t417
40977,q40_t417
40977,q40_t418
40978,q40_t418
40978,q40_t419
40979,q40_t420
40979,q40_t421
40980,q40_t421
40980,q40_t422
40981,q40_t423
40981,q40_t424
40982,q40_t424
40982,q40_t425
40983,q40_t426
40983,q40_t427
40984,q40_t427
40984,q40_t428
40985,q40_t429
40985,q40_t430
40986,q40_t430
40986,q40_t431
40987,q40_t432
40987,q40_t433
40988,q40_t433
40988,q40_t434
40989,q40_t435
40989,q40_t436
40990,q40_t436
40990,q40_t437
40991,q40_t438
40991,q40_t439
40992,q40_t439
40992,q40_t440
40993,q40_t441
40993,q40_t442
40994,q40_t442
40994,q40_t443
40995,q40_t444
40995,q40_t445
40996,q40_t445
40996,q40_t446
40997,q40_t447
40997,q40_t448
40998,q40_t448
40998,q40_t449
40999,q40_t449
40999,q40_t450
41000,q40_t451
41000,q40_t452
41001,q40_t452
41001,q40_t453
41002,q40_t454
41002,q40_t455
41003,q40_t455
41003,q40_t456
41004,q40_t457
41004,q40_t458
41005,q40_t458
41005,q40_t459
41006,q40_t460
41006,q40_t461
41007,q40_t461
41007,q40_t462
41008,q40_t462
41008,q40_t463
41008,q4_t462
41008,q4_t463
41009,q40_t463
41009,q40_t464
41010,q40_t464
41010,q40_t465
41011,q40_t465
41011,q40_t466
41011,q5_t465
41011,q5_t466
41012,q40_t466
41012,q40_t467
41013,q40_t467
41013,q40_t468
41014,q40_t468
41014,q40_t469
41014,q6_t468
41014,q6_t469
41015,q40_t469
41015,q40_t470
41016,q40_t470
41016,q40_t471
41017,q40_t471
41017,q40_t472
41017,q7_t471
41017,q7_t472
41018,q40_t472
41018,q40_t473
41019,q40_t473
41019,q40_t474
41020,q40_t474
41020,q40_t475
41020,q8_t474
41020,q8_t475
41021,q40_t475
41021,q40_t476
41022,q40_t476
41022,q40_t477
41023,q40_t477
41023,q40_t478
41023,q9_t477
41023,q9_t478
41024,q40_t478
41024,q40_t479
41025,q40_t479
41025,q40_t480
41026,q40_t481
41026,q40_t482
41027,q40_t482
41027,q40_t483
41028,q40_t484
41028,q40_t485
41029,q40_t485
41029,q40_t486
41030,q40_t487
41030,q40_t488
41031,q40_t488
41031,q40_t489
41032,q40_t490
41032,q40_t491
41033,q40_t491
41033,q40_t492
41034,q40_t493
41034,q40_t494
41035,q40_t494
41035,q40_t495
41036,q40_t496
41036,q40_t497
41037,q40_t497
41037,q40_t498
41038,q40_t499
41038,q40_t500
41039,q40_t500
41039,q40_t501
41040,q40_t502
41040,q40_t503
41041,q40_t503
41041,q40_t504
41042,q40_t505
41042,q40_t506
41043,q40_t506
41043,q40_t507
41044,q40_t508
41044,q40_t509
41045,q40_t509
41045,q40_t510
41046,q40_t511
41046,q40_t512
41047,q40_t512
41047,q40_t513
41048,q40_t514
41048,q40_t515
41049,q40_t515
41049,q40_t516
41050,q40_t517
41050,q40_t518
41051,q40_t518
41051,q40_t519
41052,q40_t520
41052,q40_t521
41053,q40_t521
41053,q40_t522
41054,q40_t523
41054,q40_t524
41055,q40_t524
41055,q40_t525
41056,q40_t526
41056,q40_t527
41057,q40_t527
41057,q40_t528
41058,q40_t529
41058,q40_t530
41059,q40_t530
41059,q40_t531
41060,q40_t532
41060,q40_t533
41061,q40_t533
41061,q40_t534
41062,q40_t535
41062,q40_t536
41063,q40_t536
41063,q40_t537
41064,q40_t538
41064,q40_t539
41065,q40_t539
41065,q40_t540
41066,q40_t541
41066,q40_t542
41067,q40_t542
41067,q40_t543
41068,q40_t544
41068,q40_t545
41069,q40_t545
41069,q40_t546
41070,q40_t547
41070,q40_t548
41071,q40_t548
41071,q40_t549
41072,q40_t550
41072,q40_t551
41073,q40_t551
41073,q40_t552
41074,q40_t553
41074,q40_t554
41075,q40_t554
41075,q40_t555
41076,q40_t556
41076,q40_t557
41077,q40_t557
41077,q40_t558
41078,q40_t559
41078,q40_t560
41079,q40_t560
41079,q40_t561
41080,q40_t562
41080,q40_t563
41081,q40_t563
41081,q40_t564
41082,q40_t565
41082,q40_t566
41083,q40_t566
41083,q40_t567
41084,q40_t568
41084,q40_t569
41085,q40_t569
41085,q40_t573
41086,q40_t573
41086,q40_t574
41086,q41_t573
41086,q41_t574
41087,q40_t574
41087,q40_t575
41088,q40_t575
41088,q40_t576
41089,q40_t576
41089,q40_t577
41089,q42_t576
41089,q42_t577
41090,q40_t577
41090,q40_t578
41091,q40_t578
41091,q40_t579
41092,q40_t579
41092,q40_t580
41092,q43_t579
41092,q43_t580
41093,q40_t580
41093,q40_t581
41094,q40_t581
41094,q40_t582
41095,q40_t582
41095,q40_t583
41095,q44_t582
41095,q44_t583
41096,q40_t583
41096,q40_t584
41097,q40_t584
41097,q40_t585
41098,q40_t585
41098,q40_t586
41098,q45_t585
41098,q45_t586
41099,q40_t586
41099,q40_t587
41100,q40_t587
41100,q40_t588
41101,q40_t588
41101,q40_t589
41101,q46_t588
41101,q46_t589
41102,q40_t589
41102,q40_t590
41103,q40_t590
41103,q40_t591
41104,q40_t591
41104,q40_t592
41104,q47_t591
41104,q47_t592
41105,q40_t592
41105,q40_t593
41106,q40_t593
41106,q40_t594
41107,q40_t594
41107,q40_t595
41107,q48_t594
41107,q48_t595
41108,q40_t595
41108,q40_t596
41109,q40_t596
41109,q40_t597
41110,q40_t597
41110,q40_t598
41110,q49_t597
41110,q49_t598
41111,q40_t598
41111,q40_t599
41112,q40_t599
41112,q40_t600
41113,q40_t600
41113,q40_t601
41113,q50_t600
41113,q50_t601
41114,q40_t601
41114,q40_t602
41115,q40_t602
41115,q40_t603
41116,q40_t603
41116,q40_t604
41116,q51_t603
41116,q51_t604
41117,q40_t604
41117,q40_t605
41118,q40_t605
41118,q40_t606
41119,q40_t606
41119,q40_t607
41119,q52_t606
41119,q52_t607
41120,q40_t607
41120,q40_t608
41121,q40_t608
41121,q40_t609
41122,q40_t609
41122,q40_t610
41122,q53_t609
41122,q53_t610
41123,q40_t610
41123,q40_t611
41124,q40_t611
41124,q40_t612
41125,q40_t612
41125,q40_t613
41125,q54_t612
41125,q54_t613
41126,q40_t613
41126,q40_t614
41127,q40_t614
41127,q40_t615
41128,q40_t615
41128,q40_t616
41128,q55_t615
41128,q55_t616
41129,q40_t616
41129,q40_t617
41130,q40_t617
41130,q40_t618
41131,q40_t618
41131,q40_t619
41131,q56_t618
41131,q56_t619
41132,q40_t619
41132,q40_t620
41133,q40_t620
41133,q40_t621
41134,q40_t621
41134,q40_t622
41134,q57_t621
41134,q57_t622
41135,q40_t622
41135,q40_t623
41136,q40_t623
41136,q40_t624
41137,q40_t624
41137,q40_t625
41137,q58_t624
41137,q58_t625
41138,q40_t625
41138,q40_t626
41139,q40_t626
41139,q40_t627
41140,q40_t627
41140,q40_t628
41140,q59_t627
41140,q59_t628
41141,q40_t628
41141,q40_t629
41142,q40_t629
41142,q40_t630
41143,q40_t630
41143,q40_t631
41143,q60_t630
41143,q60_t631
41144,q40_t631
41144,q40_t632
41145,q40_t632
41145,q40_t633
41146,q40_t633
41146,q40_t634
41146,q61_t633
41146,q61_t634
41147,q40_t634
41147,q40_t635
41148,q40_t635
41148,q40_t636
41149,q40_t636
41149,q40_t637
41149,q62_t636
41149,q62_t637
41150,q40_t637
41150,q40_t638
41151,q40_t638
41151,q40_t639
41152,q40_t639
41152,q40_t640
41152,q63_t639
41152,q63_t640
41153,q40_t640
41153,q40_t641
41154,q40_t641
41154,q40_t642
41155,q40_t642
41155,q40_t643
41155,q64_t642
41155,q64_t643
41156,q40_t643
41156,q40_t644
41157,q40_t644
41157,q40_t645
41158,q40_t645
41158,q40_t646
41158,q65_t645
41158,q65_t646
41159,q40_t646
41159,q40_t647
41160,q40_t647
41160,q40_t648
41161,q40_t648
41161,q40_t649
41161,q66_t648
41161,q66_t649
41162,q40_t649
41162,q40_t650
41163,q40_t650
41163,q40_t651
41164,q40_t651
41164,q40_t652
41164,q67_t651
41164,q67_t652
41165,q40_t652
41165,q40_t653
41166,q40_t653
41166,q40_t654
41167,q40_t654
41167,q40_t655
41167,q68_t654
41167,q68_t655
41168,q40_t655
41168,q40_t656
41169,q40_t656
41169,q40_t657
41170,q40_t657
41170,q40_t658
41170,q69_t657
41170,q69_t658
41171,q40_t658
41171,q40_t659
41172,q40_t659
41172,q40_t660
41173,q40_t660
41173,q40_t661
41173,q70_t660
41173,q70_t661
41174,q40_t661
41174,q40_t662
41175,q40_t662
41175,q40_t663
41176,q40_t663
41176,q40_t664
41176,q71_t663
41176,q71_t664
41177,q40_t664
41177,q40_t665
41178,q40_t665
41178,q40_t666
41179,q40_t666
41179,q40_t667
41179,q72_t666
41179,q72_t667
41180,q40_t667
41180,q40_t668
41181,q40_t668
41181,q40_t669
41182,q40_t669
41182,q40_t670
41182,q73_t669
41182,q73_t670
41183,q40_t670
41183,q40_t671
41184,q40_t671
41184,q40_t672
41185,q40_t672
41185,q40_t673
41185,q74_t672
41185,q74_t673
41186,q40_t673
41186,q40_t674
41187,q40_t674
41187,q40_t675
41188,q40_t675
41188,q40_t676
41188,q75_t675
41188,q75_t676
41189,q40_t676
41189,q40_t677
41190,q40_t677
41190,q40_t678
41191,q40_t678
41191,q40_t679
41191,q76_t678
41191,q76_t679
41192,q40_t679
41192,q40_t680
41193,q40_t680
41193,q40_t681
41194,q40_t681
41194,q40_t682
41194,q77_t681
41194,q77_t682
41195,q40_t682
41195,q40_t683
41196,q40_t683
41196,q40_t684
41197,q40_t684
41197,q40_t685
41197,q78_t684
41197,q78_t685
41198,q40_t685
41198,q40_t686
41199,q40_t686
41199,q40_t687
41200,q40_t687
41200,q40_t688
41200,q79_t687
41200,q79_t688
41201,q40_t688
41201,q40_t689
41202,q40_t689
41202,q40_t690
41203,q40_t690
41203,q40_t691
41203,q80_t690
41203,q80_t691
41204,q40_t691
41204,q40_t692
41205,q40_t692
41205,q40_t693
41206,q40_t693
41206,q40_t694
41206,q81_t693
41206,q81_t694
41207,q40_t694
41207,q40_t695
41208,q40_t695
41208,q40_t696
41209,q40_t696
41209,q40_t697
41209,q82_t696
41209,q82_t697
41210,q40_t697
41210,q40_t698
41211,q40_t698
41211,q40_t699
41212,q40_t699
41212,q40_t700
41212,q83_t699
41212,q83_t700
41213,q40_t700
41213,q40_t701
41214,q40_t701
41214,q40_t702
41215,q40_t702
41215,q40_t703
41215,q84_t702
41215,q84_t703
41216,q40_t703
41216,q40_t704
41217,q40_t704
41217,q40_t705
41218,q40_t705
41218,q40_t706
41218,q85_t705
41218,q85_t706
41219,q40_t706
41219,q40_t707
41220,q40_t707
41220,q40_t708
41221,q40_t708
41221,q40_t709
41221,q86_t708
41221,q86_t709
41222,q40_t709
41222,q40_t710
41223,q40_t710
41223,q40_t711
41224,q40_t711
41224,q40_t712
41224,q87_t711
41224,q87_t712
41225,q40_t712
41225,q40_t713
41226,q40_t713
41226,q40_t714
41227,q40_t714
41227,q40_t715
41227,q88_t714
41227,q88_t715
41228,q40_t715
41228,q40_t716
41229,q40_t716
41229,q40_t717
41230,q40_t717
41230,q40_t718
41230,q89_t717
41230,q89_t718
41231,q40_t718
41231,q40_t719
41232,q40_t719
41232,q40_t720
41233,q40_t720
41233,q40_t721
41233,q90_t720
41233,q90_t721
41234,q40_t721
41234,q40_t722
41235,q40_t722
41235,q40_t723
41236,q40_t723
41236,q40_t724
41236,q91_t723
41236,q91_t724
41237,q40_t724
41237,q40_t725
41238,q40_t725
41238,q40_t726
41239,q40_t726
41239,q40_t727
41239,q92_t726
41239,q92_t727
41240,q40_t727
41240,q40_t728
41241,q40_t728
41241,q40_t729
41242,q40_t729
41242,q40_t730
41242,q93_t729
41242,q93_t730
41243,q40_t730
41243,q40_t731
41244,q40_t731
41244,q40_t732
41245,q40_t732
41245,q40_t733
41245,q94_t732
41245,q94_t733
41246,q40_t733
41246,q40_t734
41247,q40_t734
41247,q40_t735
41248,q40_t735
41248,q40_t736
41248,q95_t735
41248,q95_t736
41249,q40_t736
41249,q40_t737
41250,q40_t737
41250,q40_t738
41251,q40_t738
41251,q40_t739
41251,q96_t738
41251,q96_t739
41252,q40_t739
41252,q40_t740
41253,q40_t740
41253,q40_t741
41254,q40_t741
41254,q40_t742
41254,q97_t741
41254,q97_t742
41255,q40_t742
41255,q40_t743
41256,q40_t743
41256,q40_t744
41257,q40_t744
41257,q40_t745
41257,q98_t744
41257,q98_t745
41258,q40_t745
41258,q40_t746
41259,q40_t746
41259,q40_t747
41260,q40_t747
41260,q40_t748
41260,q99_t747
41260,q99_t748
41261,q40_t748
41261,q40_t749
41262,q40_t749
41262,q40_t750
41263,q40_t751
41263,q40_t752
41264,q40_t752
41264,q40_t753
41265,q40_t754
41265,q40_t755
41266,q40_t755
41266,q40_t756
41267,q40_t757
41267,q40_t758
41268,q40_t758
41268,q40_t759
41269,q40_t760
41269,q40_t761
41270,q40_t761
41270,q40_t762
41271,q40_t763
41271,q40_t764
41272,q40_t764
41272,q40_t765
41273,q40_t766
41273,q40_t767
41274,q40_t767
41274,q40_t768
41275,q40_t769
41275,q40_t770
41276,q40_t770
41276,q40_t771
41277,q40_t772
41277,q40_t773
41278,q40_t773
41278,q40_t774
41279,q40_t775
41279,q40_t776
41280,q40_t776
41280,q40_t777
41281,q40_t778
41281,q40_t779
41282,q40_t779
41282,q40_t780
41283,q40_t780
41283,q40_t781
41284,q40_t782
41284,q40_t783
41285,q40_t783
41285,q40_t784
41286,q40_t785
41286,q40_t786
41287,q40_t786
41287,q40_t787
41288,q40_t788
41288,q40_t789
41289,q40_t789
41289,q40_t790
41290,q40_t791
41290,q40_t792
41291,q40_t792
41291,q40_t793
41292,q40_t793
41292,q40_t794
41292,q4_t793
41292,q4_t794
41293,q40_t794
41293,q40_t795
41294,q40_t795
41294,q40_t796
41295,q40_t796
41295,q40_t797
41295,q5_t796
41295,q5_t797
41296,q40_t797
41296,q40_t798
41297,q40_t798
41297,q40_t799
41298,q40_t799
41298,q40_t800
41298,q6_t799
41298,q6_t800
41299,q40_t800
41299,q40_t801
41300,q40_t801
41300,q40_t802
41301,q40_t802
41301,q40_t803
41301,q7_t802
41301,q7_t803
41302,q40_t803
41302,q40_t804
41303,q40_t804
41303,q40_t805
41304,q40_t805
41304,q40_t806
41304,q8_t805
41304,q8_t806
41305,q40_t806
41305,q40_t807
41306,q40_t807
41306,q40_t808
41307,q40_t808
41307,q40_t809
41307,q9_t808
41307,q9_t809
41308,q40_t809
41308,q40_t810
41309,q40_t810
41309,q40_t811
41310,q40_t812
41310,q40_t813
41311,q40_t813
41311,q40_t814
41312,q40_t815
41312,q40_t816
41313,q40_t816
41313,q40_t817
41314,q40_t818
41314,q40_t819
41315,q40_t819
41315,q40_t820
41316,q40_t821
41316,q40_t822
41317,q40_t822
41317,q40_t823
41318,q40_t824
41318,q40_t825
41319,q40_t825
41319,q40_t826
41320,q40_t827
41320,q40_t828
41321,q40_t828
41321,q40_t829
41322,q40_t830
41322,q40_t831
41323,q40_t831
41323,q40_t832
41324,q40_t833
41324,q40_t834
41325,q40_t834
41325,q40_t835
41326,q40_t836
41326,q40_t837
41327,q40_t837
41327,q40_t838
41328,q40_t839
41328,q40_t840
41329,q40_t840
41329,q40_t841
41330,q40_t842
41330,q40_t843
41331,q40_t843
41331,q40_t844
41332,q40_t845
41332,q40_t846
41333,q40_t846
41333,q40_t847
41334,q40_t848
41334,q40_t849
41335,q40_t849
41335,q40_t850
41336,q40_t851
41336,q40_t852
41337,q40_t852
41337,q40_t853
41338,q40_t854
41338,q40_t855
41339,q40_t855
41339,q40_t856
41340,q40_t857
41340,q40_t858
41341,q40_t858
41341,q40_t859
41342,q40_t860
41342,q40_t861
41343,q40_t861
41343,q40_t862
41344,q40_t863
41344,q40_t864
41345,q40_t864
41345,q40_t865
41346,q40_t866
41346,q40_t867
41347,q40_t867
41347,q40_t868
41348,q40_t869
41348,q40_t870
41349,q40_t870
41349,q40_t871
41350,q40_t872
41350,q40_t873
41351,q40_t873
41351,q40_t874
41352,q40_t875
41352,q40_t876
41353,q40_t876
41353,q40_t877
41354,q40_t878
41354,q40_t879
41355,q40_t879
41355,q40_t880
41356,q40_t881
41356,q40_t882
41357,q40_t882
41357,q40_t883
41358,q40_t884
41358,q40_t885
41359,q40_t885
41359,q40_t886
41360,q40_t887
41360,q40_t888
41361,q40_t888
41361,q40_t889
41362,q40_t890
41362,q40_t891
41363,q40_t891
41363,q40_t892
41364,q40_t893
41364,q40_t894
41365,q40_t894
41365,q40_t895
41366,q40_t896
41366,q40_t897
41367,q40_t897
41367,q40_t898
41368,q40_t899
41368,q40_t900
41369,q40_t900
41369,q40_t904
41370,q40_t904
41370,q40_t905
41370,q41_t904
41370,q41_t905
41371,q40_t905
41371,q40_t906
41372,q40_t906
41372,q40_t907
41373,q40_t907
41373,q40_t908
41373,q42_t907
41373,q42_t908
41374,q40_t908
41374,q40_t909
41375,q40_t909
41375,q40_t910
41376,q40_t910
41376,q40_t911
41376,q43_t910
41376,q43_t911
41377,q40_t911
41377,q40_t912
41378,q40_t912
41378,q40_t913
41379,q40_t913
41379,q40_t914
41379,q44_t913
41379,q44_t914
41380,q40_t914
41380,q40_t915
41381,q40_t915
41381,q40_t916
41382,q40_t916
41382,q40_t917
41382,q45_t916
41382,q45_t917
41383,q40_t917
41383,q40_t918
41384,q40_t918
41384,q40_t919
41385,q40_t919
41385,q40_t920
41385,q46_t919
41385,q46_t920
41386,q40_t920
41386,q40_t921
41387,q40_t921
41387,q40_t922
41388,q40_t922
41388,q40_t923
41388,q47_t922
41388,q47_t923
41389,q40_t923
41389,q40_t924
41390,q40_t924
41390,q40_t925
41391,q40_t925
41391,q40_t926
41391,q48_t925
41391,q48_t926
41392,q40_t926
41392,q40_t927
41393,q40_t927
41393,q40_t928
41394,q40_t928
41394,q40_t929
41394,q49_t928
41394,q49_t929
41395,q40_t929
41395,q40_t930
41396,q40_t930
41396,q40_t931
41397,q40_t931
41397,q40_t932
41397,q50_t931
41397,q50_t932
41398,q40_t932
41398,q40_t933
41399,q40_t933
41399,q40_t934
41400,q40_t934
41400,q40_t935
41400,q51_t934
41400,q51_t935
41401,q40_t935
41401,q40_t936
41402,q40_t936
41402,q40_t937
41403,q40_t937
41403,q40_t938
41403,q52_t937
41403,q52_t938
41404,q40_t938
41404,q40_t939
41405,q40_t939
41405,q40_t940
41406,q40_t940
41406,q40_t941
41406,q53_t940
41406,q53_t941
41407,q40_t941
41407,q40_t942
41408,q40_t942
41408,q40_t943
41409,q40_t943
41409,q40_t944
41409,q54_t943
41409,q54_t944
41410,q40_t944
41410,q40_t945
41411,q40_t945
41411,q40_t946
41412,q40_t946
41412,q40_t947
41412,q55_t946
41412,q55_t947
41413,q40_t947
41413,q40_t948
41414,q40_t948
41414,q40_t949
41415,q40_t949
41415,q40_t950
41415,q56_t949
41415,q56_t950
41416,q40_t950
41416,q40_t951
41417,q40_t951
41417,q40_t952
41418,q40_t952
41418,q40_t953
41418,q57_t952
41418,q57_t953
41419,q40_t953
41419,q40_t954
41420,q40_t954
41420,q40_t955
41421,q40_t955
41421,q40_t956
41421,q58_t955
41421,q58_t956
41422,q40_t956
41422,q40_t957
41423,q40_t957
41423,q40_t958
41424,q40_t958
41424,q40_t959
41424,q59_t958
41424,q59_t959
41425,q40_t959
41425,q40_t960
41426,q40_t960
41426,q40_t961
41427,q40_t961
41427,q40_t962
41427,q60_t961
41427,q60_t962
41428,q40_t962
41428,q40_t963
41429,q40_t963
41429,q40_t964
41430,q40_t964
41430,q40_t965
41430,q61_t964
41430,q61_t965
41431,q40_t965
41431,q40_t966
41432,q40_t966
41432,q40_t967
41433,q40_t967
41433,q40_t968
41433,q62_t967
41433,q62_t968
41434,q40_t968
41434,q40_t969
41435,q40_t969
41435,q40_t970
41436,q40_t970
41436,q40_t971
41436,q63_t970
41436,q63_t971
41437,q40_t971
41437,q40_t972
41438,q40_t972
41438,q40_t973
41439,q40_t973
41439,q40_t974
41439,q64_t973
41439,q64_t974
41440,q40_t974
41440,q40_t975
41441,q40_t975
41441,q40_t976
41442,q40_t976
41442,q40_t977
41442,q65_t976
41442,q65_t977
41443,q40_t977
41443,q40_t978
41444,q40_t978
41444,q40_t979
41445,q40_t979
41445,q40_t980
41445,q66_t979
41445,q66_t980
41446,q40_t980
41446,q40_t981
41447,q40_t981
41447,q40_t982
41448,q40_t982
41448,q40_t983
41448,q67_t982
41448,q67_t983
41449,q40_t983
41449,q40_t984
41450,q40_t984
41450,q40_t985
41451,q40_t985
41451,q40_t986
41451,q68_t985
41451,q68_t986
41452,q40_t986
41452,q40_t987
41453,q40_t987
41453,q40_t988
41454,q40_t988
41454,q40_t989
41454,q69_t988
41454,q69_t989
41455,q40_t989
41455,q40_t990
41456,q40_t990
41456,q40_t991
41457,q40_t991
41457,q40_t992
41457,q70_t991
41457,q70_t992
41458,q40_t992
41458,q40_t993
41459,q40_t993
41459,q40_t994
41460,q40_t994
41460,q40_t995
41460,q71_t994
41460,q71_t995
41461,q40_t995
41461,q40_t996
41462,q40_t996
41462,q40_t997
41463,q40_t997
41463,q40_t998
41463,q72_t997
41463,q72_t998
41464,q40_t998
41464,q40_t999
41465,q41_t0
41465,q41_t1
41466,q41_t1
41466,q41_t122
41467,q41_t1000
41467,q41_t1001
41467,q72_t1000
41467,q72_t1001
41468,q41_t1000
41468,q41_t999
41469,q41_t1001
41469,q41_t1002
41470,q41_t1002
41470,q41_t1003
41471,q41_t1003
41471,q41_t1004
41471,q73_t1003
41471,q73_t1004
41472,q41_t1004
41472,q41_t1005
41473,q41_t1005
41473,q41_t1006
41474,q41_t1006
41474,q41_t1007
41474,q74_t1006
41474,q74_t1007
41475,q41_t1007
41475,q41_t1008
41476,q41_t1008
41476,q41_t1009
41477,q41_t1009
41477,q41_t1010
41477,q75_t1009
41477,q75_t1010
41478,q41_t1010
41478,q41_t1011
41479,q41_t1011
41479,q41_t1012
41480,q41_t1012
41480,q41_t1013
41480,q76_t1012
41480,q76_t1013
41481,q41_t1013
41481,q41_t1014
41482,q41_t1014
41482,q41_t1015
41483,q41_t1015
41483,q41_t1016
41483,q77_t1015
41483,q77_t1016
41484,q41_t1016
41484,q41_t1017
41485,q41_t1017
41485,q41_t1018
41486,q41_t1018
41486,q41_t1019
41486,q78_t1018
41486,q78_t1019
41487,q41_t1019
41487,q41_t1020
41488,q41_t1020
41488,q41_t1021
41489,q41_t1021
41489,q41_t1022
41489,q79_t1021
41489,q79_t1022
41490,q41_t1022
41490,q41_t1023
41491,q41_t1023
41491,q41_t1024
41492,q41_t1024
41492,q41_t1025
41492,q80_t1024
41492,q80_t1025
41493,q41_t1025
41493,q41_t1026
41494,q41_t1026
41494,q41_t1027
41495,q41_t1027
41495,q41_t1028
41495,q81_t1027
41495,q81_t1028
41496,q41_t1028
41496,q41_t1029
41497,q41_t1029
41497,q41_t1030
41498,q41_t1030
41498,q41_t1031
41498,q82_t1030
41498,q82_t1031
41499,q41_t1031
41499,q41_t1032
41500,q41_t1032
41500,q41_t1033
41501,q41_t1033
41501,q41_t1034
41501,q83_t1033
41501,q83_t1034
41502,q41_t1034
41502,q41_t1035
41503,q41_t1035
41503,q41_t1036
41504,q41_t1036
41504,q41_t1037
41504,q84_t1036
41504,q84_t1037
41505,q41_t1037
41505,q41_t1038
41506,q41_t1038
41506,q41_t1039
41507,q41_t1039
41507,q41_t1040
41507,q85_t1039
41507,q85_t1040
41508,q41_t1040
41508,q41_t1041
41509,q41_t1041
41509,q41_t1042
41510,q41_t1042
41510,q41_t1043
41510,q86_t1042
41510,q86_t1043
41511,q41_t1043
41511,q41_t1044
41512,q41_t1044
41512,q41_t1045
41513,q41_t1045
41513,q41_t1046
41513,q87_t1045
41513,q87_t1046
41514,q41_t1046
41514,q41_t1047
41515,q41_t1047
41515,q41_t1048
41516,q41_t1048
41516,q41_t1049
41516,q88_t1048
41516,q88_t1049
41517,q41_t1049
41517,q41_t1050
41518,q41_t1050
41518,q41_t1051
41519,q41_t1051
41519,q41_t1052
41519,q89_t1051
41519,q89_t1052
41520,q41_t1052
41520,q41_t1053
41521,q41_t1053
41521,q41_t1054
41522,q41_t1054
41522,q41_t1055
41522,q90_t1054
41522,q90_t1055
41523,q41_t1055
41523,q41_t1056
41524,q41_t1056
41524,q41_t1057
41525,q41_t1057
41525,q41_t1058
41525,q91_t1057
41525,q91_t1058
41526,q41_t1058
41526,q41_t1059
41527,q41_t1059
41527,q41_t1060
41528,q41_t1060
41528,q41_t1061
41528,q92_t1060
41528,q92_t1061
41529,q41_t1061
41529,q41_t1062
41530,q41_t1062
41530,q41_t1063
41531,q41_t1063
41531,q41_t1064
41531,q93_t1063
41531,q93_t1064
41532,q41_t1064
41532,q41_t1065
41533,q41_t1065
41533,q41_t1066
41534,q41_t1066
41534,q41_t1067
41534,q94_t1066
41534,q94_t1067
41535,q41_t1067
41535,q41_t1068
41536,q41_t1068
41536,q41_t1069
41537,q41_t1069
41537,q41_t1070
41537,q95_t1069
41537,q95_t1070
41538,q41_t1070
41538,q41_t1071
41539,q41_t1071
41539,q41_t1072
41540,q41_t1072
41540,q41_t1073
41540,q96_t1072
41540,q96_t1073
41541,q41_t1073
41541,q41_t1074
41542,q41_t1074
41542,q41_t1075
41543,q41_t1075
41543,q41_t1076
41543,q97_t1075
41543,q97_t1076
41544,q41_t1076
41544,q41_t1077
41545,q41_t1077
41545,q41_t1078
41546,q41_t1078
41546,q41_t1079
41546,q98_t1078
41546,q98_t1079
41547,q41_t1079
41547,q41_t1080
41548,q41_t1080
41548,q41_t1081
41549,q41_t1081
41549,q41_t1082
41549,q99_t1081
41549,q99_t1082
41550,q41_t1082
41550,q41_t1083
41551,q41_t1083
41551,q41_t1084
41552,q41_t1085
41552,q41_t1086
41553,q41_t1086
41553,q41_t1087
41554,q41_t1088
41554,q41_t1089
41555,q41_t1089
41555,q41_t1090
41556,q41_t1091
41556,q41_t1092
41557,q41_t1092
41557,q41_t1093
41558,q41_t1094
41558,q41_t1095
41559,q41_t1095
41559,q41_t1096
41560,q41_t1097
41560,q41_t1098
41561,q41_t1098
41561,q41_t1099
41562,q41_t1100
41562,q41_t1101
41563,q41_t1101
41563,q41_t1102
41564,q41_t1103
41564,q41_t1104
41565,q41_t1104
41565,q41_t1105
41566,q41_t1106
41566,q41_t1107
41567,q41_t1107
41567,q41_t1108
41568,q41_t1109
41568,q41_t1110
41569,q41_t1110
41569,q41_t1111
41570,q41_t1112
41570,q41_t1113
41571,q41_t1113
41571,q41_t1114
41572,q41_t123
41572,q41_t124
41573,q41_t124
41573,q41_t125
41574,q41_t126
41574,q41_t127
41575,q41_t127
41575,q41_t128
41576,q41_t129
41576,q41_t130
41577,q41_t130
41577,q41_t131
41578,q41_t132
41578,q41_t133
41579,q41_t133
41579,q41_t134
41580,q41_t134
41580,q41_t135
41580,q4_t134
41580,q4_t135
41581,q41_t135
41581,q41_t136
41582,q41_t136
41582,q41_t137
41583,q41_t137
41583,q41_t138
41583,q5_t137
41583,q5_t138
41584,q41_t138
41584,q41_t139
41585,q41_t139
41585,q41_t140
41586,q41_t140
41586,q41_t141
41586,q6_t140
41586,q6_t141
41587,q41_t141
41587,q41_t142
41588,q41_t142
41588,q41_t143
41589,q41_t143
41589,q41_t144
41589,q7_t143
41589,q7_t144
41590,q41_t144
41590,q41_t145
41591,q41_t145
41591,q41_t146
41592,q41_t146
41592,q41_t147
41592,q8_t146
41592,q8_t147
41593,q41_t147
41593,q41_t148
41594,q41_t148
41594,q41_t149
41595,q41_t149
41595,q41_t150
41595,q9_t149
41595,q9_t150
41596,q41_t150
41596,q41_t151
41597,q41_t151
41597,q41_t152
41598,q41_t153
41598,q41_t154
41599,q41_t154
41599,q41_t155
41600,q41_t156
41600,q41_t157
41601,q41_t157
41601,q41_t158
41602,q41_t159
41602,q41_t160
41603,q41_t160
41603,q41_t161
41604,q41_t162
41604,q41_t163
41605,q41_t163
41605,q41_t164
41606,q41_t165
41606,q41_t166
41607,q41_t166
41607,q41_t167
41608,q41_t168
41608,q41_t169
41609,q41_t169
41609,q41_t170
41610,q41_t171
41610,q41_t172
41611,q41_t172
41611,q41_t173
41612,q41_t174
41612,q41_t175
41613,q41_t175
41613,q41_t176
41614,q41_t177
41614,q41_t178
41615,q41_t178
41615,q41_t179
41616,q41_t180
41616,q41_t181
41617,q41_t181
41617,q41_t182
41618,q41_t183
41618,q41_t184
41619,q41_t184
41619,q41_t185
41620,q41_t186
41620,q41_t187
41621,q41_t187
41621,q41_t188
41622,q41_t189
41622,q41_t190
41623,q41_t190
41623,q41_t191
41624,q41_t192
41624,q41_t193
41625,q41_t193
41625,q41_t194
41626,q41_t195
41626,q41_t196
41627,q41_t196
41627,q41_t197
41628,q41_t198
41628,q41_t199
41629,q41_t199
41629,q41_t200
41630,q41_t201
41630,q41_t202
41631,q41_t202
41631,q41_t203
41632,q41_t204
41632,q41_t205
41633,q41_t205
41633,q41_t206
41634,q41_t207
41634,q41_t208
41635,q41_t208
41635,q41_t209
41636,q41_t210
41636,q41_t211
41637,q41_t211
41637,q41_t212
41638,q41_t213
41638,q41_t214
41639,q41_t214
41639,q41_t215
41640,q41_t216
41640,q41_t217
41641,q41_t217
41641,q41_t218
41642,q41_t219
41642,q41_t220
41643,q41_t220
41643,q41_t221
41644,q41_t222
41644,q41_t223
41645,q41_t223
41645,q41_t224
41646,q41_t225
41646,q41_t226
41647,q41_t226
41647,q41_t227
41648,q41_t228
41648,q41_t229
41649,q41_t229
41649,q41_t230
41650,q41_t231
41650,q41_t232
41651,q41_t232
41651,q41_t233
41652,q41_t234
41652,q41_t235
41653,q41_t235
41653,q41_t236
41654,q41_t237
41654,q41_t238
41655,q41_t238
41655,q41_t239
41656,q41_t240
41656,q41_t241
41657,q41_t241
41657,q41_t242
41658,q41_t243
41658,q41_t244
41659,q41_t244
41659,q41_t248
41660,q41_t248
41660,q41_t249
41660,q42_t248
41660,q42_t249
41661,q41_t249
41661,q41_t250
41662,q41_t250
41662,q41_t251
41663,q41_t251
41663,q41_t252
41663,q43_t251
41663,q43_t252
41664,q41_t252
41664,q41_t253
41665,q41_t253
41665,q41_t254
41666,q41_t254
41666,q41_t255
41666,q44_t254
41666,q44_t255
41667,q41_t255
41667,q41_t256
41668,q41_t256
41668,q41_t257
41669,q41_t257
41669,q41_t258
41669,q45_t257
41669,q45_t258
41670,q41_t258
41670,q41_t259
41671,q41_t259
41671,q41_t260
41672,q41_t260
41672,q41_t261
41672,q46_t260
41672,q46_t261
41673,q41_t261
41673,q41_t262
41674,q41_t262
41674,q41_t263
41675,q41_t263
41675,q41_t264
41675,q47_t263
41675,q47_t264
41676,q41_t264
41676,q41_t265
41677,q41_t265
41677,q41_t266
41678,q41_t266
41678,q41_t267
41678,q48_t266
41678,q48_t267
41679,q41_t267
41679,q41_t268
41680,q41_t268
41680,q41_t269
41681,q41_t269
41681,q41_t270
41681,q49_t269
41681,q49_t270
41682,q41_t270
41682,q41_t271
41683,q41_t271
41683,q41_t272
41684,q41_t272
41684,q41_t273
41684,q50_t272
41684,q50_t273
41685,q41_t273
41685,q41_t274
41686,q41_t274
41686,q41_t275
41687,q41_t275
41687,q41_t276
41687,q51_t275
41687,q51_t276
41688,q41_t276
41688,q41_t277
41689,q41_t277
41689,q41_t278
41690,q41_t278
41690,q41_t279
41690,q52_t278
41690,q52_t279
41691,q41_t279
41691,q41_t280
41692,q41_t280
41692,q41_t281
41693,q41_t281
41693,q41_t282
41693,q53_t281
41693,q53_t282
41694,q41_t282
41694,q41_t283
41695,q41_t283
41695,q41_t284
41696,q41_t284
41696,q41_t285
41696,q54_t284
41696,q54_t285
41697,q41_t285
41697,q41_t286
41698,q41_t286
41698,q41_t287
41699,q41_t287
41699,q41_t288
41699,q55_t287
41699,q55_t288
41700,q41_t288
41700,q41_t289
41701,q41_t289
41701,q41_t290
41702,q41_t290
41702,q41_t291
41702,q56_t290
41702,q56_t291
41703,q41_t291
41703,q41_t292
41704,q41_t292
41704,q41_t293
41705,q41_t293
41705,q41_t294
41705,q57_t293
41705,q57_t294
41706,q41_t294
41706,q41_t295
41707,q41_t295
41707,q41_t296
41708,q41_t296
41708,q41_t297
41708,q58_t296
41708,q58_t297
41709,q41_t297
41709,q41_t298
41710,q41_t298
41710,q41_t299
41711,q41_t299
41711,q41_t300
41711,q59_t299
41711,q59_t300
41712,q41_t300
41712,q41_t301
41713,q41_t301
41713,q41_t302
41714,q41_t302
41714,q41_t303
41714,q60_t302
41714,q60_t303
41715,q41_t303
41715,q41_t304
41716,q41_t304
41716,q41_t305
41717,q41_t305
41717,q41_t306
41717,q61_t305
41717,q61_t306
41718,q41_t306
41718,q41_t307
41719,q41_t307
41719,q41_t308
41720,q41_t308
41720,q41_t309
41720,q62_t308
41720,q62_t309
41721,q41_t309
41721,q41_t310
41722,q41_t310
41722,q41_t311
41723,q41_t311
41723,q41_t312
41723,q63_t311
41723,q63_t312
41724,q41_t312
41724,q41_t313
41725,q41_t313
41725,q41_t314
41726,q41_t314
41726,q41_t315
41726,q64_t314
41726,q64_t315
41727,q41_t315
41727,q41_t316
41728,q41_t316
41728,q41_t317
41729,q41_t317
41729,q41_t318
41729,q65_t317
41729,q65_t318
41730,q41_t318
41730,q41_t319
41731,q41_t319
41731,q41_t320
41732,q41_t320
41732,q41_t321
41732,q66_t320
41732,q66_t321
41733,q41_t321
41733,q41_t322
41734,q41_t322
41734,q41_t323
41735,q41_t323
41735,q41_t324
41735,q67_t323
41735,q67_t324
41736,q41_t324
41736,q41_t325
41737,q41_t325
41737,q41_t326
41738,q41_t326
41738,q41_t327
41738,q68_t326
41738,q68_t327
41739,q41_t327
41739,q41_t328
41740,q41_t328
41740,q41_t329
41741,q41_t329
41741,q41_t330
41741,q69_t329
41741,q69_t330
41742,q41_t330
41742,q41_t331
41743,q41_t331
41743,q41_t332
41744,q41_t332
41744,q41_t333
41744,q70_t332
41744,q70_t333
41745,q41_t333
41745,q41_t334
41746,q41_t334
41746,q41_t335
41747,q41_t335
41747,q41_t336
41747,q71_t335
41747,q71_t336
41748,q41_t336
41748,q41_t337
41749,q41_t337
41749,q41_t338
41750,q41_t338
41750,q41_t339
41750,q72_t338
41750,q72_t339
41751,q41_t339
41751,q41_t340
41752,q41_t340
41752,q41_t341
41753,q41_t341
41753,q41_t342
41753,q73_t341
41753,q73_t342
41754,q41_t342
41754,q41_t343
41755,q41_t343
41755,q41_t344
41756,q41_t344
41756,q41_t345
41756,q74_t344
41756,q74_t345
41757,q41_t345
41757,q41_t346
41758,q41_t346
41758,q41_t347
41759,q41_t347
41759,q41_t348
41759,q75_t347
41759,q75_t348
41760,q41_t348
41760,q41_t349
41761,q41_t349
41761,q41_t350
41762,q41_t350
41762,q41_t351
41762,q76_t350
41762,q76_t351
41763,q41_t351
41763,q41_t352
41764,q41_t352
41764,q41_t353
41765,q41_t353
41765,q41_t354
41765,q77_t353
41765,q77_t354
41766,q41_t354
41766,q41_t355
41767,q41_t355
41767,q41_t356
41768,q41_t356
41768,q41_t357
41768,q78_t356
41768,q78_t357
41769,q41_t357
41769,q41_t358
41770,q41_t358
41770,q41_t359
41771,q41_t359
41771,q41_t360
41771,q79_t359
41771,q79_t360
41772,q41_t360
41772,q41_t361
41773,q41_t361
41773,q41_t362
41774,q41_t362
41774,q41_t363
41774,q80_t362
41774,q80_t363
41775,q41_t363
41775,q41_t364
41776,q41_t364
41776,q41_t365
41777,q41_t365
41777,q41_t366
41777,q81_t365
41777,q81_t366
41778,q41_t366
41778,q41_t367
41779,q41_t367
41779,q41_t368
41780,q41_t368
41780,q41_t369
41780,q82_t368
41780,q82_t369
41781,q41_t369
41781,q41_t370
41782,q41_t370
41782,q41_t371
41783,q41_t371
41783,q41_t372
41783,q83_t371
41783,q83_t372
41784,q41_t372
41784,q41_t373
41785,q41_t373
41785,q41_t374
41786,q41_t374
41786,q41_t375
41786,q84_t374
41786,q84_t375
41787,q41_t375
41787,q41_t376
41788,q41_t376
41788,q41_t377
41789,q41_t377
41789,q41_t378
41789,q85_t377
41789,q85_t378
41790,q41_t378
41790,q41_t379
41791,q41_t379
41791,q41_t380
41792,q41_t380
41792,q41_t381
41792,q86_t380
41792,q86_t381
41793,q41_t381
41793,q41_t382
41794,q41_t382
41794,q41_t383
41795,q41_t383
41795,q41_t384
41795,q87_t383
41795,q87_t384
41796,q41_t384
41796,q41_t385
41797,q41_t385
41797,q41_t386
41798,q41_t386
41798,q41_t387
41798,q88_t386
41798,q88_t387
41799,q41_t387
41799,q41_t388
41800,q41_t388
41800,q41_t389
41801,q41_t389
41801,q41_t390
41801,q89_t389
41801,q89_t390
41802,q41_t390
41802,q41_t391
41803,q41_t391
41803,q41_t392
41804,q41_t392
41804,q41_t393
41804,q90_t392
41804,q90_t393
41805,q41_t393
41805,q41_t394
41806,q41_t394
41806,q41_t395
41807,q41_t395
41807,q41_t396
41807,q91_t395
41807,q91_t396
41808,q41_t396
41808,q41_t397
41809,q41_t397
41809,q41_t398
41810,q41_t398
41810,q41_t399
41810,q92_t398
41810,q92_t399
41811,q41_t399
41811,q41_t400
41812,q41_t400
41812,q41_t401
41813,q41_t401
41813,q41_t402
41813,q93_t401
41813,q93_t402
41814,q41_t402
41814,q41_t403
41815,q41_t403
41815,q41_t404
41816,q41_t404
41816,q41_t405
41816,q94_t404
41816,q94_t405
41817,q41_t405
41817,q41_t406
41818,q41_t406
41818,q41_t407
41819,q41_t407
41819,q41_t408
41819,q95_t407
41819,q95_t408
41820,q41_t408
41820,q41_t409
41821,q41_t409
41821,q41_t410
41822,q41_t410
41822,q41_t411
41822,q96_t410
41822,q96_t411
41823,q41_t411
41823,q41_t412
41824,q41_t412
41824,q41_t413
41825,q41_t413
41825,q41_t414
41825,q97_t413
41825,q97_t414
41826,q41_t414
41826,q41_t415
41827,q41_t415
41827,q41_t416
41828,q41_t416
41828,q41_t417
41828,q98_t416
41828,q98_t417
41829,q41_t417
41829,q41_t418
41830,q41_t418
41830,q41_t419
41831,q41_t419
41831,q41_t420
41831,q99_t419
41831,q99_t420
41832,q41_t420
41832,q41_t421
41833,q41_t421
41833,q41_t422
41834,q41_t423
41834,q41_t424
41835,q41_t424
41835,q41_t425
41836,q41_t426
41836,q41_t427
41837,q41_t427
41837,q41_t428
41838,q41_t429
41838,q41_t430
41839,q41_t430
41839,q41_t431
41840,q41_t432
41840,q41_t433
41841,q41_t433
41841,q41_t434
41842,q41_t435
41842,q41_t436
41843,q41_t436
41843,q41_t437
41844,q41_t438
41844,q41_t439
41845,q41_t439
41845,q41_t440
41846,q41_t441
41846,q41_t442
41847,q41_t442
41847,q41_t443
41848,q41_t444
41848,q41_t445
41849,q41_t445
41849,q41_t446
41850,q41_t447
41850,q41_t448
41851,q41_t448
41851,q41_t449
41852,q41_t450
41852,q41_t451
41853,q41_t451
41853,q41_t452
41854,q41_t452
41854,q41_t453
41855,q41_t454
41855,q41_t455
41856,q41_t455
41856,q41_t456
41857,q41_t457
41857,q41_t458
41858,q41_t458
41858,q41_t459
41859,q41_t460
41859,q41_t461
41860,q41_t461
41860,q41_t462
41861,q41_t463
41861,q41_t464
41862,q41_t464
41862,q41_t465
41863,q41_t465
41863,q41_t466
41863,q4_t465
41863,q4_t466
41864,q41_t466
41864,q41_t467
41865,q41_t467
41865,q41_t468
41866,q41_t468
41866,q41_t469
41866,q5_t468
41866,q5_t469
41867,q41_t469
41867,q41_t470
41868,q41_t470
41868,q41_t471
41869,q41_t471
41869,q41_t472
41869,q6_t471
41869,q6_t472
41870,q41_t472
41870,q41_t473
41871,q41_t473
41871,q41_t474
41872,q41_t474
41872,q41_t475
41872,q7_t474
41872,q7_t475
41873,q41_t475
41873,q41_t476
41874,q41_t476
41874,q41_t477
41875,q41_t477
41875,q41_t478
41875,q8_t477
41875,q8_t478
41876,q41_t478
41876,q41_t479
41877,q41_t479
41877,q41_t480
41878,q41_t480
41878,q41_t481
41878,q9_t480
41878,q9_t481
41879,q41_t481
41879,q41_t482
41880,q41_t482
41880,q41_t483
41881,q41_t484
41881,q41_t485
41882,q41_t485
41882,q41_t486
41883,q41_t487
41883,q41_t488
41884,q41_t488
41884,q41_t489
41885,q41_t490
41885,q41_t491
41886,q41_t491
41886,q41_t492
41887,q41_t493
41887,q41_t494
41888,q41_t494
41888,q41_t495
41889,q41_t496
41889,q41_t497
41890,q41_t497
41890,q41_t498
41891,q41_t499
41891,q41_t500
41892,q41_t500
41892,q41_t501
41893,q41_t502
41893,q41_t503
41894,q41_t503
41894,q41_t504
41895,q41_t505
41895,q41_t506
41896,q41_t506
41896,q41_t507
41897,q41_t508
41897,q41_t509
41898,q41_t509
41898,q41_t510
41899,q41_t511
41899,q41_t512
41900,q41_t512
41900,q41_t513
41901,q41_t514
41901,q41_t515
41902,q41_t515
41902,q41_t516
41903,q41_t517
41903,q41_t518
41904,q41_t518
41904,q41_t519
41905,q41_t520
41905,q41_t521
41906,q41_t521
41906,q41_t522
41907,q41_t523
41907,q41_t524
41908,q41_t524
41908,q41_t525
41909,q41_t526
41909,q41_t527
41910,q41_t527
41910,q41_t528
41911,q41_t529
41911,q41_t530
41912,q41_t530
41912,q41_t531
41913,q41_t532
41913,q41_t533
41914,q41_t533
41914,q41_t534
41915,q41_t535
41915,q41_t536
41916,q41_t536
41916,q41_t537
41917,q41_t538
41917,q41_t539
41918,q41_t539
41918,q41_t540
41919,q41_t541
41919,q41_t542
41920,q41_t542
41920,q41_t543
41921,q41_t544
41921,q41_t545
41922,q41_t545
41922,q41_t546
41923,q41_t547
41923,q41_t548
41924,q41_t548
41924,q41_t549
41925,q41_t550
41925,q41_t551
41926,q41_t551
41926,q41_t552
41927,q41_t553
41927,q41_t554
41928,q41_t554
41928,q41_t555
41929,q41_t556
41929,q41_t557
41930,q41_t557
41930,q41_t558
41931,q41_t559
41931,q41_t560
41932,q41_t560
41932,q41_t561
41933,q41_t562
41933,q41_t563
41934,q41_t563
41934,q41_t564
41935,q41_t565
41935,q41_t566
41936,q41_t566
41936,q41_t567
41937,q41_t568
41937,q41_t569
41938,q41_t569
41938,q41_t570
41939,q41_t571
41939,q41_t572
41940,q41_t572
41940,q41_t573
41941,q41_t574
41941,q41_t575
41942,q41_t575
41942,q41_t579
41943,q41_t579
41943,q41_t580
41943,q42_t579
41943,q42_t580
41944,q41_t580
41944,q41_t581
41945,q41_t581
41945,q41_t582
41946,q41_t582
41946,q41_t583
41946,q43_t582
41946,q43_t583
41947,q41_t583
41947,q41_t584
41948,q41_t584
41948,q41_t585
41949,q41_t585
41949,q41_t586
41949,q44_t585
41949,q44_t586
41950,q41_t586
41950,q41_t587
41951,q41_t587
41951,q41_t588
41952,q41_t588
41952,q41_t589
41952,q45_t588
41952,q45_t589
41953,q41_t589
41953,q41_t590
41954,q41_t590
41954,q41_t591
41955,q41_t591
41955,q41_t592
41955,q46_t591
41955,q46_t592
41956,q41_t592
41956,q41_t593
41957,q41_t593
41957,q41_t594
41958,q41_t594
41958,q41_t595
41958,q47_t594
41958,q47_t595
41959,q41_t595
41959,q41_t596
41960,q41_t596
41960,q41_t597
41961,q41_t597
41961,q41_t598
41961,q48_t597
41961,q48_t598
41962,q41_t598
41962,q41_t599
41963,q41_t599
41963,q41_t600
41964,q41_t600
41964,q41_t601
41964,q49_t600
41964,q49_t601
41965,q41_t601
41965,q41_t602
41966,q41_t602
41966,q41_t603
41967,q41_t603
41967,q41_t604
41967,q50_t603
41967,q50_t604
41968,q41_t604
41968,q41_t605
41969,q41_t605
41969,q41_t606
41970,q41_t606
41970,q41_t607
41970,q51_t606
41970,q51_t607
41971,q41_t607
41971,q41_t608
41972,q41_t608
41972,q41_t609
41973,q41_t609
41973,q41_t610
41973,q52_t609
41973,q52_t610
41974,q41_t610
41974,q41_t611
41975,q41_t611
41975,q41_t612
41976,q41_t612
41976,q41_t613
41976,q53_t612
41976,q53_t613
41977,q41_t613
41977,q41_t614
41978,q41_t614
41978,q41_t615
41979,q41_t615
41979,q41_t616
41979,q54_t615
41979,q54_t616
41980,q41_t616
41980,q41_t617
41981,q41_t617
41981,q41_t618
41982,q41_t618
41982,q41_t619
41982,q55_t618
41982,q55_t619
41983,q41_t619
41983,q41_t620
41984,q41_t620
41984,q41_t621
41985,q41_t621
41985,q41_t622
41985,q56_t621
41985,q56_t622
41986,q41_t622
41986,q41_t623
41987,q41_t623
41987,q41_t624
41988,q41_t624
41988,q41_t625
41988,q57_t624
41988,q57_t625
41989,q41_t625
41989,q41_t626
41990,q41_t626
41990,q41_t627
41991,q41_t627
41991,q41_t628
41991,q58_t627
41991,q58_t628
41992,q41_t628
41992,q41_t629
41993,q41_t629
41993,q41_t630
41994,q41_t630
41994,q41_t631
41994,q59_t630
41994,q59_t631
41995,q41_t631
41995,q41_t632
41996,q41_t632
41996,q41_t633
41997,q41_t633
41997,q41_t634
41997,q60_t633
41997,q60_t634
41998,q41_t634
41998,q41_t635
41999,q41_t635
41999,q41_t636
42000,q41_t636
42000,q41_t637
42000,q61_t636
42000,q61_t637
42001,q41_t637
42001,q41_t638
42002,q41_t638
42002,q41_t639
42003,q41_t639
42003,q41_t640
42003,q62_t639
42003,q62_t640
42004,q41_t640
42004,q41_t641
42005,q41_t641
42005,q41_t642
42006,q41_t642
42006,q41_t643
42006,q63_t642
42006,q63_t643
42007,q41_t643
42007,q41_t644
42008,q41_t644
42008,q41_t645
42009,q41_t645
42009,q41_t646
42009,q64_t645
42009,q64_t646
42010,q41_t646
42010,q41_t647
42011,q41_t647
42011,q41_t648
42012,q41_t648
42012,q41_t649
42012,q65_t648
42012,q65_t649
42013,q41_t649
42013,q41_t650
42014,q41_t650
42014,q41_t651
42015,q41_t651
42015,q41_t652
42015,q66_t651
42015,q66_t652
42016,q41_t652
42016,q41_t653
42017,q41_t653
42017,q41_t654
42018,q41_t654
42018,q41_t655
42018,q67_t654
42018,q67_t655
42019,q41_t655
42019,q41_t656
42020,q41_t656
42020,q41_t657
42021,q41_t657
42021,q41_t658
42021,q68_t657
42021,q68_t658
42022,q41_t658
42022,q41_t659
42023,q41_t659
42023,q41_t660
42024,q41_t660
42024,q41_t661
42024,q69_t660
42024,q69_t661
42025,q41_t661
42025,q41_t662
42026,q41_t662
42026,q41_t663
42027,q41_t663
42027,q41_t664
42027,q70_t663
42027,q70_t664
42028,q41_t664
42028,q41_t665
42029,q41_t665
42029,q41_t666
42030,q41_t666
42030,q41_t667
42030,q71_t666
42030,q71_t667
42031,q41_t667
42031,q41_t668
42032,q41_t668
42032,q41_t669
42033,q41_t669
42033,q41_t670
42033,q72_t669
42033,q72_t670
42034,q41_t670
42034,q41_t671
42035,q41_t671
42035,q41_t672
42036,q41_t672
42036,q41_t673
42036,q73_t672
42036,q73_t673
42037,q41_t673
42037,q41_t674
42038,q41_t674
42038,q41_t675
42039,q41_t675
42039,q41_t676
42039,q74_t675
42039,q74_t676
42040,q41_t676
42040,q41_t677
42041,q41_t677
42041,q41_t678
42042,q41_t678
42042,q41_t679
42042,q75_t678
42042,q75_t679
42043,q41_t679
42043,q41_t680
42044,q41_t680
42044,q41_t681
42045,q41_t681
42045,q41_t682
42045,q76_t681
42045,q76_t682
42046,q41_t682
42046,q41_t683
42047,q41_t683
42047,q41_t684
42048,q41_t684
42048,q41_t685
42048,q77_t684
42048,q77_t685
42049,q41_t685
42049,q41_t686
42050,q41_t686
42050,q41_t687
42051,q41_t687
42051,q41_t688
42051,q78_t687
42051,q78_t688
42052,q41_t688
42052,q41_t689
42053,q41_t689
42053,q41_t690
42054,q41_t690
42054,q41_t691
42054,q79_t690
42054,q79_t691
42055,q41_t691
42055,q41_t692
42056,q41_t692
42056,q41_t693
42057,q41_t693
42057,q41_t694
42057,q80_t693
42057,q80_t694
42058,q41_t694
42058,q41_t695
42059,q41_t695
42059,q41_t696
42060,q41_t696
42060,q41_t697
42060,q81_t696
42060,q81_t697
42061,q41_t697
42061,q41_t698
42062,q41_t698
42062,q41_t699
42063,q41_t699
42063,q41_t700
42063,q82_t699
42063,q82_t700
42064,q41_t700
42064,q41_t701
42065,q41_t701
42065,q41_t702
42066,q41_t702
42066,q41_t703
42066,q83_t702
42066,q83_t703
42067,q41_t703
42067,q41_t704
42068,q41_t704
42068,q41_t705
42069,q41_t705
42069,q41_t706
42069,q84_t705
42069,q84_t706
42070,q41_t706
42070,q41_t707
42071,q41_t707
42071,q41_t708
42072,q41_t708
42072,q41_t709
42072,q85_t708
42072,q85_t709
42073,q41_t709
42073,q41_t710
42074,q41_t710
42074,q41_t711
42075,q41_t711
42075,q41_t712
42075,q86_t711
42075,q86_t712
42076,q41_t712
42076,q41_t713
42077,q41_t713
42077,q41_t714
42078,q41_t714
42078,q41_t715
42078,q87_t714
42078,q87_t715
42079,q41_t715
42079,q41_t716
42080,q41_t716
42080,q41_t717
42081,q41_t717
42081,q41_t718
42081,q88_t717
42081,q88_t718
42082,q41_t718
42082,q41_t719
42083,q41_t719
42083,q41_t720
42084,q41_t720
42084,q41_t721
42084,q89_t720
42084,q89_t721
42085,q41_t721
42085,q41_t722
42086,q41_t722
42086,q41_t723
42087,q41_t723
42087,q41_t724
42087,q90_t723
42087,q90_t724
42088,q41_t724
42088,q41_t725
42089,q41_t725
42089,q41_t726
42090,q41_t726
42090,q41_t727
42090,q91_t726
42090,q91_t727
42091,q41_t727
42091,q41_t728
42092,q41_t728
42092,q41_t729
42093,q41_t729
42093,q41_t730
42093,q92_t729
42093,q92_t730
42094,q41_t730
42094,q41_t731
42095,q41_t731
42095,q41_t732
42096,q41_t732
42096,q41_t733
42096,q93_t732
42096,q93_t733
42097,q41_t733
42097,q41_t734
42098,q41_t734
42098,q41_t735
42099,q41_t735
42099,q41_t736
42099,q94_t735
42099,q94_t736
42100,q41_t736
42100,q41_t737
42101,q41_t737
42101,q41_t738
42102,q41_t738
42102,q41_t739
42102,q95_t738
42102,q95_t739
42103,q41_t739
42103,q41_t740
42104,q41_t740
42104,q41_t741
42105,q41_t741
42105,q41_t742
42105,q96_t741
42105,q96_t742
42106,q41_t742
42106,q41_t743
42107,q41_t743
42107,q41_t744
42108,q41_t744
42108,q41_t745
42108,q97_t744
42108,q97_t745
42109,q41_t745
42109,q41_t746
42110,q41_t746
42110,q41_t747
42111,q41_t747
42111,q41_t748
42111,q98_t747
42111,q98_t748
42112,q41_t748
42112,q41_t749
42113,q41_t749
42113,q41_t750
42114,q41_t750
42114,q41_t751
42114,q99_t750
42114,q99_t751
42115,q41_t751
42115,q41_t752
42116,q41_t752
42116,q41_t753
42117,q41_t754
42117,q41_t755
42118,q41_t755
42118,q41_t756
42119,q41_t757
42119,q41_t758
42120,q41_t758
42120,q41_t759
42121,q41_t760
42121,q41_t761
42122,q41_t761
42122,q41_t762
42123,q41_t763
42123,q41_t764
42124,q41_t764
42124,q41_t765
42125,q41_t766
42125,q41_t767
42126,q41_t767
42126,q41_t768
42127,q41_t769
42127,q41_t770
42128,q41_t770
42128,q41_t771
42129,q41_t772
42129,q41_t773
42130,q41_t773
42130,q41_t774
42131,q41_t775
42131,q41_t776
42132,q41_t776
42132,q41_t777
42133,q41_t778
42133,q41_t779
42134,q41_t779
42134,q41_t780
42135,q41_t781
42135,q41_t782
42136,q41_t782
42136,q41_t783
42137,q41_t783
42137,q41_t784
42138,q41_t785
42138,q41_t786
42139,q41_t786
42139,q41_t787
42140,q41_t788
42140,q41_t789
42141,q41_t789
42141,q41_t790
42142,q41_t791
42142,q41_t792
42143,q41_t792
42143,q41_t793
42144,q41_t794
42144,q41_t795
42145,q41_t795
42145,q41_t796
42146,q41_t796
42146,q41_t797
42146,q4_t796
42146,q4_t797
42147,q41_t797
42147,q41_t798
42148,q41_t798
42148,q41_t799
42149,q41_t799
42149,q41_t800
42149,q5_t799
42149,q5_t800
42150,q41_t800
42150,q41_t801
42151,q41_t801
42151,q41_t802
42152,q41_t802
42152,q41_t803
42152,q6_t802
42152,q6_t803
42153,q41_t803
42153,q41_t804
42154,q41_t804
42154,q41_t805
42155,q41_t805
42155,q41_t806
42155,q7_t805
42155,q7_t806
42156,q41_t806
42156,q41_t807
42157,q41_t807
42157,q41_t808
42158,q41_t808
42158,q41_t809
42158,q8_t808
42158,q8_t809
42159,q41_t809
42159,q41_t810
42160,q41_t810
42160,q41_t811
42161,q41_t811
42161,q41_t812
42161,q9_t811
42161,q9_t812
42162,q41_t812
42162,q41_t813
42163,q41_t813
42163,q41_t814
42164,q41_t815
42164,q41_t816
42165,q41_t816
42165,q41_t817
42166,q41_t818
42166,q41_t819
42167,q41_t819
42167,q41_t820
42168,q41_t821
42168,q41_t822
42169,q41_t822
42169,q41_t823
42170,q41_t824
42170,q41_t825
42171,q41_t825
42171,q41_t826
42172,q41_t827
42172,q41_t828
42173,q41_t828
42173,q41_t829
42174,q41_t830
42174,q41_t831
42175,q41_t831
42175,q41_t832
42176,q41_t833
42176,q41_t834
42177,q41_t834
42177,q41_t835
42178,q41_t836
42178,q41_t837
42179,q41_t837
42179,q41_t838
42180,q41_t839
42180,q41_t840
42181,q41_t840
42181,q41_t841
42182,q41_t842
42182,q41_t843
42183,q41_t843
42183,q41_t844
42184,q41_t845
42184,q41_t846
42185,q41_t846
42185,q41_t847
42186,q41_t848
42186,q41_t849
42187,q41_t849
42187,q41_t850
42188,q41_t851
42188,q41_t852
42189,q41_t852
42189,q41_t853
42190,q41_t854
42190,q41_t855
42191,q41_t855
42191,q41_t856
42192,q41_t857
42192,q41_t858
42193,q41_t858
42193,q41_t859
42194,q41_t860
42194,q41_t861
42195,q41_t861
42195,q41_t862
42196,q41_t863
42196,q41_t864
42197,q41_t864
42197,q41_t865
42198,q41_t866
42198,q41_t867
42199,q41_t867
42199,q41_t868
42200,q41_t869
42200,q41_t870
42201,q41_t870
42201,q41_t871
42202,q41_t872
42202,q41_t873
42203,q41_t873
42203,q41_t874
42204,q41_t875
42204,q41_t876
42205,q41_t876
42205,q41_t877
42206,q41_t878
42206,q41_t879
42207,q41_t879
42207,q41_t880
42208,q41_t881
42208,q41_t882
42209,q41_t882
42209,q41_t883
42210,q41_t884
42210,q41_t885
42211,q41_t885
42211,q41_t886
42212,q41_t887
42212,q41_t888
42213,q41_t888
42213,q41_t889
42214,q41_t890
42214,q41_t891
42215,q41_t891
42215,q41_t892
42216,q41_t893
42216,q41_t894
42217,q41_t894
42217,q41_t895
42218,q41_t896
42218,q41_t897
42219,q41_t897
42219,q41_t898
42220,q41_t899
42220,q41_t900
42221,q41_t900
42221,q41_t901
42222,q41_t902
42222,q41_t903
42223,q41_t903
42223,q41_t904
42224,q41_t905
42224,q41_t906
42225,q41_t906
42225,q41_t910
42226,q41_t910
42226,q41_t911
42226,q42_t910
42226,q42_t911
42227,q41_t911
42227,q41_t912
42228,q41_t912
42228,q41_t913
42229,q41_t913
42229,q41_t914
42229,q43_t913
42229,q43_t914
42230,q41_t914
42230,q41_t915
42231,q41_t915
42231,q41_t916
42232,q41_t916
42232,q41_t917
42232,q44_t916
42232,q44_t917
42233,q41_t917
42233,q41_t918
42234,q41_t918
42234,q41_t919
42235,q41_t919
42235,q41_t920
42235,q45_t919
42235,q45_t920
42236,q41_t920
42236,q41_t921
42237,q41_t921
42237,q41_t922
42238,q41_t922
42238,q41_t923
42238,q46_t922
42238,q46_t923
42239,q41_t923
42239,q41_t924
42240,q41_t924
42240,q41_t925
42241,q41_t925
42241,q41_t926
42241,q47_t925
42241,q47_t926
42242,q41_t926
42242,q41_t927
42243,q41_t927
42243,q41_t928
42244,q41_t928
42244,q41_t929
42244,q48_t928
42244,q48_t929
42245,q41_t929
42245,q41_t930
42246,q41_t930
42246,q41_t931
42247,q41_t931
42247,q41_t932
42247,q49_t931
42247,q49_t932
42248,q41_t932
42248,q41_t933
42249,q41_t933
42249,q41_t934
42250,q41_t934
42250,q41_t935
42250,q50_t934
42250,q50_t935
42251,q41_t935
42251,q41_t936
42252,q41_t936
42252,q41_t937
42253,q41_t937
42253,q41_t938
42253,q51_t937
42253,q51_t938
42254,q41_t938
42254,q41_t939
42255,q41_t939
42255,q41_t940
42256,q41_t940
42256,q41_t941
42256,q52_t940
42256,q52_t941
42257,q41_t941
42257,q41_t942
42258,q41_t942
42258,q41_t943
42259,q41_t943
42259,q41_t944
42259,q53_t943
42259,q53_t944
42260,q41_t944
42260,q41_t945
42261,q41_t945
42261,q41_t946
42262,q41_t946
42262,q41_t947
42262,q54_t946
42262,q54_t947
42263,q41_t947
42263,q41_t948
42264,q41_t948
42264,q41_t949
42265,q41_t949
42265,q41_t950
42265,q55_t949
42265,q55_t950
42266,q41_t950
42266,q41_t951
42267,q41_t951
42267,q41_t952
42268,q41_t952
42268,q41_t953
42268,q56_t952
42268,q56_t953
42269,q41_t953
42269,q41_t954
42270,q41_t954
42270,q41_t955
42271,q41_t955
42271,q41_t956
42271,q57_t955
42271,q57_t956
42272,q41_t956
42272,q41_t957
42273,q41_t957
42273,q41_t958
42274,q41_t958
42274,q41_t959
42274,q58_t958
42274,q58_t959
42275,q41_t959
42275,q41_t960
42276,q41_t960
42276,q41_t961
42277,q41_t961
42277,q41_t962
42277,q59_t961
42277,q59_t962
42278,q41_t962
42278,q41_t963
42279,q41_t963
42279,q41_t964
42280,q41_t964
42280,q41_t965
42280,q60_t964
42280,q60_t965
42281,q41_t965
42281,q41_t966
42282,q41_t966
42282,q41_t967
42283,q41_t967
42283,q41_t968
42283,q61_t967
42283,q61_t968
42284,q41_t968
42284,q41_t969
42285,q41_t969
42285,q41_t970
42286,q41_t970
42286,q41_t971
42286,q62_t970
42286,q62_t971
42287,q41_t971
42287,q41_t972
42288,q41_t972
42288,q41_t973
42289,q41_t973
42289,q41_t974
42289,q63_t973
42289,q63_t974
42290,q41_t974
42290,q41_t975
42291,q41_t975
42291,q41_t976
42292,q41_t976
42292,q41_t977
42292,q64_t976
42292,q64_t977
42293,q41_t977
42293,q41_t978
42294,q41_t978
42294,q41_t979
42295,q41_t979
42295,q41_t980
42295,q65_t979
42295,q65_t980
42296,q41_t980
42296,q41_t981
42297,q41_t981
42297,q41_t982
42298,q41_t982
42298,q41_t983
42298,q66_t982
42298,q66_t983
42299,q41_t983
42299,q41_t984
42300,q41_t984
42300,q41_t985
42301,q41_t985
42301,q41_t986
42301,q67_t985
42301,q67_t986
42302,q41_t986
42302,q41_t987
42303,q41_t987
42303,q41_t988
42304,q41_t988
42304,q41_t989
42304,q68_t988
42304,q68_t989
42305,q41_t989
42305,q41_t990
42306,q41_t990
42306,q41_t991
42307,q41_t991
42307,q41_t992
42307,q69_t991
42307,q69_t992
42308,q41_t992
42308,q41_t993
42309,q41_t993
42309,q41_t994
42310,q41_t994
42310,q41_t995
42310,q70_t994
42310,q70_t995
42311,q41_t995
42311,q41_t996
42312,q41_t996
42312,q41_t997
42313,q41_t997
42313,q41_t998
42313,q71_t997
42313,q71_t998
42314,q41_t998
42314,q41_t999
42315,q42_t0
42315,q42_t1
42316,q42_t1
42316,q42_t125
42317,q42_t1000
42317,q42_t1001
42317,q71_t1000
42317,q71_t1001
42318,q42_t1000
42318,q42_t999
42319,q42_t1001
42319,q42_t1002
42320,q42_t1002
42320,q42_t1003
42321,q42_t1003
42321,q42_t1004
42321,q72_t1003
42321,q72_t1004
42322,q42_t1004
42322,q42_t1005
42323,q42_t1005
42323,q42_t1006
42324,q42_t1006
42324,q42_t1007
42324,q73_t1006
42324,q73_t1007
42325,q42_t1007
42325,q42_t1008
42326,q42_t1008
42326,q42_t1009
42327,q42_t1009
42327,q42_t1010
42327,q74_t1009
42327,q74_t1010
42328,q42_t1010
42328,q42_t1011
42329,q42_t1011
42329,q42_t1012
42330,q42_t1012
42330,q42_t1013
42330,q75_t1012
42330,q75_t1013
42331,q42_t1013
42331,q42_t1014
42332,q42_t1014
42332,q42_t1015
42333,q42_t1015
42333,q42_t1016
42333,q76_t1015
42333,q76_t1016
42334,q42_t1016
42334,q42_t1017
42335,q42_t1017
42335,q42_t1018
42336,q42_t1018
42336,q42_t1019
42336,q77_t1018
42336,q77_t1019
42337,q42_t1019
42337,q42_t1020
42338,q42_t1020
42338,q42_t1021
42339,q42_t1021
42339,q42_t1022
42339,q78_t1021
42339,q78_t1022
42340,q42_t1022
42340,q42_t1023
42341,q42_t1023
42341,q42_t1024
42342,q42_t1024
42342,q42_t1025
42342,q79_t1024
42342,q79_t1025
42343,q42_t1025
42343,q42_t1026
42344,q42_t1026
42344,q42_t1027
42345,q42_t1027
42345,q42_t1028
42345,q80_t1027
42345,q80_t1028
42346,q42_t1028
42346,q42_t1029
42347,q42_t1029
42347,q42_t1030
42348,q42_t1030
42348,q42_t1031
42348,q81_t1030
42348,q81_t1031
42349,q42_t1031
42349,q42_t1032
42350,q42_t1032
42350,q42_t1033
42351,q42_t1033
42351,q42_t1034
42351,q82_t1033
42351,q82_t1034
42352,q42_t1034
42352,q42_t1035
42353,q42_t1035
42353,q42_t1036
42354,q42_t1036
42354,q42_t1037
42354,q83_t1036
42354,q83_t1037
42355,q42_t1037
42355,q42_t1038
42356,q42_t1038
42356,q42_t1039
42357,q42_t1039
42357,q42_t1040
42357,q84_t1039
42357,q84_t1040
42358,q42_t1040
42358,q42_t1041
42359,q42_t1041
42359,q42_t1042
42360,q42_t1042
42360,q42_t1043
42360,q85_t1042
42360,q85_t1043
42361,q42_t1043
42361,q42_t1044
42362,q42_t1044
42362,q42_t1045
42363,q42_t1045
42363,q42_t1046
42363,q86_t1045
42363,q86_t1046
42364,q42_t1046
42364,q42_t1047
42365,q42_t1047
42365,q42_t1048
42366,q42_t1048
42366,q42_t1049
42366,q87_t1048
42366,q87_t1049
42367,q42_t1049
42367,q42_t1050
42368,q42_t1050
42368,q42_t1051
42369,q42_t1051
42369,q42_t1052
42369,q88_t1051
42369,q88_t1052
42370,q42_t1052
42370,q42_t1053
42371,q42_t1053
42371,q42_t1054
42372,q42_t1054
42372,q42_t1055
42372,q89_t1054
42372,q89_t1055
42373,q42_t1055
42373,q42_t1056
42374,q42_t1056
42374,q42_t1057
42375,q42_t1057
42375,q42_t1058
42375,q90_t1057
42375,q90_t1058
42376,q42_t1058
42376,q42_t1059
42377,q42_t1059
42377,q42_t1060
42378,q42_t1060
42378,q42_t1061
42378,q91_t1060
42378,q91_t1061
42379,q42_t1061
42379,q42_t1062
42380,q42_t1062
42380,q42_t1063
42381,q42_t1063
42381,q42_t1064
42381,q92_t1063
42381,q92_t1064
42382,q42_t1064
42382,q42_t1065
42383,q42_t1065
42383,q42_t1066
42384,q42_t1066
42384,q42_t1067
42384,q93_t1066
42384,q93_t1067
42385,q42_t1067
42385,q42_t1068
42386,q42_t1068
42386,q42_t1069
42387,q42_t1069
42387,q42_t1070
42387,q94_t1069
42387,q94_t1070
42388,q42_t1070
42388,q42_t1071
42389,q42_t1071
42389,q42_t1072
42390,q42_t1072
42390,q42_t1073
42390,q95_t1072
42390,q95_t1073
42391,q42_t1073
42391,q42_t1074
42392,q42_t1074
42392,q42_t1075
42393,q42_t1075
42393,q42_t1076
42393,q96_t1075
42393,q96_t1076
42394,q42_t1076
42394,q42_t1077
42395,q42_t1077
42395,q42_t1078
42396,q42_t1078
42396,q42_t1079
42396,q97_t1078
42396,q97_t1079
42397,q42_t1079
42397,q42_t1080
42398,q42_t1080
42398,q42_t1081
42399,q42_t1081
42399,q42_t1082
42399,q98_t1081
42399,q98_t1082
42400,q42_t1082
42400,q42_t1083
42401,q42_t1083
42401,q42_t1084
42402,q42_t1084
42402,q42_t1085
42402,q99_t1084
42402,q99_t1085
42403,q42_t1085
42403,q42_t1086
42404,q42_t1086
42404,q42_t1087
42405,q42_t1088
42405,q42_t1089
42406,q42_t1089
42406,q42_t1090
42407,q42_t1091
42407,q42_t1092
42408,q42_t1092
42408,q42_t1093
42409,q42_t1094
42409,q42_t1095
42410,q42_t1095
42410,q42_t1096
42411,q42_t1097
42411,q42_t1098
42412,q42_t1098
42412,q42_t1099
42413,q42_t1100
42413,q42_t1101
42414,q42_t1101
42414,q42_t1102
42415,q42_t1103
42415,q42_t1104
42416,q42_t1104
42416,q42_t1105
42417,q42_t1106
42417,q42_t1107
42418,q42_t1107
42418,q42_t1108
42419,q42_t1109
42419,q42_t1110
42420,q42_t1110
42420,q42_t1111
42421,q42_t1112
42421,q42_t1113
42422,q42_t1113
42422,q42_t1114
42423,q42_t1115
42423,q42_t1116
42424,q42_t1116
42424,q42_t1117
42425,q42_t126
42425,q42_t127
42426,q42_t127
42426,q42_t128
42427,q42_t129
42427,q42_t130
42428,q42_t130
42428,q42_t131
42429,q42_t132
42429,q42_t133
42430,q42_t133
42430,q42_t134
42431,q42_t135
42431,q42_t136
42432,q42_t136
42432,q42_t137
42433,q42_t137
42433,q42_t138
42433,q4_t137
42433,q4_t138
42434,q42_t138
42434,q42_t139
42435,q42_t139
42435,q42_t140
42436,q42_t140
42436,q42_t141
42436,q5_t140
42436,q5_t141
42437,q42_t141
42437,q42_t142
42438,q42_t142
42438,q42_t143
42439,q42_t143
42439,q42_t144
42439,q6_t143
42439,q6_t144
42440,q42_t144
42440,q42_t145
42441,q42_t145
42441,q42_t146
42442,q42_t146
42442,q42_t147
42442,q7_t146
42442,q7_t147
42443,q42_t147
42443,q42_t148
42444,q42_t148
42444,q42_t149
42445,q42_t149
42445,q42_t150
42445,q8_t149
42445,q8_t150
42446,q42_t150
42446,q42_t151
42447,q42_t151
42447,q42_t152
42448,q42_t152
42448,q42_t153
42448,q9_t152
42448,q9_t153
42449,q42_t153
42449,q42_t154
42450,q42_t154
42450,q42_t155
42451,q42_t156
42451,q42_t157
42452,q42_t157
42452,q42_t158
42453,q42_t159
42453,q42_t160
42454,q42_t160
42454,q42_t161
42455,q42_t162
42455,q42_t163
42456,q42_t163
42456,q42_t164
42457,q42_t165
42457,q42_t166
42458,q42_t166
42458,q42_t167
42459,q42_t168
42459,q42_t169
42460,q42_t169
42460,q42_t170
42461,q42_t171
42461,q42_t172
42462,q42_t172
42462,q42_t173
42463,q42_t174
42463,q42_t175
42464,q42_t175
42464,q42_t176
42465,q42_t177
42465,q42_t178
42466,q42_t178
42466,q42_t179
42467,q42_t180
42467,q42_t181
42468,q42_t181
42468,q42_t182
42469,q42_t183
42469,q42_t184
42470,q42_t184
42470,q42_t185
42471,q42_t186
42471,q42_t187
42472,q42_t187
42472,q42_t188
42473,q42_t189
42473,q42_t190
42474,q42_t190
42474,q42_t191
42475,q42_t192
42475,q42_t193
42476,q42_t193
42476,q42_t194
42477,q42_t195
42477,q42_t196
42478,q42_t196
42478,q42_t197
42479,q42_t198
42479,q42_t199
42480,q42_t199
42480,q42_t200
42481,q42_t201
42481,q42_t202
42482,q42_t202
42482,q42_t203
42483,q42_t204
42483,q42_t205
42484,q42_t205
42484,q42_t206
42485,q42_t207
42485,q42_t208
42486,q42_t208
42486,q42_t209
42487,q42_t210
42487,q42_t211
42488,q42_t211
42488,q42_t212
42489,q42_t213
42489,q42_t214
42490,q42_t214
42490,q42_t215
42491,q42_t216
42491,q42_t217
42492,q42_t217
42492,q42_t218
42493,q42_t219
42493,q42_t220
42494,q42_t220
42494,q42_t221
42495,q42_t222
42495,q42_t223
42496,q42_t223
42496,q42_t224
42497,q42_t225
42497,q42_t226
42498,q42_t226
42498,q42_t227
42499,q42_t228
42499,q42_t229
42500,q42_t229
42500,q42_t230
42501,q42_t231
42501,q42_t232
42502,q42_t232
42502,q42_t233
42503,q42_t234
42503,q42_t235
42504,q42_t235
42504,q42_t236
42505,q42_t237
42505,q42_t238
42506,q42_t238
42506,q42_t239
42507,q42_t240
42507,q42_t241
42508,q42_t241
42508,q42_t242
42509,q42_t243
42509,q42_t244
42510,q42_t244
42510,q42_t245
42511,q42_t246
42511,q42_t247
42512,q42_t247
42512,q42_t248
42513,q42_t249
42513,q42_t250
42514,q42_t250
42514,q42_t254
42515,q42_t254
42515,q42_t255
42515,q43_t254
42515,q43_t255
42516,q42_t255
42516,q42_t256
42517,q42_t256
42517,q42_t257
42518,q42_t257
42518,q42_t258
42518,q44_t257
42518,q44_t258
42519,q42_t258
42519,q42_t259
42520,q42_t259
42520,q42_t260
42521,q42_t260
42521,q42_t261
42521,q45_t260
42521,q45_t261
42522,q42_t261
42522,q42_t262
42523,q42_t262
42523,q42_t263
42524,q42_t263
42524,q42_t264
42524,q46_t263
42524,q46_t264
42525,q42_t264
42525,q42_t265
42526,q42_t265
42526,q42_t266
42527,q42_t266
42527,q42_t267
42527,q47_t266
42527,q47_t267
42528,q42_t267
42528,q42_t268
42529,q42_t268
42529,q42_t269
42530,q42_t269
42530,q42_t270
42530,q48_t269
42530,q48_t270
42531,q42_t270
42531,q42_t271
42532,q42_t271
42532,q42_t272
42533,q42_t272
42533,q42_t273
42533,q49_t272
42533,q49_t273
42534,q42_t273
42534,q42_t274
42535,q42_t274
42535,q42_t275
42536,q42_t275
42536,q42_t276
42536,q50_t275
42536,q50_t276
42537,q42_t276
42537,q42_t277
42538,q42_t277
42538,q42_t278
42539,q42_t278
42539,q42_t279
42539,q51_t278
42539,q51_t279
42540,q42_t279
42540,q42_t280
42541,q42_t280
42541,q42_t281
42542,q42_t281
42542,q42_t282
42542,q52_t281
42542,q52_t282
42543,q42_t282
42543,q42_t283
42544,q42_t283
42544,q42_t284
42545,q42_t284
42545,q42_t285
42545,q53_t284
42545,q53_t285
42546,q42_t285
42546,q42_t286
42547,q42_t286
42547,q42_t287
42548,q42_t287
42548,q42_t288
42548,q54_t287
42548,q54_t288
42549,q42_t288
42549,q42_t289
42550,q42_t289
42550,q42_t290
42551,q42_t290
42551,q42_t291
42551,q55_t290
42551,q55_t291
42552,q42_t291
42552,q42_t292
42553,q42_t292
42553,q42_t293
42554,q42_t293
42554,q42_t294
42554,q56_t293
42554,q56_t294
42555,q42_t294
42555,q42_t295
42556,q42_t295
42556,q42_t296
42557,q42_t296
42557,q42_t297
42557,q57_t296
42557,q57_t297
42558,q42_t297
42558,q42_t298
42559,q42_t298
42559,q42_t299
42560,q42_t299
42560,q42_t300
42560,q58_t299
42560,q58_t300
42561,q42_t300
42561,q42_t301
42562,q42_t301
42562,q42_t302
42563,q42_t302
42563,q42_t303
42563,q59_t302
42563,q59_t303
42564,q42_t303
42564,q42_t304
42565,q42_t304
42565,q42_t305
42566,q42_t305
42566,q42_t306
42566,q60_t305
42566,q60_t306
42567,q42_t306
42567,q42_t307
42568,q42_t307
42568,q42_t308
42569,q42_t308
42569,q42_t309
42569,q61_t308
42569,q61_t309
42570,q42_t309
42570,q42_t310
42571,q42_t310
42571,q42_t311
42572,q42_t311
42572,q42_t312
42572,q62_t311
42572,q62_t312
42573,q42_t312
42573,q42_t313
42574,q42_t313
42574,q42_t314
42575,q42_t314
42575,q42_t315
42575,q63_t314
42575,q63_t315
42576,q42_t315
42576,q42_t316
42577,q42_t316
42577,q42_t317
42578,q42_t317
42578,q42_t318
42578,q64_t317
42578,q64_t318
42579,q42_t318
42579,q42_t319
42580,q42_t319
42580,q42_t320
42581,q42_t320
42581,q42_t321
42581,q65_t320
42581,q65_t321
42582,q42_t321
42582,q42_t322
42583,q42_t322
42583,q42_t323
42584,q42_t323
42584,q42_t324
42584,q66_t323
42584,q66_t324
42585,q42_t324
42585,q42_t325
42586,q42_t325
42586,q42_t326
42587,q42_t326
42587,q42_t327
42587,q67_t326
42587,q67_t327
42588,q42_t327
42588,q42_t328
42589,q42_t328
42589,q42_t329
42590,q42_t329
42590,q42_t330
42590,q68_t329
42590,q68_t330
42591,q42_t330
42591,q42_t331
42592,q42_t331
42592,q42_t332
42593,q42_t332
42593,q42_t333
42593,q69_t332
42593,q69_t333
42594,q42_t333
42594,q42_t334
42595,q42_t334
42595,q42_t335
42596,q42_t335
42596,q42_t336
42596,q70_t335
42596,q70_t336
42597,q42_t336
42597,q42_t337
42598,q42_t337
42598,q42_t338
42599,q42_t338
42599,q42_t339
42599,q71_t338
42599,q71_t339
42600,q42_t339
42600,q42_t340
42601,q42_t340
42601,q42_t341
42602,q42_t341
42602,q42_t342
42602,q72_t341
42602,q72_t342
42603,q42_t342
42603,q42_t343
42604,q42_t343
42604,q42_t344
42605,q42_t344
42605,q42_t345
42605,q73_t344
42605,q73_t345
42606,q42_t345
42606,q42_t346
42607,q42_t346
42607,q42_t347
42608,q42_t347
42608,q42_t348
42608,q74_t347
42608,q74_t348
42609,q42_t348
42609,q42_t349
42610,q42_t349
42610,q42_t350
42611,q42_t350
42611,q42_t351
42611,q75_t350
42611,q75_t351
42612,q42_t351
42612,q42_t352
42613,q42_t352
42613,q42_t353
42614,q42_t353
42614,q42_t354
42614,q76_t353
42614,q76_t354
42615,q42_t354
42615,q42_t355
42616,q42_t355
42616,q42_t356
42617,q42_t356
42617,q42_t357
42617,q77_t356
42617,q77_t357
42618,q42_t357
42618,q42_t358
42619,q42_t358
42619,q42_t359
42620,q42_t359
42620,q42_t360
42620,q78_t359
42620,q78_t360
42621,q42_t360
42621,q42_t361
42622,q42_t361
42622,q42_t362
42623,q42_t362
42623,q42_t363
42623,q79_t362
42623,q79_t363
42624,q42_t363
42624,q42_t364
42625,q42_t364
42625,q42_t365
42626,q42_t365
42626,q42_t366
42626,q80_t365
42626,q80_t366
42627,q42_t366
42627,q42_t367
42628,q42_t367
42628,q42_t368
42629,q42_t368
42629,q42_t369
42629,q81_t368
42629,q81_t369
42630,q42_t369
42630,q42_t370
42631,q42_t370
42631,q42_t371
42632,q42_t371
42632,q42_t372
42632,q82_t371
42632,q82_t372
42633,q42_t372
42633,q42_t373
42634,q42_t373
42634,q42_t374
42635,q42_t374
42635,q42_t375
42635,q83_t374
42635,q83_t375
42636,q42_t375
42636,q42_t376
42637,q42_t376
42637,q42_t377
42638,q42_t377
42638,q42_t378
42638,q84_t377
42638,q84_t378
42639,q42_t378
42639,q42_t379
42640,q42_t379
42640,q42_t380
42641,q42_t380
42641,q42_t381
42641,q85_t380
42641,q85_t381
42642,q42_t381
42642,q42_t382
42643,q42_t382
42643,q42_t383
42644,q42_t383
42644,q42_t384
42644,q86_t383
42644,q86_t384
42645,q42_t384
42645,q42_t385
42646,q42_t385
42646,q42_t386
42647,q42_t386
42647,q42_t387
42647,q87_t386
42647,q87_t387
42648,q42_t387
42648,q42_t388
42649,q42_t388
42649,q42_t389
42650,q42_t389
42650,q42_t390
42650,q88_t389
42650,q88_t390
42651,q42_t390
42651,q42_t391
42652,q42_t391
42652,q42_t392
42653,q42_t392
42653,q42_t393
42653,q89_t392
42653,q89_t393
42654,q42_t393
42654,q42_t394
42655,q42_t394
42655,q42_t395
42656,q42_t395
42656,q42_t396
42656,q90_t395
42656,q90_t396
42657,q42_t396
42657,q42_t397
42658,q42_t397
42658,q42_t398
42659,q42_t398
42659,q42_t399
42659,q91_t398
42659,q91_t399
42660,q42_t399
42660,q42_t400
42661,q42_t400
42661,q42_t401
42662,q42_t401
42662,q42_t402
42662,q92_t401
42662,q92_t402
42663,q42_t402
42663,q42_t403
42664,q42_t403
42664,q42_t404
42665,q42_t404
42665,q42_t405
42665,q93_t404
42665,q93_t405
42666,q42_t405
42666,q42_t406
42667,q42_t406
42667,q42_t407
42668,q42_t407
42668,q42_t408
42668,q94_t407
42668,q94_t408
42669,q42_t408
42669,q42_t409
42670,q42_t409
42670,q42_t410
42671,q42_t410
42671,q42_t411
42671,q95_t410
42671,q95_t411
42672,q42_t411
42672,q42_t412
42673,q42_t412
42673,q42_t413
42674,q42_t413
42674,q42_t414
42674,q96_t413
42674,q96_t414
42675,q42_t414
42675,q42_t415
42676,q42_t415
42676,q42_t416
42677,q42_t416
42677,q42_t417
42677,q97_t416
42677,q97_t417
42678,q42_t417
42678,q42_t418
42679,q42_t418
42679,q42_t419
42680,q42_t419
42680,q42_t420
42680,q98_t419
42680,q98_t420
42681,q42_t420
42681,q42_t421
42682,q42_t421
42682,q42_t422
42683,q42_t422
42683,q42_t423
42683,q99_t422
42683,q99_t423
42684,q42_t423
42684,q42_t424
42685,q42_t424
42685,q42_t425
42686,q42_t426
42686,q42_t427
42687,q42_t427
42687,q42_t428
42688,q42_t429
42688,q42_t430
42689,q42_t430
42689,q42_t431
42690,q42_t432
42690,q42_t433
42691,q42_t433
42691,q42_t434
42692,q42_t435
42692,q42_t436
42693,q42_t436
42693,q42_t437
42694,q42_t438
42694,q42_t439
42695,q42_t439
42695,q42_t440
42696,q42_t441
42696,q42_t442
42697,q42_t442
42697,q42_t443
42698,q42_t444
42698,q42_t445
42699,q42_t445
42699,q42_t446
42700,q42_t447
42700,q42_t448
42701,q42_t448
42701,q42_t449
42702,q42_t450
42702,q42_t451
42703,q42_t451
42703,q42_t452
42704,q42_t453
42704,q42_t454
42705,q42_t454
42705,q42_t455
42706,q42_t455
42706,q42_t456
42707,q42_t457
42707,q42_t458
42708,q42_t458
42708,q42_t459
42709,q42_t460
42709,q42_t461
42710,q42_t461
42710,q42_t462
42711,q42_t463
42711,q42_t464
42712,q42_t464
42712,q42_t465
42713,q42_t466
42713,q42_t467
42714,q42_t467
42714,q42_t468
42715,q42_t468
42715,q42_t469
42715,q4_t468
42715,q4_t469
42716,q42_t469
42716,q42_t470
42717,q42_t470
42717,q42_t471
42718,q42_t471
42718,q42_t472
42718,q5_t471
42718,q5_t472
42719,q42_t472
42719,q42_t473
42720,q42_t473
42720,q42_t474
42721,q42_t474
42721,q42_t475
42721,q6_t474
42721,q6_t475
42722,q42_t475
42722,q42_t476
42723,q42_t476
42723,q42_t477
42724,q42_t477
42724,q42_t478
42724,q7_t477
42724,q7_t478
42725,q42_t478
42725,q42_t479
42726,q42_t479
42726,q42_t480
42727,q42_t480
42727,q42_t481
42727,q8_t480
42727,q8_t481
42728,q42_t481
42728,q42_t482
42729,q42_t482
42729,q42_t483
42730,q42_t483
42730,q42_t484
42730,q9_t483
42730,q9_t484
42731,q42_t484
42731,q42_t485
42732,q42_t485
42732,q42_t486
42733,q42_t487
42733,q42_t488
42734,q42_t488
42734,q42_t489
42735,q42_t490
42735,q42_t491
42736,q42_t491
42736,q42_t492
42737,q42_t493
42737,q42_t494
42738,q42_t494
42738,q42_t495
42739,q42_t496
42739,q42_t497
42740,q42_t497
42740,q42_t498
42741,q42_t499
42741,q42_t500
42742,q42_t500
42742,q42_t501
42743,q42_t502
42743,q42_t503
42744,q42_t503
42744,q42_t504
42745,q42_t505
42745,q42_t506
42746,q42_t506
42746,q42_t507
42747,q42_t508
42747,q42_t509
42748,q42_t509
42748,q42_t510
42749,q42_t511
42749,q42_t512
42750,q42_t512
42750,q42_t513
42751,q42_t514
42751,q42_t515
42752,q42_t515
42752,q42_t516
42753,q42_t517
42753,q42_t518
42754,q42_t518
42754,q42_t519
42755,q42_t520
42755,q42_t521
42756,q42_t521
42756,q42_t522
42757,q42_t523
42757,q42_t524
42758,q42_t524
42758,q42_t525
42759,q42_t526
42759,q42_t527
42760,q42_t527
42760,q42_t528
42761,q42_t529
42761,q42_t530
42762,q42_t530
42762,q42_t531
42763,q42_t532
42763,q42_t533
42764,q42_t533
42764,q42_t534
42765,q42_t535
42765,q42_t536
42766,q42_t536
42766,q42_t537
42767,q42_t538
42767,q42_t539
42768,q42_t539
42768,q42_t540
42769,q42_t541
42769,q42_t542
42770,q42_t542
42770,q42_t543
42771,q42_t544
42771,q42_t545
42772,q42_t545
42772,q42_t546
42773,q42_t547
42773,q42_t548
42774,q42_t548
42774,q42_t549
42775,q42_t550
42775,q42_t551
42776,q42_t551
42776,q42_t552
42777,q42_t553
42777,q42_t554
42778,q42_t554
42778,q42_t555
42779,q42_t556
42779,q42_t557
42780,q42_t557
42780,q42_t558
42781,q42_t559
42781,q42_t560
42782,q42_t560
42782,q42_t561
42783,q42_t562
42783,q42_t563
42784,q42_t563
42784,q42_t564
42785,q42_t565
42785,q42_t566
42786,q42_t566
42786,q42_t567
42787,q42_t568
42787,q42_t569
42788,q42_t569
42788,q42_t570
42789,q42_t571
42789,q42_t572
42790,q42_t572
42790,q42_t573
42791,q42_t574
42791,q42_t575
42792,q42_t575
42792,q42_t576
42793,q42_t577
42793,q42_t578
42794,q42_t578
42794,q42_t579
42795,q42_t580
42795,q42_t581
42796,q42_t581
42796,q42_t585
42797,q42_t585
42797,q42_t586
42797,q43_t585
42797,q43_t586
42798,q42_t586
42798,q42_t587
42799,q42_t587
42799,q42_t588
42800,q42_t588
42800,q42_t589
42800,q44_t588
42800,q44_t589
42801,q42_t589
42801,q42_t590
42802,q42_t590
42802,q42_t591
42803,q42_t591
42803,q42_t592
42803,q45_t591
42803,q45_t592
42804,q42_t592
42804,q42_t593
42805,q42_t593
42805,q42_t594
42806,q42_t594
42806,q42_t595
42806,q46_t594
42806,q46_t595
42807,q42_t595
42807,q42_t596
42808,q42_t596
42808,q42_t597
42809,q42_t597
42809,q42_t598
42809,q47_t597
42809,q47_t598
42810,q42_t598
42810,q42_t599
42811,q42_t599
42811,q42_t600
42812,q42_t600
42812,q42_t601
42812,q48_t600
42812,q48_t601
42813,q42_t601
42813,q42_t602
42814,q42_t602
42814,q42_t603
42815,q42_t603
42815,q42_t604
42815,q49_t603
42815,q49_t604
42816,q42_t604
42816,q42_t605
42817,q42_t605
42817,q42_t606
42818,q42_t606
42818,q42_t607
42818,q50_t606
42818,q50_t607
42819,q42_t607
42819,q42_t608
42820,q42_t608
42820,q42_t609
42821,q42_t609
42821,q42_t610
42821,q51_t609
42821,q51_t610
42822,q42_t610
42822,q42_t611
42823,q42_t611
42823,q42_t612
42824,q42_t612
42824,q42_t613
42824,q52_t612
42824,q52_t613
42825,q42_t613
42825,q42_t614
42826,q42_t614
42826,q42_t615
42827,q42_t615
42827,q42_t616
42827,q53_t615
42827,q53_t616
42828,q42_t616
42828,q42_t617
42829,q42_t617
42829,q42_t618
42830,q42_t618
42830,q42_t619
42830,q54_t618
42830,q54_t619
42831,q42_t619
42831,q42_t620
42832,q42_t620
42832,q42_t621
42833,q42_t621
42833,q42_t622
42833,q55_t621
42833,q55_t622
42834,q42_t622
42834,q42_t623
42835,q42_t623
42835,q42_t624
42836,q42_t624
42836,q42_t625
42836,q56_t624
42836,q56_t625
42837,q42_t625
42837,q42_t626
42838,q42_t626
42838,q42_t627
42839,q42_t627
42839,q42_t628
42839,q57_t627
42839,q57_t628
42840,q42_t628
42840,q42_t629
42841,q42_t629
42841,q42_t630
42842,q42_t630
42842,q42_t631
42842,q58_t630
42842,q58_t631
42843,q42_t631
42843,q42_t632
42844,q42_t632
42844,q42_t633
42845,q42_t633
42845,q42_t634
42845,q59_t633
42845,q59_t634
42846,q42_t634
42846,q42_t635
42847,q42_t635
42847,q42_t636
42848,q42_t636
42848,q42_t637
42848,q60_t636
42848,q60_t637
42849,q42_t637
42849,q42_t638
42850,q42_t638
42850,q42_t639
42851,q42_t639
42851,q42_t640
42851,q61_t639
42851,q61_t640
42852,q42_t640
42852,q42_t641
42853,q42_t641
42853,q42_t642
42854,q42_t642
42854,q42_t643
42854,q62_t642
42854,q62_t643
42855,q42_t643
42855,q42_t644
42856,q42_t644
42856,q42_t645
42857,q42_t645
42857,q42_t646
42857,q63_t645
42857,q63_t646
42858,q42_t646
42858,q42_t647
42859,q42_t647
42859,q42_t648
42860,q42_t648
42860,q42_t649
42860,q64_t648
42860,q64_t649
42861,q42_t649
42861,q42_t650
42862,q42_t650
42862,q42_t651
42863,q42_t651
42863,q42_t652
42863,q65_t651
42863,q65_t652
42864,q42_t652
42864,q42_t653
42865,q42_t653
42865,q42_t654
42866,q42_t654
42866,q42_t655
42866,q66_t654
42866,q66_t655
42867,q42_t655
42867,q42_t656
42868,q42_t656
42868,q42_t657
42869,q42_t657
42869,q42_t658
42869,q67_t657
42869,q67_t658
42870,q42_t658
42870,q42_t659
42871,q42_t659
42871,q42_t660
42872,q42_t660
42872,q42_t661
42872,q68_t660
42872,q68_t661
42873,q42_t661
42873,q42_t662
42874,q42_t662
42874,q42_t663
42875,q42_t663
42875,q42_t664
42875,q69_t663
42875,q69_t664
42876,q42_t664
42876,q42_t665
42877,q42_t665
42877,q42_t666
42878,q42_t666
42878,q42_t667
42878,q70_t666
42878,q70_t667
42879,q42_t667
42879,q42_t668
42880,q42_t668
42880,q42_t669
42881,q42_t669
42881,q42_t670
42881,q71_t669
42881,q71_t670
42882,q42_t670
42882,q42_t671
42883,q42_t671
42883,q42_t672
42884,q42_t672
42884,q42_t673
42884,q72_t672
42884,q72_t673
42885,q42_t673
42885,q42_t674
42886,q42_t674
42886,q42_t675
42887,q42_t675
42887,q42_t676
42887,q73_t675
42887,q73_t676
42888,q42_t676
42888,q42_t677
42889,q42_t677
42889,q42_t678
42890,q42_t678
42890,q42_t679
42890,q74_t678
42890,q74_t679
42891,q42_t679
42891,q42_t680
42892,q42_t680
42892,q42_t681
42893,q42_t681
42893,q42_t682
42893,q75_t681
42893,q75_t682
42894,q42_t682
42894,q42_t683
42895,q42_t683
42895,q42_t684
42896,q42_t684
42896,q42_t685
42896,q76_t684
42896,q76_t685
42897,q42_t685
42897,q42_t686
42898,q42_t686
42898,q42_t687
42899,q42_t687
42899,q42_t688
42899,q77_t687
42899,q77_t688
42900,q42_t688
42900,q42_t689
42901,q42_t689
42901,q42_t690
42902,q42_t690
42902,q42_t691
42902,q78_t690
42902,q78_t691
42903,q42_t691
42903,q42_t692
42904,q42_t692
42904,q42_t693
42905,q42_t693
42905,q42_t694
42905,q79_t693
42905,q79_t694
42906,q42_t694
42906,q42_t695
42907,q42_t695
42907,q42_t696
42908,q42_t696
42908,q42_t697
42908,q80_t696
42908,q80_t697
42909,q42_t697
42909,q42_t698
42910,q42_t698
42910,q42_t699
42911,q42_t699
42911,q42_t700
42911,q81_t699
42911,q81_t700
42912,q42_t700
42912,q42_t701
42913,q42_t701
42913,q42_t702
42914,q42_t702
42914,q42_t703
42914,q82_t702
42914,q82_t703
42915,q42_t703
42915,q42_t704
42916,q42_t704
42916,q42_t705
42917,q42_t705
42917,q42_t706
42917,q83_t705
42917,q83_t706
42918,q42_t706
42918,q42_t707
42919,q42_t707
42919,q42_t708
42920,q42_t708
42920,q42_t709
42920,q84_t708
42920,q84_t709
42921,q42_t709
42921,q42_t710
42922,q42_t710
42922,q42_t711
42923,q42_t711
42923,q42_t712
42923,q85_t711
42923,q85_t712
42924,q42_t712
42924,q42_t713
42925,q42_t713
42925,q42_t714
42926,q42_t714
42926,q42_t715
42926,q86_t714
42926,q86_t715
42927,q42_t715
42927,q42_t716
42928,q42_t716
42928,q42_t717
42929,q42_t717
42929,q42_t718
42929,q87_t717
42929,q87_t718
42930,q42_t718
42930,q42_t719
42931,q42_t719
42931,q42_t720
42932,q42_t720
42932,q42_t721
42932,q88_t720
42932,q88_t721
42933,q42_t721
42933,q42_t722
42934,q42_t722
42934,q42_t723
42935,q42_t723
42935,q42_t724
42935,q89_t723
42935,q89_t724
42936,q42_t724
42936,q42_t725
42937,q42_t725
42937,q42_t726
42938,q42_t726
42938,q42_t727
42938,q90_t726
42938,q90_t727
42939,q42_t727
42939,q42_t728
42940,q42_t728
42940,q42_t729
42941,q42_t729
42941,q42_t730
42941,q91_t729
42941,q91_t730
42942,q42_t730
42942,q42_t731
42943,q42_t731
42943,q42_t732
42944,q42_t732
42944,q42_t733
42944,q92_t732
42944,q92_t733
42945,q42_t733
42945,q42_t734
42946,q42_t734
42946,q42_t735
42947,q42_t735
42947,q42_t736
42947,q93_t735
42947,q93_t736
42948,q42_t736
42948,q42_t737
42949,q42_t737
42949,q42_t738
42950,q42_t738
42950,q42_t739
42950,q94_t738
42950,q94_t739
42951,q42_t739
42951,q42_t740
42952,q42_t740
42952,q42_t741
42953,q42_t741
42953,q42_t742
42953,q95_t741
42953,q95_t742
42954,q42_t742
42954,q42_t743
42955,q42_t743
42955,q42_t744
42956,q42_t744
42956,q42_t745
42956,q96_t744
42956,q96_t745
42957,q42_t745
42957,q42_t746
42958,q42_t746
42958,q42_t747
42959,q42_t747
42959,q42_t748
42959,q97_t747
42959,q97_t748
42960,q42_t748
42960,q42_t749
42961,q42_t749
42961,q42_t750
42962,q42_t750
42962,q42_t751
42962,q98_t750
42962,q98_t751
42963,q42_t751
42963,q42_t752
42964,q42_t752
42964,q42_t753
42965,q42_t753
42965,q42_t754
42965,q99_t753
42965,q99_t754
42966,q42_t754
42966,q42_t755
42967,q42_t755
42967,q42_t756
42968,q42_t757
42968,q42_t758
42969,q42_t758
42969,q42_t759
42970,q42_t760
42970,q42_t761
42971,q42_t761
42971,q42_t762
42972,q42_t763
42972,q42_t764
42973,q42_t764
42973,q42_t765
42974,q42_t766
42974,q42_t767
42975,q42_t767
42975,q42_t768
42976,q42_t769
42976,q42_t770
42977,q42_t770
42977,q42_t771
42978,q42_t772
42978,q42_t773
42979,q42_t773
42979,q42_t774
42980,q42_t775
42980,q42_t776
42981,q42_t776
42981,q42_t777
42982,q42_t778
42982,q42_t779
42983,q42_t779
42983,q42_t780
42984,q42_t781
42984,q42_t782
42985,q42_t782
42985,q42_t783
42986,q42_t784
42986,q42_t785
42987,q42_t785
42987,q42_t786
42988,q42_t786
42988,q42_t787
42989,q42_t788
42989,q42_t789
42990,q42_t789
42990,q42_t790
42991,q42_t791
42991,q42_t792
42992,q42_t792
42992,q42_t793
42993,q42_t794
42993,q42_t795
42994,q42_t795
42994,q42_t796
42995,q42_t797
42995,q42_t798
42996,q42_t798
42996,q42_t799
42997,q42_t799
42997,q42_t800
42997,q4_t799
42997,q4_t800
42998,q42_t800
42998,q42_t801
42999,q42_t801
42999,q42_t802
43000,q42_t802
43000,q42_t803
43000,q5_t802
43000,q5_t803
43001,q42_t803
43001,q42_t804
43002,q42_t804
43002,q42_t805
43003,q42_t805
43003,q42_t806
43003,q6_t805
43003,q6_t806
43004,q42_t806
43004,q42_t807
43005,q42_t807
43005,q42_t808
43006,q42_t808
43006,q42_t809
43006,q7_t808
43006,q7_t809
43007,q42_t809
43007,q42_t810
43008,q42_t810
43008,q42_t811
43009,q42_t811
43009,q42_t812
43009,q8_t811
43009,q8_t812
43010,q42_t812
43010,q42_t813
43011,q42_t813
43011,q42_t814
43012,q42_t814
43012,q42_t815
43012,q9_t814
43012,q9_t815
43013,q42_t815
43013,q42_t816
43014,q42_t816
43014,q42_t817
43015,q42_t818
43015,q42_t819
43016,q42_t819
43016,q42_t820
43017,q42_t821
43017,q42_t822
43018,q42_t822
43018,q42_t823
43019,q42_t824
43019,q42_t825
43020,q42_t825
43020,q42_t826
43021,q42_t827
43021,q42_t828
43022,q42_t828
43022,q42_t829
43023,q42_t830
43023,q42_t831
43024,q42_t831
43024,q42_t832
43025,q42_t833
43025,q42_t834
43026,q42_t834
43026,q42_t835
43027,q42_t836
43027,q42_t837
43028,q42_t837
43028,q42_t838
43029,q42_t839
43029,q42_t840
43030,q42_t840
43030,q42_t841
43031,q42_t842
43031,q42_t843
43032,q42_t843
43032,q42_t844
43033,q42_t845
43033,q42_t846
43034,q42_t846
43034,q42_t847
43035,q42_t848
43035,q42_t849
43036,q42_t849
43036,q42_t850
43037,q42_t851
43037,q42_t852
43038,q42_t852
43038,q42_t853
43039,q42_t854
43039,q42_t855
43040,q42_t855
43040,q42_t856
43041,q42_t857
43041,q42_t858
43042,q42_t858
43042,q42_t859
43043,q42_t860
43043,q42_t861
43044,q42_t861
43044,q42_t862
43045,q42_t863
43045,q42_t864
43046,q42_t864
43046,q42_t865
43047,q42_t866
43047,q42_t867
43048,q42_t867
43048,q42_t868
43049,q42_t869
43049,q42_t870
43050,q42_t870
43050,q42_t871
43051,q42_t872
43051,q42_t873
43052,q42_t873
43052,q42_t874
43053,q42_t875
43053,q42_t876
43054,q42_t876
43054,q42_t877
43055,q42_t878
43055,q42_t879
43056,q42_t879
43056,q42_t880
43057,q42_t881
43057,q42_t882
43058,q42_t882
43058,q42_t883
43059,q42_t884
43059,q42_t885
43060,q42_t885
43060,q42_t886
43061,q42_t887
43061,q42_t888
43062,q42_t888
43062,q42_t889
43063,q42_t890
43063,q42_t891
43064,q42_t891
43064,q42_t892
43065,q42_t893
43065,q42_t894
43066,q42_t894
43066,q42_t895
43067,q42_t896
43067,q42_t897
43068,q42_t897
43068,q42_t898
43069,q42_t899
43069,q42_t900
43070,q42_t900
43070,q42_t901
43071,q42_t902
43071,q42_t903
43072,q42_t903
43072,q42_t904
43073,q42_t905
43073,q42_t906
43074,q42_t906
43074,q42_t907
43075,q42_t908
43075,q42_t909
43076,q42_t909
43076,q42_t910
43077,q42_t911
43077,q42_t912
43078,q42_t912
43078,q42_t916
43079,q42_t916
43079,q42_t917
43079,q43_t916
43079,q43_t917
43080,q42_t917
43080,q42_t918
43081,q42_t918
43081,q42_t919
43082,q42_t919
43082,q42_t920
43082,q44_t919
43082,q44_t920
43083,q42_t920
43083,q42_t921
43084,q42_t921
43084,q42_t922
43085,q42_t922
43085,q42_t923
43085,q45_t922
43085,q45_t923
43086,q42_t923
43086,q42_t924
43087,q42_t924
43087,q42_t925
43088,q42_t925
43088,q42_t926
43088,q46_t925
43088,q46_t926
43089,q42_t926
43089,q42_t927
43090,q42_t927
43090,q42_t928
43091,q42_t928
43091,q42_t929
43091,q47_t928
43091,q47_t929
43092,q42_t929
43092,q42_t930
43093,q42_t930
43093,q42_t931
43094,q42_t931
43094,q42_t932
43094,q48_t931
43094,q48_t932
43095,q42_t932
43095,q42_t933
43096,q42_t933
43096,q42_t934
43097,q42_t934
43097,q42_t935
43097,q49_t934
43097,q49_t935
43098,q42_t935
43098,q42_t936
43099,q42_t936
43099,q42_t937
43100,q42_t937
43100,q42_t938
43100,q50_t937
43100,q50_t938
43101,q42_t938
43101,q42_t939
43102,q42_t939
43102,q42_t940
43103,q42_t940
43103,q42_t941
43103,q51_t940
43103,q51_t941
43104,q42_t941
43104,q42_t942
43105,q42_t942
43105,q42_t943
43106,q42_t943
43106,q42_t944
43106,q52_t943
43106,q52_t944
43107,q42_t944
43107,q42_t945
43108,q42_t945
43108,q42_t946
43109,q42_t946
43109,q42_t947
43109,q53_t946
43109,q53_t947
43110,q42_t947
43110,q42_t948
43111,q42_t948
43111,q42_t949
43112,q42_t949
43112,q42_t950
43112,q54_t949
43112,q54_t950
43113,q42_t950
43113,q42_t951
43114,q42_t951
43114,q42_t952
43115,q42_t952
43115,q42_t953
43115,q55_t952
43115,q55_t953
43116,q42_t953
43116,q42_t954
43117,q42_t954
43117,q42_t955
43118,q42_t955
43118,q42_t956
43118,q56_t955
43118,q56_t956
43119,q42_t956
43119,q42_t957
43120,q42_t957
43120,q42_t958
43121,q42_t958
43121,q42_t959
43121,q57_t958
43121,q57_t959
43122,q42_t959
43122,q42_t960
43123,q42_t960
43123,q42_t961
43124,q42_t961
43124,q42_t962
43124,q58_t961
43124,q58_t962
43125,q42_t962
43125,q42_t963
43126,q42_t963
43126,q42_t964
43127,q42_t964
43127,q42_t965
43127,q59_t964
43127,q59_t965
43128,q42_t965
43128,q42_t966
43129,q42_t966
43129,q42_t967
43130,q42_t967
43130,q42_t968
43130,q60_t967
43130,q60_t968
43131,q42_t968
43131,q42_t969
43132,q42_t969
43132,q42_t970
43133,q42_t970
43133,q42_t971
43133,q61_t970
43133,q61_t971
43134,q42_t971
43134,q42_t972
43135,q42_t972
43135,q42_t973
43136,q42_t973
43136,q42_t974
43136,q62_t973
43136,q62_t974
43137,q42_t974
43137,q42_t975
43138,q42_t975
43138,q42_t976
43139,q42_t976
43139,q42_t977
43139,q63_t976
43139,q63_t977
43140,q42_t977
43140,q42_t978
43141,q42_t978
43141,q42_t979
43142,q42_t979
43142,q42_t980
43142,q64_t979
43142,q64_t980
43143,q42_t980
43143,q42_t981
43144,q42_t981
43144,q42_t982
43145,q42_t982
43145,q42_t983
43145,q65_t982
43145,q65_t983
43146,q42_t983
43146,q42_t984
43147,q42_t984
43147,q42_t985
43148,q42_t985
43148,q42_t986
43148,q66_t985
43148,q66_t986
43149,q42_t986
43149,q42_t987
43150,q42_t987
43150,q42_t988
43151,q42_t988
43151,q42_t989
43151,q67_t988
43151,q67_t989
43152,q42_t989
43152,q42_t990
43153,q42_t990
43153,q42_t991
43154,q42_t991
43154,q42_t992
43154,q68_t991
43154,q68_t992
43155,q42_t992
43155,q42_t993
43156,q42_t993
43156,q42_t994
43157,q42_t994
43157,q42_t995
43157,q69_t994
43157,q69_t995
43158,q42_t995
43158,q42_t996
43159,q42_t996
43159,q42_t997
43160,q42_t997
43160,q42_t998
43160,q70_t997
43160,q70_t998
43161,q42_t998
43161,q42_t999
43162,q43_t0
43162,q43_t1
43163,q43_t1
43163,q43_t128
43164,q43_t1000
43164,q43_t1001
43164,q70_t1000
43164,q70_t1001
43165,q43_t1000
43165,q43_t999
43166,q43_t1001
43166,q43_t1002
43167,q43_t1002
43167,q43_t1003
43168,q43_t1003
43168,q43_t1004
43168,q71_t1003
43168,q71_t1004
43169,q43_t1004
43169,q43_t1005
43170,q43_t1005
43170,q43_t1006
43171,q43_t1006
43171,q43_t1007
43171,q72_t1006
43171,q72_t1007
43172,q43_t1007
43172,q43_t1008
43173,q43_t1008
43173,q43_t1009
43174,q43_t1009
43174,q43_t1010
43174,q73_t1009
43174,q73_t1010
43175,q43_t1010
43175,q43_t1011
43176,q43_t1011
43176,q43_t1012
43177,q43_t1012
43177,q43_t1013
43177,q74_t1012
43177,q74_t1013
43178,q43_t1013
43178,q43_t1014
43179,q43_t1014
43179,q43_t1015
43180,q43_t1015
43180,q43_t1016
43180,q75_t1015
43180,q75_t1016
43181,q43_t1016
43181,q43_t1017
43182,q43_t1017
43182,q43_t1018
43183,q43_t1018
43183,q43_t1019
43183,q76_t1018
43183,q76_t1019
43184,q43_t1019
43184,q43_t1020
43185,q43_t1020
43185,q43_t1021
43186,q43_t1021
43186,q43_t1022
43186,q77_t1021
43186,q77_t1022
43187,q43_t1022
43187,q43_t1023
43188,q43_t1023
43188,q43_t1024
43189,q43_t1024
43189,q43_t1025
43189,q78_t1024
43189,q78_t1025
43190,q43_t1025
43190,q43_t1026
43191,q43_t1026
43191,q43_t1027
43192,q43_t1027
43192,q43_t1028
43192,q79_t1027
43192,q79_t1028
43193,q43_t1028
43193,q43_t1029
43194,q43_t1029
43194,q43_t1030
43195,q43_t1030
43195,q43_t1031
43195,q80_t1030
43195,q80_t1031
43196,q43_t1031
43196,q43_t1032
43197,q43_t1032
43197,q43_t1033
43198,q43_t1033
43198,q43_t1034
43198,q81_t1033
43198,q81_t1034
43199,q43_t1034
43199,q43_t1035
43200,q43_t1035
43200,q43_t1036
43201,q43_t1036
43201,q43_t1037
43201,q82_t1036
43201,q82_t1037
43202,q43_t1037
43202,q43_t1038
43203,q43_t1038
43203,q43_t1039
43204,q43_t1039
43204,q43_t1040
43204,q83_t1039
43204,q83_t1040
43205,q43_t1040
43205,q43_t1041
43206,q43_t1041
43206,q43_t1042
43207,q43_t1042
43207,q43_t1043
43207,q84_t1042
43207,q84_t1043
43208,q43_t1043
43208,q43_t1044
43209,q43_t1044
43209,q43_t1045
43210,q43_t1045
43210,q43_t1046
43210,q85_t1045
43210,q85_t1046
43211,q43_t1046
43211,q43_t1047
43212,q43_t1047
43212,q43_t1048
43213,q43_t1048
43213,q43_t1049
43213,q86_t1048
43213,q86_t1049
43214,q43_t1049
43214,q43_t1050
43215,q43_t1050
43215,q43_t1051
43216,q43_t1051
43216,q43_t1052
43216,q87_t1051
43216,q87_t1052
43217,q43_t1052
43217,q43_t1053
43218,q43_t1053
43218,q43_t1054
43219,q43_t1054
43219,q43_t1055
43219,q88_t1054
43219,q88_t1055
43220,q43_t1055
43220,q43_t1056
43221,q43_t1056
43221,q43_t1057
43222,q43_t1057
43222,q43_t1058
43222,q89_t1057
43222,q89_t1058
43223,q43_t1058
43223,q43_t1059
43224,q43_t1059
43224,q43_t1060
43225,q43_t1060
43225,q43_t1061
43225,q90_t1060
43225,q90_t1061
43226,q43_t1061
43226,q43_t1062
43227,q43_t1062
43227,q43_t1063
43228,q43_t1063
43228,q43_t1064
43228,q91_t1063
43228,q91_t1064
43229,q43_t1064
43229,q43_t1065
43230,q43_t1065
43230,q43_t1066
43231,q43_t1066
43231,q43_t1067
43231,q92_t1066
43231,q92_t1067
43232,q43_t1067
43232,q43_t1068
43233,q43_t1068
43233,q43_t1069
43234,q43_t1069
43234,q43_t1070
43234,q93_t1069
43234,q93_t1070
43235,q43_t1070
43235,q43_t1071
43236,q43_t1071
43236,q43_t1072
43237,q43_t1072
43237,q43_t1073
43237,q94_t1072
43237,q94_t1073
43238,q43_t1073
43238,q43_t1074
43239,q43_t1074
43239,q43_t1075
43240,q43_t1075
43240,q43_t1076
43240,q95_t1075
43240,q95_t1076
43241,q43_t1076
43241,q43_t1077
43242,q43_t1077
43242,q43_t1078
43243,q43_t1078
43243,q43_t1079
43243,q96_t1078
43243,q96_t1079
43244,q43_t1079
43244,q43_t1080
43245,q43_t1080
43245,q43_t1081
43246,q43_t1081
43246,q43_t1082
43246,q97_t1081
43246,q97_t1082
43247,q43_t1082
43247,q43_t1083
43248,q43_t1083
43248,q43_t1084
43249,q43_t1084
43249,q43_t1085
43249,q98_t1084
43249,q98_t1085
43250,q43_t1085
43250,q43_t1086
43251,q43_t1086
43251,q43_t1087
43252,q43_t1087
43252,q43_t1088
43252,q99_t1087
43252,q99_t1088
43253,q43_t1088
43253,q43_t1089
43254,q43_t1089
43254,q43_t1090
43255,q43_t1091
43255,q43_t1092
43256,q43_t1092
43256,q43_t1093
43257,q43_t1094
43257,q43_t1095
43258,q43_t1095
43258,q43_t1096
43259,q43_t1097
43259,q43_t1098
43260,q43_t1098
43260,q43_t1099
43261,q43_t1100
43261,q43_t1101
43262,q43_t1101
43262,q43_t1102
43263,q43_t1103
43263,q43_t1104
43264,q43_t1104
43264,q43_t1105
43265,q43_t1106
43265,q43_t1107
43266,q43_t1107
43266,q43_t1108
43267,q43_t1109
43267,q43_t1110
43268,q43_t1110
43268,q43_t1111
43269,q43_t1112
43269,q43_t1113
43270,q43_t1113
43270,q43_t1114
43271,q43_t1115
43271,q43_t1116
43272,q43_t1116
43272,q43_t1117
43273,q43_t1118
43273,q43_t1119
43274,q43_t1119
43274,q43_t1120
43275,q43_t129
43275,q43_t130
43276,q43_t130
43276,q43_t131
43277,q43_t132
43277,q43_t133
43278,q43_t133
43278,q43_t134
43279,q43_t135
43279,q43_t136
43280,q43_t136
43280,q43_t137
43281,q43_t138
43281,q43_t139
43282,q43_t139
43282,q43_t140
43283,q43_t140
43283,q43_t141
43283,q4_t140
43283,q4_t141
43284,q43_t141
43284,q43_t142
43285,q43_t142
43285,q43_t143
43286,q43_t143
43286,q43_t144
43286,q5_t143
43286,q5_t144
43287,q43_t144
43287,q43_t145
43288,q43_t145
43288,q43_t146
43289,q43_t146
43289,q43_t147
43289,q6_t146
43289,q6_t147
43290,q43_t147
43290,q43_t148
43291,q43_t148
43291,q43_t149
43292,q43_t149
43292,q43_t150
43292,q7_t149
43292,q7_t150
43293,q43_t150
43293,q43_t151
43294,q43_t151
43294,q43_t152
43295,q43_t152
43295,q43_t153
43295,q8_t152
43295,q8_t153
43296,q43_t153
43296,q43_t154
43297,q43_t154
43297,q43_t155
43298,q43_t155
43298,q43_t156
43298,q9_t155
43298,q9_t156
43299,q43_t156
43299,q43_t157
43300,q43_t157
43300,q43_t158
43301,q43_t159
43301,q43_t160
43302,q43_t160
43302,q43_t161
43303,q43_t162
43303,q43_t163
43304,q43_t163
43304,q43_t164
43305,q43_t165
43305,q43_t166
43306,q43_t166
43306,q43_t167
43307,q43_t168
43307,q43_t169
43308,q43_t169
43308,q43_t170
43309,q43_t171
43309,q43_t172
43310,q43_t172
43310,q43_t173
43311,q43_t174
43311,q43_t175
43312,q43_t175
43312,q43_t176
43313,q43_t177
43313,q43_t178
43314,q43_t178
43314,q43_t179
43315,q43_t180
43315,q43_t181
43316,q43_t181
43316,q43_t182
43317,q43_t183
43317,q43_t184
43318,q43_t184
43318,q43_t185
43319,q43_t186
43319,q43_t187
43320,q43_t187
43320,q43_t188
43321,q43_t189
43321,q43_t190
43322,q43_t190
43322,q43_t191
43323,q43_t192
43323,q43_t193
43324,q43_t193
43324,q43_t194
43325,q43_t195
43325,q43_t196
43326,q43_t196
43326,q43_t197
43327,q43_t198
43327,q43_t199
43328,q43_t199
43328,q43_t200
43329,q43_t201
43329,q43_t202
43330,q43_t202
43330,q43_t203
43331,q43_t204
43331,q43_t205
43332,q43_t205
43332,q43_t206
43333,q43_t207
43333,q43_t208
43334,q43_t208
43334,q43_t209
43335,q43_t210
43335,q43_t211
43336,q43_t211
43336,q43_t212
43337,q43_t213
43337,q43_t214
43338,q43_t214
43338,q43_t215
43339,q43_t216
43339,q43_t217
43340,q43_t217
43340,q43_t218
43341,q43_t219
43341,q43_t220
43342,q43_t220
43342,q43_t221
43343,q43_t222
43343,q43_t223
43344,q43_t223
43344,q43_t224
43345,q43_t225
43345,q43_t226
43346,q43_t226
43346,q43_t227
43347,q43_t228
43347,q43_t229
43348,q43_t229
43348,q43_t230
43349,q43_t231
43349,q43_t232
43350,q43_t232
43350,q43_t233
43351,q43_t234
43351,q43_t235
43352,q43_t235
43352,q43_t236
43353,q43_t237
43353,q43_t238
43354,q43_t238
43354,q43_t239
43355,q43_t240
43355,q43_t241
43356,q43_t241
43356,q43_t242
43357,q43_t243
43357,q43_t244
43358,q43_t244
43358,q43_t245
43359,q43_t246
43359,q43_t247
43360,q43_t247
43360,q43_t248
43361,q43_t249
43361,q43_t250
43362,q43_t250
43362,q43_t251
43363,q43_t252
43363,q43_t253
43364,q43_t253
43364,q43_t254
43365,q43_t255
43365,q43_t256
43366,q43_t256
43366,q43_t260
43367,q43_t260
43367,q43_t261
43367,q44_t260
43367,q44_t261
43368,q43_t261
43368,q43_t262
43369,q43_t262
43369,q43_t263
43370,q43_t263
43370,q43_t264
43370,q45_t263
43370,q45_t264
43371,q43_t264
43371,q43_t265
43372,q43_t265
43372,q43_t266
43373,q43_t266
43373,q43_t267
43373,q46_t266
43373,q46_t267
43374,q43_t267
43374,q43_t268
43375,q43_t268
43375,q43_t269
43376,q43_t269
43376,q43_t270
43376,q47_t269
43376,q47_t270
43377,q43_t270
43377,q43_t271
43378,q43_t271
43378,q43_t272
43379,q43_t272
43379,q43_t273
43379,q48_t272
43379,q48_t273
43380,q43_t273
43380,q43_t274
43381,q43_t274
43381,q43_t275
43382,q43_t275
43382,q43_t276
43382,q49_t275
43382,q49_t276
43383,q43_t276
43383,q43_t277
43384,q43_t277
43384,q43_t278
43385,q43_t278
43385,q43_t279
43385,q50_t278
43385,q50_t279
43386,q43_t279
43386,q43_t280
43387,q43_t280
43387,q43_t281
43388,q43_t281
43388,q43_t282
43388,q51_t281
43388,q51_t282
43389,q43_t282
43389,q43_t283
43390,q43_t283
43390,q43_t284
43391,q43_t284
43391,q43_t285
43391,q52_t284
43391,q52_t285
43392,q43_t285
43392,q43_t286
43393,q43_t286
43393,q43_t287
43394,q43_t287
43394,q43_t288
43394,q53_t287
43394,q53_t288
43395,q43_t288
43395,q43_t289
43396,q43_t289
43396,q43_t290
43397,q43_t290
43397,q43_t291
43397,q54_t290
43397,q54_t291
43398,q43_t291
43398,q43_t292
43399,q43_t292
43399,q43_t293
43400,q43_t293
43400,q43_t294
43400,q55_t293
43400,q55_t294
43401,q43_t294
43401,q43_t295
43402,q43_t295
43402,q43_t296
43403,q43_t296
43403,q43_t297
43403,q56_t296
43403,q56_t297
43404,q43_t297
43404,q43_t298
43405,q43_t298
43405,q43_t299
43406,q43_t299
43406,q43_t300
43406,q57_t299
43406,q57_t300
43407,q43_t300
43407,q43_t301
43408,q43_t301
43408,q43_t302
43409,q43_t302
43409,q43_t303
43409,q58_t302
43409,q58_t303
43410,q43_t303
43410,q43_t304
43411,q43_t304
43411,q43_t305
43412,q43_t305
43412,q43_t306
43412,q59_t305
43412,q59_t306
43413,q43_t306
43413,q43_t307
43414,q43_t307
43414,q43_t308
43415,q43_t308
43415,q43_t309
43415,q60_t308
43415,q60_t309
43416,q43_t309
43416,q43_t310
43417,q43_t310
43417,q43_t311
43418,q43_t311
43418,q43_t312
43418,q61_t311
43418,q61_t312
43419,q43_t312
43419,q43_t313
43420,q43_t313
43420,q43_t314
43421,q43_t314
43421,q43_t315
43421,q62_t314
43421,q62_t315
43422,q43_t315
43422,q43_t316
43423,q43_t316
43423,q43_t317
43424,q43_t317
43424,q43_t318
43424,q63_t317
43424,q63_t318
43425,q43_t318
43425,q43_t319
43426,q43_t319
43426,q43_t320
43427,q43_t320
43427,q43_t321
43427,q64_t320
43427,q64_t321
43428,q43_t321
43428,q43_t322
43429,q43_t322
43429,q43_t323
43430,q43_t323
43430,q43_t324
43430,q65_t323
43430,q65_t324
43431,q43_t324
43431,q43_t325
43432,q43_t325
43432,q43_t326
43433,q43_t326
43433,q43_t327
43433,q66_t326
43433,q66_t327
43434,q43_t327
43434,q43_t328
43435,q43_t328
43435,q43_t329
43436,q43_t329
43436,q43_t330
43436,q67_t329
43436,q67_t330
43437,q43_t330
43437,q43_t331
43438,q43_t331
43438,q43_t332
43439,q43_t332
43439,q43_t333
43439,q68_t332
43439,q68_t333
43440,q43_t333
43440,q43_t334
43441,q43_t334
43441,q43_t335
43442,q43_t335
43442,q43_t336
43442,q69_t335
43442,q69_t336
43443,q43_t336
43443,q43_t337
43444,q43_t337
43444,q43_t338
43445,q43_t338
43445,q43_t339
43445,q70_t338
43445,q70_t339
43446,q43_t339
43446,q43_t340
43447,q43_t340
43447,q43_t341
43448,q43_t341
43448,q43_t342
43448,q71_t341
43448,q71_t342
43449,q43_t342
43449,q43_t343
43450,q43_t343
43450,q43_t344
43451,q43_t344
43451,q43_t345
43451,q72_t344
43451,q72_t345
43452,q43_t345
43452,q43_t346
43453,q43_t346
43453,q43_t347
43454,q43_t347
43454,q43_t348
43454,q73_t347
43454,q73_t348
43455,q43_t348
43455,q43_t349
43456,q43_t349
43456,q43_t350
43457,q43_t350
43457,q43_t351
43457,q74_t350
43457,q74_t351
43458,q43_t351
43458,q43_t352
43459,q43_t352
43459,q43_t353
43460,q43_t353
43460,q43_t354
43460,q75_t353
43460,q75_t354
43461,q43_t354
43461,q43_t355
43462,q43_t355
43462,q43_t356
43463,q43_t356
43463,q43_t357
43463,q76_t356
43463,q76_t357
43464,q43_t357
43464,q43_t358
43465,q43_t358
43465,q43_t359
43466,q43_t359
43466,q43_t360
43466,q77_t359
43466,q77_t360
43467,q43_t360
43467,q43_t361
43468,q43_t361
43468,q43_t362
43469,q43_t362
43469,q43_t363
43469,q78_t362
43469,q78_t363
43470,q43_t363
43470,q43_t364
43471,q43_t364
43471,q43_t365
43472,q43_t365
43472,q43_t366
43472,q79_t365
43472,q79_t366
43473,q43_t366
43473,q43_t367
43474,q43_t367
43474,q43_t368
43475,q43_t368
43475,q43_t369
43475,q80_t368
43475,q80_t369
43476,q43_t369
43476,q43_t370
43477,q43_t370
43477,q43_t371
43478,q43_t371
43478,q43_t372
43478,q81_t371
43478,q81_t372
43479,q43_t372
43479,q43_t373
43480,q43_t373
43480,q43_t374
43481,q43_t374
43481,q43_t375
43481,q82_t374
43481,q82_t375
43482,q43_t375
43482,q43_t376
43483,q43_t376
43483,q43_t377
43484,q43_t377
43484,q43_t378
43484,q83_t377
43484,q83_t378
43485,q43_t378
43485,q43_t379
43486,q43_t379
43486,q43_t380
43487,q43_t380
43487,q43_t381
43487,q84_t380
43487,q84_t381
43488,q43_t381
43488,q43_t382
43489,q43_t382
43489,q43_t383
43490,q43_t383
43490,q43_t384
43490,q85_t383
43490,q85_t384
43491,q43_t384
43491,q43_t385
43492,q43_t385
43492,q43_t386
43493,q43_t386
43493,q43_t387
43493,q86_t386
43493,q86_t387
43494,q43_t387
43494,q43_t388
43495,q43_t388
43495,q43_t389
43496,q43_t389
43496,q43_t390
43496,q87_t389
43496,q87_t390
43497,q43_t390
43497,q43_t391
43498,q43_t391
43498,q43_t392
43499,q43_t392
43499,q43_t393
43499,q88_t392
43499,q88_t393
43500,q43_t393
43500,q43_t394
43501,q43_t394
43501,q43_t395
43502,q43_t395
43502,q43_t396
43502,q89_t395
43502,q89_t396
43503,q43_t396
43503,q43_t397
43504,q43_t397
43504,q43_t398
43505,q43_t398
43505,q43_t399
43505,q90_t398
43505,q90_t399
43506,q43_t399
43506,q43_t400
43507,q43_t400
43507,q43_t401
43508,q43_t401
43508,q43_t402
43508,q91_t401
43508,q91_t402
43509,q43_t402
43509,q43_t403
43510,q43_t403
43510,q43_t404
43511,q43_t404
43511,q43_t405
43511,q92_t404
43511,q92_t405
43512,q43_t405
43512,q43_t406
43513,q43_t406
43513,q43_t407
43514,q43_t407
43514,q43_t408
43514,q93_t407
43514,q93_t408
43515,q43_t408
43515,q43_t409
43516,q43_t409
43516,q43_t410
43517,q43_t410
43517,q43_t411
43517,q94_t410
43517,q94_t411
43518,q43_t411
43518,q43_t412
43519,q43_t412
43519,q43_t413
43520,q43_t413
43520,q43_t414
43520,q95_t413
43520,q95_t414
43521,q43_t414
43521,q43_t415
43522,q43_t415
43522,q43_t416
43523,q43_t416
43523,q43_t417
43523,q96_t416
43523,q96_t417
43524,q43_t417
43524,q43_t418
43525,q43_t418
43525,q43_t419
43526,q43_t419
43526,q43_t420
43526,q97_t419
43526,q97_t420
43527,q43_t420
43527,q43_t421
43528,q43_t421
43528,q43_t422
43529,q43_t422
43529,q43_t423
43529,q98_t422
43529,q98_t423
43530,q43_t423
43530,q43_t424
43531,q43_t424
43531,q43_t425
43532,q43_t425
43532,q43_t426
43532,q99_t425
43532,q99_t426
43533,q43_t426
43533,q43_t427
43534,q43_t427
43534,q43_t428
43535,q43_t429
43535,q43_t430
43536,q43_t430
43536,q43_t431
43537,q43_t432
43537,q43_t433
43538,q43_t433
43538,q43_t434
43539,q43_t435
43539,q43_t436
43540,q43_t436
43540,q43_t437
43541,q43_t438
43541,q43_t439
43542,q43_t439
43542,q43_t440
43543,q43_t441
43543,q43_t442
43544,q43_t442
43544,q43_t443
43545,q43_t444
43545,q43_t445
43546,q43_t445
43546,q43_t446
43547,q43_t447
43547,q43_t448
43548,q43_t448
43548,q43_t449
43549,q43_t450
43549,q43_t451
43550,q43_t451
43550,q43_t452
43551,q43_t453
43551,q43_t454
43552,q43_t454
43552,q43_t455
43553,q43_t456
43553,q43_t457
43554,q43_t457
43554,q43_t458
43555,q43_t458
43555,q43_t459
43556,q43_t460
43556,q43_t461
43557,q43_t461
43557,q43_t462
43558,q43_t463
43558,q43_t464
43559,q43_t464
43559,q43_t465
43560,q43_t466
43560,q43_t467
43561,q43_t467
43561,q43_t468
43562,q43_t469
43562,q43_t470
43563,q43_t470
43563,q43_t471
43564,q43_t471
43564,q43_t472
43564,q4_t471
43564,q4_t472
43565,q43_t472
43565,q43_t473
43566,q43_t473
43566,q43_t474
43567,q43_t474
43567,q43_t475
43567,q5_t474
43567,q5_t475
43568,q43_t475
43568,q43_t476
43569,q43_t476
43569,q43_t477
43570,q43_t477
43570,q43_t478
43570,q6_t477
43570,q6_t478
43571,q43_t478
43571,q43_t479
43572,q43_t479
43572,q43_t480
43573,q43_t480
43573,q43_t481
43573,q7_t480
43573,q7_t481
43574,q43_t481
43574,q43_t482
43575,q43_t482
43575,q43_t483
43576,q43_t483
43576,q43_t484
43576,q8_t483
43576,q8_t484
43577,q43_t484
43577,q43_t485
43578,q43_t485
43578,q43_t486
43579,q43_t486
43579,q43_t487
43579,q9_t486
43579,q9_t487
43580,q43_t487
43580,q43_t488
43581,q43_t488
43581,q43_t489
43582,q43_t490
43582,q43_t491
43583,q43_t491
43583,q43_t492
43584,q43_t493
43584,q43_t494
43585,q43_t494
43585,q43_t495
43586,q43_t496
43586,q43_t497
43587,q43_t497
43587,q43_t498
43588,q43_t499
43588,q43_t500
43589,q43_t500
43589,q43_t501
43590,q43_t502
43590,q43_t503
43591,q43_t503
43591,q43_t504
43592,q43_t505
43592,q43_t506
43593,q43_t506
43593,q43_t507
43594,q43_t508
43594,q43_t509
43595,q43_t509
43595,q43_t510
43596,q43_t511
43596,q43_t512
43597,q43_t512
43597,q43_t513
43598,q43_t514
43598,q43_t515
43599,q43_t515
43599,q43_t516
43600,q43_t517
43600,q43_t518
43601,q43_t518
43601,q43_t519
43602,q43_t520
43602,q43_t521
43603,q43_t521
43603,q43_t522
43604,q43_t523
43604,q43_t524
43605,q43_t524
43605,q43_t525
43606,q43_t526
43606,q43_t527
43607,q43_t527
43607,q43_t528
43608,q43_t529
43608,q43_t530
43609,q43_t530
43609,q43_t531
43610,q43_t532
43610,q43_t533
43611,q43_t533
43611,q43_t534
43612,q43_t535
43612,q43_t536
43613,q43_t536
43613,q43_t537
43614,q43_t538
43614,q43_t539
43615,q43_t539
43615,q43_t540
43616,q43_t541
43616,q43_t542
43617,q43_t542
43617,q43_t543
43618,q43_t544
43618,q43_t545
43619,q43_t545
43619,q43_t546
43620,q43_t547
43620,q43_t548
43621,q43_t548
43621,q43_t549
43622,q43_t550
43622,q43_t551
43623,q43_t551
43623,q43_t552
43624,q43_t553
43624,q43_t554
43625,q43_t554
43625,q43_t555
43626,q43_t556
43626,q43_t557
43627,q43_t557
43627,q43_t558
43628,q43_t559
43628,q43_t560
43629,q43_t560
43629,q43_t561
43630,q43_t562
43630,q43_t563
43631,q43_t563
43631,q43_t564
43632,q43_t565
43632,q43_t566
43633,q43_t566
43633,q43_t567
43634,q43_t568
43634,q43_t569
43635,q43_t569
43635,q43_t570
43636,q43_t571
43636,q43_t572
43637,q43_t572
43637,q43_t573
43638,q43_t574
43638,q43_t575
43639,q43_t575
43639,q43_t576
43640,q43_t577
43640,q43_t578
43641,q43_t578
43641,q43_t579
43642,q43_t580
43642,q43_t581
43643,q43_t581
43643,q43_t582
43644,q43_t583
43644,q43_t584
43645,q43_t584
43645,q43_t585
43646,q43_t586
43646,q43_t587
43647,q43_t587
43647,q43_t591
43648,q43_t591
43648,q43_t592
43648,q44_t591
43648,q44_t592
43649,q43_t592
43649,q43_t593
43650,q43_t593
43650,q43_t594
43651,q43_t594
43651,q43_t595
43651,q45_t594
43651,q45_t595
43652,q43_t595
43652,q43_t596
43653,q43_t596
43653,q43_t597
43654,q43_t597
43654,q43_t598
43654,q46_t597
43654,q46_t598
43655,q43_t598
43655,q43_t599
43656,q43_t599
43656,q43_t600
43657,q43_t600
43657,q43_t601
43657,q47_t600
43657,q47_t601
43658,q43_t601
43658,q43_t602
43659,q43_t602
43659,q43_t603
43660,q43_t603
43660,q43_t604
43660,q48_t603
43660,q48_t604
43661,q43_t604
43661,q43_t605
43662,q43_t605
43662,q43_t606
43663,q43_t606
43663,q43_t607
43663,q49_t606
43663,q49_t607
43664,q43_t607
43664,q43_t608
43665,q43_t608
43665,q43_t609
43666,q43_t609
43666,q43_t610
43666,q50_t609
43666,q50_t610
43667,q43_t610
43667,q43_t611
43668,q43_t611
43668,q43_t612
43669,q43_t612
43669,q43_t613
43669,q51_t612
43669,q51_t613
43670,q43_t613
43670,q43_t614
43671,q43_t614
43671,q43_t615
43672,q43_t615
43672,q43_t616
43672,q52_t615
43672,q52_t616
43673,q43_t616
43673,q43_t617
43674,q43_t617
43674,q43_t618
43675,q43_t618
43675,q43_t619
43675,q53_t618
43675,q53_t619
43676,q43_t619
43676,q43_t620
43677,q43_t620
43677,q43_t621
43678,q43_t621
43678,q43_t622
43678,q54_t621
43678,q54_t622
43679,q43_t622
43679,q43_t623
43680,q43_t623
43680,q43_t624
43681,q43_t624
43681,q43_t625
43681,q55_t624
43681,q55_t625
43682,q43_t625
43682,q43_t626
43683,q43_t626
43683,q43_t627
43684,q43_t627
43684,q43_t628
43684,q56_t627
43684,q56_t628
43685,q43_t628
43685,q43_t629
43686,q43_t629
43686,q43_t630
43687,q43_t630
43687,q43_t631
43687,q57_t630
43687,q57_t631
43688,q43_t631
43688,q43_t632
43689,q43_t632
43689,q43_t633
43690,q43_t633
43690,q43_t634
43690,q58_t633
43690,q58_t634
43691,q43_t634
43691,q43_t635
43692,q43_t635
43692,q43_t636
43693,q43_t636
43693,q43_t637
43693,q59_t636
43693,q59_t637
43694,q43_t637
43694,q43_t638
43695,q43_t638
43695,q43_t639
43696,q43_t639
43696,q43_t640
43696,q60_t639
43696,q60_t640
43697,q43_t640
43697,q43_t641
43698,q43_t641
43698,q43_t642
43699,q43_t642
43699,q43_t643
43699,q61_t642
43699,q61_t643
43700,q43_t643
43700,q43_t644
43701,q43_t644
43701,q43_t645
43702,q43_t645
43702,q43_t646
43702,q62_t645
43702,q62_t646
43703,q43_t646
43703,q43_t647
43704,q43_t647
43704,q43_t648
43705,q43_t648
43705,q43_t649
43705,q63_t648
43705,q63_t649
43706,q43_t649
43706,q43_t650
43707,q43_t650
43707,q43_t651
43708,q43_t651
43708,q43_t652
43708,q64_t651
43708,q64_t652
43709,q43_t652
43709,q43_t653
43710,q43_t653
43710,q43_t654
43711,q43_t654
43711,q43_t655
43711,q65_t654
43711,q65_t655
43712,q43_t655
43712,q43_t656
43713,q43_t656
43713,q43_t657
43714,q43_t657
43714,q43_t658
43714,q66_t657
43714,q66_t658
43715,q43_t658
43715,q43_t659
43716,q43_t659
43716,q43_t660
43717,q43_t660
43717,q43_t661
43717,q67_t660
43717,q67_t661
43718,q43_t661
43718,q43_t662
43719,q43_t662
43719,q43_t663
43720,q43_t663
43720,q43_t664
43720,q68_t663
43720,q68_t664
43721,q43_t664
43721,q43_t665
43722,q43_t665
43722,q43_t666
43723,q43_t666
43723,q43_t667
43723,q69_t666
43723,q69_t667
43724,q43_t667
43724,q43_t668
43725,q43_t668
43725,q43_t669
43726,q43_t669
43726,q43_t670
43726,q70_t669
43726,q70_t670
43727,q43_t670
43727,q43_t671
43728,q43_t671
43728,q43_t672
43729,q43_t672
43729,q43_t673
43729,q71_t672
43729,q71_t673
43730,q43_t673
43730,q43_t674
43731,q43_t674
43731,q43_t675
43732,q43_t675
43732,q43_t676
43732,q72_t675
43732,q72_t676
43733,q43_t676
43733,q43_t677
43734,q43_t677
43734,q43_t678
43735,q43_t678
43735,q43_t679
43735,q73_t678
43735,q73_t679
43736,q43_t679
43736,q43_t680
43737,q43_t680
43737,q43_t681
43738,q43_t681
43738,q43_t682
43738,q74_t681
43738,q74_t682
43739,q43_t682
43739,q43_t683
43740,q43_t683
43740,q43_t684
43741,q43_t684
43741,q43_t685
43741,q75_t684
43741,q75_t685
43742,q43_t685
43742,q43_t686
43743,q43_t686
43743,q43_t687
43744,q43_t687
43744,q43_t688
43744,q76_t687
43744,q76_t688
43745,q43_t688
43745,q43_t689
43746,q43_t689
43746,q43_t690
43747,q43_t690
43747,q43_t691
43747,q77_t690
43747,q77_t691
43748,q43_t691
43748,q43_t692
43749,q43_t692
43749,q43_t693
43750,q43_t693
43750,q43_t694
43750,q78_t693
43750,q78_t694
43751,q43_t694
43751,q43_t695
43752,q43_t695
43752,q43_t696
43753,q43_t696
43753,q43_t697
43753,q79_t696
43753,q79_t697
43754,q43_t697
43754,q43_t698
43755,q43_t698
43755,q43_t699
43756,q43_t699
43756,q43_t700
43756,q80_t699
43756,q80_t700
43757,q43_t700
43757,q43_t701
43758,q43_t701
43758,q43_t702
43759,q43_t702
43759,q43_t703
43759,q81_t702
43759,q81_t703
43760,q43_t703
43760,q43_t704
43761,q43_t704
43761,q43_t705
43762,q43_t705
43762,q43_t706
43762,q82_t705
43762,q82_t706
43763,q43_t706
43763,q43_t707
43764,q43_t707
43764,q43_t708
43765,q43_t708
43765,q43_t709
43765,q83_t708
43765,q83_t709
43766,q43_t709
43766,q43_t710
43767,q43_t710
43767,q43_t711
43768,q43_t711
43768,q43_t712
43768,q84_t711
43768,q84_t712
43769,q43_t712
43769,q43_t713
43770,q43_t713
43770,q43_t714
43771,q43_t714
43771,q43_t715
43771,q85_t714
43771,q85_t715
43772,q43_t715
43772,q43_t716
43773,q43_t716
43773,q43_t717
43774,q43_t717
43774,q43_t718
43774,q86_t717
43774,q86_t718
43775,q43_t718
43775,q43_t719
43776,q43_t719
43776,q43_t720
43777,q43_t720
43777,q43_t721
43777,q87_t720
43777,q87_t721
43778,q43_t721
43778,q43_t722
43779,q43_t722
43779,q43_t723
43780,q43_t723
43780,q43_t724
43780,q88_t723
43780,q88_t724
43781,q43_t724
43781,q43_t725
43782,q43_t725
43782,q43_t726
43783,q43_t726
43783,q43_t727
43783,q89_t726
43783,q89_t727
43784,q43_t727
43784,q43_t728
43785,q43_t728
43785,q43_t729
43786,q43_t729
43786,q43_t730
43786,q90_t729
43786,q90_t730
43787,q43_t730
43787,q43_t731
43788,q43_t731
43788,q43_t732
43789,q43_t732
43789,q43_t733
43789,q91_t732
43789,q91_t733
43790,q43_t733
43790,q43_t734
43791,q43_t734
43791,q43_t735
43792,q43_t735
43792,q43_t736
43792,q92_t735
43792,q92_t736
43793,q43_t736
43793,q43_t737
43794,q43_t737
43794,q43_t738
43795,q43_t738
43795,q43_t739
43795,q93_t738
43795,q93_t739
43796,q43_t739
43796,q43_t740
43797,q43_t740
43797,q43_t741
43798,q43_t741
43798,q43_t742
43798,q94_t741
43798,q94_t742
43799,q43_t742
43799,q43_t743
43800,q43_t743
43800,q43_t744
43801,q43_t744
43801,q43_t745
43801,q95_t744
43801,q95_t745
43802,q43_t745
43802,q43_t746
43803,q43_t746
43803,q43_t747
43804,q43_t747
43804,q43_t748
43804,q96_t747
43804,q96_t748
43805,q43_t748
43805,q43_t749
43806,q43_t749
43806,q43_t750
43807,q43_t750
43807,q43_t751
43807,q97_t750
43807,q97_t751
43808,q43_t751
43808,q43_t752
43809,q43_t752
43809,q43_t753
43810,q43_t753
43810,q43_t754
43810,q98_t753
43810,q98_t754
43811,q43_t754
43811,q43_t755
43812,q43_t755
43812,q43_t756
43813,q43_t756
43813,q43_t757
43813,q99_t756
43813,q99_t757
43814,q43_t757
43814,q43_t758
43815,q43_t758
43815,q43_t759
43816,q43_t760
43816,q43_t761
43817,q43_t761
43817,q43_t762
43818,q43_t763
43818,q43_t764
43819,q43_t764
43819,q43_t765
43820,q43_t766
43820,q43_t767
43821,q43_t767
43821,q43_t768
43822,q43_t769
43822,q43_t770
43823,q43_t770
43823,q43_t771
43824,q43_t772
43824,q43_t773
43825,q43_t773
43825,q43_t774
43826,q43_t775
43826,q43_t776
43827,q43_t776
43827,q43_t777
43828,q43_t778
43828,q43_t779
43829,q43_t779
43829,q43_t780
43830,q43_t781
43830,q43_t782
43831,q43_t782
43831,q43_t783
43832,q43_t784
43832,q43_t785
43833,q43_t785
43833,q43_t786
43834,q43_t787
43834,q43_t788
43835,q43_t788
43835,q43_t789
43836,q43_t789
43836,q43_t790
43837,q43_t791
43837,q43_t792
43838,q43_t792
43838,q43_t793
43839,q43_t794
43839,q43_t795
43840,q43_t795
43840,q43_t796
43841,q43_t797
43841,q43_t798
43842,q43_t798
43842,q43_t799
43843,q43_t800
43843,q43_t801
43844,q43_t801
43844,q43_t802
43845,q43_t802
43845,q43_t803
43845,q4_t802
43845,q4_t803
43846,q43_t803
43846,q43_t804
43847,q43_t804
43847,q43_t805
43848,q43_t805
43848,q43_t806
43848,q5_t805
43848,q5_t806
43849,q43_t806
43849,q43_t807
43850,q43_t807
43850,q43_t808
43851,q43_t808
43851,q43_t809
43851,q6_t808
43851,q6_t809
43852,q43_t809
43852,q43_t810
43853,q43_t810
43853,q43_t811
43854,q43_t811
43854,q43_t812
43854,q7_t811
43854,q7_t812
43855,q43_t812
43855,q43_t813
43856,q43_t813
43856,q43_t814
43857,q43_t814
43857,q43_t815
43857,q8_t814
43857,q8_t815
43858,q43_t815
43858,q43_t816
43859,q43_t816
43859,q43_t817
43860,q43_t817
43860,q43_t818
43860,q9_t817
43860,q9_t818
43861,q43_t818
43861,q43_t819
43862,q43_t819
43862,q43_t820
43863,q43_t821
43863,q43_t822
43864,q43_t822
43864,q43_t823
43865,q43_t824
43865,q43_t825
43866,q43_t825
43866,q43_t826
43867,q43_t827
43867,q43_t828
43868,q43_t828
43868,q43_t829
43869,q43_t830
43869,q43_t831
43870,q43_t831
43870,q43_t832
43871,q43_t833
43871,q43_t834
43872,q43_t834
43872,q43_t835
43873,q43_t836
43873,q43_t837
43874,q43_t837
43874,q43_t838
43875,q43_t839
43875,q43_t840
43876,q43_t840
43876,q43_t841
43877,q43_t842
43877,q43_t843
43878,q43_t843
43878,q43_t844
43879,q43_t845
43879,q43_t846
43880,q43_t846
43880,q43_t847
43881,q43_t848
43881,q43_t849
43882,q43_t849
43882,q43_t850
43883,q43_t851
43883,q43_t852
43884,q43_t852
43884,q43_t853
43885,q43_t854
43885,q43_t855
43886,q43_t855
43886,q43_t856
43887,q43_t857
43887,q43_t858
43888,q43_t858
43888,q43_t859
43889,q43_t860
43889,q43_t861
43890,q43_t861
43890,q43_t862
43891,q43_t863
43891,q43_t864
43892,q43_t864
43892,q43_t865
43893,q43_t866
43893,q43_t867
43894,q43_t867
43894,q43_t868
43895,q43_t869
43895,q43_t870
43896,q43_t870
43896,q43_t871
43897,q43_t872
43897,q43_t873
43898,q43_t873
43898,q43_t874
43899,q43_t875
43899,q43_t876
43900,q43_t876
43900,q43_t877
43901,q43_t878
43901,q43_t879
43902,q43_t879
43902,q43_t880
43903,q43_t881
43903,q43_t882
43904,q43_t882
43904,q43_t883
43905,q43_t884
43905,q43_t885
43906,q43_t885
43906,q43_t886
43907,q43_t887
43907,q43_t888
43908,q43_t888
43908,q43_t889
43909,q43_t890
43909,q43_t891
43910,q43_t891
43910,q43_t892
43911,q43_t893
43911,q43_t894
43912,q43_t894
43912,q43_t895
43913,q43_t896
43913,q43_t897
43914,q43_t897
43914,q43_t898
43915,q43_t899
43915,q43_t900
43916,q43_t900
43916,q43_t901
43917,q43_t902
43917,q43_t903
43918,q43_t903
43918,q43_t904
43919,q43_t905
43919,q43_t906
43920,q43_t906
43920,q43_t907
43921,q43_t908
43921,q43_t909
43922,q43_t909
43922,q43_t910
43923,q43_t911
43923,q43_t912
43924,q43_t912
43924,q43_t913
43925,q43_t914
43925,q43_t915
43926,q43_t915
43926,q43_t916
43927,q43_t917
43927,q43_t918
43928,q43_t918
43928,q43_t922
43929,q43_t922
43929,q43_t923
43929,q44_t922
43929,q44_t923
43930,q43_t923
43930,q43_t924
43931,q43_t924
43931,q43_t925
43932,q43_t925
43932,q43_t926
43932,q45_t925
43932,q45_t926
43933,q43_t926
43933,q43_t927
43934,q43_t927
43934,q43_t928
43935,q43_t928
43935,q43_t929
43935,q46_t928
43935,q46_t929
43936,q43_t929
43936,q43_t930
43937,q43_t930
43937,q43_t931
43938,q43_t931
43938,q43_t932
43938,q47_t931
43938,q47_t932
43939,q43_t932
43939,q43_t933
43940,q43_t933
43940,q43_t934
43941,q43_t934
43941,q43_t935
43941,q48_t934
43941,q48_t935
43942,q43_t935
43942,q43_t936
43943,q43_t936
43943,q43_t937
43944,q43_t937
43944,q43_t938
43944,q49_t937
43944,q49_t938
43945,q43_t938
43945,q43_t939
43946,q43_t939
43946,q43_t940
43947,q43_t940
43947,q43_t941
43947,q50_t940
43947,q50_t941
43948,q43_t941
43948,q43_t942
43949,q43_t942
43949,q43_t943
43950,q43_t943
43950,q43_t944
43950,q51_t943
43950,q51_t944
43951,q43_t944
43951,q43_t945
43952,q43_t945
43952,q43_t946
43953,q43_t946
43953,q43_t947
43953,q52_t946
43953,q52_t947
43954,q43_t947
43954,q43_t948
43955,q43_t948
43955,q43_t949
43956,q43_t949
43956,q43_t950
43956,q53_t949
43956,q53_t950
43957,q43_t950
43957,q43_t951
43958,q43_t951
43958,q43_t952
43959,q43_t952
43959,q43_t953
43959,q54_t952
43959,q54_t953
43960,q43_t953
43960,q43_t954
43961,q43_t954
43961,q43_t955
43962,q43_t955
43962,q43_t956
43962,q55_t955
43962,q55_t956
43963,q43_t956
43963,q43_t957
43964,q43_t957
43964,q43_t958
43965,q43_t958
43965,q43_t959
43965,q56_t958
43965,q56_t959
43966,q43_t959
43966,q43_t960
43967,q43_t960
43967,q43_t961
43968,q43_t961
43968,q43_t962
43968,q57_t961
43968,q57_t962
43969,q43_t962
43969,q43_t963
43970,q43_t963
43970,q43_t964
43971,q43_t964
43971,q43_t965
43971,q58_t964
43971,q58_t965
43972,q43_t965
43972,q43_t966
43973,q43_t966
43973,q43_t967
43974,q43_t967
43974,q43_t968
43974,q59_t967
43974,q59_t968
43975,q43_t968
43975,q43_t969
43976,q43_t969
43976,q43_t970
43977,q43_t970
43977,q43_t971
43977,q60_t970
43977,q60_t971
43978,q43_t971
43978,q43_t972
43979,q43_t972
43979,q43_t973
43980,q43_t973
43980,q43_t974
43980,q61_t973
43980,q61_t974
43981,q43_t974
43981,q43_t975
43982,q43_t975
43982,q43_t976
43983,q43_t976
43983,q43_t977
43983,q62_t976
43983,q62_t977
43984,q43_t977
43984,q43_t978
43985,q43_t978
43985,q43_t979
43986,q43_t979
43986,q43_t980
43986,q63_t979
43986,q63_t980
43987,q43_t980
43987,q43_t981
43988,q43_t981
43988,q43_t982
43989,q43_t982
43989,q43_t983
43989,q64_t982
43989,q64_t983
43990,q43_t983
43990,q43_t984
43991,q43_t984
43991,q43_t985
43992,q43_t985
43992,q43_t986
43992,q65_t985
43992,q65_t986
43993,q43_t986
43993,q43_t987
43994,q43_t987
43994,q43_t988
43995,q43_t988
43995,q43_t989
43995,q66_t988
43995,q66_t989
43996,q43_t989
43996,q43_t990
43997,q43_t990
43997,q43_t991
43998,q43_t991
43998,q43_t992
43998,q67_t991
43998,q67_t992
43999,q43_t992
43999,q43_t993
44000,q43_t993
44000,q43_t994
44001,q43_t994
44001,q43_t995
44001,q68_t994
44001,q68_t995
44002,q43_t995
44002,q43_t996
44003,q43_t996
44003,q43_t997
44004,q43_t997
44004,q43_t998
44004,q69_t997
44004,q69_t998
44005,q43_t998
44005,q43_t999
44006,q44_t0
44006,q44_t1
44007,q44_t1
44007,q44_t131
44008,q44_t1000
44008,q44_t1001
44008,q69_t1000
44008,q69_t1001
44009,q44_t1000
44009,q44_t999
44010,q44_t1001
44010,q44_t1002
44011,q44_t1002
44011,q44_t1003
44012,q44_t1003
44012,q44_t1004
44012,q70_t1003
44012,q70_t1004
44013,q44_t1004
44013,q44_t1005
44014,q44_t1005
44014,q44_t1006
44015,q44_t1006
44015,q44_t1007
44015,q71_t1006
44015,q71_t1007
44016,q44_t1007
44016,q44_t1008
44017,q44_t1008
44017,q44_t1009
44018,q44_t1009
44018,q44_t1010
44018,q72_t1009
44018,q72_t1010
44019,q44_t1010
44019,q44_t1011
44020,q44_t1011
44020,q44_t1012
44021,q44_t1012
44021,q44_t1013
44021,q73_t1012
44021,q73_t1013
44022,q44_t1013
44022,q44_t1014
44023,q44_t1014
44023,q44_t1015
44024,q44_t1015
44024,q44_t1016
44024,q74_t1015
44024,q74_t1016
44025,q44_t1016
44025,q44_t1017
44026,q44_t1017
44026,q44_t1018
44027,q44_t1018
44027,q44_t1019
44027,q75_t1018
44027,q75_t1019
44028,q44_t1019
44028,q44_t1020
44029,q44_t1020
44029,q44_t1021
44030,q44_t1021
44030,q44_t1022
44030,q76_t1021
44030,q76_t1022
44031,q44_t1022
44031,q44_t1023
44032,q44_t1023
44032,q44_t1024
44033,q44_t1024
44033,q44_t1025
44033,q77_t1024
44033,q77_t1025
44034,q44_t1025
44034,q44_t1026
44035,q44_t1026
44035,q44_t1027
44036,q44_t1027
44036,q44_t1028
44036,q78_t1027
44036,q78_t1028
44037,q44_t1028
44037,q44_t1029
44038,q44_t1029
44038,q44_t1030
44039,q44_t1030
44039,q44_t1031
44039,q79_t1030
44039,q79_t1031
44040,q44_t1031
44040,q44_t1032
44041,q44_t1032
44041,q44_t1033
44042,q44_t1033
44042,q44_t1034
44042,q80_t1033
44042,q80_t1034
44043,q44_t1034
44043,q44_t1035
44044,q44_t1035
44044,q44_t1036
44045,q44_t1036
44045,q44_t1037
44045,q81_t1036
44045,q81_t1037
44046,q44_t1037
44046,q44_t1038
44047,q44_t1038
44047,q44_t1039
44048,q44_t1039
44048,q44_t1040
44048,q82_t1039
44048,q82_t1040
44049,q44_t1040
44049,q44_t1041
44050,q44_t1041
44050,q44_t1042
44051,q44_t1042
44051,q44_t1043
44051,q83_t1042
44051,q83_t1043
44052,q44_t1043
44052,q44_t1044
44053,q44_t1044
44053,q44_t1045
44054,q44_t1045
44054,q44_t1046
44054,q84_t1045
44054,q84_t1046
44055,q44_t1046
44055,q44_t1047
44056,q44_t1047
44056,q44_t1048
44057,q44_t1048
44057,q44_t1049
44057,q85_t1048
44057,q85_t1049
44058,q44_t1049
44058,q44_t1050
44059,q44_t1050
44059,q44_t1051
44060,q44_t1051
44060,q44_t1052
44060,q86_t1051
44060,q86_t1052
44061,q44_t1052
44061,q44_t1053
44062,q44_t1053
44062,q44_t1054
44063,q44_t1054
44063,q44_t1055
44063,q87_t1054
44063,q87_t1055
44064,q44_t1055
44064,q44_t1056
44065,q44_t1056
44065,q44_t1057
44066,q44_t1057
44066,q44_t1058
44066,q88_t1057
44066,q88_t1058
44067,q44_t1058
44067,q44_t1059
44068,q44_t1059
44068,q44_t1060
44069,q44_t1060
44069,q44_t1061
44069,q89_t1060
44069,q89_t1061
44070,q44_t1061
44070,q44_t1062
44071,q44_t1062
44071,q44_t1063
44072,q44_t1063
44072,q44_t1064
44072,q90_t1063
44072,q90_t1064
44073,q44_t1064
44073,q44_t1065
44074,q44_t1065
44074,q44_t1066
44075,q44_t1066
44075,q44_t1067
44075,q91_t1066
44075,q91_t1067
44076,q44_t1067
44076,q44_t1068
44077,q44_t1068
44077,q44_t1069
44078,q44_t1069
44078,q44_t1070
44078,q92_t1069
44078,q92_t1070
44079,q44_t1070
44079,q44_t1071
44080,q44_t1071
44080,q44_t1072
44081,q44_t1072
44081,q44_t1073
44081,q93_t1072
44081,q93_t1073
44082,q44_t1073
44082,q44_t1074
44083,q44_t1074
44083,q44_t1075
44084,q44_t1075
44084,q44_t1076
44084,q94_t1075
44084,q94_t1076
44085,q44_t1076
44085,q44_t1077
44086,q44_t1077
44086,q44_t1078
44087,q44_t1078
44087,q44_t1079
44087,q95_t1078
44087,q95_t1079
44088,q44_t1079
44088,q44_t1080
44089,q44_t1080
44089,q44_t1081
44090,q44_t1081
44090,q44_t1082
44090,q96_t1081
44090,q96_t1082
44091,q44_t1082
44091,q44_t1083
44092,q44_t1083
44092,q44_t1084
44093,q44_t1084
44093,q44_t1085
44093,q97_t1084
44093,q97_t1085
44094,q44_t1085
44094,q44_t1086
44095,q44_t1086
44095,q44_t1087
44096,q44_t1087
44096,q44_t1088
44096,q98_t1087
44096,q98_t1088
44097,q44_t1088
44097,q44_t1089
44098,q44_t1089
44098,q44_t1090
44099,q44_t1090
44099,q44_t1091
44099,q99_t1090
44099,q99_t1091
44100,q44_t1091
44100,q44_t1092
44101,q44_t1092
44101,q44_t1093
44102,q44_t1094
44102,q44_t1095
44103,q44_t1095
44103,q44_t1096
44104,q44_t1097
44104,q44_t1098
44105,q44_t1098
44105,q44_t1099
44106,q44_t1100
44106,q44_t1101
44107,q44_t1101
44107,q44_t1102
44108,q44_t1103
44108,q44_t1104
44109,q44_t1104
44109,q44_t1105
44110,q44_t1106
44110,q44_t1107
44111,q44_t1107
44111,q44_t1108
44112,q44_t1109
44112,q44_t1110
44113,q44_t1110
44113,q44_t1111
44114,q44_t1112
44114,q44_t1113
44115,q44_t1113
44115,q44_t1114
44116,q44_t1115
44116,q44_t1116
44117,q44_t1116
44117,q44_t1117
44118,q44_t1118
44118,q44_t1119
44119,q44_t1119
44119,q44_t1120
44120,q44_t1121
44120,q44_t1122
44121,q44_t1122
44121,q44_t1123
44122,q44_t132
44122,q44_t133
44123,q44_t133
44123,q44_t134
44124,q44_t135
44124,q44_t136
44125,q44_t136
44125,q44_t137
44126,q44_t138
44126,q44_t139
44127,q44_t139
44127,q44_t140
44128,q44_t141
44128,q44_t142
44129,q44_t142
44129,q44_t143
44130,q44_t143
44130,q44_t144
44130,q4_t143
44130,q4_t144
44131,q44_t144
44131,q44_t145
44132,q44_t145
44132,q44_t146
44133,q44_t146
44133,q44_t147
44133,q5_t146
44133,q5_t147
44134,q44_t147
44134,q44_t148
44135,q44_t148
44135,q44_t149
44136,q44_t149
44136,q44_t150
44136,q6_t149
44136,q6_t150
44137,q44_t150
44137,q44_t151
44138,q44_t151
44138,q44_t152
44139,q44_t152
44139,q44_t153
44139,q7_t152
44139,q7_t153
44140,q44_t153
44140,q44_t154
44141,q44_t154
44141,q44_t155
44142,q44_t155
44142,q44_t156
44142,q8_t155
44142,q8_t156
44143,q44_t156
44143,q44_t157
44144,q44_t157
44144,q44_t158
44145,q44_t158
44145,q44_t159
44145,q9_t158
44145,q9_t159
44146,q44_t159
44146,q44_t160
44147,q44_t160
44147,q44_t161
44148,q44_t162
44148,q44_t163
44149,q44_t163
44149,q44_t164
44150,q44_t165
44150,q44_t166
44151,q44_t166
44151,q44_t167
44152,q44_t168
44152,q44_t169
44153,q44_t169
44153,q44_t170
44154,q44_t171
44154,q44_t172
44155,q44_t172
44155,q44_t173
44156,q44_t174
44156,q44_t175
44157,q44_t175
44157,q44_t176
44158,q44_t177
44158,q44_t178
44159,q44_t178
44159,q44_t179
44160,q44_t180
44160,q44_t181
44161,q44_t181
44161,q44_t182
44162,q44_t183
44162,q44_t184
44163,q44_t184
44163,q44_t185
44164,q44_t186
44164,q44_t187
44165,q44_t187
44165,q44_t188
44166,q44_t189
44166,q44_t190
44167,q44_t190
44167,q44_t191
44168,q44_t192
44168,q44_t193
44169,q44_t193
44169,q44_t194
44170,q44_t195
44170,q44_t196
44171,q44_t196
44171,q44_t197
44172,q44_t198
44172,q44_t199
44173,q44_t199
44173,q44_t200
44174,q44_t201
44174,q44_t202
44175,q44_t202
44175,q44_t203
44176,q44_t204
44176,q44_t205
44177,q44_t205
44177,q44_t206
44178,q44_t207
44178,q44_t208
44179,q44_t208
44179,q44_t209
44180,q44_t210
44180,q44_t211
44181,q44_t211
44181,q44_t212
44182,q44_t213
44182,q44_t214
44183,q44_t214
44183,q44_t215
44184,q44_t216
44184,q44_t217
44185,q44_t217
44185,q44_t218
44186,q44_t219
44186,q44_t220
44187,q44_t220
44187,q44_t221
44188,q44_t222
44188,q44_t223
44189,q44_t223
44189,q44_t224
44190,q44_t225
44190,q44_t226
44191,q44_t226
44191,q44_t227
44192,q44_t228
44192,q44_t229
44193,q44_t229
44193,q44_t230
44194,q44_t231
44194,q44_t232
44195,q44_t232
44195,q44_t233
44196,q44_t234
44196,q44_t235
44197,q44_t235
44197,q44_t236
44198,q44_t237
44198,q44_t238
44199,q44_t238
44199,q44_t239
44200,q44_t240
44200,q44_t241
44201,q44_t241
44201,q44_t242
44202,q44_t243
44202,q44_t244
44203,q44_t244
44203,q44_t245
44204,q44_t246
44204,q44_t247
44205,q44_t247
44205,q44_t248
44206,q44_t249
44206,q44_t250
44207,q44_t250
44207,q44_t251
44208,q44_t252
44208,q44_t253
44209,q44_t253
44209,q44_t254
44210,q44_t255
44210,q44_t256
44211,q44_t256
44211,q44_t257
44212,q44_t258
44212,q44_t259
44213,q44_t259
44213,q44_t260
44214,q44_t261
44214,q44_t262
44215,q44_t262
44215,q44_t266
44216,q44_t266
44216,q44_t267
44216,q45_t266
44216,q45_t267
44217,q44_t267
44217,q44_t268
44218,q44_t268
44218,q44_t269
44219,q44_t269
44219,q44_t270
44219,q46_t269
44219,q46_t270
44220,q44_t270
44220,q44_t271
44221,q44_t271
44221,q44_t272
44222,q44_t272
44222,q44_t273
44222,q47_t272
44222,q47_t273
44223,q44_t273
44223,q44_t274
44224,q44_t274
44224,q44_t275
44225,q44_t275
44225,q44_t276
44225,q48_t275
44225,q48_t276
44226,q44_t276
44226,q44_t277
44227,q44_t277
44227,q44_t278
44228,q44_t278
44228,q44_t279
44228,q49_t278
44228,q49_t279
44229,q44_t279
44229,q44_t280
44230,q44_t280
44230,q44_t281
44231,q44_t281
44231,q44_t282
44231,q50_t281
44231,q50_t282
44232,q44_t282
44232,q44_t283
44233,q44_t283
44233,q44_t284
44234,q44_t284
44234,q44_t285
44234,q51_t284
44234,q51_t285
44235,q44_t285
44235,q44_t286
44236,q44_t286
44236,q44_t287
44237,q44_t287
44237,q44_t288
44237,q52_t287
44237,q52_t288
44238,q44_t288
44238,q44_t289
44239,q44_t289
44239,q44_t290
44240,q44_t290
44240,q44_t291
44240,q53_t290
44240,q53_t291
44241,q44_t291
44241,q44_t292
44242,q44_t292
44242,q44_t293
44243,q44_t293
44243,q44_t294
44243,q54_t293
44243,q54_t294
44244,q44_t294
44244,q44_t295
44245,q44_t295
44245,q44_t296
44246,q44_t296
44246,q44_t297
44246,q55_t296
44246,q55_t297
44247,q44_t297
44247,q44_t298
44248,q44_t298
44248,q44_t299
44249,q44_t299
44249,q44_t300
44249,q56_t299
44249,q56_t300
44250,q44_t300
44250,q44_t301
44251,q44_t301
44251,q44_t302
44252,q44_t302
44252,q44_t303
44252,q57_t302
44252,q57_t303
44253,q44_t303
44253,q44_t304
44254,q44_t304
44254,q44_t305
44255,q44_t305
44255,q44_t306
44255,q58_t305
44255,q58_t306
44256,q44_t306
44256,q44_t307
44257,q44_t307
44257,q44_t308
44258,q44_t308
44258,q44_t309
44258,q59_t308
44258,q59_t309
44259,q44_t309
44259,q44_t310
44260,q44_t310
44260,q44_t311
44261,q44_t311
44261,q44_t312
44261,q60_t311
44261,q60_t312
44262,q44_t312
44262,q44_t313
44263,q44_t313
44263,q44_t314
44264,q44_t314
44264,q44_t315
44264,q61_t314
44264,q61_t315
44265,q44_t315
44265,q44_t316
44266,q44_t316
44266,q44_t317
44267,q44_t317
44267,q44_t318
44267,q62_t317
44267,q62_t318
44268,q44_t318
44268,q44_t319
44269,q44_t319
44269,q44_t320
44270,q44_t320
44270,q44_t321
44270,q63_t320
44270,q63_t321
44271,q44_t321
44271,q44_t322
44272,q44_t322
44272,q44_t323
44273,q44_t323
44273,q44_t324
44273,q64_t323
44273,q64_t324
44274,q44_t324
44274,q44_t325
44275,q44_t325
44275,q44_t326
44276,q44_t326
44276,q44_t327
44276,q65_t326
44276,q65_t327
44277,q44_t327
44277,q44_t328
44278,q44_t328
44278,q44_t329
44279,q44_t329
44279,q44_t330
44279,q66_t329
44279,q66_t330
44280,q44_t330
44280,q44_t331
44281,q44_t331
44281,q44_t332
44282,q44_t332
44282,q44_t333
44282,q67_t332
44282,q67_t333
44283,q44_t333
44283,q44_t334
44284,q44_t334
44284,q44_t335
44285,q44_t335
44285,q44_t336
44285,q68_t335
44285,q68_t336
44286,q44_t336
44286,q44_t337
44287,q44_t337
44287,q44_t338
44288,q44_t338
44288,q44_t339
44288,q69_t338
44288,q69_t339
44289,q44_t339
44289,q44_t340
44290,q44_t340
44290,q44_t341
44291,q44_t341
44291,q44_t342
44291,q70_t341
44291,q70_t342
44292,q44_t342
44292,q44_t343
44293,q44_t343
44293,q44_t344
44294,q44_t344
44294,q44_t345
44294,q71_t344
44294,q71_t345
44295,q44_t345
44295,q44_t346
44296,q44_t346
44296,q44_t347
44297,q44_t347
44297,q44_t348
44297,q72_t347
44297,q72_t348
44298,q44_t348
44298,q44_t349
44299,q44_t349
44299,q44_t350
44300,q44_t350
44300,q44_t351
44300,q73_t350
44300,q73_t351
44301,q44_t351
44301,q44_t352
44302,q44_t352
44302,q44_t353
44303,q44_t353
44303,q44_t354
44303,q74_t353
44303,q74_t354
44304,q44_t354
44304,q44_t355
44305,q44_t355
44305,q44_t356
44306,q44_t356
44306,q44_t357
44306,q75_t356
44306,q75_t357
44307,q44_t357
44307,q44_t358
44308,q44_t358
44308,q44_t359
44309,q44_t359
44309,q44_t360
44309,q76_t359
44309,q76_t360
44310,q44_t360
44310,q44_t361
44311,q44_t361
44311,q44_t362
44312,q44_t362
44312,q44_t363
44312,q77_t362
44312,q77_t363
44313,q44_t363
44313,q44_t364
44314,q44_t364
44314,q44_t365
44315,q44_t365
44315,q44_t366
44315,q78_t365
44315,q78_t366
44316,q44_t366
44316,q44_t367
44317,q44_t367
44317,q44_t368
44318,q44_t368
44318,q44_t369
44318,q79_t368
44318,q79_t369
44319,q44_t369
44319,q44_t370
44320,q44_t370
44320,q44_t371
44321,q44_t371
44321,q44_t372
44321,q80_t371
44321,q80_t372
44322,q44_t372
44322,q44_t373
44323,q44_t373
44323,q44_t374
44324,q44_t374
44324,q44_t375
44324,q81_t374
44324,q81_t375
44325,q44_t375
44325,q44_t376
44326,q44_t376
44326,q44_t377
44327,q44_t377
44327,q44_t378
44327,q82_t377
44327,q82_t378
44328,q44_t378
44328,q44_t379
44329,q44_t379
44329,q44_t380
44330,q44_t380
44330,q44_t381
44330,q83_t380
44330,q83_t381
44331,q44_t381
44331,q44_t382
44332,q44_t382
44332,q44_t383
44333,q44_t383
44333,q44_t384
44333,q84_t383
44333,q84_t384
44334,q44_t384
44334,q44_t385
44335,q44_t385
44335,q44_t386
44336,q44_t386
44336,q44_t387
44336,q85_t386
44336,q85_t387
44337,q44_t387
44337,q44_t388
44338,q44_t388
44338,q44_t389
44339,q44_t389
44339,q44_t390
44339,q86_t389
44339,q86_t390
44340,q44_t390
44340,q44_t391
44341,q44_t391
44341,q44_t392
44342,q44_t392
44342,q44_t393
44342,q87_t392
44342,q87_t393
44343,q44_t393
44343,q44_t394
44344,q44_t394
44344,q44_t395
44345,q44_t395
44345,q44_t396
44345,q88_t395
44345,q88_t396
44346,q44_t396
44346,q44_t397
44347,q44_t397
44347,q44_t398
44348,q44_t398
44348,q44_t399
44348,q89_t398
44348,q89_t399
44349,q44_t399
44349,q44_t400
44350,q44_t400
44350,q44_t401
44351,q44_t401
44351,q44_t402
44351,q90_t401
44351,q90_t402
44352,q44_t402
44352,q44_t403
44353,q44_t403
44353,q44_t404
44354,q44_t404
44354,q44_t405
44354,q91_t404
44354,q91_t405
44355,q44_t405
44355,q44_t406
44356,q44_t406
44356,q44_t407
44357,q44_t407
44357,q44_t408
44357,q92_t407
44357,q92_t408
44358,q44_t408
44358,q44_t409
44359,q44_t409
44359,q44_t410
44360,q44_t410
44360,q44_t411
44360,q93_t410
44360,q93_t411
44361,q44_t411
44361,q44_t412
44362,q44_t412
44362,q44_t413
44363,q44_t413
44363,q44_t414
44363,q94_t413
44363,q94_t414
44364,q44_t414
44364,q44_t415
44365,q44_t415
44365,q44_t416
44366,q44_t416
44366,q44_t417
44366,q95_t416
44366,q95_t417
44367,q44_t417
44367,q44_t418
44368,q44_t418
44368,q44_t419
44369,q44_t419
44369,q44_t420
44369,q96_t419
44369,q96_t420
44370,q44_t420
44370,q44_t421
44371,q44_t421
44371,q44_t422
44372,q44_t422
44372,q44_t423
44372,q97_t422
44372,q97_t423
44373,q44_t423
44373,q44_t424
44374,q44_t424
44374,q44_t425
44375,q44_t425
44375,q44_t426
44375,q98_t425
44375,q98_t426
44376,q44_t426
44376,q44_t427
44377,q44_t427
44377,q44_t428
44378,q44_t428
44378,q44_t429
44378,q99_t428
44378,q99_t429
44379,q44_t429
44379,q44_t430
44380,q44_t430
44380,q44_t431
44381,q44_t432
44381,q44_t433
44382,q44_t433
44382,q44_t434
44383,q44_t435
44383,q44_t436
44384,q44_t436
44384,q44_t437
44385,q44_t438
44385,q44_t439
44386,q44_t439
44386,q44_t440
44387,q44_t441
44387,q44_t442
44388,q44_t442
44388,q44_t443
44389,q44_t444
44389,q44_t445
44390,q44_t445
44390,q44_t446
44391,q44_t447
44391,q44_t448
44392,q44_t448
44392,q44_t449
44393,q44_t450
44393,q44_t451
44394,q44_t451
44394,q44_t452
44395,q44_t453
44395,q44_t454
44396,q44_t454
44396,q44_t455
44397,q44_t456
44397,q44_t457
44398,q44_t457
44398,q44_t458
44399,q44_t459
44399,q44_t460
44400,q44_t460
44400,q44_t461
44401,q44_t461
44401,q44_t462
44402,q44_t463
44402,q44_t464
44403,q44_t464
44403,q44_t465
44404,q44_t466
44404,q44_t467
44405,q44_t467
44405,q44_t468
44406,q44_t469
44406,q44_t470
44407,q44_t470
44407,q44_t471
44408,q44_t472
44408,q44_t473
44409,q44_t473
44409,q44_t474
44410,q44_t474
44410,q44_t475
44410,q4_t474
44410,q4_t475
44411,q44_t475
44411,q44_t476
44412,q44_t476
44412,q44_t477
44413,q44_t477
44413,q44_t478
44413,q5_t477
44413,q5_t478
44414,q44_t478
44414,q44_t479
44415,q44_t479
44415,q44_t480
44416,q44_t480
44416,q44_t481
44416,q6_t480
44416,q6_t481
44417,q44_t481
44417,q44_t482
44418,q44_t482
44418,q44_t483
44419,q44_t483
44419,q44_t484
44419,q7_t483
44419,q7_t484
44420,q44_t484
44420,q44_t485
44421,q44_t485
44421,q44_t486
44422,q44_t486
44422,q44_t487
44422,q8_t486
44422,q8_t487
44423,q44_t487
44423,q44_t488
44424,q44_t488
44424,q44_t489
44425,q44_t489
44425,q44_t490
44425,q9_t489
44425,q9_t490
44426,q44_t490
44426,q44_t491
44427,q44_t491
44427,q44_t492
44428,q44_t493
44428,q44_t494
44429,q44_t494
44429,q44_t495
44430,q44_t496
44430,q44_t497
44431,q44_t497
44431,q44_t498
44432,q44_t499
44432,q44_t500
44433,q44_t500
44433,q44_t501
44434,q44_t502
44434,q44_t503
44435,q44_t503
44435,q44_t504
44436,q44_t505
44436,q44_t506
44437,q44_t506
44437,q44_t507
44438,q44_t508
44438,q44_t509
44439,q44_t509
44439,q44_t510
44440,q44_t511
44440,q44_t512
44441,q44_t512
44441,q44_t513
44442,q44_t514
44442,q44_t515
44443,q44_t515
44443,q44_t516
44444,q44_t517
44444,q44_t518
44445,q44_t518
44445,q44_t519
44446,q44_t520
44446,q44_t521
44447,q44_t521
44447,q44_t522
44448,q44_t523
44448,q44_t524
44449,q44_t524
44449,q44_t525
44450,q44_t526
44450,q44_t527
44451,q44_t527
44451,q44_t528
44452,q44_t529
44452,q44_t530
44453,q44_t530
44453,q44_t531
44454,q44_t532
44454,q44_t533
44455,q44_t533
44455,q44_t534
44456,q44_t535
44456,q44_t536
44457,q44_t536
44457,q44_t537
44458,q44_t538
44458,q44_t539
44459,q44_t539
44459,q44_t540
44460,q44_t541
44460,q44_t542
44461,q44_t542
44461,q44_t543
44462,q44_t544
44462,q44_t545
44463,q44_t545
44463,q44_t546
44464,q44_t547
44464,q44_t548
44465,q44_t548
44465,q44_t549
44466,q44_t550
44466,q44_t551
44467,q44_t551
44467,q44_t552
44468,q44_t553
44468,q44_t554
44469,q44_t554
44469,q44_t555
44470,q44_t556
44470,q44_t557
44471,q44_t557
44471,q44_t558
44472,q44_t559
44472,q44_t560
44473,q44_t560
44473,q44_t561
44474,q44_t562
44474,q44_t563
44475,q44_t563
44475,q44_t564
44476,q44_t565
44476,q44_t566
44477,q44_t566
44477,q44_t567
44478,q44_t568
44478,q44_t569
44479,q44_t569
44479,q44_t570
44480,q44_t571
44480,q44_t572
44481,q44_t572
44481,q44_t573
44482,q44_t574
44482,q44_t575
44483,q44_t575
44483,q44_t576
44484,q44_t577
44484,q44_t578
44485,q44_t578
44485,q44_t579
44486,q44_t580
44486,q44_t581
44487,q44_t581
44487,q44_t582
44488,q44_t583
44488,q44_t584
44489,q44_t584
44489,q44_t585
44490,q44_t586
44490,q44_t587
44491,q44_t587
44491,q44_t588
44492,q44_t589
44492,q44_t590
44493,q44_t590
44493,q44_t591
44494,q44_t592
44494,q44_t593
44495,q44_t593
44495,q44_t597
44496,q44_t597
44496,q44_t598
44496,q45_t597
44496,q45_t598
44497,q44_t598
44497,q44_t599
44498,q44_t599
44498,q44_t600
44499,q44_t600
44499,q44_t601
44499,q46_t600
44499,q46_t601
44500,q44_t601
44500,q44_t602
44501,q44_t602
44501,q44_t603
44502,q44_t603
44502,q44_t604
44502,q47_t603
44502,q47_t604
44503,q44_t604
44503,q44_t605
44504,q44_t605
44504,q44_t606
44505,q44_t606
44505,q44_t607
44505,q48_t606
44505,q48_t607
44506,q44_t607
44506,q44_t608
44507,q44_t608
44507,q44_t609
44508,q44_t609
44508,q44_t610
44508,q49_t609
44508,q49_t610
44509,q44_t610
44509,q44_t611
44510,q44_t611
44510,q44_t612
44511,q44_t612
44511,q44_t613
44511,q50_t612
44511,q50_t613
44512,q44_t613
44512,q44_t614
44513,q44_t614
44513,q44_t615
44514,q44_t615
44514,q44_t616
44514,q51_t615
44514,q51_t616
44515,q44_t616
44515,q44_t617
44516,q44_t617
44516,q44_t618
44517,q44_t618
44517,q44_t619
44517,q52_t618
44517,q52_t619
44518,q44_t619
44518,q44_t620
44519,q44_t620
44519,q44_t621
44520,q44_t621
44520,q44_t622
44520,q53_t621
44520,q53_t622
44521,q44_t622
44521,q44_t623
44522,q44_t623
44522,q44_t624
44523,q44_t624
44523,q44_t625
44523,q54_t624
44523,q54_t625
44524,q44_t625
44524,q44_t626
44525,q44_t626
44525,q44_t627
44526,q44_t627
44526,q44_t628
44526,q55_t627
44526,q55_t628
44527,q44_t628
44527,q44_t629
44528,q44_t629
44528,q44_t630
44529,q44_t630
44529,q44_t631
44529,q56_t630
44529,q56_t631
44530,q44_t631
44530,q44_t632
44531,q44_t632
44531,q44_t633
44532,q44_t633
44532,q44_t634
44532,q57_t633
44532,q57_t634
44533,q44_t634
44533,q44_t635
44534,q44_t635
44534,q44_t636
44535,q44_t636
44535,q44_t637
44535,q58_t636
44535,q58_t637
44536,q44_t637
44536,q44_t638
44537,q44_t638
44537,q44_t639
44538,q44_t639
44538,q44_t640
44538,q59_t639
44538,q59_t640
44539,q44_t640
44539,q44_t641
44540,q44_t641
44540,q44_t642
44541,q44_t642
44541,q44_t643
44541,q60_t642
44541,q60_t643
44542,q44_t643
44542,q44_t644
44543,q44_t644
44543,q44_t645
44544,q44_t645
44544,q44_t646
44544,q61_t645
44544,q61_t646
44545,q44_t646
44545,q44_t647
44546,q44_t647
44546,q44_t648
44547,q44_t648
44547,q44_t649
44547,q62_t648
44547,q62_t649
44548,q44_t649
44548,q44_t650
44549,q44_t650
44549,q44_t651
44550,q44_t651
44550,q44_t652
44550,q63_t651
44550,q63_t652
44551,q44_t652
44551,q44_t653
44552,q44_t653
44552,q44_t654
44553,q44_t654
44553,q44_t655
44553,q64_t654
44553,q64_t655
44554,q44_t655
44554,q44_t656
44555,q44_t656
44555,q44_t657
44556,q44_t657
44556,q44_t658
44556,q65_t657
44556,q65_t658
44557,q44_t658
44557,q44_t659
44558,q44_t659
44558,q44_t660
44559,q44_t660
44559,q44_t661
44559,q66_t660
44559,q66_t661
44560,q44_t661
44560,q44_t662
44561,q44_t662
44561,q44_t663
44562,q44_t663
44562,q44_t664
44562,q67_t663
44562,q67_t664
44563,q44_t664
44563,q44_t665
44564,q44_t665
44564,q44_t666
44565,q44_t666
44565,q44_t667
44565,q68_t666
44565,q68_t667
44566,q44_t667
44566,q44_t668
44567,q44_t668
44567,q44_t669
44568,q44_t669
44568,q44_t670
44568,q69_t669
44568,q69_t670
44569,q44_t670
44569,q44_t671
44570,q44_t671
44570,q44_t672
44571,q44_t672
44571,q44_t673
44571,q70_t672
44571,q70_t673
44572,q44_t673
44572,q44_t674
44573,q44_t674
44573,q44_t675
44574,q44_t675
44574,q44_t676
44574,q71_t675
44574,q71_t676
44575,q44_t676
44575,q44_t677
44576,q44_t677
44576,q44_t678
44577,q44_t678
44577,q44_t679
44577,q72_t678
44577,q72_t679
44578,q44_t679
44578,q44_t680
44579,q44_t680
44579,q44_t681
44580,q44_t681
44580,q44_t682
44580,q73_t681
44580,q73_t682
44581,q44_t682
44581,q44_t683
44582,q44_t683
44582,q44_t684
44583,q44_t684
44583,q44_t685
44583,q74_t684
44583,q74_t685
44584,q44_t685
44584,q44_t686
44585,q44_t686
44585,q44_t687
44586,q44_t687
44586,q44_t688
44586,q75_t687
44586,q75_t688
44587,q44_t688
44587,q44_t689
44588,q44_t689
44588,q44_t690
44589,q44_t690
44589,q44_t691
44589,q76_t690
44589,q76_t691
44590,q44_t691
44590,q44_t692
44591,q44_t692
44591,q44_t693
44592,q44_t693
44592,q44_t694
44592,q77_t693
44592,q77_t694
44593,q44_t694
44593,q44_t695
44594,q44_t695
44594,q44_t696
44595,q44_t696
44595,q44_t697
44595,q78_t696
44595,q78_t697
44596,q44_t697
44596,q44_t698
44597,q44_t698
44597,q44_t699
44598,q44_t699
44598,q44_t700
44598,q79_t699
44598,q79_t700
44599,q44_t700
44599,q44_t701
44600,q44_t701
44600,q44_t702
44601,q44_t702
44601,q44_t703
44601,q80_t702
44601,q80_t703
44602,q44_t703
44602,q44_t704
44603,q44_t704
44603,q44_t705
44604,q44_t705
44604,q44_t706
44604,q81_t705
44604,q81_t706
44605,q44_t706
44605,q44_t707
44606,q44_t707
44606,q44_t708
44607,q44_t708
44607,q44_t709
44607,q82_t708
44607,q82_t709
44608,q44_t709
44608,q44_t710
44609,q44_t710
44609,q44_t711
44610,q44_t711
44610,q44_t712
44610,q83_t711
44610,q83_t712
44611,q44_t712
44611,q44_t713
44612,q44_t713
44612,q44_t714
44613,q44_t714
44613,q44_t715
44613,q84_t714
44613,q84_t715
44614,q44_t715
44614,q44_t716
44615,q44_t716
44615,q44_t717
44616,q44_t717
44616,q44_t718
44616,q85_t717
44616,q85_t718
44617,q44_t718
44617,q44_t719
44618,q44_t719
44618,q44_t720
44619,q44_t720
44619,q44_t721
44619,q86_t720
44619,q86_t721
44620,q44_t721
44620,q44_t722
44621,q44_t722
44621,q44_t723
44622,q44_t723
44622,q44_t724
44622,q87_t723
44622,q87_t724
44623,q44_t724
44623,q44_t725
44624,q44_t725
44624,q44_t726
44625,q44_t726
44625,q44_t727
44625,q88_t726
44625,q88_t727
44626,q44_t727
44626,q44_t728
44627,q44_t728
44627,q44_t729
44628,q44_t729
44628,q44_t730
44628,q89_t729
44628,q89_t730
44629,q44_t730
44629,q44_t731
44630,q44_t731
44630,q44_t732
44631,q44_t732
44631,q44_t733
44631,q90_t732
44631,q90_t733
44632,q44_t733
44632,q44_t734
44633,q44_t734
44633,q44_t735
44634,q44_t735
44634,q44_t736
44634,q91_t735
44634,q91_t736
44635,q44_t736
44635,q44_t737
44636,q44_t737
44636,q44_t738
44637,q44_t738
44637,q44_t739
44637,q92_t738
44637,q92_t739
44638,q44_t739
44638,q44_t740
44639,q44_t740
44639,q44_t741
44640,q44_t741
44640,q44_t742
44640,q93_t741
44640,q93_t742
44641,q44_t742
44641,q44_t743
44642,q44_t743
44642,q44_t744
44643,q44_t744
44643,q44_t745
44643,q94_t744
44643,q94_t745
44644,q44_t745
44644,q44_t746
44645,q44_t746
44645,q44_t747
44646,q44_t747
44646,q44_t748
44646,q95_t747
44646,q95_t748
44647,q44_t748
44647,q44_t749
44648,q44_t749
44648,q44_t750
44649,q44_t750
44649,q44_t751
44649,q96_t750
44649,q96_t751
44650,q44_t751
44650,q44_t752
44651,q44_t752
44651,q44_t753
44652,q44_t753
44652,q44_t754
44652,q97_t753
44652,q97_t754
44653,q44_t754
44653,q44_t755
44654,q44_t755
44654,q44_t756
44655,q44_t756
44655,q44_t757
44655,q98_t756
44655,q98_t757
44656,q44_t757
44656,q44_t758
44657,q44_t758
44657,q44_t759
44658,q44_t759
44658,q44_t760
44658,q99_t759
44658,q99_t760
44659,q44_t760
44659,q44_t761
44660,q44_t761
44660,q44_t762
44661,q44_t763
44661,q44_t764
44662,q44_t764
44662,q44_t765
44663,q44_t766
44663,q44_t767
44664,q44_t767
44664,q44_t768
44665,q44_t769
44665,q44_t770
44666,q44_t770
44666,q44_t771
44667,q44_t772
44667,q44_t773
44668,q44_t773
44668,q44_t774
44669,q44_t775
44669,q44_t776
44670,q44_t776
44670,q44_t777
44671,q44_t778
44671,q44_t779
44672,q44_t779
44672,q44_t780
44673,q44_t781
44673,q44_t782
44674,q44_t782
44674,q44_t783
44675,q44_t784
44675,q44_t785
44676,q44_t785
44676,q44_t786
44677,q44_t787
44677,q44_t788
44678,q44_t788
44678,q44_t789
44679,q44_t790
44679,q44_t791
44680,q44_t791
44680,q44_t792
44681,q44_t792
44681,q44_t793
44682,q44_t794
44682,q44_t795
44683,q44_t795
44683,q44_t796
44684,q44_t797
44684,q44_t798
44685,q44_t798
44685,q44_t799
44686,q44_t800
44686,q44_t801
44687,q44_t801
44687,q44_t802
44688,q44_t803
44688,q44_t804
44689,q44_t804
44689,q44_t805
44690,q44_t805
44690,q44_t806
44690,q4_t805
44690,q4_t806
44691,q44_t806
44691,q44_t807
44692,q44_t807
44692,q44_t808
44693,q44_t808
44693,q44_t809
44693,q5_t808
44693,q5_t809
44694,q44_t809
44694,q44_t810
44695,q44_t810
44695,q44_t811
44696,q44_t811
44696,q44_t812
44696,q6_t811
44696,q6_t812
44697,q44_t812
44697,q44_t813
44698,q44_t813
44698,q44_t814
44699,q44_t814
44699,q44_t815
44699,q7_t814
44699,q7_t815
44700,q44_t815
44700,q44_t816
44701,q44_t816
44701,q44_t817
44702,q44_t817
44702,q44_t818
44702,q8_t817
44702,q8_t818
44703,q44_t818
44703,q44_t819
44704,q44_t819
44704,q44_t820
44705,q44_t820
44705,q44_t821
44705,q9_t820
44705,q9_t821
44706,q44_t821
44706,q44_t822
44707,q44_t822
44707,q44_t823
44708,q44_t824
44708,q44_t825
44709,q44_t825
44709,q44_t826
44710,q44_t827
44710,q44_t828
44711,q44_t828
44711,q44_t829
44712,q44_t830
44712,q44_t831
44713,q44_t831
44713,q44_t832
44714,q44_t833
44714,q44_t834
44715,q44_t834
44715,q44_t835
44716,q44_t836
44716,q44_t837
44717,q44_t837
44717,q44_t838
44718,q44_t839
44718,q44_t840
44719,q44_t840
44719,q44_t841
44720,q44_t842
44720,q44_t843
44721,q44_t843
44721,q44_t844
44722,q44_t845
44722,q44_t846
44723,q44_t846
44723,q44_t847
44724,q44_t848
44724,q44_t849
44725,q44_t849
44725,q44_t850
44726,q44_t851
44726,q44_t852
44727,q44_t852
44727,q44_t853
44728,q44_t854
44728,q44_t855
44729,q44_t855
44729,q44_t856
44730,q44_t857
44730,q44_t858
44731,q44_t858
44731,q44_t859
44732,q44_t860
44732,q44_t861
44733,q44_t861
44733,q44_t862
44734,q44_t863
44734,q44_t864
44735,q44_t864
44735,q44_t865
44736,q44_t866
44736,q44_t867
44737,q44_t867
44737,q44_t868
44738,q44_t869
44738,q44_t870
44739,q44_t870
44739,q44_t871
44740,q44_t872
44740,q44_t873
44741,q44_t873
44741,q44_t874
44742,q44_t875
44742,q44_t876
44743,q44_t876
44743,q44_t877
44744,q44_t878
44744,q44_t879
44745,q44_t879
44745,q44_t880
44746,q44_t881
44746,q44_t882
44747,q44_t882
44747,q44_t883
44748,q44_t884
44748,q44_t885
44749,q44_t885
44749,q44_t886
44750,q44_t887
44750,q44_t888
44751,q44_t888
44751,q44_t889
44752,q44_t890
44752,q44_t891
44753,q44_t891
44753,q44_t892
44754,q44_t893
44754,q44_t894
44755,q44_t894
44755,q44_t895
44756,q44_t896
44756,q44_t897
44757,q44_t897
44757,q44_t898
44758,q44_t899
44758,q44_t900
44759,q44_t900
44759,q44_t901
44760,q44_t902
44760,q44_t903
44761,q44_t903
44761,q44_t904
44762,q44_t905
44762,q44_t906
44763,q44_t906
44763,q44_t907
44764,q44_t908
44764,q44_t909
44765,q44_t909
44765,q44_t910
44766,q44_t911
44766,q44_t912
44767,q44_t912
44767,q44_t913
44768,q44_t914
44768,q44_t915
44769,q44_t915
44769,q44_t916
44770,q44_t917
44770,q44_t918
44771,q44_t918
44771,q44_t919
44772,q44_t920
44772,q44_t921
44773,q44_t921
44773,q44_t922
44774,q44_t923
44774,q44_t924
44775,q44_t924
44775,q44_t928
44776,q44_t928
44776,q44_t929
44776,q45_t928
44776,q45_t929
44777,q44_t929
44777,q44_t930
44778,q44_t930
44778,q44_t931
44779,q44_t931
44779,q44_t932
44779,q46_t931
44779,q46_t932
44780,q44_t932
44780,q44_t933
44781,q44_t933
44781,q44_t934
44782,q44_t934
44782,q44_t935
44782,q47_t934
44782,q47_t935
44783,q44_t935
44783,q44_t936
44784,q44_t936
44784,q44_t937
44785,q44_t937
44785,q44_t938
44785,q48_t937
44785,q48_t938
44786,q44_t938
44786,q44_t939
44787,q44_t939
44787,q44_t940
44788,q44_t940
44788,q44_t941
44788,q49_t940
44788,q49_t941
44789,q44_t941
44789,q44_t942
44790,q44_t942
44790,q44_t943
44791,q44_t943
44791,q44_t944
44791,q50_t943
44791,q50_t944
44792,q44_t944
44792,q44_t945
44793,q44_t945
44793,q44_t946
44794,q44_t946
44794,q44_t947
44794,q51_t946
44794,q51_t947
44795,q44_t947
44795,q44_t948
44796,q44_t948
44796,q44_t949
44797,q44_t949
44797,q44_t950
44797,q52_t949
44797,q52_t950
44798,q44_t950
44798,q44_t951
44799,q44_t951
44799,q44_t952
44800,q44_t952
44800,q44_t953
44800,q53_t952
44800,q53_t953
44801,q44_t953
44801,q44_t954
44802,q44_t954
44802,q44_t955
44803,q44_t955
44803,q44_t956
44803,q54_t955
44803,q54_t956
44804,q44_t956
44804,q44_t957
44805,q44_t957
44805,q44_t958
44806,q44_t958
44806,q44_t959
44806,q55_t958
44806,q55_t959
44807,q44_t959
44807,q44_t960
44808,q44_t960
44808,q44_t961
44809,q44_t961
44809,q44_t962
44809,q56_t961
44809,q56_t962
44810,q44_t962
44810,q44_t963
44811,q44_t963
44811,q44_t964
44812,q44_t964
44812,q44_t965
44812,q57_t964
44812,q57_t965
44813,q44_t965
44813,q44_t966
44814,q44_t966
44814,q44_t967
44815,q44_t967
44815,q44_t968
44815,q58_t967
44815,q58_t968
44816,q44_t968
44816,q44_t969
44817,q44_t969
44817,q44_t970
44818,q44_t970
44818,q44_t971
44818,q59_t970
44818,q59_t971
44819,q44_t971
44819,q44_t972
44820,q44_t972
44820,q44_t973
44821,q44_t973
44821,q44_t974
44821,q60_t973
44821,q60_t974
44822,q44_t974
44822,q44_t975
44823,q44_t975
44823,q44_t976
44824,q44_t976
44824,q44_t977
44824,q61_t976
44824,q61_t977
44825,q44_t977
44825,q44_t978
44826,q44_t978
44826,q44_t979
44827,q44_t979
44827,q44_t980
44827,q62_t979
44827,q62_t980
44828,q44_t980
44828,q44_t981
44829,q44_t981
44829,q44_t982
44830,q44_t982
44830,q44_t983
44830,q63_t982
44830,q63_t983
44831,q44_t983
44831,q44_t984
44832,q44_t984
44832,q44_t985
44833,q44_t985
44833,q44_t986
44833,q64_t985
44833,q64_t986
44834,q44_t986
44834,q44_t987
44835,q44_t987
44835,q44_t988
44836,q44_t988
44836,q44_t989
44836,q65_t988
44836,q65_t989
44837,q44_t989
44837,q44_t990
44838,q44_t990
44838,q44_t991
44839,q44_t991
44839,q44_t992
44839,q66_t991
44839,q66_t992
44840,q44_t992
44840,q44_t993
44841,q44_t993
44841,q44_t994
44842,q44_t994
44842,q44_t995
44842,q67_t994
44842,q67_t995
44843,q44_t995
44843,q44_t996
44844,q44_t996
44844,q44_t997
44845,q44_t997
44845,q44_t998
44845,q68_t997
44845,q68_t998
44846,q44_t998
44846,q44_t999
44847,q45_t0
44847,q45_t1
44848,q45_t1
44848,q45_t134
44849,q45_t1000
44849,q45_t1001
44849,q68_t1000
44849,q68_t1001
44850,q45_t1000
44850,q45_t999
44851,q45_t1001
44851,q45_t1002
44852,q45_t1002
44852,q45_t1003
44853,q45_t1003
44853,q45_t1004
44853,q69_t1003
44853,q69_t1004
44854,q45_t1004
44854,q45_t1005
44855,q45_t1005
44855,q45_t1006
44856,q45_t1006
44856,q45_t1007
44856,q70_t1006
44856,q70_t1007
44857,q45_t1007
44857,q45_t1008
44858,q45_t1008
44858,q45_t1009
44859,q45_t1009
44859,q45_t1010
44859,q71_t1009
44859,q71_t1010
44860,q45_t1010
44860,q45_t1011
44861,q45_t1011
44861,q45_t1012
44862,q45_t1012
44862,q45_t1013
44862,q72_t1012
44862,q72_t1013
44863,q45_t1013
44863,q45_t1014
44864,q45_t1014
44864,q45_t1015
44865,q45_t1015
44865,q45_t1016
44865,q73_t1015
44865,q73_t1016
44866,q45_t1016
44866,q45_t1017
44867,q45_t1017
44867,q45_t1018
44868,q45_t1018
44868,q45_t1019
44868,q74_t1018
44868,q74_t1019
44869,q45_t1019
44869,q45_t1020
44870,q45_t1020
44870,q45_t1021
44871,q45_t1021
44871,q45_t1022
44871,q75_t1021
44871,q75_t1022
44872,q45_t1022
44872,q45_t1023
44873,q45_t1023
44873,q45_t1024
44874,q45_t1024
44874,q45_t1025
44874,q76_t1024
44874,q76_t1025
44875,q45_t1025
44875,q45_t1026
44876,q45_t1026
44876,q45_t1027
44877,q45_t1027
44877,q45_t1028
44877,q77_t1027
44877,q77_t1028
44878,q45_t1028
44878,q45_t1029
44879,q45_t1029
44879,q45_t1030
44880,q45_t1030
44880,q45_t1031
44880,q78_t1030
44880,q78_t1031
44881,q45_t1031
44881,q45_t1032
44882,q45_t1032
44882,q45_t1033
44883,q45_t1033
44883,q45_t1034
44883,q79_t1033
44883,q79_t1034
44884,q45_t1034
44884,q45_t1035
44885,q45_t1035
44885,q45_t1036
44886,q45_t1036
44886,q45_t1037
44886,q80_t1036
44886,q80_t1037
44887,q45_t1037
44887,q45_t1038
44888,q45_t1038
44888,q45_t1039
44889,q45_t1039
44889,q45_t1040
44889,q81_t1039
44889,q81_t1040
44890,q45_t1040
44890,q45_t1041
44891,q45_t1041
44891,q45_t1042
44892,q45_t1042
44892,q45_t1043
44892,q82_t1042
44892,q82_t1043
44893,q45_t1043
44893,q45_t1044
44894,q45_t1044
44894,q45_t1045
44895,q45_t1045
44895,q45_t1046
44895,q83_t1045
44895,q83_t1046
44896,q45_t1046
44896,q45_t1047
44897,q45_t1047
44897,q45_t1048
44898,q45_t1048
44898,q45_t1049
44898,q84_t1048
44898,q84_t1049
44899,q45_t1049
44899,q45_t1050
44900,q45_t1050
44900,q45_t1051
44901,q45_t1051
44901,q45_t1052
44901,q85_t1051
44901,q85_t1052
44902,q45_t1052
44902,q45_t1053
44903,q45_t1053
44903,q45_t1054
44904,q45_t1054
44904,q45_t1055
44904,q86_t1054
44904,q86_t1055
44905,q45_t1055
44905,q45_t1056
44906,q45_t1056
44906,q45_t1057
44907,q45_t1057
44907,q45_t1058
44907,q87_t1057
44907,q87_t1058
44908,q45_t1058
44908,q45_t1059
44909,q45_t1059
44909,q45_t1060
44910,q45_t1060
44910,q45_t1061
44910,q88_t1060
44910,q88_t1061
44911,q45_t1061
44911,q45_t1062
44912,q45_t1062
44912,q45_t1063
44913,q45_t1063
44913,q45_t1064
44913,q89_t1063
44913,q89_t1064
44914,q45_t1064
44914,q45_t1065
44915,q45_t1065
44915,q45_t1066
44916,q45_t1066
44916,q45_t1067
44916,q90_t1066
44916,q90_t1067
44917,q45_t1067
44917,q45_t1068
44918,q45_t1068
44918,q45_t1069
44919,q45_t1069
44919,q45_t1070
44919,q91_t1069
44919,q91_t1070
44920,q45_t1070
44920,q45_t1071
44921,q45_t1071
44921,q45_t1072
44922,q45_t1072
44922,q45_t1073
44922,q92_t1072
44922,q92_t1073
44923,q45_t1073
44923,q45_t1074
44924,q45_t1074
44924,q45_t1075
44925,q45_t1075
44925,q45_t1076
44925,q93_t1075
44925,q93_t1076
44926,q45_t1076
44926,q45_t1077
44927,q45_t1077
44927,q45_t1078
44928,q45_t1078
44928,q45_t1079
44928,q94_t1078
44928,q94_t1079
44929,q45_t1079
44929,q45_t1080
44930,q45_t1080
44930,q45_t1081
44931,q45_t1081
44931,q45_t1082
44931,q95_t1081
44931,q95_t1082
44932,q45_t1082
44932,q45_t1083
44933,q45_t1083
44933,q45_t1084
44934,q45_t1084
44934,q45_t1085
44934,q96_t1084
44934,q96_t1085
44935,q45_t1085
44935,q45_t1086
44936,q45_t1086
44936,q45_t1087
44937,q45_t1087
44937,q45_t1088
44937,q97_t1087
44937,q97_t1088
44938,q45_t1088
44938,q45_t1089
44939,q45_t1089
44939,q45_t1090
44940,q45_t1090
44940,q45_t1091
44940,q98_t1090
44940,q98_t1091
44941,q45_t1091
44941,q45_t1092
44942,q45_t1092
44942,q45_t1093
44943,q45_t1093
44943,q45_t1094
44943,q99_t1093
44943,q99_t1094
44944,q45_t1094
44944,q45_t1095
44945,q45_t1095
44945,q45_t1096
44946,q45_t1097
44946,q45_t1098
44947,q45_t1098
44947,q45_t1099
44948,q45_t1100
44948,q45_t1101
44949,q45_t1101
44949,q45_t1102
44950,q45_t1103
44950,q45_t1104
44951,q45_t1104
44951,q45_t1105
44952,q45_t1106
44952,q45_t1107
44953,q45_t1107
44953,q45_t1108
44954,q45_t1109
44954,q45_t1110
44955,q45_t1110
44955,q45_t1111
44956,q45_t1112
44956,q45_t1113
44957,q45_t1113
44957,q45_t1114
44958,q45_t1115
44958,q45_t1116
44959,q45_t1116
44959,q45_t1117
44960,q45_t1118
44960,q45_t1119
44961,q45_t1119
44961,q45_t1120
44962,q45_t1121
44962,q45_t1122
44963,q45_t1122
44963,q45_t1123
44964,q45_t1124
44964,q45_t1125
44965,q45_t1125
44965,q45_t1126
44966,q45_t135
44966,q45_t136
44967,q45_t136
44967,q45_t137
44968,q45_t138
44968,q45_t139
44969,q45_t139
44969,q45_t140
44970,q45_t141
44970,q45_t142
44971,q45_t142
44971,q45_t143
44972,q45_t144
44972,q45_t145
44973,q45_t145
44973,q45_t146
44974,q45_t146
44974,q45_t147
44974,q4_t146
44974,q4_t147
44975,q45_t147
44975,q45_t148
44976,q45_t148
44976,q45_t149
44977,q45_t149
44977,q45_t150
44977,q5_t149
44977,q5_t150
44978,q45_t150
44978,q45_t151
44979,q45_t151
44979,q45_t152
44980,q45_t152
44980,q45_t153
44980,q6_t152
44980,q6_t153
44981,q45_t153
44981,q45_t154
44982,q45_t154
44982,q45_t155
44983,q45_t155
44983,q45_t156
44983,q7_t155
44983,q7_t156
44984,q45_t156
44984,q45_t157
44985,q45_t157
44985,q45_t158
44986,q45_t158
44986,q45_t159
44986,q8_t158
44986,q8_t159
44987,q45_t159
44987,q45_t160
44988,q45_t160
44988,q45_t161
44989,q45_t161
44989,q45_t162
44989,q9_t161
44989,q9_t162
44990,q45_t162
44990,q45_t163
44991,q45_t163
44991,q45_t164
44992,q45_t165
44992,q45_t166
44993,q45_t166
44993,q45_t167
44994,q45_t168
44994,q45_t169
44995,q45_t169
44995,q45_t170
44996,q45_t171
44996,q45_t172
44997,q45_t172
44997,q45_t173
44998,q45_t174
44998,q45_t175
44999,q45_t175
44999,q45_t176
45000,q45_t177
45000,q45_t178
45001,q45_t178
45001,q45_t179
45002,q45_t180
45002,q45_t181
45003,q45_t181
45003,q45_t182
45004,q45_t183
45004,q45_t184
45005,q45_t184
45005,q45_t185
45006,q45_t186
45006,q45_t187
45007,q45_t187
45007,q45_t188
45008,q45_t189
45008,q45_t190
45009,q45_t190
45009,q45_t191
45010,q45_t192
45010,q45_t193
45011,q45_t193
45011,q45_t194
45012,q45_t195
45012,q45_t196
45013,q45_t196
45013,q45_t197
45014,q45_t198
45014,q45_t199
45015,q45_t199
45015,q45_t200
45016,q45_t201
45016,q45_t202
45017,q45_t202
45017,q45_t203
45018,q45_t204
45018,q45_t205
45019,q45_t205
45019,q45_t206
45020,q45_t207
45020,q45_t208
45021,q45_t208
45021,q45_t209
45022,q45_t210
45022,q45_t211
45023,q45_t211
45023,q45_t212
45024,q45_t213
45024,q45_t214
45025,q45_t214
45025,q45_t215
45026,q45_t216
45026,q45_t217
45027,q45_t217
45027,q45_t218
45028,q45_t219
45028,q45_t220
45029,q45_t220
45029,q45_t221
45030,q45_t222
45030,q45_t223
45031,q45_t223
45031,q45_t224
45032,q45_t225
45032,q45_t226
45033,q45_t226
45033,q45_t227
45034,q45_t228
45034,q45_t229
45035,q45_t229
45035,q45_t230
45036,q45_t231
45036,q45_t232
45037,q45_t232
45037,q45_t233
45038,q45_t234
45038,q45_t235
45039,q45_t235
45039,q45_t236
45040,q45_t237
45040,q45_t238
45041,q45_t238
45041,q45_t239
45042,q45_t240
45042,q45_t241
45043,q45_t241
45043,q45_t242
45044,q45_t243
45044,q45_t244
45045,q45_t244
45045,q45_t245
45046,q45_t246
45046,q45_t247
45047,q45_t247
45047,q45_t248
45048,q45_t249
45048,q45_t250
45049,q45_t250
45049,q45_t251
45050,q45_t252
45050,q45_t253
45051,q45_t253
45051,q45_t254
45052,q45_t255
45052,q45_t256
45053,q45_t256
45053,q45_t257
45054,q45_t258
45054,q45_t259
45055,q45_t259
45055,q45_t260
45056,q45_t261
45056,q45_t262
45057,q45_t262
45057,q45_t263
45058,q45_t264
45058,q45_t265
45059,q45_t265
45059,q45_t266
45060,q45_t267
45060,q45_t268
45061,q45_t268
45061,q45_t272
45062,q45_t272
45062,q45_t273
45062,q46_t272
45062,q46_t273
45063,q45_t273
45063,q45_t274
45064,q45_t274
45064,q45_t275
45065,q45_t275
45065,q45_t276
45065,q47_t275
45065,q47_t276
45066,q45_t276
45066,q45_t277
45067,q45_t277
45067,q45_t278
45068,q45_t278
45068,q45_t279
45068,q48_t278
45068,q48_t279
45069,q45_t279
45069,q45_t280
45070,q45_t280
45070,q45_t281
45071,q45_t281
45071,q45_t282
45071,q49_t281
45071,q49_t282
45072,q45_t282
45072,q45_t283
45073,q45_t283
45073,q45_t284
45074,q45_t284
45074,q45_t285
45074,q50_t284
45074,q50_t285
45075,q45_t285
45075,q45_t286
45076,q45_t286
45076,q45_t287
45077,q45_t287
45077,q45_t288
45077,q51_t287
45077,q51_t288
45078,q45_t288
45078,q45_t289
45079,q45_t289
45079,q45_t290
45080,q45_t290
45080,q45_t291
45080,q52_t290
45080,q52_t291
45081,q45_t291
45081,q45_t292
45082,q45_t292
45082,q45_t293
45083,q45_t293
45083,q45_t294
45083,q53_t293
45083,q53_t294
45084,q45_t294
45084,q45_t295
45085,q45_t295
45085,q45_t296
45086,q45_t296
45086,q45_t297
45086,q54_t296
45086,q54_t297
45087,q45_t297
45087,q45_t298
45088,q45_t298
45088,q45_t299
45089,q45_t299
45089,q45_t300
45089,q55_t299
45089,q55_t300
45090,q45_t300
45090,q45_t301
45091,q45_t301
45091,q45_t302
45092,q45_t302
45092,q45_t303
45092,q56_t302
45092,q56_t303
45093,q45_t303
45093,q45_t304
45094,q45_t304
45094,q45_t305
45095,q45_t305
45095,q45_t306
45095,q57_t305
45095,q57_t306
45096,q45_t306
45096,q45_t307
45097,q45_t307
45097,q45_t308
45098,q45_t308
45098,q45_t309
45098,q58_t308
45098,q58_t309
45099,q45_t309
45099,q45_t310
45100,q45_t310
45100,q45_t311
45101,q45_t311
45101,q45_t312
45101,q59_t311
45101,q59_t312
45102,q45_t312
45102,q45_t313
45103,q45_t313
45103,q45_t314
45104,q45_t314
45104,q45_t315
45104,q60_t314
45104,q60_t315
45105,q45_t315
45105,q45_t316
45106,q45_t316
45106,q45_t317
45107,q45_t317
45107,q45_t318
45107,q61_t317
45107,q61_t318
45108,q45_t318
45108,q45_t319
45109,q45_t319
45109,q45_t320
45110,q45_t320
45110,q45_t321
45110,q62_t320
45110,q62_t321
45111,q45_t321
45111,q45_t322
45112,q45_t322
45112,q45_t323
45113,q45_t323
45113,q45_t324
45113,q63_t323
45113,q63_t324
45114,q45_t324
45114,q45_t325
45115,q45_t325
45115,q45_t326
45116,q45_t326
45116,q45_t327
45116,q64_t326
45116,q64_t327
45117,q45_t327
45117,q45_t328
45118,q45_t328
45118,q45_t329
45119,q45_t329
45119,q45_t330
45119,q65_t329
45119,q65_t330
45120,q45_t330
45120,q45_t331
45121,q45_t331
45121,q45_t332
45122,q45_t332
45122,q45_t333
45122,q66_t332
45122,q66_t333
45123,q45_t333
45123,q45_t334
45124,q45_t334
45124,q45_t335
45125,q45_t335
45125,q45_t336
45125,q67_t335
45125,q67_t336
45126,q45_t336
45126,q45_t337
45127,q45_t337
45127,q45_t338
45128,q45_t338
45128,q45_t339
45128,q68_t338
45128,q68_t339
45129,q45_t339
45129,q45_t340
45130,q45_t340
45130,q45_t341
45131,q45_t341
45131,q45_t342
45131,q69_t341
45131,q69_t342
45132,q45_t342
45132,q45_t343
45133,q45_t343
45133,q45_t344
45134,q45_t344
45134,q45_t345
45134,q70_t344
45134,q70_t345
45135,q45_t345
45135,q45_t346
45136,q45_t346
45136,q45_t347
45137,q45_t347
45137,q45_t348
45137,q71_t347
45137,q71_t348
45138,q45_t348
45138,q45_t349
45139,q45_t349
45139,q45_t350
45140,q45_t350
45140,q45_t351
45140,q72_t350
45140,q72_t351
45141,q45_t351
45141,q45_t352
45142,q45_t352
45142,q45_t353
45143,q45_t353
45143,q45_t354
45143,q73_t353
45143,q73_t354
45144,q45_t354
45144,q45_t355
45145,q45_t355
45145,q45_t356
45146,q45_t356
45146,q45_t357
45146,q74_t356
45146,q74_t357
45147,q45_t357
45147,q45_t358
45148,q45_t358
45148,q45_t359
45149,q45_t359
45149,q45_t360
45149,q75_t359
45149,q75_t360
45150,q45_t360
45150,q45_t361
45151,q45_t361
45151,q45_t362
45152,q45_t362
45152,q45_t363
45152,q76_t362
45152,q76_t363
45153,q45_t363
45153,q45_t364
45154,q45_t364
45154,q45_t365
45155,q45_t365
45155,q45_t366
45155,q77_t365
45155,q77_t366
45156,q45_t366
45156,q45_t367
45157,q45_t367
45157,q45_t368
45158,q45_t368
45158,q45_t369
45158,q78_t368
45158,q78_t369
45159,q45_t369
45159,q45_t370
45160,q45_t370
45160,q45_t371
45161,q45_t371
45161,q45_t372
45161,q79_t371
45161,q79_t372
45162,q45_t372
45162,q45_t373
45163,q45_t373
45163,q45_t374
45164,q45_t374
45164,q45_t375
45164,q80_t374
45164,q80_t375
45165,q45_t375
45165,q45_t376
45166,q45_t376
45166,q45_t377
45167,q45_t377
45167,q45_t378
45167,q81_t377
45167,q81_t378
45168,q45_t378
45168,q45_t379
45169,q45_t379
45169,q45_t380
45170,q45_t380
45170,q45_t381
45170,q82_t380
45170,q82_t381
45171,q45_t381
45171,q45_t382
45172,q45_t382
45172,q45_t383
45173,q45_t383
45173,q45_t384
45173,q83_t383
45173,q83_t384
45174,q45_t384
45174,q45_t385
45175,q45_t385
45175,q45_t386
45176,q45_t386
45176,q45_t387
45176,q84_t386
45176,q84_t387
45177,q45_t387
45177,q45_t388
45178,q45_t388
45178,q45_t389
45179,q45_t389
45179,q45_t390
45179,q85_t389
45179,q85_t390
45180,q45_t390
45180,q45_t391
45181,q45_t391
45181,q45_t392
45182,q45_t392
45182,q45_t393
45182,q86_t392
45182,q86_t393
45183,q45_t393
45183,q45_t394
45184,q45_t394
45184,q45_t395
45185,q45_t395
45185,q45_t396
45185,q87_t395
45185,q87_t396
45186,q45_t396
45186,q45_t397
45187,q45_t397
45187,q45_t398
45188,q45_t398
45188,q45_t399
45188,q88_t398
45188,q88_t399
45189,q45_t399
45189,q45_t400
45190,q45_t400
45190,q45_t401
45191,q45_t401
45191,q45_t402
45191,q89_t401
45191,q89_t402
45192,q45_t402
45192,q45_t403
45193,q45_t403
45193,q45_t404
45194,q45_t404
45194,q45_t405
45194,q90_t404
45194,q90_t405
45195,q45_t405
45195,q45_t406
45196,q45_t406
45196,q45_t407
45197,q45_t407
45197,q45_t408
45197,q91_t407
45197,q91_t408
45198,q45_t408
45198,q45_t409
45199,q45_t409
45199,q45_t410
45200,q45_t410
45200,q45_t411
45200,q92_t410
45200,q92_t411
45201,q45_t411
45201,q45_t412
45202,q45_t412
45202,q45_t413
45203,q45_t413
45203,q45_t414
45203,q93_t413
45203,q93_t414
45204,q45_t414
45204,q45_t415
45205,q45_t415
45205,q45_t416
45206,q45_t416
45206,q45_t417
45206,q94_t416
45206,q94_t417
45207,q45_t417
45207,q45_t418
45208,q45_t418
45208,q45_t419
45209,q45_t419
45209,q45_t420
45209,q95_t419
45209,q95_t420
45210,q45_t420
45210,q45_t421
45211,q45_t421
45211,q45_t422
45212,q45_t422
45212,q45_t423
45212,q96_t422
45212,q96_t423
45213,q45_t423
45213,q45_t424
45214,q45_t424
45214,q45_t425
45215,q45_t425
45215,q45_t426
45215,q97_t425
45215,q97_t426
45216,q45_t426
45216,q45_t427
45217,q45_t427
45217,q45_t428
45218,q45_t428
45218,q45_t429
45218,q98_t428
45218,q98_t429
45219,q45_t429
45219,q45_t430
45220,q45_t430
45220,q45_t431
45221,q45_t431
45221,q45_t432
45221,q99_t431
45221,q99_t432
45222,q45_t432
45222,q45_t433
45223,q45_t433
45223,q45_t434
45224,q45_t435
45224,q45_t436
45225,q45_t436
45225,q45_t437
45226,q45_t438
45226,q45_t439
45227,q45_t439
45227,q45_t440
45228,q45_t441
45228,q45_t442
45229,q45_t442
45229,q45_t443
45230,q45_t444
45230,q45_t445
45231,q45_t445
45231,q45_t446
45232,q45_t447
45232,q45_t448
45233,q45_t448
45233,q45_t449
45234,q45_t450
45234,q45_t451
45235,q45_t451
45235,q45_t452
45236,q45_t453
45236,q45_t454
45237,q45_t454
45237,q45_t455
45238,q45_t456
45238,q45_t457
45239,q45_t457
45239,q45_t458
45240,q45_t459
45240,q45_t460
45241,q45_t460
45241,q45_t461
45242,q45_t462
45242,q45_t463
45243,q45_t463
45243,q45_t464
45244,q45_t464
45244,q45_t465
45245,q45_t466
45245,q45_t467
45246,q45_t467
45246,q45_t468
45247,q45_t469
45247,q45_t470
45248,q45_t470
45248,q45_t471
45249,q45_t472
45249,q45_t473
45250,q45_t473
45250,q45_t474
45251,q45_t475
45251,q45_t476
45252,q45_t476
45252,q45_t477
45253,q45_t477
45253,q45_t478
45253,q4_t477
45253,q4_t478
45254,q45_t478
45254,q45_t479
45255,q45_t479
45255,q45_t480
45256,q45_t480
45256,q45_t481
45256,q5_t480
45256,q5_t481
45257,q45_t481
45257,q45_t482
45258,q45_t482
45258,q45_t483
45259,q45_t483
45259,q45_t484
45259,q6_t483
45259,q6_t484
45260,q45_t484
45260,q45_t485
45261,q45_t485
45261,q45_t486
45262,q45_t486
45262,q45_t487
45262,q7_t486
45262,q7_t487
45263,q45_t487
45263,q45_t488
45264,q45_t488
45264,q45_t489
45265,q45_t489
45265,q45_t490
45265,q8_t489
45265,q8_t490
45266,q45_t490
45266,q45_t491
45267,q45_t491
45267,q45_t492
45268,q45_t492
45268,q45_t493
45268,q9_t492
45268,q9_t493
45269,q45_t493
45269,q45_t494
45270,q45_t494
45270,q45_t495
45271,q45_t496
45271,q45_t497
45272,q45_t497
45272,q45_t498
45273,q45_t499
45273,q45_t500
45274,q45_t500
45274,q45_t501
45275,q45_t502
45275,q45_t503
45276,q45_t503
45276,q45_t504
45277,q45_t505
45277,q45_t506
45278,q45_t506
45278,q45_t507
45279,q45_t508
45279,q45_t509
45280,q45_t509
45280,q45_t510
45281,q45_t511
45281,q45_t512
45282,q45_t512
45282,q45_t513
45283,q45_t514
45283,q45_t515
45284,q45_t515
45284,q45_t516
45285,q45_t517
45285,q45_t518
45286,q45_t518
45286,q45_t519
45287,q45_t520
45287,q45_t521
45288,q45_t521
45288,q45_t522
45289,q45_t523
45289,q45_t524
45290,q45_t524
45290,q45_t525
45291,q45_t526
45291,q45_t527
45292,q45_t527
45292,q45_t528
45293,q45_t529
45293,q45_t530
45294,q45_t530
45294,q45_t531
45295,q45_t532
45295,q45_t533
45296,q45_t533
45296,q45_t534
45297,q45_t535
45297,q45_t536
45298,q45_t536
45298,q45_t537
45299,q45_t538
45299,q45_t539
45300,q45_t539
45300,q45_t540
45301,q45_t541
45301,q45_t542
45302,q45_t542
45302,q45_t543
45303,q45_t544
45303,q45_t545
45304,q45_t545
45304,q45_t546
45305,q45_t547
45305,q45_t548
45306,q45_t548
45306,q45_t549
45307,q45_t550
45307,q45_t551
45308,q45_t551
45308,q45_t552
45309,q45_t553
45309,q45_t554
45310,q45_t554
45310,q45_t555
45311,q45_t556
45311,q45_t557
45312,q45_t557
45312,q45_t558
45313,q45_t559
45313,q45_t560
45314,q45_t560
45314,q45_t561
45315,q45_t562
45315,q45_t563
45316,q45_t563
45316,q45_t564
45317,q45_t565
45317,q45_t566
45318,q45_t566
45318,q45_t567
45319,q45_t568
45319,q45_t569
45320,q45_t569
45320,q45_t570
45321,q45_t571
45321,q45_t572
45322,q45_t572
45322,q45_t573
45323,q45_t574
45323,q45_t575
45324,q45_t575
45324,q45_t576
45325,q45_t577
45325,q45_t578
45326,q45_t578
45326,q45_t579
45327,q45_t580
45327,q45_t581
45328,q45_t581
45328,q45_t582
45329,q45_t583
45329,q45_t584
45330,q45_t584
45330,q45_t585
45331,q45_t586
45331,q45_t587
45332,q45_t587
45332,q45_t588
45333,q45_t589
45333,q45_t590
45334,q45_t590
45334,q45_t591
45335,q45_t592
45335,q45_t593
45336,q45_t593
45336,q45_t594
45337,q45_t595
45337,q45_t596
45338,q45_t596
45338,q45_t597
45339,q45_t598
45339,q45_t599
45340,q45_t599
45340,q45_t603
45341,q45_t603
45341,q45_t604
45341,q46_t603
45341,q46_t604
45342,q45_t604
45342,q45_t605
45343,q45_t605
45343,q45_t606
45344,q45_t606
45344,q45_t607
45344,q47_t606
45344,q47_t607
45345,q45_t607
45345,q45_t608
45346,q45_t608
45346,q45_t609
45347,q45_t609
45347,q45_t610
45347,q48_t609
45347,q48_t610
45348,q45_t610
45348,q45_t611
45349,q45_t611
45349,q45_t612
45350,q45_t612
45350,q45_t613
45350,q49_t612
45350,q49_t613
45351,q45_t613
45351,q45_t614
45352,q45_t614
45352,q45_t615
45353,q45_t615
45353,q45_t616
45353,q50_t615
45353,q50_t616
45354,q45_t616
45354,q45_t617
45355,q45_t617
45355,q45_t618
45356,q45_t618
45356,q45_t619
45356,q51_t618
45356,q51_t619
45357,q45_t619
45357,q45_t620
45358,q45_t620
45358,q45_t621
45359,q45_t621
45359,q45_t622
45359,q52_t621
45359,q52_t622
45360,q45_t622
45360,q45_t623
45361,q45_t623
45361,q45_t624
45362,q45_t624
45362,q45_t625
45362,q53_t624
45362,q53_t625
45363,q45_t625
45363,q45_t626
45364,q45_t626
45364,q45_t627
45365,q45_t627
45365,q45_t628
45365,q54_t627
45365,q54_t628
45366,q45_t628
45366,q45_t629
45367,q45_t629
45367,q45_t630
45368,q45_t630
45368,q45_t631
45368,q55_t630
45368,q55_t631
45369,q45_t631
45369,q45_t632
45370,q45_t632
45370,q45_t633
45371,q45_t633
45371,q45_t634
45371,q56_t633
45371,q56_t634
45372,q45_t634
45372,q45_t635
45373,q45_t635
45373,q45_t636
45374,q45_t636
45374,q45_t637
45374,q57_t636
45374,q57_t637
45375,q45_t637
45375,q45_t638
45376,q45_t638
45376,q45_t639
45377,q45_t639
45377,q45_t640
45377,q58_t639
45377,q58_t640
45378,q45_t640
45378,q45_t641
45379,q45_t641
45379,q45_t642
45380,q45_t642
45380,q45_t643
45380,q59_t642
45380,q59_t643
45381,q45_t643
45381,q45_t644
45382,q45_t644
45382,q45_t645
45383,q45_t645
45383,q45_t646
45383,q60_t645
45383,q60_t646
45384,q45_t646
45384,q45_t647
45385,q45_t647
45385,q45_t648
45386,q45_t648
45386,q45_t649
45386,q61_t648
45386,q61_t649
45387,q45_t649
45387,q45_t650
45388,q45_t650
45388,q45_t651
45389,q45_t651
45389,q45_t652
45389,q62_t651
45389,q62_t652
45390,q45_t652
45390,q45_t653
45391,q45_t653
45391,q45_t654
45392,q45_t654
45392,q45_t655
45392,q63_t654
45392,q63_t655
45393,q45_t655
45393,q45_t656
45394,q45_t656
45394,q45_t657
45395,q45_t657
45395,q45_t658
45395,q64_t657
45395,q64_t658
45396,q45_t658
45396,q45_t659
45397,q45_t659
45397,q45_t660
45398,q45_t660
45398,q45_t661
45398,q65_t660
45398,q65_t661
45399,q45_t661
45399,q45_t662
45400,q45_t662
45400,q45_t663
45401,q45_t663
45401,q45_t664
45401,q66_t663
45401,q66_t664
45402,q45_t664
45402,q45_t665
45403,q45_t665
45403,q45_t666
45404,q45_t666
45404,q45_t667
45404,q67_t666
45404,q67_t667
45405,q45_t667
45405,q45_t668
45406,q45_t668
45406,q45_t669
45407,q45_t669
45407,q45_t670
45407,q68_t669
45407,q68_t670
45408,q45_t670
45408,q45_t671
45409,q45_t671
45409,q45_t672
45410,q45_t672
45410,q45_t673
45410,q69_t672
45410,q69_t673
45411,q45_t673
45411,q45_t674
45412,q45_t674
45412,q45_t675
45413,q45_t675
45413,q45_t676
45413,q70_t675
45413,q70_t676
45414,q45_t676
45414,q45_t677
45415,q45_t677
45415,q45_t678
45416,q45_t678
45416,q45_t679
45416,q71_t678
45416,q71_t679
45417,q45_t679
45417,q45_t680
45418,q45_t680
45418,q45_t681
45419,q45_t681
45419,q45_t682
45419,q72_t681
45419,q72_t682
45420,q45_t682
45420,q45_t683
45421,q45_t683
45421,q45_t684
45422,q45_t684
45422,q45_t685
45422,q73_t684
45422,q73_t685
45423,q45_t685
45423,q45_t686
45424,q45_t686
45424,q45_t687
45425,q45_t687
45425,q45_t688
45425,q74_t687
45425,q74_t688
45426,q45_t688
45426,q45_t689
45427,q45_t689
45427,q45_t690
45428,q45_t690
45428,q45_t691
45428,q75_t690
45428,q75_t691
45429,q45_t691
45429,q45_t692
45430,q45_t692
45430,q45_t693
45431,q45_t693
45431,q45_t694
45431,q76_t693
45431,q76_t694
45432,q45_t694
45432,q45_t695
45433,q45_t695
45433,q45_t696
45434,q45_t696
45434,q45_t697
45434,q77_t696
45434,q77_t697
45435,q45_t697
45435,q45_t698
45436,q45_t698
45436,q45_t699
45437,q45_t699
45437,q45_t700
45437,q78_t699
45437,q78_t700
45438,q45_t700
45438,q45_t701
45439,q45_t701
45439,q45_t702
45440,q45_t702
45440,q45_t703
45440,q79_t702
45440,q79_t703
45441,q45_t703
45441,q45_t704
45442,q45_t704
45442,q45_t705
45443,q45_t705
45443,q45_t706
45443,q80_t705
45443,q80_t706
45444,q45_t706
45444,q45_t707
45445,q45_t707
45445,q45_t708
45446,q45_t708
45446,q45_t709
45446,q81_t708
45446,q81_t709
45447,q45_t709
45447,q45_t710
45448,q45_t710
45448,q45_t711
45449,q45_t711
45449,q45_t712
45449,q82_t711
45449,q82_t712
45450,q45_t712
45450,q45_t713
45451,q45_t713
45451,q45_t714
45452,q45_t714
45452,q45_t715
45452,q83_t714
45452,q83_t715
45453,q45_t715
45453,q45_t716
45454,q45_t716
45454,q45_t717
45455,q45_t717
45455,q45_t718
45455,q84_t717
45455,q84_t718
45456,q45_t718
45456,q45_t719
45457,q45_t719
45457,q45_t720
45458,q45_t720
45458,q45_t721
45458,q85_t720
45458,q85_t721
45459,q45_t721
45459,q45_t722
45460,q45_t722
45460,q45_t723
45461,q45_t723
45461,q45_t724
45461,q86_t723
45461,q86_t724
45462,q45_t724
45462,q45_t725
45463,q45_t725
45463,q45_t726
45464,q45_t726
45464,q45_t727
45464,q87_t726
45464,q87_t727
45465,q45_t727
45465,q45_t728
45466,q45_t728
45466,q45_t729
45467,q45_t729
45467,q45_t730
45467,q88_t729
45467,q88_t730
45468,q45_t730
45468,q45_t731
45469,q45_t731
45469,q45_t732
45470,q45_t732
45470,q45_t733
45470,q89_t732
45470,q89_t733
45471,q45_t733
45471,q45_t734
45472,q45_t734
45472,q45_t735
45473,q45_t735
45473,q45_t736
45473,q90_t735
45473,q90_t736
45474,q45_t736
45474,q45_t737
45475,q45_t737
45475,q45_t738
45476,q45_t738
45476,q45_t739
45476,q91_t738
45476,q91_t739
45477,q45_t739
45477,q45_t740
45478,q45_t740
45478,q45_t741
45479,q45_t741
45479,q45_t742
45479,q92_t741
45479,q92_t742
45480,q45_t742
45480,q45_t743
45481,q45_t743
45481,q45_t744
45482,q45_t744
45482,q45_t745
45482,q93_t744
45482,q93_t745
45483,q45_t745
45483,q45_t746
45484,q45_t746
45484,q45_t747
45485,q45_t747
45485,q45_t748
45485,q94_t747
45485,q94_t748
45486,q45_t748
45486,q45_t749
45487,q45_t749
45487,q45_t750
45488,q45_t750
45488,q45_t751
45488,q95_t750
45488,q95_t751
45489,q45_t751
45489,q45_t752
45490,q45_t752
45490,q45_t753
45491,q45_t753
45491,q45_t754
45491,q96_t753
45491,q96_t754
45492,q45_t754
45492,q45_t755
45493,q45_t755
45493,q45_t756
45494,q45_t756
45494,q45_t757
45494,q97_t756
45494,q97_t757
45495,q45_t757
45495,q45_t758
45496,q45_t758
45496,q45_t759
45497,q45_t759
45497,q45_t760
45497,q98_t759
45497,q98_t760
45498,q45_t760
45498,q45_t761
45499,q45_t761
45499,q45_t762
45500,q45_t762
45500,q45_t763
45500,q99_t762
45500,q99_t763
45501,q45_t763
45501,q45_t764
45502,q45_t764
45502,q45_t765
45503,q45_t766
45503,q45_t767
45504,q45_t767
45504,q45_t768
45505,q45_t769
45505,q45_t770
45506,q45_t770
45506,q45_t771
45507,q45_t772
45507,q45_t773
45508,q45_t773
45508,q45_t774
45509,q45_t775
45509,q45_t776
45510,q45_t776
45510,q45_t777
45511,q45_t778
45511,q45_t779
45512,q45_t779
45512,q45_t780
45513,q45_t781
45513,q45_t782
45514,q45_t782
45514,q45_t783
45515,q45_t784
45515,q45_t785
45516,q45_t785
45516,q45_t786
45517,q45_t787
45517,q45_t788
45518,q45_t788
45518,q45_t789
45519,q45_t790
45519,q45_t791
45520,q45_t791
45520,q45_t792
45521,q45_t793
45521,q45_t794
45522,q45_t794
45522,q45_t795
45523,q45_t795
45523,q45_t796
45524,q45_t797
45524,q45_t798
45525,q45_t798
45525,q45_t799
45526,q45_t800
45526,q45_t801
45527,q45_t801
45527,q45_t802
45528,q45_t803
45528,q45_t804
45529,q45_t804
45529,q45_t805
45530,q45_t806
45530,q45_t807
45531,q45_t807
45531,q45_t808
45532,q45_t808
45532,q45_t809
45532,q4_t808
45532,q4_t809
45533,q45_t809
45533,q45_t810
45534,q45_t810
45534,q45_t811
45535,q45_t811
45535,q45_t812
45535,q5_t811
45535,q5_t812
45536,q45_t812
45536,q45_t813
45537,q45_t813
45537,q45_t814
45538,q45_t814
45538,q45_t815
45538,q6_t814
45538,q6_t815
45539,q45_t815
45539,q45_t816
45540,q45_t816
45540,q45_t817
45541,q45_t817
45541,q45_t818
45541,q7_t817
45541,q7_t818
45542,q45_t818
45542,q45_t819
45543,q45_t819
45543,q45_t820
45544,q45_t820
45544,q45_t821
45544,q8_t820
45544,q8_t821
45545,q45_t821
45545,q45_t822
45546,q45_t822
45546,q45_t823
45547,q45_t823
45547,q45_t824
45547,q9_t823
45547,q9_t824
45548,q45_t824
45548,q45_t825
45549,q45_t825
45549,q45_t826
45550,q45_t827
45550,q45_t828
45551,q45_t828
45551,q45_t829
45552,q45_t830
45552,q45_t831
45553,q45_t831
45553,q45_t832
45554,q45_t833
45554,q45_t834
45555,q45_t834
45555,q45_t835
45556,q45_t836
45556,q45_t837
45557,q45_t837
45557,q45_t838
45558,q45_t839
45558,q45_t840
45559,q45_t840
45559,q45_t841
45560,q45_t842
45560,q45_t843
45561,q45_t843
45561,q45_t844
45562,q45_t845
45562,q45_t846
45563,q45_t846
45563,q45_t847
45564,q45_t848
45564,q45_t849
45565,q45_t849
45565,q45_t850
45566,q45_t851
45566,q45_t852
45567,q45_t852
45567,q45_t853
45568,q45_t854
45568,q45_t855
45569,q45_t855
45569,q45_t856
45570,q45_t857
45570,q45_t858
45571,q45_t858
45571,q45_t859
45572,q45_t860
45572,q45_t861
45573,q45_t861
45573,q45_t862
45574,q45_t863
45574,q45_t864
45575,q45_t864
45575,q45_t865
45576,q45_t866
45576,q45_t867
45577,q45_t867
45577,q45_t868
45578,q45_t869
45578,q45_t870
45579,q45_t870
45579,q45_t871
45580,q45_t872
45580,q45_t873
45581,q45_t873
45581,q45_t874
45582,q45_t875
45582,q45_t876
45583,q45_t876
45583,q45_t877
45584,q45_t878
45584,q45_t879
45585,q45_t879
45585,q45_t880
45586,q45_t881
45586,q45_t882
45587,q45_t882
45587,q45_t883
45588,q45_t884
45588,q45_t885
45589,q45_t885
45589,q45_t886
45590,q45_t887
45590,q45_t888
45591,q45_t888
45591,q45_t889
45592,q45_t890
45592,q45_t891
45593,q45_t891
45593,q45_t892
45594,q45_t893
45594,q45_t894
45595,q45_t894
45595,q45_t895
45596,q45_t896
45596,q45_t897
45597,q45_t897
45597,q45_t898
45598,q45_t899
45598,q45_t900
45599,q45_t900
45599,q45_t901
45600,q45_t902
45600,q45_t903
45601,q45_t903
45601,q45_t904
45602,q45_t905
45602,q45_t906
45603,q45_t906
45603,q45_t907
45604,q45_t908
45604,q45_t909
45605,q45_t909
45605,q45_t910
45606,q45_t911
45606,q45_t912
45607,q45_t912
45607,q45_t913
45608,q45_t914
45608,q45_t915
45609,q45_t915
45609,q45_t916
45610,q45_t917
45610,q45_t918
45611,q45_t918
45611,q45_t919
45612,q45_t920
45612,q45_t921
45613,q45_t921
45613,q45_t922
45614,q45_t923
45614,q45_t924
45615,q45_t924
45615,q45_t925
45616,q45_t926
45616,q45_t927
45617,q45_t927
45617,q45_t928
45618,q45_t929
45618,q45_t930
45619,q45_t930
45619,q45_t934
45620,q45_t934
45620,q45_t935
45620,q46_t934
45620,q46_t935
45621,q45_t935
45621,q45_t936
45622,q45_t936
45622,q45_t937
45623,q45_t937
45623,q45_t938
45623,q47_t937
45623,q47_t938
45624,q45_t938
45624,q45_t939
45625,q45_t939
45625,q45_t940
45626,q45_t940
45626,q45_t941
45626,q48_t940
45626,q48_t941
45627,q45_t941
45627,q45_t942
45628,q45_t942
45628,q45_t943
45629,q45_t943
45629,q45_t944
45629,q49_t943
45629,q49_t944
45630,q45_t944
45630,q45_t945
45631,q45_t945
45631,q45_t946
45632,q45_t946
45632,q45_t947
45632,q50_t946
45632,q50_t947
45633,q45_t947
45633,q45_t948
45634,q45_t948
45634,q45_t949
45635,q45_t949
45635,q45_t950
45635,q51_t949
45635,q51_t950
45636,q45_t950
45636,q45_t951
45637,q45_t951
45637,q45_t952
45638,q45_t952
45638,q45_t953
45638,q52_t952
45638,q52_t953
45639,q45_t953
45639,q45_t954
45640,q45_t954
45640,q45_t955
45641,q45_t955
45641,q45_t956
45641,q53_t955
45641,q53_t956
45642,q45_t956
45642,q45_t957
45643,q45_t957
45643,q45_t958
45644,q45_t958
45644,q45_t959
45644,q54_t958
45644,q54_t959
45645,q45_t959
45645,q45_t960
45646,q45_t960
45646,q45_t961
45647,q45_t961
45647,q45_t962
45647,q55_t961
45647,q55_t962
45648,q45_t962
45648,q45_t963
45649,q45_t963
45649,q45_t964
45650,q45_t964
45650,q45_t965
45650,q56_t964
45650,q56_t965
45651,q45_t965
45651,q45_t966
45652,q45_t966
45652,q45_t967
45653,q45_t967
45653,q45_t968
45653,q57_t967
45653,q57_t968
45654,q45_t968
45654,q45_t969
45655,q45_t969
45655,q45_t970
45656,q45_t970
45656,q45_t971
45656,q58_t970
45656,q58_t971
45657,q45_t971
45657,q45_t972
45658,q45_t972
45658,q45_t973
45659,q45_t973
45659,q45_t974
45659,q59_t973
45659,q59_t974
45660,q45_t974
45660,q45_t975
45661,q45_t975
45661,q45_t976
45662,q45_t976
45662,q45_t977
45662,q60_t976
45662,q60_t977
45663,q45_t977
45663,q45_t978
45664,q45_t978
45664,q45_t979
45665,q45_t979
45665,q45_t980
45665,q61_t979
45665,q61_t980
45666,q45_t980
45666,q45_t981
45667,q45_t981
45667,q45_t982
45668,q45_t982
45668,q45_t983
45668,q62_t982
45668,q62_t983
45669,q45_t983
45669,q45_t984
45670,q45_t984
45670,q45_t985
45671,q45_t985
45671,q45_t986
45671,q63_t985
45671,q63_t986
45672,q45_t986
45672,q45_t987
45673,q45_t987
45673,q45_t988
45674,q45_t988
45674,q45_t989
45674,q64_t988
45674,q64_t989
45675,q45_t989
45675,q45_t990
45676,q45_t990
45676,q45_t991
45677,q45_t991
45677,q45_t992
45677,q65_t991
45677,q65_t992
45678,q45_t992
45678,q45_t993
45679,q45_t993
45679,q45_t994
45680,q45_t994
45680,q45_t995
45680,q66_t994
45680,q66_t995
45681,q45_t995
45681,q45_t996
45682,q45_t996
45682,q45_t997
45683,q45_t997
45683,q45_t998
45683,q67_t997
45683,q67_t998
45684,q45_t998
45684,q45_t999
45685,q46_t0
45685,q46_t1
45686,q46_t1
45686,q46_t137
45687,q46_t1000
45687,q46_t1001
45687,q67_t1000
45687,q67_t1001
45688,q46_t1000
45688,q46_t999
45689,q46_t1001
45689,q46_t1002
45690,q46_t1002
45690,q46_t1003
45691,q46_t1003
45691,q46_t1004
45691,q68_t1003
45691,q68_t1004
45692,q46_t1004
45692,q46_t1005
45693,q46_t1005
45693,q46_t1006
45694,q46_t1006
45694,q46_t1007
45694,q69_t1006
45694,q69_t1007
45695,q46_t1007
45695,q46_t1008
45696,q46_t1008
45696,q46_t1009
45697,q46_t1009
45697,q46_t1010
45697,q70_t1009
45697,q70_t1010
45698,q46_t1010
45698,q46_t1011
45699,q46_t1011
45699,q46_t1012
45700,q46_t1012
45700,q46_t1013
45700,q71_t1012
45700,q71_t1013
45701,q46_t1013
45701,q46_t1014
45702,q46_t1014
45702,q46_t1015
45703,q46_t1015
45703,q46_t1016
45703,q72_t1015
45703,q72_t1016
45704,q46_t1016
45704,q46_t1017
45705,q46_t1017
45705,q46_t1018
45706,q46_t1018
45706,q46_t1019
45706,q73_t1018
45706,q73_t1019
45707,q46_t1019
45707,q46_t1020
45708,q46_t1020
45708,q46_t1021
45709,q46_t1021
45709,q46_t1022
45709,q74_t1021
45709,q74_t1022
45710,q46_t1022
45710,q46_t1023
45711,q46_t1023
45711,q46_t1024
45712,q46_t1024
45712,q46_t1025
45712,q75_t1024
45712,q75_t1025
45713,q46_t1025
45713,q46_t1026
45714,q46_t1026
45714,q46_t1027
45715,q46_t1027
45715,q46_t1028
45715,q76_t1027
45715,q76_t1028
45716,q46_t1028
45716,q46_t1029
45717,q46_t1029
45717,q46_t1030
45718,q46_t1030
45718,q46_t1031
45718,q77_t1030
45718,q77_t1031
45719,q46_t1031
45719,q46_t1032
45720,q46_t1032
45720,q46_t1033
45721,q46_t1033
45721,q46_t1034
45721,q78_t1033
45721,q78_t1034
45722,q46_t1034
45722,q46_t1035
45723,q46_t1035
45723,q46_t1036
45724,q46_t1036
45724,q46_t1037
45724,q79_t1036
45724,q79_t1037
45725,q46_t1037
45725,q46_t1038
45726,q46_t1038
45726,q46_t1039
45727,q46_t1039
45727,q46_t1040
45727,q80_t1039
45727,q80_t1040
45728,q46_t1040
45728,q46_t1041
45729,q46_t1041
45729,q46_t1042
45730,q46_t1042
45730,q46_t1043
45730,q81_t1042
45730,q81_t1043
45731,q46_t1043
45731,q46_t1044
45732,q46_t1044
45732,q46_t1045
45733,q46_t1045
45733,q46_t1046
45733,q82_t1045
45733,q82_t1046
45734,q46_t1046
45734,q46_t1047
45735,q46_t1047
45735,q46_t1048
45736,q46_t1048
45736,q46_t1049
45736,q83_t1048
45736,q83_t1049
45737,q46_t1049
45737,q46_t1050
45738,q46_t1050
45738,q46_t1051
45739,q46_t1051
45739,q46_t1052
45739,q84_t1051
45739,q84_t1052
45740,q46_t1052
45740,q46_t1053
45741,q46_t1053
45741,q46_t1054
45742,q46_t1054
45742,q46_t1055
45742,q85_t1054
45742,q85_t1055
45743,q46_t1055
45743,q46_t1056
45744,q46_t1056
45744,q46_t1057
45745,q46_t1057
45745,q46_t1058
45745,q86_t1057
45745,q86_t1058
45746,q46_t1058
45746,q46_t1059
45747,q46_t1059
45747,q46_t1060
45748,q46_t1060
45748,q46_t1061
45748,q87_t1060
45748,q87_t1061
45749,q46_t1061
45749,q46_t1062
45750,q46_t1062
45750,q46_t1063
45751,q46_t1063
45751,q46_t1064
45751,q88_t1063
45751,q88_t1064
45752,q46_t1064
45752,q46_t1065
45753,q46_t1065
45753,q46_t1066
45754,q46_t1066
45754,q46_t1067
45754,q89_t1066
45754,q89_t1067
45755,q46_t1067
45755,q46_t1068
45756,q46_t1068
45756,q46_t1069
45757,q46_t1069
45757,q46_t1070
45757,q90_t1069
45757,q90_t1070
45758,q46_t1070
45758,q46_t1071
45759,q46_t1071
45759,q46_t1072
45760,q46_t1072
45760,q46_t1073
45760,q91_t1072
45760,q91_t1073
45761,q46_t1073
45761,q46_t1074
45762,q46_t1074
45762,q46_t1075
45763,q46_t1075
45763,q46_t1076
45763,q92_t1075
45763,q92_t1076
45764,q46_t1076
45764,q46_t1077
45765,q46_t1077
45765,q46_t1078
45766,q46_t1078
45766,q46_t1079
45766,q93_t1078
45766,q93_t1079
45767,q46_t1079
45767,q46_t1080
45768,q46_t1080
45768,q46_t1081
45769,q46_t1081
45769,q46_t1082
45769,q94_t1081
45769,q94_t1082
45770,q46_t1082
45770,q46_t1083
45771,q46_t1083
45771,q46_t1084
45772,q46_t1084
45772,q46_t1085
45772,q95_t1084
45772,q95_t1085
45773,q46_t1085
45773,q46_t1086
45774,q46_t1086
45774,q46_t1087
45775,q46_t1087
45775,q46_t1088
45775,q96_t1087
45775,q96_t1088
45776,q46_t1088
45776,q46_t1089
45777,q46_t1089
45777,q46_t1090
45778,q46_t1090
45778,q46_t1091
45778,q97_t1090
45778,q97_t1091
45779,q46_t1091
45779,q46_t1092
45780,q46_t1092
45780,q46_t1093
45781,q46_t1093
45781,q46_t1094
45781,q98_t1093
45781,q98_t1094
45782,q46_t1094
45782,q46_t1095
45783,q46_t1095
45783,q46_t1096
45784,q46_t1096
45784,q46_t1097
45784,q99_t1096
45784,q99_t1097
45785,q46_t1097
45785,q46_t1098
45786,q46_t1098
45786,q46_t1099
45787,q46_t1100
45787,q46_t1101
45788,q46_t1101
45788,q46_t1102
45789,q46_t1103
45789,q46_t1104
45790,q46_t1104
45790,q46_t1105
45791,q46_t1106
45791,q46_t1107
45792,q46_t1107
45792,q46_t1108
45793,q46_t1109
45793,q46_t1110
45794,q46_t1110
45794,q46_t1111
45795,q46_t1112
45795,q46_t1113
45796,q46_t1113
45796,q46_t1114
45797,q46_t1115
45797,q46_t1116
45798,q46_t1116
45798,q46_t1117
45799,q46_t1118
45799,q46_t1119
45800,q46_t1119
45800,q46_t1120
45801,q46_t1121
45801,q46_t1122
45802,q46_t1122
45802,q46_t1123
45803,q46_t1124
45803,q46_t1125
45804,q46_t1125
45804,q46_t1126
45805,q46_t1127
45805,q46_t1128
45806,q46_t1128
45806,q46_t1129
45807,q46_t138
45807,q46_t139
45808,q46_t139
45808,q46_t140
45809,q46_t141
45809,q46_t142
45810,q46_t142
45810,q46_t143
45811,q46_t144
45811,q46_t145
45812,q46_t145
45812,q46_t146
45813,q46_t147
45813,q46_t148
45814,q46_t148
45814,q46_t149
45815,q46_t149
45815,q46_t150
45815,q4_t149
45815,q4_t150
45816,q46_t150
45816,q46_t151
45817,q46_t151
45817,q46_t152
45818,q46_t152
45818,q46_t153
45818,q5_t152
45818,q5_t153
45819,q46_t153
45819,q46_t154
45820,q46_t154
45820,q46_t155
45821,q46_t155
45821,q46_t156
45821,q6_t155
45821,q6_t156
45822,q46_t156
45822,q46_t157
45823,q46_t157
45823,q46_t158
45824,q46_t158
45824,q46_t159
45824,q7_t158
45824,q7_t159
45825,q46_t159
45825,q46_t160
45826,q46_t160
45826,q46_t161
45827,q46_t161
45827,q46_t162
45827,q8_t161
45827,q8_t162
45828,q46_t162
45828,q46_t163
45829,q46_t163
45829,q46_t164
45830,q46_t164
45830,q46_t165
45830,q9_t164
45830,q9_t165
45831,q46_t165
45831,q46_t166
45832,q46_t166
45832,q46_t167
45833,q46_t168
45833,q46_t169
45834,q46_t169
45834,q46_t170
45835,q46_t171
45835,q46_t172
45836,q46_t172
45836,q46_t173
45837,q46_t174
45837,q46_t175
45838,q46_t175
45838,q46_t176
45839,q46_t177
45839,q46_t178
45840,q46_t178
45840,q46_t179
45841,q46_t180
45841,q46_t181
45842,q46_t181
45842,q46_t182
45843,q46_t183
45843,q46_t184
45844,q46_t184
45844,q46_t185
45845,q46_t186
45845,q46_t187
45846,q46_t187
45846,q46_t188
45847,q46_t189
45847,q46_t190
45848,q46_t190
45848,q46_t191
45849,q46_t192
45849,q46_t193
45850,q46_t193
45850,q46_t194
45851,q46_t195
45851,q46_t196
45852,q46_t196
45852,q46_t197
45853,q46_t198
45853,q46_t199
45854,q46_t199
45854,q46_t200
45855,q46_t201
45855,q46_t202
45856,q46_t202
45856,q46_t203
45857,q46_t204
45857,q46_t205
45858,q46_t205
45858,q46_t206
45859,q46_t207
45859,q46_t208
45860,q46_t208
45860,q46_t209
45861,q46_t210
45861,q46_t211
45862,q46_t211
45862,q46_t212
45863,q46_t213
45863,q46_t214
45864,q46_t214
45864,q46_t215
45865,q46_t216
45865,q46_t217
45866,q46_t217
45866,q46_t218
45867,q46_t219
45867,q46_t220
45868,q46_t220
45868,q46_t221
45869,q46_t222
45869,q46_t223
45870,q46_t223
45870,q46_t224
45871,q46_t225
45871,q46_t226
45872,q46_t226
45872,q46_t227
45873,q46_t228
45873,q46_t229
45874,q46_t229
45874,q46_t230
45875,q46_t231
45875,q46_t232
45876,q46_t232
45876,q46_t233
45877,q46_t234
45877,q46_t235
45878,q46_t235
45878,q46_t236
45879,q46_t237
45879,q46_t238
45880,q46_t238
45880,q46_t239
45881,q46_t240
45881,q46_t241
45882,q46_t241
45882,q46_t242
45883,q46_t243
45883,q46_t244
45884,q46_t244
45884,q46_t245
45885,q46_t246
45885,q46_t247
45886,q46_t247
45886,q46_t248
45887,q46_t249
45887,q46_t250
45888,q46_t250
45888,q46_t251
45889,q46_t252
45889,q46_t253
45890,q46_t253
45890,q46_t254
45891,q46_t255
45891,q46_t256
45892,q46_t256
45892,q46_t257
45893,q46_t258
45893,q46_t259
45894,q46_t259
45894,q46_t260
45895,q46_t261
45895,q46_t262
45896,q46_t262
45896,q46_t263
45897,q46_t264
45897,q46_t265
45898,q46_t265
45898,q46_t266
45899,q46_t267
45899,q46_t268
45900,q46_t268
45900,q46_t269
45901,q46_t270
45901,q46_t271
45902,q46_t271
45902,q46_t272
45903,q46_t273
45903,q46_t274
45904,q46_t274
45904,q46_t278
45905,q46_t278
45905,q46_t279
45905,q47_t278
45905,q47_t279
45906,q46_t279
45906,q46_t280
45907,q46_t280
45907,q46_t281
45908,q46_t281
45908,q46_t282
45908,q48_t281
45908,q48_t282
45909,q46_t282
45909,q46_t283
45910,q46_t283
45910,q46_t284
45911,q46_t284
45911,q46_t285
45911,q49_t284
45911,q49_t285
45912,q46_t285
45912,q46_t286
45913,q46_t286
45913,q46_t287
45914,q46_t287
45914,q46_t288
45914,q50_t287
45914,q50_t288
45915,q46_t288
45915,q46_t289
45916,q46_t289
45916,q46_t290
45917,q46_t290
45917,q46_t291
45917,q51_t290
45917,q51_t291
45918,q46_t291
45918,q46_t292
45919,q46_t292
45919,q46_t293
45920,q46_t293
45920,q46_t294
45920,q52_t293
45920,q52_t294
45921,q46_t294
45921,q46_t295
45922,q46_t295
45922,q46_t296
45923,q46_t296
45923,q46_t297
45923,q53_t296
45923,q53_t297
45924,q46_t297
45924,q46_t298
45925,q46_t298
45925,q46_t299
45926,q46_t299
45926,q46_t300
45926,q54_t299
45926,q54_t300
45927,q46_t300
45927,q46_t301
45928,q46_t301
45928,q46_t302
45929,q46_t302
45929,q46_t303
45929,q55_t302
45929,q55_t303
45930,q46_t303
45930,q46_t304
45931,q46_t304
45931,q46_t305
45932,q46_t305
45932,q46_t306
45932,q56_t305
45932,q56_t306
45933,q46_t306
45933,q46_t307
45934,q46_t307
45934,q46_t308
45935,q46_t308
45935,q46_t309
45935,q57_t308
45935,q57_t309
45936,q46_t309
45936,q46_t310
45937,q46_t310
45937,q46_t311
45938,q46_t311
45938,q46_t312
45938,q58_t311
45938,q58_t312
45939,q46_t312
45939,q46_t313
45940,q46_t313
45940,q46_t314
45941,q46_t314
45941,q46_t315
45941,q59_t314
45941,q59_t315
45942,q46_t315
45942,q46_t316
45943,q46_t316
45943,q46_t317
45944,q46_t317
45944,q46_t318
45944,q60_t317
45944,q60_t318
45945,q46_t318
45945,q46_t319
45946,q46_t319
45946,q46_t320
45947,q46_t320
45947,q46_t321
45947,q61_t320
45947,q61_t321
45948,q46_t321
45948,q46_t322
45949,q46_t322
45949,q46_t323
45950,q46_t323
45950,q46_t324
45950,q62_t323
45950,q62_t324
45951,q46_t324
45951,q46_t325
45952,q46_t325
45952,q46_t326
45953,q46_t326
45953,q46_t327
45953,q63_t326
45953,q63_t327
45954,q46_t327
45954,q46_t328
45955,q46_t328
45955,q46_t329
45956,q46_t329
45956,q46_t330
45956,q64_t329
45956,q64_t330
45957,q46_t330
45957,q46_t331
45958,q46_t331
45958,q46_t332
45959,q46_t332
45959,q46_t333
45959,q65_t332
45959,q65_t333
45960,q46_t333
45960,q46_t334
45961,q46_t334
45961,q46_t335
45962,q46_t335
45962,q46_t336
45962,q66_t335
45962,q66_t336
45963,q46_t336
45963,q46_t337
45964,q46_t337
45964,q46_t338
45965,q46_t338
45965,q46_t339
45965,q67_t338
45965,q67_t339
45966,q46_t339
45966,q46_t340
45967,q46_t340
45967,q46_t341
45968,q46_t341
45968,q46_t342
45968,q68_t341
45968,q68_t342
45969,q46_t342
45969,q46_t343
45970,q46_t343
45970,q46_t344
45971,q46_t344
45971,q46_t345
45971,q69_t344
45971,q69_t345
45972,q46_t345
45972,q46_t346
45973,q46_t346
45973,q46_t347
45974,q46_t347
45974,q46_t348
45974,q70_t347
45974,q70_t348
45975,q46_t348
45975,q46_t349
45976,q46_t349
45976,q46_t350
45977,q46_t350
45977,q46_t351
45977,q71_t350
45977,q71_t351
45978,q46_t351
45978,q46_t352
45979,q46_t352
45979,q46_t353
45980,q46_t353
45980,q46_t354
45980,q72_t353
45980,q72_t354
45981,q46_t354
45981,q46_t355
45982,q46_t355
45982,q46_t356
45983,q46_t356
45983,q46_t357
45983,q73_t356
45983,q73_t357
45984,q46_t357
45984,q46_t358
45985,q46_t358
45985,q46_t359
45986,q46_t359
45986,q46_t360
45986,q74_t359
45986,q74_t360
45987,q46_t360
45987,q46_t361
45988,q46_t361
45988,q46_t362
45989,q46_t362
45989,q46_t363
45989,q75_t362
45989,q75_t363
45990,q46_t363
45990,q46_t364
45991,q46_t364
45991,q46_t365
45992,q46_t365
45992,q46_t366
45992,q76_t365
45992,q76_t366
45993,q46_t366
45993,q46_t367
45994,q46_t367
45994,q46_t368
45995,q46_t368
45995,q46_t369
45995,q77_t368
45995,q77_t369
45996,q46_t369
45996,q46_t370
45997,q46_t370
45997,q46_t371
45998,q46_t371
45998,q46_t372
45998,q78_t371
45998,q78_t372
45999,q46_t372
45999,q46_t373
46000,q46_t373
46000,q46_t374
46001,q46_t374
46001,q46_t375
46001,q79_t374
46001,q79_t375
46002,q46_t375
46002,q46_t376
46003,q46_t376
46003,q46_t377
46004,q46_t377
46004,q46_t378
46004,q80_t377
46004,q80_t378
46005,q46_t378
46005,q46_t379
46006,q46_t379
46006,q46_t380
46007,q46_t380
46007,q46_t381
46007,q81_t380
46007,q81_t381
46008,q46_t381
46008,q46_t382
46009,q46_t382
46009,q46_t383
46010,q46_t383
46010,q46_t384
46010,q82_t383
46010,q82_t384
46011,q46_t384
46011,q46_t385
46012,q46_t385
46012,q46_t386
46013,q46_t386
46013,q46_t387
46013,q83_t386
46013,q83_t387
46014,q46_t387
46014,q46_t388
46015,q46_t388
46015,q46_t389
46016,q46_t389
46016,q46_t390
46016,q84_t389
46016,q84_t390
46017,q46_t390
46017,q46_t391
46018,q46_t391
46018,q46_t392
46019,q46_t392
46019,q46_t393
46019,q85_t392
46019,q85_t393
46020,q46_t393
46020,q46_t394
46021,q46_t394
46021,q46_t395
46022,q46_t395
46022,q46_t396
46022,q86_t395
46022,q86_t396
46023,q46_t396
46023,q46_t397
46024,q46_t397
46024,q46_t398
46025,q46_t398
46025,q46_t399
46025,q87_t398
46025,q87_t399
46026,q46_t399
46026,q46_t400
46027,q46_t400
46027,q46_t401
46028,q46_t401
46028,q46_t402
46028,q88_t401
46028,q88_t402
46029,q46_t402
46029,q46_t403
46030,q46_t403
46030,q46_t404
46031,q46_t404
46031,q46_t405
46031,q89_t404
46031,q89_t405
46032,q46_t405
46032,q46_t406
46033,q46_t406
46033,q46_t407
46034,q46_t407
46034,q46_t408
46034,q90_t407
46034,q90_t408
46035,q46_t408
46035,q46_t409
46036,q46_t409
46036,q46_t410
46037,q46_t410
46037,q46_t411
46037,q91_t410
46037,q91_t411
46038,q46_t411
46038,q46_t412
46039,q46_t412
46039,q46_t413
46040,q46_t413
46040,q46_t414
46040,q92_t413
46040,q92_t414
46041,q46_t414
46041,q46_t415
46042,q46_t415
46042,q46_t416
46043,q46_t416
46043,q46_t417
46043,q93_t416
46043,q93_t417
46044,q46_t417
46044,q46_t418
46045,q46_t418
46045,q46_t419
46046,q46_t419
46046,q46_t420
46046,q94_t419
46046,q94_t420
46047,q46_t420
46047,q46_t421
46048,q46_t421
46048,q46_t422
46049,q46_t422
46049,q46_t423
46049,q95_t422
46049,q95_t423
46050,q46_t423
46050,q46_t424
46051,q46_t424
46051,q46_t425
46052,q46_t425
46052,q46_t426
46052,q96_t425
46052,q96_t426
46053,q46_t426
46053,q46_t427
46054,q46_t427
46054,q46_t428
46055,q46_t428
46055,q46_t429
46055,q97_t428
46055,q97_t429
46056,q46_t429
46056,q46_t430
46057,q46_t430
46057,q46_t431
46058,q46_t431
46058,q46_t432
46058,q98_t431
46058,q98_t432
46059,q46_t432
46059,q46_t433
46060,q46_t433
46060,q46_t434
46061,q46_t434
46061,q46_t435
46061,q99_t434
46061,q99_t435
46062,q46_t435
46062,q46_t436
46063,q46_t436
46063,q46_t437
46064,q46_t438
46064,q46_t439
46065,q46_t439
46065,q46_t440
46066,q46_t441
46066,q46_t442
46067,q46_t442
46067,q46_t443
46068,q46_t444
46068,q46_t445
46069,q46_t445
46069,q46_t446
46070,q46_t447
46070,q46_t448
46071,q46_t448
46071,q46_t449
46072,q46_t450
46072,q46_t451
46073,q46_t451
46073,q46_t452
46074,q46_t453
46074,q46_t454
46075,q46_t454
46075,q46_t455
46076,q46_t456
46076,q46_t457
46077,q46_t457
46077,q46_t458
46078,q46_t459
46078,q46_t460
46079,q46_t460
46079,q46_t461
46080,q46_t462
46080,q46_t463
46081,q46_t463
46081,q46_t464
46082,q46_t465
46082,q46_t466
46083,q46_t466
46083,q46_t467
46084,q46_t467
46084,q46_t468
46085,q46_t469
46085,q46_t470
46086,q46_t470
46086,q46_t471
46087,q46_t472
46087,q46_t473
46088,q46_t473
46088,q46_t474
46089,q46_t475
46089,q46_t476
46090,q46_t476
46090,q46_t477
46091,q46_t478
46091,q46_t479
46092,q46_t479
46092,q46_t480
46093,q46_t480
46093,q46_t481
46093,q4_t480
46093,q4_t481
46094,q46_t481
46094,q46_t482
46095,q46_t482
46095,q46_t483
46096,q46_t483
46096,q46_t484
46096,q5_t483
46096,q5_t484
46097,q46_t484
46097,q46_t485
46098,q46_t485
46098,q46_t486
46099,q46_t486
46099,q46_t487
46099,q6_t486
46099,q6_t487
46100,q46_t487
46100,q46_t488
46101,q46_t488
46101,q46_t489
46102,q46_t489
46102,q46_t490
46102,q7_t489
46102,q7_t490
46103,q46_t490
46103,q46_t491
46104,q46_t491
46104,q46_t492
46105,q46_t492
46105,q46_t493
46105,q8_t492
46105,q8_t493
46106,q46_t493
46106,q46_t494
46107,q46_t494
46107,q46_t495
46108,q46_t495
46108,q46_t496
46108,q9_t495
46108,q9_t496
46109,q46_t496
46109,q46_t497
46110,q46_t497
46110,q46_t498
46111,q46_t499
46111,q46_t500
46112,q46_t500
46112,q46_t501
46113,q46_t502
46113,q46_t503
46114,q46_t503
46114,q46_t504
46115,q46_t505
46115,q46_t506
46116,q46_t506
46116,q46_t507
46117,q46_t508
46117,q46_t509
46118,q46_t509
46118,q46_t510
46119,q46_t511
46119,q46_t512
46120,q46_t512
46120,q46_t513
46121,q46_t514
46121,q46_t515
46122,q46_t515
46122,q46_t516
46123,q46_t517
46123,q46_t518
46124,q46_t518
46124,q46_t519
46125,q46_t520
46125,q46_t521
46126,q46_t521
46126,q46_t522
46127,q46_t523
46127,q46_t524
46128,q46_t524
46128,q46_t525
46129,q46_t526
46129,q46_t527
46130,q46_t527
46130,q46_t528
46131,q46_t529
46131,q46_t530
46132,q46_t530
46132,q46_t531
46133,q46_t532
46133,q46_t533
46134,q46_t533
46134,q46_t534
46135,q46_t535
46135,q46_t536
46136,q46_t536
46136,q46_t537
46137,q46_t538
46137,q46_t539
46138,q46_t539
46138,q46_t540
46139,q46_t541
46139,q46_t542
46140,q46_t542
46140,q46_t543
46141,q46_t544
46141,q46_t545
46142,q46_t545
46142,q46_t546
46143,q46_t547
46143,q46_t548
46144,q46_t548
46144,q46_t549
46145,q46_t550
46145,q46_t551
46146,q46_t551
46146,q46_t552
46147,q46_t553
46147,q46_t554
46148,q46_t554
46148,q46_t555
46149,q46_t556
46149,q46_t557
46150,q46_t557
46150,q46_t558
46151,q46_t559
46151,q46_t560
46152,q46_t560
46152,q46_t561
46153,q46_t562
46153,q46_t563
46154,q46_t563
46154,q46_t564
46155,q46_t565
46155,q46_t566
46156,q46_t566
46156,q46_t567
46157,q46_t568
46157,q46_t569
46158,q46_t569
46158,q46_t570
46159,q46_t571
46159,q46_t572
46160,q46_t572
46160,q46_t573
46161,q46_t574
46161,q46_t575
46162,q46_t575
46162,q46_t576
46163,q46_t577
46163,q46_t578
46164,q46_t578
46164,q46_t579
46165,q46_t580
46165,q46_t581
46166,q46_t581
46166,q46_t582
46167,q46_t583
46167,q46_t584
46168,q46_t584
46168,q46_t585
46169,q46_t586
46169,q46_t587
46170,q46_t587
46170,q46_t588
46171,q46_t589
46171,q46_t590
46172,q46_t590
46172,q46_t591
46173,q46_t592
46173,q46_t593
46174,q46_t593
46174,q46_t594
46175,q46_t595
46175,q46_t596
46176,q46_t596
46176,q46_t597
46177,q46_t598
46177,q46_t599
46178,q46_t599
46178,q46_t600
46179,q46_t601
46179,q46_t602
46180,q46_t602
46180,q46_t603
46181,q46_t604
46181,q46_t605
46182,q46_t605
46182,q46_t609
46183,q46_t609
46183,q46_t610
46183,q47_t609
46183,q47_t610
46184,q46_t610
46184,q46_t611
46185,q46_t611
46185,q46_t612
46186,q46_t612
46186,q46_t613
46186,q48_t612
46186,q48_t613
46187,q46_t613
46187,q46_t614
46188,q46_t614
46188,q46_t615
46189,q46_t615
46189,q46_t616
46189,q49_t615
46189,q49_t616
46190,q46_t616
46190,q46_t617
46191,q46_t617
46191,q46_t618
46192,q46_t618
46192,q46_t619
46192,q50_t618
46192,q50_t619
46193,q46_t619
46193,q46_t620
46194,q46_t620
46194,q46_t621
46195,q46_t621
46195,q46_t622
46195,q51_t621
46195,q51_t622
46196,q46_t622
46196,q46_t623
46197,q46_t623
46197,q46_t624
46198,q46_t624
46198,q46_t625
46198,q52_t624
46198,q52_t625
46199,q46_t625
46199,q46_t626
46200,q46_t626
46200,q46_t627
46201,q46_t627
46201,q46_t628
46201,q53_t627
46201,q53_t628
46202,q46_t628
46202,q46_t629
46203,q46_t629
46203,q46_t630
46204,q46_t630
46204,q46_t631
46204,q54_t630
46204,q54_t631
46205,q46_t631
46205,q46_t632
46206,q46_t632
46206,q46_t633
46207,q46_t633
46207,q46_t634
46207,q55_t633
46207,q55_t634
46208,q46_t634
46208,q46_t635
46209,q46_t635
46209,q46_t636
46210,q46_t636
46210,q46_t637
46210,q56_t636
46210,q56_t637
46211,q46_t637
46211,q46_t638
46212,q46_t638
46212,q46_t639
46213,q46_t639
46213,q46_t640
46213,q57_t639
46213,q57_t640
46214,q46_t640
46214,q46_t641
46215,q46_t641
46215,q46_t642
46216,q46_t642
46216,q46_t643
46216,q58_t642
46216,q58_t643
46217,q46_t643
46217,q46_t644
46218,q46_t644
46218,q46_t645
46219,q46_t645
46219,q46_t646
46219,q59_t645
46219,q59_t646
46220,q46_t646
46220,q46_t647
46221,q46_t647
46221,q46_t648
46222,q46_t648
46222,q46_t649
46222,q60_t648
46222,q60_t649
46223,q46_t649
46223,q46_t650
46224,q46_t650
46224,q46_t651
46225,q46_t651
46225,q46_t652
46225,q61_t651
46225,q61_t652
46226,q46_t652
46226,q46_t653
46227,q46_t653
46227,q46_t654
46228,q46_t654
46228,q46_t655
46228,q62_t654
46228,q62_t655
46229,q46_t655
46229,q46_t656
46230,q46_t656
46230,q46_t657
46231,q46_t657
46231,q46_t658
46231,q63_t657
46231,q63_t658
46232,q46_t658
46232,q46_t659
46233,q46_t659
46233,q46_t660
46234,q46_t660
46234,q46_t661
46234,q64_t660
46234,q64_t661
46235,q46_t661
46235,q46_t662
46236,q46_t662
46236,q46_t663
46237,q46_t663
46237,q46_t664
46237,q65_t663
46237,q65_t664
46238,q46_t664
46238,q46_t665
46239,q46_t665
46239,q46_t666
46240,q46_t666
46240,q46_t667
46240,q66_t666
46240,q66_t667
46241,q46_t667
46241,q46_t668
46242,q46_t668
46242,q46_t669
46243,q46_t669
46243,q46_t670
46243,q67_t669
46243,q67_t670
46244,q46_t670
46244,q46_t671
46245,q46_t671
46245,q46_t672
46246,q46_t672
46246,q46_t673
46246,q68_t672
46246,q68_t673
46247,q46_t673
46247,q46_t674
46248,q46_t674
46248,q46_t675
46249,q46_t675
46249,q46_t676
46249,q69_t675
46249,q69_t676
46250,q46_t676
46250,q46_t677
46251,q46_t677
46251,q46_t678
46252,q46_t678
46252,q46_t679
46252,q70_t678
46252,q70_t679
46253,q46_t679
46253,q46_t680
46254,q46_t680
46254,q46_t681
46255,q46_t681
46255,q46_t682
46255,q71_t681
46255,q71_t682
46256,q46_t682
46256,q46_t683
46257,q46_t683
46257,q46_t684
46258,q46_t684
46258,q46_t685
46258,q72_t684
46258,q72_t685
46259,q46_t685
46259,q46_t686
46260,q46_t686
46260,q46_t687
46261,q46_t687
46261,q46_t688
46261,q73_t687
46261,q73_t688
46262,q46_t688
46262,q46_t689
46263,q46_t689
46263,q46_t690
46264,q46_t690
46264,q46_t691
46264,q74_t690
46264,q74_t691
46265,q46_t691
46265,q46_t692
46266,q46_t692
46266,q46_t693
46267,q46_t693
46267,q46_t694
46267,q75_t693
46267,q75_t694
46268,q46_t694
46268,q46_t695
46269,q46_t695
46269,q46_t696
46270,q46_t696
46270,q46_t697
46270,q76_t696
46270,q76_t697
46271,q46_t697
46271,q46_t698
46272,q46_t698
46272,q46_t699
46273,q46_t699
46273,q46_t700
46273,q77_t699
46273,q77_t700
46274,q46_t700
46274,q46_t701
46275,q46_t701
46275,q46_t702
46276,q46_t702
46276,q46_t703
46276,q78_t702
46276,q78_t703
46277,q46_t703
46277,q46_t704
46278,q46_t704
46278,q46_t705
46279,q46_t705
46279,q46_t706
46279,q79_t705
46279,q79_t706
46280,q46_t706
46280,q46_t707
46281,q46_t707
46281,q46_t708
46282,q46_t708
46282,q46_t709
46282,q80_t708
46282,q80_t709
46283,q46_t709
46283,q46_t710
46284,q46_t710
46284,q46_t711
46285,q46_t711
46285,q46_t712
46285,q81_t711
46285,q81_t712
46286,q46_t712
46286,q46_t713
46287,q46_t713
46287,q46_t714
46288,q46_t714
46288,q46_t715
46288,q82_t714
46288,q82_t715
46289,q46_t715
46289,q46_t716
46290,q46_t716
46290,q46_t717
46291,q46_t717
46291,q46_t718
46291,q83_t717
46291,q83_t718
46292,q46_t718
46292,q46_t719
46293,q46_t719
46293,q46_t720
46294,q46_t720
46294,q46_t721
46294,q84_t720
46294,q84_t721
46295,q46_t721
46295,q46_t722
46296,q46_t722
46296,q46_t723
46297,q46_t723
46297,q46_t724
46297,q85_t723
46297,q85_t724
46298,q46_t724
46298,q46_t725
46299,q46_t725
46299,q46_t726
46300,q46_t726
46300,q46_t727
46300,q86_t726
46300,q86_t727
46301,q46_t727
46301,q46_t728
46302,q46_t728
46302,q46_t729
46303,q46_t729
46303,q46_t730
46303,q87_t729
46303,q87_t730
46304,q46_t730
46304,q46_t731
46305,q46_t731
46305,q46_t732
46306,q46_t732
46306,q46_t733
46306,q88_t732
46306,q88_t733
46307,q46_t733
46307,q46_t734
46308,q46_t734
46308,q46_t735
46309,q46_t735
46309,q46_t736
46309,q89_t735
46309,q89_t736
46310,q46_t736
46310,q46_t737
46311,q46_t737
46311,q46_t738
46312,q46_t738
46312,q46_t739
46312,q90_t738
46312,q90_t739
46313,q46_t739
46313,q46_t740
46314,q46_t740
46314,q46_t741
46315,q46_t741
46315,q46_t742
46315,q91_t741
46315,q91_t742
46316,q46_t742
46316,q46_t743
46317,q46_t743
46317,q46_t744
46318,q46_t744
46318,q46_t745
46318,q92_t744
46318,q92_t745
46319,q46_t745
46319,q46_t746
46320,q46_t746
46320,q46_t747
46321,q46_t747
46321,q46_t748
46321,q93_t747
46321,q93_t748
46322,q46_t748
46322,q46_t749
46323,q46_t749
46323,q46_t750
46324,q46_t750
46324,q46_t751
46324,q94_t750
46324,q94_t751
46325,q46_t751
46325,q46_t752
46326,q46_t752
46326,q46_t753
46327,q46_t753
46327,q46_t754
46327,q95_t753
46327,q95_t754
46328,q46_t754
46328,q46_t755
46329,q46_t755
46329,q46_t756
46330,q46_t756
46330,q46_t757
46330,q96_t756
46330,q96_t757
46331,q46_t757
46331,q46_t758
46332,q46_t758
46332,q46_t759
46333,q46_t759
46333,q46_t760
46333,q97_t759
46333,q97_t760
46334,q46_t760
46334,q46_t761
46335,q46_t761
46335,q46_t762
46336,q46_t762
46336,q46_t763
46336,q98_t762
46336,q98_t763
46337,q46_t763
46337,q46_t764
46338,q46_t764
46338,q46_t765
46339,q46_t765
46339,q46_t766
46339,q99_t765
46339,q99_t766
46340,q46_t766
46340,q46_t767
46341,q46_t767
46341,q46_t768
46342,q46_t769
46342,q46_t770
46343,q46_t770
46343,q46_t771
46344,q46_t772
46344,q46_t773
46345,q46_t773
46345,q46_t774
46346,q46_t775
46346,q46_t776
46347,q46_t776
46347,q46_t777
46348,q46_t778
46348,q46_t779
46349,q46_t779
46349,q46_t780
46350,q46_t781
46350,q46_t782
46351,q46_t782
46351,q46_t783
46352,q46_t784
46352,q46_t785
46353,q46_t785
46353,q46_t786
46354,q46_t787
46354,q46_t788
46355,q46_t788
46355,q46_t789
46356,q46_t790
46356,q46_t791
46357,q46_t791
46357,q46_t792
46358,q46_t793
46358,q46_t794
46359,q46_t794
46359,q46_t795
46360,q46_t796
46360,q46_t797
46361,q46_t797
46361,q46_t798
46362,q46_t798
46362,q46_t799
46363,q46_t800
46363,q46_t801
46364,q46_t801
46364,q46_t802
46365,q46_t803
46365,q46_t804
46366,q46_t804
46366,q46_t805
46367,q46_t806
46367,q46_t807
46368,q46_t807
46368,q46_t808
46369,q46_t809
46369,q46_t810
46370,q46_t810
46370,q46_t811
46371,q46_t811
46371,q46_t812
46371,q4_t811
46371,q4_t812
46372,q46_t812
46372,q46_t813
46373,q46_t813
46373,q46_t814
46374,q46_t814
46374,q46_t815
46374,q5_t814
46374,q5_t815
46375,q46_t815
46375,q46_t816
46376,q46_t816
46376,q46_t817
46377,q46_t817
46377,q46_t818
46377,q6_t817
46377,q6_t818
46378,q46_t818
46378,q46_t819
46379,q46_t819
46379,q46_t820
46380,q46_t820
46380,q46_t821
46380,q7_t820
46380,q7_t821
46381,q46_t821
46381,q46_t822
46382,q46_t822
46382,q46_t823
46383,q46_t823
46383,q46_t824
46383,q8_t823
46383,q8_t824
46384,q46_t824
46384,q46_t825
46385,q46_t825
46385,q46_t826
46386,q46_t826
46386,q46_t827
46386,q9_t826
46386,q9_t827
46387,q46_t827
46387,q46_t828
46388,q46_t828
46388,q46_t829
46389,q46_t830
46389,q46_t831
46390,q46_t831
46390,q46_t832
46391,q46_t833
46391,q46_t834
46392,q46_t834
46392,q46_t835
46393,q46_t836
46393,q46_t837
46394,q46_t837
46394,q46_t838
46395,q46_t839
46395,q46_t840
46396,q46_t840
46396,q46_t841
46397,q46_t842
46397,q46_t843
46398,q46_t843
46398,q46_t844
46399,q46_t845
46399,q46_t846
46400,q46_t846
46400,q46_t847
46401,q46_t848
46401,q46_t849
46402,q46_t849
46402,q46_t850
46403,q46_t851
46403,q46_t852
46404,q46_t852
46404,q46_t853
46405,q46_t854
46405,q46_t855
46406,q46_t855
46406,q46_t856
46407,q46_t857
46407,q46_t858
46408,q46_t858
46408,q46_t859
46409,q46_t860
46409,q46_t861
46410,q46_t861
46410,q46_t862
46411,q46_t863
46411,q46_t864
46412,q46_t864
46412,q46_t865
46413,q46_t866
46413,q46_t867
46414,q46_t867
46414,q46_t868
46415,q46_t869
46415,q46_t870
46416,q46_t870
46416,q46_t871
46417,q46_t872
46417,q46_t873
46418,q46_t873
46418,q46_t874
46419,q46_t875
46419,q46_t876
46420,q46_t876
46420,q46_t877
46421,q46_t878
46421,q46_t879
46422,q46_t879
46422,q46_t880
46423,q46_t881
46423,q46_t882
46424,q46_t882
46424,q46_t883
46425,q46_t884
46425,q46_t885
46426,q46_t885
46426,q46_t886
46427,q46_t887
46427,q46_t888
46428,q46_t888
46428,q46_t889
46429,q46_t890
46429,q46_t891
46430,q46_t891
46430,q46_t892
46431,q46_t893
46431,q46_t894
46432,q46_t894
46432,q46_t895
46433,q46_t896
46433,q46_t897
46434,q46_t897
46434,q46_t898
46435,q46_t899
46435,q46_t900
46436,q46_t900
46436,q46_t901
46437,q46_t902
46437,q46_t903
46438,q46_t903
46438,q46_t904
46439,q46_t905
46439,q46_t906
46440,q46_t906
46440,q46_t907
46441,q46_t908
46441,q46_t909
46442,q46_t909
46442,q46_t910
46443,q46_t911
46443,q46_t912
46444,q46_t912
46444,q46_t913
46445,q46_t914
46445,q46_t915
46446,q46_t915
46446,q46_t916
46447,q46_t917
46447,q46_t918
46448,q46_t918
46448,q46_t919
46449,q46_t920
46449,q46_t921
46450,q46_t921
46450,q46_t922
46451,q46_t923
46451,q46_t924
46452,q46_t924
46452,q46_t925
46453,q46_t926
46453,q46_t927
46454,q46_t927
46454,q46_t928
46455,q46_t929
46455,q46_t930
46456,q46_t930
46456,q46_t931
46457,q46_t932
46457,q46_t933
46458,q46_t933
46458,q46_t934
46459,q46_t935
46459,q46_t936
46460,q46_t936
46460,q46_t940
46461,q46_t940
46461,q46_t941
46461,q47_t940
46461,q47_t941
46462,q46_t941
46462,q46_t942
46463,q46_t942
46463,q46_t943
46464,q46_t943
46464,q46_t944
46464,q48_t943
46464,q48_t944
46465,q46_t944
46465,q46_t945
46466,q46_t945
46466,q46_t946
46467,q46_t946
46467,q46_t947
46467,q49_t946
46467,q49_t947
46468,q46_t947
46468,q46_t948
46469,q46_t948
46469,q46_t949
46470,q46_t949
46470,q46_t950
46470,q50_t949
46470,q50_t950
46471,q46_t950
46471,q46_t951
46472,q46_t951
46472,q46_t952
46473,q46_t952
46473,q46_t953
46473,q51_t952
46473,q51_t953
46474,q46_t953
46474,q46_t954
46475,q46_t954
46475,q46_t955
46476,q46_t955
46476,q46_t956
46476,q52_t955
46476,q52_t956
46477,q46_t956
46477,q46_t957
46478,q46_t957
46478,q46_t958
46479,q46_t958
46479,q46_t959
46479,q53_t958
46479,q53_t959
46480,q46_t959
46480,q46_t960
46481,q46_t960
46481,q46_t961
46482,q46_t961
46482,q46_t962
46482,q54_t961
46482,q54_t962
46483,q46_t962
46483,q46_t963
46484,q46_t963
46484,q46_t964
46485,q46_t964
46485,q46_t965
46485,q55_t964
46485,q55_t965
46486,q46_t965
46486,q46_t966
46487,q46_t966
46487,q46_t967
46488,q46_t967
46488,q46_t968
46488,q56_t967
46488,q56_t968
46489,q46_t968
46489,q46_t969
46490,q46_t969
46490,q46_t970
46491,q46_t970
46491,q46_t971
46491,q57_t970
46491,q57_t971
46492,q46_t971
46492,q46_t972
46493,q46_t972
46493,q46_t973
46494,q46_t973
46494,q46_t974
46494,q58_t973
46494,q58_t974
46495,q46_t974
46495,q46_t975
46496,q46_t975
46496,q46_t976
46497,q46_t976
46497,q46_t977
46497,q59_t976
46497,q59_t977
46498,q46_t977
46498,q46_t978
46499,q46_t978
46499,q46_t979
46500,q46_t979
46500,q46_t980
46500,q60_t979
46500,q60_t980
46501,q46_t980
46501,q46_t981
46502,q46_t981
46502,q46_t982
46503,q46_t982
46503,q46_t983
46503,q61_t982
46503,q61_t983
46504,q46_t983
46504,q46_t984
46505,q46_t984
46505,q46_t985
46506,q46_t985
46506,q46_t986
46506,q62_t985
46506,q62_t986
46507,q46_t986
46507,q46_t987
46508,q46_t987
46508,q46_t988
46509,q46_t988
46509,q46_t989
46509,q63_t988
46509,q63_t989
46510,q46_t989
46510,q46_t990
46511,q46_t990
46511,q46_t991
46512,q46_t991
46512,q46_t992
46512,q64_t991
46512,q64_t992
46513,q46_t992
46513,q46_t993
46514,q46_t993
46514,q46_t994
46515,q46_t994
46515,q46_t995
46515,q65_t994
46515,q65_t995
46516,q46_t995
46516,q46_t996
46517,q46_t996
46517,q46_t997
46518,q46_t997
46518,q46_t998
46518,q66_t997
46518,q66_t998
46519,q46_t998
46519,q46_t999
46520,q47_t0
46520,q47_t1
46521,q47_t1
46521,q47_t140
46522,q47_t1000
46522,q47_t1001
46522,q66_t1000
46522,q66_t1001
46523,q47_t1000
46523,q47_t999
46524,q47_t1001
46524,q47_t1002
46525,q47_t1002
46525,q47_t1003
46526,q47_t1003
46526,q47_t1004
46526,q67_t1003
46526,q67_t1004
46527,q47_t1004
46527,q47_t1005
46528,q47_t1005
46528,q47_t1006
46529,q47_t1006
46529,q47_t1007
46529,q68_t1006
46529,q68_t1007
46530,q47_t1007
46530,q47_t1008
46531,q47_t1008
46531,q47_t1009
46532,q47_t1009
46532,q47_t1010
46532,q69_t1009
46532,q69_t1010
46533,q47_t1010
46533,q47_t1011
46534,q47_t1011
46534,q47_t1012
46535,q47_t1012
46535,q47_t1013
46535,q70_t1012
46535,q70_t1013
46536,q47_t1013
46536,q47_t1014
46537,q47_t1014
46537,q47_t1015
46538,q47_t1015
46538,q47_t1016
46538,q71_t1015
46538,q71_t1016
46539,q47_t1016
46539,q47_t1017
46540,q47_t1017
46540,q47_t1018
46541,q47_t1018
46541,q47_t1019
46541,q72_t1018
46541,q72_t1019
46542,q47_t1019
46542,q47_t1020
46543,q47_t1020
46543,q47_t1021
46544,q47_t1021
46544,q47_t1022
46544,q73_t1021
46544,q73_t1022
46545,q47_t1022
46545,q47_t1023
46546,q47_t1023
46546,q47_t1024
46547,q47_t1024
46547,q47_t1025
46547,q74_t1024
46547,q74_t1025
46548,q47_t1025
46548,q47_t1026
46549,q47_t1026
46549,q47_t1027
46550,q47_t1027
46550,q47_t1028
46550,q75_t1027
46550,q75_t1028
46551,q47_t1028
46551,q47_t1029
46552,q47_t1029
46552,q47_t1030
46553,q47_t1030
46553,q47_t1031
46553,q76_t1030
46553,q76_t1031
46554,q47_t1031
46554,q47_t1032
46555,q47_t1032
46555,q47_t1033
46556,q47_t1033
46556,q47_t1034
46556,q77_t1033
46556,q77_t1034
46557,q47_t1034
46557,q47_t1035
46558,q47_t1035
46558,q47_t1036
46559,q47_t1036
46559,q47_t1037
46559,q78_t1036
46559,q78_t1037
46560,q47_t1037
46560,q47_t1038
46561,q47_t1038
46561,q47_t1039
46562,q47_t1039
46562,q47_t1040
46562,q79_t1039
46562,q79_t1040
46563,q47_t1040
46563,q47_t1041
46564,q47_t1041
46564,q47_t1042
46565,q47_t1042
46565,q47_t1043
46565,q80_t1042
46565,q80_t1043
46566,q47_t1043
46566,q47_t1044
46567,q47_t1044
46567,q47_t1045
46568,q47_t1045
46568,q47_t1046
46568,q81_t1045
46568,q81_t1046
46569,q47_t1046
46569,q47_t1047
46570,q47_t1047
46570,q47_t1048
46571,q47_t1048
46571,q47_t1049
46571,q82_t1048
46571,q82_t1049
46572,q47_t1049
46572,q47_t1050
46573,q47_t1050
46573,q47_t1051
46574,q47_t1051
46574,q47_t1052
46574,q83_t1051
46574,q83_t1052
46575,q47_t1052
46575,q47_t1053
46576,q47_t1053
46576,q47_t1054
46577,q47_t1054
46577,q47_t1055
46577,q84_t1054
46577,q84_t1055
46578,q47_t1055
46578,q47_t1056
46579,q47_t1056
46579,q47_t1057
46580,q47_t1057
46580,q47_t1058
46580,q85_t1057
46580,q85_t1058
46581,q47_t1058
46581,q47_t1059
46582,q47_t1059
46582,q47_t1060
46583,q47_t1060
46583,q47_t1061
46583,q86_t1060
46583,q86_t1061
46584,q47_t1061
46584,q47_t1062
46585,q47_t1062
46585,q47_t1063
46586,q47_t1063
46586,q47_t1064
46586,q87_t1063
46586,q87_t1064
46587,q47_t1064
46587,q47_t1065
46588,q47_t1065
46588,q47_t1066
46589,q47_t1066
46589,q47_t1067
46589,q88_t1066
46589,q88_t1067
46590,q47_t1067
46590,q47_t1068
46591,q47_t1068
46591,q47_t1069
46592,q47_t1069
46592,q47_t1070
46592,q89_t1069
46592,q89_t1070
46593,q47_t1070
46593,q47_t1071
46594,q47_t1071
46594,q47_t1072
46595,q47_t1072
46595,q47_t1073
46595,q90_t1072
46595,q90_t1073
46596,q47_t1073
46596,q47_t1074
46597,q47_t1074
46597,q47_t1075
46598,q47_t1075
46598,q47_t1076
46598,q91_t1075
46598,q91_t1076
46599,q47_t1076
46599,q47_t1077
46600,q47_t1077
46600,q47_t1078
46601,q47_t1078
46601,q47_t1079
46601,q92_t1078
46601,q92_t1079
46602,q47_t1079
46602,q47_t1080
46603,q47_t1080
46603,q47_t1081
46604,q47_t1081
46604,q47_t1082
46604,q93_t1081
46604,q93_t1082
46605,q47_t1082
46605,q47_t1083
46606,q47_t1083
46606,q47_t1084
46607,q47_t1084
46607,q47_t1085
46607,q94_t1084
46607,q94_t1085
46608,q47_t1085
46608,q47_t1086
46609,q47_t1086
46609,q47_t1087
46610,q47_t1087
46610,q47_t1088
46610,q95_t1087
46610,q95_t1088
46611,q47_t1088
46611,q47_t1089
46612,q47_t1089
46612,q47_t1090
46613,q47_t1090
46613,q47_t1091
46613,q96_t1090
46613,q96_t1091
46614,q47_t1091
46614,q47_t1092
46615,q47_t1092
46615,q47_t1093
46616,q47_t1093
46616,q47_t1094
46616,q97_t1093
46616,q97_t1094
46617,q47_t1094
46617,q47_t1095
46618,q47_t1095
46618,q47_t1096
46619,q47_t1096
46619,q47_t1097
46619,q98_t1096
46619,q98_t1097
46620,q47_t1097
46620,q47_t1098
46621,q47_t1098
46621,q47_t1099
46622,q47_t1099
46622,q47_t1100
46622,q99_t1099
46622,q99_t1100
46623,q47_t1100
46623,q47_t1101
46624,q47_t1101
46624,q47_t1102
46625,q47_t1103
46625,q47_t1104
46626,q47_t1104
46626,q47_t1105
46627,q47_t1106
46627,q47_t1107
46628,q47_t1107
46628,q47_t1108
46629,q47_t1109
46629,q47_t1110
46630,q47_t1110
46630,q47_t1111
46631,q47_t1112
46631,q47_t1113
46632,q47_t1113
46632,q47_t1114
46633,q47_t1115
46633,q47_t1116
46634,q47_t1116
46634,q47_t1117
46635,q47_t1118
46635,q47_t1119
46636,q47_t1119
46636,q47_t1120
46637,q47_t1121
46637,q47_t1122
46638,q47_t1122
46638,q47_t1123
46639,q47_t1124
46639,q47_t1125
46640,q47_t1125
46640,q47_t1126
46641,q47_t1127
46641,q47_t1128
46642,q47_t1128
46642,q47_t1129
46643,q47_t1130
46643,q47_t1131
46644,q47_t1131
46644,q47_t1132
46645,q47_t141
46645,q47_t142
46646,q47_t142
46646,q47_t143
46647,q47_t144
46647,q47_t145
46648,q47_t145
46648,q47_t146
46649,q47_t147
46649,q47_t148
46650,q47_t148
46650,q47_t149
46651,q47_t150
46651,q47_t151
46652,q47_t151
46652,q47_t152
46653,q47_t152
46653,q47_t153
46653,q4_t152
46653,q4_t153
46654,q47_t153
46654,q47_t154
46655,q47_t154
46655,q47_t155
46656,q47_t155
46656,q47_t156
46656,q5_t155
46656,q5_t156
46657,q47_t156
46657,q47_t157
46658,q47_t157
46658,q47_t158
46659,q47_t158
46659,q47_t159
46659,q6_t158
46659,q6_t159
46660,q47_t159
46660,q47_t160
46661,q47_t160
46661,q47_t161
46662,q47_t161
46662,q47_t162
46662,q7_t161
46662,q7_t162
46663,q47_t162
46663,q47_t163
46664,q47_t163
46664,q47_t164
46665,q47_t164
46665,q47_t165
46665,q8_t164
46665,q8_t165
46666,q47_t165
46666,q47_t166
46667,q47_t166
46667,q47_t167
46668,q47_t167
46668,q47_t168
46668,q9_t167
46668,q9_t168
46669,q47_t168
46669,q47_t169
46670,q47_t169
46670,q47_t170
46671,q47_t171
46671,q47_t172
46672,q47_t172
46672,q47_t173
46673,q47_t174
46673,q47_t175
46674,q47_t175
46674,q47_t176
46675,q47_t177
46675,q47_t178
46676,q47_t178
46676,q47_t179
46677,q47_t180
46677,q47_t181
46678,q47_t181
46678,q47_t182
46679,q47_t183
46679,q47_t184
46680,q47_t184
46680,q47_t185
46681,q47_t186
46681,q47_t187
46682,q47_t187
46682,q47_t188
46683,q47_t189
46683,q47_t190
46684,q47_t190
46684,q47_t191
46685,q47_t192
46685,q47_t193
46686,q47_t193
46686,q47_t194
46687,q47_t195
46687,q47_t196
46688,q47_t196
46688,q47_t197
46689,q47_t198
46689,q47_t199
46690,q47_t199
46690,q47_t200
46691,q47_t201
46691,q47_t202
46692,q47_t202
46692,q47_t203
46693,q47_t204
46693,q47_t205
46694,q47_t205
46694,q47_t206
46695,q47_t207
46695,q47_t208
46696,q47_t208
46696,q47_t209
46697,q47_t210
46697,q47_t211
46698,q47_t211
46698,q47_t212
46699,q47_t213
46699,q47_t214
46700,q47_t214
46700,q47_t215
46701,q47_t216
46701,q47_t217
46702,q47_t217
46702,q47_t218
46703,q47_t219
46703,q47_t220
46704,q47_t220
46704,q47_t221
46705,q47_t222
46705,q47_t223
46706,q47_t223
46706,q47_t224
46707,q47_t225
46707,q47_t226
46708,q47_t226
46708,q47_t227
46709,q47_t228
46709,q47_t229
46710,q47_t229
46710,q47_t230
46711,q47_t231
46711,q47_t232
46712,q47_t232
46712,q47_t233
46713,q47_t234
46713,q47_t235
46714,q47_t235
46714,q47_t236
46715,q47_t237
46715,q47_t238
46716,q47_t238
46716,q47_t239
46717,q47_t240
46717,q47_t241
46718,q47_t241
46718,q47_t242
46719,q47_t243
46719,q47_t244
46720,q47_t244
46720,q47_t245
46721,q47_t246
46721,q47_t247
46722,q47_t247
46722,q47_t248
46723,q47_t249
46723,q47_t250
46724,q47_t250
46724,q47_t251
46725,q47_t252
46725,q47_t253
46726,q47_t253
46726,q47_t254
46727,q47_t255
46727,q47_t256
46728,q47_t256
46728,q47_t257
46729,q47_t258
46729,q47_t259
46730,q47_t259
46730,q47_t260
46731,q47_t261
46731,q47_t262
46732,q47_t262
46732,q47_t263
46733,q47_t264
46733,q47_t265
46734,q47_t265
46734,q47_t266
46735,q47_t267
46735,q47_t268
46736,q47_t268
46736,q47_t269
46737,q47_t270
46737,q47_t271
46738,q47_t271
46738,q47_t272
46739,q47_t273
46739,q47_t274
46740,q47_t274
46740,q47_t275
46741,q47_t276
46741,q47_t277
46742,q47_t277
46742,q47_t278
46743,q47_t279
46743,q47_t280
46744,q47_t280
46744,q47_t284
46745,q47_t284
46745,q47_t285
46745,q48_t284
46745,q48_t285
46746,q47_t285
46746,q47_t286
46747,q47_t286
46747,q47_t287
46748,q47_t287
46748,q47_t288
46748,q49_t287
46748,q49_t288
46749,q47_t288
46749,q47_t289
46750,q47_t289
46750,q47_t290
46751,q47_t290
46751,q47_t291
46751,q50_t290
46751,q50_t291
46752,q47_t291
46752,q47_t292
46753,q47_t292
46753,q47_t293
46754,q47_t293
46754,q47_t294
46754,q51_t293
46754,q51_t294
46755,q47_t294
46755,q47_t295
46756,q47_t295
46756,q47_t296
46757,q47_t296
46757,q47_t297
46757,q52_t296
46757,q52_t297
46758,q47_t297
46758,q47_t298
46759,q47_t298
46759,q47_t299
46760,q47_t299
46760,q47_t300
46760,q53_t299
46760,q53_t300
46761,q47_t300
46761,q47_t301
46762,q47_t301
46762,q47_t302
46763,q47_t302
46763,q47_t303
46763,q54_t302
46763,q54_t303
46764,q47_t303
46764,q47_t304
46765,q47_t304
46765,q47_t305
46766,q47_t305
46766,q47_t306
46766,q55_t305
46766,q55_t306
46767,q47_t306
46767,q47_t307
46768,q47_t307
46768,q47_t308
46769,q47_t308
46769,q47_t309
46769,q56_t308
46769,q56_t309
46770,q47_t309
46770,q47_t310
46771,q47_t310
46771,q47_t311
46772,q47_t311
46772,q47_t312
46772,q57_t311
46772,q57_t312
46773,q47_t312
46773,q47_t313
46774,q47_t313
46774,q47_t314
46775,q47_t314
46775,q47_t315
46775,q58_t314
46775,q58_t315
46776,q47_t315
46776,q47_t316
46777,q47_t316
46777,q47_t317
46778,q47_t317
46778,q47_t318
46778,q59_t317
46778,q59_t318
46779,q47_t318
46779,q47_t319
46780,q47_t319
46780,q47_t320
46781,q47_t320
46781,q47_t321
46781,q60_t320
46781,q60_t321
46782,q47_t321
46782,q47_t322
46783,q47_t322
46783,q47_t323
46784,q47_t323
46784,q47_t324
46784,q61_t323
46784,q61_t324
46785,q47_t324
46785,q47_t325
46786,q47_t325
46786,q47_t326
46787,q47_t326
46787,q47_t327
46787,q62_t326
46787,q62_t327
46788,q47_t327
46788,q47_t328
46789,q47_t328
46789,q47_t329
46790,q47_t329
46790,q47_t330
46790,q63_t329
46790,q63_t330
46791,q47_t330
46791,q47_t331
46792,q47_t331
46792,q47_t332
46793,q47_t332
46793,q47_t333
46793,q64_t332
46793,q64_t333
46794,q47_t333
46794,q47_t334
46795,q47_t334
46795,q47_t335
46796,q47_t335
46796,q47_t336
46796,q65_t335
46796,q65_t336
46797,q47_t336
46797,q47_t337
46798,q47_t337
46798,q47_t338
46799,q47_t338
46799,q47_t339
46799,q66_t338
46799,q66_t339
46800,q47_t339
46800,q47_t340
46801,q47_t340
46801,q47_t341
46802,q47_t341
46802,q47_t342
46802,q67_t341
46802,q67_t342
46803,q47_t342
46803,q47_t343
46804,q47_t343
46804,q47_t344
46805,q47_t344
46805,q47_t345
46805,q68_t344
46805,q68_t345
46806,q47_t345
46806,q47_t346
46807,q47_t346
46807,q47_t347
46808,q47_t347
46808,q47_t348
46808,q69_t347
46808,q69_t348
46809,q47_t348
46809,q47_t349
46810,q47_t349
46810,q47_t350
46811,q47_t350
46811,q47_t351
46811,q70_t350
46811,q70_t351
46812,q47_t351
46812,q47_t352
46813,q47_t352
46813,q47_t353
46814,q47_t353
46814,q47_t354
46814,q71_t353
46814,q71_t354
46815,q47_t354
46815,q47_t355
46816,q47_t355
46816,q47_t356
46817,q47_t356
46817,q47_t357
46817,q72_t356
46817,q72_t357
46818,q47_t357
46818,q47_t358
46819,q47_t358
46819,q47_t359
46820,q47_t359
46820,q47_t360
46820,q73_t359
46820,q73_t360
46821,q47_t360
46821,q47_t361
46822,q47_t361
46822,q47_t362
46823,q47_t362
46823,q47_t363
46823,q74_t362
46823,q74_t363
46824,q47_t363
46824,q47_t364
46825,q47_t364
46825,q47_t365
46826,q47_t365
46826,q47_t366
46826,q75_t365
46826,q75_t366
46827,q47_t366
46827,q47_t367
46828,q47_t367
46828,q47_t368
46829,q47_t368
46829,q47_t369
46829,q76_t368
46829,q76_t369
46830,q47_t369
46830,q47_t370
46831,q47_t370
46831,q47_t371
46832,q47_t371
46832,q47_t372
46832,q77_t371
46832,q77_t372
46833,q47_t372
46833,q47_t373
46834,q47_t373
46834,q47_t374
46835,q47_t374
46835,q47_t375
46835,q78_t374
46835,q78_t375
46836,q47_t375
46836,q47_t376
46837,q47_t376
46837,q47_t377
46838,q47_t377
46838,q47_t378
46838,q79_t377
46838,q79_t378
46839,q47_t378
46839,q47_t379
46840,q47_t379
46840,q47_t380
46841,q47_t380
46841,q47_t381
46841,q80_t380
46841,q80_t381
46842,q47_t381
46842,q47_t382
46843,q47_t382
46843,q47_t383
46844,q47_t383
46844,q47_t384
46844,q81_t383
46844,q81_t384
46845,q47_t384
46845,q47_t385
46846,q47_t385
46846,q47_t386
46847,q47_t386
46847,q47_t387
46847,q82_t386
46847,q82_t387
46848,q47_t387
46848,q47_t388
46849,q47_t388
46849,q47_t389
46850,q47_t389
46850,q47_t390
46850,q83_t389
46850,q83_t390
46851,q47_t390
46851,q47_t391
46852,q47_t391
46852,q47_t392
46853,q47_t392
46853,q47_t393
46853,q84_t392
46853,q84_t393
46854,q47_t393
46854,q47_t394
46855,q47_t394
46855,q47_t395
46856,q47_t395
46856,q47_t396
46856,q85_t395
46856,q85_t396
46857,q47_t396
46857,q47_t397
46858,q47_t397
46858,q47_t398
46859,q47_t398
46859,q47_t399
46859,q86_t398
46859,q86_t399
46860,q47_t399
46860,q47_t400
46861,q47_t400
46861,q47_t401
46862,q47_t401
46862,q47_t402
46862,q87_t401
46862,q87_t402
46863,q47_t402
46863,q47_t403
46864,q47_t403
46864,q47_t404
46865,q47_t404
46865,q47_t405
46865,q88_t404
46865,q88_t405
46866,q47_t405
46866,q47_t406
46867,q47_t406
46867,q47_t407
46868,q47_t407
46868,q47_t408
46868,q89_t407
46868,q89_t408
46869,q47_t408
46869,q47_t409
46870,q47_t409
46870,q47_t410
46871,q47_t410
46871,q47_t411
46871,q90_t410
46871,q90_t411
46872,q47_t411
46872,q47_t412
46873,q47_t412
46873,q47_t413
46874,q47_t413
46874,q47_t414
46874,q91_t413
46874,q91_t414
46875,q47_t414
46875,q47_t415
46876,q47_t415
46876,q47_t416
46877,q47_t416
46877,q47_t417
46877,q92_t416
46877,q92_t417
46878,q47_t417
46878,q47_t418
46879,q47_t418
46879,q47_t419
46880,q47_t419
46880,q47_t420
46880,q93_t419
46880,q93_t420
46881,q47_t420
46881,q47_t421
46882,q47_t421
46882,q47_t422
46883,q47_t422
46883,q47_t423
46883,q94_t422
46883,q94_t423
46884,q47_t423
46884,q47_t424
46885,q47_t424
46885,q47_t425
46886,q47_t425
46886,q47_t426
46886,q95_t425
46886,q95_t426
46887,q47_t426
46887,q47_t427
46888,q47_t427
46888,q47_t428
46889,q47_t428
46889,q47_t429
46889,q96_t428
46889,q96_t429
46890,q47_t429
46890,q47_t430
46891,q47_t430
46891,q47_t431
46892,q47_t431
46892,q47_t432
46892,q97_t431
46892,q97_t432
46893,q47_t432
46893,q47_t433
46894,q47_t433
46894,q47_t434
46895,q47_t434
46895,q47_t435
46895,q98_t434
46895,q98_t435
46896,q47_t435
46896,q47_t436
46897,q47_t436
46897,q47_t437
46898,q47_t437
46898,q47_t438
46898,q99_t437
46898,q99_t438
46899,q47_t438
46899,q47_t439
46900,q47_t439
46900,q47_t440
46901,q47_t441
46901,q47_t442
46902,q47_t442
46902,q47_t443
46903,q47_t444
46903,q47_t445
46904,q47_t445
46904,q47_t446
46905,q47_t447
46905,q47_t448
46906,q47_t448
46906,q47_t449
46907,q47_t450
46907,q47_t451
46908,q47_t451
46908,q47_t452
46909,q47_t453
46909,q47_t454
46910,q47_t454
46910,q47_t455
46911,q47_t456
46911,q47_t457
46912,q47_t457
46912,q47_t458
46913,q47_t459
46913,q47_t460
46914,q47_t460
46914,q47_t461
46915,q47_t462
46915,q47_t463
46916,q47_t463
46916,q47_t464
46917,q47_t465
46917,q47_t466
46918,q47_t466
46918,q47_t467
46919,q47_t468
46919,q47_t469
46920,q47_t469
46920,q47_t470
46921,q47_t470
46921,q47_t471
46922,q47_t472
46922,q47_t473
46923,q47_t473
46923,q47_t474
46924,q47_t475
46924,q47_t476
46925,q47_t476
46925,q47_t477
46926,q47_t478
46926,q47_t479
46927,q47_t479
46927,q47_t480
46928,q47_t481
46928,q47_t482
46929,q47_t482
46929,q47_t483
46930,q47_t483
46930,q47_t484
46930,q4_t483
46930,q4_t484
46931,q47_t484
46931,q47_t485
46932,q47_t485
46932,q47_t486
46933,q47_t486
46933,q47_t487
46933,q5_t486
46933,q5_t487
46934,q47_t487
46934,q47_t488
46935,q47_t488
46935,q47_t489
46936,q47_t489
46936,q47_t490
46936,q6_t489
46936,q6_t490
46937,q47_t490
46937,q47_t491
46938,q47_t491
46938,q47_t492
46939,q47_t492
46939,q47_t493
46939,q7_t492
46939,q7_t493
46940,q47_t493
46940,q47_t494
46941,q47_t494
46941,q47_t495
46942,q47_t495
46942,q47_t496
46942,q8_t495
46942,q8_t496
46943,q47_t496
46943,q47_t497
46944,q47_t497
46944,q47_t498
46945,q47_t498
46945,q47_t499
46945,q9_t498
46945,q9_t499
46946,q47_t499
46946,q47_t500
46947,q47_t500
46947,q47_t501
46948,q47_t502
46948,q47_t503
46949,q47_t503
46949,q47_t504
46950,q47_t505
46950,q47_t506
46951,q47_t506
46951,q47_t507
46952,q47_t508
46952,q47_t509
46953,q47_t509
46953,q47_t510
46954,q47_t511
46954,q47_t512
46955,q47_t512
46955,q47_t513
46956,q47_t514
46956,q47_t515
46957,q47_t515
46957,q47_t516
46958,q47_t517
46958,q47_t518
46959,q47_t518
46959,q47_t519
46960,q47_t520
46960,q47_t521
46961,q47_t521
46961,q47_t522
46962,q47_t523
46962,q47_t524
46963,q47_t524
46963,q47_t525
46964,q47_t526
46964,q47_t527
46965,q47_t527
46965,q47_t528
46966,q47_t529
46966,q47_t530
46967,q47_t530
46967,q47_t531
46968,q47_t532
46968,q47_t533
46969,q47_t533
46969,q47_t534
46970,q47_t535
46970,q47_t536
46971,q47_t536
46971,q47_t537
46972,q47_t538
46972,q47_t539
46973,q47_t539
46973,q47_t540
46974,q47_t541
46974,q47_t542
46975,q47_t542
46975,q47_t543
46976,q47_t544
46976,q47_t545
46977,q47_t545
46977,q47_t546
46978,q47_t547
46978,q47_t548
46979,q47_t548
46979,q47_t549
46980,q47_t550
46980,q47_t551
46981,q47_t551
46981,q47_t552
46982,q47_t553
46982,q47_t554
46983,q47_t554
46983,q47_t555
46984,q47_t556
46984,q47_t557
46985,q47_t557
46985,q47_t558
46986,q47_t559
46986,q47_t560
46987,q47_t560
46987,q47_t561
46988,q47_t562
46988,q47_t563
46989,q47_t563
46989,q47_t564
46990,q47_t565
46990,q47_t566
46991,q47_t566
46991,q47_t567
46992,q47_t568
46992,q47_t569
46993,q47_t569
46993,q47_t570
46994,q47_t571
46994,q47_t572
46995,q47_t572
46995,q47_t573
46996,q47_t574
46996,q47_t575
46997,q47_t575
46997,q47_t576
46998,q47_t577
46998,q47_t578
46999,q47_t578
46999,q47_t579
47000,q47_t580
47000,q47_t581
47001,q47_t581
47001,q47_t582
47002,q47_t583
47002,q47_t584
47003,q47_t584
47003,q47_t585
47004,q47_t586
47004,q47_t587
47005,q47_t587
47005,q47_t588
47006,q47_t589
47006,q47_t590
47007,q47_t590
47007,q47_t591
47008,q47_t592
47008,q47_t593
47009,q47_t593
47009,q47_t594
47010,q47_t595
47010,q47_t596
47011,q47_t596
47011,q47_t597
47012,q47_t598
47012,q47_t599
47013,q47_t599
47013,q47_t600
47014,q47_t601
47014,q47_t602
47015,q47_t602
47015,q47_t603
47016,q47_t604
47016,q47_t605
47017,q47_t605
47017,q47_t606
47018,q47_t607
47018,q47_t608
47019,q47_t608
47019,q47_t609
47020,q47_t610
47020,q47_t611
47021,q47_t611
47021,q47_t615
47022,q47_t615
47022,q47_t616
47022,q48_t615
47022,q48_t616
47023,q47_t616
47023,q47_t617
47024,q47_t617
47024,q47_t618
47025,q47_t618
47025,q47_t619
47025,q49_t618
47025,q49_t619
47026,q47_t619
47026,q47_t620
47027,q47_t620
47027,q47_t621
47028,q47_t621
47028,q47_t622
47028,q50_t621
47028,q50_t622
47029,q47_t622
47029,q47_t623
47030,q47_t623
47030,q47_t624
47031,q47_t624
47031,q47_t625
47031,q51_t624
47031,q51_t625
47032,q47_t625
47032,q47_t626
47033,q47_t626
47033,q47_t627
47034,q47_t627
47034,q47_t628
47034,q52_t627
47034,q52_t628
47035,q47_t628
47035,q47_t629
47036,q47_t629
47036,q47_t630
47037,q47_t630
47037,q47_t631
47037,q53_t630
47037,q53_t631
47038,q47_t631
47038,q47_t632
47039,q47_t632
47039,q47_t633
47040,q47_t633
47040,q47_t634
47040,q54_t633
47040,q54_t634
47041,q47_t634
47041,q47_t635
47042,q47_t635
47042,q47_t636
47043,q47_t636
47043,q47_t637
47043,q55_t636
47043,q55_t637
47044,q47_t637
47044,q47_t638
47045,q47_t638
47045,q47_t639
47046,q47_t639
47046,q47_t640
47046,q56_t639
47046,q56_t640
47047,q47_t640
47047,q47_t641
47048,q47_t641
47048,q47_t642
47049,q47_t642
47049,q47_t643
47049,q57_t642
47049,q57_t643
47050,q47_t643
47050,q47_t644
47051,q47_t644
47051,q47_t645
47052,q47_t645
47052,q47_t646
47052,q58_t645
47052,q58_t646
47053,q47_t646
47053,q47_t647
47054,q47_t647
47054,q47_t648
47055,q47_t648
47055,q47_t649
47055,q59_t648
47055,q59_t649
47056,q47_t649
47056,q47_t650
47057,q47_t650
47057,q47_t651
47058,q47_t651
47058,q47_t652
47058,q60_t651
47058,q60_t652
47059,q47_t652
47059,q47_t653
47060,q47_t653
47060,q47_t654
47061,q47_t654
47061,q47_t655
47061,q61_t654
47061,q61_t655
47062,q47_t655
47062,q47_t656
47063,q47_t656
47063,q47_t657
47064,q47_t657
47064,q47_t658
47064,q62_t657
47064,q62_t658
47065,q47_t658
47065,q47_t659
47066,q47_t659
47066,q47_t660
47067,q47_t660
47067,q47_t661
47067,q63_t660
47067,q63_t661
47068,q47_t661
47068,q47_t662
47069,q47_t662
47069,q47_t663
47070,q47_t663
47070,q47_t664
47070,q64_t663
47070,q64_t664
47071,q47_t664
47071,q47_t665
47072,q47_t665
47072,q47_t666
47073,q47_t666
47073,q47_t667
47073,q65_t666
47073,q65_t667
47074,q47_t667
47074,q47_t668
47075,q47_t668
47075,q47_t669
47076,q47_t669
47076,q47_t670
47076,q66_t669
47076,q66_t670
47077,q47_t670
47077,q47_t671
47078,q47_t671
47078,q47_t672
47079,q47_t672
47079,q47_t673
47079,q67_t672
47079,q67_t673
47080,q47_t673
47080,q47_t674
47081,q47_t674
47081,q47_t675
47082,q47_t675
47082,q47_t676
47082,q68_t675
47082,q68_t676
47083,q47_t676
47083,q47_t677
47084,q47_t677
47084,q47_t678
47085,q47_t678
47085,q47_t679
47085,q69_t678
47085,q69_t679
47086,q47_t679
47086,q47_t680
47087,q47_t680
47087,q47_t681
47088,q47_t681
47088,q47_t682
47088,q70_t681
47088,q70_t682
47089,q47_t682
47089,q47_t683
47090,q47_t683
47090,q47_t684
47091,q47_t684
47091,q47_t685
47091,q71_t684
47091,q71_t685
47092,q47_t685
47092,q47_t686
47093,q47_t686
47093,q47_t687
47094,q47_t687
47094,q47_t688
47094,q72_t687
47094,q72_t688
47095,q47_t688
47095,q47_t689
47096,q47_t689
47096,q47_t690
47097,q47_t690
47097,q47_t691
47097,q73_t690
47097,q73_t691
47098,q47_t691
47098,q47_t692
47099,q47_t692
47099,q47_t693
47100,q47_t693
47100,q47_t694
47100,q74_t693
47100,q74_t694
47101,q47_t694
47101,q47_t695
47102,q47_t695
47102,q47_t696
47103,q47_t696
47103,q47_t697
47103,q75_t696
47103,q75_t697
47104,q47_t697
47104,q47_t698
47105,q47_t698
47105,q47_t699
47106,q47_t699
47106,q47_t700
47106,q76_t699
47106,q76_t700
47107,q47_t700
47107,q47_t701
47108,q47_t701
47108,q47_t702
47109,q47_t702
47109,q47_t703
47109,q77_t702
47109,q77_t703
47110,q47_t703
47110,q47_t704
47111,q47_t704
47111,q47_t705
47112,q47_t705
47112,q47_t706
47112,q78_t705
47112,q78_t706
47113,q47_t706
47113,q47_t707
47114,q47_t707
47114,q47_t708
47115,q47_t708
47115,q47_t709
47115,q79_t708
47115,q79_t709
47116,q47_t709
47116,q47_t710
47117,q47_t710
47117,q47_t711
47118,q47_t711
47118,q47_t712
47118,q80_t711
47118,q80_t712
47119,q47_t712
47119,q47_t713
47120,q47_t713
47120,q47_t714
47121,q47_t714
47121,q47_t715
47121,q81_t714
47121,q81_t715
47122,q47_t715
47122,q47_t716
47123,q47_t716
47123,q47_t717
47124,q47_t717
47124,q47_t718
47124,q82_t717
47124,q82_t718
47125,q47_t718
47125,q47_t719
47126,q47_t719
47126,q47_t720
47127,q47_t720
47127,q47_t721
47127,q83_t720
47127,q83_t721
47128,q47_t721
47128,q47_t722
47129,q47_t722
47129,q47_t723
47130,q47_t723
47130,q47_t724
47130,q84_t723
47130,q84_t724
47131,q47_t724
47131,q47_t725
47132,q47_t725
47132,q47_t726
47133,q47_t726
47133,q47_t727
47133,q85_t726
47133,q85_t727
47134,q47_t727
47134,q47_t728
47135,q47_t728
47135,q47_t729
47136,q47_t729
47136,q47_t730
47136,q86_t729
47136,q86_t730
47137,q47_t730
47137,q47_t731
47138,q47_t731
47138,q47_t732
47139,q47_t732
47139,q47_t733
47139,q87_t732
47139,q87_t733
47140,q47_t733
47140,q47_t734
47141,q47_t734
47141,q47_t735
47142,q47_t735
47142,q47_t736
47142,q88_t735
47142,q88_t736
47143,q47_t736
47143,q47_t737
47144,q47_t737
47144,q47_t738
47145,q47_t738
47145,q47_t739
47145,q89_t738
47145,q89_t739
47146,q47_t739
47146,q47_t740
47147,q47_t740
47147,q47_t741
47148,q47_t741
47148,q47_t742
47148,q90_t741
47148,q90_t742
47149,q47_t742
47149,q47_t743
47150,q47_t743
47150,q47_t744
47151,q47_t744
47151,q47_t745
47151,q91_t744
47151,q91_t745
47152,q47_t745
47152,q47_t746
47153,q47_t746
47153,q47_t747
47154,q47_t747
47154,q47_t748
47154,q92_t747
47154,q92_t748
47155,q47_t748
47155,q47_t749
47156,q47_t749
47156,q47_t750
47157,q47_t750
47157,q47_t751
47157,q93_t750
47157,q93_t751
47158,q47_t751
47158,q47_t752
47159,q47_t752
47159,q47_t753
47160,q47_t753
47160,q47_t754
47160,q94_t753
47160,q94_t754
47161,q47_t754
47161,q47_t755
47162,q47_t755
47162,q47_t756
47163,q47_t756
47163,q47_t757
47163,q95_t756
47163,q95_t757
47164,q47_t757
47164,q47_t758
47165,q47_t758
47165,q47_t759
47166,q47_t759
47166,q47_t760
47166,q96_t759
47166,q96_t760
47167,q47_t760
47167,q47_t761
47168,q47_t761
47168,q47_t762
47169,q47_t762
47169,q47_t763
47169,q97_t762
47169,q97_t763
47170,q47_t763
47170,q47_t764
47171,q47_t764
47171,q47_t765
47172,q47_t765
47172,q47_t766
47172,q98_t765
47172,q98_t766
47173,q47_t766
47173,q47_t767
47174,q47_t767
47174,q47_t768
47175,q47_t768
47175,q47_t769
47175,q99_t768
47175,q99_t769
47176,q47_t769
47176,q47_t770
47177,q47_t770
47177,q47_t771
47178,q47_t772
47178,q47_t773
47179,q47_t773
47179,q47_t774
47180,q47_t775
47180,q47_t776
47181,q47_t776
47181,q47_t777
47182,q47_t778
47182,q47_t779
47183,q47_t779
47183,q47_t780
47184,q47_t781
47184,q47_t782
47185,q47_t782
47185,q47_t783
47186,q47_t784
47186,q47_t785
47187,q47_t785
47187,q47_t786
47188,q47_t787
47188,q47_t788
47189,q47_t788
47189,q47_t789
47190,q47_t790
47190,q47_t791
47191,q47_t791
47191,q47_t792
47192,q47_t793
47192,q47_t794
47193,q47_t794
47193,q47_t795
47194,q47_t796
47194,q47_t797
47195,q47_t797
47195,q47_t798
47196,q47_t799
47196,q47_t800
47197,q47_t800
47197,q47_t801
47198,q47_t801
47198,q47_t802
47199,q47_t803
47199,q47_t804
47200,q47_t804
47200,q47_t805
47201,q47_t806
47201,q47_t807
47202,q47_t807
47202,q47_t808
47203,q47_t809
47203,q47_t810
47204,q47_t810
47204,q47_t811
47205,q47_t812
47205,q47_t813
47206,q47_t813
47206,q47_t814
47207,q47_t814
47207,q47_t815
47207,q4_t814
47207,q4_t815
47208,q47_t815
47208,q47_t816
47209,q47_t816
47209,q47_t817
47210,q47_t817
47210,q47_t818
47210,q5_t817
47210,q5_t818
47211,q47_t818
47211,q47_t819
47212,q47_t819
47212,q47_t820
47213,q47_t820
47213,q47_t821
47213,q6_t820
47213,q6_t821
47214,q47_t821
47214,q47_t822
47215,q47_t822
47215,q47_t823
47216,q47_t823
47216,q47_t824
47216,q7_t823
47216,q7_t824
47217,q47_t824
47217,q47_t825
47218,q47_t825
47218,q47_t826
47219,q47_t826
47219,q47_t827
47219,q8_t826
47219,q8_t827
47220,q47_t827
47220,q47_t828
47221,q47_t828
47221,q47_t829
47222,q47_t829
47222,q47_t830
47222,q9_t829
47222,q9_t830
47223,q47_t830
47223,q47_t831
47224,q47_t831
47224,q47_t832
47225,q47_t833
47225,q47_t834
47226,q47_t834
47226,q47_t835
47227,q47_t836
47227,q47_t837
47228,q47_t837
47228,q47_t838
47229,q47_t839
47229,q47_t840
47230,q47_t840
47230,q47_t841
47231,q47_t842
47231,q47_t843
47232,q47_t843
47232,q47_t844
47233,q47_t845
47233,q47_t846
47234,q47_t846
47234,q47_t847
47235,q47_t848
47235,q47_t849
47236,q47_t849
47236,q47_t850
47237,q47_t851
47237,q47_t852
47238,q47_t852
47238,q47_t853
47239,q47_t854
47239,q47_t855
47240,q47_t855
47240,q47_t856
47241,q47_t857
47241,q47_t858
47242,q47_t858
47242,q47_t859
47243,q47_t860
47243,q47_t861
47244,q47_t861
47244,q47_t862
47245,q47_t863
47245,q47_t864
47246,q47_t864
47246,q47_t865
47247,q47_t866
47247,q47_t867
47248,q47_t867
47248,q47_t868
47249,q47_t869
47249,q47_t870
47250,q47_t870
47250,q47_t871
47251,q47_t872
47251,q47_t873
47252,q47_t873
47252,q47_t874
47253,q47_t875
47253,q47_t876
47254,q47_t876
47254,q47_t877
47255,q47_t878
47255,q47_t879
47256,q47_t879
47256,q47_t880
47257,q47_t881
47257,q47_t882
47258,q47_t882
47258,q47_t883
47259,q47_t884
47259,q47_t885
47260,q47_t885
47260,q47_t886
47261,q47_t887
47261,q47_t888
47262,q47_t888
47262,q47_t889
47263,q47_t890
47263,q47_t891
47264,q47_t891
47264,q47_t892
47265,q47_t893
47265,q47_t894
47266,q47_t894
47266,q47_t895
47267,q47_t896
47267,q47_t897
47268,q47_t897
47268,q47_t898
47269,q47_t899
47269,q47_t900
47270,q47_t900
47270,q47_t901
47271,q47_t902
47271,q47_t903
47272,q47_t903
47272,q47_t904
47273,q47_t905
47273,q47_t906
47274,q47_t906
47274,q47_t907
47275,q47_t908
47275,q47_t909
47276,q47_t909
47276,q47_t910
47277,q47_t911
47277,q47_t912
47278,q47_t912
47278,q47_t913
47279,q47_t914
47279,q47_t915
47280,q47_t915
47280,q47_t916
47281,q47_t917
47281,q47_t918
47282,q47_t918
47282,q47_t919
47283,q47_t920
47283,q47_t921
47284,q47_t921
47284,q47_t922
47285,q47_t923
47285,q47_t924
47286,q47_t924
47286,q47_t925
47287,q47_t926
47287,q47_t927
47288,q47_t927
47288,q47_t928
47289,q47_t929
47289,q47_t930
47290,q47_t930
47290,q47_t931
47291,q47_t932
47291,q47_t933
47292,q47_t933
47292,q47_t934
47293,q47_t935
47293,q47_t936
47294,q47_t936
47294,q47_t937
47295,q47_t938
47295,q47_t939
47296,q47_t939
47296,q47_t940
47297,q47_t941
47297,q47_t942
47298,q47_t942
47298,q47_t946
47299,q47_t946
47299,q47_t947
47299,q48_t946
47299,q48_t947
47300,q47_t947
47300,q47_t948
47301,q47_t948
47301,q47_t949
47302,q47_t949
47302,q47_t950
47302,q49_t949
47302,q49_t950
47303,q47_t950
47303,q47_t951
47304,q47_t951
47304,q47_t952
47305,q47_t952
47305,q47_t953
47305,q50_t952
47305,q50_t953
47306,q47_t953
47306,q47_t954
47307,q47_t954
47307,q47_t955
47308,q47_t955
47308,q47_t956
47308,q51_t955
47308,q51_t956
47309,q47_t956
47309,q47_t957
47310,q47_t957
47310,q47_t958
47311,q47_t958
47311,q47_t959
47311,q52_t958
47311,q52_t959
47312,q47_t959
47312,q47_t960
47313,q47_t960
47313,q47_t961
47314,q47_t961
47314,q47_t962
47314,q53_t961
47314,q53_t962
47315,q47_t962
47315,q47_t963
47316,q47_t963
47316,q47_t964
47317,q47_t964
47317,q47_t965
47317,q54_t964
47317,q54_t965
47318,q47_t965
47318,q47_t966
47319,q47_t966
47319,q47_t967
47320,q47_t967
47320,q47_t968
47320,q55_t967
47320,q55_t968
47321,q47_t968
47321,q47_t969
47322,q47_t969
47322,q47_t970
47323,q47_t970
47323,q47_t971
47323,q56_t970
47323,q56_t971
47324,q47_t971
47324,q47_t972
47325,q47_t972
47325,q47_t973
47326,q47_t973
47326,q47_t974
47326,q57_t973
47326,q57_t974
47327,q47_t974
47327,q47_t975
47328,q47_t975
47328,q47_t976
47329,q47_t976
47329,q47_t977
47329,q58_t976
47329,q58_t977
47330,q47_t977
47330,q47_t978
47331,q47_t978
47331,q47_t979
47332,q47_t979
47332,q47_t980
47332,q59_t979
47332,q59_t980
47333,q47_t980
47333,q47_t981
47334,q47_t981
47334,q47_t982
47335,q47_t982
47335,q47_t983
47335,q60_t982
47335,q60_t983
47336,q47_t983
47336,q47_t984
47337,q47_t984
47337,q47_t985
47338,q47_t985
47338,q47_t986
47338,q61_t985
47338,q61_t986
47339,q47_t986
47339,q47_t987
47340,q47_t987
47340,q47_t988
47341,q47_t988
47341,q47_t989
47341,q62_t988
47341,q62_t989
47342,q47_t989
47342,q47_t990
47343,q47_t990
47343,q47_t991
47344,q47_t991
47344,q47_t992
47344,q63_t991
47344,q63_t992
47345,q47_t992
47345,q47_t993
47346,q47_t993
47346,q47_t994
47347,q47_t994
47347,q47_t995
47347,q64_t994
47347,q64_t995
47348,q47_t995
47348,q47_t996
47349,q47_t996
47349,q47_t997
47350,q47_t997
47350,q47_t998
47350,q65_t997
47350,q65_t998
47351,q47_t998
47351,q47_t999
47352,q48_t0
47352,q48_t1
47353,q48_t1
47353,q48_t143
47354,q48_t1000
47354,q48_t1001
47354,q65_t1000
47354,q65_t1001
47355,q48_t1000
47355,q48_t999
47356,q48_t1001
47356,q48_t1002
47357,q48_t1002
47357,q48_t1003
47358,q48_t1003
47358,q48_t1004
47358,q66_t1003
47358,q66_t1004
47359,q48_t1004
47359,q48_t1005
47360,q48_t1005
47360,q48_t1006
47361,q48_t1006
47361,q48_t1007
47361,q67_t1006
47361,q67_t1007
47362,q48_t1007
47362,q48_t1008
47363,q48_t1008
47363,q48_t1009
47364,q48_t1009
47364,q48_t1010
47364,q68_t1009
47364,q68_t1010
47365,q48_t1010
47365,q48_t1011
47366,q48_t1011
47366,q48_t1012
47367,q48_t1012
47367,q48_t1013
47367,q69_t1012
47367,q69_t1013
47368,q48_t1013
47368,q48_t1014
47369,q48_t1014
47369,q48_t1015
47370,q48_t1015
47370,q48_t1016
47370,q70_t1015
47370,q70_t1016
47371,q48_t1016
47371,q48_t1017
47372,q48_t1017
47372,q48_t1018
47373,q48_t1018
47373,q48_t1019
47373,q71_t1018
47373,q71_t1019
47374,q48_t1019
47374,q48_t1020
47375,q48_t1020
47375,q48_t1021
47376,q48_t1021
47376,q48_t1022
47376,q72_t1021
47376,q72_t1022
47377,q48_t1022
47377,q48_t1023
47378,q48_t1023
47378,q48_t1024
47379,q48_t1024
47379,q48_t1025
47379,q73_t1024
47379,q73_t1025
47380,q48_t1025
47380,q48_t1026
47381,q48_t1026
47381,q48_t1027
47382,q48_t1027
47382,q48_t1028
47382,q74_t1027
47382,q74_t1028
47383,q48_t1028
47383,q48_t1029
47384,q48_t1029
47384,q48_t1030
47385,q48_t1030
47385,q48_t1031
47385,q75_t1030
47385,q75_t1031
47386,q48_t1031
47386,q48_t1032
47387,q48_t1032
47387,q48_t1033
47388,q48_t1033
47388,q48_t1034
47388,q76_t1033
47388,q76_t1034
47389,q48_t1034
47389,q48_t1035
47390,q48_t1035
47390,q48_t1036
47391,q48_t1036
47391,q48_t1037
47391,q77_t1036
47391,q77_t1037
47392,q48_t1037
47392,q48_t1038
47393,q48_t1038
47393,q48_t1039
47394,q48_t1039
47394,q48_t1040
47394,q78_t1039
47394,q78_t1040
47395,q48_t1040
47395,q48_t1041
47396,q48_t1041
47396,q48_t1042
47397,q48_t1042
47397,q48_t1043
47397,q79_t1042
47397,q79_t1043
47398,q48_t1043
47398,q48_t1044
47399,q48_t1044
47399,q48_t1045
47400,q48_t1045
47400,q48_t1046
47400,q80_t1045
47400,q80_t1046
47401,q48_t1046
47401,q48_t1047
47402,q48_t1047
47402,q48_t1048
47403,q48_t1048
47403,q48_t1049
47403,q81_t1048
47403,q81_t1049
47404,q48_t1049
47404,q48_t1050
47405,q48_t1050
47405,q48_t1051
47406,q48_t1051
47406,q48_t1052
47406,q82_t1051
47406,q82_t1052
47407,q48_t1052
47407,q48_t1053
47408,q48_t1053
47408,q48_t1054
47409,q48_t1054
47409,q48_t1055
47409,q83_t1054
47409,q83_t1055
47410,q48_t1055
47410,q48_t1056
47411,q48_t1056
47411,q48_t1057
47412,q48_t1057
47412,q48_t1058
47412,q84_t1057
47412,q84_t1058
47413,q48_t1058
47413,q48_t1059
47414,q48_t1059
47414,q48_t1060
47415,q48_t1060
47415,q48_t1061
47415,q85_t1060
47415,q85_t1061
47416,q48_t1061
47416,q48_t1062
47417,q48_t1062
47417,q48_t1063
47418,q48_t1063
47418,q48_t1064
47418,q86_t1063
47418,q86_t1064
47419,q48_t1064
47419,q48_t1065
47420,q48_t1065
47420,q48_t1066
47421,q48_t1066
47421,q48_t1067
47421,q87_t1066
47421,q87_t1067
47422,q48_t1067
47422,q48_t1068
47423,q48_t1068
47423,q48_t1069
47424,q48_t1069
47424,q48_t1070
47424,q88_t1069
47424,q88_t1070
47425,q48_t1070
47425,q48_t1071
47426,q48_t1071
47426,q48_t1072
47427,q48_t1072
47427,q48_t1073
47427,q89_t1072
47427,q89_t1073
47428,q48_t1073
47428,q48_t1074
47429,q48_t1074
47429,q48_t1075
47430,q48_t1075
47430,q48_t1076
47430,q90_t1075
47430,q90_t1076
47431,q48_t1076
47431,q48_t1077
47432,q48_t1077
47432,q48_t1078
47433,q48_t1078
47433,q48_t1079
47433,q91_t1078
47433,q91_t1079
47434,q48_t1079
47434,q48_t1080
47435,q48_t1080
47435,q48_t1081
47436,q48_t1081
47436,q48_t1082
47436,q92_t1081
47436,q92_t1082
47437,q48_t1082
47437,q48_t1083
47438,q48_t1083
47438,q48_t1084
47439,q48_t1084
47439,q48_t1085
47439,q93_t1084
47439,q93_t1085
47440,q48_t1085
47440,q48_t1086
47441,q48_t1086
47441,q48_t1087
47442,q48_t1087
47442,q48_t1088
47442,q94_t1087
47442,q94_t1088
47443,q48_t1088
47443,q48_t1089
47444,q48_t1089
47444,q48_t1090
47445,q48_t1090
47445,q48_t1091
47445,q95_t1090
47445,q95_t1091
47446,q48_t1091
47446,q48_t1092
47447,q48_t1092
47447,q48_t1093
47448,q48_t1093
47448,q48_t1094
47448,q96_t1093
47448,q96_t1094
47449,q48_t1094
47449,q48_t1095
47450,q48_t1095
47450,q48_t1096
47451,q48_t1096
47451,q48_t1097
47451,q97_t1096
47451,q97_t1097
47452,q48_t1097
47452,q48_t1098
47453,q48_t1098
47453,q48_t1099
47454,q48_t1099
47454,q48_t1100
47454,q98_t1099
47454,q98_t1100
47455,q48_t1100
47455,q48_t1101
47456,q48_t1101
47456,q48_t1102
47457,q48_t1102
47457,q48_t1103
47457,q99_t1102
47457,q99_t1103
47458,q48_t1103
47458,q48_t1104
47459,q48_t1104
47459,q48_t1105
47460,q48_t1106
47460,q48_t1107
47461,q48_t1107
47461,q48_t1108
47462,q48_t1109
47462,q48_t1110
47463,q48_t1110
47463,q48_t1111
47464,q48_t1112
47464,q48_t1113
47465,q48_t1113
47465,q48_t1114
47466,q48_t1115
47466,q48_t1116
47467,q48_t1116
47467,q48_t1117
47468,q48_t1118
47468,q48_t1119
47469,q48_t1119
47469,q48_t1120
47470,q48_t1121
47470,q48_t1122
47471,q48_t1122
47471,q48_t1123
47472,q48_t1124
47472,q48_t1125
47473,q48_t1125
47473,q48_t1126
47474,q48_t1127
47474,q48_t1128
47475,q48_t1128
47475,q48_t1129
47476,q48_t1130
47476,q48_t1131
47477,q48_t1131
47477,q48_t1132
47478,q48_t1133
47478,q48_t1134
47479,q48_t1134
47479,q48_t1135
47480,q48_t144
47480,q48_t145
47481,q48_t145
47481,q48_t146
47482,q48_t147
47482,q48_t148
47483,q48_t148
47483,q48_t149
47484,q48_t150
47484,q48_t151
47485,q48_t151
47485,q48_t152
47486,q48_t153
47486,q48_t154
47487,q48_t154
47487,q48_t155
47488,q48_t155
47488,q48_t156
47488,q4_t155
47488,q4_t156
47489,q48_t156
47489,q48_t157
47490,q48_t157
47490,q48_t158
47491,q48_t158
47491,q48_t159
47491,q5_t158
47491,q5_t159
47492,q48_t159
47492,q48_t160
47493,q48_t160
47493,q48_t161
47494,q48_t161
47494,q48_t162
47494,q6_t161
47494,q6_t162
47495,q48_t162
47495,q48_t163
47496,q48_t163
47496,q48_t164
47497,q48_t164
47497,q48_t165
47497,q7_t164
47497,q7_t165
47498,q48_t165
47498,q48_t166
47499,q48_t166
47499,q48_t167
47500,q48_t167
47500,q48_t168
47500,q8_t167
47500,q8_t168
47501,q48_t168
47501,q48_t169
47502,q48_t169
47502,q48_t170
47503,q48_t170
47503,q48_t171
47503,q9_t170
47503,q9_t171
47504,q48_t171
47504,q48_t172
47505,q48_t172
47505,q48_t173
47506,q48_t174
47506,q48_t175
47507,q48_t175
47507,q48_t176
47508,q48_t177
47508,q48_t178
47509,q48_t178
47509,q48_t179
47510,q48_t180
47510,q48_t181
47511,q48_t181
47511,q48_t182
47512,q48_t183
47512,q48_t184
47513,q48_t184
47513,q48_t185
47514,q48_t186
47514,q48_t187
47515,q48_t187
47515,q48_t188
47516,q48_t189
47516,q48_t190
47517,q48_t190
47517,q48_t191
47518,q48_t192
47518,q48_t193
47519,q48_t193
47519,q48_t194
47520,q48_t195
47520,q48_t196
47521,q48_t196
47521,q48_t197
47522,q48_t198
47522,q48_t199
47523,q48_t199
47523,q48_t200
47524,q48_t201
47524,q48_t202
47525,q48_t202
47525,q48_t203
47526,q48_t204
47526,q48_t205
47527,q48_t205
47527,q48_t206
47528,q48_t207
47528,q48_t208
47529,q48_t208
47529,q48_t209
47530,q48_t210
47530,q48_t211
47531,q48_t211
47531,q48_t212
47532,q48_t213
47532,q48_t214
47533,q48_t214
47533,q48_t215
47534,q48_t216
47534,q48_t217
47535,q48_t217
47535,q48_t218
47536,q48_t219
47536,q48_t220
47537,q48_t220
47537,q48_t221
47538,q48_t222
47538,q48_t223
47539,q48_t223
47539,q48_t224
47540,q48_t225
47540,q48_t226
47541,q48_t226
47541,q48_t227
47542,q48_t228
47542,q48_t229
47543,q48_t229
47543,q48_t230
47544,q48_t231
47544,q48_t232
47545,q48_t232
47545,q48_t233
47546,q48_t234
47546,q48_t235
47547,q48_t235
47547,q48_t236
47548,q48_t237
47548,q48_t238
47549,q48_t238
47549,q48_t239
47550,q48_t240
47550,q48_t241
47551,q48_t241
47551,q48_t242
47552,q48_t243
47552,q48_t244
47553,q48_t244
47553,q48_t245
47554,q48_t246
47554,q48_t247
47555,q48_t247
47555,q48_t248
47556,q48_t249
47556,q48_t250
47557,q48_t250
47557,q48_t251
47558,q48_t252
47558,q48_t253
47559,q48_t253
47559,q48_t254
47560,q48_t255
47560,q48_t256
47561,q48_t256
47561,q48_t257
47562,q48_t258
47562,q48_t259
47563,q48_t259
47563,q48_t260
47564,q48_t261
47564,q48_t262
47565,q48_t262
47565,q48_t263
47566,q48_t264
47566,q48_t265
47567,q48_t265
47567,q48_t266
47568,q48_t267
47568,q48_t268
47569,q48_t268
47569,q48_t269
47570,q48_t270
47570,q48_t271
47571,q48_t271
47571,q48_t272
47572,q48_t273
47572,q48_t274
47573,q48_t274
47573,q48_t275
47574,q48_t276
47574,q48_t277
47575,q48_t277
47575,q48_t278
47576,q48_t279
47576,q48_t280
47577,q48_t280
47577,q48_t281
47578,q48_t282
47578,q48_t283
47579,q48_t283
47579,q48_t284
47580,q48_t285
47580,q48_t286
47581,q48_t286
47581,q48_t290
47582,q48_t290
47582,q48_t291
47582,q49_t290
47582,q49_t291
47583,q48_t291
47583,q48_t292
47584,q48_t292
47584,q48_t293
47585,q48_t293
47585,q48_t294
47585,q50_t293
47585,q50_t294
47586,q48_t294
47586,q48_t295
47587,q48_t295
47587,q48_t296
47588,q48_t296
47588,q48_t297
47588,q51_t296
47588,q51_t297
47589,q48_t297
47589,q48_t298
47590,q48_t298
47590,q48_t299
47591,q48_t299
47591,q48_t300
47591,q52_t299
47591,q52_t300
47592,q48_t300
47592,q48_t301
47593,q48_t301
47593,q48_t302
47594,q48_t302
47594,q48_t303
47594,q53_t302
47594,q53_t303
47595,q48_t303
47595,q48_t304
47596,q48_t304
47596,q48_t305
47597,q48_t305
47597,q48_t306
47597,q54_t305
47597,q54_t306
47598,q48_t306
47598,q48_t307
47599,q48_t307
47599,q48_t308
47600,q48_t308
47600,q48_t309
47600,q55_t308
47600,q55_t309
47601,q48_t309
47601,q48_t310
47602,q48_t310
47602,q48_t311
47603,q48_t311
47603,q48_t312
47603,q56_t311
47603,q56_t312
47604,q48_t312
47604,q48_t313
47605,q48_t313
47605,q48_t314
47606,q48_t314
47606,q48_t315
47606,q57_t314
47606,q57_t315
47607,q48_t315
47607,q48_t316
47608,q48_t316
47608,q48_t317
47609,q48_t317
47609,q48_t318
47609,q58_t317
47609,q58_t318
47610,q48_t318
47610,q48_t319
47611,q48_t319
47611,q48_t320
47612,q48_t320
47612,q48_t321
47612,q59_t320
47612,q59_t321
47613,q48_t321
47613,q48_t322
47614,q48_t322
47614,q48_t323
47615,q48_t323
47615,q48_t324
47615,q60_t323
47615,q60_t324
47616,q48_t324
47616,q48_t325
47617,q48_t325
47617,q48_t326
47618,q48_t326
47618,q48_t327
47618,q61_t326
47618,q61_t327
47619,q48_t327
47619,q48_t328
47620,q48_t328
47620,q48_t329
47621,q48_t329
47621,q48_t330
47621,q62_t329
47621,q62_t330
47622,q48_t330
47622,q48_t331
47623,q48_t331
47623,q48_t332
47624,q48_t332
47624,q48_t333
47624,q63_t332
47624,q63_t333
47625,q48_t333
47625,q48_t334
47626,q48_t334
47626,q48_t335
47627,q48_t335
47627,q48_t336
47627,q64_t335
47627,q64_t336
47628,q48_t336
47628,q48_t337
47629,q48_t337
47629,q48_t338
47630,q48_t338
47630,q48_t339
47630,q65_t338
47630,q65_t339
47631,q48_t339
47631,q48_t340
47632,q48_t340
47632,q48_t341
47633,q48_t341
47633,q48_t342
47633,q66_t341
47633,q66_t342
47634,q48_t342
47634,q48_t343
47635,q48_t343
47635,q48_t344
47636,q48_t344
47636,q48_t345
47636,q67_t344
47636,q67_t345
47637,q48_t345
47637,q48_t346
47638,q48_t346
47638,q48_t347
47639,q48_t347
47639,q48_t348
47639,q68_t347
47639,q68_t348
47640,q48_t348
47640,q48_t349
47641,q48_t349
47641,q48_t350
47642,q48_t350
47642,q48_t351
47642,q69_t350
47642,q69_t351
47643,q48_t351
47643,q48_t352
47644,q48_t352
47644,q48_t353
47645,q48_t353
47645,q48_t354
47645,q70_t353
47645,q70_t354
47646,q48_t354
47646,q48_t355
47647,q48_t355
47647,q48_t356
47648,q48_t356
47648,q48_t357
47648,q71_t356
47648,q71_t357
47649,q48_t357
47649,q48_t358
47650,q48_t358
47650,q48_t359
47651,q48_t359
47651,q48_t360
47651,q72_t359
47651,q72_t360
47652,q48_t360
47652,q48_t361
47653,q48_t361
47653,q48_t362
47654,q48_t362
47654,q48_t363
47654,q73_t362
47654,q73_t363
47655,q48_t363
47655,q48_t364
47656,q48_t364
47656,q48_t365
47657,q48_t365
47657,q48_t366
47657,q74_t365
47657,q74_t366
47658,q48_t366
47658,q48_t367
47659,q48_t367
47659,q48_t368
47660,q48_t368
47660,q48_t369
47660,q75_t368
47660,q75_t369
47661,q48_t369
47661,q48_t370
47662,q48_t370
47662,q48_t371
47663,q48_t371
47663,q48_t372
47663,q76_t371
47663,q76_t372
47664,q48_t372
47664,q48_t373
47665,q48_t373
47665,q48_t374
47666,q48_t374
47666,q48_t375
47666,q77_t374
47666,q77_t375
47667,q48_t375
47667,q48_t376
47668,q48_t376
47668,q48_t377
47669,q48_t377
47669,q48_t378
47669,q78_t377
47669,q78_t378
47670,q48_t378
47670,q48_t379
47671,q48_t379
47671,q48_t380
47672,q48_t380
47672,q48_t381
47672,q79_t380
47672,q79_t381
47673,q48_t381
47673,q48_t382
47674,q48_t382
47674,q48_t383
47675,q48_t383
47675,q48_t384
47675,q80_t383
47675,q80_t384
47676,q48_t384
47676,q48_t385
47677,q48_t385
47677,q48_t386
47678,q48_t386
47678,q48_t387
47678,q81_t386
47678,q81_t387
47679,q48_t387
47679,q48_t388
47680,q48_t388
47680,q48_t389
47681,q48_t389
47681,q48_t390
47681,q82_t389
47681,q82_t390
47682,q48_t390
47682,q48_t391
47683,q48_t391
47683,q48_t392
47684,q48_t392
47684,q48_t393
47684,q83_t392
47684,q83_t393
47685,q48_t393
47685,q48_t394
47686,q48_t394
47686,q48_t395
47687,q48_t395
47687,q48_t396
47687,q84_t395
47687,q84_t396
47688,q48_t396
47688,q48_t397
47689,q48_t397
47689,q48_t398
47690,q48_t398
47690,q48_t399
47690,q85_t398
47690,q85_t399
47691,q48_t399
47691,q48_t400
47692,q48_t400
47692,q48_t401
47693,q48_t401
47693,q48_t402
47693,q86_t401
47693,q86_t402
47694,q48_t402
47694,q48_t403
47695,q48_t403
47695,q48_t404
47696,q48_t404
47696,q48_t405
47696,q87_t404
47696,q87_t405
47697,q48_t405
47697,q48_t406
47698,q48_t406
47698,q48_t407
47699,q48_t407
47699,q48_t408
47699,q88_t407
47699,q88_t408
47700,q48_t408
47700,q48_t409
47701,q48_t409
47701,q48_t410
47702,q48_t410
47702,q48_t411
47702,q89_t410
47702,q89_t411
47703,q48_t411
47703,q48_t412
47704,q48_t412
47704,q48_t413
47705,q48_t413
47705,q48_t414
47705,q90_t413
47705,q90_t414
47706,q48_t414
47706,q48_t415
47707,q48_t415
47707,q48_t416
47708,q48_t416
47708,q48_t417
47708,q91_t416
47708,q91_t417
47709,q48_t417
47709,q48_t418
47710,q48_t418
47710,q48_t419
47711,q48_t419
47711,q48_t420
47711,q92_t419
47711,q92_t420
47712,q48_t420
47712,q48_t421
47713,q48_t421
47713,q48_t422
47714,q48_t422
47714,q48_t423
47714,q93_t422
47714,q93_t423
47715,q48_t423
47715,q48_t424
47716,q48_t424
47716,q48_t425
47717,q48_t425
47717,q48_t426
47717,q94_t425
47717,q94_t426
47718,q48_t426
47718,q48_t427
47719,q48_t427
47719,q48_t428
47720,q48_t428
47720,q48_t429
47720,q95_t428
47720,q95_t429
47721,q48_t429
47721,q48_t430
47722,q48_t430
47722,q48_t431
47723,q48_t431
47723,q48_t432
47723,q96_t431
47723,q96_t432
47724,q48_t432
47724,q48_t433
47725,q48_t433
47725,q48_t434
47726,q48_t434
47726,q48_t435
47726,q97_t434
47726,q97_t435
47727,q48_t435
47727,q48_t436
47728,q48_t436
47728,q48_t437
47729,q48_t437
47729,q48_t438
47729,q98_t437
47729,q98_t438
47730,q48_t438
47730,q48_t439
47731,q48_t439
47731,q48_t440
47732,q48_t440
47732,q48_t441
47732,q99_t440
47732,q99_t441
47733,q48_t441
47733,q48_t442
47734,q48_t442
47734,q48_t443
47735,q48_t444
47735,q48_t445
47736,q48_t445
47736,q48_t446
47737,q48_t447
47737,q48_t448
47738,q48_t448
47738,q48_t449
47739,q48_t450
47739,q48_t451
47740,q48_t451
47740,q48_t452
47741,q48_t453
47741,q48_t454
47742,q48_t454
47742,q48_t455
47743,q48_t456
47743,q48_t457
47744,q48_t457
47744,q48_t458
47745,q48_t459
47745,q48_t460
47746,q48_t460
47746,q48_t461
47747,q48_t462
47747,q48_t463
47748,q48_t463
47748,q48_t464
47749,q48_t465
47749,q48_t466
47750,q48_t466
47750,q48_t467
47751,q48_t468
47751,q48_t469
47752,q48_t469
47752,q48_t470
47753,q48_t471
47753,q48_t472
47754,q48_t472
47754,q48_t473
47755,q48_t473
47755,q48_t474
47756,q48_t475
47756,q48_t476
47757,q48_t476
47757,q48_t477
47758,q48_t478
47758,q48_t479
47759,q48_t479
47759,q48_t480
47760,q48_t481
47760,q48_t482
47761,q48_t482
47761,q48_t483
47762,q48_t484
47762,q48_t485
47763,q48_t485
47763,q48_t486
47764,q48_t486
47764,q48_t487
47764,q4_t486
47764,q4_t487
47765,q48_t487
47765,q48_t488
47766,q48_t488
47766,q48_t489
47767,q48_t489
47767,q48_t490
47767,q5_t489
47767,q5_t490
47768,q48_t490
47768,q48_t491
47769,q48_t491
47769,q48_t492
47770,q48_t492
47770,q48_t493
47770,q6_t492
47770,q6_t493
47771,q48_t493
47771,q48_t494
47772,q48_t494
47772,q48_t495
47773,q48_t495
47773,q48_t496
47773,q7_t495
47773,q7_t496
47774,q48_t496
47774,q48_t497
47775,q48_t497
47775,q48_t498
47776,q48_t498
47776,q48_t499
47776,q8_t498
47776,q8_t499
47777,q48_t499
47777,q48_t500
47778,q48_t500
47778,q48_t501
47779,q48_t501
47779,q48_t502
47779,q9_t501
47779,q9_t502
47780,q48_t502
47780,q48_t503
47781,q48_t503
47781,q48_t504
47782,q48_t505
47782,q48_t506
47783,q48_t506
47783,q48_t507
47784,q48_t508
47784,q48_t509
47785,q48_t509
47785,q48_t510
47786,q48_t511
47786,q48_t512
47787,q48_t512
47787,q48_t513
47788,q48_t514
47788,q48_t515
47789,q48_t515
47789,q48_t516
47790,q48_t517
47790,q48_t518
47791,q48_t518
47791,q48_t519
47792,q48_t520
47792,q48_t521
47793,q48_t521
47793,q48_t522
47794,q48_t523
47794,q48_t524
47795,q48_t524
47795,q48_t525
47796,q48_t526
47796,q48_t527
47797,q48_t527
47797,q48_t528
47798,q48_t529
47798,q48_t530
47799,q48_t530
47799,q48_t531
47800,q48_t532
47800,q48_t533
47801,q48_t533
47801,q48_t534
47802,q48_t535
47802,q48_t536
47803,q48_t536
47803,q48_t537
47804,q48_t538
47804,q48_t539
47805,q48_t539
47805,q48_t540
47806,q48_t541
47806,q48_t542
47807,q48_t542
47807,q48_t543
47808,q48_t544
47808,q48_t545
47809,q48_t545
47809,q48_t546
47810,q48_t547
47810,q48_t548
47811,q48_t548
47811,q48_t549
47812,q48_t550
47812,q48_t551
47813,q48_t551
47813,q48_t552
47814,q48_t553
47814,q48_t554
47815,q48_t554
47815,q48_t555
47816,q48_t556
47816,q48_t557
47817,q48_t557
47817,q48_t558
47818,q48_t559
47818,q48_t560
47819,q48_t560
47819,q48_t561
47820,q48_t562
47820,q48_t563
47821,q48_t563
47821,q48_t564
47822,q48_t565
47822,q48_t566
47823,q48_t566
47823,q48_t567
47824,q48_t568
47824,q48_t569
47825,q48_t569
47825,q48_t570
47826,q48_t571
47826,q48_t572
47827,q48_t572
47827,q48_t573
47828,q48_t574
47828,q48_t575
47829,q48_t575
47829,q48_t576
47830,q48_t577
47830,q48_t578
47831,q48_t578
47831,q48_t579
47832,q48_t580
47832,q48_t581
47833,q48_t581
47833,q48_t582
47834,q48_t583
47834,q48_t584
47835,q48_t584
47835,q48_t585
47836,q48_t586
47836,q48_t587
47837,q48_t587
47837,q48_t588
47838,q48_t589
47838,q48_t590
47839,q48_t590
47839,q48_t591
47840,q48_t592
47840,q48_t593
47841,q48_t593
47841,q48_t594
47842,q48_t595
47842,q48_t596
47843,q48_t596
47843,q48_t597
47844,q48_t598
47844,q48_t599
47845,q48_t599
47845,q48_t600
47846,q48_t601
47846,q48_t602
47847,q48_t602
47847,q48_t603
47848,q48_t604
47848,q48_t605
47849,q48_t605
47849,q48_t606
47850,q48_t607
47850,q48_t608
47851,q48_t608
47851,q48_t609
47852,q48_t610
47852,q48_t611
47853,q48_t611
47853,q48_t612
47854,q48_t613
47854,q48_t614
47855,q48_t614
47855,q48_t615
47856,q48_t616
47856,q48_t617
47857,q48_t617
47857,q48_t621
47858,q48_t621
47858,q48_t622
47858,q49_t621
47858,q49_t622
47859,q48_t622
47859,q48_t623
47860,q48_t623
47860,q48_t624
47861,q48_t624
47861,q48_t625
47861,q50_t624
47861,q50_t625
47862,q48_t625
47862,q48_t626
47863,q48_t626
47863,q48_t627
47864,q48_t627
47864,q48_t628
47864,q51_t627
47864,q51_t628
47865,q48_t628
47865,q48_t629
47866,q48_t629
47866,q48_t630
47867,q48_t630
47867,q48_t631
47867,q52_t630
47867,q52_t631
47868,q48_t631
47868,q48_t632
47869,q48_t632
47869,q48_t633
47870,q48_t633
47870,q48_t634
47870,q53_t633
47870,q53_t634
47871,q48_t634
47871,q48_t635
47872,q48_t635
47872,q48_t636
47873,q48_t636
47873,q48_t637
47873,q54_t636
47873,q54_t637
47874,q48_t637
47874,q48_t638
47875,q48_t638
47875,q48_t639
47876,q48_t639
47876,q48_t640
47876,q55_t639
47876,q55_t640
47877,q48_t640
47877,q48_t641
47878,q48_t641
47878,q48_t642
47879,q48_t642
47879,q48_t643
47879,q56_t642
47879,q56_t643
47880,q48_t643
47880,q48_t644
47881,q48_t644
47881,q48_t645
47882,q48_t645
47882,q48_t646
47882,q57_t645
47882,q57_t646
47883,q48_t646
47883,q48_t647
47884,q48_t647
47884,q48_t648
47885,q48_t648
47885,q48_t649
47885,q58_t648
47885,q58_t649
47886,q48_t649
47886,q48_t650
47887,q48_t650
47887,q48_t651
47888,q48_t651
47888,q48_t652
47888,q59_t651
47888,q59_t652
47889,q48_t652
47889,q48_t653
47890,q48_t653
47890,q48_t654
47891,q48_t654
47891,q48_t655
47891,q60_t654
47891,q60_t655
47892,q48_t655
47892,q48_t656
47893,q48_t656
47893,q48_t657
47894,q48_t657
47894,q48_t658
47894,q61_t657
47894,q61_t658
47895,q48_t658
47895,q48_t659
47896,q48_t659
47896,q48_t660
47897,q48_t660
47897,q48_t661
47897,q62_t660
47897,q62_t661
47898,q48_t661
47898,q48_t662
47899,q48_t662
47899,q48_t663
47900,q48_t663
47900,q48_t664
47900,q63_t663
47900,q63_t664
47901,q48_t664
47901,q48_t665
47902,q48_t665
47902,q48_t666
47903,q48_t666
47903,q48_t667
47903,q64_t666
47903,q64_t667
47904,q48_t667
47904,q48_t668
47905,q48_t668
47905,q48_t669
47906,q48_t669
47906,q48_t670
47906,q65_t669
47906,q65_t670
47907,q48_t670
47907,q48_t671
47908,q48_t671
47908,q48_t672
47909,q48_t672
47909,q48_t673
47909,q66_t672
47909,q66_t673
47910,q48_t673
47910,q48_t674
47911,q48_t674
47911,q48_t675
47912,q48_t675
47912,q48_t676
47912,q67_t675
47912,q67_t676
47913,q48_t676
47913,q48_t677
47914,q48_t677
47914,q48_t678
47915,q48_t678
47915,q48_t679
47915,q68_t678
47915,q68_t679
47916,q48_t679
47916,q48_t680
47917,q48_t680
47917,q48_t681
47918,q48_t681
47918,q48_t682
47918,q69_t681
47918,q69_t682
47919,q48_t682
47919,q48_t683
47920,q48_t683
47920,q48_t684
47921,q48_t684
47921,q48_t685
47921,q70_t684
47921,q70_t685
47922,q48_t685
47922,q48_t686
47923,q48_t686
47923,q48_t687
47924,q48_t687
47924,q48_t688
47924,q71_t687
47924,q71_t688
47925,q48_t688
47925,q48_t689
47926,q48_t689
47926,q48_t690
47927,q48_t690
47927,q48_t691
47927,q72_t690
47927,q72_t691
47928,q48_t691
47928,q48_t692
47929,q48_t692
47929,q48_t693
47930,q48_t693
47930,q48_t694
47930,q73_t693
47930,q73_t694
47931,q48_t694
47931,q48_t695
47932,q48_t695
47932,q48_t696
47933,q48_t696
47933,q48_t697
47933,q74_t696
47933,q74_t697
47934,q48_t697
47934,q48_t698
47935,q48_t698
47935,q48_t699
47936,q48_t699
47936,q48_t700
47936,q75_t699
47936,q75_t700
47937,q48_t700
47937,q48_t701
47938,q48_t701
47938,q48_t702
47939,q48_t702
47939,q48_t703
47939,q76_t702
47939,q76_t703
47940,q48_t703
47940,q48_t704
47941,q48_t704
47941,q48_t705
47942,q48_t705
47942,q48_t706
47942,q77_t705
47942,q77_t706
47943,q48_t706
47943,q48_t707
47944,q48_t707
47944,q48_t708
47945,q48_t708
47945,q48_t709
47945,q78_t708
47945,q78_t709
47946,q48_t709
47946,q48_t710
47947,q48_t710
47947,q48_t711
47948,q48_t711
47948,q48_t712
47948,q79_t711
47948,q79_t712
47949,q48_t712
47949,q48_t713
47950,q48_t713
47950,q48_t714
47951,q48_t714
47951,q48_t715
47951,q80_t714
47951,q80_t715
47952,q48_t715
47952,q48_t716
47953,q48_t716
47953,q48_t717
47954,q48_t717
47954,q48_t718
47954,q81_t717
47954,q81_t718
47955,q48_t718
47955,q48_t719
47956,q48_t719
47956,q48_t720
47957,q48_t720
47957,q48_t721
47957,q82_t720
47957,q82_t721
47958,q48_t721
47958,q48_t722
47959,q48_t722
47959,q48_t723
47960,q48_t723
47960,q48_t724
47960,q83_t723
47960,q83_t724
47961,q48_t724
47961,q48_t725
47962,q48_t725
47962,q48_t726
47963,q48_t726
47963,q48_t727
47963,q84_t726
47963,q84_t727
47964,q48_t727
47964,q48_t728
47965,q48_t728
47965,q48_t729
47966,q48_t729
47966,q48_t730
47966,q85_t729
47966,q85_t730
47967,q48_t730
47967,q48_t731
47968,q48_t731
47968,q48_t732
47969,q48_t732
47969,q48_t733
47969,q86_t732
47969,q86_t733
47970,q48_t733
47970,q48_t734
47971,q48_t734
47971,q48_t735
47972,q48_t735
47972,q48_t736
47972,q87_t735
47972,q87_t736
47973,q48_t736
47973,q48_t737
47974,q48_t737
47974,q48_t738
47975,q48_t738
47975,q48_t739
47975,q88_t738
47975,q88_t739
47976,q48_t739
47976,q48_t740
47977,q48_t740
47977,q48_t741
47978,q48_t741
47978,q48_t742
47978,q89_t741
47978,q89_t742
47979,q48_t742
47979,q48_t743
47980,q48_t743
47980,q48_t744
47981,q48_t744
47981,q48_t745
47981,q90_t744
47981,q90_t745
47982,q48_t745
47982,q48_t746
47983,q48_t746
47983,q48_t747
47984,q48_t747
47984,q48_t748
47984,q91_t747
47984,q91_t748
47985,q48_t748
47985,q48_t749
47986,q48_t749
47986,q48_t750
47987,q48_t750
47987,q48_t751
47987,q92_t750
47987,q92_t751
47988,q48_t751
47988,q48_t752
47989,q48_t752
47989,q48_t753
47990,q48_t753
47990,q48_t754
47990,q93_t753
47990,q93_t754
47991,q48_t754
47991,q48_t755
47992,q48_t755
47992,q48_t756
47993,q48_t756
47993,q48_t757
47993,q94_t756
47993,q94_t757
47994,q48_t757
47994,q48_t758
47995,q48_t758
47995,q48_t759
47996,q48_t759
47996,q48_t760
47996,q95_t759
47996,q95_t760
47997,q48_t760
47997,q48_t761
47998,q48_t761
47998,q48_t762
47999,q48_t762
47999,q48_t763
47999,q96_t762
47999,q96_t763
48000,q48_t763
48000,q48_t764
48001,q48_t764
48001,q48_t765
48002,q48_t765
48002,q48_t766
48002,q97_t765
48002,q97_t766
48003,q48_t766
48003,q48_t767
48004,q48_t767
48004,q48_t768
48005,q48_t768
48005,q48_t769
48005,q98_t768
48005,q98_t769
48006,q48_t769
48006,q48_t770
48007,q48_t770
48007,q48_t771
48008,q48_t771
48008,q48_t772
48008,q99_t771
48008,q99_t772
48009,q48_t772
48009,q48_t773
48010,q48_t773
48010,q48_t774
48011,q48_t775
48011,q48_t776
48012,q48_t776
48012,q48_t777
48013,q48_t778
48013,q48_t779
48014,q48_t779
48014,q48_t780
48015,q48_t781
48015,q48_t782
48016,q48_t782
48016,q48_t783
48017,q48_t784
48017,q48_t785
48018,q48_t785
48018,q48_t786
48019,q48_t787
48019,q48_t788
48020,q48_t788
48020,q48_t789
48021,q48_t790
48021,q48_t791
48022,q48_t791
48022,q48_t792
48023,q48_t793
48023,q48_t794
48024,q48_t794
48024,q48_t795
48025,q48_t796
48025,q48_t797
48026,q48_t797
48026,q48_t798
48027,q48_t799
48027,q48_t800
48028,q48_t800
48028,q48_t801
48029,q48_t802
48029,q48_t803
48030,q48_t803
48030,q48_t804
48031,q48_t804
48031,q48_t805
48032,q48_t806
48032,q48_t807
48033,q48_t807
48033,q48_t808
48034,q48_t809
48034,q48_t810
48035,q48_t810
48035,q48_t811
48036,q48_t812
48036,q48_t813
48037,q48_t813
48037,q48_t814
48038,q48_t815
48038,q48_t816
48039,q48_t816
48039,q48_t817
48040,q48_t817
48040,q48_t818
48040,q4_t817
48040,q4_t818
48041,q48_t818
48041,q48_t819
48042,q48_t819
48042,q48_t820
48043,q48_t820
48043,q48_t821
48043,q5_t820
48043,q5_t821
48044,q48_t821
48044,q48_t822
48045,q48_t822
48045,q48_t823
48046,q48_t823
48046,q48_t824
48046,q6_t823
48046,q6_t824
48047,q48_t824
48047,q48_t825
48048,q48_t825
48048,q48_t826
48049,q48_t826
48049,q48_t827
48049,q7_t826
48049,q7_t827
48050,q48_t827
48050,q48_t828
48051,q48_t828
48051,q48_t829
48052,q48_t829
48052,q48_t830
48052,q8_t829
48052,q8_t830
48053,q48_t830
48053,q48_t831
48054,q48_t831
48054,q48_t832
48055,q48_t832
48055,q48_t833
48055,q9_t832
48055,q9_t833
48056,q48_t833
48056,q48_t834
48057,q48_t834
48057,q48_t835
48058,q48_t836
48058,q48_t837
48059,q48_t837
48059,q48_t838
48060,q48_t839
48060,q48_t840
48061,q48_t840
48061,q48_t841
48062,q48_t842
48062,q48_t843
48063,q48_t843
48063,q48_t844
48064,q48_t845
48064,q48_t846
48065,q48_t846
48065,q48_t847
48066,q48_t848
48066,q48_t849
48067,q48_t849
48067,q48_t850
48068,q48_t851
48068,q48_t852
48069,q48_t852
48069,q48_t853
48070,q48_t854
48070,q48_t855
48071,q48_t855
48071,q48_t856
48072,q48_t857
48072,q48_t858
48073,q48_t858
48073,q48_t859
48074,q48_t860
48074,q48_t861
48075,q48_t861
48075,q48_t862
48076,q48_t863
48076,q48_t864
48077,q48_t864
48077,q48_t865
48078,q48_t866
48078,q48_t867
48079,q48_t867
48079,q48_t868
48080,q48_t869
48080,q48_t870
48081,q48_t870
48081,q48_t871
48082,q48_t872
48082,q48_t873
48083,q48_t873
48083,q48_t874
48084,q48_t875
48084,q48_t876
48085,q48_t876
48085,q48_t877
48086,q48_t878
48086,q48_t879
48087,q48_t879
48087,q48_t880
48088,q48_t881
48088,q48_t882
48089,q48_t882
48089,q48_t883
48090,q48_t884
48090,q48_t885
48091,q48_t885
48091,q48_t886
48092,q48_t887
48092,q48_t888
48093,q48_t888
48093,q48_t889
48094,q48_t890
48094,q48_t891
48095,q48_t891
48095,q48_t892
48096,q48_t893
48096,q48_t894
48097,q48_t894
48097,q48_t895
48098,q48_t896
48098,q48_t897
48099,q48_t897
48099,q48_t898
48100,q48_t899
48100,q48_t900
48101,q48_t900
48101,q48_t901
48102,q48_t902
48102,q48_t903
48103,q48_t903
48103,q48_t904
48104,q48_t905
48104,q48_t906
48105,q48_t906
48105,q48_t907
48106,q48_t908
48106,q48_t909
48107,q48_t909
48107,q48_t910
48108,q48_t911
48108,q48_t912
48109,q48_t912
48109,q48_t913
48110,q48_t914
48110,q48_t915
48111,q48_t915
48111,q48_t916
48112,q48_t917
48112,q48_t918
48113,q48_t918
48113,q48_t919
48114,q48_t920
48114,q48_t921
48115,q48_t921
48115,q48_t922
48116,q48_t923
48116,q48_t924
48117,q48_t924
48117,q48_t925
48118,q48_t926
48118,q48_t927
48119,q48_t927
48119,q48_t928
48120,q48_t929
48120,q48_t930
48121,q48_t930
48121,q48_t931
48122,q48_t932
48122,q48_t933
48123,q48_t933
48123,q48_t934
48124,q48_t935
48124,q48_t936
48125,q48_t936
48125,q48_t937
48126,q48_t938
48126,q48_t939
48127,q48_t939
48127,q48_t940
48128,q48_t941
48128,q48_t942
48129,q48_t942
48129,q48_t943
48130,q48_t944
48130,q48_t945
48131,q48_t945
48131,q48_t946
48132,q48_t947
48132,q48_t948
48133,q48_t948
48133,q48_t952
48134,q48_t952
48134,q48_t953
48134,q49_t952
48134,q49_t953
48135,q48_t953
48135,q48_t954
48136,q48_t954
48136,q48_t955
48137,q48_t955
48137,q48_t956
48137,q50_t955
48137,q50_t956
48138,q48_t956
48138,q48_t957
48139,q48_t957
48139,q48_t958
48140,q48_t958
48140,q48_t959
48140,q51_t958
48140,q51_t959
48141,q48_t959
48141,q48_t960
48142,q48_t960
48142,q48_t961
48143,q48_t961
48143,q48_t962
48143,q52_t961
48143,q52_t962
48144,q48_t962
48144,q48_t963
48145,q48_t963
48145,q48_t964
48146,q48_t964
48146,q48_t965
48146,q53_t964
48146,q53_t965
48147,q48_t965
48147,q48_t966
48148,q48_t966
48148,q48_t967
48149,q48_t967
48149,q48_t968
48149,q54_t967
48149,q54_t968
48150,q48_t968
48150,q48_t969
48151,q48_t969
48151,q48_t970
48152,q48_t970
48152,q48_t971
48152,q55_t970
48152,q55_t971
48153,q48_t971
48153,q48_t972
48154,q48_t972
48154,q48_t973
48155,q48_t973
48155,q48_t974
48155,q56_t973
48155,q56_t974
48156,q48_t974
48156,q48_t975
48157,q48_t975
48157,q48_t976
48158,q48_t976
48158,q48_t977
48158,q57_t976
48158,q57_t977
48159,q48_t977
48159,q48_t978
48160,q48_t978
48160,q48_t979
48161,q48_t979
48161,q48_t980
48161,q58_t979
48161,q58_t980
48162,q48_t980
48162,q48_t981
48163,q48_t981
48163,q48_t982
48164,q48_t982
48164,q48_t983
48164,q59_t982
48164,q59_t983
48165,q48_t983
48165,q48_t984
48166,q48_t984
48166,q48_t985
48167,q48_t985
48167,q48_t986
48167,q60_t985
48167,q60_t986
48168,q48_t986
48168,q48_t987
48169,q48_t987
48169,q48_t988
48170,q48_t988
48170,q48_t989
48170,q61_t988
48170,q61_t989
48171,q48_t989
48171,q48_t990
48172,q48_t990
48172,q48_t991
48173,q48_t991
48173,q48_t992
48173,q62_t991
48173,q62_t992
48174,q48_t992
48174,q48_t993
48175,q48_t993
48175,q48_t994
48176,q48_t994
48176,q48_t995
48176,q63_t994
48176,q63_t995
48177,q48_t995
48177,q48_t996
48178,q48_t996
48178,q48_t997
48179,q48_t997
48179,q48_t998
48179,q64_t997
48179,q64_t998
48180,q48_t998
48180,q48_t999
48181,q49_t0
48181,q49_t1
48182,q49_t1
48182,q49_t146
48183,q49_t1000
48183,q49_t1001
48183,q64_t1000
48183,q64_t1001
48184,q49_t1000
48184,q49_t999
48185,q49_t1001
48185,q49_t1002
48186,q49_t1002
48186,q49_t1003
48187,q49_t1003
48187,q49_t1004
48187,q65_t1003
48187,q65_t1004
48188,q49_t1004
48188,q49_t1005
48189,q49_t1005
48189,q49_t1006
48190,q49_t1006
48190,q49_t1007
48190,q66_t1006
48190,q66_t1007
48191,q49_t1007
48191,q49_t1008
48192,q49_t1008
48192,q49_t1009
48193,q49_t1009
48193,q49_t1010
48193,q67_t1009
48193,q67_t1010
48194,q49_t1010
48194,q49_t1011
48195,q49_t1011
48195,q49_t1012
48196,q49_t1012
48196,q49_t1013
48196,q68_t1012
48196,q68_t1013
48197,q49_t1013
48197,q49_t1014
48198,q49_t1014
48198,q49_t1015
48199,q49_t1015
48199,q49_t1016
48199,q69_t1015
48199,q69_t1016
48200,q49_t1016
48200,q49_t1017
48201,q49_t1017
48201,q49_t1018
48202,q49_t1018
48202,q49_t1019
48202,q70_t1018
48202,q70_t1019
48203,q49_t1019
48203,q49_t1020
48204,q49_t1020
48204,q49_t1021
48205,q49_t1021
48205,q49_t1022
48205,q71_t1021
48205,q71_t1022
48206,q49_t1022
48206,q49_t1023
48207,q49_t1023
48207,q49_t1024
48208,q49_t1024
48208,q49_t1025
48208,q72_t1024
48208,q72_t1025
48209,q49_t1025
48209,q49_t1026
48210,q49_t1026
48210,q49_t1027
48211,q49_t1027
48211,q49_t1028
48211,q73_t1027
48211,q73_t1028
48212,q49_t1028
48212,q49_t1029
48213,q49_t1029
48213,q49_t1030
48214,q49_t1030
48214,q49_t1031
48214,q74_t1030
48214,q74_t1031
48215,q49_t1031
48215,q49_t1032
48216,q49_t1032
48216,q49_t1033
48217,q49_t1033
48217,q49_t1034
48217,q75_t1033
48217,q75_t1034
48218,q49_t1034
48218,q49_t1035
48219,q49_t1035
48219,q49_t1036
48220,q49_t1036
48220,q49_t1037
48220,q76_t1036
48220,q76_t1037
48221,q49_t1037
48221,q49_t1038
48222,q49_t1038
48222,q49_t1039
48223,q49_t1039
48223,q49_t1040
48223,q77_t1039
48223,q77_t1040
48224,q49_t1040
48224,q49_t1041
48225,q49_t1041
48225,q49_t1042
48226,q49_t1042
48226,q49_t1043
48226,q78_t1042
48226,q78_t1043
48227,q49_t1043
48227,q49_t1044
48228,q49_t1044
48228,q49_t1045
48229,q49_t1045
48229,q49_t1046
48229,q79_t1045
48229,q79_t1046
48230,q49_t1046
48230,q49_t1047
48231,q49_t1047
48231,q49_t1048
48232,q49_t1048
48232,q49_t1049
48232,q80_t1048
48232,q80_t1049
48233,q49_t1049
48233,q49_t1050
48234,q49_t1050
48234,q49_t1051
48235,q49_t1051
48235,q49_t1052
48235,q81_t1051
48235,q81_t1052
48236,q49_t1052
48236,q49_t1053
48237,q49_t1053
48237,q49_t1054
48238,q49_t1054
48238,q49_t1055
48238,q82_t1054
48238,q82_t1055
48239,q49_t1055
48239,q49_t1056
48240,q49_t1056
48240,q49_t1057
48241,q49_t1057
48241,q49_t1058
48241,q83_t1057
48241,q83_t1058
48242,q49_t1058
48242,q49_t1059
48243,q49_t1059
48243,q49_t1060
48244,q49_t1060
48244,q49_t1061
48244,q84_t1060
48244,q84_t1061
48245,q49_t1061
48245,q49_t1062
48246,q49_t1062
48246,q49_t1063
48247,q49_t1063
48247,q49_t1064
48247,q85_t1063
48247,q85_t1064
48248,q49_t1064
48248,q49_t1065
48249,q49_t1065
48249,q49_t1066
48250,q49_t1066
48250,q49_t1067
48250,q86_t1066
48250,q86_t1067
48251,q49_t1067
48251,q49_t1068
48252,q49_t1068
48252,q49_t1069
48253,q49_t1069
48253,q49_t1070
48253,q87_t1069
48253,q87_t1070
48254,q49_t1070
48254,q49_t1071
48255,q49_t1071
48255,q49_t1072
48256,q49_t1072
48256,q49_t1073
48256,q88_t1072
48256,q88_t1073
48257,q49_t1073
48257,q49_t1074
48258,q49_t1074
48258,q49_t1075
48259,q49_t1075
48259,q49_t1076
48259,q89_t1075
48259,q89_t1076
48260,q49_t1076
48260,q49_t1077
48261,q49_t1077
48261,q49_t1078
48262,q49_t1078
48262,q49_t1079
48262,q90_t1078
48262,q90_t1079
48263,q49_t1079
48263,q49_t1080
48264,q49_t1080
48264,q49_t1081
48265,q49_t1081
48265,q49_t1082
48265,q91_t1081
48265,q91_t1082
48266,q49_t1082
48266,q49_t1083
48267,q49_t1083
48267,q49_t1084
48268,q49_t1084
48268,q49_t1085
48268,q92_t1084
48268,q92_t1085
48269,q49_t1085
48269,q49_t1086
48270,q49_t1086
48270,q49_t1087
48271,q49_t1087
48271,q49_t1088
48271,q93_t1087
48271,q93_t1088
48272,q49_t1088
48272,q49_t1089
48273,q49_t1089
48273,q49_t1090
48274,q49_t1090
48274,q49_t1091
48274,q94_t1090
48274,q94_t1091
48275,q49_t1091
48275,q49_t1092
48276,q49_t1092
48276,q49_t1093
48277,q49_t1093
48277,q49_t1094
48277,q95_t1093
48277,q95_t1094
48278,q49_t1094
48278,q49_t1095
48279,q49_t1095
48279,q49_t1096
48280,q49_t1096
48280,q49_t1097
48280,q96_t1096
48280,q96_t1097
48281,q49_t1097
48281,q49_t1098
48282,q49_t1098
48282,q49_t1099
48283,q49_t1099
48283,q49_t1100
48283,q97_t1099
48283,q97_t1100
48284,q49_t1100
48284,q49_t1101
48285,q49_t1101
48285,q49_t1102
48286,q49_t1102
48286,q49_t1103
48286,q98_t1102
48286,q98_t1103
48287,q49_t1103
48287,q49_t1104
48288,q49_t1104
48288,q49_t1105
48289,q49_t1105
48289,q49_t1106
48289,q99_t1105
48289,q99_t1106
48290,q49_t1106
48290,q49_t1107
48291,q49_t1107
48291,q49_t1108
48292,q49_t1109
48292,q49_t1110
48293,q49_t1110
48293,q49_t1111
48294,q49_t1112
48294,q49_t1113
48295,q49_t1113
48295,q49_t1114
48296,q49_t1115
48296,q49_t1116
48297,q49_t1116
48297,q49_t1117
48298,q49_t1118
48298,q49_t1119
48299,q49_t1119
48299,q49_t1120
48300,q49_t1121
48300,q49_t1122
48301,q49_t1122
48301,q49_t1123
48302,q49_t1124
48302,q49_t1125
48303,q49_t1125
48303,q49_t1126
48304,q49_t1127
48304,q49_t1128
48305,q49_t1128
48305,q49_t1129
48306,q49_t1130
48306,q49_t1131
48307,q49_t1131
48307,q49_t1132
48308,q49_t1133
48308,q49_t1134
48309,q49_t1134
48309,q49_t1135
48310,q49_t1136
48310,q49_t1137
48311,q49_t1137
48311,q49_t1138
48312,q49_t147
48312,q49_t148
48313,q49_t148
48313,q49_t149
48314,q49_t150
48314,q49_t151
48315,q49_t151
48315,q49_t152
48316,q49_t153
48316,q49_t154
48317,q49_t154
48317,q49_t155
48318,q49_t156
48318,q49_t157
48319,q49_t157
48319,q49_t158
48320,q49_t158
48320,q49_t159
48320,q4_t158
48320,q4_t159
48321,q49_t159
48321,q49_t160
48322,q49_t160
48322,q49_t161
48323,q49_t161
48323,q49_t162
48323,q5_t161
48323,q5_t162
48324,q49_t162
48324,q49_t163
48325,q49_t163
48325,q49_t164
48326,q49_t164
48326,q49_t165
48326,q6_t164
48326,q6_t165
48327,q49_t165
48327,q49_t166
48328,q49_t166
48328,q49_t167
48329,q49_t167
48329,q49_t168
48329,q7_t167
48329,q7_t168
48330,q49_t168
48330,q49_t169
48331,q49_t169
48331,q49_t170
48332,q49_t170
48332,q49_t171
48332,q8_t170
48332,q8_t171
48333,q49_t171
48333,q49_t172
48334,q49_t172
48334,q49_t173
48335,q49_t173
48335,q49_t174
48335,q9_t173
48335,q9_t174
48336,q49_t174
48336,q49_t175
48337,q49_t175
48337,q49_t176
48338,q49_t177
48338,q49_t178
48339,q49_t178
48339,q49_t179
48340,q49_t180
48340,q49_t181
48341,q49_t181
48341,q49_t182
48342,q49_t183
48342,q49_t184
48343,q49_t184
48343,q49_t185
48344,q49_t186
48344,q49_t187
48345,q49_t187
48345,q49_t188
48346,q49_t189
48346,q49_t190
48347,q49_t190
48347,q49_t191
48348,q49_t192
48348,q49_t193
48349,q49_t193
48349,q49_t194
48350,q49_t195
48350,q49_t196
48351,q49_t196
48351,q49_t197
48352,q49_t198
48352,q49_t199
48353,q49_t199
48353,q49_t200
48354,q49_t201
48354,q49_t202
48355,q49_t202
48355,q49_t203
48356,q49_t204
48356,q49_t205
48357,q49_t205
48357,q49_t206
48358,q49_t207
48358,q49_t208
48359,q49_t208
48359,q49_t209
48360,q49_t210
48360,q49_t211
48361,q49_t211
48361,q49_t212
48362,q49_t213
48362,q49_t214
48363,q49_t214
48363,q49_t215
48364,q49_t216
48364,q49_t217
48365,q49_t217
48365,q49_t218
48366,q49_t219
48366,q49_t220
48367,q49_t220
48367,q49_t221
48368,q49_t222
48368,q49_t223
48369,q49_t223
48369,q49_t224
48370,q49_t225
48370,q49_t226
48371,q49_t226
48371,q49_t227
48372,q49_t228
48372,q49_t229
48373,q49_t229
48373,q49_t230
48374,q49_t231
48374,q49_t232
48375,q49_t232
48375,q49_t233
48376,q49_t234
48376,q49_t235
48377,q49_t235
48377,q49_t236
48378,q49_t237
48378,q49_t238
48379,q49_t238
48379,q49_t239
48380,q49_t240
48380,q49_t241
48381,q49_t241
48381,q49_t242
48382,q49_t243
48382,q49_t244
48383,q49_t244
48383,q49_t245
48384,q49_t246
48384,q49_t247
48385,q49_t247
48385,q49_t248
48386,q49_t249
48386,q49_t250
48387,q49_t250
48387,q49_t251
48388,q49_t252
48388,q49_t253
48389,q49_t253
48389,q49_t254
48390,q49_t255
48390,q49_t256
48391,q49_t256
48391,q49_t257
48392,q49_t258
48392,q49_t259
48393,q49_t259
48393,q49_t260
48394,q49_t261
48394,q49_t262
48395,q49_t262
48395,q49_t263
48396,q49_t264
48396,q49_t265
48397,q49_t265
48397,q49_t266
48398,q49_t267
48398,q49_t268
48399,q49_t268
48399,q49_t269
48400,q49_t270
48400,q49_t271
48401,q49_t271
48401,q49_t272
48402,q49_t273
48402,q49_t274
48403,q49_t274
48403,q49_t275
48404,q49_t276
48404,q49_t277
48405,q49_t277
48405,q49_t278
48406,q49_t279
48406,q49_t280
48407,q49_t280
48407,q49_t281
48408,q49_t282
48408,q49_t283
48409,q49_t283
48409,q49_t284
48410,q49_t285
48410,q49_t286
48411,q49_t286
48411,q49_t287
48412,q49_t288
48412,q49_t289
48413,q49_t289
48413,q49_t290
48414,q49_t291
48414,q49_t292
48415,q49_t292
48415,q49_t296
48416,q49_t296
48416,q49_t297
48416,q50_t296
48416,q50_t297
48417,q49_t297
48417,q49_t298
48418,q49_t298
48418,q49_t299
48419,q49_t299
48419,q49_t300
48419,q51_t299
48419,q51_t300
48420,q49_t300
48420,q49_t301
48421,q49_t301
48421,q49_t302
48422,q49_t302
48422,q49_t303
48422,q52_t302
48422,q52_t303
48423,q49_t303
48423,q49_t304
48424,q49_t304
48424,q49_t305
48425,q49_t305
48425,q49_t306
48425,q53_t305
48425,q53_t306
48426,q49_t306
48426,q49_t307
48427,q49_t307
48427,q49_t308
48428,q49_t308
48428,q49_t309
48428,q54_t308
48428,q54_t309
48429,q49_t309
48429,q49_t310
48430,q49_t310
48430,q49_t311
48431,q49_t311
48431,q49_t312
48431,q55_t311
48431,q55_t312
48432,q49_t312
48432,q49_t313
48433,q49_t313
48433,q49_t314
48434,q49_t314
48434,q49_t315
48434,q56_t314
48434,q56_t315
48435,q49_t315
48435,q49_t316
48436,q49_t316
48436,q49_t317
48437,q49_t317
48437,q49_t318
48437,q57_t317
48437,q57_t318
48438,q49_t318
48438,q49_t319
48439,q49_t319
48439,q49_t320
48440,q49_t320
48440,q49_t321
48440,q58_t320
48440,q58_t321
48441,q49_t321
48441,q49_t322
48442,q49_t322
48442,q49_t323
48443,q49_t323
48443,q49_t324
48443,q59_t323
48443,q59_t324
48444,q49_t324
48444,q49_t325
48445,q49_t325
48445,q49_t326
48446,q49_t326
48446,q49_t327
48446,q60_t326
48446,q60_t327
48447,q49_t327
48447,q49_t328
48448,q49_t328
48448,q49_t329
48449,q49_t329
48449,q49_t330
48449,q61_t329
48449,q61_t330
48450,q49_t330
48450,q49_t331
48451,q49_t331
48451,q49_t332
48452,q49_t332
48452,q49_t333
48452,q62_t332
48452,q62_t333
48453,q49_t333
48453,q49_t334
48454,q49_t334
48454,q49_t335
48455,q49_t335
48455,q49_t336
48455,q63_t335
48455,q63_t336
48456,q49_t336
48456,q49_t337
48457,q49_t337
48457,q49_t338
48458,q49_t338
48458,q49_t339
48458,q64_t338
48458,q64_t339
48459,q49_t339
48459,q49_t340
48460,q49_t340
48460,q49_t341
48461,q49_t341
48461,q49_t342
48461,q65_t341
48461,q65_t342
48462,q49_t342
48462,q49_t343
48463,q49_t343
48463,q49_t344
48464,q49_t344
48464,q49_t345
48464,q66_t344
48464,q66_t345
48465,q49_t345
48465,q49_t346
48466,q49_t346
48466,q49_t347
48467,q49_t347
48467,q49_t348
48467,q67_t347
48467,q67_t348
48468,q49_t348
48468,q49_t349
48469,q49_t349
48469,q49_t350
48470,q49_t350
48470,q49_t351
48470,q68_t350
48470,q68_t351
48471,q49_t351
48471,q49_t352
48472,q49_t352
48472,q49_t353
48473,q49_t353
48473,q49_t354
48473,q69_t353
48473,q69_t354
48474,q49_t354
48474,q49_t355
48475,q49_t355
48475,q49_t356
48476,q49_t356
48476,q49_t357
48476,q70_t356
48476,q70_t357
48477,q49_t357
48477,q49_t358
48478,q49_t358
48478,q49_t359
48479,q49_t359
48479,q49_t360
48479,q71_t359
48479,q71_t360
48480,q49_t360
48480,q49_t361
48481,q49_t361
48481,q49_t362
48482,q49_t362
48482,q49_t363
48482,q72_t362
48482,q72_t363
48483,q49_t363
48483,q49_t364
48484,q49_t364
48484,q49_t365
48485,q49_t365
48485,q49_t366
48485,q73_t365
48485,q73_t366
48486,q49_t366
48486,q49_t367
48487,q49_t367
48487,q49_t368
48488,q49_t368
48488,q49_t369
48488,q74_t368
48488,q74_t369
48489,q49_t369
48489,q49_t370
48490,q49_t370
48490,q49_t371
48491,q49_t371
48491,q49_t372
48491,q75_t371
48491,q75_t372
48492,q49_t372
48492,q49_t373
48493,q49_t373
48493,q49_t374
48494,q49_t374
48494,q49_t375
48494,q76_t374
48494,q76_t375
48495,q49_t375
48495,q49_t376
48496,q49_t376
48496,q49_t377
48497,q49_t377
48497,q49_t378
48497,q77_t377
48497,q77_t378
48498,q49_t378
48498,q49_t379
48499,q49_t379
48499,q49_t380
48500,q49_t380
48500,q49_t381
48500,q78_t380
48500,q78_t381
48501,q49_t381
48501,q49_t382
48502,q49_t382
48502,q49_t383
48503,q49_t383
48503,q49_t384
48503,q79_t383
48503,q79_t384
48504,q49_t384
48504,q49_t385
48505,q49_t385
48505,q49_t386
48506,q49_t386
48506,q49_t387
48506,q80_t386
48506,q80_t387
48507,q49_t387
48507,q49_t388
48508,q49_t388
48508,q49_t389
48509,q49_t389
48509,q49_t390
48509,q81_t389
48509,q81_t390
48510,q49_t390
48510,q49_t391
48511,q49_t391
48511,q49_t392
48512,q49_t392
48512,q49_t393
48512,q82_t392
48512,q82_t393
48513,q49_t393
48513,q49_t394
48514,q49_t394
48514,q49_t395
48515,q49_t395
48515,q49_t396
48515,q83_t395
48515,q83_t396
48516,q49_t396
48516,q49_t397
48517,q49_t397
48517,q49_t398
48518,q49_t398
48518,q49_t399
48518,q84_t398
48518,q84_t399
48519,q49_t399
48519,q49_t400
48520,q49_t400
48520,q49_t401
48521,q49_t401
48521,q49_t402
48521,q85_t401
48521,q85_t402
48522,q49_t402
48522,q49_t403
48523,q49_t403
48523,q49_t404
48524,q49_t404
48524,q49_t405
48524,q86_t404
48524,q86_t405
48525,q49_t405
48525,q49_t406
48526,q49_t406
48526,q49_t407
48527,q49_t407
48527,q49_t408
48527,q87_t407
48527,q87_t408
48528,q49_t408
48528,q49_t409
48529,q49_t409
48529,q49_t410
48530,q49_t410
48530,q49_t411
48530,q88_t410
48530,q88_t411
48531,q49_t411
48531,q49_t412
48532,q49_t412
48532,q49_t413
48533,q49_t413
48533,q49_t414
48533,q89_t413
48533,q89_t414
48534,q49_t414
48534,q49_t415
48535,q49_t415
48535,q49_t416
48536,q49_t416
48536,q49_t417
48536,q90_t416
48536,q90_t417
48537,q49_t417
48537,q49_t418
48538,q49_t418
48538,q49_t419
48539,q49_t419
48539,q49_t420
48539,q91_t419
48539,q91_t420
48540,q49_t420
48540,q49_t421
48541,q49_t421
48541,q49_t422
48542,q49_t422
48542,q49_t423
48542,q92_t422
48542,q92_t423
48543,q49_t423
48543,q49_t424
48544,q49_t424
48544,q49_t425
48545,q49_t425
48545,q49_t426
48545,q93_t425
48545,q93_t426
48546,q49_t426
48546,q49_t427
48547,q49_t427
48547,q49_t428
48548,q49_t428
48548,q49_t429
48548,q94_t428
48548,q94_t429
48549,q49_t429
48549,q49_t430
48550,q49_t430
48550,q49_t431
48551,q49_t431
48551,q49_t432
48551,q95_t431
48551,q95_t432
48552,q49_t432
48552,q49_t433
48553,q49_t433
48553,q49_t434
48554,q49_t434
48554,q49_t435
48554,q96_t434
48554,q96_t435
48555,q49_t435
48555,q49_t436
48556,q49_t436
48556,q49_t437
48557,q49_t437
48557,q49_t438
48557,q97_t437
48557,q97_t438
48558,q49_t438
48558,q49_t439
48559,q49_t439
48559,q49_t440
48560,q49_t440
48560,q49_t441
48560,q98_t440
48560,q98_t441
48561,q49_t441
48561,q49_t442
48562,q49_t442
48562,q49_t443
48563,q49_t443
48563,q49_t444
48563,q99_t443
48563,q99_t444
48564,q49_t444
48564,q49_t445
48565,q49_t445
48565,q49_t446
48566,q49_t447
48566,q49_t448
48567,q49_t448
48567,q49_t449
48568,q49_t450
48568,q49_t451
48569,q49_t451
48569,q49_t452
48570,q49_t453
48570,q49_t454
48571,q49_t454
48571,q49_t455
48572,q49_t456
48572,q49_t457
48573,q49_t457
48573,q49_t458
48574,q49_t459
48574,q49_t460
48575,q49_t460
48575,q49_t461
48576,q49_t462
48576,q49_t463
48577,q49_t463
48577,q49_t464
48578,q49_t465
48578,q49_t466
48579,q49_t466
48579,q49_t467
48580,q49_t468
48580,q49_t469
48581,q49_t469
48581,q49_t470
48582,q49_t471
48582,q49_t472
48583,q49_t472
48583,q49_t473
48584,q49_t474
48584,q49_t475
48585,q49_t475
48585,q49_t476
48586,q49_t476
48586,q49_t477
48587,q49_t478
48587,q49_t479
48588,q49_t479
48588,q49_t480
48589,q49_t481
48589,q49_t482
48590,q49_t482
48590,q49_t483
48591,q49_t484
48591,q49_t485
48592,q49_t485
48592,q49_t486
48593,q49_t487
48593,q49_t488
48594,q49_t488
48594,q49_t489
48595,q49_t489
48595,q49_t490
48595,q4_t489
48595,q4_t490
48596,q49_t490
48596,q49_t491
48597,q49_t491
48597,q49_t492
48598,q49_t492
48598,q49_t493
48598,q5_t492
48598,q5_t493
48599,q49_t493
48599,q49_t494
48600,q49_t494
48600,q49_t495
48601,q49_t495
48601,q49_t496
48601,q6_t495
48601,q6_t496
48602,q49_t496
48602,q49_t497
48603,q49_t497
48603,q49_t498
48604,q49_t498
48604,q49_t499
48604,q7_t498
48604,q7_t499
48605,q49_t499
48605,q49_t500
48606,q49_t500
48606,q49_t501
48607,q49_t501
48607,q49_t502
48607,q8_t501
48607,q8_t502
48608,q49_t502
48608,q49_t503
48609,q49_t503
48609,q49_t504
48610,q49_t504
48610,q49_t505
48610,q9_t504
48610,q9_t505
48611,q49_t505
48611,q49_t506
48612,q49_t506
48612,q49_t507
48613,q49_t508
48613,q49_t509
48614,q49_t509
48614,q49_t510
48615,q49_t511
48615,q49_t512
48616,q49_t512
48616,q49_t513
48617,q49_t514
48617,q49_t515
48618,q49_t515
48618,q49_t516
48619,q49_t517
48619,q49_t518
48620,q49_t518
48620,q49_t519
48621,q49_t520
48621,q49_t521
48622,q49_t521
48622,q49_t522
48623,q49_t523
48623,q49_t524
48624,q49_t524
48624,q49_t525
48625,q49_t526
48625,q49_t527
48626,q49_t527
48626,q49_t528
48627,q49_t529
48627,q49_t530
48628,q49_t530
48628,q49_t531
48629,q49_t532
48629,q49_t533
48630,q49_t533
48630,q49_t534
48631,q49_t535
48631,q49_t536
48632,q49_t536
48632,q49_t537
48633,q49_t538
48633,q49_t539
48634,q49_t539
48634,q49_t540
48635,q49_t541
48635,q49_t542
48636,q49_t542
48636,q49_t543
48637,q49_t544
48637,q49_t545
48638,q49_t545
48638,q49_t546
48639,q49_t547
48639,q49_t548
48640,q49_t548
48640,q49_t549
48641,q49_t550
48641,q49_t551
48642,q49_t551
48642,q49_t552
48643,q49_t553
48643,q49_t554
48644,q49_t554
48644,q49_t555
48645,q49_t556
48645,q49_t557
48646,q49_t557
48646,q49_t558
48647,q49_t559
48647,q49_t560
48648,q49_t560
48648,q49_t561
48649,q49_t562
48649,q49_t563
48650,q49_t563
48650,q49_t564
48651,q49_t565
48651,q49_t566
48652,q49_t566
48652,q49_t567
48653,q49_t568
48653,q49_t569
48654,q49_t569
48654,q49_t570
48655,q49_t571
48655,q49_t572
48656,q49_t572
48656,q49_t573
48657,q49_t574
48657,q49_t575
48658,q49_t575
48658,q49_t576
48659,q49_t577
48659,q49_t578
48660,q49_t578
48660,q49_t579
48661,q49_t580
48661,q49_t581
48662,q49_t581
48662,q49_t582
48663,q49_t583
48663,q49_t584
48664,q49_t584
48664,q49_t585
48665,q49_t586
48665,q49_t587
48666,q49_t587
48666,q49_t588
48667,q49_t589
48667,q49_t590
48668,q49_t590
48668,q49_t591
48669,q49_t592
48669,q49_t593
48670,q49_t593
48670,q49_t594
48671,q49_t595
48671,q49_t596
48672,q49_t596
48672,q49_t597
48673,q49_t598
48673,q49_t599
48674,q49_t599
48674,q49_t600
48675,q49_t601
48675,q49_t602
48676,q49_t602
48676,q49_t603
48677,q49_t604
48677,q49_t605
48678,q49_t605
48678,q49_t606
48679,q49_t607
48679,q49_t608
48680,q49_t608
48680,q49_t609
48681,q49_t610
48681,q49_t611
48682,q49_t611
48682,q49_t612
48683,q49_t613
48683,q49_t614
48684,q49_t614
48684,q49_t615
48685,q49_t616
48685,q49_t617
48686,q49_t617
48686,q49_t618
48687,q49_t619
48687,q49_t620
48688,q49_t620
48688,q49_t621
48689,q49_t622
48689,q49_t623
48690,q49_t623
48690,q49_t627
48691,q49_t627
48691,q49_t628
48691,q50_t627
48691,q50_t628
48692,q49_t628
48692,q49_t629
48693,q49_t629
48693,q49_t630
48694,q49_t630
48694,q49_t631
48694,q51_t630
48694,q51_t631
48695,q49_t631
48695,q49_t632
48696,q49_t632
48696,q49_t633
48697,q49_t633
48697,q49_t634
48697,q52_t633
48697,q52_t634
48698,q49_t634
48698,q49_t635
48699,q49_t635
48699,q49_t636
48700,q49_t636
48700,q49_t637
48700,q53_t636
48700,q53_t637
48701,q49_t637
48701,q49_t638
48702,q49_t638
48702,q49_t639
48703,q49_t639
48703,q49_t640
48703,q54_t639
48703,q54_t640
48704,q49_t640
48704,q49_t641
48705,q49_t641
48705,q49_t642
48706,q49_t642
48706,q49_t643
48706,q55_t642
48706,q55_t643
48707,q49_t643
48707,q49_t644
48708,q49_t644
48708,q49_t645
48709,q49_t645
48709,q49_t646
48709,q56_t645
48709,q56_t646
48710,q49_t646
48710,q49_t647
48711,q49_t647
48711,q49_t648
48712,q49_t648
48712,q49_t649
48712,q57_t648
48712,q57_t649
48713,q49_t649
48713,q49_t650
48714,q49_t650
48714,q49_t651
48715,q49_t651
48715,q49_t652
48715,q58_t651
48715,q58_t652
48716,q49_t652
48716,q49_t653
48717,q49_t653
48717,q49_t654
48718,q49_t654
48718,q49_t655
48718,q59_t654
48718,q59_t655
48719,q49_t655
48719,q49_t656
48720,q49_t656
48720,q49_t657
48721,q49_t657
48721,q49_t658
48721,q60_t657
48721,q60_t658
48722,q49_t658
48722,q49_t659
48723,q49_t659
48723,q49_t660
48724,q49_t660
48724,q49_t661
48724,q61_t660
48724,q61_t661
48725,q49_t661
48725,q49_t662
48726,q49_t662
48726,q49_t663
48727,q49_t663
48727,q49_t664
48727,q62_t663
48727,q62_t664
48728,q49_t664
48728,q49_t665
48729,q49_t665
48729,q49_t666
48730,q49_t666
48730,q49_t667
48730,q63_t666
48730,q63_t667
48731,q49_t667
48731,q49_t668
48732,q49_t668
48732,q49_t669
48733,q49_t669
48733,q49_t670
48733,q64_t669
48733,q64_t670
48734,q49_t670
48734,q49_t671
48735,q49_t671
48735,q49_t672
48736,q49_t672
48736,q49_t673
48736,q65_t672
48736,q65_t673
48737,q49_t673
48737,q49_t674
48738,q49_t674
48738,q49_t675
48739,q49_t675
48739,q49_t676
48739,q66_t675
48739,q66_t676
48740,q49_t676
48740,q49_t677
48741,q49_t677
48741,q49_t678
48742,q49_t678
48742,q49_t679
48742,q67_t678
48742,q67_t679
48743,q49_t679
48743,q49_t680
48744,q49_t680
48744,q49_t681
48745,q49_t681
48745,q49_t682
48745,q68_t681
48745,q68_t682
48746,q49_t682
48746,q49_t683
48747,q49_t683
48747,q49_t684
48748,q49_t684
48748,q49_t685
48748,q69_t684
48748,q69_t685
48749,q49_t685
48749,q49_t686
48750,q49_t686
48750,q49_t687
48751,q49_t687
48751,q49_t688
48751,q70_t687
48751,q70_t688
48752,q49_t688
48752,q49_t689
48753,q49_t689
48753,q49_t690
48754,q49_t690
48754,q49_t691
48754,q71_t690
48754,q71_t691
48755,q49_t691
48755,q49_t692
48756,q49_t692
48756,q49_t693
48757,q49_t693
48757,q49_t694
48757,q72_t693
48757,q72_t694
48758,q49_t694
48758,q49_t695
48759,q49_t695
48759,q49_t696
48760,q49_t696
48760,q49_t697
48760,q73_t696
48760,q73_t697
48761,q49_t697
48761,q49_t698
48762,q49_t698
48762,q49_t699
48763,q49_t699
48763,q49_t700
48763,q74_t699
48763,q74_t700
48764,q49_t700
48764,q49_t701
48765,q49_t701
48765,q49_t702
48766,q49_t702
48766,q49_t703
48766,q75_t702
48766,q75_t703
48767,q49_t703
48767,q49_t704
48768,q49_t704
48768,q49_t705
48769,q49_t705
48769,q49_t706
48769,q76_t705
48769,q76_t706
48770,q49_t706
48770,q49_t707
48771,q49_t707
48771,q49_t708
48772,q49_t708
48772,q49_t709
48772,q77_t708
48772,q77_t709
48773,q49_t709
48773,q49_t710
48774,q49_t710
48774,q49_t711
48775,q49_t711
48775,q49_t712
48775,q78_t711
48775,q78_t712
48776,q49_t712
48776,q49_t713
48777,q49_t713
48777,q49_t714
48778,q49_t714
48778,q49_t715
48778,q79_t714
48778,q79_t715
48779,q49_t715
48779,q49_t716
48780,q49_t716
48780,q49_t717
48781,q49_t717
48781,q49_t718
48781,q80_t717
48781,q80_t718
48782,q49_t718
48782,q49_t719
48783,q49_t719
48783,q49_t720
48784,q49_t720
48784,q49_t721
48784,q81_t720
48784,q81_t721
48785,q49_t721
48785,q49_t722
48786,q49_t722
48786,q49_t723
48787,q49_t723
48787,q49_t724
48787,q82_t723
48787,q82_t724
48788,q49_t724
48788,q49_t725
48789,q49_t725
48789,q49_t726
48790,q49_t726
48790,q49_t727
48790,q83_t726
48790,q83_t727
48791,q49_t727
48791,q49_t728
48792,q49_t728
48792,q49_t729
48793,q49_t729
48793,q49_t730
48793,q84_t729
48793,q84_t730
48794,q49_t730
48794,q49_t731
48795,q49_t731
48795,q49_t732
48796,q49_t732
48796,q49_t733
48796,q85_t732
48796,q85_t733
48797,q49_t733
48797,q49_t734
48798,q49_t734
48798,q49_t735
48799,q49_t735
48799,q49_t736
48799,q86_t735
48799,q86_t736
48800,q49_t736
48800,q49_t737
48801,q49_t737
48801,q49_t738
48802,q49_t738
48802,q49_t739
48802,q87_t738
48802,q87_t739
48803,q49_t739
48803,q49_t740
48804,q49_t740
48804,q49_t741
48805,q49_t741
48805,q49_t742
48805,q88_t741
48805,q88_t742
48806,q49_t742
48806,q49_t743
48807,q49_t743
48807,q49_t744
48808,q49_t744
48808,q49_t745
48808,q89_t744
48808,q89_t745
48809,q49_t745
48809,q49_t746
48810,q49_t746
48810,q49_t747
48811,q49_t747
48811,q49_t748
48811,q90_t747
48811,q90_t748
48812,q49_t748
48812,q49_t749
48813,q49_t749
48813,q49_t750
48814,q49_t750
48814,q49_t751
48814,q91_t750
48814,q91_t751
48815,q49_t751
48815,q49_t752
48816,q49_t752
48816,q49_t753
48817,q49_t753
48817,q49_t754
48817,q92_t753
48817,q92_t754
48818,q49_t754
48818,q49_t755
48819,q49_t755
48819,q49_t756
48820,q49_t756
48820,q49_t757
48820,q93_t756
48820,q93_t757
48821,q49_t757
48821,q49_t758
48822,q49_t758
48822,q49_t759
48823,q49_t759
48823,q49_t760
48823,q94_t759
48823,q94_t760
48824,q49_t760
48824,q49_t761
48825,q49_t761
48825,q49_t762
48826,q49_t762
48826,q49_t763
48826,q95_t762
48826,q95_t763
48827,q49_t763
48827,q49_t764
48828,q49_t764
48828,q49_t765
48829,q49_t765
48829,q49_t766
48829,q96_t765
48829,q96_t766
48830,q49_t766
48830,q49_t767
48831,q49_t767
48831,q49_t768
48832,q49_t768
48832,q49_t769
48832,q97_t768
48832,q97_t769
48833,q49_t769
48833,q49_t770
48834,q49_t770
48834,q49_t771
48835,q49_t771
48835,q49_t772
48835,q98_t771
48835,q98_t772
48836,q49_t772
48836,q49_t773
48837,q49_t773
48837,q49_t774
48838,q49_t774
48838,q49_t775
48838,q99_t774
48838,q99_t775
48839,q49_t775
48839,q49_t776
48840,q49_t776
48840,q49_t777
48841,q49_t778
48841,q49_t779
48842,q49_t779
48842,q49_t780
48843,q49_t781
48843,q49_t782
48844,q49_t782
48844,q49_t783
48845,q49_t784
48845,q49_t785
48846,q49_t785
48846,q49_t786
48847,q49_t787
48847,q49_t788
48848,q49_t788
48848,q49_t789
48849,q49_t790
48849,q49_t791
48850,q49_t791
48850,q49_t792
48851,q49_t793
48851,q49_t794
48852,q49_t794
48852,q49_t795
48853,q49_t796
48853,q49_t797
48854,q49_t797
48854,q49_t798
48855,q49_t799
48855,q49_t800
48856,q49_t800
48856,q49_t801
48857,q49_t802
48857,q49_t803
48858,q49_t803
48858,q49_t804
48859,q49_t805
48859,q49_t806
48860,q49_t806
48860,q49_t807
48861,q49_t807
48861,q49_t808
48862,q49_t809
48862,q49_t810
48863,q49_t810
48863,q49_t811
48864,q49_t812
48864,q49_t813
48865,q49_t813
48865,q49_t814
48866,q49_t815
48866,q49_t816
48867,q49_t816
48867,q49_t817
48868,q49_t818
48868,q49_t819
48869,q49_t819
48869,q49_t820
48870,q49_t820
48870,q49_t821
48870,q4_t820
48870,q4_t821
48871,q49_t821
48871,q49_t822
48872,q49_t822
48872,q49_t823
48873,q49_t823
48873,q49_t824
48873,q5_t823
48873,q5_t824
48874,q49_t824
48874,q49_t825
48875,q49_t825
48875,q49_t826
48876,q49_t826
48876,q49_t827
48876,q6_t826
48876,q6_t827
48877,q49_t827
48877,q49_t828
48878,q49_t828
48878,q49_t829
48879,q49_t829
48879,q49_t830
48879,q7_t829
48879,q7_t830
48880,q49_t830
48880,q49_t831
48881,q49_t831
48881,q49_t832
48882,q49_t832
48882,q49_t833
48882,q8_t832
48882,q8_t833
48883,q49_t833
48883,q49_t834
48884,q49_t834
48884,q49_t835
48885,q49_t835
48885,q49_t836
48885,q9_t835
48885,q9_t836
48886,q49_t836
48886,q49_t837
48887,q49_t837
48887,q49_t838
48888,q49_t839
48888,q49_t840
48889,q49_t840
48889,q49_t841
48890,q49_t842
48890,q49_t843
48891,q49_t843
48891,q49_t844
48892,q49_t845
48892,q49_t846
48893,q49_t846
48893,q49_t847
48894,q49_t848
48894,q49_t849
48895,q49_t849
48895,q49_t850
48896,q49_t851
48896,q49_t852
48897,q49_t852
48897,q49_t853
48898,q49_t854
48898,q49_t855
48899,q49_t855
48899,q49_t856
48900,q49_t857
48900,q49_t858
48901,q49_t858
48901,q49_t859
48902,q49_t860
48902,q49_t861
48903,q49_t861
48903,q49_t862
48904,q49_t863
48904,q49_t864
48905,q49_t864
48905,q49_t865
48906,q49_t866
48906,q49_t867
48907,q49_t867
48907,q49_t868
48908,q49_t869
48908,q49_t870
48909,q49_t870
48909,q49_t871
48910,q49_t872
48910,q49_t873
48911,q49_t873
48911,q49_t874
48912,q49_t875
48912,q49_t876
48913,q49_t876
48913,q49_t877
48914,q49_t878
48914,q49_t879
48915,q49_t879
48915,q49_t880
48916,q49_t881
48916,q49_t882
48917,q49_t882
48917,q49_t883
48918,q49_t884
48918,q49_t885
48919,q49_t885
48919,q49_t886
48920,q49_t887
48920,q49_t888
48921,q49_t888
48921,q49_t889
48922,q49_t890
48922,q49_t891
48923,q49_t891
48923,q49_t892
48924,q49_t893
48924,q49_t894
48925,q49_t894
48925,q49_t895
48926,q49_t896
48926,q49_t897
48927,q49_t897
48927,q49_t898
48928,q49_t899
48928,q49_t900
48929,q49_t900
48929,q49_t901
48930,q49_t902
48930,q49_t903
48931,q49_t903
48931,q49_t904
48932,q49_t905
48932,q49_t906
48933,q49_t906
48933,q49_t907
48934,q49_t908
48934,q49_t909
48935,q49_t909
48935,q49_t910
48936,q49_t911
48936,q49_t912
48937,q49_t912
48937,q49_t913
48938,q49_t914
48938,q49_t915
48939,q49_t915
48939,q49_t916
48940,q49_t917
48940,q49_t918
48941,q49_t918
48941,q49_t919
48942,q49_t920
48942,q49_t921
48943,q49_t921
48943,q49_t922
48944,q49_t923
48944,q49_t924
48945,q49_t924
48945,q49_t925
48946,q49_t926
48946,q49_t927
48947,q49_t927
48947,q49_t928
48948,q49_t929
48948,q49_t930
48949,q49_t930
48949,q49_t931
48950,q49_t932
48950,q49_t933
48951,q49_t933
48951,q49_t934
48952,q49_t935
48952,q49_t936
48953,q49_t936
48953,q49_t937
48954,q49_t938
48954,q49_t939
48955,q49_t939
48955,q49_t940
48956,q49_t941
48956,q49_t942
48957,q49_t942
48957,q49_t943
48958,q49_t944
48958,q49_t945
48959,q49_t945
48959,q49_t946
48960,q49_t947
48960,q49_t948
48961,q49_t948
48961,q49_t949
48962,q49_t950
48962,q49_t951
48963,q49_t951
48963,q49_t952
48964,q49_t953
48964,q49_t954
48965,q49_t954
48965,q49_t958
48966,q49_t958
48966,q49_t959
48966,q50_t958
48966,q50_t959
48967,q49_t959
48967,q49_t960
48968,q49_t960
48968,q49_t961
48969,q49_t961
48969,q49_t962
48969,q51_t961
48969,q51_t962
48970,q49_t962
48970,q49_t963
48971,q49_t963
48971,q49_t964
48972,q49_t964
48972,q49_t965
48972,q52_t964
48972,q52_t965
48973,q49_t965
48973,q49_t966
48974,q49_t966
48974,q49_t967
48975,q49_t967
48975,q49_t968
48975,q53_t967
48975,q53_t968
48976,q49_t968
48976,q49_t969
48977,q49_t969
48977,q49_t970
48978,q49_t970
48978,q49_t971
48978,q54_t970
48978,q54_t971
48979,q49_t971
48979,q49_t972
48980,q49_t972
48980,q49_t973
48981,q49_t973
48981,q49_t974
48981,q55_t973
48981,q55_t974
48982,q49_t974
48982,q49_t975
48983,q49_t975
48983,q49_t976
48984,q49_t976
48984,q49_t977
48984,q56_t976
48984,q56_t977
48985,q49_t977
48985,q49_t978
48986,q49_t978
48986,q49_t979
48987,q49_t979
48987,q49_t980
48987,q57_t979
48987,q57_t980
48988,q49_t980
48988,q49_t981
48989,q49_t981
48989,q49_t982
48990,q49_t982
48990,q49_t983
48990,q58_t982
48990,q58_t983
48991,q49_t983
48991,q49_t984
48992,q49_t984
48992,q49_t985
48993,q49_t985
48993,q49_t986
48993,q59_t985
48993,q59_t986
48994,q49_t986
48994,q49_t987
48995,q49_t987
48995,q49_t988
48996,q49_t988
48996,q49_t989
48996,q60_t988
48996,q60_t989
48997,q49_t989
48997,q49_t990
48998,q49_t990
48998,q49_t991
48999,q49_t991
48999,q49_t992
48999,q61_t991
48999,q61_t992
49000,q49_t992
49000,q49_t993
49001,q49_t993
49001,q49_t994
49002,q49_t994
49002,q49_t995
49002,q62_t994
49002,q62_t995
49003,q49_t995
49003,q49_t996
49004,q49_t996
49004,q49_t997
49005,q49_t997
49005,q49_t998
49005,q63_t997
49005,q63_t998
49006,q49_t998
49006,q49_t999
49007,q4_t0
49007,q4_t1
49008,q4_t1
49008,q4_t11
49009,q4_t100
49009,q4_t101
49010,q4_t100
49010,q4_t99
49011,q4_t1000
49011,q4_t999
49012,q4_t1001
49012,q4_t1002
49013,q4_t1002
49013,q4_t1003
49014,q4_t102
49014,q4_t103
49015,q4_t103
49015,q4_t104
49016,q4_t105
49016,q4_t106
49017,q4_t106
49017,q4_t107
49018,q4_t108
49018,q4_t109
49019,q4_t109
49019,q4_t110
49020,q4_t111
49020,q4_t112
49021,q4_t112
49021,q4_t113
49022,q4_t114
49022,q4_t115
49023,q4_t115
49023,q4_t116
49024,q4_t117
49024,q4_t118
49025,q4_t118
49025,q4_t119
49026,q4_t12
49026,q4_t13
49027,q4_t120
49027,q4_t121
49028,q4_t121
49028,q4_t122
49029,q4_t123
49029,q4_t124
49030,q4_t124
49030,q4_t125
49031,q4_t126
49031,q4_t127
49032,q4_t127
49032,q4_t128
49033,q4_t129
49033,q4_t130
49034,q4_t13
49034,q4_t14
49035,q4_t130
49035,q4_t131
49036,q4_t132
49036,q4_t133
49037,q4_t133
49037,q4_t134
49038,q4_t135
49038,q4_t136
49039,q4_t136
49039,q4_t137
49040,q4_t138
49040,q4_t139
49041,q4_t139
49041,q4_t140
49042,q4_t141
49042,q4_t142
49043,q4_t142
49043,q4_t143
49044,q4_t144
49044,q4_t145
49045,q4_t145
49045,q4_t146
49046,q4_t147
49046,q4_t148
49047,q4_t148
49047,q4_t149
49048,q4_t15
49048,q4_t16
49049,q4_t150
49049,q4_t151
49050,q4_t151
49050,q4_t152
49051,q4_t153
49051,q4_t154
49052,q4_t154
49052,q4_t155
49053,q4_t156
49053,q4_t157
49054,q4_t157
49054,q4_t158
49055,q4_t159
49055,q4_t160
49056,q4_t16
49056,q4_t17
49057,q4_t160
49057,q4_t161
49058,q4_t161
49058,q4_t162
49058,q50_t161
49058,q50_t162
49059,q4_t162
49059,q4_t163
49060,q4_t163
49060,q4_t164
49061,q4_t164
49061,q4_t165
49061,q51_t164
49061,q51_t165
49062,q4_t165
49062,q4_t166
49063,q4_t166
49063,q4_t167
49064,q4_t167
49064,q4_t168
49064,q52_t167
49064,q52_t168
49065,q4_t168
49065,q4_t169
49066,q4_t169
49066,q4_t170
49067,q4_t170
49067,q4_t171
49067,q53_t170
49067,q53_t171
49068,q4_t171
49068,q4_t172
49069,q4_t172
49069,q4_t173
49070,q4_t173
49070,q4_t174
49070,q54_t173
49070,q54_t174
49071,q4_t174
49071,q4_t175
49072,q4_t175
49072,q4_t176
49073,q4_t176
49073,q4_t177
49073,q55_t176
49073,q55_t177
49074,q4_t177
49074,q4_t178
49075,q4_t178
49075,q4_t179
49076,q4_t179
49076,q4_t180
49076,q56_t179
49076,q56_t180
49077,q4_t18
49077,q4_t19
49078,q4_t180
49078,q4_t181
49079,q4_t181
49079,q4_t182
49080,q4_t182
49080,q4_t183
49080,q57_t182
49080,q57_t183
49081,q4_t183
49081,q4_t184
49082,q4_t184
49082,q4_t185
49083,q4_t185
49083,q4_t186
49083,q58_t185
49083,q58_t186
49084,q4_t186
49084,q4_t187
49085,q4_t187
49085,q4_t188
49086,q4_t188
49086,q4_t189
49086,q59_t188
49086,q59_t189
49087,q4_t189
49087,q4_t190
49088,q4_t19
49088,q4_t20
49089,q4_t190
49089,q4_t191
49090,q4_t191
49090,q4_t192
49090,q60_t191
49090,q60_t192
49091,q4_t192
49091,q4_t193
49092,q4_t193
49092,q4_t194
49093,q4_t194
49093,q4_t195
49093,q61_t194
49093,q61_t195
49094,q4_t195
49094,q4_t196
49095,q4_t196
49095,q4_t197
49096,q4_t197
49096,q4_t198
49096,q62_t197
49096,q62_t198
49097,q4_t198
49097,q4_t199
49098,q4_t199
49098,q4_t200
49099,q4_t200
49099,q4_t201
49099,q63_t200
49099,q63_t201
49100,q4_t201
49100,q4_t202
49101,q4_t202
49101,q4_t203
49102,q4_t203
49102,q4_t204
49102,q64_t203
49102,q64_t204
49103,q4_t204
49103,q4_t205
49104,q4_t205
49104,q4_t206
49105,q4_t206
49105,q4_t207
49105,q65_t206
49105,q65_t207
49106,q4_t207
49106,q4_t208
49107,q4_t208
49107,q4_t209
49108,q4_t209
49108,q4_t210
49108,q66_t209
49108,q66_t210
49109,q4_t21
49109,q4_t22
49110,q4_t210
49110,q4_t211
49111,q4_t211
49111,q4_t212
49112,q4_t212
49112,q4_t213
49112,q67_t212
49112,q67_t213
49113,q4_t213
49113,q4_t214
49114,q4_t214
49114,q4_t215
49115,q4_t215
49115,q4_t216
49115,q68_t215
49115,q68_t216
49116,q4_t216
49116,q4_t217
49117,q4_t217
49117,q4_t218
49118,q4_t218
49118,q4_t219
49118,q69_t218
49118,q69_t219
49119,q4_t219
49119,q4_t220
49120,q4_t22
49120,q4_t26
49121,q4_t220
49121,q4_t221
49122,q4_t221
49122,q4_t222
49122,q70_t221
49122,q70_t222
49123,q4_t222
49123,q4_t223
49124,q4_t223
49124,q4_t224
49125,q4_t224
49125,q4_t225
49125,q71_t224
49125,q71_t225
49126,q4_t225
49126,q4_t226
49127,q4_t226
49127,q4_t227
49128,q4_t227
49128,q4_t228
49128,q72_t227
49128,q72_t228
49129,q4_t228
49129,q4_t229
49130,q4_t229
49130,q4_t230
49131,q4_t230
49131,q4_t231
49131,q73_t230
49131,q73_t231
49132,q4_t231
49132,q4_t232
49133,q4_t232
49133,q4_t233
49134,q4_t233
49134,q4_t234
49134,q74_t233
49134,q74_t234
49135,q4_t234
49135,q4_t235
49136,q4_t235
49136,q4_t236
49137,q4_t236
49137,q4_t237
49137,q75_t236
49137,q75_t237
49138,q4_t237
49138,q4_t238
49139,q4_t238
49139,q4_t239
49140,q4_t239
49140,q4_t240
49140,q76_t239
49140,q76_t240
49141,q4_t240
49141,q4_t241
49142,q4_t241
49142,q4_t242
49143,q4_t242
49143,q4_t243
49143,q77_t242
49143,q77_t243
49144,q4_t243
49144,q4_t244
49145,q4_t244
49145,q4_t245
49146,q4_t245
49146,q4_t246
49146,q78_t245
49146,q78_t246
49147,q4_t246
49147,q4_t247
49148,q4_t247
49148,q4_t248
49149,q4_t248
49149,q4_t249
49149,q79_t248
49149,q79_t249
49150,q4_t249
49150,q4_t250
49151,q4_t250
49151,q4_t251
49152,q4_t251
49152,q4_t252
49152,q80_t251
49152,q80_t252
49153,q4_t252
49153,q4_t253
49154,q4_t253
49154,q4_t254
49155,q4_t254
49155,q4_t255
49155,q81_t254
49155,q81_t255
49156,q4_t255
49156,q4_t256
49157,q4_t256
49157,q4_t257
49158,q4_t257
49158,q4_t258
49158,q82_t257
49158,q82_t258
49159,q4_t258
49159,q4_t259
49160,q4_t259
49160,q4_t260
49161,q4_t26
49161,q4_t27
49161,q5_t26
49161,q5_t27
49162,q4_t260
49162,q4_t261
49162,q83_t260
49162,q83_t261
49163,q4_t261
49163,q4_t262
49164,q4_t262
49164,q4_t263
49165,q4_t263
49165,q4_t264
49165,q84_t263
49165,q84_t264
49166,q4_t264
49166,q4_t265
49167,q4_t265
49167,q4_t266
49168,q4_t266
49168,q4_t267
49168,q85_t266
49168,q85_t267
49169,q4_t267
49169,q4_t268
49170,q4_t268
49170,q4_t269
49171,q4_t269
49171,q4_t270
49171,q86_t269
49171,q86_t270
49172,q4_t27
49172,q4_t28
49173,q4_t270
49173,q4_t271
49174,q4_t271
49174,q4_t272
49175,q4_t272
49175,q4_t273
49175,q87_t272
49175,q87_t273
49176,q4_t273
49176,q4_t274
49177,q4_t274
49177,q4_t275
49178,q4_t275
49178,q4_t276
49178,q88_t275
49178,q88_t276
49179,q4_t276
49179,q4_t277
49180,q4_t277
49180,q4_t278
49181,q4_t278
49181,q4_t279
49181,q89_t278
49181,q89_t279
49182,q4_t279
49182,q4_t280
49183,q4_t28
49183,q4_t29
49184,q4_t280
49184,q4_t281
49185,q4_t281
49185,q4_t282
49185,q90_t281
49185,q90_t282
49186,q4_t282
49186,q4_t283
49187,q4_t283
49187,q4_t284
49188,q4_t284
49188,q4_t285
49188,q91_t284
49188,q91_t285
49189,q4_t285
49189,q4_t286
49190,q4_t286
49190,q4_t287
49191,q4_t287
49191,q4_t288
49191,q92_t287
49191,q92_t288
49192,q4_t288
49192,q4_t289
49193,q4_t289
49193,q4_t290
49194,q4_t29
49194,q4_t30
49194,q6_t29
49194,q6_t30
49195,q4_t290
49195,q4_t291
49195,q93_t290
49195,q93_t291
49196,q4_t291
49196,q4_t292
49197,q4_t292
49197,q4_t293
49198,q4_t293
49198,q4_t294
49198,q94_t293
49198,q94_t294
49199,q4_t294
49199,q4_t295
49200,q4_t295
49200,q4_t296
49201,q4_t296
49201,q4_t297
49201,q95_t296
49201,q95_t297
49202,q4_t297
49202,q4_t298
49203,q4_t298
49203,q4_t299
49204,q4_t299
49204,q4_t300
49204,q96_t299
49204,q96_t300
49205,q4_t30
49205,q4_t31
49206,q4_t300
49206,q4_t301
49207,q4_t301
49207,q4_t302
49208,q4_t302
49208,q4_t303
49208,q97_t302
49208,q97_t303
49209,q4_t303
49209,q4_t304
49210,q4_t304
49210,q4_t305
49211,q4_t305
49211,q4_t306
49211,q98_t305
49211,q98_t306
49212,q4_t306
49212,q4_t307
49213,q4_t307
49213,q4_t308
49214,q4_t308
49214,q4_t309
49214,q99_t308
49214,q99_t309
49215,q4_t309
49215,q4_t310
49216,q4_t31
49216,q4_t32
49217,q4_t310
49217,q4_t311
49218,q4_t312
49218,q4_t313
49219,q4_t313
49219,q4_t314
49220,q4_t315
49220,q4_t316
49221,q4_t316
49221,q4_t317
49222,q4_t318
49222,q4_t319
49223,q4_t319
49223,q4_t320
49224,q4_t32
49224,q4_t33
49224,q7_t32
49224,q7_t33
49225,q4_t321
49225,q4_t322
49226,q4_t322
49226,q4_t323
49227,q4_t324
49227,q4_t325
49228,q4_t325
49228,q4_t326
49229,q4_t327
49229,q4_t328
49230,q4_t328
49230,q4_t329
49231,q4_t33
49231,q4_t34
49232,q4_t330
49232,q4_t331
49233,q4_t331
49233,q4_t332
49234,q4_t333
49234,q4_t334
49235,q4_t334
49235,q4_t335
49236,q4_t336
49236,q4_t337
49237,q4_t337
49237,q4_t338
49238,q4_t339
49238,q4_t340
49239,q4_t34
49239,q4_t35
49240,q4_t340
49240,q4_t341
49241,q4_t341
49241,q4_t342
49242,q4_t343
49242,q4_t344
49243,q4_t344
49243,q4_t345
49244,q4_t346
49244,q4_t347
49245,q4_t347
49245,q4_t348
49246,q4_t349
49246,q4_t350
49247,q4_t35
49247,q4_t36
49247,q8_t35
49247,q8_t36
49248,q4_t350
49248,q4_t351
49249,q4_t352
49249,q4_t353
49250,q4_t353
49250,q4_t357
49251,q4_t357
49251,q4_t358
49251,q5_t357
49251,q5_t358
49252,q4_t358
49252,q4_t359
49253,q4_t359
49253,q4_t360
49254,q4_t36
49254,q4_t37
49255,q4_t360
49255,q4_t361
49255,q6_t360
49255,q6_t361
49256,q4_t361
49256,q4_t362
49257,q4_t362
49257,q4_t363
49258,q4_t363
49258,q4_t364
49258,q7_t363
49258,q7_t364
49259,q4_t364
49259,q4_t365
49260,q4_t365
49260,q4_t366
49261,q4_t366
49261,q4_t367
49261,q8_t366
49261,q8_t367
49262,q4_t367
49262,q4_t368
49263,q4_t368
49263,q4_t369
49264,q4_t369
49264,q4_t370
49264,q9_t369
49264,q9_t370
49265,q4_t37
49265,q4_t38
49266,q4_t370
49266,q4_t371
49267,q4_t371
49267,q4_t372
49268,q4_t373
49268,q4_t374
49269,q4_t374
49269,q4_t375
49270,q4_t376
49270,q4_t377
49271,q4_t377
49271,q4_t378
49272,q4_t379
49272,q4_t380
49273,q4_t38
49273,q4_t39
49273,q9_t38
49273,q9_t39
49274,q4_t380
49274,q4_t381
49275,q4_t382
49275,q4_t383
49276,q4_t383
49276,q4_t384
49277,q4_t385
49277,q4_t386
49278,q4_t386
49278,q4_t387
49279,q4_t388
49279,q4_t389
49280,q4_t389
49280,q4_t390
49281,q4_t39
49281,q4_t40
49282,q4_t391
49282,q4_t392
49283,q4_t392
49283,q4_t393
49284,q4_t394
49284,q4_t395
49285,q4_t395
49285,q4_t396
49286,q4_t397
49286,q4_t398
49287,q4_t398
49287,q4_t399
49288,q4_t40
49288,q4_t41
49289,q4_t400
49289,q4_t401
49290,q4_t401
49290,q4_t402
49291,q4_t403
49291,q4_t404
49292,q4_t404
49292,q4_t405
49293,q4_t406
49293,q4_t407
49294,q4_t407
49294,q4_t408
49295,q4_t409
49295,q4_t410
49296,q4_t410
49296,q4_t411
49297,q4_t412
49297,q4_t413
49298,q4_t413
49298,q4_t414
49299,q4_t415
49299,q4_t416
49300,q4_t416
49300,q4_t417
49301,q4_t418
49301,q4_t419
49302,q4_t419
49302,q4_t420
49303,q4_t42
49303,q4_t43
49304,q4_t421
49304,q4_t422
49305,q4_t422
49305,q4_t423
49306,q4_t424
49306,q4_t425
49307,q4_t425
49307,q4_t426
49308,q4_t427
49308,q4_t428
49309,q4_t428
49309,q4_t429
49310,q4_t43
49310,q4_t44
49311,q4_t430
49311,q4_t431
49312,q4_t431
49312,q4_t432
49313,q4_t433
49313,q4_t434
49314,q4_t434
49314,q4_t435
49315,q4_t436
49315,q4_t437
49316,q4_t437
49316,q4_t438
49317,q4_t439
49317,q4_t440
49318,q4_t440
49318,q4_t441
49319,q4_t442
49319,q4_t443
49320,q4_t443
49320,q4_t444
49321,q4_t445
49321,q4_t446
49322,q4_t446
49322,q4_t447
49323,q4_t448
49323,q4_t449
49324,q4_t449
49324,q4_t450
49325,q4_t45
49325,q4_t46
49326,q4_t451
49326,q4_t452
49327,q4_t452
49327,q4_t453
49328,q4_t454
49328,q4_t455
49329,q4_t455
49329,q4_t456
49330,q4_t457
49330,q4_t458
49331,q4_t458
49331,q4_t459
49332,q4_t46
49332,q4_t47
49333,q4_t460
49333,q4_t461
49334,q4_t461
49334,q4_t462
49335,q4_t463
49335,q4_t464
49336,q4_t464
49336,q4_t465
49337,q4_t466
49337,q4_t467
49338,q4_t467
49338,q4_t468
49339,q4_t469
49339,q4_t470
49340,q4_t470
49340,q4_t471
49341,q4_t472
49341,q4_t473
49342,q4_t473
49342,q4_t474
49343,q4_t475
49343,q4_t476
49344,q4_t476
49344,q4_t477
49345,q4_t478
49345,q4_t479
49346,q4_t479
49346,q4_t480
49347,q4_t48
49347,q4_t49
49348,q4_t481
49348,q4_t482
49349,q4_t482
49349,q4_t483
49350,q4_t484
49350,q4_t485
49351,q4_t485
49351,q4_t486
49352,q4_t487
49352,q4_t488
49353,q4_t488
49353,q4_t489
49354,q4_t49
49354,q4_t50
49355,q4_t490
49355,q4_t491
49356,q4_t491
49356,q4_t492
49357,q4_t492
49357,q4_t493
49357,q50_t492
49357,q50_t493
49358,q4_t493
49358,q4_t494
49359,q4_t494
49359,q4_t495
49360,q4_t495
49360,q4_t496
49360,q51_t495
49360,q51_t496
49361,q4_t496
49361,q4_t497
49362,q4_t497
49362,q4_t498
49363,q4_t498
49363,q4_t499
49363,q52_t498
49363,q52_t499
49364,q4_t499
49364,q4_t500
49365,q4_t500
49365,q4_t501
49366,q4_t501
49366,q4_t502
49366,q53_t501
49366,q53_t502
49367,q4_t502
49367,q4_t503
49368,q4_t503
49368,q4_t504
49369,q4_t504
49369,q4_t505
49369,q54_t504
49369,q54_t505
49370,q4_t505
49370,q4_t506
49371,q4_t506
49371,q4_t507
49372,q4_t507
49372,q4_t508
49372,q55_t507
49372,q55_t508
49373,q4_t508
49373,q4_t509
49374,q4_t509
49374,q4_t510
49375,q4_t51
49375,q4_t52
49376,q4_t510
49376,q4_t511
49376,q56_t510
49376,q56_t511
49377,q4_t511
49377,q4_t512
49378,q4_t512
49378,q4_t513
49379,q4_t513
49379,q4_t514
49379,q57_t513
49379,q57_t514
49380,q4_t514
49380,q4_t515
49381,q4_t515
49381,q4_t516
49382,q4_t516
49382,q4_t517
49382,q58_t516
49382,q58_t517
49383,q4_t517
49383,q4_t518
49384,q4_t518
49384,q4_t519
49385,q4_t519
49385,q4_t520
49385,q59_t519
49385,q59_t520
49386,q4_t52
49386,q4_t53
49387,q4_t520
49387,q4_t521
49388,q4_t521
49388,q4_t522
49389,q4_t522
49389,q4_t523
49389,q60_t522
49389,q60_t523
49390,q4_t523
49390,q4_t524
49391,q4_t524
49391,q4_t525
49392,q4_t525
49392,q4_t526
49392,q61_t525
49392,q61_t526
49393,q4_t526
49393,q4_t527
49394,q4_t527
49394,q4_t528
49395,q4_t528
49395,q4_t529
49395,q62_t528
49395,q62_t529
49396,q4_t529
49396,q4_t530
49397,q4_t530
49397,q4_t531
49398,q4_t531
49398,q4_t532
49398,q63_t531
49398,q63_t532
49399,q4_t532
49399,q4_t533
49400,q4_t533
49400,q4_t534
49401,q4_t534
49401,q4_t535
49401,q64_t534
49401,q64_t535
49402,q4_t535
49402,q4_t536
49403,q4_t536
49403,q4_t537
49404,q4_t537
49404,q4_t538
49404,q65_t537
49404,q65_t538
49405,q4_t538
49405,q4_t539
49406,q4_t539
49406,q4_t540
49407,q4_t54
49407,q4_t55
49408,q4_t540
49408,q4_t541
49408,q66_t540
49408,q66_t541
49409,q4_t541
49409,q4_t542
49410,q4_t542
49410,q4_t543
49411,q4_t543
49411,q4_t544
49411,q67_t543
49411,q67_t544
49412,q4_t544
49412,q4_t545
49413,q4_t545
49413,q4_t546
49414,q4_t546
49414,q4_t547
49414,q68_t546
49414,q68_t547
49415,q4_t547
49415,q4_t548
49416,q4_t548
49416,q4_t549
49417,q4_t549
49417,q4_t550
49417,q69_t549
49417,q69_t550
49418,q4_t55
49418,q4_t56
49419,q4_t550
49419,q4_t551
49420,q4_t551
49420,q4_t552
49421,q4_t552
49421,q4_t553
49421,q70_t552
49421,q70_t553
49422,q4_t553
49422,q4_t554
49423,q4_t554
49423,q4_t555
49424,q4_t555
49424,q4_t556
49424,q71_t555
49424,q71_t556
49425,q4_t556
49425,q4_t557
49426,q4_t557
49426,q4_t558
49427,q4_t558
49427,q4_t559
49427,q72_t558
49427,q72_t559
49428,q4_t559
49428,q4_t560
49429,q4_t560
49429,q4_t561
49430,q4_t561
49430,q4_t562
49430,q73_t561
49430,q73_t562
49431,q4_t562
49431,q4_t563
49432,q4_t563
49432,q4_t564
49433,q4_t564
49433,q4_t565
49433,q74_t564
49433,q74_t565
49434,q4_t565
49434,q4_t566
49435,q4_t566
49435,q4_t567
49436,q4_t567
49436,q4_t568
49436,q75_t567
49436,q75_t568
49437,q4_t568
49437,q4_t569
49438,q4_t569
49438,q4_t570
49439,q4_t57
49439,q4_t58
49440,q4_t570
49440,q4_t571
49440,q76_t570
49440,q76_t571
49441,q4_t571
49441,q4_t572
49442,q4_t572
49442,q4_t573
49443,q4_t573
49443,q4_t574
49443,q77_t573
49443,q77_t574
49444,q4_t574
49444,q4_t575
49445,q4_t575
49445,q4_t576
49446,q4_t576
49446,q4_t577
49446,q78_t576
49446,q78_t577
49447,q4_t577
49447,q4_t578
49448,q4_t578
49448,q4_t579
49449,q4_t579
49449,q4_t580
49449,q79_t579
49449,q79_t580
49450,q4_t58
49450,q4_t59
49451,q4_t580
49451,q4_t581
49452,q4_t581
49452,q4_t582
49453,q4_t582
49453,q4_t583
49453,q80_t582
49453,q80_t583
49454,q4_t583
49454,q4_t584
49455,q4_t584
49455,q4_t585
49456,q4_t585
49456,q4_t586
49456,q81_t585
49456,q81_t586
49457,q4_t586
49457,q4_t587
49458,q4_t587
49458,q4_t588
49459,q4_t588
49459,q4_t589
49459,q82_t588
49459,q82_t589
49460,q4_t589
49460,q4_t590
49461,q4_t590
49461,q4_t591
49462,q4_t591
49462,q4_t592
49462,q83_t591
49462,q83_t592
49463,q4_t592
49463,q4_t593
49464,q4_t593
49464,q4_t594
49465,q4_t594
49465,q4_t595
49465,q84_t594
49465,q84_t595
49466,q4_t595
49466,q4_t596
49467,q4_t596
49467,q4_t597
49468,q4_t597
49468,q4_t598
49468,q85_t597
49468,q85_t598
49469,q4_t598
49469,q4_t599
49470,q4_t599
49470,q4_t600
49471,q4_t60
49471,q4_t61
49472,q4_t600
49472,q4_t601
49472,q86_t600
49472,q86_t601
49473,q4_t601
49473,q4_t602
49474,q4_t602
49474,q4_t603
49475,q4_t603
49475,q4_t604
49475,q87_t603
49475,q87_t604
49476,q4_t604
49476,q4_t605
49477,q4_t605
49477,q4_t606
49478,q4_t606
49478,q4_t607
49478,q88_t606
49478,q88_t607
49479,q4_t607
49479,q4_t608
49480,q4_t608
49480,q4_t609
49481,q4_t609
49481,q4_t610
49481,q89_t609
49481,q89_t610
49482,q4_t61
49482,q4_t62
49483,q4_t610
49483,q4_t611
49484,q4_t611
49484,q4_t612
49485,q4_t612
49485,q4_t613
49485,q90_t612
49485,q90_t613
49486,q4_t613
49486,q4_t614
49487,q4_t614
49487,q4_t615
49488,q4_t615
49488,q4_t616
49488,q91_t615
49488,q91_t616
49489,q4_t616
49489,q4_t617
49490,q4_t617
49490,q4_t618
49491,q4_t618
49491,q4_t619
49491,q92_t618
49491,q92_t619
49492,q4_t619
49492,q4_t620
49493,q4_t620
49493,q4_t621
49494,q4_t621
49494,q4_t622
49494,q93_t621
49494,q93_t622
49495,q4_t622
49495,q4_t623
49496,q4_t623
49496,q4_t624
49497,q4_t624
49497,q4_t625
49497,q94_t624
49497,q94_t625
49498,q4_t625
49498,q4_t626
49499,q4_t626
49499,q4_t627
49500,q4_t627
49500,q4_t628
49500,q95_t627
49500,q95_t628
49501,q4_t628
49501,q4_t629
49502,q4_t629
49502,q4_t630
49503,q4_t63
49503,q4_t64
49504,q4_t630
49504,q4_t631
49504,q96_t630
49504,q96_t631
49505,q4_t631
49505,q4_t632
49506,q4_t632
49506,q4_t633
49507,q4_t633
49507,q4_t634
49507,q97_t633
49507,q97_t634
49508,q4_t634
49508,q4_t635
49509,q4_t635
49509,q4_t636
49510,q4_t636
49510,q4_t637
49510,q98_t636
49510,q98_t637
49511,q4_t637
49511,q4_t638
49512,q4_t638
49512,q4_t639
49513,q4_t639
49513,q4_t640
49513,q99_t639
49513,q99_t640
49514,q4_t64
49514,q4_t65
49515,q4_t640
49515,q4_t641
49516,q4_t641
49516,q4_t642
49517,q4_t643
49517,q4_t644
49518,q4_t644
49518,q4_t645
49519,q4_t646
49519,q4_t647
49520,q4_t647
49520,q4_t648
49521,q4_t649
49521,q4_t650
49522,q4_t650
49522,q4_t651
49523,q4_t652
49523,q4_t653
49524,q4_t653
49524,q4_t654
49525,q4_t655
49525,q4_t656
49526,q4_t656
49526,q4_t657
49527,q4_t658
49527,q4_t659
49528,q4_t659
49528,q4_t660
49529,q4_t66
49529,q4_t67
49530,q4_t661
49530,q4_t662
49531,q4_t662
49531,q4_t663
49532,q4_t664
49532,q4_t665
49533,q4_t665
49533,q4_t666
49534,q4_t667
49534,q4_t668
49535,q4_t668
49535,q4_t669
49536,q4_t67
49536,q4_t68
49537,q4_t670
49537,q4_t671
49538,q4_t671
49538,q4_t672
49539,q4_t672
49539,q4_t673
49540,q4_t674
49540,q4_t675
49541,q4_t675
49541,q4_t676
49542,q4_t677
49542,q4_t678
49543,q4_t678
49543,q4_t679
49544,q4_t680
49544,q4_t681
49545,q4_t681
49545,q4_t682
49546,q4_t683
49546,q4_t684
49547,q4_t684
49547,q4_t688
49548,q4_t688
49548,q4_t689
49548,q5_t688
49548,q5_t689
49549,q4_t689
49549,q4_t690
49550,q4_t69
49550,q4_t70
49551,q4_t690
49551,q4_t691
49552,q4_t691
49552,q4_t692
49552,q6_t691
49552,q6_t692
49553,q4_t692
49553,q4_t693
49554,q4_t693
49554,q4_t694
49555,q4_t694
49555,q4_t695
49555,q7_t694
49555,q7_t695
49556,q4_t695
49556,q4_t696
49557,q4_t696
49557,q4_t697
49558,q4_t697
49558,q4_t698
49558,q8_t697
49558,q8_t698
49559,q4_t698
49559,q4_t699
49560,q4_t699
49560,q4_t700
49561,q4_t70
49561,q4_t71
49562,q4_t700
49562,q4_t701
49562,q9_t700
49562,q9_t701
49563,q4_t701
49563,q4_t702
49564,q4_t702
49564,q4_t703
49565,q4_t704
49565,q4_t705
49566,q4_t705
49566,q4_t706
49567,q4_t707
49567,q4_t708
49568,q4_t708
49568,q4_t709
49569,q4_t710
49569,q4_t711
49570,q4_t711
49570,q4_t712
49571,q4_t713
49571,q4_t714
49572,q4_t714
49572,q4_t715
49573,q4_t716
49573,q4_t717
49574,q4_t717
49574,q4_t718
49575,q4_t719
49575,q4_t720
49576,q4_t72
49576,q4_t73
49577,q4_t720
49577,q4_t721
49578,q4_t722
49578,q4_t723
49579,q4_t723
49579,q4_t724
49580,q4_t725
49580,q4_t726
49581,q4_t726
49581,q4_t727
49582,q4_t728
49582,q4_t729
49583,q4_t729
49583,q4_t730
49584,q4_t73
49584,q4_t74
49585,q4_t731
49585,q4_t732
49586,q4_t732
49586,q4_t733
49587,q4_t734
49587,q4_t735
49588,q4_t735
49588,q4_t736
49589,q4_t737
49589,q4_t738
49590,q4_t738
49590,q4_t739
49591,q4_t740
49591,q4_t741
49592,q4_t741
49592,q4_t742
49593,q4_t743
49593,q4_t744
49594,q4_t744
49594,q4_t745
49595,q4_t746
49595,q4_t747
49596,q4_t747
49596,q4_t748
49597,q4_t749
49597,q4_t750
49598,q4_t75
49598,q4_t76
49599,q4_t750
49599,q4_t751
49600,q4_t752
49600,q4_t753
49601,q4_t753
49601,q4_t754
49602,q4_t755
49602,q4_t756
49603,q4_t756
49603,q4_t757
49604,q4_t758
49604,q4_t759
49605,q4_t759
49605,q4_t760
49606,q4_t76
49606,q4_t77
49607,q4_t761
49607,q4_t762
49608,q4_t762
49608,q4_t763
49609,q4_t764
49609,q4_t765
49610,q4_t765
49610,q4_t766
49611,q4_t767
49611,q4_t768
49612,q4_t768
49612,q4_t769
49613,q4_t770
49613,q4_t771
49614,q4_t771
49614,q4_t772
49615,q4_t773
49615,q4_t774
49616,q4_t774
49616,q4_t775
49617,q4_t776
49617,q4_t777
49618,q4_t777
49618,q4_t778
49619,q4_t779
49619,q4_t780
49620,q4_t78
49620,q4_t79
49621,q4_t780
49621,q4_t781
49622,q4_t782
49622,q4_t783
49623,q4_t783
49623,q4_t784
49624,q4_t785
49624,q4_t786
49625,q4_t786
49625,q4_t787
49626,q4_t788
49626,q4_t789
49627,q4_t789
49627,q4_t790
49628,q4_t79
49628,q4_t80
49629,q4_t791
49629,q4_t792
49630,q4_t792
49630,q4_t793
49631,q4_t794
49631,q4_t795
49632,q4_t795
49632,q4_t796
49633,q4_t797
49633,q4_t798
49634,q4_t798
49634,q4_t799
49635,q4_t800
49635,q4_t801
49636,q4_t801
49636,q4_t802
49637,q4_t803
49637,q4_t804
49638,q4_t804
49638,q4_t805
49639,q4_t806
49639,q4_t807
49640,q4_t807
49640,q4_t808
49641,q4_t809
49641,q4_t810
49642,q4_t81
49642,q4_t82
49643,q4_t810
49643,q4_t811
49644,q4_t812
49644,q4_t813
49645,q4_t813
49645,q4_t814
49646,q4_t815
49646,q4_t816
49647,q4_t816
49647,q4_t817
49648,q4_t818
49648,q4_t819
49649,q4_t819
49649,q4_t820
49650,q4_t82
49650,q4_t83
49651,q4_t821
49651,q4_t822
49652,q4_t822
49652,q4_t823
49653,q4_t823
49653,q4_t824
49653,q50_t823
49653,q50_t824
49654,q4_t824
49654,q4_t825
49655,q4_t825
49655,q4_t826
49656,q4_t826
49656,q4_t827
49656,q51_t826
49656,q51_t827
49657,q4_t827
49657,q4_t828
49658,q4_t828
49658,q4_t829
49659,q4_t829
49659,q4_t830
49659,q52_t829
49659,q52_t830
49660,q4_t830
49660,q4_t831
49661,q4_t831
49661,q4_t832
49662,q4_t832
49662,q4_t833
49662,q53_t832
49662,q53_t833
49663,q4_t833
49663,q4_t834
49664,q4_t834
49664,q4_t835
49665,q4_t835
49665,q4_t836
49665,q54_t835
49665,q54_t836
49666,q4_t836
49666,q4_t837
49667,q4_t837
49667,q4_t838
49668,q4_t838
49668,q4_t839
49668,q55_t838
49668,q55_t839
49669,q4_t839
49669,q4_t840
49670,q4_t84
49670,q4_t85
49671,q4_t840
49671,q4_t841
49672,q4_t841
49672,q4_t842
49672,q56_t841
49672,q56_t842
49673,q4_t842
49673,q4_t843
49674,q4_t843
49674,q4_t844
49675,q4_t844
49675,q4_t845
49675,q57_t844
49675,q57_t845
49676,q4_t845
49676,q4_t846
49677,q4_t846
49677,q4_t847
49678,q4_t847
49678,q4_t848
49678,q58_t847
49678,q58_t848
49679,q4_t848
49679,q4_t849
49680,q4_t849
49680,q4_t850
49681,q4_t85
49681,q4_t86
49682,q4_t850
49682,q4_t851
49682,q59_t850
49682,q59_t851
49683,q4_t851
49683,q4_t852
49684,q4_t852
49684,q4_t853
49685,q4_t853
49685,q4_t854
49685,q60_t853
49685,q60_t854
49686,q4_t854
49686,q4_t855
49687,q4_t855
49687,q4_t856
49688,q4_t856
49688,q4_t857
49688,q61_t856
49688,q61_t857
49689,q4_t857
49689,q4_t858
49690,q4_t858
49690,q4_t859
49691,q4_t859
49691,q4_t860
49691,q62_t859
49691,q62_t860
49692,q4_t860
49692,q4_t861
49693,q4_t861
49693,q4_t862
49694,q4_t862
49694,q4_t863
49694,q63_t862
49694,q63_t863
49695,q4_t863
49695,q4_t864
49696,q4_t864
49696,q4_t865
49697,q4_t865
49697,q4_t866
49697,q64_t865
49697,q64_t866
49698,q4_t866
49698,q4_t867
49699,q4_t867
49699,q4_t868
49700,q4_t868
49700,q4_t869
49700,q65_t868
49700,q65_t869
49701,q4_t869
49701,q4_t870
49702,q4_t87
49702,q4_t88
49703,q4_t870
49703,q4_t871
49704,q4_t871
49704,q4_t872
49704,q66_t871
49704,q66_t872
49705,q4_t872
49705,q4_t873
49706,q4_t873
49706,q4_t874
49707,q4_t874
49707,q4_t875
49707,q67_t874
49707,q67_t875
49708,q4_t875
49708,q4_t876
49709,q4_t876
49709,q4_t877
49710,q4_t877
49710,q4_t878
49710,q68_t877
49710,q68_t878
49711,q4_t878
49711,q4_t879
49712,q4_t879
49712,q4_t880
49713,q4_t88
49713,q4_t89
49714,q4_t880
49714,q4_t881
49714,q69_t880
49714,q69_t881
49715,q4_t881
49715,q4_t882
49716,q4_t882
49716,q4_t883
49717,q4_t883
49717,q4_t884
49717,q70_t883
49717,q70_t884
49718,q4_t884
49718,q4_t885
49719,q4_t885
49719,q4_t886
49720,q4_t886
49720,q4_t887
49720,q71_t886
49720,q71_t887
49721,q4_t887
49721,q4_t888
49722,q4_t888
49722,q4_t889
49723,q4_t889
49723,q4_t890
49723,q72_t889
49723,q72_t890
49724,q4_t890
49724,q4_t891
49725,q4_t891
49725,q4_t892
49726,q4_t892
49726,q4_t893
49726,q73_t892
49726,q73_t893
49727,q4_t893
49727,q4_t894
49728,q4_t894
49728,q4_t895
49729,q4_t895
49729,q4_t896
49729,q74_t895
49729,q74_t896
49730,q4_t896
49730,q4_t897
49731,q4_t897
49731,q4_t898
49732,q4_t898
49732,q4_t899
49732,q75_t898
49732,q75_t899
49733,q4_t899
49733,q4_t900
49734,q4_t90
49734,q4_t91
49735,q4_t900
49735,q4_t901
49736,q4_t901
49736,q4_t902
49736,q76_t901
49736,q76_t902
49737,q4_t902
49737,q4_t903
49738,q4_t903
49738,q4_t904
49739,q4_t904
49739,q4_t905
49739,q77_t904
49739,q77_t905
49740,q4_t905
49740,q4_t906
49741,q4_t906
49741,q4_t907
49742,q4_t907
49742,q4_t908
49742,q78_t907
49742,q78_t908
49743,q4_t908
49743,q4_t909
49744,q4_t909
49744,q4_t910
49745,q4_t91
49745,q4_t92
49746,q4_t910
49746,q4_t911
49746,q79_t910
49746,q79_t911
49747,q4_t911
49747,q4_t912
49748,q4_t912
49748,q4_t913
49749,q4_t913
49749,q4_t914
49749,q80_t913
49749,q80_t914
49750,q4_t914
49750,q4_t915
49751,q4_t915
49751,q4_t916
49752,q4_t916
49752,q4_t917
49752,q81_t916
49752,q81_t917
49753,q4_t917
49753,q4_t918
49754,q4_t918
49754,q4_t919
49755,q4_t919
49755,q4_t920
49755,q82_t919
49755,q82_t920
49756,q4_t920
49756,q4_t921
49757,q4_t921
49757,q4_t922
49758,q4_t922
49758,q4_t923
49758,q83_t922
49758,q83_t923
49759,q4_t923
49759,q4_t924
49760,q4_t924
49760,q4_t925
49761,q4_t925
49761,q4_t926
49761,q84_t925
49761,q84_t926
49762,q4_t926
49762,q4_t927
49763,q4_t927
49763,q4_t928
49764,q4_t928
49764,q4_t929
49764,q85_t928
49764,q85_t929
49765,q4_t929
49765,q4_t930
49766,q4_t93
49766,q4_t94
49767,q4_t930
49767,q4_t931
49768,q4_t931
49768,q4_t932
49768,q86_t931
49768,q86_t932
49769,q4_t932
49769,q4_t933
49770,q4_t933
49770,q4_t934
49771,q4_t934
49771,q4_t935
49771,q87_t934
49771,q87_t935
49772,q4_t935
49772,q4_t936
49773,q4_t936
49773,q4_t937
49774,q4_t937
49774,q4_t938
49774,q88_t937
49774,q88_t938
49775,q4_t938
49775,q4_t939
49776,q4_t939
49776,q4_t940
49777,q4_t94
49777,q4_t95
49778,q4_t940
49778,q4_t941
49778,q89_t940
49778,q89_t941
49779,q4_t941
49779,q4_t942
49780,q4_t942
49780,q4_t943
49781,q4_t943
49781,q4_t944
49781,q90_t943
49781,q90_t944
49782,q4_t944
49782,q4_t945
49783,q4_t945
49783,q4_t946
49784,q4_t946
49784,q4_t947
49784,q91_t946
49784,q91_t947
49785,q4_t947
49785,q4_t948
49786,q4_t948
49786,q4_t949
49787,q4_t949
49787,q4_t950
49787,q92_t949
49787,q92_t950
49788,q4_t950
49788,q4_t951
49789,q4_t951
49789,q4_t952
49790,q4_t952
49790,q4_t953
49790,q93_t952
49790,q93_t953
49791,q4_t953
49791,q4_t954
49792,q4_t954
49792,q4_t955
49793,q4_t955
49793,q4_t956
49793,q94_t955
49793,q94_t956
49794,q4_t956
49794,q4_t957
49795,q4_t957
49795,q4_t958
49796,q4_t958
49796,q4_t959
49796,q95_t958
49796,q95_t959
49797,q4_t959
49797,q4_t960
49798,q4_t96
49798,q4_t97
49799,q4_t960
49799,q4_t961
49800,q4_t961
49800,q4_t962
49800,q96_t961
49800,q96_t962
49801,q4_t962
49801,q4_t963
49802,q4_t963
49802,q4_t964
49803,q4_t964
49803,q4_t965
49803,q97_t964
49803,q97_t965
49804,q4_t965
49804,q4_t966
49805,q4_t966
49805,q4_t967
49806,q4_t967
49806,q4_t968
49806,q98_t967
49806,q98_t968
49807,q4_t968
49807,q4_t969
49808,q4_t969
49808,q4_t970
49809,q4_t97
49809,q4_t98
49810,q4_t970
49810,q4_t971
49810,q99_t970
49810,q99_t971
49811,q4_t971
49811,q4_t972
49812,q4_t972
49812,q4_t973
49813,q4_t974
49813,q4_t975
49814,q4_t975
49814,q4_t976
49815,q4_t977
49815,q4_t978
49816,q4_t978
49816,q4_t979
49817,q4_t980
49817,q4_t981
49818,q4_t981
49818,q4_t982
49819,q4_t983
49819,q4_t984
49820,q4_t984
49820,q4_t985
49821,q4_t986
49821,q4_t987
49822,q4_t987
49822,q4_t988
49823,q4_t989
49823,q4_t990
49824,q4_t990
49824,q4_t991
49825,q4_t992
49825,q4_t993
49826,q4_t993
49826,q4_t994
49827,q4_t995
49827,q4_t996
49828,q4_t996
49828,q4_t997
49829,q4_t998
49829,q4_t999
49830,q50_t0
49830,q50_t1
49831,q50_t1
49831,q50_t149
49832,q50_t1000
49832,q50_t1001
49832,q63_t1000
49832,q63_t1001
49833,q50_t1000
49833,q50_t999
49834,q50_t1001
49834,q50_t1002
49835,q50_t1002
49835,q50_t1003
49836,q50_t1003
49836,q50_t1004
49836,q64_t1003
49836,q64_t1004
49837,q50_t1004
49837,q50_t1005
49838,q50_t1005
49838,q50_t1006
49839,q50_t1006
49839,q50_t1007
49839,q65_t1006
49839,q65_t1007
49840,q50_t1007
49840,q50_t1008
49841,q50_t1008
49841,q50_t1009
49842,q50_t1009
49842,q50_t1010
49842,q66_t1009
49842,q66_t1010
49843,q50_t1010
49843,q50_t1011
49844,q50_t1011
49844,q50_t1012
49845,q50_t1012
49845,q50_t1013
49845,q67_t1012
49845,q67_t1013
49846,q50_t1013
49846,q50_t1014
49847,q50_t1014
49847,q50_t1015
49848,q50_t1015
49848,q50_t1016
49848,q68_t1015
49848,q68_t1016
49849,q50_t1016
49849,q50_t1017
49850,q50_t1017
49850,q50_t1018
49851,q50_t1018
49851,q50_t1019
49851,q69_t1018
49851,q69_t1019
49852,q50_t1019
49852,q50_t1020
49853,q50_t1020
49853,q50_t1021
49854,q50_t1021
49854,q50_t1022
49854,q70_t1021
49854,q70_t1022
49855,q50_t1022
49855,q50_t1023
49856,q50_t1023
49856,q50_t1024
49857,q50_t1024
49857,q50_t1025
49857,q71_t1024
49857,q71_t1025
49858,q50_t1025
49858,q50_t1026
49859,q50_t1026
49859,q50_t1027
49860,q50_t1027
49860,q50_t1028
49860,q72_t1027
49860,q72_t1028
49861,q50_t1028
49861,q50_t1029
49862,q50_t1029
49862,q50_t1030
49863,q50_t1030
49863,q50_t1031
49863,q73_t1030
49863,q73_t1031
49864,q50_t1031
49864,q50_t1032
49865,q50_t1032
49865,q50_t1033
49866,q50_t1033
49866,q50_t1034
49866,q74_t1033
49866,q74_t1034
49867,q50_t1034
49867,q50_t1035
49868,q50_t1035
49868,q50_t1036
49869,q50_t1036
49869,q50_t1037
49869,q75_t1036
49869,q75_t1037
49870,q50_t1037
49870,q50_t1038
49871,q50_t1038
49871,q50_t1039
49872,q50_t1039
49872,q50_t1040
49872,q76_t1039
49872,q76_t1040
49873,q50_t1040
49873,q50_t1041
49874,q50_t1041
49874,q50_t1042
49875,q50_t1042
49875,q50_t1043
49875,q77_t1042
49875,q77_t1043
49876,q50_t1043
49876,q50_t1044
49877,q50_t1044
49877,q50_t1045
49878,q50_t1045
49878,q50_t1046
49878,q78_t1045
49878,q78_t1046
49879,q50_t1046
49879,q50_t1047
49880,q50_t1047
49880,q50_t1048
49881,q50_t1048
49881,q50_t1049
49881,q79_t1048
49881,q79_t1049
49882,q50_t1049
49882,q50_t1050
49883,q50_t1050
49883,q50_t1051
49884,q50_t1051
49884,q50_t1052
49884,q80_t1051
49884,q80_t1052
49885,q50_t1052
49885,q50_t1053
49886,q50_t1053
49886,q50_t1054
49887,q50_t1054
49887,q50_t1055
49887,q81_t1054
49887,q81_t1055
49888,q50_t1055
49888,q50_t1056
49889,q50_t1056
49889,q50_t1057
49890,q50_t1057
49890,q50_t1058
49890,q82_t1057
49890,q82_t1058
49891,q50_t1058
49891,q50_t1059
49892,q50_t1059
49892,q50_t1060
49893,q50_t1060
49893,q50_t1061
49893,q83_t1060
49893,q83_t1061
49894,q50_t1061
49894,q50_t1062
49895,q50_t1062
49895,q50_t1063
49896,q50_t1063
49896,q50_t1064
49896,q84_t1063
49896,q84_t1064
49897,q50_t1064
49897,q50_t1065
49898,q50_t1065
49898,q50_t1066
49899,q50_t1066
49899,q50_t1067
49899,q85_t1066
49899,q85_t1067
49900,q50_t1067
49900,q50_t1068
49901,q50_t1068
49901,q50_t1069
49902,q50_t1069
49902,q50_t1070
49902,q86_t1069
49902,q86_t1070
49903,q50_t1070
49903,q50_t1071
49904,q50_t1071
49904,q50_t1072
49905,q50_t1072
49905,q50_t1073
49905,q87_t1072
49905,q87_t1073
49906,q50_t1073
49906,q50_t1074
49907,q50_t1074
49907,q50_t1075
49908,q50_t1075
49908,q50_t1076
49908,q88_t1075
49908,q88_t1076
49909,q50_t1076
49909,q50_t1077
49910,q50_t1077
49910,q50_t1078
49911,q50_t1078
49911,q50_t1079
49911,q89_t1078
49911,q89_t1079
49912,q50_t1079
49912,q50_t1080
49913,q50_t1080
49913,q50_t1081
49914,q50_t1081
49914,q50_t1082
49914,q90_t1081
49914,q90_t1082
49915,q50_t1082
49915,q50_t1083
49916,q50_t1083
49916,q50_t1084
49917,q50_t1084
49917,q50_t1085
49917,q91_t1084
49917,q91_t1085
49918,q50_t1085
49918,q50_t1086
49919,q50_t1086
49919,q50_t1087
49920,q50_t1087
49920,q50_t1088
49920,q92_t1087
49920,q92_t1088
49921,q50_t1088
49921,q50_t1089
49922,q50_t1089
49922,q50_t1090
49923,q50_t1090
49923,q50_t1091
49923,q93_t1090
49923,q93_t1091
49924,q50_t1091
49924,q50_t1092
49925,q50_t1092
49925,q50_t1093
49926,q50_t1093
49926,q50_t1094
49926,q94_t1093
49926,q94_t1094
49927,q50_t1094
49927,q50_t1095
49928,q50_t1095
49928,q50_t1096
49929,q50_t1096
49929,q50_t1097
49929,q95_t1096
49929,q95_t1097
49930,q50_t1097
49930,q50_t1098
49931,q50_t1098
49931,q50_t1099
49932,q50_t1099
49932,q50_t1100
49932,q96_t1099
49932,q96_t1100
49933,q50_t1100
49933,q50_t1101
49934,q50_t1101
49934,q50_t1102
49935,q50_t1102
49935,q50_t1103
49935,q97_t1102
49935,q97_t1103
49936,q50_t1103
49936,q50_t1104
49937,q50_t1104
49937,q50_t1105
49938,q50_t1105
49938,q50_t1106
49938,q98_t1105
49938,q98_t1106
49939,q50_t1106
49939,q50_t1107
49940,q50_t1107
49940,q50_t1108
49941,q50_t1108
49941,q50_t1109
49941,q99_t1108
49941,q99_t1109
49942,q50_t1109
49942,q50_t1110
49943,q50_t1110
49943,q50_t1111
49944,q50_t1112
49944,q50_t1113
49945,q50_t1113
49945,q50_t1114
49946,q50_t1115
49946,q50_t1116
49947,q50_t1116
49947,q50_t1117
49948,q50_t1118
49948,q50_t1119
49949,q50_t1119
49949,q50_t1120
49950,q50_t1121
49950,q50_t1122
49951,q50_t1122
49951,q50_t1123
49952,q50_t1124
49952,q50_t1125
49953,q50_t1125
49953,q50_t1126
49954,q50_t1127
49954,q50_t1128
49955,q50_t1128
49955,q50_t1129
49956,q50_t1130
49956,q50_t1131
49957,q50_t1131
49957,q50_t1132
49958,q50_t1133
49958,q50_t1134
49959,q50_t1134
49959,q50_t1135
49960,q50_t1136
49960,q50_t1137
49961,q50_t1137
49961,q50_t1138
49962,q50_t1139
49962,q50_t1140
49963,q50_t1140
49963,q50_t1141
49964,q50_t150
49964,q50_t151
49965,q50_t151
49965,q50_t152
49966,q50_t153
49966,q50_t154
49967,q50_t154
49967,q50_t155
49968,q50_t156
49968,q50_t157
49969,q50_t157
49969,q50_t158
49970,q50_t159
49970,q50_t160
49971,q50_t160
49971,q50_t161
49972,q50_t162
49972,q50_t163
49973,q50_t163
49973,q50_t164
49974,q50_t164
49974,q50_t165
49974,q5_t164
49974,q5_t165
49975,q50_t165
49975,q50_t166
49976,q50_t166
49976,q50_t167
49977,q50_t167
49977,q50_t168
49977,q6_t167
49977,q6_t168
49978,q50_t168
49978,q50_t169
49979,q50_t169
49979,q50_t170
49980,q50_t170
49980,q50_t171
49980,q7_t170
49980,q7_t171
49981,q50_t171
49981,q50_t172
49982,q50_t172
49982,q50_t173
49983,q50_t173
49983,q50_t174
49983,q8_t173
49983,q8_t174
49984,q50_t174
49984,q50_t175
49985,q50_t175
49985,q50_t176
49986,q50_t176
49986,q50_t177
49986,q9_t176
49986,q9_t177
49987,q50_t177
49987,q50_t178
49988,q50_t178
49988,q50_t179
49989,q50_t180
49989,q50_t181
49990,q50_t181
49990,q50_t182
49991,q50_t183
49991,q50_t184
49992,q50_t184
49992,q50_t185
49993,q50_t186
49993,q50_t187
49994,q50_t187
49994,q50_t188
49995,q50_t189
49995,q50_t190
49996,q50_t190
49996,q50_t191
49997,q50_t192
49997,q50_t193
49998,q50_t193
49998,q50_t194
49999,q50_t195
49999,q50_t196
50000,q50_t196
50000,q50_t197
50001,q50_t198
50001,q50_t199
50002,q50_t199
50002,q50_t200
50003,q50_t201
50003,q50_t202
50004,q50_t202
50004,q50_t203
50005,q50_t204
50005,q50_t205
50006,q50_t205
50006,q50_t206
50007,q50_t207
50007,q50_t208
50008,q50_t208
50008,q50_t209
50009,q50_t210
50009,q50_t211
50010,q50_t211
50010,q50_t212
50011,q50_t213
50011,q50_t214
50012,q50_t214
50012,q50_t215
50013,q50_t216
50013,q50_t217
50014,q50_t217
50014,q50_t218
50015,q50_t219
50015,q50_t220
50016,q50_t220
50016,q50_t221
50017,q50_t222
50017,q50_t223
50018,q50_t223
50018,q50_t224
50019,q50_t225
50019,q50_t226
50020,q50_t226
50020,q50_t227
50021,q50_t228
50021,q50_t229
50022,q50_t229
50022,q50_t230
50023,q50_t231
50023,q50_t232
50024,q50_t232
50024,q50_t233
50025,q50_t234
50025,q50_t235
50026,q50_t235
50026,q50_t236
50027,q50_t237
50027,q50_t238
50028,q50_t238
50028,q50_t239
50029,q50_t240
50029,q50_t241
50030,q50_t241
50030,q50_t242
50031,q50_t243
50031,q50_t244
50032,q50_t244
50032,q50_t245
50033,q50_t246
50033,q50_t247
50034,q50_t247
50034,q50_t248
50035,q50_t249
50035,q50_t250
50036,q50_t250
50036,q50_t251
50037,q50_t252
50037,q50_t253
50038,q50_t253
50038,q50_t254
50039,q50_t255
50039,q50_t256
50040,q50_t256
50040,q50_t257
50041,q50_t258
50041,q50_t259
50042,q50_t259
50042,q50_t260
50043,q50_t261
50043,q50_t262
50044,q50_t262
50044,q50_t263
50045,q50_t264
50045,q50_t265
50046,q50_t265
50046,q50_t266
50047,q50_t267
50047,q50_t268
50048,q50_t268
50048,q50_t269
50049,q50_t270
50049,q50_t271
50050,q50_t271
50050,q50_t272
50051,q50_t273
50051,q50_t274
50052,q50_t274
50052,q50_t275
50053,q50_t276
50053,q50_t277
50054,q50_t277
50054,q50_t278
50055,q50_t279
50055,q50_t280
50056,q50_t280
50056,q50_t281
50057,q50_t282
50057,q50_t283
50058,q50_t283
50058,q50_t284
50059,q50_t285
50059,q50_t286
50060,q50_t286
50060,q50_t287
50061,q50_t288
50061,q50_t289
50062,q50_t289
50062,q50_t290
50063,q50_t291
50063,q50_t292
50064,q50_t292
50064,q50_t293
50065,q50_t294
50065,q50_t295
50066,q50_t295
50066,q50_t296
50067,q50_t297
50067,q50_t298
50068,q50_t298
50068,q50_t302
50069,q50_t302
50069,q50_t303
50069,q51_t302
50069,q51_t303
50070,q50_t303
50070,q50_t304
50071,q50_t304
50071,q50_t305
50072,q50_t305
50072,q50_t306
50072,q52_t305
50072,q52_t306
50073,q50_t306
50073,q50_t307
50074,q50_t307
50074,q50_t308
50075,q50_t308
50075,q50_t309
50075,q53_t308
50075,q53_t309
50076,q50_t309
50076,q50_t310
50077,q50_t310
50077,q50_t311
50078,q50_t311
50078,q50_t312
50078,q54_t311
50078,q54_t312
50079,q50_t312
50079,q50_t313
50080,q50_t313
50080,q50_t314
50081,q50_t314
50081,q50_t315
50081,q55_t314
50081,q55_t315
50082,q50_t315
50082,q50_t316
50083,q50_t316
50083,q50_t317
50084,q50_t317
50084,q50_t318
50084,q56_t317
50084,q56_t318
50085,q50_t318
50085,q50_t319
50086,q50_t319
50086,q50_t320
50087,q50_t320
50087,q50_t321
50087,q57_t320
50087,q57_t321
50088,q50_t321
50088,q50_t322
50089,q50_t322
50089,q50_t323
50090,q50_t323
50090,q50_t324
50090,q58_t323
50090,q58_t324
50091,q50_t324
50091,q50_t325
50092,q50_t325
50092,q50_t326
50093,q50_t326
50093,q50_t327
50093,q59_t326
50093,q59_t327
50094,q50_t327
50094,q50_t328
50095,q50_t328
50095,q50_t329
50096,q50_t329
50096,q50_t330
50096,q60_t329
50096,q60_t330
50097,q50_t330
50097,q50_t331
50098,q50_t331
50098,q50_t332
50099,q50_t332
50099,q50_t333
50099,q61_t332
50099,q61_t333
50100,q50_t333
50100,q50_t334
50101,q50_t334
50101,q50_t335
50102,q50_t335
50102,q50_t336
50102,q62_t335
50102,q62_t336
50103,q50_t336
50103,q50_t337
50104,q50_t337
50104,q50_t338
50105,q50_t338
50105,q50_t339
50105,q63_t338
50105,q63_t339
50106,q50_t339
50106,q50_t340
50107,q50_t340
50107,q50_t341
50108,q50_t341
50108,q50_t342
50108,q64_t341
50108,q64_t342
50109,q50_t342
50109,q50_t343
50110,q50_t343
50110,q50_t344
50111,q50_t344
50111,q50_t345
50111,q65_t344
50111,q65_t345
50112,q50_t345
50112,q50_t346
50113,q50_t346
50113,q50_t347
50114,q50_t347
50114,q50_t348
50114,q66_t347
50114,q66_t348
50115,q50_t348
50115,q50_t349
50116,q50_t349
50116,q50_t350
50117,q50_t350
50117,q50_t351
50117,q67_t350
50117,q67_t351
50118,q50_t351
50118,q50_t352
50119,q50_t352
50119,q50_t353
50120,q50_t353
50120,q50_t354
50120,q68_t353
50120,q68_t354
50121,q50_t354
50121,q50_t355
50122,q50_t355
50122,q50_t356
50123,q50_t356
50123,q50_t357
50123,q69_t356
50123,q69_t357
50124,q50_t357
50124,q50_t358
50125,q50_t358
50125,q50_t359
50126,q50_t359
50126,q50_t360
50126,q70_t359
50126,q70_t360
50127,q50_t360
50127,q50_t361
50128,q50_t361
50128,q50_t362
50129,q50_t362
50129,q50_t363
50129,q71_t362
50129,q71_t363
50130,q50_t363
50130,q50_t364
50131,q50_t364
50131,q50_t365
50132,q50_t365
50132,q50_t366
50132,q72_t365
50132,q72_t366
50133,q50_t366
50133,q50_t367
50134,q50_t367
50134,q50_t368
50135,q50_t368
50135,q50_t369
50135,q73_t368
50135,q73_t369
50136,q50_t369
50136,q50_t370
50137,q50_t370
50137,q50_t371
50138,q50_t371
50138,q50_t372
50138,q74_t371
50138,q74_t372
50139,q50_t372
50139,q50_t373
50140,q50_t373
50140,q50_t374
50141,q50_t374
50141,q50_t375
50141,q75_t374
50141,q75_t375
50142,q50_t375
50142,q50_t376
50143,q50_t376
50143,q50_t377
50144,q50_t377
50144,q50_t378
50144,q76_t377
50144,q76_t378
50145,q50_t378
50145,q50_t379
50146,q50_t379
50146,q50_t380
50147,q50_t380
50147,q50_t381
50147,q77_t380
50147,q77_t381
50148,q50_t381
50148,q50_t382
50149,q50_t382
50149,q50_t383
50150,q50_t383
50150,q50_t384
50150,q78_t383
50150,q78_t384
50151,q50_t384
50151,q50_t385
50152,q50_t385
50152,q50_t386
50153,q50_t386
50153,q50_t387
50153,q79_t386
50153,q79_t387
50154,q50_t387
50154,q50_t388
50155,q50_t388
50155,q50_t389
50156,q50_t389
50156,q50_t390
50156,q80_t389
50156,q80_t390
50157,q50_t390
50157,q50_t391
50158,q50_t391
50158,q50_t392
50159,q50_t392
50159,q50_t393
50159,q81_t392
50159,q81_t393
50160,q50_t393
50160,q50_t394
50161,q50_t394
50161,q50_t395
50162,q50_t395
50162,q50_t396
50162,q82_t395
50162,q82_t396
50163,q50_t396
50163,q50_t397
50164,q50_t397
50164,q50_t398
50165,q50_t398
50165,q50_t399
50165,q83_t398
50165,q83_t399
50166,q50_t399
50166,q50_t400
50167,q50_t400
50167,q50_t401
50168,q50_t401
50168,q50_t402
50168,q84_t401
50168,q84_t402
50169,q50_t402
50169,q50_t403
50170,q50_t403
50170,q50_t404
50171,q50_t404
50171,q50_t405
50171,q85_t404
50171,q85_t405
50172,q50_t405
50172,q50_t406
50173,q50_t406
50173,q50_t407
50174,q50_t407
50174,q50_t408
50174,q86_t407
50174,q86_t408
50175,q50_t408
50175,q50_t409
50176,q50_t409
50176,q50_t410
50177,q50_t410
50177,q50_t411
50177,q87_t410
50177,q87_t411
50178,q50_t411
50178,q50_t412
50179,q50_t412
50179,q50_t413
50180,q50_t413
50180,q50_t414
50180,q88_t413
50180,q88_t414
50181,q50_t414
50181,q50_t415
50182,q50_t415
50182,q50_t416
50183,q50_t416
50183,q50_t417
50183,q89_t416
50183,q89_t417
50184,q50_t417
50184,q50_t418
50185,q50_t418
50185,q50_t419
50186,q50_t419
50186,q50_t420
50186,q90_t419
50186,q90_t420
50187,q50_t420
50187,q50_t421
50188,q50_t421
50188,q50_t422
50189,q50_t422
50189,q50_t423
50189,q91_t422
50189,q91_t423
50190,q50_t423
50190,q50_t424
50191,q50_t424
50191,q50_t425
50192,q50_t425
50192,q50_t426
50192,q92_t425
50192,q92_t426
50193,q50_t426
50193,q50_t427
50194,q50_t427
50194,q50_t428
50195,q50_t428
50195,q50_t429
50195,q93_t428
50195,q93_t429
50196,q50_t429
50196,q50_t430
50197,q50_t430
50197,q50_t431
50198,q50_t431
50198,q50_t432
50198,q94_t431
50198,q94_t432
50199,q50_t432
50199,q50_t433
50200,q50_t433
50200,q50_t434
50201,q50_t434
50201,q50_t435
50201,q95_t434
50201,q95_t435
50202,q50_t435
50202,q50_t436
50203,q50_t436
50203,q50_t437
50204,q50_t437
50204,q50_t438
50204,q96_t437
50204,q96_t438
50205,q50_t438
50205,q50_t439
50206,q50_t439
50206,q50_t440
50207,q50_t440
50207,q50_t441
50207,q97_t440
50207,q97_t441
50208,q50_t441
50208,q50_t442
50209,q50_t442
50209,q50_t443
50210,q50_t443
50210,q50_t444
50210,q98_t443
50210,q98_t444
50211,q50_t444
50211,q50_t445
50212,q50_t445
50212,q50_t446
50213,q50_t446
50213,q50_t447
50213,q99_t446
50213,q99_t447
50214,q50_t447
50214,q50_t448
50215,q50_t448
50215,q50_t449
50216,q50_t450
50216,q50_t451
50217,q50_t451
50217,q50_t452
50218,q50_t453
50218,q50_t454
50219,q50_t454
50219,q50_t455
50220,q50_t456
50220,q50_t457
50221,q50_t457
50221,q50_t458
50222,q50_t459
50222,q50_t460
50223,q50_t460
50223,q50_t461
50224,q50_t462
50224,q50_t463
50225,q50_t463
50225,q50_t464
50226,q50_t465
50226,q50_t466
50227,q50_t466
50227,q50_t467
50228,q50_t468
50228,q50_t469
50229,q50_t469
50229,q50_t470
50230,q50_t471
50230,q50_t472
50231,q50_t472
50231,q50_t473
50232,q50_t474
50232,q50_t475
50233,q50_t475
50233,q50_t476
50234,q50_t477
50234,q50_t478
50235,q50_t478
50235,q50_t479
50236,q50_t479
50236,q50_t480
50237,q50_t481
50237,q50_t482
50238,q50_t482
50238,q50_t483
50239,q50_t484
50239,q50_t485
50240,q50_t485
50240,q50_t486
50241,q50_t487
50241,q50_t488
50242,q50_t488
50242,q50_t489
50243,q50_t490
50243,q50_t491
50244,q50_t491
50244,q50_t492
50245,q50_t493
50245,q50_t494
50246,q50_t494
50246,q50_t495
50247,q50_t495
50247,q50_t496
50247,q5_t495
50247,q5_t496
50248,q50_t496
50248,q50_t497
50249,q50_t497
50249,q50_t498
50250,q50_t498
50250,q50_t499
50250,q6_t498
50250,q6_t499
50251,q50_t499
50251,q50_t500
50252,q50_t500
50252,q50_t501
50253,q50_t501
50253,q50_t502
50253,q7_t501
50253,q7_t502
50254,q50_t502
50254,q50_t503
50255,q50_t503
50255,q50_t504
50256,q50_t504
50256,q50_t505
50256,q8_t504
50256,q8_t505
50257,q50_t505
50257,q50_t506
50258,q50_t506
50258,q50_t507
50259,q50_t507
50259,q50_t508
50259,q9_t507
50259,q9_t508
50260,q50_t508
50260,q50_t509
50261,q50_t509
50261,q50_t510
50262,q50_t511
50262,q50_t512
50263,q50_t512
50263,q50_t513
50264,q50_t514
50264,q50_t515
50265,q50_t515
50265,q50_t516
50266,q50_t517
50266,q50_t518
50267,q50_t518
50267,q50_t519
50268,q50_t520
50268,q50_t521
50269,q50_t521
50269,q50_t522
50270,q50_t523
50270,q50_t524
50271,q50_t524
50271,q50_t525
50272,q50_t526
50272,q50_t527
50273,q50_t527
50273,q50_t528
50274,q50_t529
50274,q50_t530
50275,q50_t530
50275,q50_t531
50276,q50_t532
50276,q50_t533
50277,q50_t533
50277,q50_t534
50278,q50_t535
50278,q50_t536
50279,q50_t536
50279,q50_t537
50280,q50_t538
50280,q50_t539
50281,q50_t539
50281,q50_t540
50282,q50_t541
50282,q50_t542
50283,q50_t542
50283,q50_t543
50284,q50_t544
50284,q50_t545
50285,q50_t545
50285,q50_t546
50286,q50_t547
50286,q50_t548
50287,q50_t548
50287,q50_t549
50288,q50_t550
50288,q50_t551
50289,q50_t551
50289,q50_t552
50290,q50_t553
50290,q50_t554
50291,q50_t554
50291,q50_t555
50292,q50_t556
50292,q50_t557
50293,q50_t557
50293,q50_t558
50294,q50_t559
50294,q50_t560
50295,q50_t560
50295,q50_t561
50296,q50_t562
50296,q50_t563
50297,q50_t563
50297,q50_t564
50298,q50_t565
50298,q50_t566
50299,q50_t566
50299,q50_t567
50300,q50_t568
50300,q50_t569
50301,q50_t569
50301,q50_t570
50302,q50_t571
50302,q50_t572
50303,q50_t572
50303,q50_t573
50304,q50_t574
50304,q50_t575
50305,q50_t575
50305,q50_t576
50306,q50_t577
50306,q50_t578
50307,q50_t578
50307,q50_t579
50308,q50_t580
50308,q50_t581
50309,q50_t581
50309,q50_t582
50310,q50_t583
50310,q50_t584
50311,q50_t584
50311,q50_t585
50312,q50_t586
50312,q50_t587
50313,q50_t587
50313,q50_t588
50314,q50_t589
50314,q50_t590
50315,q50_t590
50315,q50_t591
50316,q50_t592
50316,q50_t593
50317,q50_t593
50317,q50_t594
50318,q50_t595
50318,q50_t596
50319,q50_t596
50319,q50_t597
50320,q50_t598
50320,q50_t599
50321,q50_t599
50321,q50_t600
50322,q50_t601
50322,q50_t602
50323,q50_t602
50323,q50_t603
50324,q50_t604
50324,q50_t605
50325,q50_t605
50325,q50_t606
50326,q50_t607
50326,q50_t608
50327,q50_t608
50327,q50_t609
50328,q50_t610
50328,q50_t611
50329,q50_t611
50329,q50_t612
50330,q50_t613
50330,q50_t614
50331,q50_t614
50331,q50_t615
50332,q50_t616
50332,q50_t617
50333,q50_t617
50333,q50_t618
50334,q50_t619
50334,q50_t620
50335,q50_t620
50335,q50_t621
50336,q50_t622
50336,q50_t623
50337,q50_t623
50337,q50_t624
50338,q50_t625
50338,q50_t626
50339,q50_t626
50339,q50_t627
50340,q50_t628
50340,q50_t629
50341,q50_t629
50341,q50_t633
50342,q50_t633
50342,q50_t634
50342,q51_t633
50342,q51_t634
50343,q50_t634
50343,q50_t635
50344,q50_t635
50344,q50_t636
50345,q50_t636
50345,q50_t637
50345,q52_t636
50345,q52_t637
50346,q50_t637
50346,q50_t638
50347,q50_t638
50347,q50_t639
50348,q50_t639
50348,q50_t640
50348,q53_t639
50348,q53_t640
50349,q50_t640
50349,q50_t641
50350,q50_t641
50350,q50_t642
50351,q50_t642
50351,q50_t643
50351,q54_t642
50351,q54_t643
50352,q50_t643
50352,q50_t644
50353,q50_t644
50353,q50_t645
50354,q50_t645
50354,q50_t646
50354,q55_t645
50354,q55_t646
50355,q50_t646
50355,q50_t647
50356,q50_t647
50356,q50_t648
50357,q50_t648
50357,q50_t649
50357,q56_t648
50357,q56_t649
50358,q50_t649
50358,q50_t650
50359,q50_t650
50359,q50_t651
50360,q50_t651
50360,q50_t652
50360,q57_t651
50360,q57_t652
50361,q50_t652
50361,q50_t653
50362,q50_t653
50362,q50_t654
50363,q50_t654
50363,q50_t655
50363,q58_t654
50363,q58_t655
50364,q50_t655
50364,q50_t656
50365,q50_t656
50365,q50_t657
50366,q50_t657
50366,q50_t658
50366,q59_t657
50366,q59_t658
50367,q50_t658
50367,q50_t659
50368,q50_t659
50368,q50_t660
50369,q50_t660
50369,q50_t661
50369,q60_t660
50369,q60_t661
50370,q50_t661
50370,q50_t662
50371,q50_t662
50371,q50_t663
50372,q50_t663
50372,q50_t664
50372,q61_t663
50372,q61_t664
50373,q50_t664
50373,q50_t665
50374,q50_t665
50374,q50_t666
50375,q50_t666
50375,q50_t667
50375,q62_t666
50375,q62_t667
50376,q50_t667
50376,q50_t668
50377,q50_t668
50377,q50_t669
50378,q50_t669
50378,q50_t670
50378,q63_t669
50378,q63_t670
50379,q50_t670
50379,q50_t671
50380,q50_t671
50380,q50_t672
50381,q50_t672
50381,q50_t673
50381,q64_t672
50381,q64_t673
50382,q50_t673
50382,q50_t674
50383,q50_t674
50383,q50_t675
50384,q50_t675
50384,q50_t676
50384,q65_t675
50384,q65_t676
50385,q50_t676
50385,q50_t677
50386,q50_t677
50386,q50_t678
50387,q50_t678
50387,q50_t679
50387,q66_t678
50387,q66_t679
50388,q50_t679
50388,q50_t680
50389,q50_t680
50389,q50_t681
50390,q50_t681
50390,q50_t682
50390,q67_t681
50390,q67_t682
50391,q50_t682
50391,q50_t683
50392,q50_t683
50392,q50_t684
50393,q50_t684
50393,q50_t685
50393,q68_t684
50393,q68_t685
50394,q50_t685
50394,q50_t686
50395,q50_t686
50395,q50_t687
50396,q50_t687
50396,q50_t688
50396,q69_t687
50396,q69_t688
50397,q50_t688
50397,q50_t689
50398,q50_t689
50398,q50_t690
50399,q50_t690
50399,q50_t691
50399,q70_t690
50399,q70_t691
50400,q50_t691
50400,q50_t692
50401,q50_t692
50401,q50_t693
50402,q50_t693
50402,q50_t694
50402,q71_t693
50402,q71_t694
50403,q50_t694
50403,q50_t695
50404,q50_t695
50404,q50_t696
50405,q50_t696
50405,q50_t697
50405,q72_t696
50405,q72_t697
50406,q50_t697
50406,q50_t698
50407,q50_t698
50407,q50_t699
50408,q50_t699
50408,q50_t700
50408,q73_t699
50408,q73_t700
50409,q50_t700
50409,q50_t701
50410,q50_t701
50410,q50_t702
50411,q50_t702
50411,q50_t703
50411,q74_t702
50411,q74_t703
50412,q50_t703
50412,q50_t704
50413,q50_t704
50413,q50_t705
50414,q50_t705
50414,q50_t706
50414,q75_t705
50414,q75_t706
50415,q50_t706
50415,q50_t707
50416,q50_t707
50416,q50_t708
50417,q50_t708
50417,q50_t709
50417,q76_t708
50417,q76_t709
50418,q50_t709
50418,q50_t710
50419,q50_t710
50419,q50_t711
50420,q50_t711
50420,q50_t712
50420,q77_t711
50420,q77_t712
50421,q50_t712
50421,q50_t713
50422,q50_t713
50422,q50_t714
50423,q50_t714
50423,q50_t715
50423,q78_t714
50423,q78_t715
50424,q50_t715
50424,q50_t716
50425,q50_t716
50425,q50_t717
50426,q50_t717
50426,q50_t718
50426,q79_t717
50426,q79_t718
50427,q50_t718
50427,q50_t719
50428,q50_t719
50428,q50_t720
50429,q50_t720
50429,q50_t721
50429,q80_t720
50429,q80_t721
50430,q50_t721
50430,q50_t722
50431,q50_t722
50431,q50_t723
50432,q50_t723
50432,q50_t724
50432,q81_t723
50432,q81_t724
50433,q50_t724
50433,q50_t725
50434,q50_t725
50434,q50_t726
50435,q50_t726
50435,q50_t727
50435,q82_t726
50435,q82_t727
50436,q50_t727
50436,q50_t728
50437,q50_t728
50437,q50_t729
50438,q50_t729
50438,q50_t730
50438,q83_t729
50438,q83_t730
50439,q50_t730
50439,q50_t731
50440,q50_t731
50440,q50_t732
50441,q50_t732
50441,q50_t733
50441,q84_t732
50441,q84_t733
50442,q50_t733
50442,q50_t734
50443,q50_t734
50443,q50_t735
50444,q50_t735
50444,q50_t736
50444,q85_t735
50444,q85_t736
50445,q50_t736
50445,q50_t737
50446,q50_t737
50446,q50_t738
50447,q50_t738
50447,q50_t739
50447,q86_t738
50447,q86_t739
50448,q50_t739
50448,q50_t740
50449,q50_t740
50449,q50_t741
50450,q50_t741
50450,q50_t742
50450,q87_t741
50450,q87_t742
50451,q50_t742
50451,q50_t743
50452,q50_t743
50452,q50_t744
50453,q50_t744
50453,q50_t745
50453,q88_t744
50453,q88_t745
50454,q50_t745
50454,q50_t746
50455,q50_t746
50455,q50_t747
50456,q50_t747
50456,q50_t748
50456,q89_t747
50456,q89_t748
50457,q50_t748
50457,q50_t749
50458,q50_t749
50458,q50_t750
50459,q50_t750
50459,q50_t751
50459,q90_t750
50459,q90_t751
50460,q50_t751
50460,q50_t752
50461,q50_t752
50461,q50_t753
50462,q50_t753
50462,q50_t754
50462,q91_t753
50462,q91_t754
50463,q50_t754
50463,q50_t755
50464,q50_t755
50464,q50_t756
50465,q50_t756
50465,q50_t757
50465,q92_t756
50465,q92_t757
50466,q50_t757
50466,q50_t758
50467,q50_t758
50467,q50_t759
50468,q50_t759
50468,q50_t760
50468,q93_t759
50468,q93_t760
50469,q50_t760
50469,q50_t761
50470,q50_t761
50470,q50_t762
50471,q50_t762
50471,q50_t763
50471,q94_t762
50471,q94_t763
50472,q50_t763
50472,q50_t764
50473,q50_t764
50473,q50_t765
50474,q50_t765
50474,q50_t766
50474,q95_t765
50474,q95_t766
50475,q50_t766
50475,q50_t767
50476,q50_t767
50476,q50_t768
50477,q50_t768
50477,q50_t769
50477,q96_t768
50477,q96_t769
50478,q50_t769
50478,q50_t770
50479,q50_t770
50479,q50_t771
50480,q50_t771
50480,q50_t772
50480,q97_t771
50480,q97_t772
50481,q50_t772
50481,q50_t773
50482,q50_t773
50482,q50_t774
50483,q50_t774
50483,q50_t775
50483,q98_t774
50483,q98_t775
50484,q50_t775
50484,q50_t776
50485,q50_t776
50485,q50_t777
50486,q50_t777
50486,q50_t778
50486,q99_t777
50486,q99_t778
50487,q50_t778
50487,q50_t779
50488,q50_t779
50488,q50_t780
50489,q50_t781
50489,q50_t782
50490,q50_t782
50490,q50_t783
50491,q50_t784
50491,q50_t785
50492,q50_t785
50492,q50_t786
50493,q50_t787
50493,q50_t788
50494,q50_t788
50494,q50_t789
50495,q50_t790
50495,q50_t791
50496,q50_t791
50496,q50_t792
50497,q50_t793
50497,q50_t794
50498,q50_t794
50498,q50_t795
50499,q50_t796
50499,q50_t797
50500,q50_t797
50500,q50_t798
50501,q50_t799
50501,q50_t800
50502,q50_t800
50502,q50_t801
50503,q50_t802
50503,q50_t803
50504,q50_t803
50504,q50_t804
50505,q50_t805
50505,q50_t806
50506,q50_t806
50506,q50_t807
50507,q50_t808
50507,q50_t809
50508,q50_t809
50508,q50_t810
50509,q50_t810
50509,q50_t811
50510,q50_t812
50510,q50_t813
50511,q50_t813
50511,q50_t814
50512,q50_t815
50512,q50_t816
50513,q50_t816
50513,q50_t817
50514,q50_t818
50514,q50_t819
50515,q50_t819
50515,q50_t820
50516,q50_t821
50516,q50_t822
50517,q50_t822
50517,q50_t823
50518,q50_t824
50518,q50_t825
50519,q50_t825
50519,q50_t826
50520,q50_t826
50520,q50_t827
50520,q5_t826
50520,q5_t827
50521,q50_t827
50521,q50_t828
50522,q50_t828
50522,q50_t829
50523,q50_t829
50523,q50_t830
50523,q6_t829
50523,q6_t830
50524,q50_t830
50524,q50_t831
50525,q50_t831
50525,q50_t832
50526,q50_t832
50526,q50_t833
50526,q7_t832
50526,q7_t833
50527,q50_t833
50527,q50_t834
50528,q50_t834
50528,q50_t835
50529,q50_t835
50529,q50_t836
50529,q8_t835
50529,q8_t836
50530,q50_t836
50530,q50_t837
50531,q50_t837
50531,q50_t838
50532,q50_t838
50532,q50_t839
50532,q9_t838
50532,q9_t839
50533,q50_t839
50533,q50_t840
50534,q50_t840
50534,q50_t841
50535,q50_t842
50535,q50_t843
50536,q50_t843
50536,q50_t844
50537,q50_t845
50537,q50_t846
50538,q50_t846
50538,q50_t847
50539,q50_t848
50539,q50_t849
50540,q50_t849
50540,q50_t850
50541,q50_t851
50541,q50_t852
50542,q50_t852
50542,q50_t853
50543,q50_t854
50543,q50_t855
50544,q50_t855
50544,q50_t856
50545,q50_t857
50545,q50_t858
50546,q50_t858
50546,q50_t859
50547,q50_t860
50547,q50_t861
50548,q50_t861
50548,q50_t862
50549,q50_t863
50549,q50_t864
50550,q50_t864
50550,q50_t865
50551,q50_t866
50551,q50_t867
50552,q50_t867
50552,q50_t868
50553,q50_t869
50553,q50_t870
50554,q50_t870
50554,q50_t871
50555,q50_t872
50555,q50_t873
50556,q50_t873
50556,q50_t874
50557,q50_t875
50557,q50_t876
50558,q50_t876
50558,q50_t877
50559,q50_t878
50559,q50_t879
50560,q50_t879
50560,q50_t880
50561,q50_t881
50561,q50_t882
50562,q50_t882
50562,q50_t883
50563,q50_t884
50563,q50_t885
50564,q50_t885
50564,q50_t886
50565,q50_t887
50565,q50_t888
50566,q50_t888
50566,q50_t889
50567,q50_t890
50567,q50_t891
50568,q50_t891
50568,q50_t892
50569,q50_t893
50569,q50_t894
50570,q50_t894
50570,q50_t895
50571,q50_t896
50571,q50_t897
50572,q50_t897
50572,q50_t898
50573,q50_t899
50573,q50_t900
50574,q50_t900
50574,q50_t901
50575,q50_t902
50575,q50_t903
50576,q50_t903
50576,q50_t904
50577,q50_t905
50577,q50_t906
50578,q50_t906
50578,q50_t907
50579,q50_t908
50579,q50_t909
50580,q50_t909
50580,q50_t910
50581,q50_t911
50581,q50_t912
50582,q50_t912
50582,q50_t913
50583,q50_t914
50583,q50_t915
50584,q50_t915
50584,q50_t916
50585,q50_t917
50585,q50_t918
50586,q50_t918
50586,q50_t919
50587,q50_t920
50587,q50_t921
50588,q50_t921
50588,q50_t922
50589,q50_t923
50589,q50_t924
50590,q50_t924
50590,q50_t925
50591,q50_t926
50591,q50_t927
50592,q50_t927
50592,q50_t928
50593,q50_t929
50593,q50_t930
50594,q50_t930
50594,q50_t931
50595,q50_t932
50595,q50_t933
50596,q50_t933
50596,q50_t934
50597,q50_t935
50597,q50_t936
50598,q50_t936
50598,q50_t937
50599,q50_t938
50599,q50_t939
50600,q50_t939
50600,q50_t940
50601,q50_t941
50601,q50_t942
50602,q50_t942
50602,q50_t943
50603,q50_t944
50603,q50_t945
50604,q50_t945
50604,q50_t946
50605,q50_t947
50605,q50_t948
50606,q50_t948
50606,q50_t949
50607,q50_t950
50607,q50_t951
50608,q50_t951
50608,q50_t952
50609,q50_t953
50609,q50_t954
50610,q50_t954
50610,q50_t955
50611,q50_t956
50611,q50_t957
50612,q50_t957
50612,q50_t958
50613,q50_t959
50613,q50_t960
50614,q50_t960
50614,q50_t964
50615,q50_t964
50615,q50_t965
50615,q51_t964
50615,q51_t965
50616,q50_t965
50616,q50_t966
50617,q50_t966
50617,q50_t967
50618,q50_t967
50618,q50_t968
50618,q52_t967
50618,q52_t968
50619,q50_t968
50619,q50_t969
50620,q50_t969
50620,q50_t970
50621,q50_t970
50621,q50_t971
50621,q53_t970
50621,q53_t971
50622,q50_t971
50622,q50_t972
50623,q50_t972
50623,q50_t973
50624,q50_t973
50624,q50_t974
50624,q54_t973
50624,q54_t974
50625,q50_t974
50625,q50_t975
50626,q50_t975
50626,q50_t976
50627,q50_t976
50627,q50_t977
50627,q55_t976
50627,q55_t977
50628,q50_t977
50628,q50_t978
50629,q50_t978
50629,q50_t979
50630,q50_t979
50630,q50_t980
50630,q56_t979
50630,q56_t980
50631,q50_t980
50631,q50_t981
50632,q50_t981
50632,q50_t982
50633,q50_t982
50633,q50_t983
50633,q57_t982
50633,q57_t983
50634,q50_t983
50634,q50_t984
50635,q50_t984
50635,q50_t985
50636,q50_t985
50636,q50_t986
50636,q58_t985
50636,q58_t986
50637,q50_t986
50637,q50_t987
50638,q50_t987
50638,q50_t988
50639,q50_t988
50639,q50_t989
50639,q59_t988
50639,q59_t989
50640,q50_t989
50640,q50_t990
50641,q50_t990
50641,q50_t991
50642,q50_t991
50642,q50_t992
50642,q60_t991
50642,q60_t992
50643,q50_t992
50643,q50_t993
50644,q50_t993
50644,q50_t994
50645,q50_t994
50645,q50_t995
50645,q61_t994
50645,q61_t995
50646,q50_t995
50646,q50_t996
50647,q50_t996
50647,q50_t997
50648,q50_t997
50648,q50_t998
50648,q62_t997
50648,q62_t998
50649,q50_t998
50649,q50_t999
50650,q51_t0
50650,q51_t1
50651,q51_t1
50651,q51_t152
50652,q51_t1000
50652,q51_t1001
50652,q62_t1000
50652,q62_t1001
50653,q51_t1000
50653,q51_t999
50654,q51_t1001
50654,q51_t1002
50655,q51_t1002
50655,q51_t1003
50656,q51_t1003
50656,q51_t1004
50656,q63_t1003
50656,q63_t1004
50657,q51_t1004
50657,q51_t1005
50658,q51_t1005
50658,q51_t1006
50659,q51_t1006
50659,q51_t1007
50659,q64_t1006
50659,q64_t1007
50660,q51_t1007
50660,q51_t1008
50661,q51_t1008
50661,q51_t1009
50662,q51_t1009
50662,q51_t1010
50662,q65_t1009
50662,q65_t1010
50663,q51_t1010
50663,q51_t1011
50664,q51_t1011
50664,q51_t1012
50665,q51_t1012
50665,q51_t1013
50665,q66_t1012
50665,q66_t1013
50666,q51_t1013
50666,q51_t1014
50667,q51_t1014
50667,q51_t1015
50668,q51_t1015
50668,q51_t1016
50668,q67_t1015
50668,q67_t1016
50669,q51_t1016
50669,q51_t1017
50670,q51_t1017
50670,q51_t1018
50671,q51_t1018
50671,q51_t1019
50671,q68_t1018
50671,q68_t1019
50672,q51_t1019
50672,q51_t1020
50673,q51_t1020
50673,q51_t1021
50674,q51_t1021
50674,q51_t1022
50674,q69_t1021
50674,q69_t1022
50675,q51_t1022
50675,q51_t1023
50676,q51_t1023
50676,q51_t1024
50677,q51_t1024
50677,q51_t1025
50677,q70_t1024
50677,q70_t1025
50678,q51_t1025
50678,q51_t1026
50679,q51_t1026
50679,q51_t1027
50680,q51_t1027
50680,q51_t1028
50680,q71_t1027
50680,q71_t1028
50681,q51_t1028
50681,q51_t1029
50682,q51_t1029
50682,q51_t1030
50683,q51_t1030
50683,q51_t1031
50683,q72_t1030
50683,q72_t1031
50684,q51_t1031
50684,q51_t1032
50685,q51_t1032
50685,q51_t1033
50686,q51_t1033
50686,q51_t1034
50686,q73_t1033
50686,q73_t1034
50687,q51_t1034
50687,q51_t1035
50688,q51_t1035
50688,q51_t1036
50689,q51_t1036
50689,q51_t1037
50689,q74_t1036
50689,q74_t1037
50690,q51_t1037
50690,q51_t1038
50691,q51_t1038
50691,q51_t1039
50692,q51_t1039
50692,q51_t1040
50692,q75_t1039
50692,q75_t1040
50693,q51_t1040
50693,q51_t1041
50694,q51_t1041
50694,q51_t1042
50695,q51_t1042
50695,q51_t1043
50695,q76_t1042
50695,q76_t1043
50696,q51_t1043
50696,q51_t1044
50697,q51_t1044
50697,q51_t1045
50698,q51_t1045
50698,q51_t1046
50698,q77_t1045
50698,q77_t1046
50699,q51_t1046
50699,q51_t1047
50700,q51_t1047
50700,q51_t1048
50701,q51_t1048
50701,q51_t1049
50701,q78_t1048
50701,q78_t1049
50702,q51_t1049
50702,q51_t1050
50703,q51_t1050
50703,q51_t1051
50704,q51_t1051
50704,q51_t1052
50704,q79_t1051
50704,q79_t1052
50705,q51_t1052
50705,q51_t1053
50706,q51_t1053
50706,q51_t1054
50707,q51_t1054
50707,q51_t1055
50707,q80_t1054
50707,q80_t1055
50708,q51_t1055
50708,q51_t1056
50709,q51_t1056
50709,q51_t1057
50710,q51_t1057
50710,q51_t1058
50710,q81_t1057
50710,q81_t1058
50711,q51_t1058
50711,q51_t1059
50712,q51_t1059
50712,q51_t1060
50713,q51_t1060
50713,q51_t1061
50713,q82_t1060
50713,q82_t1061
50714,q51_t1061
50714,q51_t1062
50715,q51_t1062
50715,q51_t1063
50716,q51_t1063
50716,q51_t1064
50716,q83_t1063
50716,q83_t1064
50717,q51_t1064
50717,q51_t1065
50718,q51_t1065
50718,q51_t1066
50719,q51_t1066
50719,q51_t1067
50719,q84_t1066
50719,q84_t1067
50720,q51_t1067
50720,q51_t1068
50721,q51_t1068
50721,q51_t1069
50722,q51_t1069
50722,q51_t1070
50722,q85_t1069
50722,q85_t1070
50723,q51_t1070
50723,q51_t1071
50724,q51_t1071
50724,q51_t1072
50725,q51_t1072
50725,q51_t1073
50725,q86_t1072
50725,q86_t1073
50726,q51_t1073
50726,q51_t1074
50727,q51_t1074
50727,q51_t1075
50728,q51_t1075
50728,q51_t1076
50728,q87_t1075
50728,q87_t1076
50729,q51_t1076
50729,q51_t1077
50730,q51_t1077
50730,q51_t1078
50731,q51_t1078
50731,q51_t1079
50731,q88_t1078
50731,q88_t1079
50732,q51_t1079
50732,q51_t1080
50733,q51_t1080
50733,q51_t1081
50734,q51_t1081
50734,q51_t1082
50734,q89_t1081
50734,q89_t1082
50735,q51_t1082
50735,q51_t1083
50736,q51_t1083
50736,q51_t1084
50737,q51_t1084
50737,q51_t1085
50737,q90_t1084
50737,q90_t1085
50738,q51_t1085
50738,q51_t1086
50739,q51_t1086
50739,q51_t1087
50740,q51_t1087
50740,q51_t1088
50740,q91_t1087
50740,q91_t1088
50741,q51_t1088
50741,q51_t1089
50742,q51_t1089
50742,q51_t1090
50743,q51_t1090
50743,q51_t1091
50743,q92_t1090
50743,q92_t1091
50744,q51_t1091
50744,q51_t1092
50745,q51_t1092
50745,q51_t1093
50746,q51_t1093
50746,q51_t1094
50746,q93_t1093
50746,q93_t1094
50747,q51_t1094
50747,q51_t1095
50748,q51_t1095
50748,q51_t1096
50749,q51_t1096
50749,q51_t1097
50749,q94_t1096
50749,q94_t1097
50750,q51_t1097
50750,q51_t1098
50751,q51_t1098
50751,q51_t1099
50752,q51_t1099
50752,q51_t1100
50752,q95_t1099
50752,q95_t1100
50753,q51_t1100
50753,q51_t1101
50754,q51_t1101
50754,q51_t1102
50755,q51_t1102
50755,q51_t1103
50755,q96_t1102
50755,q96_t1103
50756,q51_t1103
50756,q51_t1104
50757,q51_t1104
50757,q51_t1105
50758,q51_t1105
50758,q51_t1106
50758,q97_t1105
50758,q97_t1106
50759,q51_t1106
50759,q51_t1107
50760,q51_t1107
50760,q51_t1108
50761,q51_t1108
50761,q51_t1109
50761,q98_t1108
50761,q98_t1109
50762,q51_t1109
50762,q51_t1110
50763,q51_t1110
50763,q51_t1111
50764,q51_t1111
50764,q51_t1112
50764,q99_t1111
50764,q99_t1112
50765,q51_t1112
50765,q51_t1113
50766,q51_t1113
50766,q51_t1114
50767,q51_t1115
50767,q51_t1116
50768,q51_t1116
50768,q51_t1117
50769,q51_t1118
50769,q51_t1119
50770,q51_t1119
50770,q51_t1120
50771,q51_t1121
50771,q51_t1122
50772,q51_t1122
50772,q51_t1123
50773,q51_t1124
50773,q51_t1125
50774,q51_t1125
50774,q51_t1126
50775,q51_t1127
50775,q51_t1128
50776,q51_t1128
50776,q51_t1129
50777,q51_t1130
50777,q51_t1131
50778,q51_t1131
50778,q51_t1132
50779,q51_t1133
50779,q51_t1134
50780,q51_t1134
50780,q51_t1135
50781,q51_t1136
50781,q51_t1137
50782,q51_t1137
50782,q51_t1138
50783,q51_t1139
50783,q51_t1140
50784,q51_t1140
50784,q51_t1141
50785,q51_t1142
50785,q51_t1143
50786,q51_t1143
50786,q51_t1144
50787,q51_t153
50787,q51_t154
50788,q51_t154
50788,q51_t155
50789,q51_t156
50789,q51_t157
50790,q51_t157
50790,q51_t158
50791,q51_t159
50791,q51_t160
50792,q51_t160
50792,q51_t161
50793,q51_t162
50793,q51_t163
50794,q51_t163
50794,q51_t164
50795,q51_t165
50795,q51_t166
50796,q51_t166
50796,q51_t167
50797,q51_t167
50797,q51_t168
50797,q5_t167
50797,q5_t168
50798,q51_t168
50798,q51_t169
50799,q51_t169
50799,q51_t170
50800,q51_t170
50800,q51_t171
50800,q6_t170
50800,q6_t171
50801,q51_t171
50801,q51_t172
50802,q51_t172
50802,q51_t173
50803,q51_t173
50803,q51_t174
50803,q7_t173
50803,q7_t174
50804,q51_t174
50804,q51_t175
50805,q51_t175
50805,q51_t176
50806,q51_t176
50806,q51_t177
50806,q8_t176
50806,q8_t177
50807,q51_t177
50807,q51_t178
50808,q51_t178
50808,q51_t179
50809,q51_t179
50809,q51_t180
50809,q9_t179
50809,q9_t180
50810,q51_t180
50810,q51_t181
50811,q51_t181
50811,q51_t182
50812,q51_t183
50812,q51_t184
50813,q51_t184
50813,q51_t185
50814,q51_t186
50814,q51_t187
50815,q51_t187
50815,q51_t188
50816,q51_t189
50816,q51_t190
50817,q51_t190
50817,q51_t191
50818,q51_t192
50818,q51_t193
50819,q51_t193
50819,q51_t194
50820,q51_t195
50820,q51_t196
50821,q51_t196
50821,q51_t197
50822,q51_t198
50822,q51_t199
50823,q51_t199
50823,q51_t200
50824,q51_t201
50824,q51_t202
50825,q51_t202
50825,q51_t203
50826,q51_t204
50826,q51_t205
50827,q51_t205
50827,q51_t206
50828,q51_t207
50828,q51_t208
50829,q51_t208
50829,q51_t209
50830,q51_t210
50830,q51_t211
50831,q51_t211
50831,q51_t212
50832,q51_t213
50832,q51_t214
50833,q51_t214
50833,q51_t215
50834,q51_t216
50834,q51_t217
50835,q51_t217
50835,q51_t218
50836,q51_t219
50836,q51_t220
50837,q51_t220
50837,q51_t221
50838,q51_t222
50838,q51_t223
50839,q51_t223
50839,q51_t224
50840,q51_t225
50840,q51_t226
50841,q51_t226
50841,q51_t227
50842,q51_t228
50842,q51_t229
50843,q51_t229
50843,q51_t230
50844,q51_t231
50844,q51_t232
50845,q51_t232
50845,q51_t233
50846,q51_t234
50846,q51_t235
50847,q51_t235
50847,q51_t236
50848,q51_t237
50848,q51_t238
50849,q51_t238
50849,q51_t239
50850,q51_t240
50850,q51_t241
50851,q51_t241
50851,q51_t242
50852,q51_t243
50852,q51_t244
50853,q51_t244
50853,q51_t245
50854,q51_t246
50854,q51_t247
50855,q51_t247
50855,q51_t248
50856,q51_t249
50856,q51_t250
50857,q51_t250
50857,q51_t251
50858,q51_t252
50858,q51_t253
50859,q51_t253
50859,q51_t254
50860,q51_t255
50860,q51_t256
50861,q51_t256
50861,q51_t257
50862,q51_t258
50862,q51_t259
50863,q51_t259
50863,q51_t260
50864,q51_t261
50864,q51_t262
50865,q51_t262
50865,q51_t263
50866,q51_t264
50866,q51_t265
50867,q51_t265
50867,q51_t266
50868,q51_t267
50868,q51_t268
50869,q51_t268
50869,q51_t269
50870,q51_t270
50870,q51_t271
50871,q51_t271
50871,q51_t272
50872,q51_t273
50872,q51_t274
50873,q51_t274
50873,q51_t275
50874,q51_t276
50874,q51_t277
50875,q51_t277
50875,q51_t278
50876,q51_t279
50876,q51_t280
50877,q51_t280
50877,q51_t281
50878,q51_t282
50878,q51_t283
50879,q51_t283
50879,q51_t284
50880,q51_t285
50880,q51_t286
50881,q51_t286
50881,q51_t287
50882,q51_t288
50882,q51_t289
50883,q51_t289
50883,q51_t290
50884,q51_t291
50884,q51_t292
50885,q51_t292
50885,q51_t293
50886,q51_t294
50886,q51_t295
50887,q51_t295
50887,q51_t296
50888,q51_t297
50888,q51_t298
50889,q51_t298
50889,q51_t299
50890,q51_t300
50890,q51_t301
50891,q51_t301
50891,q51_t302
50892,q51_t303
50892,q51_t304
50893,q51_t304
50893,q51_t308
50894,q51_t308
50894,q51_t309
50894,q52_t308
50894,q52_t309
50895,q51_t309
50895,q51_t310
50896,q51_t310
50896,q51_t311
50897,q51_t311
50897,q51_t312
50897,q53_t311
50897,q53_t312
50898,q51_t312
50898,q51_t313
50899,q51_t313
50899,q51_t314
50900,q51_t314
50900,q51_t315
50900,q54_t314
50900,q54_t315
50901,q51_t315
50901,q51_t316
50902,q51_t316
50902,q51_t317
50903,q51_t317
50903,q51_t318
50903,q55_t317
50903,q55_t318
50904,q51_t318
50904,q51_t319
50905,q51_t319
50905,q51_t320
50906,q51_t320
50906,q51_t321
50906,q56_t320
50906,q56_t321
50907,q51_t321
50907,q51_t322
50908,q51_t322
50908,q51_t323
50909,q51_t323
50909,q51_t324
50909,q57_t323
50909,q57_t324
50910,q51_t324
50910,q51_t325
50911,q51_t325
50911,q51_t326
50912,q51_t326
50912,q51_t327
50912,q58_t326
50912,q58_t327
50913,q51_t327
50913,q51_t328
50914,q51_t328
50914,q51_t329
50915,q51_t329
50915,q51_t330
50915,q59_t329
50915,q59_t330
50916,q51_t330
50916,q51_t331
50917,q51_t331
50917,q51_t332
50918,q51_t332
50918,q51_t333
50918,q60_t332
50918,q60_t333
50919,q51_t333
50919,q51_t334
50920,q51_t334
50920,q51_t335
50921,q51_t335
50921,q51_t336
50921,q61_t335
50921,q61_t336
50922,q51_t336
50922,q51_t337
50923,q51_t337
50923,q51_t338
50924,q51_t338
50924,q51_t339
50924,q62_t338
50924,q62_t339
50925,q51_t339
50925,q51_t340
50926,q51_t340
50926,q51_t341
50927,q51_t341
50927,q51_t342
50927,q63_t341
50927,q63_t342
50928,q51_t342
50928,q51_t343
50929,q51_t343
50929,q51_t344
50930,q51_t344
50930,q51_t345
50930,q64_t344
50930,q64_t345
50931,q51_t345
50931,q51_t346
50932,q51_t346
50932,q51_t347
50933,q51_t347
50933,q51_t348
50933,q65_t347
50933,q65_t348
50934,q51_t348
50934,q51_t349
50935,q51_t349
50935,q51_t350
50936,q51_t350
50936,q51_t351
50936,q66_t350
50936,q66_t351
50937,q51_t351
50937,q51_t352
50938,q51_t352
50938,q51_t353
50939,q51_t353
50939,q51_t354
50939,q67_t353
50939,q67_t354
50940,q51_t354
50940,q51_t355
50941,q51_t355
50941,q51_t356
50942,q51_t356
50942,q51_t357
50942,q68_t356
50942,q68_t357
50943,q51_t357
50943,q51_t358
50944,q51_t358
50944,q51_t359
50945,q51_t359
50945,q51_t360
50945,q69_t359
50945,q69_t360
50946,q51_t360
50946,q51_t361
50947,q51_t361
50947,q51_t362
50948,q51_t362
50948,q51_t363
50948,q70_t362
50948,q70_t363
50949,q51_t363
50949,q51_t364
50950,q51_t364
50950,q51_t365
50951,q51_t365
50951,q51_t366
50951,q71_t365
50951,q71_t366
50952,q51_t366
50952,q51_t367
50953,q51_t367
50953,q51_t368
50954,q51_t368
50954,q51_t369
50954,q72_t368
50954,q72_t369
50955,q51_t369
50955,q51_t370
50956,q51_t370
50956,q51_t371
50957,q51_t371
50957,q51_t372
50957,q73_t371
50957,q73_t372
50958,q51_t372
50958,q51_t373
50959,q51_t373
50959,q51_t374
50960,q51_t374
50960,q51_t375
50960,q74_t374
50960,q74_t375
50961,q51_t375
50961,q51_t376
50962,q51_t376
50962,q51_t377
50963,q51_t377
50963,q51_t378
50963,q75_t377
50963,q75_t378
50964,q51_t378
50964,q51_t379
50965,q51_t379
50965,q51_t380
50966,q51_t380
50966,q51_t381
50966,q76_t380
50966,q76_t381
50967,q51_t381
50967,q51_t382
50968,q51_t382
50968,q51_t383
50969,q51_t383
50969,q51_t384
50969,q77_t383
50969,q77_t384
50970,q51_t384
50970,q51_t385
50971,q51_t385
50971,q51_t386
50972,q51_t386
50972,q51_t387
50972,q78_t386
50972,q78_t387
50973,q51_t387
50973,q51_t388
50974,q51_t388
50974,q51_t389
50975,q51_t389
50975,q51_t390
50975,q79_t389
50975,q79_t390
50976,q51_t390
50976,q51_t391
50977,q51_t391
50977,q51_t392
50978,q51_t392
50978,q51_t393
50978,q80_t392
50978,q80_t393
50979,q51_t393
50979,q51_t394
50980,q51_t394
50980,q51_t395
50981,q51_t395
50981,q51_t396
50981,q81_t395
50981,q81_t396
50982,q51_t396
50982,q51_t397
50983,q51_t397
50983,q51_t398
50984,q51_t398
50984,q51_t399
50984,q82_t398
50984,q82_t399
50985,q51_t399
50985,q51_t400
50986,q51_t400
50986,q51_t401
50987,q51_t401
50987,q51_t402
50987,q83_t401
50987,q83_t402
50988,q51_t402
50988,q51_t403
50989,q51_t403
50989,q51_t404
50990,q51_t404
50990,q51_t405
50990,q84_t404
50990,q84_t405
50991,q51_t405
50991,q51_t406
50992,q51_t406
50992,q51_t407
50993,q51_t407
50993,q51_t408
50993,q85_t407
50993,q85_t408
50994,q51_t408
50994,q51_t409
50995,q51_t409
50995,q51_t410
50996,q51_t410
50996,q51_t411
50996,q86_t410
50996,q86_t411
50997,q51_t411
50997,q51_t412
50998,q51_t412
50998,q51_t413
50999,q51_t413
50999,q51_t414
50999,q87_t413
50999,q87_t414
51000,q51_t414
51000,q51_t415
51001,q51_t415
51001,q51_t416
51002,q51_t416
51002,q51_t417
51002,q88_t416
51002,q88_t417
51003,q51_t417
51003,q51_t418
51004,q51_t418
51004,q51_t419
51005,q51_t419
51005,q51_t420
51005,q89_t419
51005,q89_t420
51006,q51_t420
51006,q51_t421
51007,q51_t421
51007,q51_t422
51008,q51_t422
51008,q51_t423
51008,q90_t422
51008,q90_t423
51009,q51_t423
51009,q51_t424
51010,q51_t424
51010,q51_t425
51011,q51_t425
51011,q51_t426
51011,q91_t425
51011,q91_t426
51012,q51_t426
51012,q51_t427
51013,q51_t427
51013,q51_t428
51014,q51_t428
51014,q51_t429
51014,q92_t428
51014,q92_t429
51015,q51_t429
51015,q51_t430
51016,q51_t430
51016,q51_t431
51017,q51_t431
51017,q51_t432
51017,q93_t431
51017,q93_t432
51018,q51_t432
51018,q51_t433
51019,q51_t433
51019,q51_t434
51020,q51_t434
51020,q51_t435
51020,q94_t434
51020,q94_t435
51021,q51_t435
51021,q51_t436
51022,q51_t436
51022,q51_t437
51023,q51_t437
51023,q51_t438
51023,q95_t437
51023,q95_t438
51024,q51_t438
51024,q51_t439
51025,q51_t439
51025,q51_t440
51026,q51_t440
51026,q51_t441
51026,q96_t440
51026,q96_t441
51027,q51_t441
51027,q51_t442
51028,q51_t442
51028,q51_t443
51029,q51_t443
51029,q51_t444
51029,q97_t443
51029,q97_t444
51030,q51_t444
51030,q51_t445
51031,q51_t445
51031,q51_t446
51032,q51_t446
51032,q51_t447
51032,q98_t446
51032,q98_t447
51033,q51_t447
51033,q51_t448
51034,q51_t448
51034,q51_t449
51035,q51_t449
51035,q51_t450
51035,q99_t449
51035,q99_t450
51036,q51_t450
51036,q51_t451
51037,q51_t451
51037,q51_t452
51038,q51_t453
51038,q51_t454
51039,q51_t454
51039,q51_t455
51040,q51_t456
51040,q51_t457
51041,q51_t457
51041,q51_t458
51042,q51_t459
51042,q51_t460
51043,q51_t460
51043,q51_t461
51044,q51_t462
51044,q51_t463
51045,q51_t463
51045,q51_t464
51046,q51_t465
51046,q51_t466
51047,q51_t466
51047,q51_t467
51048,q51_t468
51048,q51_t469
51049,q51_t469
51049,q51_t470
51050,q51_t471
51050,q51_t472
51051,q51_t472
51051,q51_t473
51052,q51_t474
51052,q51_t475
51053,q51_t475
51053,q51_t476
51054,q51_t477
51054,q51_t478
51055,q51_t478
51055,q51_t479
51056,q51_t480
51056,q51_t481
51057,q51_t481
51057,q51_t482
51058,q51_t482
51058,q51_t483
51059,q51_t484
51059,q51_t485
51060,q51_t485
51060,q51_t486
51061,q51_t487
51061,q51_t488
51062,q51_t488
51062,q51_t489
51063,q51_t490
51063,q51_t491
51064,q51_t491
51064,q51_t492
51065,q51_t493
51065,q51_t494
51066,q51_t494
51066,q51_t495
51067,q51_t496
51067,q51_t497
51068,q51_t497
51068,q51_t498
51069,q51_t498
51069,q51_t499
51069,q5_t498
51069,q5_t499
51070,q51_t499
51070,q51_t500
51071,q51_t500
51071,q51_t501
51072,q51_t501
51072,q51_t502
51072,q6_t501
51072,q6_t502
51073,q51_t502
51073,q51_t503
51074,q51_t503
51074,q51_t504
51075,q51_t504
51075,q51_t505
51075,q7_t504
51075,q7_t505
51076,q51_t505
51076,q51_t506
51077,q51_t506
51077,q51_t507
51078,q51_t507
51078,q51_t508
51078,q8_t507
51078,q8_t508
51079,q51_t508
51079,q51_t509
51080,q51_t509
51080,q51_t510
51081,q51_t510
51081,q51_t511
51081,q9_t510
51081,q9_t511
51082,q51_t511
51082,q51_t512
51083,q51_t512
51083,q51_t513
51084,q51_t514
51084,q51_t515
51085,q51_t515
51085,q51_t516
51086,q51_t517
51086,q51_t518
51087,q51_t518
51087,q51_t519
51088,q51_t520
51088,q51_t521
51089,q51_t521
51089,q51_t522
51090,q51_t523
51090,q51_t524
51091,q51_t524
51091,q51_t525
51092,q51_t526
51092,q51_t527
51093,q51_t527
51093,q51_t528
51094,q51_t529
51094,q51_t530
51095,q51_t530
51095,q51_t531
51096,q51_t532
51096,q51_t533
51097,q51_t533
51097,q51_t534
51098,q51_t535
51098,q51_t536
51099,q51_t536
51099,q51_t537
51100,q51_t538
51100,q51_t539
51101,q51_t539
51101,q51_t540
51102,q51_t541
51102,q51_t542
51103,q51_t542
51103,q51_t543
51104,q51_t544
51104,q51_t545
51105,q51_t545
51105,q51_t546
51106,q51_t547
51106,q51_t548
51107,q51_t548
51107,q51_t549
51108,q51_t550
51108,q51_t551
51109,q51_t551
51109,q51_t552
51110,q51_t553
51110,q51_t554
51111,q51_t554
51111,q51_t555
51112,q51_t556
51112,q51_t557
51113,q51_t557
51113,q51_t558
51114,q51_t559
51114,q51_t560
51115,q51_t560
51115,q51_t561
51116,q51_t562
51116,q51_t563
51117,q51_t563
51117,q51_t564
51118,q51_t565
51118,q51_t566
51119,q51_t566
51119,q51_t567
51120,q51_t568
51120,q51_t569
51121,q51_t569
51121,q51_t570
51122,q51_t571
51122,q51_t572
51123,q51_t572
51123,q51_t573
51124,q51_t574
51124,q51_t575
51125,q51_t575
51125,q51_t576
51126,q51_t577
51126,q51_t578
51127,q51_t578
51127,q51_t579
51128,q51_t580
51128,q51_t581
51129,q51_t581
51129,q51_t582
51130,q51_t583
51130,q51_t584
51131,q51_t584
51131,q51_t585
51132,q51_t586
51132,q51_t587
51133,q51_t587
51133,q51_t588
51134,q51_t589
51134,q51_t590
51135,q51_t590
51135,q51_t591
51136,q51_t592
51136,q51_t593
51137,q51_t593
51137,q51_t594
51138,q51_t595
51138,q51_t596
51139,q51_t596
51139,q51_t597
51140,q51_t598
51140,q51_t599
51141,q51_t599
51141,q51_t600
51142,q51_t601
51142,q51_t602
51143,q51_t602
51143,q51_t603
51144,q51_t604
51144,q51_t605
51145,q51_t605
51145,q51_t606
51146,q51_t607
51146,q51_t608
51147,q51_t608
51147,q51_t609
51148,q51_t610
51148,q51_t611
51149,q51_t611
51149,q51_t612
51150,q51_t613
51150,q51_t614
51151,q51_t614
51151,q51_t615
51152,q51_t616
51152,q51_t617
51153,q51_t617
51153,q51_t618
51154,q51_t619
51154,q51_t620
51155,q51_t620
51155,q51_t621
51156,q51_t622
51156,q51_t623
51157,q51_t623
51157,q51_t624
51158,q51_t625
51158,q51_t626
51159,q51_t626
51159,q51_t627
51160,q51_t628
51160,q51_t629
51161,q51_t629
51161,q51_t630
51162,q51_t631
51162,q51_t632
51163,q51_t632
51163,q51_t633
51164,q51_t634
51164,q51_t635
51165,q51_t635
51165,q51_t639
51166,q51_t639
51166,q51_t640
51166,q52_t639
51166,q52_t640
51167,q51_t640
51167,q51_t641
51168,q51_t641
51168,q51_t642
51169,q51_t642
51169,q51_t643
51169,q53_t642
51169,q53_t643
51170,q51_t643
51170,q51_t644
51171,q51_t644
51171,q51_t645
51172,q51_t645
51172,q51_t646
51172,q54_t645
51172,q54_t646
51173,q51_t646
51173,q51_t647
51174,q51_t647
51174,q51_t648
51175,q51_t648
51175,q51_t649
51175,q55_t648
51175,q55_t649
51176,q51_t649
51176,q51_t650
51177,q51_t650
51177,q51_t651
51178,q51_t651
51178,q51_t652
51178,q56_t651
51178,q56_t652
51179,q51_t652
51179,q51_t653
51180,q51_t653
51180,q51_t654
51181,q51_t654
51181,q51_t655
51181,q57_t654
51181,q57_t655
51182,q51_t655
51182,q51_t656
51183,q51_t656
51183,q51_t657
51184,q51_t657
51184,q51_t658
51184,q58_t657
51184,q58_t658
51185,q51_t658
51185,q51_t659
51186,q51_t659
51186,q51_t660
51187,q51_t660
51187,q51_t661
51187,q59_t660
51187,q59_t661
51188,q51_t661
51188,q51_t662
51189,q51_t662
51189,q51_t663
51190,q51_t663
51190,q51_t664
51190,q60_t663
51190,q60_t664
51191,q51_t664
51191,q51_t665
51192,q51_t665
51192,q51_t666
51193,q51_t666
51193,q51_t667
51193,q61_t666
51193,q61_t667
51194,q51_t667
51194,q51_t668
51195,q51_t668
51195,q51_t669
51196,q51_t669
51196,q51_t670
51196,q62_t669
51196,q62_t670
51197,q51_t670
51197,q51_t671
51198,q51_t671
51198,q51_t672
51199,q51_t672
51199,q51_t673
51199,q63_t672
51199,q63_t673
51200,q51_t673
51200,q51_t674
51201,q51_t674
51201,q51_t675
51202,q51_t675
51202,q51_t676
51202,q64_t675
51202,q64_t676
51203,q51_t676
51203,q51_t677
51204,q51_t677
51204,q51_t678
51205,q51_t678
51205,q51_t679
51205,q65_t678
51205,q65_t679
51206,q51_t679
51206,q51_t680
51207,q51_t680
51207,q51_t681
51208,q51_t681
51208,q51_t682
51208,q66_t681
51208,q66_t682
51209,q51_t682
51209,q51_t683
51210,q51_t683
51210,q51_t684
51211,q51_t684
51211,q51_t685
51211,q67_t684
51211,q67_t685
51212,q51_t685
51212,q51_t686
51213,q51_t686
51213,q51_t687
51214,q51_t687
51214,q51_t688
51214,q68_t687
51214,q68_t688
51215,q51_t688
51215,q51_t689
51216,q51_t689
51216,q51_t690
51217,q51_t690
51217,q51_t691
51217,q69_t690
51217,q69_t691
51218,q51_t691
51218,q51_t692
51219,q51_t692
51219,q51_t693
51220,q51_t693
51220,q51_t694
51220,q70_t693
51220,q70_t694
51221,q51_t694
51221,q51_t695
51222,q51_t695
51222,q51_t696
51223,q51_t696
51223,q51_t697
51223,q71_t696
51223,q71_t697
51224,q51_t697
51224,q51_t698
51225,q51_t698
51225,q51_t699
51226,q51_t699
51226,q51_t700
51226,q72_t699
51226,q72_t700
51227,q51_t700
51227,q51_t701
51228,q51_t701
51228,q51_t702
51229,q51_t702
51229,q51_t703
51229,q73_t702
51229,q73_t703
51230,q51_t703
51230,q51_t704
51231,q51_t704
51231,q51_t705
51232,q51_t705
51232,q51_t706
51232,q74_t705
51232,q74_t706
51233,q51_t706
51233,q51_t707
51234,q51_t707
51234,q51_t708
51235,q51_t708
51235,q51_t709
51235,q75_t708
51235,q75_t709
51236,q51_t709
51236,q51_t710
51237,q51_t710
51237,q51_t711
51238,q51_t711
51238,q51_t712
51238,q76_t711
51238,q76_t712
51239,q51_t712
51239,q51_t713
51240,q51_t713
51240,q51_t714
51241,q51_t714
51241,q51_t715
51241,q77_t714
51241,q77_t715
51242,q51_t715
51242,q51_t716
51243,q51_t716
51243,q51_t717
51244,q51_t717
51244,q51_t718
51244,q78_t717
51244,q78_t718
51245,q51_t718
51245,q51_t719
51246,q51_t719
51246,q51_t720
51247,q51_t720
51247,q51_t721
51247,q79_t720
51247,q79_t721
51248,q51_t721
51248,q51_t722
51249,q51_t722
51249,q51_t723
51250,q51_t723
51250,q51_t724
51250,q80_t723
51250,q80_t724
51251,q51_t724
51251,q51_t725
51252,q51_t725
51252,q51_t726
51253,q51_t726
51253,q51_t727
51253,q81_t726
51253,q81_t727
51254,q51_t727
51254,q51_t728
51255,q51_t728
51255,q51_t729
51256,q51_t729
51256,q51_t730
51256,q82_t729
51256,q82_t730
51257,q51_t730
51257,q51_t731
51258,q51_t731
51258,q51_t732
51259,q51_t732
51259,q51_t733
51259,q83_t732
51259,q83_t733
51260,q51_t733
51260,q51_t734
51261,q51_t734
51261,q51_t735
51262,q51_t735
51262,q51_t736
51262,q84_t735
51262,q84_t736
51263,q51_t736
51263,q51_t737
51264,q51_t737
51264,q51_t738
51265,q51_t738
51265,q51_t739
51265,q85_t738
51265,q85_t739
51266,q51_t739
51266,q51_t740
51267,q51_t740
51267,q51_t741
51268,q51_t741
51268,q51_t742
51268,q86_t741
51268,q86_t742
51269,q51_t742
51269,q51_t743
51270,q51_t743
51270,q51_t744
51271,q51_t744
51271,q51_t745
51271,q87_t744
51271,q87_t745
51272,q51_t745
51272,q51_t746
51273,q51_t746
51273,q51_t747
51274,q51_t747
51274,q51_t748
51274,q88_t747
51274,q88_t748
51275,q51_t748
51275,q51_t749
51276,q51_t749
51276,q51_t750
51277,q51_t750
51277,q51_t751
51277,q89_t750
51277,q89_t751
51278,q51_t751
51278,q51_t752
51279,q51_t752
51279,q51_t753
51280,q51_t753
51280,q51_t754
51280,q90_t753
51280,q90_t754
51281,q51_t754
51281,q51_t755
51282,q51_t755
51282,q51_t756
51283,q51_t756
51283,q51_t757
51283,q91_t756
51283,q91_t757
51284,q51_t757
51284,q51_t758
51285,q51_t758
51285,q51_t759
51286,q51_t759
51286,q51_t760
51286,q92_t759
51286,q92_t760
51287,q51_t760
51287,q51_t761
51288,q51_t761
51288,q51_t762
51289,q51_t762
51289,q51_t763
51289,q93_t762
51289,q93_t763
51290,q51_t763
51290,q51_t764
51291,q51_t764
51291,q51_t765
51292,q51_t765
51292,q51_t766
51292,q94_t765
51292,q94_t766
51293,q51_t766
51293,q51_t767
51294,q51_t767
51294,q51_t768
51295,q51_t768
51295,q51_t769
51295,q95_t768
51295,q95_t769
51296,q51_t769
51296,q51_t770
51297,q51_t770
51297,q51_t771
51298,q51_t771
51298,q51_t772
51298,q96_t771
51298,q96_t772
51299,q51_t772
51299,q51_t773
51300,q51_t773
51300,q51_t774
51301,q51_t774
51301,q51_t775
51301,q97_t774
51301,q97_t775
51302,q51_t775
51302,q51_t776
51303,q51_t776
51303,q51_t777
51304,q51_t777
51304,q51_t778
51304,q98_t777
51304,q98_t778
51305,q51_t778
51305,q51_t779
51306,q51_t779
51306,q51_t780
51307,q51_t780
51307,q51_t781
51307,q99_t780
51307,q99_t781
51308,q51_t781
51308,q51_t782
51309,q51_t782
51309,q51_t783
51310,q51_t784
51310,q51_t785
51311,q51_t785
51311,q51_t786
51312,q51_t787
51312,q51_t788
51313,q51_t788
51313,q51_t789
51314,q51_t790
51314,q51_t791
51315,q51_t791
51315,q51_t792
51316,q51_t793
51316,q51_t794
51317,q51_t794
51317,q51_t795
51318,q51_t796
51318,q51_t797
51319,q51_t797
51319,q51_t798
51320,q51_t799
51320,q51_t800
51321,q51_t800
51321,q51_t801
51322,q51_t802
51322,q51_t803
51323,q51_t803
51323,q51_t804
51324,q51_t805
51324,q51_t806
51325,q51_t806
51325,q51_t807
51326,q51_t808
51326,q51_t809
51327,q51_t809
51327,q51_t810
51328,q51_t811
51328,q51_t812
51329,q51_t812
51329,q51_t813
51330,q51_t813
51330,q51_t814
51331,q51_t815
51331,q51_t816
51332,q51_t816
51332,q51_t817
51333,q51_t818
51333,q51_t819
51334,q51_t819
51334,q51_t820
51335,q51_t821
51335,q51_t822
51336,q51_t822
51336,q51_t823
51337,q51_t824
51337,q51_t825
51338,q51_t825
51338,q51_t826
51339,q51_t827
51339,q51_t828
51340,q51_t828
51340,q51_t829
51341,q51_t829
51341,q51_t830
51341,q5_t829
51341,q5_t830
51342,q51_t830
51342,q51_t831
51343,q51_t831
51343,q51_t832
51344,q51_t832
51344,q51_t833
51344,q6_t832
51344,q6_t833
51345,q51_t833
51345,q51_t834
51346,q51_t834
51346,q51_t835
51347,q51_t835
51347,q51_t836
51347,q7_t835
51347,q7_t836
51348,q51_t836
51348,q51_t837
51349,q51_t837
51349,q51_t838
51350,q51_t838
51350,q51_t839
51350,q8_t838
51350,q8_t839
51351,q51_t839
51351,q51_t840
51352,q51_t840
51352,q51_t841
51353,q51_t841
51353,q51_t842
51353,q9_t841
51353,q9_t842
51354,q51_t842
51354,q51_t843
51355,q51_t843
51355,q51_t844
51356,q51_t845
51356,q51_t846
51357,q51_t846
51357,q51_t847
51358,q51_t848
51358,q51_t849
51359,q51_t849
51359,q51_t850
51360,q51_t851
51360,q51_t852
51361,q51_t852
51361,q51_t853
51362,q51_t854
51362,q51_t855
51363,q51_t855
51363,q51_t856
51364,q51_t857
51364,q51_t858
51365,q51_t858
51365,q51_t859
51366,q51_t860
51366,q51_t861
51367,q51_t861
51367,q51_t862
51368,q51_t863
51368,q51_t864
51369,q51_t864
51369,q51_t865
51370,q51_t866
51370,q51_t867
51371,q51_t867
51371,q51_t868
51372,q51_t869
51372,q51_t870
51373,q51_t870
51373,q51_t871
51374,q51_t872
51374,q51_t873
51375,q51_t873
51375,q51_t874
51376,q51_t875
51376,q51_t876
51377,q51_t876
51377,q51_t877
51378,q51_t878
51378,q51_t879
51379,q51_t879
51379,q51_t880
51380,q51_t881
51380,q51_t882
51381,q51_t882
51381,q51_t883
51382,q51_t884
51382,q51_t885
51383,q51_t885
51383,q51_t886
51384,q51_t887
51384,q51_t888
51385,q51_t888
51385,q51_t889
51386,q51_t890
51386,q51_t891
51387,q51_t891
51387,q51_t892
51388,q51_t893
51388,q51_t894
51389,q51_t894
51389,q51_t895
51390,q51_t896
51390,q51_t897
51391,q51_t897
51391,q51_t898
51392,q51_t899
51392,q51_t900
51393,q51_t900
51393,q51_t901
51394,q51_t902
51394,q51_t903
51395,q51_t903
51395,q51_t904
51396,q51_t905
51396,q51_t906
51397,q51_t906
51397,q51_t907
51398,q51_t908
51398,q51_t909
51399,q51_t909
51399,q51_t910
51400,q51_t911
51400,q51_t912
51401,q51_t912
51401,q51_t913
51402,q51_t914
51402,q51_t915
51403,q51_t915
51403,q51_t916
51404,q51_t917
51404,q51_t918
51405,q51_t918
51405,q51_t919
51406,q51_t920
51406,q51_t921
51407,q51_t921
51407,q51_t922
51408,q51_t923
51408,q51_t924
51409,q51_t924
51409,q51_t925
51410,q51_t926
51410,q51_t927
51411,q51_t927
51411,q51_t928
51412,q51_t929
51412,q51_t930
51413,q51_t930
51413,q51_t931
51414,q51_t932
51414,q51_t933
51415,q51_t933
51415,q51_t934
51416,q51_t935
51416,q51_t936
51417,q51_t936
51417,q51_t937
51418,q51_t938
51418,q51_t939
51419,q51_t939
51419,q51_t940
51420,q51_t941
51420,q51_t942
51421,q51_t942
51421,q51_t943
51422,q51_t944
51422,q51_t945
51423,q51_t945
51423,q51_t946
51424,q51_t947
51424,q51_t948
51425,q51_t948
51425,q51_t949
51426,q51_t950
51426,q51_t951
51427,q51_t951
51427,q51_t952
51428,q51_t953
51428,q51_t954
51429,q51_t954
51429,q51_t955
51430,q51_t956
51430,q51_t957
51431,q51_t957
51431,q51_t958
51432,q51_t959
51432,q51_t960
51433,q51_t960
51433,q51_t961
51434,q51_t962
51434,q51_t963
51435,q51_t963
51435,q51_t964
51436,q51_t965
51436,q51_t966
51437,q51_t966
51437,q51_t970
51438,q51_t970
51438,q51_t971
51438,q52_t970
51438,q52_t971
51439,q51_t971
51439,q51_t972
51440,q51_t972
51440,q51_t973
51441,q51_t973
51441,q51_t974
51441,q53_t973
51441,q53_t974
51442,q51_t974
51442,q51_t975
51443,q51_t975
51443,q51_t976
51444,q51_t976
51444,q51_t977
51444,q54_t976
51444,q54_t977
51445,q51_t977
51445,q51_t978
51446,q51_t978
51446,q51_t979
51447,q51_t979
51447,q51_t980
51447,q55_t979
51447,q55_t980
51448,q51_t980
51448,q51_t981
51449,q51_t981
51449,q51_t982
51450,q51_t982
51450,q51_t983
51450,q56_t982
51450,q56_t983
51451,q51_t983
51451,q51_t984
51452,q51_t984
51452,q51_t985
51453,q51_t985
51453,q51_t986
51453,q57_t985
51453,q57_t986
51454,q51_t986
51454,q51_t987
51455,q51_t987
51455,q51_t988
51456,q51_t988
51456,q51_t989
51456,q58_t988
51456,q58_t989
51457,q51_t989
51457,q51_t990
51458,q51_t990
51458,q51_t991
51459,q51_t991
51459,q51_t992
51459,q59_t991
51459,q59_t992
51460,q51_t992
51460,q51_t993
51461,q51_t993
51461,q51_t994
51462,q51_t994
51462,q51_t995
51462,q60_t994
51462,q60_t995
51463,q51_t995
51463,q51_t996
51464,q51_t996
51464,q51_t997
51465,q51_t997
51465,q51_t998
51465,q61_t997
51465,q61_t998
51466,q51_t998
51466,q51_t999
51467,q52_t0
51467,q52_t1
51468,q52_t1
51468,q52_t155
51469,q52_t1000
51469,q52_t1001
51469,q61_t1000
51469,q61_t1001
51470,q52_t1000
51470,q52_t999
51471,q52_t1001
51471,q52_t1002
51472,q52_t1002
51472,q52_t1003
51473,q52_t1003
51473,q52_t1004
51473,q62_t1003
51473,q62_t1004
51474,q52_t1004
51474,q52_t1005
51475,q52_t1005
51475,q52_t1006
51476,q52_t1006
51476,q52_t1007
51476,q63_t1006
51476,q63_t1007
51477,q52_t1007
51477,q52_t1008
51478,q52_t1008
51478,q52_t1009
51479,q52_t1009
51479,q52_t1010
51479,q64_t1009
51479,q64_t1010
51480,q52_t1010
51480,q52_t1011
51481,q52_t1011
51481,q52_t1012
51482,q52_t1012
51482,q52_t1013
51482,q65_t1012
51482,q65_t1013
51483,q52_t1013
51483,q52_t1014
51484,q52_t1014
51484,q52_t1015
51485,q52_t1015
51485,q52_t1016
51485,q66_t1015
51485,q66_t1016
51486,q52_t1016
51486,q52_t1017
51487,q52_t1017
51487,q52_t1018
51488,q52_t1018
51488,q52_t1019
51488,q67_t1018
51488,q67_t1019
51489,q52_t1019
51489,q52_t1020
51490,q52_t1020
51490,q52_t1021
51491,q52_t1021
51491,q52_t1022
51491,q68_t1021
51491,q68_t1022
51492,q52_t1022
51492,q52_t1023
51493,q52_t1023
51493,q52_t1024
51494,q52_t1024
51494,q52_t1025
51494,q69_t1024
51494,q69_t1025
51495,q52_t1025
51495,q52_t1026
51496,q52_t1026
51496,q52_t1027
51497,q52_t1027
51497,q52_t1028
51497,q70_t1027
51497,q70_t1028
51498,q52_t1028
51498,q52_t1029
51499,q52_t1029
51499,q52_t1030
51500,q52_t1030
51500,q52_t1031
51500,q71_t1030
51500,q71_t1031
51501,q52_t1031
51501,q52_t1032
51502,q52_t1032
51502,q52_t1033
51503,q52_t1033
51503,q52_t1034
51503,q72_t1033
51503,q72_t1034
51504,q52_t1034
51504,q52_t1035
51505,q52_t1035
51505,q52_t1036
51506,q52_t1036
51506,q52_t1037
51506,q73_t1036
51506,q73_t1037
51507,q52_t1037
51507,q52_t1038
51508,q52_t1038
51508,q52_t1039
51509,q52_t1039
51509,q52_t1040
51509,q74_t1039
51509,q74_t1040
51510,q52_t1040
51510,q52_t1041
51511,q52_t1041
51511,q52_t1042
51512,q52_t1042
51512,q52_t1043
51512,q75_t1042
51512,q75_t1043
51513,q52_t1043
51513,q52_t1044
51514,q52_t1044
51514,q52_t1045
51515,q52_t1045
51515,q52_t1046
51515,q76_t1045
51515,q76_t1046
51516,q52_t1046
51516,q52_t1047
51517,q52_t1047
51517,q52_t1048
51518,q52_t1048
51518,q52_t1049
51518,q77_t1048
51518,q77_t1049
51519,q52_t1049
51519,q52_t1050
51520,q52_t1050
51520,q52_t1051
51521,q52_t1051
51521,q52_t1052
51521,q78_t1051
51521,q78_t1052
51522,q52_t1052
51522,q52_t1053
51523,q52_t1053
51523,q52_t1054
51524,q52_t1054
51524,q52_t1055
51524,q79_t1054
51524,q79_t1055
51525,q52_t1055
51525,q52_t1056
51526,q52_t1056
51526,q52_t1057
51527,q52_t1057
51527,q52_t1058
51527,q80_t1057
51527,q80_t1058
51528,q52_t1058
51528,q52_t1059
51529,q52_t1059
51529,q52_t1060
51530,q52_t1060
51530,q52_t1061
51530,q81_t1060
51530,q81_t1061
51531,q52_t1061
51531,q52_t1062
51532,q52_t1062
51532,q52_t1063
51533,q52_t1063
51533,q52_t1064
51533,q82_t1063
51533,q82_t1064
51534,q52_t1064
51534,q52_t1065
51535,q52_t1065
51535,q52_t1066
51536,q52_t1066
51536,q52_t1067
51536,q83_t1066
51536,q83_t1067
51537,q52_t1067
51537,q52_t1068
51538,q52_t1068
51538,q52_t1069
51539,q52_t1069
51539,q52_t1070
51539,q84_t1069
51539,q84_t1070
51540,q52_t1070
51540,q52_t1071
51541,q52_t1071
51541,q52_t1072
51542,q52_t1072
51542,q52_t1073
51542,q85_t1072
51542,q85_t1073
51543,q52_t1073
51543,q52_t1074
51544,q52_t1074
51544,q52_t1075
51545,q52_t1075
51545,q52_t1076
51545,q86_t1075
51545,q86_t1076
51546,q52_t1076
51546,q52_t1077
51547,q52_t1077
51547,q52_t1078
51548,q52_t1078
51548,q52_t1079
51548,q87_t1078
51548,q87_t1079
51549,q52_t1079
51549,q52_t1080
51550,q52_t1080
51550,q52_t1081
51551,q52_t1081
51551,q52_t1082
51551,q88_t1081
51551,q88_t1082
51552,q52_t1082
51552,q52_t1083
51553,q52_t1083
51553,q52_t1084
51554,q52_t1084
51554,q52_t1085
51554,q89_t1084
51554,q89_t1085
51555,q52_t1085
51555,q52_t1086
51556,q52_t1086
51556,q52_t1087
51557,q52_t1087
51557,q52_t1088
51557,q90_t1087
51557,q90_t1088
51558,q52_t1088
51558,q52_t1089
51559,q52_t1089
51559,q52_t1090
51560,q52_t1090
51560,q52_t1091
51560,q91_t1090
51560,q91_t1091
51561,q52_t1091
51561,q52_t1092
51562,q52_t1092
51562,q52_t1093
51563,q52_t1093
51563,q52_t1094
51563,q92_t1093
51563,q92_t1094
51564,q52_t1094
51564,q52_t1095
51565,q52_t1095
51565,q52_t1096
51566,q52_t1096
51566,q52_t1097
51566,q93_t1096
51566,q93_t1097
51567,q52_t1097
51567,q52_t1098
51568,q52_t1098
51568,q52_t1099
51569,q52_t1099
51569,q52_t1100
51569,q94_t1099
51569,q94_t1100
51570,q52_t1100
51570,q52_t1101
51571,q52_t1101
51571,q52_t1102
51572,q52_t1102
51572,q52_t1103
51572,q95_t1102
51572,q95_t1103
51573,q52_t1103
51573,q52_t1104
51574,q52_t1104
51574,q52_t1105
51575,q52_t1105
51575,q52_t1106
51575,q96_t1105
51575,q96_t1106
51576,q52_t1106
51576,q52_t1107
51577,q52_t1107
51577,q52_t1108
51578,q52_t1108
51578,q52_t1109
51578,q97_t1108
51578,q97_t1109
51579,q52_t1109
51579,q52_t1110
51580,q52_t1110
51580,q52_t1111
51581,q52_t1111
51581,q52_t1112
51581,q98_t1111
51581,q98_t1112
51582,q52_t1112
51582,q52_t1113
51583,q52_t1113
51583,q52_t1114
51584,q52_t1114
51584,q52_t1115
51584,q99_t1114
51584,q99_t1115
51585,q52_t1115
51585,q52_t1116
51586,q52_t1116
51586,q52_t1117
51587,q52_t1118
51587,q52_t1119
51588,q52_t1119
51588,q52_t1120
51589,q52_t1121
51589,q52_t1122
51590,q52_t1122
51590,q52_t1123
51591,q52_t1124
51591,q52_t1125
51592,q52_t1125
51592,q52_t1126
51593,q52_t1127
51593,q52_t1128
51594,q52_t1128
51594,q52_t1129
51595,q52_t1130
51595,q52_t1131
51596,q52_t1131
51596,q52_t1132
51597,q52_t1133
51597,q52_t1134
51598,q52_t1134
51598,q52_t1135
51599,q52_t1136
51599,q52_t1137
51600,q52_t1137
51600,q52_t1138
51601,q52_t1139
51601,q52_t1140
51602,q52_t1140
51602,q52_t1141
51603,q52_t1142
51603,q52_t1143
51604,q52_t1143
51604,q52_t1144
51605,q52_t1145
51605,q52_t1146
51606,q52_t1146
51606,q52_t1147
51607,q52_t156
51607,q52_t157
51608,q52_t157
51608,q52_t158
51609,q52_t159
51609,q52_t160
51610,q52_t160
51610,q52_t161
51611,q52_t162
51611,q52_t163
51612,q52_t163
51612,q52_t164
51613,q52_t165
51613,q52_t166
51614,q52_t166
51614,q52_t167
51615,q52_t168
51615,q52_t169
51616,q52_t169
51616,q52_t170
51617,q52_t170
51617,q52_t171
51617,q5_t170
51617,q5_t171
51618,q52_t171
51618,q52_t172
51619,q52_t172
51619,q52_t173
51620,q52_t173
51620,q52_t174
51620,q6_t173
51620,q6_t174
51621,q52_t174
51621,q52_t175
51622,q52_t175
51622,q52_t176
51623,q52_t176
51623,q52_t177
51623,q7_t176
51623,q7_t177
51624,q52_t177
51624,q52_t178
51625,q52_t178
51625,q52_t179
51626,q52_t179
51626,q52_t180
51626,q8_t179
51626,q8_t180
51627,q52_t180
51627,q52_t181
51628,q52_t181
51628,q52_t182
51629,q52_t182
51629,q52_t183
51629,q9_t182
51629,q9_t183
51630,q52_t183
51630,q52_t184
51631,q52_t184
51631,q52_t185
51632,q52_t186
51632,q52_t187
51633,q52_t187
51633,q52_t188
51634,q52_t189
51634,q52_t190
51635,q52_t190
51635,q52_t191
51636,q52_t192
51636,q52_t193
51637,q52_t193
51637,q52_t194
51638,q52_t195
51638,q52_t196
51639,q52_t196
51639,q52_t197
51640,q52_t198
51640,q52_t199
51641,q52_t199
51641,q52_t200
51642,q52_t201
51642,q52_t202
51643,q52_t202
51643,q52_t203
51644,q52_t204
51644,q52_t205
51645,q52_t205
51645,q52_t206
51646,q52_t207
51646,q52_t208
51647,q52_t208
51647,q52_t209
51648,q52_t210
51648,q52_t211
51649,q52_t211
51649,q52_t212
51650,q52_t213
51650,q52_t214
51651,q52_t214
51651,q52_t215
51652,q52_t216
51652,q52_t217
51653,q52_t217
51653,q52_t218
51654,q52_t219
51654,q52_t220
51655,q52_t220
51655,q52_t221
51656,q52_t222
51656,q52_t223
51657,q52_t223
51657,q52_t224
51658,q52_t225
51658,q52_t226
51659,q52_t226
51659,q52_t227
51660,q52_t228
51660,q52_t229
51661,q52_t229
51661,q52_t230
51662,q52_t231
51662,q52_t232
51663,q52_t232
51663,q52_t233
51664,q52_t234
51664,q52_t235
51665,q52_t235
51665,q52_t236
51666,q52_t237
51666,q52_t238
51667,q52_t238
51667,q52_t239
51668,q52_t240
51668,q52_t241
51669,q52_t241
51669,q52_t242
51670,q52_t243
51670,q52_t244
51671,q52_t244
51671,q52_t245
51672,q52_t246
51672,q52_t247
51673,q52_t247
51673,q52_t248
51674,q52_t249
51674,q52_t250
51675,q52_t250
51675,q52_t251
51676,q52_t252
51676,q52_t253
51677,q52_t253
51677,q52_t254
51678,q52_t255
51678,q52_t256
51679,q52_t256
51679,q52_t257
51680,q52_t258
51680,q52_t259
51681,q52_t259
51681,q52_t260
51682,q52_t261
51682,q52_t262
51683,q52_t262
51683,q52_t263
51684,q52_t264
51684,q52_t265
51685,q52_t265
51685,q52_t266
51686,q52_t267
51686,q52_t268
51687,q52_t268
51687,q52_t269
51688,q52_t270
51688,q52_t271
51689,q52_t271
51689,q52_t272
51690,q52_t273
51690,q52_t274
51691,q52_t274
51691,q52_t275
51692,q52_t276
51692,q52_t277
51693,q52_t277
51693,q52_t278
51694,q52_t279
51694,q52_t280
51695,q52_t280
51695,q52_t281
51696,q52_t282
51696,q52_t283
51697,q52_t283
51697,q52_t284
51698,q52_t285
51698,q52_t286
51699,q52_t286
51699,q52_t287
51700,q52_t288
51700,q52_t289
51701,q52_t289
51701,q52_t290
51702,q52_t291
51702,q52_t292
51703,q52_t292
51703,q52_t293
51704,q52_t294
51704,q52_t295
51705,q52_t295
51705,q52_t296
51706,q52_t297
51706,q52_t298
51707,q52_t298
51707,q52_t299
51708,q52_t300
51708,q52_t301
51709,q52_t301
51709,q52_t302
51710,q52_t303
51710,q52_t304
51711,q52_t304
51711,q52_t305
51712,q52_t306
51712,q52_t307
51713,q52_t307
51713,q52_t308
51714,q52_t309
51714,q52_t310
51715,q52_t310
51715,q52_t314
51716,q52_t314
51716,q52_t315
51716,q53_t314
51716,q53_t315
51717,q52_t315
51717,q52_t316
51718,q52_t316
51718,q52_t317
51719,q52_t317
51719,q52_t318
51719,q54_t317
51719,q54_t318
51720,q52_t318
51720,q52_t319
51721,q52_t319
51721,q52_t320
51722,q52_t320
51722,q52_t321
51722,q55_t320
51722,q55_t321
51723,q52_t321
51723,q52_t322
51724,q52_t322
51724,q52_t323
51725,q52_t323
51725,q52_t324
51725,q56_t323
51725,q56_t324
51726,q52_t324
51726,q52_t325
51727,q52_t325
51727,q52_t326
51728,q52_t326
51728,q52_t327
51728,q57_t326
51728,q57_t327
51729,q52_t327
51729,q52_t328
51730,q52_t328
51730,q52_t329
51731,q52_t329
51731,q52_t330
51731,q58_t329
51731,q58_t330
51732,q52_t330
51732,q52_t331
51733,q52_t331
51733,q52_t332
51734,q52_t332
51734,q52_t333
51734,q59_t332
51734,q59_t333
51735,q52_t333
51735,q52_t334
51736,q52_t334
51736,q52_t335
51737,q52_t335
51737,q52_t336
51737,q60_t335
51737,q60_t336
51738,q52_t336
51738,q52_t337
51739,q52_t337
51739,q52_t338
51740,q52_t338
51740,q52_t339
51740,q61_t338
51740,q61_t339
51741,q52_t339
51741,q52_t340
51742,q52_t340
51742,q52_t341
51743,q52_t341
51743,q52_t342
51743,q62_t341
51743,q62_t342
51744,q52_t342
51744,q52_t343
51745,q52_t343
51745,q52_t344
51746,q52_t344
51746,q52_t345
51746,q63_t344
51746,q63_t345
51747,q52_t345
51747,q52_t346
51748,q52_t346
51748,q52_t347
51749,q52_t347
51749,q52_t348
51749,q64_t347
51749,q64_t348
51750,q52_t348
51750,q52_t349
51751,q52_t349
51751,q52_t350
51752,q52_t350
51752,q52_t351
51752,q65_t350
51752,q65_t351
51753,q52_t351
51753,q52_t352
51754,q52_t352
51754,q52_t353
51755,q52_t353
51755,q52_t354
51755,q66_t353
51755,q66_t354
51756,q52_t354
51756,q52_t355
51757,q52_t355
51757,q52_t356
51758,q52_t356
51758,q52_t357
51758,q67_t356
51758,q67_t357
51759,q52_t357
51759,q52_t358
51760,q52_t358
51760,q52_t359
51761,q52_t359
51761,q52_t360
51761,q68_t359
51761,q68_t360
51762,q52_t360
51762,q52_t361
51763,q52_t361
51763,q52_t362
51764,q52_t362
51764,q52_t363
51764,q69_t362
51764,q69_t363
51765,q52_t363
51765,q52_t364
51766,q52_t364
51766,q52_t365
51767,q52_t365
51767,q52_t366
51767,q70_t365
51767,q70_t366
51768,q52_t366
51768,q52_t367
51769,q52_t367
51769,q52_t368
51770,q52_t368
51770,q52_t369
51770,q71_t368
51770,q71_t369
51771,q52_t369
51771,q52_t370
51772,q52_t370
51772,q52_t371
51773,q52_t371
51773,q52_t372
51773,q72_t371
51773,q72_t372
51774,q52_t372
51774,q52_t373
51775,q52_t373
51775,q52_t374
51776,q52_t374
51776,q52_t375
51776,q73_t374
51776,q73_t375
51777,q52_t375
51777,q52_t376
51778,q52_t376
51778,q52_t377
51779,q52_t377
51779,q52_t378
51779,q74_t377
51779,q74_t378
51780,q52_t378
51780,q52_t379
51781,q52_t379
51781,q52_t380
51782,q52_t380
51782,q52_t381
51782,q75_t380
51782,q75_t381
51783,q52_t381
51783,q52_t382
51784,q52_t382
51784,q52_t383
51785,q52_t383
51785,q52_t384
51785,q76_t383
51785,q76_t384
51786,q52_t384
51786,q52_t385
51787,q52_t385
51787,q52_t386
51788,q52_t386
51788,q52_t387
51788,q77_t386
51788,q77_t387
51789,q52_t387
51789,q52_t388
51790,q52_t388
51790,q52_t389
51791,q52_t389
51791,q52_t390
51791,q78_t389
51791,q78_t390
51792,q52_t390
51792,q52_t391
51793,q52_t391
51793,q52_t392
51794,q52_t392
51794,q52_t393
51794,q79_t392
51794,q79_t393
51795,q52_t393
51795,q52_t394
51796,q52_t394
51796,q52_t395
51797,q52_t395
51797,q52_t396
51797,q80_t395
51797,q80_t396
51798,q52_t396
51798,q52_t397
51799,q52_t397
51799,q52_t398
51800,q52_t398
51800,q52_t399
51800,q81_t398
51800,q81_t399
51801,q52_t399
51801,q52_t400
51802,q52_t400
51802,q52_t401
51803,q52_t401
51803,q52_t402
51803,q82_t401
51803,q82_t402
51804,q52_t402
51804,q52_t403
51805,q52_t403
51805,q52_t404
51806,q52_t404
51806,q52_t405
51806,q83_t404
51806,q83_t405
51807,q52_t405
51807,q52_t406
51808,q52_t406
51808,q52_t407
51809,q52_t407
51809,q52_t408
51809,q84_t407
51809,q84_t408
51810,q52_t408
51810,q52_t409
51811,q52_t409
51811,q52_t410
51812,q52_t410
51812,q52_t411
51812,q85_t410
51812,q85_t411
51813,q52_t411
51813,q52_t412
51814,q52_t412
51814,q52_t413
51815,q52_t413
51815,q52_t414
51815,q86_t413
51815,q86_t414
51816,q52_t414
51816,q52_t415
51817,q52_t415
51817,q52_t416
51818,q52_t416
51818,q52_t417
51818,q87_t416
51818,q87_t417
51819,q52_t417
51819,q52_t418
51820,q52_t418
51820,q52_t419
51821,q52_t419
51821,q52_t420
51821,q88_t419
51821,q88_t420
51822,q52_t420
51822,q52_t421
51823,q52_t421
51823,q52_t422
51824,q52_t422
51824,q52_t423
51824,q89_t422
51824,q89_t423
51825,q52_t423
51825,q52_t424
51826,q52_t424
51826,q52_t425
51827,q52_t425
51827,q52_t426
51827,q90_t425
51827,q90_t426
51828,q52_t426
51828,q52_t427
51829,q52_t427
51829,q52_t428
51830,q52_t428
51830,q52_t429
51830,q91_t428
51830,q91_t429
51831,q52_t429
51831,q52_t430
51832,q52_t430
51832,q52_t431
51833,q52_t431
51833,q52_t432
51833,q92_t431
51833,q92_t432
51834,q52_t432
51834,q52_t433
51835,q52_t433
51835,q52_t434
51836,q52_t434
51836,q52_t435
51836,q93_t434
51836,q93_t435
51837,q52_t435
51837,q52_t436
51838,q52_t436
51838,q52_t437
51839,q52_t437
51839,q52_t438
51839,q94_t437
51839,q94_t438
51840,q52_t438
51840,q52_t439
51841,q52_t439
51841,q52_t440
51842,q52_t440
51842,q52_t441
51842,q95_t440
51842,q95_t441
51843,q52_t441
51843,q52_t442
51844,q52_t442
51844,q52_t443
51845,q52_t443
51845,q52_t444
51845,q96_t443
51845,q96_t444
51846,q52_t444
51846,q52_t445
51847,q52_t445
51847,q52_t446
51848,q52_t446
51848,q52_t447
51848,q97_t446
51848,q97_t447
51849,q52_t447
51849,q52_t448
51850,q52_t448
51850,q52_t449
51851,q52_t449
51851,q52_t450
51851,q98_t449
51851,q98_t450
51852,q52_t450
51852,q52_t451
51853,q52_t451
51853,q52_t452
51854,q52_t452
51854,q52_t453
51854,q99_t452
51854,q99_t453
51855,q52_t453
51855,q52_t454
51856,q52_t454
51856,q52_t455
51857,q52_t456
51857,q52_t457
51858,q52_t457
51858,q52_t458
51859,q52_t459
51859,q52_t460
51860,q52_t460
51860,q52_t461
51861,q52_t462
51861,q52_t463
51862,q52_t463
51862,q52_t464
51863,q52_t465
51863,q52_t466
51864,q52_t466
51864,q52_t467
51865,q52_t468
51865,q52_t469
51866,q52_t469
51866,q52_t470
51867,q52_t471
51867,q52_t472
51868,q52_t472
51868,q52_t473
51869,q52_t474
51869,q52_t475
51870,q52_t475
51870,q52_t476
51871,q52_t477
51871,q52_t478
51872,q52_t478
51872,q52_t479
51873,q52_t480
51873,q52_t481
51874,q52_t481
51874,q52_t482
51875,q52_t483
51875,q52_t484
51876,q52_t484
51876,q52_t485
51877,q52_t485
51877,q52_t486
51878,q52_t487
51878,q52_t488
51879,q52_t488
51879,q52_t489
51880,q52_t490
51880,q52_t491
51881,q52_t491
51881,q52_t492
51882,q52_t493
51882,q52_t494
51883,q52_t494
51883,q52_t495
51884,q52_t496
51884,q52_t497
51885,q52_t497
51885,q52_t498
51886,q52_t499
51886,q52_t500
51887,q52_t500
51887,q52_t501
51888,q52_t501
51888,q52_t502
51888,q5_t501
51888,q5_t502
51889,q52_t502
51889,q52_t503
51890,q52_t503
51890,q52_t504
51891,q52_t504
51891,q52_t505
51891,q6_t504
51891,q6_t505
51892,q52_t505
51892,q52_t506
51893,q52_t506
51893,q52_t507
51894,q52_t507
51894,q52_t508
51894,q7_t507
51894,q7_t508
51895,q52_t508
51895,q52_t509
51896,q52_t509
51896,q52_t510
51897,q52_t510
51897,q52_t511
51897,q8_t510
51897,q8_t511
51898,q52_t511
51898,q52_t512
51899,q52_t512
51899,q52_t513
51900,q52_t513
51900,q52_t514
51900,q9_t513
51900,q9_t514
51901,q52_t514
51901,q52_t515
51902,q52_t515
51902,q52_t516
51903,q52_t517
51903,q52_t518
51904,q52_t518
51904,q52_t519
51905,q52_t520
51905,q52_t521
51906,q52_t521
51906,q52_t522
51907,q52_t523
51907,q52_t524
51908,q52_t524
51908,q52_t525
51909,q52_t526
51909,q52_t527
51910,q52_t527
51910,q52_t528
51911,q52_t529
51911,q52_t530
51912,q52_t530
51912,q52_t531
51913,q52_t532
51913,q52_t533
51914,q52_t533
51914,q52_t534
51915,q52_t535
51915,q52_t536
51916,q52_t536
51916,q52_t537
51917,q52_t538
51917,q52_t539
51918,q52_t539
51918,q52_t540
51919,q52_t541
51919,q52_t542
51920,q52_t542
51920,q52_t543
51921,q52_t544
51921,q52_t545
51922,q52_t545
51922,q52_t546
51923,q52_t547
51923,q52_t548
51924,q52_t548
51924,q52_t549
51925,q52_t550
51925,q52_t551
51926,q52_t551
51926,q52_t552
51927,q52_t553
51927,q52_t554
51928,q52_t554
51928,q52_t555
51929,q52_t556
51929,q52_t557
51930,q52_t557
51930,q52_t558
51931,q52_t559
51931,q52_t560
51932,q52_t560
51932,q52_t561
51933,q52_t562
51933,q52_t563
51934,q52_t563
51934,q52_t564
51935,q52_t565
51935,q52_t566
51936,q52_t566
51936,q52_t567
51937,q52_t568
51937,q52_t569
51938,q52_t569
51938,q52_t570
51939,q52_t571
51939,q52_t572
51940,q52_t572
51940,q52_t573
51941,q52_t574
51941,q52_t575
51942,q52_t575
51942,q52_t576
51943,q52_t577
51943,q52_t578
51944,q52_t578
51944,q52_t579
51945,q52_t580
51945,q52_t581
51946,q52_t581
51946,q52_t582
51947,q52_t583
51947,q52_t584
51948,q52_t584
51948,q52_t585
51949,q52_t586
51949,q52_t587
51950,q52_t587
51950,q52_t588
51951,q52_t589
51951,q52_t590
51952,q52_t590
51952,q52_t591
51953,q52_t592
51953,q52_t593
51954,q52_t593
51954,q52_t594
51955,q52_t595
51955,q52_t596
51956,q52_t596
51956,q52_t597
51957,q52_t598
51957,q52_t599
51958,q52_t599
51958,q52_t600
51959,q52_t601
51959,q52_t602
51960,q52_t602
51960,q52_t603
51961,q52_t604
51961,q52_t605
51962,q52_t605
51962,q52_t606
51963,q52_t607
51963,q52_t608
51964,q52_t608
51964,q52_t609
51965,q52_t610
51965,q52_t611
51966,q52_t611
51966,q52_t612
51967,q52_t613
51967,q52_t614
51968,q52_t614
51968,q52_t615
51969,q52_t616
51969,q52_t617
51970,q52_t617
51970,q52_t618
51971,q52_t619
51971,q52_t620
51972,q52_t620
51972,q52_t621
51973,q52_t622
51973,q52_t623
51974,q52_t623
51974,q52_t624
51975,q52_t625
51975,q52_t626
51976,q52_t626
51976,q52_t627
51977,q52_t628
51977,q52_t629
51978,q52_t629
51978,q52_t630
51979,q52_t631
51979,q52_t632
51980,q52_t632
51980,q52_t633
51981,q52_t634
51981,q52_t635
51982,q52_t635
51982,q52_t636
51983,q52_t637
51983,q52_t638
51984,q52_t638
51984,q52_t639
51985,q52_t640
51985,q52_t641
51986,q52_t641
51986,q52_t645
51987,q52_t645
51987,q52_t646
51987,q53_t645
51987,q53_t646
51988,q52_t646
51988,q52_t647
51989,q52_t647
51989,q52_t648
51990,q52_t648
51990,q52_t649
51990,q54_t648
51990,q54_t649
51991,q52_t649
51991,q52_t650
51992,q52_t650
51992,q52_t651
51993,q52_t651
51993,q52_t652
51993,q55_t651
51993,q55_t652
51994,q52_t652
51994,q52_t653
51995,q52_t653
51995,q52_t654
51996,q52_t654
51996,q52_t655
51996,q56_t654
51996,q56_t655
51997,q52_t655
51997,q52_t656
51998,q52_t656
51998,q52_t657
51999,q52_t657
51999,q52_t658
51999,q57_t657
51999,q57_t658
52000,q52_t658
52000,q52_t659
52001,q52_t659
52001,q52_t660
52002,q52_t660
52002,q52_t661
52002,q58_t660
52002,q58_t661
52003,q52_t661
52003,q52_t662
52004,q52_t662
52004,q52_t663
52005,q52_t663
52005,q52_t664
52005,q59_t663
52005,q59_t664
52006,q52_t664
52006,q52_t665
52007,q52_t665
52007,q52_t666
52008,q52_t666
52008,q52_t667
52008,q60_t666
52008,q60_t667
52009,q52_t667
52009,q52_t668
52010,q52_t668
52010,q52_t669
52011,q52_t669
52011,q52_t670
52011,q61_t669
52011,q61_t670
52012,q52_t670
52012,q52_t671
52013,q52_t671
52013,q52_t672
52014,q52_t672
52014,q52_t673
52014,q62_t672
52014,q62_t673
52015,q52_t673
52015,q52_t674
52016,q52_t674
52016,q52_t675
52017,q52_t675
52017,q52_t676
52017,q63_t675
52017,q63_t676
52018,q52_t676
52018,q52_t677
52019,q52_t677
52019,q52_t678
52020,q52_t678
52020,q52_t679
52020,q64_t678
52020,q64_t679
52021,q52_t679
52021,q52_t680
52022,q52_t680
52022,q52_t681
52023,q52_t681
52023,q52_t682
52023,q65_t681
52023,q65_t682
52024,q52_t682
52024,q52_t683
52025,q52_t683
52025,q52_t684
52026,q52_t684
52026,q52_t685
52026,q66_t684
52026,q66_t685
52027,q52_t685
52027,q52_t686
52028,q52_t686
52028,q52_t687
52029,q52_t687
52029,q52_t688
52029,q67_t687
52029,q67_t688
52030,q52_t688
52030,q52_t689
52031,q52_t689
52031,q52_t690
52032,q52_t690
52032,q52_t691
52032,q68_t690
52032,q68_t691
52033,q52_t691
52033,q52_t692
52034,q52_t692
52034,q52_t693
52035,q52_t693
52035,q52_t694
52035,q69_t693
52035,q69_t694
52036,q52_t694
52036,q52_t695
52037,q52_t695
52037,q52_t696
52038,q52_t696
52038,q52_t697
52038,q70_t696
52038,q70_t697
52039,q52_t697
52039,q52_t698
52040,q52_t698
52040,q52_t699
52041,q52_t699
52041,q52_t700
52041,q71_t699
52041,q71_t700
52042,q52_t700
52042,q52_t701
52043,q52_t701
52043,q52_t702
52044,q52_t702
52044,q52_t703
52044,q72_t702
52044,q72_t703
52045,q52_t703
52045,q52_t704
52046,q52_t704
52046,q52_t705
52047,q52_t705
52047,q52_t706
52047,q73_t705
52047,q73_t706
52048,q52_t706
52048,q52_t707
52049,q52_t707
52049,q52_t708
52050,q52_t708
52050,q52_t709
52050,q74_t708
52050,q74_t709
52051,q52_t709
52051,q52_t710
52052,q52_t710
52052,q52_t711
52053,q52_t711
52053,q52_t712
52053,q75_t711
52053,q75_t712
52054,q52_t712
52054,q52_t713
52055,q52_t713
52055,q52_t714
52056,q52_t714
52056,q52_t715
52056,q76_t714
52056,q76_t715
52057,q52_t715
52057,q52_t716
52058,q52_t716
52058,q52_t717
52059,q52_t717
52059,q52_t718
52059,q77_t717
52059,q77_t718
52060,q52_t718
52060,q52_t719
52061,q52_t719
52061,q52_t720
52062,q52_t720
52062,q52_t721
52062,q78_t720
52062,q78_t721
52063,q52_t721
52063,q52_t722
52064,q52_t722
52064,q52_t723
52065,q52_t723
52065,q52_t724
52065,q79_t723
52065,q79_t724
52066,q52_t724
52066,q52_t725
52067,q52_t725
52067,q52_t726
52068,q52_t726
52068,q52_t727
52068,q80_t726
52068,q80_t727
52069,q52_t727
52069,q52_t728
52070,q52_t728
52070,q52_t729
52071,q52_t729
52071,q52_t730
52071,q81_t729
52071,q81_t730
52072,q52_t730
52072,q52_t731
52073,q52_t731
52073,q52_t732
52074,q52_t732
52074,q52_t733
52074,q82_t732
52074,q82_t733
52075,q52_t733
52075,q52_t734
52076,q52_t734
52076,q52_t735
52077,q52_t735
52077,q52_t736
52077,q83_t735
52077,q83_t736
52078,q52_t736
52078,q52_t737
52079,q52_t737
52079,q52_t738
52080,q52_t738
52080,q52_t739
52080,q84_t738
52080,q84_t739
52081,q52_t739
52081,q52_t740
52082,q52_t740
52082,q52_t741
52083,q52_t741
52083,q52_t742
52083,q85_t741
52083,q85_t742
52084,q52_t742
52084,q52_t743
52085,q52_t743
52085,q52_t744
52086,q52_t744
52086,q52_t745
52086,q86_t744
52086,q86_t745
52087,q52_t745
52087,q52_t746
52088,q52_t746
52088,q52_t747
52089,q52_t747
52089,q52_t748
52089,q87_t747
52089,q87_t748
52090,q52_t748
52090,q52_t749
52091,q52_t749
52091,q52_t750
52092,q52_t750
52092,q52_t751
52092,q88_t750
52092,q88_t751
52093,q52_t751
52093,q52_t752
52094,q52_t752
52094,q52_t753
52095,q52_t753
52095,q52_t754
52095,q89_t753
52095,q89_t754
52096,q52_t754
52096,q52_t755
52097,q52_t755
52097,q52_t756
52098,q52_t756
52098,q52_t757
52098,q90_t756
52098,q90_t757
52099,q52_t757
52099,q52_t758
52100,q52_t758
52100,q52_t759
52101,q52_t759
52101,q52_t760
52101,q91_t759
52101,q91_t760
52102,q52_t760
52102,q52_t761
52103,q52_t761
52103,q52_t762
52104,q52_t762
52104,q52_t763
52104,q92_t762
52104,q92_t763
52105,q52_t763
52105,q52_t764
52106,q52_t764
52106,q52_t765
52107,q52_t765
52107,q52_t766
52107,q93_t765
52107,q93_t766
52108,q52_t766
52108,q52_t767
52109,q52_t767
52109,q52_t768
52110,q52_t768
52110,q52_t769
52110,q94_t768
52110,q94_t769
52111,q52_t769
52111,q52_t770
52112,q52_t770
52112,q52_t771
52113,q52_t771
52113,q52_t772
52113,q95_t771
52113,q95_t772
52114,q52_t772
52114,q52_t773
52115,q52_t773
52115,q52_t774
52116,q52_t774
52116,q52_t775
52116,q96_t774
52116,q96_t775
52117,q52_t775
52117,q52_t776
52118,q52_t776
52118,q52_t777
52119,q52_t777
52119,q52_t778
52119,q97_t777
52119,q97_t778
52120,q52_t778
52120,q52_t779
52121,q52_t779
52121,q52_t780
52122,q52_t780
52122,q52_t781
52122,q98_t780
52122,q98_t781
52123,q52_t781
52123,q52_t782
52124,q52_t782
52124,q52_t783
52125,q52_t783
52125,q52_t784
52125,q99_t783
52125,q99_t784
52126,q52_t784
52126,q52_t785
52127,q52_t785
52127,q52_t786
52128,q52_t787
52128,q52_t788
52129,q52_t788
52129,q52_t789
52130,q52_t790
52130,q52_t791
52131,q52_t791
52131,q52_t792
52132,q52_t793
52132,q52_t794
52133,q52_t794
52133,q52_t795
52134,q52_t796
52134,q52_t797
52135,q52_t797
52135,q52_t798
52136,q52_t799
52136,q52_t800
52137,q52_t800
52137,q52_t801
52138,q52_t802
52138,q52_t803
52139,q52_t803
52139,q52_t804
52140,q52_t805
52140,q52_t806
52141,q52_t806
52141,q52_t807
52142,q52_t808
52142,q52_t809
52143,q52_t809
52143,q52_t810
52144,q52_t811
52144,q52_t812
52145,q52_t812
52145,q52_t813
52146,q52_t814
52146,q52_t815
52147,q52_t815
52147,q52_t816
52148,q52_t816
52148,q52_t817
52149,q52_t818
52149,q52_t819
52150,q52_t819
52150,q52_t820
52151,q52_t821
52151,q52_t822
52152,q52_t822
52152,q52_t823
52153,q52_t824
52153,q52_t825
52154,q52_t825
52154,q52_t826
52155,q52_t827
52155,q52_t828
52156,q52_t828
52156,q52_t829
52157,q52_t830
52157,q52_t831
52158,q52_t831
52158,q52_t832
52159,q52_t832
52159,q52_t833
52159,q5_t832
52159,q5_t833
52160,q52_t833
52160,q52_t834
52161,q52_t834
52161,q52_t835
52162,q52_t835
52162,q52_t836
52162,q6_t835
52162,q6_t836
52163,q52_t836
52163,q52_t837
52164,q52_t837
52164,q52_t838
52165,q52_t838
52165,q52_t839
52165,q7_t838
52165,q7_t839
52166,q52_t839
52166,q52_t840
52167,q52_t840
52167,q52_t841
52168,q52_t841
52168,q52_t842
52168,q8_t841
52168,q8_t842
52169,q52_t842
52169,q52_t843
52170,q52_t843
52170,q52_t844
52171,q52_t844
52171,q52_t845
52171,q9_t844
52171,q9_t845
52172,q52_t845
52172,q52_t846
52173,q52_t846
52173,q52_t847
52174,q52_t848
52174,q52_t849
52175,q52_t849
52175,q52_t850
52176,q52_t851
52176,q52_t852
52177,q52_t852
52177,q52_t853
52178,q52_t854
52178,q52_t855
52179,q52_t855
52179,q52_t856
52180,q52_t857
52180,q52_t858
52181,q52_t858
52181,q52_t859
52182,q52_t860
52182,q52_t861
52183,q52_t861
52183,q52_t862
52184,q52_t863
52184,q52_t864
52185,q52_t864
52185,q52_t865
52186,q52_t866
52186,q52_t867
52187,q52_t867
52187,q52_t868
52188,q52_t869
52188,q52_t870
52189,q52_t870
52189,q52_t871
52190,q52_t872
52190,q52_t873
52191,q52_t873
52191,q52_t874
52192,q52_t875
52192,q52_t876
52193,q52_t876
52193,q52_t877
52194,q52_t878
52194,q52_t879
52195,q52_t879
52195,q52_t880
52196,q52_t881
52196,q52_t882
52197,q52_t882
52197,q52_t883
52198,q52_t884
52198,q52_t885
52199,q52_t885
52199,q52_t886
52200,q52_t887
52200,q52_t888
52201,q52_t888
52201,q52_t889
52202,q52_t890
52202,q52_t891
52203,q52_t891
52203,q52_t892
52204,q52_t893
52204,q52_t894
52205,q52_t894
52205,q52_t895
52206,q52_t896
52206,q52_t897
52207,q52_t897
52207,q52_t898
52208,q52_t899
52208,q52_t900
52209,q52_t900
52209,q52_t901
52210,q52_t902
52210,q52_t903
52211,q52_t903
52211,q52_t904
52212,q52_t905
52212,q52_t906
52213,q52_t906
52213,q52_t907
52214,q52_t908
52214,q52_t909
52215,q52_t909
52215,q52_t910
52216,q52_t911
52216,q52_t912
52217,q52_t912
52217,q52_t913
52218,q52_t914
52218,q52_t915
52219,q52_t915
52219,q52_t916
52220,q52_t917
52220,q52_t918
52221,q52_t918
52221,q52_t919
52222,q52_t920
52222,q52_t921
52223,q52_t921
52223,q52_t922
52224,q52_t923
52224,q52_t924
52225,q52_t924
52225,q52_t925
52226,q52_t926
52226,q52_t927
52227,q52_t927
52227,q52_t928
52228,q52_t929
52228,q52_t930
52229,q52_t930
52229,q52_t931
52230,q52_t932
52230,q52_t933
52231,q52_t933
52231,q52_t934
52232,q52_t935
52232,q52_t936
52233,q52_t936
52233,q52_t937
52234,q52_t938
52234,q52_t939
52235,q52_t939
52235,q52_t940
52236,q52_t941
52236,q52_t942
52237,q52_t942
52237,q52_t943
52238,q52_t944
52238,q52_t945
52239,q52_t945
52239,q52_t946
52240,q52_t947
52240,q52_t948
52241,q52_t948
52241,q52_t949
52242,q52_t950
52242,q52_t951
52243,q52_t951
52243,q52_t952
52244,q52_t953
52244,q52_t954
52245,q52_t954
52245,q52_t955
52246,q52_t956
52246,q52_t957
52247,q52_t957
52247,q52_t958
52248,q52_t959
52248,q52_t960
52249,q52_t960
52249,q52_t961
52250,q52_t962
52250,q52_t963
52251,q52_t963
52251,q52_t964
52252,q52_t965
52252,q52_t966
52253,q52_t966
52253,q52_t967
52254,q52_t968
52254,q52_t969
52255,q52_t969
52255,q52_t970
52256,q52_t971
52256,q52_t972
52257,q52_t972
52257,q52_t976
52258,q52_t976
52258,q52_t977
52258,q53_t976
52258,q53_t977
52259,q52_t977
52259,q52_t978
52260,q52_t978
52260,q52_t979
52261,q52_t979
52261,q52_t980
52261,q54_t979
52261,q54_t980
52262,q52_t980
52262,q52_t981
52263,q52_t981
52263,q52_t982
52264,q52_t982
52264,q52_t983
52264,q55_t982
52264,q55_t983
52265,q52_t983
52265,q52_t984
52266,q52_t984
52266,q52_t985
52267,q52_t985
52267,q52_t986
52267,q56_t985
52267,q56_t986
52268,q52_t986
52268,q52_t987
52269,q52_t987
52269,q52_t988
52270,q52_t988
52270,q52_t989
52270,q57_t988
52270,q57_t989
52271,q52_t989
52271,q52_t990
52272,q52_t990
52272,q52_t991
52273,q52_t991
52273,q52_t992
52273,q58_t991
52273,q58_t992
52274,q52_t992
52274,q52_t993
52275,q52_t993
52275,q52_t994
52276,q52_t994
52276,q52_t995
52276,q59_t994
52276,q59_t995
52277,q52_t995
52277,q52_t996
52278,q52_t996
52278,q52_t997
52279,q52_t997
52279,q52_t998
52279,q60_t997
52279,q60_t998
52280,q52_t998
52280,q52_t999
52281,q53_t0
52281,q53_t1
52282,q53_t1
52282,q53_t158
52283,q53_t1000
52283,q53_t1001
52283,q60_t1000
52283,q60_t1001
52284,q53_t1000
52284,q53_t999
52285,q53_t1001
52285,q53_t1002
52286,q53_t1002
52286,q53_t1003
52287,q53_t1003
52287,q53_t1004
52287,q61_t1003
52287,q61_t1004
52288,q53_t1004
52288,q53_t1005
52289,q53_t1005
52289,q53_t1006
52290,q53_t1006
52290,q53_t1007
52290,q62_t1006
52290,q62_t1007
52291,q53_t1007
52291,q53_t1008
52292,q53_t1008
52292,q53_t1009
52293,q53_t1009
52293,q53_t1010
52293,q63_t1009
52293,q63_t1010
52294,q53_t1010
52294,q53_t1011
52295,q53_t1011
52295,q53_t1012
52296,q53_t1012
52296,q53_t1013
52296,q64_t1012
52296,q64_t1013
52297,q53_t1013
52297,q53_t1014
52298,q53_t1014
52298,q53_t1015
52299,q53_t1015
52299,q53_t1016
52299,q65_t1015
52299,q65_t1016
52300,q53_t1016
52300,q53_t1017
52301,q53_t1017
52301,q53_t1018
52302,q53_t1018
52302,q53_t1019
52302,q66_t1018
52302,q66_t1019
52303,q53_t1019
52303,q53_t1020
52304,q53_t1020
52304,q53_t1021
52305,q53_t1021
52305,q53_t1022
52305,q67_t1021
52305,q67_t1022
52306,q53_t1022
52306,q53_t1023
52307,q53_t1023
52307,q53_t1024
52308,q53_t1024
52308,q53_t1025
52308,q68_t1024
52308,q68_t1025
52309,q53_t1025
52309,q53_t1026
52310,q53_t1026
52310,q53_t1027
52311,q53_t1027
52311,q53_t1028
52311,q69_t1027
52311,q69_t1028
52312,q53_t1028
52312,q53_t1029
52313,q53_t1029
52313,q53_t1030
52314,q53_t1030
52314,q53_t1031
52314,q70_t1030
52314,q70_t1031
52315,q53_t1031
52315,q53_t1032
52316,q53_t1032
52316,q53_t1033
52317,q53_t1033
52317,q53_t1034
52317,q71_t1033
52317,q71_t1034
52318,q53_t1034
52318,q53_t1035
52319,q53_t1035
52319,q53_t1036
52320,q53_t1036
52320,q53_t1037
52320,q72_t1036
52320,q72_t1037
52321,q53_t1037
52321,q53_t1038
52322,q53_t1038
52322,q53_t1039
52323,q53_t1039
52323,q53_t1040
52323,q73_t1039
52323,q73_t1040
52324,q53_t1040
52324,q53_t1041
52325,q53_t1041
52325,q53_t1042
52326,q53_t1042
52326,q53_t1043
52326,q74_t1042
52326,q74_t1043
52327,q53_t1043
52327,q53_t1044
52328,q53_t1044
52328,q53_t1045
52329,q53_t1045
52329,q53_t1046
52329,q75_t1045
52329,q75_t1046
52330,q53_t1046
52330,q53_t1047
52331,q53_t1047
52331,q53_t1048
52332,q53_t1048
52332,q53_t1049
52332,q76_t1048
52332,q76_t1049
52333,q53_t1049
52333,q53_t1050
52334,q53_t1050
52334,q53_t1051
52335,q53_t1051
52335,q53_t1052
52335,q77_t1051
52335,q77_t1052
52336,q53_t1052
52336,q53_t1053
52337,q53_t1053
52337,q53_t1054
52338,q53_t1054
52338,q53_t1055
52338,q78_t1054
52338,q78_t1055
52339,q53_t1055
52339,q53_t1056
52340,q53_t1056
52340,q53_t1057
52341,q53_t1057
52341,q53_t1058
52341,q79_t1057
52341,q79_t1058
52342,q53_t1058
52342,q53_t1059
52343,q53_t1059
52343,q53_t1060
52344,q53_t1060
52344,q53_t1061
52344,q80_t1060
52344,q80_t1061
52345,q53_t1061
52345,q53_t1062
52346,q53_t1062
52346,q53_t1063
52347,q53_t1063
52347,q53_t1064
52347,q81_t1063
52347,q81_t1064
52348,q53_t1064
52348,q53_t1065
52349,q53_t1065
52349,q53_t1066
52350,q53_t1066
52350,q53_t1067
52350,q82_t1066
52350,q82_t1067
52351,q53_t1067
52351,q53_t1068
52352,q53_t1068
52352,q53_t1069
52353,q53_t1069
52353,q53_t1070
52353,q83_t1069
52353,q83_t1070
52354,q53_t1070
52354,q53_t1071
52355,q53_t1071
52355,q53_t1072
52356,q53_t1072
52356,q53_t1073
52356,q84_t1072
52356,q84_t1073
52357,q53_t1073
52357,q53_t1074
52358,q53_t1074
52358,q53_t1075
52359,q53_t1075
52359,q53_t1076
52359,q85_t1075
52359,q85_t1076
52360,q53_t1076
52360,q53_t1077
52361,q53_t1077
52361,q53_t1078
52362,q53_t1078
52362,q53_t1079
52362,q86_t1078
52362,q86_t1079
52363,q53_t1079
52363,q53_t1080
52364,q53_t1080
52364,q53_t1081
52365,q53_t1081
52365,q53_t1082
52365,q87_t1081
52365,q87_t1082
52366,q53_t1082
52366,q53_t1083
52367,q53_t1083
52367,q53_t1084
52368,q53_t1084
52368,q53_t1085
52368,q88_t1084
52368,q88_t1085
52369,q53_t1085
52369,q53_t1086
52370,q53_t1086
52370,q53_t1087
52371,q53_t1087
52371,q53_t1088
52371,q89_t1087
52371,q89_t1088
52372,q53_t1088
52372,q53_t1089
52373,q53_t1089
52373,q53_t1090
52374,q53_t1090
52374,q53_t1091
52374,q90_t1090
52374,q90_t1091
52375,q53_t1091
52375,q53_t1092
52376,q53_t1092
52376,q53_t1093
52377,q53_t1093
52377,q53_t1094
52377,q91_t1093
52377,q91_t1094
52378,q53_t1094
52378,q53_t1095
52379,q53_t1095
52379,q53_t1096
52380,q53_t1096
52380,q53_t1097
52380,q92_t1096
52380,q92_t1097
52381,q53_t1097
52381,q53_t1098
52382,q53_t1098
52382,q53_t1099
52383,q53_t1099
52383,q53_t1100
52383,q93_t1099
52383,q93_t1100
52384,q53_t1100
52384,q53_t1101
52385,q53_t1101
52385,q53_t1102
52386,q53_t1102
52386,q53_t1103
52386,q94_t1102
52386,q94_t1103
52387,q53_t1103
52387,q53_t1104
52388,q53_t1104
52388,q53_t1105
52389,q53_t1105
52389,q53_t1106
52389,q95_t1105
52389,q95_t1106
52390,q53_t1106
52390,q53_t1107
52391,q53_t1107
52391,q53_t1108
52392,q53_t1108
52392,q53_t1109
52392,q96_t1108
52392,q96_t1109
52393,q53_t1109
52393,q53_t1110
52394,q53_t1110
52394,q53_t1111
52395,q53_t1111
52395,q53_t1112
52395,q97_t1111
52395,q97_t1112
52396,q53_t1112
52396,q53_t1113
52397,q53_t1113
52397,q53_t1114
52398,q53_t1114
52398,q53_t1115
52398,q98_t1114
52398,q98_t1115
52399,q53_t1115
52399,q53_t1116
52400,q53_t1116
52400,q53_t1117
52401,q53_t1117
52401,q53_t1118
52401,q99_t1117
52401,q99_t1118
52402,q53_t1118
52402,q53_t1119
52403,q53_t1119
52403,q53_t1120
52404,q53_t1121
52404,q53_t1122
52405,q53_t1122
52405,q53_t1123
52406,q53_t1124
52406,q53_t1125
52407,q53_t1125
52407,q53_t1126
52408,q53_t1127
52408,q53_t1128
52409,q53_t1128
52409,q53_t1129
52410,q53_t1130
52410,q53_t1131
52411,q53_t1131
52411,q53_t1132
52412,q53_t1133
52412,q53_t1134
52413,q53_t1134
52413,q53_t1135
52414,q53_t1136
52414,q53_t1137
52415,q53_t1137
52415,q53_t1138
52416,q53_t1139
52416,q53_t1140
52417,q53_t1140
52417,q53_t1141
52418,q53_t1142
52418,q53_t1143
52419,q53_t1143
52419,q53_t1144
52420,q53_t1145
52420,q53_t1146
52421,q53_t1146
52421,q53_t1147
52422,q53_t1148
52422,q53_t1149
52423,q53_t1149
52423,q53_t1150
52424,q53_t159
52424,q53_t160
52425,q53_t160
52425,q53_t161
52426,q53_t162
52426,q53_t163
52427,q53_t163
52427,q53_t164
52428,q53_t165
52428,q53_t166
52429,q53_t166
52429,q53_t167
52430,q53_t168
52430,q53_t169
52431,q53_t169
52431,q53_t170
52432,q53_t171
52432,q53_t172
52433,q53_t172
52433,q53_t173
52434,q53_t173
52434,q53_t174
52434,q5_t173
52434,q5_t174
52435,q53_t174
52435,q53_t175
52436,q53_t175
52436,q53_t176
52437,q53_t176
52437,q53_t177
52437,q6_t176
52437,q6_t177
52438,q53_t177
52438,q53_t178
52439,q53_t178
52439,q53_t179
52440,q53_t179
52440,q53_t180
52440,q7_t179
52440,q7_t180
52441,q53_t180
52441,q53_t181
52442,q53_t181
52442,q53_t182
52443,q53_t182
52443,q53_t183
52443,q8_t182
52443,q8_t183
52444,q53_t183
52444,q53_t184
52445,q53_t184
52445,q53_t185
52446,q53_t185
52446,q53_t186
52446,q9_t185
52446,q9_t186
52447,q53_t186
52447,q53_t187
52448,q53_t187
52448,q53_t188
52449,q53_t189
52449,q53_t190
52450,q53_t190
52450,q53_t191
52451,q53_t192
52451,q53_t193
52452,q53_t193
52452,q53_t194
52453,q53_t195
52453,q53_t196
52454,q53_t196
52454,q53_t197
52455,q53_t198
52455,q53_t199
52456,q53_t199
52456,q53_t200
52457,q53_t201
52457,q53_t202
52458,q53_t202
52458,q53_t203
52459,q53_t204
52459,q53_t205
52460,q53_t205
52460,q53_t206
52461,q53_t207
52461,q53_t208
52462,q53_t208
52462,q53_t209
52463,q53_t210
52463,q53_t211
52464,q53_t211
52464,q53_t212
52465,q53_t213
52465,q53_t214
52466,q53_t214
52466,q53_t215
52467,q53_t216
52467,q53_t217
52468,q53_t217
52468,q53_t218
52469,q53_t219
52469,q53_t220
52470,q53_t220
52470,q53_t221
52471,q53_t222
52471,q53_t223
52472,q53_t223
52472,q53_t224
52473,q53_t225
52473,q53_t226
52474,q53_t226
52474,q53_t227
52475,q53_t228
52475,q53_t229
52476,q53_t229
52476,q53_t230
52477,q53_t231
52477,q53_t232
52478,q53_t232
52478,q53_t233
52479,q53_t234
52479,q53_t235
52480,q53_t235
52480,q53_t236
52481,q53_t237
52481,q53_t238
52482,q53_t238
52482,q53_t239
52483,q53_t240
52483,q53_t241
52484,q53_t241
52484,q53_t242
52485,q53_t243
52485,q53_t244
52486,q53_t244
52486,q53_t245
52487,q53_t246
52487,q53_t247
52488,q53_t247
52488,q53_t248
52489,q53_t249
52489,q53_t250
52490,q53_t250
52490,q53_t251
52491,q53_t252
52491,q53_t253
52492,q53_t253
52492,q53_t254
52493,q53_t255
52493,q53_t256
52494,q53_t256
52494,q53_t257
52495,q53_t258
52495,q53_t259
52496,q53_t259
52496,q53_t260
52497,q53_t261
52497,q53_t262
52498,q53_t262
52498,q53_t263
52499,q53_t264
52499,q53_t265
52500,q53_t265
52500,q53_t266
52501,q53_t267
52501,q53_t268
52502,q53_t268
52502,q53_t269
52503,q53_t270
52503,q53_t271
52504,q53_t271
52504,q53_t272
52505,q53_t273
52505,q53_t274
52506,q53_t274
52506,q53_t275
52507,q53_t276
52507,q53_t277
52508,q53_t277
52508,q53_t278
52509,q53_t279
52509,q53_t280
52510,q53_t280
52510,q53_t281
52511,q53_t282
52511,q53_t283
52512,q53_t283
52512,q53_t284
52513,q53_t285
52513,q53_t286
52514,q53_t286
52514,q53_t287
52515,q53_t288
52515,q53_t289
52516,q53_t289
52516,q53_t290
52517,q53_t291
52517,q53_t292
52518,q53_t292
52518,q53_t293
52519,q53_t294
52519,q53_t295
52520,q53_t295
52520,q53_t296
52521,q53_t297
52521,q53_t298
52522,q53_t298
52522,q53_t299
52523,q53_t300
52523,q53_t301
52524,q53_t301
52524,q53_t302
52525,q53_t303
52525,q53_t304
52526,q53_t304
52526,q53_t305
52527,q53_t306
52527,q53_t307
52528,q53_t307
52528,q53_t308
52529,q53_t309
52529,q53_t310
52530,q53_t310
52530,q53_t311
52531,q53_t312
52531,q53_t313
52532,q53_t313
52532,q53_t314
52533,q53_t315
52533,q53_t316
52534,q53_t316
52534,q53_t320
52535,q53_t320
52535,q53_t321
52535,q54_t320
52535,q54_t321
52536,q53_t321
52536,q53_t322
52537,q53_t322
52537,q53_t323
52538,q53_t323
52538,q53_t324
52538,q55_t323
52538,q55_t324
52539,q53_t324
52539,q53_t325
52540,q53_t325
52540,q53_t326
52541,q53_t326
52541,q53_t327
52541,q56_t326
52541,q56_t327
52542,q53_t327
52542,q53_t328
52543,q53_t328
52543,q53_t329
52544,q53_t329
52544,q53_t330
52544,q57_t329
52544,q57_t330
52545,q53_t330
52545,q53_t331
52546,q53_t331
52546,q53_t332
52547,q53_t332
52547,q53_t333
52547,q58_t332
52547,q58_t333
52548,q53_t333
52548,q53_t334
52549,q53_t334
52549,q53_t335
52550,q53_t335
52550,q53_t336
52550,q59_t335
52550,q59_t336
52551,q53_t336
52551,q53_t337
52552,q53_t337
52552,q53_t338
52553,q53_t338
52553,q53_t339
52553,q60_t338
52553,q60_t339
52554,q53_t339
52554,q53_t340
52555,q53_t340
52555,q53_t341
52556,q53_t341
52556,q53_t342
52556,q61_t341
52556,q61_t342
52557,q53_t342
52557,q53_t343
52558,q53_t343
52558,q53_t344
52559,q53_t344
52559,q53_t345
52559,q62_t344
52559,q62_t345
52560,q53_t345
52560,q53_t346
52561,q53_t346
52561,q53_t347
52562,q53_t347
52562,q53_t348
52562,q63_t347
52562,q63_t348
52563,q53_t348
52563,q53_t349
52564,q53_t349
52564,q53_t350
52565,q53_t350
52565,q53_t351
52565,q64_t350
52565,q64_t351
52566,q53_t351
52566,q53_t352
52567,q53_t352
52567,q53_t353
52568,q53_t353
52568,q53_t354
52568,q65_t353
52568,q65_t354
52569,q53_t354
52569,q53_t355
52570,q53_t355
52570,q53_t356
52571,q53_t356
52571,q53_t357
52571,q66_t356
52571,q66_t357
52572,q53_t357
52572,q53_t358
52573,q53_t358
52573,q53_t359
52574,q53_t359
52574,q53_t360
52574,q67_t359
52574,q67_t360
52575,q53_t360
52575,q53_t361
52576,q53_t361
52576,q53_t362
52577,q53_t362
52577,q53_t363
52577,q68_t362
52577,q68_t363
52578,q53_t363
52578,q53_t364
52579,q53_t364
52579,q53_t365
52580,q53_t365
52580,q53_t366
52580,q69_t365
52580,q69_t366
52581,q53_t366
52581,q53_t367
52582,q53_t367
52582,q53_t368
52583,q53_t368
52583,q53_t369
52583,q70_t368
52583,q70_t369
52584,q53_t369
52584,q53_t370
52585,q53_t370
52585,q53_t371
52586,q53_t371
52586,q53_t372
52586,q71_t371
52586,q71_t372
52587,q53_t372
52587,q53_t373
52588,q53_t373
52588,q53_t374
52589,q53_t374
52589,q53_t375
52589,q72_t374
52589,q72_t375
52590,q53_t375
52590,q53_t376
52591,q53_t376
52591,q53_t377
52592,q53_t377
52592,q53_t378
52592,q73_t377
52592,q73_t378
52593,q53_t378
52593,q53_t379
52594,q53_t379
52594,q53_t380
52595,q53_t380
52595,q53_t381
52595,q74_t380
52595,q74_t381
52596,q53_t381
52596,q53_t382
52597,q53_t382
52597,q53_t383
52598,q53_t383
52598,q53_t384
52598,q75_t383
52598,q75_t384
52599,q53_t384
52599,q53_t385
52600,q53_t385
52600,q53_t386
52601,q53_t386
52601,q53_t387
52601,q76_t386
52601,q76_t387
52602,q53_t387
52602,q53_t388
52603,q53_t388
52603,q53_t389
52604,q53_t389
52604,q53_t390
52604,q77_t389
52604,q77_t390
52605,q53_t390
52605,q53_t391
52606,q53_t391
52606,q53_t392
52607,q53_t392
52607,q53_t393
52607,q78_t392
52607,q78_t393
52608,q53_t393
52608,q53_t394
52609,q53_t394
52609,q53_t395
52610,q53_t395
52610,q53_t396
52610,q79_t395
52610,q79_t396
52611,q53_t396
52611,q53_t397
52612,q53_t397
52612,q53_t398
52613,q53_t398
52613,q53_t399
52613,q80_t398
52613,q80_t399
52614,q53_t399
52614,q53_t400
52615,q53_t400
52615,q53_t401
52616,q53_t401
52616,q53_t402
52616,q81_t401
52616,q81_t402
52617,q53_t402
52617,q53_t403
52618,q53_t403
52618,q53_t404
52619,q53_t404
52619,q53_t405
52619,q82_t404
52619,q82_t405
52620,q53_t405
52620,q53_t406
52621,q53_t406
52621,q53_t407
52622,q53_t407
52622,q53_t408
52622,q83_t407
52622,q83_t408
52623,q53_t408
52623,q53_t409
52624,q53_t409
52624,q53_t410
52625,q53_t410
52625,q53_t411
52625,q84_t410
52625,q84_t411
52626,q53_t411
52626,q53_t412
52627,q53_t412
52627,q53_t413
52628,q53_t413
52628,q53_t414
52628,q85_t413
52628,q85_t414
52629,q53_t414
52629,q53_t415
52630,q53_t415
52630,q53_t416
52631,q53_t416
52631,q53_t417
52631,q86_t416
52631,q86_t417
52632,q53_t417
52632,q53_t418
52633,q53_t418
52633,q53_t419
52634,q53_t419
52634,q53_t420
52634,q87_t419
52634,q87_t420
52635,q53_t420
52635,q53_t421
52636,q53_t421
52636,q53_t422
52637,q53_t422
52637,q53_t423
52637,q88_t422
52637,q88_t423
52638,q53_t423
52638,q53_t424
52639,q53_t424
52639,q53_t425
52640,q53_t425
52640,q53_t426
52640,q89_t425
52640,q89_t426
52641,q53_t426
52641,q53_t427
52642,q53_t427
52642,q53_t428
52643,q53_t428
52643,q53_t429
52643,q90_t428
52643,q90_t429
52644,q53_t429
52644,q53_t430
52645,q53_t430
52645,q53_t431
52646,q53_t431
52646,q53_t432
52646,q91_t431
52646,q91_t432
52647,q53_t432
52647,q53_t433
52648,q53_t433
52648,q53_t434
52649,q53_t434
52649,q53_t435
52649,q92_t434
52649,q92_t435
52650,q53_t435
52650,q53_t436
52651,q53_t436
52651,q53_t437
52652,q53_t437
52652,q53_t438
52652,q93_t437
52652,q93_t438
52653,q53_t438
52653,q53_t439
52654,q53_t439
52654,q53_t440
52655,q53_t440
52655,q53_t441
52655,q94_t440
52655,q94_t441
52656,q53_t441
52656,q53_t442
52657,q53_t442
52657,q53_t443
52658,q53_t443
52658,q53_t444
52658,q95_t443
52658,q95_t444
52659,q53_t444
52659,q53_t445
52660,q53_t445
52660,q53_t446
52661,q53_t446
52661,q53_t447
52661,q96_t446
52661,q96_t447
52662,q53_t447
52662,q53_t448
52663,q53_t448
52663,q53_t449
52664,q53_t449
52664,q53_t450
52664,q97_t449
52664,q97_t450
52665,q53_t450
52665,q53_t451
52666,q53_t451
52666,q53_t452
52667,q53_t452
52667,q53_t453
52667,q98_t452
52667,q98_t453
52668,q53_t453
52668,q53_t454
52669,q53_t454
52669,q53_t455
52670,q53_t455
52670,q53_t456
52670,q99_t455
52670,q99_t456
52671,q53_t456
52671,q53_t457
52672,q53_t457
52672,q53_t458
52673,q53_t459
52673,q53_t460
52674,q53_t460
52674,q53_t461
52675,q53_t462
52675,q53_t463
52676,q53_t463
52676,q53_t464
52677,q53_t465
52677,q53_t466
52678,q53_t466
52678,q53_t467
52679,q53_t468
52679,q53_t469
52680,q53_t469
52680,q53_t470
52681,q53_t471
52681,q53_t472
52682,q53_t472
52682,q53_t473
52683,q53_t474
52683,q53_t475
52684,q53_t475
52684,q53_t476
52685,q53_t477
52685,q53_t478
52686,q53_t478
52686,q53_t479
52687,q53_t480
52687,q53_t481
52688,q53_t481
52688,q53_t482
52689,q53_t483
52689,q53_t484
52690,q53_t484
52690,q53_t485
52691,q53_t486
52691,q53_t487
52692,q53_t487
52692,q53_t488
52693,q53_t488
52693,q53_t489
52694,q53_t490
52694,q53_t491
52695,q53_t491
52695,q53_t492
52696,q53_t493
52696,q53_t494
52697,q53_t494
52697,q53_t495
52698,q53_t496
52698,q53_t497
52699,q53_t497
52699,q53_t498
52700,q53_t499
52700,q53_t500
52701,q53_t500
52701,q53_t501
52702,q53_t502
52702,q53_t503
52703,q53_t503
52703,q53_t504
52704,q53_t504
52704,q53_t505
52704,q5_t504
52704,q5_t505
52705,q53_t505
52705,q53_t506
52706,q53_t506
52706,q53_t507
52707,q53_t507
52707,q53_t508
52707,q6_t507
52707,q6_t508
52708,q53_t508
52708,q53_t509
52709,q53_t509
52709,q53_t510
52710,q53_t510
52710,q53_t511
52710,q7_t510
52710,q7_t511
52711,q53_t511
52711,q53_t512
52712,q53_t512
52712,q53_t513
52713,q53_t513
52713,q53_t514
52713,q8_t513
52713,q8_t514
52714,q53_t514
52714,q53_t515
52715,q53_t515
52715,q53_t516
52716,q53_t516
52716,q53_t517
52716,q9_t516
52716,q9_t517
52717,q53_t517
52717,q53_t518
52718,q53_t518
52718,q53_t519
52719,q53_t520
52719,q53_t521
52720,q53_t521
52720,q53_t522
52721,q53_t523
52721,q53_t524
52722,q53_t524
52722,q53_t525
52723,q53_t526
52723,q53_t527
52724,q53_t527
52724,q53_t528
52725,q53_t529
52725,q53_t530
52726,q53_t530
52726,q53_t531
52727,q53_t532
52727,q53_t533
52728,q53_t533
52728,q53_t534
52729,q53_t535
52729,q53_t536
52730,q53_t536
52730,q53_t537
52731,q53_t538
52731,q53_t539
52732,q53_t539
52732,q53_t540
52733,q53_t541
52733,q53_t542
52734,q53_t542
52734,q53_t543
52735,q53_t544
52735,q53_t545
52736,q53_t545
52736,q53_t546
52737,q53_t547
52737,q53_t548
52738,q53_t548
52738,q53_t549
52739,q53_t550
52739,q53_t551
52740,q53_t551
52740,q53_t552
52741,q53_t553
52741,q53_t554
52742,q53_t554
52742,q53_t555
52743,q53_t556
52743,q53_t557
52744,q53_t557
52744,q53_t558
52745,q53_t559
52745,q53_t560
52746,q53_t560
52746,q53_t561
52747,q53_t562
52747,q53_t563
52748,q53_t563
52748,q53_t564
52749,q53_t565
52749,q53_t566
52750,q53_t566
52750,q53_t567
52751,q53_t568
52751,q53_t569
52752,q53_t569
52752,q53_t570
52753,q53_t571
52753,q53_t572
52754,q53_t572
52754,q53_t573
52755,q53_t574
52755,q53_t575
52756,q53_t575
52756,q53_t576
52757,q53_t577
52757,q53_t578
52758,q53_t578
52758,q53_t579
52759,q53_t580
52759,q53_t581
52760,q53_t581
52760,q53_t582
52761,q53_t583
52761,q53_t584
52762,q53_t584
52762,q53_t585
52763,q53_t586
52763,q53_t587
52764,q53_t587
52764,q53_t588
52765,q53_t589
52765,q53_t590
52766,q53_t590
52766,q53_t591
52767,q53_t592
52767,q53_t593
52768,q53_t593
52768,q53_t594
52769,q53_t595
52769,q53_t596
52770,q53_t596
52770,q53_t597
52771,q53_t598
52771,q53_t599
52772,q53_t599
52772,q53_t600
52773,q53_t601
52773,q53_t602
52774,q53_t602
52774,q53_t603
52775,q53_t604
52775,q53_t605
52776,q53_t605
52776,q53_t606
52777,q53_t607
52777,q53_t608
52778,q53_t608
52778,q53_t609
52779,q53_t610
52779,q53_t611
52780,q53_t611
52780,q53_t612
52781,q53_t613
52781,q53_t614
52782,q53_t614
52782,q53_t615
52783,q53_t616
52783,q53_t617
52784,q53_t617
52784,q53_t618
52785,q53_t619
52785,q53_t620
52786,q53_t620
52786,q53_t621
52787,q53_t622
52787,q53_t623
52788,q53_t623
52788,q53_t624
52789,q53_t625
52789,q53_t626
52790,q53_t626
52790,q53_t627
52791,q53_t628
52791,q53_t629
52792,q53_t629
52792,q53_t630
52793,q53_t631
52793,q53_t632
52794,q53_t632
52794,q53_t633
52795,q53_t634
52795,q53_t635
52796,q53_t635
52796,q53_t636
52797,q53_t637
52797,q53_t638
52798,q53_t638
52798,q53_t639
52799,q53_t640
52799,q53_t641
52800,q53_t641
52800,q53_t642
52801,q53_t643
52801,q53_t644
52802,q53_t644
52802,q53_t645
52803,q53_t646
52803,q53_t647
52804,q53_t647
52804,q53_t651
52805,q53_t651
52805,q53_t652
52805,q54_t651
52805,q54_t652
52806,q53_t652
52806,q53_t653
52807,q53_t653
52807,q53_t654
52808,q53_t654
52808,q53_t655
52808,q55_t654
52808,q55_t655
52809,q53_t655
52809,q53_t656
52810,q53_t656
52810,q53_t657
52811,q53_t657
52811,q53_t658
52811,q56_t657
52811,q56_t658
52812,q53_t658
52812,q53_t659
52813,q53_t659
52813,q53_t660
52814,q53_t660
52814,q53_t661
52814,q57_t660
52814,q57_t661
52815,q53_t661
52815,q53_t662
52816,q53_t662
52816,q53_t663
52817,q53_t663
52817,q53_t664
52817,q58_t663
52817,q58_t664
52818,q53_t664
52818,q53_t665
52819,q53_t665
52819,q53_t666
52820,q53_t666
52820,q53_t667
52820,q59_t666
52820,q59_t667
52821,q53_t667
52821,q53_t668
52822,q53_t668
52822,q53_t669
52823,q53_t669
52823,q53_t670
52823,q60_t669
52823,q60_t670
52824,q53_t670
52824,q53_t671
52825,q53_t671
52825,q53_t672
52826,q53_t672
52826,q53_t673
52826,q61_t672
52826,q61_t673
52827,q53_t673
52827,q53_t674
52828,q53_t674
52828,q53_t675
52829,q53_t675
52829,q53_t676
52829,q62_t675
52829,q62_t676
52830,q53_t676
52830,q53_t677
52831,q53_t677
52831,q53_t678
52832,q53_t678
52832,q53_t679
52832,q63_t678
52832,q63_t679
52833,q53_t679
52833,q53_t680
52834,q53_t680
52834,q53_t681
52835,q53_t681
52835,q53_t682
52835,q64_t681
52835,q64_t682
52836,q53_t682
52836,q53_t683
52837,q53_t683
52837,q53_t684
52838,q53_t684
52838,q53_t685
52838,q65_t684
52838,q65_t685
52839,q53_t685
52839,q53_t686
52840,q53_t686
52840,q53_t687
52841,q53_t687
52841,q53_t688
52841,q66_t687
52841,q66_t688
52842,q53_t688
52842,q53_t689
52843,q53_t689
52843,q53_t690
52844,q53_t690
52844,q53_t691
52844,q67_t690
52844,q67_t691
52845,q53_t691
52845,q53_t692
52846,q53_t692
52846,q53_t693
52847,q53_t693
52847,q53_t694
52847,q68_t693
52847,q68_t694
52848,q53_t694
52848,q53_t695
52849,q53_t695
52849,q53_t696
52850,q53_t696
52850,q53_t697
52850,q69_t696
52850,q69_t697
52851,q53_t697
52851,q53_t698
52852,q53_t698
52852,q53_t699
52853,q53_t699
52853,q53_t700
52853,q70_t699
52853,q70_t700
52854,q53_t700
52854,q53_t701
52855,q53_t701
52855,q53_t702
52856,q53_t702
52856,q53_t703
52856,q71_t702
52856,q71_t703
52857,q53_t703
52857,q53_t704
52858,q53_t704
52858,q53_t705
52859,q53_t705
52859,q53_t706
52859,q72_t705
52859,q72_t706
52860,q53_t706
52860,q53_t707
52861,q53_t707
52861,q53_t708
52862,q53_t708
52862,q53_t709
52862,q73_t708
52862,q73_t709
52863,q53_t709
52863,q53_t710
52864,q53_t710
52864,q53_t711
52865,q53_t711
52865,q53_t712
52865,q74_t711
52865,q74_t712
52866,q53_t712
52866,q53_t713
52867,q53_t713
52867,q53_t714
52868,q53_t714
52868,q53_t715
52868,q75_t714
52868,q75_t715
52869,q53_t715
52869,q53_t716
52870,q53_t716
52870,q53_t717
52871,q53_t717
52871,q53_t718
52871,q76_t717
52871,q76_t718
52872,q53_t718
52872,q53_t719
52873,q53_t719
52873,q53_t720
52874,q53_t720
52874,q53_t721
52874,q77_t720
52874,q77_t721
52875,q53_t721
52875,q53_t722
52876,q53_t722
52876,q53_t723
52877,q53_t723
52877,q53_t724
52877,q78_t723
52877,q78_t724
52878,q53_t724
52878,q53_t725
52879,q53_t725
52879,q53_t726
52880,q53_t726
52880,q53_t727
52880,q79_t726
52880,q79_t727
52881,q53_t727
52881,q53_t728
52882,q53_t728
52882,q53_t729
52883,q53_t729
52883,q53_t730
52883,q80_t729
52883,q80_t730
52884,q53_t730
52884,q53_t731
52885,q53_t731
52885,q53_t732
52886,q53_t732
52886,q53_t733
52886,q81_t732
52886,q81_t733
52887,q53_t733
52887,q53_t734
52888,q53_t734
52888,q53_t735
52889,q53_t735
52889,q53_t736
52889,q82_t735
52889,q82_t736
52890,q53_t736
52890,q53_t737
52891,q53_t737
52891,q53_t738
52892,q53_t738
52892,q53_t739
52892,q83_t738
52892,q83_t739
52893,q53_t739
52893,q53_t740
52894,q53_t740
52894,q53_t741
52895,q53_t741
52895,q53_t742
52895,q84_t741
52895,q84_t742
52896,q53_t742
52896,q53_t743
52897,q53_t743
52897,q53_t744
52898,q53_t744
52898,q53_t745
52898,q85_t744
52898,q85_t745
52899,q53_t745
52899,q53_t746
52900,q53_t746
52900,q53_t747
52901,q53_t747
52901,q53_t748
52901,q86_t747
52901,q86_t748
52902,q53_t748
52902,q53_t749
52903,q53_t749
52903,q53_t750
52904,q53_t750
52904,q53_t751
52904,q87_t750
52904,q87_t751
52905,q53_t751
52905,q53_t752
52906,q53_t752
52906,q53_t753
52907,q53_t753
52907,q53_t754
52907,q88_t753
52907,q88_t754
52908,q53_t754
52908,q53_t755
52909,q53_t755
52909,q53_t756
52910,q53_t756
52910,q53_t757
52910,q89_t756
52910,q89_t757
52911,q53_t757
52911,q53_t758
52912,q53_t758
52912,q53_t759
52913,q53_t759
52913,q53_t760
52913,q90_t759
52913,q90_t760
52914,q53_t760
52914,q53_t761
52915,q53_t761
52915,q53_t762
52916,q53_t762
52916,q53_t763
52916,q91_t762
52916,q91_t763
52917,q53_t763
52917,q53_t764
52918,q53_t764
52918,q53_t765
52919,q53_t765
52919,q53_t766
52919,q92_t765
52919,q92_t766
52920,q53_t766
52920,q53_t767
52921,q53_t767
52921,q53_t768
52922,q53_t768
52922,q53_t769
52922,q93_t768
52922,q93_t769
52923,q53_t769
52923,q53_t770
52924,q53_t770
52924,q53_t771
52925,q53_t771
52925,q53_t772
52925,q94_t771
52925,q94_t772
52926,q53_t772
52926,q53_t773
52927,q53_t773
52927,q53_t774
52928,q53_t774
52928,q53_t775
52928,q95_t774
52928,q95_t775
52929,q53_t775
52929,q53_t776
52930,q53_t776
52930,q53_t777
52931,q53_t777
52931,q53_t778
52931,q96_t777
52931,q96_t778
52932,q53_t778
52932,q53_t779
52933,q53_t779
52933,q53_t780
52934,q53_t780
52934,q53_t781
52934,q97_t780
52934,q97_t781
52935,q53_t781
52935,q53_t782
52936,q53_t782
52936,q53_t783
52937,q53_t783
52937,q53_t784
52937,q98_t783
52937,q98_t784
52938,q53_t784
52938,q53_t785
52939,q53_t785
52939,q53_t786
52940,q53_t786
52940,q53_t787
52940,q99_t786
52940,q99_t787
52941,q53_t787
52941,q53_t788
52942,q53_t788
52942,q53_t789
52943,q53_t790
52943,q53_t791
52944,q53_t791
52944,q53_t792
52945,q53_t793
52945,q53_t794
52946,q53_t794
52946,q53_t795
52947,q53_t796
52947,q53_t797
52948,q53_t797
52948,q53_t798
52949,q53_t799
52949,q53_t800
52950,q53_t800
52950,q53_t801
52951,q53_t802
52951,q53_t803
52952,q53_t803
52952,q53_t804
52953,q53_t805
52953,q53_t806
52954,q53_t806
52954,q53_t807
52955,q53_t808
52955,q53_t809
52956,q53_t809
52956,q53_t810
52957,q53_t811
52957,q53_t812
52958,q53_t812
52958,q53_t813
52959,q53_t814
52959,q53_t815
52960,q53_t815
52960,q53_t816
52961,q53_t817
52961,q53_t818
52962,q53_t818
52962,q53_t819
52963,q53_t819
52963,q53_t820
52964,q53_t821
52964,q53_t822
52965,q53_t822
52965,q53_t823
52966,q53_t824
52966,q53_t825
52967,q53_t825
52967,q53_t826
52968,q53_t827
52968,q53_t828
52969,q53_t828
52969,q53_t829
52970,q53_t830
52970,q53_t831
52971,q53_t831
52971,q53_t832
52972,q53_t833
52972,q53_t834
52973,q53_t834
52973,q53_t835
52974,q53_t835
52974,q53_t836
52974,q5_t835
52974,q5_t836
52975,q53_t836
52975,q53_t837
52976,q53_t837
52976,q53_t838
52977,q53_t838
52977,q53_t839
52977,q6_t838
52977,q6_t839
52978,q53_t839
52978,q53_t840
52979,q53_t840
52979,q53_t841
52980,q53_t841
52980,q53_t842
52980,q7_t841
52980,q7_t842
52981,q53_t842
52981,q53_t843
52982,q53_t843
52982,q53_t844
52983,q53_t844
52983,q53_t845
52983,q8_t844
52983,q8_t845
52984,q53_t845
52984,q53_t846
52985,q53_t846
52985,q53_t847
52986,q53_t847
52986,q53_t848
52986,q9_t847
52986,q9_t848
52987,q53_t848
52987,q53_t849
52988,q53_t849
52988,q53_t850
52989,q53_t851
52989,q53_t852
52990,q53_t852
52990,q53_t853
52991,q53_t854
52991,q53_t855
52992,q53_t855
52992,q53_t856
52993,q53_t857
52993,q53_t858
52994,q53_t858
52994,q53_t859
52995,q53_t860
52995,q53_t861
52996,q53_t861
52996,q53_t862
52997,q53_t863
52997,q53_t864
52998,q53_t864
52998,q53_t865
52999,q53_t866
52999,q53_t867
53000,q53_t867
53000,q53_t868
53001,q53_t869
53001,q53_t870
53002,q53_t870
53002,q53_t871
53003,q53_t872
53003,q53_t873
53004,q53_t873
53004,q53_t874
53005,q53_t875
53005,q53_t876
53006,q53_t876
53006,q53_t877
53007,q53_t878
53007,q53_t879
53008,q53_t879
53008,q53_t880
53009,q53_t881
53009,q53_t882
53010,q53_t882
53010,q53_t883
53011,q53_t884
53011,q53_t885
53012,q53_t885
53012,q53_t886
53013,q53_t887
53013,q53_t888
53014,q53_t888
53014,q53_t889
53015,q53_t890
53015,q53_t891
53016,q53_t891
53016,q53_t892
53017,q53_t893
53017,q53_t894
53018,q53_t894
53018,q53_t895
53019,q53_t896
53019,q53_t897
53020,q53_t897
53020,q53_t898
53021,q53_t899
53021,q53_t900
53022,q53_t900
53022,q53_t901
53023,q53_t902
53023,q53_t903
53024,q53_t903
53024,q53_t904
53025,q53_t905
53025,q53_t906
53026,q53_t906
53026,q53_t907
53027,q53_t908
53027,q53_t909
53028,q53_t909
53028,q53_t910
53029,q53_t911
53029,q53_t912
53030,q53_t912
53030,q53_t913
53031,q53_t914
53031,q53_t915
53032,q53_t915
53032,q53_t916
53033,q53_t917
53033,q53_t918
53034,q53_t918
53034,q53_t919
53035,q53_t920
53035,q53_t921
53036,q53_t921
53036,q53_t922
53037,q53_t923
53037,q53_t924
53038,q53_t924
53038,q53_t925
53039,q53_t926
53039,q53_t927
53040,q53_t927
53040,q53_t928
53041,q53_t929
53041,q53_t930
53042,q53_t930
53042,q53_t931
53043,q53_t932
53043,q53_t933
53044,q53_t933
53044,q53_t934
53045,q53_t935
53045,q53_t936
53046,q53_t936
53046,q53_t937
53047,q53_t938
53047,q53_t939
53048,q53_t939
53048,q53_t940
53049,q53_t941
53049,q53_t942
53050,q53_t942
53050,q53_t943
53051,q53_t944
53051,q53_t945
53052,q53_t945
53052,q53_t946
53053,q53_t947
53053,q53_t948
53054,q53_t948
53054,q53_t949
53055,q53_t950
53055,q53_t951
53056,q53_t951
53056,q53_t952
53057,q53_t953
53057,q53_t954
53058,q53_t954
53058,q53_t955
53059,q53_t956
53059,q53_t957
53060,q53_t957
53060,q53_t958
53061,q53_t959
53061,q53_t960
53062,q53_t960
53062,q53_t961
53063,q53_t962
53063,q53_t963
53064,q53_t963
53064,q53_t964
53065,q53_t965
53065,q53_t966
53066,q53_t966
53066,q53_t967
53067,q53_t968
53067,q53_t969
53068,q53_t969
53068,q53_t970
53069,q53_t971
53069,q53_t972
53070,q53_t972
53070,q53_t973
53071,q53_t974
53071,q53_t975
53072,q53_t975
53072,q53_t976
53073,q53_t977
53073,q53_t978
53074,q53_t978
53074,q53_t982
53075,q53_t982
53075,q53_t983
53075,q54_t982
53075,q54_t983
53076,q53_t983
53076,q53_t984
53077,q53_t984
53077,q53_t985
53078,q53_t985
53078,q53_t986
53078,q55_t985
53078,q55_t986
53079,q53_t986
53079,q53_t987
53080,q53_t987
53080,q53_t988
53081,q53_t988
53081,q53_t989
53081,q56_t988
53081,q56_t989
53082,q53_t989
53082,q53_t990
53083,q53_t990
53083,q53_t991
53084,q53_t991
53084,q53_t992
53084,q57_t991
53084,q57_t992
53085,q53_t992
53085,q53_t993
53086,q53_t993
53086,q53_t994
53087,q53_t994
53087,q53_t995
53087,q58_t994
53087,q58_t995
53088,q53_t995
53088,q53_t996
53089,q53_t996
53089,q53_t997
53090,q53_t997
53090,q53_t998
53090,q59_t997
53090,q59_t998
53091,q53_t998
53091,q53_t999
53092,q54_t0
53092,q54_t1
53093,q54_t1
53093,q54_t161
53094,q54_t1000
53094,q54_t1001
53094,q59_t1000
53094,q59_t1001
53095,q54_t1000
53095,q54_t999
53096,q54_t1001
53096,q54_t1002
53097,q54_t1002
53097,q54_t1003
53098,q54_t1003
53098,q54_t1004
53098,q60_t1003
53098,q60_t1004
53099,q54_t1004
53099,q54_t1005
53100,q54_t1005
53100,q54_t1006
53101,q54_t1006
53101,q54_t1007
53101,q61_t1006
53101,q61_t1007
53102,q54_t1007
53102,q54_t1008
53103,q54_t1008
53103,q54_t1009
53104,q54_t1009
53104,q54_t1010
53104,q62_t1009
53104,q62_t1010
53105,q54_t1010
53105,q54_t1011
53106,q54_t1011
53106,q54_t1012
53107,q54_t1012
53107,q54_t1013
53107,q63_t1012
53107,q63_t1013
53108,q54_t1013
53108,q54_t1014
53109,q54_t1014
53109,q54_t1015
53110,q54_t1015
53110,q54_t1016
53110,q64_t1015
53110,q64_t1016
53111,q54_t1016
53111,q54_t1017
53112,q54_t1017
53112,q54_t1018
53113,q54_t1018
53113,q54_t1019
53113,q65_t1018
53113,q65_t1019
53114,q54_t1019
53114,q54_t1020
53115,q54_t1020
53115,q54_t1021
53116,q54_t1021
53116,q54_t1022
53116,q66_t1021
53116,q66_t1022
53117,q54_t1022
53117,q54_t1023
53118,q54_t1023
53118,q54_t1024
53119,q54_t1024
53119,q54_t1025
53119,q67_t1024
53119,q67_t1025
53120,q54_t1025
53120,q54_t1026
53121,q54_t1026
53121,q54_t1027
53122,q54_t1027
53122,q54_t1028
53122,q68_t1027
53122,q68_t1028
53123,q54_t1028
53123,q54_t1029
53124,q54_t1029
53124,q54_t1030
53125,q54_t1030
53125,q54_t1031
53125,q69_t1030
53125,q69_t1031
53126,q54_t1031
53126,q54_t1032
53127,q54_t1032
53127,q54_t1033
53128,q54_t1033
53128,q54_t1034
53128,q70_t1033
53128,q70_t1034
53129,q54_t1034
53129,q54_t1035
53130,q54_t1035
53130,q54_t1036
53131,q54_t1036
53131,q54_t1037
53131,q71_t1036
53131,q71_t1037
53132,q54_t1037
53132,q54_t1038
53133,q54_t1038
53133,q54_t1039
53134,q54_t1039
53134,q54_t1040
53134,q72_t1039
53134,q72_t1040
53135,q54_t1040
53135,q54_t1041
53136,q54_t1041
53136,q54_t1042
53137,q54_t1042
53137,q54_t1043
53137,q73_t1042
53137,q73_t1043
53138,q54_t1043
53138,q54_t1044
53139,q54_t1044
53139,q54_t1045
53140,q54_t1045
53140,q54_t1046
53140,q74_t1045
53140,q74_t1046
53141,q54_t1046
53141,q54_t1047
53142,q54_t1047
53142,q54_t1048
53143,q54_t1048
53143,q54_t1049
53143,q75_t1048
53143,q75_t1049
53144,q54_t1049
53144,q54_t1050
53145,q54_t1050
53145,q54_t1051
53146,q54_t1051
53146,q54_t1052
53146,q76_t1051
53146,q76_t1052
53147,q54_t1052
53147,q54_t1053
53148,q54_t1053
53148,q54_t1054
53149,q54_t1054
53149,q54_t1055
53149,q77_t1054
53149,q77_t1055
53150,q54_t1055
53150,q54_t1056
53151,q54_t1056
53151,q54_t1057
53152,q54_t1057
53152,q54_t1058
53152,q78_t1057
53152,q78_t1058
53153,q54_t1058
53153,q54_t1059
53154,q54_t1059
53154,q54_t1060
53155,q54_t1060
53155,q54_t1061
53155,q79_t1060
53155,q79_t1061
53156,q54_t1061
53156,q54_t1062
53157,q54_t1062
53157,q54_t1063
53158,q54_t1063
53158,q54_t1064
53158,q80_t1063
53158,q80_t1064
53159,q54_t1064
53159,q54_t1065
53160,q54_t1065
53160,q54_t1066
53161,q54_t1066
53161,q54_t1067
53161,q81_t1066
53161,q81_t1067
53162,q54_t1067
53162,q54_t1068
53163,q54_t1068
53163,q54_t1069
53164,q54_t1069
53164,q54_t1070
53164,q82_t1069
53164,q82_t1070
53165,q54_t1070
53165,q54_t1071
53166,q54_t1071
53166,q54_t1072
53167,q54_t1072
53167,q54_t1073
53167,q83_t1072
53167,q83_t1073
53168,q54_t1073
53168,q54_t1074
53169,q54_t1074
53169,q54_t1075
53170,q54_t1075
53170,q54_t1076
53170,q84_t1075
53170,q84_t1076
53171,q54_t1076
53171,q54_t1077
53172,q54_t1077
53172,q54_t1078
53173,q54_t1078
53173,q54_t1079
53173,q85_t1078
53173,q85_t1079
53174,q54_t1079
53174,q54_t1080
53175,q54_t1080
53175,q54_t1081
53176,q54_t1081
53176,q54_t1082
53176,q86_t1081
53176,q86_t1082
53177,q54_t1082
53177,q54_t1083
53178,q54_t1083
53178,q54_t1084
53179,q54_t1084
53179,q54_t1085
53179,q87_t1084
53179,q87_t1085
53180,q54_t1085
53180,q54_t1086
53181,q54_t1086
53181,q54_t1087
53182,q54_t1087
53182,q54_t1088
53182,q88_t1087
53182,q88_t1088
53183,q54_t1088
53183,q54_t1089
53184,q54_t1089
53184,q54_t1090
53185,q54_t1090
53185,q54_t1091
53185,q89_t1090
53185,q89_t1091
53186,q54_t1091
53186,q54_t1092
53187,q54_t1092
53187,q54_t1093
53188,q54_t1093
53188,q54_t1094
53188,q90_t1093
53188,q90_t1094
53189,q54_t1094
53189,q54_t1095
53190,q54_t1095
53190,q54_t1096
53191,q54_t1096
53191,q54_t1097
53191,q91_t1096
53191,q91_t1097
53192,q54_t1097
53192,q54_t1098
53193,q54_t1098
53193,q54_t1099
53194,q54_t1099
53194,q54_t1100
53194,q92_t1099
53194,q92_t1100
53195,q54_t1100
53195,q54_t1101
53196,q54_t1101
53196,q54_t1102
53197,q54_t1102
53197,q54_t1103
53197,q93_t1102
53197,q93_t1103
53198,q54_t1103
53198,q54_t1104
53199,q54_t1104
53199,q54_t1105
53200,q54_t1105
53200,q54_t1106
53200,q94_t1105
53200,q94_t1106
53201,q54_t1106
53201,q54_t1107
53202,q54_t1107
53202,q54_t1108
53203,q54_t1108
53203,q54_t1109
53203,q95_t1108
53203,q95_t1109
53204,q54_t1109
53204,q54_t1110
53205,q54_t1110
53205,q54_t1111
53206,q54_t1111
53206,q54_t1112
53206,q96_t1111
53206,q96_t1112
53207,q54_t1112
53207,q54_t1113
53208,q54_t1113
53208,q54_t1114
53209,q54_t1114
53209,q54_t1115
53209,q97_t1114
53209,q97_t1115
53210,q54_t1115
53210,q54_t1116
53211,q54_t1116
53211,q54_t1117
53212,q54_t1117
53212,q54_t1118
53212,q98_t1117
53212,q98_t1118
53213,q54_t1118
53213,q54_t1119
53214,q54_t1119
53214,q54_t1120
53215,q54_t1120
53215,q54_t1121
53215,q99_t1120
53215,q99_t1121
53216,q54_t1121
53216,q54_t1122
53217,q54_t1122
53217,q54_t1123
53218,q54_t1124
53218,q54_t1125
53219,q54_t1125
53219,q54_t1126
53220,q54_t1127
53220,q54_t1128
53221,q54_t1128
53221,q54_t1129
53222,q54_t1130
53222,q54_t1131
53223,q54_t1131
53223,q54_t1132
53224,q54_t1133
53224,q54_t1134
53225,q54_t1134
53225,q54_t1135
53226,q54_t1136
53226,q54_t1137
53227,q54_t1137
53227,q54_t1138
53228,q54_t1139
53228,q54_t1140
53229,q54_t1140
53229,q54_t1141
53230,q54_t1142
53230,q54_t1143
53231,q54_t1143
53231,q54_t1144
53232,q54_t1145
53232,q54_t1146
53233,q54_t1146
53233,q54_t1147
53234,q54_t1148
53234,q54_t1149
53235,q54_t1149
53235,q54_t1150
53236,q54_t1151
53236,q54_t1152
53237,q54_t1152
53237,q54_t1153
53238,q54_t162
53238,q54_t163
53239,q54_t163
53239,q54_t164
53240,q54_t165
53240,q54_t166
53241,q54_t166
53241,q54_t167
53242,q54_t168
53242,q54_t169
53243,q54_t169
53243,q54_t170
53244,q54_t171
53244,q54_t172
53245,q54_t172
53245,q54_t173
53246,q54_t174
53246,q54_t175
53247,q54_t175
53247,q54_t176
53248,q54_t176
53248,q54_t177
53248,q5_t176
53248,q5_t177
53249,q54_t177
53249,q54_t178
53250,q54_t178
53250,q54_t179
53251,q54_t179
53251,q54_t180
53251,q6_t179
53251,q6_t180
53252,q54_t180
53252,q54_t181
53253,q54_t181
53253,q54_t182
53254,q54_t182
53254,q54_t183
53254,q7_t182
53254,q7_t183
53255,q54_t183
53255,q54_t184
53256,q54_t184
53256,q54_t185
53257,q54_t185
53257,q54_t186
53257,q8_t185
53257,q8_t186
53258,q54_t186
53258,q54_t187
53259,q54_t187
53259,q54_t188
53260,q54_t188
53260,q54_t189
53260,q9_t188
53260,q9_t189
53261,q54_t189
53261,q54_t190
53262,q54_t190
53262,q54_t191
53263,q54_t192
53263,q54_t193
53264,q54_t193
53264,q54_t194
53265,q54_t195
53265,q54_t196
53266,q54_t196
53266,q54_t197
53267,q54_t198
53267,q54_t199
53268,q54_t199
53268,q54_t200
53269,q54_t201
53269,q54_t202
53270,q54_t202
53270,q54_t203
53271,q54_t204
53271,q54_t205
53272,q54_t205
53272,q54_t206
53273,q54_t207
53273,q54_t208
53274,q54_t208
53274,q54_t209
53275,q54_t210
53275,q54_t211
53276,q54_t211
53276,q54_t212
53277,q54_t213
53277,q54_t214
53278,q54_t214
53278,q54_t215
53279,q54_t216
53279,q54_t217
53280,q54_t217
53280,q54_t218
53281,q54_t219
53281,q54_t220
53282,q54_t220
53282,q54_t221
53283,q54_t222
53283,q54_t223
53284,q54_t223
53284,q54_t224
53285,q54_t225
53285,q54_t226
53286,q54_t226
53286,q54_t227
53287,q54_t228
53287,q54_t229
53288,q54_t229
53288,q54_t230
53289,q54_t231
53289,q54_t232
53290,q54_t232
53290,q54_t233
53291,q54_t234
53291,q54_t235
53292,q54_t235
53292,q54_t236
53293,q54_t237
53293,q54_t238
53294,q54_t238
53294,q54_t239
53295,q54_t240
53295,q54_t241
53296,q54_t241
53296,q54_t242
53297,q54_t243
53297,q54_t244
53298,q54_t244
53298,q54_t245
53299,q54_t246
53299,q54_t247
53300,q54_t247
53300,q54_t248
53301,q54_t249
53301,q54_t250
53302,q54_t250
53302,q54_t251
53303,q54_t252
53303,q54_t253
53304,q54_t253
53304,q54_t254
53305,q54_t255
53305,q54_t256
53306,q54_t256
53306,q54_t257
53307,q54_t258
53307,q54_t259
53308,q54_t259
53308,q54_t260
53309,q54_t261
53309,q54_t262
53310,q54_t262
53310,q54_t263
53311,q54_t264
53311,q54_t265
53312,q54_t265
53312,q54_t266
53313,q54_t267
53313,q54_t268
53314,q54_t268
53314,q54_t269
53315,q54_t270
53315,q54_t271
53316,q54_t271
53316,q54_t272
53317,q54_t273
53317,q54_t274
53318,q54_t274
53318,q54_t275
53319,q54_t276
53319,q54_t277
53320,q54_t277
53320,q54_t278
53321,q54_t279
53321,q54_t280
53322,q54_t280
53322,q54_t281
53323,q54_t282
53323,q54_t283
53324,q54_t283
53324,q54_t284
53325,q54_t285
53325,q54_t286
53326,q54_t286
53326,q54_t287
53327,q54_t288
53327,q54_t289
53328,q54_t289
53328,q54_t290
53329,q54_t291
53329,q54_t292
53330,q54_t292
53330,q54_t293
53331,q54_t294
53331,q54_t295
53332,q54_t295
53332,q54_t296
53333,q54_t297
53333,q54_t298
53334,q54_t298
53334,q54_t299
53335,q54_t300
53335,q54_t301
53336,q54_t301
53336,q54_t302
53337,q54_t303
53337,q54_t304
53338,q54_t304
53338,q54_t305
53339,q54_t306
53339,q54_t307
53340,q54_t307
53340,q54_t308
53341,q54_t309
53341,q54_t310
53342,q54_t310
53342,q54_t311
53343,q54_t312
53343,q54_t313
53344,q54_t313
53344,q54_t314
53345,q54_t315
53345,q54_t316
53346,q54_t316
53346,q54_t317
53347,q54_t318
53347,q54_t319
53348,q54_t319
53348,q54_t320
53349,q54_t321
53349,q54_t322
53350,q54_t322
53350,q54_t326
53351,q54_t326
53351,q54_t327
53351,q55_t326
53351,q55_t327
53352,q54_t327
53352,q54_t328
53353,q54_t328
53353,q54_t329
53354,q54_t329
53354,q54_t330
53354,q56_t329
53354,q56_t330
53355,q54_t330
53355,q54_t331
53356,q54_t331
53356,q54_t332
53357,q54_t332
53357,q54_t333
53357,q57_t332
53357,q57_t333
53358,q54_t333
53358,q54_t334
53359,q54_t334
53359,q54_t335
53360,q54_t335
53360,q54_t336
53360,q58_t335
53360,q58_t336
53361,q54_t336
53361,q54_t337
53362,q54_t337
53362,q54_t338
53363,q54_t338
53363,q54_t339
53363,q59_t338
53363,q59_t339
53364,q54_t339
53364,q54_t340
53365,q54_t340
53365,q54_t341
53366,q54_t341
53366,q54_t342
53366,q60_t341
53366,q60_t342
53367,q54_t342
53367,q54_t343
53368,q54_t343
53368,q54_t344
53369,q54_t344
53369,q54_t345
53369,q61_t344
53369,q61_t345
53370,q54_t345
53370,q54_t346
53371,q54_t346
53371,q54_t347
53372,q54_t347
53372,q54_t348
53372,q62_t347
53372,q62_t348
53373,q54_t348
53373,q54_t349
53374,q54_t349
53374,q54_t350
53375,q54_t350
53375,q54_t351
53375,q63_t350
53375,q63_t351
53376,q54_t351
53376,q54_t352
53377,q54_t352
53377,q54_t353
53378,q54_t353
53378,q54_t354
53378,q64_t353
53378,q64_t354
53379,q54_t354
53379,q54_t355
53380,q54_t355
53380,q54_t356
53381,q54_t356
53381,q54_t357
53381,q65_t356
53381,q65_t357
53382,q54_t357
53382,q54_t358
53383,q54_t358
53383,q54_t359
53384,q54_t359
53384,q54_t360
53384,q66_t359
53384,q66_t360
53385,q54_t360
53385,q54_t361
53386,q54_t361
53386,q54_t362
53387,q54_t362
53387,q54_t363
53387,q67_t362
53387,q67_t363
53388,q54_t363
53388,q54_t364
53389,q54_t364
53389,q54_t365
53390,q54_t365
53390,q54_t366
53390,q68_t365
53390,q68_t366
53391,q54_t366
53391,q54_t367
53392,q54_t367
53392,q54_t368
53393,q54_t368
53393,q54_t369
53393,q69_t368
53393,q69_t369
53394,q54_t369
53394,q54_t370
53395,q54_t370
53395,q54_t371
53396,q54_t371
53396,q54_t372
53396,q70_t371
53396,q70_t372
53397,q54_t372
53397,q54_t373
53398,q54_t373
53398,q54_t374
53399,q54_t374
53399,q54_t375
53399,q71_t374
53399,q71_t375
53400,q54_t375
53400,q54_t376
53401,q54_t376
53401,q54_t377
53402,q54_t377
53402,q54_t378
53402,q72_t377
53402,q72_t378
53403,q54_t378
53403,q54_t379
53404,q54_t379
53404,q54_t380
53405,q54_t380
53405,q54_t381
53405,q73_t380
53405,q73_t381
53406,q54_t381
53406,q54_t382
53407,q54_t382
53407,q54_t383
53408,q54_t383
53408,q54_t384
53408,q74_t383
53408,q74_t384
53409,q54_t384
53409,q54_t385
53410,q54_t385
53410,q54_t386
53411,q54_t386
53411,q54_t387
53411,q75_t386
53411,q75_t387
53412,q54_t387
53412,q54_t388
53413,q54_t388
53413,q54_t389
53414,q54_t389
53414,q54_t390
53414,q76_t389
53414,q76_t390
53415,q54_t390
53415,q54_t391
53416,q54_t391
53416,q54_t392
53417,q54_t392
53417,q54_t393
53417,q77_t392
53417,q77_t393
53418,q54_t393
53418,q54_t394
53419,q54_t394
53419,q54_t395
53420,q54_t395
53420,q54_t396
53420,q78_t395
53420,q78_t396
53421,q54_t396
53421,q54_t397
53422,q54_t397
53422,q54_t398
53423,q54_t398
53423,q54_t399
53423,q79_t398
53423,q79_t399
53424,q54_t399
53424,q54_t400
53425,q54_t400
53425,q54_t401
53426,q54_t401
53426,q54_t402
53426,q80_t401
53426,q80_t402
53427,q54_t402
53427,q54_t403
53428,q54_t403
53428,q54_t404
53429,q54_t404
53429,q54_t405
53429,q81_t404
53429,q81_t405
53430,q54_t405
53430,q54_t406
53431,q54_t406
53431,q54_t407
53432,q54_t407
53432,q54_t408
53432,q82_t407
53432,q82_t408
53433,q54_t408
53433,q54_t409
53434,q54_t409
53434,q54_t410
53435,q54_t410
53435,q54_t411
53435,q83_t410
53435,q83_t411
53436,q54_t411
53436,q54_t412
53437,q54_t412
53437,q54_t413
53438,q54_t413
53438,q54_t414
53438,q84_t413
53438,q84_t414
53439,q54_t414
53439,q54_t415
53440,q54_t415
53440,q54_t416
53441,q54_t416
53441,q54_t417
53441,q85_t416
53441,q85_t417
53442,q54_t417
53442,q54_t418
53443,q54_t418
53443,q54_t419
53444,q54_t419
53444,q54_t420
53444,q86_t419
53444,q86_t420
53445,q54_t420
53445,q54_t421
53446,q54_t421
53446,q54_t422
53447,q54_t422
53447,q54_t423
53447,q87_t422
53447,q87_t423
53448,q54_t423
53448,q54_t424
53449,q54_t424
53449,q54_t425
53450,q54_t425
53450,q54_t426
53450,q88_t425
53450,q88_t426
53451,q54_t426
53451,q54_t427
53452,q54_t427
53452,q54_t428
53453,q54_t428
53453,q54_t429
53453,q89_t428
53453,q89_t429
53454,q54_t429
53454,q54_t430
53455,q54_t430
53455,q54_t431
53456,q54_t431
53456,q54_t432
53456,q90_t431
53456,q90_t432
53457,q54_t432
53457,q54_t433
53458,q54_t433
53458,q54_t434
53459,q54_t434
53459,q54_t435
53459,q91_t434
53459,q91_t435
53460,q54_t435
53460,q54_t436
53461,q54_t436
53461,q54_t437
53462,q54_t437
53462,q54_t438
53462,q92_t437
53462,q92_t438
53463,q54_t438
53463,q54_t439
53464,q54_t439
53464,q54_t440
53465,q54_t440
53465,q54_t441
53465,q93_t440
53465,q93_t441
53466,q54_t441
53466,q54_t442
53467,q54_t442
53467,q54_t443
53468,q54_t443
53468,q54_t444
53468,q94_t443
53468,q94_t444
53469,q54_t444
53469,q54_t445
53470,q54_t445
53470,q54_t446
53471,q54_t446
53471,q54_t447
53471,q95_t446
53471,q95_t447
53472,q54_t447
53472,q54_t448
53473,q54_t448
53473,q54_t449
53474,q54_t449
53474,q54_t450
53474,q96_t449
53474,q96_t450
53475,q54_t450
53475,q54_t451
53476,q54_t451
53476,q54_t452
53477,q54_t452
53477,q54_t453
53477,q97_t452
53477,q97_t453
53478,q54_t453
53478,q54_t454
53479,q54_t454
53479,q54_t455
53480,q54_t455
53480,q54_t456
53480,q98_t455
53480,q98_t456
53481,q54_t456
53481,q54_t457
53482,q54_t457
53482,q54_t458
53483,q54_t458
53483,q54_t459
53483,q99_t458
53483,q99_t459
53484,q54_t459
53484,q54_t460
53485,q54_t460
53485,q54_t461
53486,q54_t462
53486,q54_t463
53487,q54_t463
53487,q54_t464
53488,q54_t465
53488,q54_t466
53489,q54_t466
53489,q54_t467
53490,q54_t468
53490,q54_t469
53491,q54_t469
53491,q54_t470
53492,q54_t471
53492,q54_t472
53493,q54_t472
53493,q54_t473
53494,q54_t474
53494,q54_t475
53495,q54_t475
53495,q54_t476
53496,q54_t477
53496,q54_t478
53497,q54_t478
53497,q54_t479
53498,q54_t480
53498,q54_t481
53499,q54_t481
53499,q54_t482
53500,q54_t483
53500,q54_t484
53501,q54_t484
53501,q54_t485
53502,q54_t486
53502,q54_t487
53503,q54_t487
53503,q54_t488
53504,q54_t489
53504,q54_t490
53505,q54_t490
53505,q54_t491
53506,q54_t491
53506,q54_t492
53507,q54_t493
53507,q54_t494
53508,q54_t494
53508,q54_t495
53509,q54_t496
53509,q54_t497
53510,q54_t497
53510,q54_t498
53511,q54_t499
53511,q54_t500
53512,q54_t500
53512,q54_t501
53513,q54_t502
53513,q54_t503
53514,q54_t503
53514,q54_t504
53515,q54_t505
53515,q54_t506
53516,q54_t506
53516,q54_t507
53517,q54_t507
53517,q54_t508
53517,q5_t507
53517,q5_t508
53518,q54_t508
53518,q54_t509
53519,q54_t509
53519,q54_t510
53520,q54_t510
53520,q54_t511
53520,q6_t510
53520,q6_t511
53521,q54_t511
53521,q54_t512
53522,q54_t512
53522,q54_t513
53523,q54_t513
53523,q54_t514
53523,q7_t513
53523,q7_t514
53524,q54_t514
53524,q54_t515
53525,q54_t515
53525,q54_t516
53526,q54_t516
53526,q54_t517
53526,q8_t516
53526,q8_t517
53527,q54_t517
53527,q54_t518
53528,q54_t518
53528,q54_t519
53529,q54_t519
53529,q54_t520
53529,q9_t519
53529,q9_t520
53530,q54_t520
53530,q54_t521
53531,q54_t521
53531,q54_t522
53532,q54_t523
53532,q54_t524
53533,q54_t524
53533,q54_t525
53534,q54_t526
53534,q54_t527
53535,q54_t527
53535,q54_t528
53536,q54_t529
53536,q54_t530
53537,q54_t530
53537,q54_t531
53538,q54_t532
53538,q54_t533
53539,q54_t533
53539,q54_t534
53540,q54_t535
53540,q54_t536
53541,q54_t536
53541,q54_t537
53542,q54_t538
53542,q54_t539
53543,q54_t539
53543,q54_t540
53544,q54_t541
53544,q54_t542
53545,q54_t542
53545,q54_t543
53546,q54_t544
53546,q54_t545
53547,q54_t545
53547,q54_t546
53548,q54_t547
53548,q54_t548
53549,q54_t548
53549,q54_t549
53550,q54_t550
53550,q54_t551
53551,q54_t551
53551,q54_t552
53552,q54_t553
53552,q54_t554
53553,q54_t554
53553,q54_t555
53554,q54_t556
53554,q54_t557
53555,q54_t557
53555,q54_t558
53556,q54_t559
53556,q54_t560
53557,q54_t560
53557,q54_t561
53558,q54_t562
53558,q54_t563
53559,q54_t563
53559,q54_t564
53560,q54_t565
53560,q54_t566
53561,q54_t566
53561,q54_t567
53562,q54_t568
53562,q54_t569
53563,q54_t569
53563,q54_t570
53564,q54_t571
53564,q54_t572
53565,q54_t572
53565,q54_t573
53566,q54_t574
53566,q54_t575
53567,q54_t575
53567,q54_t576
53568,q54_t577
53568,q54_t578
53569,q54_t578
53569,q54_t579
53570,q54_t580
53570,q54_t581
53571,q54_t581
53571,q54_t582
53572,q54_t583
53572,q54_t584
53573,q54_t584
53573,q54_t585
53574,q54_t586
53574,q54_t587
53575,q54_t587
53575,q54_t588
53576,q54_t589
53576,q54_t590
53577,q54_t590
53577,q54_t591
53578,q54_t592
53578,q54_t593
53579,q54_t593
53579,q54_t594
53580,q54_t595
53580,q54_t596
53581,q54_t596
53581,q54_t597
53582,q54_t598
53582,q54_t599
53583,q54_t599
53583,q54_t600
53584,q54_t601
53584,q54_t602
53585,q54_t602
53585,q54_t603
53586,q54_t604
53586,q54_t605
53587,q54_t605
53587,q54_t606
53588,q54_t607
53588,q54_t608
53589,q54_t608
53589,q54_t609
53590,q54_t610
53590,q54_t611
53591,q54_t611
53591,q54_t612
53592,q54_t613
53592,q54_t614
53593,q54_t614
53593,q54_t615
53594,q54_t616
53594,q54_t617
53595,q54_t617
53595,q54_t618
53596,q54_t619
53596,q54_t620
53597,q54_t620
53597,q54_t621
53598,q54_t622
53598,q54_t623
53599,q54_t623
53599,q54_t624
53600,q54_t625
53600,q54_t626
53601,q54_t626
53601,q54_t627
53602,q54_t628
53602,q54_t629
53603,q54_t629
53603,q54_t630
53604,q54_t631
53604,q54_t632
53605,q54_t632
53605,q54_t633
53606,q54_t634
53606,q54_t635
53607,q54_t635
53607,q54_t636
53608,q54_t637
53608,q54_t638
53609,q54_t638
53609,q54_t639
53610,q54_t640
53610,q54_t641
53611,q54_t641
53611,q54_t642
53612,q54_t643
53612,q54_t644
53613,q54_t644
53613,q54_t645
53614,q54_t646
53614,q54_t647
53615,q54_t647
53615,q54_t648
53616,q54_t649
53616,q54_t650
53617,q54_t650
53617,q54_t651
53618,q54_t652
53618,q54_t653
53619,q54_t653
53619,q54_t657
53620,q54_t657
53620,q54_t658
53620,q55_t657
53620,q55_t658
53621,q54_t658
53621,q54_t659
53622,q54_t659
53622,q54_t660
53623,q54_t660
53623,q54_t661
53623,q56_t660
53623,q56_t661
53624,q54_t661
53624,q54_t662
53625,q54_t662
53625,q54_t663
53626,q54_t663
53626,q54_t664
53626,q57_t663
53626,q57_t664
53627,q54_t664
53627,q54_t665
53628,q54_t665
53628,q54_t666
53629,q54_t666
53629,q54_t667
53629,q58_t666
53629,q58_t667
53630,q54_t667
53630,q54_t668
53631,q54_t668
53631,q54_t669
53632,q54_t669
53632,q54_t670
53632,q59_t669
53632,q59_t670
53633,q54_t670
53633,q54_t671
53634,q54_t671
53634,q54_t672
53635,q54_t672
53635,q54_t673
53635,q60_t672
53635,q60_t673
53636,q54_t673
53636,q54_t674
53637,q54_t674
53637,q54_t675
53638,q54_t675
53638,q54_t676
53638,q61_t675
53638,q61_t676
53639,q54_t676
53639,q54_t677
53640,q54_t677
53640,q54_t678
53641,q54_t678
53641,q54_t679
53641,q62_t678
53641,q62_t679
53642,q54_t679
53642,q54_t680
53643,q54_t680
53643,q54_t681
53644,q54_t681
53644,q54_t682
53644,q63_t681
53644,q63_t682
53645,q54_t682
53645,q54_t683
53646,q54_t683
53646,q54_t684
53647,q54_t684
53647,q54_t685
53647,q64_t684
53647,q64_t685
53648,q54_t685
53648,q54_t686
53649,q54_t686
53649,q54_t687
53650,q54_t687
53650,q54_t688
53650,q65_t687
53650,q65_t688
53651,q54_t688
53651,q54_t689
53652,q54_t689
53652,q54_t690
53653,q54_t690
53653,q54_t691
53653,q66_t690
53653,q66_t691
53654,q54_t691
53654,q54_t692
53655,q54_t692
53655,q54_t693
53656,q54_t693
53656,q54_t694
53656,q67_t693
53656,q67_t694
53657,q54_t694
53657,q54_t695
53658,q54_t695
53658,q54_t696
53659,q54_t696
53659,q54_t697
53659,q68_t696
53659,q68_t697
53660,q54_t697
53660,q54_t698
53661,q54_t698
53661,q54_t699
53662,q54_t699
53662,q54_t700
53662,q69_t699
53662,q69_t700
53663,q54_t700
53663,q54_t701
53664,q54_t701
53664,q54_t702
53665,q54_t702
53665,q54_t703
53665,q70_t702
53665,q70_t703
53666,q54_t703
53666,q54_t704
53667,q54_t704
53667,q54_t705
53668,q54_t705
53668,q54_t706
53668,q71_t705
53668,q71_t706
53669,q54_t706
53669,q54_t707
53670,q54_t707
53670,q54_t708
53671,q54_t708
53671,q54_t709
53671,q72_t708
53671,q72_t709
53672,q54_t709
53672,q54_t710
53673,q54_t710
53673,q54_t711
53674,q54_t711
53674,q54_t712
53674,q73_t711
53674,q73_t712
53675,q54_t712
53675,q54_t713
53676,q54_t713
53676,q54_t714
53677,q54_t714
53677,q54_t715
53677,q74_t714
53677,q74_t715
53678,q54_t715
53678,q54_t716
53679,q54_t716
53679,q54_t717
53680,q54_t717
53680,q54_t718
53680,q75_t717
53680,q75_t718
53681,q54_t718
53681,q54_t719
53682,q54_t719
53682,q54_t720
53683,q54_t720
53683,q54_t721
53683,q76_t720
53683,q76_t721
53684,q54_t721
53684,q54_t722
53685,q54_t722
53685,q54_t723
53686,q54_t723
53686,q54_t724
53686,q77_t723
53686,q77_t724
53687,q54_t724
53687,q54_t725
53688,q54_t725
53688,q54_t726
53689,q54_t726
53689,q54_t727
53689,q78_t726
53689,q78_t727
53690,q54_t727
53690,q54_t728
53691,q54_t728
53691,q54_t729
53692,q54_t729
53692,q54_t730
53692,q79_t729
53692,q79_t730
53693,q54_t730
53693,q54_t731
53694,q54_t731
53694,q54_t732
53695,q54_t732
53695,q54_t733
53695,q80_t732
53695,q80_t733
53696,q54_t733
53696,q54_t734
53697,q54_t734
53697,q54_t735
53698,q54_t735
53698,q54_t736
53698,q81_t735
53698,q81_t736
53699,q54_t736
53699,q54_t737
53700,q54_t737
53700,q54_t738
53701,q54_t738
53701,q54_t739
53701,q82_t738
53701,q82_t739
53702,q54_t739
53702,q54_t740
53703,q54_t740
53703,q54_t741
53704,q54_t741
53704,q54_t742
53704,q83_t741
53704,q83_t742
53705,q54_t742
53705,q54_t743
53706,q54_t743
53706,q54_t744
53707,q54_t744
53707,q54_t745
53707,q84_t744
53707,q84_t745
53708,q54_t745
53708,q54_t746
53709,q54_t746
53709,q54_t747
53710,q54_t747
53710,q54_t748
53710,q85_t747
53710,q85_t748
53711,q54_t748
53711,q54_t749
53712,q54_t749
53712,q54_t750
53713,q54_t750
53713,q54_t751
53713,q86_t750
53713,q86_t751
53714,q54_t751
53714,q54_t752
53715,q54_t752
53715,q54_t753
53716,q54_t753
53716,q54_t754
53716,q87_t753
53716,q87_t754
53717,q54_t754
53717,q54_t755
53718,q54_t755
53718,q54_t756
53719,q54_t756
53719,q54_t757
53719,q88_t756
53719,q88_t757
53720,q54_t757
53720,q54_t758
53721,q54_t758
53721,q54_t759
53722,q54_t759
53722,q54_t760
53722,q89_t759
53722,q89_t760
53723,q54_t760
53723,q54_t761
53724,q54_t761
53724,q54_t762
53725,q54_t762
53725,q54_t763
53725,q90_t762
53725,q90_t763
53726,q54_t763
53726,q54_t764
53727,q54_t764
53727,q54_t765
53728,q54_t765
53728,q54_t766
53728,q91_t765
53728,q91_t766
53729,q54_t766
53729,q54_t767
53730,q54_t767
53730,q54_t768
53731,q54_t768
53731,q54_t769
53731,q92_t768
53731,q92_t769
53732,q54_t769
53732,q54_t770
53733,q54_t770
53733,q54_t771
53734,q54_t771
53734,q54_t772
53734,q93_t771
53734,q93_t772
53735,q54_t772
53735,q54_t773
53736,q54_t773
53736,q54_t774
53737,q54_t774
53737,q54_t775
53737,q94_t774
53737,q94_t775
53738,q54_t775
53738,q54_t776
53739,q54_t776
53739,q54_t777
53740,q54_t777
53740,q54_t778
53740,q95_t777
53740,q95_t778
53741,q54_t778
53741,q54_t779
53742,q54_t779
53742,q54_t780
53743,q54_t780
53743,q54_t781
53743,q96_t780
53743,q96_t781
53744,q54_t781
53744,q54_t782
53745,q54_t782
53745,q54_t783
53746,q54_t783
53746,q54_t784
53746,q97_t783
53746,q97_t784
53747,q54_t784
53747,q54_t785
53748,q54_t785
53748,q54_t786
53749,q54_t786
53749,q54_t787
53749,q98_t786
53749,q98_t787
53750,q54_t787
53750,q54_t788
53751,q54_t788
53751,q54_t789
53752,q54_t789
53752,q54_t790
53752,q99_t789
53752,q99_t790
53753,q54_t790
53753,q54_t791
53754,q54_t791
53754,q54_t792
53755,q54_t793
53755,q54_t794
53756,q54_t794
53756,q54_t795
53757,q54_t796
53757,q54_t797
53758,q54_t797
53758,q54_t798
53759,q54_t799
53759,q54_t800
53760,q54_t800
53760,q54_t801
53761,q54_t802
53761,q54_t803
53762,q54_t803
53762,q54_t804
53763,q54_t805
53763,q54_t806
53764,q54_t806
53764,q54_t807
53765,q54_t808
53765,q54_t809
53766,q54_t809
53766,q54_t810
53767,q54_t811
53767,q54_t812
53768,q54_t812
53768,q54_t813
53769,q54_t814
53769,q54_t815
53770,q54_t815
53770,q54_t816
53771,q54_t817
53771,q54_t818
53772,q54_t818
53772,q54_t819
53773,q54_t820
53773,q54_t821
53774,q54_t821
53774,q54_t822
53775,q54_t822
53775,q54_t823
53776,q54_t824
53776,q54_t825
53777,q54_t825
53777,q54_t826
53778,q54_t827
53778,q54_t828
53779,q54_t828
53779,q54_t829
53780,q54_t830
53780,q54_t831
53781,q54_t831
53781,q54_t832
53782,q54_t833
53782,q54_t834
53783,q54_t834
53783,q54_t835
53784,q54_t836
53784,q54_t837
53785,q54_t837
53785,q54_t838
53786,q54_t838
53786,q54_t839
53786,q5_t838
53786,q5_t839
53787,q54_t839
53787,q54_t840
53788,q54_t840
53788,q54_t841
53789,q54_t841
53789,q54_t842
53789,q6_t841
53789,q6_t842
53790,q54_t842
53790,q54_t843
53791,q54_t843
53791,q54_t844
53792,q54_t844
53792,q54_t845
53792,q7_t844
53792,q7_t845
53793,q54_t845
53793,q54_t846
53794,q54_t846
53794,q54_t847
53795,q54_t847
53795,q54_t848
53795,q8_t847
53795,q8_t848
53796,q54_t848
53796,q54_t849
53797,q54_t849
53797,q54_t850
53798,q54_t850
53798,q54_t851
53798,q9_t850
53798,q9_t851
53799,q54_t851
53799,q54_t852
53800,q54_t852
53800,q54_t853
53801,q54_t854
53801,q54_t855
53802,q54_t855
53802,q54_t856
53803,q54_t857
53803,q54_t858
53804,q54_t858
53804,q54_t859
53805,q54_t860
53805,q54_t861
53806,q54_t861
53806,q54_t862
53807,q54_t863
53807,q54_t864
53808,q54_t864
53808,q54_t865
53809,q54_t866
53809,q54_t867
53810,q54_t867
53810,q54_t868
53811,q54_t869
53811,q54_t870
53812,q54_t870
53812,q54_t871
53813,q54_t872
53813,q54_t873
53814,q54_t873
53814,q54_t874
53815,q54_t875
53815,q54_t876
53816,q54_t876
53816,q54_t877
53817,q54_t878
53817,q54_t879
53818,q54_t879
53818,q54_t880
53819,q54_t881
53819,q54_t882
53820,q54_t882
53820,q54_t883
53821,q54_t884
53821,q54_t885
53822,q54_t885
53822,q54_t886
53823,q54_t887
53823,q54_t888
53824,q54_t888
53824,q54_t889
53825,q54_t890
53825,q54_t891
53826,q54_t891
53826,q54_t892
53827,q54_t893
53827,q54_t894
53828,q54_t894
53828,q54_t895
53829,q54_t896
53829,q54_t897
53830,q54_t897
53830,q54_t898
53831,q54_t899
53831,q54_t900
53832,q54_t900
53832,q54_t901
53833,q54_t902
53833,q54_t903
53834,q54_t903
53834,q54_t904
53835,q54_t905
53835,q54_t906
53836,q54_t906
53836,q54_t907
53837,q54_t908
53837,q54_t909
53838,q54_t909
53838,q54_t910
53839,q54_t911
53839,q54_t912
53840,q54_t912
53840,q54_t913
53841,q54_t914
53841,q54_t915
53842,q54_t915
53842,q54_t916
53843,q54_t917
53843,q54_t918
53844,q54_t918
53844,q54_t919
53845,q54_t920
53845,q54_t921
53846,q54_t921
53846,q54_t922
53847,q54_t923
53847,q54_t924
53848,q54_t924
53848,q54_t925
53849,q54_t926
53849,q54_t927
53850,q54_t927
53850,q54_t928
53851,q54_t929
53851,q54_t930
53852,q54_t930
53852,q54_t931
53853,q54_t932
53853,q54_t933
53854,q54_t933
53854,q54_t934
53855,q54_t935
53855,q54_t936
53856,q54_t936
53856,q54_t937
53857,q54_t938
53857,q54_t939
53858,q54_t939
53858,q54_t940
53859,q54_t941
53859,q54_t942
53860,q54_t942
53860,q54_t943
53861,q54_t944
53861,q54_t945
53862,q54_t945
53862,q54_t946
53863,q54_t947
53863,q54_t948
53864,q54_t948
53864,q54_t949
53865,q54_t950
53865,q54_t951
53866,q54_t951
53866,q54_t952
53867,q54_t953
53867,q54_t954
53868,q54_t954
53868,q54_t955
53869,q54_t956
53869,q54_t957
53870,q54_t957
53870,q54_t958
53871,q54_t959
53871,q54_t960
53872,q54_t960
53872,q54_t961
53873,q54_t962
53873,q54_t963
53874,q54_t963
53874,q54_t964
53875,q54_t965
53875,q54_t966
53876,q54_t966
53876,q54_t967
53877,q54_t968
53877,q54_t969
53878,q54_t969
53878,q54_t970
53879,q54_t971
53879,q54_t972
53880,q54_t972
53880,q54_t973
53881,q54_t974
53881,q54_t975
53882,q54_t975
53882,q54_t976
53883,q54_t977
53883,q54_t978
53884,q54_t978
53884,q54_t979
53885,q54_t980
53885,q54_t981
53886,q54_t981
53886,q54_t982
53887,q54_t983
53887,q54_t984
53888,q54_t984
53888,q54_t988
53889,q54_t988
53889,q54_t989
53889,q55_t988
53889,q55_t989
53890,q54_t989
53890,q54_t990
53891,q54_t990
53891,q54_t991
53892,q54_t991
53892,q54_t992
53892,q56_t991
53892,q56_t992
53893,q54_t992
53893,q54_t993
53894,q54_t993
53894,q54_t994
53895,q54_t994
53895,q54_t995
53895,q57_t994
53895,q57_t995
53896,q54_t995
53896,q54_t996
53897,q54_t996
53897,q54_t997
53898,q54_t997
53898,q54_t998
53898,q58_t997
53898,q58_t998
53899,q54_t998
53899,q54_t999
53900,q55_t0
53900,q55_t1
53901,q55_t1
53901,q55_t164
53902,q55_t1000
53902,q55_t1001
53902,q58_t1000
53902,q58_t1001
53903,q55_t1000
53903,q55_t999
53904,q55_t1001
53904,q55_t1002
53905,q55_t1002
53905,q55_t1003
53906,q55_t1003
53906,q55_t1004
53906,q59_t1003
53906,q59_t1004
53907,q55_t1004
53907,q55_t1005
53908,q55_t1005
53908,q55_t1006
53909,q55_t1006
53909,q55_t1007
53909,q60_t1006
53909,q60_t1007
53910,q55_t1007
53910,q55_t1008
53911,q55_t1008
53911,q55_t1009
53912,q55_t1009
53912,q55_t1010
53912,q61_t1009
53912,q61_t1010
53913,q55_t1010
53913,q55_t1011
53914,q55_t1011
53914,q55_t1012
53915,q55_t1012
53915,q55_t1013
53915,q62_t1012
53915,q62_t1013
53916,q55_t1013
53916,q55_t1014
53917,q55_t1014
53917,q55_t1015
53918,q55_t1015
53918,q55_t1016
53918,q63_t1015
53918,q63_t1016
53919,q55_t1016
53919,q55_t1017
53920,q55_t1017
53920,q55_t1018
53921,q55_t1018
53921,q55_t1019
53921,q64_t1018
53921,q64_t1019
53922,q55_t1019
53922,q55_t1020
53923,q55_t1020
53923,q55_t1021
53924,q55_t1021
53924,q55_t1022
53924,q65_t1021
53924,q65_t1022
53925,q55_t1022
53925,q55_t1023
53926,q55_t1023
53926,q55_t1024
53927,q55_t1024
53927,q55_t1025
53927,q66_t1024
53927,q66_t1025
53928,q55_t1025
53928,q55_t1026
53929,q55_t1026
53929,q55_t1027
53930,q55_t1027
53930,q55_t1028
53930,q67_t1027
53930,q67_t1028
53931,q55_t1028
53931,q55_t1029
53932,q55_t1029
53932,q55_t1030
53933,q55_t1030
53933,q55_t1031
53933,q68_t1030
53933,q68_t1031
53934,q55_t1031
53934,q55_t1032
53935,q55_t1032
53935,q55_t1033
53936,q55_t1033
53936,q55_t1034
53936,q69_t1033
53936,q69_t1034
53937,q55_t1034
53937,q55_t1035
53938,q55_t1035
53938,q55_t1036
53939,q55_t1036
53939,q55_t1037
53939,q70_t1036
53939,q70_t1037
53940,q55_t1037
53940,q55_t1038
53941,q55_t1038
53941,q55_t1039
53942,q55_t1039
53942,q55_t1040
53942,q71_t1039
53942,q71_t1040
53943,q55_t1040
53943,q55_t1041
53944,q55_t1041
53944,q55_t1042
53945,q55_t1042
53945,q55_t1043
53945,q72_t1042
53945,q72_t1043
53946,q55_t1043
53946,q55_t1044
53947,q55_t1044
53947,q55_t1045
53948,q55_t1045
53948,q55_t1046
53948,q73_t1045
53948,q73_t1046
53949,q55_t1046
53949,q55_t1047
53950,q55_t1047
53950,q55_t1048
53951,q55_t1048
53951,q55_t1049
53951,q74_t1048
53951,q74_t1049
53952,q55_t1049
53952,q55_t1050
53953,q55_t1050
53953,q55_t1051
53954,q55_t1051
53954,q55_t1052
53954,q75_t1051
53954,q75_t1052
53955,q55_t1052
53955,q55_t1053
53956,q55_t1053
53956,q55_t1054
53957,q55_t1054
53957,q55_t1055
53957,q76_t1054
53957,q76_t1055
53958,q55_t1055
53958,q55_t1056
53959,q55_t1056
53959,q55_t1057
53960,q55_t1057
53960,q55_t1058
53960,q77_t1057
53960,q77_t1058
53961,q55_t1058
53961,q55_t1059
53962,q55_t1059
53962,q55_t1060
53963,q55_t1060
53963,q55_t1061
53963,q78_t1060
53963,q78_t1061
53964,q55_t1061
53964,q55_t1062
53965,q55_t1062
53965,q55_t1063
53966,q55_t1063
53966,q55_t1064
53966,q79_t1063
53966,q79_t1064
53967,q55_t1064
53967,q55_t1065
53968,q55_t1065
53968,q55_t1066
53969,q55_t1066
53969,q55_t1067
53969,q80_t1066
53969,q80_t1067
53970,q55_t1067
53970,q55_t1068
53971,q55_t1068
53971,q55_t1069
53972,q55_t1069
53972,q55_t1070
53972,q81_t1069
53972,q81_t1070
53973,q55_t1070
53973,q55_t1071
53974,q55_t1071
53974,q55_t1072
53975,q55_t1072
53975,q55_t1073
53975,q82_t1072
53975,q82_t1073
53976,q55_t1073
53976,q55_t1074
53977,q55_t1074
53977,q55_t1075
53978,q55_t1075
53978,q55_t1076
53978,q83_t1075
53978,q83_t1076
53979,q55_t1076
53979,q55_t1077
53980,q55_t1077
53980,q55_t1078
53981,q55_t1078
53981,q55_t1079
53981,q84_t1078
53981,q84_t1079
53982,q55_t1079
53982,q55_t1080
53983,q55_t1080
53983,q55_t1081
53984,q55_t1081
53984,q55_t1082
53984,q85_t1081
53984,q85_t1082
53985,q55_t1082
53985,q55_t1083
53986,q55_t1083
53986,q55_t1084
53987,q55_t1084
53987,q55_t1085
53987,q86_t1084
53987,q86_t1085
53988,q55_t1085
53988,q55_t1086
53989,q55_t1086
53989,q55_t1087
53990,q55_t1087
53990,q55_t1088
53990,q87_t1087
53990,q87_t1088
53991,q55_t1088
53991,q55_t1089
53992,q55_t1089
53992,q55_t1090
53993,q55_t1090
53993,q55_t1091
53993,q88_t1090
53993,q88_t1091
53994,q55_t1091
53994,q55_t1092
53995,q55_t1092
53995,q55_t1093
53996,q55_t1093
53996,q55_t1094
53996,q89_t1093
53996,q89_t1094
53997,q55_t1094
53997,q55_t1095
53998,q55_t1095
53998,q55_t1096
53999,q55_t1096
53999,q55_t1097
53999,q90_t1096
53999,q90_t1097
54000,q55_t1097
54000,q55_t1098
54001,q55_t1098
54001,q55_t1099
54002,q55_t1099
54002,q55_t1100
54002,q91_t1099
54002,q91_t1100
54003,q55_t1100
54003,q55_t1101
54004,q55_t1101
54004,q55_t1102
54005,q55_t1102
54005,q55_t1103
54005,q92_t1102
54005,q92_t1103
54006,q55_t1103
54006,q55_t1104
54007,q55_t1104
54007,q55_t1105
54008,q55_t1105
54008,q55_t1106
54008,q93_t1105
54008,q93_t1106
54009,q55_t1106
54009,q55_t1107
54010,q55_t1107
54010,q55_t1108
54011,q55_t1108
54011,q55_t1109
54011,q94_t1108
54011,q94_t1109
54012,q55_t1109
54012,q55_t1110
54013,q55_t1110
54013,q55_t1111
54014,q55_t1111
54014,q55_t1112
54014,q95_t1111
54014,q95_t1112
54015,q55_t1112
54015,q55_t1113
54016,q55_t1113
54016,q55_t1114
54017,q55_t1114
54017,q55_t1115
54017,q96_t1114
54017,q96_t1115
54018,q55_t1115
54018,q55_t1116
54019,q55_t1116
54019,q55_t1117
54020,q55_t1117
54020,q55_t1118
54020,q97_t1117
54020,q97_t1118
54021,q55_t1118
54021,q55_t1119
54022,q55_t1119
54022,q55_t1120
54023,q55_t1120
54023,q55_t1121
54023,q98_t1120
54023,q98_t1121
54024,q55_t1121
54024,q55_t1122
54025,q55_t1122
54025,q55_t1123
54026,q55_t1123
54026,q55_t1124
54026,q99_t1123
54026,q99_t1124
54027,q55_t1124
54027,q55_t1125
54028,q55_t1125
54028,q55_t1126
54029,q55_t1127
54029,q55_t1128
54030,q55_t1128
54030,q55_t1129
54031,q55_t1130
54031,q55_t1131
54032,q55_t1131
54032,q55_t1132
54033,q55_t1133
54033,q55_t1134
54034,q55_t1134
54034,q55_t1135
54035,q55_t1136
54035,q55_t1137
54036,q55_t1137
54036,q55_t1138
54037,q55_t1139
54037,q55_t1140
54038,q55_t1140
54038,q55_t1141
54039,q55_t1142
54039,q55_t1143
54040,q55_t1143
54040,q55_t1144
54041,q55_t1145
54041,q55_t1146
54042,q55_t1146
54042,q55_t1147
54043,q55_t1148
54043,q55_t1149
54044,q55_t1149
54044,q55_t1150
54045,q55_t1151
54045,q55_t1152
54046,q55_t1152
54046,q55_t1153
54047,q55_t1154
54047,q55_t1155
54048,q55_t1155
54048,q55_t1156
54049,q55_t165
54049,q55_t166
54050,q55_t166
54050,q55_t167
54051,q55_t168
54051,q55_t169
54052,q55_t169
54052,q55_t170
54053,q55_t171
54053,q55_t172
54054,q55_t172
54054,q55_t173
54055,q55_t174
54055,q55_t175
54056,q55_t175
54056,q55_t176
54057,q55_t177
54057,q55_t178
54058,q55_t178
54058,q55_t179
54059,q55_t179
54059,q55_t180
54059,q5_t179
54059,q5_t180
54060,q55_t180
54060,q55_t181
54061,q55_t181
54061,q55_t182
54062,q55_t182
54062,q55_t183
54062,q6_t182
54062,q6_t183
54063,q55_t183
54063,q55_t184
54064,q55_t184
54064,q55_t185
54065,q55_t185
54065,q55_t186
54065,q7_t185
54065,q7_t186
54066,q55_t186
54066,q55_t187
54067,q55_t187
54067,q55_t188
54068,q55_t188
54068,q55_t189
54068,q8_t188
54068,q8_t189
54069,q55_t189
54069,q55_t190
54070,q55_t190
54070,q55_t191
54071,q55_t191
54071,q55_t192
54071,q9_t191
54071,q9_t192
54072,q55_t192
54072,q55_t193
54073,q55_t193
54073,q55_t194
54074,q55_t195
54074,q55_t196
54075,q55_t196
54075,q55_t197
54076,q55_t198
54076,q55_t199
54077,q55_t199
54077,q55_t200
54078,q55_t201
54078,q55_t202
54079,q55_t202
54079,q55_t203
54080,q55_t204
54080,q55_t205
54081,q55_t205
54081,q55_t206
54082,q55_t207
54082,q55_t208
54083,q55_t208
54083,q55_t209
54084,q55_t210
54084,q55_t211
54085,q55_t211
54085,q55_t212
54086,q55_t213
54086,q55_t214
54087,q55_t214
54087,q55_t215
54088,q55_t216
54088,q55_t217
54089,q55_t217
54089,q55_t218
54090,q55_t219
54090,q55_t220
54091,q55_t220
54091,q55_t221
54092,q55_t222
54092,q55_t223
54093,q55_t223
54093,q55_t224
54094,q55_t225
54094,q55_t226
54095,q55_t226
54095,q55_t227
54096,q55_t228
54096,q55_t229
54097,q55_t229
54097,q55_t230
54098,q55_t231
54098,q55_t232
54099,q55_t232
54099,q55_t233
54100,q55_t234
54100,q55_t235
54101,q55_t235
54101,q55_t236
54102,q55_t237
54102,q55_t238
54103,q55_t238
54103,q55_t239
54104,q55_t240
54104,q55_t241
54105,q55_t241
54105,q55_t242
54106,q55_t243
54106,q55_t244
54107,q55_t244
54107,q55_t245
54108,q55_t246
54108,q55_t247
54109,q55_t247
54109,q55_t248
54110,q55_t249
54110,q55_t250
54111,q55_t250
54111,q55_t251
54112,q55_t252
54112,q55_t253
54113,q55_t253
54113,q55_t254
54114,q55_t255
54114,q55_t256
54115,q55_t256
54115,q55_t257
54116,q55_t258
54116,q55_t259
54117,q55_t259
54117,q55_t260
54118,q55_t261
54118,q55_t262
54119,q55_t262
54119,q55_t263
54120,q55_t264
54120,q55_t265
54121,q55_t265
54121,q55_t266
54122,q55_t267
54122,q55_t268
54123,q55_t268
54123,q55_t269
54124,q55_t270
54124,q55_t271
54125,q55_t271
54125,q55_t272
54126,q55_t273
54126,q55_t274
54127,q55_t274
54127,q55_t275
54128,q55_t276
54128,q55_t277
54129,q55_t277
54129,q55_t278
54130,q55_t279
54130,q55_t280
54131,q55_t280
54131,q55_t281
54132,q55_t282
54132,q55_t283
54133,q55_t283
54133,q55_t284
54134,q55_t285
54134,q55_t286
54135,q55_t286
54135,q55_t287
54136,q55_t288
54136,q55_t289
54137,q55_t289
54137,q55_t290
54138,q55_t291
54138,q55_t292
54139,q55_t292
54139,q55_t293
54140,q55_t294
54140,q55_t295
54141,q55_t295
54141,q55_t296
54142,q55_t297
54142,q55_t298
54143,q55_t298
54143,q55_t299
54144,q55_t300
54144,q55_t301
54145,q55_t301
54145,q55_t302
54146,q55_t303
54146,q55_t304
54147,q55_t304
54147,q55_t305
54148,q55_t306
54148,q55_t307
54149,q55_t307
54149,q55_t308
54150,q55_t309
54150,q55_t310
54151,q55_t310
54151,q55_t311
54152,q55_t312
54152,q55_t313
54153,q55_t313
54153,q55_t314
54154,q55_t315
54154,q55_t316
54155,q55_t316
54155,q55_t317
54156,q55_t318
54156,q55_t319
54157,q55_t319
54157,q55_t320
54158,q55_t321
54158,q55_t322
54159,q55_t322
54159,q55_t323
54160,q55_t324
54160,q55_t325
54161,q55_t325
54161,q55_t326
54162,q55_t327
54162,q55_t328
54163,q55_t328
54163,q55_t332
54164,q55_t332
54164,q55_t333
54164,q56_t332
54164,q56_t333
54165,q55_t333
54165,q55_t334
54166,q55_t334
54166,q55_t335
54167,q55_t335
54167,q55_t336
54167,q57_t335
54167,q57_t336
54168,q55_t336
54168,q55_t337
54169,q55_t337
54169,q55_t338
54170,q55_t338
54170,q55_t339
54170,q58_t338
54170,q58_t339
54171,q55_t339
54171,q55_t340
54172,q55_t340
54172,q55_t341
54173,q55_t341
54173,q55_t342
54173,q59_t341
54173,q59_t342
54174,q55_t342
54174,q55_t343
54175,q55_t343
54175,q55_t344
54176,q55_t344
54176,q55_t345
54176,q60_t344
54176,q60_t345
54177,q55_t345
54177,q55_t346
54178,q55_t346
54178,q55_t347
54179,q55_t347
54179,q55_t348
54179,q61_t347
54179,q61_t348
54180,q55_t348
54180,q55_t349
54181,q55_t349
54181,q55_t350
54182,q55_t350
54182,q55_t351
54182,q62_t350
54182,q62_t351
54183,q55_t351
54183,q55_t352
54184,q55_t352
54184,q55_t353
54185,q55_t353
54185,q55_t354
54185,q63_t353
54185,q63_t354
54186,q55_t354
54186,q55_t355
54187,q55_t355
54187,q55_t356
54188,q55_t356
54188,q55_t357
54188,q64_t356
54188,q64_t357
54189,q55_t357
54189,q55_t358
54190,q55_t358
54190,q55_t359
54191,q55_t359
54191,q55_t360
54191,q65_t359
54191,q65_t360
54192,q55_t360
54192,q55_t361
54193,q55_t361
54193,q55_t362
54194,q55_t362
54194,q55_t363
54194,q66_t362
54194,q66_t363
54195,q55_t363
54195,q55_t364
54196,q55_t364
54196,q55_t365
54197,q55_t365
54197,q55_t366
54197,q67_t365
54197,q67_t366
54198,q55_t366
54198,q55_t367
54199,q55_t367
54199,q55_t368
54200,q55_t368
54200,q55_t369
54200,q68_t368
54200,q68_t369
54201,q55_t369
54201,q55_t370
54202,q55_t370
54202,q55_t371
54203,q55_t371
54203,q55_t372
54203,q69_t371
54203,q69_t372
54204,q55_t372
54204,q55_t373
54205,q55_t373
54205,q55_t374
54206,q55_t374
54206,q55_t375
54206,q70_t374
54206,q70_t375
54207,q55_t375
54207,q55_t376
54208,q55_t376
54208,q55_t377
54209,q55_t377
54209,q55_t378
54209,q71_t377
54209,q71_t378
54210,q55_t378
54210,q55_t379
54211,q55_t379
54211,q55_t380
54212,q55_t380
54212,q55_t381
54212,q72_t380
54212,q72_t381
54213,q55_t381
54213,q55_t382
54214,q55_t382
54214,q55_t383
54215,q55_t383
54215,q55_t384
54215,q73_t383
54215,q73_t384
54216,q55_t384
54216,q55_t385
54217,q55_t385
54217,q55_t386
54218,q55_t386
54218,q55_t387
54218,q74_t386
54218,q74_t387
54219,q55_t387
54219,q55_t388
54220,q55_t388
54220,q55_t389
54221,q55_t389
54221,q55_t390
54221,q75_t389
54221,q75_t390
54222,q55_t390
54222,q55_t391
54223,q55_t391
54223,q55_t392
54224,q55_t392
54224,q55_t393
54224,q76_t392
54224,q76_t393
54225,q55_t393
54225,q55_t394
54226,q55_t394
54226,q55_t395
54227,q55_t395
54227,q55_t396
54227,q77_t395
54227,q77_t396
54228,q55_t396
54228,q55_t397
54229,q55_t397
54229,q55_t398
54230,q55_t398
54230,q55_t399
54230,q78_t398
54230,q78_t399
54231,q55_t399
54231,q55_t400
54232,q55_t400
54232,q55_t401
54233,q55_t401
54233,q55_t402
54233,q79_t401
54233,q79_t402
54234,q55_t402
54234,q55_t403
54235,q55_t403
54235,q55_t404
54236,q55_t404
54236,q55_t405
54236,q80_t404
54236,q80_t405
54237,q55_t405
54237,q55_t406
54238,q55_t406
54238,q55_t407
54239,q55_t407
54239,q55_t408
54239,q81_t407
54239,q81_t408
54240,q55_t408
54240,q55_t409
54241,q55_t409
54241,q55_t410
54242,q55_t410
54242,q55_t411
54242,q82_t410
54242,q82_t411
54243,q55_t411
54243,q55_t412
54244,q55_t412
54244,q55_t413
54245,q55_t413
54245,q55_t414
54245,q83_t413
54245,q83_t414
54246,q55_t414
54246,q55_t415
54247,q55_t415
54247,q55_t416
54248,q55_t416
54248,q55_t417
54248,q84_t416
54248,q84_t417
54249,q55_t417
54249,q55_t418
54250,q55_t418
54250,q55_t419
54251,q55_t419
54251,q55_t420
54251,q85_t419
54251,q85_t420
54252,q55_t420
54252,q55_t421
54253,q55_t421
54253,q55_t422
54254,q55_t422
54254,q55_t423
54254,q86_t422
54254,q86_t423
54255,q55_t423
54255,q55_t424
54256,q55_t424
54256,q55_t425
54257,q55_t425
54257,q55_t426
54257,q87_t425
54257,q87_t426
54258,q55_t426
54258,q55_t427
54259,q55_t427
54259,q55_t428
54260,q55_t428
54260,q55_t429
54260,q88_t428
54260,q88_t429
54261,q55_t429
54261,q55_t430
54262,q55_t430
54262,q55_t431
54263,q55_t431
54263,q55_t432
54263,q89_t431
54263,q89_t432
54264,q55_t432
54264,q55_t433
54265,q55_t433
54265,q55_t434
54266,q55_t434
54266,q55_t435
54266,q90_t434
54266,q90_t435
54267,q55_t435
54267,q55_t436
54268,q55_t436
54268,q55_t437
54269,q55_t437
54269,q55_t438
54269,q91_t437
54269,q91_t438
54270,q55_t438
54270,q55_t439
54271,q55_t439
54271,q55_t440
54272,q55_t440
54272,q55_t441
54272,q92_t440
54272,q92_t441
54273,q55_t441
54273,q55_t442
54274,q55_t442
54274,q55_t443
54275,q55_t443
54275,q55_t444
54275,q93_t443
54275,q93_t444
54276,q55_t444
54276,q55_t445
54277,q55_t445
54277,q55_t446
54278,q55_t446
54278,q55_t447
54278,q94_t446
54278,q94_t447
54279,q55_t447
54279,q55_t448
54280,q55_t448
54280,q55_t449
54281,q55_t449
54281,q55_t450
54281,q95_t449
54281,q95_t450
54282,q55_t450
54282,q55_t451
54283,q55_t451
54283,q55_t452
54284,q55_t452
54284,q55_t453
54284,q96_t452
54284,q96_t453
54285,q55_t453
54285,q55_t454
54286,q55_t454
54286,q55_t455
54287,q55_t455
54287,q55_t456
54287,q97_t455
54287,q97_t456
54288,q55_t456
54288,q55_t457
54289,q55_t457
54289,q55_t458
54290,q55_t458
54290,q55_t459
54290,q98_t458
54290,q98_t459
54291,q55_t459
54291,q55_t460
54292,q55_t460
54292,q55_t461
54293,q55_t461
54293,q55_t462
54293,q99_t461
54293,q99_t462
54294,q55_t462
54294,q55_t463
54295,q55_t463
54295,q55_t464
54296,q55_t465
54296,q55_t466
54297,q55_t466
54297,q55_t467
54298,q55_t468
54298,q55_t469
54299,q55_t469
54299,q55_t470
54300,q55_t471
54300,q55_t472
54301,q55_t472
54301,q55_t473
54302,q55_t474
54302,q55_t475
54303,q55_t475
54303,q55_t476
54304,q55_t477
54304,q55_t478
54305,q55_t478
54305,q55_t479
54306,q55_t480
54306,q55_t481
54307,q55_t481
54307,q55_t482
54308,q55_t483
54308,q55_t484
54309,q55_t484
54309,q55_t485
54310,q55_t486
54310,q55_t487
54311,q55_t487
54311,q55_t488
54312,q55_t489
54312,q55_t490
54313,q55_t490
54313,q55_t491
54314,q55_t492
54314,q55_t493
54315,q55_t493
54315,q55_t494
54316,q55_t494
54316,q55_t495
54317,q55_t496
54317,q55_t497
54318,q55_t497
54318,q55_t498
54319,q55_t499
54319,q55_t500
54320,q55_t500
54320,q55_t501
54321,q55_t502
54321,q55_t503
54322,q55_t503
54322,q55_t504
54323,q55_t505
54323,q55_t506
54324,q55_t506
54324,q55_t507
54325,q55_t508
54325,q55_t509
54326,q55_t509
54326,q55_t510
54327,q55_t510
54327,q55_t511
54327,q5_t510
54327,q5_t511
54328,q55_t511
54328,q55_t512
54329,q55_t512
54329,q55_t513
54330,q55_t513
54330,q55_t514
54330,q6_t513
54330,q6_t514
54331,q55_t514
54331,q55_t515
54332,q55_t515
54332,q55_t516
54333,q55_t516
54333,q55_t517
54333,q7_t516
54333,q7_t517
54334,q55_t517
54334,q55_t518
54335,q55_t518
54335,q55_t519
54336,q55_t519
54336,q55_t520
54336,q8_t519
54336,q8_t520
54337,q55_t520
54337,q55_t521
54338,q55_t521
54338,q55_t522
54339,q55_t522
54339,q55_t523
54339,q9_t522
54339,q9_t523
54340,q55_t523
54340,q55_t524
54341,q55_t524
54341,q55_t525
54342,q55_t526
54342,q55_t527
54343,q55_t527
54343,q55_t528
54344,q55_t529
54344,q55_t530
54345,q55_t530
54345,q55_t531
54346,q55_t532
54346,q55_t533
54347,q55_t533
54347,q55_t534
54348,q55_t535
54348,q55_t536
54349,q55_t536
54349,q55_t537
54350,q55_t538
54350,q55_t539
54351,q55_t539
54351,q55_t540
54352,q55_t541
54352,q55_t542
54353,q55_t542
54353,q55_t543
54354,q55_t544
54354,q55_t545
54355,q55_t545
54355,q55_t546
54356,q55_t547
54356,q55_t548
54357,q55_t548
54357,q55_t549
54358,q55_t550
54358,q55_t551
54359,q55_t551
54359,q55_t552
54360,q55_t553
54360,q55_t554
54361,q55_t554
54361,q55_t555
54362,q55_t556
54362,q55_t557
54363,q55_t557
54363,q55_t558
54364,q55_t559
54364,q55_t560
54365,q55_t560
54365,q55_t561
54366,q55_t562
54366,q55_t563
54367,q55_t563
54367,q55_t564
54368,q55_t565
54368,q55_t566
54369,q55_t566
54369,q55_t567
54370,q55_t568
54370,q55_t569
54371,q55_t569
54371,q55_t570
54372,q55_t571
54372,q55_t572
54373,q55_t572
54373,q55_t573
54374,q55_t574
54374,q55_t575
54375,q55_t575
54375,q55_t576
54376,q55_t577
54376,q55_t578
54377,q55_t578
54377,q55_t579
54378,q55_t580
54378,q55_t581
54379,q55_t581
54379,q55_t582
54380,q55_t583
54380,q55_t584
54381,q55_t584
54381,q55_t585
54382,q55_t586
54382,q55_t587
54383,q55_t587
54383,q55_t588
54384,q55_t589
54384,q55_t590
54385,q55_t590
54385,q55_t591
54386,q55_t592
54386,q55_t593
54387,q55_t593
54387,q55_t594
54388,q55_t595
54388,q55_t596
54389,q55_t596
54389,q55_t597
54390,q55_t598
54390,q55_t599
54391,q55_t599
54391,q55_t600
54392,q55_t601
54392,q55_t602
54393,q55_t602
54393,q55_t603
54394,q55_t604
54394,q55_t605
54395,q55_t605
54395,q55_t606
54396,q55_t607
54396,q55_t608
54397,q55_t608
54397,q55_t609
54398,q55_t610
54398,q55_t611
54399,q55_t611
54399,q55_t612
54400,q55_t613
54400,q55_t614
54401,q55_t614
54401,q55_t615
54402,q55_t616
54402,q55_t617
54403,q55_t617
54403,q55_t618
54404,q55_t619
54404,q55_t620
54405,q55_t620
54405,q55_t621
54406,q55_t622
54406,q55_t623
54407,q55_t623
54407,q55_t624
54408,q55_t625
54408,q55_t626
54409,q55_t626
54409,q55_t627
54410,q55_t628
54410,q55_t629
54411,q55_t629
54411,q55_t630
54412,q55_t631
54412,q55_t632
54413,q55_t632
54413,q55_t633
54414,q55_t634
54414,q55_t635
54415,q55_t635
54415,q55_t636
54416,q55_t637
54416,q55_t638
54417,q55_t638
54417,q55_t639
54418,q55_t640
54418,q55_t641
54419,q55_t641
54419,q55_t642
54420,q55_t643
54420,q55_t644
54421,q55_t644
54421,q55_t645
54422,q55_t646
54422,q55_t647
54423,q55_t647
54423,q55_t648
54424,q55_t649
54424,q55_t650
54425,q55_t650
54425,q55_t651
54426,q55_t652
54426,q55_t653
54427,q55_t653
54427,q55_t654
54428,q55_t655
54428,q55_t656
54429,q55_t656
54429,q55_t657
54430,q55_t658
54430,q55_t659
54431,q55_t659
54431,q55_t663
54432,q55_t663
54432,q55_t664
54432,q56_t663
54432,q56_t664
54433,q55_t664
54433,q55_t665
54434,q55_t665
54434,q55_t666
54435,q55_t666
54435,q55_t667
54435,q57_t666
54435,q57_t667
54436,q55_t667
54436,q55_t668
54437,q55_t668
54437,q55_t669
54438,q55_t669
54438,q55_t670
54438,q58_t669
54438,q58_t670
54439,q55_t670
54439,q55_t671
54440,q55_t671
54440,q55_t672
54441,q55_t672
54441,q55_t673
54441,q59_t672
54441,q59_t673
54442,q55_t673
54442,q55_t674
54443,q55_t674
54443,q55_t675
54444,q55_t675
54444,q55_t676
54444,q60_t675
54444,q60_t676
54445,q55_t676
54445,q55_t677
54446,q55_t677
54446,q55_t678
54447,q55_t678
54447,q55_t679
54447,q61_t678
54447,q61_t679
54448,q55_t679
54448,q55_t680
54449,q55_t680
54449,q55_t681
54450,q55_t681
54450,q55_t682
54450,q62_t681
54450,q62_t682
54451,q55_t682
54451,q55_t683
54452,q55_t683
54452,q55_t684
54453,q55_t684
54453,q55_t685
54453,q63_t684
54453,q63_t685
54454,q55_t685
54454,q55_t686
54455,q55_t686
54455,q55_t687
54456,q55_t687
54456,q55_t688
54456,q64_t687
54456,q64_t688
54457,q55_t688
54457,q55_t689
54458,q55_t689
54458,q55_t690
54459,q55_t690
54459,q55_t691
54459,q65_t690
54459,q65_t691
54460,q55_t691
54460,q55_t692
54461,q55_t692
54461,q55_t693
54462,q55_t693
54462,q55_t694
54462,q66_t693
54462,q66_t694
54463,q55_t694
54463,q55_t695
54464,q55_t695
54464,q55_t696
54465,q55_t696
54465,q55_t697
54465,q67_t696
54465,q67_t697
54466,q55_t697
54466,q55_t698
54467,q55_t698
54467,q55_t699
54468,q55_t699
54468,q55_t700
54468,q68_t699
54468,q68_t700
54469,q55_t700
54469,q55_t701
54470,q55_t701
54470,q55_t702
54471,q55_t702
54471,q55_t703
54471,q69_t702
54471,q69_t703
54472,q55_t703
54472,q55_t704
54473,q55_t704
54473,q55_t705
54474,q55_t705
54474,q55_t706
54474,q70_t705
54474,q70_t706
54475,q55_t706
54475,q55_t707
54476,q55_t707
54476,q55_t708
54477,q55_t708
54477,q55_t709
54477,q71_t708
54477,q71_t709
54478,q55_t709
54478,q55_t710
54479,q55_t710
54479,q55_t711
54480,q55_t711
54480,q55_t712
54480,q72_t711
54480,q72_t712
54481,q55_t712
54481,q55_t713
54482,q55_t713
54482,q55_t714
54483,q55_t714
54483,q55_t715
54483,q73_t714
54483,q73_t715
54484,q55_t715
54484,q55_t716
54485,q55_t716
54485,q55_t717
54486,q55_t717
54486,q55_t718
54486,q74_t717
54486,q74_t718
54487,q55_t718
54487,q55_t719
54488,q55_t719
54488,q55_t720
54489,q55_t720
54489,q55_t721
54489,q75_t720
54489,q75_t721
54490,q55_t721
54490,q55_t722
54491,q55_t722
54491,q55_t723
54492,q55_t723
54492,q55_t724
54492,q76_t723
54492,q76_t724
54493,q55_t724
54493,q55_t725
54494,q55_t725
54494,q55_t726
54495,q55_t726
54495,q55_t727
54495,q77_t726
54495,q77_t727
54496,q55_t727
54496,q55_t728
54497,q55_t728
54497,q55_t729
54498,q55_t729
54498,q55_t730
54498,q78_t729
54498,q78_t730
54499,q55_t730
54499,q55_t731
54500,q55_t731
54500,q55_t732
54501,q55_t732
54501,q55_t733
54501,q79_t732
54501,q79_t733
54502,q55_t733
54502,q55_t734
54503,q55_t734
54503,q55_t735
54504,q55_t735
54504,q55_t736
54504,q80_t735
54504,q80_t736
54505,q55_t736
54505,q55_t737
54506,q55_t737
54506,q55_t738
54507,q55_t738
54507,q55_t739
54507,q81_t738
54507,q81_t739
54508,q55_t739
54508,q55_t740
54509,q55_t740
54509,q55_t741
54510,q55_t741
54510,q55_t742
54510,q82_t741
54510,q82_t742
54511,q55_t742
54511,q55_t743
54512,q55_t743
54512,q55_t744
54513,q55_t744
54513,q55_t745
54513,q83_t744
54513,q83_t745
54514,q55_t745
54514,q55_t746
54515,q55_t746
54515,q55_t747
54516,q55_t747
54516,q55_t748
54516,q84_t747
54516,q84_t748
54517,q55_t748
54517,q55_t749
54518,q55_t749
54518,q55_t750
54519,q55_t750
54519,q55_t751
54519,q85_t750
54519,q85_t751
54520,q55_t751
54520,q55_t752
54521,q55_t752
54521,q55_t753
54522,q55_t753
54522,q55_t754
54522,q86_t753
54522,q86_t754
54523,q55_t754
54523,q55_t755
54524,q55_t755
54524,q55_t756
54525,q55_t756
54525,q55_t757
54525,q87_t756
54525,q87_t757
54526,q55_t757
54526,q55_t758
54527,q55_t758
54527,q55_t759
54528,q55_t759
54528,q55_t760
54528,q88_t759
54528,q88_t760
54529,q55_t760
54529,q55_t761
54530,q55_t761
54530,q55_t762
54531,q55_t762
54531,q55_t763
54531,q89_t762
54531,q89_t763
54532,q55_t763
54532,q55_t764
54533,q55_t764
54533,q55_t765
54534,q55_t765
54534,q55_t766
54534,q90_t765
54534,q90_t766
54535,q55_t766
54535,q55_t767
54536,q55_t767
54536,q55_t768
54537,q55_t768
54537,q55_t769
54537,q91_t768
54537,q91_t769
54538,q55_t769
54538,q55_t770
54539,q55_t770
54539,q55_t771
54540,q55_t771
54540,q55_t772
54540,q92_t771
54540,q92_t772
54541,q55_t772
54541,q55_t773
54542,q55_t773
54542,q55_t774
54543,q55_t774
54543,q55_t775
54543,q93_t774
54543,q93_t775
54544,q55_t775
54544,q55_t776
54545,q55_t776
54545,q55_t777
54546,q55_t777
54546,q55_t778
54546,q94_t777
54546,q94_t778
54547,q55_t778
54547,q55_t779
54548,q55_t779
54548,q55_t780
54549,q55_t780
54549,q55_t781
54549,q95_t780
54549,q95_t781
54550,q55_t781
54550,q55_t782
54551,q55_t782
54551,q55_t783
54552,q55_t783
54552,q55_t784
54552,q96_t783
54552,q96_t784
54553,q55_t784
54553,q55_t785
54554,q55_t785
54554,q55_t786
54555,q55_t786
54555,q55_t787
54555,q97_t786
54555,q97_t787
54556,q55_t787
54556,q55_t788
54557,q55_t788
54557,q55_t789
54558,q55_t789
54558,q55_t790
54558,q98_t789
54558,q98_t790
54559,q55_t790
54559,q55_t791
54560,q55_t791
54560,q55_t792
54561,q55_t792
54561,q55_t793
54561,q99_t792
54561,q99_t793
54562,q55_t793
54562,q55_t794
54563,q55_t794
54563,q55_t795
54564,q55_t796
54564,q55_t797
54565,q55_t797
54565,q55_t798
54566,q55_t799
54566,q55_t800
54567,q55_t800
54567,q55_t801
54568,q55_t802
54568,q55_t803
54569,q55_t803
54569,q55_t804
54570,q55_t805
54570,q55_t806
54571,q55_t806
54571,q55_t807
54572,q55_t808
54572,q55_t809
54573,q55_t809
54573,q55_t810
54574,q55_t811
54574,q55_t812
54575,q55_t812
54575,q55_t813
54576,q55_t814
54576,q55_t815
54577,q55_t815
54577,q55_t816
54578,q55_t817
54578,q55_t818
54579,q55_t818
54579,q55_t819
54580,q55_t820
54580,q55_t821
54581,q55_t821
54581,q55_t822
54582,q55_t823
54582,q55_t824
54583,q55_t824
54583,q55_t825
54584,q55_t825
54584,q55_t826
54585,q55_t827
54585,q55_t828
54586,q55_t828
54586,q55_t829
54587,q55_t830
54587,q55_t831
54588,q55_t831
54588,q55_t832
54589,q55_t833
54589,q55_t834
54590,q55_t834
54590,q55_t835
54591,q55_t836
54591,q55_t837
54592,q55_t837
54592,q55_t838
54593,q55_t839
54593,q55_t840
54594,q55_t840
54594,q55_t841
54595,q55_t841
54595,q55_t842
54595,q5_t841
54595,q5_t842
54596,q55_t842
54596,q55_t843
54597,q55_t843
54597,q55_t844
54598,q55_t844
54598,q55_t845
54598,q6_t844
54598,q6_t845
54599,q55_t845
54599,q55_t846
54600,q55_t846
54600,q55_t847
54601,q55_t847
54601,q55_t848
54601,q7_t847
54601,q7_t848
54602,q55_t848
54602,q55_t849
54603,q55_t849
54603,q55_t850
54604,q55_t850
54604,q55_t851
54604,q8_t850
54604,q8_t851
54605,q55_t851
54605,q55_t852
54606,q55_t852
54606,q55_t853
54607,q55_t853
54607,q55_t854
54607,q9_t853
54607,q9_t854
54608,q55_t854
54608,q55_t855
54609,q55_t855
54609,q55_t856
54610,q55_t857
54610,q55_t858
54611,q55_t858
54611,q55_t859
54612,q55_t860
54612,q55_t861
54613,q55_t861
54613,q55_t862
54614,q55_t863
54614,q55_t864
54615,q55_t864
54615,q55_t865
54616,q55_t866
54616,q55_t867
54617,q55_t867
54617,q55_t868
54618,q55_t869
54618,q55_t870
54619,q55_t870
54619,q55_t871
54620,q55_t872
54620,q55_t873
54621,q55_t873
54621,q55_t874
54622,q55_t875
54622,q55_t876
54623,q55_t876
54623,q55_t877
54624,q55_t878
54624,q55_t879
54625,q55_t879
54625,q55_t880
54626,q55_t881
54626,q55_t882
54627,q55_t882
54627,q55_t883
54628,q55_t884
54628,q55_t885
54629,q55_t885
54629,q55_t886
54630,q55_t887
54630,q55_t888
54631,q55_t888
54631,q55_t889
54632,q55_t890
54632,q55_t891
54633,q55_t891
54633,q55_t892
54634,q55_t893
54634,q55_t894
54635,q55_t894
54635,q55_t895
54636,q55_t896
54636,q55_t897
54637,q55_t897
54637,q55_t898
54638,q55_t899
54638,q55_t900
54639,q55_t900
54639,q55_t901
54640,q55_t902
54640,q55_t903
54641,q55_t903
54641,q55_t904
54642,q55_t905
54642,q55_t906
54643,q55_t906
54643,q55_t907
54644,q55_t908
54644,q55_t909
54645,q55_t909
54645,q55_t910
54646,q55_t911
54646,q55_t912
54647,q55_t912
54647,q55_t913
54648,q55_t914
54648,q55_t915
54649,q55_t915
54649,q55_t916
54650,q55_t917
54650,q55_t918
54651,q55_t918
54651,q55_t919
54652,q55_t920
54652,q55_t921
54653,q55_t921
54653,q55_t922
54654,q55_t923
54654,q55_t924
54655,q55_t924
54655,q55_t925
54656,q55_t926
54656,q55_t927
54657,q55_t927
54657,q55_t928
54658,q55_t929
54658,q55_t930
54659,q55_t930
54659,q55_t931
54660,q55_t932
54660,q55_t933
54661,q55_t933
54661,q55_t934
54662,q55_t935
54662,q55_t936
54663,q55_t936
54663,q55_t937
54664,q55_t938
54664,q55_t939
54665,q55_t939
54665,q55_t940
54666,q55_t941
54666,q55_t942
54667,q55_t942
54667,q55_t943
54668,q55_t944
54668,q55_t945
54669,q55_t945
54669,q55_t946
54670,q55_t947
54670,q55_t948
54671,q55_t948
54671,q55_t949
54672,q55_t950
54672,q55_t951
54673,q55_t951
54673,q55_t952
54674,q55_t953
54674,q55_t954
54675,q55_t954
54675,q55_t955
54676,q55_t956
54676,q55_t957
54677,q55_t957
54677,q55_t958
54678,q55_t959
54678,q55_t960
54679,q55_t960
54679,q55_t961
54680,q55_t962
54680,q55_t963
54681,q55_t963
54681,q55_t964
54682,q55_t965
54682,q55_t966
54683,q55_t966
54683,q55_t967
54684,q55_t968
54684,q55_t969
54685,q55_t969
54685,q55_t970
54686,q55_t971
54686,q55_t972
54687,q55_t972
54687,q55_t973
54688,q55_t974
54688,q55_t975
54689,q55_t975
54689,q55_t976
54690,q55_t977
54690,q55_t978
54691,q55_t978
54691,q55_t979
54692,q55_t980
54692,q55_t981
54693,q55_t981
54693,q55_t982
54694,q55_t983
54694,q55_t984
54695,q55_t984
54695,q55_t985
54696,q55_t986
54696,q55_t987
54697,q55_t987
54697,q55_t988
54698,q55_t989
54698,q55_t990
54699,q55_t990
54699,q55_t994
54700,q55_t994
54700,q55_t995
54700,q56_t994
54700,q56_t995
54701,q55_t995
54701,q55_t996
54702,q55_t996
54702,q55_t997
54703,q55_t997
54703,q55_t998
54703,q57_t997
54703,q57_t998
54704,q55_t998
54704,q55_t999
54705,q56_t0
54705,q56_t1
54706,q56_t1
54706,q56_t167
54707,q56_t1000
54707,q56_t1001
54707,q57_t1000
54707,q57_t1001
54708,q56_t1000
54708,q56_t996
54709,q56_t1001
54709,q56_t1002
54710,q56_t1002
54710,q56_t1003
54711,q56_t1003
54711,q56_t1004
54711,q58_t1003
54711,q58_t1004
54712,q56_t1004
54712,q56_t1005
54713,q56_t1005
54713,q56_t1006
54714,q56_t1006
54714,q56_t1007
54714,q59_t1006
54714,q59_t1007
54715,q56_t1007
54715,q56_t1008
54716,q56_t1008
54716,q56_t1009
54717,q56_t1009
54717,q56_t1010
54717,q60_t1009
54717,q60_t1010
54718,q56_t1010
54718,q56_t1011
54719,q56_t1011
54719,q56_t1012
54720,q56_t1012
54720,q56_t1013
54720,q61_t1012
54720,q61_t1013
54721,q56_t1013
54721,q56_t1014
54722,q56_t1014
54722,q56_t1015
54723,q56_t1015
54723,q56_t1016
54723,q62_t1015
54723,q62_t1016
54724,q56_t1016
54724,q56_t1017
54725,q56_t1017
54725,q56_t1018
54726,q56_t1018
54726,q56_t1019
54726,q63_t1018
54726,q63_t1019
54727,q56_t1019
54727,q56_t1020
54728,q56_t1020
54728,q56_t1021
54729,q56_t1021
54729,q56_t1022
54729,q64_t1021
54729,q64_t1022
54730,q56_t1022
54730,q56_t1023
54731,q56_t1023
54731,q56_t1024
54732,q56_t1024
54732,q56_t1025
54732,q65_t1024
54732,q65_t1025
54733,q56_t1025
54733,q56_t1026
54734,q56_t1026
54734,q56_t1027
54735,q56_t1027
54735,q56_t1028
54735,q66_t1027
54735,q66_t1028
54736,q56_t1028
54736,q56_t1029
54737,q56_t1029
54737,q56_t1030
54738,q56_t1030
54738,q56_t1031
54738,q67_t1030
54738,q67_t1031
54739,q56_t1031
54739,q56_t1032
54740,q56_t1032
54740,q56_t1033
54741,q56_t1033
54741,q56_t1034
54741,q68_t1033
54741,q68_t1034
54742,q56_t1034
54742,q56_t1035
54743,q56_t1035
54743,q56_t1036
54744,q56_t1036
54744,q56_t1037
54744,q69_t1036
54744,q69_t1037
54745,q56_t1037
54745,q56_t1038
54746,q56_t1038
54746,q56_t1039
54747,q56_t1039
54747,q56_t1040
54747,q70_t1039
54747,q70_t1040
54748,q56_t1040
54748,q56_t1041
54749,q56_t1041
54749,q56_t1042
54750,q56_t1042
54750,q56_t1043
54750,q71_t1042
54750,q71_t1043
54751,q56_t1043
54751,q56_t1044
54752,q56_t1044
54752,q56_t1045
54753,q56_t1045
54753,q56_t1046
54753,q72_t1045
54753,q72_t1046
54754,q56_t1046
54754,q56_t1047
54755,q56_t1047
54755,q56_t1048
54756,q56_t1048
54756,q56_t1049
54756,q73_t1048
54756,q73_t1049
54757,q56_t1049
54757,q56_t1050
54758,q56_t1050
54758,q56_t1051
54759,q56_t1051
54759,q56_t1052
54759,q74_t1051
54759,q74_t1052
54760,q56_t1052
54760,q56_t1053
54761,q56_t1053
54761,q56_t1054
54762,q56_t1054
54762,q56_t1055
54762,q75_t1054
54762,q75_t1055
54763,q56_t1055
54763,q56_t1056
54764,q56_t1056
54764,q56_t1057
54765,q56_t1057
54765,q56_t1058
54765,q76_t1057
54765,q76_t1058
54766,q56_t1058
54766,q56_t1059
54767,q56_t1059
54767,q56_t1060
54768,q56_t1060
54768,q56_t1061
54768,q77_t1060
54768,q77_t1061
54769,q56_t1061
54769,q56_t1062
54770,q56_t1062
54770,q56_t1063
54771,q56_t1063
54771,q56_t1064
54771,q78_t1063
54771,q78_t1064
54772,q56_t1064
54772,q56_t1065
54773,q56_t1065
54773,q56_t1066
54774,q56_t1066
54774,q56_t1067
54774,q79_t1066
54774,q79_t1067
54775,q56_t1067
54775,q56_t1068
54776,q56_t1068
54776,q56_t1069
54777,q56_t1069
54777,q56_t1070
54777,q80_t1069
54777,q80_t1070
54778,q56_t1070
54778,q56_t1071
54779,q56_t1071
54779,q56_t1072
54780,q56_t1072
54780,q56_t1073
54780,q81_t1072
54780,q81_t1073
54781,q56_t1073
54781,q56_t1074
54782,q56_t1074
54782,q56_t1075
54783,q56_t1075
54783,q56_t1076
54783,q82_t1075
54783,q82_t1076
54784,q56_t1076
54784,q56_t1077
54785,q56_t1077
54785,q56_t1078
54786,q56_t1078
54786,q56_t1079
54786,q83_t1078
54786,q83_t1079
54787,q56_t1079
54787,q56_t1080
54788,q56_t1080
54788,q56_t1081
54789,q56_t1081
54789,q56_t1082
54789,q84_t1081
54789,q84_t1082
54790,q56_t1082
54790,q56_t1083
54791,q56_t1083
54791,q56_t1084
54792,q56_t1084
54792,q56_t1085
54792,q85_t1084
54792,q85_t1085
54793,q56_t1085
54793,q56_t1086
54794,q56_t1086
54794,q56_t1087
54795,q56_t1087
54795,q56_t1088
54795,q86_t1087
54795,q86_t1088
54796,q56_t1088
54796,q56_t1089
54797,q56_t1089
54797,q56_t1090
54798,q56_t1090
54798,q56_t1091
54798,q87_t1090
54798,q87_t1091
54799,q56_t1091
54799,q56_t1092
54800,q56_t1092
54800,q56_t1093
54801,q56_t1093
54801,q56_t1094
54801,q88_t1093
54801,q88_t1094
54802,q56_t1094
54802,q56_t1095
54803,q56_t1095
54803,q56_t1096
54804,q56_t1096
54804,q56_t1097
54804,q89_t1096
54804,q89_t1097
54805,q56_t1097
54805,q56_t1098
54806,q56_t1098
54806,q56_t1099
54807,q56_t1099
54807,q56_t1100
54807,q90_t1099
54807,q90_t1100
54808,q56_t1100
54808,q56_t1101
54809,q56_t1101
54809,q56_t1102
54810,q56_t1102
54810,q56_t1103
54810,q91_t1102
54810,q91_t1103
54811,q56_t1103
54811,q56_t1104
54812,q56_t1104
54812,q56_t1105
54813,q56_t1105
54813,q56_t1106
54813,q92_t1105
54813,q92_t1106
54814,q56_t1106
54814,q56_t1107
54815,q56_t1107
54815,q56_t1108
54816,q56_t1108
54816,q56_t1109
54816,q93_t1108
54816,q93_t1109
54817,q56_t1109
54817,q56_t1110
54818,q56_t1110
54818,q56_t1111
54819,q56_t1111
54819,q56_t1112
54819,q94_t1111
54819,q94_t1112
54820,q56_t1112
54820,q56_t1113
54821,q56_t1113
54821,q56_t1114
54822,q56_t1114
54822,q56_t1115
54822,q95_t1114
54822,q95_t1115
54823,q56_t1115
54823,q56_t1116
54824,q56_t1116
54824,q56_t1117
54825,q56_t1117
54825,q56_t1118
54825,q96_t1117
54825,q96_t1118
54826,q56_t1118
54826,q56_t1119
54827,q56_t1119
54827,q56_t1120
54828,q56_t1120
54828,q56_t1121
54828,q97_t1120
54828,q97_t1121
54829,q56_t1121
54829,q56_t1122
54830,q56_t1122
54830,q56_t1123
54831,q56_t1123
54831,q56_t1124
54831,q98_t1123
54831,q98_t1124
54832,q56_t1124
54832,q56_t1125
54833,q56_t1125
54833,q56_t1126
54834,q56_t1126
54834,q56_t1127
54834,q99_t1126
54834,q99_t1127
54835,q56_t1127
54835,q56_t1128
54836,q56_t1128
54836,q56_t1129
54837,q56_t1130
54837,q56_t1131
54838,q56_t1131
54838,q56_t1132
54839,q56_t1133
54839,q56_t1134
54840,q56_t1134
54840,q56_t1135
54841,q56_t1136
54841,q56_t1137
54842,q56_t1137
54842,q56_t1138
54843,q56_t1139
54843,q56_t1140
54844,q56_t1140
54844,q56_t1141
54845,q56_t1142
54845,q56_t1143
54846,q56_t1143
54846,q56_t1144
54847,q56_t1145
54847,q56_t1146
54848,q56_t1146
54848,q56_t1147
54849,q56_t1148
54849,q56_t1149
54850,q56_t1149
54850,q56_t1150
54851,q56_t1151
54851,q56_t1152
54852,q56_t1152
54852,q56_t1153
54853,q56_t1154
54853,q56_t1155
54854,q56_t1155
54854,q56_t1156
54855,q56_t1157
54855,q56_t1158
54856,q56_t1158
54856,q56_t1159
54857,q56_t168
54857,q56_t169
54858,q56_t169
54858,q56_t170
54859,q56_t171
54859,q56_t172
54860,q56_t172
54860,q56_t173
54861,q56_t174
54861,q56_t175
54862,q56_t175
54862,q56_t176
54863,q56_t177
54863,q56_t178
54864,q56_t178
54864,q56_t179
54865,q56_t180
54865,q56_t181
54866,q56_t181
54866,q56_t182
54867,q56_t182
54867,q56_t183
54867,q5_t182
54867,q5_t183
54868,q56_t183
54868,q56_t184
54869,q56_t184
54869,q56_t185
54870,q56_t185
54870,q56_t186
54870,q6_t185
54870,q6_t186
54871,q56_t186
54871,q56_t187
54872,q56_t187
54872,q56_t188
54873,q56_t188
54873,q56_t189
54873,q7_t188
54873,q7_t189
54874,q56_t189
54874,q56_t190
54875,q56_t190
54875,q56_t191
54876,q56_t191
54876,q56_t192
54876,q8_t191
54876,q8_t192
54877,q56_t192
54877,q56_t193
54878,q56_t193
54878,q56_t194
54879,q56_t194
54879,q56_t195
54879,q9_t194
54879,q9_t195
54880,q56_t195
54880,q56_t196
54881,q56_t196
54881,q56_t197
54882,q56_t198
54882,q56_t199
54883,q56_t199
54883,q56_t200
54884,q56_t201
54884,q56_t202
54885,q56_t202
54885,q56_t203
54886,q56_t204
54886,q56_t205
54887,q56_t205
54887,q56_t206
54888,q56_t207
54888,q56_t208
54889,q56_t208
54889,q56_t209
54890,q56_t210
54890,q56_t211
54891,q56_t211
54891,q56_t212
54892,q56_t213
54892,q56_t214
54893,q56_t214
54893,q56_t215
54894,q56_t216
54894,q56_t217
54895,q56_t217
54895,q56_t218
54896,q56_t219
54896,q56_t220
54897,q56_t220
54897,q56_t221
54898,q56_t222
54898,q56_t223
54899,q56_t223
54899,q56_t224
54900,q56_t225
54900,q56_t226
54901,q56_t226
54901,q56_t227
54902,q56_t228
54902,q56_t229
54903,q56_t229
54903,q56_t230
54904,q56_t231
54904,q56_t232
54905,q56_t232
54905,q56_t233
54906,q56_t234
54906,q56_t235
54907,q56_t235
54907,q56_t236
54908,q56_t237
54908,q56_t238
54909,q56_t238
54909,q56_t239
54910,q56_t240
54910,q56_t241
54911,q56_t241
54911,q56_t242
54912,q56_t243
54912,q56_t244
54913,q56_t244
54913,q56_t245
54914,q56_t246
54914,q56_t247
54915,q56_t247
54915,q56_t248
54916,q56_t249
54916,q56_t250
54917,q56_t250
54917,q56_t251
54918,q56_t252
54918,q56_t253
54919,q56_t253
54919,q56_t254
54920,q56_t255
54920,q56_t256
54921,q56_t256
54921,q56_t257
54922,q56_t258
54922,q56_t259
54923,q56_t259
54923,q56_t260
54924,q56_t261
54924,q56_t262
54925,q56_t262
54925,q56_t263
54926,q56_t264
54926,q56_t265
54927,q56_t265
54927,q56_t266
54928,q56_t267
54928,q56_t268
54929,q56_t268
54929,q56_t269
54930,q56_t270
54930,q56_t271
54931,q56_t271
54931,q56_t272
54932,q56_t273
54932,q56_t274
54933,q56_t274
54933,q56_t275
54934,q56_t276
54934,q56_t277
54935,q56_t277
54935,q56_t278
54936,q56_t279
54936,q56_t280
54937,q56_t280
54937,q56_t281
54938,q56_t282
54938,q56_t283
54939,q56_t283
54939,q56_t284
54940,q56_t285
54940,q56_t286
54941,q56_t286
54941,q56_t287
54942,q56_t288
54942,q56_t289
54943,q56_t289
54943,q56_t290
54944,q56_t291
54944,q56_t292
54945,q56_t292
54945,q56_t293
54946,q56_t294
54946,q56_t295
54947,q56_t295
54947,q56_t296
54948,q56_t297
54948,q56_t298
54949,q56_t298
54949,q56_t299
54950,q56_t300
54950,q56_t301
54951,q56_t301
54951,q56_t302
54952,q56_t303
54952,q56_t304
54953,q56_t304
54953,q56_t305
54954,q56_t306
54954,q56_t307
54955,q56_t307
54955,q56_t308
54956,q56_t309
54956,q56_t310
54957,q56_t310
54957,q56_t311
54958,q56_t312
54958,q56_t313
54959,q56_t313
54959,q56_t314
54960,q56_t315
54960,q56_t316
54961,q56_t316
54961,q56_t317
54962,q56_t318
54962,q56_t319
54963,q56_t319
54963,q56_t320
54964,q56_t321
54964,q56_t322
54965,q56_t322
54965,q56_t323
54966,q56_t324
54966,q56_t325
54967,q56_t325
54967,q56_t326
54968,q56_t327
54968,q56_t328
54969,q56_t328
54969,q56_t329
54970,q56_t330
54970,q56_t331
54971,q56_t331
54971,q56_t332
54972,q56_t333
54972,q56_t334
54973,q56_t334
54973,q56_t338
54974,q56_t338
54974,q56_t339
54974,q57_t338
54974,q57_t339
54975,q56_t339
54975,q56_t340
54976,q56_t340
54976,q56_t341
54977,q56_t341
54977,q56_t342
54977,q58_t341
54977,q58_t342
54978,q56_t342
54978,q56_t343
54979,q56_t343
54979,q56_t344
54980,q56_t344
54980,q56_t345
54980,q59_t344
54980,q59_t345
54981,q56_t345
54981,q56_t346
54982,q56_t346
54982,q56_t347
54983,q56_t347
54983,q56_t348
54983,q60_t347
54983,q60_t348
54984,q56_t348
54984,q56_t349
54985,q56_t349
54985,q56_t350
54986,q56_t350
54986,q56_t351
54986,q61_t350
54986,q61_t351
54987,q56_t351
54987,q56_t352
54988,q56_t352
54988,q56_t353
54989,q56_t353
54989,q56_t354
54989,q62_t353
54989,q62_t354
54990,q56_t354
54990,q56_t355
54991,q56_t355
54991,q56_t356
54992,q56_t356
54992,q56_t357
54992,q63_t356
54992,q63_t357
54993,q56_t357
54993,q56_t358
54994,q56_t358
54994,q56_t359
54995,q56_t359
54995,q56_t360
54995,q64_t359
54995,q64_t360
54996,q56_t360
54996,q56_t361
54997,q56_t361
54997,q56_t362
54998,q56_t362
54998,q56_t363
54998,q65_t362
54998,q65_t363
54999,q56_t363
54999,q56_t364
55000,q56_t364
55000,q56_t365
55001,q56_t365
55001,q56_t366
55001,q66_t365
55001,q66_t366
55002,q56_t366
55002,q56_t367
55003,q56_t367
55003,q56_t368
55004,q56_t368
55004,q56_t369
55004,q67_t368
55004,q67_t369
55005,q56_t369
55005,q56_t370
55006,q56_t370
55006,q56_t371
55007,q56_t371
55007,q56_t372
55007,q68_t371
55007,q68_t372
55008,q56_t372
55008,q56_t373
55009,q56_t373
55009,q56_t374
55010,q56_t374
55010,q56_t375
55010,q69_t374
55010,q69_t375
55011,q56_t375
55011,q56_t376
55012,q56_t376
55012,q56_t377
55013,q56_t377
55013,q56_t378
55013,q70_t377
55013,q70_t378
55014,q56_t378
55014,q56_t379
55015,q56_t379
55015,q56_t380
55016,q56_t380
55016,q56_t381
55016,q71_t380
55016,q71_t381
55017,q56_t381
55017,q56_t382
55018,q56_t382
55018,q56_t383
55019,q56_t383
55019,q56_t384
55019,q72_t383
55019,q72_t384
55020,q56_t384
55020,q56_t385
55021,q56_t385
55021,q56_t386
55022,q56_t386
55022,q56_t387
55022,q73_t386
55022,q73_t387
55023,q56_t387
55023,q56_t388
55024,q56_t388
55024,q56_t389
55025,q56_t389
55025,q56_t390
55025,q74_t389
55025,q74_t390
55026,q56_t390
55026,q56_t391
55027,q56_t391
55027,q56_t392
55028,q56_t392
55028,q56_t393
55028,q75_t392
55028,q75_t393
55029,q56_t393
55029,q56_t394
55030,q56_t394
55030,q56_t395
55031,q56_t395
55031,q56_t396
55031,q76_t395
55031,q76_t396
55032,q56_t396
55032,q56_t397
55033,q56_t397
55033,q56_t398
55034,q56_t398
55034,q56_t399
55034,q77_t398
55034,q77_t399
55035,q56_t399
55035,q56_t400
55036,q56_t400
55036,q56_t401
55037,q56_t401
55037,q56_t402
55037,q78_t401
55037,q78_t402
55038,q56_t402
55038,q56_t403
55039,q56_t403
55039,q56_t404
55040,q56_t404
55040,q56_t405
55040,q79_t404
55040,q79_t405
55041,q56_t405
55041,q56_t406
55042,q56_t406
55042,q56_t407
55043,q56_t407
55043,q56_t408
55043,q80_t407
55043,q80_t408
55044,q56_t408
55044,q56_t409
55045,q56_t409
55045,q56_t410
55046,q56_t410
55046,q56_t411
55046,q81_t410
55046,q81_t411
55047,q56_t411
55047,q56_t412
55048,q56_t412
55048,q56_t413
55049,q56_t413
55049,q56_t414
55049,q82_t413
55049,q82_t414
55050,q56_t414
55050,q56_t415
55051,q56_t415
55051,q56_t416
55052,q56_t416
55052,q56_t417
55052,q83_t416
55052,q83_t417
55053,q56_t417
55053,q56_t418
55054,q56_t418
55054,q56_t419
55055,q56_t419
55055,q56_t420
55055,q84_t419
55055,q84_t420
55056,q56_t420
55056,q56_t421
55057,q56_t421
55057,q56_t422
55058,q56_t422
55058,q56_t423
55058,q85_t422
55058,q85_t423
55059,q56_t423
55059,q56_t424
55060,q56_t424
55060,q56_t425
55061,q56_t425
55061,q56_t426
55061,q86_t425
55061,q86_t426
55062,q56_t426
55062,q56_t427
55063,q56_t427
55063,q56_t428
55064,q56_t428
55064,q56_t429
55064,q87_t428
55064,q87_t429
55065,q56_t429
55065,q56_t430
55066,q56_t430
55066,q56_t431
55067,q56_t431
55067,q56_t432
55067,q88_t431
55067,q88_t432
55068,q56_t432
55068,q56_t433
55069,q56_t433
55069,q56_t434
55070,q56_t434
55070,q56_t435
55070,q89_t434
55070,q89_t435
55071,q56_t435
55071,q56_t436
55072,q56_t436
55072,q56_t437
55073,q56_t437
55073,q56_t438
55073,q90_t437
55073,q90_t438
55074,q56_t438
55074,q56_t439
55075,q56_t439
55075,q56_t440
55076,q56_t440
55076,q56_t441
55076,q91_t440
55076,q91_t441
55077,q56_t441
55077,q56_t442
55078,q56_t442
55078,q56_t443
55079,q56_t443
55079,q56_t444
55079,q92_t443
55079,q92_t444
55080,q56_t444
55080,q56_t445
55081,q56_t445
55081,q56_t446
55082,q56_t446
55082,q56_t447
55082,q93_t446
55082,q93_t447
55083,q56_t447
55083,q56_t448
55084,q56_t448
55084,q56_t449
55085,q56_t449
55085,q56_t450
55085,q94_t449
55085,q94_t450
55086,q56_t450
55086,q56_t451
55087,q56_t451
55087,q56_t452
55088,q56_t452
55088,q56_t453
55088,q95_t452
55088,q95_t453
55089,q56_t453
55089,q56_t454
55090,q56_t454
55090,q56_t455
55091,q56_t455
55091,q56_t456
55091,q96_t455
55091,q96_t456
55092,q56_t456
55092,q56_t457
55093,q56_t457
55093,q56_t458
55094,q56_t458
55094,q56_t459
55094,q97_t458
55094,q97_t459
55095,q56_t459
55095,q56_t460
55096,q56_t460
55096,q56_t461
55097,q56_t461
55097,q56_t462
55097,q98_t461
55097,q98_t462
55098,q56_t462
55098,q56_t463
55099,q56_t463
55099,q56_t464
55100,q56_t464
55100,q56_t465
55100,q99_t464
55100,q99_t465
55101,q56_t465
55101,q56_t466
55102,q56_t466
55102,q56_t467
55103,q56_t468
55103,q56_t469
55104,q56_t469
55104,q56_t470
55105,q56_t471
55105,q56_t472
55106,q56_t472
55106,q56_t473
55107,q56_t474
55107,q56_t475
55108,q56_t475
55108,q56_t476
55109,q56_t477
55109,q56_t478
55110,q56_t478
55110,q56_t479
55111,q56_t480
55111,q56_t481
55112,q56_t481
55112,q56_t482
55113,q56_t483
55113,q56_t484
55114,q56_t484
55114,q56_t485
55115,q56_t486
55115,q56_t487
55116,q56_t487
55116,q56_t488
55117,q56_t489
55117,q56_t490
55118,q56_t490
55118,q56_t491
55119,q56_t492
55119,q56_t493
55120,q56_t493
55120,q56_t494
55121,q56_t495
55121,q56_t496
55122,q56_t496
55122,q56_t497
55123,q56_t497
55123,q56_t498
55124,q56_t499
55124,q56_t500
55125,q56_t500
55125,q56_t501
55126,q56_t502
55126,q56_t503
55127,q56_t503
55127,q56_t504
55128,q56_t505
55128,q56_t506
55129,q56_t506
55129,q56_t507
55130,q56_t508
55130,q56_t509
55131,q56_t509
55131,q56_t510
55132,q56_t511
55132,q56_t512
55133,q56_t512
55133,q56_t513
55134,q56_t513
55134,q56_t514
55134,q5_t513
55134,q5_t514
55135,q56_t514
55135,q56_t515
55136,q56_t515
55136,q56_t516
55137,q56_t516
55137,q56_t517
55137,q6_t516
55137,q6_t517
55138,q56_t517
55138,q56_t518
55139,q56_t518
55139,q56_t519
55140,q56_t519
55140,q56_t520
55140,q7_t519
55140,q7_t520
55141,q56_t520
55141,q56_t521
55142,q56_t521
55142,q56_t522
55143,q56_t522
55143,q56_t523
55143,q8_t522
55143,q8_t523
55144,q56_t523
55144,q56_t524
55145,q56_t524
55145,q56_t525
55146,q56_t525
55146,q56_t526
55146,q9_t525
55146,q9_t526
55147,q56_t526
55147,q56_t527
55148,q56_t527
55148,q56_t528
55149,q56_t529
55149,q56_t530
55150,q56_t530
55150,q56_t531
55151,q56_t532
55151,q56_t533
55152,q56_t533
55152,q56_t534
55153,q56_t535
55153,q56_t536
55154,q56_t536
55154,q56_t537
55155,q56_t538
55155,q56_t539
55156,q56_t539
55156,q56_t540
55157,q56_t541
55157,q56_t542
55158,q56_t542
55158,q56_t543
55159,q56_t544
55159,q56_t545
55160,q56_t545
55160,q56_t546
55161,q56_t547
55161,q56_t548
55162,q56_t548
55162,q56_t549
55163,q56_t550
55163,q56_t551
55164,q56_t551
55164,q56_t552
55165,q56_t553
55165,q56_t554
55166,q56_t554
55166,q56_t555
55167,q56_t556
55167,q56_t557
55168,q56_t557
55168,q56_t558
55169,q56_t559
55169,q56_t560
55170,q56_t560
55170,q56_t561
55171,q56_t562
55171,q56_t563
55172,q56_t563
55172,q56_t564
55173,q56_t565
55173,q56_t566
55174,q56_t566
55174,q56_t567
55175,q56_t568
55175,q56_t569
55176,q56_t569
55176,q56_t570
55177,q56_t571
55177,q56_t572
55178,q56_t572
55178,q56_t573
55179,q56_t574
55179,q56_t575
55180,q56_t575
55180,q56_t576
55181,q56_t577
55181,q56_t578
55182,q56_t578
55182,q56_t579
55183,q56_t580
55183,q56_t581
55184,q56_t581
55184,q56_t582
55185,q56_t583
55185,q56_t584
55186,q56_t584
55186,q56_t585
55187,q56_t586
55187,q56_t587
55188,q56_t587
55188,q56_t588
55189,q56_t589
55189,q56_t590
55190,q56_t590
55190,q56_t591
55191,q56_t592
55191,q56_t593
55192,q56_t593
55192,q56_t594
55193,q56_t595
55193,q56_t596
55194,q56_t596
55194,q56_t597
55195,q56_t598
55195,q56_t599
55196,q56_t599
55196,q56_t600
55197,q56_t601
55197,q56_t602
55198,q56_t602
55198,q56_t603
55199,q56_t604
55199,q56_t605
55200,q56_t605
55200,q56_t606
55201,q56_t607
55201,q56_t608
55202,q56_t608
55202,q56_t609
55203,q56_t610
55203,q56_t611
55204,q56_t611
55204,q56_t612
55205,q56_t613
55205,q56_t614
55206,q56_t614
55206,q56_t615
55207,q56_t616
55207,q56_t617
55208,q56_t617
55208,q56_t618
55209,q56_t619
55209,q56_t620
55210,q56_t620
55210,q56_t621
55211,q56_t622
55211,q56_t623
55212,q56_t623
55212,q56_t624
55213,q56_t625
55213,q56_t626
55214,q56_t626
55214,q56_t627
55215,q56_t628
55215,q56_t629
55216,q56_t629
55216,q56_t630
55217,q56_t631
55217,q56_t632
55218,q56_t632
55218,q56_t633
55219,q56_t634
55219,q56_t635
55220,q56_t635
55220,q56_t636
55221,q56_t637
55221,q56_t638
55222,q56_t638
55222,q56_t639
55223,q56_t640
55223,q56_t641
55224,q56_t641
55224,q56_t642
55225,q56_t643
55225,q56_t644
55226,q56_t644
55226,q56_t645
55227,q56_t646
55227,q56_t647
55228,q56_t647
55228,q56_t648
55229,q56_t649
55229,q56_t650
55230,q56_t650
55230,q56_t651
55231,q56_t652
55231,q56_t653
55232,q56_t653
55232,q56_t654
55233,q56_t655
55233,q56_t656
55234,q56_t656
55234,q56_t657
55235,q56_t658
55235,q56_t659
55236,q56_t659
55236,q56_t660
55237,q56_t661
55237,q56_t662
55238,q56_t662
55238,q56_t663
55239,q56_t664
55239,q56_t665
55240,q56_t665
55240,q56_t669
55241,q56_t669
55241,q56_t670
55241,q57_t669
55241,q57_t670
55242,q56_t670
55242,q56_t671
55243,q56_t671
55243,q56_t672
55244,q56_t672
55244,q56_t673
55244,q58_t672
55244,q58_t673
55245,q56_t673
55245,q56_t674
55246,q56_t674
55246,q56_t675
55247,q56_t675
55247,q56_t676
55247,q59_t675
55247,q59_t676
55248,q56_t676
55248,q56_t677
55249,q56_t677
55249,q56_t678
55250,q56_t678
55250,q56_t679
55250,q60_t678
55250,q60_t679
55251,q56_t679
55251,q56_t680
55252,q56_t680
55252,q56_t681
55253,q56_t681
55253,q56_t682
55253,q61_t681
55253,q61_t682
55254,q56_t682
55254,q56_t683
55255,q56_t683
55255,q56_t684
55256,q56_t684
55256,q56_t685
55256,q62_t684
55256,q62_t685
55257,q56_t685
55257,q56_t686
55258,q56_t686
55258,q56_t687
55259,q56_t687
55259,q56_t688
55259,q63_t687
55259,q63_t688
55260,q56_t688
55260,q56_t689
55261,q56_t689
55261,q56_t690
55262,q56_t690
55262,q56_t691
55262,q64_t690
55262,q64_t691
55263,q56_t691
55263,q56_t692
55264,q56_t692
55264,q56_t693
55265,q56_t693
55265,q56_t694
55265,q65_t693
55265,q65_t694
55266,q56_t694
55266,q56_t695
55267,q56_t695
55267,q56_t696
55268,q56_t696
55268,q56_t697
55268,q66_t696
55268,q66_t697
55269,q56_t697
55269,q56_t698
55270,q56_t698
55270,q56_t699
55271,q56_t699
55271,q56_t700
55271,q67_t699
55271,q67_t700
55272,q56_t700
55272,q56_t701
55273,q56_t701
55273,q56_t702
55274,q56_t702
55274,q56_t703
55274,q68_t702
55274,q68_t703
55275,q56_t703
55275,q56_t704
55276,q56_t704
55276,q56_t705
55277,q56_t705
55277,q56_t706
55277,q69_t705
55277,q69_t706
55278,q56_t706
55278,q56_t707
55279,q56_t707
55279,q56_t708
55280,q56_t708
55280,q56_t709
55280,q70_t708
55280,q70_t709
55281,q56_t709
55281,q56_t710
55282,q56_t710
55282,q56_t711
55283,q56_t711
55283,q56_t712
55283,q71_t711
55283,q71_t712
55284,q56_t712
55284,q56_t713
55285,q56_t713
55285,q56_t714
55286,q56_t714
55286,q56_t715
55286,q72_t714
55286,q72_t715
55287,q56_t715
55287,q56_t716
55288,q56_t716
55288,q56_t717
55289,q56_t717
55289,q56_t718
55289,q73_t717
55289,q73_t718
55290,q56_t718
55290,q56_t719
55291,q56_t719
55291,q56_t720
55292,q56_t720
55292,q56_t721
55292,q74_t720
55292,q74_t721
55293,q56_t721
55293,q56_t722
55294,q56_t722
55294,q56_t723
55295,q56_t723
55295,q56_t724
55295,q75_t723
55295,q75_t724
55296,q56_t724
55296,q56_t725
55297,q56_t725
55297,q56_t726
55298,q56_t726
55298,q56_t727
55298,q76_t726
55298,q76_t727
55299,q56_t727
55299,q56_t728
55300,q56_t728
55300,q56_t729
55301,q56_t729
55301,q56_t730
55301,q77_t729
55301,q77_t730
55302,q56_t730
55302,q56_t731
55303,q56_t731
55303,q56_t732
55304,q56_t732
55304,q56_t733
55304,q78_t732
55304,q78_t733
55305,q56_t733
55305,q56_t734
55306,q56_t734
55306,q56_t735
55307,q56_t735
55307,q56_t736
55307,q79_t735
55307,q79_t736
55308,q56_t736
55308,q56_t737
55309,q56_t737
55309,q56_t738
55310,q56_t738
55310,q56_t739
55310,q80_t738
55310,q80_t739
55311,q56_t739
55311,q56_t740
55312,q56_t740
55312,q56_t741
55313,q56_t741
55313,q56_t742
55313,q81_t741
55313,q81_t742
55314,q56_t742
55314,q56_t743
55315,q56_t743
55315,q56_t744
55316,q56_t744
55316,q56_t745
55316,q82_t744
55316,q82_t745
55317,q56_t745
55317,q56_t746
55318,q56_t746
55318,q56_t747
55319,q56_t747
55319,q56_t748
55319,q83_t747
55319,q83_t748
55320,q56_t748
55320,q56_t749
55321,q56_t749
55321,q56_t750
55322,q56_t750
55322,q56_t751
55322,q84_t750
55322,q84_t751
55323,q56_t751
55323,q56_t752
55324,q56_t752
55324,q56_t753
55325,q56_t753
55325,q56_t754
55325,q85_t753
55325,q85_t754
55326,q56_t754
55326,q56_t755
55327,q56_t755
55327,q56_t756
55328,q56_t756
55328,q56_t757
55328,q86_t756
55328,q86_t757
55329,q56_t757
55329,q56_t758
55330,q56_t758
55330,q56_t759
55331,q56_t759
55331,q56_t760
55331,q87_t759
55331,q87_t760
55332,q56_t760
55332,q56_t761
55333,q56_t761
55333,q56_t762
55334,q56_t762
55334,q56_t763
55334,q88_t762
55334,q88_t763
55335,q56_t763
55335,q56_t764
55336,q56_t764
55336,q56_t765
55337,q56_t765
55337,q56_t766
55337,q89_t765
55337,q89_t766
55338,q56_t766
55338,q56_t767
55339,q56_t767
55339,q56_t768
55340,q56_t768
55340,q56_t769
55340,q90_t768
55340,q90_t769
55341,q56_t769
55341,q56_t770
55342,q56_t770
55342,q56_t771
55343,q56_t771
55343,q56_t772
55343,q91_t771
55343,q91_t772
55344,q56_t772
55344,q56_t773
55345,q56_t773
55345,q56_t774
55346,q56_t774
55346,q56_t775
55346,q92_t774
55346,q92_t775
55347,q56_t775
55347,q56_t776
55348,q56_t776
55348,q56_t777
55349,q56_t777
55349,q56_t778
55349,q93_t777
55349,q93_t778
55350,q56_t778
55350,q56_t779
55351,q56_t779
55351,q56_t780
55352,q56_t780
55352,q56_t781
55352,q94_t780
55352,q94_t781
55353,q56_t781
55353,q56_t782
55354,q56_t782
55354,q56_t783
55355,q56_t783
55355,q56_t784
55355,q95_t783
55355,q95_t784
55356,q56_t784
55356,q56_t785
55357,q56_t785
55357,q56_t786
55358,q56_t786
55358,q56_t787
55358,q96_t786
55358,q96_t787
55359,q56_t787
55359,q56_t788
55360,q56_t788
55360,q56_t789
55361,q56_t789
55361,q56_t790
55361,q97_t789
55361,q97_t790
55362,q56_t790
55362,q56_t791
55363,q56_t791
55363,q56_t792
55364,q56_t792
55364,q56_t793
55364,q98_t792
55364,q98_t793
55365,q56_t793
55365,q56_t794
55366,q56_t794
55366,q56_t795
55367,q56_t795
55367,q56_t796
55367,q99_t795
55367,q99_t796
55368,q56_t796
55368,q56_t797
55369,q56_t797
55369,q56_t798
55370,q56_t799
55370,q56_t800
55371,q56_t800
55371,q56_t801
55372,q56_t802
55372,q56_t803
55373,q56_t803
55373,q56_t804
55374,q56_t805
55374,q56_t806
55375,q56_t806
55375,q56_t807
55376,q56_t808
55376,q56_t809
55377,q56_t809
55377,q56_t810
55378,q56_t811
55378,q56_t812
55379,q56_t812
55379,q56_t813
55380,q56_t814
55380,q56_t815
55381,q56_t815
55381,q56_t816
55382,q56_t817
55382,q56_t818
55383,q56_t818
55383,q56_t819
55384,q56_t820
55384,q56_t821
55385,q56_t821
55385,q56_t822
55386,q56_t823
55386,q56_t824
55387,q56_t824
55387,q56_t825
55388,q56_t826
55388,q56_t827
55389,q56_t827
55389,q56_t828
55390,q56_t828
55390,q56_t829
55391,q56_t830
55391,q56_t831
55392,q56_t831
55392,q56_t832
55393,q56_t833
55393,q56_t834
55394,q56_t834
55394,q56_t835
55395,q56_t836
55395,q56_t837
55396,q56_t837
55396,q56_t838
55397,q56_t839
55397,q56_t840
55398,q56_t840
55398,q56_t841
55399,q56_t842
55399,q56_t843
55400,q56_t843
55400,q56_t844
55401,q56_t844
55401,q56_t845
55401,q5_t844
55401,q5_t845
55402,q56_t845
55402,q56_t846
55403,q56_t846
55403,q56_t847
55404,q56_t847
55404,q56_t848
55404,q6_t847
55404,q6_t848
55405,q56_t848
55405,q56_t849
55406,q56_t849
55406,q56_t850
55407,q56_t850
55407,q56_t851
55407,q7_t850
55407,q7_t851
55408,q56_t851
55408,q56_t852
55409,q56_t852
55409,q56_t853
55410,q56_t853
55410,q56_t854
55410,q8_t853
55410,q8_t854
55411,q56_t854
55411,q56_t855
55412,q56_t855
55412,q56_t856
55413,q56_t856
55413,q56_t857
55413,q9_t856
55413,q9_t857
55414,q56_t857
55414,q56_t858
55415,q56_t858
55415,q56_t859
55416,q56_t860
55416,q56_t861
55417,q56_t861
55417,q56_t862
55418,q56_t863
55418,q56_t864
55419,q56_t864
55419,q56_t865
55420,q56_t866
55420,q56_t867
55421,q56_t867
55421,q56_t868
55422,q56_t869
55422,q56_t870
55423,q56_t870
55423,q56_t871
55424,q56_t872
55424,q56_t873
55425,q56_t873
55425,q56_t874
55426,q56_t875
55426,q56_t876
55427,q56_t876
55427,q56_t877
55428,q56_t878
55428,q56_t879
55429,q56_t879
55429,q56_t880
55430,q56_t881
55430,q56_t882
55431,q56_t882
55431,q56_t883
55432,q56_t884
55432,q56_t885
55433,q56_t885
55433,q56_t886
55434,q56_t887
55434,q56_t888
55435,q56_t888
55435,q56_t889
55436,q56_t890
55436,q56_t891
55437,q56_t891
55437,q56_t892
55438,q56_t893
55438,q56_t894
55439,q56_t894
55439,q56_t895
55440,q56_t896
55440,q56_t897
55441,q56_t897
55441,q56_t898
55442,q56_t899
55442,q56_t900
55443,q56_t900
55443,q56_t901
55444,q56_t902
55444,q56_t903
55445,q56_t903
55445,q56_t904
55446,q56_t905
55446,q56_t906
55447,q56_t906
55447,q56_t907
55448,q56_t908
55448,q56_t909
55449,q56_t909
55449,q56_t910
55450,q56_t911
55450,q56_t912
55451,q56_t912
55451,q56_t913
55452,q56_t914
55452,q56_t915
55453,q56_t915
55453,q56_t916
55454,q56_t917
55454,q56_t918
55455,q56_t918
55455,q56_t919
55456,q56_t920
55456,q56_t921
55457,q56_t921
55457,q56_t922
55458,q56_t923
55458,q56_t924
55459,q56_t924
55459,q56_t925
55460,q56_t926
55460,q56_t927
55461,q56_t927
55461,q56_t928
55462,q56_t929
55462,q56_t930
55463,q56_t930
55463,q56_t931
55464,q56_t932
55464,q56_t933
55465,q56_t933
55465,q56_t934
55466,q56_t935
55466,q56_t936
55467,q56_t936
55467,q56_t937
55468,q56_t938
55468,q56_t939
55469,q56_t939
55469,q56_t940
55470,q56_t941
55470,q56_t942
55471,q56_t942
55471,q56_t943
55472,q56_t944
55472,q56_t945
55473,q56_t945
55473,q56_t946
55474,q56_t947
55474,q56_t948
55475,q56_t948
55475,q56_t949
55476,q56_t950
55476,q56_t951
55477,q56_t951
55477,q56_t952
55478,q56_t953
55478,q56_t954
55479,q56_t954
55479,q56_t955
55480,q56_t956
55480,q56_t957
55481,q56_t957
55481,q56_t958
55482,q56_t959
55482,q56_t960
55483,q56_t960
55483,q56_t961
55484,q56_t962
55484,q56_t963
55485,q56_t963
55485,q56_t964
55486,q56_t965
55486,q56_t966
55487,q56_t966
55487,q56_t967
55488,q56_t968
55488,q56_t969
55489,q56_t969
55489,q56_t970
55490,q56_t971
55490,q56_t972
55491,q56_t972
55491,q56_t973
55492,q56_t974
55492,q56_t975
55493,q56_t975
55493,q56_t976
55494,q56_t977
55494,q56_t978
55495,q56_t978
55495,q56_t979
55496,q56_t980
55496,q56_t981
55497,q56_t981
55497,q56_t982
55498,q56_t983
55498,q56_t984
55499,q56_t984
55499,q56_t985
55500,q56_t986
55500,q56_t987
55501,q56_t987
55501,q56_t988
55502,q56_t989
55502,q56_t990
55503,q56_t990
55503,q56_t991
55504,q56_t992
55504,q56_t993
55505,q56_t993
55505,q56_t994
55506,q56_t995
55506,q56_t996
55507,q57_t0
55507,q57_t1
55508,q57_t1
55508,q57_t170
55509,q57_t1000
55509,q57_t999
55510,q57_t1001
55510,q57_t1002
55511,q57_t1002
55511,q57_t1006
55512,q57_t1006
55512,q57_t1007
55512,q58_t1006
55512,q58_t1007
55513,q57_t1007
55513,q57_t1008
55514,q57_t1008
55514,q57_t1009
55515,q57_t1009
55515,q57_t1010
55515,q59_t1009
55515,q59_t1010
55516,q57_t1010
55516,q57_t1011
55517,q57_t1011
55517,q57_t1012
55518,q57_t1012
55518,q57_t1013
55518,q60_t1012
55518,q60_t1013
55519,q57_t1013
55519,q57_t1014
55520,q57_t1014
55520,q57_t1015
55521,q57_t1015
55521,q57_t1016
55521,q61_t1015
55521,q61_t1016
55522,q57_t1016
55522,q57_t1017
55523,q57_t1017
55523,q57_t1018
55524,q57_t1018
55524,q57_t1019
55524,q62_t1018
55524,q62_t1019
55525,q57_t1019
55525,q57_t1020
55526,q57_t1020
55526,q57_t1021
55527,q57_t1021
55527,q57_t1022
55527,q63_t1021
55527,q63_t1022
55528,q57_t1022
55528,q57_t1023
55529,q57_t1023
55529,q57_t1024
55530,q57_t1024
55530,q57_t1025
55530,q64_t1024
55530,q64_t1025
55531,q57_t1025
55531,q57_t1026
55532,q57_t1026
55532,q57_t1027
55533,q57_t1027
55533,q57_t1028
55533,q65_t1027
55533,q65_t1028
55534,q57_t1028
55534,q57_t1029
55535,q57_t1029
55535,q57_t1030
55536,q57_t1030
55536,q57_t1031
55536,q66_t1030
55536,q66_t1031
55537,q57_t1031
55537,q57_t1032
55538,q57_t1032
55538,q57_t1033
55539,q57_t1033
55539,q57_t1034
55539,q67_t1033
55539,q67_t1034
55540,q57_t1034
55540,q57_t1035
55541,q57_t1035
55541,q57_t1036
55542,q57_t1036
55542,q57_t1037
55542,q68_t1036
55542,q68_t1037
55543,q57_t1037
55543,q57_t1038
55544,q57_t1038
55544,q57_t1039
55545,q57_t1039
55545,q57_t1040
55545,q69_t1039
55545,q69_t1040
55546,q57_t1040
55546,q57_t1041
55547,q57_t1041
55547,q57_t1042
55548,q57_t1042
55548,q57_t1043
55548,q70_t1042
55548,q70_t1043
55549,q57_t1043
55549,q57_t1044
55550,q57_t1044
55550,q57_t1045
55551,q57_t1045
55551,q57_t1046
55551,q71_t1045
55551,q71_t1046
55552,q57_t1046
55552,q57_t1047
55553,q57_t1047
55553,q57_t1048
55554,q57_t1048
55554,q57_t1049
55554,q72_t1048
55554,q72_t1049
55555,q57_t1049
55555,q57_t1050
55556,q57_t1050
55556,q57_t1051
55557,q57_t1051
55557,q57_t1052
55557,q73_t1051
55557,q73_t1052
55558,q57_t1052
55558,q57_t1053
55559,q57_t1053
55559,q57_t1054
55560,q57_t1054
55560,q57_t1055
55560,q74_t1054
55560,q74_t1055
55561,q57_t1055
55561,q57_t1056
55562,q57_t1056
55562,q57_t1057
55563,q57_t1057
55563,q57_t1058
55563,q75_t1057
55563,q75_t1058
55564,q57_t1058
55564,q57_t1059
55565,q57_t1059
55565,q57_t1060
55566,q57_t1060
55566,q57_t1061
55566,q76_t1060
55566,q76_t1061
55567,q57_t1061
55567,q57_t1062
55568,q57_t1062
55568,q57_t1063
55569,q57_t1063
55569,q57_t1064
55569,q77_t1063
55569,q77_t1064
55570,q57_t1064
55570,q57_t1065
55571,q57_t1065
55571,q57_t1066
55572,q57_t1066
55572,q57_t1067
55572,q78_t1066
55572,q78_t1067
55573,q57_t1067
55573,q57_t1068
55574,q57_t1068
55574,q57_t1069
55575,q57_t1069
55575,q57_t1070
55575,q79_t1069
55575,q79_t1070
55576,q57_t1070
55576,q57_t1071
55577,q57_t1071
55577,q57_t1072
55578,q57_t1072
55578,q57_t1073
55578,q80_t1072
55578,q80_t1073
55579,q57_t1073
55579,q57_t1074
55580,q57_t1074
55580,q57_t1075
55581,q57_t1075
55581,q57_t1076
55581,q81_t1075
55581,q81_t1076
55582,q57_t1076
55582,q57_t1077
55583,q57_t1077
55583,q57_t1078
55584,q57_t1078
55584,q57_t1079
55584,q82_t1078
55584,q82_t1079
55585,q57_t1079
55585,q57_t1080
55586,q57_t1080
55586,q57_t1081
55587,q57_t1081
55587,q57_t1082
55587,q83_t1081
55587,q83_t1082
55588,q57_t1082
55588,q57_t1083
55589,q57_t1083
55589,q57_t1084
55590,q57_t1084
55590,q57_t1085
55590,q84_t1084
55590,q84_t1085
55591,q57_t1085
55591,q57_t1086
55592,q57_t1086
55592,q57_t1087
55593,q57_t1087
55593,q57_t1088
55593,q85_t1087
55593,q85_t1088
55594,q57_t1088
55594,q57_t1089
55595,q57_t1089
55595,q57_t1090
55596,q57_t1090
55596,q57_t1091
55596,q86_t1090
55596,q86_t1091
55597,q57_t1091
55597,q57_t1092
55598,q57_t1092
55598,q57_t1093
55599,q57_t1093
55599,q57_t1094
55599,q87_t1093
55599,q87_t1094
55600,q57_t1094
55600,q57_t1095
55601,q57_t1095
55601,q57_t1096
55602,q57_t1096
55602,q57_t1097
55602,q88_t1096
55602,q88_t1097
55603,q57_t1097
55603,q57_t1098
55604,q57_t1098
55604,q57_t1099
55605,q57_t1099
55605,q57_t1100
55605,q89_t1099
55605,q89_t1100
55606,q57_t1100
55606,q57_t1101
55607,q57_t1101
55607,q57_t1102
55608,q57_t1102
55608,q57_t1103
55608,q90_t1102
55608,q90_t1103
55609,q57_t1103
55609,q57_t1104
55610,q57_t1104
55610,q57_t1105
55611,q57_t1105
55611,q57_t1106
55611,q91_t1105
55611,q91_t1106
55612,q57_t1106
55612,q57_t1107
55613,q57_t1107
55613,q57_t1108
55614,q57_t1108
55614,q57_t1109
55614,q92_t1108
55614,q92_t1109
55615,q57_t1109
55615,q57_t1110
55616,q57_t1110
55616,q57_t1111
55617,q57_t1111
55617,q57_t1112
55617,q93_t1111
55617,q93_t1112
55618,q57_t1112
55618,q57_t1113
55619,q57_t1113
55619,q57_t1114
55620,q57_t1114
55620,q57_t1115
55620,q94_t1114
55620,q94_t1115
55621,q57_t1115
55621,q57_t1116
55622,q57_t1116
55622,q57_t1117
55623,q57_t1117
55623,q57_t1118
55623,q95_t1117
55623,q95_t1118
55624,q57_t1118
55624,q57_t1119
55625,q57_t1119
55625,q57_t1120
55626,q57_t1120
55626,q57_t1121
55626,q96_t1120
55626,q96_t1121
55627,q57_t1121
55627,q57_t1122
55628,q57_t1122
55628,q57_t1123
55629,q57_t1123
55629,q57_t1124
55629,q97_t1123
55629,q97_t1124
55630,q57_t1124
55630,q57_t1125
55631,q57_t1125
55631,q57_t1126
55632,q57_t1126
55632,q57_t1127
55632,q98_t1126
55632,q98_t1127
55633,q57_t1127
55633,q57_t1128
55634,q57_t1128
55634,q57_t1129
55635,q57_t1129
55635,q57_t1130
55635,q99_t1129
55635,q99_t1130
55636,q57_t1130
55636,q57_t1131
55637,q57_t1131
55637,q57_t1132
55638,q57_t1133
55638,q57_t1134
55639,q57_t1134
55639,q57_t1135
55640,q57_t1136
55640,q57_t1137
55641,q57_t1137
55641,q57_t1138
55642,q57_t1139
55642,q57_t1140
55643,q57_t1140
55643,q57_t1141
55644,q57_t1142
55644,q57_t1143
55645,q57_t1143
55645,q57_t1144
55646,q57_t1145
55646,q57_t1146
55647,q57_t1146
55647,q57_t1147
55648,q57_t1148
55648,q57_t1149
55649,q57_t1149
55649,q57_t1150
55650,q57_t1151
55650,q57_t1152
55651,q57_t1152
55651,q57_t1153
55652,q57_t1154
55652,q57_t1155
55653,q57_t1155
55653,q57_t1156
55654,q57_t1157
55654,q57_t1158
55655,q57_t1158
55655,q57_t1159
55656,q57_t1160
55656,q57_t1161
55657,q57_t1161
55657,q57_t1162
55658,q57_t171
55658,q57_t172
55659,q57_t172
55659,q57_t173
55660,q57_t174
55660,q57_t175
55661,q57_t175
55661,q57_t176
55662,q57_t177
55662,q57_t178
55663,q57_t178
55663,q57_t179
55664,q57_t180
55664,q57_t181
55665,q57_t181
55665,q57_t182
55666,q57_t183
55666,q57_t184
55667,q57_t184
55667,q57_t185
55668,q57_t185
55668,q57_t186
55668,q5_t185
55668,q5_t186
55669,q57_t186
55669,q57_t187
55670,q57_t187
55670,q57_t188
55671,q57_t188
55671,q57_t189
55671,q6_t188
55671,q6_t189
55672,q57_t189
55672,q57_t190
55673,q57_t190
55673,q57_t191
55674,q57_t191
55674,q57_t192
55674,q7_t191
55674,q7_t192
55675,q57_t192
55675,q57_t193
55676,q57_t193
55676,q57_t194
55677,q57_t194
55677,q57_t195
55677,q8_t194
55677,q8_t195
55678,q57_t195
55678,q57_t196
55679,q57_t196
55679,q57_t197
55680,q57_t197
55680,q57_t198
55680,q9_t197
55680,q9_t198
55681,q57_t198
55681,q57_t199
55682,q57_t199
55682,q57_t200
55683,q57_t201
55683,q57_t202
55684,q57_t202
55684,q57_t203
55685,q57_t204
55685,q57_t205
55686,q57_t205
55686,q57_t206
55687,q57_t207
55687,q57_t208
55688,q57_t208
55688,q57_t209
55689,q57_t210
55689,q57_t211
55690,q57_t211
55690,q57_t212
55691,q57_t213
55691,q57_t214
55692,q57_t214
55692,q57_t215
55693,q57_t216
55693,q57_t217
55694,q57_t217
55694,q57_t218
55695,q57_t219
55695,q57_t220
55696,q57_t220
55696,q57_t221
55697,q57_t222
55697,q57_t223
55698,q57_t223
55698,q57_t224
55699,q57_t225
55699,q57_t226
55700,q57_t226
55700,q57_t227
55701,q57_t228
55701,q57_t229
55702,q57_t229
55702,q57_t230
55703,q57_t231
55703,q57_t232
55704,q57_t232
55704,q57_t233
55705,q57_t234
55705,q57_t235
55706,q57_t235
55706,q57_t236
55707,q57_t237
55707,q57_t238
55708,q57_t238
55708,q57_t239
55709,q57_t240
55709,q57_t241
55710,q57_t241
55710,q57_t242
55711,q57_t243
55711,q57_t244
55712,q57_t244
55712,q57_t245
55713,q57_t246
55713,q57_t247
55714,q57_t247
55714,q57_t248
55715,q57_t249
55715,q57_t250
55716,q57_t250
55716,q57_t251
55717,q57_t252
55717,q57_t253
55718,q57_t253
55718,q57_t254
55719,q57_t255
55719,q57_t256
55720,q57_t256
55720,q57_t257
55721,q57_t258
55721,q57_t259
55722,q57_t259
55722,q57_t260
55723,q57_t261
55723,q57_t262
55724,q57_t262
55724,q57_t263
55725,q57_t264
55725,q57_t265
55726,q57_t265
55726,q57_t266
55727,q57_t267
55727,q57_t268
55728,q57_t268
55728,q57_t269
55729,q57_t270
55729,q57_t271
55730,q57_t271
55730,q57_t272
55731,q57_t273
55731,q57_t274
55732,q57_t274
55732,q57_t275
55733,q57_t276
55733,q57_t277
55734,q57_t277
55734,q57_t278
55735,q57_t279
55735,q57_t280
55736,q57_t280
55736,q57_t281
55737,q57_t282
55737,q57_t283
55738,q57_t283
55738,q57_t284
55739,q57_t285
55739,q57_t286
55740,q57_t286
55740,q57_t287
55741,q57_t288
55741,q57_t289
55742,q57_t289
55742,q57_t290
55743,q57_t291
55743,q57_t292
55744,q57_t292
55744,q57_t293
55745,q57_t294
55745,q57_t295
55746,q57_t295
55746,q57_t296
55747,q57_t297
55747,q57_t298
55748,q57_t298
55748,q57_t299
55749,q57_t300
55749,q57_t301
55750,q57_t301
55750,q57_t302
55751,q57_t303
55751,q57_t304
55752,q57_t304
55752,q57_t305
55753,q57_t306
55753,q57_t307
55754,q57_t307
55754,q57_t308
55755,q57_t309
55755,q57_t310
55756,q57_t310
55756,q57_t311
55757,q57_t312
55757,q57_t313
55758,q57_t313
55758,q57_t314
55759,q57_t315
55759,q57_t316
55760,q57_t316
55760,q57_t317
55761,q57_t318
55761,q57_t319
55762,q57_t319
55762,q57_t320
55763,q57_t321
55763,q57_t322
55764,q57_t322
55764,q57_t323
55765,q57_t324
55765,q57_t325
55766,q57_t325
55766,q57_t326
55767,q57_t327
55767,q57_t328
55768,q57_t328
55768,q57_t329
55769,q57_t330
55769,q57_t331
55770,q57_t331
55770,q57_t332
55771,q57_t333
55771,q57_t334
55772,q57_t334
55772,q57_t335
55773,q57_t336
55773,q57_t337
55774,q57_t337
55774,q57_t338
55775,q57_t339
55775,q57_t340
55776,q57_t340
55776,q57_t344
55777,q57_t344
55777,q57_t345
55777,q58_t344
55777,q58_t345
55778,q57_t345
55778,q57_t346
55779,q57_t346
55779,q57_t347
55780,q57_t347
55780,q57_t348
55780,q59_t347
55780,q59_t348
55781,q57_t348
55781,q57_t349
55782,q57_t349
55782,q57_t350
55783,q57_t350
55783,q57_t351
55783,q60_t350
55783,q60_t351
55784,q57_t351
55784,q57_t352
55785,q57_t352
55785,q57_t353
55786,q57_t353
55786,q57_t354
55786,q61_t353
55786,q61_t354
55787,q57_t354
55787,q57_t355
55788,q57_t355
55788,q57_t356
55789,q57_t356
55789,q57_t357
55789,q62_t356
55789,q62_t357
55790,q57_t357
55790,q57_t358
55791,q57_t358
55791,q57_t359
55792,q57_t359
55792,q57_t360
55792,q63_t359
55792,q63_t360
55793,q57_t360
55793,q57_t361
55794,q57_t361
55794,q57_t362
55795,q57_t362
55795,q57_t363
55795,q64_t362
55795,q64_t363
55796,q57_t363
55796,q57_t364
55797,q57_t364
55797,q57_t365
55798,q57_t365
55798,q57_t366
55798,q65_t365
55798,q65_t366
55799,q57_t366
55799,q57_t367
55800,q57_t367
55800,q57_t368
55801,q57_t368
55801,q57_t369
55801,q66_t368
55801,q66_t369
55802,q57_t369
55802,q57_t370
55803,q57_t370
55803,q57_t371
55804,q57_t371
55804,q57_t372
55804,q67_t371
55804,q67_t372
55805,q57_t372
55805,q57_t373
55806,q57_t373
55806,q57_t374
55807,q57_t374
55807,q57_t375
55807,q68_t374
55807,q68_t375
55808,q57_t375
55808,q57_t376
55809,q57_t376
55809,q57_t377
55810,q57_t377
55810,q57_t378
55810,q69_t377
55810,q69_t378
55811,q57_t378
55811,q57_t379
55812,q57_t379
55812,q57_t380
55813,q57_t380
55813,q57_t381
55813,q70_t380
55813,q70_t381
55814,q57_t381
55814,q57_t382
55815,q57_t382
55815,q57_t383
55816,q57_t383
55816,q57_t384
55816,q71_t383
55816,q71_t384
55817,q57_t384
55817,q57_t385
55818,q57_t385
55818,q57_t386
55819,q57_t386
55819,q57_t387
55819,q72_t386
55819,q72_t387
55820,q57_t387
55820,q57_t388
55821,q57_t388
55821,q57_t389
55822,q57_t389
55822,q57_t390
55822,q73_t389
55822,q73_t390
55823,q57_t390
55823,q57_t391
55824,q57_t391
55824,q57_t392
55825,q57_t392
55825,q57_t393
55825,q74_t392
55825,q74_t393
55826,q57_t393
55826,q57_t394
55827,q57_t394
55827,q57_t395
55828,q57_t395
55828,q57_t396
55828,q75_t395
55828,q75_t396
55829,q57_t396
55829,q57_t397
55830,q57_t397
55830,q57_t398
55831,q57_t398
55831,q57_t399
55831,q76_t398
55831,q76_t399
55832,q57_t399
55832,q57_t400
55833,q57_t400
55833,q57_t401
55834,q57_t401
55834,q57_t402
55834,q77_t401
55834,q77_t402
55835,q57_t402
55835,q57_t403
55836,q57_t403
55836,q57_t404
55837,q57_t404
55837,q57_t405
55837,q78_t404
55837,q78_t405
55838,q57_t405
55838,q57_t406
55839,q57_t406
55839,q57_t407
55840,q57_t407
55840,q57_t408
55840,q79_t407
55840,q79_t408
55841,q57_t408
55841,q57_t409
55842,q57_t409
55842,q57_t410
55843,q57_t410
55843,q57_t411
55843,q80_t410
55843,q80_t411
55844,q57_t411
55844,q57_t412
55845,q57_t412
55845,q57_t413
55846,q57_t413
55846,q57_t414
55846,q81_t413
55846,q81_t414
55847,q57_t414
55847,q57_t415
55848,q57_t415
55848,q57_t416
55849,q57_t416
55849,q57_t417
55849,q82_t416
55849,q82_t417
55850,q57_t417
55850,q57_t418
55851,q57_t418
55851,q57_t419
55852,q57_t419
55852,q57_t420
55852,q83_t419
55852,q83_t420
55853,q57_t420
55853,q57_t421
55854,q57_t421
55854,q57_t422
55855,q57_t422
55855,q57_t423
55855,q84_t422
55855,q84_t423
55856,q57_t423
55856,q57_t424
55857,q57_t424
55857,q57_t425
55858,q57_t425
55858,q57_t426
55858,q85_t425
55858,q85_t426
55859,q57_t426
55859,q57_t427
55860,q57_t427
55860,q57_t428
55861,q57_t428
55861,q57_t429
55861,q86_t428
55861,q86_t429
55862,q57_t429
55862,q57_t430
55863,q57_t430
55863,q57_t431
55864,q57_t431
55864,q57_t432
55864,q87_t431
55864,q87_t432
55865,q57_t432
55865,q57_t433
55866,q57_t433
55866,q57_t434
55867,q57_t434
55867,q57_t435
55867,q88_t434
55867,q88_t435
55868,q57_t435
55868,q57_t436
55869,q57_t436
55869,q57_t437
55870,q57_t437
55870,q57_t438
55870,q89_t437
55870,q89_t438
55871,q57_t438
55871,q57_t439
55872,q57_t439
55872,q57_t440
55873,q57_t440
55873,q57_t441
55873,q90_t440
55873,q90_t441
55874,q57_t441
55874,q57_t442
55875,q57_t442
55875,q57_t443
55876,q57_t443
55876,q57_t444
55876,q91_t443
55876,q91_t444
55877,q57_t444
55877,q57_t445
55878,q57_t445
55878,q57_t446
55879,q57_t446
55879,q57_t447
55879,q92_t446
55879,q92_t447
55880,q57_t447
55880,q57_t448
55881,q57_t448
55881,q57_t449
55882,q57_t449
55882,q57_t450
55882,q93_t449
55882,q93_t450
55883,q57_t450
55883,q57_t451
55884,q57_t451
55884,q57_t452
55885,q57_t452
55885,q57_t453
55885,q94_t452
55885,q94_t453
55886,q57_t453
55886,q57_t454
55887,q57_t454
55887,q57_t455
55888,q57_t455
55888,q57_t456
55888,q95_t455
55888,q95_t456
55889,q57_t456
55889,q57_t457
55890,q57_t457
55890,q57_t458
55891,q57_t458
55891,q57_t459
55891,q96_t458
55891,q96_t459
55892,q57_t459
55892,q57_t460
55893,q57_t460
55893,q57_t461
55894,q57_t461
55894,q57_t462
55894,q97_t461
55894,q97_t462
55895,q57_t462
55895,q57_t463
55896,q57_t463
55896,q57_t464
55897,q57_t464
55897,q57_t465
55897,q98_t464
55897,q98_t465
55898,q57_t465
55898,q57_t466
55899,q57_t466
55899,q57_t467
55900,q57_t467
55900,q57_t468
55900,q99_t467
55900,q99_t468
55901,q57_t468
55901,q57_t469
55902,q57_t469
55902,q57_t470
55903,q57_t471
55903,q57_t472
55904,q57_t472
55904,q57_t473
55905,q57_t474
55905,q57_t475
55906,q57_t475
55906,q57_t476
55907,q57_t477
55907,q57_t478
55908,q57_t478
55908,q57_t479
55909,q57_t480
55909,q57_t481
55910,q57_t481
55910,q57_t482
55911,q57_t483
55911,q57_t484
55912,q57_t484
55912,q57_t485
55913,q57_t486
55913,q57_t487
55914,q57_t487
55914,q57_t488
55915,q57_t489
55915,q57_t490
55916,q57_t490
55916,q57_t491
55917,q57_t492
55917,q57_t493
55918,q57_t493
55918,q57_t494
55919,q57_t495
55919,q57_t496
55920,q57_t496
55920,q57_t497
55921,q57_t498
55921,q57_t499
55922,q57_t499
55922,q57_t500
55923,q57_t500
55923,q57_t501
55924,q57_t502
55924,q57_t503
55925,q57_t503
55925,q57_t504
55926,q57_t505
55926,q57_t506
55927,q57_t506
55927,q57_t507
55928,q57_t508
55928,q57_t509
55929,q57_t509
55929,q57_t510
55930,q57_t511
55930,q57_t512
55931,q57_t512
55931,q57_t513
55932,q57_t514
55932,q57_t515
55933,q57_t515
55933,q57_t516
55934,q57_t516
55934,q57_t517
55934,q5_t516
55934,q5_t517
55935,q57_t517
55935,q57_t518
55936,q57_t518
55936,q57_t519
55937,q57_t519
55937,q57_t520
55937,q6_t519
55937,q6_t520
55938,q57_t520
55938,q57_t521
55939,q57_t521
55939,q57_t522
55940,q57_t522
55940,q57_t523
55940,q7_t522
55940,q7_t523
55941,q57_t523
55941,q57_t524
55942,q57_t524
55942,q57_t525
55943,q57_t525
55943,q57_t526
55943,q8_t525
55943,q8_t526
55944,q57_t526
55944,q57_t527
55945,q57_t527
55945,q57_t528
55946,q57_t528
55946,q57_t529
55946,q9_t528
55946,q9_t529
55947,q57_t529
55947,q57_t530
55948,q57_t530
55948,q57_t531
55949,q57_t532
55949,q57_t533
55950,q57_t533
55950,q57_t534
55951,q57_t535
55951,q57_t536
55952,q57_t536
55952,q57_t537
55953,q57_t538
55953,q57_t539
55954,q57_t539
55954,q57_t540
55955,q57_t541
55955,q57_t542
55956,q57_t542
55956,q57_t543
55957,q57_t544
55957,q57_t545
55958,q57_t545
55958,q57_t546
55959,q57_t547
55959,q57_t548
55960,q57_t548
55960,q57_t549
55961,q57_t550
55961,q57_t551
55962,q57_t551
55962,q57_t552
55963,q57_t553
55963,q57_t554
55964,q57_t554
55964,q57_t555
55965,q57_t556
55965,q57_t557
55966,q57_t557
55966,q57_t558
55967,q57_t559
55967,q57_t560
55968,q57_t560
55968,q57_t561
55969,q57_t562
55969,q57_t563
55970,q57_t563
55970,q57_t564
55971,q57_t565
55971,q57_t566
55972,q57_t566
55972,q57_t567
55973,q57_t568
55973,q57_t569
55974,q57_t569
55974,q57_t570
55975,q57_t571
55975,q57_t572
55976,q57_t572
55976,q57_t573
55977,q57_t574
55977,q57_t575
55978,q57_t575
55978,q57_t576
55979,q57_t577
55979,q57_t578
55980,q57_t578
55980,q57_t579
55981,q57_t580
55981,q57_t581
55982,q57_t581
55982,q57_t582
55983,q57_t583
55983,q57_t584
55984,q57_t584
55984,q57_t585
55985,q57_t586
55985,q57_t587
55986,q57_t587
55986,q57_t588
55987,q57_t589
55987,q57_t590
55988,q57_t590
55988,q57_t591
55989,q57_t592
55989,q57_t593
55990,q57_t593
55990,q57_t594
55991,q57_t595
55991,q57_t596
55992,q57_t596
55992,q57_t597
55993,q57_t598
55993,q57_t599
55994,q57_t599
55994,q57_t600
55995,q57_t601
55995,q57_t602
55996,q57_t602
55996,q57_t603
55997,q57_t604
55997,q57_t605
55998,q57_t605
55998,q57_t606
55999,q57_t607
55999,q57_t608
56000,q57_t608
56000,q57_t609
56001,q57_t610
56001,q57_t611
56002,q57_t611
56002,q57_t612
56003,q57_t613
56003,q57_t614
56004,q57_t614
56004,q57_t615
56005,q57_t616
56005,q57_t617
56006,q57_t617
56006,q57_t618
56007,q57_t619
56007,q57_t620
56008,q57_t620
56008,q57_t621
56009,q57_t622
56009,q57_t623
56010,q57_t623
56010,q57_t624
56011,q57_t625
56011,q57_t626
56012,q57_t626
56012,q57_t627
56013,q57_t628
56013,q57_t629
56014,q57_t629
56014,q57_t630
56015,q57_t631
56015,q57_t632
56016,q57_t632
56016,q57_t633
56017,q57_t634
56017,q57_t635
56018,q57_t635
56018,q57_t636
56019,q57_t637
56019,q57_t638
56020,q57_t638
56020,q57_t639
56021,q57_t640
56021,q57_t641
56022,q57_t641
56022,q57_t642
56023,q57_t643
56023,q57_t644
56024,q57_t644
56024,q57_t645
56025,q57_t646
56025,q57_t647
56026,q57_t647
56026,q57_t648
56027,q57_t649
56027,q57_t650
56028,q57_t650
56028,q57_t651
56029,q57_t652
56029,q57_t653
56030,q57_t653
56030,q57_t654
56031,q57_t655
56031,q57_t656
56032,q57_t656
56032,q57_t657
56033,q57_t658
56033,q57_t659
56034,q57_t659
56034,q57_t660
56035,q57_t661
56035,q57_t662
56036,q57_t662
56036,q57_t663
56037,q57_t664
56037,q57_t665
56038,q57_t665
56038,q57_t666
56039,q57_t667
56039,q57_t668
56040,q57_t668
56040,q57_t669
56041,q57_t670
56041,q57_t671
56042,q57_t671
56042,q57_t675
56043,q57_t675
56043,q57_t676
56043,q58_t675
56043,q58_t676
56044,q57_t676
56044,q57_t677
56045,q57_t677
56045,q57_t678
56046,q57_t678
56046,q57_t679
56046,q59_t678
56046,q59_t679
56047,q57_t679
56047,q57_t680
56048,q57_t680
56048,q57_t681
56049,q57_t681
56049,q57_t682
56049,q60_t681
56049,q60_t682
56050,q57_t682
56050,q57_t683
56051,q57_t683
56051,q57_t684
56052,q57_t684
56052,q57_t685
56052,q61_t684
56052,q61_t685
56053,q57_t685
56053,q57_t686
56054,q57_t686
56054,q57_t687
56055,q57_t687
56055,q57_t688
56055,q62_t687
56055,q62_t688
56056,q57_t688
56056,q57_t689
56057,q57_t689
56057,q57_t690
56058,q57_t690
56058,q57_t691
56058,q63_t690
56058,q63_t691
56059,q57_t691
56059,q57_t692
56060,q57_t692
56060,q57_t693
56061,q57_t693
56061,q57_t694
56061,q64_t693
56061,q64_t694
56062,q57_t694
56062,q57_t695
56063,q57_t695
56063,q57_t696
56064,q57_t696
56064,q57_t697
56064,q65_t696
56064,q65_t697
56065,q57_t697
56065,q57_t698
56066,q57_t698
56066,q57_t699
56067,q57_t699
56067,q57_t700
56067,q66_t699
56067,q66_t700
56068,q57_t700
56068,q57_t701
56069,q57_t701
56069,q57_t702
56070,q57_t702
56070,q57_t703
56070,q67_t702
56070,q67_t703
56071,q57_t703
56071,q57_t704
56072,q57_t704
56072,q57_t705
56073,q57_t705
56073,q57_t706
56073,q68_t705
56073,q68_t706
56074,q57_t706
56074,q57_t707
56075,q57_t707
56075,q57_t708
56076,q57_t708
56076,q57_t709
56076,q69_t708
56076,q69_t709
56077,q57_t709
56077,q57_t710
56078,q57_t710
56078,q57_t711
56079,q57_t711
56079,q57_t712
56079,q70_t711
56079,q70_t712
56080,q57_t712
56080,q57_t713
56081,q57_t713
56081,q57_t714
56082,q57_t714
56082,q57_t715
56082,q71_t714
56082,q71_t715
56083,q57_t715
56083,q57_t716
56084,q57_t716
56084,q57_t717
56085,q57_t717
56085,q57_t718
56085,q72_t717
56085,q72_t718
56086,q57_t718
56086,q57_t719
56087,q57_t719
56087,q57_t720
56088,q57_t720
56088,q57_t721
56088,q73_t720
56088,q73_t721
56089,q57_t721
56089,q57_t722
56090,q57_t722
56090,q57_t723
56091,q57_t723
56091,q57_t724
56091,q74_t723
56091,q74_t724
56092,q57_t724
56092,q57_t725
56093,q57_t725
56093,q57_t726
56094,q57_t726
56094,q57_t727
56094,q75_t726
56094,q75_t727
56095,q57_t727
56095,q57_t728
56096,q57_t728
56096,q57_t729
56097,q57_t729
56097,q57_t730
56097,q76_t729
56097,q76_t730
56098,q57_t730
56098,q57_t731
56099,q57_t731
56099,q57_t732
56100,q57_t732
56100,q57_t733
56100,q77_t732
56100,q77_t733
56101,q57_t733
56101,q57_t734
56102,q57_t734
56102,q57_t735
56103,q57_t735
56103,q57_t736
56103,q78_t735
56103,q78_t736
56104,q57_t736
56104,q57_t737
56105,q57_t737
56105,q57_t738
56106,q57_t738
56106,q57_t739
56106,q79_t738
56106,q79_t739
56107,q57_t739
56107,q57_t740
56108,q57_t740
56108,q57_t741
56109,q57_t741
56109,q57_t742
56109,q80_t741
56109,q80_t742
56110,q57_t742
56110,q57_t743
56111,q57_t743
56111,q57_t744
56112,q57_t744
56112,q57_t745
56112,q81_t744
56112,q81_t745
56113,q57_t745
56113,q57_t746
56114,q57_t746
56114,q57_t747
56115,q57_t747
56115,q57_t748
56115,q82_t747
56115,q82_t748
56116,q57_t748
56116,q57_t749
56117,q57_t749
56117,q57_t750
56118,q57_t750
56118,q57_t751
56118,q83_t750
56118,q83_t751
56119,q57_t751
56119,q57_t752
56120,q57_t752
56120,q57_t753
56121,q57_t753
56121,q57_t754
56121,q84_t753
56121,q84_t754
56122,q57_t754
56122,q57_t755
56123,q57_t755
56123,q57_t756
56124,q57_t756
56124,q57_t757
56124,q85_t756
56124,q85_t757
56125,q57_t757
56125,q57_t758
56126,q57_t758
56126,q57_t759
56127,q57_t759
56127,q57_t760
56127,q86_t759
56127,q86_t760
56128,q57_t760
56128,q57_t761
56129,q57_t761
56129,q57_t762
56130,q57_t762
56130,q57_t763
56130,q87_t762
56130,q87_t763
56131,q57_t763
56131,q57_t764
56132,q57_t764
56132,q57_t765
56133,q57_t765
56133,q57_t766
56133,q88_t765
56133,q88_t766
56134,q57_t766
56134,q57_t767
56135,q57_t767
56135,q57_t768
56136,q57_t768
56136,q57_t769
56136,q89_t768
56136,q89_t769
56137,q57_t769
56137,q57_t770
56138,q57_t770
56138,q57_t771
56139,q57_t771
56139,q57_t772
56139,q90_t771
56139,q90_t772
56140,q57_t772
56140,q57_t773
56141,q57_t773
56141,q57_t774
56142,q57_t774
56142,q57_t775
56142,q91_t774
56142,q91_t775
56143,q57_t775
56143,q57_t776
56144,q57_t776
56144,q57_t777
56145,q57_t777
56145,q57_t778
56145,q92_t777
56145,q92_t778
56146,q57_t778
56146,q57_t779
56147,q57_t779
56147,q57_t780
56148,q57_t780
56148,q57_t781
56148,q93_t780
56148,q93_t781
56149,q57_t781
56149,q57_t782
56150,q57_t782
56150,q57_t783
56151,q57_t783
56151,q57_t784
56151,q94_t783
56151,q94_t784
56152,q57_t784
56152,q57_t785
56153,q57_t785
56153,q57_t786
56154,q57_t786
56154,q57_t787
56154,q95_t786
56154,q95_t787
56155,q57_t787
56155,q57_t788
56156,q57_t788
56156,q57_t789
56157,q57_t789
56157,q57_t790
56157,q96_t789
56157,q96_t790
56158,q57_t790
56158,q57_t791
56159,q57_t791
56159,q57_t792
56160,q57_t792
56160,q57_t793
56160,q97_t792
56160,q97_t793
56161,q57_t793
56161,q57_t794
56162,q57_t794
56162,q57_t795
56163,q57_t795
56163,q57_t796
56163,q98_t795
56163,q98_t796
56164,q57_t796
56164,q57_t797
56165,q57_t797
56165,q57_t798
56166,q57_t798
56166,q57_t799
56166,q99_t798
56166,q99_t799
56167,q57_t799
56167,q57_t800
56168,q57_t800
56168,q57_t801
56169,q57_t802
56169,q57_t803
56170,q57_t803
56170,q57_t804
56171,q57_t805
56171,q57_t806
56172,q57_t806
56172,q57_t807
56173,q57_t808
56173,q57_t809
56174,q57_t809
56174,q57_t810
56175,q57_t811
56175,q57_t812
56176,q57_t812
56176,q57_t813
56177,q57_t814
56177,q57_t815
56178,q57_t815
56178,q57_t816
56179,q57_t817
56179,q57_t818
56180,q57_t818
56180,q57_t819
56181,q57_t820
56181,q57_t821
56182,q57_t821
56182,q57_t822
56183,q57_t823
56183,q57_t824
56184,q57_t824
56184,q57_t825
56185,q57_t826
56185,q57_t827
56186,q57_t827
56186,q57_t828
56187,q57_t829
56187,q57_t830
56188,q57_t830
56188,q57_t831
56189,q57_t831
56189,q57_t832
56190,q57_t833
56190,q57_t834
56191,q57_t834
56191,q57_t835
56192,q57_t836
56192,q57_t837
56193,q57_t837
56193,q57_t838
56194,q57_t839
56194,q57_t840
56195,q57_t840
56195,q57_t841
56196,q57_t842
56196,q57_t843
56197,q57_t843
56197,q57_t844
56198,q57_t845
56198,q57_t846
56199,q57_t846
56199,q57_t847
56200,q57_t847
56200,q57_t848
56200,q5_t847
56200,q5_t848
56201,q57_t848
56201,q57_t849
56202,q57_t849
56202,q57_t850
56203,q57_t850
56203,q57_t851
56203,q6_t850
56203,q6_t851
56204,q57_t851
56204,q57_t852
56205,q57_t852
56205,q57_t853
56206,q57_t853
56206,q57_t854
56206,q7_t853
56206,q7_t854
56207,q57_t854
56207,q57_t855
56208,q57_t855
56208,q57_t856
56209,q57_t856
56209,q57_t857
56209,q8_t856
56209,q8_t857
56210,q57_t857
56210,q57_t858
56211,q57_t858
56211,q57_t859
56212,q57_t859
56212,q57_t860
56212,q9_t859
56212,q9_t860
56213,q57_t860
56213,q57_t861
56214,q57_t861
56214,q57_t862
56215,q57_t863
56215,q57_t864
56216,q57_t864
56216,q57_t865
56217,q57_t866
56217,q57_t867
56218,q57_t867
56218,q57_t868
56219,q57_t869
56219,q57_t870
56220,q57_t870
56220,q57_t871
56221,q57_t872
56221,q57_t873
56222,q57_t873
56222,q57_t874
56223,q57_t875
56223,q57_t876
56224,q57_t876
56224,q57_t877
56225,q57_t878
56225,q57_t879
56226,q57_t879
56226,q57_t880
56227,q57_t881
56227,q57_t882
56228,q57_t882
56228,q57_t883
56229,q57_t884
56229,q57_t885
56230,q57_t885
56230,q57_t886
56231,q57_t887
56231,q57_t888
56232,q57_t888
56232,q57_t889
56233,q57_t890
56233,q57_t891
56234,q57_t891
56234,q57_t892
56235,q57_t893
56235,q57_t894
56236,q57_t894
56236,q57_t895
56237,q57_t896
56237,q57_t897
56238,q57_t897
56238,q57_t898
56239,q57_t899
56239,q57_t900
56240,q57_t900
56240,q57_t901
56241,q57_t902
56241,q57_t903
56242,q57_t903
56242,q57_t904
56243,q57_t905
56243,q57_t906
56244,q57_t906
56244,q57_t907
56245,q57_t908
56245,q57_t909
56246,q57_t909
56246,q57_t910
56247,q57_t911
56247,q57_t912
56248,q57_t912
56248,q57_t913
56249,q57_t914
56249,q57_t915
56250,q57_t915
56250,q57_t916
56251,q57_t917
56251,q57_t918
56252,q57_t918
56252,q57_t919
56253,q57_t920
56253,q57_t921
56254,q57_t921
56254,q57_t922
56255,q57_t923
56255,q57_t924
56256,q57_t924
56256,q57_t925
56257,q57_t926
56257,q57_t927
56258,q57_t927
56258,q57_t928
56259,q57_t929
56259,q57_t930
56260,q57_t930
56260,q57_t931
56261,q57_t932
56261,q57_t933
56262,q57_t933
56262,q57_t934
56263,q57_t935
56263,q57_t936
56264,q57_t936
56264,q57_t937
56265,q57_t938
56265,q57_t939
56266,q57_t939
56266,q57_t940
56267,q57_t941
56267,q57_t942
56268,q57_t942
56268,q57_t943
56269,q57_t944
56269,q57_t945
56270,q57_t945
56270,q57_t946
56271,q57_t947
56271,q57_t948
56272,q57_t948
56272,q57_t949
56273,q57_t950
56273,q57_t951
56274,q57_t951
56274,q57_t952
56275,q57_t953
56275,q57_t954
56276,q57_t954
56276,q57_t955
56277,q57_t956
56277,q57_t957
56278,q57_t957
56278,q57_t958
56279,q57_t959
56279,q57_t960
56280,q57_t960
56280,q57_t961
56281,q57_t962
56281,q57_t963
56282,q57_t963
56282,q57_t964
56283,q57_t965
56283,q57_t966
56284,q57_t966
56284,q57_t967
56285,q57_t968
56285,q57_t969
56286,q57_t969
56286,q57_t970
56287,q57_t971
56287,q57_t972
56288,q57_t972
56288,q57_t973
56289,q57_t974
56289,q57_t975
56290,q57_t975
56290,q57_t976
56291,q57_t977
56291,q57_t978
56292,q57_t978
56292,q57_t979
56293,q57_t980
56293,q57_t981
56294,q57_t981
56294,q57_t982
56295,q57_t983
56295,q57_t984
56296,q57_t984
56296,q57_t985
56297,q57_t986
56297,q57_t987
56298,q57_t987
56298,q57_t988
56299,q57_t989
56299,q57_t990
56300,q57_t990
56300,q57_t991
56301,q57_t992
56301,q57_t993
56302,q57_t993
56302,q57_t994
56303,q57_t995
56303,q57_t996
56304,q57_t996
56304,q57_t997
56305,q57_t998
56305,q57_t999
56306,q58_t0
56306,q58_t1
56307,q58_t1
56307,q58_t173
56308,q58_t1000
56308,q58_t999
56309,q58_t1001
56309,q58_t1002
56310,q58_t1002
56310,q58_t1003
56311,q58_t1004
56311,q58_t1005
56312,q58_t1005
56312,q58_t1006
56313,q58_t1007
56313,q58_t1008
56314,q58_t1008
56314,q58_t1012
56315,q58_t1012
56315,q58_t1013
56315,q59_t1012
56315,q59_t1013
56316,q58_t1013
56316,q58_t1014
56317,q58_t1014
56317,q58_t1015
56318,q58_t1015
56318,q58_t1016
56318,q60_t1015
56318,q60_t1016
56319,q58_t1016
56319,q58_t1017
56320,q58_t1017
56320,q58_t1018
56321,q58_t1018
56321,q58_t1019
56321,q61_t1018
56321,q61_t1019
56322,q58_t1019
56322,q58_t1020
56323,q58_t1020
56323,q58_t1021
56324,q58_t1021
56324,q58_t1022
56324,q62_t1021
56324,q62_t1022
56325,q58_t1022
56325,q58_t1023
56326,q58_t1023
56326,q58_t1024
56327,q58_t1024
56327,q58_t1025
56327,q63_t1024
56327,q63_t1025
56328,q58_t1025
56328,q58_t1026
56329,q58_t1026
56329,q58_t1027
56330,q58_t1027
56330,q58_t1028
56330,q64_t1027
56330,q64_t1028
56331,q58_t1028
56331,q58_t1029
56332,q58_t1029
56332,q58_t1030
56333,q58_t1030
56333,q58_t1031
56333,q65_t1030
56333,q65_t1031
56334,q58_t1031
56334,q58_t1032
56335,q58_t1032
56335,q58_t1033
56336,q58_t1033
56336,q58_t1034
56336,q66_t1033
56336,q66_t1034
56337,q58_t1034
56337,q58_t1035
56338,q58_t1035
56338,q58_t1036
56339,q58_t1036
56339,q58_t1037
56339,q67_t1036
56339,q67_t1037
56340,q58_t1037
56340,q58_t1038
56341,q58_t1038
56341,q58_t1039
56342,q58_t1039
56342,q58_t1040
56342,q68_t1039
56342,q68_t1040
56343,q58_t1040
56343,q58_t1041
56344,q58_t1041
56344,q58_t1042
56345,q58_t1042
56345,q58_t1043
56345,q69_t1042
56345,q69_t1043
56346,q58_t1043
56346,q58_t1044
56347,q58_t1044
56347,q58_t1045
56348,q58_t1045
56348,q58_t1046
56348,q70_t1045
56348,q70_t1046
56349,q58_t1046
56349,q58_t1047
56350,q58_t1047
56350,q58_t1048
56351,q58_t1048
56351,q58_t1049
56351,q71_t1048
56351,q71_t1049
56352,q58_t1049
56352,q58_t1050
56353,q58_t1050
56353,q58_t1051
56354,q58_t1051
56354,q58_t1052
56354,q72_t1051
56354,q72_t1052
56355,q58_t1052
56355,q58_t1053
56356,q58_t1053
56356,q58_t1054
56357,q58_t1054
56357,q58_t1055
56357,q73_t1054
56357,q73_t1055
56358,q58_t1055
56358,q58_t1056
56359,q58_t1056
56359,q58_t1057
56360,q58_t1057
56360,q58_t1058
56360,q74_t1057
56360,q74_t1058
56361,q58_t1058
56361,q58_t1059
56362,q58_t1059
56362,q58_t1060
56363,q58_t1060
56363,q58_t1061
56363,q75_t1060
56363,q75_t1061
56364,q58_t1061
56364,q58_t1062
56365,q58_t1062
56365,q58_t1063
56366,q58_t1063
56366,q58_t1064
56366,q76_t1063
56366,q76_t1064
56367,q58_t1064
56367,q58_t1065
56368,q58_t1065
56368,q58_t1066
56369,q58_t1066
56369,q58_t1067
56369,q77_t1066
56369,q77_t1067
56370,q58_t1067
56370,q58_t1068
56371,q58_t1068
56371,q58_t1069
56372,q58_t1069
56372,q58_t1070
56372,q78_t1069
56372,q78_t1070
56373,q58_t1070
56373,q58_t1071
56374,q58_t1071
56374,q58_t1072
56375,q58_t1072
56375,q58_t1073
56375,q79_t1072
56375,q79_t1073
56376,q58_t1073
56376,q58_t1074
56377,q58_t1074
56377,q58_t1075
56378,q58_t1075
56378,q58_t1076
56378,q80_t1075
56378,q80_t1076
56379,q58_t1076
56379,q58_t1077
56380,q58_t1077
56380,q58_t1078
56381,q58_t1078
56381,q58_t1079
56381,q81_t1078
56381,q81_t1079
56382,q58_t1079
56382,q58_t1080
56383,q58_t1080
56383,q58_t1081
56384,q58_t1081
56384,q58_t1082
56384,q82_t1081
56384,q82_t1082
56385,q58_t1082
56385,q58_t1083
56386,q58_t1083
56386,q58_t1084
56387,q58_t1084
56387,q58_t1085
56387,q83_t1084
56387,q83_t1085
56388,q58_t1085
56388,q58_t1086
56389,q58_t1086
56389,q58_t1087
56390,q58_t1087
56390,q58_t1088
56390,q84_t1087
56390,q84_t1088
56391,q58_t1088
56391,q58_t1089
56392,q58_t1089
56392,q58_t1090
56393,q58_t1090
56393,q58_t1091
56393,q85_t1090
56393,q85_t1091
56394,q58_t1091
56394,q58_t1092
56395,q58_t1092
56395,q58_t1093
56396,q58_t1093
56396,q58_t1094
56396,q86_t1093
56396,q86_t1094
56397,q58_t1094
56397,q58_t1095
56398,q58_t1095
56398,q58_t1096
56399,q58_t1096
56399,q58_t1097
56399,q87_t1096
56399,q87_t1097
56400,q58_t1097
56400,q58_t1098
56401,q58_t1098
56401,q58_t1099
56402,q58_t1099
56402,q58_t1100
56402,q88_t1099
56402,q88_t1100
56403,q58_t1100
56403,q58_t1101
56404,q58_t1101
56404,q58_t1102
56405,q58_t1102
56405,q58_t1103
56405,q89_t1102
56405,q89_t1103
56406,q58_t1103
56406,q58_t1104
56407,q58_t1104
56407,q58_t1105
56408,q58_t1105
56408,q58_t1106
56408,q90_t1105
56408,q90_t1106
56409,q58_t1106
56409,q58_t1107
56410,q58_t1107
56410,q58_t1108
56411,q58_t1108
56411,q58_t1109
56411,q91_t1108
56411,q91_t1109
56412,q58_t1109
56412,q58_t1110
56413,q58_t1110
56413,q58_t1111
56414,q58_t1111
56414,q58_t1112
56414,q92_t1111
56414,q92_t1112
56415,q58_t1112
56415,q58_t1113
56416,q58_t1113
56416,q58_t1114
56417,q58_t1114
56417,q58_t1115
56417,q93_t1114
56417,q93_t1115
56418,q58_t1115
56418,q58_t1116
56419,q58_t1116
56419,q58_t1117
56420,q58_t1117
56420,q58_t1118
56420,q94_t1117
56420,q94_t1118
56421,q58_t1118
56421,q58_t1119
56422,q58_t1119
56422,q58_t1120
56423,q58_t1120
56423,q58_t1121
56423,q95_t1120
56423,q95_t1121
56424,q58_t1121
56424,q58_t1122
56425,q58_t1122
56425,q58_t1123
56426,q58_t1123
56426,q58_t1124
56426,q96_t1123
56426,q96_t1124
56427,q58_t1124
56427,q58_t1125
56428,q58_t1125
56428,q58_t1126
56429,q58_t1126
56429,q58_t1127
56429,q97_t1126
56429,q97_t1127
56430,q58_t1127
56430,q58_t1128
56431,q58_t1128
56431,q58_t1129
56432,q58_t1129
56432,q58_t1130
56432,q98_t1129
56432,q98_t1130
56433,q58_t1130
56433,q58_t1131
56434,q58_t1131
56434,q58_t1132
56435,q58_t1132
56435,q58_t1133
56435,q99_t1132
56435,q99_t1133
56436,q58_t1133
56436,q58_t1134
56437,q58_t1134
56437,q58_t1135
56438,q58_t1136
56438,q58_t1137
56439,q58_t1137
56439,q58_t1138
56440,q58_t1139
56440,q58_t1140
56441,q58_t1140
56441,q58_t1141
56442,q58_t1142
56442,q58_t1143
56443,q58_t1143
56443,q58_t1144
56444,q58_t1145
56444,q58_t1146
56445,q58_t1146
56445,q58_t1147
56446,q58_t1148
56446,q58_t1149
56447,q58_t1149
56447,q58_t1150
56448,q58_t1151
56448,q58_t1152
56449,q58_t1152
56449,q58_t1153
56450,q58_t1154
56450,q58_t1155
56451,q58_t1155
56451,q58_t1156
56452,q58_t1157
56452,q58_t1158
56453,q58_t1158
56453,q58_t1159
56454,q58_t1160
56454,q58_t1161
56455,q58_t1161
56455,q58_t1162
56456,q58_t1163
56456,q58_t1164
56457,q58_t1164
56457,q58_t1165
56458,q58_t174
56458,q58_t175
56459,q58_t175
56459,q58_t176
56460,q58_t177
56460,q58_t178
56461,q58_t178
56461,q58_t179
56462,q58_t180
56462,q58_t181
56463,q58_t181
56463,q58_t182
56464,q58_t183
56464,q58_t184
56465,q58_t184
56465,q58_t185
56466,q58_t186
56466,q58_t187
56467,q58_t187
56467,q58_t188
56468,q58_t188
56468,q58_t189
56468,q5_t188
56468,q5_t189
56469,q58_t189
56469,q58_t190
56470,q58_t190
56470,q58_t191
56471,q58_t191
56471,q58_t192
56471,q6_t191
56471,q6_t192
56472,q58_t192
56472,q58_t193
56473,q58_t193
56473,q58_t194
56474,q58_t194
56474,q58_t195
56474,q7_t194
56474,q7_t195
56475,q58_t195
56475,q58_t196
56476,q58_t196
56476,q58_t197
56477,q58_t197
56477,q58_t198
56477,q8_t197
56477,q8_t198
56478,q58_t198
56478,q58_t199
56479,q58_t199
56479,q58_t200
56480,q58_t200
56480,q58_t201
56480,q9_t200
56480,q9_t201
56481,q58_t201
56481,q58_t202
56482,q58_t202
56482,q58_t203
56483,q58_t204
56483,q58_t205
56484,q58_t205
56484,q58_t206
56485,q58_t207
56485,q58_t208
56486,q58_t208
56486,q58_t209
56487,q58_t210
56487,q58_t211
56488,q58_t211
56488,q58_t212
56489,q58_t213
56489,q58_t214
56490,q58_t214
56490,q58_t215
56491,q58_t216
56491,q58_t217
56492,q58_t217
56492,q58_t218
56493,q58_t219
56493,q58_t220
56494,q58_t220
56494,q58_t221
56495,q58_t222
56495,q58_t223
56496,q58_t223
56496,q58_t224
56497,q58_t225
56497,q58_t226
56498,q58_t226
56498,q58_t227
56499,q58_t228
56499,q58_t229
56500,q58_t229
56500,q58_t230
56501,q58_t231
56501,q58_t232
56502,q58_t232
56502,q58_t233
56503,q58_t234
56503,q58_t235
56504,q58_t235
56504,q58_t236
56505,q58_t237
56505,q58_t238
56506,q58_t238
56506,q58_t239
56507,q58_t240
56507,q58_t241
56508,q58_t241
56508,q58_t242
56509,q58_t243
56509,q58_t244
56510,q58_t244
56510,q58_t245
56511,q58_t246
56511,q58_t247
56512,q58_t247
56512,q58_t248
56513,q58_t249
56513,q58_t250
56514,q58_t250
56514,q58_t251
56515,q58_t252
56515,q58_t253
56516,q58_t253
56516,q58_t254
56517,q58_t255
56517,q58_t256
56518,q58_t256
56518,q58_t257
56519,q58_t258
56519,q58_t259
56520,q58_t259
56520,q58_t260
56521,q58_t261
56521,q58_t262
56522,q58_t262
56522,q58_t263
56523,q58_t264
56523,q58_t265
56524,q58_t265
56524,q58_t266
56525,q58_t267
56525,q58_t268
56526,q58_t268
56526,q58_t269
56527,q58_t270
56527,q58_t271
56528,q58_t271
56528,q58_t272
56529,q58_t273
56529,q58_t274
56530,q58_t274
56530,q58_t275
56531,q58_t276
56531,q58_t277
56532,q58_t277
56532,q58_t278
56533,q58_t279
56533,q58_t280
56534,q58_t280
56534,q58_t281
56535,q58_t282
56535,q58_t283
56536,q58_t283
56536,q58_t284
56537,q58_t285
56537,q58_t286
56538,q58_t286
56538,q58_t287
56539,q58_t288
56539,q58_t289
56540,q58_t289
56540,q58_t290
56541,q58_t291
56541,q58_t292
56542,q58_t292
56542,q58_t293
56543,q58_t294
56543,q58_t295
56544,q58_t295
56544,q58_t296
56545,q58_t297
56545,q58_t298
56546,q58_t298
56546,q58_t299
56547,q58_t300
56547,q58_t301
56548,q58_t301
56548,q58_t302
56549,q58_t303
56549,q58_t304
56550,q58_t304
56550,q58_t305
56551,q58_t306
56551,q58_t307
56552,q58_t307
56552,q58_t308
56553,q58_t309
56553,q58_t310
56554,q58_t310
56554,q58_t311
56555,q58_t312
56555,q58_t313
56556,q58_t313
56556,q58_t314
56557,q58_t315
56557,q58_t316
56558,q58_t316
56558,q58_t317
56559,q58_t318
56559,q58_t319
56560,q58_t319
56560,q58_t320
56561,q58_t321
56561,q58_t322
56562,q58_t322
56562,q58_t323
56563,q58_t324
56563,q58_t325
56564,q58_t325
56564,q58_t326
56565,q58_t327
56565,q58_t328
56566,q58_t328
56566,q58_t329
56567,q58_t330
56567,q58_t331
56568,q58_t331
56568,q58_t332
56569,q58_t333
56569,q58_t334
56570,q58_t334
56570,q58_t335
56571,q58_t336
56571,q58_t337
56572,q58_t337
56572,q58_t338
56573,q58_t339
56573,q58_t340
56574,q58_t340
56574,q58_t341
56575,q58_t342
56575,q58_t343
56576,q58_t343
56576,q58_t344
56577,q58_t345
56577,q58_t346
56578,q58_t346
56578,q58_t350
56579,q58_t350
56579,q58_t351
56579,q59_t350
56579,q59_t351
56580,q58_t351
56580,q58_t352
56581,q58_t352
56581,q58_t353
56582,q58_t353
56582,q58_t354
56582,q60_t353
56582,q60_t354
56583,q58_t354
56583,q58_t355
56584,q58_t355
56584,q58_t356
56585,q58_t356
56585,q58_t357
56585,q61_t356
56585,q61_t357
56586,q58_t357
56586,q58_t358
56587,q58_t358
56587,q58_t359
56588,q58_t359
56588,q58_t360
56588,q62_t359
56588,q62_t360
56589,q58_t360
56589,q58_t361
56590,q58_t361
56590,q58_t362
56591,q58_t362
56591,q58_t363
56591,q63_t362
56591,q63_t363
56592,q58_t363
56592,q58_t364
56593,q58_t364
56593,q58_t365
56594,q58_t365
56594,q58_t366
56594,q64_t365
56594,q64_t366
56595,q58_t366
56595,q58_t367
56596,q58_t367
56596,q58_t368
56597,q58_t368
56597,q58_t369
56597,q65_t368
56597,q65_t369
56598,q58_t369
56598,q58_t370
56599,q58_t370
56599,q58_t371
56600,q58_t371
56600,q58_t372
56600,q66_t371
56600,q66_t372
56601,q58_t372
56601,q58_t373
56602,q58_t373
56602,q58_t374
56603,q58_t374
56603,q58_t375
56603,q67_t374
56603,q67_t375
56604,q58_t375
56604,q58_t376
56605,q58_t376
56605,q58_t377
56606,q58_t377
56606,q58_t378
56606,q68_t377
56606,q68_t378
56607,q58_t378
56607,q58_t379
56608,q58_t379
56608,q58_t380
56609,q58_t380
56609,q58_t381
56609,q69_t380
56609,q69_t381
56610,q58_t381
56610,q58_t382
56611,q58_t382
56611,q58_t383
56612,q58_t383
56612,q58_t384
56612,q70_t383
56612,q70_t384
56613,q58_t384
56613,q58_t385
56614,q58_t385
56614,q58_t386
56615,q58_t386
56615,q58_t387
56615,q71_t386
56615,q71_t387
56616,q58_t387
56616,q58_t388
56617,q58_t388
56617,q58_t389
56618,q58_t389
56618,q58_t390
56618,q72_t389
56618,q72_t390
56619,q58_t390
56619,q58_t391
56620,q58_t391
56620,q58_t392
56621,q58_t392
56621,q58_t393
56621,q73_t392
56621,q73_t393
56622,q58_t393
56622,q58_t394
56623,q58_t394
56623,q58_t395
56624,q58_t395
56624,q58_t396
56624,q74_t395
56624,q74_t396
56625,q58_t396
56625,q58_t397
56626,q58_t397
56626,q58_t398
56627,q58_t398
56627,q58_t399
56627,q75_t398
56627,q75_t399
56628,q58_t399
56628,q58_t400
56629,q58_t400
56629,q58_t401
56630,q58_t401
56630,q58_t402
56630,q76_t401
56630,q76_t402
56631,q58_t402
56631,q58_t403
56632,q58_t403
56632,q58_t404
56633,q58_t404
56633,q58_t405
56633,q77_t404
56633,q77_t405
56634,q58_t405
56634,q58_t406
56635,q58_t406
56635,q58_t407
56636,q58_t407
56636,q58_t408
56636,q78_t407
56636,q78_t408
56637,q58_t408
56637,q58_t409
56638,q58_t409
56638,q58_t410
56639,q58_t410
56639,q58_t411
56639,q79_t410
56639,q79_t411
56640,q58_t411
56640,q58_t412
56641,q58_t412
56641,q58_t413
56642,q58_t413
56642,q58_t414
56642,q80_t413
56642,q80_t414
56643,q58_t414
56643,q58_t415
56644,q58_t415
56644,q58_t416
56645,q58_t416
56645,q58_t417
56645,q81_t416
56645,q81_t417
56646,q58_t417
56646,q58_t418
56647,q58_t418
56647,q58_t419
56648,q58_t419
56648,q58_t420
56648,q82_t419
56648,q82_t420
56649,q58_t420
56649,q58_t421
56650,q58_t421
56650,q58_t422
56651,q58_t422
56651,q58_t423
56651,q83_t422
56651,q83_t423
56652,q58_t423
56652,q58_t424
56653,q58_t424
56653,q58_t425
56654,q58_t425
56654,q58_t426
56654,q84_t425
56654,q84_t426
56655,q58_t426
56655,q58_t427
56656,q58_t427
56656,q58_t428
56657,q58_t428
56657,q58_t429
56657,q85_t428
56657,q85_t429
56658,q58_t429
56658,q58_t430
56659,q58_t430
56659,q58_t431
56660,q58_t431
56660,q58_t432
56660,q86_t431
56660,q86_t432
56661,q58_t432
56661,q58_t433
56662,q58_t433
56662,q58_t434
56663,q58_t434
56663,q58_t435
56663,q87_t434
56663,q87_t435
56664,q58_t435
56664,q58_t436
56665,q58_t436
56665,q58_t437
56666,q58_t437
56666,q58_t438
56666,q88_t437
56666,q88_t438
56667,q58_t438
56667,q58_t439
56668,q58_t439
56668,q58_t440
56669,q58_t440
56669,q58_t441
56669,q89_t440
56669,q89_t441
56670,q58_t441
56670,q58_t442
56671,q58_t442
56671,q58_t443
56672,q58_t443
56672,q58_t444
56672,q90_t443
56672,q90_t444
56673,q58_t444
56673,q58_t445
56674,q58_t445
56674,q58_t446
56675,q58_t446
56675,q58_t447
56675,q91_t446
56675,q91_t447
56676,q58_t447
56676,q58_t448
56677,q58_t448
56677,q58_t449
56678,q58_t449
56678,q58_t450
56678,q92_t449
56678,q92_t450
56679,q58_t450
56679,q58_t451
56680,q58_t451
56680,q58_t452
56681,q58_t452
56681,q58_t453
56681,q93_t452
56681,q93_t453
56682,q58_t453
56682,q58_t454
56683,q58_t454
56683,q58_t455
56684,q58_t455
56684,q58_t456
56684,q94_t455
56684,q94_t456
56685,q58_t456
56685,q58_t457
56686,q58_t457
56686,q58_t458
56687,q58_t458
56687,q58_t459
56687,q95_t458
56687,q95_t459
56688,q58_t459
56688,q58_t460
56689,q58_t460
56689,q58_t461
56690,q58_t461
56690,q58_t462
56690,q96_t461
56690,q96_t462
56691,q58_t462
56691,q58_t463
56692,q58_t463
56692,q58_t464
56693,q58_t464
56693,q58_t465
56693,q97_t464
56693,q97_t465
56694,q58_t465
56694,q58_t466
56695,q58_t466
56695,q58_t467
56696,q58_t467
56696,q58_t468
56696,q98_t467
56696,q98_t468
56697,q58_t468
56697,q58_t469
56698,q58_t469
56698,q58_t470
56699,q58_t470
56699,q58_t471
56699,q99_t470
56699,q99_t471
56700,q58_t471
56700,q58_t472
56701,q58_t472
56701,q58_t473
56702,q58_t474
56702,q58_t475
56703,q58_t475
56703,q58_t476
56704,q58_t477
56704,q58_t478
56705,q58_t478
56705,q58_t479
56706,q58_t480
56706,q58_t481
56707,q58_t481
56707,q58_t482
56708,q58_t483
56708,q58_t484
56709,q58_t484
56709,q58_t485
56710,q58_t486
56710,q58_t487
56711,q58_t487
56711,q58_t488
56712,q58_t489
56712,q58_t490
56713,q58_t490
56713,q58_t491
56714,q58_t492
56714,q58_t493
56715,q58_t493
56715,q58_t494
56716,q58_t495
56716,q58_t496
56717,q58_t496
56717,q58_t497
56718,q58_t498
56718,q58_t499
56719,q58_t499
56719,q58_t500
56720,q58_t501
56720,q58_t502
56721,q58_t502
56721,q58_t503
56722,q58_t503
56722,q58_t504
56723,q58_t505
56723,q58_t506
56724,q58_t506
56724,q58_t507
56725,q58_t508
56725,q58_t509
56726,q58_t509
56726,q58_t510
56727,q58_t511
56727,q58_t512
56728,q58_t512
56728,q58_t513
56729,q58_t514
56729,q58_t515
56730,q58_t515
56730,q58_t516
56731,q58_t517
56731,q58_t518
56732,q58_t518
56732,q58_t519
56733,q58_t519
56733,q58_t520
56733,q5_t519
56733,q5_t520
56734,q58_t520
56734,q58_t521
56735,q58_t521
56735,q58_t522
56736,q58_t522
56736,q58_t523
56736,q6_t522
56736,q6_t523
56737,q58_t523
56737,q58_t524
56738,q58_t524
56738,q58_t525
56739,q58_t525
56739,q58_t526
56739,q7_t525
56739,q7_t526
56740,q58_t526
56740,q58_t527
56741,q58_t527
56741,q58_t528
56742,q58_t528
56742,q58_t529
56742,q8_t528
56742,q8_t529
56743,q58_t529
56743,q58_t530
56744,q58_t530
56744,q58_t531
56745,q58_t531
56745,q58_t532
56745,q9_t531
56745,q9_t532
56746,q58_t532
56746,q58_t533
56747,q58_t533
56747,q58_t534
56748,q58_t535
56748,q58_t536
56749,q58_t536
56749,q58_t537
56750,q58_t538
56750,q58_t539
56751,q58_t539
56751,q58_t540
56752,q58_t541
56752,q58_t542
56753,q58_t542
56753,q58_t543
56754,q58_t544
56754,q58_t545
56755,q58_t545
56755,q58_t546
56756,q58_t547
56756,q58_t548
56757,q58_t548
56757,q58_t549
56758,q58_t550
56758,q58_t551
56759,q58_t551
56759,q58_t552
56760,q58_t553
56760,q58_t554
56761,q58_t554
56761,q58_t555
56762,q58_t556
56762,q58_t557
56763,q58_t557
56763,q58_t558
56764,q58_t559
56764,q58_t560
56765,q58_t560
56765,q58_t561
56766,q58_t562
56766,q58_t563
56767,q58_t563
56767,q58_t564
56768,q58_t565
56768,q58_t566
56769,q58_t566
56769,q58_t567
56770,q58_t568
56770,q58_t569
56771,q58_t569
56771,q58_t570
56772,q58_t571
56772,q58_t572
56773,q58_t572
56773,q58_t573
56774,q58_t574
56774,q58_t575
56775,q58_t575
56775,q58_t576
56776,q58_t577
56776,q58_t578
56777,q58_t578
56777,q58_t579
56778,q58_t580
56778,q58_t581
56779,q58_t581
56779,q58_t582
56780,q58_t583
56780,q58_t584
56781,q58_t584
56781,q58_t585
56782,q58_t586
56782,q58_t587
56783,q58_t587
56783,q58_t588
56784,q58_t589
56784,q58_t590
56785,q58_t590
56785,q58_t591
56786,q58_t592
56786,q58_t593
56787,q58_t593
56787,q58_t594
56788,q58_t595
56788,q58_t596
56789,q58_t596
56789,q58_t597
56790,q58_t598
56790,q58_t599
56791,q58_t599
56791,q58_t600
56792,q58_t601
56792,q58_t602
56793,q58_t602
56793,q58_t603
56794,q58_t604
56794,q58_t605
56795,q58_t605
56795,q58_t606
56796,q58_t607
56796,q58_t608
56797,q58_t608
56797,q58_t609
56798,q58_t610
56798,q58_t611
56799,q58_t611
56799,q58_t612
56800,q58_t613
56800,q58_t614
56801,q58_t614
56801,q58_t615
56802,q58_t616
56802,q58_t617
56803,q58_t617
56803,q58_t618
56804,q58_t619
56804,q58_t620
56805,q58_t620
56805,q58_t621
56806,q58_t622
56806,q58_t623
56807,q58_t623
56807,q58_t624
56808,q58_t625
56808,q58_t626
56809,q58_t626
56809,q58_t627
56810,q58_t628
56810,q58_t629
56811,q58_t629
56811,q58_t630
56812,q58_t631
56812,q58_t632
56813,q58_t632
56813,q58_t633
56814,q58_t634
56814,q58_t635
56815,q58_t635
56815,q58_t636
56816,q58_t637
56816,q58_t638
56817,q58_t638
56817,q58_t639
56818,q58_t640
56818,q58_t641
56819,q58_t641
56819,q58_t642
56820,q58_t643
56820,q58_t644
56821,q58_t644
56821,q58_t645
56822,q58_t646
56822,q58_t647
56823,q58_t647
56823,q58_t648
56824,q58_t649
56824,q58_t650
56825,q58_t650
56825,q58_t651
56826,q58_t652
56826,q58_t653
56827,q58_t653
56827,q58_t654
56828,q58_t655
56828,q58_t656
56829,q58_t656
56829,q58_t657
56830,q58_t658
56830,q58_t659
56831,q58_t659
56831,q58_t660
56832,q58_t661
56832,q58_t662
56833,q58_t662
56833,q58_t663
56834,q58_t664
56834,q58_t665
56835,q58_t665
56835,q58_t666
56836,q58_t667
56836,q58_t668
56837,q58_t668
56837,q58_t669
56838,q58_t670
56838,q58_t671
56839,q58_t671
56839,q58_t672
56840,q58_t673
56840,q58_t674
56841,q58_t674
56841,q58_t675
56842,q58_t676
56842,q58_t677
56843,q58_t677
56843,q58_t681
56844,q58_t681
56844,q58_t682
56844,q59_t681
56844,q59_t682
56845,q58_t682
56845,q58_t683
56846,q58_t683
56846,q58_t684
56847,q58_t684
56847,q58_t685
56847,q60_t684
56847,q60_t685
56848,q58_t685
56848,q58_t686
56849,q58_t686
56849,q58_t687
56850,q58_t687
56850,q58_t688
56850,q61_t687
56850,q61_t688
56851,q58_t688
56851,q58_t689
56852,q58_t689
56852,q58_t690
56853,q58_t690
56853,q58_t691
56853,q62_t690
56853,q62_t691
56854,q58_t691
56854,q58_t692
56855,q58_t692
56855,q58_t693
56856,q58_t693
56856,q58_t694
56856,q63_t693
56856,q63_t694
56857,q58_t694
56857,q58_t695
56858,q58_t695
56858,q58_t696
56859,q58_t696
56859,q58_t697
56859,q64_t696
56859,q64_t697
56860,q58_t697
56860,q58_t698
56861,q58_t698
56861,q58_t699
56862,q58_t699
56862,q58_t700
56862,q65_t699
56862,q65_t700
56863,q58_t700
56863,q58_t701
56864,q58_t701
56864,q58_t702
56865,q58_t702
56865,q58_t703
56865,q66_t702
56865,q66_t703
56866,q58_t703
56866,q58_t704
56867,q58_t704
56867,q58_t705
56868,q58_t705
56868,q58_t706
56868,q67_t705
56868,q67_t706
56869,q58_t706
56869,q58_t707
56870,q58_t707
56870,q58_t708
56871,q58_t708
56871,q58_t709
56871,q68_t708
56871,q68_t709
56872,q58_t709
56872,q58_t710
56873,q58_t710
56873,q58_t711
56874,q58_t711
56874,q58_t712
56874,q69_t711
56874,q69_t712
56875,q58_t712
56875,q58_t713
56876,q58_t713
56876,q58_t714
56877,q58_t714
56877,q58_t715
56877,q70_t714
56877,q70_t715
56878,q58_t715
56878,q58_t716
56879,q58_t716
56879,q58_t717
56880,q58_t717
56880,q58_t718
56880,q71_t717
56880,q71_t718
56881,q58_t718
56881,q58_t719
56882,q58_t719
56882,q58_t720
56883,q58_t720
56883,q58_t721
56883,q72_t720
56883,q72_t721
56884,q58_t721
56884,q58_t722
56885,q58_t722
56885,q58_t723
56886,q58_t723
56886,q58_t724
56886,q73_t723
56886,q73_t724
56887,q58_t724
56887,q58_t725
56888,q58_t725
56888,q58_t726
56889,q58_t726
56889,q58_t727
56889,q74_t726
56889,q74_t727
56890,q58_t727
56890,q58_t728
56891,q58_t728
56891,q58_t729
56892,q58_t729
56892,q58_t730
56892,q75_t729
56892,q75_t730
56893,q58_t730
56893,q58_t731
56894,q58_t731
56894,q58_t732
56895,q58_t732
56895,q58_t733
56895,q76_t732
56895,q76_t733
56896,q58_t733
56896,q58_t734
56897,q58_t734
56897,q58_t735
56898,q58_t735
56898,q58_t736
56898,q77_t735
56898,q77_t736
56899,q58_t736
56899,q58_t737
56900,q58_t737
56900,q58_t738
56901,q58_t738
56901,q58_t739
56901,q78_t738
56901,q78_t739
56902,q58_t739
56902,q58_t740
56903,q58_t740
56903,q58_t741
56904,q58_t741
56904,q58_t742
56904,q79_t741
56904,q79_t742
56905,q58_t742
56905,q58_t743
56906,q58_t743
56906,q58_t744
56907,q58_t744
56907,q58_t745
56907,q80_t744
56907,q80_t745
56908,q58_t745
56908,q58_t746
56909,q58_t746
56909,q58_t747
56910,q58_t747
56910,q58_t748
56910,q81_t747
56910,q81_t748
56911,q58_t748
56911,q58_t749
56912,q58_t749
56912,q58_t750
56913,q58_t750
56913,q58_t751
56913,q82_t750
56913,q82_t751
56914,q58_t751
56914,q58_t752
56915,q58_t752
56915,q58_t753
56916,q58_t753
56916,q58_t754
56916,q83_t753
56916,q83_t754
56917,q58_t754
56917,q58_t755
56918,q58_t755
56918,q58_t756
56919,q58_t756
56919,q58_t757
56919,q84_t756
56919,q84_t757
56920,q58_t757
56920,q58_t758
56921,q58_t758
56921,q58_t759
56922,q58_t759
56922,q58_t760
56922,q85_t759
56922,q85_t760
56923,q58_t760
56923,q58_t761
56924,q58_t761
56924,q58_t762
56925,q58_t762
56925,q58_t763
56925,q86_t762
56925,q86_t763
56926,q58_t763
56926,q58_t764
56927,q58_t764
56927,q58_t765
56928,q58_t765
56928,q58_t766
56928,q87_t765
56928,q87_t766
56929,q58_t766
56929,q58_t767
56930,q58_t767
56930,q58_t768
56931,q58_t768
56931,q58_t769
56931,q88_t768
56931,q88_t769
56932,q58_t769
56932,q58_t770
56933,q58_t770
56933,q58_t771
56934,q58_t771
56934,q58_t772
56934,q89_t771
56934,q89_t772
56935,q58_t772
56935,q58_t773
56936,q58_t773
56936,q58_t774
56937,q58_t774
56937,q58_t775
56937,q90_t774
56937,q90_t775
56938,q58_t775
56938,q58_t776
56939,q58_t776
56939,q58_t777
56940,q58_t777
56940,q58_t778
56940,q91_t777
56940,q91_t778
56941,q58_t778
56941,q58_t779
56942,q58_t779
56942,q58_t780
56943,q58_t780
56943,q58_t781
56943,q92_t780
56943,q92_t781
56944,q58_t781
56944,q58_t782
56945,q58_t782
56945,q58_t783
56946,q58_t783
56946,q58_t784
56946,q93_t783
56946,q93_t784
56947,q58_t784
56947,q58_t785
56948,q58_t785
56948,q58_t786
56949,q58_t786
56949,q58_t787
56949,q94_t786
56949,q94_t787
56950,q58_t787
56950,q58_t788
56951,q58_t788
56951,q58_t789
56952,q58_t789
56952,q58_t790
56952,q95_t789
56952,q95_t790
56953,q58_t790
56953,q58_t791
56954,q58_t791
56954,q58_t792
56955,q58_t792
56955,q58_t793
56955,q96_t792
56955,q96_t793
56956,q58_t793
56956,q58_t794
56957,q58_t794
56957,q58_t795
56958,q58_t795
56958,q58_t796
56958,q97_t795
56958,q97_t796
56959,q58_t796
56959,q58_t797
56960,q58_t797
56960,q58_t798
56961,q58_t798
56961,q58_t799
56961,q98_t798
56961,q98_t799
56962,q58_t799
56962,q58_t800
56963,q58_t800
56963,q58_t801
56964,q58_t801
56964,q58_t802
56964,q99_t801
56964,q99_t802
56965,q58_t802
56965,q58_t803
56966,q58_t803
56966,q58_t804
56967,q58_t805
56967,q58_t806
56968,q58_t806
56968,q58_t807
56969,q58_t808
56969,q58_t809
56970,q58_t809
56970,q58_t810
56971,q58_t811
56971,q58_t812
56972,q58_t812
56972,q58_t813
56973,q58_t814
56973,q58_t815
56974,q58_t815
56974,q58_t816
56975,q58_t817
56975,q58_t818
56976,q58_t818
56976,q58_t819
56977,q58_t820
56977,q58_t821
56978,q58_t821
56978,q58_t822
56979,q58_t823
56979,q58_t824
56980,q58_t824
56980,q58_t825
56981,q58_t826
56981,q58_t827
56982,q58_t827
56982,q58_t828
56983,q58_t829
56983,q58_t830
56984,q58_t830
56984,q58_t831
56985,q58_t832
56985,q58_t833
56986,q58_t833
56986,q58_t834
56987,q58_t834
56987,q58_t835
56988,q58_t836
56988,q58_t837
56989,q58_t837
56989,q58_t838
56990,q58_t839
56990,q58_t840
56991,q58_t840
56991,q58_t841
56992,q58_t842
56992,q58_t843
56993,q58_t843
56993,q58_t844
56994,q58_t845
56994,q58_t846
56995,q58_t846
56995,q58_t847
56996,q58_t848
56996,q58_t849
56997,q58_t849
56997,q58_t850
56998,q58_t850
56998,q58_t851
56998,q5_t850
56998,q5_t851
56999,q58_t851
56999,q58_t852
57000,q58_t852
57000,q58_t853
57001,q58_t853
57001,q58_t854
57001,q6_t853
57001,q6_t854
57002,q58_t854
57002,q58_t855
57003,q58_t855
57003,q58_t856
57004,q58_t856
57004,q58_t857
57004,q7_t856
57004,q7_t857
57005,q58_t857
57005,q58_t858
57006,q58_t858
57006,q58_t859
57007,q58_t859
57007,q58_t860
57007,q8_t859
57007,q8_t860
57008,q58_t860
57008,q58_t861
57009,q58_t861
57009,q58_t862
57010,q58_t862
57010,q58_t863
57010,q9_t862
57010,q9_t863
57011,q58_t863
57011,q58_t864
57012,q58_t864
57012,q58_t865
57013,q58_t866
57013,q58_t867
57014,q58_t867
57014,q58_t868
57015,q58_t869
57015,q58_t870
57016,q58_t870
57016,q58_t871
57017,q58_t872
57017,q58_t873
57018,q58_t873
57018,q58_t874
57019,q58_t875
57019,q58_t876
57020,q58_t876
57020,q58_t877
57021,q58_t878
57021,q58_t879
57022,q58_t879
57022,q58_t880
57023,q58_t881
57023,q58_t882
57024,q58_t882
57024,q58_t883
57025,q58_t884
57025,q58_t885
57026,q58_t885
57026,q58_t886
57027,q58_t887
57027,q58_t888
57028,q58_t888
57028,q58_t889
57029,q58_t890
57029,q58_t891
57030,q58_t891
57030,q58_t892
57031,q58_t893
57031,q58_t894
57032,q58_t894
57032,q58_t895
57033,q58_t896
57033,q58_t897
57034,q58_t897
57034,q58_t898
57035,q58_t899
57035,q58_t900
57036,q58_t900
57036,q58_t901
57037,q58_t902
57037,q58_t903
57038,q58_t903
57038,q58_t904
57039,q58_t905
57039,q58_t906
57040,q58_t906
57040,q58_t907
57041,q58_t908
57041,q58_t909
57042,q58_t909
57042,q58_t910
57043,q58_t911
57043,q58_t912
57044,q58_t912
57044,q58_t913
57045,q58_t914
57045,q58_t915
57046,q58_t915
57046,q58_t916
57047,q58_t917
57047,q58_t918
57048,q58_t918
57048,q58_t919
57049,q58_t920
57049,q58_t921
57050,q58_t921
57050,q58_t922
57051,q58_t923
57051,q58_t924
57052,q58_t924
57052,q58_t925
57053,q58_t926
57053,q58_t927
57054,q58_t927
57054,q58_t928
57055,q58_t929
57055,q58_t930
57056,q58_t930
57056,q58_t931
57057,q58_t932
57057,q58_t933
57058,q58_t933
57058,q58_t934
57059,q58_t935
57059,q58_t936
57060,q58_t936
57060,q58_t937
57061,q58_t938
57061,q58_t939
57062,q58_t939
57062,q58_t940
57063,q58_t941
57063,q58_t942
57064,q58_t942
57064,q58_t943
57065,q58_t944
57065,q58_t945
57066,q58_t945
57066,q58_t946
57067,q58_t947
57067,q58_t948
57068,q58_t948
57068,q58_t949
57069,q58_t950
57069,q58_t951
57070,q58_t951
57070,q58_t952
57071,q58_t953
57071,q58_t954
57072,q58_t954
57072,q58_t955
57073,q58_t956
57073,q58_t957
57074,q58_t957
57074,q58_t958
57075,q58_t959
57075,q58_t960
57076,q58_t960
57076,q58_t961
57077,q58_t962
57077,q58_t963
57078,q58_t963
57078,q58_t964
57079,q58_t965
57079,q58_t966
57080,q58_t966
57080,q58_t967
57081,q58_t968
57081,q58_t969
57082,q58_t969
57082,q58_t970
57083,q58_t971
57083,q58_t972
57084,q58_t972
57084,q58_t973
57085,q58_t974
57085,q58_t975
57086,q58_t975
57086,q58_t976
57087,q58_t977
57087,q58_t978
57088,q58_t978
57088,q58_t979
57089,q58_t980
57089,q58_t981
57090,q58_t981
57090,q58_t982
57091,q58_t983
57091,q58_t984
57092,q58_t984
57092,q58_t985
57093,q58_t986
57093,q58_t987
57094,q58_t987
57094,q58_t988
57095,q58_t989
57095,q58_t990
57096,q58_t990
57096,q58_t991
57097,q58_t992
57097,q58_t993
57098,q58_t993
57098,q58_t994
57099,q58_t995
57099,q58_t996
57100,q58_t996
57100,q58_t997
57101,q58_t998
57101,q58_t999
57102,q59_t0
57102,q59_t1
57103,q59_t1
57103,q59_t176
57104,q59_t1000
57104,q59_t999
57105,q59_t1001
57105,q59_t1002
57106,q59_t1002
57106,q59_t1003
57107,q59_t1004
57107,q59_t1005
57108,q59_t1005
57108,q59_t1006
57109,q59_t1007
57109,q59_t1008
57110,q59_t1008
57110,q59_t1009
57111,q59_t1010
57111,q59_t1011
57112,q59_t1011
57112,q59_t1012
57113,q59_t1013
57113,q59_t1014
57114,q59_t1014
57114,q59_t1018
57115,q59_t1018
57115,q59_t1019
57115,q60_t1018
57115,q60_t1019
57116,q59_t1019
57116,q59_t1020
57117,q59_t1020
57117,q59_t1021
57118,q59_t1021
57118,q59_t1022
57118,q61_t1021
57118,q61_t1022
57119,q59_t1022
57119,q59_t1023
57120,q59_t1023
57120,q59_t1024
57121,q59_t1024
57121,q59_t1025
57121,q62_t1024
57121,q62_t1025
57122,q59_t1025
57122,q59_t1026
57123,q59_t1026
57123,q59_t1027
57124,q59_t1027
57124,q59_t1028
57124,q63_t1027
57124,q63_t1028
57125,q59_t1028
57125,q59_t1029
57126,q59_t1029
57126,q59_t1030
57127,q59_t1030
57127,q59_t1031
57127,q64_t1030
57127,q64_t1031
57128,q59_t1031
57128,q59_t1032
57129,q59_t1032
57129,q59_t1033
57130,q59_t1033
57130,q59_t1034
57130,q65_t1033
57130,q65_t1034
57131,q59_t1034
57131,q59_t1035
57132,q59_t1035
57132,q59_t1036
57133,q59_t1036
57133,q59_t1037
57133,q66_t1036
57133,q66_t1037
57134,q59_t1037
57134,q59_t1038
57135,q59_t1038
57135,q59_t1039
57136,q59_t1039
57136,q59_t1040
57136,q67_t1039
57136,q67_t1040
57137,q59_t1040
57137,q59_t1041
57138,q59_t1041
57138,q59_t1042
57139,q59_t1042
57139,q59_t1043
57139,q68_t1042
57139,q68_t1043
57140,q59_t1043
57140,q59_t1044
57141,q59_t1044
57141,q59_t1045
57142,q59_t1045
57142,q59_t1046
57142,q69_t1045
57142,q69_t1046
57143,q59_t1046
57143,q59_t1047
57144,q59_t1047
57144,q59_t1048
57145,q59_t1048
57145,q59_t1049
57145,q70_t1048
57145,q70_t1049
57146,q59_t1049
57146,q59_t1050
57147,q59_t1050
57147,q59_t1051
57148,q59_t1051
57148,q59_t1052
57148,q71_t1051
57148,q71_t1052
57149,q59_t1052
57149,q59_t1053
57150,q59_t1053
57150,q59_t1054
57151,q59_t1054
57151,q59_t1055
57151,q72_t1054
57151,q72_t1055
57152,q59_t1055
57152,q59_t1056
57153,q59_t1056
57153,q59_t1057
57154,q59_t1057
57154,q59_t1058
57154,q73_t1057
57154,q73_t1058
57155,q59_t1058
57155,q59_t1059
57156,q59_t1059
57156,q59_t1060
57157,q59_t1060
57157,q59_t1061
57157,q74_t1060
57157,q74_t1061
57158,q59_t1061
57158,q59_t1062
57159,q59_t1062
57159,q59_t1063
57160,q59_t1063
57160,q59_t1064
57160,q75_t1063
57160,q75_t1064
57161,q59_t1064
57161,q59_t1065
57162,q59_t1065
57162,q59_t1066
57163,q59_t1066
57163,q59_t1067
57163,q76_t1066
57163,q76_t1067
57164,q59_t1067
57164,q59_t1068
57165,q59_t1068
57165,q59_t1069
57166,q59_t1069
57166,q59_t1070
57166,q77_t1069
57166,q77_t1070
57167,q59_t1070
57167,q59_t1071
57168,q59_t1071
57168,q59_t1072
57169,q59_t1072
57169,q59_t1073
57169,q78_t1072
57169,q78_t1073
57170,q59_t1073
57170,q59_t1074
57171,q59_t1074
57171,q59_t1075
57172,q59_t1075
57172,q59_t1076
57172,q79_t1075
57172,q79_t1076
57173,q59_t1076
57173,q59_t1077
57174,q59_t1077
57174,q59_t1078
57175,q59_t1078
57175,q59_t1079
57175,q80_t1078
57175,q80_t1079
57176,q59_t1079
57176,q59_t1080
57177,q59_t1080
57177,q59_t1081
57178,q59_t1081
57178,q59_t1082
57178,q81_t1081
57178,q81_t1082
57179,q59_t1082
57179,q59_t1083
57180,q59_t1083
57180,q59_t1084
57181,q59_t1084
57181,q59_t1085
57181,q82_t1084
57181,q82_t1085
57182,q59_t1085
57182,q59_t1086
57183,q59_t1086
57183,q59_t1087
57184,q59_t1087
57184,q59_t1088
57184,q83_t1087
57184,q83_t1088
57185,q59_t1088
57185,q59_t1089
57186,q59_t1089
57186,q59_t1090
57187,q59_t1090
57187,q59_t1091
57187,q84_t1090
57187,q84_t1091
57188,q59_t1091
57188,q59_t1092
57189,q59_t1092
57189,q59_t1093
57190,q59_t1093
57190,q59_t1094
57190,q85_t1093
57190,q85_t1094
57191,q59_t1094
57191,q59_t1095
57192,q59_t1095
57192,q59_t1096
57193,q59_t1096
57193,q59_t1097
57193,q86_t1096
57193,q86_t1097
57194,q59_t1097
57194,q59_t1098
57195,q59_t1098
57195,q59_t1099
57196,q59_t1099
57196,q59_t1100
57196,q87_t1099
57196,q87_t1100
57197,q59_t1100
57197,q59_t1101
57198,q59_t1101
57198,q59_t1102
57199,q59_t1102
57199,q59_t1103
57199,q88_t1102
57199,q88_t1103
57200,q59_t1103
57200,q59_t1104
57201,q59_t1104
57201,q59_t1105
57202,q59_t1105
57202,q59_t1106
57202,q89_t1105
57202,q89_t1106
57203,q59_t1106
57203,q59_t1107
57204,q59_t1107
57204,q59_t1108
57205,q59_t1108
57205,q59_t1109
57205,q90_t1108
57205,q90_t1109
57206,q59_t1109
57206,q59_t1110
57207,q59_t1110
57207,q59_t1111
57208,q59_t1111
57208,q59_t1112
57208,q91_t1111
57208,q91_t1112
57209,q59_t1112
57209,q59_t1113
57210,q59_t1113
57210,q59_t1114
57211,q59_t1114
57211,q59_t1115
57211,q92_t1114
57211,q92_t1115
57212,q59_t1115
57212,q59_t1116
57213,q59_t1116
57213,q59_t1117
57214,q59_t1117
57214,q59_t1118
57214,q93_t1117
57214,q93_t1118
57215,q59_t1118
57215,q59_t1119
57216,q59_t1119
57216,q59_t1120
57217,q59_t1120
57217,q59_t1121
57217,q94_t1120
57217,q94_t1121
57218,q59_t1121
57218,q59_t1122
57219,q59_t1122
57219,q59_t1123
57220,q59_t1123
57220,q59_t1124
57220,q95_t1123
57220,q95_t1124
57221,q59_t1124
57221,q59_t1125
57222,q59_t1125
57222,q59_t1126
57223,q59_t1126
57223,q59_t1127
57223,q96_t1126
57223,q96_t1127
57224,q59_t1127
57224,q59_t1128
57225,q59_t1128
57225,q59_t1129
57226,q59_t1129
57226,q59_t1130
57226,q97_t1129
57226,q97_t1130
57227,q59_t1130
57227,q59_t1131
57228,q59_t1131
57228,q59_t1132
57229,q59_t1132
57229,q59_t1133
57229,q98_t1132
57229,q98_t1133
57230,q59_t1133
57230,q59_t1134
57231,q59_t1134
57231,q59_t1135
57232,q59_t1135
57232,q59_t1136
57232,q99_t1135
57232,q99_t1136
57233,q59_t1136
57233,q59_t1137
57234,q59_t1137
57234,q59_t1138
57235,q59_t1139
57235,q59_t1140
57236,q59_t1140
57236,q59_t1141
57237,q59_t1142
57237,q59_t1143
57238,q59_t1143
57238,q59_t1144
57239,q59_t1145
57239,q59_t1146
57240,q59_t1146
57240,q59_t1147
57241,q59_t1148
57241,q59_t1149
57242,q59_t1149
57242,q59_t1150
57243,q59_t1151
57243,q59_t1152
57244,q59_t1152
57244,q59_t1153
57245,q59_t1154
57245,q59_t1155
57246,q59_t1155
57246,q59_t1156
57247,q59_t1157
57247,q59_t1158
57248,q59_t1158
57248,q59_t1159
57249,q59_t1160
57249,q59_t1161
57250,q59_t1161
57250,q59_t1162
57251,q59_t1163
57251,q59_t1164
57252,q59_t1164
57252,q59_t1165
57253,q59_t1166
57253,q59_t1167
57254,q59_t1167
57254,q59_t1168
57255,q59_t177
57255,q59_t178
57256,q59_t178
57256,q59_t179
57257,q59_t180
57257,q59_t181
57258,q59_t181
57258,q59_t182
57259,q59_t183
57259,q59_t184
57260,q59_t184
57260,q59_t185
57261,q59_t186
57261,q59_t187
57262,q59_t187
57262,q59_t188
57263,q59_t189
57263,q59_t190
57264,q59_t190
57264,q59_t191
57265,q59_t191
57265,q59_t192
57265,q5_t191
57265,q5_t192
57266,q59_t192
57266,q59_t193
57267,q59_t193
57267,q59_t194
57268,q59_t194
57268,q59_t195
57268,q6_t194
57268,q6_t195
57269,q59_t195
57269,q59_t196
57270,q59_t196
57270,q59_t197
57271,q59_t197
57271,q59_t198
57271,q7_t197
57271,q7_t198
57272,q59_t198
57272,q59_t199
57273,q59_t199
57273,q59_t200
57274,q59_t200
57274,q59_t201
57274,q8_t200
57274,q8_t201
57275,q59_t201
57275,q59_t202
57276,q59_t202
57276,q59_t203
57277,q59_t203
57277,q59_t204
57277,q9_t203
57277,q9_t204
57278,q59_t204
57278,q59_t205
57279,q59_t205
57279,q59_t206
57280,q59_t207
57280,q59_t208
57281,q59_t208
57281,q59_t209
57282,q59_t210
57282,q59_t211
57283,q59_t211
57283,q59_t212
57284,q59_t213
57284,q59_t214
57285,q59_t214
57285,q59_t215
57286,q59_t216
57286,q59_t217
57287,q59_t217
57287,q59_t218
57288,q59_t219
57288,q59_t220
57289,q59_t220
57289,q59_t221
57290,q59_t222
57290,q59_t223
57291,q59_t223
57291,q59_t224
57292,q59_t225
57292,q59_t226
57293,q59_t226
57293,q59_t227
57294,q59_t228
57294,q59_t229
57295,q59_t229
57295,q59_t230
57296,q59_t231
57296,q59_t232
57297,q59_t232
57297,q59_t233
57298,q59_t234
57298,q59_t235
57299,q59_t235
57299,q59_t236
57300,q59_t237
57300,q59_t238
57301,q59_t238
57301,q59_t239
57302,q59_t240
57302,q59_t241
57303,q59_t241
57303,q59_t242
57304,q59_t243
57304,q59_t244
57305,q59_t244
57305,q59_t245
57306,q59_t246
57306,q59_t247
57307,q59_t247
57307,q59_t248
57308,q59_t249
57308,q59_t250
57309,q59_t250
57309,q59_t251
57310,q59_t252
57310,q59_t253
57311,q59_t253
57311,q59_t254
57312,q59_t255
57312,q59_t256
57313,q59_t256
57313,q59_t257
57314,q59_t258
57314,q59_t259
57315,q59_t259
57315,q59_t260
57316,q59_t261
57316,q59_t262
57317,q59_t262
57317,q59_t263
57318,q59_t264
57318,q59_t265
57319,q59_t265
57319,q59_t266
57320,q59_t267
57320,q59_t268
57321,q59_t268
57321,q59_t269
57322,q59_t270
57322,q59_t271
57323,q59_t271
57323,q59_t272
57324,q59_t273
57324,q59_t274
57325,q59_t274
57325,q59_t275
57326,q59_t276
57326,q59_t277
57327,q59_t277
57327,q59_t278
57328,q59_t279
57328,q59_t280
57329,q59_t280
57329,q59_t281
57330,q59_t282
57330,q59_t283
57331,q59_t283
57331,q59_t284
57332,q59_t285
57332,q59_t286
57333,q59_t286
57333,q59_t287
57334,q59_t288
57334,q59_t289
57335,q59_t289
57335,q59_t290
57336,q59_t291
57336,q59_t292
57337,q59_t292
57337,q59_t293
57338,q59_t294
57338,q59_t295
57339,q59_t295
57339,q59_t296
57340,q59_t297
57340,q59_t298
57341,q59_t298
57341,q59_t299
57342,q59_t300
57342,q59_t301
57343,q59_t301
57343,q59_t302
57344,q59_t303
57344,q59_t304
57345,q59_t304
57345,q59_t305
57346,q59_t306
57346,q59_t307
57347,q59_t307
57347,q59_t308
57348,q59_t309
57348,q59_t310
57349,q59_t310
57349,q59_t311
57350,q59_t312
57350,q59_t313
57351,q59_t313
57351,q59_t314
57352,q59_t315
57352,q59_t316
57353,q59_t316
57353,q59_t317
57354,q59_t318
57354,q59_t319
57355,q59_t319
57355,q59_t320
57356,q59_t321
57356,q59_t322
57357,q59_t322
57357,q59_t323
57358,q59_t324
57358,q59_t325
57359,q59_t325
57359,q59_t326
57360,q59_t327
57360,q59_t328
57361,q59_t328
57361,q59_t329
57362,q59_t330
57362,q59_t331
57363,q59_t331
57363,q59_t332
57364,q59_t333
57364,q59_t334
57365,q59_t334
57365,q59_t335
57366,q59_t336
57366,q59_t337
57367,q59_t337
57367,q59_t338
57368,q59_t339
57368,q59_t340
57369,q59_t340
57369,q59_t341
57370,q59_t342
57370,q59_t343
57371,q59_t343
57371,q59_t344
57372,q59_t345
57372,q59_t346
57373,q59_t346
57373,q59_t347
57374,q59_t348
57374,q59_t349
57375,q59_t349
57375,q59_t350
57376,q59_t351
57376,q59_t352
57377,q59_t352
57377,q59_t356
57378,q59_t356
57378,q59_t357
57378,q60_t356
57378,q60_t357
57379,q59_t357
57379,q59_t358
57380,q59_t358
57380,q59_t359
57381,q59_t359
57381,q59_t360
57381,q61_t359
57381,q61_t360
57382,q59_t360
57382,q59_t361
57383,q59_t361
57383,q59_t362
57384,q59_t362
57384,q59_t363
57384,q62_t362
57384,q62_t363
57385,q59_t363
57385,q59_t364
57386,q59_t364
57386,q59_t365
57387,q59_t365
57387,q59_t366
57387,q63_t365
57387,q63_t366
57388,q59_t366
57388,q59_t367
57389,q59_t367
57389,q59_t368
57390,q59_t368
57390,q59_t369
57390,q64_t368
57390,q64_t369
57391,q59_t369
57391,q59_t370
57392,q59_t370
57392,q59_t371
57393,q59_t371
57393,q59_t372
57393,q65_t371
57393,q65_t372
57394,q59_t372
57394,q59_t373
57395,q59_t373
57395,q59_t374
57396,q59_t374
57396,q59_t375
57396,q66_t374
57396,q66_t375
57397,q59_t375
57397,q59_t376
57398,q59_t376
57398,q59_t377
57399,q59_t377
57399,q59_t378
57399,q67_t377
57399,q67_t378
57400,q59_t378
57400,q59_t379
57401,q59_t379
57401,q59_t380
57402,q59_t380
57402,q59_t381
57402,q68_t380
57402,q68_t381
57403,q59_t381
57403,q59_t382
57404,q59_t382
57404,q59_t383
57405,q59_t383
57405,q59_t384
57405,q69_t383
57405,q69_t384
57406,q59_t384
57406,q59_t385
57407,q59_t385
57407,q59_t386
57408,q59_t386
57408,q59_t387
57408,q70_t386
57408,q70_t387
57409,q59_t387
57409,q59_t388
57410,q59_t388
57410,q59_t389
57411,q59_t389
57411,q59_t390
57411,q71_t389
57411,q71_t390
57412,q59_t390
57412,q59_t391
57413,q59_t391
57413,q59_t392
57414,q59_t392
57414,q59_t393
57414,q72_t392
57414,q72_t393
57415,q59_t393
57415,q59_t394
57416,q59_t394
57416,q59_t395
57417,q59_t395
57417,q59_t396
57417,q73_t395
57417,q73_t396
57418,q59_t396
57418,q59_t397
57419,q59_t397
57419,q59_t398
57420,q59_t398
57420,q59_t399
57420,q74_t398
57420,q74_t399
57421,q59_t399
57421,q59_t400
57422,q59_t400
57422,q59_t401
57423,q59_t401
57423,q59_t402
57423,q75_t401
57423,q75_t402
57424,q59_t402
57424,q59_t403
57425,q59_t403
57425,q59_t404
57426,q59_t404
57426,q59_t405
57426,q76_t404
57426,q76_t405
57427,q59_t405
57427,q59_t406
57428,q59_t406
57428,q59_t407
57429,q59_t407
57429,q59_t408
57429,q77_t407
57429,q77_t408
57430,q59_t408
57430,q59_t409
57431,q59_t409
57431,q59_t410
57432,q59_t410
57432,q59_t411
57432,q78_t410
57432,q78_t411
57433,q59_t411
57433,q59_t412
57434,q59_t412
57434,q59_t413
57435,q59_t413
57435,q59_t414
57435,q79_t413
57435,q79_t414
57436,q59_t414
57436,q59_t415
57437,q59_t415
57437,q59_t416
57438,q59_t416
57438,q59_t417
57438,q80_t416
57438,q80_t417
57439,q59_t417
57439,q59_t418
57440,q59_t418
57440,q59_t419
57441,q59_t419
57441,q59_t420
57441,q81_t419
57441,q81_t420
57442,q59_t420
57442,q59_t421
57443,q59_t421
57443,q59_t422
57444,q59_t422
57444,q59_t423
57444,q82_t422
57444,q82_t423
57445,q59_t423
57445,q59_t424
57446,q59_t424
57446,q59_t425
57447,q59_t425
57447,q59_t426
57447,q83_t425
57447,q83_t426
57448,q59_t426
57448,q59_t427
57449,q59_t427
57449,q59_t428
57450,q59_t428
57450,q59_t429
57450,q84_t428
57450,q84_t429
57451,q59_t429
57451,q59_t430
57452,q59_t430
57452,q59_t431
57453,q59_t431
57453,q59_t432
57453,q85_t431
57453,q85_t432
57454,q59_t432
57454,q59_t433
57455,q59_t433
57455,q59_t434
57456,q59_t434
57456,q59_t435
57456,q86_t434
57456,q86_t435
57457,q59_t435
57457,q59_t436
57458,q59_t436
57458,q59_t437
57459,q59_t437
57459,q59_t438
57459,q87_t437
57459,q87_t438
57460,q59_t438
57460,q59_t439
57461,q59_t439
57461,q59_t440
57462,q59_t440
57462,q59_t441
57462,q88_t440
57462,q88_t441
57463,q59_t441
57463,q59_t442
57464,q59_t442
57464,q59_t443
57465,q59_t443
57465,q59_t444
57465,q89_t443
57465,q89_t444
57466,q59_t444
57466,q59_t445
57467,q59_t445
57467,q59_t446
57468,q59_t446
57468,q59_t447
57468,q90_t446
57468,q90_t447
57469,q59_t447
57469,q59_t448
57470,q59_t448
57470,q59_t449
57471,q59_t449
57471,q59_t450
57471,q91_t449
57471,q91_t450
57472,q59_t450
57472,q59_t451
57473,q59_t451
57473,q59_t452
57474,q59_t452
57474,q59_t453
57474,q92_t452
57474,q92_t453
57475,q59_t453
57475,q59_t454
57476,q59_t454
57476,q59_t455
57477,q59_t455
57477,q59_t456
57477,q93_t455
57477,q93_t456
57478,q59_t456
57478,q59_t457
57479,q59_t457
57479,q59_t458
57480,q59_t458
57480,q59_t459
57480,q94_t458
57480,q94_t459
57481,q59_t459
57481,q59_t460
57482,q59_t460
57482,q59_t461
57483,q59_t461
57483,q59_t462
57483,q95_t461
57483,q95_t462
57484,q59_t462
57484,q59_t463
57485,q59_t463
57485,q59_t464
57486,q59_t464
57486,q59_t465
57486,q96_t464
57486,q96_t465
57487,q59_t465
57487,q59_t466
57488,q59_t466
57488,q59_t467
57489,q59_t467
57489,q59_t468
57489,q97_t467
57489,q97_t468
57490,q59_t468
57490,q59_t469
57491,q59_t469
57491,q59_t470
57492,q59_t470
57492,q59_t471
57492,q98_t470
57492,q98_t471
57493,q59_t471
57493,q59_t472
57494,q59_t472
57494,q59_t473
57495,q59_t473
57495,q59_t474
57495,q99_t473
57495,q99_t474
57496,q59_t474
57496,q59_t475
57497,q59_t475
57497,q59_t476
57498,q59_t477
57498,q59_t478
57499,q59_t478
57499,q59_t479
57500,q59_t480
57500,q59_t481
57501,q59_t481
57501,q59_t482
57502,q59_t483
57502,q59_t484
57503,q59_t484
57503,q59_t485
57504,q59_t486
57504,q59_t487
57505,q59_t487
57505,q59_t488
57506,q59_t489
57506,q59_t490
57507,q59_t490
57507,q59_t491
57508,q59_t492
57508,q59_t493
57509,q59_t493
57509,q59_t494
57510,q59_t495
57510,q59_t496
57511,q59_t496
57511,q59_t497
57512,q59_t498
57512,q59_t499
57513,q59_t499
57513,q59_t500
57514,q59_t501
57514,q59_t502
57515,q59_t502
57515,q59_t503
57516,q59_t504
57516,q59_t505
57517,q59_t505
57517,q59_t506
57518,q59_t506
57518,q59_t507
57519,q59_t508
57519,q59_t509
57520,q59_t509
57520,q59_t510
57521,q59_t511
57521,q59_t512
57522,q59_t512
57522,q59_t513
57523,q59_t514
57523,q59_t515
57524,q59_t515
57524,q59_t516
57525,q59_t517
57525,q59_t518
57526,q59_t518
57526,q59_t519
57527,q59_t520
57527,q59_t521
57528,q59_t521
57528,q59_t522
57529,q59_t522
57529,q59_t523
57529,q5_t522
57529,q5_t523
57530,q59_t523
57530,q59_t524
57531,q59_t524
57531,q59_t525
57532,q59_t525
57532,q59_t526
57532,q6_t525
57532,q6_t526
57533,q59_t526
57533,q59_t527
57534,q59_t527
57534,q59_t528
57535,q59_t528
57535,q59_t529
57535,q7_t528
57535,q7_t529
57536,q59_t529
57536,q59_t530
57537,q59_t530
57537,q59_t531
57538,q59_t531
57538,q59_t532
57538,q8_t531
57538,q8_t532
57539,q59_t532
57539,q59_t533
57540,q59_t533
57540,q59_t534
57541,q59_t534
57541,q59_t535
57541,q9_t534
57541,q9_t535
57542,q59_t535
57542,q59_t536
57543,q59_t536
57543,q59_t537
57544,q59_t538
57544,q59_t539
57545,q59_t539
57545,q59_t540
57546,q59_t541
57546,q59_t542
57547,q59_t542
57547,q59_t543
57548,q59_t544
57548,q59_t545
57549,q59_t545
57549,q59_t546
57550,q59_t547
57550,q59_t548
57551,q59_t548
57551,q59_t549
57552,q59_t550
57552,q59_t551
57553,q59_t551
57553,q59_t552
57554,q59_t553
57554,q59_t554
57555,q59_t554
57555,q59_t555
57556,q59_t556
57556,q59_t557
57557,q59_t557
57557,q59_t558
57558,q59_t559
57558,q59_t560
57559,q59_t560
57559,q59_t561
57560,q59_t562
57560,q59_t563
57561,q59_t563
57561,q59_t564
57562,q59_t565
57562,q59_t566
57563,q59_t566
57563,q59_t567
57564,q59_t568
57564,q59_t569
57565,q59_t569
57565,q59_t570
57566,q59_t571
57566,q59_t572
57567,q59_t572
57567,q59_t573
57568,q59_t574
57568,q59_t575
57569,q59_t575
57569,q59_t576
57570,q59_t577
57570,q59_t578
57571,q59_t578
57571,q59_t579
57572,q59_t580
57572,q59_t581
57573,q59_t581
57573,q59_t582
57574,q59_t583
57574,q59_t584
57575,q59_t584
57575,q59_t585
57576,q59_t586
57576,q59_t587
57577,q59_t587
57577,q59_t588
57578,q59_t589
57578,q59_t590
57579,q59_t590
57579,q59_t591
57580,q59_t592
57580,q59_t593
57581,q59_t593
57581,q59_t594
57582,q59_t595
57582,q59_t596
57583,q59_t596
57583,q59_t597
57584,q59_t598
57584,q59_t599
57585,q59_t599
57585,q59_t600
57586,q59_t601
57586,q59_t602
57587,q59_t602
57587,q59_t603
57588,q59_t604
57588,q59_t605
57589,q59_t605
57589,q59_t606
57590,q59_t607
57590,q59_t608
57591,q59_t608
57591,q59_t609
57592,q59_t610
57592,q59_t611
57593,q59_t611
57593,q59_t612
57594,q59_t613
57594,q59_t614
57595,q59_t614
57595,q59_t615
57596,q59_t616
57596,q59_t617
57597,q59_t617
57597,q59_t618
57598,q59_t619
57598,q59_t620
57599,q59_t620
57599,q59_t621
57600,q59_t622
57600,q59_t623
57601,q59_t623
57601,q59_t624
57602,q59_t625
57602,q59_t626
57603,q59_t626
57603,q59_t627
57604,q59_t628
57604,q59_t629
57605,q59_t629
57605,q59_t630
57606,q59_t631
57606,q59_t632
57607,q59_t632
57607,q59_t633
57608,q59_t634
57608,q59_t635
57609,q59_t635
57609,q59_t636
57610,q59_t637
57610,q59_t638
57611,q59_t638
57611,q59_t639
57612,q59_t640
57612,q59_t641
57613,q59_t641
57613,q59_t642
57614,q59_t643
57614,q59_t644
57615,q59_t644
57615,q59_t645
57616,q59_t646
57616,q59_t647
57617,q59_t647
57617,q59_t648
57618,q59_t649
57618,q59_t650
57619,q59_t650
57619,q59_t651
57620,q59_t652
57620,q59_t653
57621,q59_t653
57621,q59_t654
57622,q59_t655
57622,q59_t656
57623,q59_t656
57623,q59_t657
57624,q59_t658
57624,q59_t659
57625,q59_t659
57625,q59_t660
57626,q59_t661
57626,q59_t662
57627,q59_t662
57627,q59_t663
57628,q59_t664
57628,q59_t665
57629,q59_t665
57629,q59_t666
57630,q59_t667
57630,q59_t668
57631,q59_t668
57631,q59_t669
57632,q59_t670
57632,q59_t671
57633,q59_t671
57633,q59_t672
57634,q59_t673
57634,q59_t674
57635,q59_t674
57635,q59_t675
57636,q59_t676
57636,q59_t677
57637,q59_t677
57637,q59_t678
57638,q59_t679
57638,q59_t680
57639,q59_t680
57639,q59_t681
57640,q59_t682
57640,q59_t683
57641,q59_t683
57641,q59_t687
57642,q59_t687
57642,q59_t688
57642,q60_t687
57642,q60_t688
57643,q59_t688
57643,q59_t689
57644,q59_t689
57644,q59_t690
57645,q59_t690
57645,q59_t691
57645,q61_t690
57645,q61_t691
57646,q59_t691
57646,q59_t692
57647,q59_t692
57647,q59_t693
57648,q59_t693
57648,q59_t694
57648,q62_t693
57648,q62_t694
57649,q59_t694
57649,q59_t695
57650,q59_t695
57650,q59_t696
57651,q59_t696
57651,q59_t697
57651,q63_t696
57651,q63_t697
57652,q59_t697
57652,q59_t698
57653,q59_t698
57653,q59_t699
57654,q59_t699
57654,q59_t700
57654,q64_t699
57654,q64_t700
57655,q59_t700
57655,q59_t701
57656,q59_t701
57656,q59_t702
57657,q59_t702
57657,q59_t703
57657,q65_t702
57657,q65_t703
57658,q59_t703
57658,q59_t704
57659,q59_t704
57659,q59_t705
57660,q59_t705
57660,q59_t706
57660,q66_t705
57660,q66_t706
57661,q59_t706
57661,q59_t707
57662,q59_t707
57662,q59_t708
57663,q59_t708
57663,q59_t709
57663,q67_t708
57663,q67_t709
57664,q59_t709
57664,q59_t710
57665,q59_t710
57665,q59_t711
57666,q59_t711
57666,q59_t712
57666,q68_t711
57666,q68_t712
57667,q59_t712
57667,q59_t713
57668,q59_t713
57668,q59_t714
57669,q59_t714
57669,q59_t715
57669,q69_t714
57669,q69_t715
57670,q59_t715
57670,q59_t716
57671,q59_t716
57671,q59_t717
57672,q59_t717
57672,q59_t718
57672,q70_t717
57672,q70_t718
57673,q59_t718
57673,q59_t719
57674,q59_t719
57674,q59_t720
57675,q59_t720
57675,q59_t721
57675,q71_t720
57675,q71_t721
57676,q59_t721
57676,q59_t722
57677,q59_t722
57677,q59_t723
57678,q59_t723
57678,q59_t724
57678,q72_t723
57678,q72_t724
57679,q59_t724
57679,q59_t725
57680,q59_t725
57680,q59_t726
57681,q59_t726
57681,q59_t727
57681,q73_t726
57681,q73_t727
57682,q59_t727
57682,q59_t728
57683,q59_t728
57683,q59_t729
57684,q59_t729
57684,q59_t730
57684,q74_t729
57684,q74_t730
57685,q59_t730
57685,q59_t731
57686,q59_t731
57686,q59_t732
57687,q59_t732
57687,q59_t733
57687,q75_t732
57687,q75_t733
57688,q59_t733
57688,q59_t734
57689,q59_t734
57689,q59_t735
57690,q59_t735
57690,q59_t736
57690,q76_t735
57690,q76_t736
57691,q59_t736
57691,q59_t737
57692,q59_t737
57692,q59_t738
57693,q59_t738
57693,q59_t739
57693,q77_t738
57693,q77_t739
57694,q59_t739
57694,q59_t740
57695,q59_t740
57695,q59_t741
57696,q59_t741
57696,q59_t742
57696,q78_t741
57696,q78_t742
57697,q59_t742
57697,q59_t743
57698,q59_t743
57698,q59_t744
57699,q59_t744
57699,q59_t745
57699,q79_t744
57699,q79_t745
57700,q59_t745
57700,q59_t746
57701,q59_t746
57701,q59_t747
57702,q59_t747
57702,q59_t748
57702,q80_t747
57702,q80_t748
57703,q59_t748
57703,q59_t749
57704,q59_t749
57704,q59_t750
57705,q59_t750
57705,q59_t751
57705,q81_t750
57705,q81_t751
57706,q59_t751
57706,q59_t752
57707,q59_t752
57707,q59_t753
57708,q59_t753
57708,q59_t754
57708,q82_t753
57708,q82_t754
57709,q59_t754
57709,q59_t755
57710,q59_t755
57710,q59_t756
57711,q59_t756
57711,q59_t757
57711,q83_t756
57711,q83_t757
57712,q59_t757
57712,q59_t758
57713,q59_t758
57713,q59_t759
57714,q59_t759
57714,q59_t760
57714,q84_t759
57714,q84_t760
57715,q59_t760
57715,q59_t761
57716,q59_t761
57716,q59_t762
57717,q59_t762
57717,q59_t763
57717,q85_t762
57717,q85_t763
57718,q59_t763
57718,q59_t764
57719,q59_t764
57719,q59_t765
57720,q59_t765
57720,q59_t766
57720,q86_t765
57720,q86_t766
57721,q59_t766
57721,q59_t767
57722,q59_t767
57722,q59_t768
57723,q59_t768
57723,q59_t769
57723,q87_t768
57723,q87_t769
57724,q59_t769
57724,q59_t770
57725,q59_t770
57725,q59_t771
57726,q59_t771
57726,q59_t772
57726,q88_t771
57726,q88_t772
57727,q59_t772
57727,q59_t773
57728,q59_t773
57728,q59_t774
57729,q59_t774
57729,q59_t775
57729,q89_t774
57729,q89_t775
57730,q59_t775
57730,q59_t776
57731,q59_t776
57731,q59_t777
57732,q59_t777
57732,q59_t778
57732,q90_t777
57732,q90_t778
57733,q59_t778
57733,q59_t779
57734,q59_t779
57734,q59_t780
57735,q59_t780
57735,q59_t781
57735,q91_t780
57735,q91_t781
57736,q59_t781
57736,q59_t782
57737,q59_t782
57737,q59_t783
57738,q59_t783
57738,q59_t784
57738,q92_t783
57738,q92_t784
57739,q59_t784
57739,q59_t785
57740,q59_t785
57740,q59_t786
57741,q59_t786
57741,q59_t787
57741,q93_t786
57741,q93_t787
57742,q59_t787
57742,q59_t788
57743,q59_t788
57743,q59_t789
57744,q59_t789
57744,q59_t790
57744,q94_t789
57744,q94_t790
57745,q59_t790
57745,q59_t791
57746,q59_t791
57746,q59_t792
57747,q59_t792
57747,q59_t793
57747,q95_t792
57747,q95_t793
57748,q59_t793
57748,q59_t794
57749,q59_t794
57749,q59_t795
57750,q59_t795
57750,q59_t796
57750,q96_t795
57750,q96_t796
57751,q59_t796
57751,q59_t797
57752,q59_t797
57752,q59_t798
57753,q59_t798
57753,q59_t799
57753,q97_t798
57753,q97_t799
57754,q59_t799
57754,q59_t800
57755,q59_t800
57755,q59_t801
57756,q59_t801
57756,q59_t802
57756,q98_t801
57756,q98_t802
57757,q59_t802
57757,q59_t803
57758,q59_t803
57758,q59_t804
57759,q59_t804
57759,q59_t805
57759,q99_t804
57759,q99_t805
57760,q59_t805
57760,q59_t806
57761,q59_t806
57761,q59_t807
57762,q59_t808
57762,q59_t809
57763,q59_t809
57763,q59_t810
57764,q59_t811
57764,q59_t812
57765,q59_t812
57765,q59_t813
57766,q59_t814
57766,q59_t815
57767,q59_t815
57767,q59_t816
57768,q59_t817
57768,q59_t818
57769,q59_t818
57769,q59_t819
57770,q59_t820
57770,q59_t821
57771,q59_t821
57771,q59_t822
57772,q59_t823
57772,q59_t824
57773,q59_t824
57773,q59_t825
57774,q59_t826
57774,q59_t827
57775,q59_t827
57775,q59_t828
57776,q59_t829
57776,q59_t830
57777,q59_t830
57777,q59_t831
57778,q59_t832
57778,q59_t833
57779,q59_t833
57779,q59_t834
57780,q59_t835
57780,q59_t836
57781,q59_t836
57781,q59_t837
57782,q59_t837
57782,q59_t838
57783,q59_t839
57783,q59_t840
57784,q59_t840
57784,q59_t841
57785,q59_t842
57785,q59_t843
57786,q59_t843
57786,q59_t844
57787,q59_t845
57787,q59_t846
57788,q59_t846
57788,q59_t847
57789,q59_t848
57789,q59_t849
57790,q59_t849
57790,q59_t850
57791,q59_t851
57791,q59_t852
57792,q59_t852
57792,q59_t853
57793,q59_t853
57793,q59_t854
57793,q5_t853
57793,q5_t854
57794,q59_t854
57794,q59_t855
57795,q59_t855
57795,q59_t856
57796,q59_t856
57796,q59_t857
57796,q6_t856
57796,q6_t857
57797,q59_t857
57797,q59_t858
57798,q59_t858
57798,q59_t859
57799,q59_t859
57799,q59_t860
57799,q7_t859
57799,q7_t860
57800,q59_t860
57800,q59_t861
57801,q59_t861
57801,q59_t862
57802,q59_t862
57802,q59_t863
57802,q8_t862
57802,q8_t863
57803,q59_t863
57803,q59_t864
57804,q59_t864
57804,q59_t865
57805,q59_t865
57805,q59_t866
57805,q9_t865
57805,q9_t866
57806,q59_t866
57806,q59_t867
57807,q59_t867
57807,q59_t868
57808,q59_t869
57808,q59_t870
57809,q59_t870
57809,q59_t871
57810,q59_t872
57810,q59_t873
57811,q59_t873
57811,q59_t874
57812,q59_t875
57812,q59_t876
57813,q59_t876
57813,q59_t877
57814,q59_t878
57814,q59_t879
57815,q59_t879
57815,q59_t880
57816,q59_t881
57816,q59_t882
57817,q59_t882
57817,q59_t883
57818,q59_t884
57818,q59_t885
57819,q59_t885
57819,q59_t886
57820,q59_t887
57820,q59_t888
57821,q59_t888
57821,q59_t889
57822,q59_t890
57822,q59_t891
57823,q59_t891
57823,q59_t892
57824,q59_t893
57824,q59_t894
57825,q59_t894
57825,q59_t895
57826,q59_t896
57826,q59_t897
57827,q59_t897
57827,q59_t898
57828,q59_t899
57828,q59_t900
57829,q59_t900
57829,q59_t901
57830,q59_t902
57830,q59_t903
57831,q59_t903
57831,q59_t904
57832,q59_t905
57832,q59_t906
57833,q59_t906
57833,q59_t907
57834,q59_t908
57834,q59_t909
57835,q59_t909
57835,q59_t910
57836,q59_t911
57836,q59_t912
57837,q59_t912
57837,q59_t913
57838,q59_t914
57838,q59_t915
57839,q59_t915
57839,q59_t916
57840,q59_t917
57840,q59_t918
57841,q59_t918
57841,q59_t919
57842,q59_t920
57842,q59_t921
57843,q59_t921
57843,q59_t922
57844,q59_t923
57844,q59_t924
57845,q59_t924
57845,q59_t925
57846,q59_t926
57846,q59_t927
57847,q59_t927
57847,q59_t928
57848,q59_t929
57848,q59_t930
57849,q59_t930
57849,q59_t931
57850,q59_t932
57850,q59_t933
57851,q59_t933
57851,q59_t934
57852,q59_t935
57852,q59_t936
57853,q59_t936
57853,q59_t937
57854,q59_t938
57854,q59_t939
57855,q59_t939
57855,q59_t940
57856,q59_t941
57856,q59_t942
57857,q59_t942
57857,q59_t943
57858,q59_t944
57858,q59_t945
57859,q59_t945
57859,q59_t946
57860,q59_t947
57860,q59_t948
57861,q59_t948
57861,q59_t949
57862,q59_t950
57862,q59_t951
57863,q59_t951
57863,q59_t952
57864,q59_t953
57864,q59_t954
57865,q59_t954
57865,q59_t955
57866,q59_t956
57866,q59_t957
57867,q59_t957
57867,q59_t958
57868,q59_t959
57868,q59_t960
57869,q59_t960
57869,q59_t961
57870,q59_t962
57870,q59_t963
57871,q59_t963
57871,q59_t964
57872,q59_t965
57872,q59_t966
57873,q59_t966
57873,q59_t967
57874,q59_t968
57874,q59_t969
57875,q59_t969
57875,q59_t970
57876,q59_t971
57876,q59_t972
57877,q59_t972
57877,q59_t973
57878,q59_t974
57878,q59_t975
57879,q59_t975
57879,q59_t976
57880,q59_t977
57880,q59_t978
57881,q59_t978
57881,q59_t979
57882,q59_t980
57882,q59_t981
57883,q59_t981
57883,q59_t982
57884,q59_t983
57884,q59_t984
57885,q59_t984
57885,q59_t985
57886,q59_t986
57886,q59_t987
57887,q59_t987
57887,q59_t988
57888,q59_t989
57888,q59_t990
57889,q59_t990
57889,q59_t991
57890,q59_t992
57890,q59_t993
57891,q59_t993
57891,q59_t994
57892,q59_t995
57892,q59_t996
57893,q59_t996
57893,q59_t997
57894,q59_t998
57894,q59_t999
57895,q5_t0
57895,q5_t1
57896,q5_t1
57896,q5_t14
57897,q5_t100
57897,q5_t101
57898,q5_t100
57898,q5_t99
57899,q5_t1000
57899,q5_t999
57900,q5_t1001
57900,q5_t1002
57901,q5_t1002
57901,q5_t1003
57902,q5_t1004
57902,q5_t1005
57903,q5_t1005
57903,q5_t1006
57904,q5_t102
57904,q5_t103
57905,q5_t103
57905,q5_t104
57906,q5_t105
57906,q5_t106
57907,q5_t106
57907,q5_t107
57908,q5_t108
57908,q5_t109
57909,q5_t109
57909,q5_t110
57910,q5_t111
57910,q5_t112
57911,q5_t112
57911,q5_t113
57912,q5_t114
57912,q5_t115
57913,q5_t115
57913,q5_t116
57914,q5_t117
57914,q5_t118
57915,q5_t118
57915,q5_t119
57916,q5_t120
57916,q5_t121
57917,q5_t121
57917,q5_t122
57918,q5_t123
57918,q5_t124
57919,q5_t124
57919,q5_t125
57920,q5_t126
57920,q5_t127
57921,q5_t127
57921,q5_t128
57922,q5_t129
57922,q5_t130
57923,q5_t130
57923,q5_t131
57924,q5_t132
57924,q5_t133
57925,q5_t133
57925,q5_t134
57926,q5_t135
57926,q5_t136
57927,q5_t136
57927,q5_t137
57928,q5_t138
57928,q5_t139
57929,q5_t139
57929,q5_t140
57930,q5_t141
57930,q5_t142
57931,q5_t142
57931,q5_t143
57932,q5_t144
57932,q5_t145
57933,q5_t145
57933,q5_t146
57934,q5_t147
57934,q5_t148
57935,q5_t148
57935,q5_t149
57936,q5_t15
57936,q5_t16
57937,q5_t150
57937,q5_t151
57938,q5_t151
57938,q5_t152
57939,q5_t153
57939,q5_t154
57940,q5_t154
57940,q5_t155
57941,q5_t156
57941,q5_t157
57942,q5_t157
57942,q5_t158
57943,q5_t159
57943,q5_t160
57944,q5_t16
57944,q5_t17
57945,q5_t160
57945,q5_t161
57946,q5_t162
57946,q5_t163
57947,q5_t163
57947,q5_t164
57948,q5_t165
57948,q5_t166
57949,q5_t166
57949,q5_t167
57950,q5_t168
57950,q5_t169
57951,q5_t169
57951,q5_t170
57952,q5_t171
57952,q5_t172
57953,q5_t172
57953,q5_t173
57954,q5_t174
57954,q5_t175
57955,q5_t175
57955,q5_t176
57956,q5_t177
57956,q5_t178
57957,q5_t178
57957,q5_t179
57958,q5_t18
57958,q5_t19
57959,q5_t180
57959,q5_t181
57960,q5_t181
57960,q5_t182
57961,q5_t183
57961,q5_t184
57962,q5_t184
57962,q5_t185
57963,q5_t186
57963,q5_t187
57964,q5_t187
57964,q5_t188
57965,q5_t189
57965,q5_t190
57966,q5_t19
57966,q5_t20
57967,q5_t190
57967,q5_t191
57968,q5_t192
57968,q5_t193
57969,q5_t193
57969,q5_t194
57970,q5_t194
57970,q5_t195
57970,q60_t194
57970,q60_t195
57971,q5_t195
57971,q5_t196
57972,q5_t196
57972,q5_t197
57973,q5_t197
57973,q5_t198
57973,q61_t197
57973,q61_t198
57974,q5_t198
57974,q5_t199
57975,q5_t199
57975,q5_t200
57976,q5_t200
57976,q5_t201
57976,q62_t200
57976,q62_t201
57977,q5_t201
57977,q5_t202
57978,q5_t202
57978,q5_t203
57979,q5_t203
57979,q5_t204
57979,q63_t203
57979,q63_t204
57980,q5_t204
57980,q5_t205
57981,q5_t205
57981,q5_t206
57982,q5_t206
57982,q5_t207
57982,q64_t206
57982,q64_t207
57983,q5_t207
57983,q5_t208
57984,q5_t208
57984,q5_t209
57985,q5_t209
57985,q5_t210
57985,q65_t209
57985,q65_t210
57986,q5_t21
57986,q5_t22
57987,q5_t210
57987,q5_t211
57988,q5_t211
57988,q5_t212
57989,q5_t212
57989,q5_t213
57989,q66_t212
57989,q66_t213
57990,q5_t213
57990,q5_t214
57991,q5_t214
57991,q5_t215
57992,q5_t215
57992,q5_t216
57992,q67_t215
57992,q67_t216
57993,q5_t216
57993,q5_t217
57994,q5_t217
57994,q5_t218
57995,q5_t218
57995,q5_t219
57995,q68_t218
57995,q68_t219
57996,q5_t219
57996,q5_t220
57997,q5_t22
57997,q5_t23
57998,q5_t220
57998,q5_t221
57999,q5_t221
57999,q5_t222
57999,q69_t221
57999,q69_t222
58000,q5_t222
58000,q5_t223
58001,q5_t223
58001,q5_t224
58002,q5_t224
58002,q5_t225
58002,q70_t224
58002,q70_t225
58003,q5_t225
58003,q5_t226
58004,q5_t226
58004,q5_t227
58005,q5_t227
58005,q5_t228
58005,q71_t227
58005,q71_t228
58006,q5_t228
58006,q5_t229
58007,q5_t229
58007,q5_t230
58008,q5_t230
58008,q5_t231
58008,q72_t230
58008,q72_t231
58009,q5_t231
58009,q5_t232
58010,q5_t232
58010,q5_t233
58011,q5_t233
58011,q5_t234
58011,q73_t233
58011,q73_t234
58012,q5_t234
58012,q5_t235
58013,q5_t235
58013,q5_t236
58014,q5_t236
58014,q5_t237
58014,q74_t236
58014,q74_t237
58015,q5_t237
58015,q5_t238
58016,q5_t238
58016,q5_t239
58017,q5_t239
58017,q5_t240
58017,q75_t239
58017,q75_t240
58018,q5_t24
58018,q5_t25
58019,q5_t240
58019,q5_t241
58020,q5_t241
58020,q5_t242
58021,q5_t242
58021,q5_t243
58021,q76_t242
58021,q76_t243
58022,q5_t243
58022,q5_t244
58023,q5_t244
58023,q5_t245
58024,q5_t245
58024,q5_t246
58024,q77_t245
58024,q77_t246
58025,q5_t246
58025,q5_t247
58026,q5_t247
58026,q5_t248
58027,q5_t248
58027,q5_t249
58027,q78_t248
58027,q78_t249
58028,q5_t249
58028,q5_t250
58029,q5_t25
58029,q5_t26
58030,q5_t250
58030,q5_t251
58031,q5_t251
58031,q5_t252
58031,q79_t251
58031,q79_t252
58032,q5_t252
58032,q5_t253
58033,q5_t253
58033,q5_t254
58034,q5_t254
58034,q5_t255
58034,q80_t254
58034,q80_t255
58035,q5_t255
58035,q5_t256
58036,q5_t256
58036,q5_t257
58037,q5_t257
58037,q5_t258
58037,q81_t257
58037,q81_t258
58038,q5_t258
58038,q5_t259
58039,q5_t259
58039,q5_t260
58040,q5_t260
58040,q5_t261
58040,q82_t260
58040,q82_t261
58041,q5_t261
58041,q5_t262
58042,q5_t262
58042,q5_t263
58043,q5_t263
58043,q5_t264
58043,q83_t263
58043,q83_t264
58044,q5_t264
58044,q5_t265
58045,q5_t265
58045,q5_t266
58046,q5_t266
58046,q5_t267
58046,q84_t266
58046,q84_t267
58047,q5_t267
58047,q5_t268
58048,q5_t268
58048,q5_t269
58049,q5_t269
58049,q5_t270
58049,q85_t269
58049,q85_t270
58050,q5_t27
58050,q5_t28
58051,q5_t270
58051,q5_t271
58052,q5_t271
58052,q5_t272
58053,q5_t272
58053,q5_t273
58053,q86_t272
58053,q86_t273
58054,q5_t273
58054,q5_t274
58055,q5_t274
58055,q5_t275
58056,q5_t275
58056,q5_t276
58056,q87_t275
58056,q87_t276
58057,q5_t276
58057,q5_t277
58058,q5_t277
58058,q5_t278
58059,q5_t278
58059,q5_t279
58059,q88_t278
58059,q88_t279
58060,q5_t279
58060,q5_t280
58061,q5_t28
58061,q5_t32
58062,q5_t280
58062,q5_t281
58063,q5_t281
58063,q5_t282
58063,q89_t281
58063,q89_t282
58064,q5_t282
58064,q5_t283
58065,q5_t283
58065,q5_t284
58066,q5_t284
58066,q5_t285
58066,q90_t284
58066,q90_t285
58067,q5_t285
58067,q5_t286
58068,q5_t286
58068,q5_t287
58069,q5_t287
58069,q5_t288
58069,q91_t287
58069,q91_t288
58070,q5_t288
58070,q5_t289
58071,q5_t289
58071,q5_t290
58072,q5_t290
58072,q5_t291
58072,q92_t290
58072,q92_t291
58073,q5_t291
58073,q5_t292
58074,q5_t292
58074,q5_t293
58075,q5_t293
58075,q5_t294
58075,q93_t293
58075,q93_t294
58076,q5_t294
58076,q5_t295
58077,q5_t295
58077,q5_t296
58078,q5_t296
58078,q5_t297
58078,q94_t296
58078,q94_t297
58079,q5_t297
58079,q5_t298
58080,q5_t298
58080,q5_t299
58081,q5_t299
58081,q5_t300
58081,q95_t299
58081,q95_t300
58082,q5_t300
58082,q5_t301
58083,q5_t301
58083,q5_t302
58084,q5_t302
58084,q5_t303
58084,q96_t302
58084,q96_t303
58085,q5_t303
58085,q5_t304
58086,q5_t304
58086,q5_t305
58087,q5_t305
58087,q5_t306
58087,q97_t305
58087,q97_t306
58088,q5_t306
58088,q5_t307
58089,q5_t307
58089,q5_t308
58090,q5_t308
58090,q5_t309
58090,q98_t308
58090,q98_t309
58091,q5_t309
58091,q5_t310
58092,q5_t310
58092,q5_t311
58093,q5_t311
58093,q5_t312
58093,q99_t311
58093,q99_t312
58094,q5_t312
58094,q5_t313
58095,q5_t313
58095,q5_t314
58096,q5_t315
58096,q5_t316
58097,q5_t316
58097,q5_t317
58098,q5_t318
58098,q5_t319
58099,q5_t319
58099,q5_t320
58100,q5_t32
58100,q5_t33
58100,q6_t32
58100,q6_t33
58101,q5_t321
58101,q5_t322
58102,q5_t322
58102,q5_t323
58103,q5_t324
58103,q5_t325
58104,q5_t325
58104,q5_t326
58105,q5_t327
58105,q5_t328
58106,q5_t328
58106,q5_t329
58107,q5_t33
58107,q5_t34
58108,q5_t330
58108,q5_t331
58109,q5_t331
58109,q5_t332
58110,q5_t333
58110,q5_t334
58111,q5_t334
58111,q5_t335
58112,q5_t336
58112,q5_t337
58113,q5_t337
58113,q5_t338
58114,q5_t339
58114,q5_t340
58115,q5_t34
58115,q5_t35
58116,q5_t340
58116,q5_t341
58117,q5_t342
58117,q5_t343
58118,q5_t343
58118,q5_t344
58119,q5_t344
58119,q5_t345
58120,q5_t346
58120,q5_t347
58121,q5_t347
58121,q5_t348
58122,q5_t349
58122,q5_t350
58123,q5_t35
58123,q5_t36
58123,q7_t35
58123,q7_t36
58124,q5_t350
58124,q5_t351
58125,q5_t352
58125,q5_t353
58126,q5_t353
58126,q5_t354
58127,q5_t355
58127,q5_t356
58128,q5_t356
58128,q5_t357
58129,q5_t358
58129,q5_t359
58130,q5_t359
58130,q5_t363
58131,q5_t36
58131,q5_t37
58132,q5_t363
58132,q5_t364
58132,q6_t363
58132,q6_t364
58133,q5_t364
58133,q5_t365
58134,q5_t365
58134,q5_t366
58135,q5_t366
58135,q5_t367
58135,q7_t366
58135,q7_t367
58136,q5_t367
58136,q5_t368
58137,q5_t368
58137,q5_t369
58138,q5_t369
58138,q5_t370
58138,q8_t369
58138,q8_t370
58139,q5_t37
58139,q5_t38
58140,q5_t370
58140,q5_t371
58141,q5_t371
58141,q5_t372
58142,q5_t372
58142,q5_t373
58142,q9_t372
58142,q9_t373
58143,q5_t373
58143,q5_t374
58144,q5_t374
58144,q5_t375
58145,q5_t376
58145,q5_t377
58146,q5_t377
58146,q5_t378
58147,q5_t379
58147,q5_t380
58148,q5_t38
58148,q5_t39
58148,q8_t38
58148,q8_t39
58149,q5_t380
58149,q5_t381
58150,q5_t382
58150,q5_t383
58151,q5_t383
58151,q5_t384
58152,q5_t385
58152,q5_t386
58153,q5_t386
58153,q5_t387
58154,q5_t388
58154,q5_t389
58155,q5_t389
58155,q5_t390
58156,q5_t39
58156,q5_t40
58157,q5_t391
58157,q5_t392
58158,q5_t392
58158,q5_t393
58159,q5_t394
58159,q5_t395
58160,q5_t395
58160,q5_t396
58161,q5_t397
58161,q5_t398
58162,q5_t398
58162,q5_t399
58163,q5_t40
58163,q5_t41
58164,q5_t400
58164,q5_t401
58165,q5_t401
58165,q5_t402
58166,q5_t403
58166,q5_t404
58167,q5_t404
58167,q5_t405
58168,q5_t406
58168,q5_t407
58169,q5_t407
58169,q5_t408
58170,q5_t409
58170,q5_t410
58171,q5_t41
58171,q5_t42
58171,q9_t41
58171,q9_t42
58172,q5_t410
58172,q5_t411
58173,q5_t412
58173,q5_t413
58174,q5_t413
58174,q5_t414
58175,q5_t415
58175,q5_t416
58176,q5_t416
58176,q5_t417
58177,q5_t418
58177,q5_t419
58178,q5_t419
58178,q5_t420
58179,q5_t42
58179,q5_t43
58180,q5_t421
58180,q5_t422
58181,q5_t422
58181,q5_t423
58182,q5_t424
58182,q5_t425
58183,q5_t425
58183,q5_t426
58184,q5_t427
58184,q5_t428
58185,q5_t428
58185,q5_t429
58186,q5_t43
58186,q5_t44
58187,q5_t430
58187,q5_t431
58188,q5_t431
58188,q5_t432
58189,q5_t433
58189,q5_t434
58190,q5_t434
58190,q5_t435
58191,q5_t436
58191,q5_t437
58192,q5_t437
58192,q5_t438
58193,q5_t439
58193,q5_t440
58194,q5_t440
58194,q5_t441
58195,q5_t442
58195,q5_t443
58196,q5_t443
58196,q5_t444
58197,q5_t445
58197,q5_t446
58198,q5_t446
58198,q5_t447
58199,q5_t448
58199,q5_t449
58200,q5_t449
58200,q5_t450
58201,q5_t45
58201,q5_t46
58202,q5_t451
58202,q5_t452
58203,q5_t452
58203,q5_t453
58204,q5_t454
58204,q5_t455
58205,q5_t455
58205,q5_t456
58206,q5_t457
58206,q5_t458
58207,q5_t458
58207,q5_t459
58208,q5_t46
58208,q5_t47
58209,q5_t460
58209,q5_t461
58210,q5_t461
58210,q5_t462
58211,q5_t463
58211,q5_t464
58212,q5_t464
58212,q5_t465
58213,q5_t466
58213,q5_t467
58214,q5_t467
58214,q5_t468
58215,q5_t469
58215,q5_t470
58216,q5_t470
58216,q5_t471
58217,q5_t472
58217,q5_t473
58218,q5_t473
58218,q5_t474
58219,q5_t475
58219,q5_t476
58220,q5_t476
58220,q5_t477
58221,q5_t478
58221,q5_t479
58222,q5_t479
58222,q5_t480
58223,q5_t48
58223,q5_t49
58224,q5_t481
58224,q5_t482
58225,q5_t482
58225,q5_t483
58226,q5_t484
58226,q5_t485
58227,q5_t485
58227,q5_t486
58228,q5_t487
58228,q5_t488
58229,q5_t488
58229,q5_t489
58230,q5_t49
58230,q5_t50
58231,q5_t490
58231,q5_t491
58232,q5_t491
58232,q5_t492
58233,q5_t493
58233,q5_t494
58234,q5_t494
58234,q5_t495
58235,q5_t496
58235,q5_t497
58236,q5_t497
58236,q5_t498
58237,q5_t499
58237,q5_t500
58238,q5_t500
58238,q5_t501
58239,q5_t502
58239,q5_t503
58240,q5_t503
58240,q5_t504
58241,q5_t505
58241,q5_t506
58242,q5_t506
58242,q5_t507
58243,q5_t508
58243,q5_t509
58244,q5_t509
58244,q5_t510
58245,q5_t51
58245,q5_t52
58246,q5_t511
58246,q5_t512
58247,q5_t512
58247,q5_t513
58248,q5_t514
58248,q5_t515
58249,q5_t515
58249,q5_t516
58250,q5_t517
58250,q5_t518
58251,q5_t518
58251,q5_t519
58252,q5_t52
58252,q5_t53
58253,q5_t520
58253,q5_t521
58254,q5_t521
58254,q5_t522
58255,q5_t523
58255,q5_t524
58256,q5_t524
58256,q5_t525
58257,q5_t525
58257,q5_t526
58257,q60_t525
58257,q60_t526
58258,q5_t526
58258,q5_t527
58259,q5_t527
58259,q5_t528
58260,q5_t528
58260,q5_t529
58260,q61_t528
58260,q61_t529
58261,q5_t529
58261,q5_t530
58262,q5_t530
58262,q5_t531
58263,q5_t531
58263,q5_t532
58263,q62_t531
58263,q62_t532
58264,q5_t532
58264,q5_t533
58265,q5_t533
58265,q5_t534
58266,q5_t534
58266,q5_t535
58266,q63_t534
58266,q63_t535
58267,q5_t535
58267,q5_t536
58268,q5_t536
58268,q5_t537
58269,q5_t537
58269,q5_t538
58269,q64_t537
58269,q64_t538
58270,q5_t538
58270,q5_t539
58271,q5_t539
58271,q5_t540
58272,q5_t54
58272,q5_t55
58273,q5_t540
58273,q5_t541
58273,q65_t540
58273,q65_t541
58274,q5_t541
58274,q5_t542
58275,q5_t542
58275,q5_t543
58276,q5_t543
58276,q5_t544
58276,q66_t543
58276,q66_t544
58277,q5_t544
58277,q5_t545
58278,q5_t545
58278,q5_t546
58279,q5_t546
58279,q5_t547
58279,q67_t546
58279,q67_t547
58280,q5_t547
58280,q5_t548
58281,q5_t548
58281,q5_t549
58282,q5_t549
58282,q5_t550
58282,q68_t549
58282,q68_t550
58283,q5_t55
58283,q5_t56
58284,q5_t550
58284,q5_t551
58285,q5_t551
58285,q5_t552
58286,q5_t552
58286,q5_t553
58286,q69_t552
58286,q69_t553
58287,q5_t553
58287,q5_t554
58288,q5_t554
58288,q5_t555
58289,q5_t555
58289,q5_t556
58289,q70_t555
58289,q70_t556
58290,q5_t556
58290,q5_t557
58291,q5_t557
58291,q5_t558
58292,q5_t558
58292,q5_t559
58292,q71_t558
58292,q71_t559
58293,q5_t559
58293,q5_t560
58294,q5_t560
58294,q5_t561
58295,q5_t561
58295,q5_t562
58295,q72_t561
58295,q72_t562
58296,q5_t562
58296,q5_t563
58297,q5_t563
58297,q5_t564
58298,q5_t564
58298,q5_t565
58298,q73_t564
58298,q73_t565
58299,q5_t565
58299,q5_t566
58300,q5_t566
58300,q5_t567
58301,q5_t567
58301,q5_t568
58301,q74_t567
58301,q74_t568
58302,q5_t568
58302,q5_t569
58303,q5_t569
58303,q5_t570
58304,q5_t57
58304,q5_t58
58305,q5_t570
58305,q5_t571
58305,q75_t570
58305,q75_t571
58306,q5_t571
58306,q5_t572
58307,q5_t572
58307,q5_t573
58308,q5_t573
58308,q5_t574
58308,q76_t573
58308,q76_t574
58309,q5_t574
58309,q5_t575
58310,q5_t575
58310,q5_t576
58311,q5_t576
58311,q5_t577
58311,q77_t576
58311,q77_t577
58312,q5_t577
58312,q5_t578
58313,q5_t578
58313,q5_t579
58314,q5_t579
58314,q5_t580
58314,q78_t579
58314,q78_t580
58315,q5_t58
58315,q5_t59
58316,q5_t580
58316,q5_t581
58317,q5_t581
58317,q5_t582
58318,q5_t582
58318,q5_t583
58318,q79_t582
58318,q79_t583
58319,q5_t583
58319,q5_t584
58320,q5_t584
58320,q5_t585
58321,q5_t585
58321,q5_t586
58321,q80_t585
58321,q80_t586
58322,q5_t586
58322,q5_t587
58323,q5_t587
58323,q5_t588
58324,q5_t588
58324,q5_t589
58324,q81_t588
58324,q81_t589
58325,q5_t589
58325,q5_t590
58326,q5_t590
58326,q5_t591
58327,q5_t591
58327,q5_t592
58327,q82_t591
58327,q82_t592
58328,q5_t592
58328,q5_t593
58329,q5_t593
58329,q5_t594
58330,q5_t594
58330,q5_t595
58330,q83_t594
58330,q83_t595
58331,q5_t595
58331,q5_t596
58332,q5_t596
58332,q5_t597
58333,q5_t597
58333,q5_t598
58333,q84_t597
58333,q84_t598
58334,q5_t598
58334,q5_t599
58335,q5_t599
58335,q5_t600
58336,q5_t60
58336,q5_t61
58337,q5_t600
58337,q5_t601
58337,q85_t600
58337,q85_t601
58338,q5_t601
58338,q5_t602
58339,q5_t602
58339,q5_t603
58340,q5_t603
58340,q5_t604
58340,q86_t603
58340,q86_t604
58341,q5_t604
58341,q5_t605
58342,q5_t605
58342,q5_t606
58343,q5_t606
58343,q5_t607
58343,q87_t606
58343,q87_t607
58344,q5_t607
58344,q5_t608
58345,q5_t608
58345,q5_t609
58346,q5_t609
58346,q5_t610
58346,q88_t609
58346,q88_t610
58347,q5_t61
58347,q5_t62
58348,q5_t610
58348,q5_t611
58349,q5_t611
58349,q5_t612
58350,q5_t612
58350,q5_t613
58350,q89_t612
58350,q89_t613
58351,q5_t613
58351,q5_t614
58352,q5_t614
58352,q5_t615
58353,q5_t615
58353,q5_t616
58353,q90_t615
58353,q90_t616
58354,q5_t616
58354,q5_t617
58355,q5_t617
58355,q5_t618
58356,q5_t618
58356,q5_t619
58356,q91_t618
58356,q91_t619
58357,q5_t619
58357,q5_t620
58358,q5_t620
58358,q5_t621
58359,q5_t621
58359,q5_t622
58359,q92_t621
58359,q92_t622
58360,q5_t622
58360,q5_t623
58361,q5_t623
58361,q5_t624
58362,q5_t624
58362,q5_t625
58362,q93_t624
58362,q93_t625
58363,q5_t625
58363,q5_t626
58364,q5_t626
58364,q5_t627
58365,q5_t627
58365,q5_t628
58365,q94_t627
58365,q94_t628
58366,q5_t628
58366,q5_t629
58367,q5_t629
58367,q5_t630
58368,q5_t63
58368,q5_t64
58369,q5_t630
58369,q5_t631
58369,q95_t630
58369,q95_t631
58370,q5_t631
58370,q5_t632
58371,q5_t632
58371,q5_t633
58372,q5_t633
58372,q5_t634
58372,q96_t633
58372,q96_t634
58373,q5_t634
58373,q5_t635
58374,q5_t635
58374,q5_t636
58375,q5_t636
58375,q5_t637
58375,q97_t636
58375,q97_t637
58376,q5_t637
58376,q5_t638
58377,q5_t638
58377,q5_t639
58378,q5_t639
58378,q5_t640
58378,q98_t639
58378,q98_t640
58379,q5_t64
58379,q5_t65
58380,q5_t640
58380,q5_t641
58381,q5_t641
58381,q5_t642
58382,q5_t642
58382,q5_t643
58382,q99_t642
58382,q99_t643
58383,q5_t643
58383,q5_t644
58384,q5_t644
58384,q5_t645
58385,q5_t646
58385,q5_t647
58386,q5_t647
58386,q5_t648
58387,q5_t649
58387,q5_t650
58388,q5_t650
58388,q5_t651
58389,q5_t652
58389,q5_t653
58390,q5_t653
58390,q5_t654
58391,q5_t655
58391,q5_t656
58392,q5_t656
58392,q5_t657
58393,q5_t658
58393,q5_t659
58394,q5_t659
58394,q5_t660
58395,q5_t66
58395,q5_t67
58396,q5_t661
58396,q5_t662
58397,q5_t662
58397,q5_t663
58398,q5_t664
58398,q5_t665
58399,q5_t665
58399,q5_t666
58400,q5_t667
58400,q5_t668
58401,q5_t668
58401,q5_t669
58402,q5_t67
58402,q5_t68
58403,q5_t670
58403,q5_t671
58404,q5_t671
58404,q5_t672
58405,q5_t673
58405,q5_t674
58406,q5_t674
58406,q5_t675
58407,q5_t675
58407,q5_t676
58408,q5_t677
58408,q5_t678
58409,q5_t678
58409,q5_t679
58410,q5_t680
58410,q5_t681
58411,q5_t681
58411,q5_t682
58412,q5_t683
58412,q5_t684
58413,q5_t684
58413,q5_t685
58414,q5_t686
58414,q5_t687
58415,q5_t687
58415,q5_t688
58416,q5_t689
58416,q5_t690
58417,q5_t69
58417,q5_t70
58418,q5_t690
58418,q5_t694
58419,q5_t694
58419,q5_t695
58419,q6_t694
58419,q6_t695
58420,q5_t695
58420,q5_t696
58421,q5_t696
58421,q5_t697
58422,q5_t697
58422,q5_t698
58422,q7_t697
58422,q7_t698
58423,q5_t698
58423,q5_t699
58424,q5_t699
58424,q5_t700
58425,q5_t70
58425,q5_t71
58426,q5_t700
58426,q5_t701
58426,q8_t700
58426,q8_t701
58427,q5_t701
58427,q5_t702
58428,q5_t702
58428,q5_t703
58429,q5_t703
58429,q5_t704
58429,q9_t703
58429,q9_t704
58430,q5_t704
58430,q5_t705
58431,q5_t705
58431,q5_t706
58432,q5_t707
58432,q5_t708
58433,q5_t708
58433,q5_t709
58434,q5_t710
58434,q5_t711
58435,q5_t711
58435,q5_t712
58436,q5_t713
58436,q5_t714
58437,q5_t714
58437,q5_t715
58438,q5_t716
58438,q5_t717
58439,q5_t717
58439,q5_t718
58440,q5_t719
58440,q5_t720
58441,q5_t72
58441,q5_t73
58442,q5_t720
58442,q5_t721
58443,q5_t722
58443,q5_t723
58444,q5_t723
58444,q5_t724
58445,q5_t725
58445,q5_t726
58446,q5_t726
58446,q5_t727
58447,q5_t728
58447,q5_t729
58448,q5_t729
58448,q5_t730
58449,q5_t73
58449,q5_t74
58450,q5_t731
58450,q5_t732
58451,q5_t732
58451,q5_t733
58452,q5_t734
58452,q5_t735
58453,q5_t735
58453,q5_t736
58454,q5_t737
58454,q5_t738
58455,q5_t738
58455,q5_t739
58456,q5_t740
58456,q5_t741
58457,q5_t741
58457,q5_t742
58458,q5_t743
58458,q5_t744
58459,q5_t744
58459,q5_t745
58460,q5_t746
58460,q5_t747
58461,q5_t747
58461,q5_t748
58462,q5_t749
58462,q5_t750
58463,q5_t75
58463,q5_t76
58464,q5_t750
58464,q5_t751
58465,q5_t752
58465,q5_t753
58466,q5_t753
58466,q5_t754
58467,q5_t755
58467,q5_t756
58468,q5_t756
58468,q5_t757
58469,q5_t758
58469,q5_t759
58470,q5_t759
58470,q5_t760
58471,q5_t76
58471,q5_t77
58472,q5_t761
58472,q5_t762
58473,q5_t762
58473,q5_t763
58474,q5_t764
58474,q5_t765
58475,q5_t765
58475,q5_t766
58476,q5_t767
58476,q5_t768
58477,q5_t768
58477,q5_t769
58478,q5_t770
58478,q5_t771
58479,q5_t771
58479,q5_t772
58480,q5_t773
58480,q5_t774
58481,q5_t774
58481,q5_t775
58482,q5_t776
58482,q5_t777
58483,q5_t777
58483,q5_t778
58484,q5_t779
58484,q5_t780
58485,q5_t78
58485,q5_t79
58486,q5_t780
58486,q5_t781
58487,q5_t782
58487,q5_t783
58488,q5_t783
58488,q5_t784
58489,q5_t785
58489,q5_t786
58490,q5_t786
58490,q5_t787
58491,q5_t788
58491,q5_t789
58492,q5_t789
58492,q5_t790
58493,q5_t79
58493,q5_t80
58494,q5_t791
58494,q5_t792
58495,q5_t792
58495,q5_t793
58496,q5_t794
58496,q5_t795
58497,q5_t795
58497,q5_t796
58498,q5_t797
58498,q5_t798
58499,q5_t798
58499,q5_t799
58500,q5_t800
58500,q5_t801
58501,q5_t801
58501,q5_t802
58502,q5_t803
58502,q5_t804
58503,q5_t804
58503,q5_t805
58504,q5_t806
58504,q5_t807
58505,q5_t807
58505,q5_t808
58506,q5_t809
58506,q5_t810
58507,q5_t81
58507,q5_t82
58508,q5_t810
58508,q5_t811
58509,q5_t812
58509,q5_t813
58510,q5_t813
58510,q5_t814
58511,q5_t815
58511,q5_t816
58512,q5_t816
58512,q5_t817
58513,q5_t818
58513,q5_t819
58514,q5_t819
58514,q5_t820
58515,q5_t82
58515,q5_t83
58516,q5_t821
58516,q5_t822
58517,q5_t822
58517,q5_t823
58518,q5_t824
58518,q5_t825
58519,q5_t825
58519,q5_t826
58520,q5_t827
58520,q5_t828
58521,q5_t828
58521,q5_t829
58522,q5_t830
58522,q5_t831
58523,q5_t831
58523,q5_t832
58524,q5_t833
58524,q5_t834
58525,q5_t834
58525,q5_t835
58526,q5_t836
58526,q5_t837
58527,q5_t837
58527,q5_t838
58528,q5_t839
58528,q5_t840
58529,q5_t84
58529,q5_t85
58530,q5_t840
58530,q5_t841
58531,q5_t842
58531,q5_t843
58532,q5_t843
58532,q5_t844
58533,q5_t845
58533,q5_t846
58534,q5_t846
58534,q5_t847
58535,q5_t848
58535,q5_t849
58536,q5_t849
58536,q5_t850
58537,q5_t85
58537,q5_t86
58538,q5_t851
58538,q5_t852
58539,q5_t852
58539,q5_t853
58540,q5_t854
58540,q5_t855
58541,q5_t855
58541,q5_t856
58542,q5_t856
58542,q5_t857
58542,q60_t856
58542,q60_t857
58543,q5_t857
58543,q5_t858
58544,q5_t858
58544,q5_t859
58545,q5_t859
58545,q5_t860
58545,q61_t859
58545,q61_t860
58546,q5_t860
58546,q5_t861
58547,q5_t861
58547,q5_t862
58548,q5_t862
58548,q5_t863
58548,q62_t862
58548,q62_t863
58549,q5_t863
58549,q5_t864
58550,q5_t864
58550,q5_t865
58551,q5_t865
58551,q5_t866
58551,q63_t865
58551,q63_t866
58552,q5_t866
58552,q5_t867
58553,q5_t867
58553,q5_t868
58554,q5_t868
58554,q5_t869
58554,q64_t868
58554,q64_t869
58555,q5_t869
58555,q5_t870
58556,q5_t87
58556,q5_t88
58557,q5_t870
58557,q5_t871
58558,q5_t871
58558,q5_t872
58558,q65_t871
58558,q65_t872
58559,q5_t872
58559,q5_t873
58560,q5_t873
58560,q5_t874
58561,q5_t874
58561,q5_t875
58561,q66_t874
58561,q66_t875
58562,q5_t875
58562,q5_t876
58563,q5_t876
58563,q5_t877
58564,q5_t877
58564,q5_t878
58564,q67_t877
58564,q67_t878
58565,q5_t878
58565,q5_t879
58566,q5_t879
58566,q5_t880
58567,q5_t88
58567,q5_t89
58568,q5_t880
58568,q5_t881
58568,q68_t880
58568,q68_t881
58569,q5_t881
58569,q5_t882
58570,q5_t882
58570,q5_t883
58571,q5_t883
58571,q5_t884
58571,q69_t883
58571,q69_t884
58572,q5_t884
58572,q5_t885
58573,q5_t885
58573,q5_t886
58574,q5_t886
58574,q5_t887
58574,q70_t886
58574,q70_t887
58575,q5_t887
58575,q5_t888
58576,q5_t888
58576,q5_t889
58577,q5_t889
58577,q5_t890
58577,q71_t889
58577,q71_t890
58578,q5_t890
58578,q5_t891
58579,q5_t891
58579,q5_t892
58580,q5_t892
58580,q5_t893
58580,q72_t892
58580,q72_t893
58581,q5_t893
58581,q5_t894
58582,q5_t894
58582,q5_t895
58583,q5_t895
58583,q5_t896
58583,q73_t895
58583,q73_t896
58584,q5_t896
58584,q5_t897
58585,q5_t897
58585,q5_t898
58586,q5_t898
58586,q5_t899
58586,q74_t898
58586,q74_t899
58587,q5_t899
58587,q5_t900
58588,q5_t90
58588,q5_t91
58589,q5_t900
58589,q5_t901
58590,q5_t901
58590,q5_t902
58590,q75_t901
58590,q75_t902
58591,q5_t902
58591,q5_t903
58592,q5_t903
58592,q5_t904
58593,q5_t904
58593,q5_t905
58593,q76_t904
58593,q76_t905
58594,q5_t905
58594,q5_t906
58595,q5_t906
58595,q5_t907
58596,q5_t907
58596,q5_t908
58596,q77_t907
58596,q77_t908
58597,q5_t908
58597,q5_t909
58598,q5_t909
58598,q5_t910
58599,q5_t91
58599,q5_t92
58600,q5_t910
58600,q5_t911
58600,q78_t910
58600,q78_t911
58601,q5_t911
58601,q5_t912
58602,q5_t912
58602,q5_t913
58603,q5_t913
58603,q5_t914
58603,q79_t913
58603,q79_t914
58604,q5_t914
58604,q5_t915
58605,q5_t915
58605,q5_t916
58606,q5_t916
58606,q5_t917
58606,q80_t916
58606,q80_t917
58607,q5_t917
58607,q5_t918
58608,q5_t918
58608,q5_t919
58609,q5_t919
58609,q5_t920
58609,q81_t919
58609,q81_t920
58610,q5_t920
58610,q5_t921
58611,q5_t921
58611,q5_t922
58612,q5_t922
58612,q5_t923
58612,q82_t922
58612,q82_t923
58613,q5_t923
58613,q5_t924
58614,q5_t924
58614,q5_t925
58615,q5_t925
58615,q5_t926
58615,q83_t925
58615,q83_t926
58616,q5_t926
58616,q5_t927
58617,q5_t927
58617,q5_t928
58618,q5_t928
58618,q5_t929
58618,q84_t928
58618,q84_t929
58619,q5_t929
58619,q5_t930
58620,q5_t93
58620,q5_t94
58621,q5_t930
58621,q5_t931
58622,q5_t931
58622,q5_t932
58622,q85_t931
58622,q85_t932
58623,q5_t932
58623,q5_t933
58624,q5_t933
58624,q5_t934
58625,q5_t934
58625,q5_t935
58625,q86_t934
58625,q86_t935
58626,q5_t935
58626,q5_t936
58627,q5_t936
58627,q5_t937
58628,q5_t937
58628,q5_t938
58628,q87_t937
58628,q87_t938
58629,q5_t938
58629,q5_t939
58630,q5_t939
58630,q5_t940
58631,q5_t94
58631,q5_t95
58632,q5_t940
58632,q5_t941
58632,q88_t940
58632,q88_t941
58633,q5_t941
58633,q5_t942
58634,q5_t942
58634,q5_t943
58635,q5_t943
58635,q5_t944
58635,q89_t943
58635,q89_t944
58636,q5_t944
58636,q5_t945
58637,q5_t945
58637,q5_t946
58638,q5_t946
58638,q5_t947
58638,q90_t946
58638,q90_t947
58639,q5_t947
58639,q5_t948
58640,q5_t948
58640,q5_t949
58641,q5_t949
58641,q5_t950
58641,q91_t949
58641,q91_t950
58642,q5_t950
58642,q5_t951
58643,q5_t951
58643,q5_t952
58644,q5_t952
58644,q5_t953
58644,q92_t952
58644,q92_t953
58645,q5_t953
58645,q5_t954
58646,q5_t954
58646,q5_t955
58647,q5_t955
58647,q5_t956
58647,q93_t955
58647,q93_t956
58648,q5_t956
58648,q5_t957
58649,q5_t957
58649,q5_t958
58650,q5_t958
58650,q5_t959
58650,q94_t958
58650,q94_t959
58651,q5_t959
58651,q5_t960
58652,q5_t96
58652,q5_t97
58653,q5_t960
58653,q5_t961
58654,q5_t961
58654,q5_t962
58654,q95_t961
58654,q95_t962
58655,q5_t962
58655,q5_t963
58656,q5_t963
58656,q5_t964
58657,q5_t964
58657,q5_t965
58657,q96_t964
58657,q96_t965
58658,q5_t965
58658,q5_t966
58659,q5_t966
58659,q5_t967
58660,q5_t967
58660,q5_t968
58660,q97_t967
58660,q97_t968
58661,q5_t968
58661,q5_t969
58662,q5_t969
58662,q5_t970
58663,q5_t97
58663,q5_t98
58664,q5_t970
58664,q5_t971
58664,q98_t970
58664,q98_t971
58665,q5_t971
58665,q5_t972
58666,q5_t972
58666,q5_t973
58667,q5_t973
58667,q5_t974
58667,q99_t973
58667,q99_t974
58668,q5_t974
58668,q5_t975
58669,q5_t975
58669,q5_t976
58670,q5_t977
58670,q5_t978
58671,q5_t978
58671,q5_t979
58672,q5_t980
58672,q5_t981
58673,q5_t981
58673,q5_t982
58674,q5_t983
58674,q5_t984
58675,q5_t984
58675,q5_t985
58676,q5_t986
58676,q5_t987
58677,q5_t987
58677,q5_t988
58678,q5_t989
58678,q5_t990
58679,q5_t990
58679,q5_t991
58680,q5_t992
58680,q5_t993
58681,q5_t993
58681,q5_t994
58682,q5_t995
58682,q5_t996
58683,q5_t996
58683,q5_t997
58684,q5_t998
58684,q5_t999
58685,q60_t0
58685,q60_t1
58686,q60_t1
58686,q60_t179
58687,q60_t1000
58687,q60_t999
58688,q60_t1001
58688,q60_t1002
58689,q60_t1002
58689,q60_t1003
58690,q60_t1004
58690,q60_t1005
58691,q60_t1005
58691,q60_t1006
58692,q60_t1007
58692,q60_t1008
58693,q60_t1008
58693,q60_t1009
58694,q60_t1010
58694,q60_t1011
58695,q60_t1011
58695,q60_t1012
58696,q60_t1013
58696,q60_t1014
58697,q60_t1014
58697,q60_t1015
58698,q60_t1016
58698,q60_t1017
58699,q60_t1017
58699,q60_t1018
58700,q60_t1019
58700,q60_t1020
58701,q60_t1020
58701,q60_t1024
58702,q60_t1024
58702,q60_t1025
58702,q61_t1024
58702,q61_t1025
58703,q60_t1025
58703,q60_t1026
58704,q60_t1026
58704,q60_t1027
58705,q60_t1027
58705,q60_t1028
58705,q62_t1027
58705,q62_t1028
58706,q60_t1028
58706,q60_t1029
58707,q60_t1029
58707,q60_t1030
58708,q60_t1030
58708,q60_t1031
58708,q63_t1030
58708,q63_t1031
58709,q60_t1031
58709,q60_t1032
58710,q60_t1032
58710,q60_t1033
58711,q60_t1033
58711,q60_t1034
58711,q64_t1033
58711,q64_t1034
58712,q60_t1034
58712,q60_t1035
58713,q60_t1035
58713,q60_t1036
58714,q60_t1036
58714,q60_t1037
58714,q65_t1036
58714,q65_t1037
58715,q60_t1037
58715,q60_t1038
58716,q60_t1038
58716,q60_t1039
58717,q60_t1039
58717,q60_t1040
58717,q66_t1039
58717,q66_t1040
58718,q60_t1040
58718,q60_t1041
58719,q60_t1041
58719,q60_t1042
58720,q60_t1042
58720,q60_t1043
58720,q67_t1042
58720,q67_t1043
58721,q60_t1043
58721,q60_t1044
58722,q60_t1044
58722,q60_t1045
58723,q60_t1045
58723,q60_t1046
58723,q68_t1045
58723,q68_t1046
58724,q60_t1046
58724,q60_t1047
58725,q60_t1047
58725,q60_t1048
58726,q60_t1048
58726,q60_t1049
58726,q69_t1048
58726,q69_t1049
58727,q60_t1049
58727,q60_t1050
58728,q60_t1050
58728,q60_t1051
58729,q60_t1051
58729,q60_t1052
58729,q70_t1051
58729,q70_t1052
58730,q60_t1052
58730,q60_t1053
58731,q60_t1053
58731,q60_t1054
58732,q60_t1054
58732,q60_t1055
58732,q71_t1054
58732,q71_t1055
58733,q60_t1055
58733,q60_t1056
58734,q60_t1056
58734,q60_t1057
58735,q60_t1057
58735,q60_t1058
58735,q72_t1057
58735,q72_t1058
58736,q60_t1058
58736,q60_t1059
58737,q60_t1059
58737,q60_t1060
58738,q60_t1060
58738,q60_t1061
58738,q73_t1060
58738,q73_t1061
58739,q60_t1061
58739,q60_t1062
58740,q60_t1062
58740,q60_t1063
58741,q60_t1063
58741,q60_t1064
58741,q74_t1063
58741,q74_t1064
58742,q60_t1064
58742,q60_t1065
58743,q60_t1065
58743,q60_t1066
58744,q60_t1066
58744,q60_t1067
58744,q75_t1066
58744,q75_t1067
58745,q60_t1067
58745,q60_t1068
58746,q60_t1068
58746,q60_t1069
58747,q60_t1069
58747,q60_t1070
58747,q76_t1069
58747,q76_t1070
58748,q60_t1070
58748,q60_t1071
58749,q60_t1071
58749,q60_t1072
58750,q60_t1072
58750,q60_t1073
58750,q77_t1072
58750,q77_t1073
58751,q60_t1073
58751,q60_t1074
58752,q60_t1074
58752,q60_t1075
58753,q60_t1075
58753,q60_t1076
58753,q78_t1075
58753,q78_t1076
58754,q60_t1076
58754,q60_t1077
58755,q60_t1077
58755,q60_t1078
58756,q60_t1078
58756,q60_t1079
58756,q79_t1078
58756,q79_t1079
58757,q60_t1079
58757,q60_t1080
58758,q60_t1080
58758,q60_t1081
58759,q60_t1081
58759,q60_t1082
58759,q80_t1081
58759,q80_t1082
58760,q60_t1082
58760,q60_t1083
58761,q60_t1083
58761,q60_t1084
58762,q60_t1084
58762,q60_t1085
58762,q81_t1084
58762,q81_t1085
58763,q60_t1085
58763,q60_t1086
58764,q60_t1086
58764,q60_t1087
58765,q60_t1087
58765,q60_t1088
58765,q82_t1087
58765,q82_t1088
58766,q60_t1088
58766,q60_t1089
58767,q60_t1089
58767,q60_t1090
58768,q60_t1090
58768,q60_t1091
58768,q83_t1090
58768,q83_t1091
58769,q60_t1091
58769,q60_t1092
58770,q60_t1092
58770,q60_t1093
58771,q60_t1093
58771,q60_t1094
58771,q84_t1093
58771,q84_t1094
58772,q60_t1094
58772,q60_t1095
58773,q60_t1095
58773,q60_t1096
58774,q60_t1096
58774,q60_t1097
58774,q85_t1096
58774,q85_t1097
58775,q60_t1097
58775,q60_t1098
58776,q60_t1098
58776,q60_t1099
58777,q60_t1099
58777,q60_t1100
58777,q86_t1099
58777,q86_t1100
58778,q60_t1100
58778,q60_t1101
58779,q60_t1101
58779,q60_t1102
58780,q60_t1102
58780,q60_t1103
58780,q87_t1102
58780,q87_t1103
58781,q60_t1103
58781,q60_t1104
58782,q60_t1104
58782,q60_t1105
58783,q60_t1105
58783,q60_t1106
58783,q88_t1105
58783,q88_t1106
58784,q60_t1106
58784,q60_t1107
58785,q60_t1107
58785,q60_t1108
58786,q60_t1108
58786,q60_t1109
58786,q89_t1108
58786,q89_t1109
58787,q60_t1109
58787,q60_t1110
58788,q60_t1110
58788,q60_t1111
58789,q60_t1111
58789,q60_t1112
58789,q90_t1111
58789,q90_t1112
58790,q60_t1112
58790,q60_t1113
58791,q60_t1113
58791,q60_t1114
58792,q60_t1114
58792,q60_t1115
58792,q91_t1114
58792,q91_t1115
58793,q60_t1115
58793,q60_t1116
58794,q60_t1116
58794,q60_t1117
58795,q60_t1117
58795,q60_t1118
58795,q92_t1117
58795,q92_t1118
58796,q60_t1118
58796,q60_t1119
58797,q60_t1119
58797,q60_t1120
58798,q60_t1120
58798,q60_t1121
58798,q93_t1120
58798,q93_t1121
58799,q60_t1121
58799,q60_t1122
58800,q60_t1122
58800,q60_t1123
58801,q60_t1123
58801,q60_t1124
58801,q94_t1123
58801,q94_t1124
58802,q60_t1124
58802,q60_t1125
58803,q60_t1125
58803,q60_t1126
58804,q60_t1126
58804,q60_t1127
58804,q95_t1126
58804,q95_t1127
58805,q60_t1127
58805,q60_t1128
58806,q60_t1128
58806,q60_t1129
58807,q60_t1129
58807,q60_t1130
58807,q96_t1129
58807,q96_t1130
58808,q60_t1130
58808,q60_t1131
58809,q60_t1131
58809,q60_t1132
58810,q60_t1132
58810,q60_t1133
58810,q97_t1132
58810,q97_t1133
58811,q60_t1133
58811,q60_t1134
58812,q60_t1134
58812,q60_t1135
58813,q60_t1135
58813,q60_t1136
58813,q98_t1135
58813,q98_t1136
58814,q60_t1136
58814,q60_t1137
58815,q60_t1137
58815,q60_t1138
58816,q60_t1138
58816,q60_t1139
58816,q99_t1138
58816,q99_t1139
58817,q60_t1139
58817,q60_t1140
58818,q60_t1140
58818,q60_t1141
58819,q60_t1142
58819,q60_t1143
58820,q60_t1143
58820,q60_t1144
58821,q60_t1145
58821,q60_t1146
58822,q60_t1146
58822,q60_t1147
58823,q60_t1148
58823,q60_t1149
58824,q60_t1149
58824,q60_t1150
58825,q60_t1151
58825,q60_t1152
58826,q60_t1152
58826,q60_t1153
58827,q60_t1154
58827,q60_t1155
58828,q60_t1155
58828,q60_t1156
58829,q60_t1157
58829,q60_t1158
58830,q60_t1158
58830,q60_t1159
58831,q60_t1160
58831,q60_t1161
58832,q60_t1161
58832,q60_t1162
58833,q60_t1163
58833,q60_t1164
58834,q60_t1164
58834,q60_t1165
58835,q60_t1166
58835,q60_t1167
58836,q60_t1167
58836,q60_t1168
58837,q60_t1169
58837,q60_t1170
58838,q60_t1170
58838,q60_t1171
58839,q60_t180
58839,q60_t181
58840,q60_t181
58840,q60_t182
58841,q60_t183
58841,q60_t184
58842,q60_t184
58842,q60_t185
58843,q60_t186
58843,q60_t187
58844,q60_t187
58844,q60_t188
58845,q60_t189
58845,q60_t190
58846,q60_t190
58846,q60_t191
58847,q60_t192
58847,q60_t193
58848,q60_t193
58848,q60_t194
58849,q60_t195
58849,q60_t196
58850,q60_t196
58850,q60_t197
58851,q60_t197
58851,q60_t198
58851,q6_t197
58851,q6_t198
58852,q60_t198
58852,q60_t199
58853,q60_t199
58853,q60_t200
58854,q60_t200
58854,q60_t201
58854,q7_t200
58854,q7_t201
58855,q60_t201
58855,q60_t202
58856,q60_t202
58856,q60_t203
58857,q60_t203
58857,q60_t204
58857,q8_t203
58857,q8_t204
58858,q60_t204
58858,q60_t205
58859,q60_t205
58859,q60_t206
58860,q60_t206
58860,q60_t207
58860,q9_t206
58860,q9_t207
58861,q60_t207
58861,q60_t208
58862,q60_t208
58862,q60_t209
58863,q60_t210
58863,q60_t211
58864,q60_t211
58864,q60_t212
58865,q60_t213
58865,q60_t214
58866,q60_t214
58866,q60_t215
58867,q60_t216
58867,q60_t217
58868,q60_t217
58868,q60_t218
58869,q60_t219
58869,q60_t220
58870,q60_t220
58870,q60_t221
58871,q60_t222
58871,q60_t223
58872,q60_t223
58872,q60_t224
58873,q60_t225
58873,q60_t226
58874,q60_t226
58874,q60_t227
58875,q60_t228
58875,q60_t229
58876,q60_t229
58876,q60_t230
58877,q60_t231
58877,q60_t232
58878,q60_t232
58878,q60_t233
58879,q60_t234
58879,q60_t235
58880,q60_t235
58880,q60_t236
58881,q60_t237
58881,q60_t238
58882,q60_t238
58882,q60_t239
58883,q60_t240
58883,q60_t241
58884,q60_t241
58884,q60_t242
58885,q60_t243
58885,q60_t244
58886,q60_t244
58886,q60_t245
58887,q60_t246
58887,q60_t247
58888,q60_t247
58888,q60_t248
58889,q60_t249
58889,q60_t250
58890,q60_t250
58890,q60_t251
58891,q60_t252
58891,q60_t253
58892,q60_t253
58892,q60_t254
58893,q60_t255
58893,q60_t256
58894,q60_t256
58894,q60_t257
58895,q60_t258
58895,q60_t259
58896,q60_t259
58896,q60_t260
58897,q60_t261
58897,q60_t262
58898,q60_t262
58898,q60_t263
58899,q60_t264
58899,q60_t265
58900,q60_t265
58900,q60_t266
58901,q60_t267
58901,q60_t268
58902,q60_t268
58902,q60_t269
58903,q60_t270
58903,q60_t271
58904,q60_t271
58904,q60_t272
58905,q60_t273
58905,q60_t274
58906,q60_t274
58906,q60_t275
58907,q60_t276
58907,q60_t277
58908,q60_t277
58908,q60_t278
58909,q60_t279
58909,q60_t280
58910,q60_t280
58910,q60_t281
58911,q60_t282
58911,q60_t283
58912,q60_t283
58912,q60_t284
58913,q60_t285
58913,q60_t286
58914,q60_t286
58914,q60_t287
58915,q60_t288
58915,q60_t289
58916,q60_t289
58916,q60_t290
58917,q60_t291
58917,q60_t292
58918,q60_t292
58918,q60_t293
58919,q60_t294
58919,q60_t295
58920,q60_t295
58920,q60_t296
58921,q60_t297
58921,q60_t298
58922,q60_t298
58922,q60_t299
58923,q60_t300
58923,q60_t301
58924,q60_t301
58924,q60_t302
58925,q60_t303
58925,q60_t304
58926,q60_t304
58926,q60_t305
58927,q60_t306
58927,q60_t307
58928,q60_t307
58928,q60_t308
58929,q60_t309
58929,q60_t310
58930,q60_t310
58930,q60_t311
58931,q60_t312
58931,q60_t313
58932,q60_t313
58932,q60_t314
58933,q60_t315
58933,q60_t316
58934,q60_t316
58934,q60_t317
58935,q60_t318
58935,q60_t319
58936,q60_t319
58936,q60_t320
58937,q60_t321
58937,q60_t322
58938,q60_t322
58938,q60_t323
58939,q60_t324
58939,q60_t325
58940,q60_t325
58940,q60_t326
58941,q60_t327
58941,q60_t328
58942,q60_t328
58942,q60_t329
58943,q60_t330
58943,q60_t331
58944,q60_t331
58944,q60_t332
58945,q60_t333
58945,q60_t334
58946,q60_t334
58946,q60_t335
58947,q60_t336
58947,q60_t337
58948,q60_t337
58948,q60_t338
58949,q60_t339
58949,q60_t340
58950,q60_t340
58950,q60_t341
58951,q60_t342
58951,q60_t343
58952,q60_t343
58952,q60_t344
58953,q60_t345
58953,q60_t346
58954,q60_t346
58954,q60_t347
58955,q60_t348
58955,q60_t349
58956,q60_t349
58956,q60_t350
58957,q60_t351
58957,q60_t352
58958,q60_t352
58958,q60_t353
58959,q60_t354
58959,q60_t355
58960,q60_t355
58960,q60_t356
58961,q60_t357
58961,q60_t358
58962,q60_t358
58962,q60_t362
58963,q60_t362
58963,q60_t363
58963,q61_t362
58963,q61_t363
58964,q60_t363
58964,q60_t364
58965,q60_t364
58965,q60_t365
58966,q60_t365
58966,q60_t366
58966,q62_t365
58966,q62_t366
58967,q60_t366
58967,q60_t367
58968,q60_t367
58968,q60_t368
58969,q60_t368
58969,q60_t369
58969,q63_t368
58969,q63_t369
58970,q60_t369
58970,q60_t370
58971,q60_t370
58971,q60_t371
58972,q60_t371
58972,q60_t372
58972,q64_t371
58972,q64_t372
58973,q60_t372
58973,q60_t373
58974,q60_t373
58974,q60_t374
58975,q60_t374
58975,q60_t375
58975,q65_t374
58975,q65_t375
58976,q60_t375
58976,q60_t376
58977,q60_t376
58977,q60_t377
58978,q60_t377
58978,q60_t378
58978,q66_t377
58978,q66_t378
58979,q60_t378
58979,q60_t379
58980,q60_t379
58980,q60_t380
58981,q60_t380
58981,q60_t381
58981,q67_t380
58981,q67_t381
58982,q60_t381
58982,q60_t382
58983,q60_t382
58983,q60_t383
58984,q60_t383
58984,q60_t384
58984,q68_t383
58984,q68_t384
58985,q60_t384
58985,q60_t385
58986,q60_t385
58986,q60_t386
58987,q60_t386
58987,q60_t387
58987,q69_t386
58987,q69_t387
58988,q60_t387
58988,q60_t388
58989,q60_t388
58989,q60_t389
58990,q60_t389
58990,q60_t390
58990,q70_t389
58990,q70_t390
58991,q60_t390
58991,q60_t391
58992,q60_t391
58992,q60_t392
58993,q60_t392
58993,q60_t393
58993,q71_t392
58993,q71_t393
58994,q60_t393
58994,q60_t394
58995,q60_t394
58995,q60_t395
58996,q60_t395
58996,q60_t396
58996,q72_t395
58996,q72_t396
58997,q60_t396
58997,q60_t397
58998,q60_t397
58998,q60_t398
58999,q60_t398
58999,q60_t399
58999,q73_t398
58999,q73_t399
59000,q60_t399
59000,q60_t400
59001,q60_t400
59001,q60_t401
59002,q60_t401
59002,q60_t402
59002,q74_t401
59002,q74_t402
59003,q60_t402
59003,q60_t403
59004,q60_t403
59004,q60_t404
59005,q60_t404
59005,q60_t405
59005,q75_t404
59005,q75_t405
59006,q60_t405
59006,q60_t406
59007,q60_t406
59007,q60_t407
59008,q60_t407
59008,q60_t408
59008,q76_t407
59008,q76_t408
59009,q60_t408
59009,q60_t409
59010,q60_t409
59010,q60_t410
59011,q60_t410
59011,q60_t411
59011,q77_t410
59011,q77_t411
59012,q60_t411
59012,q60_t412
59013,q60_t412
59013,q60_t413
59014,q60_t413
59014,q60_t414
59014,q78_t413
59014,q78_t414
59015,q60_t414
59015,q60_t415
59016,q60_t415
59016,q60_t416
59017,q60_t416
59017,q60_t417
59017,q79_t416
59017,q79_t417
59018,q60_t417
59018,q60_t418
59019,q60_t418
59019,q60_t419
59020,q60_t419
59020,q60_t420
59020,q80_t419
59020,q80_t420
59021,q60_t420
59021,q60_t421
59022,q60_t421
59022,q60_t422
59023,q60_t422
59023,q60_t423
59023,q81_t422
59023,q81_t423
59024,q60_t423
59024,q60_t424
59025,q60_t424
59025,q60_t425
59026,q60_t425
59026,q60_t426
59026,q82_t425
59026,q82_t426
59027,q60_t426
59027,q60_t427
59028,q60_t427
59028,q60_t428
59029,q60_t428
59029,q60_t429
59029,q83_t428
59029,q83_t429
59030,q60_t429
59030,q60_t430
59031,q60_t430
59031,q60_t431
59032,q60_t431
59032,q60_t432
59032,q84_t431
59032,q84_t432
59033,q60_t432
59033,q60_t433
59034,q60_t433
59034,q60_t434
59035,q60_t434
59035,q60_t435
59035,q85_t434
59035,q85_t435
59036,q60_t435
59036,q60_t436
59037,q60_t436
59037,q60_t437
59038,q60_t437
59038,q60_t438
59038,q86_t437
59038,q86_t438
59039,q60_t438
59039,q60_t439
59040,q60_t439
59040,q60_t440
59041,q60_t440
59041,q60_t441
59041,q87_t440
59041,q87_t441
59042,q60_t441
59042,q60_t442
59043,q60_t442
59043,q60_t443
59044,q60_t443
59044,q60_t444
59044,q88_t443
59044,q88_t444
59045,q60_t444
59045,q60_t445
59046,q60_t445
59046,q60_t446
59047,q60_t446
59047,q60_t447
59047,q89_t446
59047,q89_t447
59048,q60_t447
59048,q60_t448
59049,q60_t448
59049,q60_t449
59050,q60_t449
59050,q60_t450
59050,q90_t449
59050,q90_t450
59051,q60_t450
59051,q60_t451
59052,q60_t451
59052,q60_t452
59053,q60_t452
59053,q60_t453
59053,q91_t452
59053,q91_t453
59054,q60_t453
59054,q60_t454
59055,q60_t454
59055,q60_t455
59056,q60_t455
59056,q60_t456
59056,q92_t455
59056,q92_t456
59057,q60_t456
59057,q60_t457
59058,q60_t457
59058,q60_t458
59059,q60_t458
59059,q60_t459
59059,q93_t458
59059,q93_t459
59060,q60_t459
59060,q60_t460
59061,q60_t460
59061,q60_t461
59062,q60_t461
59062,q60_t462
59062,q94_t461
59062,q94_t462
59063,q60_t462
59063,q60_t463
59064,q60_t463
59064,q60_t464
59065,q60_t464
59065,q60_t465
59065,q95_t464
59065,q95_t465
59066,q60_t465
59066,q60_t466
59067,q60_t466
59067,q60_t467
59068,q60_t467
59068,q60_t468
59068,q96_t467
59068,q96_t468
59069,q60_t468
59069,q60_t469
59070,q60_t469
59070,q60_t470
59071,q60_t470
59071,q60_t471
59071,q97_t470
59071,q97_t471
59072,q60_t471
59072,q60_t472
59073,q60_t472
59073,q60_t473
59074,q60_t473
59074,q60_t474
59074,q98_t473
59074,q98_t474
59075,q60_t474
59075,q60_t475
59076,q60_t475
59076,q60_t476
59077,q60_t476
59077,q60_t477
59077,q99_t476
59077,q99_t477
59078,q60_t477
59078,q60_t478
59079,q60_t478
59079,q60_t479
59080,q60_t480
59080,q60_t481
59081,q60_t481
59081,q60_t482
59082,q60_t483
59082,q60_t484
59083,q60_t484
59083,q60_t485
59084,q60_t486
59084,q60_t487
59085,q60_t487
59085,q60_t488
59086,q60_t489
59086,q60_t490
59087,q60_t490
59087,q60_t491
59088,q60_t492
59088,q60_t493
59089,q60_t493
59089,q60_t494
59090,q60_t495
59090,q60_t496
59091,q60_t496
59091,q60_t497
59092,q60_t498
59092,q60_t499
59093,q60_t499
59093,q60_t500
59094,q60_t501
59094,q60_t502
59095,q60_t502
59095,q60_t503
59096,q60_t504
59096,q60_t505
59097,q60_t505
59097,q60_t506
59098,q60_t507
59098,q60_t508
59099,q60_t508
59099,q60_t509
59100,q60_t509
59100,q60_t510
59101,q60_t511
59101,q60_t512
59102,q60_t512
59102,q60_t513
59103,q60_t514
59103,q60_t515
59104,q60_t515
59104,q60_t516
59105,q60_t517
59105,q60_t518
59106,q60_t518
59106,q60_t519
59107,q60_t520
59107,q60_t521
59108,q60_t521
59108,q60_t522
59109,q60_t523
59109,q60_t524
59110,q60_t524
59110,q60_t525
59111,q60_t526
59111,q60_t527
59112,q60_t527
59112,q60_t528
59113,q60_t528
59113,q60_t529
59113,q6_t528
59113,q6_t529
59114,q60_t529
59114,q60_t530
59115,q60_t530
59115,q60_t531
59116,q60_t531
59116,q60_t532
59116,q7_t531
59116,q7_t532
59117,q60_t532
59117,q60_t533
59118,q60_t533
59118,q60_t534
59119,q60_t534
59119,q60_t535
59119,q8_t534
59119,q8_t535
59120,q60_t535
59120,q60_t536
59121,q60_t536
59121,q60_t537
59122,q60_t537
59122,q60_t538
59122,q9_t537
59122,q9_t538
59123,q60_t538
59123,q60_t539
59124,q60_t539
59124,q60_t540
59125,q60_t541
59125,q60_t542
59126,q60_t542
59126,q60_t543
59127,q60_t544
59127,q60_t545
59128,q60_t545
59128,q60_t546
59129,q60_t547
59129,q60_t548
59130,q60_t548
59130,q60_t549
59131,q60_t550
59131,q60_t551
59132,q60_t551
59132,q60_t552
59133,q60_t553
59133,q60_t554
59134,q60_t554
59134,q60_t555
59135,q60_t556
59135,q60_t557
59136,q60_t557
59136,q60_t558
59137,q60_t559
59137,q60_t560
59138,q60_t560
59138,q60_t561
59139,q60_t562
59139,q60_t563
59140,q60_t563
59140,q60_t564
59141,q60_t565
59141,q60_t566
59142,q60_t566
59142,q60_t567
59143,q60_t568
59143,q60_t569
59144,q60_t569
59144,q60_t570
59145,q60_t571
59145,q60_t572
59146,q60_t572
59146,q60_t573
59147,q60_t574
59147,q60_t575
59148,q60_t575
59148,q60_t576
59149,q60_t577
59149,q60_t578
59150,q60_t578
59150,q60_t579
59151,q60_t580
59151,q60_t581
59152,q60_t581
59152,q60_t582
59153,q60_t583
59153,q60_t584
59154,q60_t584
59154,q60_t585
59155,q60_t586
59155,q60_t587
59156,q60_t587
59156,q60_t588
59157,q60_t589
59157,q60_t590
59158,q60_t590
59158,q60_t591
59159,q60_t592
59159,q60_t593
59160,q60_t593
59160,q60_t594
59161,q60_t595
59161,q60_t596
59162,q60_t596
59162,q60_t597
59163,q60_t598
59163,q60_t599
59164,q60_t599
59164,q60_t600
59165,q60_t601
59165,q60_t602
59166,q60_t602
59166,q60_t603
59167,q60_t604
59167,q60_t605
59168,q60_t605
59168,q60_t606
59169,q60_t607
59169,q60_t608
59170,q60_t608
59170,q60_t609
59171,q60_t610
59171,q60_t611
59172,q60_t611
59172,q60_t612
59173,q60_t613
59173,q60_t614
59174,q60_t614
59174,q60_t615
59175,q60_t616
59175,q60_t617
59176,q60_t617
59176,q60_t618
59177,q60_t619
59177,q60_t620
59178,q60_t620
59178,q60_t621
59179,q60_t622
59179,q60_t623
59180,q60_t623
59180,q60_t624
59181,q60_t625
59181,q60_t626
59182,q60_t626
59182,q60_t627
59183,q60_t628
59183,q60_t629
59184,q60_t629
59184,q60_t630
59185,q60_t631
59185,q60_t632
59186,q60_t632
59186,q60_t633
59187,q60_t634
59187,q60_t635
59188,q60_t635
59188,q60_t636
59189,q60_t637
59189,q60_t638
59190,q60_t638
59190,q60_t639
59191,q60_t640
59191,q60_t641
59192,q60_t641
59192,q60_t642
59193,q60_t643
59193,q60_t644
59194,q60_t644
59194,q60_t645
59195,q60_t646
59195,q60_t647
59196,q60_t647
59196,q60_t648
59197,q60_t649
59197,q60_t650
59198,q60_t650
59198,q60_t651
59199,q60_t652
59199,q60_t653
59200,q60_t653
59200,q60_t654
59201,q60_t655
59201,q60_t656
59202,q60_t656
59202,q60_t657
59203,q60_t658
59203,q60_t659
59204,q60_t659
59204,q60_t660
59205,q60_t661
59205,q60_t662
59206,q60_t662
59206,q60_t663
59207,q60_t664
59207,q60_t665
59208,q60_t665
59208,q60_t666
59209,q60_t667
59209,q60_t668
59210,q60_t668
59210,q60_t669
59211,q60_t670
59211,q60_t671
59212,q60_t671
59212,q60_t672
59213,q60_t673
59213,q60_t674
59214,q60_t674
59214,q60_t675
59215,q60_t676
59215,q60_t677
59216,q60_t677
59216,q60_t678
59217,q60_t679
59217,q60_t680
59218,q60_t680
59218,q60_t681
59219,q60_t682
59219,q60_t683
59220,q60_t683
59220,q60_t684
59221,q60_t685
59221,q60_t686
59222,q60_t686
59222,q60_t687
59223,q60_t688
59223,q60_t689
59224,q60_t689
59224,q60_t693
59225,q60_t693
59225,q60_t694
59225,q61_t693
59225,q61_t694
59226,q60_t694
59226,q60_t695
59227,q60_t695
59227,q60_t696
59228,q60_t696
59228,q60_t697
59228,q62_t696
59228,q62_t697
59229,q60_t697
59229,q60_t698
59230,q60_t698
59230,q60_t699
59231,q60_t699
59231,q60_t700
59231,q63_t699
59231,q63_t700
59232,q60_t700
59232,q60_t701
59233,q60_t701
59233,q60_t702
59234,q60_t702
59234,q60_t703
59234,q64_t702
59234,q64_t703
59235,q60_t703
59235,q60_t704
59236,q60_t704
59236,q60_t705
59237,q60_t705
59237,q60_t706
59237,q65_t705
59237,q65_t706
59238,q60_t706
59238,q60_t707
59239,q60_t707
59239,q60_t708
59240,q60_t708
59240,q60_t709
59240,q66_t708
59240,q66_t709
59241,q60_t709
59241,q60_t710
59242,q60_t710
59242,q60_t711
59243,q60_t711
59243,q60_t712
59243,q67_t711
59243,q67_t712
59244,q60_t712
59244,q60_t713
59245,q60_t713
59245,q60_t714
59246,q60_t714
59246,q60_t715
59246,q68_t714
59246,q68_t715
59247,q60_t715
59247,q60_t716
59248,q60_t716
59248,q60_t717
59249,q60_t717
59249,q60_t718
59249,q69_t717
59249,q69_t718
59250,q60_t718
59250,q60_t719
59251,q60_t719
59251,q60_t720
59252,q60_t720
59252,q60_t721
59252,q70_t720
59252,q70_t721
59253,q60_t721
59253,q60_t722
59254,q60_t722
59254,q60_t723
59255,q60_t723
59255,q60_t724
59255,q71_t723
59255,q71_t724
59256,q60_t724
59256,q60_t725
59257,q60_t725
59257,q60_t726
59258,q60_t726
59258,q60_t727
59258,q72_t726
59258,q72_t727
59259,q60_t727
59259,q60_t728
59260,q60_t728
59260,q60_t729
59261,q60_t729
59261,q60_t730
59261,q73_t729
59261,q73_t730
59262,q60_t730
59262,q60_t731
59263,q60_t731
59263,q60_t732
59264,q60_t732
59264,q60_t733
59264,q74_t732
59264,q74_t733
59265,q60_t733
59265,q60_t734
59266,q60_t734
59266,q60_t735
59267,q60_t735
59267,q60_t736
59267,q75_t735
59267,q75_t736
59268,q60_t736
59268,q60_t737
59269,q60_t737
59269,q60_t738
59270,q60_t738
59270,q60_t739
59270,q76_t738
59270,q76_t739
59271,q60_t739
59271,q60_t740
59272,q60_t740
59272,q60_t741
59273,q60_t741
59273,q60_t742
59273,q77_t741
59273,q77_t742
59274,q60_t742
59274,q60_t743
59275,q60_t743
59275,q60_t744
59276,q60_t744
59276,q60_t745
59276,q78_t744
59276,q78_t745
59277,q60_t745
59277,q60_t746
59278,q60_t746
59278,q60_t747
59279,q60_t747
59279,q60_t748
59279,q79_t747
59279,q79_t748
59280,q60_t748
59280,q60_t749
59281,q60_t749
59281,q60_t750
59282,q60_t750
59282,q60_t751
59282,q80_t750
59282,q80_t751
59283,q60_t751
59283,q60_t752
59284,q60_t752
59284,q60_t753
59285,q60_t753
59285,q60_t754
59285,q81_t753
59285,q81_t754
59286,q60_t754
59286,q60_t755
59287,q60_t755
59287,q60_t756
59288,q60_t756
59288,q60_t757
59288,q82_t756
59288,q82_t757
59289,q60_t757
59289,q60_t758
59290,q60_t758
59290,q60_t759
59291,q60_t759
59291,q60_t760
59291,q83_t759
59291,q83_t760
59292,q60_t760
59292,q60_t761
59293,q60_t761
59293,q60_t762
59294,q60_t762
59294,q60_t763
59294,q84_t762
59294,q84_t763
59295,q60_t763
59295,q60_t764
59296,q60_t764
59296,q60_t765
59297,q60_t765
59297,q60_t766
59297,q85_t765
59297,q85_t766
59298,q60_t766
59298,q60_t767
59299,q60_t767
59299,q60_t768
59300,q60_t768
59300,q60_t769
59300,q86_t768
59300,q86_t769
59301,q60_t769
59301,q60_t770
59302,q60_t770
59302,q60_t771
59303,q60_t771
59303,q60_t772
59303,q87_t771
59303,q87_t772
59304,q60_t772
59304,q60_t773
59305,q60_t773
59305,q60_t774
59306,q60_t774
59306,q60_t775
59306,q88_t774
59306,q88_t775
59307,q60_t775
59307,q60_t776
59308,q60_t776
59308,q60_t777
59309,q60_t777
59309,q60_t778
59309,q89_t777
59309,q89_t778
59310,q60_t778
59310,q60_t779
59311,q60_t779
59311,q60_t780
59312,q60_t780
59312,q60_t781
59312,q90_t780
59312,q90_t781
59313,q60_t781
59313,q60_t782
59314,q60_t782
59314,q60_t783
59315,q60_t783
59315,q60_t784
59315,q91_t783
59315,q91_t784
59316,q60_t784
59316,q60_t785
59317,q60_t785
59317,q60_t786
59318,q60_t786
59318,q60_t787
59318,q92_t786
59318,q92_t787
59319,q60_t787
59319,q60_t788
59320,q60_t788
59320,q60_t789
59321,q60_t789
59321,q60_t790
59321,q93_t789
59321,q93_t790
59322,q60_t790
59322,q60_t791
59323,q60_t791
59323,q60_t792
59324,q60_t792
59324,q60_t793
59324,q94_t792
59324,q94_t793
59325,q60_t793
59325,q60_t794
59326,q60_t794
59326,q60_t795
59327,q60_t795
59327,q60_t796
59327,q95_t795
59327,q95_t796
59328,q60_t796
59328,q60_t797
59329,q60_t797
59329,q60_t798
59330,q60_t798
59330,q60_t799
59330,q96_t798
59330,q96_t799
59331,q60_t799
59331,q60_t800
59332,q60_t800
59332,q60_t801
59333,q60_t801
59333,q60_t802
59333,q97_t801
59333,q97_t802
59334,q60_t802
59334,q60_t803
59335,q60_t803
59335,q60_t804
59336,q60_t804
59336,q60_t805
59336,q98_t804
59336,q98_t805
59337,q60_t805
59337,q60_t806
59338,q60_t806
59338,q60_t807
59339,q60_t807
59339,q60_t808
59339,q99_t807
59339,q99_t808
59340,q60_t808
59340,q60_t809
59341,q60_t809
59341,q60_t810
59342,q60_t811
59342,q60_t812
59343,q60_t812
59343,q60_t813
59344,q60_t814
59344,q60_t815
59345,q60_t815
59345,q60_t816
59346,q60_t817
59346,q60_t818
59347,q60_t818
59347,q60_t819
59348,q60_t820
59348,q60_t821
59349,q60_t821
59349,q60_t822
59350,q60_t823
59350,q60_t824
59351,q60_t824
59351,q60_t825
59352,q60_t826
59352,q60_t827
59353,q60_t827
59353,q60_t828
59354,q60_t829
59354,q60_t830
59355,q60_t830
59355,q60_t831
59356,q60_t832
59356,q60_t833
59357,q60_t833
59357,q60_t834
59358,q60_t835
59358,q60_t836
59359,q60_t836
59359,q60_t837
59360,q60_t838
59360,q60_t839
59361,q60_t839
59361,q60_t840
59362,q60_t840
59362,q60_t841
59363,q60_t842
59363,q60_t843
59364,q60_t843
59364,q60_t844
59365,q60_t845
59365,q60_t846
59366,q60_t846
59366,q60_t847
59367,q60_t848
59367,q60_t849
59368,q60_t849
59368,q60_t850
59369,q60_t851
59369,q60_t852
59370,q60_t852
59370,q60_t853
59371,q60_t854
59371,q60_t855
59372,q60_t855
59372,q60_t856
59373,q60_t857
59373,q60_t858
59374,q60_t858
59374,q60_t859
59375,q60_t859
59375,q60_t860
59375,q6_t859
59375,q6_t860
59376,q60_t860
59376,q60_t861
59377,q60_t861
59377,q60_t862
59378,q60_t862
59378,q60_t863
59378,q7_t862
59378,q7_t863
59379,q60_t863
59379,q60_t864
59380,q60_t864
59380,q60_t865
59381,q60_t865
59381,q60_t866
59381,q8_t865
59381,q8_t866
59382,q60_t866
59382,q60_t867
59383,q60_t867
59383,q60_t868
59384,q60_t868
59384,q60_t869
59384,q9_t868
59384,q9_t869
59385,q60_t869
59385,q60_t870
59386,q60_t870
59386,q60_t871
59387,q60_t872
59387,q60_t873
59388,q60_t873
59388,q60_t874
59389,q60_t875
59389,q60_t876
59390,q60_t876
59390,q60_t877
59391,q60_t878
59391,q60_t879
59392,q60_t879
59392,q60_t880
59393,q60_t881
59393,q60_t882
59394,q60_t882
59394,q60_t883
59395,q60_t884
59395,q60_t885
59396,q60_t885
59396,q60_t886
59397,q60_t887
59397,q60_t888
59398,q60_t888
59398,q60_t889
59399,q60_t890
59399,q60_t891
59400,q60_t891
59400,q60_t892
59401,q60_t893
59401,q60_t894
59402,q60_t894
59402,q60_t895
59403,q60_t896
59403,q60_t897
59404,q60_t897
59404,q60_t898
59405,q60_t899
59405,q60_t900
59406,q60_t900
59406,q60_t901
59407,q60_t902
59407,q60_t903
59408,q60_t903
59408,q60_t904
59409,q60_t905
59409,q60_t906
59410,q60_t906
59410,q60_t907
59411,q60_t908
59411,q60_t909
59412,q60_t909
59412,q60_t910
59413,q60_t911
59413,q60_t912
59414,q60_t912
59414,q60_t913
59415,q60_t914
59415,q60_t915
59416,q60_t915
59416,q60_t916
59417,q60_t917
59417,q60_t918
59418,q60_t918
59418,q60_t919
59419,q60_t920
59419,q60_t921
59420,q60_t921
59420,q60_t922
59421,q60_t923
59421,q60_t924
59422,q60_t924
59422,q60_t925
59423,q60_t926
59423,q60_t927
59424,q60_t927
59424,q60_t928
59425,q60_t929
59425,q60_t930
59426,q60_t930
59426,q60_t931
59427,q60_t932
59427,q60_t933
59428,q60_t933
59428,q60_t934
59429,q60_t935
59429,q60_t936
59430,q60_t936
59430,q60_t937
59431,q60_t938
59431,q60_t939
59432,q60_t939
59432,q60_t940
59433,q60_t941
59433,q60_t942
59434,q60_t942
59434,q60_t943
59435,q60_t944
59435,q60_t945
59436,q60_t945
59436,q60_t946
59437,q60_t947
59437,q60_t948
59438,q60_t948
59438,q60_t949
59439,q60_t950
59439,q60_t951
59440,q60_t951
59440,q60_t952
59441,q60_t953
59441,q60_t954
59442,q60_t954
59442,q60_t955
59443,q60_t956
59443,q60_t957
59444,q60_t957
59444,q60_t958
59445,q60_t959
59445,q60_t960
59446,q60_t960
59446,q60_t961
59447,q60_t962
59447,q60_t963
59448,q60_t963
59448,q60_t964
59449,q60_t965
59449,q60_t966
59450,q60_t966
59450,q60_t967
59451,q60_t968
59451,q60_t969
59452,q60_t969
59452,q60_t970
59453,q60_t971
59453,q60_t972
59454,q60_t972
59454,q60_t973
59455,q60_t974
59455,q60_t975
59456,q60_t975
59456,q60_t976
59457,q60_t977
59457,q60_t978
59458,q60_t978
59458,q60_t979
59459,q60_t980
59459,q60_t981
59460,q60_t981
59460,q60_t982
59461,q60_t983
59461,q60_t984
59462,q60_t984
59462,q60_t985
59463,q60_t986
59463,q60_t987
59464,q60_t987
59464,q60_t988
59465,q60_t989
59465,q60_t990
59466,q60_t990
59466,q60_t991
59467,q60_t992
59467,q60_t993
59468,q60_t993
59468,q60_t994
59469,q60_t995
59469,q60_t996
59470,q60_t996
59470,q60_t997
59471,q60_t998
59471,q60_t999
59472,q61_t0
59472,q61_t1
59473,q61_t1
59473,q61_t182
59474,q61_t1000
59474,q61_t999
59475,q61_t1001
59475,q61_t1002
59476,q61_t1002
59476,q61_t1003
59477,q61_t1004
59477,q61_t1005
59478,q61_t1005
59478,q61_t1006
59479,q61_t1007
59479,q61_t1008
59480,q61_t1008
59480,q61_t1009
59481,q61_t1010
59481,q61_t1011
59482,q61_t1011
59482,q61_t1012
59483,q61_t1013
59483,q61_t1014
59484,q61_t1014
59484,q61_t1015
59485,q61_t1016
59485,q61_t1017
59486,q61_t1017
59486,q61_t1018
59487,q61_t1019
59487,q61_t1020
59488,q61_t1020
59488,q61_t1021
59489,q61_t1022
59489,q61_t1023
59490,q61_t1023
59490,q61_t1024
59491,q61_t1025
59491,q61_t1026
59492,q61_t1026
59492,q61_t1030
59493,q61_t1030
59493,q61_t1031
59493,q62_t1030
59493,q62_t1031
59494,q61_t1031
59494,q61_t1032
59495,q61_t1032
59495,q61_t1033
59496,q61_t1033
59496,q61_t1034
59496,q63_t1033
59496,q63_t1034
59497,q61_t1034
59497,q61_t1035
59498,q61_t1035
59498,q61_t1036
59499,q61_t1036
59499,q61_t1037
59499,q64_t1036
59499,q64_t1037
59500,q61_t1037
59500,q61_t1038
59501,q61_t1038
59501,q61_t1039
59502,q61_t1039
59502,q61_t1040
59502,q65_t1039
59502,q65_t1040
59503,q61_t1040
59503,q61_t1041
59504,q61_t1041
59504,q61_t1042
59505,q61_t1042
59505,q61_t1043
59505,q66_t1042
59505,q66_t1043
59506,q61_t1043
59506,q61_t1044
59507,q61_t1044
59507,q61_t1045
59508,q61_t1045
59508,q61_t1046
59508,q67_t1045
59508,q67_t1046
59509,q61_t1046
59509,q61_t1047
59510,q61_t1047
59510,q61_t1048
59511,q61_t1048
59511,q61_t1049
59511,q68_t1048
59511,q68_t1049
59512,q61_t1049
59512,q61_t1050
59513,q61_t1050
59513,q61_t1051
59514,q61_t1051
59514,q61_t1052
59514,q69_t1051
59514,q69_t1052
59515,q61_t1052
59515,q61_t1053
59516,q61_t1053
59516,q61_t1054
59517,q61_t1054
59517,q61_t1055
59517,q70_t1054
59517,q70_t1055
59518,q61_t1055
59518,q61_t1056
59519,q61_t1056
59519,q61_t1057
59520,q61_t1057
59520,q61_t1058
59520,q71_t1057
59520,q71_t1058
59521,q61_t1058
59521,q61_t1059
59522,q61_t1059
59522,q61_t1060
59523,q61_t1060
59523,q61_t1061
59523,q72_t1060
59523,q72_t1061
59524,q61_t1061
59524,q61_t1062
59525,q61_t1062
59525,q61_t1063
59526,q61_t1063
59526,q61_t1064
59526,q73_t1063
59526,q73_t1064
59527,q61_t1064
59527,q61_t1065
59528,q61_t1065
59528,q61_t1066
59529,q61_t1066
59529,q61_t1067
59529,q74_t1066
59529,q74_t1067
59530,q61_t1067
59530,q61_t1068
59531,q61_t1068
59531,q61_t1069
59532,q61_t1069
59532,q61_t1070
59532,q75_t1069
59532,q75_t1070
59533,q61_t1070
59533,q61_t1071
59534,q61_t1071
59534,q61_t1072
59535,q61_t1072
59535,q61_t1073
59535,q76_t1072
59535,q76_t1073
59536,q61_t1073
59536,q61_t1074
59537,q61_t1074
59537,q61_t1075
59538,q61_t1075
59538,q61_t1076
59538,q77_t1075
59538,q77_t1076
59539,q61_t1076
59539,q61_t1077
59540,q61_t1077
59540,q61_t1078
59541,q61_t1078
59541,q61_t1079
59541,q78_t1078
59541,q78_t1079
59542,q61_t1079
59542,q61_t1080
59543,q61_t1080
59543,q61_t1081
59544,q61_t1081
59544,q61_t1082
59544,q79_t1081
59544,q79_t1082
59545,q61_t1082
59545,q61_t1083
59546,q61_t1083
59546,q61_t1084
59547,q61_t1084
59547,q61_t1085
59547,q80_t1084
59547,q80_t1085
59548,q61_t1085
59548,q61_t1086
59549,q61_t1086
59549,q61_t1087
59550,q61_t1087
59550,q61_t1088
59550,q81_t1087
59550,q81_t1088
59551,q61_t1088
59551,q61_t1089
59552,q61_t1089
59552,q61_t1090
59553,q61_t1090
59553,q61_t1091
59553,q82_t1090
59553,q82_t1091
59554,q61_t1091
59554,q61_t1092
59555,q61_t1092
59555,q61_t1093
59556,q61_t1093
59556,q61_t1094
59556,q83_t1093
59556,q83_t1094
59557,q61_t1094
59557,q61_t1095
59558,q61_t1095
59558,q61_t1096
59559,q61_t1096
59559,q61_t1097
59559,q84_t1096
59559,q84_t1097
59560,q61_t1097
59560,q61_t1098
59561,q61_t1098
59561,q61_t1099
59562,q61_t1099
59562,q61_t1100
59562,q85_t1099
59562,q85_t1100
59563,q61_t1100
59563,q61_t1101
59564,q61_t1101
59564,q61_t1102
59565,q61_t1102
59565,q61_t1103
59565,q86_t1102
59565,q86_t1103
59566,q61_t1103
59566,q61_t1104
59567,q61_t1104
59567,q61_t1105
59568,q61_t1105
59568,q61_t1106
59568,q87_t1105
59568,q87_t1106
59569,q61_t1106
59569,q61_t1107
59570,q61_t1107
59570,q61_t1108
59571,q61_t1108
59571,q61_t1109
59571,q88_t1108
59571,q88_t1109
59572,q61_t1109
59572,q61_t1110
59573,q61_t1110
59573,q61_t1111
59574,q61_t1111
59574,q61_t1112
59574,q89_t1111
59574,q89_t1112
59575,q61_t1112
59575,q61_t1113
59576,q61_t1113
59576,q61_t1114
59577,q61_t1114
59577,q61_t1115
59577,q90_t1114
59577,q90_t1115
59578,q61_t1115
59578,q61_t1116
59579,q61_t1116
59579,q61_t1117
59580,q61_t1117
59580,q61_t1118
59580,q91_t1117
59580,q91_t1118
59581,q61_t1118
59581,q61_t1119
59582,q61_t1119
59582,q61_t1120
59583,q61_t1120
59583,q61_t1121
59583,q92_t1120
59583,q92_t1121
59584,q61_t1121
59584,q61_t1122
59585,q61_t1122
59585,q61_t1123
59586,q61_t1123
59586,q61_t1124
59586,q93_t1123
59586,q93_t1124
59587,q61_t1124
59587,q61_t1125
59588,q61_t1125
59588,q61_t1126
59589,q61_t1126
59589,q61_t1127
59589,q94_t1126
59589,q94_t1127
59590,q61_t1127
59590,q61_t1128
59591,q61_t1128
59591,q61_t1129
59592,q61_t1129
59592,q61_t1130
59592,q95_t1129
59592,q95_t1130
59593,q61_t1130
59593,q61_t1131
59594,q61_t1131
59594,q61_t1132
59595,q61_t1132
59595,q61_t1133
59595,q96_t1132
59595,q96_t1133
59596,q61_t1133
59596,q61_t1134
59597,q61_t1134
59597,q61_t1135
59598,q61_t1135
59598,q61_t1136
59598,q97_t1135
59598,q97_t1136
59599,q61_t1136
59599,q61_t1137
59600,q61_t1137
59600,q61_t1138
59601,q61_t1138
59601,q61_t1139
59601,q98_t1138
59601,q98_t1139
59602,q61_t1139
59602,q61_t1140
59603,q61_t1140
59603,q61_t1141
59604,q61_t1141
59604,q61_t1142
59604,q99_t1141
59604,q99_t1142
59605,q61_t1142
59605,q61_t1143
59606,q61_t1143
59606,q61_t1144
59607,q61_t1145
59607,q61_t1146
59608,q61_t1146
59608,q61_t1147
59609,q61_t1148
59609,q61_t1149
59610,q61_t1149
59610,q61_t1150
59611,q61_t1151
59611,q61_t1152
59612,q61_t1152
59612,q61_t1153
59613,q61_t1154
59613,q61_t1155
59614,q61_t1155
59614,q61_t1156
59615,q61_t1157
59615,q61_t1158
59616,q61_t1158
59616,q61_t1159
59617,q61_t1160
59617,q61_t1161
59618,q61_t1161
59618,q61_t1162
59619,q61_t1163
59619,q61_t1164
59620,q61_t1164
59620,q61_t1165
59621,q61_t1166
59621,q61_t1167
59622,q61_t1167
59622,q61_t1168
59623,q61_t1169
59623,q61_t1170
59624,q61_t1170
59624,q61_t1171
59625,q61_t1172
59625,q61_t1173
59626,q61_t1173
59626,q61_t1174
59627,q61_t183
59627,q61_t184
59628,q61_t184
59628,q61_t185
59629,q61_t186
59629,q61_t187
59630,q61_t187
59630,q61_t188
59631,q61_t189
59631,q61_t190
59632,q61_t190
59632,q61_t191
59633,q61_t192
59633,q61_t193
59634,q61_t193
59634,q61_t194
59635,q61_t195
59635,q61_t196
59636,q61_t196
59636,q61_t197
59637,q61_t198
59637,q61_t199
59638,q61_t199
59638,q61_t200
59639,q61_t200
59639,q61_t201
59639,q6_t200
59639,q6_t201
59640,q61_t201
59640,q61_t202
59641,q61_t202
59641,q61_t203
59642,q61_t203
59642,q61_t204
59642,q7_t203
59642,q7_t204
59643,q61_t204
59643,q61_t205
59644,q61_t205
59644,q61_t206
59645,q61_t206
59645,q61_t207
59645,q8_t206
59645,q8_t207
59646,q61_t207
59646,q61_t208
59647,q61_t208
59647,q61_t209
59648,q61_t209
59648,q61_t210
59648,q9_t209
59648,q9_t210
59649,q61_t210
59649,q61_t211
59650,q61_t211
59650,q61_t212
59651,q61_t213
59651,q61_t214
59652,q61_t214
59652,q61_t215
59653,q61_t216
59653,q61_t217
59654,q61_t217
59654,q61_t218
59655,q61_t219
59655,q61_t220
59656,q61_t220
59656,q61_t221
59657,q61_t222
59657,q61_t223
59658,q61_t223
59658,q61_t224
59659,q61_t225
59659,q61_t226
59660,q61_t226
59660,q61_t227
59661,q61_t228
59661,q61_t229
59662,q61_t229
59662,q61_t230
59663,q61_t231
59663,q61_t232
59664,q61_t232
59664,q61_t233
59665,q61_t234
59665,q61_t235
59666,q61_t235
59666,q61_t236
59667,q61_t237
59667,q61_t238
59668,q61_t238
59668,q61_t239
59669,q61_t240
59669,q61_t241
59670,q61_t241
59670,q61_t242
59671,q61_t243
59671,q61_t244
59672,q61_t244
59672,q61_t245
59673,q61_t246
59673,q61_t247
59674,q61_t247
59674,q61_t248
59675,q61_t249
59675,q61_t250
59676,q61_t250
59676,q61_t251
59677,q61_t252
59677,q61_t253
59678,q61_t253
59678,q61_t254
59679,q61_t255
59679,q61_t256
59680,q61_t256
59680,q61_t257
59681,q61_t258
59681,q61_t259
59682,q61_t259
59682,q61_t260
59683,q61_t261
59683,q61_t262
59684,q61_t262
59684,q61_t263
59685,q61_t264
59685,q61_t265
59686,q61_t265
59686,q61_t266
59687,q61_t267
59687,q61_t268
59688,q61_t268
59688,q61_t269
59689,q61_t270
59689,q61_t271
59690,q61_t271
59690,q61_t272
59691,q61_t273
59691,q61_t274
59692,q61_t274
59692,q61_t275
59693,q61_t276
59693,q61_t277
59694,q61_t277
59694,q61_t278
59695,q61_t279
59695,q61_t280
59696,q61_t280
59696,q61_t281
59697,q61_t282
59697,q61_t283
59698,q61_t283
59698,q61_t284
59699,q61_t285
59699,q61_t286
59700,q61_t286
59700,q61_t287
59701,q61_t288
59701,q61_t289
59702,q61_t289
59702,q61_t290
59703,q61_t291
59703,q61_t292
59704,q61_t292
59704,q61_t293
59705,q61_t294
59705,q61_t295
59706,q61_t295
59706,q61_t296
59707,q61_t297
59707,q61_t298
59708,q61_t298
59708,q61_t299
59709,q61_t300
59709,q61_t301
59710,q61_t301
59710,q61_t302
59711,q61_t303
59711,q61_t304
59712,q61_t304
59712,q61_t305
59713,q61_t306
59713,q61_t307
59714,q61_t307
59714,q61_t308
59715,q61_t309
59715,q61_t310
59716,q61_t310
59716,q61_t311
59717,q61_t312
59717,q61_t313
59718,q61_t313
59718,q61_t314
59719,q61_t315
59719,q61_t316
59720,q61_t316
59720,q61_t317
59721,q61_t318
59721,q61_t319
59722,q61_t319
59722,q61_t320
59723,q61_t321
59723,q61_t322
59724,q61_t322
59724,q61_t323
59725,q61_t324
59725,q61_t325
59726,q61_t325
59726,q61_t326
59727,q61_t327
59727,q61_t328
59728,q61_t328
59728,q61_t329
59729,q61_t330
59729,q61_t331
59730,q61_t331
59730,q61_t332
59731,q61_t333
59731,q61_t334
59732,q61_t334
59732,q61_t335
59733,q61_t336
59733,q61_t337
59734,q61_t337
59734,q61_t338
59735,q61_t339
59735,q61_t340
59736,q61_t340
59736,q61_t341
59737,q61_t342
59737,q61_t343
59738,q61_t343
59738,q61_t344
59739,q61_t345
59739,q61_t346
59740,q61_t346
59740,q61_t347
59741,q61_t348
59741,q61_t349
59742,q61_t349
59742,q61_t350
59743,q61_t351
59743,q61_t352
59744,q61_t352
59744,q61_t353
59745,q61_t354
59745,q61_t355
59746,q61_t355
59746,q61_t356
59747,q61_t357
59747,q61_t358
59748,q61_t358
59748,q61_t359
59749,q61_t360
59749,q61_t361
59750,q61_t361
59750,q61_t362
59751,q61_t363
59751,q61_t364
59752,q61_t364
59752,q61_t368
59753,q61_t368
59753,q61_t369
59753,q62_t368
59753,q62_t369
59754,q61_t369
59754,q61_t370
59755,q61_t370
59755,q61_t371
59756,q61_t371
59756,q61_t372
59756,q63_t371
59756,q63_t372
59757,q61_t372
59757,q61_t373
59758,q61_t373
59758,q61_t374
59759,q61_t374
59759,q61_t375
59759,q64_t374
59759,q64_t375
59760,q61_t375
59760,q61_t376
59761,q61_t376
59761,q61_t377
59762,q61_t377
59762,q61_t378
59762,q65_t377
59762,q65_t378
59763,q61_t378
59763,q61_t379
59764,q61_t379
59764,q61_t380
59765,q61_t380
59765,q61_t381
59765,q66_t380
59765,q66_t381
59766,q61_t381
59766,q61_t382
59767,q61_t382
59767,q61_t383
59768,q61_t383
59768,q61_t384
59768,q67_t383
59768,q67_t384
59769,q61_t384
59769,q61_t385
59770,q61_t385
59770,q61_t386
59771,q61_t386
59771,q61_t387
59771,q68_t386
59771,q68_t387
59772,q61_t387
59772,q61_t388
59773,q61_t388
59773,q61_t389
59774,q61_t389
59774,q61_t390
59774,q69_t389
59774,q69_t390
59775,q61_t390
59775,q61_t391
59776,q61_t391
59776,q61_t392
59777,q61_t392
59777,q61_t393
59777,q70_t392
59777,q70_t393
59778,q61_t393
59778,q61_t394
59779,q61_t394
59779,q61_t395
59780,q61_t395
59780,q61_t396
59780,q71_t395
59780,q71_t396
59781,q61_t396
59781,q61_t397
59782,q61_t397
59782,q61_t398
59783,q61_t398
59783,q61_t399
59783,q72_t398
59783,q72_t399
59784,q61_t399
59784,q61_t400
59785,q61_t400
59785,q61_t401
59786,q61_t401
59786,q61_t402
59786,q73_t401
59786,q73_t402
59787,q61_t402
59787,q61_t403
59788,q61_t403
59788,q61_t404
59789,q61_t404
59789,q61_t405
59789,q74_t404
59789,q74_t405
59790,q61_t405
59790,q61_t406
59791,q61_t406
59791,q61_t407
59792,q61_t407
59792,q61_t408
59792,q75_t407
59792,q75_t408
59793,q61_t408
59793,q61_t409
59794,q61_t409
59794,q61_t410
59795,q61_t410
59795,q61_t411
59795,q76_t410
59795,q76_t411
59796,q61_t411
59796,q61_t412
59797,q61_t412
59797,q61_t413
59798,q61_t413
59798,q61_t414
59798,q77_t413
59798,q77_t414
59799,q61_t414
59799,q61_t415
59800,q61_t415
59800,q61_t416
59801,q61_t416
59801,q61_t417
59801,q78_t416
59801,q78_t417
59802,q61_t417
59802,q61_t418
59803,q61_t418
59803,q61_t419
59804,q61_t419
59804,q61_t420
59804,q79_t419
59804,q79_t420
59805,q61_t420
59805,q61_t421
59806,q61_t421
59806,q61_t422
59807,q61_t422
59807,q61_t423
59807,q80_t422
59807,q80_t423
59808,q61_t423
59808,q61_t424
59809,q61_t424
59809,q61_t425
59810,q61_t425
59810,q61_t426
59810,q81_t425
59810,q81_t426
59811,q61_t426
59811,q61_t427
59812,q61_t427
59812,q61_t428
59813,q61_t428
59813,q61_t429
59813,q82_t428
59813,q82_t429
59814,q61_t429
59814,q61_t430
59815,q61_t430
59815,q61_t431
59816,q61_t431
59816,q61_t432
59816,q83_t431
59816,q83_t432
59817,q61_t432
59817,q61_t433
59818,q61_t433
59818,q61_t434
59819,q61_t434
59819,q61_t435
59819,q84_t434
59819,q84_t435
59820,q61_t435
59820,q61_t436
59821,q61_t436
59821,q61_t437
59822,q61_t437
59822,q61_t438
59822,q85_t437
59822,q85_t438
59823,q61_t438
59823,q61_t439
59824,q61_t439
59824,q61_t440
59825,q61_t440
59825,q61_t441
59825,q86_t440
59825,q86_t441
59826,q61_t441
59826,q61_t442
59827,q61_t442
59827,q61_t443
59828,q61_t443
59828,q61_t444
59828,q87_t443
59828,q87_t444
59829,q61_t444
59829,q61_t445
59830,q61_t445
59830,q61_t446
59831,q61_t446
59831,q61_t447
59831,q88_t446
59831,q88_t447
59832,q61_t447
59832,q61_t448
59833,q61_t448
59833,q61_t449
59834,q61_t449
59834,q61_t450
59834,q89_t449
59834,q89_t450
59835,q61_t450
59835,q61_t451
59836,q61_t451
59836,q61_t452
59837,q61_t452
59837,q61_t453
59837,q90_t452
59837,q90_t453
59838,q61_t453
59838,q61_t454
59839,q61_t454
59839,q61_t455
59840,q61_t455
59840,q61_t456
59840,q91_t455
59840,q91_t456
59841,q61_t456
59841,q61_t457
59842,q61_t457
59842,q61_t458
59843,q61_t458
59843,q61_t459
59843,q92_t458
59843,q92_t459
59844,q61_t459
59844,q61_t460
59845,q61_t460
59845,q61_t461
59846,q61_t461
59846,q61_t462
59846,q93_t461
59846,q93_t462
59847,q61_t462
59847,q61_t463
59848,q61_t463
59848,q61_t464
59849,q61_t464
59849,q61_t465
59849,q94_t464
59849,q94_t465
59850,q61_t465
59850,q61_t466
59851,q61_t466
59851,q61_t467
59852,q61_t467
59852,q61_t468
59852,q95_t467
59852,q95_t468
59853,q61_t468
59853,q61_t469
59854,q61_t469
59854,q61_t470
59855,q61_t470
59855,q61_t471
59855,q96_t470
59855,q96_t471
59856,q61_t471
59856,q61_t472
59857,q61_t472
59857,q61_t473
59858,q61_t473
59858,q61_t474
59858,q97_t473
59858,q97_t474
59859,q61_t474
59859,q61_t475
59860,q61_t475
59860,q61_t476
59861,q61_t476
59861,q61_t477
59861,q98_t476
59861,q98_t477
59862,q61_t477
59862,q61_t478
59863,q61_t478
59863,q61_t479
59864,q61_t479
59864,q61_t480
59864,q99_t479
59864,q99_t480
59865,q61_t480
59865,q61_t481
59866,q61_t481
59866,q61_t482
59867,q61_t483
59867,q61_t484
59868,q61_t484
59868,q61_t485
59869,q61_t486
59869,q61_t487
59870,q61_t487
59870,q61_t488
59871,q61_t489
59871,q61_t490
59872,q61_t490
59872,q61_t491
59873,q61_t492
59873,q61_t493
59874,q61_t493
59874,q61_t494
59875,q61_t495
59875,q61_t496
59876,q61_t496
59876,q61_t497
59877,q61_t498
59877,q61_t499
59878,q61_t499
59878,q61_t500
59879,q61_t501
59879,q61_t502
59880,q61_t502
59880,q61_t503
59881,q61_t504
59881,q61_t505
59882,q61_t505
59882,q61_t506
59883,q61_t507
59883,q61_t508
59884,q61_t508
59884,q61_t509
59885,q61_t510
59885,q61_t511
59886,q61_t511
59886,q61_t512
59887,q61_t512
59887,q61_t513
59888,q61_t514
59888,q61_t515
59889,q61_t515
59889,q61_t516
59890,q61_t517
59890,q61_t518
59891,q61_t518
59891,q61_t519
59892,q61_t520
59892,q61_t521
59893,q61_t521
59893,q61_t522
59894,q61_t523
59894,q61_t524
59895,q61_t524
59895,q61_t525
59896,q61_t526
59896,q61_t527
59897,q61_t527
59897,q61_t528
59898,q61_t529
59898,q61_t530
59899,q61_t530
59899,q61_t531
59900,q61_t531
59900,q61_t532
59900,q6_t531
59900,q6_t532
59901,q61_t532
59901,q61_t533
59902,q61_t533
59902,q61_t534
59903,q61_t534
59903,q61_t535
59903,q7_t534
59903,q7_t535
59904,q61_t535
59904,q61_t536
59905,q61_t536
59905,q61_t537
59906,q61_t537
59906,q61_t538
59906,q8_t537
59906,q8_t538
59907,q61_t538
59907,q61_t539
59908,q61_t539
59908,q61_t540
59909,q61_t540
59909,q61_t541
59909,q9_t540
59909,q9_t541
59910,q61_t541
59910,q61_t542
59911,q61_t542
59911,q61_t543
59912,q61_t544
59912,q61_t545
59913,q61_t545
59913,q61_t546
59914,q61_t547
59914,q61_t548
59915,q61_t548
59915,q61_t549
59916,q61_t550
59916,q61_t551
59917,q61_t551
59917,q61_t552
59918,q61_t553
59918,q61_t554
59919,q61_t554
59919,q61_t555
59920,q61_t556
59920,q61_t557
59921,q61_t557
59921,q61_t558
59922,q61_t559
59922,q61_t560
59923,q61_t560
59923,q61_t561
59924,q61_t562
59924,q61_t563
59925,q61_t563
59925,q61_t564
59926,q61_t565
59926,q61_t566
59927,q61_t566
59927,q61_t567
59928,q61_t568
59928,q61_t569
59929,q61_t569
59929,q61_t570
59930,q61_t571
59930,q61_t572
59931,q61_t572
59931,q61_t573
59932,q61_t574
59932,q61_t575
59933,q61_t575
59933,q61_t576
59934,q61_t577
59934,q61_t578
59935,q61_t578
59935,q61_t579
59936,q61_t580
59936,q61_t581
59937,q61_t581
59937,q61_t582
59938,q61_t583
59938,q61_t584
59939,q61_t584
59939,q61_t585
59940,q61_t586
59940,q61_t587
59941,q61_t587
59941,q61_t588
59942,q61_t589
59942,q61_t590
59943,q61_t590
59943,q61_t591
59944,q61_t592
59944,q61_t593
59945,q61_t593
59945,q61_t594
59946,q61_t595
59946,q61_t596
59947,q61_t596
59947,q61_t597
59948,q61_t598
59948,q61_t599
59949,q61_t599
59949,q61_t600
59950,q61_t601
59950,q61_t602
59951,q61_t602
59951,q61_t603
59952,q61_t604
59952,q61_t605
59953,q61_t605
59953,q61_t606
59954,q61_t607
59954,q61_t608
59955,q61_t608
59955,q61_t609
59956,q61_t610
59956,q61_t611
59957,q61_t611
59957,q61_t612
59958,q61_t613
59958,q61_t614
59959,q61_t614
59959,q61_t615
59960,q61_t616
59960,q61_t617
59961,q61_t617
59961,q61_t618
59962,q61_t619
59962,q61_t620
59963,q61_t620
59963,q61_t621
59964,q61_t622
59964,q61_t623
59965,q61_t623
59965,q61_t624
59966,q61_t625
59966,q61_t626
59967,q61_t626
59967,q61_t627
59968,q61_t628
59968,q61_t629
59969,q61_t629
59969,q61_t630
59970,q61_t631
59970,q61_t632
59971,q61_t632
59971,q61_t633
59972,q61_t634
59972,q61_t635
59973,q61_t635
59973,q61_t636
59974,q61_t637
59974,q61_t638
59975,q61_t638
59975,q61_t639
59976,q61_t640
59976,q61_t641
59977,q61_t641
59977,q61_t642
59978,q61_t643
59978,q61_t644
59979,q61_t644
59979,q61_t645
59980,q61_t646
59980,q61_t647
59981,q61_t647
59981,q61_t648
59982,q61_t649
59982,q61_t650
59983,q61_t650
59983,q61_t651
59984,q61_t652
59984,q61_t653
59985,q61_t653
59985,q61_t654
59986,q61_t655
59986,q61_t656
59987,q61_t656
59987,q61_t657
59988,q61_t658
59988,q61_t659
59989,q61_t659
59989,q61_t660
59990,q61_t661
59990,q61_t662
59991,q61_t662
59991,q61_t663
59992,q61_t664
59992,q61_t665
59993,q61_t665
59993,q61_t666
59994,q61_t667
59994,q61_t668
59995,q61_t668
59995,q61_t669
59996,q61_t670
59996,q61_t671
59997,q61_t671
59997,q61_t672
59998,q61_t673
59998,q61_t674
59999,q61_t674
59999,q61_t675
60000,q61_t676
60000,q61_t677
60001,q61_t677
60001,q61_t678
60002,q61_t679
60002,q61_t680
60003,q61_t680
60003,q61_t681
60004,q61_t682
60004,q61_t683
60005,q61_t683
60005,q61_t684
60006,q61_t685
60006,q61_t686
60007,q61_t686
60007,q61_t687
60008,q61_t688
60008,q61_t689
60009,q61_t689
60009,q61_t690
60010,q61_t691
60010,q61_t692
60011,q61_t692
60011,q61_t693
60012,q61_t694
60012,q61_t695
60013,q61_t695
60013,q61_t699
60014,q61_t699
60014,q61_t700
60014,q62_t699
60014,q62_t700
60015,q61_t700
60015,q61_t701
60016,q61_t701
60016,q61_t702
60017,q61_t702
60017,q61_t703
60017,q63_t702
60017,q63_t703
60018,q61_t703
60018,q61_t704
60019,q61_t704
60019,q61_t705
60020,q61_t705
60020,q61_t706
60020,q64_t705
60020,q64_t706
60021,q61_t706
60021,q61_t707
60022,q61_t707
60022,q61_t708
60023,q61_t708
60023,q61_t709
60023,q65_t708
60023,q65_t709
60024,q61_t709
60024,q61_t710
60025,q61_t710
60025,q61_t711
60026,q61_t711
60026,q61_t712
60026,q66_t711
60026,q66_t712
60027,q61_t712
60027,q61_t713
60028,q61_t713
60028,q61_t714
60029,q61_t714
60029,q61_t715
60029,q67_t714
60029,q67_t715
60030,q61_t715
60030,q61_t716
60031,q61_t716
60031,q61_t717
60032,q61_t717
60032,q61_t718
60032,q68_t717
60032,q68_t718
60033,q61_t718
60033,q61_t719
60034,q61_t719
60034,q61_t720
60035,q61_t720
60035,q61_t721
60035,q69_t720
60035,q69_t721
60036,q61_t721
60036,q61_t722
60037,q61_t722
60037,q61_t723
60038,q61_t723
60038,q61_t724
60038,q70_t723
60038,q70_t724
60039,q61_t724
60039,q61_t725
60040,q61_t725
60040,q61_t726
60041,q61_t726
60041,q61_t727
60041,q71_t726
60041,q71_t727
60042,q61_t727
60042,q61_t728
60043,q61_t728
60043,q61_t729
60044,q61_t729
60044,q61_t730
60044,q72_t729
60044,q72_t730
60045,q61_t730
60045,q61_t731
60046,q61_t731
60046,q61_t732
60047,q61_t732
60047,q61_t733
60047,q73_t732
60047,q73_t733
60048,q61_t733
60048,q61_t734
60049,q61_t734
60049,q61_t735
60050,q61_t735
60050,q61_t736
60050,q74_t735
60050,q74_t736
60051,q61_t736
60051,q61_t737
60052,q61_t737
60052,q61_t738
60053,q61_t738
60053,q61_t739
60053,q75_t738
60053,q75_t739
60054,q61_t739
60054,q61_t740
60055,q61_t740
60055,q61_t741
60056,q61_t741
60056,q61_t742
60056,q76_t741
60056,q76_t742
60057,q61_t742
60057,q61_t743
60058,q61_t743
60058,q61_t744
60059,q61_t744
60059,q61_t745
60059,q77_t744
60059,q77_t745
60060,q61_t745
60060,q61_t746
60061,q61_t746
60061,q61_t747
60062,q61_t747
60062,q61_t748
60062,q78_t747
60062,q78_t748
60063,q61_t748
60063,q61_t749
60064,q61_t749
60064,q61_t750
60065,q61_t750
60065,q61_t751
60065,q79_t750
60065,q79_t751
60066,q61_t751
60066,q61_t752
60067,q61_t752
60067,q61_t753
60068,q61_t753
60068,q61_t754
60068,q80_t753
60068,q80_t754
60069,q61_t754
60069,q61_t755
60070,q61_t755
60070,q61_t756
60071,q61_t756
60071,q61_t757
60071,q81_t756
60071,q81_t757
60072,q61_t757
60072,q61_t758
60073,q61_t758
60073,q61_t759
60074,q61_t759
60074,q61_t760
60074,q82_t759
60074,q82_t760
60075,q61_t760
60075,q61_t761
60076,q61_t761
60076,q61_t762
60077,q61_t762
60077,q61_t763
60077,q83_t762
60077,q83_t763
60078,q61_t763
60078,q61_t764
60079,q61_t764
60079,q61_t765
60080,q61_t765
60080,q61_t766
60080,q84_t765
60080,q84_t766
60081,q61_t766
60081,q61_t767
60082,q61_t767
60082,q61_t768
60083,q61_t768
60083,q61_t769
60083,q85_t768
60083,q85_t769
60084,q61_t769
60084,q61_t770
60085,q61_t770
60085,q61_t771
60086,q61_t771
60086,q61_t772
60086,q86_t771
60086,q86_t772
60087,q61_t772
60087,q61_t773
60088,q61_t773
60088,q61_t774
60089,q61_t774
60089,q61_t775
60089,q87_t774
60089,q87_t775
60090,q61_t775
60090,q61_t776
60091,q61_t776
60091,q61_t777
60092,q61_t777
60092,q61_t778
60092,q88_t777
60092,q88_t778
60093,q61_t778
60093,q61_t779
60094,q61_t779
60094,q61_t780
60095,q61_t780
60095,q61_t781
60095,q89_t780
60095,q89_t781
60096,q61_t781
60096,q61_t782
60097,q61_t782
60097,q61_t783
60098,q61_t783
60098,q61_t784
60098,q90_t783
60098,q90_t784
60099,q61_t784
60099,q61_t785
60100,q61_t785
60100,q61_t786
60101,q61_t786
60101,q61_t787
60101,q91_t786
60101,q91_t787
60102,q61_t787
60102,q61_t788
60103,q61_t788
60103,q61_t789
60104,q61_t789
60104,q61_t790
60104,q92_t789
60104,q92_t790
60105,q61_t790
60105,q61_t791
60106,q61_t791
60106,q61_t792
60107,q61_t792
60107,q61_t793
60107,q93_t792
60107,q93_t793
60108,q61_t793
60108,q61_t794
60109,q61_t794
60109,q61_t795
60110,q61_t795
60110,q61_t796
60110,q94_t795
60110,q94_t796
60111,q61_t796
60111,q61_t797
60112,q61_t797
60112,q61_t798
60113,q61_t798
60113,q61_t799
60113,q95_t798
60113,q95_t799
60114,q61_t799
60114,q61_t800
60115,q61_t800
60115,q61_t801
60116,q61_t801
60116,q61_t802
60116,q96_t801
60116,q96_t802
60117,q61_t802
60117,q61_t803
60118,q61_t803
60118,q61_t804
60119,q61_t804
60119,q61_t805
60119,q97_t804
60119,q97_t805
60120,q61_t805
60120,q61_t806
60121,q61_t806
60121,q61_t807
60122,q61_t807
60122,q61_t808
60122,q98_t807
60122,q98_t808
60123,q61_t808
60123,q61_t809
60124,q61_t809
60124,q61_t810
60125,q61_t810
60125,q61_t811
60125,q99_t810
60125,q99_t811
60126,q61_t811
60126,q61_t812
60127,q61_t812
60127,q61_t813
60128,q61_t814
60128,q61_t815
60129,q61_t815
60129,q61_t816
60130,q61_t817
60130,q61_t818
60131,q61_t818
60131,q61_t819
60132,q61_t820
60132,q61_t821
60133,q61_t821
60133,q61_t822
60134,q61_t823
60134,q61_t824
60135,q61_t824
60135,q61_t825
60136,q61_t826
60136,q61_t827
60137,q61_t827
60137,q61_t828
60138,q61_t829
60138,q61_t830
60139,q61_t830
60139,q61_t831
60140,q61_t832
60140,q61_t833
60141,q61_t833
60141,q61_t834
60142,q61_t835
60142,q61_t836
60143,q61_t836
60143,q61_t837
60144,q61_t838
60144,q61_t839
60145,q61_t839
60145,q61_t840
60146,q61_t841
60146,q61_t842
60147,q61_t842
60147,q61_t843
60148,q61_t843
60148,q61_t844
60149,q61_t845
60149,q61_t846
60150,q61_t846
60150,q61_t847
60151,q61_t848
60151,q61_t849
60152,q61_t849
60152,q61_t850
60153,q61_t851
60153,q61_t852
60154,q61_t852
60154,q61_t853
60155,q61_t854
60155,q61_t855
60156,q61_t855
60156,q61_t856
60157,q61_t857
60157,q61_t858
60158,q61_t858
60158,q61_t859
60159,q61_t860
60159,q61_t861
60160,q61_t861
60160,q61_t862
60161,q61_t862
60161,q61_t863
60161,q6_t862
60161,q6_t863
60162,q61_t863
60162,q61_t864
60163,q61_t864
60163,q61_t865
60164,q61_t865
60164,q61_t866
60164,q7_t865
60164,q7_t866
60165,q61_t866
60165,q61_t867
60166,q61_t867
60166,q61_t868
60167,q61_t868
60167,q61_t869
60167,q8_t868
60167,q8_t869
60168,q61_t869
60168,q61_t870
60169,q61_t870
60169,q61_t871
60170,q61_t871
60170,q61_t872
60170,q9_t871
60170,q9_t872
60171,q61_t872
60171,q61_t873
60172,q61_t873
60172,q61_t874
60173,q61_t875
60173,q61_t876
60174,q61_t876
60174,q61_t877
60175,q61_t878
60175,q61_t879
60176,q61_t879
60176,q61_t880
60177,q61_t881
60177,q61_t882
60178,q61_t882
60178,q61_t883
60179,q61_t884
60179,q61_t885
60180,q61_t885
60180,q61_t886
60181,q61_t887
60181,q61_t888
60182,q61_t888
60182,q61_t889
60183,q61_t890
60183,q61_t891
60184,q61_t891
60184,q61_t892
60185,q61_t893
60185,q61_t894
60186,q61_t894
60186,q61_t895
60187,q61_t896
60187,q61_t897
60188,q61_t897
60188,q61_t898
60189,q61_t899
60189,q61_t900
60190,q61_t900
60190,q61_t901
60191,q61_t902
60191,q61_t903
60192,q61_t903
60192,q61_t904
60193,q61_t905
60193,q61_t906
60194,q61_t906
60194,q61_t907
60195,q61_t908
60195,q61_t909
60196,q61_t909
60196,q61_t910
60197,q61_t911
60197,q61_t912
60198,q61_t912
60198,q61_t913
60199,q61_t914
60199,q61_t915
60200,q61_t915
60200,q61_t916
60201,q61_t917
60201,q61_t918
60202,q61_t918
60202,q61_t919
60203,q61_t920
60203,q61_t921
60204,q61_t921
60204,q61_t922
60205,q61_t923
60205,q61_t924
60206,q61_t924
60206,q61_t925
60207,q61_t926
60207,q61_t927
60208,q61_t927
60208,q61_t928
60209,q61_t929
60209,q61_t930
60210,q61_t930
60210,q61_t931
60211,q61_t932
60211,q61_t933
60212,q61_t933
60212,q61_t934
60213,q61_t935
60213,q61_t936
60214,q61_t936
60214,q61_t937
60215,q61_t938
60215,q61_t939
60216,q61_t939
60216,q61_t940
60217,q61_t941
60217,q61_t942
60218,q61_t942
60218,q61_t943
60219,q61_t944
60219,q61_t945
60220,q61_t945
60220,q61_t946
60221,q61_t947
60221,q61_t948
60222,q61_t948
60222,q61_t949
60223,q61_t950
60223,q61_t951
60224,q61_t951
60224,q61_t952
60225,q61_t953
60225,q61_t954
60226,q61_t954
60226,q61_t955
60227,q61_t956
60227,q61_t957
60228,q61_t957
60228,q61_t958
60229,q61_t959
60229,q61_t960
60230,q61_t960
60230,q61_t961
60231,q61_t962
60231,q61_t963
60232,q61_t963
60232,q61_t964
60233,q61_t965
60233,q61_t966
60234,q61_t966
60234,q61_t967
60235,q61_t968
60235,q61_t969
60236,q61_t969
60236,q61_t970
60237,q61_t971
60237,q61_t972
60238,q61_t972
60238,q61_t973
60239,q61_t974
60239,q61_t975
60240,q61_t975
60240,q61_t976
60241,q61_t977
60241,q61_t978
60242,q61_t978
60242,q61_t979
60243,q61_t980
60243,q61_t981
60244,q61_t981
60244,q61_t982
60245,q61_t983
60245,q61_t984
60246,q61_t984
60246,q61_t985
60247,q61_t986
60247,q61_t987
60248,q61_t987
60248,q61_t988
60249,q61_t989
60249,q61_t990
60250,q61_t990
60250,q61_t991
60251,q61_t992
60251,q61_t993
60252,q61_t993
60252,q61_t994
60253,q61_t995
60253,q61_t996
60254,q61_t996
60254,q61_t997
60255,q61_t998
60255,q61_t999
60256,q62_t0
60256,q62_t1
60257,q62_t1
60257,q62_t185
60258,q62_t1000
60258,q62_t999
60259,q62_t1001
60259,q62_t1002
60260,q62_t1002
60260,q62_t1003
60261,q62_t1004
60261,q62_t1005
60262,q62_t1005
60262,q62_t1006
60263,q62_t1007
60263,q62_t1008
60264,q62_t1008
60264,q62_t1009
60265,q62_t1010
60265,q62_t1011
60266,q62_t1011
60266,q62_t1012
60267,q62_t1013
60267,q62_t1014
60268,q62_t1014
60268,q62_t1015
60269,q62_t1016
60269,q62_t1017
60270,q62_t1017
60270,q62_t1018
60271,q62_t1019
60271,q62_t1020
60272,q62_t1020
60272,q62_t1021
60273,q62_t1022
60273,q62_t1023
60274,q62_t1023
60274,q62_t1024
60275,q62_t1025
60275,q62_t1026
60276,q62_t1026
60276,q62_t1027
60277,q62_t1028
60277,q62_t1029
60278,q62_t1029
60278,q62_t1030
60279,q62_t1031
60279,q62_t1032
60280,q62_t1032
60280,q62_t1036
60281,q62_t1036
60281,q62_t1037
60281,q63_t1036
60281,q63_t1037
60282,q62_t1037
60282,q62_t1038
60283,q62_t1038
60283,q62_t1039
60284,q62_t1039
60284,q62_t1040
60284,q64_t1039
60284,q64_t1040
60285,q62_t1040
60285,q62_t1041
60286,q62_t1041
60286,q62_t1042
60287,q62_t1042
60287,q62_t1043
60287,q65_t1042
60287,q65_t1043
60288,q62_t1043
60288,q62_t1044
60289,q62_t1044
60289,q62_t1045
60290,q62_t1045
60290,q62_t1046
60290,q66_t1045
60290,q66_t1046
60291,q62_t1046
60291,q62_t1047
60292,q62_t1047
60292,q62_t1048
60293,q62_t1048
60293,q62_t1049
60293,q67_t1048
60293,q67_t1049
60294,q62_t1049
60294,q62_t1050
60295,q62_t1050
60295,q62_t1051
60296,q62_t1051
60296,q62_t1052
60296,q68_t1051
60296,q68_t1052
60297,q62_t1052
60297,q62_t1053
60298,q62_t1053
60298,q62_t1054
60299,q62_t1054
60299,q62_t1055
60299,q69_t1054
60299,q69_t1055
60300,q62_t1055
60300,q62_t1056
60301,q62_t1056
60301,q62_t1057
60302,q62_t1057
60302,q62_t1058
60302,q70_t1057
60302,q70_t1058
60303,q62_t1058
60303,q62_t1059
60304,q62_t1059
60304,q62_t1060
60305,q62_t1060
60305,q62_t1061
60305,q71_t1060
60305,q71_t1061
60306,q62_t1061
60306,q62_t1062
60307,q62_t1062
60307,q62_t1063
60308,q62_t1063
60308,q62_t1064
60308,q72_t1063
60308,q72_t1064
60309,q62_t1064
60309,q62_t1065
60310,q62_t1065
60310,q62_t1066
60311,q62_t1066
60311,q62_t1067
60311,q73_t1066
60311,q73_t1067
60312,q62_t1067
60312,q62_t1068
60313,q62_t1068
60313,q62_t1069
60314,q62_t1069
60314,q62_t1070
60314,q74_t1069
60314,q74_t1070
60315,q62_t1070
60315,q62_t1071
60316,q62_t1071
60316,q62_t1072
60317,q62_t1072
60317,q62_t1073
60317,q75_t1072
60317,q75_t1073
60318,q62_t1073
60318,q62_t1074
60319,q62_t1074
60319,q62_t1075
60320,q62_t1075
60320,q62_t1076
60320,q76_t1075
60320,q76_t1076
60321,q62_t1076
60321,q62_t1077
60322,q62_t1077
60322,q62_t1078
60323,q62_t1078
60323,q62_t1079
60323,q77_t1078
60323,q77_t1079
60324,q62_t1079
60324,q62_t1080
60325,q62_t1080
60325,q62_t1081
60326,q62_t1081
60326,q62_t1082
60326,q78_t1081
60326,q78_t1082
60327,q62_t1082
60327,q62_t1083
60328,q62_t1083
60328,q62_t1084
60329,q62_t1084
60329,q62_t1085
60329,q79_t1084
60329,q79_t1085
60330,q62_t1085
60330,q62_t1086
60331,q62_t1086
60331,q62_t1087
60332,q62_t1087
60332,q62_t1088
60332,q80_t1087
60332,q80_t1088
60333,q62_t1088
60333,q62_t1089
60334,q62_t1089
60334,q62_t1090
60335,q62_t1090
60335,q62_t1091
60335,q81_t1090
60335,q81_t1091
60336,q62_t1091
60336,q62_t1092
60337,q62_t1092
60337,q62_t1093
60338,q62_t1093
60338,q62_t1094
60338,q82_t1093
60338,q82_t1094
60339,q62_t1094
60339,q62_t1095
60340,q62_t1095
60340,q62_t1096
60341,q62_t1096
60341,q62_t1097
60341,q83_t1096
60341,q83_t1097
60342,q62_t1097
60342,q62_t1098
60343,q62_t1098
60343,q62_t1099
60344,q62_t1099
60344,q62_t1100
60344,q84_t1099
60344,q84_t1100
60345,q62_t1100
60345,q62_t1101
60346,q62_t1101
60346,q62_t1102
60347,q62_t1102
60347,q62_t1103
60347,q85_t1102
60347,q85_t1103
60348,q62_t1103
60348,q62_t1104
60349,q62_t1104
60349,q62_t1105
60350,q62_t1105
60350,q62_t1106
60350,q86_t1105
60350,q86_t1106
60351,q62_t1106
60351,q62_t1107
60352,q62_t1107
60352,q62_t1108
60353,q62_t1108
60353,q62_t1109
60353,q87_t1108
60353,q87_t1109
60354,q62_t1109
60354,q62_t1110
60355,q62_t1110
60355,q62_t1111
60356,q62_t1111
60356,q62_t1112
60356,q88_t1111
60356,q88_t1112
60357,q62_t1112
60357,q62_t1113
60358,q62_t1113
60358,q62_t1114
60359,q62_t1114
60359,q62_t1115
60359,q89_t1114
60359,q89_t1115
60360,q62_t1115
60360,q62_t1116
60361,q62_t1116
60361,q62_t1117
60362,q62_t1117
60362,q62_t1118
60362,q90_t1117
60362,q90_t1118
60363,q62_t1118
60363,q62_t1119
60364,q62_t1119
60364,q62_t1120
60365,q62_t1120
60365,q62_t1121
60365,q91_t1120
60365,q91_t1121
60366,q62_t1121
60366,q62_t1122
60367,q62_t1122
60367,q62_t1123
60368,q62_t1123
60368,q62_t1124
60368,q92_t1123
60368,q92_t1124
60369,q62_t1124
60369,q62_t1125
60370,q62_t1125
60370,q62_t1126
60371,q62_t1126
60371,q62_t1127
60371,q93_t1126
60371,q93_t1127
60372,q62_t1127
60372,q62_t1128
60373,q62_t1128
60373,q62_t1129
60374,q62_t1129
60374,q62_t1130
60374,q94_t1129
60374,q94_t1130
60375,q62_t1130
60375,q62_t1131
60376,q62_t1131
60376,q62_t1132
60377,q62_t1132
60377,q62_t1133
60377,q95_t1132
60377,q95_t1133
60378,q62_t1133
60378,q62_t1134
60379,q62_t1134
60379,q62_t1135
60380,q62_t1135
60380,q62_t1136
60380,q96_t1135
60380,q96_t1136
60381,q62_t1136
60381,q62_t1137
60382,q62_t1137
60382,q62_t1138
60383,q62_t1138
60383,q62_t1139
60383,q97_t1138
60383,q97_t1139
60384,q62_t1139
60384,q62_t1140
60385,q62_t1140
60385,q62_t1141
60386,q62_t1141
60386,q62_t1142
60386,q98_t1141
60386,q98_t1142
60387,q62_t1142
60387,q62_t1143
60388,q62_t1143
60388,q62_t1144
60389,q62_t1144
60389,q62_t1145
60389,q99_t1144
60389,q99_t1145
60390,q62_t1145
60390,q62_t1146
60391,q62_t1146
60391,q62_t1147
60392,q62_t1148
60392,q62_t1149
60393,q62_t1149
60393,q62_t1150
60394,q62_t1151
60394,q62_t1152
60395,q62_t1152
60395,q62_t1153
60396,q62_t1154
60396,q62_t1155
60397,q62_t1155
60397,q62_t1156
60398,q62_t1157
60398,q62_t1158
60399,q62_t1158
60399,q62_t1159
60400,q62_t1160
60400,q62_t1161
60401,q62_t1161
60401,q62_t1162
60402,q62_t1163
60402,q62_t1164
60403,q62_t1164
60403,q62_t1165
60404,q62_t1166
60404,q62_t1167
60405,q62_t1167
60405,q62_t1168
60406,q62_t1169
60406,q62_t1170
60407,q62_t1170
60407,q62_t1171
60408,q62_t1172
60408,q62_t1173
60409,q62_t1173
60409,q62_t1174
60410,q62_t1175
60410,q62_t1176
60411,q62_t1176
60411,q62_t1177
60412,q62_t186
60412,q62_t187
60413,q62_t187
60413,q62_t188
60414,q62_t189
60414,q62_t190
60415,q62_t190
60415,q62_t191
60416,q62_t192
60416,q62_t193
60417,q62_t193
60417,q62_t194
60418,q62_t195
60418,q62_t196
60419,q62_t196
60419,q62_t197
60420,q62_t198
60420,q62_t199
60421,q62_t199
60421,q62_t200
60422,q62_t201
60422,q62_t202
60423,q62_t202
60423,q62_t203
60424,q62_t203
60424,q62_t204
60424,q6_t203
60424,q6_t204
60425,q62_t204
60425,q62_t205
60426,q62_t205
60426,q62_t206
60427,q62_t206
60427,q62_t207
60427,q7_t206
60427,q7_t207
60428,q62_t207
60428,q62_t208
60429,q62_t208
60429,q62_t209
60430,q62_t209
60430,q62_t210
60430,q8_t209
60430,q8_t210
60431,q62_t210
60431,q62_t211
60432,q62_t211
60432,q62_t212
60433,q62_t212
60433,q62_t213
60433,q9_t212
60433,q9_t213
60434,q62_t213
60434,q62_t214
60435,q62_t214
60435,q62_t215
60436,q62_t216
60436,q62_t217
60437,q62_t217
60437,q62_t218
60438,q62_t219
60438,q62_t220
60439,q62_t220
60439,q62_t221
60440,q62_t222
60440,q62_t223
60441,q62_t223
60441,q62_t224
60442,q62_t225
60442,q62_t226
60443,q62_t226
60443,q62_t227
60444,q62_t228
60444,q62_t229
60445,q62_t229
60445,q62_t230
60446,q62_t231
60446,q62_t232
60447,q62_t232
60447,q62_t233
60448,q62_t234
60448,q62_t235
60449,q62_t235
60449,q62_t236
60450,q62_t237
60450,q62_t238
60451,q62_t238
60451,q62_t239
60452,q62_t240
60452,q62_t241
60453,q62_t241
60453,q62_t242
60454,q62_t243
60454,q62_t244
60455,q62_t244
60455,q62_t245
60456,q62_t246
60456,q62_t247
60457,q62_t247
60457,q62_t248
60458,q62_t249
60458,q62_t250
60459,q62_t250
60459,q62_t251
60460,q62_t252
60460,q62_t253
60461,q62_t253
60461,q62_t254
60462,q62_t255
60462,q62_t256
60463,q62_t256
60463,q62_t257
60464,q62_t258
60464,q62_t259
60465,q62_t259
60465,q62_t260
60466,q62_t261
60466,q62_t262
60467,q62_t262
60467,q62_t263
60468,q62_t264
60468,q62_t265
60469,q62_t265
60469,q62_t266
60470,q62_t267
60470,q62_t268
60471,q62_t268
60471,q62_t269
60472,q62_t270
60472,q62_t271
60473,q62_t271
60473,q62_t272
60474,q62_t273
60474,q62_t274
60475,q62_t274
60475,q62_t275
60476,q62_t276
60476,q62_t277
60477,q62_t277
60477,q62_t278
60478,q62_t279
60478,q62_t280
60479,q62_t280
60479,q62_t281
60480,q62_t282
60480,q62_t283
60481,q62_t283
60481,q62_t284
60482,q62_t285
60482,q62_t286
60483,q62_t286
60483,q62_t287
60484,q62_t288
60484,q62_t289
60485,q62_t289
60485,q62_t290
60486,q62_t291
60486,q62_t292
60487,q62_t292
60487,q62_t293
60488,q62_t294
60488,q62_t295
60489,q62_t295
60489,q62_t296
60490,q62_t297
60490,q62_t298
60491,q62_t298
60491,q62_t299
60492,q62_t300
60492,q62_t301
60493,q62_t301
60493,q62_t302
60494,q62_t303
60494,q62_t304
60495,q62_t304
60495,q62_t305
60496,q62_t306
60496,q62_t307
60497,q62_t307
60497,q62_t308
60498,q62_t309
60498,q62_t310
60499,q62_t310
60499,q62_t311
60500,q62_t312
60500,q62_t313
60501,q62_t313
60501,q62_t314
60502,q62_t315
60502,q62_t316
60503,q62_t316
60503,q62_t317
60504,q62_t318
60504,q62_t319
60505,q62_t319
60505,q62_t320
60506,q62_t321
60506,q62_t322
60507,q62_t322
60507,q62_t323
60508,q62_t324
60508,q62_t325
60509,q62_t325
60509,q62_t326
60510,q62_t327
60510,q62_t328
60511,q62_t328
60511,q62_t329
60512,q62_t330
60512,q62_t331
60513,q62_t331
60513,q62_t332
60514,q62_t333
60514,q62_t334
60515,q62_t334
60515,q62_t335
60516,q62_t336
60516,q62_t337
60517,q62_t337
60517,q62_t338
60518,q62_t339
60518,q62_t340
60519,q62_t340
60519,q62_t341
60520,q62_t342
60520,q62_t343
60521,q62_t343
60521,q62_t344
60522,q62_t345
60522,q62_t346
60523,q62_t346
60523,q62_t347
60524,q62_t348
60524,q62_t349
60525,q62_t349
60525,q62_t350
60526,q62_t351
60526,q62_t352
60527,q62_t352
60527,q62_t353
60528,q62_t354
60528,q62_t355
60529,q62_t355
60529,q62_t356
60530,q62_t357
60530,q62_t358
60531,q62_t358
60531,q62_t359
60532,q62_t360
60532,q62_t361
60533,q62_t361
60533,q62_t362
60534,q62_t363
60534,q62_t364
60535,q62_t364
60535,q62_t365
60536,q62_t366
60536,q62_t367
60537,q62_t367
60537,q62_t368
60538,q62_t369
60538,q62_t370
60539,q62_t370
60539,q62_t374
60540,q62_t374
60540,q62_t375
60540,q63_t374
60540,q63_t375
60541,q62_t375
60541,q62_t376
60542,q62_t376
60542,q62_t377
60543,q62_t377
60543,q62_t378
60543,q64_t377
60543,q64_t378
60544,q62_t378
60544,q62_t379
60545,q62_t379
60545,q62_t380
60546,q62_t380
60546,q62_t381
60546,q65_t380
60546,q65_t381
60547,q62_t381
60547,q62_t382
60548,q62_t382
60548,q62_t383
60549,q62_t383
60549,q62_t384
60549,q66_t383
60549,q66_t384
60550,q62_t384
60550,q62_t385
60551,q62_t385
60551,q62_t386
60552,q62_t386
60552,q62_t387
60552,q67_t386
60552,q67_t387
60553,q62_t387
60553,q62_t388
60554,q62_t388
60554,q62_t389
60555,q62_t389
60555,q62_t390
60555,q68_t389
60555,q68_t390
60556,q62_t390
60556,q62_t391
60557,q62_t391
60557,q62_t392
60558,q62_t392
60558,q62_t393
60558,q69_t392
60558,q69_t393
60559,q62_t393
60559,q62_t394
60560,q62_t394
60560,q62_t395
60561,q62_t395
60561,q62_t396
60561,q70_t395
60561,q70_t396
60562,q62_t396
60562,q62_t397
60563,q62_t397
60563,q62_t398
60564,q62_t398
60564,q62_t399
60564,q71_t398
60564,q71_t399
60565,q62_t399
60565,q62_t400
60566,q62_t400
60566,q62_t401
60567,q62_t401
60567,q62_t402
60567,q72_t401
60567,q72_t402
60568,q62_t402
60568,q62_t403
60569,q62_t403
60569,q62_t404
60570,q62_t404
60570,q62_t405
60570,q73_t404
60570,q73_t405
60571,q62_t405
60571,q62_t406
60572,q62_t406
60572,q62_t407
60573,q62_t407
60573,q62_t408
60573,q74_t407
60573,q74_t408
60574,q62_t408
60574,q62_t409
60575,q62_t409
60575,q62_t410
60576,q62_t410
60576,q62_t411
60576,q75_t410
60576,q75_t411
60577,q62_t411
60577,q62_t412
60578,q62_t412
60578,q62_t413
60579,q62_t413
60579,q62_t414
60579,q76_t413
60579,q76_t414
60580,q62_t414
60580,q62_t415
60581,q62_t415
60581,q62_t416
60582,q62_t416
60582,q62_t417
60582,q77_t416
60582,q77_t417
60583,q62_t417
60583,q62_t418
60584,q62_t418
60584,q62_t419
60585,q62_t419
60585,q62_t420
60585,q78_t419
60585,q78_t420
60586,q62_t420
60586,q62_t421
60587,q62_t421
60587,q62_t422
60588,q62_t422
60588,q62_t423
60588,q79_t422
60588,q79_t423
60589,q62_t423
60589,q62_t424
60590,q62_t424
60590,q62_t425
60591,q62_t425
60591,q62_t426
60591,q80_t425
60591,q80_t426
60592,q62_t426
60592,q62_t427
60593,q62_t427
60593,q62_t428
60594,q62_t428
60594,q62_t429
60594,q81_t428
60594,q81_t429
60595,q62_t429
60595,q62_t430
60596,q62_t430
60596,q62_t431
60597,q62_t431
60597,q62_t432
60597,q82_t431
60597,q82_t432
60598,q62_t432
60598,q62_t433
60599,q62_t433
60599,q62_t434
60600,q62_t434
60600,q62_t435
60600,q83_t434
60600,q83_t435
60601,q62_t435
60601,q62_t436
60602,q62_t436
60602,q62_t437
60603,q62_t437
60603,q62_t438
60603,q84_t437
60603,q84_t438
60604,q62_t438
60604,q62_t439
60605,q62_t439
60605,q62_t440
60606,q62_t440
60606,q62_t441
60606,q85_t440
60606,q85_t441
60607,q62_t441
60607,q62_t442
60608,q62_t442
60608,q62_t443
60609,q62_t443
60609,q62_t444
60609,q86_t443
60609,q86_t444
60610,q62_t444
60610,q62_t445
60611,q62_t445
60611,q62_t446
60612,q62_t446
60612,q62_t447
60612,q87_t446
60612,q87_t447
60613,q62_t447
60613,q62_t448
60614,q62_t448
60614,q62_t449
60615,q62_t449
60615,q62_t450
60615,q88_t449
60615,q88_t450
60616,q62_t450
60616,q62_t451
60617,q62_t451
60617,q62_t452
60618,q62_t452
60618,q62_t453
60618,q89_t452
60618,q89_t453
60619,q62_t453
60619,q62_t454
60620,q62_t454
60620,q62_t455
60621,q62_t455
60621,q62_t456
60621,q90_t455
60621,q90_t456
60622,q62_t456
60622,q62_t457
60623,q62_t457
60623,q62_t458
60624,q62_t458
60624,q62_t459
60624,q91_t458
60624,q91_t459
60625,q62_t459
60625,q62_t460
60626,q62_t460
60626,q62_t461
60627,q62_t461
60627,q62_t462
60627,q92_t461
60627,q92_t462
60628,q62_t462
60628,q62_t463
60629,q62_t463
60629,q62_t464
60630,q62_t464
60630,q62_t465
60630,q93_t464
60630,q93_t465
60631,q62_t465
60631,q62_t466
60632,q62_t466
60632,q62_t467
60633,q62_t467
60633,q62_t468
60633,q94_t467
60633,q94_t468
60634,q62_t468
60634,q62_t469
60635,q62_t469
60635,q62_t470
60636,q62_t470
60636,q62_t471
60636,q95_t470
60636,q95_t471
60637,q62_t471
60637,q62_t472
60638,q62_t472
60638,q62_t473
60639,q62_t473
60639,q62_t474
60639,q96_t473
60639,q96_t474
60640,q62_t474
60640,q62_t475
60641,q62_t475
60641,q62_t476
60642,q62_t476
60642,q62_t477
60642,q97_t476
60642,q97_t477
60643,q62_t477
60643,q62_t478
60644,q62_t478
60644,q62_t479
60645,q62_t479
60645,q62_t480
60645,q98_t479
60645,q98_t480
60646,q62_t480
60646,q62_t481
60647,q62_t481
60647,q62_t482
60648,q62_t482
60648,q62_t483
60648,q99_t482
60648,q99_t483
60649,q62_t483
60649,q62_t484
60650,q62_t484
60650,q62_t485
60651,q62_t486
60651,q62_t487
60652,q62_t487
60652,q62_t488
60653,q62_t489
60653,q62_t490
60654,q62_t490
60654,q62_t491
60655,q62_t492
60655,q62_t493
60656,q62_t493
60656,q62_t494
60657,q62_t495
60657,q62_t496
60658,q62_t496
60658,q62_t497
60659,q62_t498
60659,q62_t499
60660,q62_t499
60660,q62_t500
60661,q62_t501
60661,q62_t502
60662,q62_t502
60662,q62_t503
60663,q62_t504
60663,q62_t505
60664,q62_t505
60664,q62_t506
60665,q62_t507
60665,q62_t508
60666,q62_t508
60666,q62_t509
60667,q62_t510
60667,q62_t511
60668,q62_t511
60668,q62_t512
60669,q62_t513
60669,q62_t514
60670,q62_t514
60670,q62_t515
60671,q62_t515
60671,q62_t516
60672,q62_t517
60672,q62_t518
60673,q62_t518
60673,q62_t519
60674,q62_t520
60674,q62_t521
60675,q62_t521
60675,q62_t522
60676,q62_t523
60676,q62_t524
60677,q62_t524
60677,q62_t525
60678,q62_t526
60678,q62_t527
60679,q62_t527
60679,q62_t528
60680,q62_t529
60680,q62_t530
60681,q62_t530
60681,q62_t531
60682,q62_t532
60682,q62_t533
60683,q62_t533
60683,q62_t534
60684,q62_t534
60684,q62_t535
60684,q6_t534
60684,q6_t535
60685,q62_t535
60685,q62_t536
60686,q62_t536
60686,q62_t537
60687,q62_t537
60687,q62_t538
60687,q7_t537
60687,q7_t538
60688,q62_t538
60688,q62_t539
60689,q62_t539
60689,q62_t540
60690,q62_t540
60690,q62_t541
60690,q8_t540
60690,q8_t541
60691,q62_t541
60691,q62_t542
60692,q62_t542
60692,q62_t543
60693,q62_t543
60693,q62_t544
60693,q9_t543
60693,q9_t544
60694,q62_t544
60694,q62_t545
60695,q62_t545
60695,q62_t546
60696,q62_t547
60696,q62_t548
60697,q62_t548
60697,q62_t549
60698,q62_t550
60698,q62_t551
60699,q62_t551
60699,q62_t552
60700,q62_t553
60700,q62_t554
60701,q62_t554
60701,q62_t555
60702,q62_t556
60702,q62_t557
60703,q62_t557
60703,q62_t558
60704,q62_t559
60704,q62_t560
60705,q62_t560
60705,q62_t561
60706,q62_t562
60706,q62_t563
60707,q62_t563
60707,q62_t564
60708,q62_t565
60708,q62_t566
60709,q62_t566
60709,q62_t567
60710,q62_t568
60710,q62_t569
60711,q62_t569
60711,q62_t570
60712,q62_t571
60712,q62_t572
60713,q62_t572
60713,q62_t573
60714,q62_t574
60714,q62_t575
60715,q62_t575
60715,q62_t576
60716,q62_t577
60716,q62_t578
60717,q62_t578
60717,q62_t579
60718,q62_t580
60718,q62_t581
60719,q62_t581
60719,q62_t582
60720,q62_t583
60720,q62_t584
60721,q62_t584
60721,q62_t585
60722,q62_t586
60722,q62_t587
60723,q62_t587
60723,q62_t588
60724,q62_t589
60724,q62_t590
60725,q62_t590
60725,q62_t591
60726,q62_t592
60726,q62_t593
60727,q62_t593
60727,q62_t594
60728,q62_t595
60728,q62_t596
60729,q62_t596
60729,q62_t597
60730,q62_t598
60730,q62_t599
60731,q62_t599
60731,q62_t600
60732,q62_t601
60732,q62_t602
60733,q62_t602
60733,q62_t603
60734,q62_t604
60734,q62_t605
60735,q62_t605
60735,q62_t606
60736,q62_t607
60736,q62_t608
60737,q62_t608
60737,q62_t609
60738,q62_t610
60738,q62_t611
60739,q62_t611
60739,q62_t612
60740,q62_t613
60740,q62_t614
60741,q62_t614
60741,q62_t615
60742,q62_t616
60742,q62_t617
60743,q62_t617
60743,q62_t618
60744,q62_t619
60744,q62_t620
60745,q62_t620
60745,q62_t621
60746,q62_t622
60746,q62_t623
60747,q62_t623
60747,q62_t624
60748,q62_t625
60748,q62_t626
60749,q62_t626
60749,q62_t627
60750,q62_t628
60750,q62_t629
60751,q62_t629
60751,q62_t630
60752,q62_t631
60752,q62_t632
60753,q62_t632
60753,q62_t633
60754,q62_t634
60754,q62_t635
60755,q62_t635
60755,q62_t636
60756,q62_t637
60756,q62_t638
60757,q62_t638
60757,q62_t639
60758,q62_t640
60758,q62_t641
60759,q62_t641
60759,q62_t642
60760,q62_t643
60760,q62_t644
60761,q62_t644
60761,q62_t645
60762,q62_t646
60762,q62_t647
60763,q62_t647
60763,q62_t648
60764,q62_t649
60764,q62_t650
60765,q62_t650
60765,q62_t651
60766,q62_t652
60766,q62_t653
60767,q62_t653
60767,q62_t654
60768,q62_t655
60768,q62_t656
60769,q62_t656
60769,q62_t657
60770,q62_t658
60770,q62_t659
60771,q62_t659
60771,q62_t660
60772,q62_t661
60772,q62_t662
60773,q62_t662
60773,q62_t663
60774,q62_t664
60774,q62_t665
60775,q62_t665
60775,q62_t666
60776,q62_t667
60776,q62_t668
60777,q62_t668
60777,q62_t669
60778,q62_t670
60778,q62_t671
60779,q62_t671
60779,q62_t672
60780,q62_t673
60780,q62_t674
60781,q62_t674
60781,q62_t675
60782,q62_t676
60782,q62_t677
60783,q62_t677
60783,q62_t678
60784,q62_t679
60784,q62_t680
60785,q62_t680
60785,q62_t681
60786,q62_t682
60786,q62_t683
60787,q62_t683
60787,q62_t684
60788,q62_t685
60788,q62_t686
60789,q62_t686
60789,q62_t687
60790,q62_t688
60790,q62_t689
60791,q62_t689
60791,q62_t690
60792,q62_t691
60792,q62_t692
60793,q62_t692
60793,q62_t693
60794,q62_t694
60794,q62_t695
60795,q62_t695
60795,q62_t696
60796,q62_t697
60796,q62_t698
60797,q62_t698
60797,q62_t699
60798,q62_t700
60798,q62_t701
60799,q62_t701
60799,q62_t705
60800,q62_t705
60800,q62_t706
60800,q63_t705
60800,q63_t706
60801,q62_t706
60801,q62_t707
60802,q62_t707
60802,q62_t708
60803,q62_t708
60803,q62_t709
60803,q64_t708
60803,q64_t709
60804,q62_t709
60804,q62_t710
60805,q62_t710
60805,q62_t711
60806,q62_t711
60806,q62_t712
60806,q65_t711
60806,q65_t712
60807,q62_t712
60807,q62_t713
60808,q62_t713
60808,q62_t714
60809,q62_t714
60809,q62_t715
60809,q66_t714
60809,q66_t715
60810,q62_t715
60810,q62_t716
60811,q62_t716
60811,q62_t717
60812,q62_t717
60812,q62_t718
60812,q67_t717
60812,q67_t718
60813,q62_t718
60813,q62_t719
60814,q62_t719
60814,q62_t720
60815,q62_t720
60815,q62_t721
60815,q68_t720
60815,q68_t721
60816,q62_t721
60816,q62_t722
60817,q62_t722
60817,q62_t723
60818,q62_t723
60818,q62_t724
60818,q69_t723
60818,q69_t724
60819,q62_t724
60819,q62_t725
60820,q62_t725
60820,q62_t726
60821,q62_t726
60821,q62_t727
60821,q70_t726
60821,q70_t727
60822,q62_t727
60822,q62_t728
60823,q62_t728
60823,q62_t729
60824,q62_t729
60824,q62_t730
60824,q71_t729
60824,q71_t730
60825,q62_t730
60825,q62_t731
60826,q62_t731
60826,q62_t732
60827,q62_t732
60827,q62_t733
60827,q72_t732
60827,q72_t733
60828,q62_t733
60828,q62_t734
60829,q62_t734
60829,q62_t735
60830,q62_t735
60830,q62_t736
60830,q73_t735
60830,q73_t736
60831,q62_t736
60831,q62_t737
60832,q62_t737
60832,q62_t738
60833,q62_t738
60833,q62_t739
60833,q74_t738
60833,q74_t739
60834,q62_t739
60834,q62_t740
60835,q62_t740
60835,q62_t741
60836,q62_t741
60836,q62_t742
60836,q75_t741
60836,q75_t742
60837,q62_t742
60837,q62_t743
60838,q62_t743
60838,q62_t744
60839,q62_t744
60839,q62_t745
60839,q76_t744
60839,q76_t745
60840,q62_t745
60840,q62_t746
60841,q62_t746
60841,q62_t747
60842,q62_t747
60842,q62_t748
60842,q77_t747
60842,q77_t748
60843,q62_t748
60843,q62_t749
60844,q62_t749
60844,q62_t750
60845,q62_t750
60845,q62_t751
60845,q78_t750
60845,q78_t751
60846,q62_t751
60846,q62_t752
60847,q62_t752
60847,q62_t753
60848,q62_t753
60848,q62_t754
60848,q79_t753
60848,q79_t754
60849,q62_t754
60849,q62_t755
60850,q62_t755
60850,q62_t756
60851,q62_t756
60851,q62_t757
60851,q80_t756
60851,q80_t757
60852,q62_t757
60852,q62_t758
60853,q62_t758
60853,q62_t759
60854,q62_t759
60854,q62_t760
60854,q81_t759
60854,q81_t760
60855,q62_t760
60855,q62_t761
60856,q62_t761
60856,q62_t762
60857,q62_t762
60857,q62_t763
60857,q82_t762
60857,q82_t763
60858,q62_t763
60858,q62_t764
60859,q62_t764
60859,q62_t765
60860,q62_t765
60860,q62_t766
60860,q83_t765
60860,q83_t766
60861,q62_t766
60861,q62_t767
60862,q62_t767
60862,q62_t768
60863,q62_t768
60863,q62_t769
60863,q84_t768
60863,q84_t769
60864,q62_t769
60864,q62_t770
60865,q62_t770
60865,q62_t771
60866,q62_t771
60866,q62_t772
60866,q85_t771
60866,q85_t772
60867,q62_t772
60867,q62_t773
60868,q62_t773
60868,q62_t774
60869,q62_t774
60869,q62_t775
60869,q86_t774
60869,q86_t775
60870,q62_t775
60870,q62_t776
60871,q62_t776
60871,q62_t777
60872,q62_t777
60872,q62_t778
60872,q87_t777
60872,q87_t778
60873,q62_t778
60873,q62_t779
60874,q62_t779
60874,q62_t780
60875,q62_t780
60875,q62_t781
60875,q88_t780
60875,q88_t781
60876,q62_t781
60876,q62_t782
60877,q62_t782
60877,q62_t783
60878,q62_t783
60878,q62_t784
60878,q89_t783
60878,q89_t784
60879,q62_t784
60879,q62_t785
60880,q62_t785
60880,q62_t786
60881,q62_t786
60881,q62_t787
60881,q90_t786
60881,q90_t787
60882,q62_t787
60882,q62_t788
60883,q62_t788
60883,q62_t789
60884,q62_t789
60884,q62_t790
60884,q91_t789
60884,q91_t790
60885,q62_t790
60885,q62_t791
60886,q62_t791
60886,q62_t792
60887,q62_t792
60887,q62_t793
60887,q92_t792
60887,q92_t793
60888,q62_t793
60888,q62_t794
60889,q62_t794
60889,q62_t795
60890,q62_t795
60890,q62_t796
60890,q93_t795
60890,q93_t796
60891,q62_t796
60891,q62_t797
60892,q62_t797
60892,q62_t798
60893,q62_t798
60893,q62_t799
60893,q94_t798
60893,q94_t799
60894,q62_t799
60894,q62_t800
60895,q62_t800
60895,q62_t801
60896,q62_t801
60896,q62_t802
60896,q95_t801
60896,q95_t802
60897,q62_t802
60897,q62_t803
60898,q62_t803
60898,q62_t804
60899,q62_t804
60899,q62_t805
60899,q96_t804
60899,q96_t805
60900,q62_t805
60900,q62_t806
60901,q62_t806
60901,q62_t807
60902,q62_t807
60902,q62_t808
60902,q97_t807
60902,q97_t808
60903,q62_t808
60903,q62_t809
60904,q62_t809
60904,q62_t810
60905,q62_t810
60905,q62_t811
60905,q98_t810
60905,q98_t811
60906,q62_t811
60906,q62_t812
60907,q62_t812
60907,q62_t813
60908,q62_t813
60908,q62_t814
60908,q99_t813
60908,q99_t814
60909,q62_t814
60909,q62_t815
60910,q62_t815
60910,q62_t816
60911,q62_t817
60911,q62_t818
60912,q62_t818
60912,q62_t819
60913,q62_t820
60913,q62_t821
60914,q62_t821
60914,q62_t822
60915,q62_t823
60915,q62_t824
60916,q62_t824
60916,q62_t825
60917,q62_t826
60917,q62_t827
60918,q62_t827
60918,q62_t828
60919,q62_t829
60919,q62_t830
60920,q62_t830
60920,q62_t831
60921,q62_t832
60921,q62_t833
60922,q62_t833
60922,q62_t834
60923,q62_t835
60923,q62_t836
60924,q62_t836
60924,q62_t837
60925,q62_t838
60925,q62_t839
60926,q62_t839
60926,q62_t840
60927,q62_t841
60927,q62_t842
60928,q62_t842
60928,q62_t843
60929,q62_t844
60929,q62_t845
60930,q62_t845
60930,q62_t846
60931,q62_t846
60931,q62_t847
60932,q62_t848
60932,q62_t849
60933,q62_t849
60933,q62_t850
60934,q62_t851
60934,q62_t852
60935,q62_t852
60935,q62_t853
60936,q62_t854
60936,q62_t855
60937,q62_t855
60937,q62_t856
60938,q62_t857
60938,q62_t858
60939,q62_t858
60939,q62_t859
60940,q62_t860
60940,q62_t861
60941,q62_t861
60941,q62_t862
60942,q62_t863
60942,q62_t864
60943,q62_t864
60943,q62_t865
60944,q62_t865
60944,q62_t866
60944,q6_t865
60944,q6_t866
60945,q62_t866
60945,q62_t867
60946,q62_t867
60946,q62_t868
60947,q62_t868
60947,q62_t869
60947,q7_t868
60947,q7_t869
60948,q62_t869
60948,q62_t870
60949,q62_t870
60949,q62_t871
60950,q62_t871
60950,q62_t872
60950,q8_t871
60950,q8_t872
60951,q62_t872
60951,q62_t873
60952,q62_t873
60952,q62_t874
60953,q62_t874
60953,q62_t875
60953,q9_t874
60953,q9_t875
60954,q62_t875
60954,q62_t876
60955,q62_t876
60955,q62_t877
60956,q62_t878
60956,q62_t879
60957,q62_t879
60957,q62_t880
60958,q62_t881
60958,q62_t882
60959,q62_t882
60959,q62_t883
60960,q62_t884
60960,q62_t885
60961,q62_t885
60961,q62_t886
60962,q62_t887
60962,q62_t888
60963,q62_t888
60963,q62_t889
60964,q62_t890
60964,q62_t891
60965,q62_t891
60965,q62_t892
60966,q62_t893
60966,q62_t894
60967,q62_t894
60967,q62_t895
60968,q62_t896
60968,q62_t897
60969,q62_t897
60969,q62_t898
60970,q62_t899
60970,q62_t900
60971,q62_t900
60971,q62_t901
60972,q62_t902
60972,q62_t903
60973,q62_t903
60973,q62_t904
60974,q62_t905
60974,q62_t906
60975,q62_t906
60975,q62_t907
60976,q62_t908
60976,q62_t909
60977,q62_t909
60977,q62_t910
60978,q62_t911
60978,q62_t912
60979,q62_t912
60979,q62_t913
60980,q62_t914
60980,q62_t915
60981,q62_t915
60981,q62_t916
60982,q62_t917
60982,q62_t918
60983,q62_t918
60983,q62_t919
60984,q62_t920
60984,q62_t921
60985,q62_t921
60985,q62_t922
60986,q62_t923
60986,q62_t924
60987,q62_t924
60987,q62_t925
60988,q62_t926
60988,q62_t927
60989,q62_t927
60989,q62_t928
60990,q62_t929
60990,q62_t930
60991,q62_t930
60991,q62_t931
60992,q62_t932
60992,q62_t933
60993,q62_t933
60993,q62_t934
60994,q62_t935
60994,q62_t936
60995,q62_t936
60995,q62_t937
60996,q62_t938
60996,q62_t939
60997,q62_t939
60997,q62_t940
60998,q62_t941
60998,q62_t942
60999,q62_t942
60999,q62_t943
61000,q62_t944
61000,q62_t945
61001,q62_t945
61001,q62_t946
61002,q62_t947
61002,q62_t948
61003,q62_t948
61003,q62_t949
61004,q62_t950
61004,q62_t951
61005,q62_t951
61005,q62_t952
61006,q62_t953
61006,q62_t954
61007,q62_t954
61007,q62_t955
61008,q62_t956
61008,q62_t957
61009,q62_t957
61009,q62_t958
61010,q62_t959
61010,q62_t960
61011,q62_t960
61011,q62_t961
61012,q62_t962
61012,q62_t963
61013,q62_t963
61013,q62_t964
61014,q62_t965
61014,q62_t966
61015,q62_t966
61015,q62_t967
61016,q62_t968
61016,q62_t969
61017,q62_t969
61017,q62_t970
61018,q62_t971
61018,q62_t972
61019,q62_t972
61019,q62_t973
61020,q62_t974
61020,q62_t975
61021,q62_t975
61021,q62_t976
61022,q62_t977
61022,q62_t978
61023,q62_t978
61023,q62_t979
61024,q62_t980
61024,q62_t981
61025,q62_t981
61025,q62_t982
61026,q62_t983
61026,q62_t984
61027,q62_t984
61027,q62_t985
61028,q62_t986
61028,q62_t987
61029,q62_t987
61029,q62_t988
61030,q62_t989
61030,q62_t990
61031,q62_t990
61031,q62_t991
61032,q62_t992
61032,q62_t993
61033,q62_t993
61033,q62_t994
61034,q62_t995
61034,q62_t996
61035,q62_t996
61035,q62_t997
61036,q62_t998
61036,q62_t999
61037,q63_t0
61037,q63_t1
61038,q63_t1
61038,q63_t188
61039,q63_t1000
61039,q63_t999
61040,q63_t1001
61040,q63_t1002
61041,q63_t1002
61041,q63_t1003
61042,q63_t1004
61042,q63_t1005
61043,q63_t1005
61043,q63_t1006
61044,q63_t1007
61044,q63_t1008
61045,q63_t1008
61045,q63_t1009
61046,q63_t1010
61046,q63_t1011
61047,q63_t1011
61047,q63_t1012
61048,q63_t1013
61048,q63_t1014
61049,q63_t1014
61049,q63_t1015
61050,q63_t1016
61050,q63_t1017
61051,q63_t1017
61051,q63_t1018
61052,q63_t1019
61052,q63_t1020
61053,q63_t1020
61053,q63_t1021
61054,q63_t1022
61054,q63_t1023
61055,q63_t1023
61055,q63_t1024
61056,q63_t1025
61056,q63_t1026
61057,q63_t1026
61057,q63_t1027
61058,q63_t1028
61058,q63_t1029
61059,q63_t1029
61059,q63_t1030
61060,q63_t1031
61060,q63_t1032
61061,q63_t1032
61061,q63_t1033
61062,q63_t1034
61062,q63_t1035
61063,q63_t1035
61063,q63_t1036
61064,q63_t1037
61064,q63_t1038
61065,q63_t1038
61065,q63_t1042
61066,q63_t1042
61066,q63_t1043
61066,q64_t1042
61066,q64_t1043
61067,q63_t1043
61067,q63_t1044
61068,q63_t1044
61068,q63_t1045
61069,q63_t1045
61069,q63_t1046
61069,q65_t1045
61069,q65_t1046
61070,q63_t1046
61070,q63_t1047
61071,q63_t1047
61071,q63_t1048
61072,q63_t1048
61072,q63_t1049
61072,q66_t1048
61072,q66_t1049
61073,q63_t1049
61073,q63_t1050
61074,q63_t1050
61074,q63_t1051
61075,q63_t1051
61075,q63_t1052
61075,q67_t1051
61075,q67_t1052
61076,q63_t1052
61076,q63_t1053
61077,q63_t1053
61077,q63_t1054
61078,q63_t1054
61078,q63_t1055
61078,q68_t1054
61078,q68_t1055
61079,q63_t1055
61079,q63_t1056
61080,q63_t1056
61080,q63_t1057
61081,q63_t1057
61081,q63_t1058
61081,q69_t1057
61081,q69_t1058
61082,q63_t1058
61082,q63_t1059
61083,q63_t1059
61083,q63_t1060
61084,q63_t1060
61084,q63_t1061
61084,q70_t1060
61084,q70_t1061
61085,q63_t1061
61085,q63_t1062
61086,q63_t1062
61086,q63_t1063
61087,q63_t1063
61087,q63_t1064
61087,q71_t1063
61087,q71_t1064
61088,q63_t1064
61088,q63_t1065
61089,q63_t1065
61089,q63_t1066
61090,q63_t1066
61090,q63_t1067
61090,q72_t1066
61090,q72_t1067
61091,q63_t1067
61091,q63_t1068
61092,q63_t1068
61092,q63_t1069
61093,q63_t1069
61093,q63_t1070
61093,q73_t1069
61093,q73_t1070
61094,q63_t1070
61094,q63_t1071
61095,q63_t1071
61095,q63_t1072
61096,q63_t1072
61096,q63_t1073
61096,q74_t1072
61096,q74_t1073
61097,q63_t1073
61097,q63_t1074
61098,q63_t1074
61098,q63_t1075
61099,q63_t1075
61099,q63_t1076
61099,q75_t1075
61099,q75_t1076
61100,q63_t1076
61100,q63_t1077
61101,q63_t1077
61101,q63_t1078
61102,q63_t1078
61102,q63_t1079
61102,q76_t1078
61102,q76_t1079
61103,q63_t1079
61103,q63_t1080
61104,q63_t1080
61104,q63_t1081
61105,q63_t1081
61105,q63_t1082
61105,q77_t1081
61105,q77_t1082
61106,q63_t1082
61106,q63_t1083
61107,q63_t1083
61107,q63_t1084
61108,q63_t1084
61108,q63_t1085
61108,q78_t1084
61108,q78_t1085
61109,q63_t1085
61109,q63_t1086
61110,q63_t1086
61110,q63_t1087
61111,q63_t1087
61111,q63_t1088
61111,q79_t1087
61111,q79_t1088
61112,q63_t1088
61112,q63_t1089
61113,q63_t1089
61113,q63_t1090
61114,q63_t1090
61114,q63_t1091
61114,q80_t1090
61114,q80_t1091
61115,q63_t1091
61115,q63_t1092
61116,q63_t1092
61116,q63_t1093
61117,q63_t1093
61117,q63_t1094
61117,q81_t1093
61117,q81_t1094
61118,q63_t1094
61118,q63_t1095
61119,q63_t1095
61119,q63_t1096
61120,q63_t1096
61120,q63_t1097
61120,q82_t1096
61120,q82_t1097
61121,q63_t1097
61121,q63_t1098
61122,q63_t1098
61122,q63_t1099
61123,q63_t1099
61123,q63_t1100
61123,q83_t1099
61123,q83_t1100
61124,q63_t1100
61124,q63_t1101
61125,q63_t1101
61125,q63_t1102
61126,q63_t1102
61126,q63_t1103
61126,q84_t1102
61126,q84_t1103
61127,q63_t1103
61127,q63_t1104
61128,q63_t1104
61128,q63_t1105
61129,q63_t1105
61129,q63_t1106
61129,q85_t1105
61129,q85_t1106
61130,q63_t1106
61130,q63_t1107
61131,q63_t1107
61131,q63_t1108
61132,q63_t1108
61132,q63_t1109
61132,q86_t1108
61132,q86_t1109
61133,q63_t1109
61133,q63_t1110
61134,q63_t1110
61134,q63_t1111
61135,q63_t1111
61135,q63_t1112
61135,q87_t1111
61135,q87_t1112
61136,q63_t1112
61136,q63_t1113
61137,q63_t1113
61137,q63_t1114
61138,q63_t1114
61138,q63_t1115
61138,q88_t1114
61138,q88_t1115
61139,q63_t1115
61139,q63_t1116
61140,q63_t1116
61140,q63_t1117
61141,q63_t1117
61141,q63_t1118
61141,q89_t1117
61141,q89_t1118
61142,q63_t1118
61142,q63_t1119
61143,q63_t1119
61143,q63_t1120
61144,q63_t1120
61144,q63_t1121
61144,q90_t1120
61144,q90_t1121
61145,q63_t1121
61145,q63_t1122
61146,q63_t1122
61146,q63_t1123
61147,q63_t1123
61147,q63_t1124
61147,q91_t1123
61147,q91_t1124
61148,q63_t1124
61148,q63_t1125
61149,q63_t1125
61149,q63_t1126
61150,q63_t1126
61150,q63_t1127
61150,q92_t1126
61150,q92_t1127
61151,q63_t1127
61151,q63_t1128
61152,q63_t1128
61152,q63_t1129
61153,q63_t1129
61153,q63_t1130
61153,q93_t1129
61153,q93_t1130
61154,q63_t1130
61154,q63_t1131
61155,q63_t1131
61155,q63_t1132
61156,q63_t1132
61156,q63_t1133
61156,q94_t1132
61156,q94_t1133
61157,q63_t1133
61157,q63_t1134
61158,q63_t1134
61158,q63_t1135
61159,q63_t1135
61159,q63_t1136
61159,q95_t1135
61159,q95_t1136
61160,q63_t1136
61160,q63_t1137
61161,q63_t1137
61161,q63_t1138
61162,q63_t1138
61162,q63_t1139
61162,q96_t1138
61162,q96_t1139
61163,q63_t1139
61163,q63_t1140
61164,q63_t1140
61164,q63_t1141
61165,q63_t1141
61165,q63_t1142
61165,q97_t1141
61165,q97_t1142
61166,q63_t1142
61166,q63_t1143
61167,q63_t1143
61167,q63_t1144
61168,q63_t1144
61168,q63_t1145
61168,q98_t1144
61168,q98_t1145
61169,q63_t1145
61169,q63_t1146
61170,q63_t1146
61170,q63_t1147
61171,q63_t1147
61171,q63_t1148
61171,q99_t1147
61171,q99_t1148
61172,q63_t1148
61172,q63_t1149
61173,q63_t1149
61173,q63_t1150
61174,q63_t1151
61174,q63_t1152
61175,q63_t1152
61175,q63_t1153
61176,q63_t1154
61176,q63_t1155
61177,q63_t1155
61177,q63_t1156
61178,q63_t1157
61178,q63_t1158
61179,q63_t1158
61179,q63_t1159
61180,q63_t1160
61180,q63_t1161
61181,q63_t1161
61181,q63_t1162
61182,q63_t1163
61182,q63_t1164
61183,q63_t1164
61183,q63_t1165
61184,q63_t1166
61184,q63_t1167
61185,q63_t1167
61185,q63_t1168
61186,q63_t1169
61186,q63_t1170
61187,q63_t1170
61187,q63_t1171
61188,q63_t1172
61188,q63_t1173
61189,q63_t1173
61189,q63_t1174
61190,q63_t1175
61190,q63_t1176
61191,q63_t1176
61191,q63_t1177
61192,q63_t1178
61192,q63_t1179
61193,q63_t1179
61193,q63_t1180
61194,q63_t189
61194,q63_t190
61195,q63_t190
61195,q63_t191
61196,q63_t192
61196,q63_t193
61197,q63_t193
61197,q63_t194
61198,q63_t195
61198,q63_t196
61199,q63_t196
61199,q63_t197
61200,q63_t198
61200,q63_t199
61201,q63_t199
61201,q63_t200
61202,q63_t201
61202,q63_t202
61203,q63_t202
61203,q63_t203
61204,q63_t204
61204,q63_t205
61205,q63_t205
61205,q63_t206
61206,q63_t206
61206,q63_t207
61206,q6_t206
61206,q6_t207
61207,q63_t207
61207,q63_t208
61208,q63_t208
61208,q63_t209
61209,q63_t209
61209,q63_t210
61209,q7_t209
61209,q7_t210
61210,q63_t210
61210,q63_t211
61211,q63_t211
61211,q63_t212
61212,q63_t212
61212,q63_t213
61212,q8_t212
61212,q8_t213
61213,q63_t213
61213,q63_t214
61214,q63_t214
61214,q63_t215
61215,q63_t215
61215,q63_t216
61215,q9_t215
61215,q9_t216
61216,q63_t216
61216,q63_t217
61217,q63_t217
61217,q63_t218
61218,q63_t219
61218,q63_t220
61219,q63_t220
61219,q63_t221
61220,q63_t222
61220,q63_t223
61221,q63_t223
61221,q63_t224
61222,q63_t225
61222,q63_t226
61223,q63_t226
61223,q63_t227
61224,q63_t228
61224,q63_t229
61225,q63_t229
61225,q63_t230
61226,q63_t231
61226,q63_t232
61227,q63_t232
61227,q63_t233
61228,q63_t234
61228,q63_t235
61229,q63_t235
61229,q63_t236
61230,q63_t237
61230,q63_t238
61231,q63_t238
61231,q63_t239
61232,q63_t240
61232,q63_t241
61233,q63_t241
61233,q63_t242
61234,q63_t243
61234,q63_t244
61235,q63_t244
61235,q63_t245
61236,q63_t246
61236,q63_t247
61237,q63_t247
61237,q63_t248
61238,q63_t249
61238,q63_t250
61239,q63_t250
61239,q63_t251
61240,q63_t252
61240,q63_t253
61241,q63_t253
61241,q63_t254
61242,q63_t255
61242,q63_t256
61243,q63_t256
61243,q63_t257
61244,q63_t258
61244,q63_t259
61245,q63_t259
61245,q63_t260
61246,q63_t261
61246,q63_t262
61247,q63_t262
61247,q63_t263
61248,q63_t264
61248,q63_t265
61249,q63_t265
61249,q63_t266
61250,q63_t267
61250,q63_t268
61251,q63_t268
61251,q63_t269
61252,q63_t270
61252,q63_t271
61253,q63_t271
61253,q63_t272
61254,q63_t273
61254,q63_t274
61255,q63_t274
61255,q63_t275
61256,q63_t276
61256,q63_t277
61257,q63_t277
61257,q63_t278
61258,q63_t279
61258,q63_t280
61259,q63_t280
61259,q63_t281
61260,q63_t282
61260,q63_t283
61261,q63_t283
61261,q63_t284
61262,q63_t285
61262,q63_t286
61263,q63_t286
61263,q63_t287
61264,q63_t288
61264,q63_t289
61265,q63_t289
61265,q63_t290
61266,q63_t291
61266,q63_t292
61267,q63_t292
61267,q63_t293
61268,q63_t294
61268,q63_t295
61269,q63_t295
61269,q63_t296
61270,q63_t297
61270,q63_t298
61271,q63_t298
61271,q63_t299
61272,q63_t300
61272,q63_t301
61273,q63_t301
61273,q63_t302
61274,q63_t303
61274,q63_t304
61275,q63_t304
61275,q63_t305
61276,q63_t306
61276,q63_t307
61277,q63_t307
61277,q63_t308
61278,q63_t309
61278,q63_t310
61279,q63_t310
61279,q63_t311
61280,q63_t312
61280,q63_t313
61281,q63_t313
61281,q63_t314
61282,q63_t315
61282,q63_t316
61283,q63_t316
61283,q63_t317
61284,q63_t318
61284,q63_t319
61285,q63_t319
61285,q63_t320
61286,q63_t321
61286,q63_t322
61287,q63_t322
61287,q63_t323
61288,q63_t324
61288,q63_t325
61289,q63_t325
61289,q63_t326
61290,q63_t327
61290,q63_t328
61291,q63_t328
61291,q63_t329
61292,q63_t330
61292,q63_t331
61293,q63_t331
61293,q63_t332
61294,q63_t333
61294,q63_t334
61295,q63_t334
61295,q63_t335
61296,q63_t336
61296,q63_t337
61297,q63_t337
61297,q63_t338
61298,q63_t339
61298,q63_t340
61299,q63_t340
61299,q63_t341
61300,q63_t342
61300,q63_t343
61301,q63_t343
61301,q63_t344
61302,q63_t345
61302,q63_t346
61303,q63_t346
61303,q63_t347
61304,q63_t348
61304,q63_t349
61305,q63_t349
61305,q63_t350
61306,q63_t351
61306,q63_t352
61307,q63_t352
61307,q63_t353
61308,q63_t354
61308,q63_t355
61309,q63_t355
61309,q63_t356
61310,q63_t357
61310,q63_t358
61311,q63_t358
61311,q63_t359
61312,q63_t360
61312,q63_t361
61313,q63_t361
61313,q63_t362
61314,q63_t363
61314,q63_t364
61315,q63_t364
61315,q63_t365
61316,q63_t366
61316,q63_t367
61317,q63_t367
61317,q63_t368
61318,q63_t369
61318,q63_t370
61319,q63_t370
61319,q63_t371
61320,q63_t372
61320,q63_t373
61321,q63_t373
61321,q63_t374
61322,q63_t375
61322,q63_t376
61323,q63_t376
61323,q63_t380
61324,q63_t380
61324,q63_t381
61324,q64_t380
61324,q64_t381
61325,q63_t381
61325,q63_t382
61326,q63_t382
61326,q63_t383
61327,q63_t383
61327,q63_t384
61327,q65_t383
61327,q65_t384
61328,q63_t384
61328,q63_t385
61329,q63_t385
61329,q63_t386
61330,q63_t386
61330,q63_t387
61330,q66_t386
61330,q66_t387
61331,q63_t387
61331,q63_t388
61332,q63_t388
61332,q63_t389
61333,q63_t389
61333,q63_t390
61333,q67_t389
61333,q67_t390
61334,q63_t390
61334,q63_t391
61335,q63_t391
61335,q63_t392
61336,q63_t392
61336,q63_t393
61336,q68_t392
61336,q68_t393
61337,q63_t393
61337,q63_t394
61338,q63_t394
61338,q63_t395
61339,q63_t395
61339,q63_t396
61339,q69_t395
61339,q69_t396
61340,q63_t396
61340,q63_t397
61341,q63_t397
61341,q63_t398
61342,q63_t398
61342,q63_t399
61342,q70_t398
61342,q70_t399
61343,q63_t399
61343,q63_t400
61344,q63_t400
61344,q63_t401
61345,q63_t401
61345,q63_t402
61345,q71_t401
61345,q71_t402
61346,q63_t402
61346,q63_t403
61347,q63_t403
61347,q63_t404
61348,q63_t404
61348,q63_t405
61348,q72_t404
61348,q72_t405
61349,q63_t405
61349,q63_t406
61350,q63_t406
61350,q63_t407
61351,q63_t407
61351,q63_t408
61351,q73_t407
61351,q73_t408
61352,q63_t408
61352,q63_t409
61353,q63_t409
61353,q63_t410
61354,q63_t410
61354,q63_t411
61354,q74_t410
61354,q74_t411
61355,q63_t411
61355,q63_t412
61356,q63_t412
61356,q63_t413
61357,q63_t413
61357,q63_t414
61357,q75_t413
61357,q75_t414
61358,q63_t414
61358,q63_t415
61359,q63_t415
61359,q63_t416
61360,q63_t416
61360,q63_t417
61360,q76_t416
61360,q76_t417
61361,q63_t417
61361,q63_t418
61362,q63_t418
61362,q63_t419
61363,q63_t419
61363,q63_t420
61363,q77_t419
61363,q77_t420
61364,q63_t420
61364,q63_t421
61365,q63_t421
61365,q63_t422
61366,q63_t422
61366,q63_t423
61366,q78_t422
61366,q78_t423
61367,q63_t423
61367,q63_t424
61368,q63_t424
61368,q63_t425
61369,q63_t425
61369,q63_t426
61369,q79_t425
61369,q79_t426
61370,q63_t426
61370,q63_t427
61371,q63_t427
61371,q63_t428
61372,q63_t428
61372,q63_t429
61372,q80_t428
61372,q80_t429
61373,q63_t429
61373,q63_t430
61374,q63_t430
61374,q63_t431
61375,q63_t431
61375,q63_t432
61375,q81_t431
61375,q81_t432
61376,q63_t432
61376,q63_t433
61377,q63_t433
61377,q63_t434
61378,q63_t434
61378,q63_t435
61378,q82_t434
61378,q82_t435
61379,q63_t435
61379,q63_t436
61380,q63_t436
61380,q63_t437
61381,q63_t437
61381,q63_t438
61381,q83_t437
61381,q83_t438
61382,q63_t438
61382,q63_t439
61383,q63_t439
61383,q63_t440
61384,q63_t440
61384,q63_t441
61384,q84_t440
61384,q84_t441
61385,q63_t441
61385,q63_t442
61386,q63_t442
61386,q63_t443
61387,q63_t443
61387,q63_t444
61387,q85_t443
61387,q85_t444
61388,q63_t444
61388,q63_t445
61389,q63_t445
61389,q63_t446
61390,q63_t446
61390,q63_t447
61390,q86_t446
61390,q86_t447
61391,q63_t447
61391,q63_t448
61392,q63_t448
61392,q63_t449
61393,q63_t449
61393,q63_t450
61393,q87_t449
61393,q87_t450
61394,q63_t450
61394,q63_t451
61395,q63_t451
61395,q63_t452
61396,q63_t452
61396,q63_t453
61396,q88_t452
61396,q88_t453
61397,q63_t453
61397,q63_t454
61398,q63_t454
61398,q63_t455
61399,q63_t455
61399,q63_t456
61399,q89_t455
61399,q89_t456
61400,q63_t456
61400,q63_t457
61401,q63_t457
61401,q63_t458
61402,q63_t458
61402,q63_t459
61402,q90_t458
61402,q90_t459
61403,q63_t459
61403,q63_t460
61404,q63_t460
61404,q63_t461
61405,q63_t461
61405,q63_t462
61405,q91_t461
61405,q91_t462
61406,q63_t462
61406,q63_t463
61407,q63_t463
61407,q63_t464
61408,q63_t464
61408,q63_t465
61408,q92_t464
61408,q92_t465
61409,q63_t465
61409,q63_t466
61410,q63_t466
61410,q63_t467
61411,q63_t467
61411,q63_t468
61411,q93_t467
61411,q93_t468
61412,q63_t468
61412,q63_t469
61413,q63_t469
61413,q63_t470
61414,q63_t470
61414,q63_t471
61414,q94_t470
61414,q94_t471
61415,q63_t471
61415,q63_t472
61416,q63_t472
61416,q63_t473
61417,q63_t473
61417,q63_t474
61417,q95_t473
61417,q95_t474
61418,q63_t474
61418,q63_t475
61419,q63_t475
61419,q63_t476
61420,q63_t476
61420,q63_t477
61420,q96_t476
61420,q96_t477
61421,q63_t477
61421,q63_t478
61422,q63_t478
61422,q63_t479
61423,q63_t479
61423,q63_t480
61423,q97_t479
61423,q97_t480
61424,q63_t480
61424,q63_t481
61425,q63_t481
61425,q63_t482
61426,q63_t482
61426,q63_t483
61426,q98_t482
61426,q98_t483
61427,q63_t483
61427,q63_t484
61428,q63_t484
61428,q63_t485
61429,q63_t485
61429,q63_t486
61429,q99_t485
61429,q99_t486
61430,q63_t486
61430,q63_t487
61431,q63_t487
61431,q63_t488
61432,q63_t489
61432,q63_t490
61433,q63_t490
61433,q63_t491
61434,q63_t492
61434,q63_t493
61435,q63_t493
61435,q63_t494
61436,q63_t495
61436,q63_t496
61437,q63_t496
61437,q63_t497
61438,q63_t498
61438,q63_t499
61439,q63_t499
61439,q63_t500
61440,q63_t501
61440,q63_t502
61441,q63_t502
61441,q63_t503
61442,q63_t504
61442,q63_t505
61443,q63_t505
61443,q63_t506
61444,q63_t507
61444,q63_t508
61445,q63_t508
61445,q63_t509
61446,q63_t510
61446,q63_t511
61447,q63_t511
61447,q63_t512
61448,q63_t513
61448,q63_t514
61449,q63_t514
61449,q63_t515
61450,q63_t516
61450,q63_t517
61451,q63_t517
61451,q63_t518
61452,q63_t518
61452,q63_t519
61453,q63_t520
61453,q63_t521
61454,q63_t521
61454,q63_t522
61455,q63_t523
61455,q63_t524
61456,q63_t524
61456,q63_t525
61457,q63_t526
61457,q63_t527
61458,q63_t527
61458,q63_t528
61459,q63_t529
61459,q63_t530
61460,q63_t530
61460,q63_t531
61461,q63_t532
61461,q63_t533
61462,q63_t533
61462,q63_t534
61463,q63_t535
61463,q63_t536
61464,q63_t536
61464,q63_t537
61465,q63_t537
61465,q63_t538
61465,q6_t537
61465,q6_t538
61466,q63_t538
61466,q63_t539
61467,q63_t539
61467,q63_t540
61468,q63_t540
61468,q63_t541
61468,q7_t540
61468,q7_t541
61469,q63_t541
61469,q63_t542
61470,q63_t542
61470,q63_t543
61471,q63_t543
61471,q63_t544
61471,q8_t543
61471,q8_t544
61472,q63_t544
61472,q63_t545
61473,q63_t545
61473,q63_t546
61474,q63_t546
61474,q63_t547
61474,q9_t546
61474,q9_t547
61475,q63_t547
61475,q63_t548
61476,q63_t548
61476,q63_t549
61477,q63_t550
61477,q63_t551
61478,q63_t551
61478,q63_t552
61479,q63_t553
61479,q63_t554
61480,q63_t554
61480,q63_t555
61481,q63_t556
61481,q63_t557
61482,q63_t557
61482,q63_t558
61483,q63_t559
61483,q63_t560
61484,q63_t560
61484,q63_t561
61485,q63_t562
61485,q63_t563
61486,q63_t563
61486,q63_t564
61487,q63_t565
61487,q63_t566
61488,q63_t566
61488,q63_t567
61489,q63_t568
61489,q63_t569
61490,q63_t569
61490,q63_t570
61491,q63_t571
61491,q63_t572
61492,q63_t572
61492,q63_t573
61493,q63_t574
61493,q63_t575
61494,q63_t575
61494,q63_t576
61495,q63_t577
61495,q63_t578
61496,q63_t578
61496,q63_t579
61497,q63_t580
61497,q63_t581
61498,q63_t581
61498,q63_t582
61499,q63_t583
61499,q63_t584
61500,q63_t584
61500,q63_t585
61501,q63_t586
61501,q63_t587
61502,q63_t587
61502,q63_t588
61503,q63_t589
61503,q63_t590
61504,q63_t590
61504,q63_t591
61505,q63_t592
61505,q63_t593
61506,q63_t593
61506,q63_t594
61507,q63_t595
61507,q63_t596
61508,q63_t596
61508,q63_t597
61509,q63_t598
61509,q63_t599
61510,q63_t599
61510,q63_t600
61511,q63_t601
61511,q63_t602
61512,q63_t602
61512,q63_t603
61513,q63_t604
61513,q63_t605
61514,q63_t605
61514,q63_t606
61515,q63_t607
61515,q63_t608
61516,q63_t608
61516,q63_t609
61517,q63_t610
61517,q63_t611
61518,q63_t611
61518,q63_t612
61519,q63_t613
61519,q63_t614
61520,q63_t614
61520,q63_t615
61521,q63_t616
61521,q63_t617
61522,q63_t617
61522,q63_t618
61523,q63_t619
61523,q63_t620
61524,q63_t620
61524,q63_t621
61525,q63_t622
61525,q63_t623
61526,q63_t623
61526,q63_t624
61527,q63_t625
61527,q63_t626
61528,q63_t626
61528,q63_t627
61529,q63_t628
61529,q63_t629
61530,q63_t629
61530,q63_t630
61531,q63_t631
61531,q63_t632
61532,q63_t632
61532,q63_t633
61533,q63_t634
61533,q63_t635
61534,q63_t635
61534,q63_t636
61535,q63_t637
61535,q63_t638
61536,q63_t638
61536,q63_t639
61537,q63_t640
61537,q63_t641
61538,q63_t641
61538,q63_t642
61539,q63_t643
61539,q63_t644
61540,q63_t644
61540,q63_t645
61541,q63_t646
61541,q63_t647
61542,q63_t647
61542,q63_t648
61543,q63_t649
61543,q63_t650
61544,q63_t650
61544,q63_t651
61545,q63_t652
61545,q63_t653
61546,q63_t653
61546,q63_t654
61547,q63_t655
61547,q63_t656
61548,q63_t656
61548,q63_t657
61549,q63_t658
61549,q63_t659
61550,q63_t659
61550,q63_t660
61551,q63_t661
61551,q63_t662
61552,q63_t662
61552,q63_t663
61553,q63_t664
61553,q63_t665
61554,q63_t665
61554,q63_t666
61555,q63_t667
61555,q63_t668
61556,q63_t668
61556,q63_t669
61557,q63_t670
61557,q63_t671
61558,q63_t671
61558,q63_t672
61559,q63_t673
61559,q63_t674
61560,q63_t674
61560,q63_t675
61561,q63_t676
61561,q63_t677
61562,q63_t677
61562,q63_t678
61563,q63_t679
61563,q63_t680
61564,q63_t680
61564,q63_t681
61565,q63_t682
61565,q63_t683
61566,q63_t683
61566,q63_t684
61567,q63_t685
61567,q63_t686
61568,q63_t686
61568,q63_t687
61569,q63_t688
61569,q63_t689
61570,q63_t689
61570,q63_t690
61571,q63_t691
61571,q63_t692
61572,q63_t692
61572,q63_t693
61573,q63_t694
61573,q63_t695
61574,q63_t695
61574,q63_t696
61575,q63_t697
61575,q63_t698
61576,q63_t698
61576,q63_t699
61577,q63_t700
61577,q63_t701
61578,q63_t701
61578,q63_t702
61579,q63_t703
61579,q63_t704
61580,q63_t704
61580,q63_t705
61581,q63_t706
61581,q63_t707
61582,q63_t707
61582,q63_t711
61583,q63_t711
61583,q63_t712
61583,q64_t711
61583,q64_t712
61584,q63_t712
61584,q63_t713
61585,q63_t713
61585,q63_t714
61586,q63_t714
61586,q63_t715
61586,q65_t714
61586,q65_t715
61587,q63_t715
61587,q63_t716
61588,q63_t716
61588,q63_t717
61589,q63_t717
61589,q63_t718
61589,q66_t717
61589,q66_t718
61590,q63_t718
61590,q63_t719
61591,q63_t719
61591,q63_t720
61592,q63_t720
61592,q63_t721
61592,q67_t720
61592,q67_t721
61593,q63_t721
61593,q63_t722
61594,q63_t722
61594,q63_t723
61595,q63_t723
61595,q63_t724
61595,q68_t723
61595,q68_t724
61596,q63_t724
61596,q63_t725
61597,q63_t725
61597,q63_t726
61598,q63_t726
61598,q63_t727
61598,q69_t726
61598,q69_t727
61599,q63_t727
61599,q63_t728
61600,q63_t728
61600,q63_t729
61601,q63_t729
61601,q63_t730
61601,q70_t729
61601,q70_t730
61602,q63_t730
61602,q63_t731
61603,q63_t731
61603,q63_t732
61604,q63_t732
61604,q63_t733
61604,q71_t732
61604,q71_t733
61605,q63_t733
61605,q63_t734
61606,q63_t734
61606,q63_t735
61607,q63_t735
61607,q63_t736
61607,q72_t735
61607,q72_t736
61608,q63_t736
61608,q63_t737
61609,q63_t737
61609,q63_t738
61610,q63_t738
61610,q63_t739
61610,q73_t738
61610,q73_t739
61611,q63_t739
61611,q63_t740
61612,q63_t740
61612,q63_t741
61613,q63_t741
61613,q63_t742
61613,q74_t741
61613,q74_t742
61614,q63_t742
61614,q63_t743
61615,q63_t743
61615,q63_t744
61616,q63_t744
61616,q63_t745
61616,q75_t744
61616,q75_t745
61617,q63_t745
61617,q63_t746
61618,q63_t746
61618,q63_t747
61619,q63_t747
61619,q63_t748
61619,q76_t747
61619,q76_t748
61620,q63_t748
61620,q63_t749
61621,q63_t749
61621,q63_t750
61622,q63_t750
61622,q63_t751
61622,q77_t750
61622,q77_t751
61623,q63_t751
61623,q63_t752
61624,q63_t752
61624,q63_t753
61625,q63_t753
61625,q63_t754
61625,q78_t753
61625,q78_t754
61626,q63_t754
61626,q63_t755
61627,q63_t755
61627,q63_t756
61628,q63_t756
61628,q63_t757
61628,q79_t756
61628,q79_t757
61629,q63_t757
61629,q63_t758
61630,q63_t758
61630,q63_t759
61631,q63_t759
61631,q63_t760
61631,q80_t759
61631,q80_t760
61632,q63_t760
61632,q63_t761
61633,q63_t761
61633,q63_t762
61634,q63_t762
61634,q63_t763
61634,q81_t762
61634,q81_t763
61635,q63_t763
61635,q63_t764
61636,q63_t764
61636,q63_t765
61637,q63_t765
61637,q63_t766
61637,q82_t765
61637,q82_t766
61638,q63_t766
61638,q63_t767
61639,q63_t767
61639,q63_t768
61640,q63_t768
61640,q63_t769
61640,q83_t768
61640,q83_t769
61641,q63_t769
61641,q63_t770
61642,q63_t770
61642,q63_t771
61643,q63_t771
61643,q63_t772
61643,q84_t771
61643,q84_t772
61644,q63_t772
61644,q63_t773
61645,q63_t773
61645,q63_t774
61646,q63_t774
61646,q63_t775
61646,q85_t774
61646,q85_t775
61647,q63_t775
61647,q63_t776
61648,q63_t776
61648,q63_t777
61649,q63_t777
61649,q63_t778
61649,q86_t777
61649,q86_t778
61650,q63_t778
61650,q63_t779
61651,q63_t779
61651,q63_t780
61652,q63_t780
61652,q63_t781
61652,q87_t780
61652,q87_t781
61653,q63_t781
61653,q63_t782
61654,q63_t782
61654,q63_t783
61655,q63_t783
61655,q63_t784
61655,q88_t783
61655,q88_t784
61656,q63_t784
61656,q63_t785
61657,q63_t785
61657,q63_t786
61658,q63_t786
61658,q63_t787
61658,q89_t786
61658,q89_t787
61659,q63_t787
61659,q63_t788
61660,q63_t788
61660,q63_t789
61661,q63_t789
61661,q63_t790
61661,q90_t789
61661,q90_t790
61662,q63_t790
61662,q63_t791
61663,q63_t791
61663,q63_t792
61664,q63_t792
61664,q63_t793
61664,q91_t792
61664,q91_t793
61665,q63_t793
61665,q63_t794
61666,q63_t794
61666,q63_t795
61667,q63_t795
61667,q63_t796
61667,q92_t795
61667,q92_t796
61668,q63_t796
61668,q63_t797
61669,q63_t797
61669,q63_t798
61670,q63_t798
61670,q63_t799
61670,q93_t798
61670,q93_t799
61671,q63_t799
61671,q63_t800
61672,q63_t800
61672,q63_t801
61673,q63_t801
61673,q63_t802
61673,q94_t801
61673,q94_t802
61674,q63_t802
61674,q63_t803
61675,q63_t803
61675,q63_t804
61676,q63_t804
61676,q63_t805
61676,q95_t804
61676,q95_t805
61677,q63_t805
61677,q63_t806
61678,q63_t806
61678,q63_t807
61679,q63_t807
61679,q63_t808
61679,q96_t807
61679,q96_t808
61680,q63_t808
61680,q63_t809
61681,q63_t809
61681,q63_t810
61682,q63_t810
61682,q63_t811
61682,q97_t810
61682,q97_t811
61683,q63_t811
61683,q63_t812
61684,q63_t812
61684,q63_t813
61685,q63_t813
61685,q63_t814
61685,q98_t813
61685,q98_t814
61686,q63_t814
61686,q63_t815
61687,q63_t815
61687,q63_t816
61688,q63_t816
61688,q63_t817
61688,q99_t816
61688,q99_t817
61689,q63_t817
61689,q63_t818
61690,q63_t818
61690,q63_t819
61691,q63_t820
61691,q63_t821
61692,q63_t821
61692,q63_t822
61693,q63_t823
61693,q63_t824
61694,q63_t824
61694,q63_t825
61695,q63_t826
61695,q63_t827
61696,q63_t827
61696,q63_t828
61697,q63_t829
61697,q63_t830
61698,q63_t830
61698,q63_t831
61699,q63_t832
61699,q63_t833
61700,q63_t833
61700,q63_t834
61701,q63_t835
61701,q63_t836
61702,q63_t836
61702,q63_t837
61703,q63_t838
61703,q63_t839
61704,q63_t839
61704,q63_t840
61705,q63_t841
61705,q63_t842
61706,q63_t842
61706,q63_t843
61707,q63_t844
61707,q63_t845
61708,q63_t845
61708,q63_t846
61709,q63_t847
61709,q63_t848
61710,q63_t848
61710,q63_t849
61711,q63_t849
61711,q63_t850
61712,q63_t851
61712,q63_t852
61713,q63_t852
61713,q63_t853
61714,q63_t854
61714,q63_t855
61715,q63_t855
61715,q63_t856
61716,q63_t857
61716,q63_t858
61717,q63_t858
61717,q63_t859
61718,q63_t860
61718,q63_t861
61719,q63_t861
61719,q63_t862
61720,q63_t863
61720,q63_t864
61721,q63_t864
61721,q63_t865
61722,q63_t866
61722,q63_t867
61723,q63_t867
61723,q63_t868
61724,q63_t868
61724,q63_t869
61724,q6_t868
61724,q6_t869
61725,q63_t869
61725,q63_t870
61726,q63_t870
61726,q63_t871
61727,q63_t871
61727,q63_t872
61727,q7_t871
61727,q7_t872
61728,q63_t872
61728,q63_t873
61729,q63_t873
61729,q63_t874
61730,q63_t874
61730,q63_t875
61730,q8_t874
61730,q8_t875
61731,q63_t875
61731,q63_t876
61732,q63_t876
61732,q63_t877
61733,q63_t877
61733,q63_t878
61733,q9_t877
61733,q9_t878
61734,q63_t878
61734,q63_t879
61735,q63_t879
61735,q63_t880
61736,q63_t881
61736,q63_t882
61737,q63_t882
61737,q63_t883
61738,q63_t884
61738,q63_t885
61739,q63_t885
61739,q63_t886
61740,q63_t887
61740,q63_t888
61741,q63_t888
61741,q63_t889
61742,q63_t890
61742,q63_t891
61743,q63_t891
61743,q63_t892
61744,q63_t893
61744,q63_t894
61745,q63_t894
61745,q63_t895
61746,q63_t896
61746,q63_t897
61747,q63_t897
61747,q63_t898
61748,q63_t899
61748,q63_t900
61749,q63_t900
61749,q63_t901
61750,q63_t902
61750,q63_t903
61751,q63_t903
61751,q63_t904
61752,q63_t905
61752,q63_t906
61753,q63_t906
61753,q63_t907
61754,q63_t908
61754,q63_t909
61755,q63_t909
61755,q63_t910
61756,q63_t911
61756,q63_t912
61757,q63_t912
61757,q63_t913
61758,q63_t914
61758,q63_t915
61759,q63_t915
61759,q63_t916
61760,q63_t917
61760,q63_t918
61761,q63_t918
61761,q63_t919
61762,q63_t920
61762,q63_t921
61763,q63_t921
61763,q63_t922
61764,q63_t923
61764,q63_t924
61765,q63_t924
61765,q63_t925
61766,q63_t926
61766,q63_t927
61767,q63_t927
61767,q63_t928
61768,q63_t929
61768,q63_t930
61769,q63_t930
61769,q63_t931
61770,q63_t932
61770,q63_t933
61771,q63_t933
61771,q63_t934
61772,q63_t935
61772,q63_t936
61773,q63_t936
61773,q63_t937
61774,q63_t938
61774,q63_t939
61775,q63_t939
61775,q63_t940
61776,q63_t941
61776,q63_t942
61777,q63_t942
61777,q63_t943
61778,q63_t944
61778,q63_t945
61779,q63_t945
61779,q63_t946
61780,q63_t947
61780,q63_t948
61781,q63_t948
61781,q63_t949
61782,q63_t950
61782,q63_t951
61783,q63_t951
61783,q63_t952
61784,q63_t953
61784,q63_t954
61785,q63_t954
61785,q63_t955
61786,q63_t956
61786,q63_t957
61787,q63_t957
61787,q63_t958
61788,q63_t959
61788,q63_t960
61789,q63_t960
61789,q63_t961
61790,q63_t962
61790,q63_t963
61791,q63_t963
61791,q63_t964
61792,q63_t965
61792,q63_t966
61793,q63_t966
61793,q63_t967
61794,q63_t968
61794,q63_t969
61795,q63_t969
61795,q63_t970
61796,q63_t971
61796,q63_t972
61797,q63_t972
61797,q63_t973
61798,q63_t974
61798,q63_t975
61799,q63_t975
61799,q63_t976
61800,q63_t977
61800,q63_t978
61801,q63_t978
61801,q63_t979
61802,q63_t980
61802,q63_t981
61803,q63_t981
61803,q63_t982
61804,q63_t983
61804,q63_t984
61805,q63_t984
61805,q63_t985
61806,q63_t986
61806,q63_t987
61807,q63_t987
61807,q63_t988
61808,q63_t989
61808,q63_t990
61809,q63_t990
61809,q63_t991
61810,q63_t992
61810,q63_t993
61811,q63_t993
61811,q63_t994
61812,q63_t995
61812,q63_t996
61813,q63_t996
61813,q63_t997
61814,q63_t998
61814,q63_t999
61815,q64_t0
61815,q64_t1
61816,q64_t1
61816,q64_t191
61817,q64_t1000
61817,q64_t999
61818,q64_t1001
61818,q64_t1002
61819,q64_t1002
61819,q64_t1003
61820,q64_t1004
61820,q64_t1005
61821,q64_t1005
61821,q64_t1006
61822,q64_t1007
61822,q64_t1008
61823,q64_t1008
61823,q64_t1009
61824,q64_t1010
61824,q64_t1011
61825,q64_t1011
61825,q64_t1012
61826,q64_t1013
61826,q64_t1014
61827,q64_t1014
61827,q64_t1015
61828,q64_t1016
61828,q64_t1017
61829,q64_t1017
61829,q64_t1018
61830,q64_t1019
61830,q64_t1020
61831,q64_t1020
61831,q64_t1021
61832,q64_t1022
61832,q64_t1023
61833,q64_t1023
61833,q64_t1024
61834,q64_t1025
61834,q64_t1026
61835,q64_t1026
61835,q64_t1027
61836,q64_t1028
61836,q64_t1029
61837,q64_t1029
61837,q64_t1030
61838,q64_t1031
61838,q64_t1032
61839,q64_t1032
61839,q64_t1033
61840,q64_t1034
61840,q64_t1035
61841,q64_t1035
61841,q64_t1036
61842,q64_t1037
61842,q64_t1038
61843,q64_t1038
61843,q64_t1039
61844,q64_t1040
61844,q64_t1041
61845,q64_t1041
61845,q64_t1042
61846,q64_t1043
61846,q64_t1044
61847,q64_t1044
61847,q64_t1048
61848,q64_t1048
61848,q64_t1049
61848,q65_t1048
61848,q65_t1049
61849,q64_t1049
61849,q64_t1050
61850,q64_t1050
61850,q64_t1051
61851,q64_t1051
61851,q64_t1052
61851,q66_t1051
61851,q66_t1052
61852,q64_t1052
61852,q64_t1053
61853,q64_t1053
61853,q64_t1054
61854,q64_t1054
61854,q64_t1055
61854,q67_t1054
61854,q67_t1055
61855,q64_t1055
61855,q64_t1056
61856,q64_t1056
61856,q64_t1057
61857,q64_t1057
61857,q64_t1058
61857,q68_t1057
61857,q68_t1058
61858,q64_t1058
61858,q64_t1059
61859,q64_t1059
61859,q64_t1060
61860,q64_t1060
61860,q64_t1061
61860,q69_t1060
61860,q69_t1061
61861,q64_t1061
61861,q64_t1062
61862,q64_t1062
61862,q64_t1063
61863,q64_t1063
61863,q64_t1064
61863,q70_t1063
61863,q70_t1064
61864,q64_t1064
61864,q64_t1065
61865,q64_t1065
61865,q64_t1066
61866,q64_t1066
61866,q64_t1067
61866,q71_t1066
61866,q71_t1067
61867,q64_t1067
61867,q64_t1068
61868,q64_t1068
61868,q64_t1069
61869,q64_t1069
61869,q64_t1070
61869,q72_t1069
61869,q72_t1070
61870,q64_t1070
61870,q64_t1071
61871,q64_t1071
61871,q64_t1072
61872,q64_t1072
61872,q64_t1073
61872,q73_t1072
61872,q73_t1073
61873,q64_t1073
61873,q64_t1074
61874,q64_t1074
61874,q64_t1075
61875,q64_t1075
61875,q64_t1076
61875,q74_t1075
61875,q74_t1076
61876,q64_t1076
61876,q64_t1077
61877,q64_t1077
61877,q64_t1078
61878,q64_t1078
61878,q64_t1079
61878,q75_t1078
61878,q75_t1079
61879,q64_t1079
61879,q64_t1080
61880,q64_t1080
61880,q64_t1081
61881,q64_t1081
61881,q64_t1082
61881,q76_t1081
61881,q76_t1082
61882,q64_t1082
61882,q64_t1083
61883,q64_t1083
61883,q64_t1084
61884,q64_t1084
61884,q64_t1085
61884,q77_t1084
61884,q77_t1085
61885,q64_t1085
61885,q64_t1086
61886,q64_t1086
61886,q64_t1087
61887,q64_t1087
61887,q64_t1088
61887,q78_t1087
61887,q78_t1088
61888,q64_t1088
61888,q64_t1089
61889,q64_t1089
61889,q64_t1090
61890,q64_t1090
61890,q64_t1091
61890,q79_t1090
61890,q79_t1091
61891,q64_t1091
61891,q64_t1092
61892,q64_t1092
61892,q64_t1093
61893,q64_t1093
61893,q64_t1094
61893,q80_t1093
61893,q80_t1094
61894,q64_t1094
61894,q64_t1095
61895,q64_t1095
61895,q64_t1096
61896,q64_t1096
61896,q64_t1097
61896,q81_t1096
61896,q81_t1097
61897,q64_t1097
61897,q64_t1098
61898,q64_t1098
61898,q64_t1099
61899,q64_t1099
61899,q64_t1100
61899,q82_t1099
61899,q82_t1100
61900,q64_t1100
61900,q64_t1101
61901,q64_t1101
61901,q64_t1102
61902,q64_t1102
61902,q64_t1103
61902,q83_t1102
61902,q83_t1103
61903,q64_t1103
61903,q64_t1104
61904,q64_t1104
61904,q64_t1105
61905,q64_t1105
61905,q64_t1106
61905,q84_t1105
61905,q84_t1106
61906,q64_t1106
61906,q64_t1107
61907,q64_t1107
61907,q64_t1108
61908,q64_t1108
61908,q64_t1109
61908,q85_t1108
61908,q85_t1109
61909,q64_t1109
61909,q64_t1110
61910,q64_t1110
61910,q64_t1111
61911,q64_t1111
61911,q64_t1112
61911,q86_t1111
61911,q86_t1112
61912,q64_t1112
61912,q64_t1113
61913,q64_t1113
61913,q64_t1114
61914,q64_t1114
61914,q64_t1115
61914,q87_t1114
61914,q87_t1115
61915,q64_t1115
61915,q64_t1116
61916,q64_t1116
61916,q64_t1117
61917,q64_t1117
61917,q64_t1118
61917,q88_t1117
61917,q88_t1118
61918,q64_t1118
61918,q64_t1119
61919,q64_t1119
61919,q64_t1120
61920,q64_t1120
61920,q64_t1121
61920,q89_t1120
61920,q89_t1121
61921,q64_t1121
61921,q64_t1122
61922,q64_t1122
61922,q64_t1123
61923,q64_t1123
61923,q64_t1124
61923,q90_t1123
61923,q90_t1124
61924,q64_t1124
61924,q64_t1125
61925,q64_t1125
61925,q64_t1126
61926,q64_t1126
61926,q64_t1127
61926,q91_t1126
61926,q91_t1127
61927,q64_t1127
61927,q64_t1128
61928,q64_t1128
61928,q64_t1129
61929,q64_t1129
61929,q64_t1130
61929,q92_t1129
61929,q92_t1130
61930,q64_t1130
61930,q64_t1131
61931,q64_t1131
61931,q64_t1132
61932,q64_t1132
61932,q64_t1133
61932,q93_t1132
61932,q93_t1133
61933,q64_t1133
61933,q64_t1134
61934,q64_t1134
61934,q64_t1135
61935,q64_t1135
61935,q64_t1136
61935,q94_t1135
61935,q94_t1136
61936,q64_t1136
61936,q64_t1137
61937,q64_t1137
61937,q64_t1138
61938,q64_t1138
61938,q64_t1139
61938,q95_t1138
61938,q95_t1139
61939,q64_t1139
61939,q64_t1140
61940,q64_t1140
61940,q64_t1141
61941,q64_t1141
61941,q64_t1142
61941,q96_t1141
61941,q96_t1142
61942,q64_t1142
61942,q64_t1143
61943,q64_t1143
61943,q64_t1144
61944,q64_t1144
61944,q64_t1145
61944,q97_t1144
61944,q97_t1145
61945,q64_t1145
61945,q64_t1146
61946,q64_t1146
61946,q64_t1147
61947,q64_t1147
61947,q64_t1148
61947,q98_t1147
61947,q98_t1148
61948,q64_t1148
61948,q64_t1149
61949,q64_t1149
61949,q64_t1150
61950,q64_t1150
61950,q64_t1151
61950,q99_t1150
61950,q99_t1151
61951,q64_t1151
61951,q64_t1152
61952,q64_t1152
61952,q64_t1153
61953,q64_t1154
61953,q64_t1155
61954,q64_t1155
61954,q64_t1156
61955,q64_t1157
61955,q64_t1158
61956,q64_t1158
61956,q64_t1159
61957,q64_t1160
61957,q64_t1161
61958,q64_t1161
61958,q64_t1162
61959,q64_t1163
61959,q64_t1164
61960,q64_t1164
61960,q64_t1165
61961,q64_t1166
61961,q64_t1167
61962,q64_t1167
61962,q64_t1168
61963,q64_t1169
61963,q64_t1170
61964,q64_t1170
61964,q64_t1171
61965,q64_t1172
61965,q64_t1173
61966,q64_t1173
61966,q64_t1174
61967,q64_t1175
61967,q64_t1176
61968,q64_t1176
61968,q64_t1177
61969,q64_t1178
61969,q64_t1179
61970,q64_t1179
61970,q64_t1180
61971,q64_t1181
61971,q64_t1182
61972,q64_t1182
61972,q64_t1183
61973,q64_t192
61973,q64_t193
61974,q64_t193
61974,q64_t194
61975,q64_t195
61975,q64_t196
61976,q64_t196
61976,q64_t197
61977,q64_t198
61977,q64_t199
61978,q64_t199
61978,q64_t200
61979,q64_t201
61979,q64_t202
61980,q64_t202
61980,q64_t203
61981,q64_t204
61981,q64_t205
61982,q64_t205
61982,q64_t206
61983,q64_t207
61983,q64_t208
61984,q64_t208
61984,q64_t209
61985,q64_t209
61985,q64_t210
61985,q6_t209
61985,q6_t210
61986,q64_t210
61986,q64_t211
61987,q64_t211
61987,q64_t212
61988,q64_t212
61988,q64_t213
61988,q7_t212
61988,q7_t213
61989,q64_t213
61989,q64_t214
61990,q64_t214
61990,q64_t215
61991,q64_t215
61991,q64_t216
61991,q8_t215
61991,q8_t216
61992,q64_t216
61992,q64_t217
61993,q64_t217
61993,q64_t218
61994,q64_t218
61994,q64_t219
61994,q9_t218
61994,q9_t219
61995,q64_t219
61995,q64_t220
61996,q64_t220
61996,q64_t221
61997,q64_t222
61997,q64_t223
61998,q64_t223
61998,q64_t224
61999,q64_t225
61999,q64_t226
62000,q64_t226
62000,q64_t227
62001,q64_t228
62001,q64_t229
62002,q64_t229
62002,q64_t230
62003,q64_t231
62003,q64_t232
62004,q64_t232
62004,q64_t233
62005,q64_t234
62005,q64_t235
62006,q64_t235
62006,q64_t236
62007,q64_t237
62007,q64_t238
62008,q64_t238
62008,q64_t239
62009,q64_t240
62009,q64_t241
62010,q64_t241
62010,q64_t242
62011,q64_t243
62011,q64_t244
62012,q64_t244
62012,q64_t245
62013,q64_t246
62013,q64_t247
62014,q64_t247
62014,q64_t248
62015,q64_t249
62015,q64_t250
62016,q64_t250
62016,q64_t251
62017,q64_t252
62017,q64_t253
62018,q64_t253
62018,q64_t254
62019,q64_t255
62019,q64_t256
62020,q64_t256
62020,q64_t257
62021,q64_t258
62021,q64_t259
62022,q64_t259
62022,q64_t260
62023,q64_t261
62023,q64_t262
62024,q64_t262
62024,q64_t263
62025,q64_t264
62025,q64_t265
62026,q64_t265
62026,q64_t266
62027,q64_t267
62027,q64_t268
62028,q64_t268
62028,q64_t269
62029,q64_t270
62029,q64_t271
62030,q64_t271
62030,q64_t272
62031,q64_t273
62031,q64_t274
62032,q64_t274
62032,q64_t275
62033,q64_t276
62033,q64_t277
62034,q64_t277
62034,q64_t278
62035,q64_t279
62035,q64_t280
62036,q64_t280
62036,q64_t281
62037,q64_t282
62037,q64_t283
62038,q64_t283
62038,q64_t284
62039,q64_t285
62039,q64_t286
62040,q64_t286
62040,q64_t287
62041,q64_t288
62041,q64_t289
62042,q64_t289
62042,q64_t290
62043,q64_t291
62043,q64_t292
62044,q64_t292
62044,q64_t293
62045,q64_t294
62045,q64_t295
62046,q64_t295
62046,q64_t296
62047,q64_t297
62047,q64_t298
62048,q64_t298
62048,q64_t299
62049,q64_t300
62049,q64_t301
62050,q64_t301
62050,q64_t302
62051,q64_t303
62051,q64_t304
62052,q64_t304
62052,q64_t305
62053,q64_t306
62053,q64_t307
62054,q64_t307
62054,q64_t308
62055,q64_t309
62055,q64_t310
62056,q64_t310
62056,q64_t311
62057,q64_t312
62057,q64_t313
62058,q64_t313
62058,q64_t314
62059,q64_t315
62059,q64_t316
62060,q64_t316
62060,q64_t317
62061,q64_t318
62061,q64_t319
62062,q64_t319
62062,q64_t320
62063,q64_t321
62063,q64_t322
62064,q64_t322
62064,q64_t323
62065,q64_t324
62065,q64_t325
62066,q64_t325
62066,q64_t326
62067,q64_t327
62067,q64_t328
62068,q64_t328
62068,q64_t329
62069,q64_t330
62069,q64_t331
62070,q64_t331
62070,q64_t332
62071,q64_t333
62071,q64_t334
62072,q64_t334
62072,q64_t335
62073,q64_t336
62073,q64_t337
62074,q64_t337
62074,q64_t338
62075,q64_t339
62075,q64_t340
62076,q64_t340
62076,q64_t341
62077,q64_t342
62077,q64_t343
62078,q64_t343
62078,q64_t344
62079,q64_t345
62079,q64_t346
62080,q64_t346
62080,q64_t347
62081,q64_t348
62081,q64_t349
62082,q64_t349
62082,q64_t350
62083,q64_t351
62083,q64_t352
62084,q64_t352
62084,q64_t353
62085,q64_t354
62085,q64_t355
62086,q64_t355
62086,q64_t356
62087,q64_t357
62087,q64_t358
62088,q64_t358
62088,q64_t359
62089,q64_t360
62089,q64_t361
62090,q64_t361
62090,q64_t362
62091,q64_t363
62091,q64_t364
62092,q64_t364
62092,q64_t365
62093,q64_t366
62093,q64_t367
62094,q64_t367
62094,q64_t368
62095,q64_t369
62095,q64_t370
62096,q64_t370
62096,q64_t371
62097,q64_t372
62097,q64_t373
62098,q64_t373
62098,q64_t374
62099,q64_t375
62099,q64_t376
62100,q64_t376
62100,q64_t377
62101,q64_t378
62101,q64_t379
62102,q64_t379
62102,q64_t380
62103,q64_t381
62103,q64_t382
62104,q64_t382
62104,q64_t386
62105,q64_t386
62105,q64_t387
62105,q65_t386
62105,q65_t387
62106,q64_t387
62106,q64_t388
62107,q64_t388
62107,q64_t389
62108,q64_t389
62108,q64_t390
62108,q66_t389
62108,q66_t390
62109,q64_t390
62109,q64_t391
62110,q64_t391
62110,q64_t392
62111,q64_t392
62111,q64_t393
62111,q67_t392
62111,q67_t393
62112,q64_t393
62112,q64_t394
62113,q64_t394
62113,q64_t395
62114,q64_t395
62114,q64_t396
62114,q68_t395
62114,q68_t396
62115,q64_t396
62115,q64_t397
62116,q64_t397
62116,q64_t398
62117,q64_t398
62117,q64_t399
62117,q69_t398
62117,q69_t399
62118,q64_t399
62118,q64_t400
62119,q64_t400
62119,q64_t401
62120,q64_t401
62120,q64_t402
62120,q70_t401
62120,q70_t402
62121,q64_t402
62121,q64_t403
62122,q64_t403
62122,q64_t404
62123,q64_t404
62123,q64_t405
62123,q71_t404
62123,q71_t405
62124,q64_t405
62124,q64_t406
62125,q64_t406
62125,q64_t407
62126,q64_t407
62126,q64_t408
62126,q72_t407
62126,q72_t408
62127,q64_t408
62127,q64_t409
62128,q64_t409
62128,q64_t410
62129,q64_t410
62129,q64_t411
62129,q73_t410
62129,q73_t411
62130,q64_t411
62130,q64_t412
62131,q64_t412
62131,q64_t413
62132,q64_t413
62132,q64_t414
62132,q74_t413
62132,q74_t414
62133,q64_t414
62133,q64_t415
62134,q64_t415
62134,q64_t416
62135,q64_t416
62135,q64_t417
62135,q75_t416
62135,q75_t417
62136,q64_t417
62136,q64_t418
62137,q64_t418
62137,q64_t419
62138,q64_t419
62138,q64_t420
62138,q76_t419
62138,q76_t420
62139,q64_t420
62139,q64_t421
62140,q64_t421
62140,q64_t422
62141,q64_t422
62141,q64_t423
62141,q77_t422
62141,q77_t423
62142,q64_t423
62142,q64_t424
62143,q64_t424
62143,q64_t425
62144,q64_t425
62144,q64_t426
62144,q78_t425
62144,q78_t426
62145,q64_t426
62145,q64_t427
62146,q64_t427
62146,q64_t428
62147,q64_t428
62147,q64_t429
62147,q79_t428
62147,q79_t429
62148,q64_t429
62148,q64_t430
62149,q64_t430
62149,q64_t431
62150,q64_t431
62150,q64_t432
62150,q80_t431
62150,q80_t432
62151,q64_t432
62151,q64_t433
62152,q64_t433
62152,q64_t434
62153,q64_t434
62153,q64_t435
62153,q81_t434
62153,q81_t435
62154,q64_t435
62154,q64_t436
62155,q64_t436
62155,q64_t437
62156,q64_t437
62156,q64_t438
62156,q82_t437
62156,q82_t438
62157,q64_t438
62157,q64_t439
62158,q64_t439
62158,q64_t440
62159,q64_t440
62159,q64_t441
62159,q83_t440
62159,q83_t441
62160,q64_t441
62160,q64_t442
62161,q64_t442
62161,q64_t443
62162,q64_t443
62162,q64_t444
62162,q84_t443
62162,q84_t444
62163,q64_t444
62163,q64_t445
62164,q64_t445
62164,q64_t446
62165,q64_t446
62165,q64_t447
62165,q85_t446
62165,q85_t447
62166,q64_t447
62166,q64_t448
62167,q64_t448
62167,q64_t449
62168,q64_t449
62168,q64_t450
62168,q86_t449
62168,q86_t450
62169,q64_t450
62169,q64_t451
62170,q64_t451
62170,q64_t452
62171,q64_t452
62171,q64_t453
62171,q87_t452
62171,q87_t453
62172,q64_t453
62172,q64_t454
62173,q64_t454
62173,q64_t455
62174,q64_t455
62174,q64_t456
62174,q88_t455
62174,q88_t456
62175,q64_t456
62175,q64_t457
62176,q64_t457
62176,q64_t458
62177,q64_t458
62177,q64_t459
62177,q89_t458
62177,q89_t459
62178,q64_t459
62178,q64_t460
62179,q64_t460
62179,q64_t461
62180,q64_t461
62180,q64_t462
62180,q90_t461
62180,q90_t462
62181,q64_t462
62181,q64_t463
62182,q64_t463
62182,q64_t464
62183,q64_t464
62183,q64_t465
62183,q91_t464
62183,q91_t465
62184,q64_t465
62184,q64_t466
62185,q64_t466
62185,q64_t467
62186,q64_t467
62186,q64_t468
62186,q92_t467
62186,q92_t468
62187,q64_t468
62187,q64_t469
62188,q64_t469
62188,q64_t470
62189,q64_t470
62189,q64_t471
62189,q93_t470
62189,q93_t471
62190,q64_t471
62190,q64_t472
62191,q64_t472
62191,q64_t473
62192,q64_t473
62192,q64_t474
62192,q94_t473
62192,q94_t474
62193,q64_t474
62193,q64_t475
62194,q64_t475
62194,q64_t476
62195,q64_t476
62195,q64_t477
62195,q95_t476
62195,q95_t477
62196,q64_t477
62196,q64_t478
62197,q64_t478
62197,q64_t479
62198,q64_t479
62198,q64_t480
62198,q96_t479
62198,q96_t480
62199,q64_t480
62199,q64_t481
62200,q64_t481
62200,q64_t482
62201,q64_t482
62201,q64_t483
62201,q97_t482
62201,q97_t483
62202,q64_t483
62202,q64_t484
62203,q64_t484
62203,q64_t485
62204,q64_t485
62204,q64_t486
62204,q98_t485
62204,q98_t486
62205,q64_t486
62205,q64_t487
62206,q64_t487
62206,q64_t488
62207,q64_t488
62207,q64_t489
62207,q99_t488
62207,q99_t489
62208,q64_t489
62208,q64_t490
62209,q64_t490
62209,q64_t491
62210,q64_t492
62210,q64_t493
62211,q64_t493
62211,q64_t494
62212,q64_t495
62212,q64_t496
62213,q64_t496
62213,q64_t497
62214,q64_t498
62214,q64_t499
62215,q64_t499
62215,q64_t500
62216,q64_t501
62216,q64_t502
62217,q64_t502
62217,q64_t503
62218,q64_t504
62218,q64_t505
62219,q64_t505
62219,q64_t506
62220,q64_t507
62220,q64_t508
62221,q64_t508
62221,q64_t509
62222,q64_t510
62222,q64_t511
62223,q64_t511
62223,q64_t512
62224,q64_t513
62224,q64_t514
62225,q64_t514
62225,q64_t515
62226,q64_t516
62226,q64_t517
62227,q64_t517
62227,q64_t518
62228,q64_t519
62228,q64_t520
62229,q64_t520
62229,q64_t521
62230,q64_t521
62230,q64_t522
62231,q64_t523
62231,q64_t524
62232,q64_t524
62232,q64_t525
62233,q64_t526
62233,q64_t527
62234,q64_t527
62234,q64_t528
62235,q64_t529
62235,q64_t530
62236,q64_t530
62236,q64_t531
62237,q64_t532
62237,q64_t533
62238,q64_t533
62238,q64_t534
62239,q64_t535
62239,q64_t536
62240,q64_t536
62240,q64_t537
62241,q64_t538
62241,q64_t539
62242,q64_t539
62242,q64_t540
62243,q64_t540
62243,q64_t541
62243,q6_t540
62243,q6_t541
62244,q64_t541
62244,q64_t542
62245,q64_t542
62245,q64_t543
62246,q64_t543
62246,q64_t544
62246,q7_t543
62246,q7_t544
62247,q64_t544
62247,q64_t545
62248,q64_t545
62248,q64_t546
62249,q64_t546
62249,q64_t547
62249,q8_t546
62249,q8_t547
62250,q64_t547
62250,q64_t548
62251,q64_t548
62251,q64_t549
62252,q64_t549
62252,q64_t550
62252,q9_t549
62252,q9_t550
62253,q64_t550
62253,q64_t551
62254,q64_t551
62254,q64_t552
62255,q64_t553
62255,q64_t554
62256,q64_t554
62256,q64_t555
62257,q64_t556
62257,q64_t557
62258,q64_t557
62258,q64_t558
62259,q64_t559
62259,q64_t560
62260,q64_t560
62260,q64_t561
62261,q64_t562
62261,q64_t563
62262,q64_t563
62262,q64_t564
62263,q64_t565
62263,q64_t566
62264,q64_t566
62264,q64_t567
62265,q64_t568
62265,q64_t569
62266,q64_t569
62266,q64_t570
62267,q64_t571
62267,q64_t572
62268,q64_t572
62268,q64_t573
62269,q64_t574
62269,q64_t575
62270,q64_t575
62270,q64_t576
62271,q64_t577
62271,q64_t578
62272,q64_t578
62272,q64_t579
62273,q64_t580
62273,q64_t581
62274,q64_t581
62274,q64_t582
62275,q64_t583
62275,q64_t584
62276,q64_t584
62276,q64_t585
62277,q64_t586
62277,q64_t587
62278,q64_t587
62278,q64_t588
62279,q64_t589
62279,q64_t590
62280,q64_t590
62280,q64_t591
62281,q64_t592
62281,q64_t593
62282,q64_t593
62282,q64_t594
62283,q64_t595
62283,q64_t596
62284,q64_t596
62284,q64_t597
62285,q64_t598
62285,q64_t599
62286,q64_t599
62286,q64_t600
62287,q64_t601
62287,q64_t602
62288,q64_t602
62288,q64_t603
62289,q64_t604
62289,q64_t605
62290,q64_t605
62290,q64_t606
62291,q64_t607
62291,q64_t608
62292,q64_t608
62292,q64_t609
62293,q64_t610
62293,q64_t611
62294,q64_t611
62294,q64_t612
62295,q64_t613
62295,q64_t614
62296,q64_t614
62296,q64_t615
62297,q64_t616
62297,q64_t617
62298,q64_t617
62298,q64_t618
62299,q64_t619
62299,q64_t620
62300,q64_t620
62300,q64_t621
62301,q64_t622
62301,q64_t623
62302,q64_t623
62302,q64_t624
62303,q64_t625
62303,q64_t626
62304,q64_t626
62304,q64_t627
62305,q64_t628
62305,q64_t629
62306,q64_t629
62306,q64_t630
62307,q64_t631
62307,q64_t632
62308,q64_t632
62308,q64_t633
62309,q64_t634
62309,q64_t635
62310,q64_t635
62310,q64_t636
62311,q64_t637
62311,q64_t638
62312,q64_t638
62312,q64_t639
62313,q64_t640
62313,q64_t641
62314,q64_t641
62314,q64_t642
62315,q64_t643
62315,q64_t644
62316,q64_t644
62316,q64_t645
62317,q64_t646
62317,q64_t647
62318,q64_t647
62318,q64_t648
62319,q64_t649
62319,q64_t650
62320,q64_t650
62320,q64_t651
62321,q64_t652
62321,q64_t653
62322,q64_t653
62322,q64_t654
62323,q64_t655
62323,q64_t656
62324,q64_t656
62324,q64_t657
62325,q64_t658
62325,q64_t659
62326,q64_t659
62326,q64_t660
62327,q64_t661
62327,q64_t662
62328,q64_t662
62328,q64_t663
62329,q64_t664
62329,q64_t665
62330,q64_t665
62330,q64_t666
62331,q64_t667
62331,q64_t668
62332,q64_t668
62332,q64_t669
62333,q64_t670
62333,q64_t671
62334,q64_t671
62334,q64_t672
62335,q64_t673
62335,q64_t674
62336,q64_t674
62336,q64_t675
62337,q64_t676
62337,q64_t677
62338,q64_t677
62338,q64_t678
62339,q64_t679
62339,q64_t680
62340,q64_t680
62340,q64_t681
62341,q64_t682
62341,q64_t683
62342,q64_t683
62342,q64_t684
62343,q64_t685
62343,q64_t686
62344,q64_t686
62344,q64_t687
62345,q64_t688
62345,q64_t689
62346,q64_t689
62346,q64_t690
62347,q64_t691
62347,q64_t692
62348,q64_t692
62348,q64_t693
62349,q64_t694
62349,q64_t695
62350,q64_t695
62350,q64_t696
62351,q64_t697
62351,q64_t698
62352,q64_t698
62352,q64_t699
62353,q64_t700
62353,q64_t701
62354,q64_t701
62354,q64_t702
62355,q64_t703
62355,q64_t704
62356,q64_t704
62356,q64_t705
62357,q64_t706
62357,q64_t707
62358,q64_t707
62358,q64_t708
62359,q64_t709
62359,q64_t710
62360,q64_t710
62360,q64_t711
62361,q64_t712
62361,q64_t713
62362,q64_t713
62362,q64_t717
62363,q64_t717
62363,q64_t718
62363,q65_t717
62363,q65_t718
62364,q64_t718
62364,q64_t719
62365,q64_t719
62365,q64_t720
62366,q64_t720
62366,q64_t721
62366,q66_t720
62366,q66_t721
62367,q64_t721
62367,q64_t722
62368,q64_t722
62368,q64_t723
62369,q64_t723
62369,q64_t724
62369,q67_t723
62369,q67_t724
62370,q64_t724
62370,q64_t725
62371,q64_t725
62371,q64_t726
62372,q64_t726
62372,q64_t727
62372,q68_t726
62372,q68_t727
62373,q64_t727
62373,q64_t728
62374,q64_t728
62374,q64_t729
62375,q64_t729
62375,q64_t730
62375,q69_t729
62375,q69_t730
62376,q64_t730
62376,q64_t731
62377,q64_t731
62377,q64_t732
62378,q64_t732
62378,q64_t733
62378,q70_t732
62378,q70_t733
62379,q64_t733
62379,q64_t734
62380,q64_t734
62380,q64_t735
62381,q64_t735
62381,q64_t736
62381,q71_t735
62381,q71_t736
62382,q64_t736
62382,q64_t737
62383,q64_t737
62383,q64_t738
62384,q64_t738
62384,q64_t739
62384,q72_t738
62384,q72_t739
62385,q64_t739
62385,q64_t740
62386,q64_t740
62386,q64_t741
62387,q64_t741
62387,q64_t742
62387,q73_t741
62387,q73_t742
62388,q64_t742
62388,q64_t743
62389,q64_t743
62389,q64_t744
62390,q64_t744
62390,q64_t745
62390,q74_t744
62390,q74_t745
62391,q64_t745
62391,q64_t746
62392,q64_t746
62392,q64_t747
62393,q64_t747
62393,q64_t748
62393,q75_t747
62393,q75_t748
62394,q64_t748
62394,q64_t749
62395,q64_t749
62395,q64_t750
62396,q64_t750
62396,q64_t751
62396,q76_t750
62396,q76_t751
62397,q64_t751
62397,q64_t752
62398,q64_t752
62398,q64_t753
62399,q64_t753
62399,q64_t754
62399,q77_t753
62399,q77_t754
62400,q64_t754
62400,q64_t755
62401,q64_t755
62401,q64_t756
62402,q64_t756
62402,q64_t757
62402,q78_t756
62402,q78_t757
62403,q64_t757
62403,q64_t758
62404,q64_t758
62404,q64_t759
62405,q64_t759
62405,q64_t760
62405,q79_t759
62405,q79_t760
62406,q64_t760
62406,q64_t761
62407,q64_t761
62407,q64_t762
62408,q64_t762
62408,q64_t763
62408,q80_t762
62408,q80_t763
62409,q64_t763
62409,q64_t764
62410,q64_t764
62410,q64_t765
62411,q64_t765
62411,q64_t766
62411,q81_t765
62411,q81_t766
62412,q64_t766
62412,q64_t767
62413,q64_t767
62413,q64_t768
62414,q64_t768
62414,q64_t769
62414,q82_t768
62414,q82_t769
62415,q64_t769
62415,q64_t770
62416,q64_t770
62416,q64_t771
62417,q64_t771
62417,q64_t772
62417,q83_t771
62417,q83_t772
62418,q64_t772
62418,q64_t773
62419,q64_t773
62419,q64_t774
62420,q64_t774
62420,q64_t775
62420,q84_t774
62420,q84_t775
62421,q64_t775
62421,q64_t776
62422,q64_t776
62422,q64_t777
62423,q64_t777
62423,q64_t778
62423,q85_t777
62423,q85_t778
62424,q64_t778
62424,q64_t779
62425,q64_t779
62425,q64_t780
62426,q64_t780
62426,q64_t781
62426,q86_t780
62426,q86_t781
62427,q64_t781
62427,q64_t782
62428,q64_t782
62428,q64_t783
62429,q64_t783
62429,q64_t784
62429,q87_t783
62429,q87_t784
62430,q64_t784
62430,q64_t785
62431,q64_t785
62431,q64_t786
62432,q64_t786
62432,q64_t787
62432,q88_t786
62432,q88_t787
62433,q64_t787
62433,q64_t788
62434,q64_t788
62434,q64_t789
62435,q64_t789
62435,q64_t790
62435,q89_t789
62435,q89_t790
62436,q64_t790
62436,q64_t791
62437,q64_t791
62437,q64_t792
62438,q64_t792
62438,q64_t793
62438,q90_t792
62438,q90_t793
62439,q64_t793
62439,q64_t794
62440,q64_t794
62440,q64_t795
62441,q64_t795
62441,q64_t796
62441,q91_t795
62441,q91_t796
62442,q64_t796
62442,q64_t797
62443,q64_t797
62443,q64_t798
62444,q64_t798
62444,q64_t799
62444,q92_t798
62444,q92_t799
62445,q64_t799
62445,q64_t800
62446,q64_t800
62446,q64_t801
62447,q64_t801
62447,q64_t802
62447,q93_t801
62447,q93_t802
62448,q64_t802
62448,q64_t803
62449,q64_t803
62449,q64_t804
62450,q64_t804
62450,q64_t805
62450,q94_t804
62450,q94_t805
62451,q64_t805
62451,q64_t806
62452,q64_t806
62452,q64_t807
62453,q64_t807
62453,q64_t808
62453,q95_t807
62453,q95_t808
62454,q64_t808
62454,q64_t809
62455,q64_t809
62455,q64_t810
62456,q64_t810
62456,q64_t811
62456,q96_t810
62456,q96_t811
62457,q64_t811
62457,q64_t812
62458,q64_t812
62458,q64_t813
62459,q64_t813
62459,q64_t814
62459,q97_t813
62459,q97_t814
62460,q64_t814
62460,q64_t815
62461,q64_t815
62461,q64_t816
62462,q64_t816
62462,q64_t817
62462,q98_t816
62462,q98_t817
62463,q64_t817
62463,q64_t818
62464,q64_t818
62464,q64_t819
62465,q64_t819
62465,q64_t820
62465,q99_t819
62465,q99_t820
62466,q64_t820
62466,q64_t821
62467,q64_t821
62467,q64_t822
62468,q64_t823
62468,q64_t824
62469,q64_t824
62469,q64_t825
62470,q64_t826
62470,q64_t827
62471,q64_t827
62471,q64_t828
62472,q64_t829
62472,q64_t830
62473,q64_t830
62473,q64_t831
62474,q64_t832
62474,q64_t833
62475,q64_t833
62475,q64_t834
62476,q64_t835
62476,q64_t836
62477,q64_t836
62477,q64_t837
62478,q64_t838
62478,q64_t839
62479,q64_t839
62479,q64_t840
62480,q64_t841
62480,q64_t842
62481,q64_t842
62481,q64_t843
62482,q64_t844
62482,q64_t845
62483,q64_t845
62483,q64_t846
62484,q64_t847
62484,q64_t848
62485,q64_t848
62485,q64_t849
62486,q64_t850
62486,q64_t851
62487,q64_t851
62487,q64_t852
62488,q64_t852
62488,q64_t853
62489,q64_t854
62489,q64_t855
62490,q64_t855
62490,q64_t856
62491,q64_t857
62491,q64_t858
62492,q64_t858
62492,q64_t859
62493,q64_t860
62493,q64_t861
62494,q64_t861
62494,q64_t862
62495,q64_t863
62495,q64_t864
62496,q64_t864
62496,q64_t865
62497,q64_t866
62497,q64_t867
62498,q64_t867
62498,q64_t868
62499,q64_t869
62499,q64_t870
62500,q64_t870
62500,q64_t871
62501,q64_t871
62501,q64_t872
62501,q6_t871
62501,q6_t872
62502,q64_t872
62502,q64_t873
62503,q64_t873
62503,q64_t874
62504,q64_t874
62504,q64_t875
62504,q7_t874
62504,q7_t875
62505,q64_t875
62505,q64_t876
62506,q64_t876
62506,q64_t877
62507,q64_t877
62507,q64_t878
62507,q8_t877
62507,q8_t878
62508,q64_t878
62508,q64_t879
62509,q64_t879
62509,q64_t880
62510,q64_t880
62510,q64_t881
62510,q9_t880
62510,q9_t881
62511,q64_t881
62511,q64_t882
62512,q64_t882
62512,q64_t883
62513,q64_t884
62513,q64_t885
62514,q64_t885
62514,q64_t886
62515,q64_t887
62515,q64_t888
62516,q64_t888
62516,q64_t889
62517,q64_t890
62517,q64_t891
62518,q64_t891
62518,q64_t892
62519,q64_t893
62519,q64_t894
62520,q64_t894
62520,q64_t895
62521,q64_t896
62521,q64_t897
62522,q64_t897
62522,q64_t898
62523,q64_t899
62523,q64_t900
62524,q64_t900
62524,q64_t901
62525,q64_t902
62525,q64_t903
62526,q64_t903
62526,q64_t904
62527,q64_t905
62527,q64_t906
62528,q64_t906
62528,q64_t907
62529,q64_t908
62529,q64_t909
62530,q64_t909
62530,q64_t910
62531,q64_t911
62531,q64_t912
62532,q64_t912
62532,q64_t913
62533,q64_t914
62533,q64_t915
62534,q64_t915
62534,q64_t916
62535,q64_t917
62535,q64_t918
62536,q64_t918
62536,q64_t919
62537,q64_t920
62537,q64_t921
62538,q64_t921
62538,q64_t922
62539,q64_t923
62539,q64_t924
62540,q64_t924
62540,q64_t925
62541,q64_t926
62541,q64_t927
62542,q64_t927
62542,q64_t928
62543,q64_t929
62543,q64_t930
62544,q64_t930
62544,q64_t931
62545,q64_t932
62545,q64_t933
62546,q64_t933
62546,q64_t934
62547,q64_t935
62547,q64_t936
62548,q64_t936
62548,q64_t937
62549,q64_t938
62549,q64_t939
62550,q64_t939
62550,q64_t940
62551,q64_t941
62551,q64_t942
62552,q64_t942
62552,q64_t943
62553,q64_t944
62553,q64_t945
62554,q64_t945
62554,q64_t946
62555,q64_t947
62555,q64_t948
62556,q64_t948
62556,q64_t949
62557,q64_t950
62557,q64_t951
62558,q64_t951
62558,q64_t952
62559,q64_t953
62559,q64_t954
62560,q64_t954
62560,q64_t955
62561,q64_t956
62561,q64_t957
62562,q64_t957
62562,q64_t958
62563,q64_t959
62563,q64_t960
62564,q64_t960
62564,q64_t961
62565,q64_t962
62565,q64_t963
62566,q64_t963
62566,q64_t964
62567,q64_t965
62567,q64_t966
62568,q64_t966
62568,q64_t967
62569,q64_t968
62569,q64_t969
62570,q64_t969
62570,q64_t970
62571,q64_t971
62571,q64_t972
62572,q64_t972
62572,q64_t973
62573,q64_t974
62573,q64_t975
62574,q64_t975
62574,q64_t976
62575,q64_t977
62575,q64_t978
62576,q64_t978
62576,q64_t979
62577,q64_t980
62577,q64_t981
62578,q64_t981
62578,q64_t982
62579,q64_t983
62579,q64_t984
62580,q64_t984
62580,q64_t985
62581,q64_t986
62581,q64_t987
62582,q64_t987
62582,q64_t988
62583,q64_t989
62583,q64_t990
62584,q64_t990
62584,q64_t991
62585,q64_t992
62585,q64_t993
62586,q64_t993
62586,q64_t994
62587,q64_t995
62587,q64_t996
62588,q64_t996
62588,q64_t997
62589,q64_t998
62589,q64_t999
62590,q65_t0
62590,q65_t1
62591,q65_t1
62591,q65_t194
62592,q65_t1000
62592,q65_t999
62593,q65_t1001
62593,q65_t1002
62594,q65_t1002
62594,q65_t1003
62595,q65_t1004
62595,q65_t1005
62596,q65_t1005
62596,q65_t1006
62597,q65_t1007
62597,q65_t1008
62598,q65_t1008
62598,q65_t1009
62599,q65_t1010
62599,q65_t1011
62600,q65_t1011
62600,q65_t1012
62601,q65_t1013
62601,q65_t1014
62602,q65_t1014
62602,q65_t1015
62603,q65_t1016
62603,q65_t1017
62604,q65_t1017
62604,q65_t1018
62605,q65_t1019
62605,q65_t1020
62606,q65_t1020
62606,q65_t1021
62607,q65_t1022
62607,q65_t1023
62608,q65_t1023
62608,q65_t1024
62609,q65_t1025
62609,q65_t1026
62610,q65_t1026
62610,q65_t1027
62611,q65_t1028
62611,q65_t1029
62612,q65_t1029
62612,q65_t1030
62613,q65_t1031
62613,q65_t1032
62614,q65_t1032
62614,q65_t1033
62615,q65_t1034
62615,q65_t1035
62616,q65_t1035
62616,q65_t1036
62617,q65_t1037
62617,q65_t1038
62618,q65_t1038
62618,q65_t1039
62619,q65_t1040
62619,q65_t1041
62620,q65_t1041
62620,q65_t1042
62621,q65_t1043
62621,q65_t1044
62622,q65_t1044
62622,q65_t1045
62623,q65_t1046
62623,q65_t1047
62624,q65_t1047
62624,q65_t1048
62625,q65_t1049
62625,q65_t1050
62626,q65_t1050
62626,q65_t1054
62627,q65_t1054
62627,q65_t1055
62627,q66_t1054
62627,q66_t1055
62628,q65_t1055
62628,q65_t1056
62629,q65_t1056
62629,q65_t1057
62630,q65_t1057
62630,q65_t1058
62630,q67_t1057
62630,q67_t1058
62631,q65_t1058
62631,q65_t1059
62632,q65_t1059
62632,q65_t1060
62633,q65_t1060
62633,q65_t1061
62633,q68_t1060
62633,q68_t1061
62634,q65_t1061
62634,q65_t1062
62635,q65_t1062
62635,q65_t1063
62636,q65_t1063
62636,q65_t1064
62636,q69_t1063
62636,q69_t1064
62637,q65_t1064
62637,q65_t1065
62638,q65_t1065
62638,q65_t1066
62639,q65_t1066
62639,q65_t1067
62639,q70_t1066
62639,q70_t1067
62640,q65_t1067
62640,q65_t1068
62641,q65_t1068
62641,q65_t1069
62642,q65_t1069
62642,q65_t1070
62642,q71_t1069
62642,q71_t1070
62643,q65_t1070
62643,q65_t1071
62644,q65_t1071
62644,q65_t1072
62645,q65_t1072
62645,q65_t1073
62645,q72_t1072
62645,q72_t1073
62646,q65_t1073
62646,q65_t1074
62647,q65_t1074
62647,q65_t1075
62648,q65_t1075
62648,q65_t1076
62648,q73_t1075
62648,q73_t1076
62649,q65_t1076
62649,q65_t1077
62650,q65_t1077
62650,q65_t1078
62651,q65_t1078
62651,q65_t1079
62651,q74_t1078
62651,q74_t1079
62652,q65_t1079
62652,q65_t1080
62653,q65_t1080
62653,q65_t1081
62654,q65_t1081
62654,q65_t1082
62654,q75_t1081
62654,q75_t1082
62655,q65_t1082
62655,q65_t1083
62656,q65_t1083
62656,q65_t1084
62657,q65_t1084
62657,q65_t1085
62657,q76_t1084
62657,q76_t1085
62658,q65_t1085
62658,q65_t1086
62659,q65_t1086
62659,q65_t1087
62660,q65_t1087
62660,q65_t1088
62660,q77_t1087
62660,q77_t1088
62661,q65_t1088
62661,q65_t1089
62662,q65_t1089
62662,q65_t1090
62663,q65_t1090
62663,q65_t1091
62663,q78_t1090
62663,q78_t1091
62664,q65_t1091
62664,q65_t1092
62665,q65_t1092
62665,q65_t1093
62666,q65_t1093
62666,q65_t1094
62666,q79_t1093
62666,q79_t1094
62667,q65_t1094
62667,q65_t1095
62668,q65_t1095
62668,q65_t1096
62669,q65_t1096
62669,q65_t1097
62669,q80_t1096
62669,q80_t1097
62670,q65_t1097
62670,q65_t1098
62671,q65_t1098
62671,q65_t1099
62672,q65_t1099
62672,q65_t1100
62672,q81_t1099
62672,q81_t1100
62673,q65_t1100
62673,q65_t1101
62674,q65_t1101
62674,q65_t1102
62675,q65_t1102
62675,q65_t1103
62675,q82_t1102
62675,q82_t1103
62676,q65_t1103
62676,q65_t1104
62677,q65_t1104
62677,q65_t1105
62678,q65_t1105
62678,q65_t1106
62678,q83_t1105
62678,q83_t1106
62679,q65_t1106
62679,q65_t1107
62680,q65_t1107
62680,q65_t1108
62681,q65_t1108
62681,q65_t1109
62681,q84_t1108
62681,q84_t1109
62682,q65_t1109
62682,q65_t1110
62683,q65_t1110
62683,q65_t1111
62684,q65_t1111
62684,q65_t1112
62684,q85_t1111
62684,q85_t1112
62685,q65_t1112
62685,q65_t1113
62686,q65_t1113
62686,q65_t1114
62687,q65_t1114
62687,q65_t1115
62687,q86_t1114
62687,q86_t1115
62688,q65_t1115
62688,q65_t1116
62689,q65_t1116
62689,q65_t1117
62690,q65_t1117
62690,q65_t1118
62690,q87_t1117
62690,q87_t1118
62691,q65_t1118
62691,q65_t1119
62692,q65_t1119
62692,q65_t1120
62693,q65_t1120
62693,q65_t1121
62693,q88_t1120
62693,q88_t1121
62694,q65_t1121
62694,q65_t1122
62695,q65_t1122
62695,q65_t1123
62696,q65_t1123
62696,q65_t1124
62696,q89_t1123
62696,q89_t1124
62697,q65_t1124
62697,q65_t1125
62698,q65_t1125
62698,q65_t1126
62699,q65_t1126
62699,q65_t1127
62699,q90_t1126
62699,q90_t1127
62700,q65_t1127
62700,q65_t1128
62701,q65_t1128
62701,q65_t1129
62702,q65_t1129
62702,q65_t1130
62702,q91_t1129
62702,q91_t1130
62703,q65_t1130
62703,q65_t1131
62704,q65_t1131
62704,q65_t1132
62705,q65_t1132
62705,q65_t1133
62705,q92_t1132
62705,q92_t1133
62706,q65_t1133
62706,q65_t1134
62707,q65_t1134
62707,q65_t1135
62708,q65_t1135
62708,q65_t1136
62708,q93_t1135
62708,q93_t1136
62709,q65_t1136
62709,q65_t1137
62710,q65_t1137
62710,q65_t1138
62711,q65_t1138
62711,q65_t1139
62711,q94_t1138
62711,q94_t1139
62712,q65_t1139
62712,q65_t1140
62713,q65_t1140
62713,q65_t1141
62714,q65_t1141
62714,q65_t1142
62714,q95_t1141
62714,q95_t1142
62715,q65_t1142
62715,q65_t1143
62716,q65_t1143
62716,q65_t1144
62717,q65_t1144
62717,q65_t1145
62717,q96_t1144
62717,q96_t1145
62718,q65_t1145
62718,q65_t1146
62719,q65_t1146
62719,q65_t1147
62720,q65_t1147
62720,q65_t1148
62720,q97_t1147
62720,q97_t1148
62721,q65_t1148
62721,q65_t1149
62722,q65_t1149
62722,q65_t1150
62723,q65_t1150
62723,q65_t1151
62723,q98_t1150
62723,q98_t1151
62724,q65_t1151
62724,q65_t1152
62725,q65_t1152
62725,q65_t1153
62726,q65_t1153
62726,q65_t1154
62726,q99_t1153
62726,q99_t1154
62727,q65_t1154
62727,q65_t1155
62728,q65_t1155
62728,q65_t1156
62729,q65_t1157
62729,q65_t1158
62730,q65_t1158
62730,q65_t1159
62731,q65_t1160
62731,q65_t1161
62732,q65_t1161
62732,q65_t1162
62733,q65_t1163
62733,q65_t1164
62734,q65_t1164
62734,q65_t1165
62735,q65_t1166
62735,q65_t1167
62736,q65_t1167
62736,q65_t1168
62737,q65_t1169
62737,q65_t1170
62738,q65_t1170
62738,q65_t1171
62739,q65_t1172
62739,q65_t1173
62740,q65_t1173
62740,q65_t1174
62741,q65_t1175
62741,q65_t1176
62742,q65_t1176
62742,q65_t1177
62743,q65_t1178
62743,q65_t1179
62744,q65_t1179
62744,q65_t1180
62745,q65_t1181
62745,q65_t1182
62746,q65_t1182
62746,q65_t1183
62747,q65_t1184
62747,q65_t1185
62748,q65_t1185
62748,q65_t1186
62749,q65_t195
62749,q65_t196
62750,q65_t196
62750,q65_t197
62751,q65_t198
62751,q65_t199
62752,q65_t199
62752,q65_t200
62753,q65_t201
62753,q65_t202
62754,q65_t202
62754,q65_t203
62755,q65_t204
62755,q65_t205
62756,q65_t205
62756,q65_t206
62757,q65_t207
62757,q65_t208
62758,q65_t208
62758,q65_t209
62759,q65_t210
62759,q65_t211
62760,q65_t211
62760,q65_t212
62761,q65_t212
62761,q65_t213
62761,q6_t212
62761,q6_t213
62762,q65_t213
62762,q65_t214
62763,q65_t214
62763,q65_t215
62764,q65_t215
62764,q65_t216
62764,q7_t215
62764,q7_t216
62765,q65_t216
62765,q65_t217
62766,q65_t217
62766,q65_t218
62767,q65_t218
62767,q65_t219
62767,q8_t218
62767,q8_t219
62768,q65_t219
62768,q65_t220
62769,q65_t220
62769,q65_t221
62770,q65_t221
62770,q65_t222
62770,q9_t221
62770,q9_t222
62771,q65_t222
62771,q65_t223
62772,q65_t223
62772,q65_t224
62773,q65_t225
62773,q65_t226
62774,q65_t226
62774,q65_t227
62775,q65_t228
62775,q65_t229
62776,q65_t229
62776,q65_t230
62777,q65_t231
62777,q65_t232
62778,q65_t232
62778,q65_t233
62779,q65_t234
62779,q65_t235
62780,q65_t235
62780,q65_t236
62781,q65_t237
62781,q65_t238
62782,q65_t238
62782,q65_t239
62783,q65_t240
62783,q65_t241
62784,q65_t241
62784,q65_t242
62785,q65_t243
62785,q65_t244
62786,q65_t244
62786,q65_t245
62787,q65_t246
62787,q65_t247
62788,q65_t247
62788,q65_t248
62789,q65_t249
62789,q65_t250
62790,q65_t250
62790,q65_t251
62791,q65_t252
62791,q65_t253
62792,q65_t253
62792,q65_t254
62793,q65_t255
62793,q65_t256
62794,q65_t256
62794,q65_t257
62795,q65_t258
62795,q65_t259
62796,q65_t259
62796,q65_t260
62797,q65_t261
62797,q65_t262
62798,q65_t262
62798,q65_t263
62799,q65_t264
62799,q65_t265
62800,q65_t265
62800,q65_t266
62801,q65_t267
62801,q65_t268
62802,q65_t268
62802,q65_t269
62803,q65_t270
62803,q65_t271
62804,q65_t271
62804,q65_t272
62805,q65_t273
62805,q65_t274
62806,q65_t274
62806,q65_t275
62807,q65_t276
62807,q65_t277
62808,q65_t277
62808,q65_t278
62809,q65_t279
62809,q65_t280
62810,q65_t280
62810,q65_t281
62811,q65_t282
62811,q65_t283
62812,q65_t283
62812,q65_t284
62813,q65_t285
62813,q65_t286
62814,q65_t286
62814,q65_t287
62815,q65_t288
62815,q65_t289
62816,q65_t289
62816,q65_t290
62817,q65_t291
62817,q65_t292
62818,q65_t292
62818,q65_t293
62819,q65_t294
62819,q65_t295
62820,q65_t295
62820,q65_t296
62821,q65_t297
62821,q65_t298
62822,q65_t298
62822,q65_t299
62823,q65_t300
62823,q65_t301
62824,q65_t301
62824,q65_t302
62825,q65_t303
62825,q65_t304
62826,q65_t304
62826,q65_t305
62827,q65_t306
62827,q65_t307
62828,q65_t307
62828,q65_t308
62829,q65_t309
62829,q65_t310
62830,q65_t310
62830,q65_t311
62831,q65_t312
62831,q65_t313
62832,q65_t313
62832,q65_t314
62833,q65_t315
62833,q65_t316
62834,q65_t316
62834,q65_t317
62835,q65_t318
62835,q65_t319
62836,q65_t319
62836,q65_t320
62837,q65_t321
62837,q65_t322
62838,q65_t322
62838,q65_t323
62839,q65_t324
62839,q65_t325
62840,q65_t325
62840,q65_t326
62841,q65_t327
62841,q65_t328
62842,q65_t328
62842,q65_t329
62843,q65_t330
62843,q65_t331
62844,q65_t331
62844,q65_t332
62845,q65_t333
62845,q65_t334
62846,q65_t334
62846,q65_t335
62847,q65_t336
62847,q65_t337
62848,q65_t337
62848,q65_t338
62849,q65_t339
62849,q65_t340
62850,q65_t340
62850,q65_t341
62851,q65_t342
62851,q65_t343
62852,q65_t343
62852,q65_t344
62853,q65_t345
62853,q65_t346
62854,q65_t346
62854,q65_t347
62855,q65_t348
62855,q65_t349
62856,q65_t349
62856,q65_t350
62857,q65_t351
62857,q65_t352
62858,q65_t352
62858,q65_t353
62859,q65_t354
62859,q65_t355
62860,q65_t355
62860,q65_t356
62861,q65_t357
62861,q65_t358
62862,q65_t358
62862,q65_t359
62863,q65_t360
62863,q65_t361
62864,q65_t361
62864,q65_t362
62865,q65_t363
62865,q65_t364
62866,q65_t364
62866,q65_t365
62867,q65_t366
62867,q65_t367
62868,q65_t367
62868,q65_t368
62869,q65_t369
62869,q65_t370
62870,q65_t370
62870,q65_t371
62871,q65_t372
62871,q65_t373
62872,q65_t373
62872,q65_t374
62873,q65_t375
62873,q65_t376
62874,q65_t376
62874,q65_t377
62875,q65_t378
62875,q65_t379
62876,q65_t379
62876,q65_t380
62877,q65_t381
62877,q65_t382
62878,q65_t382
62878,q65_t383
62879,q65_t384
62879,q65_t385
62880,q65_t385
62880,q65_t386
62881,q65_t387
62881,q65_t388
62882,q65_t388
62882,q65_t392
62883,q65_t392
62883,q65_t393
62883,q66_t392
62883,q66_t393
62884,q65_t393
62884,q65_t394
62885,q65_t394
62885,q65_t395
62886,q65_t395
62886,q65_t396
62886,q67_t395
62886,q67_t396
62887,q65_t396
62887,q65_t397
62888,q65_t397
62888,q65_t398
62889,q65_t398
62889,q65_t399
62889,q68_t398
62889,q68_t399
62890,q65_t399
62890,q65_t400
62891,q65_t400
62891,q65_t401
62892,q65_t401
62892,q65_t402
62892,q69_t401
62892,q69_t402
62893,q65_t402
62893,q65_t403
62894,q65_t403
62894,q65_t404
62895,q65_t404
62895,q65_t405
62895,q70_t404
62895,q70_t405
62896,q65_t405
62896,q65_t406
62897,q65_t406
62897,q65_t407
62898,q65_t407
62898,q65_t408
62898,q71_t407
62898,q71_t408
62899,q65_t408
62899,q65_t409
62900,q65_t409
62900,q65_t410
62901,q65_t410
62901,q65_t411
62901,q72_t410
62901,q72_t411
62902,q65_t411
62902,q65_t412
62903,q65_t412
62903,q65_t413
62904,q65_t413
62904,q65_t414
62904,q73_t413
62904,q73_t414
62905,q65_t414
62905,q65_t415
62906,q65_t415
62906,q65_t416
62907,q65_t416
62907,q65_t417
62907,q74_t416
62907,q74_t417
62908,q65_t417
62908,q65_t418
62909,q65_t418
62909,q65_t419
62910,q65_t419
62910,q65_t420
62910,q75_t419
62910,q75_t420
62911,q65_t420
62911,q65_t421
62912,q65_t421
62912,q65_t422
62913,q65_t422
62913,q65_t423
62913,q76_t422
62913,q76_t423
62914,q65_t423
62914,q65_t424
62915,q65_t424
62915,q65_t425
62916,q65_t425
62916,q65_t426
62916,q77_t425
62916,q77_t426
62917,q65_t426
62917,q65_t427
62918,q65_t427
62918,q65_t428
62919,q65_t428
62919,q65_t429
62919,q78_t428
62919,q78_t429
62920,q65_t429
62920,q65_t430
62921,q65_t430
62921,q65_t431
62922,q65_t431
62922,q65_t432
62922,q79_t431
62922,q79_t432
62923,q65_t432
62923,q65_t433
62924,q65_t433
62924,q65_t434
62925,q65_t434
62925,q65_t435
62925,q80_t434
62925,q80_t435
62926,q65_t435
62926,q65_t436
62927,q65_t436
62927,q65_t437
62928,q65_t437
62928,q65_t438
62928,q81_t437
62928,q81_t438
62929,q65_t438
62929,q65_t439
62930,q65_t439
62930,q65_t440
62931,q65_t440
62931,q65_t441
62931,q82_t440
62931,q82_t441
62932,q65_t441
62932,q65_t442
62933,q65_t442
62933,q65_t443
62934,q65_t443
62934,q65_t444
62934,q83_t443
62934,q83_t444
62935,q65_t444
62935,q65_t445
62936,q65_t445
62936,q65_t446
62937,q65_t446
62937,q65_t447
62937,q84_t446
62937,q84_t447
62938,q65_t447
62938,q65_t448
62939,q65_t448
62939,q65_t449
62940,q65_t449
62940,q65_t450
62940,q85_t449
62940,q85_t450
62941,q65_t450
62941,q65_t451
62942,q65_t451
62942,q65_t452
62943,q65_t452
62943,q65_t453
62943,q86_t452
62943,q86_t453
62944,q65_t453
62944,q65_t454
62945,q65_t454
62945,q65_t455
62946,q65_t455
62946,q65_t456
62946,q87_t455
62946,q87_t456
62947,q65_t456
62947,q65_t457
62948,q65_t457
62948,q65_t458
62949,q65_t458
62949,q65_t459
62949,q88_t458
62949,q88_t459
62950,q65_t459
62950,q65_t460
62951,q65_t460
62951,q65_t461
62952,q65_t461
62952,q65_t462
62952,q89_t461
62952,q89_t462
62953,q65_t462
62953,q65_t463
62954,q65_t463
62954,q65_t464
62955,q65_t464
62955,q65_t465
62955,q90_t464
62955,q90_t465
62956,q65_t465
62956,q65_t466
62957,q65_t466
62957,q65_t467
62958,q65_t467
62958,q65_t468
62958,q91_t467
62958,q91_t468
62959,q65_t468
62959,q65_t469
62960,q65_t469
62960,q65_t470
62961,q65_t470
62961,q65_t471
62961,q92_t470
62961,q92_t471
62962,q65_t471
62962,q65_t472
62963,q65_t472
62963,q65_t473
62964,q65_t473
62964,q65_t474
62964,q93_t473
62964,q93_t474
62965,q65_t474
62965,q65_t475
62966,q65_t475
62966,q65_t476
62967,q65_t476
62967,q65_t477
62967,q94_t476
62967,q94_t477
62968,q65_t477
62968,q65_t478
62969,q65_t478
62969,q65_t479
62970,q65_t479
62970,q65_t480
62970,q95_t479
62970,q95_t480
62971,q65_t480
62971,q65_t481
62972,q65_t481
62972,q65_t482
62973,q65_t482
62973,q65_t483
62973,q96_t482
62973,q96_t483
62974,q65_t483
62974,q65_t484
62975,q65_t484
62975,q65_t485
62976,q65_t485
62976,q65_t486
62976,q97_t485
62976,q97_t486
62977,q65_t486
62977,q65_t487
62978,q65_t487
62978,q65_t488
62979,q65_t488
62979,q65_t489
62979,q98_t488
62979,q98_t489
62980,q65_t489
62980,q65_t490
62981,q65_t490
62981,q65_t491
62982,q65_t491
62982,q65_t492
62982,q99_t491
62982,q99_t492
62983,q65_t492
62983,q65_t493
62984,q65_t493
62984,q65_t494
62985,q65_t495
62985,q65_t496
62986,q65_t496
62986,q65_t497
62987,q65_t498
62987,q65_t499
62988,q65_t499
62988,q65_t500
62989,q65_t501
62989,q65_t502
62990,q65_t502
62990,q65_t503
62991,q65_t504
62991,q65_t505
62992,q65_t505
62992,q65_t506
62993,q65_t507
62993,q65_t508
62994,q65_t508
62994,q65_t509
62995,q65_t510
62995,q65_t511
62996,q65_t511
62996,q65_t512
62997,q65_t513
62997,q65_t514
62998,q65_t514
62998,q65_t515
62999,q65_t516
62999,q65_t517
63000,q65_t517
63000,q65_t518
63001,q65_t519
63001,q65_t520
63002,q65_t520
63002,q65_t521
63003,q65_t522
63003,q65_t523
63004,q65_t523
63004,q65_t524
63005,q65_t524
63005,q65_t525
63006,q65_t526
63006,q65_t527
63007,q65_t527
63007,q65_t528
63008,q65_t529
63008,q65_t530
63009,q65_t530
63009,q65_t531
63010,q65_t532
63010,q65_t533
63011,q65_t533
63011,q65_t534
63012,q65_t535
63012,q65_t536
63013,q65_t536
63013,q65_t537
63014,q65_t538
63014,q65_t539
63015,q65_t539
63015,q65_t540
63016,q65_t541
63016,q65_t542
63017,q65_t542
63017,q65_t543
63018,q65_t543
63018,q65_t544
63018,q6_t543
63018,q6_t544
63019,q65_t544
63019,q65_t545
63020,q65_t545
63020,q65_t546
63021,q65_t546
63021,q65_t547
63021,q7_t546
63021,q7_t547
63022,q65_t547
63022,q65_t548
63023,q65_t548
63023,q65_t549
63024,q65_t549
63024,q65_t550
63024,q8_t549
63024,q8_t550
63025,q65_t550
63025,q65_t551
63026,q65_t551
63026,q65_t552
63027,q65_t552
63027,q65_t553
63027,q9_t552
63027,q9_t553
63028,q65_t553
63028,q65_t554
63029,q65_t554
63029,q65_t555
63030,q65_t556
63030,q65_t557
63031,q65_t557
63031,q65_t558
63032,q65_t559
63032,q65_t560
63033,q65_t560
63033,q65_t561
63034,q65_t562
63034,q65_t563
63035,q65_t563
63035,q65_t564
63036,q65_t565
63036,q65_t566
63037,q65_t566
63037,q65_t567
63038,q65_t568
63038,q65_t569
63039,q65_t569
63039,q65_t570
63040,q65_t571
63040,q65_t572
63041,q65_t572
63041,q65_t573
63042,q65_t574
63042,q65_t575
63043,q65_t575
63043,q65_t576
63044,q65_t577
63044,q65_t578
63045,q65_t578
63045,q65_t579
63046,q65_t580
63046,q65_t581
63047,q65_t581
63047,q65_t582
63048,q65_t583
63048,q65_t584
63049,q65_t584
63049,q65_t585
63050,q65_t586
63050,q65_t587
63051,q65_t587
63051,q65_t588
63052,q65_t589
63052,q65_t590
63053,q65_t590
63053,q65_t591
63054,q65_t592
63054,q65_t593
63055,q65_t593
63055,q65_t594
63056,q65_t595
63056,q65_t596
63057,q65_t596
63057,q65_t597
63058,q65_t598
63058,q65_t599
63059,q65_t599
63059,q65_t600
63060,q65_t601
63060,q65_t602
63061,q65_t602
63061,q65_t603
63062,q65_t604
63062,q65_t605
63063,q65_t605
63063,q65_t606
63064,q65_t607
63064,q65_t608
63065,q65_t608
63065,q65_t609
63066,q65_t610
63066,q65_t611
63067,q65_t611
63067,q65_t612
63068,q65_t613
63068,q65_t614
63069,q65_t614
63069,q65_t615
63070,q65_t616
63070,q65_t617
63071,q65_t617
63071,q65_t618
63072,q65_t619
63072,q65_t620
63073,q65_t620
63073,q65_t621
63074,q65_t622
63074,q65_t623
63075,q65_t623
63075,q65_t624
63076,q65_t625
63076,q65_t626
63077,q65_t626
63077,q65_t627
63078,q65_t628
63078,q65_t629
63079,q65_t629
63079,q65_t630
63080,q65_t631
63080,q65_t632
63081,q65_t632
63081,q65_t633
63082,q65_t634
63082,q65_t635
63083,q65_t635
63083,q65_t636
63084,q65_t637
63084,q65_t638
63085,q65_t638
63085,q65_t639
63086,q65_t640
63086,q65_t641
63087,q65_t641
63087,q65_t642
63088,q65_t643
63088,q65_t644
63089,q65_t644
63089,q65_t645
63090,q65_t646
63090,q65_t647
63091,q65_t647
63091,q65_t648
63092,q65_t649
63092,q65_t650
63093,q65_t650
63093,q65_t651
63094,q65_t652
63094,q65_t653
63095,q65_t653
63095,q65_t654
63096,q65_t655
63096,q65_t656
63097,q65_t656
63097,q65_t657
63098,q65_t658
63098,q65_t659
63099,q65_t659
63099,q65_t660
63100,q65_t661
63100,q65_t662
63101,q65_t662
63101,q65_t663
63102,q65_t664
63102,q65_t665
63103,q65_t665
63103,q65_t666
63104,q65_t667
63104,q65_t668
63105,q65_t668
63105,q65_t669
63106,q65_t670
63106,q65_t671
63107,q65_t671
63107,q65_t672
63108,q65_t673
63108,q65_t674
63109,q65_t674
63109,q65_t675
63110,q65_t676
63110,q65_t677
63111,q65_t677
63111,q65_t678
63112,q65_t679
63112,q65_t680
63113,q65_t680
63113,q65_t681
63114,q65_t682
63114,q65_t683
63115,q65_t683
63115,q65_t684
63116,q65_t685
63116,q65_t686
63117,q65_t686
63117,q65_t687
63118,q65_t688
63118,q65_t689
63119,q65_t689
63119,q65_t690
63120,q65_t691
63120,q65_t692
63121,q65_t692
63121,q65_t693
63122,q65_t694
63122,q65_t695
63123,q65_t695
63123,q65_t696
63124,q65_t697
63124,q65_t698
63125,q65_t698
63125,q65_t699
63126,q65_t700
63126,q65_t701
63127,q65_t701
63127,q65_t702
63128,q65_t703
63128,q65_t704
63129,q65_t704
63129,q65_t705
63130,q65_t706
63130,q65_t707
63131,q65_t707
63131,q65_t708
63132,q65_t709
63132,q65_t710
63133,q65_t710
63133,q65_t711
63134,q65_t712
63134,q65_t713
63135,q65_t713
63135,q65_t714
63136,q65_t715
63136,q65_t716
63137,q65_t716
63137,q65_t717
63138,q65_t718
63138,q65_t719
63139,q65_t719
63139,q65_t723
63140,q65_t723
63140,q65_t724
63140,q66_t723
63140,q66_t724
63141,q65_t724
63141,q65_t725
63142,q65_t725
63142,q65_t726
63143,q65_t726
63143,q65_t727
63143,q67_t726
63143,q67_t727
63144,q65_t727
63144,q65_t728
63145,q65_t728
63145,q65_t729
63146,q65_t729
63146,q65_t730
63146,q68_t729
63146,q68_t730
63147,q65_t730
63147,q65_t731
63148,q65_t731
63148,q65_t732
63149,q65_t732
63149,q65_t733
63149,q69_t732
63149,q69_t733
63150,q65_t733
63150,q65_t734
63151,q65_t734
63151,q65_t735
63152,q65_t735
63152,q65_t736
63152,q70_t735
63152,q70_t736
63153,q65_t736
63153,q65_t737
63154,q65_t737
63154,q65_t738
63155,q65_t738
63155,q65_t739
63155,q71_t738
63155,q71_t739
63156,q65_t739
63156,q65_t740
63157,q65_t740
63157,q65_t741
63158,q65_t741
63158,q65_t742
63158,q72_t741
63158,q72_t742
63159,q65_t742
63159,q65_t743
63160,q65_t743
63160,q65_t744
63161,q65_t744
63161,q65_t745
63161,q73_t744
63161,q73_t745
63162,q65_t745
63162,q65_t746
63163,q65_t746
63163,q65_t747
63164,q65_t747
63164,q65_t748
63164,q74_t747
63164,q74_t748
63165,q65_t748
63165,q65_t749
63166,q65_t749
63166,q65_t750
63167,q65_t750
63167,q65_t751
63167,q75_t750
63167,q75_t751
63168,q65_t751
63168,q65_t752
63169,q65_t752
63169,q65_t753
63170,q65_t753
63170,q65_t754
63170,q76_t753
63170,q76_t754
63171,q65_t754
63171,q65_t755
63172,q65_t755
63172,q65_t756
63173,q65_t756
63173,q65_t757
63173,q77_t756
63173,q77_t757
63174,q65_t757
63174,q65_t758
63175,q65_t758
63175,q65_t759
63176,q65_t759
63176,q65_t760
63176,q78_t759
63176,q78_t760
63177,q65_t760
63177,q65_t761
63178,q65_t761
63178,q65_t762
63179,q65_t762
63179,q65_t763
63179,q79_t762
63179,q79_t763
63180,q65_t763
63180,q65_t764
63181,q65_t764
63181,q65_t765
63182,q65_t765
63182,q65_t766
63182,q80_t765
63182,q80_t766
63183,q65_t766
63183,q65_t767
63184,q65_t767
63184,q65_t768
63185,q65_t768
63185,q65_t769
63185,q81_t768
63185,q81_t769
63186,q65_t769
63186,q65_t770
63187,q65_t770
63187,q65_t771
63188,q65_t771
63188,q65_t772
63188,q82_t771
63188,q82_t772
63189,q65_t772
63189,q65_t773
63190,q65_t773
63190,q65_t774
63191,q65_t774
63191,q65_t775
63191,q83_t774
63191,q83_t775
63192,q65_t775
63192,q65_t776
63193,q65_t776
63193,q65_t777
63194,q65_t777
63194,q65_t778
63194,q84_t777
63194,q84_t778
63195,q65_t778
63195,q65_t779
63196,q65_t779
63196,q65_t780
63197,q65_t780
63197,q65_t781
63197,q85_t780
63197,q85_t781
63198,q65_t781
63198,q65_t782
63199,q65_t782
63199,q65_t783
63200,q65_t783
63200,q65_t784
63200,q86_t783
63200,q86_t784
63201,q65_t784
63201,q65_t785
63202,q65_t785
63202,q65_t786
63203,q65_t786
63203,q65_t787
63203,q87_t786
63203,q87_t787
63204,q65_t787
63204,q65_t788
63205,q65_t788
63205,q65_t789
63206,q65_t789
63206,q65_t790
63206,q88_t789
63206,q88_t790
63207,q65_t790
63207,q65_t791
63208,q65_t791
63208,q65_t792
63209,q65_t792
63209,q65_t793
63209,q89_t792
63209,q89_t793
63210,q65_t793
63210,q65_t794
63211,q65_t794
63211,q65_t795
63212,q65_t795
63212,q65_t796
63212,q90_t795
63212,q90_t796
63213,q65_t796
63213,q65_t797
63214,q65_t797
63214,q65_t798
63215,q65_t798
63215,q65_t799
63215,q91_t798
63215,q91_t799
63216,q65_t799
63216,q65_t800
63217,q65_t800
63217,q65_t801
63218,q65_t801
63218,q65_t802
63218,q92_t801
63218,q92_t802
63219,q65_t802
63219,q65_t803
63220,q65_t803
63220,q65_t804
63221,q65_t804
63221,q65_t805
63221,q93_t804
63221,q93_t805
63222,q65_t805
63222,q65_t806
63223,q65_t806
63223,q65_t807
63224,q65_t807
63224,q65_t808
63224,q94_t807
63224,q94_t808
63225,q65_t808
63225,q65_t809
63226,q65_t809
63226,q65_t810
63227,q65_t810
63227,q65_t811
63227,q95_t810
63227,q95_t811
63228,q65_t811
63228,q65_t812
63229,q65_t812
63229,q65_t813
63230,q65_t813
63230,q65_t814
63230,q96_t813
63230,q96_t814
63231,q65_t814
63231,q65_t815
63232,q65_t815
63232,q65_t816
63233,q65_t816
63233,q65_t817
63233,q97_t816
63233,q97_t817
63234,q65_t817
63234,q65_t818
63235,q65_t818
63235,q65_t819
63236,q65_t819
63236,q65_t820
63236,q98_t819
63236,q98_t820
63237,q65_t820
63237,q65_t821
63238,q65_t821
63238,q65_t822
63239,q65_t822
63239,q65_t823
63239,q99_t822
63239,q99_t823
63240,q65_t823
63240,q65_t824
63241,q65_t824
63241,q65_t825
63242,q65_t826
63242,q65_t827
63243,q65_t827
63243,q65_t828
63244,q65_t829
63244,q65_t830
63245,q65_t830
63245,q65_t831
63246,q65_t832
63246,q65_t833
63247,q65_t833
63247,q65_t834
63248,q65_t835
63248,q65_t836
63249,q65_t836
63249,q65_t837
63250,q65_t838
63250,q65_t839
63251,q65_t839
63251,q65_t840
63252,q65_t841
63252,q65_t842
63253,q65_t842
63253,q65_t843
63254,q65_t844
63254,q65_t845
63255,q65_t845
63255,q65_t846
63256,q65_t847
63256,q65_t848
63257,q65_t848
63257,q65_t849
63258,q65_t850
63258,q65_t851
63259,q65_t851
63259,q65_t852
63260,q65_t853
63260,q65_t854
63261,q65_t854
63261,q65_t855
63262,q65_t855
63262,q65_t856
63263,q65_t857
63263,q65_t858
63264,q65_t858
63264,q65_t859
63265,q65_t860
63265,q65_t861
63266,q65_t861
63266,q65_t862
63267,q65_t863
63267,q65_t864
63268,q65_t864
63268,q65_t865
63269,q65_t866
63269,q65_t867
63270,q65_t867
63270,q65_t868
63271,q65_t869
63271,q65_t870
63272,q65_t870
63272,q65_t871
63273,q65_t872
63273,q65_t873
63274,q65_t873
63274,q65_t874
63275,q65_t874
63275,q65_t875
63275,q6_t874
63275,q6_t875
63276,q65_t875
63276,q65_t876
63277,q65_t876
63277,q65_t877
63278,q65_t877
63278,q65_t878
63278,q7_t877
63278,q7_t878
63279,q65_t878
63279,q65_t879
63280,q65_t879
63280,q65_t880
63281,q65_t880
63281,q65_t881
63281,q8_t880
63281,q8_t881
63282,q65_t881
63282,q65_t882
63283,q65_t882
63283,q65_t883
63284,q65_t883
63284,q65_t884
63284,q9_t883
63284,q9_t884
63285,q65_t884
63285,q65_t885
63286,q65_t885
63286,q65_t886
63287,q65_t887
63287,q65_t888
63288,q65_t888
63288,q65_t889
63289,q65_t890
63289,q65_t891
63290,q65_t891
63290,q65_t892
63291,q65_t893
63291,q65_t894
63292,q65_t894
63292,q65_t895
63293,q65_t896
63293,q65_t897
63294,q65_t897
63294,q65_t898
63295,q65_t899
63295,q65_t900
63296,q65_t900
63296,q65_t901
63297,q65_t902
63297,q65_t903
63298,q65_t903
63298,q65_t904
63299,q65_t905
63299,q65_t906
63300,q65_t906
63300,q65_t907
63301,q65_t908
63301,q65_t909
63302,q65_t909
63302,q65_t910
63303,q65_t911
63303,q65_t912
63304,q65_t912
63304,q65_t913
63305,q65_t914
63305,q65_t915
63306,q65_t915
63306,q65_t916
63307,q65_t917
63307,q65_t918
63308,q65_t918
63308,q65_t919
63309,q65_t920
63309,q65_t921
63310,q65_t921
63310,q65_t922
63311,q65_t923
63311,q65_t924
63312,q65_t924
63312,q65_t925
63313,q65_t926
63313,q65_t927
63314,q65_t927
63314,q65_t928
63315,q65_t929
63315,q65_t930
63316,q65_t930
63316,q65_t931
63317,q65_t932
63317,q65_t933
63318,q65_t933
63318,q65_t934
63319,q65_t935
63319,q65_t936
63320,q65_t936
63320,q65_t937
63321,q65_t938
63321,q65_t939
63322,q65_t939
63322,q65_t940
63323,q65_t941
63323,q65_t942
63324,q65_t942
63324,q65_t943
63325,q65_t944
63325,q65_t945
63326,q65_t945
63326,q65_t946
63327,q65_t947
63327,q65_t948
63328,q65_t948
63328,q65_t949
63329,q65_t950
63329,q65_t951
63330,q65_t951
63330,q65_t952
63331,q65_t953
63331,q65_t954
63332,q65_t954
63332,q65_t955
63333,q65_t956
63333,q65_t957
63334,q65_t957
63334,q65_t958
63335,q65_t959
63335,q65_t960
63336,q65_t960
63336,q65_t961
63337,q65_t962
63337,q65_t963
63338,q65_t963
63338,q65_t964
63339,q65_t965
63339,q65_t966
63340,q65_t966
63340,q65_t967
63341,q65_t968
63341,q65_t969
63342,q65_t969
63342,q65_t970
63343,q65_t971
63343,q65_t972
63344,q65_t972
63344,q65_t973
63345,q65_t974
63345,q65_t975
63346,q65_t975
63346,q65_t976
63347,q65_t977
63347,q65_t978
63348,q65_t978
63348,q65_t979
63349,q65_t980
63349,q65_t981
63350,q65_t981
63350,q65_t982
63351,q65_t983
63351,q65_t984
63352,q65_t984
63352,q65_t985
63353,q65_t986
63353,q65_t987
63354,q65_t987
63354,q65_t988
63355,q65_t989
63355,q65_t990
63356,q65_t990
63356,q65_t991
63357,q65_t992
63357,q65_t993
63358,q65_t993
63358,q65_t994
63359,q65_t995
63359,q65_t996
63360,q65_t996
63360,q65_t997
63361,q65_t998
63361,q65_t999
63362,q66_t0
63362,q66_t1
63363,q66_t1
63363,q66_t197
63364,q66_t1000
63364,q66_t999
63365,q66_t1001
63365,q66_t1002
63366,q66_t1002
63366,q66_t1003
63367,q66_t1004
63367,q66_t1005
63368,q66_t1005
63368,q66_t1006
63369,q66_t1007
63369,q66_t1008
63370,q66_t1008
63370,q66_t1009
63371,q66_t1010
63371,q66_t1011
63372,q66_t1011
63372,q66_t1012
63373,q66_t1013
63373,q66_t1014
63374,q66_t1014
63374,q66_t1015
63375,q66_t1016
63375,q66_t1017
63376,q66_t1017
63376,q66_t1018
63377,q66_t1019
63377,q66_t1020
63378,q66_t1020
63378,q66_t1021
63379,q66_t1022
63379,q66_t1023
63380,q66_t1023
63380,q66_t1024
63381,q66_t1025
63381,q66_t1026
63382,q66_t1026
63382,q66_t1027
63383,q66_t1028
63383,q66_t1029
63384,q66_t1029
63384,q66_t1030
63385,q66_t1031
63385,q66_t1032
63386,q66_t1032
63386,q66_t1033
63387,q66_t1034
63387,q66_t1035
63388,q66_t1035
63388,q66_t1036
63389,q66_t1037
63389,q66_t1038
63390,q66_t1038
63390,q66_t1039
63391,q66_t1040
63391,q66_t1041
63392,q66_t1041
63392,q66_t1042
63393,q66_t1043
63393,q66_t1044
63394,q66_t1044
63394,q66_t1045
63395,q66_t1046
63395,q66_t1047
63396,q66_t1047
63396,q66_t1048
63397,q66_t1049
63397,q66_t1050
63398,q66_t1050
63398,q66_t1051
63399,q66_t1052
63399,q66_t1053
63400,q66_t1053
63400,q66_t1054
63401,q66_t1055
63401,q66_t1056
63402,q66_t1056
63402,q66_t1060
63403,q66_t1060
63403,q66_t1061
63403,q67_t1060
63403,q67_t1061
63404,q66_t1061
63404,q66_t1062
63405,q66_t1062
63405,q66_t1063
63406,q66_t1063
63406,q66_t1064
63406,q68_t1063
63406,q68_t1064
63407,q66_t1064
63407,q66_t1065
63408,q66_t1065
63408,q66_t1066
63409,q66_t1066
63409,q66_t1067
63409,q69_t1066
63409,q69_t1067
63410,q66_t1067
63410,q66_t1068
63411,q66_t1068
63411,q66_t1069
63412,q66_t1069
63412,q66_t1070
63412,q70_t1069
63412,q70_t1070
63413,q66_t1070
63413,q66_t1071
63414,q66_t1071
63414,q66_t1072
63415,q66_t1072
63415,q66_t1073
63415,q71_t1072
63415,q71_t1073
63416,q66_t1073
63416,q66_t1074
63417,q66_t1074
63417,q66_t1075
63418,q66_t1075
63418,q66_t1076
63418,q72_t1075
63418,q72_t1076
63419,q66_t1076
63419,q66_t1077
63420,q66_t1077
63420,q66_t1078
63421,q66_t1078
63421,q66_t1079
63421,q73_t1078
63421,q73_t1079
63422,q66_t1079
63422,q66_t1080
63423,q66_t1080
63423,q66_t1081
63424,q66_t1081
63424,q66_t1082
63424,q74_t1081
63424,q74_t1082
63425,q66_t1082
63425,q66_t1083
63426,q66_t1083
63426,q66_t1084
63427,q66_t1084
63427,q66_t1085
63427,q75_t1084
63427,q75_t1085
63428,q66_t1085
63428,q66_t1086
63429,q66_t1086
63429,q66_t1087
63430,q66_t1087
63430,q66_t1088
63430,q76_t1087
63430,q76_t1088
63431,q66_t1088
63431,q66_t1089
63432,q66_t1089
63432,q66_t1090
63433,q66_t1090
63433,q66_t1091
63433,q77_t1090
63433,q77_t1091
63434,q66_t1091
63434,q66_t1092
63435,q66_t1092
63435,q66_t1093
63436,q66_t1093
63436,q66_t1094
63436,q78_t1093
63436,q78_t1094
63437,q66_t1094
63437,q66_t1095
63438,q66_t1095
63438,q66_t1096
63439,q66_t1096
63439,q66_t1097
63439,q79_t1096
63439,q79_t1097
63440,q66_t1097
63440,q66_t1098
63441,q66_t1098
63441,q66_t1099
63442,q66_t1099
63442,q66_t1100
63442,q80_t1099
63442,q80_t1100
63443,q66_t1100
63443,q66_t1101
63444,q66_t1101
63444,q66_t1102
63445,q66_t1102
63445,q66_t1103
63445,q81_t1102
63445,q81_t1103
63446,q66_t1103
63446,q66_t1104
63447,q66_t1104
63447,q66_t1105
63448,q66_t1105
63448,q66_t1106
63448,q82_t1105
63448,q82_t1106
63449,q66_t1106
63449,q66_t1107
63450,q66_t1107
63450,q66_t1108
63451,q66_t1108
63451,q66_t1109
63451,q83_t1108
63451,q83_t1109
63452,q66_t1109
63452,q66_t1110
63453,q66_t1110
63453,q66_t1111
63454,q66_t1111
63454,q66_t1112
63454,q84_t1111
63454,q84_t1112
63455,q66_t1112
63455,q66_t1113
63456,q66_t1113
63456,q66_t1114
63457,q66_t1114
63457,q66_t1115
63457,q85_t1114
63457,q85_t1115
63458,q66_t1115
63458,q66_t1116
63459,q66_t1116
63459,q66_t1117
63460,q66_t1117
63460,q66_t1118
63460,q86_t1117
63460,q86_t1118
63461,q66_t1118
63461,q66_t1119
63462,q66_t1119
63462,q66_t1120
63463,q66_t1120
63463,q66_t1121
63463,q87_t1120
63463,q87_t1121
63464,q66_t1121
63464,q66_t1122
63465,q66_t1122
63465,q66_t1123
63466,q66_t1123
63466,q66_t1124
63466,q88_t1123
63466,q88_t1124
63467,q66_t1124
63467,q66_t1125
63468,q66_t1125
63468,q66_t1126
63469,q66_t1126
63469,q66_t1127
63469,q89_t1126
63469,q89_t1127
63470,q66_t1127
63470,q66_t1128
63471,q66_t1128
63471,q66_t1129
63472,q66_t1129
63472,q66_t1130
63472,q90_t1129
63472,q90_t1130
63473,q66_t1130
63473,q66_t1131
63474,q66_t1131
63474,q66_t1132
63475,q66_t1132
63475,q66_t1133
63475,q91_t1132
63475,q91_t1133
63476,q66_t1133
63476,q66_t1134
63477,q66_t1134
63477,q66_t1135
63478,q66_t1135
63478,q66_t1136
63478,q92_t1135
63478,q92_t1136
63479,q66_t1136
63479,q66_t1137
63480,q66_t1137
63480,q66_t1138
63481,q66_t1138
63481,q66_t1139
63481,q93_t1138
63481,q93_t1139
63482,q66_t1139
63482,q66_t1140
63483,q66_t1140
63483,q66_t1141
63484,q66_t1141
63484,q66_t1142
63484,q94_t1141
63484,q94_t1142
63485,q66_t1142
63485,q66_t1143
63486,q66_t1143
63486,q66_t1144
63487,q66_t1144
63487,q66_t1145
63487,q95_t1144
63487,q95_t1145
63488,q66_t1145
63488,q66_t1146
63489,q66_t1146
63489,q66_t1147
63490,q66_t1147
63490,q66_t1148
63490,q96_t1147
63490,q96_t1148
63491,q66_t1148
63491,q66_t1149
63492,q66_t1149
63492,q66_t1150
63493,q66_t1150
63493,q66_t1151
63493,q97_t1150
63493,q97_t1151
63494,q66_t1151
63494,q66_t1152
63495,q66_t1152
63495,q66_t1153
63496,q66_t1153
63496,q66_t1154
63496,q98_t1153
63496,q98_t1154
63497,q66_t1154
63497,q66_t1155
63498,q66_t1155
63498,q66_t1156
63499,q66_t1156
63499,q66_t1157
63499,q99_t1156
63499,q99_t1157
63500,q66_t1157
63500,q66_t1158
63501,q66_t1158
63501,q66_t1159
63502,q66_t1160
63502,q66_t1161
63503,q66_t1161
63503,q66_t1162
63504,q66_t1163
63504,q66_t1164
63505,q66_t1164
63505,q66_t1165
63506,q66_t1166
63506,q66_t1167
63507,q66_t1167
63507,q66_t1168
63508,q66_t1169
63508,q66_t1170
63509,q66_t1170
63509,q66_t1171
63510,q66_t1172
63510,q66_t1173
63511,q66_t1173
63511,q66_t1174
63512,q66_t1175
63512,q66_t1176
63513,q66_t1176
63513,q66_t1177
63514,q66_t1178
63514,q66_t1179
63515,q66_t1179
63515,q66_t1180
63516,q66_t1181
63516,q66_t1182
63517,q66_t1182
63517,q66_t1183
63518,q66_t1184
63518,q66_t1185
63519,q66_t1185
63519,q66_t1186
63520,q66_t1187
63520,q66_t1188
63521,q66_t1188
63521,q66_t1189
63522,q66_t198
63522,q66_t199
63523,q66_t199
63523,q66_t200
63524,q66_t201
63524,q66_t202
63525,q66_t202
63525,q66_t203
63526,q66_t204
63526,q66_t205
63527,q66_t205
63527,q66_t206
63528,q66_t207
63528,q66_t208
63529,q66_t208
63529,q66_t209
63530,q66_t210
63530,q66_t211
63531,q66_t211
63531,q66_t212
63532,q66_t213
63532,q66_t214
63533,q66_t214
63533,q66_t215
63534,q66_t215
63534,q66_t216
63534,q6_t215
63534,q6_t216
63535,q66_t216
63535,q66_t217
63536,q66_t217
63536,q66_t218
63537,q66_t218
63537,q66_t219
63537,q7_t218
63537,q7_t219
63538,q66_t219
63538,q66_t220
63539,q66_t220
63539,q66_t221
63540,q66_t221
63540,q66_t222
63540,q8_t221
63540,q8_t222
63541,q66_t222
63541,q66_t223
63542,q66_t223
63542,q66_t224
63543,q66_t224
63543,q66_t225
63543,q9_t224
63543,q9_t225
63544,q66_t225
63544,q66_t226
63545,q66_t226
63545,q66_t227
63546,q66_t228
63546,q66_t229
63547,q66_t229
63547,q66_t230
63548,q66_t231
63548,q66_t232
63549,q66_t232
63549,q66_t233
63550,q66_t234
63550,q66_t235
63551,q66_t235
63551,q66_t236
63552,q66_t237
63552,q66_t238
63553,q66_t238
63553,q66_t239
63554,q66_t240
63554,q66_t241
63555,q66_t241
63555,q66_t242
63556,q66_t243
63556,q66_t244
63557,q66_t244
63557,q66_t245
63558,q66_t246
63558,q66_t247
63559,q66_t247
63559,q66_t248
63560,q66_t249
63560,q66_t250
63561,q66_t250
63561,q66_t251
63562,q66_t252
63562,q66_t253
63563,q66_t253
63563,q66_t254
63564,q66_t255
63564,q66_t256
63565,q66_t256
63565,q66_t257
63566,q66_t258
63566,q66_t259
63567,q66_t259
63567,q66_t260
63568,q66_t261
63568,q66_t262
63569,q66_t262
63569,q66_t263
63570,q66_t264
63570,q66_t265
63571,q66_t265
63571,q66_t266
63572,q66_t267
63572,q66_t268
63573,q66_t268
63573,q66_t269
63574,q66_t270
63574,q66_t271
63575,q66_t271
63575,q66_t272
63576,q66_t273
63576,q66_t274
63577,q66_t274
63577,q66_t275
63578,q66_t276
63578,q66_t277
63579,q66_t277
63579,q66_t278
63580,q66_t279
63580,q66_t280
63581,q66_t280
63581,q66_t281
63582,q66_t282
63582,q66_t283
63583,q66_t283
63583,q66_t284
63584,q66_t285
63584,q66_t286
63585,q66_t286
63585,q66_t287
63586,q66_t288
63586,q66_t289
63587,q66_t289
63587,q66_t290
63588,q66_t291
63588,q66_t292
63589,q66_t292
63589,q66_t293
63590,q66_t294
63590,q66_t295
63591,q66_t295
63591,q66_t296
63592,q66_t297
63592,q66_t298
63593,q66_t298
63593,q66_t299
63594,q66_t300
63594,q66_t301
63595,q66_t301
63595,q66_t302
63596,q66_t303
63596,q66_t304
63597,q66_t304
63597,q66_t305
63598,q66_t306
63598,q66_t307
63599,q66_t307
63599,q66_t308
63600,q66_t309
63600,q66_t310
63601,q66_t310
63601,q66_t311
63602,q66_t312
63602,q66_t313
63603,q66_t313
63603,q66_t314
63604,q66_t315
63604,q66_t316
63605,q66_t316
63605,q66_t317
63606,q66_t318
63606,q66_t319
63607,q66_t319
63607,q66_t320
63608,q66_t321
63608,q66_t322
63609,q66_t322
63609,q66_t323
63610,q66_t324
63610,q66_t325
63611,q66_t325
63611,q66_t326
63612,q66_t327
63612,q66_t328
63613,q66_t328
63613,q66_t329
63614,q66_t330
63614,q66_t331
63615,q66_t331
63615,q66_t332
63616,q66_t333
63616,q66_t334
63617,q66_t334
63617,q66_t335
63618,q66_t336
63618,q66_t337
63619,q66_t337
63619,q66_t338
63620,q66_t339
63620,q66_t340
63621,q66_t340
63621,q66_t341
63622,q66_t342
63622,q66_t343
63623,q66_t343
63623,q66_t344
63624,q66_t345
63624,q66_t346
63625,q66_t346
63625,q66_t347
63626,q66_t348
63626,q66_t349
63627,q66_t349
63627,q66_t350
63628,q66_t351
63628,q66_t352
63629,q66_t352
63629,q66_t353
63630,q66_t354
63630,q66_t355
63631,q66_t355
63631,q66_t356
63632,q66_t357
63632,q66_t358
63633,q66_t358
63633,q66_t359
63634,q66_t360
63634,q66_t361
63635,q66_t361
63635,q66_t362
63636,q66_t363
63636,q66_t364
63637,q66_t364
63637,q66_t365
63638,q66_t366
63638,q66_t367
63639,q66_t367
63639,q66_t368
63640,q66_t369
63640,q66_t370
63641,q66_t370
63641,q66_t371
63642,q66_t372
63642,q66_t373
63643,q66_t373
63643,q66_t374
63644,q66_t375
63644,q66_t376
63645,q66_t376
63645,q66_t377
63646,q66_t378
63646,q66_t379
63647,q66_t379
63647,q66_t380
63648,q66_t381
63648,q66_t382
63649,q66_t382
63649,q66_t383
63650,q66_t384
63650,q66_t385
63651,q66_t385
63651,q66_t386
63652,q66_t387
63652,q66_t388
63653,q66_t388
63653,q66_t389
63654,q66_t390
63654,q66_t391
63655,q66_t391
63655,q66_t392
63656,q66_t393
63656,q66_t394
63657,q66_t394
63657,q66_t398
63658,q66_t398
63658,q66_t399
63658,q67_t398
63658,q67_t399
63659,q66_t399
63659,q66_t400
63660,q66_t400
63660,q66_t401
63661,q66_t401
63661,q66_t402
63661,q68_t401
63661,q68_t402
63662,q66_t402
63662,q66_t403
63663,q66_t403
63663,q66_t404
63664,q66_t404
63664,q66_t405
63664,q69_t404
63664,q69_t405
63665,q66_t405
63665,q66_t406
63666,q66_t406
63666,q66_t407
63667,q66_t407
63667,q66_t408
63667,q70_t407
63667,q70_t408
63668,q66_t408
63668,q66_t409
63669,q66_t409
63669,q66_t410
63670,q66_t410
63670,q66_t411
63670,q71_t410
63670,q71_t411
63671,q66_t411
63671,q66_t412
63672,q66_t412
63672,q66_t413
63673,q66_t413
63673,q66_t414
63673,q72_t413
63673,q72_t414
63674,q66_t414
63674,q66_t415
63675,q66_t415
63675,q66_t416
63676,q66_t416
63676,q66_t417
63676,q73_t416
63676,q73_t417
63677,q66_t417
63677,q66_t418
63678,q66_t418
63678,q66_t419
63679,q66_t419
63679,q66_t420
63679,q74_t419
63679,q74_t420
63680,q66_t420
63680,q66_t421
63681,q66_t421
63681,q66_t422
63682,q66_t422
63682,q66_t423
63682,q75_t422
63682,q75_t423
63683,q66_t423
63683,q66_t424
63684,q66_t424
63684,q66_t425
63685,q66_t425
63685,q66_t426
63685,q76_t425
63685,q76_t426
63686,q66_t426
63686,q66_t427
63687,q66_t427
63687,q66_t428
63688,q66_t428
63688,q66_t429
63688,q77_t428
63688,q77_t429
63689,q66_t429
63689,q66_t430
63690,q66_t430
63690,q66_t431
63691,q66_t431
63691,q66_t432
63691,q78_t431
63691,q78_t432
63692,q66_t432
63692,q66_t433
63693,q66_t433
63693,q66_t434
63694,q66_t434
63694,q66_t435
63694,q79_t434
63694,q79_t435
63695,q66_t435
63695,q66_t436
63696,q66_t436
63696,q66_t437
63697,q66_t437
63697,q66_t438
63697,q80_t437
63697,q80_t438
63698,q66_t438
63698,q66_t439
63699,q66_t439
63699,q66_t440
63700,q66_t440
63700,q66_t441
63700,q81_t440
63700,q81_t441
63701,q66_t441
63701,q66_t442
63702,q66_t442
63702,q66_t443
63703,q66_t443
63703,q66_t444
63703,q82_t443
63703,q82_t444
63704,q66_t444
63704,q66_t445
63705,q66_t445
63705,q66_t446
63706,q66_t446
63706,q66_t447
63706,q83_t446
63706,q83_t447
63707,q66_t447
63707,q66_t448
63708,q66_t448
63708,q66_t449
63709,q66_t449
63709,q66_t450
63709,q84_t449
63709,q84_t450
63710,q66_t450
63710,q66_t451
63711,q66_t451
63711,q66_t452
63712,q66_t452
63712,q66_t453
63712,q85_t452
63712,q85_t453
63713,q66_t453
63713,q66_t454
63714,q66_t454
63714,q66_t455
63715,q66_t455
63715,q66_t456
63715,q86_t455
63715,q86_t456
63716,q66_t456
63716,q66_t457
63717,q66_t457
63717,q66_t458
63718,q66_t458
63718,q66_t459
63718,q87_t458
63718,q87_t459
63719,q66_t459
63719,q66_t460
63720,q66_t460
63720,q66_t461
63721,q66_t461
63721,q66_t462
63721,q88_t461
63721,q88_t462
63722,q66_t462
63722,q66_t463
63723,q66_t463
63723,q66_t464
63724,q66_t464
63724,q66_t465
63724,q89_t464
63724,q89_t465
63725,q66_t465
63725,q66_t466
63726,q66_t466
63726,q66_t467
63727,q66_t467
63727,q66_t468
63727,q90_t467
63727,q90_t468
63728,q66_t468
63728,q66_t469
63729,q66_t469
63729,q66_t470
63730,q66_t470
63730,q66_t471
63730,q91_t470
63730,q91_t471
63731,q66_t471
63731,q66_t472
63732,q66_t472
63732,q66_t473
63733,q66_t473
63733,q66_t474
63733,q92_t473
63733,q92_t474
63734,q66_t474
63734,q66_t475
63735,q66_t475
63735,q66_t476
63736,q66_t476
63736,q66_t477
63736,q93_t476
63736,q93_t477
63737,q66_t477
63737,q66_t478
63738,q66_t478
63738,q66_t479
63739,q66_t479
63739,q66_t480
63739,q94_t479
63739,q94_t480
63740,q66_t480
63740,q66_t481
63741,q66_t481
63741,q66_t482
63742,q66_t482
63742,q66_t483
63742,q95_t482
63742,q95_t483
63743,q66_t483
63743,q66_t484
63744,q66_t484
63744,q66_t485
63745,q66_t485
63745,q66_t486
63745,q96_t485
63745,q96_t486
63746,q66_t486
63746,q66_t487
63747,q66_t487
63747,q66_t488
63748,q66_t488
63748,q66_t489
63748,q97_t488
63748,q97_t489
63749,q66_t489
63749,q66_t490
63750,q66_t490
63750,q66_t491
63751,q66_t491
63751,q66_t492
63751,q98_t491
63751,q98_t492
63752,q66_t492
63752,q66_t493
63753,q66_t493
63753,q66_t494
63754,q66_t494
63754,q66_t495
63754,q99_t494
63754,q99_t495
63755,q66_t495
63755,q66_t496
63756,q66_t496
63756,q66_t497
63757,q66_t498
63757,q66_t499
63758,q66_t499
63758,q66_t500
63759,q66_t501
63759,q66_t502
63760,q66_t502
63760,q66_t503
63761,q66_t504
63761,q66_t505
63762,q66_t505
63762,q66_t506
63763,q66_t507
63763,q66_t508
63764,q66_t508
63764,q66_t509
63765,q66_t510
63765,q66_t511
63766,q66_t511
63766,q66_t512
63767,q66_t513
63767,q66_t514
63768,q66_t514
63768,q66_t515
63769,q66_t516
63769,q66_t517
63770,q66_t517
63770,q66_t518
63771,q66_t519
63771,q66_t520
63772,q66_t520
63772,q66_t521
63773,q66_t522
63773,q66_t523
63774,q66_t523
63774,q66_t524
63775,q66_t525
63775,q66_t526
63776,q66_t526
63776,q66_t527
63777,q66_t527
63777,q66_t528
63778,q66_t529
63778,q66_t530
63779,q66_t530
63779,q66_t531
63780,q66_t532
63780,q66_t533
63781,q66_t533
63781,q66_t534
63782,q66_t535
63782,q66_t536
63783,q66_t536
63783,q66_t537
63784,q66_t538
63784,q66_t539
63785,q66_t539
63785,q66_t540
63786,q66_t541
63786,q66_t542
63787,q66_t542
63787,q66_t543
63788,q66_t544
63788,q66_t545
63789,q66_t545
63789,q66_t546
63790,q66_t546
63790,q66_t547
63790,q6_t546
63790,q6_t547
63791,q66_t547
63791,q66_t548
63792,q66_t548
63792,q66_t549
63793,q66_t549
63793,q66_t550
63793,q7_t549
63793,q7_t550
63794,q66_t550
63794,q66_t551
63795,q66_t551
63795,q66_t552
63796,q66_t552
63796,q66_t553
63796,q8_t552
63796,q8_t553
63797,q66_t553
63797,q66_t554
63798,q66_t554
63798,q66_t555
63799,q66_t555
63799,q66_t556
63799,q9_t555
63799,q9_t556
63800,q66_t556
63800,q66_t557
63801,q66_t557
63801,q66_t558
63802,q66_t559
63802,q66_t560
63803,q66_t560
63803,q66_t561
63804,q66_t562
63804,q66_t563
63805,q66_t563
63805,q66_t564
63806,q66_t565
63806,q66_t566
63807,q66_t566
63807,q66_t567
63808,q66_t568
63808,q66_t569
63809,q66_t569
63809,q66_t570
63810,q66_t571
63810,q66_t572
63811,q66_t572
63811,q66_t573
63812,q66_t574
63812,q66_t575
63813,q66_t575
63813,q66_t576
63814,q66_t577
63814,q66_t578
63815,q66_t578
63815,q66_t579
63816,q66_t580
63816,q66_t581
63817,q66_t581
63817,q66_t582
63818,q66_t583
63818,q66_t584
63819,q66_t584
63819,q66_t585
63820,q66_t586
63820,q66_t587
63821,q66_t587
63821,q66_t588
63822,q66_t589
63822,q66_t590
63823,q66_t590
63823,q66_t591
63824,q66_t592
63824,q66_t593
63825,q66_t593
63825,q66_t594
63826,q66_t595
63826,q66_t596
63827,q66_t596
63827,q66_t597
63828,q66_t598
63828,q66_t599
63829,q66_t599
63829,q66_t600
63830,q66_t601
63830,q66_t602
63831,q66_t602
63831,q66_t603
63832,q66_t604
63832,q66_t605
63833,q66_t605
63833,q66_t606
63834,q66_t607
63834,q66_t608
63835,q66_t608
63835,q66_t609
63836,q66_t610
63836,q66_t611
63837,q66_t611
63837,q66_t612
63838,q66_t613
63838,q66_t614
63839,q66_t614
63839,q66_t615
63840,q66_t616
63840,q66_t617
63841,q66_t617
63841,q66_t618
63842,q66_t619
63842,q66_t620
63843,q66_t620
63843,q66_t621
63844,q66_t622
63844,q66_t623
63845,q66_t623
63845,q66_t624
63846,q66_t625
63846,q66_t626
63847,q66_t626
63847,q66_t627
63848,q66_t628
63848,q66_t629
63849,q66_t629
63849,q66_t630
63850,q66_t631
63850,q66_t632
63851,q66_t632
63851,q66_t633
63852,q66_t634
63852,q66_t635
63853,q66_t635
63853,q66_t636
63854,q66_t637
63854,q66_t638
63855,q66_t638
63855,q66_t639
63856,q66_t640
63856,q66_t641
63857,q66_t641
63857,q66_t642
63858,q66_t643
63858,q66_t644
63859,q66_t644
63859,q66_t645
63860,q66_t646
63860,q66_t647
63861,q66_t647
63861,q66_t648
63862,q66_t649
63862,q66_t650
63863,q66_t650
63863,q66_t651
63864,q66_t652
63864,q66_t653
63865,q66_t653
63865,q66_t654
63866,q66_t655
63866,q66_t656
63867,q66_t656
63867,q66_t657
63868,q66_t658
63868,q66_t659
63869,q66_t659
63869,q66_t660
63870,q66_t661
63870,q66_t662
63871,q66_t662
63871,q66_t663
63872,q66_t664
63872,q66_t665
63873,q66_t665
63873,q66_t666
63874,q66_t667
63874,q66_t668
63875,q66_t668
63875,q66_t669
63876,q66_t670
63876,q66_t671
63877,q66_t671
63877,q66_t672
63878,q66_t673
63878,q66_t674
63879,q66_t674
63879,q66_t675
63880,q66_t676
63880,q66_t677
63881,q66_t677
63881,q66_t678
63882,q66_t679
63882,q66_t680
63883,q66_t680
63883,q66_t681
63884,q66_t682
63884,q66_t683
63885,q66_t683
63885,q66_t684
63886,q66_t685
63886,q66_t686
63887,q66_t686
63887,q66_t687
63888,q66_t688
63888,q66_t689
63889,q66_t689
63889,q66_t690
63890,q66_t691
63890,q66_t692
63891,q66_t692
63891,q66_t693
63892,q66_t694
63892,q66_t695
63893,q66_t695
63893,q66_t696
63894,q66_t697
63894,q66_t698
63895,q66_t698
63895,q66_t699
63896,q66_t700
63896,q66_t701
63897,q66_t701
63897,q66_t702
63898,q66_t703
63898,q66_t704
63899,q66_t704
63899,q66_t705
63900,q66_t706
63900,q66_t707
63901,q66_t707
63901,q66_t708
63902,q66_t709
63902,q66_t710
63903,q66_t710
63903,q66_t711
63904,q66_t712
63904,q66_t713
63905,q66_t713
63905,q66_t714
63906,q66_t715
63906,q66_t716
63907,q66_t716
63907,q66_t717
63908,q66_t718
63908,q66_t719
63909,q66_t719
63909,q66_t720
63910,q66_t721
63910,q66_t722
63911,q66_t722
63911,q66_t723
63912,q66_t724
63912,q66_t725
63913,q66_t725
63913,q66_t729
63914,q66_t729
63914,q66_t730
63914,q67_t729
63914,q67_t730
63915,q66_t730
63915,q66_t731
63916,q66_t731
63916,q66_t732
63917,q66_t732
63917,q66_t733
63917,q68_t732
63917,q68_t733
63918,q66_t733
63918,q66_t734
63919,q66_t734
63919,q66_t735
63920,q66_t735
63920,q66_t736
63920,q69_t735
63920,q69_t736
63921,q66_t736
63921,q66_t737
63922,q66_t737
63922,q66_t738
63923,q66_t738
63923,q66_t739
63923,q70_t738
63923,q70_t739
63924,q66_t739
63924,q66_t740
63925,q66_t740
63925,q66_t741
63926,q66_t741
63926,q66_t742
63926,q71_t741
63926,q71_t742
63927,q66_t742
63927,q66_t743
63928,q66_t743
63928,q66_t744
63929,q66_t744
63929,q66_t745
63929,q72_t744
63929,q72_t745
63930,q66_t745
63930,q66_t746
63931,q66_t746
63931,q66_t747
63932,q66_t747
63932,q66_t748
63932,q73_t747
63932,q73_t748
63933,q66_t748
63933,q66_t749
63934,q66_t749
63934,q66_t750
63935,q66_t750
63935,q66_t751
63935,q74_t750
63935,q74_t751
63936,q66_t751
63936,q66_t752
63937,q66_t752
63937,q66_t753
63938,q66_t753
63938,q66_t754
63938,q75_t753
63938,q75_t754
63939,q66_t754
63939,q66_t755
63940,q66_t755
63940,q66_t756
63941,q66_t756
63941,q66_t757
63941,q76_t756
63941,q76_t757
63942,q66_t757
63942,q66_t758
63943,q66_t758
63943,q66_t759
63944,q66_t759
63944,q66_t760
63944,q77_t759
63944,q77_t760
63945,q66_t760
63945,q66_t761
63946,q66_t761
63946,q66_t762
63947,q66_t762
63947,q66_t763
63947,q78_t762
63947,q78_t763
63948,q66_t763
63948,q66_t764
63949,q66_t764
63949,q66_t765
63950,q66_t765
63950,q66_t766
63950,q79_t765
63950,q79_t766
63951,q66_t766
63951,q66_t767
63952,q66_t767
63952,q66_t768
63953,q66_t768
63953,q66_t769
63953,q80_t768
63953,q80_t769
63954,q66_t769
63954,q66_t770
63955,q66_t770
63955,q66_t771
63956,q66_t771
63956,q66_t772
63956,q81_t771
63956,q81_t772
63957,q66_t772
63957,q66_t773
63958,q66_t773
63958,q66_t774
63959,q66_t774
63959,q66_t775
63959,q82_t774
63959,q82_t775
63960,q66_t775
63960,q66_t776
63961,q66_t776
63961,q66_t777
63962,q66_t777
63962,q66_t778
63962,q83_t777
63962,q83_t778
63963,q66_t778
63963,q66_t779
63964,q66_t779
63964,q66_t780
63965,q66_t780
63965,q66_t781
63965,q84_t780
63965,q84_t781
63966,q66_t781
63966,q66_t782
63967,q66_t782
63967,q66_t783
63968,q66_t783
63968,q66_t784
63968,q85_t783
63968,q85_t784
63969,q66_t784
63969,q66_t785
63970,q66_t785
63970,q66_t786
63971,q66_t786
63971,q66_t787
63971,q86_t786
63971,q86_t787
63972,q66_t787
63972,q66_t788
63973,q66_t788
63973,q66_t789
63974,q66_t789
63974,q66_t790
63974,q87_t789
63974,q87_t790
63975,q66_t790
63975,q66_t791
63976,q66_t791
63976,q66_t792
63977,q66_t792
63977,q66_t793
63977,q88_t792
63977,q88_t793
63978,q66_t793
63978,q66_t794
63979,q66_t794
63979,q66_t795
63980,q66_t795
63980,q66_t796
63980,q89_t795
63980,q89_t796
63981,q66_t796
63981,q66_t797
63982,q66_t797
63982,q66_t798
63983,q66_t798
63983,q66_t799
63983,q90_t798
63983,q90_t799
63984,q66_t799
63984,q66_t800
63985,q66_t800
63985,q66_t801
63986,q66_t801
63986,q66_t802
63986,q91_t801
63986,q91_t802
63987,q66_t802
63987,q66_t803
63988,q66_t803
63988,q66_t804
63989,q66_t804
63989,q66_t805
63989,q92_t804
63989,q92_t805
63990,q66_t805
63990,q66_t806
63991,q66_t806
63991,q66_t807
63992,q66_t807
63992,q66_t808
63992,q93_t807
63992,q93_t808
63993,q66_t808
63993,q66_t809
63994,q66_t809
63994,q66_t810
63995,q66_t810
63995,q66_t811
63995,q94_t810
63995,q94_t811
63996,q66_t811
63996,q66_t812
63997,q66_t812
63997,q66_t813
63998,q66_t813
63998,q66_t814
63998,q95_t813
63998,q95_t814
63999,q66_t814
63999,q66_t815
64000,q66_t815
64000,q66_t816
64001,q66_t816
64001,q66_t817
64001,q96_t816
64001,q96_t817
64002,q66_t817
64002,q66_t818
64003,q66_t818
64003,q66_t819
64004,q66_t819
64004,q66_t820
64004,q97_t819
64004,q97_t820
64005,q66_t820
64005,q66_t821
64006,q66_t821
64006,q66_t822
64007,q66_t822
64007,q66_t823
64007,q98_t822
64007,q98_t823
64008,q66_t823
64008,q66_t824
64009,q66_t824
64009,q66_t825
64010,q66_t825
64010,q66_t826
64010,q99_t825
64010,q99_t826
64011,q66_t826
64011,q66_t827
64012,q66_t827
64012,q66_t828
64013,q66_t829
64013,q66_t830
64014,q66_t830
64014,q66_t831
64015,q66_t832
64015,q66_t833
64016,q66_t833
64016,q66_t834
64017,q66_t835
64017,q66_t836
64018,q66_t836
64018,q66_t837
64019,q66_t838
64019,q66_t839
64020,q66_t839
64020,q66_t840
64021,q66_t841
64021,q66_t842
64022,q66_t842
64022,q66_t843
64023,q66_t844
64023,q66_t845
64024,q66_t845
64024,q66_t846
64025,q66_t847
64025,q66_t848
64026,q66_t848
64026,q66_t849
64027,q66_t850
64027,q66_t851
64028,q66_t851
64028,q66_t852
64029,q66_t853
64029,q66_t854
64030,q66_t854
64030,q66_t855
64031,q66_t856
64031,q66_t857
64032,q66_t857
64032,q66_t858
64033,q66_t858
64033,q66_t859
64034,q66_t860
64034,q66_t861
64035,q66_t861
64035,q66_t862
64036,q66_t863
64036,q66_t864
64037,q66_t864
64037,q66_t865
64038,q66_t866
64038,q66_t867
64039,q66_t867
64039,q66_t868
64040,q66_t869
64040,q66_t870
64041,q66_t870
64041,q66_t871
64042,q66_t872
64042,q66_t873
64043,q66_t873
64043,q66_t874
64044,q66_t875
64044,q66_t876
64045,q66_t876
64045,q66_t877
64046,q66_t877
64046,q66_t878
64046,q6_t877
64046,q6_t878
64047,q66_t878
64047,q66_t879
64048,q66_t879
64048,q66_t880
64049,q66_t880
64049,q66_t881
64049,q7_t880
64049,q7_t881
64050,q66_t881
64050,q66_t882
64051,q66_t882
64051,q66_t883
64052,q66_t883
64052,q66_t884
64052,q8_t883
64052,q8_t884
64053,q66_t884
64053,q66_t885
64054,q66_t885
64054,q66_t886
64055,q66_t886
64055,q66_t887
64055,q9_t886
64055,q9_t887
64056,q66_t887
64056,q66_t888
64057,q66_t888
64057,q66_t889
64058,q66_t890
64058,q66_t891
64059,q66_t891
64059,q66_t892
64060,q66_t893
64060,q66_t894
64061,q66_t894
64061,q66_t895
64062,q66_t896
64062,q66_t897
64063,q66_t897
64063,q66_t898
64064,q66_t899
64064,q66_t900
64065,q66_t900
64065,q66_t901
64066,q66_t902
64066,q66_t903
64067,q66_t903
64067,q66_t904
64068,q66_t905
64068,q66_t906
64069,q66_t906
64069,q66_t907
64070,q66_t908
64070,q66_t909
64071,q66_t909
64071,q66_t910
64072,q66_t911
64072,q66_t912
64073,q66_t912
64073,q66_t913
64074,q66_t914
64074,q66_t915
64075,q66_t915
64075,q66_t916
64076,q66_t917
64076,q66_t918
64077,q66_t918
64077,q66_t919
64078,q66_t920
64078,q66_t921
64079,q66_t921
64079,q66_t922
64080,q66_t923
64080,q66_t924
64081,q66_t924
64081,q66_t925
64082,q66_t926
64082,q66_t927
64083,q66_t927
64083,q66_t928
64084,q66_t929
64084,q66_t930
64085,q66_t930
64085,q66_t931
64086,q66_t932
64086,q66_t933
64087,q66_t933
64087,q66_t934
64088,q66_t935
64088,q66_t936
64089,q66_t936
64089,q66_t937
64090,q66_t938
64090,q66_t939
64091,q66_t939
64091,q66_t940
64092,q66_t941
64092,q66_t942
64093,q66_t942
64093,q66_t943
64094,q66_t944
64094,q66_t945
64095,q66_t945
64095,q66_t946
64096,q66_t947
64096,q66_t948
64097,q66_t948
64097,q66_t949
64098,q66_t950
64098,q66_t951
64099,q66_t951
64099,q66_t952
64100,q66_t953
64100,q66_t954
64101,q66_t954
64101,q66_t955
64102,q66_t956
64102,q66_t957
64103,q66_t957
64103,q66_t958
64104,q66_t959
64104,q66_t960
64105,q66_t960
64105,q66_t961
64106,q66_t962
64106,q66_t963
64107,q66_t963
64107,q66_t964
64108,q66_t965
64108,q66_t966
64109,q66_t966
64109,q66_t967
64110,q66_t968
64110,q66_t969
64111,q66_t969
64111,q66_t970
64112,q66_t971
64112,q66_t972
64113,q66_t972
64113,q66_t973
64114,q66_t974
64114,q66_t975
64115,q66_t975
64115,q66_t976
64116,q66_t977
64116,q66_t978
64117,q66_t978
64117,q66_t979
64118,q66_t980
64118,q66_t981
64119,q66_t981
64119,q66_t982
64120,q66_t983
64120,q66_t984
64121,q66_t984
64121,q66_t985
64122,q66_t986
64122,q66_t987
64123,q66_t987
64123,q66_t988
64124,q66_t989
64124,q66_t990
64125,q66_t990
64125,q66_t991
64126,q66_t992
64126,q66_t993
64127,q66_t993
64127,q66_t994
64128,q66_t995
64128,q66_t996
64129,q66_t996
64129,q66_t997
64130,q66_t998
64130,q66_t999
64131,q67_t0
64131,q67_t1
64132,q67_t1
64132,q67_t200
64133,q67_t1000
64133,q67_t999
64134,q67_t1001
64134,q67_t1002
64135,q67_t1002
64135,q67_t1003
64136,q67_t1004
64136,q67_t1005
64137,q67_t1005
64137,q67_t1006
64138,q67_t1007
64138,q67_t1008
64139,q67_t1008
64139,q67_t1009
64140,q67_t1010
64140,q67_t1011
64141,q67_t1011
64141,q67_t1012
64142,q67_t1013
64142,q67_t1014
64143,q67_t1014
64143,q67_t1015
64144,q67_t1016
64144,q67_t1017
64145,q67_t1017
64145,q67_t1018
64146,q67_t1019
64146,q67_t1020
64147,q67_t1020
64147,q67_t1021
64148,q67_t1022
64148,q67_t1023
64149,q67_t1023
64149,q67_t1024
64150,q67_t1025
64150,q67_t1026
64151,q67_t1026
64151,q67_t1027
64152,q67_t1028
64152,q67_t1029
64153,q67_t1029
64153,q67_t1030
64154,q67_t1031
64154,q67_t1032
64155,q67_t1032
64155,q67_t1033
64156,q67_t1034
64156,q67_t1035
64157,q67_t1035
64157,q67_t1036
64158,q67_t1037
64158,q67_t1038
64159,q67_t1038
64159,q67_t1039
64160,q67_t1040
64160,q67_t1041
64161,q67_t1041
64161,q67_t1042
64162,q67_t1043
64162,q67_t1044
64163,q67_t1044
64163,q67_t1045
64164,q67_t1046
64164,q67_t1047
64165,q67_t1047
64165,q67_t1048
64166,q67_t1049
64166,q67_t1050
64167,q67_t1050
64167,q67_t1051
64168,q67_t1052
64168,q67_t1053
64169,q67_t1053
64169,q67_t1054
64170,q67_t1055
64170,q67_t1056
64171,q67_t1056
64171,q67_t1057
64172,q67_t1058
64172,q67_t1059
64173,q67_t1059
64173,q67_t1060
64174,q67_t1061
64174,q67_t1062
64175,q67_t1062
64175,q67_t1066
64176,q67_t1066
64176,q67_t1067
64176,q68_t1066
64176,q68_t1067
64177,q67_t1067
64177,q67_t1068
64178,q67_t1068
64178,q67_t1069
64179,q67_t1069
64179,q67_t1070
64179,q69_t1069
64179,q69_t1070
64180,q67_t1070
64180,q67_t1071
64181,q67_t1071
64181,q67_t1072
64182,q67_t1072
64182,q67_t1073
64182,q70_t1072
64182,q70_t1073
64183,q67_t1073
64183,q67_t1074
64184,q67_t1074
64184,q67_t1075
64185,q67_t1075
64185,q67_t1076
64185,q71_t1075
64185,q71_t1076
64186,q67_t1076
64186,q67_t1077
64187,q67_t1077
64187,q67_t1078
64188,q67_t1078
64188,q67_t1079
64188,q72_t1078
64188,q72_t1079
64189,q67_t1079
64189,q67_t1080
64190,q67_t1080
64190,q67_t1081
64191,q67_t1081
64191,q67_t1082
64191,q73_t1081
64191,q73_t1082
64192,q67_t1082
64192,q67_t1083
64193,q67_t1083
64193,q67_t1084
64194,q67_t1084
64194,q67_t1085
64194,q74_t1084
64194,q74_t1085
64195,q67_t1085
64195,q67_t1086
64196,q67_t1086
64196,q67_t1087
64197,q67_t1087
64197,q67_t1088
64197,q75_t1087
64197,q75_t1088
64198,q67_t1088
64198,q67_t1089
64199,q67_t1089
64199,q67_t1090
64200,q67_t1090
64200,q67_t1091
64200,q76_t1090
64200,q76_t1091
64201,q67_t1091
64201,q67_t1092
64202,q67_t1092
64202,q67_t1093
64203,q67_t1093
64203,q67_t1094
64203,q77_t1093
64203,q77_t1094
64204,q67_t1094
64204,q67_t1095
64205,q67_t1095
64205,q67_t1096
64206,q67_t1096
64206,q67_t1097
64206,q78_t1096
64206,q78_t1097
64207,q67_t1097
64207,q67_t1098
64208,q67_t1098
64208,q67_t1099
64209,q67_t1099
64209,q67_t1100
64209,q79_t1099
64209,q79_t1100
64210,q67_t1100
64210,q67_t1101
64211,q67_t1101
64211,q67_t1102
64212,q67_t1102
64212,q67_t1103
64212,q80_t1102
64212,q80_t1103
64213,q67_t1103
64213,q67_t1104
64214,q67_t1104
64214,q67_t1105
64215,q67_t1105
64215,q67_t1106
64215,q81_t1105
64215,q81_t1106
64216,q67_t1106
64216,q67_t1107
64217,q67_t1107
64217,q67_t1108
64218,q67_t1108
64218,q67_t1109
64218,q82_t1108
64218,q82_t1109
64219,q67_t1109
64219,q67_t1110
64220,q67_t1110
64220,q67_t1111
64221,q67_t1111
64221,q67_t1112
64221,q83_t1111
64221,q83_t1112
64222,q67_t1112
64222,q67_t1113
64223,q67_t1113
64223,q67_t1114
64224,q67_t1114
64224,q67_t1115
64224,q84_t1114
64224,q84_t1115
64225,q67_t1115
64225,q67_t1116
64226,q67_t1116
64226,q67_t1117
64227,q67_t1117
64227,q67_t1118
64227,q85_t1117
64227,q85_t1118
64228,q67_t1118
64228,q67_t1119
64229,q67_t1119
64229,q67_t1120
64230,q67_t1120
64230,q67_t1121
64230,q86_t1120
64230,q86_t1121
64231,q67_t1121
64231,q67_t1122
64232,q67_t1122
64232,q67_t1123
64233,q67_t1123
64233,q67_t1124
64233,q87_t1123
64233,q87_t1124
64234,q67_t1124
64234,q67_t1125
64235,q67_t1125
64235,q67_t1126
64236,q67_t1126
64236,q67_t1127
64236,q88_t1126
64236,q88_t1127
64237,q67_t1127
64237,q67_t1128
64238,q67_t1128
64238,q67_t1129
64239,q67_t1129
64239,q67_t1130
64239,q89_t1129
64239,q89_t1130
64240,q67_t1130
64240,q67_t1131
64241,q67_t1131
64241,q67_t1132
64242,q67_t1132
64242,q67_t1133
64242,q90_t1132
64242,q90_t1133
64243,q67_t1133
64243,q67_t1134
64244,q67_t1134
64244,q67_t1135
64245,q67_t1135
64245,q67_t1136
64245,q91_t1135
64245,q91_t1136
64246,q67_t1136
64246,q67_t1137
64247,q67_t1137
64247,q67_t1138
64248,q67_t1138
64248,q67_t1139
64248,q92_t1138
64248,q92_t1139
64249,q67_t1139
64249,q67_t1140
64250,q67_t1140
64250,q67_t1141
64251,q67_t1141
64251,q67_t1142
64251,q93_t1141
64251,q93_t1142
64252,q67_t1142
64252,q67_t1143
64253,q67_t1143
64253,q67_t1144
64254,q67_t1144
64254,q67_t1145
64254,q94_t1144
64254,q94_t1145
64255,q67_t1145
64255,q67_t1146
64256,q67_t1146
64256,q67_t1147
64257,q67_t1147
64257,q67_t1148
64257,q95_t1147
64257,q95_t1148
64258,q67_t1148
64258,q67_t1149
64259,q67_t1149
64259,q67_t1150
64260,q67_t1150
64260,q67_t1151
64260,q96_t1150
64260,q96_t1151
64261,q67_t1151
64261,q67_t1152
64262,q67_t1152
64262,q67_t1153
64263,q67_t1153
64263,q67_t1154
64263,q97_t1153
64263,q97_t1154
64264,q67_t1154
64264,q67_t1155
64265,q67_t1155
64265,q67_t1156
64266,q67_t1156
64266,q67_t1157
64266,q98_t1156
64266,q98_t1157
64267,q67_t1157
64267,q67_t1158
64268,q67_t1158
64268,q67_t1159
64269,q67_t1159
64269,q67_t1160
64269,q99_t1159
64269,q99_t1160
64270,q67_t1160
64270,q67_t1161
64271,q67_t1161
64271,q67_t1162
64272,q67_t1163
64272,q67_t1164
64273,q67_t1164
64273,q67_t1165
64274,q67_t1166
64274,q67_t1167
64275,q67_t1167
64275,q67_t1168
64276,q67_t1169
64276,q67_t1170
64277,q67_t1170
64277,q67_t1171
64278,q67_t1172
64278,q67_t1173
64279,q67_t1173
64279,q67_t1174
64280,q67_t1175
64280,q67_t1176
64281,q67_t1176
64281,q67_t1177
64282,q67_t1178
64282,q67_t1179
64283,q67_t1179
64283,q67_t1180
64284,q67_t1181
64284,q67_t1182
64285,q67_t1182
64285,q67_t1183
64286,q67_t1184
64286,q67_t1185
64287,q67_t1185
64287,q67_t1186
64288,q67_t1187
64288,q67_t1188
64289,q67_t1188
64289,q67_t1189
64290,q67_t1190
64290,q67_t1191
64291,q67_t1191
64291,q67_t1192
64292,q67_t201
64292,q67_t202
64293,q67_t202
64293,q67_t203
64294,q67_t204
64294,q67_t205
64295,q67_t205
64295,q67_t206
64296,q67_t207
64296,q67_t208
64297,q67_t208
64297,q67_t209
64298,q67_t210
64298,q67_t211
64299,q67_t211
64299,q67_t212
64300,q67_t213
64300,q67_t214
64301,q67_t214
64301,q67_t215
64302,q67_t216
64302,q67_t217
64303,q67_t217
64303,q67_t218
64304,q67_t218
64304,q67_t219
64304,q6_t218
64304,q6_t219
64305,q67_t219
64305,q67_t220
64306,q67_t220
64306,q67_t221
64307,q67_t221
64307,q67_t222
64307,q7_t221
64307,q7_t222
64308,q67_t222
64308,q67_t223
64309,q67_t223
64309,q67_t224
64310,q67_t224
64310,q67_t225
64310,q8_t224
64310,q8_t225
64311,q67_t225
64311,q67_t226
64312,q67_t226
64312,q67_t227
64313,q67_t227
64313,q67_t228
64313,q9_t227
64313,q9_t228
64314,q67_t228
64314,q67_t229
64315,q67_t229
64315,q67_t230
64316,q67_t231
64316,q67_t232
64317,q67_t232
64317,q67_t233
64318,q67_t234
64318,q67_t235
64319,q67_t235
64319,q67_t236
64320,q67_t237
64320,q67_t238
64321,q67_t238
64321,q67_t239
64322,q67_t240
64322,q67_t241
64323,q67_t241
64323,q67_t242
64324,q67_t243
64324,q67_t244
64325,q67_t244
64325,q67_t245
64326,q67_t246
64326,q67_t247
64327,q67_t247
64327,q67_t248
64328,q67_t249
64328,q67_t250
64329,q67_t250
64329,q67_t251
64330,q67_t252
64330,q67_t253
64331,q67_t253
64331,q67_t254
64332,q67_t255
64332,q67_t256
64333,q67_t256
64333,q67_t257
64334,q67_t258
64334,q67_t259
64335,q67_t259
64335,q67_t260
64336,q67_t261
64336,q67_t262
64337,q67_t262
64337,q67_t263
64338,q67_t264
64338,q67_t265
64339,q67_t265
64339,q67_t266
64340,q67_t267
64340,q67_t268
64341,q67_t268
64341,q67_t269
64342,q67_t270
64342,q67_t271
64343,q67_t271
64343,q67_t272
64344,q67_t273
64344,q67_t274
64345,q67_t274
64345,q67_t275
64346,q67_t276
64346,q67_t277
64347,q67_t277
64347,q67_t278
64348,q67_t279
64348,q67_t280
64349,q67_t280
64349,q67_t281
64350,q67_t282
64350,q67_t283
64351,q67_t283
64351,q67_t284
64352,q67_t285
64352,q67_t286
64353,q67_t286
64353,q67_t287
64354,q67_t288
64354,q67_t289
64355,q67_t289
64355,q67_t290
64356,q67_t291
64356,q67_t292
64357,q67_t292
64357,q67_t293
64358,q67_t294
64358,q67_t295
64359,q67_t295
64359,q67_t296
64360,q67_t297
64360,q67_t298
64361,q67_t298
64361,q67_t299
64362,q67_t300
64362,q67_t301
64363,q67_t301
64363,q67_t302
64364,q67_t303
64364,q67_t304
64365,q67_t304
64365,q67_t305
64366,q67_t306
64366,q67_t307
64367,q67_t307
64367,q67_t308
64368,q67_t309
64368,q67_t310
64369,q67_t310
64369,q67_t311
64370,q67_t312
64370,q67_t313
64371,q67_t313
64371,q67_t314
64372,q67_t315
64372,q67_t316
64373,q67_t316
64373,q67_t317
64374,q67_t318
64374,q67_t319
64375,q67_t319
64375,q67_t320
64376,q67_t321
64376,q67_t322
64377,q67_t322
64377,q67_t323
64378,q67_t324
64378,q67_t325
64379,q67_t325
64379,q67_t326
64380,q67_t327
64380,q67_t328
64381,q67_t328
64381,q67_t329
64382,q67_t330
64382,q67_t331
64383,q67_t331
64383,q67_t332
64384,q67_t333
64384,q67_t334
64385,q67_t334
64385,q67_t335
64386,q67_t336
64386,q67_t337
64387,q67_t337
64387,q67_t338
64388,q67_t339
64388,q67_t340
64389,q67_t340
64389,q67_t341
64390,q67_t342
64390,q67_t343
64391,q67_t343
64391,q67_t344
64392,q67_t345
64392,q67_t346
64393,q67_t346
64393,q67_t347
64394,q67_t348
64394,q67_t349
64395,q67_t349
64395,q67_t350
64396,q67_t351
64396,q67_t352
64397,q67_t352
64397,q67_t353
64398,q67_t354
64398,q67_t355
64399,q67_t355
64399,q67_t356
64400,q67_t357
64400,q67_t358
64401,q67_t358
64401,q67_t359
64402,q67_t360
64402,q67_t361
64403,q67_t361
64403,q67_t362
64404,q67_t363
64404,q67_t364
64405,q67_t364
64405,q67_t365
64406,q67_t366
64406,q67_t367
64407,q67_t367
64407,q67_t368
64408,q67_t369
64408,q67_t370
64409,q67_t370
64409,q67_t371
64410,q67_t372
64410,q67_t373
64411,q67_t373
64411,q67_t374
64412,q67_t375
64412,q67_t376
64413,q67_t376
64413,q67_t377
64414,q67_t378
64414,q67_t379
64415,q67_t379
64415,q67_t380
64416,q67_t381
64416,q67_t382
64417,q67_t382
64417,q67_t383
64418,q67_t384
64418,q67_t385
64419,q67_t385
64419,q67_t386
64420,q67_t387
64420,q67_t388
64421,q67_t388
64421,q67_t389
64422,q67_t390
64422,q67_t391
64423,q67_t391
64423,q67_t392
64424,q67_t393
64424,q67_t394
64425,q67_t394
64425,q67_t395
64426,q67_t396
64426,q67_t397
64427,q67_t397
64427,q67_t398
64428,q67_t399
64428,q67_t400
64429,q67_t400
64429,q67_t404
64430,q67_t404
64430,q67_t405
64430,q68_t404
64430,q68_t405
64431,q67_t405
64431,q67_t406
64432,q67_t406
64432,q67_t407
64433,q67_t407
64433,q67_t408
64433,q69_t407
64433,q69_t408
64434,q67_t408
64434,q67_t409
64435,q67_t409
64435,q67_t410
64436,q67_t410
64436,q67_t411
64436,q70_t410
64436,q70_t411
64437,q67_t411
64437,q67_t412
64438,q67_t412
64438,q67_t413
64439,q67_t413
64439,q67_t414
64439,q71_t413
64439,q71_t414
64440,q67_t414
64440,q67_t415
64441,q67_t415
64441,q67_t416
64442,q67_t416
64442,q67_t417
64442,q72_t416
64442,q72_t417
64443,q67_t417
64443,q67_t418
64444,q67_t418
64444,q67_t419
64445,q67_t419
64445,q67_t420
64445,q73_t419
64445,q73_t420
64446,q67_t420
64446,q67_t421
64447,q67_t421
64447,q67_t422
64448,q67_t422
64448,q67_t423
64448,q74_t422
64448,q74_t423
64449,q67_t423
64449,q67_t424
64450,q67_t424
64450,q67_t425
64451,q67_t425
64451,q67_t426
64451,q75_t425
64451,q75_t426
64452,q67_t426
64452,q67_t427
64453,q67_t427
64453,q67_t428
64454,q67_t428
64454,q67_t429
64454,q76_t428
64454,q76_t429
64455,q67_t429
64455,q67_t430
64456,q67_t430
64456,q67_t431
64457,q67_t431
64457,q67_t432
64457,q77_t431
64457,q77_t432
64458,q67_t432
64458,q67_t433
64459,q67_t433
64459,q67_t434
64460,q67_t434
64460,q67_t435
64460,q78_t434
64460,q78_t435
64461,q67_t435
64461,q67_t436
64462,q67_t436
64462,q67_t437
64463,q67_t437
64463,q67_t438
64463,q79_t437
64463,q79_t438
64464,q67_t438
64464,q67_t439
64465,q67_t439
64465,q67_t440
64466,q67_t440
64466,q67_t441
64466,q80_t440
64466,q80_t441
64467,q67_t441
64467,q67_t442
64468,q67_t442
64468,q67_t443
64469,q67_t443
64469,q67_t444
64469,q81_t443
64469,q81_t444
64470,q67_t444
64470,q67_t445
64471,q67_t445
64471,q67_t446
64472,q67_t446
64472,q67_t447
64472,q82_t446
64472,q82_t447
64473,q67_t447
64473,q67_t448
64474,q67_t448
64474,q67_t449
64475,q67_t449
64475,q67_t450
64475,q83_t449
64475,q83_t450
64476,q67_t450
64476,q67_t451
64477,q67_t451
64477,q67_t452
64478,q67_t452
64478,q67_t453
64478,q84_t452
64478,q84_t453
64479,q67_t453
64479,q67_t454
64480,q67_t454
64480,q67_t455
64481,q67_t455
64481,q67_t456
64481,q85_t455
64481,q85_t456
64482,q67_t456
64482,q67_t457
64483,q67_t457
64483,q67_t458
64484,q67_t458
64484,q67_t459
64484,q86_t458
64484,q86_t459
64485,q67_t459
64485,q67_t460
64486,q67_t460
64486,q67_t461
64487,q67_t461
64487,q67_t462
64487,q87_t461
64487,q87_t462
64488,q67_t462
64488,q67_t463
64489,q67_t463
64489,q67_t464
64490,q67_t464
64490,q67_t465
64490,q88_t464
64490,q88_t465
64491,q67_t465
64491,q67_t466
64492,q67_t466
64492,q67_t467
64493,q67_t467
64493,q67_t468
64493,q89_t467
64493,q89_t468
64494,q67_t468
64494,q67_t469
64495,q67_t469
64495,q67_t470
64496,q67_t470
64496,q67_t471
64496,q90_t470
64496,q90_t471
64497,q67_t471
64497,q67_t472
64498,q67_t472
64498,q67_t473
64499,q67_t473
64499,q67_t474
64499,q91_t473
64499,q91_t474
64500,q67_t474
64500,q67_t475
64501,q67_t475
64501,q67_t476
64502,q67_t476
64502,q67_t477
64502,q92_t476
64502,q92_t477
64503,q67_t477
64503,q67_t478
64504,q67_t478
64504,q67_t479
64505,q67_t479
64505,q67_t480
64505,q93_t479
64505,q93_t480
64506,q67_t480
64506,q67_t481
64507,q67_t481
64507,q67_t482
64508,q67_t482
64508,q67_t483
64508,q94_t482
64508,q94_t483
64509,q67_t483
64509,q67_t484
64510,q67_t484
64510,q67_t485
64511,q67_t485
64511,q67_t486
64511,q95_t485
64511,q95_t486
64512,q67_t486
64512,q67_t487
64513,q67_t487
64513,q67_t488
64514,q67_t488
64514,q67_t489
64514,q96_t488
64514,q96_t489
64515,q67_t489
64515,q67_t490
64516,q67_t490
64516,q67_t491
64517,q67_t491
64517,q67_t492
64517,q97_t491
64517,q97_t492
64518,q67_t492
64518,q67_t493
64519,q67_t493
64519,q67_t494
64520,q67_t494
64520,q67_t495
64520,q98_t494
64520,q98_t495
64521,q67_t495
64521,q67_t496
64522,q67_t496
64522,q67_t497
64523,q67_t497
64523,q67_t498
64523,q99_t497
64523,q99_t498
64524,q67_t498
64524,q67_t499
64525,q67_t499
64525,q67_t500
64526,q67_t501
64526,q67_t502
64527,q67_t502
64527,q67_t503
64528,q67_t504
64528,q67_t505
64529,q67_t505
64529,q67_t506
64530,q67_t507
64530,q67_t508
64531,q67_t508
64531,q67_t509
64532,q67_t510
64532,q67_t511
64533,q67_t511
64533,q67_t512
64534,q67_t513
64534,q67_t514
64535,q67_t514
64535,q67_t515
64536,q67_t516
64536,q67_t517
64537,q67_t517
64537,q67_t518
64538,q67_t519
64538,q67_t520
64539,q67_t520
64539,q67_t521
64540,q67_t522
64540,q67_t523
64541,q67_t523
64541,q67_t524
64542,q67_t525
64542,q67_t526
64543,q67_t526
64543,q67_t527
64544,q67_t528
64544,q67_t529
64545,q67_t529
64545,q67_t530
64546,q67_t530
64546,q67_t531
64547,q67_t532
64547,q67_t533
64548,q67_t533
64548,q67_t534
64549,q67_t535
64549,q67_t536
64550,q67_t536
64550,q67_t537
64551,q67_t538
64551,q67_t539
64552,q67_t539
64552,q67_t540
64553,q67_t541
64553,q67_t542
64554,q67_t542
64554,q67_t543
64555,q67_t544
64555,q67_t545
64556,q67_t545
64556,q67_t546
64557,q67_t547
64557,q67_t548
64558,q67_t548
64558,q67_t549
64559,q67_t549
64559,q67_t550
64559,q6_t549
64559,q6_t550
64560,q67_t550
64560,q67_t551
64561,q67_t551
64561,q67_t552
64562,q67_t552
64562,q67_t553
64562,q7_t552
64562,q7_t553
64563,q67_t553
64563,q67_t554
64564,q67_t554
64564,q67_t555
64565,q67_t555
64565,q67_t556
64565,q8_t555
64565,q8_t556
64566,q67_t556
64566,q67_t557
64567,q67_t557
64567,q67_t558
64568,q67_t558
64568,q67_t559
64568,q9_t558
64568,q9_t559
64569,q67_t559
64569,q67_t560
64570,q67_t560
64570,q67_t561
64571,q67_t562
64571,q67_t563
64572,q67_t563
64572,q67_t564
64573,q67_t565
64573,q67_t566
64574,q67_t566
64574,q67_t567
64575,q67_t568
64575,q67_t569
64576,q67_t569
64576,q67_t570
64577,q67_t571
64577,q67_t572
64578,q67_t572
64578,q67_t573
64579,q67_t574
64579,q67_t575
64580,q67_t575
64580,q67_t576
64581,q67_t577
64581,q67_t578
64582,q67_t578
64582,q67_t579
64583,q67_t580
64583,q67_t581
64584,q67_t581
64584,q67_t582
64585,q67_t583
64585,q67_t584
64586,q67_t584
64586,q67_t585
64587,q67_t586
64587,q67_t587
64588,q67_t587
64588,q67_t588
64589,q67_t589
64589,q67_t590
64590,q67_t590
64590,q67_t591
64591,q67_t592
64591,q67_t593
64592,q67_t593
64592,q67_t594
64593,q67_t595
64593,q67_t596
64594,q67_t596
64594,q67_t597
64595,q67_t598
64595,q67_t599
64596,q67_t599
64596,q67_t600
64597,q67_t601
64597,q67_t602
64598,q67_t602
64598,q67_t603
64599,q67_t604
64599,q67_t605
64600,q67_t605
64600,q67_t606
64601,q67_t607
64601,q67_t608
64602,q67_t608
64602,q67_t609
64603,q67_t610
64603,q67_t611
64604,q67_t611
64604,q67_t612
64605,q67_t613
64605,q67_t614
64606,q67_t614
64606,q67_t615
64607,q67_t616
64607,q67_t617
64608,q67_t617
64608,q67_t618
64609,q67_t619
64609,q67_t620
64610,q67_t620
64610,q67_t621
64611,q67_t622
64611,q67_t623
64612,q67_t623
64612,q67_t624
64613,q67_t625
64613,q67_t626
64614,q67_t626
64614,q67_t627
64615,q67_t628
64615,q67_t629
64616,q67_t629
64616,q67_t630
64617,q67_t631
64617,q67_t632
64618,q67_t632
64618,q67_t633
64619,q67_t634
64619,q67_t635
64620,q67_t635
64620,q67_t636
64621,q67_t637
64621,q67_t638
64622,q67_t638
64622,q67_t639
64623,q67_t640
64623,q67_t641
64624,q67_t641
64624,q67_t642
64625,q67_t643
64625,q67_t644
64626,q67_t644
64626,q67_t645
64627,q67_t646
64627,q67_t647
64628,q67_t647
64628,q67_t648
64629,q67_t649
64629,q67_t650
64630,q67_t650
64630,q67_t651
64631,q67_t652
64631,q67_t653
64632,q67_t653
64632,q67_t654
64633,q67_t655
64633,q67_t656
64634,q67_t656
64634,q67_t657
64635,q67_t658
64635,q67_t659
64636,q67_t659
64636,q67_t660
64637,q67_t661
64637,q67_t662
64638,q67_t662
64638,q67_t663
64639,q67_t664
64639,q67_t665
64640,q67_t665
64640,q67_t666
64641,q67_t667
64641,q67_t668
64642,q67_t668
64642,q67_t669
64643,q67_t670
64643,q67_t671
64644,q67_t671
64644,q67_t672
64645,q67_t673
64645,q67_t674
64646,q67_t674
64646,q67_t675
64647,q67_t676
64647,q67_t677
64648,q67_t677
64648,q67_t678
64649,q67_t679
64649,q67_t680
64650,q67_t680
64650,q67_t681
64651,q67_t682
64651,q67_t683
64652,q67_t683
64652,q67_t684
64653,q67_t685
64653,q67_t686
64654,q67_t686
64654,q67_t687
64655,q67_t688
64655,q67_t689
64656,q67_t689
64656,q67_t690
64657,q67_t691
64657,q67_t692
64658,q67_t692
64658,q67_t693
64659,q67_t694
64659,q67_t695
64660,q67_t695
64660,q67_t696
64661,q67_t697
64661,q67_t698
64662,q67_t698
64662,q67_t699
64663,q67_t700
64663,q67_t701
64664,q67_t701
64664,q67_t702
64665,q67_t703
64665,q67_t704
64666,q67_t704
64666,q67_t705
64667,q67_t706
64667,q67_t707
64668,q67_t707
64668,q67_t708
64669,q67_t709
64669,q67_t710
64670,q67_t710
64670,q67_t711
64671,q67_t712
64671,q67_t713
64672,q67_t713
64672,q67_t714
64673,q67_t715
64673,q67_t716
64674,q67_t716
64674,q67_t717
64675,q67_t718
64675,q67_t719
64676,q67_t719
64676,q67_t720
64677,q67_t721
64677,q67_t722
64678,q67_t722
64678,q67_t723
64679,q67_t724
64679,q67_t725
64680,q67_t725
64680,q67_t726
64681,q67_t727
64681,q67_t728
64682,q67_t728
64682,q67_t729
64683,q67_t730
64683,q67_t731
64684,q67_t731
64684,q67_t735
64685,q67_t735
64685,q67_t736
64685,q68_t735
64685,q68_t736
64686,q67_t736
64686,q67_t737
64687,q67_t737
64687,q67_t738
64688,q67_t738
64688,q67_t739
64688,q69_t738
64688,q69_t739
64689,q67_t739
64689,q67_t740
64690,q67_t740
64690,q67_t741
64691,q67_t741
64691,q67_t742
64691,q70_t741
64691,q70_t742
64692,q67_t742
64692,q67_t743
64693,q67_t743
64693,q67_t744
64694,q67_t744
64694,q67_t745
64694,q71_t744
64694,q71_t745
64695,q67_t745
64695,q67_t746
64696,q67_t746
64696,q67_t747
64697,q67_t747
64697,q67_t748
64697,q72_t747
64697,q72_t748
64698,q67_t748
64698,q67_t749
64699,q67_t749
64699,q67_t750
64700,q67_t750
64700,q67_t751
64700,q73_t750
64700,q73_t751
64701,q67_t751
64701,q67_t752
64702,q67_t752
64702,q67_t753
64703,q67_t753
64703,q67_t754
64703,q74_t753
64703,q74_t754
64704,q67_t754
64704,q67_t755
64705,q67_t755
64705,q67_t756
64706,q67_t756
64706,q67_t757
64706,q75_t756
64706,q75_t757
64707,q67_t757
64707,q67_t758
64708,q67_t758
64708,q67_t759
64709,q67_t759
64709,q67_t760
64709,q76_t759
64709,q76_t760
64710,q67_t760
64710,q67_t761
64711,q67_t761
64711,q67_t762
64712,q67_t762
64712,q67_t763
64712,q77_t762
64712,q77_t763
64713,q67_t763
64713,q67_t764
64714,q67_t764
64714,q67_t765
64715,q67_t765
64715,q67_t766
64715,q78_t765
64715,q78_t766
64716,q67_t766
64716,q67_t767
64717,q67_t767
64717,q67_t768
64718,q67_t768
64718,q67_t769
64718,q79_t768
64718,q79_t769
64719,q67_t769
64719,q67_t770
64720,q67_t770
64720,q67_t771
64721,q67_t771
64721,q67_t772
64721,q80_t771
64721,q80_t772
64722,q67_t772
64722,q67_t773
64723,q67_t773
64723,q67_t774
64724,q67_t774
64724,q67_t775
64724,q81_t774
64724,q81_t775
64725,q67_t775
64725,q67_t776
64726,q67_t776
64726,q67_t777
64727,q67_t777
64727,q67_t778
64727,q82_t777
64727,q82_t778
64728,q67_t778
64728,q67_t779
64729,q67_t779
64729,q67_t780
64730,q67_t780
64730,q67_t781
64730,q83_t780
64730,q83_t781
64731,q67_t781
64731,q67_t782
64732,q67_t782
64732,q67_t783
64733,q67_t783
64733,q67_t784
64733,q84_t783
64733,q84_t784
64734,q67_t784
64734,q67_t785
64735,q67_t785
64735,q67_t786
64736,q67_t786
64736,q67_t787
64736,q85_t786
64736,q85_t787
64737,q67_t787
64737,q67_t788
64738,q67_t788
64738,q67_t789
64739,q67_t789
64739,q67_t790
64739,q86_t789
64739,q86_t790
64740,q67_t790
64740,q67_t791
64741,q67_t791
64741,q67_t792
64742,q67_t792
64742,q67_t793
64742,q87_t792
64742,q87_t793
64743,q67_t793
64743,q67_t794
64744,q67_t794
64744,q67_t795
64745,q67_t795
64745,q67_t796
64745,q88_t795
64745,q88_t796
64746,q67_t796
64746,q67_t797
64747,q67_t797
64747,q67_t798
64748,q67_t798
64748,q67_t799
64748,q89_t798
64748,q89_t799
64749,q67_t799
64749,q67_t800
64750,q67_t800
64750,q67_t801
64751,q67_t801
64751,q67_t802
64751,q90_t801
64751,q90_t802
64752,q67_t802
64752,q67_t803
64753,q67_t803
64753,q67_t804
64754,q67_t804
64754,q67_t805
64754,q91_t804
64754,q91_t805
64755,q67_t805
64755,q67_t806
64756,q67_t806
64756,q67_t807
64757,q67_t807
64757,q67_t808
64757,q92_t807
64757,q92_t808
64758,q67_t808
64758,q67_t809
64759,q67_t809
64759,q67_t810
64760,q67_t810
64760,q67_t811
64760,q93_t810
64760,q93_t811
64761,q67_t811
64761,q67_t812
64762,q67_t812
64762,q67_t813
64763,q67_t813
64763,q67_t814
64763,q94_t813
64763,q94_t814
64764,q67_t814
64764,q67_t815
64765,q67_t815
64765,q67_t816
64766,q67_t816
64766,q67_t817
64766,q95_t816
64766,q95_t817
64767,q67_t817
64767,q67_t818
64768,q67_t818
64768,q67_t819
64769,q67_t819
64769,q67_t820
64769,q96_t819
64769,q96_t820
64770,q67_t820
64770,q67_t821
64771,q67_t821
64771,q67_t822
64772,q67_t822
64772,q67_t823
64772,q97_t822
64772,q97_t823
64773,q67_t823
64773,q67_t824
64774,q67_t824
64774,q67_t825
64775,q67_t825
64775,q67_t826
64775,q98_t825
64775,q98_t826
64776,q67_t826
64776,q67_t827
64777,q67_t827
64777,q67_t828
64778,q67_t828
64778,q67_t829
64778,q99_t828
64778,q99_t829
64779,q67_t829
64779,q67_t830
64780,q67_t830
64780,q67_t831
64781,q67_t832
64781,q67_t833
64782,q67_t833
64782,q67_t834
64783,q67_t835
64783,q67_t836
64784,q67_t836
64784,q67_t837
64785,q67_t838
64785,q67_t839
64786,q67_t839
64786,q67_t840
64787,q67_t841
64787,q67_t842
64788,q67_t842
64788,q67_t843
64789,q67_t844
64789,q67_t845
64790,q67_t845
64790,q67_t846
64791,q67_t847
64791,q67_t848
64792,q67_t848
64792,q67_t849
64793,q67_t850
64793,q67_t851
64794,q67_t851
64794,q67_t852
64795,q67_t853
64795,q67_t854
64796,q67_t854
64796,q67_t855
64797,q67_t856
64797,q67_t857
64798,q67_t857
64798,q67_t858
64799,q67_t859
64799,q67_t860
64800,q67_t860
64800,q67_t861
64801,q67_t861
64801,q67_t862
64802,q67_t863
64802,q67_t864
64803,q67_t864
64803,q67_t865
64804,q67_t866
64804,q67_t867
64805,q67_t867
64805,q67_t868
64806,q67_t869
64806,q67_t870
64807,q67_t870
64807,q67_t871
64808,q67_t872
64808,q67_t873
64809,q67_t873
64809,q67_t874
64810,q67_t875
64810,q67_t876
64811,q67_t876
64811,q67_t877
64812,q67_t878
64812,q67_t879
64813,q67_t879
64813,q67_t880
64814,q67_t880
64814,q67_t881
64814,q6_t880
64814,q6_t881
64815,q67_t881
64815,q67_t882
64816,q67_t882
64816,q67_t883
64817,q67_t883
64817,q67_t884
64817,q7_t883
64817,q7_t884
64818,q67_t884
64818,q67_t885
64819,q67_t885
64819,q67_t886
64820,q67_t886
64820,q67_t887
64820,q8_t886
64820,q8_t887
64821,q67_t887
64821,q67_t888
64822,q67_t888
64822,q67_t889
64823,q67_t889
64823,q67_t890
64823,q9_t889
64823,q9_t890
64824,q67_t890
64824,q67_t891
64825,q67_t891
64825,q67_t892
64826,q67_t893
64826,q67_t894
64827,q67_t894
64827,q67_t895
64828,q67_t896
64828,q67_t897
64829,q67_t897
64829,q67_t898
64830,q67_t899
64830,q67_t900
64831,q67_t900
64831,q67_t901
64832,q67_t902
64832,q67_t903
64833,q67_t903
64833,q67_t904
64834,q67_t905
64834,q67_t906
64835,q67_t906
64835,q67_t907
64836,q67_t908
64836,q67_t909
64837,q67_t909
64837,q67_t910
64838,q67_t911
64838,q67_t912
64839,q67_t912
64839,q67_t913
64840,q67_t914
64840,q67_t915
64841,q67_t915
64841,q67_t916
64842,q67_t917
64842,q67_t918
64843,q67_t918
64843,q67_t919
64844,q67_t920
64844,q67_t921
64845,q67_t921
64845,q67_t922
64846,q67_t923
64846,q67_t924
64847,q67_t924
64847,q67_t925
64848,q67_t926
64848,q67_t927
64849,q67_t927
64849,q67_t928
64850,q67_t929
64850,q67_t930
64851,q67_t930
64851,q67_t931
64852,q67_t932
64852,q67_t933
64853,q67_t933
64853,q67_t934
64854,q67_t935
64854,q67_t936
64855,q67_t936
64855,q67_t937
64856,q67_t938
64856,q67_t939
64857,q67_t939
64857,q67_t940
64858,q67_t941
64858,q67_t942
64859,q67_t942
64859,q67_t943
64860,q67_t944
64860,q67_t945
64861,q67_t945
64861,q67_t946
64862,q67_t947
64862,q67_t948
64863,q67_t948
64863,q67_t949
64864,q67_t950
64864,q67_t951
64865,q67_t951
64865,q67_t952
64866,q67_t953
64866,q67_t954
64867,q67_t954
64867,q67_t955
64868,q67_t956
64868,q67_t957
64869,q67_t957
64869,q67_t958
64870,q67_t959
64870,q67_t960
64871,q67_t960
64871,q67_t961
64872,q67_t962
64872,q67_t963
64873,q67_t963
64873,q67_t964
64874,q67_t965
64874,q67_t966
64875,q67_t966
64875,q67_t967
64876,q67_t968
64876,q67_t969
64877,q67_t969
64877,q67_t970
64878,q67_t971
64878,q67_t972
64879,q67_t972
64879,q67_t973
64880,q67_t974
64880,q67_t975
64881,q67_t975
64881,q67_t976
64882,q67_t977
64882,q67_t978
64883,q67_t978
64883,q67_t979
64884,q67_t980
64884,q67_t981
64885,q67_t981
64885,q67_t982
64886,q67_t983
64886,q67_t984
64887,q67_t984
64887,q67_t985
64888,q67_t986
64888,q67_t987
64889,q67_t987
64889,q67_t988
64890,q67_t989
64890,q67_t990
64891,q67_t990
64891,q67_t991
64892,q67_t992
64892,q67_t993
64893,q67_t993
64893,q67_t994
64894,q67_t995
64894,q67_t996
64895,q67_t996
64895,q67_t997
64896,q67_t998
64896,q67_t999
64897,q68_t0
64897,q68_t1
64898,q68_t1
64898,q68_t203
64899,q68_t1000
64899,q68_t999
64900,q68_t1001
64900,q68_t1002
64901,q68_t1002
64901,q68_t1003
64902,q68_t1004
64902,q68_t1005
64903,q68_t1005
64903,q68_t1006
64904,q68_t1007
64904,q68_t1008
64905,q68_t1008
64905,q68_t1009
64906,q68_t1010
64906,q68_t1011
64907,q68_t1011
64907,q68_t1012
64908,q68_t1013
64908,q68_t1014
64909,q68_t1014
64909,q68_t1015
64910,q68_t1016
64910,q68_t1017
64911,q68_t1017
64911,q68_t1018
64912,q68_t1019
64912,q68_t1020
64913,q68_t1020
64913,q68_t1021
64914,q68_t1022
64914,q68_t1023
64915,q68_t1023
64915,q68_t1024
64916,q68_t1025
64916,q68_t1026
64917,q68_t1026
64917,q68_t1027
64918,q68_t1028
64918,q68_t1029
64919,q68_t1029
64919,q68_t1030
64920,q68_t1031
64920,q68_t1032
64921,q68_t1032
64921,q68_t1033
64922,q68_t1034
64922,q68_t1035
64923,q68_t1035
64923,q68_t1036
64924,q68_t1037
64924,q68_t1038
64925,q68_t1038
64925,q68_t1039
64926,q68_t1040
64926,q68_t1041
64927,q68_t1041
64927,q68_t1042
64928,q68_t1043
64928,q68_t1044
64929,q68_t1044
64929,q68_t1045
64930,q68_t1046
64930,q68_t1047
64931,q68_t1047
64931,q68_t1048
64932,q68_t1049
64932,q68_t1050
64933,q68_t1050
64933,q68_t1051
64934,q68_t1052
64934,q68_t1053
64935,q68_t1053
64935,q68_t1054
64936,q68_t1055
64936,q68_t1056
64937,q68_t1056
64937,q68_t1057
64938,q68_t1058
64938,q68_t1059
64939,q68_t1059
64939,q68_t1060
64940,q68_t1061
64940,q68_t1062
64941,q68_t1062
64941,q68_t1063
64942,q68_t1064
64942,q68_t1065
64943,q68_t1065
64943,q68_t1066
64944,q68_t1067
64944,q68_t1068
64945,q68_t1068
64945,q68_t1072
64946,q68_t1072
64946,q68_t1073
64946,q69_t1072
64946,q69_t1073
64947,q68_t1073
64947,q68_t1074
64948,q68_t1074
64948,q68_t1075
64949,q68_t1075
64949,q68_t1076
64949,q70_t1075
64949,q70_t1076
64950,q68_t1076
64950,q68_t1077
64951,q68_t1077
64951,q68_t1078
64952,q68_t1078
64952,q68_t1079
64952,q71_t1078
64952,q71_t1079
64953,q68_t1079
64953,q68_t1080
64954,q68_t1080
64954,q68_t1081
64955,q68_t1081
64955,q68_t1082
64955,q72_t1081
64955,q72_t1082
64956,q68_t1082
64956,q68_t1083
64957,q68_t1083
64957,q68_t1084
64958,q68_t1084
64958,q68_t1085
64958,q73_t1084
64958,q73_t1085
64959,q68_t1085
64959,q68_t1086
64960,q68_t1086
64960,q68_t1087
64961,q68_t1087
64961,q68_t1088
64961,q74_t1087
64961,q74_t1088
64962,q68_t1088
64962,q68_t1089
64963,q68_t1089
64963,q68_t1090
64964,q68_t1090
64964,q68_t1091
64964,q75_t1090
64964,q75_t1091
64965,q68_t1091
64965,q68_t1092
64966,q68_t1092
64966,q68_t1093
64967,q68_t1093
64967,q68_t1094
64967,q76_t1093
64967,q76_t1094
64968,q68_t1094
64968,q68_t1095
64969,q68_t1095
64969,q68_t1096
64970,q68_t1096
64970,q68_t1097
64970,q77_t1096
64970,q77_t1097
64971,q68_t1097
64971,q68_t1098
64972,q68_t1098
64972,q68_t1099
64973,q68_t1099
64973,q68_t1100
64973,q78_t1099
64973,q78_t1100
64974,q68_t1100
64974,q68_t1101
64975,q68_t1101
64975,q68_t1102
64976,q68_t1102
64976,q68_t1103
64976,q79_t1102
64976,q79_t1103
64977,q68_t1103
64977,q68_t1104
64978,q68_t1104
64978,q68_t1105
64979,q68_t1105
64979,q68_t1106
64979,q80_t1105
64979,q80_t1106
64980,q68_t1106
64980,q68_t1107
64981,q68_t1107
64981,q68_t1108
64982,q68_t1108
64982,q68_t1109
64982,q81_t1108
64982,q81_t1109
64983,q68_t1109
64983,q68_t1110
64984,q68_t1110
64984,q68_t1111
64985,q68_t1111
64985,q68_t1112
64985,q82_t1111
64985,q82_t1112
64986,q68_t1112
64986,q68_t1113
64987,q68_t1113
64987,q68_t1114
64988,q68_t1114
64988,q68_t1115
64988,q83_t1114
64988,q83_t1115
64989,q68_t1115
64989,q68_t1116
64990,q68_t1116
64990,q68_t1117
64991,q68_t1117
64991,q68_t1118
64991,q84_t1117
64991,q84_t1118
64992,q68_t1118
64992,q68_t1119
64993,q68_t1119
64993,q68_t1120
64994,q68_t1120
64994,q68_t1121
64994,q85_t1120
64994,q85_t1121
64995,q68_t1121
64995,q68_t1122
64996,q68_t1122
64996,q68_t1123
64997,q68_t1123
64997,q68_t1124
64997,q86_t1123
64997,q86_t1124
64998,q68_t1124
64998,q68_t1125
64999,q68_t1125
64999,q68_t1126
65000,q68_t1126
65000,q68_t1127
65000,q87_t1126
65000,q87_t1127
65001,q68_t1127
65001,q68_t1128
65002,q68_t1128
65002,q68_t1129
65003,q68_t1129
65003,q68_t1130
65003,q88_t1129
65003,q88_t1130
65004,q68_t1130
65004,q68_t1131
65005,q68_t1131
65005,q68_t1132
65006,q68_t1132
65006,q68_t1133
65006,q89_t1132
65006,q89_t1133
65007,q68_t1133
65007,q68_t1134
65008,q68_t1134
65008,q68_t1135
65009,q68_t1135
65009,q68_t1136
65009,q90_t1135
65009,q90_t1136
65010,q68_t1136
65010,q68_t1137
65011,q68_t1137
65011,q68_t1138
65012,q68_t1138
65012,q68_t1139
65012,q91_t1138
65012,q91_t1139
65013,q68_t1139
65013,q68_t1140
65014,q68_t1140
65014,q68_t1141
65015,q68_t1141
65015,q68_t1142
65015,q92_t1141
65015,q92_t1142
65016,q68_t1142
65016,q68_t1143
65017,q68_t1143
65017,q68_t1144
65018,q68_t1144
65018,q68_t1145
65018,q93_t1144
65018,q93_t1145
65019,q68_t1145
65019,q68_t1146
65020,q68_t1146
65020,q68_t1147
65021,q68_t1147
65021,q68_t1148
65021,q94_t1147
65021,q94_t1148
65022,q68_t1148
65022,q68_t1149
65023,q68_t1149
65023,q68_t1150
65024,q68_t1150
65024,q68_t1151
65024,q95_t1150
65024,q95_t1151
65025,q68_t1151
65025,q68_t1152
65026,q68_t1152
65026,q68_t1153
65027,q68_t1153
65027,q68_t1154
65027,q96_t1153
65027,q96_t1154
65028,q68_t1154
65028,q68_t1155
65029,q68_t1155
65029,q68_t1156
65030,q68_t1156
65030,q68_t1157
65030,q97_t1156
65030,q97_t1157
65031,q68_t1157
65031,q68_t1158
65032,q68_t1158
65032,q68_t1159
65033,q68_t1159
65033,q68_t1160
65033,q98_t1159
65033,q98_t1160
65034,q68_t1160
65034,q68_t1161
65035,q68_t1161
65035,q68_t1162
65036,q68_t1162
65036,q68_t1163
65036,q99_t1162
65036,q99_t1163
65037,q68_t1163
65037,q68_t1164
65038,q68_t1164
65038,q68_t1165
65039,q68_t1166
65039,q68_t1167
65040,q68_t1167
65040,q68_t1168
65041,q68_t1169
65041,q68_t1170
65042,q68_t1170
65042,q68_t1171
65043,q68_t1172
65043,q68_t1173
65044,q68_t1173
65044,q68_t1174
65045,q68_t1175
65045,q68_t1176
65046,q68_t1176
65046,q68_t1177
65047,q68_t1178
65047,q68_t1179
65048,q68_t1179
65048,q68_t1180
65049,q68_t1181
65049,q68_t1182
65050,q68_t1182
65050,q68_t1183
65051,q68_t1184
65051,q68_t1185
65052,q68_t1185
65052,q68_t1186
65053,q68_t1187
65053,q68_t1188
65054,q68_t1188
65054,q68_t1189
65055,q68_t1190
65055,q68_t1191
65056,q68_t1191
65056,q68_t1192
65057,q68_t1193
65057,q68_t1194
65058,q68_t1194
65058,q68_t1195
65059,q68_t204
65059,q68_t205
65060,q68_t205
65060,q68_t206
65061,q68_t207
65061,q68_t208
65062,q68_t208
65062,q68_t209
65063,q68_t210
65063,q68_t211
65064,q68_t211
65064,q68_t212
65065,q68_t213
65065,q68_t214
65066,q68_t214
65066,q68_t215
65067,q68_t216
65067,q68_t217
65068,q68_t217
65068,q68_t218
65069,q68_t219
65069,q68_t220
65070,q68_t220
65070,q68_t221
65071,q68_t221
65071,q68_t222
65071,q6_t221
65071,q6_t222
65072,q68_t222
65072,q68_t223
65073,q68_t223
65073,q68_t224
65074,q68_t224
65074,q68_t225
65074,q7_t224
65074,q7_t225
65075,q68_t225
65075,q68_t226
65076,q68_t226
65076,q68_t227
65077,q68_t227
65077,q68_t228
65077,q8_t227
65077,q8_t228
65078,q68_t228
65078,q68_t229
65079,q68_t229
65079,q68_t230
65080,q68_t230
65080,q68_t231
65080,q9_t230
65080,q9_t231
65081,q68_t231
65081,q68_t232
65082,q68_t232
65082,q68_t233
65083,q68_t234
65083,q68_t235
65084,q68_t235
65084,q68_t236
65085,q68_t237
65085,q68_t238
65086,q68_t238
65086,q68_t239
65087,q68_t240
65087,q68_t241
65088,q68_t241
65088,q68_t242
65089,q68_t243
65089,q68_t244
65090,q68_t244
65090,q68_t245
65091,q68_t246
65091,q68_t247
65092,q68_t247
65092,q68_t248
65093,q68_t249
65093,q68_t250
65094,q68_t250
65094,q68_t251
65095,q68_t252
65095,q68_t253
65096,q68_t253
65096,q68_t254
65097,q68_t255
65097,q68_t256
65098,q68_t256
65098,q68_t257
65099,q68_t258
65099,q68_t259
65100,q68_t259
65100,q68_t260
65101,q68_t261
65101,q68_t262
65102,q68_t262
65102,q68_t263
65103,q68_t264
65103,q68_t265
65104,q68_t265
65104,q68_t266
65105,q68_t267
65105,q68_t268
65106,q68_t268
65106,q68_t269
65107,q68_t270
65107,q68_t271
65108,q68_t271
65108,q68_t272
65109,q68_t273
65109,q68_t274
65110,q68_t274
65110,q68_t275
65111,q68_t276
65111,q68_t277
65112,q68_t277
65112,q68_t278
65113,q68_t279
65113,q68_t280
65114,q68_t280
65114,q68_t281
65115,q68_t282
65115,q68_t283
65116,q68_t283
65116,q68_t284
65117,q68_t285
65117,q68_t286
65118,q68_t286
65118,q68_t287
65119,q68_t288
65119,q68_t289
65120,q68_t289
65120,q68_t290
65121,q68_t291
65121,q68_t292
65122,q68_t292
65122,q68_t293
65123,q68_t294
65123,q68_t295
65124,q68_t295
65124,q68_t296
65125,q68_t297
65125,q68_t298
65126,q68_t298
65126,q68_t299
65127,q68_t300
65127,q68_t301
65128,q68_t301
65128,q68_t302
65129,q68_t303
65129,q68_t304
65130,q68_t304
65130,q68_t305
65131,q68_t306
65131,q68_t307
65132,q68_t307
65132,q68_t308
65133,q68_t309
65133,q68_t310
65134,q68_t310
65134,q68_t311
65135,q68_t312
65135,q68_t313
65136,q68_t313
65136,q68_t314
65137,q68_t315
65137,q68_t316
65138,q68_t316
65138,q68_t317
65139,q68_t318
65139,q68_t319
65140,q68_t319
65140,q68_t320
65141,q68_t321
65141,q68_t322
65142,q68_t322
65142,q68_t323
65143,q68_t324
65143,q68_t325
65144,q68_t325
65144,q68_t326
65145,q68_t327
65145,q68_t328
65146,q68_t328
65146,q68_t329
65147,q68_t330
65147,q68_t331
65148,q68_t331
65148,q68_t332
65149,q68_t333
65149,q68_t334
65150,q68_t334
65150,q68_t335
65151,q68_t336
65151,q68_t337
65152,q68_t337
65152,q68_t338
65153,q68_t339
65153,q68_t340
65154,q68_t340
65154,q68_t341
65155,q68_t342
65155,q68_t343
65156,q68_t343
65156,q68_t344
65157,q68_t345
65157,q68_t346
65158,q68_t346
65158,q68_t347
65159,q68_t348
65159,q68_t349
65160,q68_t349
65160,q68_t350
65161,q68_t351
65161,q68_t352
65162,q68_t352
65162,q68_t353
65163,q68_t354
65163,q68_t355
65164,q68_t355
65164,q68_t356
65165,q68_t357
65165,q68_t358
65166,q68_t358
65166,q68_t359
65167,q68_t360
65167,q68_t361
65168,q68_t361
65168,q68_t362
65169,q68_t363
65169,q68_t364
65170,q68_t364
65170,q68_t365
65171,q68_t366
65171,q68_t367
65172,q68_t367
65172,q68_t368
65173,q68_t369
65173,q68_t370
65174,q68_t370
65174,q68_t371
65175,q68_t372
65175,q68_t373
65176,q68_t373
65176,q68_t374
65177,q68_t375
65177,q68_t376
65178,q68_t376
65178,q68_t377
65179,q68_t378
65179,q68_t379
65180,q68_t379
65180,q68_t380
65181,q68_t381
65181,q68_t382
65182,q68_t382
65182,q68_t383
65183,q68_t384
65183,q68_t385
65184,q68_t385
65184,q68_t386
65185,q68_t387
65185,q68_t388
65186,q68_t388
65186,q68_t389
65187,q68_t390
65187,q68_t391
65188,q68_t391
65188,q68_t392
65189,q68_t393
65189,q68_t394
65190,q68_t394
65190,q68_t395
65191,q68_t396
65191,q68_t397
65192,q68_t397
65192,q68_t398
65193,q68_t399
65193,q68_t400
65194,q68_t400
65194,q68_t401
65195,q68_t402
65195,q68_t403
65196,q68_t403
65196,q68_t404
65197,q68_t405
65197,q68_t406
65198,q68_t406
65198,q68_t410
65199,q68_t410
65199,q68_t411
65199,q69_t410
65199,q69_t411
65200,q68_t411
65200,q68_t412
65201,q68_t412
65201,q68_t413
65202,q68_t413
65202,q68_t414
65202,q70_t413
65202,q70_t414
65203,q68_t414
65203,q68_t415
65204,q68_t415
65204,q68_t416
65205,q68_t416
65205,q68_t417
65205,q71_t416
65205,q71_t417
65206,q68_t417
65206,q68_t418
65207,q68_t418
65207,q68_t419
65208,q68_t419
65208,q68_t420
65208,q72_t419
65208,q72_t420
65209,q68_t420
65209,q68_t421
65210,q68_t421
65210,q68_t422
65211,q68_t422
65211,q68_t423
65211,q73_t422
65211,q73_t423
65212,q68_t423
65212,q68_t424
65213,q68_t424
65213,q68_t425
65214,q68_t425
65214,q68_t426
65214,q74_t425
65214,q74_t426
65215,q68_t426
65215,q68_t427
65216,q68_t427
65216,q68_t428
65217,q68_t428
65217,q68_t429
65217,q75_t428
65217,q75_t429
65218,q68_t429
65218,q68_t430
65219,q68_t430
65219,q68_t431
65220,q68_t431
65220,q68_t432
65220,q76_t431
65220,q76_t432
65221,q68_t432
65221,q68_t433
65222,q68_t433
65222,q68_t434
65223,q68_t434
65223,q68_t435
65223,q77_t434
65223,q77_t435
65224,q68_t435
65224,q68_t436
65225,q68_t436
65225,q68_t437
65226,q68_t437
65226,q68_t438
65226,q78_t437
65226,q78_t438
65227,q68_t438
65227,q68_t439
65228,q68_t439
65228,q68_t440
65229,q68_t440
65229,q68_t441
65229,q79_t440
65229,q79_t441
65230,q68_t441
65230,q68_t442
65231,q68_t442
65231,q68_t443
65232,q68_t443
65232,q68_t444
65232,q80_t443
65232,q80_t444
65233,q68_t444
65233,q68_t445
65234,q68_t445
65234,q68_t446
65235,q68_t446
65235,q68_t447
65235,q81_t446
65235,q81_t447
65236,q68_t447
65236,q68_t448
65237,q68_t448
65237,q68_t449
65238,q68_t449
65238,q68_t450
65238,q82_t449
65238,q82_t450
65239,q68_t450
65239,q68_t451
65240,q68_t451
65240,q68_t452
65241,q68_t452
65241,q68_t453
65241,q83_t452
65241,q83_t453
65242,q68_t453
65242,q68_t454
65243,q68_t454
65243,q68_t455
65244,q68_t455
65244,q68_t456
65244,q84_t455
65244,q84_t456
65245,q68_t456
65245,q68_t457
65246,q68_t457
65246,q68_t458
65247,q68_t458
65247,q68_t459
65247,q85_t458
65247,q85_t459
65248,q68_t459
65248,q68_t460
65249,q68_t460
65249,q68_t461
65250,q68_t461
65250,q68_t462
65250,q86_t461
65250,q86_t462
65251,q68_t462
65251,q68_t463
65252,q68_t463
65252,q68_t464
65253,q68_t464
65253,q68_t465
65253,q87_t464
65253,q87_t465
65254,q68_t465
65254,q68_t466
65255,q68_t466
65255,q68_t467
65256,q68_t467
65256,q68_t468
65256,q88_t467
65256,q88_t468
65257,q68_t468
65257,q68_t469
65258,q68_t469
65258,q68_t470
65259,q68_t470
65259,q68_t471
65259,q89_t470
65259,q89_t471
65260,q68_t471
65260,q68_t472
65261,q68_t472
65261,q68_t473
65262,q68_t473
65262,q68_t474
65262,q90_t473
65262,q90_t474
65263,q68_t474
65263,q68_t475
65264,q68_t475
65264,q68_t476
65265,q68_t476
65265,q68_t477
65265,q91_t476
65265,q91_t477
65266,q68_t477
65266,q68_t478
65267,q68_t478
65267,q68_t479
65268,q68_t479
65268,q68_t480
65268,q92_t479
65268,q92_t480
65269,q68_t480
65269,q68_t481
65270,q68_t481
65270,q68_t482
65271,q68_t482
65271,q68_t483
65271,q93_t482
65271,q93_t483
65272,q68_t483
65272,q68_t484
65273,q68_t484
65273,q68_t485
65274,q68_t485
65274,q68_t486
65274,q94_t485
65274,q94_t486
65275,q68_t486
65275,q68_t487
65276,q68_t487
65276,q68_t488
65277,q68_t488
65277,q68_t489
65277,q95_t488
65277,q95_t489
65278,q68_t489
65278,q68_t490
65279,q68_t490
65279,q68_t491
65280,q68_t491
65280,q68_t492
65280,q96_t491
65280,q96_t492
65281,q68_t492
65281,q68_t493
65282,q68_t493
65282,q68_t494
65283,q68_t494
65283,q68_t495
65283,q97_t494
65283,q97_t495
65284,q68_t495
65284,q68_t496
65285,q68_t496
65285,q68_t497
65286,q68_t497
65286,q68_t498
65286,q98_t497
65286,q98_t498
65287,q68_t498
65287,q68_t499
65288,q68_t499
65288,q68_t500
65289,q68_t500
65289,q68_t501
65289,q99_t500
65289,q99_t501
65290,q68_t501
65290,q68_t502
65291,q68_t502
65291,q68_t503
65292,q68_t504
65292,q68_t505
65293,q68_t505
65293,q68_t506
65294,q68_t507
65294,q68_t508
65295,q68_t508
65295,q68_t509
65296,q68_t510
65296,q68_t511
65297,q68_t511
65297,q68_t512
65298,q68_t513
65298,q68_t514
65299,q68_t514
65299,q68_t515
65300,q68_t516
65300,q68_t517
65301,q68_t517
65301,q68_t518
65302,q68_t519
65302,q68_t520
65303,q68_t520
65303,q68_t521
65304,q68_t522
65304,q68_t523
65305,q68_t523
65305,q68_t524
65306,q68_t525
65306,q68_t526
65307,q68_t526
65307,q68_t527
65308,q68_t528
65308,q68_t529
65309,q68_t529
65309,q68_t530
65310,q68_t531
65310,q68_t532
65311,q68_t532
65311,q68_t533
65312,q68_t533
65312,q68_t534
65313,q68_t535
65313,q68_t536
65314,q68_t536
65314,q68_t537
65315,q68_t538
65315,q68_t539
65316,q68_t539
65316,q68_t540
65317,q68_t541
65317,q68_t542
65318,q68_t542
65318,q68_t543
65319,q68_t544
65319,q68_t545
65320,q68_t545
65320,q68_t546
65321,q68_t547
65321,q68_t548
65322,q68_t548
65322,q68_t549
65323,q68_t550
65323,q68_t551
65324,q68_t551
65324,q68_t552
65325,q68_t552
65325,q68_t553
65325,q6_t552
65325,q6_t553
65326,q68_t553
65326,q68_t554
65327,q68_t554
65327,q68_t555
65328,q68_t555
65328,q68_t556
65328,q7_t555
65328,q7_t556
65329,q68_t556
65329,q68_t557
65330,q68_t557
65330,q68_t558
65331,q68_t558
65331,q68_t559
65331,q8_t558
65331,q8_t559
65332,q68_t559
65332,q68_t560
65333,q68_t560
65333,q68_t561
65334,q68_t561
65334,q68_t562
65334,q9_t561
65334,q9_t562
65335,q68_t562
65335,q68_t563
65336,q68_t563
65336,q68_t564
65337,q68_t565
65337,q68_t566
65338,q68_t566
65338,q68_t567
65339,q68_t568
65339,q68_t569
65340,q68_t569
65340,q68_t570
65341,q68_t571
65341,q68_t572
65342,q68_t572
65342,q68_t573
65343,q68_t574
65343,q68_t575
65344,q68_t575
65344,q68_t576
65345,q68_t577
65345,q68_t578
65346,q68_t578
65346,q68_t579
65347,q68_t580
65347,q68_t581
65348,q68_t581
65348,q68_t582
65349,q68_t583
65349,q68_t584
65350,q68_t584
65350,q68_t585
65351,q68_t586
65351,q68_t587
65352,q68_t587
65352,q68_t588
65353,q68_t589
65353,q68_t590
65354,q68_t590
65354,q68_t591
65355,q68_t592
65355,q68_t593
65356,q68_t593
65356,q68_t594
65357,q68_t595
65357,q68_t596
65358,q68_t596
65358,q68_t597
65359,q68_t598
65359,q68_t599
65360,q68_t599
65360,q68_t600
65361,q68_t601
65361,q68_t602
65362,q68_t602
65362,q68_t603
65363,q68_t604
65363,q68_t605
65364,q68_t605
65364,q68_t606
65365,q68_t607
65365,q68_t608
65366,q68_t608
65366,q68_t609
65367,q68_t610
65367,q68_t611
65368,q68_t611
65368,q68_t612
65369,q68_t613
65369,q68_t614
65370,q68_t614
65370,q68_t615
65371,q68_t616
65371,q68_t617
65372,q68_t617
65372,q68_t618
65373,q68_t619
65373,q68_t620
65374,q68_t620
65374,q68_t621
65375,q68_t622
65375,q68_t623
65376,q68_t623
65376,q68_t624
65377,q68_t625
65377,q68_t626
65378,q68_t626
65378,q68_t627
65379,q68_t628
65379,q68_t629
65380,q68_t629
65380,q68_t630
65381,q68_t631
65381,q68_t632
65382,q68_t632
65382,q68_t633
65383,q68_t634
65383,q68_t635
65384,q68_t635
65384,q68_t636
65385,q68_t637
65385,q68_t638
65386,q68_t638
65386,q68_t639
65387,q68_t640
65387,q68_t641
65388,q68_t641
65388,q68_t642
65389,q68_t643
65389,q68_t644
65390,q68_t644
65390,q68_t645
65391,q68_t646
65391,q68_t647
65392,q68_t647
65392,q68_t648
65393,q68_t649
65393,q68_t650
65394,q68_t650
65394,q68_t651
65395,q68_t652
65395,q68_t653
65396,q68_t653
65396,q68_t654
65397,q68_t655
65397,q68_t656
65398,q68_t656
65398,q68_t657
65399,q68_t658
65399,q68_t659
65400,q68_t659
65400,q68_t660
65401,q68_t661
65401,q68_t662
65402,q68_t662
65402,q68_t663
65403,q68_t664
65403,q68_t665
65404,q68_t665
65404,q68_t666
65405,q68_t667
65405,q68_t668
65406,q68_t668
65406,q68_t669
65407,q68_t670
65407,q68_t671
65408,q68_t671
65408,q68_t672
65409,q68_t673
65409,q68_t674
65410,q68_t674
65410,q68_t675
65411,q68_t676
65411,q68_t677
65412,q68_t677
65412,q68_t678
65413,q68_t679
65413,q68_t680
65414,q68_t680
65414,q68_t681
65415,q68_t682
65415,q68_t683
65416,q68_t683
65416,q68_t684
65417,q68_t685
65417,q68_t686
65418,q68_t686
65418,q68_t687
65419,q68_t688
65419,q68_t689
65420,q68_t689
65420,q68_t690
65421,q68_t691
65421,q68_t692
65422,q68_t692
65422,q68_t693
65423,q68_t694
65423,q68_t695
65424,q68_t695
65424,q68_t696
65425,q68_t697
65425,q68_t698
65426,q68_t698
65426,q68_t699
65427,q68_t700
65427,q68_t701
65428,q68_t701
65428,q68_t702
65429,q68_t703
65429,q68_t704
65430,q68_t704
65430,q68_t705
65431,q68_t706
65431,q68_t707
65432,q68_t707
65432,q68_t708
65433,q68_t709
65433,q68_t710
65434,q68_t710
65434,q68_t711
65435,q68_t712
65435,q68_t713
65436,q68_t713
65436,q68_t714
65437,q68_t715
65437,q68_t716
65438,q68_t716
65438,q68_t717
65439,q68_t718
65439,q68_t719
65440,q68_t719
65440,q68_t720
65441,q68_t721
65441,q68_t722
65442,q68_t722
65442,q68_t723
65443,q68_t724
65443,q68_t725
65444,q68_t725
65444,q68_t726
65445,q68_t727
65445,q68_t728
65446,q68_t728
65446,q68_t729
65447,q68_t730
65447,q68_t731
65448,q68_t731
65448,q68_t732
65449,q68_t733
65449,q68_t734
65450,q68_t734
65450,q68_t735
65451,q68_t736
65451,q68_t737
65452,q68_t737
65452,q68_t741
65453,q68_t741
65453,q68_t742
65453,q69_t741
65453,q69_t742
65454,q68_t742
65454,q68_t743
65455,q68_t743
65455,q68_t744
65456,q68_t744
65456,q68_t745
65456,q70_t744
65456,q70_t745
65457,q68_t745
65457,q68_t746
65458,q68_t746
65458,q68_t747
65459,q68_t747
65459,q68_t748
65459,q71_t747
65459,q71_t748
65460,q68_t748
65460,q68_t749
65461,q68_t749
65461,q68_t750
65462,q68_t750
65462,q68_t751
65462,q72_t750
65462,q72_t751
65463,q68_t751
65463,q68_t752
65464,q68_t752
65464,q68_t753
65465,q68_t753
65465,q68_t754
65465,q73_t753
65465,q73_t754
65466,q68_t754
65466,q68_t755
65467,q68_t755
65467,q68_t756
65468,q68_t756
65468,q68_t757
65468,q74_t756
65468,q74_t757
65469,q68_t757
65469,q68_t758
65470,q68_t758
65470,q68_t759
65471,q68_t759
65471,q68_t760
65471,q75_t759
65471,q75_t760
65472,q68_t760
65472,q68_t761
65473,q68_t761
65473,q68_t762
65474,q68_t762
65474,q68_t763
65474,q76_t762
65474,q76_t763
65475,q68_t763
65475,q68_t764
65476,q68_t764
65476,q68_t765
65477,q68_t765
65477,q68_t766
65477,q77_t765
65477,q77_t766
65478,q68_t766
65478,q68_t767
65479,q68_t767
65479,q68_t768
65480,q68_t768
65480,q68_t769
65480,q78_t768
65480,q78_t769
65481,q68_t769
65481,q68_t770
65482,q68_t770
65482,q68_t771
65483,q68_t771
65483,q68_t772
65483,q79_t771
65483,q79_t772
65484,q68_t772
65484,q68_t773
65485,q68_t773
65485,q68_t774
65486,q68_t774
65486,q68_t775
65486,q80_t774
65486,q80_t775
65487,q68_t775
65487,q68_t776
65488,q68_t776
65488,q68_t777
65489,q68_t777
65489,q68_t778
65489,q81_t777
65489,q81_t778
65490,q68_t778
65490,q68_t779
65491,q68_t779
65491,q68_t780
65492,q68_t780
65492,q68_t781
65492,q82_t780
65492,q82_t781
65493,q68_t781
65493,q68_t782
65494,q68_t782
65494,q68_t783
65495,q68_t783
65495,q68_t784
65495,q83_t783
65495,q83_t784
65496,q68_t784
65496,q68_t785
65497,q68_t785
65497,q68_t786
65498,q68_t786
65498,q68_t787
65498,q84_t786
65498,q84_t787
65499,q68_t787
65499,q68_t788
65500,q68_t788
65500,q68_t789
65501,q68_t789
65501,q68_t790
65501,q85_t789
65501,q85_t790
65502,q68_t790
65502,q68_t791
65503,q68_t791
65503,q68_t792
65504,q68_t792
65504,q68_t793
65504,q86_t792
65504,q86_t793
65505,q68_t793
65505,q68_t794
65506,q68_t794
65506,q68_t795
65507,q68_t795
65507,q68_t796
65507,q87_t795
65507,q87_t796
65508,q68_t796
65508,q68_t797
65509,q68_t797
65509,q68_t798
65510,q68_t798
65510,q68_t799
65510,q88_t798
65510,q88_t799
65511,q68_t799
65511,q68_t800
65512,q68_t800
65512,q68_t801
65513,q68_t801
65513,q68_t802
65513,q89_t801
65513,q89_t802
65514,q68_t802
65514,q68_t803
65515,q68_t803
65515,q68_t804
65516,q68_t804
65516,q68_t805
65516,q90_t804
65516,q90_t805
65517,q68_t805
65517,q68_t806
65518,q68_t806
65518,q68_t807
65519,q68_t807
65519,q68_t808
65519,q91_t807
65519,q91_t808
65520,q68_t808
65520,q68_t809
65521,q68_t809
65521,q68_t810
65522,q68_t810
65522,q68_t811
65522,q92_t810
65522,q92_t811
65523,q68_t811
65523,q68_t812
65524,q68_t812
65524,q68_t813
65525,q68_t813
65525,q68_t814
65525,q93_t813
65525,q93_t814
65526,q68_t814
65526,q68_t815
65527,q68_t815
65527,q68_t816
65528,q68_t816
65528,q68_t817
65528,q94_t816
65528,q94_t817
65529,q68_t817
65529,q68_t818
65530,q68_t818
65530,q68_t819
65531,q68_t819
65531,q68_t820
65531,q95_t819
65531,q95_t820
65532,q68_t820
65532,q68_t821
65533,q68_t821
65533,q68_t822
65534,q68_t822
65534,q68_t823
65534,q96_t822
65534,q96_t823
65535,q68_t823
65535,q68_t824
65536,q68_t824
65536,q68_t825
65537,q68_t825
65537,q68_t826
65537,q97_t825
65537,q97_t826
65538,q68_t826
65538,q68_t827
65539,q68_t827
65539,q68_t828
65540,q68_t828
65540,q68_t829
65540,q98_t828
65540,q98_t829
65541,q68_t829
65541,q68_t830
65542,q68_t830
65542,q68_t831
65543,q68_t831
65543,q68_t832
65543,q99_t831
65543,q99_t832
65544,q68_t832
65544,q68_t833
65545,q68_t833
65545,q68_t834
65546,q68_t835
65546,q68_t836
65547,q68_t836
65547,q68_t837
65548,q68_t838
65548,q68_t839
65549,q68_t839
65549,q68_t840
65550,q68_t841
65550,q68_t842
65551,q68_t842
65551,q68_t843
65552,q68_t844
65552,q68_t845
65553,q68_t845
65553,q68_t846
65554,q68_t847
65554,q68_t848
65555,q68_t848
65555,q68_t849
65556,q68_t850
65556,q68_t851
65557,q68_t851
65557,q68_t852
65558,q68_t853
65558,q68_t854
65559,q68_t854
65559,q68_t855
65560,q68_t856
65560,q68_t857
65561,q68_t857
65561,q68_t858
65562,q68_t859
65562,q68_t860
65563,q68_t860
65563,q68_t861
65564,q68_t862
65564,q68_t863
65565,q68_t863
65565,q68_t864
65566,q68_t864
65566,q68_t865
65567,q68_t866
65567,q68_t867
65568,q68_t867
65568,q68_t868
65569,q68_t869
65569,q68_t870
65570,q68_t870
65570,q68_t871
65571,q68_t872
65571,q68_t873
65572,q68_t873
65572,q68_t874
65573,q68_t875
65573,q68_t876
65574,q68_t876
65574,q68_t877
65575,q68_t878
65575,q68_t879
65576,q68_t879
65576,q68_t880
65577,q68_t881
65577,q68_t882
65578,q68_t882
65578,q68_t883
65579,q68_t883
65579,q68_t884
65579,q6_t883
65579,q6_t884
65580,q68_t884
65580,q68_t885
65581,q68_t885
65581,q68_t886
65582,q68_t886
65582,q68_t887
65582,q7_t886
65582,q7_t887
65583,q68_t887
65583,q68_t888
65584,q68_t888
65584,q68_t889
65585,q68_t889
65585,q68_t890
65585,q8_t889
65585,q8_t890
65586,q68_t890
65586,q68_t891
65587,q68_t891
65587,q68_t892
65588,q68_t892
65588,q68_t893
65588,q9_t892
65588,q9_t893
65589,q68_t893
65589,q68_t894
65590,q68_t894
65590,q68_t895
65591,q68_t896
65591,q68_t897
65592,q68_t897
65592,q68_t898
65593,q68_t899
65593,q68_t900
65594,q68_t900
65594,q68_t901
65595,q68_t902
65595,q68_t903
65596,q68_t903
65596,q68_t904
65597,q68_t905
65597,q68_t906
65598,q68_t906
65598,q68_t907
65599,q68_t908
65599,q68_t909
65600,q68_t909
65600,q68_t910
65601,q68_t911
65601,q68_t912
65602,q68_t912
65602,q68_t913
65603,q68_t914
65603,q68_t915
65604,q68_t915
65604,q68_t916
65605,q68_t917
65605,q68_t918
65606,q68_t918
65606,q68_t919
65607,q68_t920
65607,q68_t921
65608,q68_t921
65608,q68_t922
65609,q68_t923
65609,q68_t924
65610,q68_t924
65610,q68_t925
65611,q68_t926
65611,q68_t927
65612,q68_t927
65612,q68_t928
65613,q68_t929
65613,q68_t930
65614,q68_t930
65614,q68_t931
65615,q68_t932
65615,q68_t933
65616,q68_t933
65616,q68_t934
65617,q68_t935
65617,q68_t936
65618,q68_t936
65618,q68_t937
65619,q68_t938
65619,q68_t939
65620,q68_t939
65620,q68_t940
65621,q68_t941
65621,q68_t942
65622,q68_t942
65622,q68_t943
65623,q68_t944
65623,q68_t945
65624,q68_t945
65624,q68_t946
65625,q68_t947
65625,q68_t948
65626,q68_t948
65626,q68_t949
65627,q68_t950
65627,q68_t951
65628,q68_t951
65628,q68_t952
65629,q68_t953
65629,q68_t954
65630,q68_t954
65630,q68_t955
65631,q68_t956
65631,q68_t957
65632,q68_t957
65632,q68_t958
65633,q68_t959
65633,q68_t960
65634,q68_t960
65634,q68_t961
65635,q68_t962
65635,q68_t963
65636,q68_t963
65636,q68_t964
65637,q68_t965
65637,q68_t966
65638,q68_t966
65638,q68_t967
65639,q68_t968
65639,q68_t969
65640,q68_t969
65640,q68_t970
65641,q68_t971
65641,q68_t972
65642,q68_t972
65642,q68_t973
65643,q68_t974
65643,q68_t975
65644,q68_t975
65644,q68_t976
65645,q68_t977
65645,q68_t978
65646,q68_t978
65646,q68_t979
65647,q68_t980
65647,q68_t981
65648,q68_t981
65648,q68_t982
65649,q68_t983
65649,q68_t984
65650,q68_t984
65650,q68_t985
65651,q68_t986
65651,q68_t987
65652,q68_t987
65652,q68_t988
65653,q68_t989
65653,q68_t990
65654,q68_t990
65654,q68_t991
65655,q68_t992
65655,q68_t993
65656,q68_t993
65656,q68_t994
65657,q68_t995
65657,q68_t996
65658,q68_t996
65658,q68_t997
65659,q68_t998
65659,q68_t999
65660,q69_t0
65660,q69_t1
65661,q69_t1
65661,q69_t206
65662,q69_t1000
65662,q69_t999
65663,q69_t1001
65663,q69_t1002
65664,q69_t1002
65664,q69_t1003
65665,q69_t1004
65665,q69_t1005
65666,q69_t1005
65666,q69_t1006
65667,q69_t1007
65667,q69_t1008
65668,q69_t1008
65668,q69_t1009
65669,q69_t1010
65669,q69_t1011
65670,q69_t1011
65670,q69_t1012
65671,q69_t1013
65671,q69_t1014
65672,q69_t1014
65672,q69_t1015
65673,q69_t1016
65673,q69_t1017
65674,q69_t1017
65674,q69_t1018
65675,q69_t1019
65675,q69_t1020
65676,q69_t1020
65676,q69_t1021
65677,q69_t1022
65677,q69_t1023
65678,q69_t1023
65678,q69_t1024
65679,q69_t1025
65679,q69_t1026
65680,q69_t1026
65680,q69_t1027
65681,q69_t1028
65681,q69_t1029
65682,q69_t1029
65682,q69_t1030
65683,q69_t1031
65683,q69_t1032
65684,q69_t1032
65684,q69_t1033
65685,q69_t1034
65685,q69_t1035
65686,q69_t1035
65686,q69_t1036
65687,q69_t1037
65687,q69_t1038
65688,q69_t1038
65688,q69_t1039
65689,q69_t1040
65689,q69_t1041
65690,q69_t1041
65690,q69_t1042
65691,q69_t1043
65691,q69_t1044
65692,q69_t1044
65692,q69_t1045
65693,q69_t1046
65693,q69_t1047
65694,q69_t1047
65694,q69_t1048
65695,q69_t1049
65695,q69_t1050
65696,q69_t1050
65696,q69_t1051
65697,q69_t1052
65697,q69_t1053
65698,q69_t1053
65698,q69_t1054
65699,q69_t1055
65699,q69_t1056
65700,q69_t1056
65700,q69_t1057
65701,q69_t1058
65701,q69_t1059
65702,q69_t1059
65702,q69_t1060
65703,q69_t1061
65703,q69_t1062
65704,q69_t1062
65704,q69_t1063
65705,q69_t1064
65705,q69_t1065
65706,q69_t1065
65706,q69_t1066
65707,q69_t1067
65707,q69_t1068
65708,q69_t1068
65708,q69_t1069
65709,q69_t1070
65709,q69_t1071
65710,q69_t1071
65710,q69_t1072
65711,q69_t1073
65711,q69_t1074
65712,q69_t1074
65712,q69_t1078
65713,q69_t1078
65713,q69_t1079
65713,q70_t1078
65713,q70_t1079
65714,q69_t1079
65714,q69_t1080
65715,q69_t1080
65715,q69_t1081
65716,q69_t1081
65716,q69_t1082
65716,q71_t1081
65716,q71_t1082
65717,q69_t1082
65717,q69_t1083
65718,q69_t1083
65718,q69_t1084
65719,q69_t1084
65719,q69_t1085
65719,q72_t1084
65719,q72_t1085
65720,q69_t1085
65720,q69_t1086
65721,q69_t1086
65721,q69_t1087
65722,q69_t1087
65722,q69_t1088
65722,q73_t1087
65722,q73_t1088
65723,q69_t1088
65723,q69_t1089
65724,q69_t1089
65724,q69_t1090
65725,q69_t1090
65725,q69_t1091
65725,q74_t1090
65725,q74_t1091
65726,q69_t1091
65726,q69_t1092
65727,q69_t1092
65727,q69_t1093
65728,q69_t1093
65728,q69_t1094
65728,q75_t1093
65728,q75_t1094
65729,q69_t1094
65729,q69_t1095
65730,q69_t1095
65730,q69_t1096
65731,q69_t1096
65731,q69_t1097
65731,q76_t1096
65731,q76_t1097
65732,q69_t1097
65732,q69_t1098
65733,q69_t1098
65733,q69_t1099
65734,q69_t1099
65734,q69_t1100
65734,q77_t1099
65734,q77_t1100
65735,q69_t1100
65735,q69_t1101
65736,q69_t1101
65736,q69_t1102
65737,q69_t1102
65737,q69_t1103
65737,q78_t1102
65737,q78_t1103
65738,q69_t1103
65738,q69_t1104
65739,q69_t1104
65739,q69_t1105
65740,q69_t1105
65740,q69_t1106
65740,q79_t1105
65740,q79_t1106
65741,q69_t1106
65741,q69_t1107
65742,q69_t1107
65742,q69_t1108
65743,q69_t1108
65743,q69_t1109
65743,q80_t1108
65743,q80_t1109
65744,q69_t1109
65744,q69_t1110
65745,q69_t1110
65745,q69_t1111
65746,q69_t1111
65746,q69_t1112
65746,q81_t1111
65746,q81_t1112
65747,q69_t1112
65747,q69_t1113
65748,q69_t1113
65748,q69_t1114
65749,q69_t1114
65749,q69_t1115
65749,q82_t1114
65749,q82_t1115
65750,q69_t1115
65750,q69_t1116
65751,q69_t1116
65751,q69_t1117
65752,q69_t1117
65752,q69_t1118
65752,q83_t1117
65752,q83_t1118
65753,q69_t1118
65753,q69_t1119
65754,q69_t1119
65754,q69_t1120
65755,q69_t1120
65755,q69_t1121
65755,q84_t1120
65755,q84_t1121
65756,q69_t1121
65756,q69_t1122
65757,q69_t1122
65757,q69_t1123
65758,q69_t1123
65758,q69_t1124
65758,q85_t1123
65758,q85_t1124
65759,q69_t1124
65759,q69_t1125
65760,q69_t1125
65760,q69_t1126
65761,q69_t1126
65761,q69_t1127
65761,q86_t1126
65761,q86_t1127
65762,q69_t1127
65762,q69_t1128
65763,q69_t1128
65763,q69_t1129
65764,q69_t1129
65764,q69_t1130
65764,q87_t1129
65764,q87_t1130
65765,q69_t1130
65765,q69_t1131
65766,q69_t1131
65766,q69_t1132
65767,q69_t1132
65767,q69_t1133
65767,q88_t1132
65767,q88_t1133
65768,q69_t1133
65768,q69_t1134
65769,q69_t1134
65769,q69_t1135
65770,q69_t1135
65770,q69_t1136
65770,q89_t1135
65770,q89_t1136
65771,q69_t1136
65771,q69_t1137
65772,q69_t1137
65772,q69_t1138
65773,q69_t1138
65773,q69_t1139
65773,q90_t1138
65773,q90_t1139
65774,q69_t1139
65774,q69_t1140
65775,q69_t1140
65775,q69_t1141
65776,q69_t1141
65776,q69_t1142
65776,q91_t1141
65776,q91_t1142
65777,q69_t1142
65777,q69_t1143
65778,q69_t1143
65778,q69_t1144
65779,q69_t1144
65779,q69_t1145
65779,q92_t1144
65779,q92_t1145
65780,q69_t1145
65780,q69_t1146
65781,q69_t1146
65781,q69_t1147
65782,q69_t1147
65782,q69_t1148
65782,q93_t1147
65782,q93_t1148
65783,q69_t1148
65783,q69_t1149
65784,q69_t1149
65784,q69_t1150
65785,q69_t1150
65785,q69_t1151
65785,q94_t1150
65785,q94_t1151
65786,q69_t1151
65786,q69_t1152
65787,q69_t1152
65787,q69_t1153
65788,q69_t1153
65788,q69_t1154
65788,q95_t1153
65788,q95_t1154
65789,q69_t1154
65789,q69_t1155
65790,q69_t1155
65790,q69_t1156
65791,q69_t1156
65791,q69_t1157
65791,q96_t1156
65791,q96_t1157
65792,q69_t1157
65792,q69_t1158
65793,q69_t1158
65793,q69_t1159
65794,q69_t1159
65794,q69_t1160
65794,q97_t1159
65794,q97_t1160
65795,q69_t1160
65795,q69_t1161
65796,q69_t1161
65796,q69_t1162
65797,q69_t1162
65797,q69_t1163
65797,q98_t1162
65797,q98_t1163
65798,q69_t1163
65798,q69_t1164
65799,q69_t1164
65799,q69_t1165
65800,q69_t1165
65800,q69_t1166
65800,q99_t1165
65800,q99_t1166
65801,q69_t1166
65801,q69_t1167
65802,q69_t1167
65802,q69_t1168
65803,q69_t1169
65803,q69_t1170
65804,q69_t1170
65804,q69_t1171
65805,q69_t1172
65805,q69_t1173
65806,q69_t1173
65806,q69_t1174
65807,q69_t1175
65807,q69_t1176
65808,q69_t1176
65808,q69_t1177
65809,q69_t1178
65809,q69_t1179
65810,q69_t1179
65810,q69_t1180
65811,q69_t1181
65811,q69_t1182
65812,q69_t1182
65812,q69_t1183
65813,q69_t1184
65813,q69_t1185
65814,q69_t1185
65814,q69_t1186
65815,q69_t1187
65815,q69_t1188
65816,q69_t1188
65816,q69_t1189
65817,q69_t1190
65817,q69_t1191
65818,q69_t1191
65818,q69_t1192
65819,q69_t1193
65819,q69_t1194
65820,q69_t1194
65820,q69_t1195
65821,q69_t1196
65821,q69_t1197
65822,q69_t1197
65822,q69_t1198
65823,q69_t207
65823,q69_t208
65824,q69_t208
65824,q69_t209
65825,q69_t210
65825,q69_t211
65826,q69_t211
65826,q69_t212
65827,q69_t213
65827,q69_t214
65828,q69_t214
65828,q69_t215
65829,q69_t216
65829,q69_t217
65830,q69_t217
65830,q69_t218
65831,q69_t219
65831,q69_t220
65832,q69_t220
65832,q69_t221
65833,q69_t222
65833,q69_t223
65834,q69_t223
65834,q69_t224
65835,q69_t224
65835,q69_t225
65835,q6_t224
65835,q6_t225
65836,q69_t225
65836,q69_t226
65837,q69_t226
65837,q69_t227
65838,q69_t227
65838,q69_t228
65838,q7_t227
65838,q7_t228
65839,q69_t228
65839,q69_t229
65840,q69_t229
65840,q69_t230
65841,q69_t230
65841,q69_t231
65841,q8_t230
65841,q8_t231
65842,q69_t231
65842,q69_t232
65843,q69_t232
65843,q69_t233
65844,q69_t233
65844,q69_t234
65844,q9_t233
65844,q9_t234
65845,q69_t234
65845,q69_t235
65846,q69_t235
65846,q69_t236
65847,q69_t237
65847,q69_t238
65848,q69_t238
65848,q69_t239
65849,q69_t240
65849,q69_t241
65850,q69_t241
65850,q69_t242
65851,q69_t243
65851,q69_t244
65852,q69_t244
65852,q69_t245
65853,q69_t246
65853,q69_t247
65854,q69_t247
65854,q69_t248
65855,q69_t249
65855,q69_t250
65856,q69_t250
65856,q69_t251
65857,q69_t252
65857,q69_t253
65858,q69_t253
65858,q69_t254
65859,q69_t255
65859,q69_t256
65860,q69_t256
65860,q69_t257
65861,q69_t258
65861,q69_t259
65862,q69_t259
65862,q69_t260
65863,q69_t261
65863,q69_t262
65864,q69_t262
65864,q69_t263
65865,q69_t264
65865,q69_t265
65866,q69_t265
65866,q69_t266
65867,q69_t267
65867,q69_t268
65868,q69_t268
65868,q69_t269
65869,q69_t270
65869,q69_t271
65870,q69_t271
65870,q69_t272
65871,q69_t273
65871,q69_t274
65872,q69_t274
65872,q69_t275
65873,q69_t276
65873,q69_t277
65874,q69_t277
65874,q69_t278
65875,q69_t279
65875,q69_t280
65876,q69_t280
65876,q69_t281
65877,q69_t282
65877,q69_t283
65878,q69_t283
65878,q69_t284
65879,q69_t285
65879,q69_t286
65880,q69_t286
65880,q69_t287
65881,q69_t288
65881,q69_t289
65882,q69_t289
65882,q69_t290
65883,q69_t291
65883,q69_t292
65884,q69_t292
65884,q69_t293
65885,q69_t294
65885,q69_t295
65886,q69_t295
65886,q69_t296
65887,q69_t297
65887,q69_t298
65888,q69_t298
65888,q69_t299
65889,q69_t300
65889,q69_t301
65890,q69_t301
65890,q69_t302
65891,q69_t303
65891,q69_t304
65892,q69_t304
65892,q69_t305
65893,q69_t306
65893,q69_t307
65894,q69_t307
65894,q69_t308
65895,q69_t309
65895,q69_t310
65896,q69_t310
65896,q69_t311
65897,q69_t312
65897,q69_t313
65898,q69_t313
65898,q69_t314
65899,q69_t315
65899,q69_t316
65900,q69_t316
65900,q69_t317
65901,q69_t318
65901,q69_t319
65902,q69_t319
65902,q69_t320
65903,q69_t321
65903,q69_t322
65904,q69_t322
65904,q69_t323
65905,q69_t324
65905,q69_t325
65906,q69_t325
65906,q69_t326
65907,q69_t327
65907,q69_t328
65908,q69_t328
65908,q69_t329
65909,q69_t330
65909,q69_t331
65910,q69_t331
65910,q69_t332
65911,q69_t333
65911,q69_t334
65912,q69_t334
65912,q69_t335
65913,q69_t336
65913,q69_t337
65914,q69_t337
65914,q69_t338
65915,q69_t339
65915,q69_t340
65916,q69_t340
65916,q69_t341
65917,q69_t342
65917,q69_t343
65918,q69_t343
65918,q69_t344
65919,q69_t345
65919,q69_t346
65920,q69_t346
65920,q69_t347
65921,q69_t348
65921,q69_t349
65922,q69_t349
65922,q69_t350
65923,q69_t351
65923,q69_t352
65924,q69_t352
65924,q69_t353
65925,q69_t354
65925,q69_t355
65926,q69_t355
65926,q69_t356
65927,q69_t357
65927,q69_t358
65928,q69_t358
65928,q69_t359
65929,q69_t360
65929,q69_t361
65930,q69_t361
65930,q69_t362
65931,q69_t363
65931,q69_t364
65932,q69_t364
65932,q69_t365
65933,q69_t366
65933,q69_t367
65934,q69_t367
65934,q69_t368
65935,q69_t369
65935,q69_t370
65936,q69_t370
65936,q69_t371
65937,q69_t372
65937,q69_t373
65938,q69_t373
65938,q69_t374
65939,q69_t375
65939,q69_t376
65940,q69_t376
65940,q69_t377
65941,q69_t378
65941,q69_t379
65942,q69_t379
65942,q69_t380
65943,q69_t381
65943,q69_t382
65944,q69_t382
65944,q69_t383
65945,q69_t384
65945,q69_t385
65946,q69_t385
65946,q69_t386
65947,q69_t387
65947,q69_t388
65948,q69_t388
65948,q69_t389
65949,q69_t390
65949,q69_t391
65950,q69_t391
65950,q69_t392
65951,q69_t393
65951,q69_t394
65952,q69_t394
65952,q69_t395
65953,q69_t396
65953,q69_t397
65954,q69_t397
65954,q69_t398
65955,q69_t399
65955,q69_t400
65956,q69_t400
65956,q69_t401
65957,q69_t402
65957,q69_t403
65958,q69_t403
65958,q69_t404
65959,q69_t405
65959,q69_t406
65960,q69_t406
65960,q69_t407
65961,q69_t408
65961,q69_t409
65962,q69_t409
65962,q69_t410
65963,q69_t411
65963,q69_t412
65964,q69_t412
65964,q69_t416
65965,q69_t416
65965,q69_t417
65965,q70_t416
65965,q70_t417
65966,q69_t417
65966,q69_t418
65967,q69_t418
65967,q69_t419
65968,q69_t419
65968,q69_t420
65968,q71_t419
65968,q71_t420
65969,q69_t420
65969,q69_t421
65970,q69_t421
65970,q69_t422
65971,q69_t422
65971,q69_t423
65971,q72_t422
65971,q72_t423
65972,q69_t423
65972,q69_t424
65973,q69_t424
65973,q69_t425
65974,q69_t425
65974,q69_t426
65974,q73_t425
65974,q73_t426
65975,q69_t426
65975,q69_t427
65976,q69_t427
65976,q69_t428
65977,q69_t428
65977,q69_t429
65977,q74_t428
65977,q74_t429
65978,q69_t429
65978,q69_t430
65979,q69_t430
65979,q69_t431
65980,q69_t431
65980,q69_t432
65980,q75_t431
65980,q75_t432
65981,q69_t432
65981,q69_t433
65982,q69_t433
65982,q69_t434
65983,q69_t434
65983,q69_t435
65983,q76_t434
65983,q76_t435
65984,q69_t435
65984,q69_t436
65985,q69_t436
65985,q69_t437
65986,q69_t437
65986,q69_t438
65986,q77_t437
65986,q77_t438
65987,q69_t438
65987,q69_t439
65988,q69_t439
65988,q69_t440
65989,q69_t440
65989,q69_t441
65989,q78_t440
65989,q78_t441
65990,q69_t441
65990,q69_t442
65991,q69_t442
65991,q69_t443
65992,q69_t443
65992,q69_t444
65992,q79_t443
65992,q79_t444
65993,q69_t444
65993,q69_t445
65994,q69_t445
65994,q69_t446
65995,q69_t446
65995,q69_t447
65995,q80_t446
65995,q80_t447
65996,q69_t447
65996,q69_t448
65997,q69_t448
65997,q69_t449
65998,q69_t449
65998,q69_t450
65998,q81_t449
65998,q81_t450
65999,q69_t450
65999,q69_t451
66000,q69_t451
66000,q69_t452
66001,q69_t452
66001,q69_t453
66001,q82_t452
66001,q82_t453
66002,q69_t453
66002,q69_t454
66003,q69_t454
66003,q69_t455
66004,q69_t455
66004,q69_t456
66004,q83_t455
66004,q83_t456
66005,q69_t456
66005,q69_t457
66006,q69_t457
66006,q69_t458
66007,q69_t458
66007,q69_t459
66007,q84_t458
66007,q84_t459
66008,q69_t459
66008,q69_t460
66009,q69_t460
66009,q69_t461
66010,q69_t461
66010,q69_t462
66010,q85_t461
66010,q85_t462
66011,q69_t462
66011,q69_t463
66012,q69_t463
66012,q69_t464
66013,q69_t464
66013,q69_t465
66013,q86_t464
66013,q86_t465
66014,q69_t465
66014,q69_t466
66015,q69_t466
66015,q69_t467
66016,q69_t467
66016,q69_t468
66016,q87_t467
66016,q87_t468
66017,q69_t468
66017,q69_t469
66018,q69_t469
66018,q69_t470
66019,q69_t470
66019,q69_t471
66019,q88_t470
66019,q88_t471
66020,q69_t471
66020,q69_t472
66021,q69_t472
66021,q69_t473
66022,q69_t473
66022,q69_t474
66022,q89_t473
66022,q89_t474
66023,q69_t474
66023,q69_t475
66024,q69_t475
66024,q69_t476
66025,q69_t476
66025,q69_t477
66025,q90_t476
66025,q90_t477
66026,q69_t477
66026,q69_t478
66027,q69_t478
66027,q69_t479
66028,q69_t479
66028,q69_t480
66028,q91_t479
66028,q91_t480
66029,q69_t480
66029,q69_t481
66030,q69_t481
66030,q69_t482
66031,q69_t482
66031,q69_t483
66031,q92_t482
66031,q92_t483
66032,q69_t483
66032,q69_t484
66033,q69_t484
66033,q69_t485
66034,q69_t485
66034,q69_t486
66034,q93_t485
66034,q93_t486
66035,q69_t486
66035,q69_t487
66036,q69_t487
66036,q69_t488
66037,q69_t488
66037,q69_t489
66037,q94_t488
66037,q94_t489
66038,q69_t489
66038,q69_t490
66039,q69_t490
66039,q69_t491
66040,q69_t491
66040,q69_t492
66040,q95_t491
66040,q95_t492
66041,q69_t492
66041,q69_t493
66042,q69_t493
66042,q69_t494
66043,q69_t494
66043,q69_t495
66043,q96_t494
66043,q96_t495
66044,q69_t495
66044,q69_t496
66045,q69_t496
66045,q69_t497
66046,q69_t497
66046,q69_t498
66046,q97_t497
66046,q97_t498
66047,q69_t498
66047,q69_t499
66048,q69_t499
66048,q69_t500
66049,q69_t500
66049,q69_t501
66049,q98_t500
66049,q98_t501
66050,q69_t501
66050,q69_t502
66051,q69_t502
66051,q69_t503
66052,q69_t503
66052,q69_t504
66052,q99_t503
66052,q99_t504
66053,q69_t504
66053,q69_t505
66054,q69_t505
66054,q69_t506
66055,q69_t507
66055,q69_t508
66056,q69_t508
66056,q69_t509
66057,q69_t510
66057,q69_t511
66058,q69_t511
66058,q69_t512
66059,q69_t513
66059,q69_t514
66060,q69_t514
66060,q69_t515
66061,q69_t516
66061,q69_t517
66062,q69_t517
66062,q69_t518
66063,q69_t519
66063,q69_t520
66064,q69_t520
66064,q69_t521
66065,q69_t522
66065,q69_t523
66066,q69_t523
66066,q69_t524
66067,q69_t525
66067,q69_t526
66068,q69_t526
66068,q69_t527
66069,q69_t528
66069,q69_t529
66070,q69_t529
66070,q69_t530
66071,q69_t531
66071,q69_t532
66072,q69_t532
66072,q69_t533
66073,q69_t534
66073,q69_t535
66074,q69_t535
66074,q69_t536
66075,q69_t536
66075,q69_t537
66076,q69_t538
66076,q69_t539
66077,q69_t539
66077,q69_t540
66078,q69_t541
66078,q69_t542
66079,q69_t542
66079,q69_t543
66080,q69_t544
66080,q69_t545
66081,q69_t545
66081,q69_t546
66082,q69_t547
66082,q69_t548
66083,q69_t548
66083,q69_t549
66084,q69_t550
66084,q69_t551
66085,q69_t551
66085,q69_t552
66086,q69_t553
66086,q69_t554
66087,q69_t554
66087,q69_t555
66088,q69_t555
66088,q69_t556
66088,q6_t555
66088,q6_t556
66089,q69_t556
66089,q69_t557
66090,q69_t557
66090,q69_t558
66091,q69_t558
66091,q69_t559
66091,q7_t558
66091,q7_t559
66092,q69_t559
66092,q69_t560
66093,q69_t560
66093,q69_t561
66094,q69_t561
66094,q69_t562
66094,q8_t561
66094,q8_t562
66095,q69_t562
66095,q69_t563
66096,q69_t563
66096,q69_t564
66097,q69_t564
66097,q69_t565
66097,q9_t564
66097,q9_t565
66098,q69_t565
66098,q69_t566
66099,q69_t566
66099,q69_t567
66100,q69_t568
66100,q69_t569
66101,q69_t569
66101,q69_t570
66102,q69_t571
66102,q69_t572
66103,q69_t572
66103,q69_t573
66104,q69_t574
66104,q69_t575
66105,q69_t575
66105,q69_t576
66106,q69_t577
66106,q69_t578
66107,q69_t578
66107,q69_t579
66108,q69_t580
66108,q69_t581
66109,q69_t581
66109,q69_t582
66110,q69_t583
66110,q69_t584
66111,q69_t584
66111,q69_t585
66112,q69_t586
66112,q69_t587
66113,q69_t587
66113,q69_t588
66114,q69_t589
66114,q69_t590
66115,q69_t590
66115,q69_t591
66116,q69_t592
66116,q69_t593
66117,q69_t593
66117,q69_t594
66118,q69_t595
66118,q69_t596
66119,q69_t596
66119,q69_t597
66120,q69_t598
66120,q69_t599
66121,q69_t599
66121,q69_t600
66122,q69_t601
66122,q69_t602
66123,q69_t602
66123,q69_t603
66124,q69_t604
66124,q69_t605
66125,q69_t605
66125,q69_t606
66126,q69_t607
66126,q69_t608
66127,q69_t608
66127,q69_t609
66128,q69_t610
66128,q69_t611
66129,q69_t611
66129,q69_t612
66130,q69_t613
66130,q69_t614
66131,q69_t614
66131,q69_t615
66132,q69_t616
66132,q69_t617
66133,q69_t617
66133,q69_t618
66134,q69_t619
66134,q69_t620
66135,q69_t620
66135,q69_t621
66136,q69_t622
66136,q69_t623
66137,q69_t623
66137,q69_t624
66138,q69_t625
66138,q69_t626
66139,q69_t626
66139,q69_t627
66140,q69_t628
66140,q69_t629
66141,q69_t629
66141,q69_t630
66142,q69_t631
66142,q69_t632
66143,q69_t632
66143,q69_t633
66144,q69_t634
66144,q69_t635
66145,q69_t635
66145,q69_t636
66146,q69_t637
66146,q69_t638
66147,q69_t638
66147,q69_t639
66148,q69_t640
66148,q69_t641
66149,q69_t641
66149,q69_t642
66150,q69_t643
66150,q69_t644
66151,q69_t644
66151,q69_t645
66152,q69_t646
66152,q69_t647
66153,q69_t647
66153,q69_t648
66154,q69_t649
66154,q69_t650
66155,q69_t650
66155,q69_t651
66156,q69_t652
66156,q69_t653
66157,q69_t653
66157,q69_t654
66158,q69_t655
66158,q69_t656
66159,q69_t656
66159,q69_t657
66160,q69_t658
66160,q69_t659
66161,q69_t659
66161,q69_t660
66162,q69_t661
66162,q69_t662
66163,q69_t662
66163,q69_t663
66164,q69_t664
66164,q69_t665
66165,q69_t665
66165,q69_t666
66166,q69_t667
66166,q69_t668
66167,q69_t668
66167,q69_t669
66168,q69_t670
66168,q69_t671
66169,q69_t671
66169,q69_t672
66170,q69_t673
66170,q69_t674
66171,q69_t674
66171,q69_t675
66172,q69_t676
66172,q69_t677
66173,q69_t677
66173,q69_t678
66174,q69_t679
66174,q69_t680
66175,q69_t680
66175,q69_t681
66176,q69_t682
66176,q69_t683
66177,q69_t683
66177,q69_t684
66178,q69_t685
66178,q69_t686
66179,q69_t686
66179,q69_t687
66180,q69_t688
66180,q69_t689
66181,q69_t689
66181,q69_t690
66182,q69_t691
66182,q69_t692
66183,q69_t692
66183,q69_t693
66184,q69_t694
66184,q69_t695
66185,q69_t695
66185,q69_t696
66186,q69_t697
66186,q69_t698
66187,q69_t698
66187,q69_t699
66188,q69_t700
66188,q69_t701
66189,q69_t701
66189,q69_t702
66190,q69_t703
66190,q69_t704
66191,q69_t704
66191,q69_t705
66192,q69_t706
66192,q69_t707
66193,q69_t707
66193,q69_t708
66194,q69_t709
66194,q69_t710
66195,q69_t710
66195,q69_t711
66196,q69_t712
66196,q69_t713
66197,q69_t713
66197,q69_t714
66198,q69_t715
66198,q69_t716
66199,q69_t716
66199,q69_t717
66200,q69_t718
66200,q69_t719
66201,q69_t719
66201,q69_t720
66202,q69_t721
66202,q69_t722
66203,q69_t722
66203,q69_t723
66204,q69_t724
66204,q69_t725
66205,q69_t725
66205,q69_t726
66206,q69_t727
66206,q69_t728
66207,q69_t728
66207,q69_t729
66208,q69_t730
66208,q69_t731
66209,q69_t731
66209,q69_t732
66210,q69_t733
66210,q69_t734
66211,q69_t734
66211,q69_t735
66212,q69_t736
66212,q69_t737
66213,q69_t737
66213,q69_t738
66214,q69_t739
66214,q69_t740
66215,q69_t740
66215,q69_t741
66216,q69_t742
66216,q69_t743
66217,q69_t743
66217,q69_t747
66218,q69_t747
66218,q69_t748
66218,q70_t747
66218,q70_t748
66219,q69_t748
66219,q69_t749
66220,q69_t749
66220,q69_t750
66221,q69_t750
66221,q69_t751
66221,q71_t750
66221,q71_t751
66222,q69_t751
66222,q69_t752
66223,q69_t752
66223,q69_t753
66224,q69_t753
66224,q69_t754
66224,q72_t753
66224,q72_t754
66225,q69_t754
66225,q69_t755
66226,q69_t755
66226,q69_t756
66227,q69_t756
66227,q69_t757
66227,q73_t756
66227,q73_t757
66228,q69_t757
66228,q69_t758
66229,q69_t758
66229,q69_t759
66230,q69_t759
66230,q69_t760
66230,q74_t759
66230,q74_t760
66231,q69_t760
66231,q69_t761
66232,q69_t761
66232,q69_t762
66233,q69_t762
66233,q69_t763
66233,q75_t762
66233,q75_t763
66234,q69_t763
66234,q69_t764
66235,q69_t764
66235,q69_t765
66236,q69_t765
66236,q69_t766
66236,q76_t765
66236,q76_t766
66237,q69_t766
66237,q69_t767
66238,q69_t767
66238,q69_t768
66239,q69_t768
66239,q69_t769
66239,q77_t768
66239,q77_t769
66240,q69_t769
66240,q69_t770
66241,q69_t770
66241,q69_t771
66242,q69_t771
66242,q69_t772
66242,q78_t771
66242,q78_t772
66243,q69_t772
66243,q69_t773
66244,q69_t773
66244,q69_t774
66245,q69_t774
66245,q69_t775
66245,q79_t774
66245,q79_t775
66246,q69_t775
66246,q69_t776
66247,q69_t776
66247,q69_t777
66248,q69_t777
66248,q69_t778
66248,q80_t777
66248,q80_t778
66249,q69_t778
66249,q69_t779
66250,q69_t779
66250,q69_t780
66251,q69_t780
66251,q69_t781
66251,q81_t780
66251,q81_t781
66252,q69_t781
66252,q69_t782
66253,q69_t782
66253,q69_t783
66254,q69_t783
66254,q69_t784
66254,q82_t783
66254,q82_t784
66255,q69_t784
66255,q69_t785
66256,q69_t785
66256,q69_t786
66257,q69_t786
66257,q69_t787
66257,q83_t786
66257,q83_t787
66258,q69_t787
66258,q69_t788
66259,q69_t788
66259,q69_t789
66260,q69_t789
66260,q69_t790
66260,q84_t789
66260,q84_t790
66261,q69_t790
66261,q69_t791
66262,q69_t791
66262,q69_t792
66263,q69_t792
66263,q69_t793
66263,q85_t792
66263,q85_t793
66264,q69_t793
66264,q69_t794
66265,q69_t794
66265,q69_t795
66266,q69_t795
66266,q69_t796
66266,q86_t795
66266,q86_t796
66267,q69_t796
66267,q69_t797
66268,q69_t797
66268,q69_t798
66269,q69_t798
66269,q69_t799
66269,q87_t798
66269,q87_t799
66270,q69_t799
66270,q69_t800
66271,q69_t800
66271,q69_t801
66272,q69_t801
66272,q69_t802
66272,q88_t801
66272,q88_t802
66273,q69_t802
66273,q69_t803
66274,q69_t803
66274,q69_t804
66275,q69_t804
66275,q69_t805
66275,q89_t804
66275,q89_t805
66276,q69_t805
66276,q69_t806
66277,q69_t806
66277,q69_t807
66278,q69_t807
66278,q69_t808
66278,q90_t807
66278,q90_t808
66279,q69_t808
66279,q69_t809
66280,q69_t809
66280,q69_t810
66281,q69_t810
66281,q69_t811
66281,q91_t810
66281,q91_t811
66282,q69_t811
66282,q69_t812
66283,q69_t812
66283,q69_t813
66284,q69_t813
66284,q69_t814
66284,q92_t813
66284,q92_t814
66285,q69_t814
66285,q69_t815
66286,q69_t815
66286,q69_t816
66287,q69_t816
66287,q69_t817
66287,q93_t816
66287,q93_t817
66288,q69_t817
66288,q69_t818
66289,q69_t818
66289,q69_t819
66290,q69_t819
66290,q69_t820
66290,q94_t819
66290,q94_t820
66291,q69_t820
66291,q69_t821
66292,q69_t821
66292,q69_t822
66293,q69_t822
66293,q69_t823
66293,q95_t822
66293,q95_t823
66294,q69_t823
66294,q69_t824
66295,q69_t824
66295,q69_t825
66296,q69_t825
66296,q69_t826
66296,q96_t825
66296,q96_t826
66297,q69_t826
66297,q69_t827
66298,q69_t827
66298,q69_t828
66299,q69_t828
66299,q69_t829
66299,q97_t828
66299,q97_t829
66300,q69_t829
66300,q69_t830
66301,q69_t830
66301,q69_t831
66302,q69_t831
66302,q69_t832
66302,q98_t831
66302,q98_t832
66303,q69_t832
66303,q69_t833
66304,q69_t833
66304,q69_t834
66305,q69_t834
66305,q69_t835
66305,q99_t834
66305,q99_t835
66306,q69_t835
66306,q69_t836
66307,q69_t836
66307,q69_t837
66308,q69_t838
66308,q69_t839
66309,q69_t839
66309,q69_t840
66310,q69_t841
66310,q69_t842
66311,q69_t842
66311,q69_t843
66312,q69_t844
66312,q69_t845
66313,q69_t845
66313,q69_t846
66314,q69_t847
66314,q69_t848
66315,q69_t848
66315,q69_t849
66316,q69_t850
66316,q69_t851
66317,q69_t851
66317,q69_t852
66318,q69_t853
66318,q69_t854
66319,q69_t854
66319,q69_t855
66320,q69_t856
66320,q69_t857
66321,q69_t857
66321,q69_t858
66322,q69_t859
66322,q69_t860
66323,q69_t860
66323,q69_t861
66324,q69_t862
66324,q69_t863
66325,q69_t863
66325,q69_t864
66326,q69_t865
66326,q69_t866
66327,q69_t866
66327,q69_t867
66328,q69_t867
66328,q69_t868
66329,q69_t869
66329,q69_t870
66330,q69_t870
66330,q69_t871
66331,q69_t872
66331,q69_t873
66332,q69_t873
66332,q69_t874
66333,q69_t875
66333,q69_t876
66334,q69_t876
66334,q69_t877
66335,q69_t878
66335,q69_t879
66336,q69_t879
66336,q69_t880
66337,q69_t881
66337,q69_t882
66338,q69_t882
66338,q69_t883
66339,q69_t884
66339,q69_t885
66340,q69_t885
66340,q69_t886
66341,q69_t886
66341,q69_t887
66341,q6_t886
66341,q6_t887
66342,q69_t887
66342,q69_t888
66343,q69_t888
66343,q69_t889
66344,q69_t889
66344,q69_t890
66344,q7_t889
66344,q7_t890
66345,q69_t890
66345,q69_t891
66346,q69_t891
66346,q69_t892
66347,q69_t892
66347,q69_t893
66347,q8_t892
66347,q8_t893
66348,q69_t893
66348,q69_t894
66349,q69_t894
66349,q69_t895
66350,q69_t895
66350,q69_t896
66350,q9_t895
66350,q9_t896
66351,q69_t896
66351,q69_t897
66352,q69_t897
66352,q69_t898
66353,q69_t899
66353,q69_t900
66354,q69_t900
66354,q69_t901
66355,q69_t902
66355,q69_t903
66356,q69_t903
66356,q69_t904
66357,q69_t905
66357,q69_t906
66358,q69_t906
66358,q69_t907
66359,q69_t908
66359,q69_t909
66360,q69_t909
66360,q69_t910
66361,q69_t911
66361,q69_t912
66362,q69_t912
66362,q69_t913
66363,q69_t914
66363,q69_t915
66364,q69_t915
66364,q69_t916
66365,q69_t917
66365,q69_t918
66366,q69_t918
66366,q69_t919
66367,q69_t920
66367,q69_t921
66368,q69_t921
66368,q69_t922
66369,q69_t923
66369,q69_t924
66370,q69_t924
66370,q69_t925
66371,q69_t926
66371,q69_t927
66372,q69_t927
66372,q69_t928
66373,q69_t929
66373,q69_t930
66374,q69_t930
66374,q69_t931
66375,q69_t932
66375,q69_t933
66376,q69_t933
66376,q69_t934
66377,q69_t935
66377,q69_t936
66378,q69_t936
66378,q69_t937
66379,q69_t938
66379,q69_t939
66380,q69_t939
66380,q69_t940
66381,q69_t941
66381,q69_t942
66382,q69_t942
66382,q69_t943
66383,q69_t944
66383,q69_t945
66384,q69_t945
66384,q69_t946
66385,q69_t947
66385,q69_t948
66386,q69_t948
66386,q69_t949
66387,q69_t950
66387,q69_t951
66388,q69_t951
66388,q69_t952
66389,q69_t953
66389,q69_t954
66390,q69_t954
66390,q69_t955
66391,q69_t956
66391,q69_t957
66392,q69_t957
66392,q69_t958
66393,q69_t959
66393,q69_t960
66394,q69_t960
66394,q69_t961
66395,q69_t962
66395,q69_t963
66396,q69_t963
66396,q69_t964
66397,q69_t965
66397,q69_t966
66398,q69_t966
66398,q69_t967
66399,q69_t968
66399,q69_t969
66400,q69_t969
66400,q69_t970
66401,q69_t971
66401,q69_t972
66402,q69_t972
66402,q69_t973
66403,q69_t974
66403,q69_t975
66404,q69_t975
66404,q69_t976
66405,q69_t977
66405,q69_t978
66406,q69_t978
66406,q69_t979
66407,q69_t980
66407,q69_t981
66408,q69_t981
66408,q69_t982
66409,q69_t983
66409,q69_t984
66410,q69_t984
66410,q69_t985
66411,q69_t986
66411,q69_t987
66412,q69_t987
66412,q69_t988
66413,q69_t989
66413,q69_t990
66414,q69_t990
66414,q69_t991
66415,q69_t992
66415,q69_t993
66416,q69_t993
66416,q69_t994
66417,q69_t995
66417,q69_t996
66418,q69_t996
66418,q69_t997
66419,q69_t998
66419,q69_t999
66420,q6_t0
66420,q6_t1
66421,q6_t1
66421,q6_t17
66422,q6_t100
66422,q6_t101
66423,q6_t100
66423,q6_t99
66424,q6_t1000
66424,q6_t999
66425,q6_t1001
66425,q6_t1002
66426,q6_t1002
66426,q6_t1003
66427,q6_t1004
66427,q6_t1005
66428,q6_t1005
66428,q6_t1006
66429,q6_t1007
66429,q6_t1008
66430,q6_t1008
66430,q6_t1009
66431,q6_t102
66431,q6_t103
66432,q6_t103
66432,q6_t104
66433,q6_t105
66433,q6_t106
66434,q6_t106
66434,q6_t107
66435,q6_t108
66435,q6_t109
66436,q6_t109
66436,q6_t110
66437,q6_t111
66437,q6_t112
66438,q6_t112
66438,q6_t113
66439,q6_t114
66439,q6_t115
66440,q6_t115
66440,q6_t116
66441,q6_t117
66441,q6_t118
66442,q6_t118
66442,q6_t119
66443,q6_t120
66443,q6_t121
66444,q6_t121
66444,q6_t122
66445,q6_t123
66445,q6_t124
66446,q6_t124
66446,q6_t125
66447,q6_t126
66447,q6_t127
66448,q6_t127
66448,q6_t128
66449,q6_t129
66449,q6_t130
66450,q6_t130
66450,q6_t131
66451,q6_t132
66451,q6_t133
66452,q6_t133
66452,q6_t134
66453,q6_t135
66453,q6_t136
66454,q6_t136
66454,q6_t137
66455,q6_t138
66455,q6_t139
66456,q6_t139
66456,q6_t140
66457,q6_t141
66457,q6_t142
66458,q6_t142
66458,q6_t143
66459,q6_t144
66459,q6_t145
66460,q6_t145
66460,q6_t146
66461,q6_t147
66461,q6_t148
66462,q6_t148
66462,q6_t149
66463,q6_t150
66463,q6_t151
66464,q6_t151
66464,q6_t152
66465,q6_t153
66465,q6_t154
66466,q6_t154
66466,q6_t155
66467,q6_t156
66467,q6_t157
66468,q6_t157
66468,q6_t158
66469,q6_t159
66469,q6_t160
66470,q6_t160
66470,q6_t161
66471,q6_t162
66471,q6_t163
66472,q6_t163
66472,q6_t164
66473,q6_t165
66473,q6_t166
66474,q6_t166
66474,q6_t167
66475,q6_t168
66475,q6_t169
66476,q6_t169
66476,q6_t170
66477,q6_t171
66477,q6_t172
66478,q6_t172
66478,q6_t173
66479,q6_t174
66479,q6_t175
66480,q6_t175
66480,q6_t176
66481,q6_t177
66481,q6_t178
66482,q6_t178
66482,q6_t179
66483,q6_t18
66483,q6_t19
66484,q6_t180
66484,q6_t181
66485,q6_t181
66485,q6_t182
66486,q6_t183
66486,q6_t184
66487,q6_t184
66487,q6_t185
66488,q6_t186
66488,q6_t187
66489,q6_t187
66489,q6_t188
66490,q6_t189
66490,q6_t190
66491,q6_t19
66491,q6_t20
66492,q6_t190
66492,q6_t191
66493,q6_t192
66493,q6_t193
66494,q6_t193
66494,q6_t194
66495,q6_t195
66495,q6_t196
66496,q6_t196
66496,q6_t197
66497,q6_t198
66497,q6_t199
66498,q6_t199
66498,q6_t200
66499,q6_t201
66499,q6_t202
66500,q6_t202
66500,q6_t203
66501,q6_t204
66501,q6_t205
66502,q6_t205
66502,q6_t206
66503,q6_t207
66503,q6_t208
66504,q6_t208
66504,q6_t209
66505,q6_t21
66505,q6_t22
66506,q6_t210
66506,q6_t211
66507,q6_t211
66507,q6_t212
66508,q6_t213
66508,q6_t214
66509,q6_t214
66509,q6_t215
66510,q6_t216
66510,q6_t217
66511,q6_t217
66511,q6_t218
66512,q6_t219
66512,q6_t220
66513,q6_t22
66513,q6_t23
66514,q6_t220
66514,q6_t221
66515,q6_t222
66515,q6_t223
66516,q6_t223
66516,q6_t224
66517,q6_t225
66517,q6_t226
66518,q6_t226
66518,q6_t227
66519,q6_t227
66519,q6_t228
66519,q70_t227
66519,q70_t228
66520,q6_t228
66520,q6_t229
66521,q6_t229
66521,q6_t230
66522,q6_t230
66522,q6_t231
66522,q71_t230
66522,q71_t231
66523,q6_t231
66523,q6_t232
66524,q6_t232
66524,q6_t233
66525,q6_t233
66525,q6_t234
66525,q72_t233
66525,q72_t234
66526,q6_t234
66526,q6_t235
66527,q6_t235
66527,q6_t236
66528,q6_t236
66528,q6_t237
66528,q73_t236
66528,q73_t237
66529,q6_t237
66529,q6_t238
66530,q6_t238
66530,q6_t239
66531,q6_t239
66531,q6_t240
66531,q74_t239
66531,q74_t240
66532,q6_t24
66532,q6_t25
66533,q6_t240
66533,q6_t241
66534,q6_t241
66534,q6_t242
66535,q6_t242
66535,q6_t243
66535,q75_t242
66535,q75_t243
66536,q6_t243
66536,q6_t244
66537,q6_t244
66537,q6_t245
66538,q6_t245
66538,q6_t246
66538,q76_t245
66538,q76_t246
66539,q6_t246
66539,q6_t247
66540,q6_t247
66540,q6_t248
66541,q6_t248
66541,q6_t249
66541,q77_t248
66541,q77_t249
66542,q6_t249
66542,q6_t250
66543,q6_t25
66543,q6_t26
66544,q6_t250
66544,q6_t251
66545,q6_t251
66545,q6_t252
66545,q78_t251
66545,q78_t252
66546,q6_t252
66546,q6_t253
66547,q6_t253
66547,q6_t254
66548,q6_t254
66548,q6_t255
66548,q79_t254
66548,q79_t255
66549,q6_t255
66549,q6_t256
66550,q6_t256
66550,q6_t257
66551,q6_t257
66551,q6_t258
66551,q80_t257
66551,q80_t258
66552,q6_t258
66552,q6_t259
66553,q6_t259
66553,q6_t260
66554,q6_t260
66554,q6_t261
66554,q81_t260
66554,q81_t261
66555,q6_t261
66555,q6_t262
66556,q6_t262
66556,q6_t263
66557,q6_t263
66557,q6_t264
66557,q82_t263
66557,q82_t264
66558,q6_t264
66558,q6_t265
66559,q6_t265
66559,q6_t266
66560,q6_t266
66560,q6_t267
66560,q83_t266
66560,q83_t267
66561,q6_t267
66561,q6_t268
66562,q6_t268
66562,q6_t269
66563,q6_t269
66563,q6_t270
66563,q84_t269
66563,q84_t270
66564,q6_t27
66564,q6_t28
66565,q6_t270
66565,q6_t271
66566,q6_t271
66566,q6_t272
66567,q6_t272
66567,q6_t273
66567,q85_t272
66567,q85_t273
66568,q6_t273
66568,q6_t274
66569,q6_t274
66569,q6_t275
66570,q6_t275
66570,q6_t276
66570,q86_t275
66570,q86_t276
66571,q6_t276
66571,q6_t277
66572,q6_t277
66572,q6_t278
66573,q6_t278
66573,q6_t279
66573,q87_t278
66573,q87_t279
66574,q6_t279
66574,q6_t280
66575,q6_t28
66575,q6_t29
66576,q6_t280
66576,q6_t281
66577,q6_t281
66577,q6_t282
66577,q88_t281
66577,q88_t282
66578,q6_t282
66578,q6_t283
66579,q6_t283
66579,q6_t284
66580,q6_t284
66580,q6_t285
66580,q89_t284
66580,q89_t285
66581,q6_t285
66581,q6_t286
66582,q6_t286
66582,q6_t287
66583,q6_t287
66583,q6_t288
66583,q90_t287
66583,q90_t288
66584,q6_t288
66584,q6_t289
66585,q6_t289
66585,q6_t290
66586,q6_t290
66586,q6_t291
66586,q91_t290
66586,q91_t291
66587,q6_t291
66587,q6_t292
66588,q6_t292
66588,q6_t293
66589,q6_t293
66589,q6_t294
66589,q92_t293
66589,q92_t294
66590,q6_t294
66590,q6_t295
66591,q6_t295
66591,q6_t296
66592,q6_t296
66592,q6_t297
66592,q93_t296
66592,q93_t297
66593,q6_t297
66593,q6_t298
66594,q6_t298
66594,q6_t299
66595,q6_t299
66595,q6_t300
66595,q94_t299
66595,q94_t300
66596,q6_t30
66596,q6_t31
66597,q6_t300
66597,q6_t301
66598,q6_t301
66598,q6_t302
66599,q6_t302
66599,q6_t303
66599,q95_t302
66599,q95_t303
66600,q6_t303
66600,q6_t304
66601,q6_t304
66601,q6_t305
66602,q6_t305
66602,q6_t306
66602,q96_t305
66602,q96_t306
66603,q6_t306
66603,q6_t307
66604,q6_t307
66604,q6_t308
66605,q6_t308
66605,q6_t309
66605,q97_t308
66605,q97_t309
66606,q6_t309
66606,q6_t310
66607,q6_t31
66607,q6_t32
66608,q6_t310
66608,q6_t311
66609,q6_t311
66609,q6_t312
66609,q98_t311
66609,q98_t312
66610,q6_t312
66610,q6_t313
66611,q6_t313
66611,q6_t314
66612,q6_t314
66612,q6_t315
66612,q99_t314
66612,q99_t315
66613,q6_t315
66613,q6_t316
66614,q6_t316
66614,q6_t317
66615,q6_t318
66615,q6_t319
66616,q6_t319
66616,q6_t320
66617,q6_t321
66617,q6_t322
66618,q6_t322
66618,q6_t323
66619,q6_t324
66619,q6_t325
66620,q6_t325
66620,q6_t326
66621,q6_t327
66621,q6_t328
66622,q6_t328
66622,q6_t329
66623,q6_t33
66623,q6_t34
66624,q6_t330
66624,q6_t331
66625,q6_t331
66625,q6_t332
66626,q6_t333
66626,q6_t334
66627,q6_t334
66627,q6_t335
66628,q6_t336
66628,q6_t337
66629,q6_t337
66629,q6_t338
66630,q6_t339
66630,q6_t340
66631,q6_t34
66631,q6_t38
66632,q6_t340
66632,q6_t341
66633,q6_t342
66633,q6_t343
66634,q6_t343
66634,q6_t344
66635,q6_t345
66635,q6_t346
66636,q6_t346
66636,q6_t347
66637,q6_t347
66637,q6_t348
66638,q6_t349
66638,q6_t350
66639,q6_t350
66639,q6_t351
66640,q6_t352
66640,q6_t353
66641,q6_t353
66641,q6_t354
66642,q6_t355
66642,q6_t356
66643,q6_t356
66643,q6_t357
66644,q6_t358
66644,q6_t359
66645,q6_t359
66645,q6_t360
66646,q6_t361
66646,q6_t362
66647,q6_t362
66647,q6_t363
66648,q6_t364
66648,q6_t365
66649,q6_t365
66649,q6_t369
66650,q6_t369
66650,q6_t370
66650,q7_t369
66650,q7_t370
66651,q6_t370
66651,q6_t371
66652,q6_t371
66652,q6_t372
66653,q6_t372
66653,q6_t373
66653,q8_t372
66653,q8_t373
66654,q6_t373
66654,q6_t374
66655,q6_t374
66655,q6_t375
66656,q6_t375
66656,q6_t376
66656,q9_t375
66656,q9_t376
66657,q6_t376
66657,q6_t377
66658,q6_t377
66658,q6_t378
66659,q6_t379
66659,q6_t380
66660,q6_t38
66660,q6_t39
66660,q7_t38
66660,q7_t39
66661,q6_t380
66661,q6_t381
66662,q6_t382
66662,q6_t383
66663,q6_t383
66663,q6_t384
66664,q6_t385
66664,q6_t386
66665,q6_t386
66665,q6_t387
66666,q6_t388
66666,q6_t389
66667,q6_t389
66667,q6_t390
66668,q6_t39
66668,q6_t40
66669,q6_t391
66669,q6_t392
66670,q6_t392
66670,q6_t393
66671,q6_t394
66671,q6_t395
66672,q6_t395
66672,q6_t396
66673,q6_t397
66673,q6_t398
66674,q6_t398
66674,q6_t399
66675,q6_t40
66675,q6_t41
66676,q6_t400
66676,q6_t401
66677,q6_t401
66677,q6_t402
66678,q6_t403
66678,q6_t404
66679,q6_t404
66679,q6_t405
66680,q6_t406
66680,q6_t407
66681,q6_t407
66681,q6_t408
66682,q6_t409
66682,q6_t410
66683,q6_t41
66683,q6_t42
66683,q8_t41
66683,q8_t42
66684,q6_t410
66684,q6_t411
66685,q6_t412
66685,q6_t413
66686,q6_t413
66686,q6_t414
66687,q6_t415
66687,q6_t416
66688,q6_t416
66688,q6_t417
66689,q6_t418
66689,q6_t419
66690,q6_t419
66690,q6_t420
66691,q6_t42
66691,q6_t43
66692,q6_t421
66692,q6_t422
66693,q6_t422
66693,q6_t423
66694,q6_t424
66694,q6_t425
66695,q6_t425
66695,q6_t426
66696,q6_t427
66696,q6_t428
66697,q6_t428
66697,q6_t429
66698,q6_t43
66698,q6_t44
66699,q6_t430
66699,q6_t431
66700,q6_t431
66700,q6_t432
66701,q6_t433
66701,q6_t434
66702,q6_t434
66702,q6_t435
66703,q6_t436
66703,q6_t437
66704,q6_t437
66704,q6_t438
66705,q6_t439
66705,q6_t440
66706,q6_t44
66706,q6_t45
66706,q9_t44
66706,q9_t45
66707,q6_t440
66707,q6_t441
66708,q6_t442
66708,q6_t443
66709,q6_t443
66709,q6_t444
66710,q6_t445
66710,q6_t446
66711,q6_t446
66711,q6_t447
66712,q6_t448
66712,q6_t449
66713,q6_t449
66713,q6_t450
66714,q6_t45
66714,q6_t46
66715,q6_t451
66715,q6_t452
66716,q6_t452
66716,q6_t453
66717,q6_t454
66717,q6_t455
66718,q6_t455
66718,q6_t456
66719,q6_t457
66719,q6_t458
66720,q6_t458
66720,q6_t459
66721,q6_t46
66721,q6_t47
66722,q6_t460
66722,q6_t461
66723,q6_t461
66723,q6_t462
66724,q6_t463
66724,q6_t464
66725,q6_t464
66725,q6_t465
66726,q6_t466
66726,q6_t467
66727,q6_t467
66727,q6_t468
66728,q6_t469
66728,q6_t470
66729,q6_t470
66729,q6_t471
66730,q6_t472
66730,q6_t473
66731,q6_t473
66731,q6_t474
66732,q6_t475
66732,q6_t476
66733,q6_t476
66733,q6_t477
66734,q6_t478
66734,q6_t479
66735,q6_t479
66735,q6_t480
66736,q6_t48
66736,q6_t49
66737,q6_t481
66737,q6_t482
66738,q6_t482
66738,q6_t483
66739,q6_t484
66739,q6_t485
66740,q6_t485
66740,q6_t486
66741,q6_t487
66741,q6_t488
66742,q6_t488
66742,q6_t489
66743,q6_t49
66743,q6_t50
66744,q6_t490
66744,q6_t491
66745,q6_t491
66745,q6_t492
66746,q6_t493
66746,q6_t494
66747,q6_t494
66747,q6_t495
66748,q6_t496
66748,q6_t497
66749,q6_t497
66749,q6_t498
66750,q6_t499
66750,q6_t500
66751,q6_t500
66751,q6_t501
66752,q6_t502
66752,q6_t503
66753,q6_t503
66753,q6_t504
66754,q6_t505
66754,q6_t506
66755,q6_t506
66755,q6_t507
66756,q6_t508
66756,q6_t509
66757,q6_t509
66757,q6_t510
66758,q6_t51
66758,q6_t52
66759,q6_t511
66759,q6_t512
66760,q6_t512
66760,q6_t513
66761,q6_t514
66761,q6_t515
66762,q6_t515
66762,q6_t516
66763,q6_t517
66763,q6_t518
66764,q6_t518
66764,q6_t519
66765,q6_t52
66765,q6_t53
66766,q6_t520
66766,q6_t521
66767,q6_t521
66767,q6_t522
66768,q6_t523
66768,q6_t524
66769,q6_t524
66769,q6_t525
66770,q6_t526
66770,q6_t527
66771,q6_t527
66771,q6_t528
66772,q6_t529
66772,q6_t530
66773,q6_t530
66773,q6_t531
66774,q6_t532
66774,q6_t533
66775,q6_t533
66775,q6_t534
66776,q6_t535
66776,q6_t536
66777,q6_t536
66777,q6_t537
66778,q6_t538
66778,q6_t539
66779,q6_t539
66779,q6_t540
66780,q6_t54
66780,q6_t55
66781,q6_t541
66781,q6_t542
66782,q6_t542
66782,q6_t543
66783,q6_t544
66783,q6_t545
66784,q6_t545
66784,q6_t546
66785,q6_t547
66785,q6_t548
66786,q6_t548
66786,q6_t549
66787,q6_t55
66787,q6_t56
66788,q6_t550
66788,q6_t551
66789,q6_t551
66789,q6_t552
66790,q6_t553
66790,q6_t554
66791,q6_t554
66791,q6_t555
66792,q6_t556
66792,q6_t557
66793,q6_t557
66793,q6_t558
66794,q6_t558
66794,q6_t559
66794,q70_t558
66794,q70_t559
66795,q6_t559
66795,q6_t560
66796,q6_t560
66796,q6_t561
66797,q6_t561
66797,q6_t562
66797,q71_t561
66797,q71_t562
66798,q6_t562
66798,q6_t563
66799,q6_t563
66799,q6_t564
66800,q6_t564
66800,q6_t565
66800,q72_t564
66800,q72_t565
66801,q6_t565
66801,q6_t566
66802,q6_t566
66802,q6_t567
66803,q6_t567
66803,q6_t568
66803,q73_t567
66803,q73_t568
66804,q6_t568
66804,q6_t569
66805,q6_t569
66805,q6_t570
66806,q6_t57
66806,q6_t58
66807,q6_t570
66807,q6_t571
66807,q74_t570
66807,q74_t571
66808,q6_t571
66808,q6_t572
66809,q6_t572
66809,q6_t573
66810,q6_t573
66810,q6_t574
66810,q75_t573
66810,q75_t574
66811,q6_t574
66811,q6_t575
66812,q6_t575
66812,q6_t576
66813,q6_t576
66813,q6_t577
66813,q76_t576
66813,q76_t577
66814,q6_t577
66814,q6_t578
66815,q6_t578
66815,q6_t579
66816,q6_t579
66816,q6_t580
66816,q77_t579
66816,q77_t580
66817,q6_t58
66817,q6_t59
66818,q6_t580
66818,q6_t581
66819,q6_t581
66819,q6_t582
66820,q6_t582
66820,q6_t583
66820,q78_t582
66820,q78_t583
66821,q6_t583
66821,q6_t584
66822,q6_t584
66822,q6_t585
66823,q6_t585
66823,q6_t586
66823,q79_t585
66823,q79_t586
66824,q6_t586
66824,q6_t587
66825,q6_t587
66825,q6_t588
66826,q6_t588
66826,q6_t589
66826,q80_t588
66826,q80_t589
66827,q6_t589
66827,q6_t590
66828,q6_t590
66828,q6_t591
66829,q6_t591
66829,q6_t592
66829,q81_t591
66829,q81_t592
66830,q6_t592
66830,q6_t593
66831,q6_t593
66831,q6_t594
66832,q6_t594
66832,q6_t595
66832,q82_t594
66832,q82_t595
66833,q6_t595
66833,q6_t596
66834,q6_t596
66834,q6_t597
66835,q6_t597
66835,q6_t598
66835,q83_t597
66835,q83_t598
66836,q6_t598
66836,q6_t599
66837,q6_t599
66837,q6_t600
66838,q6_t60
66838,q6_t61
66839,q6_t600
66839,q6_t601
66839,q84_t600
66839,q84_t601
66840,q6_t601
66840,q6_t602
66841,q6_t602
66841,q6_t603
66842,q6_t603
66842,q6_t604
66842,q85_t603
66842,q85_t604
66843,q6_t604
66843,q6_t605
66844,q6_t605
66844,q6_t606
66845,q6_t606
66845,q6_t607
66845,q86_t606
66845,q86_t607
66846,q6_t607
66846,q6_t608
66847,q6_t608
66847,q6_t609
66848,q6_t609
66848,q6_t610
66848,q87_t609
66848,q87_t610
66849,q6_t61
66849,q6_t62
66850,q6_t610
66850,q6_t611
66851,q6_t611
66851,q6_t612
66852,q6_t612
66852,q6_t613
66852,q88_t612
66852,q88_t613
66853,q6_t613
66853,q6_t614
66854,q6_t614
66854,q6_t615
66855,q6_t615
66855,q6_t616
66855,q89_t615
66855,q89_t616
66856,q6_t616
66856,q6_t617
66857,q6_t617
66857,q6_t618
66858,q6_t618
66858,q6_t619
66858,q90_t618
66858,q90_t619
66859,q6_t619
66859,q6_t620
66860,q6_t620
66860,q6_t621
66861,q6_t621
66861,q6_t622
66861,q91_t621
66861,q91_t622
66862,q6_t622
66862,q6_t623
66863,q6_t623
66863,q6_t624
66864,q6_t624
66864,q6_t625
66864,q92_t624
66864,q92_t625
66865,q6_t625
66865,q6_t626
66866,q6_t626
66866,q6_t627
66867,q6_t627
66867,q6_t628
66867,q93_t627
66867,q93_t628
66868,q6_t628
66868,q6_t629
66869,q6_t629
66869,q6_t630
66870,q6_t63
66870,q6_t64
66871,q6_t630
66871,q6_t631
66871,q94_t630
66871,q94_t631
66872,q6_t631
66872,q6_t632
66873,q6_t632
66873,q6_t633
66874,q6_t633
66874,q6_t634
66874,q95_t633
66874,q95_t634
66875,q6_t634
66875,q6_t635
66876,q6_t635
66876,q6_t636
66877,q6_t636
66877,q6_t637
66877,q96_t636
66877,q96_t637
66878,q6_t637
66878,q6_t638
66879,q6_t638
66879,q6_t639
66880,q6_t639
66880,q6_t640
66880,q97_t639
66880,q97_t640
66881,q6_t64
66881,q6_t65
66882,q6_t640
66882,q6_t641
66883,q6_t641
66883,q6_t642
66884,q6_t642
66884,q6_t643
66884,q98_t642
66884,q98_t643
66885,q6_t643
66885,q6_t644
66886,q6_t644
66886,q6_t645
66887,q6_t645
66887,q6_t646
66887,q99_t645
66887,q99_t646
66888,q6_t646
66888,q6_t647
66889,q6_t647
66889,q6_t648
66890,q6_t649
66890,q6_t650
66891,q6_t650
66891,q6_t651
66892,q6_t652
66892,q6_t653
66893,q6_t653
66893,q6_t654
66894,q6_t655
66894,q6_t656
66895,q6_t656
66895,q6_t657
66896,q6_t658
66896,q6_t659
66897,q6_t659
66897,q6_t660
66898,q6_t66
66898,q6_t67
66899,q6_t661
66899,q6_t662
66900,q6_t662
66900,q6_t663
66901,q6_t664
66901,q6_t665
66902,q6_t665
66902,q6_t666
66903,q6_t667
66903,q6_t668
66904,q6_t668
66904,q6_t669
66905,q6_t67
66905,q6_t68
66906,q6_t670
66906,q6_t671
66907,q6_t671
66907,q6_t672
66908,q6_t673
66908,q6_t674
66909,q6_t674
66909,q6_t675
66910,q6_t676
66910,q6_t677
66911,q6_t677
66911,q6_t678
66912,q6_t678
66912,q6_t679
66913,q6_t680
66913,q6_t681
66914,q6_t681
66914,q6_t682
66915,q6_t683
66915,q6_t684
66916,q6_t684
66916,q6_t685
66917,q6_t686
66917,q6_t687
66918,q6_t687
66918,q6_t688
66919,q6_t689
66919,q6_t690
66920,q6_t69
66920,q6_t70
66921,q6_t690
66921,q6_t691
66922,q6_t692
66922,q6_t693
66923,q6_t693
66923,q6_t694
66924,q6_t695
66924,q6_t696
66925,q6_t696
66925,q6_t700
66926,q6_t70
66926,q6_t71
66927,q6_t700
66927,q6_t701
66927,q7_t700
66927,q7_t701
66928,q6_t701
66928,q6_t702
66929,q6_t702
66929,q6_t703
66930,q6_t703
66930,q6_t704
66930,q8_t703
66930,q8_t704
66931,q6_t704
66931,q6_t705
66932,q6_t705
66932,q6_t706
66933,q6_t706
66933,q6_t707
66933,q9_t706
66933,q9_t707
66934,q6_t707
66934,q6_t708
66935,q6_t708
66935,q6_t709
66936,q6_t710
66936,q6_t711
66937,q6_t711
66937,q6_t712
66938,q6_t713
66938,q6_t714
66939,q6_t714
66939,q6_t715
66940,q6_t716
66940,q6_t717
66941,q6_t717
66941,q6_t718
66942,q6_t719
66942,q6_t720
66943,q6_t72
66943,q6_t73
66944,q6_t720
66944,q6_t721
66945,q6_t722
66945,q6_t723
66946,q6_t723
66946,q6_t724
66947,q6_t725
66947,q6_t726
66948,q6_t726
66948,q6_t727
66949,q6_t728
66949,q6_t729
66950,q6_t729
66950,q6_t730
66951,q6_t73
66951,q6_t74
66952,q6_t731
66952,q6_t732
66953,q6_t732
66953,q6_t733
66954,q6_t734
66954,q6_t735
66955,q6_t735
66955,q6_t736
66956,q6_t737
66956,q6_t738
66957,q6_t738
66957,q6_t739
66958,q6_t740
66958,q6_t741
66959,q6_t741
66959,q6_t742
66960,q6_t743
66960,q6_t744
66961,q6_t744
66961,q6_t745
66962,q6_t746
66962,q6_t747
66963,q6_t747
66963,q6_t748
66964,q6_t749
66964,q6_t750
66965,q6_t75
66965,q6_t76
66966,q6_t750
66966,q6_t751
66967,q6_t752
66967,q6_t753
66968,q6_t753
66968,q6_t754
66969,q6_t755
66969,q6_t756
66970,q6_t756
66970,q6_t757
66971,q6_t758
66971,q6_t759
66972,q6_t759
66972,q6_t760
66973,q6_t76
66973,q6_t77
66974,q6_t761
66974,q6_t762
66975,q6_t762
66975,q6_t763
66976,q6_t764
66976,q6_t765
66977,q6_t765
66977,q6_t766
66978,q6_t767
66978,q6_t768
66979,q6_t768
66979,q6_t769
66980,q6_t770
66980,q6_t771
66981,q6_t771
66981,q6_t772
66982,q6_t773
66982,q6_t774
66983,q6_t774
66983,q6_t775
66984,q6_t776
66984,q6_t777
66985,q6_t777
66985,q6_t778
66986,q6_t779
66986,q6_t780
66987,q6_t78
66987,q6_t79
66988,q6_t780
66988,q6_t781
66989,q6_t782
66989,q6_t783
66990,q6_t783
66990,q6_t784
66991,q6_t785
66991,q6_t786
66992,q6_t786
66992,q6_t787
66993,q6_t788
66993,q6_t789
66994,q6_t789
66994,q6_t790
66995,q6_t79
66995,q6_t80
66996,q6_t791
66996,q6_t792
66997,q6_t792
66997,q6_t793
66998,q6_t794
66998,q6_t795
66999,q6_t795
66999,q6_t796
67000,q6_t797
67000,q6_t798
67001,q6_t798
67001,q6_t799
67002,q6_t800
67002,q6_t801
67003,q6_t801
67003,q6_t802
67004,q6_t803
67004,q6_t804
67005,q6_t804
67005,q6_t805
67006,q6_t806
67006,q6_t807
67007,q6_t807
67007,q6_t808
67008,q6_t809
67008,q6_t810
67009,q6_t81
67009,q6_t82
67010,q6_t810
67010,q6_t811
67011,q6_t812
67011,q6_t813
67012,q6_t813
67012,q6_t814
67013,q6_t815
67013,q6_t816
67014,q6_t816
67014,q6_t817
67015,q6_t818
67015,q6_t819
67016,q6_t819
67016,q6_t820
67017,q6_t82
67017,q6_t83
67018,q6_t821
67018,q6_t822
67019,q6_t822
67019,q6_t823
67020,q6_t824
67020,q6_t825
67021,q6_t825
67021,q6_t826
67022,q6_t827
67022,q6_t828
67023,q6_t828
67023,q6_t829
67024,q6_t830
67024,q6_t831
67025,q6_t831
67025,q6_t832
67026,q6_t833
67026,q6_t834
67027,q6_t834
67027,q6_t835
67028,q6_t836
67028,q6_t837
67029,q6_t837
67029,q6_t838
67030,q6_t839
67030,q6_t840
67031,q6_t84
67031,q6_t85
67032,q6_t840
67032,q6_t841
67033,q6_t842
67033,q6_t843
67034,q6_t843
67034,q6_t844
67035,q6_t845
67035,q6_t846
67036,q6_t846
67036,q6_t847
67037,q6_t848
67037,q6_t849
67038,q6_t849
67038,q6_t850
67039,q6_t85
67039,q6_t86
67040,q6_t851
67040,q6_t852
67041,q6_t852
67041,q6_t853
67042,q6_t854
67042,q6_t855
67043,q6_t855
67043,q6_t856
67044,q6_t857
67044,q6_t858
67045,q6_t858
67045,q6_t859
67046,q6_t860
67046,q6_t861
67047,q6_t861
67047,q6_t862
67048,q6_t863
67048,q6_t864
67049,q6_t864
67049,q6_t865
67050,q6_t866
67050,q6_t867
67051,q6_t867
67051,q6_t868
67052,q6_t869
67052,q6_t870
67053,q6_t87
67053,q6_t88
67054,q6_t870
67054,q6_t871
67055,q6_t872
67055,q6_t873
67056,q6_t873
67056,q6_t874
67057,q6_t875
67057,q6_t876
67058,q6_t876
67058,q6_t877
67059,q6_t878
67059,q6_t879
67060,q6_t879
67060,q6_t880
67061,q6_t88
67061,q6_t89
67062,q6_t881
67062,q6_t882
67063,q6_t882
67063,q6_t883
67064,q6_t884
67064,q6_t885
67065,q6_t885
67065,q6_t886
67066,q6_t887
67066,q6_t888
67067,q6_t888
67067,q6_t889
67068,q6_t889
67068,q6_t890
67068,q70_t889
67068,q70_t890
67069,q6_t890
67069,q6_t891
67070,q6_t891
67070,q6_t892
67071,q6_t892
67071,q6_t893
67071,q71_t892
67071,q71_t893
67072,q6_t893
67072,q6_t894
67073,q6_t894
67073,q6_t895
67074,q6_t895
67074,q6_t896
67074,q72_t895
67074,q72_t896
67075,q6_t896
67075,q6_t897
67076,q6_t897
67076,q6_t898
67077,q6_t898
67077,q6_t899
67077,q73_t898
67077,q73_t899
67078,q6_t899
67078,q6_t900
67079,q6_t90
67079,q6_t91
67080,q6_t900
67080,q6_t901
67081,q6_t901
67081,q6_t902
67081,q74_t901
67081,q74_t902
67082,q6_t902
67082,q6_t903
67083,q6_t903
67083,q6_t904
67084,q6_t904
67084,q6_t905
67084,q75_t904
67084,q75_t905
67085,q6_t905
67085,q6_t906
67086,q6_t906
67086,q6_t907
67087,q6_t907
67087,q6_t908
67087,q76_t907
67087,q76_t908
67088,q6_t908
67088,q6_t909
67089,q6_t909
67089,q6_t910
67090,q6_t91
67090,q6_t92
67091,q6_t910
67091,q6_t911
67091,q77_t910
67091,q77_t911
67092,q6_t911
67092,q6_t912
67093,q6_t912
67093,q6_t913
67094,q6_t913
67094,q6_t914
67094,q78_t913
67094,q78_t914
67095,q6_t914
67095,q6_t915
67096,q6_t915
67096,q6_t916
67097,q6_t916
67097,q6_t917
67097,q79_t916
67097,q79_t917
67098,q6_t917
67098,q6_t918
67099,q6_t918
67099,q6_t919
67100,q6_t919
67100,q6_t920
67100,q80_t919
67100,q80_t920
67101,q6_t920
67101,q6_t921
67102,q6_t921
67102,q6_t922
67103,q6_t922
67103,q6_t923
67103,q81_t922
67103,q81_t923
67104,q6_t923
67104,q6_t924
67105,q6_t924
67105,q6_t925
67106,q6_t925
67106,q6_t926
67106,q82_t925
67106,q82_t926
67107,q6_t926
67107,q6_t927
67108,q6_t927
67108,q6_t928
67109,q6_t928
67109,q6_t929
67109,q83_t928
67109,q83_t929
67110,q6_t929
67110,q6_t930
67111,q6_t93
67111,q6_t94
67112,q6_t930
67112,q6_t931
67113,q6_t931
67113,q6_t932
67113,q84_t931
67113,q84_t932
67114,q6_t932
67114,q6_t933
67115,q6_t933
67115,q6_t934
67116,q6_t934
67116,q6_t935
67116,q85_t934
67116,q85_t935
67117,q6_t935
67117,q6_t936
67118,q6_t936
67118,q6_t937
67119,q6_t937
67119,q6_t938
67119,q86_t937
67119,q86_t938
67120,q6_t938
67120,q6_t939
67121,q6_t939
67121,q6_t940
67122,q6_t94
67122,q6_t95
67123,q6_t940
67123,q6_t941
67123,q87_t940
67123,q87_t941
67124,q6_t941
67124,q6_t942
67125,q6_t942
67125,q6_t943
67126,q6_t943
67126,q6_t944
67126,q88_t943
67126,q88_t944
67127,q6_t944
67127,q6_t945
67128,q6_t945
67128,q6_t946
67129,q6_t946
67129,q6_t947
67129,q89_t946
67129,q89_t947
67130,q6_t947
67130,q6_t948
67131,q6_t948
67131,q6_t949
67132,q6_t949
67132,q6_t950
67132,q90_t949
67132,q90_t950
67133,q6_t950
67133,q6_t951
67134,q6_t951
67134,q6_t952
67135,q6_t952
67135,q6_t953
67135,q91_t952
67135,q91_t953
67136,q6_t953
67136,q6_t954
67137,q6_t954
67137,q6_t955
67138,q6_t955
67138,q6_t956
67138,q92_t955
67138,q92_t956
67139,q6_t956
67139,q6_t957
67140,q6_t957
67140,q6_t958
67141,q6_t958
67141,q6_t959
67141,q93_t958
67141,q93_t959
67142,q6_t959
67142,q6_t960
67143,q6_t96
67143,q6_t97
67144,q6_t960
67144,q6_t961
67145,q6_t961
67145,q6_t962
67145,q94_t961
67145,q94_t962
67146,q6_t962
67146,q6_t963
67147,q6_t963
67147,q6_t964
67148,q6_t964
67148,q6_t965
67148,q95_t964
67148,q95_t965
67149,q6_t965
67149,q6_t966
67150,q6_t966
67150,q6_t967
67151,q6_t967
67151,q6_t968
67151,q96_t967
67151,q96_t968
67152,q6_t968
67152,q6_t969
67153,q6_t969
67153,q6_t970
67154,q6_t97
67154,q6_t98
67155,q6_t970
67155,q6_t971
67155,q97_t970
67155,q97_t971
67156,q6_t971
67156,q6_t972
67157,q6_t972
67157,q6_t973
67158,q6_t973
67158,q6_t974
67158,q98_t973
67158,q98_t974
67159,q6_t974
67159,q6_t975
67160,q6_t975
67160,q6_t976
67161,q6_t976
67161,q6_t977
67161,q99_t976
67161,q99_t977
67162,q6_t977
67162,q6_t978
67163,q6_t978
67163,q6_t979
67164,q6_t980
67164,q6_t981
67165,q6_t981
67165,q6_t982
67166,q6_t983
67166,q6_t984
67167,q6_t984
67167,q6_t985
67168,q6_t986
67168,q6_t987
67169,q6_t987
67169,q6_t988
67170,q6_t989
67170,q6_t990
67171,q6_t990
67171,q6_t991
67172,q6_t992
67172,q6_t993
67173,q6_t993
67173,q6_t994
67174,q6_t995
67174,q6_t996
67175,q6_t996
67175,q6_t997
67176,q6_t998
67176,q6_t999
67177,q70_t0
67177,q70_t1
67178,q70_t1
67178,q70_t209
67179,q70_t1000
67179,q70_t999
67180,q70_t1001
67180,q70_t1002
67181,q70_t1002
67181,q70_t1003
67182,q70_t1004
67182,q70_t1005
67183,q70_t1005
67183,q70_t1006
67184,q70_t1007
67184,q70_t1008
67185,q70_t1008
67185,q70_t1009
67186,q70_t1010
67186,q70_t1011
67187,q70_t1011
67187,q70_t1012
67188,q70_t1013
67188,q70_t1014
67189,q70_t1014
67189,q70_t1015
67190,q70_t1016
67190,q70_t1017
67191,q70_t1017
67191,q70_t1018
67192,q70_t1019
67192,q70_t1020
67193,q70_t1020
67193,q70_t1021
67194,q70_t1022
67194,q70_t1023
67195,q70_t1023
67195,q70_t1024
67196,q70_t1025
67196,q70_t1026
67197,q70_t1026
67197,q70_t1027
67198,q70_t1028
67198,q70_t1029
67199,q70_t1029
67199,q70_t1030
67200,q70_t1031
67200,q70_t1032
67201,q70_t1032
67201,q70_t1033
67202,q70_t1034
67202,q70_t1035
67203,q70_t1035
67203,q70_t1036
67204,q70_t1037
67204,q70_t1038
67205,q70_t1038
67205,q70_t1039
67206,q70_t1040
67206,q70_t1041
67207,q70_t1041
67207,q70_t1042
67208,q70_t1043
67208,q70_t1044
67209,q70_t1044
67209,q70_t1045
67210,q70_t1046
67210,q70_t1047
67211,q70_t1047
67211,q70_t1048
67212,q70_t1049
67212,q70_t1050
67213,q70_t1050
67213,q70_t1051
67214,q70_t1052
67214,q70_t1053
67215,q70_t1053
67215,q70_t1054
67216,q70_t1055
67216,q70_t1056
67217,q70_t1056
67217,q70_t1057
67218,q70_t1058
67218,q70_t1059
67219,q70_t1059
67219,q70_t1060
67220,q70_t1061
67220,q70_t1062
67221,q70_t1062
67221,q70_t1063
67222,q70_t1064
67222,q70_t1065
67223,q70_t1065
67223,q70_t1066
67224,q70_t1067
67224,q70_t1068
67225,q70_t1068
67225,q70_t1069
67226,q70_t1070
67226,q70_t1071
67227,q70_t1071
67227,q70_t1072
67228,q70_t1073
67228,q70_t1074
67229,q70_t1074
67229,q70_t1075
67230,q70_t1076
67230,q70_t1077
67231,q70_t1077
67231,q70_t1078
67232,q70_t1079
67232,q70_t1080
67233,q70_t1080
67233,q70_t1084
67234,q70_t1084
67234,q70_t1085
67234,q71_t1084
67234,q71_t1085
67235,q70_t1085
67235,q70_t1086
67236,q70_t1086
67236,q70_t1087
67237,q70_t1087
67237,q70_t1088
67237,q72_t1087
67237,q72_t1088
67238,q70_t1088
67238,q70_t1089
67239,q70_t1089
67239,q70_t1090
67240,q70_t1090
67240,q70_t1091
67240,q73_t1090
67240,q73_t1091
67241,q70_t1091
67241,q70_t1092
67242,q70_t1092
67242,q70_t1093
67243,q70_t1093
67243,q70_t1094
67243,q74_t1093
67243,q74_t1094
67244,q70_t1094
67244,q70_t1095
67245,q70_t1095
67245,q70_t1096
67246,q70_t1096
67246,q70_t1097
67246,q75_t1096
67246,q75_t1097
67247,q70_t1097
67247,q70_t1098
67248,q70_t1098
67248,q70_t1099
67249,q70_t1099
67249,q70_t1100
67249,q76_t1099
67249,q76_t1100
67250,q70_t1100
67250,q70_t1101
67251,q70_t1101
67251,q70_t1102
67252,q70_t1102
67252,q70_t1103
67252,q77_t1102
67252,q77_t1103
67253,q70_t1103
67253,q70_t1104
67254,q70_t1104
67254,q70_t1105
67255,q70_t1105
67255,q70_t1106
67255,q78_t1105
67255,q78_t1106
67256,q70_t1106
67256,q70_t1107
67257,q70_t1107
67257,q70_t1108
67258,q70_t1108
67258,q70_t1109
67258,q79_t1108
67258,q79_t1109
67259,q70_t1109
67259,q70_t1110
67260,q70_t1110
67260,q70_t1111
67261,q70_t1111
67261,q70_t1112
67261,q80_t1111
67261,q80_t1112
67262,q70_t1112
67262,q70_t1113
67263,q70_t1113
67263,q70_t1114
67264,q70_t1114
67264,q70_t1115
67264,q81_t1114
67264,q81_t1115
67265,q70_t1115
67265,q70_t1116
67266,q70_t1116
67266,q70_t1117
67267,q70_t1117
67267,q70_t1118
67267,q82_t1117
67267,q82_t1118
67268,q70_t1118
67268,q70_t1119
67269,q70_t1119
67269,q70_t1120
67270,q70_t1120
67270,q70_t1121
67270,q83_t1120
67270,q83_t1121
67271,q70_t1121
67271,q70_t1122
67272,q70_t1122
67272,q70_t1123
67273,q70_t1123
67273,q70_t1124
67273,q84_t1123
67273,q84_t1124
67274,q70_t1124
67274,q70_t1125
67275,q70_t1125
67275,q70_t1126
67276,q70_t1126
67276,q70_t1127
67276,q85_t1126
67276,q85_t1127
67277,q70_t1127
67277,q70_t1128
67278,q70_t1128
67278,q70_t1129
67279,q70_t1129
67279,q70_t1130
67279,q86_t1129
67279,q86_t1130
67280,q70_t1130
67280,q70_t1131
67281,q70_t1131
67281,q70_t1132
67282,q70_t1132
67282,q70_t1133
67282,q87_t1132
67282,q87_t1133
67283,q70_t1133
67283,q70_t1134
67284,q70_t1134
67284,q70_t1135
67285,q70_t1135
67285,q70_t1136
67285,q88_t1135
67285,q88_t1136
67286,q70_t1136
67286,q70_t1137
67287,q70_t1137
67287,q70_t1138
67288,q70_t1138
67288,q70_t1139
67288,q89_t1138
67288,q89_t1139
67289,q70_t1139
67289,q70_t1140
67290,q70_t1140
67290,q70_t1141
67291,q70_t1141
67291,q70_t1142
67291,q90_t1141
67291,q90_t1142
67292,q70_t1142
67292,q70_t1143
67293,q70_t1143
67293,q70_t1144
67294,q70_t1144
67294,q70_t1145
67294,q91_t1144
67294,q91_t1145
67295,q70_t1145
67295,q70_t1146
67296,q70_t1146
67296,q70_t1147
67297,q70_t1147
67297,q70_t1148
67297,q92_t1147
67297,q92_t1148
67298,q70_t1148
67298,q70_t1149
67299,q70_t1149
67299,q70_t1150
67300,q70_t1150
67300,q70_t1151
67300,q93_t1150
67300,q93_t1151
67301,q70_t1151
67301,q70_t1152
67302,q70_t1152
67302,q70_t1153
67303,q70_t1153
67303,q70_t1154
67303,q94_t1153
67303,q94_t1154
67304,q70_t1154
67304,q70_t1155
67305,q70_t1155
67305,q70_t1156
67306,q70_t1156
67306,q70_t1157
67306,q95_t1156
67306,q95_t1157
67307,q70_t1157
67307,q70_t1158
67308,q70_t1158
67308,q70_t1159
67309,q70_t1159
67309,q70_t1160
67309,q96_t1159
67309,q96_t1160
67310,q70_t1160
67310,q70_t1161
67311,q70_t1161
67311,q70_t1162
67312,q70_t1162
67312,q70_t1163
67312,q97_t1162
67312,q97_t1163
67313,q70_t1163
67313,q70_t1164
67314,q70_t1164
67314,q70_t1165
67315,q70_t1165
67315,q70_t1166
67315,q98_t1165
67315,q98_t1166
67316,q70_t1166
67316,q70_t1167
67317,q70_t1167
67317,q70_t1168
67318,q70_t1168
67318,q70_t1169
67318,q99_t1168
67318,q99_t1169
67319,q70_t1169
67319,q70_t1170
67320,q70_t1170
67320,q70_t1171
67321,q70_t1172
67321,q70_t1173
67322,q70_t1173
67322,q70_t1174
67323,q70_t1175
67323,q70_t1176
67324,q70_t1176
67324,q70_t1177
67325,q70_t1178
67325,q70_t1179
67326,q70_t1179
67326,q70_t1180
67327,q70_t1181
67327,q70_t1182
67328,q70_t1182
67328,q70_t1183
67329,q70_t1184
67329,q70_t1185
67330,q70_t1185
67330,q70_t1186
67331,q70_t1187
67331,q70_t1188
67332,q70_t1188
67332,q70_t1189
67333,q70_t1190
67333,q70_t1191
67334,q70_t1191
67334,q70_t1192
67335,q70_t1193
67335,q70_t1194
67336,q70_t1194
67336,q70_t1195
67337,q70_t1196
67337,q70_t1197
67338,q70_t1197
67338,q70_t1198
67339,q70_t1199
67339,q70_t1200
67340,q70_t1200
67340,q70_t1201
67341,q70_t210
67341,q70_t211
67342,q70_t211
67342,q70_t212
67343,q70_t213
67343,q70_t214
67344,q70_t214
67344,q70_t215
67345,q70_t216
67345,q70_t217
67346,q70_t217
67346,q70_t218
67347,q70_t219
67347,q70_t220
67348,q70_t220
67348,q70_t221
67349,q70_t222
67349,q70_t223
67350,q70_t223
67350,q70_t224
67351,q70_t225
67351,q70_t226
67352,q70_t226
67352,q70_t227
67353,q70_t228
67353,q70_t229
67354,q70_t229
67354,q70_t230
67355,q70_t230
67355,q70_t231
67355,q7_t230
67355,q7_t231
67356,q70_t231
67356,q70_t232
67357,q70_t232
67357,q70_t233
67358,q70_t233
67358,q70_t234
67358,q8_t233
67358,q8_t234
67359,q70_t234
67359,q70_t235
67360,q70_t235
67360,q70_t236
67361,q70_t236
67361,q70_t237
67361,q9_t236
67361,q9_t237
67362,q70_t237
67362,q70_t238
67363,q70_t238
67363,q70_t239
67364,q70_t240
67364,q70_t241
67365,q70_t241
67365,q70_t242
67366,q70_t243
67366,q70_t244
67367,q70_t244
67367,q70_t245
67368,q70_t246
67368,q70_t247
67369,q70_t247
67369,q70_t248
67370,q70_t249
67370,q70_t250
67371,q70_t250
67371,q70_t251
67372,q70_t252
67372,q70_t253
67373,q70_t253
67373,q70_t254
67374,q70_t255
67374,q70_t256
67375,q70_t256
67375,q70_t257
67376,q70_t258
67376,q70_t259
67377,q70_t259
67377,q70_t260
67378,q70_t261
67378,q70_t262
67379,q70_t262
67379,q70_t263
67380,q70_t264
67380,q70_t265
67381,q70_t265
67381,q70_t266
67382,q70_t267
67382,q70_t268
67383,q70_t268
67383,q70_t269
67384,q70_t270
67384,q70_t271
67385,q70_t271
67385,q70_t272
67386,q70_t273
67386,q70_t274
67387,q70_t274
67387,q70_t275
67388,q70_t276
67388,q70_t277
67389,q70_t277
67389,q70_t278
67390,q70_t279
67390,q70_t280
67391,q70_t280
67391,q70_t281
67392,q70_t282
67392,q70_t283
67393,q70_t283
67393,q70_t284
67394,q70_t285
67394,q70_t286
67395,q70_t286
67395,q70_t287
67396,q70_t288
67396,q70_t289
67397,q70_t289
67397,q70_t290
67398,q70_t291
67398,q70_t292
67399,q70_t292
67399,q70_t293
67400,q70_t294
67400,q70_t295
67401,q70_t295
67401,q70_t296
67402,q70_t297
67402,q70_t298
67403,q70_t298
67403,q70_t299
67404,q70_t300
67404,q70_t301
67405,q70_t301
67405,q70_t302
67406,q70_t303
67406,q70_t304
67407,q70_t304
67407,q70_t305
67408,q70_t306
67408,q70_t307
67409,q70_t307
67409,q70_t308
67410,q70_t309
67410,q70_t310
67411,q70_t310
67411,q70_t311
67412,q70_t312
67412,q70_t313
67413,q70_t313
67413,q70_t314
67414,q70_t315
67414,q70_t316
67415,q70_t316
67415,q70_t317
67416,q70_t318
67416,q70_t319
67417,q70_t319
67417,q70_t320
67418,q70_t321
67418,q70_t322
67419,q70_t322
67419,q70_t323
67420,q70_t324
67420,q70_t325
67421,q70_t325
67421,q70_t326
67422,q70_t327
67422,q70_t328
67423,q70_t328
67423,q70_t329
67424,q70_t330
67424,q70_t331
67425,q70_t331
67425,q70_t332
67426,q70_t333
67426,q70_t334
67427,q70_t334
67427,q70_t335
67428,q70_t336
67428,q70_t337
67429,q70_t337
67429,q70_t338
67430,q70_t339
67430,q70_t340
67431,q70_t340
67431,q70_t341
67432,q70_t342
67432,q70_t343
67433,q70_t343
67433,q70_t344
67434,q70_t345
67434,q70_t346
67435,q70_t346
67435,q70_t347
67436,q70_t348
67436,q70_t349
67437,q70_t349
67437,q70_t350
67438,q70_t351
67438,q70_t352
67439,q70_t352
67439,q70_t353
67440,q70_t354
67440,q70_t355
67441,q70_t355
67441,q70_t356
67442,q70_t357
67442,q70_t358
67443,q70_t358
67443,q70_t359
67444,q70_t360
67444,q70_t361
67445,q70_t361
67445,q70_t362
67446,q70_t363
67446,q70_t364
67447,q70_t364
67447,q70_t365
67448,q70_t366
67448,q70_t367
67449,q70_t367
67449,q70_t368
67450,q70_t369
67450,q70_t370
67451,q70_t370
67451,q70_t371
67452,q70_t372
67452,q70_t373
67453,q70_t373
67453,q70_t374
67454,q70_t375
67454,q70_t376
67455,q70_t376
67455,q70_t377
67456,q70_t378
67456,q70_t379
67457,q70_t379
67457,q70_t380
67458,q70_t381
67458,q70_t382
67459,q70_t382
67459,q70_t383
67460,q70_t384
67460,q70_t385
67461,q70_t385
67461,q70_t386
67462,q70_t387
67462,q70_t388
67463,q70_t388
67463,q70_t389
67464,q70_t390
67464,q70_t391
67465,q70_t391
67465,q70_t392
67466,q70_t393
67466,q70_t394
67467,q70_t394
67467,q70_t395
67468,q70_t396
67468,q70_t397
67469,q70_t397
67469,q70_t398
67470,q70_t399
67470,q70_t400
67471,q70_t400
67471,q70_t401
67472,q70_t402
67472,q70_t403
67473,q70_t403
67473,q70_t404
67474,q70_t405
67474,q70_t406
67475,q70_t406
67475,q70_t407
67476,q70_t408
67476,q70_t409
67477,q70_t409
67477,q70_t410
67478,q70_t411
67478,q70_t412
67479,q70_t412
67479,q70_t413
67480,q70_t414
67480,q70_t415
67481,q70_t415
67481,q70_t416
67482,q70_t417
67482,q70_t418
67483,q70_t418
67483,q70_t422
67484,q70_t422
67484,q70_t423
67484,q71_t422
67484,q71_t423
67485,q70_t423
67485,q70_t424
67486,q70_t424
67486,q70_t425
67487,q70_t425
67487,q70_t426
67487,q72_t425
67487,q72_t426
67488,q70_t426
67488,q70_t427
67489,q70_t427
67489,q70_t428
67490,q70_t428
67490,q70_t429
67490,q73_t428
67490,q73_t429
67491,q70_t429
67491,q70_t430
67492,q70_t430
67492,q70_t431
67493,q70_t431
67493,q70_t432
67493,q74_t431
67493,q74_t432
67494,q70_t432
67494,q70_t433
67495,q70_t433
67495,q70_t434
67496,q70_t434
67496,q70_t435
67496,q75_t434
67496,q75_t435
67497,q70_t435
67497,q70_t436
67498,q70_t436
67498,q70_t437
67499,q70_t437
67499,q70_t438
67499,q76_t437
67499,q76_t438
67500,q70_t438
67500,q70_t439
67501,q70_t439
67501,q70_t440
67502,q70_t440
67502,q70_t441
67502,q77_t440
67502,q77_t441
67503,q70_t441
67503,q70_t442
67504,q70_t442
67504,q70_t443
67505,q70_t443
67505,q70_t444
67505,q78_t443
67505,q78_t444
67506,q70_t444
67506,q70_t445
67507,q70_t445
67507,q70_t446
67508,q70_t446
67508,q70_t447
67508,q79_t446
67508,q79_t447
67509,q70_t447
67509,q70_t448
67510,q70_t448
67510,q70_t449
67511,q70_t449
67511,q70_t450
67511,q80_t449
67511,q80_t450
67512,q70_t450
67512,q70_t451
67513,q70_t451
67513,q70_t452
67514,q70_t452
67514,q70_t453
67514,q81_t452
67514,q81_t453
67515,q70_t453
67515,q70_t454
67516,q70_t454
67516,q70_t455
67517,q70_t455
67517,q70_t456
67517,q82_t455
67517,q82_t456
67518,q70_t456
67518,q70_t457
67519,q70_t457
67519,q70_t458
67520,q70_t458
67520,q70_t459
67520,q83_t458
67520,q83_t459
67521,q70_t459
67521,q70_t460
67522,q70_t460
67522,q70_t461
67523,q70_t461
67523,q70_t462
67523,q84_t461
67523,q84_t462
67524,q70_t462
67524,q70_t463
67525,q70_t463
67525,q70_t464
67526,q70_t464
67526,q70_t465
67526,q85_t464
67526,q85_t465
67527,q70_t465
67527,q70_t466
67528,q70_t466
67528,q70_t467
67529,q70_t467
67529,q70_t468
67529,q86_t467
67529,q86_t468
67530,q70_t468
67530,q70_t469
67531,q70_t469
67531,q70_t470
67532,q70_t470
67532,q70_t471
67532,q87_t470
67532,q87_t471
67533,q70_t471
67533,q70_t472
67534,q70_t472
67534,q70_t473
67535,q70_t473
67535,q70_t474
67535,q88_t473
67535,q88_t474
67536,q70_t474
67536,q70_t475
67537,q70_t475
67537,q70_t476
67538,q70_t476
67538,q70_t477
67538,q89_t476
67538,q89_t477
67539,q70_t477
67539,q70_t478
67540,q70_t478
67540,q70_t479
67541,q70_t479
67541,q70_t480
67541,q90_t479
67541,q90_t480
67542,q70_t480
67542,q70_t481
67543,q70_t481
67543,q70_t482
67544,q70_t482
67544,q70_t483
67544,q91_t482
67544,q91_t483
67545,q70_t483
67545,q70_t484
67546,q70_t484
67546,q70_t485
67547,q70_t485
67547,q70_t486
67547,q92_t485
67547,q92_t486
67548,q70_t486
67548,q70_t487
67549,q70_t487
67549,q70_t488
67550,q70_t488
67550,q70_t489
67550,q93_t488
67550,q93_t489
67551,q70_t489
67551,q70_t490
67552,q70_t490
67552,q70_t491
67553,q70_t491
67553,q70_t492
67553,q94_t491
67553,q94_t492
67554,q70_t492
67554,q70_t493
67555,q70_t493
67555,q70_t494
67556,q70_t494
67556,q70_t495
67556,q95_t494
67556,q95_t495
67557,q70_t495
67557,q70_t496
67558,q70_t496
67558,q70_t497
67559,q70_t497
67559,q70_t498
67559,q96_t497
67559,q96_t498
67560,q70_t498
67560,q70_t499
67561,q70_t499
67561,q70_t500
67562,q70_t500
67562,q70_t501
67562,q97_t500
67562,q97_t501
67563,q70_t501
67563,q70_t502
67564,q70_t502
67564,q70_t503
67565,q70_t503
67565,q70_t504
67565,q98_t503
67565,q98_t504
67566,q70_t504
67566,q70_t505
67567,q70_t505
67567,q70_t506
67568,q70_t506
67568,q70_t507
67568,q99_t506
67568,q99_t507
67569,q70_t507
67569,q70_t508
67570,q70_t508
67570,q70_t509
67571,q70_t510
67571,q70_t511
67572,q70_t511
67572,q70_t512
67573,q70_t513
67573,q70_t514
67574,q70_t514
67574,q70_t515
67575,q70_t516
67575,q70_t517
67576,q70_t517
67576,q70_t518
67577,q70_t519
67577,q70_t520
67578,q70_t520
67578,q70_t521
67579,q70_t522
67579,q70_t523
67580,q70_t523
67580,q70_t524
67581,q70_t525
67581,q70_t526
67582,q70_t526
67582,q70_t527
67583,q70_t528
67583,q70_t529
67584,q70_t529
67584,q70_t530
67585,q70_t531
67585,q70_t532
67586,q70_t532
67586,q70_t533
67587,q70_t534
67587,q70_t535
67588,q70_t535
67588,q70_t536
67589,q70_t537
67589,q70_t538
67590,q70_t538
67590,q70_t539
67591,q70_t539
67591,q70_t540
67592,q70_t541
67592,q70_t542
67593,q70_t542
67593,q70_t543
67594,q70_t544
67594,q70_t545
67595,q70_t545
67595,q70_t546
67596,q70_t547
67596,q70_t548
67597,q70_t548
67597,q70_t549
67598,q70_t550
67598,q70_t551
67599,q70_t551
67599,q70_t552
67600,q70_t553
67600,q70_t554
67601,q70_t554
67601,q70_t555
67602,q70_t556
67602,q70_t557
67603,q70_t557
67603,q70_t558
67604,q70_t559
67604,q70_t560
67605,q70_t560
67605,q70_t561
67606,q70_t561
67606,q70_t562
67606,q7_t561
67606,q7_t562
67607,q70_t562
67607,q70_t563
67608,q70_t563
67608,q70_t564
67609,q70_t564
67609,q70_t565
67609,q8_t564
67609,q8_t565
67610,q70_t565
67610,q70_t566
67611,q70_t566
67611,q70_t567
67612,q70_t567
67612,q70_t568
67612,q9_t567
67612,q9_t568
67613,q70_t568
67613,q70_t569
67614,q70_t569
67614,q70_t570
67615,q70_t571
67615,q70_t572
67616,q70_t572
67616,q70_t573
67617,q70_t574
67617,q70_t575
67618,q70_t575
67618,q70_t576
67619,q70_t577
67619,q70_t578
67620,q70_t578
67620,q70_t579
67621,q70_t580
67621,q70_t581
67622,q70_t581
67622,q70_t582
67623,q70_t583
67623,q70_t584
67624,q70_t584
67624,q70_t585
67625,q70_t586
67625,q70_t587
67626,q70_t587
67626,q70_t588
67627,q70_t589
67627,q70_t590
67628,q70_t590
67628,q70_t591
67629,q70_t592
67629,q70_t593
67630,q70_t593
67630,q70_t594
67631,q70_t595
67631,q70_t596
67632,q70_t596
67632,q70_t597
67633,q70_t598
67633,q70_t599
67634,q70_t599
67634,q70_t600
67635,q70_t601
67635,q70_t602
67636,q70_t602
67636,q70_t603
67637,q70_t604
67637,q70_t605
67638,q70_t605
67638,q70_t606
67639,q70_t607
67639,q70_t608
67640,q70_t608
67640,q70_t609
67641,q70_t610
67641,q70_t611
67642,q70_t611
67642,q70_t612
67643,q70_t613
67643,q70_t614
67644,q70_t614
67644,q70_t615
67645,q70_t616
67645,q70_t617
67646,q70_t617
67646,q70_t618
67647,q70_t619
67647,q70_t620
67648,q70_t620
67648,q70_t621
67649,q70_t622
67649,q70_t623
67650,q70_t623
67650,q70_t624
67651,q70_t625
67651,q70_t626
67652,q70_t626
67652,q70_t627
67653,q70_t628
67653,q70_t629
67654,q70_t629
67654,q70_t630
67655,q70_t631
67655,q70_t632
67656,q70_t632
67656,q70_t633
67657,q70_t634
67657,q70_t635
67658,q70_t635
67658,q70_t636
67659,q70_t637
67659,q70_t638
67660,q70_t638
67660,q70_t639
67661,q70_t640
67661,q70_t641
67662,q70_t641
67662,q70_t642
67663,q70_t643
67663,q70_t644
67664,q70_t644
67664,q70_t645
67665,q70_t646
67665,q70_t647
67666,q70_t647
67666,q70_t648
67667,q70_t649
67667,q70_t650
67668,q70_t650
67668,q70_t651
67669,q70_t652
67669,q70_t653
67670,q70_t653
67670,q70_t654
67671,q70_t655
67671,q70_t656
67672,q70_t656
67672,q70_t657
67673,q70_t658
67673,q70_t659
67674,q70_t659
67674,q70_t660
67675,q70_t661
67675,q70_t662
67676,q70_t662
67676,q70_t663
67677,q70_t664
67677,q70_t665
67678,q70_t665
67678,q70_t666
67679,q70_t667
67679,q70_t668
67680,q70_t668
67680,q70_t669
67681,q70_t670
67681,q70_t671
67682,q70_t671
67682,q70_t672
67683,q70_t673
67683,q70_t674
67684,q70_t674
67684,q70_t675
67685,q70_t676
67685,q70_t677
67686,q70_t677
67686,q70_t678
67687,q70_t679
67687,q70_t680
67688,q70_t680
67688,q70_t681
67689,q70_t682
67689,q70_t683
67690,q70_t683
67690,q70_t684
67691,q70_t685
67691,q70_t686
67692,q70_t686
67692,q70_t687
67693,q70_t688
67693,q70_t689
67694,q70_t689
67694,q70_t690
67695,q70_t691
67695,q70_t692
67696,q70_t692
67696,q70_t693
67697,q70_t694
67697,q70_t695
67698,q70_t695
67698,q70_t696
67699,q70_t697
67699,q70_t698
67700,q70_t698
67700,q70_t699
67701,q70_t700
67701,q70_t701
67702,q70_t701
67702,q70_t702
67703,q70_t703
67703,q70_t704
67704,q70_t704
67704,q70_t705
67705,q70_t706
67705,q70_t707
67706,q70_t707
67706,q70_t708
67707,q70_t709
67707,q70_t710
67708,q70_t710
67708,q70_t711
67709,q70_t712
67709,q70_t713
67710,q70_t713
67710,q70_t714
67711,q70_t715
67711,q70_t716
67712,q70_t716
67712,q70_t717
67713,q70_t718
67713,q70_t719
67714,q70_t719
67714,q70_t720
67715,q70_t721
67715,q70_t722
67716,q70_t722
67716,q70_t723
67717,q70_t724
67717,q70_t725
67718,q70_t725
67718,q70_t726
67719,q70_t727
67719,q70_t728
67720,q70_t728
67720,q70_t729
67721,q70_t730
67721,q70_t731
67722,q70_t731
67722,q70_t732
67723,q70_t733
67723,q70_t734
67724,q70_t734
67724,q70_t735
67725,q70_t736
67725,q70_t737
67726,q70_t737
67726,q70_t738
67727,q70_t739
67727,q70_t740
67728,q70_t740
67728,q70_t741
67729,q70_t742
67729,q70_t743
67730,q70_t743
67730,q70_t744
67731,q70_t745
67731,q70_t746
67732,q70_t746
67732,q70_t747
67733,q70_t748
67733,q70_t749
67734,q70_t749
67734,q70_t753
67735,q70_t753
67735,q70_t754
67735,q71_t753
67735,q71_t754
67736,q70_t754
67736,q70_t755
67737,q70_t755
67737,q70_t756
67738,q70_t756
67738,q70_t757
67738,q72_t756
67738,q72_t757
67739,q70_t757
67739,q70_t758
67740,q70_t758
67740,q70_t759
67741,q70_t759
67741,q70_t760
67741,q73_t759
67741,q73_t760
67742,q70_t760
67742,q70_t761
67743,q70_t761
67743,q70_t762
67744,q70_t762
67744,q70_t763
67744,q74_t762
67744,q74_t763
67745,q70_t763
67745,q70_t764
67746,q70_t764
67746,q70_t765
67747,q70_t765
67747,q70_t766
67747,q75_t765
67747,q75_t766
67748,q70_t766
67748,q70_t767
67749,q70_t767
67749,q70_t768
67750,q70_t768
67750,q70_t769
67750,q76_t768
67750,q76_t769
67751,q70_t769
67751,q70_t770
67752,q70_t770
67752,q70_t771
67753,q70_t771
67753,q70_t772
67753,q77_t771
67753,q77_t772
67754,q70_t772
67754,q70_t773
67755,q70_t773
67755,q70_t774
67756,q70_t774
67756,q70_t775
67756,q78_t774
67756,q78_t775
67757,q70_t775
67757,q70_t776
67758,q70_t776
67758,q70_t777
67759,q70_t777
67759,q70_t778
67759,q79_t777
67759,q79_t778
67760,q70_t778
67760,q70_t779
67761,q70_t779
67761,q70_t780
67762,q70_t780
67762,q70_t781
67762,q80_t780
67762,q80_t781
67763,q70_t781
67763,q70_t782
67764,q70_t782
67764,q70_t783
67765,q70_t783
67765,q70_t784
67765,q81_t783
67765,q81_t784
67766,q70_t784
67766,q70_t785
67767,q70_t785
67767,q70_t786
67768,q70_t786
67768,q70_t787
67768,q82_t786
67768,q82_t787
67769,q70_t787
67769,q70_t788
67770,q70_t788
67770,q70_t789
67771,q70_t789
67771,q70_t790
67771,q83_t789
67771,q83_t790
67772,q70_t790
67772,q70_t791
67773,q70_t791
67773,q70_t792
67774,q70_t792
67774,q70_t793
67774,q84_t792
67774,q84_t793
67775,q70_t793
67775,q70_t794
67776,q70_t794
67776,q70_t795
67777,q70_t795
67777,q70_t796
67777,q85_t795
67777,q85_t796
67778,q70_t796
67778,q70_t797
67779,q70_t797
67779,q70_t798
67780,q70_t798
67780,q70_t799
67780,q86_t798
67780,q86_t799
67781,q70_t799
67781,q70_t800
67782,q70_t800
67782,q70_t801
67783,q70_t801
67783,q70_t802
67783,q87_t801
67783,q87_t802
67784,q70_t802
67784,q70_t803
67785,q70_t803
67785,q70_t804
67786,q70_t804
67786,q70_t805
67786,q88_t804
67786,q88_t805
67787,q70_t805
67787,q70_t806
67788,q70_t806
67788,q70_t807
67789,q70_t807
67789,q70_t808
67789,q89_t807
67789,q89_t808
67790,q70_t808
67790,q70_t809
67791,q70_t809
67791,q70_t810
67792,q70_t810
67792,q70_t811
67792,q90_t810
67792,q90_t811
67793,q70_t811
67793,q70_t812
67794,q70_t812
67794,q70_t813
67795,q70_t813
67795,q70_t814
67795,q91_t813
67795,q91_t814
67796,q70_t814
67796,q70_t815
67797,q70_t815
67797,q70_t816
67798,q70_t816
67798,q70_t817
67798,q92_t816
67798,q92_t817
67799,q70_t817
67799,q70_t818
67800,q70_t818
67800,q70_t819
67801,q70_t819
67801,q70_t820
67801,q93_t819
67801,q93_t820
67802,q70_t820
67802,q70_t821
67803,q70_t821
67803,q70_t822
67804,q70_t822
67804,q70_t823
67804,q94_t822
67804,q94_t823
67805,q70_t823
67805,q70_t824
67806,q70_t824
67806,q70_t825
67807,q70_t825
67807,q70_t826
67807,q95_t825
67807,q95_t826
67808,q70_t826
67808,q70_t827
67809,q70_t827
67809,q70_t828
67810,q70_t828
67810,q70_t829
67810,q96_t828
67810,q96_t829
67811,q70_t829
67811,q70_t830
67812,q70_t830
67812,q70_t831
67813,q70_t831
67813,q70_t832
67813,q97_t831
67813,q97_t832
67814,q70_t832
67814,q70_t833
67815,q70_t833
67815,q70_t834
67816,q70_t834
67816,q70_t835
67816,q98_t834
67816,q98_t835
67817,q70_t835
67817,q70_t836
67818,q70_t836
67818,q70_t837
67819,q70_t837
67819,q70_t838
67819,q99_t837
67819,q99_t838
67820,q70_t838
67820,q70_t839
67821,q70_t839
67821,q70_t840
67822,q70_t841
67822,q70_t842
67823,q70_t842
67823,q70_t843
67824,q70_t844
67824,q70_t845
67825,q70_t845
67825,q70_t846
67826,q70_t847
67826,q70_t848
67827,q70_t848
67827,q70_t849
67828,q70_t850
67828,q70_t851
67829,q70_t851
67829,q70_t852
67830,q70_t853
67830,q70_t854
67831,q70_t854
67831,q70_t855
67832,q70_t856
67832,q70_t857
67833,q70_t857
67833,q70_t858
67834,q70_t859
67834,q70_t860
67835,q70_t860
67835,q70_t861
67836,q70_t862
67836,q70_t863
67837,q70_t863
67837,q70_t864
67838,q70_t865
67838,q70_t866
67839,q70_t866
67839,q70_t867
67840,q70_t868
67840,q70_t869
67841,q70_t869
67841,q70_t870
67842,q70_t870
67842,q70_t871
67843,q70_t872
67843,q70_t873
67844,q70_t873
67844,q70_t874
67845,q70_t875
67845,q70_t876
67846,q70_t876
67846,q70_t877
67847,q70_t878
67847,q70_t879
67848,q70_t879
67848,q70_t880
67849,q70_t881
67849,q70_t882
67850,q70_t882
67850,q70_t883
67851,q70_t884
67851,q70_t885
67852,q70_t885
67852,q70_t886
67853,q70_t887
67853,q70_t888
67854,q70_t888
67854,q70_t889
67855,q70_t890
67855,q70_t891
67856,q70_t891
67856,q70_t892
67857,q70_t892
67857,q70_t893
67857,q7_t892
67857,q7_t893
67858,q70_t893
67858,q70_t894
67859,q70_t894
67859,q70_t895
67860,q70_t895
67860,q70_t896
67860,q8_t895
67860,q8_t896
67861,q70_t896
67861,q70_t897
67862,q70_t897
67862,q70_t898
67863,q70_t898
67863,q70_t899
67863,q9_t898
67863,q9_t899
67864,q70_t899
67864,q70_t900
67865,q70_t900
67865,q70_t901
67866,q70_t902
67866,q70_t903
67867,q70_t903
67867,q70_t904
67868,q70_t905
67868,q70_t906
67869,q70_t906
67869,q70_t907
67870,q70_t908
67870,q70_t909
67871,q70_t909
67871,q70_t910
67872,q70_t911
67872,q70_t912
67873,q70_t912
67873,q70_t913
67874,q70_t914
67874,q70_t915
67875,q70_t915
67875,q70_t916
67876,q70_t917
67876,q70_t918
67877,q70_t918
67877,q70_t919
67878,q70_t920
67878,q70_t921
67879,q70_t921
67879,q70_t922
67880,q70_t923
67880,q70_t924
67881,q70_t924
67881,q70_t925
67882,q70_t926
67882,q70_t927
67883,q70_t927
67883,q70_t928
67884,q70_t929
67884,q70_t930
67885,q70_t930
67885,q70_t931
67886,q70_t932
67886,q70_t933
67887,q70_t933
67887,q70_t934
67888,q70_t935
67888,q70_t936
67889,q70_t936
67889,q70_t937
67890,q70_t938
67890,q70_t939
67891,q70_t939
67891,q70_t940
67892,q70_t941
67892,q70_t942
67893,q70_t942
67893,q70_t943
67894,q70_t944
67894,q70_t945
67895,q70_t945
67895,q70_t946
67896,q70_t947
67896,q70_t948
67897,q70_t948
67897,q70_t949
67898,q70_t950
67898,q70_t951
67899,q70_t951
67899,q70_t952
67900,q70_t953
67900,q70_t954
67901,q70_t954
67901,q70_t955
67902,q70_t956
67902,q70_t957
67903,q70_t957
67903,q70_t958
67904,q70_t959
67904,q70_t960
67905,q70_t960
67905,q70_t961
67906,q70_t962
67906,q70_t963
67907,q70_t963
67907,q70_t964
67908,q70_t965
67908,q70_t966
67909,q70_t966
67909,q70_t967
67910,q70_t968
67910,q70_t969
67911,q70_t969
67911,q70_t970
67912,q70_t971
67912,q70_t972
67913,q70_t972
67913,q70_t973
67914,q70_t974
67914,q70_t975
67915,q70_t975
67915,q70_t976
67916,q70_t977
67916,q70_t978
67917,q70_t978
67917,q70_t979
67918,q70_t980
67918,q70_t981
67919,q70_t981
67919,q70_t982
67920,q70_t983
67920,q70_t984
67921,q70_t984
67921,q70_t985
67922,q70_t986
67922,q70_t987
67923,q70_t987
67923,q70_t988
67924,q70_t989
67924,q70_t990
67925,q70_t990
67925,q70_t991
67926,q70_t992
67926,q70_t993
67927,q70_t993
67927,q70_t994
67928,q70_t995
67928,q70_t996
67929,q70_t996
67929,q70_t997
67930,q70_t998
67930,q70_t999
67931,q71_t0
67931,q71_t1
67932,q71_t1
67932,q71_t212
67933,q71_t1000
67933,q71_t999
67934,q71_t1001
67934,q71_t1002
67935,q71_t1002
67935,q71_t1003
67936,q71_t1004
67936,q71_t1005
67937,q71_t1005
67937,q71_t1006
67938,q71_t1007
67938,q71_t1008
67939,q71_t1008
67939,q71_t1009
67940,q71_t1010
67940,q71_t1011
67941,q71_t1011
67941,q71_t1012
67942,q71_t1013
67942,q71_t1014
67943,q71_t1014
67943,q71_t1015
67944,q71_t1016
67944,q71_t1017
67945,q71_t1017
67945,q71_t1018
67946,q71_t1019
67946,q71_t1020
67947,q71_t1020
67947,q71_t1021
67948,q71_t1022
67948,q71_t1023
67949,q71_t1023
67949,q71_t1024
67950,q71_t1025
67950,q71_t1026
67951,q71_t1026
67951,q71_t1027
67952,q71_t1028
67952,q71_t1029
67953,q71_t1029
67953,q71_t1030
67954,q71_t1031
67954,q71_t1032
67955,q71_t1032
67955,q71_t1033
67956,q71_t1034
67956,q71_t1035
67957,q71_t1035
67957,q71_t1036
67958,q71_t1037
67958,q71_t1038
67959,q71_t1038
67959,q71_t1039
67960,q71_t1040
67960,q71_t1041
67961,q71_t1041
67961,q71_t1042
67962,q71_t1043
67962,q71_t1044
67963,q71_t1044
67963,q71_t1045
67964,q71_t1046
67964,q71_t1047
67965,q71_t1047
67965,q71_t1048
67966,q71_t1049
67966,q71_t1050
67967,q71_t1050
67967,q71_t1051
67968,q71_t1052
67968,q71_t1053
67969,q71_t1053
67969,q71_t1054
67970,q71_t1055
67970,q71_t1056
67971,q71_t1056
67971,q71_t1057
67972,q71_t1058
67972,q71_t1059
67973,q71_t1059
67973,q71_t1060
67974,q71_t1061
67974,q71_t1062
67975,q71_t1062
67975,q71_t1063
67976,q71_t1064
67976,q71_t1065
67977,q71_t1065
67977,q71_t1066
67978,q71_t1067
67978,q71_t1068
67979,q71_t1068
67979,q71_t1069
67980,q71_t1070
67980,q71_t1071
67981,q71_t1071
67981,q71_t1072
67982,q71_t1073
67982,q71_t1074
67983,q71_t1074
67983,q71_t1075
67984,q71_t1076
67984,q71_t1077
67985,q71_t1077
67985,q71_t1078
67986,q71_t1079
67986,q71_t1080
67987,q71_t1080
67987,q71_t1081
67988,q71_t1082
67988,q71_t1083
67989,q71_t1083
67989,q71_t1084
67990,q71_t1085
67990,q71_t1086
67991,q71_t1086
67991,q71_t1090
67992,q71_t1090
67992,q71_t1091
67992,q72_t1090
67992,q72_t1091
67993,q71_t1091
67993,q71_t1092
67994,q71_t1092
67994,q71_t1093
67995,q71_t1093
67995,q71_t1094
67995,q73_t1093
67995,q73_t1094
67996,q71_t1094
67996,q71_t1095
67997,q71_t1095
67997,q71_t1096
67998,q71_t1096
67998,q71_t1097
67998,q74_t1096
67998,q74_t1097
67999,q71_t1097
67999,q71_t1098
68000,q71_t1098
68000,q71_t1099
68001,q71_t1099
68001,q71_t1100
68001,q75_t1099
68001,q75_t1100
68002,q71_t1100
68002,q71_t1101
68003,q71_t1101
68003,q71_t1102
68004,q71_t1102
68004,q71_t1103
68004,q76_t1102
68004,q76_t1103
68005,q71_t1103
68005,q71_t1104
68006,q71_t1104
68006,q71_t1105
68007,q71_t1105
68007,q71_t1106
68007,q77_t1105
68007,q77_t1106
68008,q71_t1106
68008,q71_t1107
68009,q71_t1107
68009,q71_t1108
68010,q71_t1108
68010,q71_t1109
68010,q78_t1108
68010,q78_t1109
68011,q71_t1109
68011,q71_t1110
68012,q71_t1110
68012,q71_t1111
68013,q71_t1111
68013,q71_t1112
68013,q79_t1111
68013,q79_t1112
68014,q71_t1112
68014,q71_t1113
68015,q71_t1113
68015,q71_t1114
68016,q71_t1114
68016,q71_t1115
68016,q80_t1114
68016,q80_t1115
68017,q71_t1115
68017,q71_t1116
68018,q71_t1116
68018,q71_t1117
68019,q71_t1117
68019,q71_t1118
68019,q81_t1117
68019,q81_t1118
68020,q71_t1118
68020,q71_t1119
68021,q71_t1119
68021,q71_t1120
68022,q71_t1120
68022,q71_t1121
68022,q82_t1120
68022,q82_t1121
68023,q71_t1121
68023,q71_t1122
68024,q71_t1122
68024,q71_t1123
68025,q71_t1123
68025,q71_t1124
68025,q83_t1123
68025,q83_t1124
68026,q71_t1124
68026,q71_t1125
68027,q71_t1125
68027,q71_t1126
68028,q71_t1126
68028,q71_t1127
68028,q84_t1126
68028,q84_t1127
68029,q71_t1127
68029,q71_t1128
68030,q71_t1128
68030,q71_t1129
68031,q71_t1129
68031,q71_t1130
68031,q85_t1129
68031,q85_t1130
68032,q71_t1130
68032,q71_t1131
68033,q71_t1131
68033,q71_t1132
68034,q71_t1132
68034,q71_t1133
68034,q86_t1132
68034,q86_t1133
68035,q71_t1133
68035,q71_t1134
68036,q71_t1134
68036,q71_t1135
68037,q71_t1135
68037,q71_t1136
68037,q87_t1135
68037,q87_t1136
68038,q71_t1136
68038,q71_t1137
68039,q71_t1137
68039,q71_t1138
68040,q71_t1138
68040,q71_t1139
68040,q88_t1138
68040,q88_t1139
68041,q71_t1139
68041,q71_t1140
68042,q71_t1140
68042,q71_t1141
68043,q71_t1141
68043,q71_t1142
68043,q89_t1141
68043,q89_t1142
68044,q71_t1142
68044,q71_t1143
68045,q71_t1143
68045,q71_t1144
68046,q71_t1144
68046,q71_t1145
68046,q90_t1144
68046,q90_t1145
68047,q71_t1145
68047,q71_t1146
68048,q71_t1146
68048,q71_t1147
68049,q71_t1147
68049,q71_t1148
68049,q91_t1147
68049,q91_t1148
68050,q71_t1148
68050,q71_t1149
68051,q71_t1149
68051,q71_t1150
68052,q71_t1150
68052,q71_t1151
68052,q92_t1150
68052,q92_t1151
68053,q71_t1151
68053,q71_t1152
68054,q71_t1152
68054,q71_t1153
68055,q71_t1153
68055,q71_t1154
68055,q93_t1153
68055,q93_t1154
68056,q71_t1154
68056,q71_t1155
68057,q71_t1155
68057,q71_t1156
68058,q71_t1156
68058,q71_t1157
68058,q94_t1156
68058,q94_t1157
68059,q71_t1157
68059,q71_t1158
68060,q71_t1158
68060,q71_t1159
68061,q71_t1159
68061,q71_t1160
68061,q95_t1159
68061,q95_t1160
68062,q71_t1160
68062,q71_t1161
68063,q71_t1161
68063,q71_t1162
68064,q71_t1162
68064,q71_t1163
68064,q96_t1162
68064,q96_t1163
68065,q71_t1163
68065,q71_t1164
68066,q71_t1164
68066,q71_t1165
68067,q71_t1165
68067,q71_t1166
68067,q97_t1165
68067,q97_t1166
68068,q71_t1166
68068,q71_t1167
68069,q71_t1167
68069,q71_t1168
68070,q71_t1168
68070,q71_t1169
68070,q98_t1168
68070,q98_t1169
68071,q71_t1169
68071,q71_t1170
68072,q71_t1170
68072,q71_t1171
68073,q71_t1171
68073,q71_t1172
68073,q99_t1171
68073,q99_t1172
68074,q71_t1172
68074,q71_t1173
68075,q71_t1173
68075,q71_t1174
68076,q71_t1175
68076,q71_t1176
68077,q71_t1176
68077,q71_t1177
68078,q71_t1178
68078,q71_t1179
68079,q71_t1179
68079,q71_t1180
68080,q71_t1181
68080,q71_t1182
68081,q71_t1182
68081,q71_t1183
68082,q71_t1184
68082,q71_t1185
68083,q71_t1185
68083,q71_t1186
68084,q71_t1187
68084,q71_t1188
68085,q71_t1188
68085,q71_t1189
68086,q71_t1190
68086,q71_t1191
68087,q71_t1191
68087,q71_t1192
68088,q71_t1193
68088,q71_t1194
68089,q71_t1194
68089,q71_t1195
68090,q71_t1196
68090,q71_t1197
68091,q71_t1197
68091,q71_t1198
68092,q71_t1199
68092,q71_t1200
68093,q71_t1200
68093,q71_t1201
68094,q71_t1202
68094,q71_t1203
68095,q71_t1203
68095,q71_t1204
68096,q71_t213
68096,q71_t214
68097,q71_t214
68097,q71_t215
68098,q71_t216
68098,q71_t217
68099,q71_t217
68099,q71_t218
68100,q71_t219
68100,q71_t220
68101,q71_t220
68101,q71_t221
68102,q71_t222
68102,q71_t223
68103,q71_t223
68103,q71_t224
68104,q71_t225
68104,q71_t226
68105,q71_t226
68105,q71_t227
68106,q71_t228
68106,q71_t229
68107,q71_t229
68107,q71_t230
68108,q71_t231
68108,q71_t232
68109,q71_t232
68109,q71_t233
68110,q71_t233
68110,q71_t234
68110,q7_t233
68110,q7_t234
68111,q71_t234
68111,q71_t235
68112,q71_t235
68112,q71_t236
68113,q71_t236
68113,q71_t237
68113,q8_t236
68113,q8_t237
68114,q71_t237
68114,q71_t238
68115,q71_t238
68115,q71_t239
68116,q71_t239
68116,q71_t240
68116,q9_t239
68116,q9_t240
68117,q71_t240
68117,q71_t241
68118,q71_t241
68118,q71_t242
68119,q71_t243
68119,q71_t244
68120,q71_t244
68120,q71_t245
68121,q71_t246
68121,q71_t247
68122,q71_t247
68122,q71_t248
68123,q71_t249
68123,q71_t250
68124,q71_t250
68124,q71_t251
68125,q71_t252
68125,q71_t253
68126,q71_t253
68126,q71_t254
68127,q71_t255
68127,q71_t256
68128,q71_t256
68128,q71_t257
68129,q71_t258
68129,q71_t259
68130,q71_t259
68130,q71_t260
68131,q71_t261
68131,q71_t262
68132,q71_t262
68132,q71_t263
68133,q71_t264
68133,q71_t265
68134,q71_t265
68134,q71_t266
68135,q71_t267
68135,q71_t268
68136,q71_t268
68136,q71_t269
68137,q71_t270
68137,q71_t271
68138,q71_t271
68138,q71_t272
68139,q71_t273
68139,q71_t274
68140,q71_t274
68140,q71_t275
68141,q71_t276
68141,q71_t277
68142,q71_t277
68142,q71_t278
68143,q71_t279
68143,q71_t280
68144,q71_t280
68144,q71_t281
68145,q71_t282
68145,q71_t283
68146,q71_t283
68146,q71_t284
68147,q71_t285
68147,q71_t286
68148,q71_t286
68148,q71_t287
68149,q71_t288
68149,q71_t289
68150,q71_t289
68150,q71_t290
68151,q71_t291
68151,q71_t292
68152,q71_t292
68152,q71_t293
68153,q71_t294
68153,q71_t295
68154,q71_t295
68154,q71_t296
68155,q71_t297
68155,q71_t298
68156,q71_t298
68156,q71_t299
68157,q71_t300
68157,q71_t301
68158,q71_t301
68158,q71_t302
68159,q71_t303
68159,q71_t304
68160,q71_t304
68160,q71_t305
68161,q71_t306
68161,q71_t307
68162,q71_t307
68162,q71_t308
68163,q71_t309
68163,q71_t310
68164,q71_t310
68164,q71_t311
68165,q71_t312
68165,q71_t313
68166,q71_t313
68166,q71_t314
68167,q71_t315
68167,q71_t316
68168,q71_t316
68168,q71_t317
68169,q71_t318
68169,q71_t319
68170,q71_t319
68170,q71_t320
68171,q71_t321
68171,q71_t322
68172,q71_t322
68172,q71_t323
68173,q71_t324
68173,q71_t325
68174,q71_t325
68174,q71_t326
68175,q71_t327
68175,q71_t328
68176,q71_t328
68176,q71_t329
68177,q71_t330
68177,q71_t331
68178,q71_t331
68178,q71_t332
68179,q71_t333
68179,q71_t334
68180,q71_t334
68180,q71_t335
68181,q71_t336
68181,q71_t337
68182,q71_t337
68182,q71_t338
68183,q71_t339
68183,q71_t340
68184,q71_t340
68184,q71_t341
68185,q71_t342
68185,q71_t343
68186,q71_t343
68186,q71_t344
68187,q71_t345
68187,q71_t346
68188,q71_t346
68188,q71_t347
68189,q71_t348
68189,q71_t349
68190,q71_t349
68190,q71_t350
68191,q71_t351
68191,q71_t352
68192,q71_t352
68192,q71_t353
68193,q71_t354
68193,q71_t355
68194,q71_t355
68194,q71_t356
68195,q71_t357
68195,q71_t358
68196,q71_t358
68196,q71_t359
68197,q71_t360
68197,q71_t361
68198,q71_t361
68198,q71_t362
68199,q71_t363
68199,q71_t364
68200,q71_t364
68200,q71_t365
68201,q71_t366
68201,q71_t367
68202,q71_t367
68202,q71_t368
68203,q71_t369
68203,q71_t370
68204,q71_t370
68204,q71_t371
68205,q71_t372
68205,q71_t373
68206,q71_t373
68206,q71_t374
68207,q71_t375
68207,q71_t376
68208,q71_t376
68208,q71_t377
68209,q71_t378
68209,q71_t379
68210,q71_t379
68210,q71_t380
68211,q71_t381
68211,q71_t382
68212,q71_t382
68212,q71_t383
68213,q71_t384
68213,q71_t385
68214,q71_t385
68214,q71_t386
68215,q71_t387
68215,q71_t388
68216,q71_t388
68216,q71_t389
68217,q71_t390
68217,q71_t391
68218,q71_t391
68218,q71_t392
68219,q71_t393
68219,q71_t394
68220,q71_t394
68220,q71_t395
68221,q71_t396
68221,q71_t397
68222,q71_t397
68222,q71_t398
68223,q71_t399
68223,q71_t400
68224,q71_t400
68224,q71_t401
68225,q71_t402
68225,q71_t403
68226,q71_t403
68226,q71_t404
68227,q71_t405
68227,q71_t406
68228,q71_t406
68228,q71_t407
68229,q71_t408
68229,q71_t409
68230,q71_t409
68230,q71_t410
68231,q71_t411
68231,q71_t412
68232,q71_t412
68232,q71_t413
68233,q71_t414
68233,q71_t415
68234,q71_t415
68234,q71_t416
68235,q71_t417
68235,q71_t418
68236,q71_t418
68236,q71_t419
68237,q71_t420
68237,q71_t421
68238,q71_t421
68238,q71_t422
68239,q71_t423
68239,q71_t424
68240,q71_t424
68240,q71_t428
68241,q71_t428
68241,q71_t429
68241,q72_t428
68241,q72_t429
68242,q71_t429
68242,q71_t430
68243,q71_t430
68243,q71_t431
68244,q71_t431
68244,q71_t432
68244,q73_t431
68244,q73_t432
68245,q71_t432
68245,q71_t433
68246,q71_t433
68246,q71_t434
68247,q71_t434
68247,q71_t435
68247,q74_t434
68247,q74_t435
68248,q71_t435
68248,q71_t436
68249,q71_t436
68249,q71_t437
68250,q71_t437
68250,q71_t438
68250,q75_t437
68250,q75_t438
68251,q71_t438
68251,q71_t439
68252,q71_t439
68252,q71_t440
68253,q71_t440
68253,q71_t441
68253,q76_t440
68253,q76_t441
68254,q71_t441
68254,q71_t442
68255,q71_t442
68255,q71_t443
68256,q71_t443
68256,q71_t444
68256,q77_t443
68256,q77_t444
68257,q71_t444
68257,q71_t445
68258,q71_t445
68258,q71_t446
68259,q71_t446
68259,q71_t447
68259,q78_t446
68259,q78_t447
68260,q71_t447
68260,q71_t448
68261,q71_t448
68261,q71_t449
68262,q71_t449
68262,q71_t450
68262,q79_t449
68262,q79_t450
68263,q71_t450
68263,q71_t451
68264,q71_t451
68264,q71_t452
68265,q71_t452
68265,q71_t453
68265,q80_t452
68265,q80_t453
68266,q71_t453
68266,q71_t454
68267,q71_t454
68267,q71_t455
68268,q71_t455
68268,q71_t456
68268,q81_t455
68268,q81_t456
68269,q71_t456
68269,q71_t457
68270,q71_t457
68270,q71_t458
68271,q71_t458
68271,q71_t459
68271,q82_t458
68271,q82_t459
68272,q71_t459
68272,q71_t460
68273,q71_t460
68273,q71_t461
68274,q71_t461
68274,q71_t462
68274,q83_t461
68274,q83_t462
68275,q71_t462
68275,q71_t463
68276,q71_t463
68276,q71_t464
68277,q71_t464
68277,q71_t465
68277,q84_t464
68277,q84_t465
68278,q71_t465
68278,q71_t466
68279,q71_t466
68279,q71_t467
68280,q71_t467
68280,q71_t468
68280,q85_t467
68280,q85_t468
68281,q71_t468
68281,q71_t469
68282,q71_t469
68282,q71_t470
68283,q71_t470
68283,q71_t471
68283,q86_t470
68283,q86_t471
68284,q71_t471
68284,q71_t472
68285,q71_t472
68285,q71_t473
68286,q71_t473
68286,q71_t474
68286,q87_t473
68286,q87_t474
68287,q71_t474
68287,q71_t475
68288,q71_t475
68288,q71_t476
68289,q71_t476
68289,q71_t477
68289,q88_t476
68289,q88_t477
68290,q71_t477
68290,q71_t478
68291,q71_t478
68291,q71_t479
68292,q71_t479
68292,q71_t480
68292,q89_t479
68292,q89_t480
68293,q71_t480
68293,q71_t481
68294,q71_t481
68294,q71_t482
68295,q71_t482
68295,q71_t483
68295,q90_t482
68295,q90_t483
68296,q71_t483
68296,q71_t484
68297,q71_t484
68297,q71_t485
68298,q71_t485
68298,q71_t486
68298,q91_t485
68298,q91_t486
68299,q71_t486
68299,q71_t487
68300,q71_t487
68300,q71_t488
68301,q71_t488
68301,q71_t489
68301,q92_t488
68301,q92_t489
68302,q71_t489
68302,q71_t490
68303,q71_t490
68303,q71_t491
68304,q71_t491
68304,q71_t492
68304,q93_t491
68304,q93_t492
68305,q71_t492
68305,q71_t493
68306,q71_t493
68306,q71_t494
68307,q71_t494
68307,q71_t495
68307,q94_t494
68307,q94_t495
68308,q71_t495
68308,q71_t496
68309,q71_t496
68309,q71_t497
68310,q71_t497
68310,q71_t498
68310,q95_t497
68310,q95_t498
68311,q71_t498
68311,q71_t499
68312,q71_t499
68312,q71_t500
68313,q71_t500
68313,q71_t501
68313,q96_t500
68313,q96_t501
68314,q71_t501
68314,q71_t502
68315,q71_t502
68315,q71_t503
68316,q71_t503
68316,q71_t504
68316,q97_t503
68316,q97_t504
68317,q71_t504
68317,q71_t505
68318,q71_t505
68318,q71_t506
68319,q71_t506
68319,q71_t507
68319,q98_t506
68319,q98_t507
68320,q71_t507
68320,q71_t508
68321,q71_t508
68321,q71_t509
68322,q71_t509
68322,q71_t510
68322,q99_t509
68322,q99_t510
68323,q71_t510
68323,q71_t511
68324,q71_t511
68324,q71_t512
68325,q71_t513
68325,q71_t514
68326,q71_t514
68326,q71_t515
68327,q71_t516
68327,q71_t517
68328,q71_t517
68328,q71_t518
68329,q71_t519
68329,q71_t520
68330,q71_t520
68330,q71_t521
68331,q71_t522
68331,q71_t523
68332,q71_t523
68332,q71_t524
68333,q71_t525
68333,q71_t526
68334,q71_t526
68334,q71_t527
68335,q71_t528
68335,q71_t529
68336,q71_t529
68336,q71_t530
68337,q71_t531
68337,q71_t532
68338,q71_t532
68338,q71_t533
68339,q71_t534
68339,q71_t535
68340,q71_t535
68340,q71_t536
68341,q71_t537
68341,q71_t538
68342,q71_t538
68342,q71_t539
68343,q71_t540
68343,q71_t541
68344,q71_t541
68344,q71_t542
68345,q71_t542
68345,q71_t543
68346,q71_t544
68346,q71_t545
68347,q71_t545
68347,q71_t546
68348,q71_t547
68348,q71_t548
68349,q71_t548
68349,q71_t549
68350,q71_t550
68350,q71_t551
68351,q71_t551
68351,q71_t552
68352,q71_t553
68352,q71_t554
68353,q71_t554
68353,q71_t555
68354,q71_t556
68354,q71_t557
68355,q71_t557
68355,q71_t558
68356,q71_t559
68356,q71_t560
68357,q71_t560
68357,q71_t561
68358,q71_t562
68358,q71_t563
68359,q71_t563
68359,q71_t564
68360,q71_t564
68360,q71_t565
68360,q7_t564
68360,q7_t565
68361,q71_t565
68361,q71_t566
68362,q71_t566
68362,q71_t567
68363,q71_t567
68363,q71_t568
68363,q8_t567
68363,q8_t568
68364,q71_t568
68364,q71_t569
68365,q71_t569
68365,q71_t570
68366,q71_t570
68366,q71_t571
68366,q9_t570
68366,q9_t571
68367,q71_t571
68367,q71_t572
68368,q71_t572
68368,q71_t573
68369,q71_t574
68369,q71_t575
68370,q71_t575
68370,q71_t576
68371,q71_t577
68371,q71_t578
68372,q71_t578
68372,q71_t579
68373,q71_t580
68373,q71_t581
68374,q71_t581
68374,q71_t582
68375,q71_t583
68375,q71_t584
68376,q71_t584
68376,q71_t585
68377,q71_t586
68377,q71_t587
68378,q71_t587
68378,q71_t588
68379,q71_t589
68379,q71_t590
68380,q71_t590
68380,q71_t591
68381,q71_t592
68381,q71_t593
68382,q71_t593
68382,q71_t594
68383,q71_t595
68383,q71_t596
68384,q71_t596
68384,q71_t597
68385,q71_t598
68385,q71_t599
68386,q71_t599
68386,q71_t600
68387,q71_t601
68387,q71_t602
68388,q71_t602
68388,q71_t603
68389,q71_t604
68389,q71_t605
68390,q71_t605
68390,q71_t606
68391,q71_t607
68391,q71_t608
68392,q71_t608
68392,q71_t609
68393,q71_t610
68393,q71_t611
68394,q71_t611
68394,q71_t612
68395,q71_t613
68395,q71_t614
68396,q71_t614
68396,q71_t615
68397,q71_t616
68397,q71_t617
68398,q71_t617
68398,q71_t618
68399,q71_t619
68399,q71_t620
68400,q71_t620
68400,q71_t621
68401,q71_t622
68401,q71_t623
68402,q71_t623
68402,q71_t624
68403,q71_t625
68403,q71_t626
68404,q71_t626
68404,q71_t627
68405,q71_t628
68405,q71_t629
68406,q71_t629
68406,q71_t630
68407,q71_t631
68407,q71_t632
68408,q71_t632
68408,q71_t633
68409,q71_t634
68409,q71_t635
68410,q71_t635
68410,q71_t636
68411,q71_t637
68411,q71_t638
68412,q71_t638
68412,q71_t639
68413,q71_t640
68413,q71_t641
68414,q71_t641
68414,q71_t642
68415,q71_t643
68415,q71_t644
68416,q71_t644
68416,q71_t645
68417,q71_t646
68417,q71_t647
68418,q71_t647
68418,q71_t648
68419,q71_t649
68419,q71_t650
68420,q71_t650
68420,q71_t651
68421,q71_t652
68421,q71_t653
68422,q71_t653
68422,q71_t654
68423,q71_t655
68423,q71_t656
68424,q71_t656
68424,q71_t657
68425,q71_t658
68425,q71_t659
68426,q71_t659
68426,q71_t660
68427,q71_t661
68427,q71_t662
68428,q71_t662
68428,q71_t663
68429,q71_t664
68429,q71_t665
68430,q71_t665
68430,q71_t666
68431,q71_t667
68431,q71_t668
68432,q71_t668
68432,q71_t669
68433,q71_t670
68433,q71_t671
68434,q71_t671
68434,q71_t672
68435,q71_t673
68435,q71_t674
68436,q71_t674
68436,q71_t675
68437,q71_t676
68437,q71_t677
68438,q71_t677
68438,q71_t678
68439,q71_t679
68439,q71_t680
68440,q71_t680
68440,q71_t681
68441,q71_t682
68441,q71_t683
68442,q71_t683
68442,q71_t684
68443,q71_t685
68443,q71_t686
68444,q71_t686
68444,q71_t687
68445,q71_t688
68445,q71_t689
68446,q71_t689
68446,q71_t690
68447,q71_t691
68447,q71_t692
68448,q71_t692
68448,q71_t693
68449,q71_t694
68449,q71_t695
68450,q71_t695
68450,q71_t696
68451,q71_t697
68451,q71_t698
68452,q71_t698
68452,q71_t699
68453,q71_t700
68453,q71_t701
68454,q71_t701
68454,q71_t702
68455,q71_t703
68455,q71_t704
68456,q71_t704
68456,q71_t705
68457,q71_t706
68457,q71_t707
68458,q71_t707
68458,q71_t708
68459,q71_t709
68459,q71_t710
68460,q71_t710
68460,q71_t711
68461,q71_t712
68461,q71_t713
68462,q71_t713
68462,q71_t714
68463,q71_t715
68463,q71_t716
68464,q71_t716
68464,q71_t717
68465,q71_t718
68465,q71_t719
68466,q71_t719
68466,q71_t720
68467,q71_t721
68467,q71_t722
68468,q71_t722
68468,q71_t723
68469,q71_t724
68469,q71_t725
68470,q71_t725
68470,q71_t726
68471,q71_t727
68471,q71_t728
68472,q71_t728
68472,q71_t729
68473,q71_t730
68473,q71_t731
68474,q71_t731
68474,q71_t732
68475,q71_t733
68475,q71_t734
68476,q71_t734
68476,q71_t735
68477,q71_t736
68477,q71_t737
68478,q71_t737
68478,q71_t738
68479,q71_t739
68479,q71_t740
68480,q71_t740
68480,q71_t741
68481,q71_t742
68481,q71_t743
68482,q71_t743
68482,q71_t744
68483,q71_t745
68483,q71_t746
68484,q71_t746
68484,q71_t747
68485,q71_t748
68485,q71_t749
68486,q71_t749
68486,q71_t750
68487,q71_t751
68487,q71_t752
68488,q71_t752
68488,q71_t753
68489,q71_t754
68489,q71_t755
68490,q71_t755
68490,q71_t759
68491,q71_t759
68491,q71_t760
68491,q72_t759
68491,q72_t760
68492,q71_t760
68492,q71_t761
68493,q71_t761
68493,q71_t762
68494,q71_t762
68494,q71_t763
68494,q73_t762
68494,q73_t763
68495,q71_t763
68495,q71_t764
68496,q71_t764
68496,q71_t765
68497,q71_t765
68497,q71_t766
68497,q74_t765
68497,q74_t766
68498,q71_t766
68498,q71_t767
68499,q71_t767
68499,q71_t768
68500,q71_t768
68500,q71_t769
68500,q75_t768
68500,q75_t769
68501,q71_t769
68501,q71_t770
68502,q71_t770
68502,q71_t771
68503,q71_t771
68503,q71_t772
68503,q76_t771
68503,q76_t772
68504,q71_t772
68504,q71_t773
68505,q71_t773
68505,q71_t774
68506,q71_t774
68506,q71_t775
68506,q77_t774
68506,q77_t775
68507,q71_t775
68507,q71_t776
68508,q71_t776
68508,q71_t777
68509,q71_t777
68509,q71_t778
68509,q78_t777
68509,q78_t778
68510,q71_t778
68510,q71_t779
68511,q71_t779
68511,q71_t780
68512,q71_t780
68512,q71_t781
68512,q79_t780
68512,q79_t781
68513,q71_t781
68513,q71_t782
68514,q71_t782
68514,q71_t783
68515,q71_t783
68515,q71_t784
68515,q80_t783
68515,q80_t784
68516,q71_t784
68516,q71_t785
68517,q71_t785
68517,q71_t786
68518,q71_t786
68518,q71_t787
68518,q81_t786
68518,q81_t787
68519,q71_t787
68519,q71_t788
68520,q71_t788
68520,q71_t789
68521,q71_t789
68521,q71_t790
68521,q82_t789
68521,q82_t790
68522,q71_t790
68522,q71_t791
68523,q71_t791
68523,q71_t792
68524,q71_t792
68524,q71_t793
68524,q83_t792
68524,q83_t793
68525,q71_t793
68525,q71_t794
68526,q71_t794
68526,q71_t795
68527,q71_t795
68527,q71_t796
68527,q84_t795
68527,q84_t796
68528,q71_t796
68528,q71_t797
68529,q71_t797
68529,q71_t798
68530,q71_t798
68530,q71_t799
68530,q85_t798
68530,q85_t799
68531,q71_t799
68531,q71_t800
68532,q71_t800
68532,q71_t801
68533,q71_t801
68533,q71_t802
68533,q86_t801
68533,q86_t802
68534,q71_t802
68534,q71_t803
68535,q71_t803
68535,q71_t804
68536,q71_t804
68536,q71_t805
68536,q87_t804
68536,q87_t805
68537,q71_t805
68537,q71_t806
68538,q71_t806
68538,q71_t807
68539,q71_t807
68539,q71_t808
68539,q88_t807
68539,q88_t808
68540,q71_t808
68540,q71_t809
68541,q71_t809
68541,q71_t810
68542,q71_t810
68542,q71_t811
68542,q89_t810
68542,q89_t811
68543,q71_t811
68543,q71_t812
68544,q71_t812
68544,q71_t813
68545,q71_t813
68545,q71_t814
68545,q90_t813
68545,q90_t814
68546,q71_t814
68546,q71_t815
68547,q71_t815
68547,q71_t816
68548,q71_t816
68548,q71_t817
68548,q91_t816
68548,q91_t817
68549,q71_t817
68549,q71_t818
68550,q71_t818
68550,q71_t819
68551,q71_t819
68551,q71_t820
68551,q92_t819
68551,q92_t820
68552,q71_t820
68552,q71_t821
68553,q71_t821
68553,q71_t822
68554,q71_t822
68554,q71_t823
68554,q93_t822
68554,q93_t823
68555,q71_t823
68555,q71_t824
68556,q71_t824
68556,q71_t825
68557,q71_t825
68557,q71_t826
68557,q94_t825
68557,q94_t826
68558,q71_t826
68558,q71_t827
68559,q71_t827
68559,q71_t828
68560,q71_t828
68560,q71_t829
68560,q95_t828
68560,q95_t829
68561,q71_t829
68561,q71_t830
68562,q71_t830
68562,q71_t831
68563,q71_t831
68563,q71_t832
68563,q96_t831
68563,q96_t832
68564,q71_t832
68564,q71_t833
68565,q71_t833
68565,q71_t834
68566,q71_t834
68566,q71_t835
68566,q97_t834
68566,q97_t835
68567,q71_t835
68567,q71_t836
68568,q71_t836
68568,q71_t837
68569,q71_t837
68569,q71_t838
68569,q98_t837
68569,q98_t838
68570,q71_t838
68570,q71_t839
68571,q71_t839
68571,q71_t840
68572,q71_t840
68572,q71_t841
68572,q99_t840
68572,q99_t841
68573,q71_t841
68573,q71_t842
68574,q71_t842
68574,q71_t843
68575,q71_t844
68575,q71_t845
68576,q71_t845
68576,q71_t846
68577,q71_t847
68577,q71_t848
68578,q71_t848
68578,q71_t849
68579,q71_t850
68579,q71_t851
68580,q71_t851
68580,q71_t852
68581,q71_t853
68581,q71_t854
68582,q71_t854
68582,q71_t855
68583,q71_t856
68583,q71_t857
68584,q71_t857
68584,q71_t858
68585,q71_t859
68585,q71_t860
68586,q71_t860
68586,q71_t861
68587,q71_t862
68587,q71_t863
68588,q71_t863
68588,q71_t864
68589,q71_t865
68589,q71_t866
68590,q71_t866
68590,q71_t867
68591,q71_t868
68591,q71_t869
68592,q71_t869
68592,q71_t870
68593,q71_t871
68593,q71_t872
68594,q71_t872
68594,q71_t873
68595,q71_t873
68595,q71_t874
68596,q71_t875
68596,q71_t876
68597,q71_t876
68597,q71_t877
68598,q71_t878
68598,q71_t879
68599,q71_t879
68599,q71_t880
68600,q71_t881
68600,q71_t882
68601,q71_t882
68601,q71_t883
68602,q71_t884
68602,q71_t885
68603,q71_t885
68603,q71_t886
68604,q71_t887
68604,q71_t888
68605,q71_t888
68605,q71_t889
68606,q71_t890
68606,q71_t891
68607,q71_t891
68607,q71_t892
68608,q71_t893
68608,q71_t894
68609,q71_t894
68609,q71_t895
68610,q71_t895
68610,q71_t896
68610,q7_t895
68610,q7_t896
68611,q71_t896
68611,q71_t897
68612,q71_t897
68612,q71_t898
68613,q71_t898
68613,q71_t899
68613,q8_t898
68613,q8_t899
68614,q71_t899
68614,q71_t900
68615,q71_t900
68615,q71_t901
68616,q71_t901
68616,q71_t902
68616,q9_t901
68616,q9_t902
68617,q71_t902
68617,q71_t903
68618,q71_t903
68618,q71_t904
68619,q71_t905
68619,q71_t906
68620,q71_t906
68620,q71_t907
68621,q71_t908
68621,q71_t909
68622,q71_t909
68622,q71_t910
68623,q71_t911
68623,q71_t912
68624,q71_t912
68624,q71_t913
68625,q71_t914
68625,q71_t915
68626,q71_t915
68626,q71_t916
68627,q71_t917
68627,q71_t918
68628,q71_t918
68628,q71_t919
68629,q71_t920
68629,q71_t921
68630,q71_t921
68630,q71_t922
68631,q71_t923
68631,q71_t924
68632,q71_t924
68632,q71_t925
68633,q71_t926
68633,q71_t927
68634,q71_t927
68634,q71_t928
68635,q71_t929
68635,q71_t930
68636,q71_t930
68636,q71_t931
68637,q71_t932
68637,q71_t933
68638,q71_t933
68638,q71_t934
68639,q71_t935
68639,q71_t936
68640,q71_t936
68640,q71_t937
68641,q71_t938
68641,q71_t939
68642,q71_t939
68642,q71_t940
68643,q71_t941
68643,q71_t942
68644,q71_t942
68644,q71_t943
68645,q71_t944
68645,q71_t945
68646,q71_t945
68646,q71_t946
68647,q71_t947
68647,q71_t948
68648,q71_t948
68648,q71_t949
68649,q71_t950
68649,q71_t951
68650,q71_t951
68650,q71_t952
68651,q71_t953
68651,q71_t954
68652,q71_t954
68652,q71_t955
68653,q71_t956
68653,q71_t957
68654,q71_t957
68654,q71_t958
68655,q71_t959
68655,q71_t960
68656,q71_t960
68656,q71_t961
68657,q71_t962
68657,q71_t963
68658,q71_t963
68658,q71_t964
68659,q71_t965
68659,q71_t966
68660,q71_t966
68660,q71_t967
68661,q71_t968
68661,q71_t969
68662,q71_t969
68662,q71_t970
68663,q71_t971
68663,q71_t972
68664,q71_t972
68664,q71_t973
68665,q71_t974
68665,q71_t975
68666,q71_t975
68666,q71_t976
68667,q71_t977
68667,q71_t978
68668,q71_t978
68668,q71_t979
68669,q71_t980
68669,q71_t981
68670,q71_t981
68670,q71_t982
68671,q71_t983
68671,q71_t984
68672,q71_t984
68672,q71_t985
68673,q71_t986
68673,q71_t987
68674,q71_t987
68674,q71_t988
68675,q71_t989
68675,q71_t990
68676,q71_t990
68676,q71_t991
68677,q71_t992
68677,q71_t993
68678,q71_t993
68678,q71_t994
68679,q71_t995
68679,q71_t996
68680,q71_t996
68680,q71_t997
68681,q71_t998
68681,q71_t999
68682,q72_t0
68682,q72_t1
68683,q72_t1
68683,q72_t215
68684,q72_t1000
68684,q72_t999
68685,q72_t1001
68685,q72_t1002
68686,q72_t1002
68686,q72_t1003
68687,q72_t1004
68687,q72_t1005
68688,q72_t1005
68688,q72_t1006
68689,q72_t1007
68689,q72_t1008
68690,q72_t1008
68690,q72_t1009
68691,q72_t1010
68691,q72_t1011
68692,q72_t1011
68692,q72_t1012
68693,q72_t1013
68693,q72_t1014
68694,q72_t1014
68694,q72_t1015
68695,q72_t1016
68695,q72_t1017
68696,q72_t1017
68696,q72_t1018
68697,q72_t1019
68697,q72_t1020
68698,q72_t1020
68698,q72_t1021
68699,q72_t1022
68699,q72_t1023
68700,q72_t1023
68700,q72_t1024
68701,q72_t1025
68701,q72_t1026
68702,q72_t1026
68702,q72_t1027
68703,q72_t1028
68703,q72_t1029
68704,q72_t1029
68704,q72_t1030
68705,q72_t1031
68705,q72_t1032
68706,q72_t1032
68706,q72_t1033
68707,q72_t1034
68707,q72_t1035
68708,q72_t1035
68708,q72_t1036
68709,q72_t1037
68709,q72_t1038
68710,q72_t1038
68710,q72_t1039
68711,q72_t1040
68711,q72_t1041
68712,q72_t1041
68712,q72_t1042
68713,q72_t1043
68713,q72_t1044
68714,q72_t1044
68714,q72_t1045
68715,q72_t1046
68715,q72_t1047
68716,q72_t1047
68716,q72_t1048
68717,q72_t1049
68717,q72_t1050
68718,q72_t1050
68718,q72_t1051
68719,q72_t1052
68719,q72_t1053
68720,q72_t1053
68720,q72_t1054
68721,q72_t1055
68721,q72_t1056
68722,q72_t1056
68722,q72_t1057
68723,q72_t1058
68723,q72_t1059
68724,q72_t1059
68724,q72_t1060
68725,q72_t1061
68725,q72_t1062
68726,q72_t1062
68726,q72_t1063
68727,q72_t1064
68727,q72_t1065
68728,q72_t1065
68728,q72_t1066
68729,q72_t1067
68729,q72_t1068
68730,q72_t1068
68730,q72_t1069
68731,q72_t1070
68731,q72_t1071
68732,q72_t1071
68732,q72_t1072
68733,q72_t1073
68733,q72_t1074
68734,q72_t1074
68734,q72_t1075
68735,q72_t1076
68735,q72_t1077
68736,q72_t1077
68736,q72_t1078
68737,q72_t1079
68737,q72_t1080
68738,q72_t1080
68738,q72_t1081
68739,q72_t1082
68739,q72_t1083
68740,q72_t1083
68740,q72_t1084
68741,q72_t1085
68741,q72_t1086
68742,q72_t1086
68742,q72_t1087
68743,q72_t1088
68743,q72_t1089
68744,q72_t1089
68744,q72_t1090
68745,q72_t1091
68745,q72_t1092
68746,q72_t1092
68746,q72_t1096
68747,q72_t1096
68747,q72_t1097
68747,q73_t1096
68747,q73_t1097
68748,q72_t1097
68748,q72_t1098
68749,q72_t1098
68749,q72_t1099
68750,q72_t1099
68750,q72_t1100
68750,q74_t1099
68750,q74_t1100
68751,q72_t1100
68751,q72_t1101
68752,q72_t1101
68752,q72_t1102
68753,q72_t1102
68753,q72_t1103
68753,q75_t1102
68753,q75_t1103
68754,q72_t1103
68754,q72_t1104
68755,q72_t1104
68755,q72_t1105
68756,q72_t1105
68756,q72_t1106
68756,q76_t1105
68756,q76_t1106
68757,q72_t1106
68757,q72_t1107
68758,q72_t1107
68758,q72_t1108
68759,q72_t1108
68759,q72_t1109
68759,q77_t1108
68759,q77_t1109
68760,q72_t1109
68760,q72_t1110
68761,q72_t1110
68761,q72_t1111
68762,q72_t1111
68762,q72_t1112
68762,q78_t1111
68762,q78_t1112
68763,q72_t1112
68763,q72_t1113
68764,q72_t1113
68764,q72_t1114
68765,q72_t1114
68765,q72_t1115
68765,q79_t1114
68765,q79_t1115
68766,q72_t1115
68766,q72_t1116
68767,q72_t1116
68767,q72_t1117
68768,q72_t1117
68768,q72_t1118
68768,q80_t1117
68768,q80_t1118
68769,q72_t1118
68769,q72_t1119
68770,q72_t1119
68770,q72_t1120
68771,q72_t1120
68771,q72_t1121
68771,q81_t1120
68771,q81_t1121
68772,q72_t1121
68772,q72_t1122
68773,q72_t1122
68773,q72_t1123
68774,q72_t1123
68774,q72_t1124
68774,q82_t1123
68774,q82_t1124
68775,q72_t1124
68775,q72_t1125
68776,q72_t1125
68776,q72_t1126
68777,q72_t1126
68777,q72_t1127
68777,q83_t1126
68777,q83_t1127
68778,q72_t1127
68778,q72_t1128
68779,q72_t1128
68779,q72_t1129
68780,q72_t1129
68780,q72_t1130
68780,q84_t1129
68780,q84_t1130
68781,q72_t1130
68781,q72_t1131
68782,q72_t1131
68782,q72_t1132
68783,q72_t1132
68783,q72_t1133
68783,q85_t1132
68783,q85_t1133
68784,q72_t1133
68784,q72_t1134
68785,q72_t1134
68785,q72_t1135
68786,q72_t1135
68786,q72_t1136
68786,q86_t1135
68786,q86_t1136
68787,q72_t1136
68787,q72_t1137
68788,q72_t1137
68788,q72_t1138
68789,q72_t1138
68789,q72_t1139
68789,q87_t1138
68789,q87_t1139
68790,q72_t1139
68790,q72_t1140
68791,q72_t1140
68791,q72_t1141
68792,q72_t1141
68792,q72_t1142
68792,q88_t1141
68792,q88_t1142
68793,q72_t1142
68793,q72_t1143
68794,q72_t1143
68794,q72_t1144
68795,q72_t1144
68795,q72_t1145
68795,q89_t1144
68795,q89_t1145
68796,q72_t1145
68796,q72_t1146
68797,q72_t1146
68797,q72_t1147
68798,q72_t1147
68798,q72_t1148
68798,q90_t1147
68798,q90_t1148
68799,q72_t1148
68799,q72_t1149
68800,q72_t1149
68800,q72_t1150
68801,q72_t1150
68801,q72_t1151
68801,q91_t1150
68801,q91_t1151
68802,q72_t1151
68802,q72_t1152
68803,q72_t1152
68803,q72_t1153
68804,q72_t1153
68804,q72_t1154
68804,q92_t1153
68804,q92_t1154
68805,q72_t1154
68805,q72_t1155
68806,q72_t1155
68806,q72_t1156
68807,q72_t1156
68807,q72_t1157
68807,q93_t1156
68807,q93_t1157
68808,q72_t1157
68808,q72_t1158
68809,q72_t1158
68809,q72_t1159
68810,q72_t1159
68810,q72_t1160
68810,q94_t1159
68810,q94_t1160
68811,q72_t1160
68811,q72_t1161
68812,q72_t1161
68812,q72_t1162
68813,q72_t1162
68813,q72_t1163
68813,q95_t1162
68813,q95_t1163
68814,q72_t1163
68814,q72_t1164
68815,q72_t1164
68815,q72_t1165
68816,q72_t1165
68816,q72_t1166
68816,q96_t1165
68816,q96_t1166
68817,q72_t1166
68817,q72_t1167
68818,q72_t1167
68818,q72_t1168
68819,q72_t1168
68819,q72_t1169
68819,q97_t1168
68819,q97_t1169
68820,q72_t1169
68820,q72_t1170
68821,q72_t1170
68821,q72_t1171
68822,q72_t1171
68822,q72_t1172
68822,q98_t1171
68822,q98_t1172
68823,q72_t1172
68823,q72_t1173
68824,q72_t1173
68824,q72_t1174
68825,q72_t1174
68825,q72_t1175
68825,q99_t1174
68825,q99_t1175
68826,q72_t1175
68826,q72_t1176
68827,q72_t1176
68827,q72_t1177
68828,q72_t1178
68828,q72_t1179
68829,q72_t1179
68829,q72_t1180
68830,q72_t1181
68830,q72_t1182
68831,q72_t1182
68831,q72_t1183
68832,q72_t1184
68832,q72_t1185
68833,q72_t1185
68833,q72_t1186
68834,q72_t1187
68834,q72_t1188
68835,q72_t1188
68835,q72_t1189
68836,q72_t1190
68836,q72_t1191
68837,q72_t1191
68837,q72_t1192
68838,q72_t1193
68838,q72_t1194
68839,q72_t1194
68839,q72_t1195
68840,q72_t1196
68840,q72_t1197
68841,q72_t1197
68841,q72_t1198
68842,q72_t1199
68842,q72_t1200
68843,q72_t1200
68843,q72_t1201
68844,q72_t1202
68844,q72_t1203
68845,q72_t1203
68845,q72_t1204
68846,q72_t1205
68846,q72_t1206
68847,q72_t1206
68847,q72_t1207
68848,q72_t216
68848,q72_t217
68849,q72_t217
68849,q72_t218
68850,q72_t219
68850,q72_t220
68851,q72_t220
68851,q72_t221
68852,q72_t222
68852,q72_t223
68853,q72_t223
68853,q72_t224
68854,q72_t225
68854,q72_t226
68855,q72_t226
68855,q72_t227
68856,q72_t228
68856,q72_t229
68857,q72_t229
68857,q72_t230
68858,q72_t231
68858,q72_t232
68859,q72_t232
68859,q72_t233
68860,q72_t234
68860,q72_t235
68861,q72_t235
68861,q72_t236
68862,q72_t236
68862,q72_t237
68862,q7_t236
68862,q7_t237
68863,q72_t237
68863,q72_t238
68864,q72_t238
68864,q72_t239
68865,q72_t239
68865,q72_t240
68865,q8_t239
68865,q8_t240
68866,q72_t240
68866,q72_t241
68867,q72_t241
68867,q72_t242
68868,q72_t242
68868,q72_t243
68868,q9_t242
68868,q9_t243
68869,q72_t243
68869,q72_t244
68870,q72_t244
68870,q72_t245
68871,q72_t246
68871,q72_t247
68872,q72_t247
68872,q72_t248
68873,q72_t249
68873,q72_t250
68874,q72_t250
68874,q72_t251
68875,q72_t252
68875,q72_t253
68876,q72_t253
68876,q72_t254
68877,q72_t255
68877,q72_t256
68878,q72_t256
68878,q72_t257
68879,q72_t258
68879,q72_t259
68880,q72_t259
68880,q72_t260
68881,q72_t261
68881,q72_t262
68882,q72_t262
68882,q72_t263
68883,q72_t264
68883,q72_t265
68884,q72_t265
68884,q72_t266
68885,q72_t267
68885,q72_t268
68886,q72_t268
68886,q72_t269
68887,q72_t270
68887,q72_t271
68888,q72_t271
68888,q72_t272
68889,q72_t273
68889,q72_t274
68890,q72_t274
68890,q72_t275
68891,q72_t276
68891,q72_t277
68892,q72_t277
68892,q72_t278
68893,q72_t279
68893,q72_t280
68894,q72_t280
68894,q72_t281
68895,q72_t282
68895,q72_t283
68896,q72_t283
68896,q72_t284
68897,q72_t285
68897,q72_t286
68898,q72_t286
68898,q72_t287
68899,q72_t288
68899,q72_t289
68900,q72_t289
68900,q72_t290
68901,q72_t291
68901,q72_t292
68902,q72_t292
68902,q72_t293
68903,q72_t294
68903,q72_t295
68904,q72_t295
68904,q72_t296
68905,q72_t297
68905,q72_t298
68906,q72_t298
68906,q72_t299
68907,q72_t300
68907,q72_t301
68908,q72_t301
68908,q72_t302
68909,q72_t303
68909,q72_t304
68910,q72_t304
68910,q72_t305
68911,q72_t306
68911,q72_t307
68912,q72_t307
68912,q72_t308
68913,q72_t309
68913,q72_t310
68914,q72_t310
68914,q72_t311
68915,q72_t312
68915,q72_t313
68916,q72_t313
68916,q72_t314
68917,q72_t315
68917,q72_t316
68918,q72_t316
68918,q72_t317
68919,q72_t318
68919,q72_t319
68920,q72_t319
68920,q72_t320
68921,q72_t321
68921,q72_t322
68922,q72_t322
68922,q72_t323
68923,q72_t324
68923,q72_t325
68924,q72_t325
68924,q72_t326
68925,q72_t327
68925,q72_t328
68926,q72_t328
68926,q72_t329
68927,q72_t330
68927,q72_t331
68928,q72_t331
68928,q72_t332
68929,q72_t333
68929,q72_t334
68930,q72_t334
68930,q72_t335
68931,q72_t336
68931,q72_t337
68932,q72_t337
68932,q72_t338
68933,q72_t339
68933,q72_t340
68934,q72_t340
68934,q72_t341
68935,q72_t342
68935,q72_t343
68936,q72_t343
68936,q72_t344
68937,q72_t345
68937,q72_t346
68938,q72_t346
68938,q72_t347
68939,q72_t348
68939,q72_t349
68940,q72_t349
68940,q72_t350
68941,q72_t351
68941,q72_t352
68942,q72_t352
68942,q72_t353
68943,q72_t354
68943,q72_t355
68944,q72_t355
68944,q72_t356
68945,q72_t357
68945,q72_t358
68946,q72_t358
68946,q72_t359
68947,q72_t360
68947,q72_t361
68948,q72_t361
68948,q72_t362
68949,q72_t363
68949,q72_t364
68950,q72_t364
68950,q72_t365
68951,q72_t366
68951,q72_t367
68952,q72_t367
68952,q72_t368
68953,q72_t369
68953,q72_t370
68954,q72_t370
68954,q72_t371
68955,q72_t372
68955,q72_t373
68956,q72_t373
68956,q72_t374
68957,q72_t375
68957,q72_t376
68958,q72_t376
68958,q72_t377
68959,q72_t378
68959,q72_t379
68960,q72_t379
68960,q72_t380
68961,q72_t381
68961,q72_t382
68962,q72_t382
68962,q72_t383
68963,q72_t384
68963,q72_t385
68964,q72_t385
68964,q72_t386
68965,q72_t387
68965,q72_t388
68966,q72_t388
68966,q72_t389
68967,q72_t390
68967,q72_t391
68968,q72_t391
68968,q72_t392
68969,q72_t393
68969,q72_t394
68970,q72_t394
68970,q72_t395
68971,q72_t396
68971,q72_t397
68972,q72_t397
68972,q72_t398
68973,q72_t399
68973,q72_t400
68974,q72_t400
68974,q72_t401
68975,q72_t402
68975,q72_t403
68976,q72_t403
68976,q72_t404
68977,q72_t405
68977,q72_t406
68978,q72_t406
68978,q72_t407
68979,q72_t408
68979,q72_t409
68980,q72_t409
68980,q72_t410
68981,q72_t411
68981,q72_t412
68982,q72_t412
68982,q72_t413
68983,q72_t414
68983,q72_t415
68984,q72_t415
68984,q72_t416
68985,q72_t417
68985,q72_t418
68986,q72_t418
68986,q72_t419
68987,q72_t420
68987,q72_t421
68988,q72_t421
68988,q72_t422
68989,q72_t423
68989,q72_t424
68990,q72_t424
68990,q72_t425
68991,q72_t426
68991,q72_t427
68992,q72_t427
68992,q72_t428
68993,q72_t429
68993,q72_t430
68994,q72_t430
68994,q72_t434
68995,q72_t434
68995,q72_t435
68995,q73_t434
68995,q73_t435
68996,q72_t435
68996,q72_t436
68997,q72_t436
68997,q72_t437
68998,q72_t437
68998,q72_t438
68998,q74_t437
68998,q74_t438
68999,q72_t438
68999,q72_t439
69000,q72_t439
69000,q72_t440
69001,q72_t440
69001,q72_t441
69001,q75_t440
69001,q75_t441
69002,q72_t441
69002,q72_t442
69003,q72_t442
69003,q72_t443
69004,q72_t443
69004,q72_t444
69004,q76_t443
69004,q76_t444
69005,q72_t444
69005,q72_t445
69006,q72_t445
69006,q72_t446
69007,q72_t446
69007,q72_t447
69007,q77_t446
69007,q77_t447
69008,q72_t447
69008,q72_t448
69009,q72_t448
69009,q72_t449
69010,q72_t449
69010,q72_t450
69010,q78_t449
69010,q78_t450
69011,q72_t450
69011,q72_t451
69012,q72_t451
69012,q72_t452
69013,q72_t452
69013,q72_t453
69013,q79_t452
69013,q79_t453
69014,q72_t453
69014,q72_t454
69015,q72_t454
69015,q72_t455
69016,q72_t455
69016,q72_t456
69016,q80_t455
69016,q80_t456
69017,q72_t456
69017,q72_t457
69018,q72_t457
69018,q72_t458
69019,q72_t458
69019,q72_t459
69019,q81_t458
69019,q81_t459
69020,q72_t459
69020,q72_t460
69021,q72_t460
69021,q72_t461
69022,q72_t461
69022,q72_t462
69022,q82_t461
69022,q82_t462
69023,q72_t462
69023,q72_t463
69024,q72_t463
69024,q72_t464
69025,q72_t464
69025,q72_t465
69025,q83_t464
69025,q83_t465
69026,q72_t465
69026,q72_t466
69027,q72_t466
69027,q72_t467
69028,q72_t467
69028,q72_t468
69028,q84_t467
69028,q84_t468
69029,q72_t468
69029,q72_t469
69030,q72_t469
69030,q72_t470
69031,q72_t470
69031,q72_t471
69031,q85_t470
69031,q85_t471
69032,q72_t471
69032,q72_t472
69033,q72_t472
69033,q72_t473
69034,q72_t473
69034,q72_t474
69034,q86_t473
69034,q86_t474
69035,q72_t474
69035,q72_t475
69036,q72_t475
69036,q72_t476
69037,q72_t476
69037,q72_t477
69037,q87_t476
69037,q87_t477
69038,q72_t477
69038,q72_t478
69039,q72_t478
69039,q72_t479
69040,q72_t479
69040,q72_t480
69040,q88_t479
69040,q88_t480
69041,q72_t480
69041,q72_t481
69042,q72_t481
69042,q72_t482
69043,q72_t482
69043,q72_t483
69043,q89_t482
69043,q89_t483
69044,q72_t483
69044,q72_t484
69045,q72_t484
69045,q72_t485
69046,q72_t485
69046,q72_t486
69046,q90_t485
69046,q90_t486
69047,q72_t486
69047,q72_t487
69048,q72_t487
69048,q72_t488
69049,q72_t488
69049,q72_t489
69049,q91_t488
69049,q91_t489
69050,q72_t489
69050,q72_t490
69051,q72_t490
69051,q72_t491
69052,q72_t491
69052,q72_t492
69052,q92_t491
69052,q92_t492
69053,q72_t492
69053,q72_t493
69054,q72_t493
69054,q72_t494
69055,q72_t494
69055,q72_t495
69055,q93_t494
69055,q93_t495
69056,q72_t495
69056,q72_t496
69057,q72_t496
69057,q72_t497
69058,q72_t497
69058,q72_t498
69058,q94_t497
69058,q94_t498
69059,q72_t498
69059,q72_t499
69060,q72_t499
69060,q72_t500
69061,q72_t500
69061,q72_t501
69061,q95_t500
69061,q95_t501
69062,q72_t501
69062,q72_t502
69063,q72_t502
69063,q72_t503
69064,q72_t503
69064,q72_t504
69064,q96_t503
69064,q96_t504
69065,q72_t504
69065,q72_t505
69066,q72_t505
69066,q72_t506
69067,q72_t506
69067,q72_t507
69067,q97_t506
69067,q97_t507
69068,q72_t507
69068,q72_t508
69069,q72_t508
69069,q72_t509
69070,q72_t509
69070,q72_t510
69070,q98_t509
69070,q98_t510
69071,q72_t510
69071,q72_t511
69072,q72_t511
69072,q72_t512
69073,q72_t512
69073,q72_t513
69073,q99_t512
69073,q99_t513
69074,q72_t513
69074,q72_t514
69075,q72_t514
69075,q72_t515
69076,q72_t516
69076,q72_t517
69077,q72_t517
69077,q72_t518
69078,q72_t519
69078,q72_t520
69079,q72_t520
69079,q72_t521
69080,q72_t522
69080,q72_t523
69081,q72_t523
69081,q72_t524
69082,q72_t525
69082,q72_t526
69083,q72_t526
69083,q72_t527
69084,q72_t528
69084,q72_t529
69085,q72_t529
69085,q72_t530
69086,q72_t531
69086,q72_t532
69087,q72_t532
69087,q72_t533
69088,q72_t534
69088,q72_t535
69089,q72_t535
69089,q72_t536
69090,q72_t537
69090,q72_t538
69091,q72_t538
69091,q72_t539
69092,q72_t540
69092,q72_t541
69093,q72_t541
69093,q72_t542
69094,q72_t543
69094,q72_t544
69095,q72_t544
69095,q72_t545
69096,q72_t545
69096,q72_t546
69097,q72_t547
69097,q72_t548
69098,q72_t548
69098,q72_t549
69099,q72_t550
69099,q72_t551
69100,q72_t551
69100,q72_t552
69101,q72_t553
69101,q72_t554
69102,q72_t554
69102,q72_t555
69103,q72_t556
69103,q72_t557
69104,q72_t557
69104,q72_t558
69105,q72_t559
69105,q72_t560
69106,q72_t560
69106,q72_t561
69107,q72_t562
69107,q72_t563
69108,q72_t563
69108,q72_t564
69109,q72_t565
69109,q72_t566
69110,q72_t566
69110,q72_t567
69111,q72_t567
69111,q72_t568
69111,q7_t567
69111,q7_t568
69112,q72_t568
69112,q72_t569
69113,q72_t569
69113,q72_t570
69114,q72_t570
69114,q72_t571
69114,q8_t570
69114,q8_t571
69115,q72_t571
69115,q72_t572
69116,q72_t572
69116,q72_t573
69117,q72_t573
69117,q72_t574
69117,q9_t573
69117,q9_t574
69118,q72_t574
69118,q72_t575
69119,q72_t575
69119,q72_t576
69120,q72_t577
69120,q72_t578
69121,q72_t578
69121,q72_t579
69122,q72_t580
69122,q72_t581
69123,q72_t581
69123,q72_t582
69124,q72_t583
69124,q72_t584
69125,q72_t584
69125,q72_t585
69126,q72_t586
69126,q72_t587
69127,q72_t587
69127,q72_t588
69128,q72_t589
69128,q72_t590
69129,q72_t590
69129,q72_t591
69130,q72_t592
69130,q72_t593
69131,q72_t593
69131,q72_t594
69132,q72_t595
69132,q72_t596
69133,q72_t596
69133,q72_t597
69134,q72_t598
69134,q72_t599
69135,q72_t599
69135,q72_t600
69136,q72_t601
69136,q72_t602
69137,q72_t602
69137,q72_t603
69138,q72_t604
69138,q72_t605
69139,q72_t605
69139,q72_t606
69140,q72_t607
69140,q72_t608
69141,q72_t608
69141,q72_t609
69142,q72_t610
69142,q72_t611
69143,q72_t611
69143,q72_t612
69144,q72_t613
69144,q72_t614
69145,q72_t614
69145,q72_t615
69146,q72_t616
69146,q72_t617
69147,q72_t617
69147,q72_t618
69148,q72_t619
69148,q72_t620
69149,q72_t620
69149,q72_t621
69150,q72_t622
69150,q72_t623
69151,q72_t623
69151,q72_t624
69152,q72_t625
69152,q72_t626
69153,q72_t626
69153,q72_t627
69154,q72_t628
69154,q72_t629
69155,q72_t629
69155,q72_t630
69156,q72_t631
69156,q72_t632
69157,q72_t632
69157,q72_t633
69158,q72_t634
69158,q72_t635
69159,q72_t635
69159,q72_t636
69160,q72_t637
69160,q72_t638
69161,q72_t638
69161,q72_t639
69162,q72_t640
69162,q72_t641
69163,q72_t641
69163,q72_t642
69164,q72_t643
69164,q72_t644
69165,q72_t644
69165,q72_t645
69166,q72_t646
69166,q72_t647
69167,q72_t647
69167,q72_t648
69168,q72_t649
69168,q72_t650
69169,q72_t650
69169,q72_t651
69170,q72_t652
69170,q72_t653
69171,q72_t653
69171,q72_t654
69172,q72_t655
69172,q72_t656
69173,q72_t656
69173,q72_t657
69174,q72_t658
69174,q72_t659
69175,q72_t659
69175,q72_t660
69176,q72_t661
69176,q72_t662
69177,q72_t662
69177,q72_t663
69178,q72_t664
69178,q72_t665
69179,q72_t665
69179,q72_t666
69180,q72_t667
69180,q72_t668
69181,q72_t668
69181,q72_t669
69182,q72_t670
69182,q72_t671
69183,q72_t671
69183,q72_t672
69184,q72_t673
69184,q72_t674
69185,q72_t674
69185,q72_t675
69186,q72_t676
69186,q72_t677
69187,q72_t677
69187,q72_t678
69188,q72_t679
69188,q72_t680
69189,q72_t680
69189,q72_t681
69190,q72_t682
69190,q72_t683
69191,q72_t683
69191,q72_t684
69192,q72_t685
69192,q72_t686
69193,q72_t686
69193,q72_t687
69194,q72_t688
69194,q72_t689
69195,q72_t689
69195,q72_t690
69196,q72_t691
69196,q72_t692
69197,q72_t692
69197,q72_t693
69198,q72_t694
69198,q72_t695
69199,q72_t695
69199,q72_t696
69200,q72_t697
69200,q72_t698
69201,q72_t698
69201,q72_t699
69202,q72_t700
69202,q72_t701
69203,q72_t701
69203,q72_t702
69204,q72_t703
69204,q72_t704
69205,q72_t704
69205,q72_t705
69206,q72_t706
69206,q72_t707
69207,q72_t707
69207,q72_t708
69208,q72_t709
69208,q72_t710
69209,q72_t710
69209,q72_t711
69210,q72_t712
69210,q72_t713
69211,q72_t713
69211,q72_t714
69212,q72_t715
69212,q72_t716
69213,q72_t716
69213,q72_t717
69214,q72_t718
69214,q72_t719
69215,q72_t719
69215,q72_t720
69216,q72_t721
69216,q72_t722
69217,q72_t722
69217,q72_t723
69218,q72_t724
69218,q72_t725
69219,q72_t725
69219,q72_t726
69220,q72_t727
69220,q72_t728
69221,q72_t728
69221,q72_t729
69222,q72_t730
69222,q72_t731
69223,q72_t731
69223,q72_t732
69224,q72_t733
69224,q72_t734
69225,q72_t734
69225,q72_t735
69226,q72_t736
69226,q72_t737
69227,q72_t737
69227,q72_t738
69228,q72_t739
69228,q72_t740
69229,q72_t740
69229,q72_t741
69230,q72_t742
69230,q72_t743
69231,q72_t743
69231,q72_t744
69232,q72_t745
69232,q72_t746
69233,q72_t746
69233,q72_t747
69234,q72_t748
69234,q72_t749
69235,q72_t749
69235,q72_t750
69236,q72_t751
69236,q72_t752
69237,q72_t752
69237,q72_t753
69238,q72_t754
69238,q72_t755
69239,q72_t755
69239,q72_t756
69240,q72_t757
69240,q72_t758
69241,q72_t758
69241,q72_t759
69242,q72_t760
69242,q72_t761
69243,q72_t761
69243,q72_t765
69244,q72_t765
69244,q72_t766
69244,q73_t765
69244,q73_t766
69245,q72_t766
69245,q72_t767
69246,q72_t767
69246,q72_t768
69247,q72_t768
69247,q72_t769
69247,q74_t768
69247,q74_t769
69248,q72_t769
69248,q72_t770
69249,q72_t770
69249,q72_t771
69250,q72_t771
69250,q72_t772
69250,q75_t771
69250,q75_t772
69251,q72_t772
69251,q72_t773
69252,q72_t773
69252,q72_t774
69253,q72_t774
69253,q72_t775
69253,q76_t774
69253,q76_t775
69254,q72_t775
69254,q72_t776
69255,q72_t776
69255,q72_t777
69256,q72_t777
69256,q72_t778
69256,q77_t777
69256,q77_t778
69257,q72_t778
69257,q72_t779
69258,q72_t779
69258,q72_t780
69259,q72_t780
69259,q72_t781
69259,q78_t780
69259,q78_t781
69260,q72_t781
69260,q72_t782
69261,q72_t782
69261,q72_t783
69262,q72_t783
69262,q72_t784
69262,q79_t783
69262,q79_t784
69263,q72_t784
69263,q72_t785
69264,q72_t785
69264,q72_t786
69265,q72_t786
69265,q72_t787
69265,q80_t786
69265,q80_t787
69266,q72_t787
69266,q72_t788
69267,q72_t788
69267,q72_t789
69268,q72_t789
69268,q72_t790
69268,q81_t789
69268,q81_t790
69269,q72_t790
69269,q72_t791
69270,q72_t791
69270,q72_t792
69271,q72_t792
69271,q72_t793
69271,q82_t792
69271,q82_t793
69272,q72_t793
69272,q72_t794
69273,q72_t794
69273,q72_t795
69274,q72_t795
69274,q72_t796
69274,q83_t795
69274,q83_t796
69275,q72_t796
69275,q72_t797
69276,q72_t797
69276,q72_t798
69277,q72_t798
69277,q72_t799
69277,q84_t798
69277,q84_t799
69278,q72_t799
69278,q72_t800
69279,q72_t800
69279,q72_t801
69280,q72_t801
69280,q72_t802
69280,q85_t801
69280,q85_t802
69281,q72_t802
69281,q72_t803
69282,q72_t803
69282,q72_t804
69283,q72_t804
69283,q72_t805
69283,q86_t804
69283,q86_t805
69284,q72_t805
69284,q72_t806
69285,q72_t806
69285,q72_t807
69286,q72_t807
69286,q72_t808
69286,q87_t807
69286,q87_t808
69287,q72_t808
69287,q72_t809
69288,q72_t809
69288,q72_t810
69289,q72_t810
69289,q72_t811
69289,q88_t810
69289,q88_t811
69290,q72_t811
69290,q72_t812
69291,q72_t812
69291,q72_t813
69292,q72_t813
69292,q72_t814
69292,q89_t813
69292,q89_t814
69293,q72_t814
69293,q72_t815
69294,q72_t815
69294,q72_t816
69295,q72_t816
69295,q72_t817
69295,q90_t816
69295,q90_t817
69296,q72_t817
69296,q72_t818
69297,q72_t818
69297,q72_t819
69298,q72_t819
69298,q72_t820
69298,q91_t819
69298,q91_t820
69299,q72_t820
69299,q72_t821
69300,q72_t821
69300,q72_t822
69301,q72_t822
69301,q72_t823
69301,q92_t822
69301,q92_t823
69302,q72_t823
69302,q72_t824
69303,q72_t824
69303,q72_t825
69304,q72_t825
69304,q72_t826
69304,q93_t825
69304,q93_t826
69305,q72_t826
69305,q72_t827
69306,q72_t827
69306,q72_t828
69307,q72_t828
69307,q72_t829
69307,q94_t828
69307,q94_t829
69308,q72_t829
69308,q72_t830
69309,q72_t830
69309,q72_t831
69310,q72_t831
69310,q72_t832
69310,q95_t831
69310,q95_t832
69311,q72_t832
69311,q72_t833
69312,q72_t833
69312,q72_t834
69313,q72_t834
69313,q72_t835
69313,q96_t834
69313,q96_t835
69314,q72_t835
69314,q72_t836
69315,q72_t836
69315,q72_t837
69316,q72_t837
69316,q72_t838
69316,q97_t837
69316,q97_t838
69317,q72_t838
69317,q72_t839
69318,q72_t839
69318,q72_t840
69319,q72_t840
69319,q72_t841
69319,q98_t840
69319,q98_t841
69320,q72_t841
69320,q72_t842
69321,q72_t842
69321,q72_t843
69322,q72_t843
69322,q72_t844
69322,q99_t843
69322,q99_t844
69323,q72_t844
69323,q72_t845
69324,q72_t845
69324,q72_t846
69325,q72_t847
69325,q72_t848
69326,q72_t848
69326,q72_t849
69327,q72_t850
69327,q72_t851
69328,q72_t851
69328,q72_t852
69329,q72_t853
69329,q72_t854
69330,q72_t854
69330,q72_t855
69331,q72_t856
69331,q72_t857
69332,q72_t857
69332,q72_t858
69333,q72_t859
69333,q72_t860
69334,q72_t860
69334,q72_t861
69335,q72_t862
69335,q72_t863
69336,q72_t863
69336,q72_t864
69337,q72_t865
69337,q72_t866
69338,q72_t866
69338,q72_t867
69339,q72_t868
69339,q72_t869
69340,q72_t869
69340,q72_t870
69341,q72_t871
69341,q72_t872
69342,q72_t872
69342,q72_t873
69343,q72_t874
69343,q72_t875
69344,q72_t875
69344,q72_t876
69345,q72_t876
69345,q72_t877
69346,q72_t878
69346,q72_t879
69347,q72_t879
69347,q72_t880
69348,q72_t881
69348,q72_t882
69349,q72_t882
69349,q72_t883
69350,q72_t884
69350,q72_t885
69351,q72_t885
69351,q72_t886
69352,q72_t887
69352,q72_t888
69353,q72_t888
69353,q72_t889
69354,q72_t890
69354,q72_t891
69355,q72_t891
69355,q72_t892
69356,q72_t893
69356,q72_t894
69357,q72_t894
69357,q72_t895
69358,q72_t896
69358,q72_t897
69359,q72_t897
69359,q72_t898
69360,q72_t898
69360,q72_t899
69360,q7_t898
69360,q7_t899
69361,q72_t899
69361,q72_t900
69362,q72_t900
69362,q72_t901
69363,q72_t901
69363,q72_t902
69363,q8_t901
69363,q8_t902
69364,q72_t902
69364,q72_t903
69365,q72_t903
69365,q72_t904
69366,q72_t904
69366,q72_t905
69366,q9_t904
69366,q9_t905
69367,q72_t905
69367,q72_t906
69368,q72_t906
69368,q72_t907
69369,q72_t908
69369,q72_t909
69370,q72_t909
69370,q72_t910
69371,q72_t911
69371,q72_t912
69372,q72_t912
69372,q72_t913
69373,q72_t914
69373,q72_t915
69374,q72_t915
69374,q72_t916
69375,q72_t917
69375,q72_t918
69376,q72_t918
69376,q72_t919
69377,q72_t920
69377,q72_t921
69378,q72_t921
69378,q72_t922
69379,q72_t923
69379,q72_t924
69380,q72_t924
69380,q72_t925
69381,q72_t926
69381,q72_t927
69382,q72_t927
69382,q72_t928
69383,q72_t929
69383,q72_t930
69384,q72_t930
69384,q72_t931
69385,q72_t932
69385,q72_t933
69386,q72_t933
69386,q72_t934
69387,q72_t935
69387,q72_t936
69388,q72_t936
69388,q72_t937
69389,q72_t938
69389,q72_t939
69390,q72_t939
69390,q72_t940
69391,q72_t941
69391,q72_t942
69392,q72_t942
69392,q72_t943
69393,q72_t944
69393,q72_t945
69394,q72_t945
69394,q72_t946
69395,q72_t947
69395,q72_t948
69396,q72_t948
69396,q72_t949
69397,q72_t950
69397,q72_t951
69398,q72_t951
69398,q72_t952
69399,q72_t953
69399,q72_t954
69400,q72_t954
69400,q72_t955
69401,q72_t956
69401,q72_t957
69402,q72_t957
69402,q72_t958
69403,q72_t959
69403,q72_t960
69404,q72_t960
69404,q72_t961
69405,q72_t962
69405,q72_t963
69406,q72_t963
69406,q72_t964
69407,q72_t965
69407,q72_t966
69408,q72_t966
69408,q72_t967
69409,q72_t968
69409,q72_t969
69410,q72_t969
69410,q72_t970
69411,q72_t971
69411,q72_t972
69412,q72_t972
69412,q72_t973
69413,q72_t974
69413,q72_t975
69414,q72_t975
69414,q72_t976
69415,q72_t977
69415,q72_t978
69416,q72_t978
69416,q72_t979
69417,q72_t980
69417,q72_t981
69418,q72_t981
69418,q72_t982
69419,q72_t983
69419,q72_t984
69420,q72_t984
69420,q72_t985
69421,q72_t986
69421,q72_t987
69422,q72_t987
69422,q72_t988
69423,q72_t989
69423,q72_t990
69424,q72_t990
69424,q72_t991
69425,q72_t992
69425,q72_t993
69426,q72_t993
69426,q72_t994
69427,q72_t995
69427,q72_t996
69428,q72_t996
69428,q72_t997
69429,q72_t998
69429,q72_t999
69430,q73_t0
69430,q73_t1
69431,q73_t1
69431,q73_t218
69432,q73_t1000
69432,q73_t999
69433,q73_t1001
69433,q73_t1002
69434,q73_t1002
69434,q73_t1003
69435,q73_t1004
69435,q73_t1005
69436,q73_t1005
69436,q73_t1006
69437,q73_t1007
69437,q73_t1008
69438,q73_t1008
69438,q73_t1009
69439,q73_t1010
69439,q73_t1011
69440,q73_t1011
69440,q73_t1012
69441,q73_t1013
69441,q73_t1014
69442,q73_t1014
69442,q73_t1015
69443,q73_t1016
69443,q73_t1017
69444,q73_t1017
69444,q73_t1018
69445,q73_t1019
69445,q73_t1020
69446,q73_t1020
69446,q73_t1021
69447,q73_t1022
69447,q73_t1023
69448,q73_t1023
69448,q73_t1024
69449,q73_t1025
69449,q73_t1026
69450,q73_t1026
69450,q73_t1027
69451,q73_t1028
69451,q73_t1029
69452,q73_t1029
69452,q73_t1030
69453,q73_t1031
69453,q73_t1032
69454,q73_t1032
69454,q73_t1033
69455,q73_t1034
69455,q73_t1035
69456,q73_t1035
69456,q73_t1036
69457,q73_t1037
69457,q73_t1038
69458,q73_t1038
69458,q73_t1039
69459,q73_t1040
69459,q73_t1041
69460,q73_t1041
69460,q73_t1042
69461,q73_t1043
69461,q73_t1044
69462,q73_t1044
69462,q73_t1045
69463,q73_t1046
69463,q73_t1047
69464,q73_t1047
69464,q73_t1048
69465,q73_t1049
69465,q73_t1050
69466,q73_t1050
69466,q73_t1051
69467,q73_t1052
69467,q73_t1053
69468,q73_t1053
69468,q73_t1054
69469,q73_t1055
69469,q73_t1056
69470,q73_t1056
69470,q73_t1057
69471,q73_t1058
69471,q73_t1059
69472,q73_t1059
69472,q73_t1060
69473,q73_t1061
69473,q73_t1062
69474,q73_t1062
69474,q73_t1063
69475,q73_t1064
69475,q73_t1065
69476,q73_t1065
69476,q73_t1066
69477,q73_t1067
69477,q73_t1068
69478,q73_t1068
69478,q73_t1069
69479,q73_t1070
69479,q73_t1071
69480,q73_t1071
69480,q73_t1072
69481,q73_t1073
69481,q73_t1074
69482,q73_t1074
69482,q73_t1075
69483,q73_t1076
69483,q73_t1077
69484,q73_t1077
69484,q73_t1078
69485,q73_t1079
69485,q73_t1080
69486,q73_t1080
69486,q73_t1081
69487,q73_t1082
69487,q73_t1083
69488,q73_t1083
69488,q73_t1084
69489,q73_t1085
69489,q73_t1086
69490,q73_t1086
69490,q73_t1087
69491,q73_t1088
69491,q73_t1089
69492,q73_t1089
69492,q73_t1090
69493,q73_t1091
69493,q73_t1092
69494,q73_t1092
69494,q73_t1093
69495,q73_t1094
69495,q73_t1095
69496,q73_t1095
69496,q73_t1096
69497,q73_t1097
69497,q73_t1098
69498,q73_t1098
69498,q73_t1102
69499,q73_t1102
69499,q73_t1103
69499,q74_t1102
69499,q74_t1103
69500,q73_t1103
69500,q73_t1104
69501,q73_t1104
69501,q73_t1105
69502,q73_t1105
69502,q73_t1106
69502,q75_t1105
69502,q75_t1106
69503,q73_t1106
69503,q73_t1107
69504,q73_t1107
69504,q73_t1108
69505,q73_t1108
69505,q73_t1109
69505,q76_t1108
69505,q76_t1109
69506,q73_t1109
69506,q73_t1110
69507,q73_t1110
69507,q73_t1111
69508,q73_t1111
69508,q73_t1112
69508,q77_t1111
69508,q77_t1112
69509,q73_t1112
69509,q73_t1113
69510,q73_t1113
69510,q73_t1114
69511,q73_t1114
69511,q73_t1115
69511,q78_t1114
69511,q78_t1115
69512,q73_t1115
69512,q73_t1116
69513,q73_t1116
69513,q73_t1117
69514,q73_t1117
69514,q73_t1118
69514,q79_t1117
69514,q79_t1118
69515,q73_t1118
69515,q73_t1119
69516,q73_t1119
69516,q73_t1120
69517,q73_t1120
69517,q73_t1121
69517,q80_t1120
69517,q80_t1121
69518,q73_t1121
69518,q73_t1122
69519,q73_t1122
69519,q73_t1123
69520,q73_t1123
69520,q73_t1124
69520,q81_t1123
69520,q81_t1124
69521,q73_t1124
69521,q73_t1125
69522,q73_t1125
69522,q73_t1126
69523,q73_t1126
69523,q73_t1127
69523,q82_t1126
69523,q82_t1127
69524,q73_t1127
69524,q73_t1128
69525,q73_t1128
69525,q73_t1129
69526,q73_t1129
69526,q73_t1130
69526,q83_t1129
69526,q83_t1130
69527,q73_t1130
69527,q73_t1131
69528,q73_t1131
69528,q73_t1132
69529,q73_t1132
69529,q73_t1133
69529,q84_t1132
69529,q84_t1133
69530,q73_t1133
69530,q73_t1134
69531,q73_t1134
69531,q73_t1135
69532,q73_t1135
69532,q73_t1136
69532,q85_t1135
69532,q85_t1136
69533,q73_t1136
69533,q73_t1137
69534,q73_t1137
69534,q73_t1138
69535,q73_t1138
69535,q73_t1139
69535,q86_t1138
69535,q86_t1139
69536,q73_t1139
69536,q73_t1140
69537,q73_t1140
69537,q73_t1141
69538,q73_t1141
69538,q73_t1142
69538,q87_t1141
69538,q87_t1142
69539,q73_t1142
69539,q73_t1143
69540,q73_t1143
69540,q73_t1144
69541,q73_t1144
69541,q73_t1145
69541,q88_t1144
69541,q88_t1145
69542,q73_t1145
69542,q73_t1146
69543,q73_t1146
69543,q73_t1147
69544,q73_t1147
69544,q73_t1148
69544,q89_t1147
69544,q89_t1148
69545,q73_t1148
69545,q73_t1149
69546,q73_t1149
69546,q73_t1150
69547,q73_t1150
69547,q73_t1151
69547,q90_t1150
69547,q90_t1151
69548,q73_t1151
69548,q73_t1152
69549,q73_t1152
69549,q73_t1153
69550,q73_t1153
69550,q73_t1154
69550,q91_t1153
69550,q91_t1154
69551,q73_t1154
69551,q73_t1155
69552,q73_t1155
69552,q73_t1156
69553,q73_t1156
69553,q73_t1157
69553,q92_t1156
69553,q92_t1157
69554,q73_t1157
69554,q73_t1158
69555,q73_t1158
69555,q73_t1159
69556,q73_t1159
69556,q73_t1160
69556,q93_t1159
69556,q93_t1160
69557,q73_t1160
69557,q73_t1161
69558,q73_t1161
69558,q73_t1162
69559,q73_t1162
69559,q73_t1163
69559,q94_t1162
69559,q94_t1163
69560,q73_t1163
69560,q73_t1164
69561,q73_t1164
69561,q73_t1165
69562,q73_t1165
69562,q73_t1166
69562,q95_t1165
69562,q95_t1166
69563,q73_t1166
69563,q73_t1167
69564,q73_t1167
69564,q73_t1168
69565,q73_t1168
69565,q73_t1169
69565,q96_t1168
69565,q96_t1169
69566,q73_t1169
69566,q73_t1170
69567,q73_t1170
69567,q73_t1171
69568,q73_t1171
69568,q73_t1172
69568,q97_t1171
69568,q97_t1172
69569,q73_t1172
69569,q73_t1173
69570,q73_t1173
69570,q73_t1174
69571,q73_t1174
69571,q73_t1175
69571,q98_t1174
69571,q98_t1175
69572,q73_t1175
69572,q73_t1176
69573,q73_t1176
69573,q73_t1177
69574,q73_t1177
69574,q73_t1178
69574,q99_t1177
69574,q99_t1178
69575,q73_t1178
69575,q73_t1179
69576,q73_t1179
69576,q73_t1180
69577,q73_t1181
69577,q73_t1182
69578,q73_t1182
69578,q73_t1183
69579,q73_t1184
69579,q73_t1185
69580,q73_t1185
69580,q73_t1186
69581,q73_t1187
69581,q73_t1188
69582,q73_t1188
69582,q73_t1189
69583,q73_t1190
69583,q73_t1191
69584,q73_t1191
69584,q73_t1192
69585,q73_t1193
69585,q73_t1194
69586,q73_t1194
69586,q73_t1195
69587,q73_t1196
69587,q73_t1197
69588,q73_t1197
69588,q73_t1198
69589,q73_t1199
69589,q73_t1200
69590,q73_t1200
69590,q73_t1201
69591,q73_t1202
69591,q73_t1203
69592,q73_t1203
69592,q73_t1204
69593,q73_t1205
69593,q73_t1206
69594,q73_t1206
69594,q73_t1207
69595,q73_t1208
69595,q73_t1209
69596,q73_t1209
69596,q73_t1210
69597,q73_t219
69597,q73_t220
69598,q73_t220
69598,q73_t221
69599,q73_t222
69599,q73_t223
69600,q73_t223
69600,q73_t224
69601,q73_t225
69601,q73_t226
69602,q73_t226
69602,q73_t227
69603,q73_t228
69603,q73_t229
69604,q73_t229
69604,q73_t230
69605,q73_t231
69605,q73_t232
69606,q73_t232
69606,q73_t233
69607,q73_t234
69607,q73_t235
69608,q73_t235
69608,q73_t236
69609,q73_t237
69609,q73_t238
69610,q73_t238
69610,q73_t239
69611,q73_t239
69611,q73_t240
69611,q7_t239
69611,q7_t240
69612,q73_t240
69612,q73_t241
69613,q73_t241
69613,q73_t242
69614,q73_t242
69614,q73_t243
69614,q8_t242
69614,q8_t243
69615,q73_t243
69615,q73_t244
69616,q73_t244
69616,q73_t245
69617,q73_t245
69617,q73_t246
69617,q9_t245
69617,q9_t246
69618,q73_t246
69618,q73_t247
69619,q73_t247
69619,q73_t248
69620,q73_t249
69620,q73_t250
69621,q73_t250
69621,q73_t251
69622,q73_t252
69622,q73_t253
69623,q73_t253
69623,q73_t254
69624,q73_t255
69624,q73_t256
69625,q73_t256
69625,q73_t257
69626,q73_t258
69626,q73_t259
69627,q73_t259
69627,q73_t260
69628,q73_t261
69628,q73_t262
69629,q73_t262
69629,q73_t263
69630,q73_t264
69630,q73_t265
69631,q73_t265
69631,q73_t266
69632,q73_t267
69632,q73_t268
69633,q73_t268
69633,q73_t269
69634,q73_t270
69634,q73_t271
69635,q73_t271
69635,q73_t272
69636,q73_t273
69636,q73_t274
69637,q73_t274
69637,q73_t275
69638,q73_t276
69638,q73_t277
69639,q73_t277
69639,q73_t278
69640,q73_t279
69640,q73_t280
69641,q73_t280
69641,q73_t281
69642,q73_t282
69642,q73_t283
69643,q73_t283
69643,q73_t284
69644,q73_t285
69644,q73_t286
69645,q73_t286
69645,q73_t287
69646,q73_t288
69646,q73_t289
69647,q73_t289
69647,q73_t290
69648,q73_t291
69648,q73_t292
69649,q73_t292
69649,q73_t293
69650,q73_t294
69650,q73_t295
69651,q73_t295
69651,q73_t296
69652,q73_t297
69652,q73_t298
69653,q73_t298
69653,q73_t299
69654,q73_t300
69654,q73_t301
69655,q73_t301
69655,q73_t302
69656,q73_t303
69656,q73_t304
69657,q73_t304
69657,q73_t305
69658,q73_t306
69658,q73_t307
69659,q73_t307
69659,q73_t308
69660,q73_t309
69660,q73_t310
69661,q73_t310
69661,q73_t311
69662,q73_t312
69662,q73_t313
69663,q73_t313
69663,q73_t314
69664,q73_t315
69664,q73_t316
69665,q73_t316
69665,q73_t317
69666,q73_t318
69666,q73_t319
69667,q73_t319
69667,q73_t320
69668,q73_t321
69668,q73_t322
69669,q73_t322
69669,q73_t323
69670,q73_t324
69670,q73_t325
69671,q73_t325
69671,q73_t326
69672,q73_t327
69672,q73_t328
69673,q73_t328
69673,q73_t329
69674,q73_t330
69674,q73_t331
69675,q73_t331
69675,q73_t332
69676,q73_t333
69676,q73_t334
69677,q73_t334
69677,q73_t335
69678,q73_t336
69678,q73_t337
69679,q73_t337
69679,q73_t338
69680,q73_t339
69680,q73_t340
69681,q73_t340
69681,q73_t341
69682,q73_t342
69682,q73_t343
69683,q73_t343
69683,q73_t344
69684,q73_t345
69684,q73_t346
69685,q73_t346
69685,q73_t347
69686,q73_t348
69686,q73_t349
69687,q73_t349
69687,q73_t350
69688,q73_t351
69688,q73_t352
69689,q73_t352
69689,q73_t353
69690,q73_t354
69690,q73_t355
69691,q73_t355
69691,q73_t356
69692,q73_t357
69692,q73_t358
69693,q73_t358
69693,q73_t359
69694,q73_t360
69694,q73_t361
69695,q73_t361
69695,q73_t362
69696,q73_t363
69696,q73_t364
69697,q73_t364
69697,q73_t365
69698,q73_t366
69698,q73_t367
69699,q73_t367
69699,q73_t368
69700,q73_t369
69700,q73_t370
69701,q73_t370
69701,q73_t371
69702,q73_t372
69702,q73_t373
69703,q73_t373
69703,q73_t374
69704,q73_t375
69704,q73_t376
69705,q73_t376
69705,q73_t377
69706,q73_t378
69706,q73_t379
69707,q73_t379
69707,q73_t380
69708,q73_t381
69708,q73_t382
69709,q73_t382
69709,q73_t383
69710,q73_t384
69710,q73_t385
69711,q73_t385
69711,q73_t386
69712,q73_t387
69712,q73_t388
69713,q73_t388
69713,q73_t389
69714,q73_t390
69714,q73_t391
69715,q73_t391
69715,q73_t392
69716,q73_t393
69716,q73_t394
69717,q73_t394
69717,q73_t395
69718,q73_t396
69718,q73_t397
69719,q73_t397
69719,q73_t398
69720,q73_t399
69720,q73_t400
69721,q73_t400
69721,q73_t401
69722,q73_t402
69722,q73_t403
69723,q73_t403
69723,q73_t404
69724,q73_t405
69724,q73_t406
69725,q73_t406
69725,q73_t407
69726,q73_t408
69726,q73_t409
69727,q73_t409
69727,q73_t410
69728,q73_t411
69728,q73_t412
69729,q73_t412
69729,q73_t413
69730,q73_t414
69730,q73_t415
69731,q73_t415
69731,q73_t416
69732,q73_t417
69732,q73_t418
69733,q73_t418
69733,q73_t419
69734,q73_t420
69734,q73_t421
69735,q73_t421
69735,q73_t422
69736,q73_t423
69736,q73_t424
69737,q73_t424
69737,q73_t425
69738,q73_t426
69738,q73_t427
69739,q73_t427
69739,q73_t428
69740,q73_t429
69740,q73_t430
69741,q73_t430
69741,q73_t431
69742,q73_t432
69742,q73_t433
69743,q73_t433
69743,q73_t434
69744,q73_t435
69744,q73_t436
69745,q73_t436
69745,q73_t440
69746,q73_t440
69746,q73_t441
69746,q74_t440
69746,q74_t441
69747,q73_t441
69747,q73_t442
69748,q73_t442
69748,q73_t443
69749,q73_t443
69749,q73_t444
69749,q75_t443
69749,q75_t444
69750,q73_t444
69750,q73_t445
69751,q73_t445
69751,q73_t446
69752,q73_t446
69752,q73_t447
69752,q76_t446
69752,q76_t447
69753,q73_t447
69753,q73_t448
69754,q73_t448
69754,q73_t449
69755,q73_t449
69755,q73_t450
69755,q77_t449
69755,q77_t450
69756,q73_t450
69756,q73_t451
69757,q73_t451
69757,q73_t452
69758,q73_t452
69758,q73_t453
69758,q78_t452
69758,q78_t453
69759,q73_t453
69759,q73_t454
69760,q73_t454
69760,q73_t455
69761,q73_t455
69761,q73_t456
69761,q79_t455
69761,q79_t456
69762,q73_t456
69762,q73_t457
69763,q73_t457
69763,q73_t458
69764,q73_t458
69764,q73_t459
69764,q80_t458
69764,q80_t459
69765,q73_t459
69765,q73_t460
69766,q73_t460
69766,q73_t461
69767,q73_t461
69767,q73_t462
69767,q81_t461
69767,q81_t462
69768,q73_t462
69768,q73_t463
69769,q73_t463
69769,q73_t464
69770,q73_t464
69770,q73_t465
69770,q82_t464
69770,q82_t465
69771,q73_t465
69771,q73_t466
69772,q73_t466
69772,q73_t467
69773,q73_t467
69773,q73_t468
69773,q83_t467
69773,q83_t468
69774,q73_t468
69774,q73_t469
69775,q73_t469
69775,q73_t470
69776,q73_t470
69776,q73_t471
69776,q84_t470
69776,q84_t471
69777,q73_t471
69777,q73_t472
69778,q73_t472
69778,q73_t473
69779,q73_t473
69779,q73_t474
69779,q85_t473
69779,q85_t474
69780,q73_t474
69780,q73_t475
69781,q73_t475
69781,q73_t476
69782,q73_t476
69782,q73_t477
69782,q86_t476
69782,q86_t477
69783,q73_t477
69783,q73_t478
69784,q73_t478
69784,q73_t479
69785,q73_t479
69785,q73_t480
69785,q87_t479
69785,q87_t480
69786,q73_t480
69786,q73_t481
69787,q73_t481
69787,q73_t482
69788,q73_t482
69788,q73_t483
69788,q88_t482
69788,q88_t483
69789,q73_t483
69789,q73_t484
69790,q73_t484
69790,q73_t485
69791,q73_t485
69791,q73_t486
69791,q89_t485
69791,q89_t486
69792,q73_t486
69792,q73_t487
69793,q73_t487
69793,q73_t488
69794,q73_t488
69794,q73_t489
69794,q90_t488
69794,q90_t489
69795,q73_t489
69795,q73_t490
69796,q73_t490
69796,q73_t491
69797,q73_t491
69797,q73_t492
69797,q91_t491
69797,q91_t492
69798,q73_t492
69798,q73_t493
69799,q73_t493
69799,q73_t494
69800,q73_t494
69800,q73_t495
69800,q92_t494
69800,q92_t495
69801,q73_t495
69801,q73_t496
69802,q73_t496
69802,q73_t497
69803,q73_t497
69803,q73_t498
69803,q93_t497
69803,q93_t498
69804,q73_t498
69804,q73_t499
69805,q73_t499
69805,q73_t500
69806,q73_t500
69806,q73_t501
69806,q94_t500
69806,q94_t501
69807,q73_t501
69807,q73_t502
69808,q73_t502
69808,q73_t503
69809,q73_t503
69809,q73_t504
69809,q95_t503
69809,q95_t504
69810,q73_t504
69810,q73_t505
69811,q73_t505
69811,q73_t506
69812,q73_t506
69812,q73_t507
69812,q96_t506
69812,q96_t507
69813,q73_t507
69813,q73_t508
69814,q73_t508
69814,q73_t509
69815,q73_t509
69815,q73_t510
69815,q97_t509
69815,q97_t510
69816,q73_t510
69816,q73_t511
69817,q73_t511
69817,q73_t512
69818,q73_t512
69818,q73_t513
69818,q98_t512
69818,q98_t513
69819,q73_t513
69819,q73_t514
69820,q73_t514
69820,q73_t515
69821,q73_t515
69821,q73_t516
69821,q99_t515
69821,q99_t516
69822,q73_t516
69822,q73_t517
69823,q73_t517
69823,q73_t518
69824,q73_t519
69824,q73_t520
69825,q73_t520
69825,q73_t521
69826,q73_t522
69826,q73_t523
69827,q73_t523
69827,q73_t524
69828,q73_t525
69828,q73_t526
69829,q73_t526
69829,q73_t527
69830,q73_t528
69830,q73_t529
69831,q73_t529
69831,q73_t530
69832,q73_t531
69832,q73_t532
69833,q73_t532
69833,q73_t533
69834,q73_t534
69834,q73_t535
69835,q73_t535
69835,q73_t536
69836,q73_t537
69836,q73_t538
69837,q73_t538
69837,q73_t539
69838,q73_t540
69838,q73_t541
69839,q73_t541
69839,q73_t542
69840,q73_t543
69840,q73_t544
69841,q73_t544
69841,q73_t545
69842,q73_t546
69842,q73_t547
69843,q73_t547
69843,q73_t548
69844,q73_t548
69844,q73_t549
69845,q73_t550
69845,q73_t551
69846,q73_t551
69846,q73_t552
69847,q73_t553
69847,q73_t554
69848,q73_t554
69848,q73_t555
69849,q73_t556
69849,q73_t557
69850,q73_t557
69850,q73_t558
69851,q73_t559
69851,q73_t560
69852,q73_t560
69852,q73_t561
69853,q73_t562
69853,q73_t563
69854,q73_t563
69854,q73_t564
69855,q73_t565
69855,q73_t566
69856,q73_t566
69856,q73_t567
69857,q73_t568
69857,q73_t569
69858,q73_t569
69858,q73_t570
69859,q73_t570
69859,q73_t571
69859,q7_t570
69859,q7_t571
69860,q73_t571
69860,q73_t572
69861,q73_t572
69861,q73_t573
69862,q73_t573
69862,q73_t574
69862,q8_t573
69862,q8_t574
69863,q73_t574
69863,q73_t575
69864,q73_t575
69864,q73_t576
69865,q73_t576
69865,q73_t577
69865,q9_t576
69865,q9_t577
69866,q73_t577
69866,q73_t578
69867,q73_t578
69867,q73_t579
69868,q73_t580
69868,q73_t581
69869,q73_t581
69869,q73_t582
69870,q73_t583
69870,q73_t584
69871,q73_t584
69871,q73_t585
69872,q73_t586
69872,q73_t587
69873,q73_t587
69873,q73_t588
69874,q73_t589
69874,q73_t590
69875,q73_t590
69875,q73_t591
69876,q73_t592
69876,q73_t593
69877,q73_t593
69877,q73_t594
69878,q73_t595
69878,q73_t596
69879,q73_t596
69879,q73_t597
69880,q73_t598
69880,q73_t599
69881,q73_t599
69881,q73_t600
69882,q73_t601
69882,q73_t602
69883,q73_t602
69883,q73_t603
69884,q73_t604
69884,q73_t605
69885,q73_t605
69885,q73_t606
69886,q73_t607
69886,q73_t608
69887,q73_t608
69887,q73_t609
69888,q73_t610
69888,q73_t611
69889,q73_t611
69889,q73_t612
69890,q73_t613
69890,q73_t614
69891,q73_t614
69891,q73_t615
69892,q73_t616
69892,q73_t617
69893,q73_t617
69893,q73_t618
69894,q73_t619
69894,q73_t620
69895,q73_t620
69895,q73_t621
69896,q73_t622
69896,q73_t623
69897,q73_t623
69897,q73_t624
69898,q73_t625
69898,q73_t626
69899,q73_t626
69899,q73_t627
69900,q73_t628
69900,q73_t629
69901,q73_t629
69901,q73_t630
69902,q73_t631
69902,q73_t632
69903,q73_t632
69903,q73_t633
69904,q73_t634
69904,q73_t635
69905,q73_t635
69905,q73_t636
69906,q73_t637
69906,q73_t638
69907,q73_t638
69907,q73_t639
69908,q73_t640
69908,q73_t641
69909,q73_t641
69909,q73_t642
69910,q73_t643
69910,q73_t644
69911,q73_t644
69911,q73_t645
69912,q73_t646
69912,q73_t647
69913,q73_t647
69913,q73_t648
69914,q73_t649
69914,q73_t650
69915,q73_t650
69915,q73_t651
69916,q73_t652
69916,q73_t653
69917,q73_t653
69917,q73_t654
69918,q73_t655
69918,q73_t656
69919,q73_t656
69919,q73_t657
69920,q73_t658
69920,q73_t659
69921,q73_t659
69921,q73_t660
69922,q73_t661
69922,q73_t662
69923,q73_t662
69923,q73_t663
69924,q73_t664
69924,q73_t665
69925,q73_t665
69925,q73_t666
69926,q73_t667
69926,q73_t668
69927,q73_t668
69927,q73_t669
69928,q73_t670
69928,q73_t671
69929,q73_t671
69929,q73_t672
69930,q73_t673
69930,q73_t674
69931,q73_t674
69931,q73_t675
69932,q73_t676
69932,q73_t677
69933,q73_t677
69933,q73_t678
69934,q73_t679
69934,q73_t680
69935,q73_t680
69935,q73_t681
69936,q73_t682
69936,q73_t683
69937,q73_t683
69937,q73_t684
69938,q73_t685
69938,q73_t686
69939,q73_t686
69939,q73_t687
69940,q73_t688
69940,q73_t689
69941,q73_t689
69941,q73_t690
69942,q73_t691
69942,q73_t692
69943,q73_t692
69943,q73_t693
69944,q73_t694
69944,q73_t695
69945,q73_t695
69945,q73_t696
69946,q73_t697
69946,q73_t698
69947,q73_t698
69947,q73_t699
69948,q73_t700
69948,q73_t701
69949,q73_t701
69949,q73_t702
69950,q73_t703
69950,q73_t704
69951,q73_t704
69951,q73_t705
69952,q73_t706
69952,q73_t707
69953,q73_t707
69953,q73_t708
69954,q73_t709
69954,q73_t710
69955,q73_t710
69955,q73_t711
69956,q73_t712
69956,q73_t713
69957,q73_t713
69957,q73_t714
69958,q73_t715
69958,q73_t716
69959,q73_t716
69959,q73_t717
69960,q73_t718
69960,q73_t719
69961,q73_t719
69961,q73_t720
69962,q73_t721
69962,q73_t722
69963,q73_t722
69963,q73_t723
69964,q73_t724
69964,q73_t725
69965,q73_t725
69965,q73_t726
69966,q73_t727
69966,q73_t728
69967,q73_t728
69967,q73_t729
69968,q73_t730
69968,q73_t731
69969,q73_t731
69969,q73_t732
69970,q73_t733
69970,q73_t734
69971,q73_t734
69971,q73_t735
69972,q73_t736
69972,q73_t737
69973,q73_t737
69973,q73_t738
69974,q73_t739
69974,q73_t740
69975,q73_t740
69975,q73_t741
69976,q73_t742
69976,q73_t743
69977,q73_t743
69977,q73_t744
69978,q73_t745
69978,q73_t746
69979,q73_t746
69979,q73_t747
69980,q73_t748
69980,q73_t749
69981,q73_t749
69981,q73_t750
69982,q73_t751
69982,q73_t752
69983,q73_t752
69983,q73_t753
69984,q73_t754
69984,q73_t755
69985,q73_t755
69985,q73_t756
69986,q73_t757
69986,q73_t758
69987,q73_t758
69987,q73_t759
69988,q73_t760
69988,q73_t761
69989,q73_t761
69989,q73_t762
69990,q73_t763
69990,q73_t764
69991,q73_t764
69991,q73_t765
69992,q73_t766
69992,q73_t767
69993,q73_t767
69993,q73_t771
69994,q73_t771
69994,q73_t772
69994,q74_t771
69994,q74_t772
69995,q73_t772
69995,q73_t773
69996,q73_t773
69996,q73_t774
69997,q73_t774
69997,q73_t775
69997,q75_t774
69997,q75_t775
69998,q73_t775
69998,q73_t776
69999,q73_t776
69999,q73_t777
70000,q73_t777
70000,q73_t778
70000,q76_t777
70000,q76_t778
70001,q73_t778
70001,q73_t779
70002,q73_t779
70002,q73_t780
70003,q73_t780
70003,q73_t781
70003,q77_t780
70003,q77_t781
70004,q73_t781
70004,q73_t782
70005,q73_t782
70005,q73_t783
70006,q73_t783
70006,q73_t784
70006,q78_t783
70006,q78_t784
70007,q73_t784
70007,q73_t785
70008,q73_t785
70008,q73_t786
70009,q73_t786
70009,q73_t787
70009,q79_t786
70009,q79_t787
70010,q73_t787
70010,q73_t788
70011,q73_t788
70011,q73_t789
70012,q73_t789
70012,q73_t790
70012,q80_t789
70012,q80_t790
70013,q73_t790
70013,q73_t791
70014,q73_t791
70014,q73_t792
70015,q73_t792
70015,q73_t793
70015,q81_t792
70015,q81_t793
70016,q73_t793
70016,q73_t794
70017,q73_t794
70017,q73_t795
70018,q73_t795
70018,q73_t796
70018,q82_t795
70018,q82_t796
70019,q73_t796
70019,q73_t797
70020,q73_t797
70020,q73_t798
70021,q73_t798
70021,q73_t799
70021,q83_t798
70021,q83_t799
70022,q73_t799
70022,q73_t800
70023,q73_t800
70023,q73_t801
70024,q73_t801
70024,q73_t802
70024,q84_t801
70024,q84_t802
70025,q73_t802
70025,q73_t803
70026,q73_t803
70026,q73_t804
70027,q73_t804
70027,q73_t805
70027,q85_t804
70027,q85_t805
70028,q73_t805
70028,q73_t806
70029,q73_t806
70029,q73_t807
70030,q73_t807
70030,q73_t808
70030,q86_t807
70030,q86_t808
70031,q73_t808
70031,q73_t809
70032,q73_t809
70032,q73_t810
70033,q73_t810
70033,q73_t811
70033,q87_t810
70033,q87_t811
70034,q73_t811
70034,q73_t812
70035,q73_t812
70035,q73_t813
70036,q73_t813
70036,q73_t814
70036,q88_t813
70036,q88_t814
70037,q73_t814
70037,q73_t815
70038,q73_t815
70038,q73_t816
70039,q73_t816
70039,q73_t817
70039,q89_t816
70039,q89_t817
70040,q73_t817
70040,q73_t818
70041,q73_t818
70041,q73_t819
70042,q73_t819
70042,q73_t820
70042,q90_t819
70042,q90_t820
70043,q73_t820
70043,q73_t821
70044,q73_t821
70044,q73_t822
70045,q73_t822
70045,q73_t823
70045,q91_t822
70045,q91_t823
70046,q73_t823
70046,q73_t824
70047,q73_t824
70047,q73_t825
70048,q73_t825
70048,q73_t826
70048,q92_t825
70048,q92_t826
70049,q73_t826
70049,q73_t827
70050,q73_t827
70050,q73_t828
70051,q73_t828
70051,q73_t829
70051,q93_t828
70051,q93_t829
70052,q73_t829
70052,q73_t830
70053,q73_t830
70053,q73_t831
70054,q73_t831
70054,q73_t832
70054,q94_t831
70054,q94_t832
70055,q73_t832
70055,q73_t833
70056,q73_t833
70056,q73_t834
70057,q73_t834
70057,q73_t835
70057,q95_t834
70057,q95_t835
70058,q73_t835
70058,q73_t836
70059,q73_t836
70059,q73_t837
70060,q73_t837
70060,q73_t838
70060,q96_t837
70060,q96_t838
70061,q73_t838
70061,q73_t839
70062,q73_t839
70062,q73_t840
70063,q73_t840
70063,q73_t841
70063,q97_t840
70063,q97_t841
70064,q73_t841
70064,q73_t842
70065,q73_t842
70065,q73_t843
70066,q73_t843
70066,q73_t844
70066,q98_t843
70066,q98_t844
70067,q73_t844
70067,q73_t845
70068,q73_t845
70068,q73_t846
70069,q73_t846
70069,q73_t847
70069,q99_t846
70069,q99_t847
70070,q73_t847
70070,q73_t848
70071,q73_t848
70071,q73_t849
70072,q73_t850
70072,q73_t851
70073,q73_t851
70073,q73_t852
70074,q73_t853
70074,q73_t854
70075,q73_t854
70075,q73_t855
70076,q73_t856
70076,q73_t857
70077,q73_t857
70077,q73_t858
70078,q73_t859
70078,q73_t860
70079,q73_t860
70079,q73_t861
70080,q73_t862
70080,q73_t863
70081,q73_t863
70081,q73_t864
70082,q73_t865
70082,q73_t866
70083,q73_t866
70083,q73_t867
70084,q73_t868
70084,q73_t869
70085,q73_t869
70085,q73_t870
70086,q73_t871
70086,q73_t872
70087,q73_t872
70087,q73_t873
70088,q73_t874
70088,q73_t875
70089,q73_t875
70089,q73_t876
70090,q73_t877
70090,q73_t878
70091,q73_t878
70091,q73_t879
70092,q73_t879
70092,q73_t880
70093,q73_t881
70093,q73_t882
70094,q73_t882
70094,q73_t883
70095,q73_t884
70095,q73_t885
70096,q73_t885
70096,q73_t886
70097,q73_t887
70097,q73_t888
70098,q73_t888
70098,q73_t889
70099,q73_t890
70099,q73_t891
70100,q73_t891
70100,q73_t892
70101,q73_t893
70101,q73_t894
70102,q73_t894
70102,q73_t895
70103,q73_t896
70103,q73_t897
70104,q73_t897
70104,q73_t898
70105,q73_t899
70105,q73_t900
70106,q73_t900
70106,q73_t901
70107,q73_t901
70107,q73_t902
70107,q7_t901
70107,q7_t902
70108,q73_t902
70108,q73_t903
70109,q73_t903
70109,q73_t904
70110,q73_t904
70110,q73_t905
70110,q8_t904
70110,q8_t905
70111,q73_t905
70111,q73_t906
70112,q73_t906
70112,q73_t907
70113,q73_t907
70113,q73_t908
70113,q9_t907
70113,q9_t908
70114,q73_t908
70114,q73_t909
70115,q73_t909
70115,q73_t910
70116,q73_t911
70116,q73_t912
70117,q73_t912
70117,q73_t913
70118,q73_t914
70118,q73_t915
70119,q73_t915
70119,q73_t916
70120,q73_t917
70120,q73_t918
70121,q73_t918
70121,q73_t919
70122,q73_t920
70122,q73_t921
70123,q73_t921
70123,q73_t922
70124,q73_t923
70124,q73_t924
70125,q73_t924
70125,q73_t925
70126,q73_t926
70126,q73_t927
70127,q73_t927
70127,q73_t928
70128,q73_t929
70128,q73_t930
70129,q73_t930
70129,q73_t931
70130,q73_t932
70130,q73_t933
70131,q73_t933
70131,q73_t934
70132,q73_t935
70132,q73_t936
70133,q73_t936
70133,q73_t937
70134,q73_t938
70134,q73_t939
70135,q73_t939
70135,q73_t940
70136,q73_t941
70136,q73_t942
70137,q73_t942
70137,q73_t943
70138,q73_t944
70138,q73_t945
70139,q73_t945
70139,q73_t946
70140,q73_t947
70140,q73_t948
70141,q73_t948
70141,q73_t949
70142,q73_t950
70142,q73_t951
70143,q73_t951
70143,q73_t952
70144,q73_t953
70144,q73_t954
70145,q73_t954
70145,q73_t955
70146,q73_t956
70146,q73_t957
70147,q73_t957
70147,q73_t958
70148,q73_t959
70148,q73_t960
70149,q73_t960
70149,q73_t961
70150,q73_t962
70150,q73_t963
70151,q73_t963
70151,q73_t964
70152,q73_t965
70152,q73_t966
70153,q73_t966
70153,q73_t967
70154,q73_t968
70154,q73_t969
70155,q73_t969
70155,q73_t970
70156,q73_t971
70156,q73_t972
70157,q73_t972
70157,q73_t973
70158,q73_t974
70158,q73_t975
70159,q73_t975
70159,q73_t976
70160,q73_t977
70160,q73_t978
70161,q73_t978
70161,q73_t979
70162,q73_t980
70162,q73_t981
70163,q73_t981
70163,q73_t982
70164,q73_t983
70164,q73_t984
70165,q73_t984
70165,q73_t985
70166,q73_t986
70166,q73_t987
70167,q73_t987
70167,q73_t988
70168,q73_t989
70168,q73_t990
70169,q73_t990
70169,q73_t991
70170,q73_t992
70170,q73_t993
70171,q73_t993
70171,q73_t994
70172,q73_t995
70172,q73_t996
70173,q73_t996
70173,q73_t997
70174,q73_t998
70174,q73_t999
70175,q74_t0
70175,q74_t1
70176,q74_t1
70176,q74_t221
70177,q74_t1000
70177,q74_t999
70178,q74_t1001
70178,q74_t1002
70179,q74_t1002
70179,q74_t1003
70180,q74_t1004
70180,q74_t1005
70181,q74_t1005
70181,q74_t1006
70182,q74_t1007
70182,q74_t1008
70183,q74_t1008
70183,q74_t1009
70184,q74_t1010
70184,q74_t1011
70185,q74_t1011
70185,q74_t1012
70186,q74_t1013
70186,q74_t1014
70187,q74_t1014
70187,q74_t1015
70188,q74_t1016
70188,q74_t1017
70189,q74_t1017
70189,q74_t1018
70190,q74_t1019
70190,q74_t1020
70191,q74_t1020
70191,q74_t1021
70192,q74_t1022
70192,q74_t1023
70193,q74_t1023
70193,q74_t1024
70194,q74_t1025
70194,q74_t1026
70195,q74_t1026
70195,q74_t1027
70196,q74_t1028
70196,q74_t1029
70197,q74_t1029
70197,q74_t1030
70198,q74_t1031
70198,q74_t1032
70199,q74_t1032
70199,q74_t1033
70200,q74_t1034
70200,q74_t1035
70201,q74_t1035
70201,q74_t1036
70202,q74_t1037
70202,q74_t1038
70203,q74_t1038
70203,q74_t1039
70204,q74_t1040
70204,q74_t1041
70205,q74_t1041
70205,q74_t1042
70206,q74_t1043
70206,q74_t1044
70207,q74_t1044
70207,q74_t1045
70208,q74_t1046
70208,q74_t1047
70209,q74_t1047
70209,q74_t1048
70210,q74_t1049
70210,q74_t1050
70211,q74_t1050
70211,q74_t1051
70212,q74_t1052
70212,q74_t1053
70213,q74_t1053
70213,q74_t1054
70214,q74_t1055
70214,q74_t1056
70215,q74_t1056
70215,q74_t1057
70216,q74_t1058
70216,q74_t1059
70217,q74_t1059
70217,q74_t1060
70218,q74_t1061
70218,q74_t1062
70219,q74_t1062
70219,q74_t1063
70220,q74_t1064
70220,q74_t1065
70221,q74_t1065
70221,q74_t1066
70222,q74_t1067
70222,q74_t1068
70223,q74_t1068
70223,q74_t1069
70224,q74_t1070
70224,q74_t1071
70225,q74_t1071
70225,q74_t1072
70226,q74_t1073
70226,q74_t1074
70227,q74_t1074
70227,q74_t1075
70228,q74_t1076
70228,q74_t1077
70229,q74_t1077
70229,q74_t1078
70230,q74_t1079
70230,q74_t1080
70231,q74_t1080
70231,q74_t1081
70232,q74_t1082
70232,q74_t1083
70233,q74_t1083
70233,q74_t1084
70234,q74_t1085
70234,q74_t1086
70235,q74_t1086
70235,q74_t1087
70236,q74_t1088
70236,q74_t1089
70237,q74_t1089
70237,q74_t1090
70238,q74_t1091
70238,q74_t1092
70239,q74_t1092
70239,q74_t1093
70240,q74_t1094
70240,q74_t1095
70241,q74_t1095
70241,q74_t1096
70242,q74_t1097
70242,q74_t1098
70243,q74_t1098
70243,q74_t1099
70244,q74_t1100
70244,q74_t1101
70245,q74_t1101
70245,q74_t1102
70246,q74_t1103
70246,q74_t1104
70247,q74_t1104
70247,q74_t1108
70248,q74_t1108
70248,q74_t1109
70248,q75_t1108
70248,q75_t1109
70249,q74_t1109
70249,q74_t1110
70250,q74_t1110
70250,q74_t1111
70251,q74_t1111
70251,q74_t1112
70251,q76_t1111
70251,q76_t1112
70252,q74_t1112
70252,q74_t1113
70253,q74_t1113
70253,q74_t1114
70254,q74_t1114
70254,q74_t1115
70254,q77_t1114
70254,q77_t1115
70255,q74_t1115
70255,q74_t1116
70256,q74_t1116
70256,q74_t1117
70257,q74_t1117
70257,q74_t1118
70257,q78_t1117
70257,q78_t1118
70258,q74_t1118
70258,q74_t1119
70259,q74_t1119
70259,q74_t1120
70260,q74_t1120
70260,q74_t1121
70260,q79_t1120
70260,q79_t1121
70261,q74_t1121
70261,q74_t1122
70262,q74_t1122
70262,q74_t1123
70263,q74_t1123
70263,q74_t1124
70263,q80_t1123
70263,q80_t1124
70264,q74_t1124
70264,q74_t1125
70265,q74_t1125
70265,q74_t1126
70266,q74_t1126
70266,q74_t1127
70266,q81_t1126
70266,q81_t1127
70267,q74_t1127
70267,q74_t1128
70268,q74_t1128
70268,q74_t1129
70269,q74_t1129
70269,q74_t1130
70269,q82_t1129
70269,q82_t1130
70270,q74_t1130
70270,q74_t1131
70271,q74_t1131
70271,q74_t1132
70272,q74_t1132
70272,q74_t1133
70272,q83_t1132
70272,q83_t1133
70273,q74_t1133
70273,q74_t1134
70274,q74_t1134
70274,q74_t1135
70275,q74_t1135
70275,q74_t1136
70275,q84_t1135
70275,q84_t1136
70276,q74_t1136
70276,q74_t1137
70277,q74_t1137
70277,q74_t1138
70278,q74_t1138
70278,q74_t1139
70278,q85_t1138
70278,q85_t1139
70279,q74_t1139
70279,q74_t1140
70280,q74_t1140
70280,q74_t1141
70281,q74_t1141
70281,q74_t1142
70281,q86_t1141
70281,q86_t1142
70282,q74_t1142
70282,q74_t1143
70283,q74_t1143
70283,q74_t1144
70284,q74_t1144
70284,q74_t1145
70284,q87_t1144
70284,q87_t1145
70285,q74_t1145
70285,q74_t1146
70286,q74_t1146
70286,q74_t1147
70287,q74_t1147
70287,q74_t1148
70287,q88_t1147
70287,q88_t1148
70288,q74_t1148
70288,q74_t1149
70289,q74_t1149
70289,q74_t1150
70290,q74_t1150
70290,q74_t1151
70290,q89_t1150
70290,q89_t1151
70291,q74_t1151
70291,q74_t1152
70292,q74_t1152
70292,q74_t1153
70293,q74_t1153
70293,q74_t1154
70293,q90_t1153
70293,q90_t1154
70294,q74_t1154
70294,q74_t1155
70295,q74_t1155
70295,q74_t1156
70296,q74_t1156
70296,q74_t1157
70296,q91_t1156
70296,q91_t1157
70297,q74_t1157
70297,q74_t1158
70298,q74_t1158
70298,q74_t1159
70299,q74_t1159
70299,q74_t1160
70299,q92_t1159
70299,q92_t1160
70300,q74_t1160
70300,q74_t1161
70301,q74_t1161
70301,q74_t1162
70302,q74_t1162
70302,q74_t1163
70302,q93_t1162
70302,q93_t1163
70303,q74_t1163
70303,q74_t1164
70304,q74_t1164
70304,q74_t1165
70305,q74_t1165
70305,q74_t1166
70305,q94_t1165
70305,q94_t1166
70306,q74_t1166
70306,q74_t1167
70307,q74_t1167
70307,q74_t1168
70308,q74_t1168
70308,q74_t1169
70308,q95_t1168
70308,q95_t1169
70309,q74_t1169
70309,q74_t1170
70310,q74_t1170
70310,q74_t1171
70311,q74_t1171
70311,q74_t1172
70311,q96_t1171
70311,q96_t1172
70312,q74_t1172
70312,q74_t1173
70313,q74_t1173
70313,q74_t1174
70314,q74_t1174
70314,q74_t1175
70314,q97_t1174
70314,q97_t1175
70315,q74_t1175
70315,q74_t1176
70316,q74_t1176
70316,q74_t1177
70317,q74_t1177
70317,q74_t1178
70317,q98_t1177
70317,q98_t1178
70318,q74_t1178
70318,q74_t1179
70319,q74_t1179
70319,q74_t1180
70320,q74_t1180
70320,q74_t1181
70320,q99_t1180
70320,q99_t1181
70321,q74_t1181
70321,q74_t1182
70322,q74_t1182
70322,q74_t1183
70323,q74_t1184
70323,q74_t1185
70324,q74_t1185
70324,q74_t1186
70325,q74_t1187
70325,q74_t1188
70326,q74_t1188
70326,q74_t1189
70327,q74_t1190
70327,q74_t1191
70328,q74_t1191
70328,q74_t1192
70329,q74_t1193
70329,q74_t1194
70330,q74_t1194
70330,q74_t1195
70331,q74_t1196
70331,q74_t1197
70332,q74_t1197
70332,q74_t1198
70333,q74_t1199
70333,q74_t1200
70334,q74_t1200
70334,q74_t1201
70335,q74_t1202
70335,q74_t1203
70336,q74_t1203
70336,q74_t1204
70337,q74_t1205
70337,q74_t1206
70338,q74_t1206
70338,q74_t1207
70339,q74_t1208
70339,q74_t1209
70340,q74_t1209
70340,q74_t1210
70341,q74_t1211
70341,q74_t1212
70342,q74_t1212
70342,q74_t1213
70343,q74_t222
70343,q74_t223
70344,q74_t223
70344,q74_t224
70345,q74_t225
70345,q74_t226
70346,q74_t226
70346,q74_t227
70347,q74_t228
70347,q74_t229
70348,q74_t229
70348,q74_t230
70349,q74_t231
70349,q74_t232
70350,q74_t232
70350,q74_t233
70351,q74_t234
70351,q74_t235
70352,q74_t235
70352,q74_t236
70353,q74_t237
70353,q74_t238
70354,q74_t238
70354,q74_t239
70355,q74_t240
70355,q74_t241
70356,q74_t241
70356,q74_t242
70357,q74_t242
70357,q74_t243
70357,q7_t242
70357,q7_t243
70358,q74_t243
70358,q74_t244
70359,q74_t244
70359,q74_t245
70360,q74_t245
70360,q74_t246
70360,q8_t245
70360,q8_t246
70361,q74_t246
70361,q74_t247
70362,q74_t247
70362,q74_t248
70363,q74_t248
70363,q74_t249
70363,q9_t248
70363,q9_t249
70364,q74_t249
70364,q74_t250
70365,q74_t250
70365,q74_t251
70366,q74_t252
70366,q74_t253
70367,q74_t253
70367,q74_t254
70368,q74_t255
70368,q74_t256
70369,q74_t256
70369,q74_t257
70370,q74_t258
70370,q74_t259
70371,q74_t259
70371,q74_t260
70372,q74_t261
70372,q74_t262
70373,q74_t262
70373,q74_t263
70374,q74_t264
70374,q74_t265
70375,q74_t265
70375,q74_t266
70376,q74_t267
70376,q74_t268
70377,q74_t268
70377,q74_t269
70378,q74_t270
70378,q74_t271
70379,q74_t271
70379,q74_t272
70380,q74_t273
70380,q74_t274
70381,q74_t274
70381,q74_t275
70382,q74_t276
70382,q74_t277
70383,q74_t277
70383,q74_t278
70384,q74_t279
70384,q74_t280
70385,q74_t280
70385,q74_t281
70386,q74_t282
70386,q74_t283
70387,q74_t283
70387,q74_t284
70388,q74_t285
70388,q74_t286
70389,q74_t286
70389,q74_t287
70390,q74_t288
70390,q74_t289
70391,q74_t289
70391,q74_t290
70392,q74_t291
70392,q74_t292
70393,q74_t292
70393,q74_t293
70394,q74_t294
70394,q74_t295
70395,q74_t295
70395,q74_t296
70396,q74_t297
70396,q74_t298
70397,q74_t298
70397,q74_t299
70398,q74_t300
70398,q74_t301
70399,q74_t301
70399,q74_t302
70400,q74_t303
70400,q74_t304
70401,q74_t304
70401,q74_t305
70402,q74_t306
70402,q74_t307
70403,q74_t307
70403,q74_t308
70404,q74_t309
70404,q74_t310
70405,q74_t310
70405,q74_t311
70406,q74_t312
70406,q74_t313
70407,q74_t313
70407,q74_t314
70408,q74_t315
70408,q74_t316
70409,q74_t316
70409,q74_t317
70410,q74_t318
70410,q74_t319
70411,q74_t319
70411,q74_t320
70412,q74_t321
70412,q74_t322
70413,q74_t322
70413,q74_t323
70414,q74_t324
70414,q74_t325
70415,q74_t325
70415,q74_t326
70416,q74_t327
70416,q74_t328
70417,q74_t328
70417,q74_t329
70418,q74_t330
70418,q74_t331
70419,q74_t331
70419,q74_t332
70420,q74_t333
70420,q74_t334
70421,q74_t334
70421,q74_t335
70422,q74_t336
70422,q74_t337
70423,q74_t337
70423,q74_t338
70424,q74_t339
70424,q74_t340
70425,q74_t340
70425,q74_t341
70426,q74_t342
70426,q74_t343
70427,q74_t343
70427,q74_t344
70428,q74_t345
70428,q74_t346
70429,q74_t346
70429,q74_t347
70430,q74_t348
70430,q74_t349
70431,q74_t349
70431,q74_t350
70432,q74_t351
70432,q74_t352
70433,q74_t352
70433,q74_t353
70434,q74_t354
70434,q74_t355
70435,q74_t355
70435,q74_t356
70436,q74_t357
70436,q74_t358
70437,q74_t358
70437,q74_t359
70438,q74_t360
70438,q74_t361
70439,q74_t361
70439,q74_t362
70440,q74_t363
70440,q74_t364
70441,q74_t364
70441,q74_t365
70442,q74_t366
70442,q74_t367
70443,q74_t367
70443,q74_t368
70444,q74_t369
70444,q74_t370
70445,q74_t370
70445,q74_t371
70446,q74_t372
70446,q74_t373
70447,q74_t373
70447,q74_t374
70448,q74_t375
70448,q74_t376
70449,q74_t376
70449,q74_t377
70450,q74_t378
70450,q74_t379
70451,q74_t379
70451,q74_t380
70452,q74_t381
70452,q74_t382
70453,q74_t382
70453,q74_t383
70454,q74_t384
70454,q74_t385
70455,q74_t385
70455,q74_t386
70456,q74_t387
70456,q74_t388
70457,q74_t388
70457,q74_t389
70458,q74_t390
70458,q74_t391
70459,q74_t391
70459,q74_t392
70460,q74_t393
70460,q74_t394
70461,q74_t394
70461,q74_t395
70462,q74_t396
70462,q74_t397
70463,q74_t397
70463,q74_t398
70464,q74_t399
70464,q74_t400
70465,q74_t400
70465,q74_t401
70466,q74_t402
70466,q74_t403
70467,q74_t403
70467,q74_t404
70468,q74_t405
70468,q74_t406
70469,q74_t406
70469,q74_t407
70470,q74_t408
70470,q74_t409
70471,q74_t409
70471,q74_t410
70472,q74_t411
70472,q74_t412
70473,q74_t412
70473,q74_t413
70474,q74_t414
70474,q74_t415
70475,q74_t415
70475,q74_t416
70476,q74_t417
70476,q74_t418
70477,q74_t418
70477,q74_t419
70478,q74_t420
70478,q74_t421
70479,q74_t421
70479,q74_t422
70480,q74_t423
70480,q74_t424
70481,q74_t424
70481,q74_t425
70482,q74_t426
70482,q74_t427
70483,q74_t427
70483,q74_t428
70484,q74_t429
70484,q74_t430
70485,q74_t430
70485,q74_t431
70486,q74_t432
70486,q74_t433
70487,q74_t433
70487,q74_t434
70488,q74_t435
70488,q74_t436
70489,q74_t436
70489,q74_t437
70490,q74_t438
70490,q74_t439
70491,q74_t439
70491,q74_t440
70492,q74_t441
70492,q74_t442
70493,q74_t442
70493,q74_t446
70494,q74_t446
70494,q74_t447
70494,q75_t446
70494,q75_t447
70495,q74_t447
70495,q74_t448
70496,q74_t448
70496,q74_t449
70497,q74_t449
70497,q74_t450
70497,q76_t449
70497,q76_t450
70498,q74_t450
70498,q74_t451
70499,q74_t451
70499,q74_t452
70500,q74_t452
70500,q74_t453
70500,q77_t452
70500,q77_t453
70501,q74_t453
70501,q74_t454
70502,q74_t454
70502,q74_t455
70503,q74_t455
70503,q74_t456
70503,q78_t455
70503,q78_t456
70504,q74_t456
70504,q74_t457
70505,q74_t457
70505,q74_t458
70506,q74_t458
70506,q74_t459
70506,q79_t458
70506,q79_t459
70507,q74_t459
70507,q74_t460
70508,q74_t460
70508,q74_t461
70509,q74_t461
70509,q74_t462
70509,q80_t461
70509,q80_t462
70510,q74_t462
70510,q74_t463
70511,q74_t463
70511,q74_t464
70512,q74_t464
70512,q74_t465
70512,q81_t464
70512,q81_t465
70513,q74_t465
70513,q74_t466
70514,q74_t466
70514,q74_t467
70515,q74_t467
70515,q74_t468
70515,q82_t467
70515,q82_t468
70516,q74_t468
70516,q74_t469
70517,q74_t469
70517,q74_t470
70518,q74_t470
70518,q74_t471
70518,q83_t470
70518,q83_t471
70519,q74_t471
70519,q74_t472
70520,q74_t472
70520,q74_t473
70521,q74_t473
70521,q74_t474
70521,q84_t473
70521,q84_t474
70522,q74_t474
70522,q74_t475
70523,q74_t475
70523,q74_t476
70524,q74_t476
70524,q74_t477
70524,q85_t476
70524,q85_t477
70525,q74_t477
70525,q74_t478
70526,q74_t478
70526,q74_t479
70527,q74_t479
70527,q74_t480
70527,q86_t479
70527,q86_t480
70528,q74_t480
70528,q74_t481
70529,q74_t481
70529,q74_t482
70530,q74_t482
70530,q74_t483
70530,q87_t482
70530,q87_t483
70531,q74_t483
70531,q74_t484
70532,q74_t484
70532,q74_t485
70533,q74_t485
70533,q74_t486
70533,q88_t485
70533,q88_t486
70534,q74_t486
70534,q74_t487
70535,q74_t487
70535,q74_t488
70536,q74_t488
70536,q74_t489
70536,q89_t488
70536,q89_t489
70537,q74_t489
70537,q74_t490
70538,q74_t490
70538,q74_t491
70539,q74_t491
70539,q74_t492
70539,q90_t491
70539,q90_t492
70540,q74_t492
70540,q74_t493
70541,q74_t493
70541,q74_t494
70542,q74_t494
70542,q74_t495
70542,q91_t494
70542,q91_t495
70543,q74_t495
70543,q74_t496
70544,q74_t496
70544,q74_t497
70545,q74_t497
70545,q74_t498
70545,q92_t497
70545,q92_t498
70546,q74_t498
70546,q74_t499
70547,q74_t499
70547,q74_t500
70548,q74_t500
70548,q74_t501
70548,q93_t500
70548,q93_t501
70549,q74_t501
70549,q74_t502
70550,q74_t502
70550,q74_t503
70551,q74_t503
70551,q74_t504
70551,q94_t503
70551,q94_t504
70552,q74_t504
70552,q74_t505
70553,q74_t505
70553,q74_t506
70554,q74_t506
70554,q74_t507
70554,q95_t506
70554,q95_t507
70555,q74_t507
70555,q74_t508
70556,q74_t508
70556,q74_t509
70557,q74_t509
70557,q74_t510
70557,q96_t509
70557,q96_t510
70558,q74_t510
70558,q74_t511
70559,q74_t511
70559,q74_t512
70560,q74_t512
70560,q74_t513
70560,q97_t512
70560,q97_t513
70561,q74_t513
70561,q74_t514
70562,q74_t514
70562,q74_t515
70563,q74_t515
70563,q74_t516
70563,q98_t515
70563,q98_t516
70564,q74_t516
70564,q74_t517
70565,q74_t517
70565,q74_t518
70566,q74_t518
70566,q74_t519
70566,q99_t518
70566,q99_t519
70567,q74_t519
70567,q74_t520
70568,q74_t520
70568,q74_t521
70569,q74_t522
70569,q74_t523
70570,q74_t523
70570,q74_t524
70571,q74_t525
70571,q74_t526
70572,q74_t526
70572,q74_t527
70573,q74_t528
70573,q74_t529
70574,q74_t529
70574,q74_t530
70575,q74_t531
70575,q74_t532
70576,q74_t532
70576,q74_t533
70577,q74_t534
70577,q74_t535
70578,q74_t535
70578,q74_t536
70579,q74_t537
70579,q74_t538
70580,q74_t538
70580,q74_t539
70581,q74_t540
70581,q74_t541
70582,q74_t541
70582,q74_t542
70583,q74_t543
70583,q74_t544
70584,q74_t544
70584,q74_t545
70585,q74_t546
70585,q74_t547
70586,q74_t547
70586,q74_t548
70587,q74_t549
70587,q74_t550
70588,q74_t550
70588,q74_t551
70589,q74_t551
70589,q74_t552
70590,q74_t553
70590,q74_t554
70591,q74_t554
70591,q74_t555
70592,q74_t556
70592,q74_t557
70593,q74_t557
70593,q74_t558
70594,q74_t559
70594,q74_t560
70595,q74_t560
70595,q74_t561
70596,q74_t562
70596,q74_t563
70597,q74_t563
70597,q74_t564
70598,q74_t565
70598,q74_t566
70599,q74_t566
70599,q74_t567
70600,q74_t568
70600,q74_t569
70601,q74_t569
70601,q74_t570
70602,q74_t571
70602,q74_t572
70603,q74_t572
70603,q74_t573
70604,q74_t573
70604,q74_t574
70604,q7_t573
70604,q7_t574
70605,q74_t574
70605,q74_t575
70606,q74_t575
70606,q74_t576
70607,q74_t576
70607,q74_t577
70607,q8_t576
70607,q8_t577
70608,q74_t577
70608,q74_t578
70609,q74_t578
70609,q74_t579
70610,q74_t579
70610,q74_t580
70610,q9_t579
70610,q9_t580
70611,q74_t580
70611,q74_t581
70612,q74_t581
70612,q74_t582
70613,q74_t583
70613,q74_t584
70614,q74_t584
70614,q74_t585
70615,q74_t586
70615,q74_t587
70616,q74_t587
70616,q74_t588
70617,q74_t589
70617,q74_t590
70618,q74_t590
70618,q74_t591
70619,q74_t592
70619,q74_t593
70620,q74_t593
70620,q74_t594
70621,q74_t595
70621,q74_t596
70622,q74_t596
70622,q74_t597
70623,q74_t598
70623,q74_t599
70624,q74_t599
70624,q74_t600
70625,q74_t601
70625,q74_t602
70626,q74_t602
70626,q74_t603
70627,q74_t604
70627,q74_t605
70628,q74_t605
70628,q74_t606
70629,q74_t607
70629,q74_t608
70630,q74_t608
70630,q74_t609
70631,q74_t610
70631,q74_t611
70632,q74_t611
70632,q74_t612
70633,q74_t613
70633,q74_t614
70634,q74_t614
70634,q74_t615
70635,q74_t616
70635,q74_t617
70636,q74_t617
70636,q74_t618
70637,q74_t619
70637,q74_t620
70638,q74_t620
70638,q74_t621
70639,q74_t622
70639,q74_t623
70640,q74_t623
70640,q74_t624
70641,q74_t625
70641,q74_t626
70642,q74_t626
70642,q74_t627
70643,q74_t628
70643,q74_t629
70644,q74_t629
70644,q74_t630
70645,q74_t631
70645,q74_t632
70646,q74_t632
70646,q74_t633
70647,q74_t634
70647,q74_t635
70648,q74_t635
70648,q74_t636
70649,q74_t637
70649,q74_t638
70650,q74_t638
70650,q74_t639
70651,q74_t640
70651,q74_t641
70652,q74_t641
70652,q74_t642
70653,q74_t643
70653,q74_t644
70654,q74_t644
70654,q74_t645
70655,q74_t646
70655,q74_t647
70656,q74_t647
70656,q74_t648
70657,q74_t649
70657,q74_t650
70658,q74_t650
70658,q74_t651
70659,q74_t652
70659,q74_t653
70660,q74_t653
70660,q74_t654
70661,q74_t655
70661,q74_t656
70662,q74_t656
70662,q74_t657
70663,q74_t658
70663,q74_t659
70664,q74_t659
70664,q74_t660
70665,q74_t661
70665,q74_t662
70666,q74_t662
70666,q74_t663
70667,q74_t664
70667,q74_t665
70668,q74_t665
70668,q74_t666
70669,q74_t667
70669,q74_t668
70670,q74_t668
70670,q74_t669
70671,q74_t670
70671,q74_t671
70672,q74_t671
70672,q74_t672
70673,q74_t673
70673,q74_t674
70674,q74_t674
70674,q74_t675
70675,q74_t676
70675,q74_t677
70676,q74_t677
70676,q74_t678
70677,q74_t679
70677,q74_t680
70678,q74_t680
70678,q74_t681
70679,q74_t682
70679,q74_t683
70680,q74_t683
70680,q74_t684
70681,q74_t685
70681,q74_t686
70682,q74_t686
70682,q74_t687
70683,q74_t688
70683,q74_t689
70684,q74_t689
70684,q74_t690
70685,q74_t691
70685,q74_t692
70686,q74_t692
70686,q74_t693
70687,q74_t694
70687,q74_t695
70688,q74_t695
70688,q74_t696
70689,q74_t697
70689,q74_t698
70690,q74_t698
70690,q74_t699
70691,q74_t700
70691,q74_t701
70692,q74_t701
70692,q74_t702
70693,q74_t703
70693,q74_t704
70694,q74_t704
70694,q74_t705
70695,q74_t706
70695,q74_t707
70696,q74_t707
70696,q74_t708
70697,q74_t709
70697,q74_t710
70698,q74_t710
70698,q74_t711
70699,q74_t712
70699,q74_t713
70700,q74_t713
70700,q74_t714
70701,q74_t715
70701,q74_t716
70702,q74_t716
70702,q74_t717
70703,q74_t718
70703,q74_t719
70704,q74_t719
70704,q74_t720
70705,q74_t721
70705,q74_t722
70706,q74_t722
70706,q74_t723
70707,q74_t724
70707,q74_t725
70708,q74_t725
70708,q74_t726
70709,q74_t727
70709,q74_t728
70710,q74_t728
70710,q74_t729
70711,q74_t730
70711,q74_t731
70712,q74_t731
70712,q74_t732
70713,q74_t733
70713,q74_t734
70714,q74_t734
70714,q74_t735
70715,q74_t736
70715,q74_t737
70716,q74_t737
70716,q74_t738
70717,q74_t739
70717,q74_t740
70718,q74_t740
70718,q74_t741
70719,q74_t742
70719,q74_t743
70720,q74_t743
70720,q74_t744
70721,q74_t745
70721,q74_t746
70722,q74_t746
70722,q74_t747
70723,q74_t748
70723,q74_t749
70724,q74_t749
70724,q74_t750
70725,q74_t751
70725,q74_t752
70726,q74_t752
70726,q74_t753
70727,q74_t754
70727,q74_t755
70728,q74_t755
70728,q74_t756
70729,q74_t757
70729,q74_t758
70730,q74_t758
70730,q74_t759
70731,q74_t760
70731,q74_t761
70732,q74_t761
70732,q74_t762
70733,q74_t763
70733,q74_t764
70734,q74_t764
70734,q74_t765
70735,q74_t766
70735,q74_t767
70736,q74_t767
70736,q74_t768
70737,q74_t769
70737,q74_t770
70738,q74_t770
70738,q74_t771
70739,q74_t772
70739,q74_t773
70740,q74_t773
70740,q74_t777
70741,q74_t777
70741,q74_t778
70741,q75_t777
70741,q75_t778
70742,q74_t778
70742,q74_t779
70743,q74_t779
70743,q74_t780
70744,q74_t780
70744,q74_t781
70744,q76_t780
70744,q76_t781
70745,q74_t781
70745,q74_t782
70746,q74_t782
70746,q74_t783
70747,q74_t783
70747,q74_t784
70747,q77_t783
70747,q77_t784
70748,q74_t784
70748,q74_t785
70749,q74_t785
70749,q74_t786
70750,q74_t786
70750,q74_t787
70750,q78_t786
70750,q78_t787
70751,q74_t787
70751,q74_t788
70752,q74_t788
70752,q74_t789
70753,q74_t789
70753,q74_t790
70753,q79_t789
70753,q79_t790
70754,q74_t790
70754,q74_t791
70755,q74_t791
70755,q74_t792
70756,q74_t792
70756,q74_t793
70756,q80_t792
70756,q80_t793
70757,q74_t793
70757,q74_t794
70758,q74_t794
70758,q74_t795
70759,q74_t795
70759,q74_t796
70759,q81_t795
70759,q81_t796
70760,q74_t796
70760,q74_t797
70761,q74_t797
70761,q74_t798
70762,q74_t798
70762,q74_t799
70762,q82_t798
70762,q82_t799
70763,q74_t799
70763,q74_t800
70764,q74_t800
70764,q74_t801
70765,q74_t801
70765,q74_t802
70765,q83_t801
70765,q83_t802
70766,q74_t802
70766,q74_t803
70767,q74_t803
70767,q74_t804
70768,q74_t804
70768,q74_t805
70768,q84_t804
70768,q84_t805
70769,q74_t805
70769,q74_t806
70770,q74_t806
70770,q74_t807
70771,q74_t807
70771,q74_t808
70771,q85_t807
70771,q85_t808
70772,q74_t808
70772,q74_t809
70773,q74_t809
70773,q74_t810
70774,q74_t810
70774,q74_t811
70774,q86_t810
70774,q86_t811
70775,q74_t811
70775,q74_t812
70776,q74_t812
70776,q74_t813
70777,q74_t813
70777,q74_t814
70777,q87_t813
70777,q87_t814
70778,q74_t814
70778,q74_t815
70779,q74_t815
70779,q74_t816
70780,q74_t816
70780,q74_t817
70780,q88_t816
70780,q88_t817
70781,q74_t817
70781,q74_t818
70782,q74_t818
70782,q74_t819
70783,q74_t819
70783,q74_t820
70783,q89_t819
70783,q89_t820
70784,q74_t820
70784,q74_t821
70785,q74_t821
70785,q74_t822
70786,q74_t822
70786,q74_t823
70786,q90_t822
70786,q90_t823
70787,q74_t823
70787,q74_t824
70788,q74_t824
70788,q74_t825
70789,q74_t825
70789,q74_t826
70789,q91_t825
70789,q91_t826
70790,q74_t826
70790,q74_t827
70791,q74_t827
70791,q74_t828
70792,q74_t828
70792,q74_t829
70792,q92_t828
70792,q92_t829
70793,q74_t829
70793,q74_t830
70794,q74_t830
70794,q74_t831
70795,q74_t831
70795,q74_t832
70795,q93_t831
70795,q93_t832
70796,q74_t832
70796,q74_t833
70797,q74_t833
70797,q74_t834
70798,q74_t834
70798,q74_t835
70798,q94_t834
70798,q94_t835
70799,q74_t835
70799,q74_t836
70800,q74_t836
70800,q74_t837
70801,q74_t837
70801,q74_t838
70801,q95_t837
70801,q95_t838
70802,q74_t838
70802,q74_t839
70803,q74_t839
70803,q74_t840
70804,q74_t840
70804,q74_t841
70804,q96_t840
70804,q96_t841
70805,q74_t841
70805,q74_t842
70806,q74_t842
70806,q74_t843
70807,q74_t843
70807,q74_t844
70807,q97_t843
70807,q97_t844
70808,q74_t844
70808,q74_t845
70809,q74_t845
70809,q74_t846
70810,q74_t846
70810,q74_t847
70810,q98_t846
70810,q98_t847
70811,q74_t847
70811,q74_t848
70812,q74_t848
70812,q74_t849
70813,q74_t849
70813,q74_t850
70813,q99_t849
70813,q99_t850
70814,q74_t850
70814,q74_t851
70815,q74_t851
70815,q74_t852
70816,q74_t853
70816,q74_t854
70817,q74_t854
70817,q74_t855
70818,q74_t856
70818,q74_t857
70819,q74_t857
70819,q74_t858
70820,q74_t859
70820,q74_t860
70821,q74_t860
70821,q74_t861
70822,q74_t862
70822,q74_t863
70823,q74_t863
70823,q74_t864
70824,q74_t865
70824,q74_t866
70825,q74_t866
70825,q74_t867
70826,q74_t868
70826,q74_t869
70827,q74_t869
70827,q74_t870
70828,q74_t871
70828,q74_t872
70829,q74_t872
70829,q74_t873
70830,q74_t874
70830,q74_t875
70831,q74_t875
70831,q74_t876
70832,q74_t877
70832,q74_t878
70833,q74_t878
70833,q74_t879
70834,q74_t880
70834,q74_t881
70835,q74_t881
70835,q74_t882
70836,q74_t882
70836,q74_t883
70837,q74_t884
70837,q74_t885
70838,q74_t885
70838,q74_t886
70839,q74_t887
70839,q74_t888
70840,q74_t888
70840,q74_t889
70841,q74_t890
70841,q74_t891
70842,q74_t891
70842,q74_t892
70843,q74_t893
70843,q74_t894
70844,q74_t894
70844,q74_t895
70845,q74_t896
70845,q74_t897
70846,q74_t897
70846,q74_t898
70847,q74_t899
70847,q74_t900
70848,q74_t900
70848,q74_t901
70849,q74_t902
70849,q74_t903
70850,q74_t903
70850,q74_t904
70851,q74_t904
70851,q74_t905
70851,q7_t904
70851,q7_t905
70852,q74_t905
70852,q74_t906
70853,q74_t906
70853,q74_t907
70854,q74_t907
70854,q74_t908
70854,q8_t907
70854,q8_t908
70855,q74_t908
70855,q74_t909
70856,q74_t909
70856,q74_t910
70857,q74_t910
70857,q74_t911
70857,q9_t910
70857,q9_t911
70858,q74_t911
70858,q74_t912
70859,q74_t912
70859,q74_t913
70860,q74_t914
70860,q74_t915
70861,q74_t915
70861,q74_t916
70862,q74_t917
70862,q74_t918
70863,q74_t918
70863,q74_t919
70864,q74_t920
70864,q74_t921
70865,q74_t921
70865,q74_t922
70866,q74_t923
70866,q74_t924
70867,q74_t924
70867,q74_t925
70868,q74_t926
70868,q74_t927
70869,q74_t927
70869,q74_t928
70870,q74_t929
70870,q74_t930
70871,q74_t930
70871,q74_t931
70872,q74_t932
70872,q74_t933
70873,q74_t933
70873,q74_t934
70874,q74_t935
70874,q74_t936
70875,q74_t936
70875,q74_t937
70876,q74_t938
70876,q74_t939
70877,q74_t939
70877,q74_t940
70878,q74_t941
70878,q74_t942
70879,q74_t942
70879,q74_t943
70880,q74_t944
70880,q74_t945
70881,q74_t945
70881,q74_t946
70882,q74_t947
70882,q74_t948
70883,q74_t948
70883,q74_t949
70884,q74_t950
70884,q74_t951
70885,q74_t951
70885,q74_t952
70886,q74_t953
70886,q74_t954
70887,q74_t954
70887,q74_t955
70888,q74_t956
70888,q74_t957
70889,q74_t957
70889,q74_t958
70890,q74_t959
70890,q74_t960
70891,q74_t960
70891,q74_t961
70892,q74_t962
70892,q74_t963
70893,q74_t963
70893,q74_t964
70894,q74_t965
70894,q74_t966
70895,q74_t966
70895,q74_t967
70896,q74_t968
70896,q74_t969
70897,q74_t969
70897,q74_t970
70898,q74_t971
70898,q74_t972
70899,q74_t972
70899,q74_t973
70900,q74_t974
70900,q74_t975
70901,q74_t975
70901,q74_t976
70902,q74_t977
70902,q74_t978
70903,q74_t978
70903,q74_t979
70904,q74_t980
70904,q74_t981
70905,q74_t981
70905,q74_t982
70906,q74_t983
70906,q74_t984
70907,q74_t984
70907,q74_t985
70908,q74_t986
70908,q74_t987
70909,q74_t987
70909,q74_t988
70910,q74_t989
70910,q74_t990
70911,q74_t990
70911,q74_t991
70912,q74_t992
70912,q74_t993
70913,q74_t993
70913,q74_t994
70914,q74_t995
70914,q74_t996
70915,q74_t996
70915,q74_t997
70916,q74_t998
70916,q74_t999
70917,q75_t0
70917,q75_t1
70918,q75_t1
70918,q75_t224
70919,q75_t1000
70919,q75_t999
70920,q75_t1001
70920,q75_t1002
70921,q75_t1002
70921,q75_t1003
70922,q75_t1004
70922,q75_t1005
70923,q75_t1005
70923,q75_t1006
70924,q75_t1007
70924,q75_t1008
70925,q75_t1008
70925,q75_t1009
70926,q75_t1010
70926,q75_t1011
70927,q75_t1011
70927,q75_t1012
70928,q75_t1013
70928,q75_t1014
70929,q75_t1014
70929,q75_t1015
70930,q75_t1016
70930,q75_t1017
70931,q75_t1017
70931,q75_t1018
70932,q75_t1019
70932,q75_t1020
70933,q75_t1020
70933,q75_t1021
70934,q75_t1022
70934,q75_t1023
70935,q75_t1023
70935,q75_t1024
70936,q75_t1025
70936,q75_t1026
70937,q75_t1026
70937,q75_t1027
70938,q75_t1028
70938,q75_t1029
70939,q75_t1029
70939,q75_t1030
70940,q75_t1031
70940,q75_t1032
70941,q75_t1032
70941,q75_t1033
70942,q75_t1034
70942,q75_t1035
70943,q75_t1035
70943,q75_t1036
70944,q75_t1037
70944,q75_t1038
70945,q75_t1038
70945,q75_t1039
70946,q75_t1040
70946,q75_t1041
70947,q75_t1041
70947,q75_t1042
70948,q75_t1043
70948,q75_t1044
70949,q75_t1044
70949,q75_t1045
70950,q75_t1046
70950,q75_t1047
70951,q75_t1047
70951,q75_t1048
70952,q75_t1049
70952,q75_t1050
70953,q75_t1050
70953,q75_t1051
70954,q75_t1052
70954,q75_t1053
70955,q75_t1053
70955,q75_t1054
70956,q75_t1055
70956,q75_t1056
70957,q75_t1056
70957,q75_t1057
70958,q75_t1058
70958,q75_t1059
70959,q75_t1059
70959,q75_t1060
70960,q75_t1061
70960,q75_t1062
70961,q75_t1062
70961,q75_t1063
70962,q75_t1064
70962,q75_t1065
70963,q75_t1065
70963,q75_t1066
70964,q75_t1067
70964,q75_t1068
70965,q75_t1068
70965,q75_t1069
70966,q75_t1070
70966,q75_t1071
70967,q75_t1071
70967,q75_t1072
70968,q75_t1073
70968,q75_t1074
70969,q75_t1074
70969,q75_t1075
70970,q75_t1076
70970,q75_t1077
70971,q75_t1077
70971,q75_t1078
70972,q75_t1079
70972,q75_t1080
70973,q75_t1080
70973,q75_t1081
70974,q75_t1082
70974,q75_t1083
70975,q75_t1083
70975,q75_t1084
70976,q75_t1085
70976,q75_t1086
70977,q75_t1086
70977,q75_t1087
70978,q75_t1088
70978,q75_t1089
70979,q75_t1089
70979,q75_t1090
70980,q75_t1091
70980,q75_t1092
70981,q75_t1092
70981,q75_t1093
70982,q75_t1094
70982,q75_t1095
70983,q75_t1095
70983,q75_t1096
70984,q75_t1097
70984,q75_t1098
70985,q75_t1098
70985,q75_t1099
70986,q75_t1100
70986,q75_t1101
70987,q75_t1101
70987,q75_t1102
70988,q75_t1103
70988,q75_t1104
70989,q75_t1104
70989,q75_t1105
70990,q75_t1106
70990,q75_t1107
70991,q75_t1107
70991,q75_t1108
70992,q75_t1109
70992,q75_t1110
70993,q75_t1110
70993,q75_t1114
70994,q75_t1114
70994,q75_t1115
70994,q76_t1114
70994,q76_t1115
70995,q75_t1115
70995,q75_t1116
70996,q75_t1116
70996,q75_t1117
70997,q75_t1117
70997,q75_t1118
70997,q77_t1117
70997,q77_t1118
70998,q75_t1118
70998,q75_t1119
70999,q75_t1119
70999,q75_t1120
71000,q75_t1120
71000,q75_t1121
71000,q78_t1120
71000,q78_t1121
71001,q75_t1121
71001,q75_t1122
71002,q75_t1122
71002,q75_t1123
71003,q75_t1123
71003,q75_t1124
71003,q79_t1123
71003,q79_t1124
71004,q75_t1124
71004,q75_t1125
71005,q75_t1125
71005,q75_t1126
71006,q75_t1126
71006,q75_t1127
71006,q80_t1126
71006,q80_t1127
71007,q75_t1127
71007,q75_t1128
71008,q75_t1128
71008,q75_t1129
71009,q75_t1129
71009,q75_t1130
71009,q81_t1129
71009,q81_t1130
71010,q75_t1130
71010,q75_t1131
71011,q75_t1131
71011,q75_t1132
71012,q75_t1132
71012,q75_t1133
71012,q82_t1132
71012,q82_t1133
71013,q75_t1133
71013,q75_t1134
71014,q75_t1134
71014,q75_t1135
71015,q75_t1135
71015,q75_t1136
71015,q83_t1135
71015,q83_t1136
71016,q75_t1136
71016,q75_t1137
71017,q75_t1137
71017,q75_t1138
71018,q75_t1138
71018,q75_t1139
71018,q84_t1138
71018,q84_t1139
71019,q75_t1139
71019,q75_t1140
71020,q75_t1140
71020,q75_t1141
71021,q75_t1141
71021,q75_t1142
71021,q85_t1141
71021,q85_t1142
71022,q75_t1142
71022,q75_t1143
71023,q75_t1143
71023,q75_t1144
71024,q75_t1144
71024,q75_t1145
71024,q86_t1144
71024,q86_t1145
71025,q75_t1145
71025,q75_t1146
71026,q75_t1146
71026,q75_t1147
71027,q75_t1147
71027,q75_t1148
71027,q87_t1147
71027,q87_t1148
71028,q75_t1148
71028,q75_t1149
71029,q75_t1149
71029,q75_t1150
71030,q75_t1150
71030,q75_t1151
71030,q88_t1150
71030,q88_t1151
71031,q75_t1151
71031,q75_t1152
71032,q75_t1152
71032,q75_t1153
71033,q75_t1153
71033,q75_t1154
71033,q89_t1153
71033,q89_t1154
71034,q75_t1154
71034,q75_t1155
71035,q75_t1155
71035,q75_t1156
71036,q75_t1156
71036,q75_t1157
71036,q90_t1156
71036,q90_t1157
71037,q75_t1157
71037,q75_t1158
71038,q75_t1158
71038,q75_t1159
71039,q75_t1159
71039,q75_t1160
71039,q91_t1159
71039,q91_t1160
71040,q75_t1160
71040,q75_t1161
71041,q75_t1161
71041,q75_t1162
71042,q75_t1162
71042,q75_t1163
71042,q92_t1162
71042,q92_t1163
71043,q75_t1163
71043,q75_t1164
71044,q75_t1164
71044,q75_t1165
71045,q75_t1165
71045,q75_t1166
71045,q93_t1165
71045,q93_t1166
71046,q75_t1166
71046,q75_t1167
71047,q75_t1167
71047,q75_t1168
71048,q75_t1168
71048,q75_t1169
71048,q94_t1168
71048,q94_t1169
71049,q75_t1169
71049,q75_t1170
71050,q75_t1170
71050,q75_t1171
71051,q75_t1171
71051,q75_t1172
71051,q95_t1171
71051,q95_t1172
71052,q75_t1172
71052,q75_t1173
71053,q75_t1173
71053,q75_t1174
71054,q75_t1174
71054,q75_t1175
71054,q96_t1174
71054,q96_t1175
71055,q75_t1175
71055,q75_t1176
71056,q75_t1176
71056,q75_t1177
71057,q75_t1177
71057,q75_t1178
71057,q97_t1177
71057,q97_t1178
71058,q75_t1178
71058,q75_t1179
71059,q75_t1179
71059,q75_t1180
71060,q75_t1180
71060,q75_t1181
71060,q98_t1180
71060,q98_t1181
71061,q75_t1181
71061,q75_t1182
71062,q75_t1182
71062,q75_t1183
71063,q75_t1183
71063,q75_t1184
71063,q99_t1183
71063,q99_t1184
71064,q75_t1184
71064,q75_t1185
71065,q75_t1185
71065,q75_t1186
71066,q75_t1187
71066,q75_t1188
71067,q75_t1188
71067,q75_t1189
71068,q75_t1190
71068,q75_t1191
71069,q75_t1191
71069,q75_t1192
71070,q75_t1193
71070,q75_t1194
71071,q75_t1194
71071,q75_t1195
71072,q75_t1196
71072,q75_t1197
71073,q75_t1197
71073,q75_t1198
71074,q75_t1199
71074,q75_t1200
71075,q75_t1200
71075,q75_t1201
71076,q75_t1202
71076,q75_t1203
71077,q75_t1203
71077,q75_t1204
71078,q75_t1205
71078,q75_t1206
71079,q75_t1206
71079,q75_t1207
71080,q75_t1208
71080,q75_t1209
71081,q75_t1209
71081,q75_t1210
71082,q75_t1211
71082,q75_t1212
71083,q75_t1212
71083,q75_t1213
71084,q75_t1214
71084,q75_t1215
71085,q75_t1215
71085,q75_t1216
71086,q75_t225
71086,q75_t226
71087,q75_t226
71087,q75_t227
71088,q75_t228
71088,q75_t229
71089,q75_t229
71089,q75_t230
71090,q75_t231
71090,q75_t232
71091,q75_t232
71091,q75_t233
71092,q75_t234
71092,q75_t235
71093,q75_t235
71093,q75_t236
71094,q75_t237
71094,q75_t238
71095,q75_t238
71095,q75_t239
71096,q75_t240
71096,q75_t241
71097,q75_t241
71097,q75_t242
71098,q75_t243
71098,q75_t244
71099,q75_t244
71099,q75_t245
71100,q75_t245
71100,q75_t246
71100,q7_t245
71100,q7_t246
71101,q75_t246
71101,q75_t247
71102,q75_t247
71102,q75_t248
71103,q75_t248
71103,q75_t249
71103,q8_t248
71103,q8_t249
71104,q75_t249
71104,q75_t250
71105,q75_t250
71105,q75_t251
71106,q75_t251
71106,q75_t252
71106,q9_t251
71106,q9_t252
71107,q75_t252
71107,q75_t253
71108,q75_t253
71108,q75_t254
71109,q75_t255
71109,q75_t256
71110,q75_t256
71110,q75_t257
71111,q75_t258
71111,q75_t259
71112,q75_t259
71112,q75_t260
71113,q75_t261
71113,q75_t262
71114,q75_t262
71114,q75_t263
71115,q75_t264
71115,q75_t265
71116,q75_t265
71116,q75_t266
71117,q75_t267
71117,q75_t268
71118,q75_t268
71118,q75_t269
71119,q75_t270
71119,q75_t271
71120,q75_t271
71120,q75_t272
71121,q75_t273
71121,q75_t274
71122,q75_t274
71122,q75_t275
71123,q75_t276
71123,q75_t277
71124,q75_t277
71124,q75_t278
71125,q75_t279
71125,q75_t280
71126,q75_t280
71126,q75_t281
71127,q75_t282
71127,q75_t283
71128,q75_t283
71128,q75_t284
71129,q75_t285
71129,q75_t286
71130,q75_t286
71130,q75_t287
71131,q75_t288
71131,q75_t289
71132,q75_t289
71132,q75_t290
71133,q75_t291
71133,q75_t292
71134,q75_t292
71134,q75_t293
71135,q75_t294
71135,q75_t295
71136,q75_t295
71136,q75_t296
71137,q75_t297
71137,q75_t298
71138,q75_t298
71138,q75_t299
71139,q75_t300
71139,q75_t301
71140,q75_t301
71140,q75_t302
71141,q75_t303
71141,q75_t304
71142,q75_t304
71142,q75_t305
71143,q75_t306
71143,q75_t307
71144,q75_t307
71144,q75_t308
71145,q75_t309
71145,q75_t310
71146,q75_t310
71146,q75_t311
71147,q75_t312
71147,q75_t313
71148,q75_t313
71148,q75_t314
71149,q75_t315
71149,q75_t316
71150,q75_t316
71150,q75_t317
71151,q75_t318
71151,q75_t319
71152,q75_t319
71152,q75_t320
71153,q75_t321
71153,q75_t322
71154,q75_t322
71154,q75_t323
71155,q75_t324
71155,q75_t325
71156,q75_t325
71156,q75_t326
71157,q75_t327
71157,q75_t328
71158,q75_t328
71158,q75_t329
71159,q75_t330
71159,q75_t331
71160,q75_t331
71160,q75_t332
71161,q75_t333
71161,q75_t334
71162,q75_t334
71162,q75_t335
71163,q75_t336
71163,q75_t337
71164,q75_t337
71164,q75_t338
71165,q75_t339
71165,q75_t340
71166,q75_t340
71166,q75_t341
71167,q75_t342
71167,q75_t343
71168,q75_t343
71168,q75_t344
71169,q75_t345
71169,q75_t346
71170,q75_t346
71170,q75_t347
71171,q75_t348
71171,q75_t349
71172,q75_t349
71172,q75_t350
71173,q75_t351
71173,q75_t352
71174,q75_t352
71174,q75_t353
71175,q75_t354
71175,q75_t355
71176,q75_t355
71176,q75_t356
71177,q75_t357
71177,q75_t358
71178,q75_t358
71178,q75_t359
71179,q75_t360
71179,q75_t361
71180,q75_t361
71180,q75_t362
71181,q75_t363
71181,q75_t364
71182,q75_t364
71182,q75_t365
71183,q75_t366
71183,q75_t367
71184,q75_t367
71184,q75_t368
71185,q75_t369
71185,q75_t370
71186,q75_t370
71186,q75_t371
71187,q75_t372
71187,q75_t373
71188,q75_t373
71188,q75_t374
71189,q75_t375
71189,q75_t376
71190,q75_t376
71190,q75_t377
71191,q75_t378
71191,q75_t379
71192,q75_t379
71192,q75_t380
71193,q75_t381
71193,q75_t382
71194,q75_t382
71194,q75_t383
71195,q75_t384
71195,q75_t385
71196,q75_t385
71196,q75_t386
71197,q75_t387
71197,q75_t388
71198,q75_t388
71198,q75_t389
71199,q75_t390
71199,q75_t391
71200,q75_t391
71200,q75_t392
71201,q75_t393
71201,q75_t394
71202,q75_t394
71202,q75_t395
71203,q75_t396
71203,q75_t397
71204,q75_t397
71204,q75_t398
71205,q75_t399
71205,q75_t400
71206,q75_t400
71206,q75_t401
71207,q75_t402
71207,q75_t403
71208,q75_t403
71208,q75_t404
71209,q75_t405
71209,q75_t406
71210,q75_t406
71210,q75_t407
71211,q75_t408
71211,q75_t409
71212,q75_t409
71212,q75_t410
71213,q75_t411
71213,q75_t412
71214,q75_t412
71214,q75_t413
71215,q75_t414
71215,q75_t415
71216,q75_t415
71216,q75_t416
71217,q75_t417
71217,q75_t418
71218,q75_t418
71218,q75_t419
71219,q75_t420
71219,q75_t421
71220,q75_t421
71220,q75_t422
71221,q75_t423
71221,q75_t424
71222,q75_t424
71222,q75_t425
71223,q75_t426
71223,q75_t427
71224,q75_t427
71224,q75_t428
71225,q75_t429
71225,q75_t430
71226,q75_t430
71226,q75_t431
71227,q75_t432
71227,q75_t433
71228,q75_t433
71228,q75_t434
71229,q75_t435
71229,q75_t436
71230,q75_t436
71230,q75_t437
71231,q75_t438
71231,q75_t439
71232,q75_t439
71232,q75_t440
71233,q75_t441
71233,q75_t442
71234,q75_t442
71234,q75_t443
71235,q75_t444
71235,q75_t445
71236,q75_t445
71236,q75_t446
71237,q75_t447
71237,q75_t448
71238,q75_t448
71238,q75_t452
71239,q75_t452
71239,q75_t453
71239,q76_t452
71239,q76_t453
71240,q75_t453
71240,q75_t454
71241,q75_t454
71241,q75_t455
71242,q75_t455
71242,q75_t456
71242,q77_t455
71242,q77_t456
71243,q75_t456
71243,q75_t457
71244,q75_t457
71244,q75_t458
71245,q75_t458
71245,q75_t459
71245,q78_t458
71245,q78_t459
71246,q75_t459
71246,q75_t460
71247,q75_t460
71247,q75_t461
71248,q75_t461
71248,q75_t462
71248,q79_t461
71248,q79_t462
71249,q75_t462
71249,q75_t463
71250,q75_t463
71250,q75_t464
71251,q75_t464
71251,q75_t465
71251,q80_t464
71251,q80_t465
71252,q75_t465
71252,q75_t466
71253,q75_t466
71253,q75_t467
71254,q75_t467
71254,q75_t468
71254,q81_t467
71254,q81_t468
71255,q75_t468
71255,q75_t469
71256,q75_t469
71256,q75_t470
71257,q75_t470
71257,q75_t471
71257,q82_t470
71257,q82_t471
71258,q75_t471
71258,q75_t472
71259,q75_t472
71259,q75_t473
71260,q75_t473
71260,q75_t474
71260,q83_t473
71260,q83_t474
71261,q75_t474
71261,q75_t475
71262,q75_t475
71262,q75_t476
71263,q75_t476
71263,q75_t477
71263,q84_t476
71263,q84_t477
71264,q75_t477
71264,q75_t478
71265,q75_t478
71265,q75_t479
71266,q75_t479
71266,q75_t480
71266,q85_t479
71266,q85_t480
71267,q75_t480
71267,q75_t481
71268,q75_t481
71268,q75_t482
71269,q75_t482
71269,q75_t483
71269,q86_t482
71269,q86_t483
71270,q75_t483
71270,q75_t484
71271,q75_t484
71271,q75_t485
71272,q75_t485
71272,q75_t486
71272,q87_t485
71272,q87_t486
71273,q75_t486
71273,q75_t487
71274,q75_t487
71274,q75_t488
71275,q75_t488
71275,q75_t489
71275,q88_t488
71275,q88_t489
71276,q75_t489
71276,q75_t490
71277,q75_t490
71277,q75_t491
71278,q75_t491
71278,q75_t492
71278,q89_t491
71278,q89_t492
71279,q75_t492
71279,q75_t493
71280,q75_t493
71280,q75_t494
71281,q75_t494
71281,q75_t495
71281,q90_t494
71281,q90_t495
71282,q75_t495
71282,q75_t496
71283,q75_t496
71283,q75_t497
71284,q75_t497
71284,q75_t498
71284,q91_t497
71284,q91_t498
71285,q75_t498
71285,q75_t499
71286,q75_t499
71286,q75_t500
71287,q75_t500
71287,q75_t501
71287,q92_t500
71287,q92_t501
71288,q75_t501
71288,q75_t502
71289,q75_t502
71289,q75_t503
71290,q75_t503
71290,q75_t504
71290,q93_t503
71290,q93_t504
71291,q75_t504
71291,q75_t505
71292,q75_t505
71292,q75_t506
71293,q75_t506
71293,q75_t507
71293,q94_t506
71293,q94_t507
71294,q75_t507
71294,q75_t508
71295,q75_t508
71295,q75_t509
71296,q75_t509
71296,q75_t510
71296,q95_t509
71296,q95_t510
71297,q75_t510
71297,q75_t511
71298,q75_t511
71298,q75_t512
71299,q75_t512
71299,q75_t513
71299,q96_t512
71299,q96_t513
71300,q75_t513
71300,q75_t514
71301,q75_t514
71301,q75_t515
71302,q75_t515
71302,q75_t516
71302,q97_t515
71302,q97_t516
71303,q75_t516
71303,q75_t517
71304,q75_t517
71304,q75_t518
71305,q75_t518
71305,q75_t519
71305,q98_t518
71305,q98_t519
71306,q75_t519
71306,q75_t520
71307,q75_t520
71307,q75_t521
71308,q75_t521
71308,q75_t522
71308,q99_t521
71308,q99_t522
71309,q75_t522
71309,q75_t523
71310,q75_t523
71310,q75_t524
71311,q75_t525
71311,q75_t526
71312,q75_t526
71312,q75_t527
71313,q75_t528
71313,q75_t529
71314,q75_t529
71314,q75_t530
71315,q75_t531
71315,q75_t532
71316,q75_t532
71316,q75_t533
71317,q75_t534
71317,q75_t535
71318,q75_t535
71318,q75_t536
71319,q75_t537
71319,q75_t538
71320,q75_t538
71320,q75_t539
71321,q75_t540
71321,q75_t541
71322,q75_t541
71322,q75_t542
71323,q75_t543
71323,q75_t544
71324,q75_t544
71324,q75_t545
71325,q75_t546
71325,q75_t547
71326,q75_t547
71326,q75_t548
71327,q75_t549
71327,q75_t550
71328,q75_t550
71328,q75_t551
71329,q75_t552
71329,q75_t553
71330,q75_t553
71330,q75_t554
71331,q75_t554
71331,q75_t555
71332,q75_t556
71332,q75_t557
71333,q75_t557
71333,q75_t558
71334,q75_t559
71334,q75_t560
71335,q75_t560
71335,q75_t561
71336,q75_t562
71336,q75_t563
71337,q75_t563
71337,q75_t564
71338,q75_t565
71338,q75_t566
71339,q75_t566
71339,q75_t567
71340,q75_t568
71340,q75_t569
71341,q75_t569
71341,q75_t570
71342,q75_t571
71342,q75_t572
71343,q75_t572
71343,q75_t573
71344,q75_t574
71344,q75_t575
71345,q75_t575
71345,q75_t576
71346,q75_t576
71346,q75_t577
71346,q7_t576
71346,q7_t577
71347,q75_t577
71347,q75_t578
71348,q75_t578
71348,q75_t579
71349,q75_t579
71349,q75_t580
71349,q8_t579
71349,q8_t580
71350,q75_t580
71350,q75_t581
71351,q75_t581
71351,q75_t582
71352,q75_t582
71352,q75_t583
71352,q9_t582
71352,q9_t583
71353,q75_t583
71353,q75_t584
71354,q75_t584
71354,q75_t585
71355,q75_t586
71355,q75_t587
71356,q75_t587
71356,q75_t588
71357,q75_t589
71357,q75_t590
71358,q75_t590
71358,q75_t591
71359,q75_t592
71359,q75_t593
71360,q75_t593
71360,q75_t594
71361,q75_t595
71361,q75_t596
71362,q75_t596
71362,q75_t597
71363,q75_t598
71363,q75_t599
71364,q75_t599
71364,q75_t600
71365,q75_t601
71365,q75_t602
71366,q75_t602
71366,q75_t603
71367,q75_t604
71367,q75_t605
71368,q75_t605
71368,q75_t606
71369,q75_t607
71369,q75_t608
71370,q75_t608
71370,q75_t609
71371,q75_t610
71371,q75_t611
71372,q75_t611
71372,q75_t612
71373,q75_t613
71373,q75_t614
71374,q75_t614
71374,q75_t615
71375,q75_t616
71375,q75_t617
71376,q75_t617
71376,q75_t618
71377,q75_t619
71377,q75_t620
71378,q75_t620
71378,q75_t621
71379,q75_t622
71379,q75_t623
71380,q75_t623
71380,q75_t624
71381,q75_t625
71381,q75_t626
71382,q75_t626
71382,q75_t627
71383,q75_t628
71383,q75_t629
71384,q75_t629
71384,q75_t630
71385,q75_t631
71385,q75_t632
71386,q75_t632
71386,q75_t633
71387,q75_t634
71387,q75_t635
71388,q75_t635
71388,q75_t636
71389,q75_t637
71389,q75_t638
71390,q75_t638
71390,q75_t639
71391,q75_t640
71391,q75_t641
71392,q75_t641
71392,q75_t642
71393,q75_t643
71393,q75_t644
71394,q75_t644
71394,q75_t645
71395,q75_t646
71395,q75_t647
71396,q75_t647
71396,q75_t648
71397,q75_t649
71397,q75_t650
71398,q75_t650
71398,q75_t651
71399,q75_t652
71399,q75_t653
71400,q75_t653
71400,q75_t654
71401,q75_t655
71401,q75_t656
71402,q75_t656
71402,q75_t657
71403,q75_t658
71403,q75_t659
71404,q75_t659
71404,q75_t660
71405,q75_t661
71405,q75_t662
71406,q75_t662
71406,q75_t663
71407,q75_t664
71407,q75_t665
71408,q75_t665
71408,q75_t666
71409,q75_t667
71409,q75_t668
71410,q75_t668
71410,q75_t669
71411,q75_t670
71411,q75_t671
71412,q75_t671
71412,q75_t672
71413,q75_t673
71413,q75_t674
71414,q75_t674
71414,q75_t675
71415,q75_t676
71415,q75_t677
71416,q75_t677
71416,q75_t678
71417,q75_t679
71417,q75_t680
71418,q75_t680
71418,q75_t681
71419,q75_t682
71419,q75_t683
71420,q75_t683
71420,q75_t684
71421,q75_t685
71421,q75_t686
71422,q75_t686
71422,q75_t687
71423,q75_t688
71423,q75_t689
71424,q75_t689
71424,q75_t690
71425,q75_t691
71425,q75_t692
71426,q75_t692
71426,q75_t693
71427,q75_t694
71427,q75_t695
71428,q75_t695
71428,q75_t696
71429,q75_t697
71429,q75_t698
71430,q75_t698
71430,q75_t699
71431,q75_t700
71431,q75_t701
71432,q75_t701
71432,q75_t702
71433,q75_t703
71433,q75_t704
71434,q75_t704
71434,q75_t705
71435,q75_t706
71435,q75_t707
71436,q75_t707
71436,q75_t708
71437,q75_t709
71437,q75_t710
71438,q75_t710
71438,q75_t711
71439,q75_t712
71439,q75_t713
71440,q75_t713
71440,q75_t714
71441,q75_t715
71441,q75_t716
71442,q75_t716
71442,q75_t717
71443,q75_t718
71443,q75_t719
71444,q75_t719
71444,q75_t720
71445,q75_t721
71445,q75_t722
71446,q75_t722
71446,q75_t723
71447,q75_t724
71447,q75_t725
71448,q75_t725
71448,q75_t726
71449,q75_t727
71449,q75_t728
71450,q75_t728
71450,q75_t729
71451,q75_t730
71451,q75_t731
71452,q75_t731
71452,q75_t732
71453,q75_t733
71453,q75_t734
71454,q75_t734
71454,q75_t735
71455,q75_t736
71455,q75_t737
71456,q75_t737
71456,q75_t738
71457,q75_t739
71457,q75_t740
71458,q75_t740
71458,q75_t741
71459,q75_t742
71459,q75_t743
71460,q75_t743
71460,q75_t744
71461,q75_t745
71461,q75_t746
71462,q75_t746
71462,q75_t747
71463,q75_t748
71463,q75_t749
71464,q75_t749
71464,q75_t750
71465,q75_t751
71465,q75_t752
71466,q75_t752
71466,q75_t753
71467,q75_t754
71467,q75_t755
71468,q75_t755
71468,q75_t756
71469,q75_t757
71469,q75_t758
71470,q75_t758
71470,q75_t759
71471,q75_t760
71471,q75_t761
71472,q75_t761
71472,q75_t762
71473,q75_t763
71473,q75_t764
71474,q75_t764
71474,q75_t765
71475,q75_t766
71475,q75_t767
71476,q75_t767
71476,q75_t768
71477,q75_t769
71477,q75_t770
71478,q75_t770
71478,q75_t771
71479,q75_t772
71479,q75_t773
71480,q75_t773
71480,q75_t774
71481,q75_t775
71481,q75_t776
71482,q75_t776
71482,q75_t777
71483,q75_t778
71483,q75_t779
71484,q75_t779
71484,q75_t783
71485,q75_t783
71485,q75_t784
71485,q76_t783
71485,q76_t784
71486,q75_t784
71486,q75_t785
71487,q75_t785
71487,q75_t786
71488,q75_t786
71488,q75_t787
71488,q77_t786
71488,q77_t787
71489,q75_t787
71489,q75_t788
71490,q75_t788
71490,q75_t789
71491,q75_t789
71491,q75_t790
71491,q78_t789
71491,q78_t790
71492,q75_t790
71492,q75_t791
71493,q75_t791
71493,q75_t792
71494,q75_t792
71494,q75_t793
71494,q79_t792
71494,q79_t793
71495,q75_t793
71495,q75_t794
71496,q75_t794
71496,q75_t795
71497,q75_t795
71497,q75_t796
71497,q80_t795
71497,q80_t796
71498,q75_t796
71498,q75_t797
71499,q75_t797
71499,q75_t798
71500,q75_t798
71500,q75_t799
71500,q81_t798
71500,q81_t799
71501,q75_t799
71501,q75_t800
71502,q75_t800
71502,q75_t801
71503,q75_t801
71503,q75_t802
71503,q82_t801
71503,q82_t802
71504,q75_t802
71504,q75_t803
71505,q75_t803
71505,q75_t804
71506,q75_t804
71506,q75_t805
71506,q83_t804
71506,q83_t805
71507,q75_t805
71507,q75_t806
71508,q75_t806
71508,q75_t807
71509,q75_t807
71509,q75_t808
71509,q84_t807
71509,q84_t808
71510,q75_t808
71510,q75_t809
71511,q75_t809
71511,q75_t810
71512,q75_t810
71512,q75_t811
71512,q85_t810
71512,q85_t811
71513,q75_t811
71513,q75_t812
71514,q75_t812
71514,q75_t813
71515,q75_t813
71515,q75_t814
71515,q86_t813
71515,q86_t814
71516,q75_t814
71516,q75_t815
71517,q75_t815
71517,q75_t816
71518,q75_t816
71518,q75_t817
71518,q87_t816
71518,q87_t817
71519,q75_t817
71519,q75_t818
71520,q75_t818
71520,q75_t819
71521,q75_t819
71521,q75_t820
71521,q88_t819
71521,q88_t820
71522,q75_t820
71522,q75_t821
71523,q75_t821
71523,q75_t822
71524,q75_t822
71524,q75_t823
71524,q89_t822
71524,q89_t823
71525,q75_t823
71525,q75_t824
71526,q75_t824
71526,q75_t825
71527,q75_t825
71527,q75_t826
71527,q90_t825
71527,q90_t826
71528,q75_t826
71528,q75_t827
71529,q75_t827
71529,q75_t828
71530,q75_t828
71530,q75_t829
71530,q91_t828
71530,q91_t829
71531,q75_t829
71531,q75_t830
71532,q75_t830
71532,q75_t831
71533,q75_t831
71533,q75_t832
71533,q92_t831
71533,q92_t832
71534,q75_t832
71534,q75_t833
71535,q75_t833
71535,q75_t834
71536,q75_t834
71536,q75_t835
71536,q93_t834
71536,q93_t835
71537,q75_t835
71537,q75_t836
71538,q75_t836
71538,q75_t837
71539,q75_t837
71539,q75_t838
71539,q94_t837
71539,q94_t838
71540,q75_t838
71540,q75_t839
71541,q75_t839
71541,q75_t840
71542,q75_t840
71542,q75_t841
71542,q95_t840
71542,q95_t841
71543,q75_t841
71543,q75_t842
71544,q75_t842
71544,q75_t843
71545,q75_t843
71545,q75_t844
71545,q96_t843
71545,q96_t844
71546,q75_t844
71546,q75_t845
71547,q75_t845
71547,q75_t846
71548,q75_t846
71548,q75_t847
71548,q97_t846
71548,q97_t847
71549,q75_t847
71549,q75_t848
71550,q75_t848
71550,q75_t849
71551,q75_t849
71551,q75_t850
71551,q98_t849
71551,q98_t850
71552,q75_t850
71552,q75_t851
71553,q75_t851
71553,q75_t852
71554,q75_t852
71554,q75_t853
71554,q99_t852
71554,q99_t853
71555,q75_t853
71555,q75_t854
71556,q75_t854
71556,q75_t855
71557,q75_t856
71557,q75_t857
71558,q75_t857
71558,q75_t858
71559,q75_t859
71559,q75_t860
71560,q75_t860
71560,q75_t861
71561,q75_t862
71561,q75_t863
71562,q75_t863
71562,q75_t864
71563,q75_t865
71563,q75_t866
71564,q75_t866
71564,q75_t867
71565,q75_t868
71565,q75_t869
71566,q75_t869
71566,q75_t870
71567,q75_t871
71567,q75_t872
71568,q75_t872
71568,q75_t873
71569,q75_t874
71569,q75_t875
71570,q75_t875
71570,q75_t876
71571,q75_t877
71571,q75_t878
71572,q75_t878
71572,q75_t879
71573,q75_t880
71573,q75_t881
71574,q75_t881
71574,q75_t882
71575,q75_t883
71575,q75_t884
71576,q75_t884
71576,q75_t885
71577,q75_t885
71577,q75_t886
71578,q75_t887
71578,q75_t888
71579,q75_t888
71579,q75_t889
71580,q75_t890
71580,q75_t891
71581,q75_t891
71581,q75_t892
71582,q75_t893
71582,q75_t894
71583,q75_t894
71583,q75_t895
71584,q75_t896
71584,q75_t897
71585,q75_t897
71585,q75_t898
71586,q75_t899
71586,q75_t900
71587,q75_t900
71587,q75_t901
71588,q75_t902
71588,q75_t903
71589,q75_t903
71589,q75_t904
71590,q75_t905
71590,q75_t906
71591,q75_t906
71591,q75_t907
71592,q75_t907
71592,q75_t908
71592,q7_t907
71592,q7_t908
71593,q75_t908
71593,q75_t909
71594,q75_t909
71594,q75_t910
71595,q75_t910
71595,q75_t911
71595,q8_t910
71595,q8_t911
71596,q75_t911
71596,q75_t912
71597,q75_t912
71597,q75_t913
71598,q75_t913
71598,q75_t914
71598,q9_t913
71598,q9_t914
71599,q75_t914
71599,q75_t915
71600,q75_t915
71600,q75_t916
71601,q75_t917
71601,q75_t918
71602,q75_t918
71602,q75_t919
71603,q75_t920
71603,q75_t921
71604,q75_t921
71604,q75_t922
71605,q75_t923
71605,q75_t924
71606,q75_t924
71606,q75_t925
71607,q75_t926
71607,q75_t927
71608,q75_t927
71608,q75_t928
71609,q75_t929
71609,q75_t930
71610,q75_t930
71610,q75_t931
71611,q75_t932
71611,q75_t933
71612,q75_t933
71612,q75_t934
71613,q75_t935
71613,q75_t936
71614,q75_t936
71614,q75_t937
71615,q75_t938
71615,q75_t939
71616,q75_t939
71616,q75_t940
71617,q75_t941
71617,q75_t942
71618,q75_t942
71618,q75_t943
71619,q75_t944
71619,q75_t945
71620,q75_t945
71620,q75_t946
71621,q75_t947
71621,q75_t948
71622,q75_t948
71622,q75_t949
71623,q75_t950
71623,q75_t951
71624,q75_t951
71624,q75_t952
71625,q75_t953
71625,q75_t954
71626,q75_t954
71626,q75_t955
71627,q75_t956
71627,q75_t957
71628,q75_t957
71628,q75_t958
71629,q75_t959
71629,q75_t960
71630,q75_t960
71630,q75_t961
71631,q75_t962
71631,q75_t963
71632,q75_t963
71632,q75_t964
71633,q75_t965
71633,q75_t966
71634,q75_t966
71634,q75_t967
71635,q75_t968
71635,q75_t969
71636,q75_t969
71636,q75_t970
71637,q75_t971
71637,q75_t972
71638,q75_t972
71638,q75_t973
71639,q75_t974
71639,q75_t975
71640,q75_t975
71640,q75_t976
71641,q75_t977
71641,q75_t978
71642,q75_t978
71642,q75_t979
71643,q75_t980
71643,q75_t981
71644,q75_t981
71644,q75_t982
71645,q75_t983
71645,q75_t984
71646,q75_t984
71646,q75_t985
71647,q75_t986
71647,q75_t987
71648,q75_t987
71648,q75_t988
71649,q75_t989
71649,q75_t990
71650,q75_t990
71650,q75_t991
71651,q75_t992
71651,q75_t993
71652,q75_t993
71652,q75_t994
71653,q75_t995
71653,q75_t996
71654,q75_t996
71654,q75_t997
71655,q75_t998
71655,q75_t999
71656,q76_t0
71656,q76_t1
71657,q76_t1
71657,q76_t227
71658,q76_t1000
71658,q76_t999
71659,q76_t1001
71659,q76_t1002
71660,q76_t1002
71660,q76_t1003
71661,q76_t1004
71661,q76_t1005
71662,q76_t1005
71662,q76_t1006
71663,q76_t1007
71663,q76_t1008
71664,q76_t1008
71664,q76_t1009
71665,q76_t1010
71665,q76_t1011
71666,q76_t1011
71666,q76_t1012
71667,q76_t1013
71667,q76_t1014
71668,q76_t1014
71668,q76_t1015
71669,q76_t1016
71669,q76_t1017
71670,q76_t1017
71670,q76_t1018
71671,q76_t1019
71671,q76_t1020
71672,q76_t1020
71672,q76_t1021
71673,q76_t1022
71673,q76_t1023
71674,q76_t1023
71674,q76_t1024
71675,q76_t1025
71675,q76_t1026
71676,q76_t1026
71676,q76_t1027
71677,q76_t1028
71677,q76_t1029
71678,q76_t1029
71678,q76_t1030
71679,q76_t1031
71679,q76_t1032
71680,q76_t1032
71680,q76_t1033
71681,q76_t1034
71681,q76_t1035
71682,q76_t1035
71682,q76_t1036
71683,q76_t1037
71683,q76_t1038
71684,q76_t1038
71684,q76_t1039
71685,q76_t1040
71685,q76_t1041
71686,q76_t1041
71686,q76_t1042
71687,q76_t1043
71687,q76_t1044
71688,q76_t1044
71688,q76_t1045
71689,q76_t1046
71689,q76_t1047
71690,q76_t1047
71690,q76_t1048
71691,q76_t1049
71691,q76_t1050
71692,q76_t1050
71692,q76_t1051
71693,q76_t1052
71693,q76_t1053
71694,q76_t1053
71694,q76_t1054
71695,q76_t1055
71695,q76_t1056
71696,q76_t1056
71696,q76_t1057
71697,q76_t1058
71697,q76_t1059
71698,q76_t1059
71698,q76_t1060
71699,q76_t1061
71699,q76_t1062
71700,q76_t1062
71700,q76_t1063
71701,q76_t1064
71701,q76_t1065
71702,q76_t1065
71702,q76_t1066
71703,q76_t1067
71703,q76_t1068
71704,q76_t1068
71704,q76_t1069
71705,q76_t1070
71705,q76_t1071
71706,q76_t1071
71706,q76_t1072
71707,q76_t1073
71707,q76_t1074
71708,q76_t1074
71708,q76_t1075
71709,q76_t1076
71709,q76_t1077
71710,q76_t1077
71710,q76_t1078
71711,q76_t1079
71711,q76_t1080
71712,q76_t1080
71712,q76_t1081
71713,q76_t1082
71713,q76_t1083
71714,q76_t1083
71714,q76_t1084
71715,q76_t1085
71715,q76_t1086
71716,q76_t1086
71716,q76_t1087
71717,q76_t1088
71717,q76_t1089
71718,q76_t1089
71718,q76_t1090
71719,q76_t1091
71719,q76_t1092
71720,q76_t1092
71720,q76_t1093
71721,q76_t1094
71721,q76_t1095
71722,q76_t1095
71722,q76_t1096
71723,q76_t1097
71723,q76_t1098
71724,q76_t1098
71724,q76_t1099
71725,q76_t1100
71725,q76_t1101
71726,q76_t1101
71726,q76_t1102
71727,q76_t1103
71727,q76_t1104
71728,q76_t1104
71728,q76_t1105
71729,q76_t1106
71729,q76_t1107
71730,q76_t1107
71730,q76_t1108
71731,q76_t1109
71731,q76_t1110
71732,q76_t1110
71732,q76_t1111
71733,q76_t1112
71733,q76_t1113
71734,q76_t1113
71734,q76_t1114
71735,q76_t1115
71735,q76_t1116
71736,q76_t1116
71736,q76_t1120
71737,q76_t1120
71737,q76_t1121
71737,q77_t1120
71737,q77_t1121
71738,q76_t1121
71738,q76_t1122
71739,q76_t1122
71739,q76_t1123
71740,q76_t1123
71740,q76_t1124
71740,q78_t1123
71740,q78_t1124
71741,q76_t1124
71741,q76_t1125
71742,q76_t1125
71742,q76_t1126
71743,q76_t1126
71743,q76_t1127
71743,q79_t1126
71743,q79_t1127
71744,q76_t1127
71744,q76_t1128
71745,q76_t1128
71745,q76_t1129
71746,q76_t1129
71746,q76_t1130
71746,q80_t1129
71746,q80_t1130
71747,q76_t1130
71747,q76_t1131
71748,q76_t1131
71748,q76_t1132
71749,q76_t1132
71749,q76_t1133
71749,q81_t1132
71749,q81_t1133
71750,q76_t1133
71750,q76_t1134
71751,q76_t1134
71751,q76_t1135
71752,q76_t1135
71752,q76_t1136
71752,q82_t1135
71752,q82_t1136
71753,q76_t1136
71753,q76_t1137
71754,q76_t1137
71754,q76_t1138
71755,q76_t1138
71755,q76_t1139
71755,q83_t1138
71755,q83_t1139
71756,q76_t1139
71756,q76_t1140
71757,q76_t1140
71757,q76_t1141
71758,q76_t1141
71758,q76_t1142
71758,q84_t1141
71758,q84_t1142
71759,q76_t1142
71759,q76_t1143
71760,q76_t1143
71760,q76_t1144
71761,q76_t1144
71761,q76_t1145
71761,q85_t1144
71761,q85_t1145
71762,q76_t1145
71762,q76_t1146
71763,q76_t1146
71763,q76_t1147
71764,q76_t1147
71764,q76_t1148
71764,q86_t1147
71764,q86_t1148
71765,q76_t1148
71765,q76_t1149
71766,q76_t1149
71766,q76_t1150
71767,q76_t1150
71767,q76_t1151
71767,q87_t1150
71767,q87_t1151
71768,q76_t1151
71768,q76_t1152
71769,q76_t1152
71769,q76_t1153
71770,q76_t1153
71770,q76_t1154
71770,q88_t1153
71770,q88_t1154
71771,q76_t1154
71771,q76_t1155
71772,q76_t1155
71772,q76_t1156
71773,q76_t1156
71773,q76_t1157
71773,q89_t1156
71773,q89_t1157
71774,q76_t1157
71774,q76_t1158
71775,q76_t1158
71775,q76_t1159
71776,q76_t1159
71776,q76_t1160
71776,q90_t1159
71776,q90_t1160
71777,q76_t1160
71777,q76_t1161
71778,q76_t1161
71778,q76_t1162
71779,q76_t1162
71779,q76_t1163
71779,q91_t1162
71779,q91_t1163
71780,q76_t1163
71780,q76_t1164
71781,q76_t1164
71781,q76_t1165
71782,q76_t1165
71782,q76_t1166
71782,q92_t1165
71782,q92_t1166
71783,q76_t1166
71783,q76_t1167
71784,q76_t1167
71784,q76_t1168
71785,q76_t1168
71785,q76_t1169
71785,q93_t1168
71785,q93_t1169
71786,q76_t1169
71786,q76_t1170
71787,q76_t1170
71787,q76_t1171
71788,q76_t1171
71788,q76_t1172
71788,q94_t1171
71788,q94_t1172
71789,q76_t1172
71789,q76_t1173
71790,q76_t1173
71790,q76_t1174
71791,q76_t1174
71791,q76_t1175
71791,q95_t1174
71791,q95_t1175
71792,q76_t1175
71792,q76_t1176
71793,q76_t1176
71793,q76_t1177
71794,q76_t1177
71794,q76_t1178
71794,q96_t1177
71794,q96_t1178
71795,q76_t1178
71795,q76_t1179
71796,q76_t1179
71796,q76_t1180
71797,q76_t1180
71797,q76_t1181
71797,q97_t1180
71797,q97_t1181
71798,q76_t1181
71798,q76_t1182
71799,q76_t1182
71799,q76_t1183
71800,q76_t1183
71800,q76_t1184
71800,q98_t1183
71800,q98_t1184
71801,q76_t1184
71801,q76_t1185
71802,q76_t1185
71802,q76_t1186
71803,q76_t1186
71803,q76_t1187
71803,q99_t1186
71803,q99_t1187
71804,q76_t1187
71804,q76_t1188
71805,q76_t1188
71805,q76_t1189
71806,q76_t1190
71806,q76_t1191
71807,q76_t1191
71807,q76_t1192
71808,q76_t1193
71808,q76_t1194
71809,q76_t1194
71809,q76_t1195
71810,q76_t1196
71810,q76_t1197
71811,q76_t1197
71811,q76_t1198
71812,q76_t1199
71812,q76_t1200
71813,q76_t1200
71813,q76_t1201
71814,q76_t1202
71814,q76_t1203
71815,q76_t1203
71815,q76_t1204
71816,q76_t1205
71816,q76_t1206
71817,q76_t1206
71817,q76_t1207
71818,q76_t1208
71818,q76_t1209
71819,q76_t1209
71819,q76_t1210
71820,q76_t1211
71820,q76_t1212
71821,q76_t1212
71821,q76_t1213
71822,q76_t1214
71822,q76_t1215
71823,q76_t1215
71823,q76_t1216
71824,q76_t1217
71824,q76_t1218
71825,q76_t1218
71825,q76_t1219
71826,q76_t228
71826,q76_t229
71827,q76_t229
71827,q76_t230
71828,q76_t231
71828,q76_t232
71829,q76_t232
71829,q76_t233
71830,q76_t234
71830,q76_t235
71831,q76_t235
71831,q76_t236
71832,q76_t237
71832,q76_t238
71833,q76_t238
71833,q76_t239
71834,q76_t240
71834,q76_t241
71835,q76_t241
71835,q76_t242
71836,q76_t243
71836,q76_t244
71837,q76_t244
71837,q76_t245
71838,q76_t246
71838,q76_t247
71839,q76_t247
71839,q76_t248
71840,q76_t248
71840,q76_t249
71840,q7_t248
71840,q7_t249
71841,q76_t249
71841,q76_t250
71842,q76_t250
71842,q76_t251
71843,q76_t251
71843,q76_t252
71843,q8_t251
71843,q8_t252
71844,q76_t252
71844,q76_t253
71845,q76_t253
71845,q76_t254
71846,q76_t254
71846,q76_t255
71846,q9_t254
71846,q9_t255
71847,q76_t255
71847,q76_t256
71848,q76_t256
71848,q76_t257
71849,q76_t258
71849,q76_t259
71850,q76_t259
71850,q76_t260
71851,q76_t261
71851,q76_t262
71852,q76_t262
71852,q76_t263
71853,q76_t264
71853,q76_t265
71854,q76_t265
71854,q76_t266
71855,q76_t267
71855,q76_t268
71856,q76_t268
71856,q76_t269
71857,q76_t270
71857,q76_t271
71858,q76_t271
71858,q76_t272
71859,q76_t273
71859,q76_t274
71860,q76_t274
71860,q76_t275
71861,q76_t276
71861,q76_t277
71862,q76_t277
71862,q76_t278
71863,q76_t279
71863,q76_t280
71864,q76_t280
71864,q76_t281
71865,q76_t282
71865,q76_t283
71866,q76_t283
71866,q76_t284
71867,q76_t285
71867,q76_t286
71868,q76_t286
71868,q76_t287
71869,q76_t288
71869,q76_t289
71870,q76_t289
71870,q76_t290
71871,q76_t291
71871,q76_t292
71872,q76_t292
71872,q76_t293
71873,q76_t294
71873,q76_t295
71874,q76_t295
71874,q76_t296
71875,q76_t297
71875,q76_t298
71876,q76_t298
71876,q76_t299
71877,q76_t300
71877,q76_t301
71878,q76_t301
71878,q76_t302
71879,q76_t303
71879,q76_t304
71880,q76_t304
71880,q76_t305
71881,q76_t306
71881,q76_t307
71882,q76_t307
71882,q76_t308
71883,q76_t309
71883,q76_t310
71884,q76_t310
71884,q76_t311
71885,q76_t312
71885,q76_t313
71886,q76_t313
71886,q76_t314
71887,q76_t315
71887,q76_t316
71888,q76_t316
71888,q76_t317
71889,q76_t318
71889,q76_t319
71890,q76_t319
71890,q76_t320
71891,q76_t321
71891,q76_t322
71892,q76_t322
71892,q76_t323
71893,q76_t324
71893,q76_t325
71894,q76_t325
71894,q76_t326
71895,q76_t327
71895,q76_t328
71896,q76_t328
71896,q76_t329
71897,q76_t330
71897,q76_t331
71898,q76_t331
71898,q76_t332
71899,q76_t333
71899,q76_t334
71900,q76_t334
71900,q76_t335
71901,q76_t336
71901,q76_t337
71902,q76_t337
71902,q76_t338
71903,q76_t339
71903,q76_t340
71904,q76_t340
71904,q76_t341
71905,q76_t342
71905,q76_t343
71906,q76_t343
71906,q76_t344
71907,q76_t345
71907,q76_t346
71908,q76_t346
71908,q76_t347
71909,q76_t348
71909,q76_t349
71910,q76_t349
71910,q76_t350
71911,q76_t351
71911,q76_t352
71912,q76_t352
71912,q76_t353
71913,q76_t354
71913,q76_t355
71914,q76_t355
71914,q76_t356
71915,q76_t357
71915,q76_t358
71916,q76_t358
71916,q76_t359
71917,q76_t360
71917,q76_t361
71918,q76_t361
71918,q76_t362
71919,q76_t363
71919,q76_t364
71920,q76_t364
71920,q76_t365
71921,q76_t366
71921,q76_t367
71922,q76_t367
71922,q76_t368
71923,q76_t369
71923,q76_t370
71924,q76_t370
71924,q76_t371
71925,q76_t372
71925,q76_t373
71926,q76_t373
71926,q76_t374
71927,q76_t375
71927,q76_t376
71928,q76_t376
71928,q76_t377
71929,q76_t378
71929,q76_t379
71930,q76_t379
71930,q76_t380
71931,q76_t381
71931,q76_t382
71932,q76_t382
71932,q76_t383
71933,q76_t384
71933,q76_t385
71934,q76_t385
71934,q76_t386
71935,q76_t387
71935,q76_t388
71936,q76_t388
71936,q76_t389
71937,q76_t390
71937,q76_t391
71938,q76_t391
71938,q76_t392
71939,q76_t393
71939,q76_t394
71940,q76_t394
71940,q76_t395
71941,q76_t396
71941,q76_t397
71942,q76_t397
71942,q76_t398
71943,q76_t399
71943,q76_t400
71944,q76_t400
71944,q76_t401
71945,q76_t402
71945,q76_t403
71946,q76_t403
71946,q76_t404
71947,q76_t405
71947,q76_t406
71948,q76_t406
71948,q76_t407
71949,q76_t408
71949,q76_t409
71950,q76_t409
71950,q76_t410
71951,q76_t411
71951,q76_t412
71952,q76_t412
71952,q76_t413
71953,q76_t414
71953,q76_t415
71954,q76_t415
71954,q76_t416
71955,q76_t417
71955,q76_t418
71956,q76_t418
71956,q76_t419
71957,q76_t420
71957,q76_t421
71958,q76_t421
71958,q76_t422
71959,q76_t423
71959,q76_t424
71960,q76_t424
71960,q76_t425
71961,q76_t426
71961,q76_t427
71962,q76_t427
71962,q76_t428
71963,q76_t429
71963,q76_t430
71964,q76_t430
71964,q76_t431
71965,q76_t432
71965,q76_t433
71966,q76_t433
71966,q76_t434
71967,q76_t435
71967,q76_t436
71968,q76_t436
71968,q76_t437
71969,q76_t438
71969,q76_t439
71970,q76_t439
71970,q76_t440
71971,q76_t441
71971,q76_t442
71972,q76_t442
71972,q76_t443
71973,q76_t444
71973,q76_t445
71974,q76_t445
71974,q76_t446
71975,q76_t447
71975,q76_t448
71976,q76_t448
71976,q76_t449
71977,q76_t450
71977,q76_t451
71978,q76_t451
71978,q76_t452
71979,q76_t453
71979,q76_t454
71980,q76_t454
71980,q76_t458
71981,q76_t458
71981,q76_t459
71981,q77_t458
71981,q77_t459
71982,q76_t459
71982,q76_t460
71983,q76_t460
71983,q76_t461
71984,q76_t461
71984,q76_t462
71984,q78_t461
71984,q78_t462
71985,q76_t462
71985,q76_t463
71986,q76_t463
71986,q76_t464
71987,q76_t464
71987,q76_t465
71987,q79_t464
71987,q79_t465
71988,q76_t465
71988,q76_t466
71989,q76_t466
71989,q76_t467
71990,q76_t467
71990,q76_t468
71990,q80_t467
71990,q80_t468
71991,q76_t468
71991,q76_t469
71992,q76_t469
71992,q76_t470
71993,q76_t470
71993,q76_t471
71993,q81_t470
71993,q81_t471
71994,q76_t471
71994,q76_t472
71995,q76_t472
71995,q76_t473
71996,q76_t473
71996,q76_t474
71996,q82_t473
71996,q82_t474
71997,q76_t474
71997,q76_t475
71998,q76_t475
71998,q76_t476
71999,q76_t476
71999,q76_t477
71999,q83_t476
71999,q83_t477
72000,q76_t477
72000,q76_t478
72001,q76_t478
72001,q76_t479
72002,q76_t479
72002,q76_t480
72002,q84_t479
72002,q84_t480
72003,q76_t480
72003,q76_t481
72004,q76_t481
72004,q76_t482
72005,q76_t482
72005,q76_t483
72005,q85_t482
72005,q85_t483
72006,q76_t483
72006,q76_t484
72007,q76_t484
72007,q76_t485
72008,q76_t485
72008,q76_t486
72008,q86_t485
72008,q86_t486
72009,q76_t486
72009,q76_t487
72010,q76_t487
72010,q76_t488
72011,q76_t488
72011,q76_t489
72011,q87_t488
72011,q87_t489
72012,q76_t489
72012,q76_t490
72013,q76_t490
72013,q76_t491
72014,q76_t491
72014,q76_t492
72014,q88_t491
72014,q88_t492
72015,q76_t492
72015,q76_t493
72016,q76_t493
72016,q76_t494
72017,q76_t494
72017,q76_t495
72017,q89_t494
72017,q89_t495
72018,q76_t495
72018,q76_t496
72019,q76_t496
72019,q76_t497
72020,q76_t497
72020,q76_t498
72020,q90_t497
72020,q90_t498
72021,q76_t498
72021,q76_t499
72022,q76_t499
72022,q76_t500
72023,q76_t500
72023,q76_t501
72023,q91_t500
72023,q91_t501
72024,q76_t501
72024,q76_t502
72025,q76_t502
72025,q76_t503
72026,q76_t503
72026,q76_t504
72026,q92_t503
72026,q92_t504
72027,q76_t504
72027,q76_t505
72028,q76_t505
72028,q76_t506
72029,q76_t506
72029,q76_t507
72029,q93_t506
72029,q93_t507
72030,q76_t507
72030,q76_t508
72031,q76_t508
72031,q76_t509
72032,q76_t509
72032,q76_t510
72032,q94_t509
72032,q94_t510
72033,q76_t510
72033,q76_t511
72034,q76_t511
72034,q76_t512
72035,q76_t512
72035,q76_t513
72035,q95_t512
72035,q95_t513
72036,q76_t513
72036,q76_t514
72037,q76_t514
72037,q76_t515
72038,q76_t515
72038,q76_t516
72038,q96_t515
72038,q96_t516
72039,q76_t516
72039,q76_t517
72040,q76_t517
72040,q76_t518
72041,q76_t518
72041,q76_t519
72041,q97_t518
72041,q97_t519
72042,q76_t519
72042,q76_t520
72043,q76_t520
72043,q76_t521
72044,q76_t521
72044,q76_t522
72044,q98_t521
72044,q98_t522
72045,q76_t522
72045,q76_t523
72046,q76_t523
72046,q76_t524
72047,q76_t524
72047,q76_t525
72047,q99_t524
72047,q99_t525
72048,q76_t525
72048,q76_t526
72049,q76_t526
72049,q76_t527
72050,q76_t528
72050,q76_t529
72051,q76_t529
72051,q76_t530
72052,q76_t531
72052,q76_t532
72053,q76_t532
72053,q76_t533
72054,q76_t534
72054,q76_t535
72055,q76_t535
72055,q76_t536
72056,q76_t537
72056,q76_t538
72057,q76_t538
72057,q76_t539
72058,q76_t540
72058,q76_t541
72059,q76_t541
72059,q76_t542
72060,q76_t543
72060,q76_t544
72061,q76_t544
72061,q76_t545
72062,q76_t546
72062,q76_t547
72063,q76_t547
72063,q76_t548
72064,q76_t549
72064,q76_t550
72065,q76_t550
72065,q76_t551
72066,q76_t552
72066,q76_t553
72067,q76_t553
72067,q76_t554
72068,q76_t555
72068,q76_t556
72069,q76_t556
72069,q76_t557
72070,q76_t557
72070,q76_t558
72071,q76_t559
72071,q76_t560
72072,q76_t560
72072,q76_t561
72073,q76_t562
72073,q76_t563
72074,q76_t563
72074,q76_t564
72075,q76_t565
72075,q76_t566
72076,q76_t566
72076,q76_t567
72077,q76_t568
72077,q76_t569
72078,q76_t569
72078,q76_t570
72079,q76_t571
72079,q76_t572
72080,q76_t572
72080,q76_t573
72081,q76_t574
72081,q76_t575
72082,q76_t575
72082,q76_t576
72083,q76_t577
72083,q76_t578
72084,q76_t578
72084,q76_t579
72085,q76_t579
72085,q76_t580
72085,q7_t579
72085,q7_t580
72086,q76_t580
72086,q76_t581
72087,q76_t581
72087,q76_t582
72088,q76_t582
72088,q76_t583
72088,q8_t582
72088,q8_t583
72089,q76_t583
72089,q76_t584
72090,q76_t584
72090,q76_t585
72091,q76_t585
72091,q76_t586
72091,q9_t585
72091,q9_t586
72092,q76_t586
72092,q76_t587
72093,q76_t587
72093,q76_t588
72094,q76_t589
72094,q76_t590
72095,q76_t590
72095,q76_t591
72096,q76_t592
72096,q76_t593
72097,q76_t593
72097,q76_t594
72098,q76_t595
72098,q76_t596
72099,q76_t596
72099,q76_t597
72100,q76_t598
72100,q76_t599
72101,q76_t599
72101,q76_t600
72102,q76_t601
72102,q76_t602
72103,q76_t602
72103,q76_t603
72104,q76_t604
72104,q76_t605
72105,q76_t605
72105,q76_t606
72106,q76_t607
72106,q76_t608
72107,q76_t608
72107,q76_t609
72108,q76_t610
72108,q76_t611
72109,q76_t611
72109,q76_t612
72110,q76_t613
72110,q76_t614
72111,q76_t614
72111,q76_t615
72112,q76_t616
72112,q76_t617
72113,q76_t617
72113,q76_t618
72114,q76_t619
72114,q76_t620
72115,q76_t620
72115,q76_t621
72116,q76_t622
72116,q76_t623
72117,q76_t623
72117,q76_t624
72118,q76_t625
72118,q76_t626
72119,q76_t626
72119,q76_t627
72120,q76_t628
72120,q76_t629
72121,q76_t629
72121,q76_t630
72122,q76_t631
72122,q76_t632
72123,q76_t632
72123,q76_t633
72124,q76_t634
72124,q76_t635
72125,q76_t635
72125,q76_t636
72126,q76_t637
72126,q76_t638
72127,q76_t638
72127,q76_t639
72128,q76_t640
72128,q76_t641
72129,q76_t641
72129,q76_t642
72130,q76_t643
72130,q76_t644
72131,q76_t644
72131,q76_t645
72132,q76_t646
72132,q76_t647
72133,q76_t647
72133,q76_t648
72134,q76_t649
72134,q76_t650
72135,q76_t650
72135,q76_t651
72136,q76_t652
72136,q76_t653
72137,q76_t653
72137,q76_t654
72138,q76_t655
72138,q76_t656
72139,q76_t656
72139,q76_t657
72140,q76_t658
72140,q76_t659
72141,q76_t659
72141,q76_t660
72142,q76_t661
72142,q76_t662
72143,q76_t662
72143,q76_t663
72144,q76_t664
72144,q76_t665
72145,q76_t665
72145,q76_t666
72146,q76_t667
72146,q76_t668
72147,q76_t668
72147,q76_t669
72148,q76_t670
72148,q76_t671
72149,q76_t671
72149,q76_t672
72150,q76_t673
72150,q76_t674
72151,q76_t674
72151,q76_t675
72152,q76_t676
72152,q76_t677
72153,q76_t677
72153,q76_t678
72154,q76_t679
72154,q76_t680
72155,q76_t680
72155,q76_t681
72156,q76_t682
72156,q76_t683
72157,q76_t683
72157,q76_t684
72158,q76_t685
72158,q76_t686
72159,q76_t686
72159,q76_t687
72160,q76_t688
72160,q76_t689
72161,q76_t689
72161,q76_t690
72162,q76_t691
72162,q76_t692
72163,q76_t692
72163,q76_t693
72164,q76_t694
72164,q76_t695
72165,q76_t695
72165,q76_t696
72166,q76_t697
72166,q76_t698
72167,q76_t698
72167,q76_t699
72168,q76_t700
72168,q76_t701
72169,q76_t701
72169,q76_t702
72170,q76_t703
72170,q76_t704
72171,q76_t704
72171,q76_t705
72172,q76_t706
72172,q76_t707
72173,q76_t707
72173,q76_t708
72174,q76_t709
72174,q76_t710
72175,q76_t710
72175,q76_t711
72176,q76_t712
72176,q76_t713
72177,q76_t713
72177,q76_t714
72178,q76_t715
72178,q76_t716
72179,q76_t716
72179,q76_t717
72180,q76_t718
72180,q76_t719
72181,q76_t719
72181,q76_t720
72182,q76_t721
72182,q76_t722
72183,q76_t722
72183,q76_t723
72184,q76_t724
72184,q76_t725
72185,q76_t725
72185,q76_t726
72186,q76_t727
72186,q76_t728
72187,q76_t728
72187,q76_t729
72188,q76_t730
72188,q76_t731
72189,q76_t731
72189,q76_t732
72190,q76_t733
72190,q76_t734
72191,q76_t734
72191,q76_t735
72192,q76_t736
72192,q76_t737
72193,q76_t737
72193,q76_t738
72194,q76_t739
72194,q76_t740
72195,q76_t740
72195,q76_t741
72196,q76_t742
72196,q76_t743
72197,q76_t743
72197,q76_t744
72198,q76_t745
72198,q76_t746
72199,q76_t746
72199,q76_t747
72200,q76_t748
72200,q76_t749
72201,q76_t749
72201,q76_t750
72202,q76_t751
72202,q76_t752
72203,q76_t752
72203,q76_t753
72204,q76_t754
72204,q76_t755
72205,q76_t755
72205,q76_t756
72206,q76_t757
72206,q76_t758
72207,q76_t758
72207,q76_t759
72208,q76_t760
72208,q76_t761
72209,q76_t761
72209,q76_t762
72210,q76_t763
72210,q76_t764
72211,q76_t764
72211,q76_t765
72212,q76_t766
72212,q76_t767
72213,q76_t767
72213,q76_t768
72214,q76_t769
72214,q76_t770
72215,q76_t770
72215,q76_t771
72216,q76_t772
72216,q76_t773
72217,q76_t773
72217,q76_t774
72218,q76_t775
72218,q76_t776
72219,q76_t776
72219,q76_t777
72220,q76_t778
72220,q76_t779
72221,q76_t779
72221,q76_t780
72222,q76_t781
72222,q76_t782
72223,q76_t782
72223,q76_t783
72224,q76_t784
72224,q76_t785
72225,q76_t785
72225,q76_t789
72226,q76_t789
72226,q76_t790
72226,q77_t789
72226,q77_t790
72227,q76_t790
72227,q76_t791
72228,q76_t791
72228,q76_t792
72229,q76_t792
72229,q76_t793
72229,q78_t792
72229,q78_t793
72230,q76_t793
72230,q76_t794
72231,q76_t794
72231,q76_t795
72232,q76_t795
72232,q76_t796
72232,q79_t795
72232,q79_t796
72233,q76_t796
72233,q76_t797
72234,q76_t797
72234,q76_t798
72235,q76_t798
72235,q76_t799
72235,q80_t798
72235,q80_t799
72236,q76_t799
72236,q76_t800
72237,q76_t800
72237,q76_t801
72238,q76_t801
72238,q76_t802
72238,q81_t801
72238,q81_t802
72239,q76_t802
72239,q76_t803
72240,q76_t803
72240,q76_t804
72241,q76_t804
72241,q76_t805
72241,q82_t804
72241,q82_t805
72242,q76_t805
72242,q76_t806
72243,q76_t806
72243,q76_t807
72244,q76_t807
72244,q76_t808
72244,q83_t807
72244,q83_t808
72245,q76_t808
72245,q76_t809
72246,q76_t809
72246,q76_t810
72247,q76_t810
72247,q76_t811
72247,q84_t810
72247,q84_t811
72248,q76_t811
72248,q76_t812
72249,q76_t812
72249,q76_t813
72250,q76_t813
72250,q76_t814
72250,q85_t813
72250,q85_t814
72251,q76_t814
72251,q76_t815
72252,q76_t815
72252,q76_t816
72253,q76_t816
72253,q76_t817
72253,q86_t816
72253,q86_t817
72254,q76_t817
72254,q76_t818
72255,q76_t818
72255,q76_t819
72256,q76_t819
72256,q76_t820
72256,q87_t819
72256,q87_t820
72257,q76_t820
72257,q76_t821
72258,q76_t821
72258,q76_t822
72259,q76_t822
72259,q76_t823
72259,q88_t822
72259,q88_t823
72260,q76_t823
72260,q76_t824
72261,q76_t824
72261,q76_t825
72262,q76_t825
72262,q76_t826
72262,q89_t825
72262,q89_t826
72263,q76_t826
72263,q76_t827
72264,q76_t827
72264,q76_t828
72265,q76_t828
72265,q76_t829
72265,q90_t828
72265,q90_t829
72266,q76_t829
72266,q76_t830
72267,q76_t830
72267,q76_t831
72268,q76_t831
72268,q76_t832
72268,q91_t831
72268,q91_t832
72269,q76_t832
72269,q76_t833
72270,q76_t833
72270,q76_t834
72271,q76_t834
72271,q76_t835
72271,q92_t834
72271,q92_t835
72272,q76_t835
72272,q76_t836
72273,q76_t836
72273,q76_t837
72274,q76_t837
72274,q76_t838
72274,q93_t837
72274,q93_t838
72275,q76_t838
72275,q76_t839
72276,q76_t839
72276,q76_t840
72277,q76_t840
72277,q76_t841
72277,q94_t840
72277,q94_t841
72278,q76_t841
72278,q76_t842
72279,q76_t842
72279,q76_t843
72280,q76_t843
72280,q76_t844
72280,q95_t843
72280,q95_t844
72281,q76_t844
72281,q76_t845
72282,q76_t845
72282,q76_t846
72283,q76_t846
72283,q76_t847
72283,q96_t846
72283,q96_t847
72284,q76_t847
72284,q76_t848
72285,q76_t848
72285,q76_t849
72286,q76_t849
72286,q76_t850
72286,q97_t849
72286,q97_t850
72287,q76_t850
72287,q76_t851
72288,q76_t851
72288,q76_t852
72289,q76_t852
72289,q76_t853
72289,q98_t852
72289,q98_t853
72290,q76_t853
72290,q76_t854
72291,q76_t854
72291,q76_t855
72292,q76_t855
72292,q76_t856
72292,q99_t855
72292,q99_t856
72293,q76_t856
72293,q76_t857
72294,q76_t857
72294,q76_t858
72295,q76_t859
72295,q76_t860
72296,q76_t860
72296,q76_t861
72297,q76_t862
72297,q76_t863
72298,q76_t863
72298,q76_t864
72299,q76_t865
72299,q76_t866
72300,q76_t866
72300,q76_t867
72301,q76_t868
72301,q76_t869
72302,q76_t869
72302,q76_t870
72303,q76_t871
72303,q76_t872
72304,q76_t872
72304,q76_t873
72305,q76_t874
72305,q76_t875
72306,q76_t875
72306,q76_t876
72307,q76_t877
72307,q76_t878
72308,q76_t878
72308,q76_t879
72309,q76_t880
72309,q76_t881
72310,q76_t881
72310,q76_t882
72311,q76_t883
72311,q76_t884
72312,q76_t884
72312,q76_t885
72313,q76_t886
72313,q76_t887
72314,q76_t887
72314,q76_t888
72315,q76_t888
72315,q76_t889
72316,q76_t890
72316,q76_t891
72317,q76_t891
72317,q76_t892
72318,q76_t893
72318,q76_t894
72319,q76_t894
72319,q76_t895
72320,q76_t896
72320,q76_t897
72321,q76_t897
72321,q76_t898
72322,q76_t899
72322,q76_t900
72323,q76_t900
72323,q76_t901
72324,q76_t902
72324,q76_t903
72325,q76_t903
72325,q76_t904
72326,q76_t905
72326,q76_t906
72327,q76_t906
72327,q76_t907
72328,q76_t908
72328,q76_t909
72329,q76_t909
72329,q76_t910
72330,q76_t910
72330,q76_t911
72330,q7_t910
72330,q7_t911
72331,q76_t911
72331,q76_t912
72332,q76_t912
72332,q76_t913
72333,q76_t913
72333,q76_t914
72333,q8_t913
72333,q8_t914
72334,q76_t914
72334,q76_t915
72335,q76_t915
72335,q76_t916
72336,q76_t916
72336,q76_t917
72336,q9_t916
72336,q9_t917
72337,q76_t917
72337,q76_t918
72338,q76_t918
72338,q76_t919
72339,q76_t920
72339,q76_t921
72340,q76_t921
72340,q76_t922
72341,q76_t923
72341,q76_t924
72342,q76_t924
72342,q76_t925
72343,q76_t926
72343,q76_t927
72344,q76_t927
72344,q76_t928
72345,q76_t929
72345,q76_t930
72346,q76_t930
72346,q76_t931
72347,q76_t932
72347,q76_t933
72348,q76_t933
72348,q76_t934
72349,q76_t935
72349,q76_t936
72350,q76_t936
72350,q76_t937
72351,q76_t938
72351,q76_t939
72352,q76_t939
72352,q76_t940
72353,q76_t941
72353,q76_t942
72354,q76_t942
72354,q76_t943
72355,q76_t944
72355,q76_t945
72356,q76_t945
72356,q76_t946
72357,q76_t947
72357,q76_t948
72358,q76_t948
72358,q76_t949
72359,q76_t950
72359,q76_t951
72360,q76_t951
72360,q76_t952
72361,q76_t953
72361,q76_t954
72362,q76_t954
72362,q76_t955
72363,q76_t956
72363,q76_t957
72364,q76_t957
72364,q76_t958
72365,q76_t959
72365,q76_t960
72366,q76_t960
72366,q76_t961
72367,q76_t962
72367,q76_t963
72368,q76_t963
72368,q76_t964
72369,q76_t965
72369,q76_t966
72370,q76_t966
72370,q76_t967
72371,q76_t968
72371,q76_t969
72372,q76_t969
72372,q76_t970
72373,q76_t971
72373,q76_t972
72374,q76_t972
72374,q76_t973
72375,q76_t974
72375,q76_t975
72376,q76_t975
72376,q76_t976
72377,q76_t977
72377,q76_t978
72378,q76_t978
72378,q76_t979
72379,q76_t980
72379,q76_t981
72380,q76_t981
72380,q76_t982
72381,q76_t983
72381,q76_t984
72382,q76_t984
72382,q76_t985
72383,q76_t986
72383,q76_t987
72384,q76_t987
72384,q76_t988
72385,q76_t989
72385,q76_t990
72386,q76_t990
72386,q76_t991
72387,q76_t992
72387,q76_t993
72388,q76_t993
72388,q76_t994
72389,q76_t995
72389,q76_t996
72390,q76_t996
72390,q76_t997
72391,q76_t998
72391,q76_t999
72392,q77_t0
72392,q77_t1
72393,q77_t1
72393,q77_t230
72394,q77_t1000
72394,q77_t999
72395,q77_t1001
72395,q77_t1002
72396,q77_t1002
72396,q77_t1003
72397,q77_t1004
72397,q77_t1005
72398,q77_t1005
72398,q77_t1006
72399,q77_t1007
72399,q77_t1008
72400,q77_t1008
72400,q77_t1009
72401,q77_t1010
72401,q77_t1011
72402,q77_t1011
72402,q77_t1012
72403,q77_t1013
72403,q77_t1014
72404,q77_t1014
72404,q77_t1015
72405,q77_t1016
72405,q77_t1017
72406,q77_t1017
72406,q77_t1018
72407,q77_t1019
72407,q77_t1020
72408,q77_t1020
72408,q77_t1021
72409,q77_t1022
72409,q77_t1023
72410,q77_t1023
72410,q77_t1024
72411,q77_t1025
72411,q77_t1026
72412,q77_t1026
72412,q77_t1027
72413,q77_t1028
72413,q77_t1029
72414,q77_t1029
72414,q77_t1030
72415,q77_t1031
72415,q77_t1032
72416,q77_t1032
72416,q77_t1033
72417,q77_t1034
72417,q77_t1035
72418,q77_t1035
72418,q77_t1036
72419,q77_t1037
72419,q77_t1038
72420,q77_t1038
72420,q77_t1039
72421,q77_t1040
72421,q77_t1041
72422,q77_t1041
72422,q77_t1042
72423,q77_t1043
72423,q77_t1044
72424,q77_t1044
72424,q77_t1045
72425,q77_t1046
72425,q77_t1047
72426,q77_t1047
72426,q77_t1048
72427,q77_t1049
72427,q77_t1050
72428,q77_t1050
72428,q77_t1051
72429,q77_t1052
72429,q77_t1053
72430,q77_t1053
72430,q77_t1054
72431,q77_t1055
72431,q77_t1056
72432,q77_t1056
72432,q77_t1057
72433,q77_t1058
72433,q77_t1059
72434,q77_t1059
72434,q77_t1060
72435,q77_t1061
72435,q77_t1062
72436,q77_t1062
72436,q77_t1063
72437,q77_t1064
72437,q77_t1065
72438,q77_t1065
72438,q77_t1066
72439,q77_t1067
72439,q77_t1068
72440,q77_t1068
72440,q77_t1069
72441,q77_t1070
72441,q77_t1071
72442,q77_t1071
72442,q77_t1072
72443,q77_t1073
72443,q77_t1074
72444,q77_t1074
72444,q77_t1075
72445,q77_t1076
72445,q77_t1077
72446,q77_t1077
72446,q77_t1078
72447,q77_t1079
72447,q77_t1080
72448,q77_t1080
72448,q77_t1081
72449,q77_t1082
72449,q77_t1083
72450,q77_t1083
72450,q77_t1084
72451,q77_t1085
72451,q77_t1086
72452,q77_t1086
72452,q77_t1087
72453,q77_t1088
72453,q77_t1089
72454,q77_t1089
72454,q77_t1090
72455,q77_t1091
72455,q77_t1092
72456,q77_t1092
72456,q77_t1093
72457,q77_t1094
72457,q77_t1095
72458,q77_t1095
72458,q77_t1096
72459,q77_t1097
72459,q77_t1098
72460,q77_t1098
72460,q77_t1099
72461,q77_t1100
72461,q77_t1101
72462,q77_t1101
72462,q77_t1102
72463,q77_t1103
72463,q77_t1104
72464,q77_t1104
72464,q77_t1105
72465,q77_t1106
72465,q77_t1107
72466,q77_t1107
72466,q77_t1108
72467,q77_t1109
72467,q77_t1110
72468,q77_t1110
72468,q77_t1111
72469,q77_t1112
72469,q77_t1113
72470,q77_t1113
72470,q77_t1114
72471,q77_t1115
72471,q77_t1116
72472,q77_t1116
72472,q77_t1117
72473,q77_t1118
72473,q77_t1119
72474,q77_t1119
72474,q77_t1120
72475,q77_t1121
72475,q77_t1122
72476,q77_t1122
72476,q77_t1126
72477,q77_t1126
72477,q77_t1127
72477,q78_t1126
72477,q78_t1127
72478,q77_t1127
72478,q77_t1128
72479,q77_t1128
72479,q77_t1129
72480,q77_t1129
72480,q77_t1130
72480,q79_t1129
72480,q79_t1130
72481,q77_t1130
72481,q77_t1131
72482,q77_t1131
72482,q77_t1132
72483,q77_t1132
72483,q77_t1133
72483,q80_t1132
72483,q80_t1133
72484,q77_t1133
72484,q77_t1134
72485,q77_t1134
72485,q77_t1135
72486,q77_t1135
72486,q77_t1136
72486,q81_t1135
72486,q81_t1136
72487,q77_t1136
72487,q77_t1137
72488,q77_t1137
72488,q77_t1138
72489,q77_t1138
72489,q77_t1139
72489,q82_t1138
72489,q82_t1139
72490,q77_t1139
72490,q77_t1140
72491,q77_t1140
72491,q77_t1141
72492,q77_t1141
72492,q77_t1142
72492,q83_t1141
72492,q83_t1142
72493,q77_t1142
72493,q77_t1143
72494,q77_t1143
72494,q77_t1144
72495,q77_t1144
72495,q77_t1145
72495,q84_t1144
72495,q84_t1145
72496,q77_t1145
72496,q77_t1146
72497,q77_t1146
72497,q77_t1147
72498,q77_t1147
72498,q77_t1148
72498,q85_t1147
72498,q85_t1148
72499,q77_t1148
72499,q77_t1149
72500,q77_t1149
72500,q77_t1150
72501,q77_t1150
72501,q77_t1151
72501,q86_t1150
72501,q86_t1151
72502,q77_t1151
72502,q77_t1152
72503,q77_t1152
72503,q77_t1153
72504,q77_t1153
72504,q77_t1154
72504,q87_t1153
72504,q87_t1154
72505,q77_t1154
72505,q77_t1155
72506,q77_t1155
72506,q77_t1156
72507,q77_t1156
72507,q77_t1157
72507,q88_t1156
72507,q88_t1157
72508,q77_t1157
72508,q77_t1158
72509,q77_t1158
72509,q77_t1159
72510,q77_t1159
72510,q77_t1160
72510,q89_t1159
72510,q89_t1160
72511,q77_t1160
72511,q77_t1161
72512,q77_t1161
72512,q77_t1162
72513,q77_t1162
72513,q77_t1163
72513,q90_t1162
72513,q90_t1163
72514,q77_t1163
72514,q77_t1164
72515,q77_t1164
72515,q77_t1165
72516,q77_t1165
72516,q77_t1166
72516,q91_t1165
72516,q91_t1166
72517,q77_t1166
72517,q77_t1167
72518,q77_t1167
72518,q77_t1168
72519,q77_t1168
72519,q77_t1169
72519,q92_t1168
72519,q92_t1169
72520,q77_t1169
72520,q77_t1170
72521,q77_t1170
72521,q77_t1171
72522,q77_t1171
72522,q77_t1172
72522,q93_t1171
72522,q93_t1172
72523,q77_t1172
72523,q77_t1173
72524,q77_t1173
72524,q77_t1174
72525,q77_t1174
72525,q77_t1175
72525,q94_t1174
72525,q94_t1175
72526,q77_t1175
72526,q77_t1176
72527,q77_t1176
72527,q77_t1177
72528,q77_t1177
72528,q77_t1178
72528,q95_t1177
72528,q95_t1178
72529,q77_t1178
72529,q77_t1179
72530,q77_t1179
72530,q77_t1180
72531,q77_t1180
72531,q77_t1181
72531,q96_t1180
72531,q96_t1181
72532,q77_t1181
72532,q77_t1182
72533,q77_t1182
72533,q77_t1183
72534,q77_t1183
72534,q77_t1184
72534,q97_t1183
72534,q97_t1184
72535,q77_t1184
72535,q77_t1185
72536,q77_t1185
72536,q77_t1186
72537,q77_t1186
72537,q77_t1187
72537,q98_t1186
72537,q98_t1187
72538,q77_t1187
72538,q77_t1188
72539,q77_t1188
72539,q77_t1189
72540,q77_t1189
72540,q77_t1190
72540,q99_t1189
72540,q99_t1190
72541,q77_t1190
72541,q77_t1191
72542,q77_t1191
72542,q77_t1192
72543,q77_t1193
72543,q77_t1194
72544,q77_t1194
72544,q77_t1195
72545,q77_t1196
72545,q77_t1197
72546,q77_t1197
72546,q77_t1198
72547,q77_t1199
72547,q77_t1200
72548,q77_t1200
72548,q77_t1201
72549,q77_t1202
72549,q77_t1203
72550,q77_t1203
72550,q77_t1204
72551,q77_t1205
72551,q77_t1206
72552,q77_t1206
72552,q77_t1207
72553,q77_t1208
72553,q77_t1209
72554,q77_t1209
72554,q77_t1210
72555,q77_t1211
72555,q77_t1212
72556,q77_t1212
72556,q77_t1213
72557,q77_t1214
72557,q77_t1215
72558,q77_t1215
72558,q77_t1216
72559,q77_t1217
72559,q77_t1218
72560,q77_t1218
72560,q77_t1219
72561,q77_t1220
72561,q77_t1221
72562,q77_t1221
72562,q77_t1222
72563,q77_t231
72563,q77_t232
72564,q77_t232
72564,q77_t233
72565,q77_t234
72565,q77_t235
72566,q77_t235
72566,q77_t236
72567,q77_t237
72567,q77_t238
72568,q77_t238
72568,q77_t239
72569,q77_t240
72569,q77_t241
72570,q77_t241
72570,q77_t242
72571,q77_t243
72571,q77_t244
72572,q77_t244
72572,q77_t245
72573,q77_t246
72573,q77_t247
72574,q77_t247
72574,q77_t248
72575,q77_t249
72575,q77_t250
72576,q77_t250
72576,q77_t251
72577,q77_t251
72577,q77_t252
72577,q7_t251
72577,q7_t252
72578,q77_t252
72578,q77_t253
72579,q77_t253
72579,q77_t254
72580,q77_t254
72580,q77_t255
72580,q8_t254
72580,q8_t255
72581,q77_t255
72581,q77_t256
72582,q77_t256
72582,q77_t257
72583,q77_t257
72583,q77_t258
72583,q9_t257
72583,q9_t258
72584,q77_t258
72584,q77_t259
72585,q77_t259
72585,q77_t260
72586,q77_t261
72586,q77_t262
72587,q77_t262
72587,q77_t263
72588,q77_t264
72588,q77_t265
72589,q77_t265
72589,q77_t266
72590,q77_t267
72590,q77_t268
72591,q77_t268
72591,q77_t269
72592,q77_t270
72592,q77_t271
72593,q77_t271
72593,q77_t272
72594,q77_t273
72594,q77_t274
72595,q77_t274
72595,q77_t275
72596,q77_t276
72596,q77_t277
72597,q77_t277
72597,q77_t278
72598,q77_t279
72598,q77_t280
72599,q77_t280
72599,q77_t281
72600,q77_t282
72600,q77_t283
72601,q77_t283
72601,q77_t284
72602,q77_t285
72602,q77_t286
72603,q77_t286
72603,q77_t287
72604,q77_t288
72604,q77_t289
72605,q77_t289
72605,q77_t290
72606,q77_t291
72606,q77_t292
72607,q77_t292
72607,q77_t293
72608,q77_t294
72608,q77_t295
72609,q77_t295
72609,q77_t296
72610,q77_t297
72610,q77_t298
72611,q77_t298
72611,q77_t299
72612,q77_t300
72612,q77_t301
72613,q77_t301
72613,q77_t302
72614,q77_t303
72614,q77_t304
72615,q77_t304
72615,q77_t305
72616,q77_t306
72616,q77_t307
72617,q77_t307
72617,q77_t308
72618,q77_t309
72618,q77_t310
72619,q77_t310
72619,q77_t311
72620,q77_t312
72620,q77_t313
72621,q77_t313
72621,q77_t314
72622,q77_t315
72622,q77_t316
72623,q77_t316
72623,q77_t317
72624,q77_t318
72624,q77_t319
72625,q77_t319
72625,q77_t320
72626,q77_t321
72626,q77_t322
72627,q77_t322
72627,q77_t323
72628,q77_t324
72628,q77_t325
72629,q77_t325
72629,q77_t326
72630,q77_t327
72630,q77_t328
72631,q77_t328
72631,q77_t329
72632,q77_t330
72632,q77_t331
72633,q77_t331
72633,q77_t332
72634,q77_t333
72634,q77_t334
72635,q77_t334
72635,q77_t335
72636,q77_t336
72636,q77_t337
72637,q77_t337
72637,q77_t338
72638,q77_t339
72638,q77_t340
72639,q77_t340
72639,q77_t341
72640,q77_t342
72640,q77_t343
72641,q77_t343
72641,q77_t344
72642,q77_t345
72642,q77_t346
72643,q77_t346
72643,q77_t347
72644,q77_t348
72644,q77_t349
72645,q77_t349
72645,q77_t350
72646,q77_t351
72646,q77_t352
72647,q77_t352
72647,q77_t353
72648,q77_t354
72648,q77_t355
72649,q77_t355
72649,q77_t356
72650,q77_t357
72650,q77_t358
72651,q77_t358
72651,q77_t359
72652,q77_t360
72652,q77_t361
72653,q77_t361
72653,q77_t362
72654,q77_t363
72654,q77_t364
72655,q77_t364
72655,q77_t365
72656,q77_t366
72656,q77_t367
72657,q77_t367
72657,q77_t368
72658,q77_t369
72658,q77_t370
72659,q77_t370
72659,q77_t371
72660,q77_t372
72660,q77_t373
72661,q77_t373
72661,q77_t374
72662,q77_t375
72662,q77_t376
72663,q77_t376
72663,q77_t377
72664,q77_t378
72664,q77_t379
72665,q77_t379
72665,q77_t380
72666,q77_t381
72666,q77_t382
72667,q77_t382
72667,q77_t383
72668,q77_t384
72668,q77_t385
72669,q77_t385
72669,q77_t386
72670,q77_t387
72670,q77_t388
72671,q77_t388
72671,q77_t389
72672,q77_t390
72672,q77_t391
72673,q77_t391
72673,q77_t392
72674,q77_t393
72674,q77_t394
72675,q77_t394
72675,q77_t395
72676,q77_t396
72676,q77_t397
72677,q77_t397
72677,q77_t398
72678,q77_t399
72678,q77_t400
72679,q77_t400
72679,q77_t401
72680,q77_t402
72680,q77_t403
72681,q77_t403
72681,q77_t404
72682,q77_t405
72682,q77_t406
72683,q77_t406
72683,q77_t407
72684,q77_t408
72684,q77_t409
72685,q77_t409
72685,q77_t410
72686,q77_t411
72686,q77_t412
72687,q77_t412
72687,q77_t413
72688,q77_t414
72688,q77_t415
72689,q77_t415
72689,q77_t416
72690,q77_t417
72690,q77_t418
72691,q77_t418
72691,q77_t419
72692,q77_t420
72692,q77_t421
72693,q77_t421
72693,q77_t422
72694,q77_t423
72694,q77_t424
72695,q77_t424
72695,q77_t425
72696,q77_t426
72696,q77_t427
72697,q77_t427
72697,q77_t428
72698,q77_t429
72698,q77_t430
72699,q77_t430
72699,q77_t431
72700,q77_t432
72700,q77_t433
72701,q77_t433
72701,q77_t434
72702,q77_t435
72702,q77_t436
72703,q77_t436
72703,q77_t437
72704,q77_t438
72704,q77_t439
72705,q77_t439
72705,q77_t440
72706,q77_t441
72706,q77_t442
72707,q77_t442
72707,q77_t443
72708,q77_t444
72708,q77_t445
72709,q77_t445
72709,q77_t446
72710,q77_t447
72710,q77_t448
72711,q77_t448
72711,q77_t449
72712,q77_t450
72712,q77_t451
72713,q77_t451
72713,q77_t452
72714,q77_t453
72714,q77_t454
72715,q77_t454
72715,q77_t455
72716,q77_t456
72716,q77_t457
72717,q77_t457
72717,q77_t458
72718,q77_t459
72718,q77_t460
72719,q77_t460
72719,q77_t464
72720,q77_t464
72720,q77_t465
72720,q78_t464
72720,q78_t465
72721,q77_t465
72721,q77_t466
72722,q77_t466
72722,q77_t467
72723,q77_t467
72723,q77_t468
72723,q79_t467
72723,q79_t468
72724,q77_t468
72724,q77_t469
72725,q77_t469
72725,q77_t470
72726,q77_t470
72726,q77_t471
72726,q80_t470
72726,q80_t471
72727,q77_t471
72727,q77_t472
72728,q77_t472
72728,q77_t473
72729,q77_t473
72729,q77_t474
72729,q81_t473
72729,q81_t474
72730,q77_t474
72730,q77_t475
72731,q77_t475
72731,q77_t476
72732,q77_t476
72732,q77_t477
72732,q82_t476
72732,q82_t477
72733,q77_t477
72733,q77_t478
72734,q77_t478
72734,q77_t479
72735,q77_t479
72735,q77_t480
72735,q83_t479
72735,q83_t480
72736,q77_t480
72736,q77_t481
72737,q77_t481
72737,q77_t482
72738,q77_t482
72738,q77_t483
72738,q84_t482
72738,q84_t483
72739,q77_t483
72739,q77_t484
72740,q77_t484
72740,q77_t485
72741,q77_t485
72741,q77_t486
72741,q85_t485
72741,q85_t486
72742,q77_t486
72742,q77_t487
72743,q77_t487
72743,q77_t488
72744,q77_t488
72744,q77_t489
72744,q86_t488
72744,q86_t489
72745,q77_t489
72745,q77_t490
72746,q77_t490
72746,q77_t491
72747,q77_t491
72747,q77_t492
72747,q87_t491
72747,q87_t492
72748,q77_t492
72748,q77_t493
72749,q77_t493
72749,q77_t494
72750,q77_t494
72750,q77_t495
72750,q88_t494
72750,q88_t495
72751,q77_t495
72751,q77_t496
72752,q77_t496
72752,q77_t497
72753,q77_t497
72753,q77_t498
72753,q89_t497
72753,q89_t498
72754,q77_t498
72754,q77_t499
72755,q77_t499
72755,q77_t500
72756,q77_t500
72756,q77_t501
72756,q90_t500
72756,q90_t501
72757,q77_t501
72757,q77_t502
72758,q77_t502
72758,q77_t503
72759,q77_t503
72759,q77_t504
72759,q91_t503
72759,q91_t504
72760,q77_t504
72760,q77_t505
72761,q77_t505
72761,q77_t506
72762,q77_t506
72762,q77_t507
72762,q92_t506
72762,q92_t507
72763,q77_t507
72763,q77_t508
72764,q77_t508
72764,q77_t509
72765,q77_t509
72765,q77_t510
72765,q93_t509
72765,q93_t510
72766,q77_t510
72766,q77_t511
72767,q77_t511
72767,q77_t512
72768,q77_t512
72768,q77_t513
72768,q94_t512
72768,q94_t513
72769,q77_t513
72769,q77_t514
72770,q77_t514
72770,q77_t515
72771,q77_t515
72771,q77_t516
72771,q95_t515
72771,q95_t516
72772,q77_t516
72772,q77_t517
72773,q77_t517
72773,q77_t518
72774,q77_t518
72774,q77_t519
72774,q96_t518
72774,q96_t519
72775,q77_t519
72775,q77_t520
72776,q77_t520
72776,q77_t521
72777,q77_t521
72777,q77_t522
72777,q97_t521
72777,q97_t522
72778,q77_t522
72778,q77_t523
72779,q77_t523
72779,q77_t524
72780,q77_t524
72780,q77_t525
72780,q98_t524
72780,q98_t525
72781,q77_t525
72781,q77_t526
72782,q77_t526
72782,q77_t527
72783,q77_t527
72783,q77_t528
72783,q99_t527
72783,q99_t528
72784,q77_t528
72784,q77_t529
72785,q77_t529
72785,q77_t530
72786,q77_t531
72786,q77_t532
72787,q77_t532
72787,q77_t533
72788,q77_t534
72788,q77_t535
72789,q77_t535
72789,q77_t536
72790,q77_t537
72790,q77_t538
72791,q77_t538
72791,q77_t539
72792,q77_t540
72792,q77_t541
72793,q77_t541
72793,q77_t542
72794,q77_t543
72794,q77_t544
72795,q77_t544
72795,q77_t545
72796,q77_t546
72796,q77_t547
72797,q77_t547
72797,q77_t548
72798,q77_t549
72798,q77_t550
72799,q77_t550
72799,q77_t551
72800,q77_t552
72800,q77_t553
72801,q77_t553
72801,q77_t554
72802,q77_t555
72802,q77_t556
72803,q77_t556
72803,q77_t557
72804,q77_t558
72804,q77_t559
72805,q77_t559
72805,q77_t560
72806,q77_t560
72806,q77_t561
72807,q77_t562
72807,q77_t563
72808,q77_t563
72808,q77_t564
72809,q77_t565
72809,q77_t566
72810,q77_t566
72810,q77_t567
72811,q77_t568
72811,q77_t569
72812,q77_t569
72812,q77_t570
72813,q77_t571
72813,q77_t572
72814,q77_t572
72814,q77_t573
72815,q77_t574
72815,q77_t575
72816,q77_t575
72816,q77_t576
72817,q77_t577
72817,q77_t578
72818,q77_t578
72818,q77_t579
72819,q77_t580
72819,q77_t581
72820,q77_t581
72820,q77_t582
72821,q77_t582
72821,q77_t583
72821,q7_t582
72821,q7_t583
72822,q77_t583
72822,q77_t584
72823,q77_t584
72823,q77_t585
72824,q77_t585
72824,q77_t586
72824,q8_t585
72824,q8_t586
72825,q77_t586
72825,q77_t587
72826,q77_t587
72826,q77_t588
72827,q77_t588
72827,q77_t589
72827,q9_t588
72827,q9_t589
72828,q77_t589
72828,q77_t590
72829,q77_t590
72829,q77_t591
72830,q77_t592
72830,q77_t593
72831,q77_t593
72831,q77_t594
72832,q77_t595
72832,q77_t596
72833,q77_t596
72833,q77_t597
72834,q77_t598
72834,q77_t599
72835,q77_t599
72835,q77_t600
72836,q77_t601
72836,q77_t602
72837,q77_t602
72837,q77_t603
72838,q77_t604
72838,q77_t605
72839,q77_t605
72839,q77_t606
72840,q77_t607
72840,q77_t608
72841,q77_t608
72841,q77_t609
72842,q77_t610
72842,q77_t611
72843,q77_t611
72843,q77_t612
72844,q77_t613
72844,q77_t614
72845,q77_t614
72845,q77_t615
72846,q77_t616
72846,q77_t617
72847,q77_t617
72847,q77_t618
72848,q77_t619
72848,q77_t620
72849,q77_t620
72849,q77_t621
72850,q77_t622
72850,q77_t623
72851,q77_t623
72851,q77_t624
72852,q77_t625
72852,q77_t626
72853,q77_t626
72853,q77_t627
72854,q77_t628
72854,q77_t629
72855,q77_t629
72855,q77_t630
72856,q77_t631
72856,q77_t632
72857,q77_t632
72857,q77_t633
72858,q77_t634
72858,q77_t635
72859,q77_t635
72859,q77_t636
72860,q77_t637
72860,q77_t638
72861,q77_t638
72861,q77_t639
72862,q77_t640
72862,q77_t641
72863,q77_t641
72863,q77_t642
72864,q77_t643
72864,q77_t644
72865,q77_t644
72865,q77_t645
72866,q77_t646
72866,q77_t647
72867,q77_t647
72867,q77_t648
72868,q77_t649
72868,q77_t650
72869,q77_t650
72869,q77_t651
72870,q77_t652
72870,q77_t653
72871,q77_t653
72871,q77_t654
72872,q77_t655
72872,q77_t656
72873,q77_t656
72873,q77_t657
72874,q77_t658
72874,q77_t659
72875,q77_t659
72875,q77_t660
72876,q77_t661
72876,q77_t662
72877,q77_t662
72877,q77_t663
72878,q77_t664
72878,q77_t665
72879,q77_t665
72879,q77_t666
72880,q77_t667
72880,q77_t668
72881,q77_t668
72881,q77_t669
72882,q77_t670
72882,q77_t671
72883,q77_t671
72883,q77_t672
72884,q77_t673
72884,q77_t674
72885,q77_t674
72885,q77_t675
72886,q77_t676
72886,q77_t677
72887,q77_t677
72887,q77_t678
72888,q77_t679
72888,q77_t680
72889,q77_t680
72889,q77_t681
72890,q77_t682
72890,q77_t683
72891,q77_t683
72891,q77_t684
72892,q77_t685
72892,q77_t686
72893,q77_t686
72893,q77_t687
72894,q77_t688
72894,q77_t689
72895,q77_t689
72895,q77_t690
72896,q77_t691
72896,q77_t692
72897,q77_t692
72897,q77_t693
72898,q77_t694
72898,q77_t695
72899,q77_t695
72899,q77_t696
72900,q77_t697
72900,q77_t698
72901,q77_t698
72901,q77_t699
72902,q77_t700
72902,q77_t701
72903,q77_t701
72903,q77_t702
72904,q77_t703
72904,q77_t704
72905,q77_t704
72905,q77_t705
72906,q77_t706
72906,q77_t707
72907,q77_t707
72907,q77_t708
72908,q77_t709
72908,q77_t710
72909,q77_t710
72909,q77_t711
72910,q77_t712
72910,q77_t713
72911,q77_t713
72911,q77_t714
72912,q77_t715
72912,q77_t716
72913,q77_t716
72913,q77_t717
72914,q77_t718
72914,q77_t719
72915,q77_t719
72915,q77_t720
72916,q77_t721
72916,q77_t722
72917,q77_t722
72917,q77_t723
72918,q77_t724
72918,q77_t725
72919,q77_t725
72919,q77_t726
72920,q77_t727
72920,q77_t728
72921,q77_t728
72921,q77_t729
72922,q77_t730
72922,q77_t731
72923,q77_t731
72923,q77_t732
72924,q77_t733
72924,q77_t734
72925,q77_t734
72925,q77_t735
72926,q77_t736
72926,q77_t737
72927,q77_t737
72927,q77_t738
72928,q77_t739
72928,q77_t740
72929,q77_t740
72929,q77_t741
72930,q77_t742
72930,q77_t743
72931,q77_t743
72931,q77_t744
72932,q77_t745
72932,q77_t746
72933,q77_t746
72933,q77_t747
72934,q77_t748
72934,q77_t749
72935,q77_t749
72935,q77_t750
72936,q77_t751
72936,q77_t752
72937,q77_t752
72937,q77_t753
72938,q77_t754
72938,q77_t755
72939,q77_t755
72939,q77_t756
72940,q77_t757
72940,q77_t758
72941,q77_t758
72941,q77_t759
72942,q77_t760
72942,q77_t761
72943,q77_t761
72943,q77_t762
72944,q77_t763
72944,q77_t764
72945,q77_t764
72945,q77_t765
72946,q77_t766
72946,q77_t767
72947,q77_t767
72947,q77_t768
72948,q77_t769
72948,q77_t770
72949,q77_t770
72949,q77_t771
72950,q77_t772
72950,q77_t773
72951,q77_t773
72951,q77_t774
72952,q77_t775
72952,q77_t776
72953,q77_t776
72953,q77_t777
72954,q77_t778
72954,q77_t779
72955,q77_t779
72955,q77_t780
72956,q77_t781
72956,q77_t782
72957,q77_t782
72957,q77_t783
72958,q77_t784
72958,q77_t785
72959,q77_t785
72959,q77_t786
72960,q77_t787
72960,q77_t788
72961,q77_t788
72961,q77_t789
72962,q77_t790
72962,q77_t791
72963,q77_t791
72963,q77_t795
72964,q77_t795
72964,q77_t796
72964,q78_t795
72964,q78_t796
72965,q77_t796
72965,q77_t797
72966,q77_t797
72966,q77_t798
72967,q77_t798
72967,q77_t799
72967,q79_t798
72967,q79_t799
72968,q77_t799
72968,q77_t800
72969,q77_t800
72969,q77_t801
72970,q77_t801
72970,q77_t802
72970,q80_t801
72970,q80_t802
72971,q77_t802
72971,q77_t803
72972,q77_t803
72972,q77_t804
72973,q77_t804
72973,q77_t805
72973,q81_t804
72973,q81_t805
72974,q77_t805
72974,q77_t806
72975,q77_t806
72975,q77_t807
72976,q77_t807
72976,q77_t808
72976,q82_t807
72976,q82_t808
72977,q77_t808
72977,q77_t809
72978,q77_t809
72978,q77_t810
72979,q77_t810
72979,q77_t811
72979,q83_t810
72979,q83_t811
72980,q77_t811
72980,q77_t812
72981,q77_t812
72981,q77_t813
72982,q77_t813
72982,q77_t814
72982,q84_t813
72982,q84_t814
72983,q77_t814
72983,q77_t815
72984,q77_t815
72984,q77_t816
72985,q77_t816
72985,q77_t817
72985,q85_t816
72985,q85_t817
72986,q77_t817
72986,q77_t818
72987,q77_t818
72987,q77_t819
72988,q77_t819
72988,q77_t820
72988,q86_t819
72988,q86_t820
72989,q77_t820
72989,q77_t821
72990,q77_t821
72990,q77_t822
72991,q77_t822
72991,q77_t823
72991,q87_t822
72991,q87_t823
72992,q77_t823
72992,q77_t824
72993,q77_t824
72993,q77_t825
72994,q77_t825
72994,q77_t826
72994,q88_t825
72994,q88_t826
72995,q77_t826
72995,q77_t827
72996,q77_t827
72996,q77_t828
72997,q77_t828
72997,q77_t829
72997,q89_t828
72997,q89_t829
72998,q77_t829
72998,q77_t830
72999,q77_t830
72999,q77_t831
73000,q77_t831
73000,q77_t832
73000,q90_t831
73000,q90_t832
73001,q77_t832
73001,q77_t833
73002,q77_t833
73002,q77_t834
73003,q77_t834
73003,q77_t835
73003,q91_t834
73003,q91_t835
73004,q77_t835
73004,q77_t836
73005,q77_t836
73005,q77_t837
73006,q77_t837
73006,q77_t838
73006,q92_t837
73006,q92_t838
73007,q77_t838
73007,q77_t839
73008,q77_t839
73008,q77_t840
73009,q77_t840
73009,q77_t841
73009,q93_t840
73009,q93_t841
73010,q77_t841
73010,q77_t842
73011,q77_t842
73011,q77_t843
73012,q77_t843
73012,q77_t844
73012,q94_t843
73012,q94_t844
73013,q77_t844
73013,q77_t845
73014,q77_t845
73014,q77_t846
73015,q77_t846
73015,q77_t847
73015,q95_t846
73015,q95_t847
73016,q77_t847
73016,q77_t848
73017,q77_t848
73017,q77_t849
73018,q77_t849
73018,q77_t850
73018,q96_t849
73018,q96_t850
73019,q77_t850
73019,q77_t851
73020,q77_t851
73020,q77_t852
73021,q77_t852
73021,q77_t853
73021,q97_t852
73021,q97_t853
73022,q77_t853
73022,q77_t854
73023,q77_t854
73023,q77_t855
73024,q77_t855
73024,q77_t856
73024,q98_t855
73024,q98_t856
73025,q77_t856
73025,q77_t857
73026,q77_t857
73026,q77_t858
73027,q77_t858
73027,q77_t859
73027,q99_t858
73027,q99_t859
73028,q77_t859
73028,q77_t860
73029,q77_t860
73029,q77_t861
73030,q77_t862
73030,q77_t863
73031,q77_t863
73031,q77_t864
73032,q77_t865
73032,q77_t866
73033,q77_t866
73033,q77_t867
73034,q77_t868
73034,q77_t869
73035,q77_t869
73035,q77_t870
73036,q77_t871
73036,q77_t872
73037,q77_t872
73037,q77_t873
73038,q77_t874
73038,q77_t875
73039,q77_t875
73039,q77_t876
73040,q77_t877
73040,q77_t878
73041,q77_t878
73041,q77_t879
73042,q77_t880
73042,q77_t881
73043,q77_t881
73043,q77_t882
73044,q77_t883
73044,q77_t884
73045,q77_t884
73045,q77_t885
73046,q77_t886
73046,q77_t887
73047,q77_t887
73047,q77_t888
73048,q77_t889
73048,q77_t890
73049,q77_t890
73049,q77_t891
73050,q77_t891
73050,q77_t892
73051,q77_t893
73051,q77_t894
73052,q77_t894
73052,q77_t895
73053,q77_t896
73053,q77_t897
73054,q77_t897
73054,q77_t898
73055,q77_t899
73055,q77_t900
73056,q77_t900
73056,q77_t901
73057,q77_t902
73057,q77_t903
73058,q77_t903
73058,q77_t904
73059,q77_t905
73059,q77_t906
73060,q77_t906
73060,q77_t907
73061,q77_t908
73061,q77_t909
73062,q77_t909
73062,q77_t910
73063,q77_t911
73063,q77_t912
73064,q77_t912
73064,q77_t913
73065,q77_t913
73065,q77_t914
73065,q7_t913
73065,q7_t914
73066,q77_t914
73066,q77_t915
73067,q77_t915
73067,q77_t916
73068,q77_t916
73068,q77_t917
73068,q8_t916
73068,q8_t917
73069,q77_t917
73069,q77_t918
73070,q77_t918
73070,q77_t919
73071,q77_t919
73071,q77_t920
73071,q9_t919
73071,q9_t920
73072,q77_t920
73072,q77_t921
73073,q77_t921
73073,q77_t922
73074,q77_t923
73074,q77_t924
73075,q77_t924
73075,q77_t925
73076,q77_t926
73076,q77_t927
73077,q77_t927
73077,q77_t928
73078,q77_t929
73078,q77_t930
73079,q77_t930
73079,q77_t931
73080,q77_t932
73080,q77_t933
73081,q77_t933
73081,q77_t934
73082,q77_t935
73082,q77_t936
73083,q77_t936
73083,q77_t937
73084,q77_t938
73084,q77_t939
73085,q77_t939
73085,q77_t940
73086,q77_t941
73086,q77_t942
73087,q77_t942
73087,q77_t943
73088,q77_t944
73088,q77_t945
73089,q77_t945
73089,q77_t946
73090,q77_t947
73090,q77_t948
73091,q77_t948
73091,q77_t949
73092,q77_t950
73092,q77_t951
73093,q77_t951
73093,q77_t952
73094,q77_t953
73094,q77_t954
73095,q77_t954
73095,q77_t955
73096,q77_t956
73096,q77_t957
73097,q77_t957
73097,q77_t958
73098,q77_t959
73098,q77_t960
73099,q77_t960
73099,q77_t961
73100,q77_t962
73100,q77_t963
73101,q77_t963
73101,q77_t964
73102,q77_t965
73102,q77_t966
73103,q77_t966
73103,q77_t967
73104,q77_t968
73104,q77_t969
73105,q77_t969
73105,q77_t970
73106,q77_t971
73106,q77_t972
73107,q77_t972
73107,q77_t973
73108,q77_t974
73108,q77_t975
73109,q77_t975
73109,q77_t976
73110,q77_t977
73110,q77_t978
73111,q77_t978
73111,q77_t979
73112,q77_t980
73112,q77_t981
73113,q77_t981
73113,q77_t982
73114,q77_t983
73114,q77_t984
73115,q77_t984
73115,q77_t985
73116,q77_t986
73116,q77_t987
73117,q77_t987
73117,q77_t988
73118,q77_t989
73118,q77_t990
73119,q77_t990
73119,q77_t991
73120,q77_t992
73120,q77_t993
73121,q77_t993
73121,q77_t994
73122,q77_t995
73122,q77_t996
73123,q77_t996
73123,q77_t997
73124,q77_t998
73124,q77_t999
73125,q78_t0
73125,q78_t1
73126,q78_t1
73126,q78_t233
73127,q78_t1000
73127,q78_t999
73128,q78_t1001
73128,q78_t1002
73129,q78_t1002
73129,q78_t1003
73130,q78_t1004
73130,q78_t1005
73131,q78_t1005
73131,q78_t1006
73132,q78_t1007
73132,q78_t1008
73133,q78_t1008
73133,q78_t1009
73134,q78_t1010
73134,q78_t1011
73135,q78_t1011
73135,q78_t1012
73136,q78_t1013
73136,q78_t1014
73137,q78_t1014
73137,q78_t1015
73138,q78_t1016
73138,q78_t1017
73139,q78_t1017
73139,q78_t1018
73140,q78_t1019
73140,q78_t1020
73141,q78_t1020
73141,q78_t1021
73142,q78_t1022
73142,q78_t1023
73143,q78_t1023
73143,q78_t1024
73144,q78_t1025
73144,q78_t1026
73145,q78_t1026
73145,q78_t1027
73146,q78_t1028
73146,q78_t1029
73147,q78_t1029
73147,q78_t1030
73148,q78_t1031
73148,q78_t1032
73149,q78_t1032
73149,q78_t1033
73150,q78_t1034
73150,q78_t1035
73151,q78_t1035
73151,q78_t1036
73152,q78_t1037
73152,q78_t1038
73153,q78_t1038
73153,q78_t1039
73154,q78_t1040
73154,q78_t1041
73155,q78_t1041
73155,q78_t1042
73156,q78_t1043
73156,q78_t1044
73157,q78_t1044
73157,q78_t1045
73158,q78_t1046
73158,q78_t1047
73159,q78_t1047
73159,q78_t1048
73160,q78_t1049
73160,q78_t1050
73161,q78_t1050
73161,q78_t1051
73162,q78_t1052
73162,q78_t1053
73163,q78_t1053
73163,q78_t1054
73164,q78_t1055
73164,q78_t1056
73165,q78_t1056
73165,q78_t1057
73166,q78_t1058
73166,q78_t1059
73167,q78_t1059
73167,q78_t1060
73168,q78_t1061
73168,q78_t1062
73169,q78_t1062
73169,q78_t1063
73170,q78_t1064
73170,q78_t1065
73171,q78_t1065
73171,q78_t1066
73172,q78_t1067
73172,q78_t1068
73173,q78_t1068
73173,q78_t1069
73174,q78_t1070
73174,q78_t1071
73175,q78_t1071
73175,q78_t1072
73176,q78_t1073
73176,q78_t1074
73177,q78_t1074
73177,q78_t1075
73178,q78_t1076
73178,q78_t1077
73179,q78_t1077
73179,q78_t1078
73180,q78_t1079
73180,q78_t1080
73181,q78_t1080
73181,q78_t1081
73182,q78_t1082
73182,q78_t1083
73183,q78_t1083
73183,q78_t1084
73184,q78_t1085
73184,q78_t1086
73185,q78_t1086
73185,q78_t1087
73186,q78_t1088
73186,q78_t1089
73187,q78_t1089
73187,q78_t1090
73188,q78_t1091
73188,q78_t1092
73189,q78_t1092
73189,q78_t1093
73190,q78_t1094
73190,q78_t1095
73191,q78_t1095
73191,q78_t1096
73192,q78_t1097
73192,q78_t1098
73193,q78_t1098
73193,q78_t1099
73194,q78_t1100
73194,q78_t1101
73195,q78_t1101
73195,q78_t1102
73196,q78_t1103
73196,q78_t1104
73197,q78_t1104
73197,q78_t1105
73198,q78_t1106
73198,q78_t1107
73199,q78_t1107
73199,q78_t1108
73200,q78_t1109
73200,q78_t1110
73201,q78_t1110
73201,q78_t1111
73202,q78_t1112
73202,q78_t1113
73203,q78_t1113
73203,q78_t1114
73204,q78_t1115
73204,q78_t1116
73205,q78_t1116
73205,q78_t1117
73206,q78_t1118
73206,q78_t1119
73207,q78_t1119
73207,q78_t1120
73208,q78_t1121
73208,q78_t1122
73209,q78_t1122
73209,q78_t1123
73210,q78_t1124
73210,q78_t1125
73211,q78_t1125
73211,q78_t1126
73212,q78_t1127
73212,q78_t1128
73213,q78_t1128
73213,q78_t1132
73214,q78_t1132
73214,q78_t1133
73214,q79_t1132
73214,q79_t1133
73215,q78_t1133
73215,q78_t1134
73216,q78_t1134
73216,q78_t1135
73217,q78_t1135
73217,q78_t1136
73217,q80_t1135
73217,q80_t1136
73218,q78_t1136
73218,q78_t1137
73219,q78_t1137
73219,q78_t1138
73220,q78_t1138
73220,q78_t1139
73220,q81_t1138
73220,q81_t1139
73221,q78_t1139
73221,q78_t1140
73222,q78_t1140
73222,q78_t1141
73223,q78_t1141
73223,q78_t1142
73223,q82_t1141
73223,q82_t1142
73224,q78_t1142
73224,q78_t1143
73225,q78_t1143
73225,q78_t1144
73226,q78_t1144
73226,q78_t1145
73226,q83_t1144
73226,q83_t1145
73227,q78_t1145
73227,q78_t1146
73228,q78_t1146
73228,q78_t1147
73229,q78_t1147
73229,q78_t1148
73229,q84_t1147
73229,q84_t1148
73230,q78_t1148
73230,q78_t1149
73231,q78_t1149
73231,q78_t1150
73232,q78_t1150
73232,q78_t1151
73232,q85_t1150
73232,q85_t1151
73233,q78_t1151
73233,q78_t1152
73234,q78_t1152
73234,q78_t1153
73235,q78_t1153
73235,q78_t1154
73235,q86_t1153
73235,q86_t1154
73236,q78_t1154
73236,q78_t1155
73237,q78_t1155
73237,q78_t1156
73238,q78_t1156
73238,q78_t1157
73238,q87_t1156
73238,q87_t1157
73239,q78_t1157
73239,q78_t1158
73240,q78_t1158
73240,q78_t1159
73241,q78_t1159
73241,q78_t1160
73241,q88_t1159
73241,q88_t1160
73242,q78_t1160
73242,q78_t1161
73243,q78_t1161
73243,q78_t1162
73244,q78_t1162
73244,q78_t1163
73244,q89_t1162
73244,q89_t1163
73245,q78_t1163
73245,q78_t1164
73246,q78_t1164
73246,q78_t1165
73247,q78_t1165
73247,q78_t1166
73247,q90_t1165
73247,q90_t1166
73248,q78_t1166
73248,q78_t1167
73249,q78_t1167
73249,q78_t1168
73250,q78_t1168
73250,q78_t1169
73250,q91_t1168
73250,q91_t1169
73251,q78_t1169
73251,q78_t1170
73252,q78_t1170
73252,q78_t1171
73253,q78_t1171
73253,q78_t1172
73253,q92_t1171
73253,q92_t1172
73254,q78_t1172
73254,q78_t1173
73255,q78_t1173
73255,q78_t1174
73256,q78_t1174
73256,q78_t1175
73256,q93_t1174
73256,q93_t1175
73257,q78_t1175
73257,q78_t1176
73258,q78_t1176
73258,q78_t1177
73259,q78_t1177
73259,q78_t1178
73259,q94_t1177
73259,q94_t1178
73260,q78_t1178
73260,q78_t1179
73261,q78_t1179
73261,q78_t1180
73262,q78_t1180
73262,q78_t1181
73262,q95_t1180
73262,q95_t1181
73263,q78_t1181
73263,q78_t1182
73264,q78_t1182
73264,q78_t1183
73265,q78_t1183
73265,q78_t1184
73265,q96_t1183
73265,q96_t1184
73266,q78_t1184
73266,q78_t1185
73267,q78_t1185
73267,q78_t1186
73268,q78_t1186
73268,q78_t1187
73268,q97_t1186
73268,q97_t1187
73269,q78_t1187
73269,q78_t1188
73270,q78_t1188
73270,q78_t1189
73271,q78_t1189
73271,q78_t1190
73271,q98_t1189
73271,q98_t1190
73272,q78_t1190
73272,q78_t1191
73273,q78_t1191
73273,q78_t1192
73274,q78_t1192
73274,q78_t1193
73274,q99_t1192
73274,q99_t1193
73275,q78_t1193
73275,q78_t1194
73276,q78_t1194
73276,q78_t1195
73277,q78_t1196
73277,q78_t1197
73278,q78_t1197
73278,q78_t1198
73279,q78_t1199
73279,q78_t1200
73280,q78_t1200
73280,q78_t1201
73281,q78_t1202
73281,q78_t1203
73282,q78_t1203
73282,q78_t1204
73283,q78_t1205
73283,q78_t1206
73284,q78_t1206
73284,q78_t1207
73285,q78_t1208
73285,q78_t1209
73286,q78_t1209
73286,q78_t1210
73287,q78_t1211
73287,q78_t1212
73288,q78_t1212
73288,q78_t1213
73289,q78_t1214
73289,q78_t1215
73290,q78_t1215
73290,q78_t1216
73291,q78_t1217
73291,q78_t1218
73292,q78_t1218
73292,q78_t1219
73293,q78_t1220
73293,q78_t1221
73294,q78_t1221
73294,q78_t1222
73295,q78_t1223
73295,q78_t1224
73296,q78_t1224
73296,q78_t1225
73297,q78_t234
73297,q78_t235
73298,q78_t235
73298,q78_t236
73299,q78_t237
73299,q78_t238
73300,q78_t238
73300,q78_t239
73301,q78_t240
73301,q78_t241
73302,q78_t241
73302,q78_t242
73303,q78_t243
73303,q78_t244
73304,q78_t244
73304,q78_t245
73305,q78_t246
73305,q78_t247
73306,q78_t247
73306,q78_t248
73307,q78_t249
73307,q78_t250
73308,q78_t250
73308,q78_t251
73309,q78_t252
73309,q78_t253
73310,q78_t253
73310,q78_t254
73311,q78_t254
73311,q78_t255
73311,q7_t254
73311,q7_t255
73312,q78_t255
73312,q78_t256
73313,q78_t256
73313,q78_t257
73314,q78_t257
73314,q78_t258
73314,q8_t257
73314,q8_t258
73315,q78_t258
73315,q78_t259
73316,q78_t259
73316,q78_t260
73317,q78_t260
73317,q78_t261
73317,q9_t260
73317,q9_t261
73318,q78_t261
73318,q78_t262
73319,q78_t262
73319,q78_t263
73320,q78_t264
73320,q78_t265
73321,q78_t265
73321,q78_t266
73322,q78_t267
73322,q78_t268
73323,q78_t268
73323,q78_t269
73324,q78_t270
73324,q78_t271
73325,q78_t271
73325,q78_t272
73326,q78_t273
73326,q78_t274
73327,q78_t274
73327,q78_t275
73328,q78_t276
73328,q78_t277
73329,q78_t277
73329,q78_t278
73330,q78_t279
73330,q78_t280
73331,q78_t280
73331,q78_t281
73332,q78_t282
73332,q78_t283
73333,q78_t283
73333,q78_t284
73334,q78_t285
73334,q78_t286
73335,q78_t286
73335,q78_t287
73336,q78_t288
73336,q78_t289
73337,q78_t289
73337,q78_t290
73338,q78_t291
73338,q78_t292
73339,q78_t292
73339,q78_t293
73340,q78_t294
73340,q78_t295
73341,q78_t295
73341,q78_t296
73342,q78_t297
73342,q78_t298
73343,q78_t298
73343,q78_t299
73344,q78_t300
73344,q78_t301
73345,q78_t301
73345,q78_t302
73346,q78_t303
73346,q78_t304
73347,q78_t304
73347,q78_t305
73348,q78_t306
73348,q78_t307
73349,q78_t307
73349,q78_t308
73350,q78_t309
73350,q78_t310
73351,q78_t310
73351,q78_t311
73352,q78_t312
73352,q78_t313
73353,q78_t313
73353,q78_t314
73354,q78_t315
73354,q78_t316
73355,q78_t316
73355,q78_t317
73356,q78_t318
73356,q78_t319
73357,q78_t319
73357,q78_t320
73358,q78_t321
73358,q78_t322
73359,q78_t322
73359,q78_t323
73360,q78_t324
73360,q78_t325
73361,q78_t325
73361,q78_t326
73362,q78_t327
73362,q78_t328
73363,q78_t328
73363,q78_t329
73364,q78_t330
73364,q78_t331
73365,q78_t331
73365,q78_t332
73366,q78_t333
73366,q78_t334
73367,q78_t334
73367,q78_t335
73368,q78_t336
73368,q78_t337
73369,q78_t337
73369,q78_t338
73370,q78_t339
73370,q78_t340
73371,q78_t340
73371,q78_t341
73372,q78_t342
73372,q78_t343
73373,q78_t343
73373,q78_t344
73374,q78_t345
73374,q78_t346
73375,q78_t346
73375,q78_t347
73376,q78_t348
73376,q78_t349
73377,q78_t349
73377,q78_t350
73378,q78_t351
73378,q78_t352
73379,q78_t352
73379,q78_t353
73380,q78_t354
73380,q78_t355
73381,q78_t355
73381,q78_t356
73382,q78_t357
73382,q78_t358
73383,q78_t358
73383,q78_t359
73384,q78_t360
73384,q78_t361
73385,q78_t361
73385,q78_t362
73386,q78_t363
73386,q78_t364
73387,q78_t364
73387,q78_t365
73388,q78_t366
73388,q78_t367
73389,q78_t367
73389,q78_t368
73390,q78_t369
73390,q78_t370
73391,q78_t370
73391,q78_t371
73392,q78_t372
73392,q78_t373
73393,q78_t373
73393,q78_t374
73394,q78_t375
73394,q78_t376
73395,q78_t376
73395,q78_t377
73396,q78_t378
73396,q78_t379
73397,q78_t379
73397,q78_t380
73398,q78_t381
73398,q78_t382
73399,q78_t382
73399,q78_t383
73400,q78_t384
73400,q78_t385
73401,q78_t385
73401,q78_t386
73402,q78_t387
73402,q78_t388
73403,q78_t388
73403,q78_t389
73404,q78_t390
73404,q78_t391
73405,q78_t391
73405,q78_t392
73406,q78_t393
73406,q78_t394
73407,q78_t394
73407,q78_t395
73408,q78_t396
73408,q78_t397
73409,q78_t397
73409,q78_t398
73410,q78_t399
73410,q78_t400
73411,q78_t400
73411,q78_t401
73412,q78_t402
73412,q78_t403
73413,q78_t403
73413,q78_t404
73414,q78_t405
73414,q78_t406
73415,q78_t406
73415,q78_t407
73416,q78_t408
73416,q78_t409
73417,q78_t409
73417,q78_t410
73418,q78_t411
73418,q78_t412
73419,q78_t412
73419,q78_t413
73420,q78_t414
73420,q78_t415
73421,q78_t415
73421,q78_t416
73422,q78_t417
73422,q78_t418
73423,q78_t418
73423,q78_t419
73424,q78_t420
73424,q78_t421
73425,q78_t421
73425,q78_t422
73426,q78_t423
73426,q78_t424
73427,q78_t424
73427,q78_t425
73428,q78_t426
73428,q78_t427
73429,q78_t427
73429,q78_t428
73430,q78_t429
73430,q78_t430
73431,q78_t430
73431,q78_t431
73432,q78_t432
73432,q78_t433
73433,q78_t433
73433,q78_t434
73434,q78_t435
73434,q78_t436
73435,q78_t436
73435,q78_t437
73436,q78_t438
73436,q78_t439
73437,q78_t439
73437,q78_t440
73438,q78_t441
73438,q78_t442
73439,q78_t442
73439,q78_t443
73440,q78_t444
73440,q78_t445
73441,q78_t445
73441,q78_t446
73442,q78_t447
73442,q78_t448
73443,q78_t448
73443,q78_t449
73444,q78_t450
73444,q78_t451
73445,q78_t451
73445,q78_t452
73446,q78_t453
73446,q78_t454
73447,q78_t454
73447,q78_t455
73448,q78_t456
73448,q78_t457
73449,q78_t457
73449,q78_t458
73450,q78_t459
73450,q78_t460
73451,q78_t460
73451,q78_t461
73452,q78_t462
73452,q78_t463
73453,q78_t463
73453,q78_t464
73454,q78_t465
73454,q78_t466
73455,q78_t466
73455,q78_t470
73456,q78_t470
73456,q78_t471
73456,q79_t470
73456,q79_t471
73457,q78_t471
73457,q78_t472
73458,q78_t472
73458,q78_t473
73459,q78_t473
73459,q78_t474
73459,q80_t473
73459,q80_t474
73460,q78_t474
73460,q78_t475
73461,q78_t475
73461,q78_t476
73462,q78_t476
73462,q78_t477
73462,q81_t476
73462,q81_t477
73463,q78_t477
73463,q78_t478
73464,q78_t478
73464,q78_t479
73465,q78_t479
73465,q78_t480
73465,q82_t479
73465,q82_t480
73466,q78_t480
73466,q78_t481
73467,q78_t481
73467,q78_t482
73468,q78_t482
73468,q78_t483
73468,q83_t482
73468,q83_t483
73469,q78_t483
73469,q78_t484
73470,q78_t484
73470,q78_t485
73471,q78_t485
73471,q78_t486
73471,q84_t485
73471,q84_t486
73472,q78_t486
73472,q78_t487
73473,q78_t487
73473,q78_t488
73474,q78_t488
73474,q78_t489
73474,q85_t488
73474,q85_t489
73475,q78_t489
73475,q78_t490
73476,q78_t490
73476,q78_t491
73477,q78_t491
73477,q78_t492
73477,q86_t491
73477,q86_t492
73478,q78_t492
73478,q78_t493
73479,q78_t493
73479,q78_t494
73480,q78_t494
73480,q78_t495
73480,q87_t494
73480,q87_t495
73481,q78_t495
73481,q78_t496
73482,q78_t496
73482,q78_t497
73483,q78_t497
73483,q78_t498
73483,q88_t497
73483,q88_t498
73484,q78_t498
73484,q78_t499
73485,q78_t499
73485,q78_t500
73486,q78_t500
73486,q78_t501
73486,q89_t500
73486,q89_t501
73487,q78_t501
73487,q78_t502
73488,q78_t502
73488,q78_t503
73489,q78_t503
73489,q78_t504
73489,q90_t503
73489,q90_t504
73490,q78_t504
73490,q78_t505
73491,q78_t505
73491,q78_t506
73492,q78_t506
73492,q78_t507
73492,q91_t506
73492,q91_t507
73493,q78_t507
73493,q78_t508
73494,q78_t508
73494,q78_t509
73495,q78_t509
73495,q78_t510
73495,q92_t509
73495,q92_t510
73496,q78_t510
73496,q78_t511
73497,q78_t511
73497,q78_t512
73498,q78_t512
73498,q78_t513
73498,q93_t512
73498,q93_t513
73499,q78_t513
73499,q78_t514
73500,q78_t514
73500,q78_t515
73501,q78_t515
73501,q78_t516
73501,q94_t515
73501,q94_t516
73502,q78_t516
73502,q78_t517
73503,q78_t517
73503,q78_t518
73504,q78_t518
73504,q78_t519
73504,q95_t518
73504,q95_t519
73505,q78_t519
73505,q78_t520
73506,q78_t520
73506,q78_t521
73507,q78_t521
73507,q78_t522
73507,q96_t521
73507,q96_t522
73508,q78_t522
73508,q78_t523
73509,q78_t523
73509,q78_t524
73510,q78_t524
73510,q78_t525
73510,q97_t524
73510,q97_t525
73511,q78_t525
73511,q78_t526
73512,q78_t526
73512,q78_t527
73513,q78_t527
73513,q78_t528
73513,q98_t527
73513,q98_t528
73514,q78_t528
73514,q78_t529
73515,q78_t529
73515,q78_t530
73516,q78_t530
73516,q78_t531
73516,q99_t530
73516,q99_t531
73517,q78_t531
73517,q78_t532
73518,q78_t532
73518,q78_t533
73519,q78_t534
73519,q78_t535
73520,q78_t535
73520,q78_t536
73521,q78_t537
73521,q78_t538
73522,q78_t538
73522,q78_t539
73523,q78_t540
73523,q78_t541
73524,q78_t541
73524,q78_t542
73525,q78_t543
73525,q78_t544
73526,q78_t544
73526,q78_t545
73527,q78_t546
73527,q78_t547
73528,q78_t547
73528,q78_t548
73529,q78_t549
73529,q78_t550
73530,q78_t550
73530,q78_t551
73531,q78_t552
73531,q78_t553
73532,q78_t553
73532,q78_t554
73533,q78_t555
73533,q78_t556
73534,q78_t556
73534,q78_t557
73535,q78_t558
73535,q78_t559
73536,q78_t559
73536,q78_t560
73537,q78_t561
73537,q78_t562
73538,q78_t562
73538,q78_t563
73539,q78_t563
73539,q78_t564
73540,q78_t565
73540,q78_t566
73541,q78_t566
73541,q78_t567
73542,q78_t568
73542,q78_t569
73543,q78_t569
73543,q78_t570
73544,q78_t571
73544,q78_t572
73545,q78_t572
73545,q78_t573
73546,q78_t574
73546,q78_t575
73547,q78_t575
73547,q78_t576
73548,q78_t577
73548,q78_t578
73549,q78_t578
73549,q78_t579
73550,q78_t580
73550,q78_t581
73551,q78_t581
73551,q78_t582
73552,q78_t583
73552,q78_t584
73553,q78_t584
73553,q78_t585
73554,q78_t585
73554,q78_t586
73554,q7_t585
73554,q7_t586
73555,q78_t586
73555,q78_t587
73556,q78_t587
73556,q78_t588
73557,q78_t588
73557,q78_t589
73557,q8_t588
73557,q8_t589
73558,q78_t589
73558,q78_t590
73559,q78_t590
73559,q78_t591
73560,q78_t591
73560,q78_t592
73560,q9_t591
73560,q9_t592
73561,q78_t592
73561,q78_t593
73562,q78_t593
73562,q78_t594
73563,q78_t595
73563,q78_t596
73564,q78_t596
73564,q78_t597
73565,q78_t598
73565,q78_t599
73566,q78_t599
73566,q78_t600
73567,q78_t601
73567,q78_t602
73568,q78_t602
73568,q78_t603
73569,q78_t604
73569,q78_t605
73570,q78_t605
73570,q78_t606
73571,q78_t607
73571,q78_t608
73572,q78_t608
73572,q78_t609
73573,q78_t610
73573,q78_t611
73574,q78_t611
73574,q78_t612
73575,q78_t613
73575,q78_t614
73576,q78_t614
73576,q78_t615
73577,q78_t616
73577,q78_t617
73578,q78_t617
73578,q78_t618
73579,q78_t619
73579,q78_t620
73580,q78_t620
73580,q78_t621
73581,q78_t622
73581,q78_t623
73582,q78_t623
73582,q78_t624
73583,q78_t625
73583,q78_t626
73584,q78_t626
73584,q78_t627
73585,q78_t628
73585,q78_t629
73586,q78_t629
73586,q78_t630
73587,q78_t631
73587,q78_t632
73588,q78_t632
73588,q78_t633
73589,q78_t634
73589,q78_t635
73590,q78_t635
73590,q78_t636
73591,q78_t637
73591,q78_t638
73592,q78_t638
73592,q78_t639
73593,q78_t640
73593,q78_t641
73594,q78_t641
73594,q78_t642
73595,q78_t643
73595,q78_t644
73596,q78_t644
73596,q78_t645
73597,q78_t646
73597,q78_t647
73598,q78_t647
73598,q78_t648
73599,q78_t649
73599,q78_t650
73600,q78_t650
73600,q78_t651
73601,q78_t652
73601,q78_t653
73602,q78_t653
73602,q78_t654
73603,q78_t655
73603,q78_t656
73604,q78_t656
73604,q78_t657
73605,q78_t658
73605,q78_t659
73606,q78_t659
73606,q78_t660
73607,q78_t661
73607,q78_t662
73608,q78_t662
73608,q78_t663
73609,q78_t664
73609,q78_t665
73610,q78_t665
73610,q78_t666
73611,q78_t667
73611,q78_t668
73612,q78_t668
73612,q78_t669
73613,q78_t670
73613,q78_t671
73614,q78_t671
73614,q78_t672
73615,q78_t673
73615,q78_t674
73616,q78_t674
73616,q78_t675
73617,q78_t676
73617,q78_t677
73618,q78_t677
73618,q78_t678
73619,q78_t679
73619,q78_t680
73620,q78_t680
73620,q78_t681
73621,q78_t682
73621,q78_t683
73622,q78_t683
73622,q78_t684
73623,q78_t685
73623,q78_t686
73624,q78_t686
73624,q78_t687
73625,q78_t688
73625,q78_t689
73626,q78_t689
73626,q78_t690
73627,q78_t691
73627,q78_t692
73628,q78_t692
73628,q78_t693
73629,q78_t694
73629,q78_t695
73630,q78_t695
73630,q78_t696
73631,q78_t697
73631,q78_t698
73632,q78_t698
73632,q78_t699
73633,q78_t700
73633,q78_t701
73634,q78_t701
73634,q78_t702
73635,q78_t703
73635,q78_t704
73636,q78_t704
73636,q78_t705
73637,q78_t706
73637,q78_t707
73638,q78_t707
73638,q78_t708
73639,q78_t709
73639,q78_t710
73640,q78_t710
73640,q78_t711
73641,q78_t712
73641,q78_t713
73642,q78_t713
73642,q78_t714
73643,q78_t715
73643,q78_t716
73644,q78_t716
73644,q78_t717
73645,q78_t718
73645,q78_t719
73646,q78_t719
73646,q78_t720
73647,q78_t721
73647,q78_t722
73648,q78_t722
73648,q78_t723
73649,q78_t724
73649,q78_t725
73650,q78_t725
73650,q78_t726
73651,q78_t727
73651,q78_t728
73652,q78_t728
73652,q78_t729
73653,q78_t730
73653,q78_t731
73654,q78_t731
73654,q78_t732
73655,q78_t733
73655,q78_t734
73656,q78_t734
73656,q78_t735
73657,q78_t736
73657,q78_t737
73658,q78_t737
73658,q78_t738
73659,q78_t739
73659,q78_t740
73660,q78_t740
73660,q78_t741
73661,q78_t742
73661,q78_t743
73662,q78_t743
73662,q78_t744
73663,q78_t745
73663,q78_t746
73664,q78_t746
73664,q78_t747
73665,q78_t748
73665,q78_t749
73666,q78_t749
73666,q78_t750
73667,q78_t751
73667,q78_t752
73668,q78_t752
73668,q78_t753
73669,q78_t754
73669,q78_t755
73670,q78_t755
73670,q78_t756
73671,q78_t757
73671,q78_t758
73672,q78_t758
73672,q78_t759
73673,q78_t760
73673,q78_t761
73674,q78_t761
73674,q78_t762
73675,q78_t763
73675,q78_t764
73676,q78_t764
73676,q78_t765
73677,q78_t766
73677,q78_t767
73678,q78_t767
73678,q78_t768
73679,q78_t769
73679,q78_t770
73680,q78_t770
73680,q78_t771
73681,q78_t772
73681,q78_t773
73682,q78_t773
73682,q78_t774
73683,q78_t775
73683,q78_t776
73684,q78_t776
73684,q78_t777
73685,q78_t778
73685,q78_t779
73686,q78_t779
73686,q78_t780
73687,q78_t781
73687,q78_t782
73688,q78_t782
73688,q78_t783
73689,q78_t784
73689,q78_t785
73690,q78_t785
73690,q78_t786
73691,q78_t787
73691,q78_t788
73692,q78_t788
73692,q78_t789
73693,q78_t790
73693,q78_t791
73694,q78_t791
73694,q78_t792
73695,q78_t793
73695,q78_t794
73696,q78_t794
73696,q78_t795
73697,q78_t796
73697,q78_t797
73698,q78_t797
73698,q78_t801
73699,q78_t801
73699,q78_t802
73699,q79_t801
73699,q79_t802
73700,q78_t802
73700,q78_t803
73701,q78_t803
73701,q78_t804
73702,q78_t804
73702,q78_t805
73702,q80_t804
73702,q80_t805
73703,q78_t805
73703,q78_t806
73704,q78_t806
73704,q78_t807
73705,q78_t807
73705,q78_t808
73705,q81_t807
73705,q81_t808
73706,q78_t808
73706,q78_t809
73707,q78_t809
73707,q78_t810
73708,q78_t810
73708,q78_t811
73708,q82_t810
73708,q82_t811
73709,q78_t811
73709,q78_t812
73710,q78_t812
73710,q78_t813
73711,q78_t813
73711,q78_t814
73711,q83_t813
73711,q83_t814
73712,q78_t814
73712,q78_t815
73713,q78_t815
73713,q78_t816
73714,q78_t816
73714,q78_t817
73714,q84_t816
73714,q84_t817
73715,q78_t817
73715,q78_t818
73716,q78_t818
73716,q78_t819
73717,q78_t819
73717,q78_t820
73717,q85_t819
73717,q85_t820
73718,q78_t820
73718,q78_t821
73719,q78_t821
73719,q78_t822
73720,q78_t822
73720,q78_t823
73720,q86_t822
73720,q86_t823
73721,q78_t823
73721,q78_t824
73722,q78_t824
73722,q78_t825
73723,q78_t825
73723,q78_t826
73723,q87_t825
73723,q87_t826
73724,q78_t826
73724,q78_t827
73725,q78_t827
73725,q78_t828
73726,q78_t828
73726,q78_t829
73726,q88_t828
73726,q88_t829
73727,q78_t829
73727,q78_t830
73728,q78_t830
73728,q78_t831
73729,q78_t831
73729,q78_t832
73729,q89_t831
73729,q89_t832
73730,q78_t832
73730,q78_t833
73731,q78_t833
73731,q78_t834
73732,q78_t834
73732,q78_t835
73732,q90_t834
73732,q90_t835
73733,q78_t835
73733,q78_t836
73734,q78_t836
73734,q78_t837
73735,q78_t837
73735,q78_t838
73735,q91_t837
73735,q91_t838
73736,q78_t838
73736,q78_t839
73737,q78_t839
73737,q78_t840
73738,q78_t840
73738,q78_t841
73738,q92_t840
73738,q92_t841
73739,q78_t841
73739,q78_t842
73740,q78_t842
73740,q78_t843
73741,q78_t843
73741,q78_t844
73741,q93_t843
73741,q93_t844
73742,q78_t844
73742,q78_t845
73743,q78_t845
73743,q78_t846
73744,q78_t846
73744,q78_t847
73744,q94_t846
73744,q94_t847
73745,q78_t847
73745,q78_t848
73746,q78_t848
73746,q78_t849
73747,q78_t849
73747,q78_t850
73747,q95_t849
73747,q95_t850
73748,q78_t850
73748,q78_t851
73749,q78_t851
73749,q78_t852
73750,q78_t852
73750,q78_t853
73750,q96_t852
73750,q96_t853
73751,q78_t853
73751,q78_t854
73752,q78_t854
73752,q78_t855
73753,q78_t855
73753,q78_t856
73753,q97_t855
73753,q97_t856
73754,q78_t856
73754,q78_t857
73755,q78_t857
73755,q78_t858
73756,q78_t858
73756,q78_t859
73756,q98_t858
73756,q98_t859
73757,q78_t859
73757,q78_t860
73758,q78_t860
73758,q78_t861
73759,q78_t861
73759,q78_t862
73759,q99_t861
73759,q99_t862
73760,q78_t862
73760,q78_t863
73761,q78_t863
73761,q78_t864
73762,q78_t865
73762,q78_t866
73763,q78_t866
73763,q78_t867
73764,q78_t868
73764,q78_t869
73765,q78_t869
73765,q78_t870
73766,q78_t871
73766,q78_t872
73767,q78_t872
73767,q78_t873
73768,q78_t874
73768,q78_t875
73769,q78_t875
73769,q78_t876
73770,q78_t877
73770,q78_t878
73771,q78_t878
73771,q78_t879
73772,q78_t880
73772,q78_t881
73773,q78_t881
73773,q78_t882
73774,q78_t883
73774,q78_t884
73775,q78_t884
73775,q78_t885
73776,q78_t886
73776,q78_t887
73777,q78_t887
73777,q78_t888
73778,q78_t889
73778,q78_t890
73779,q78_t890
73779,q78_t891
73780,q78_t892
73780,q78_t893
73781,q78_t893
73781,q78_t894
73782,q78_t894
73782,q78_t895
73783,q78_t896
73783,q78_t897
73784,q78_t897
73784,q78_t898
73785,q78_t899
73785,q78_t900
73786,q78_t900
73786,q78_t901
73787,q78_t902
73787,q78_t903
73788,q78_t903
73788,q78_t904
73789,q78_t905
73789,q78_t906
73790,q78_t906
73790,q78_t907
73791,q78_t908
73791,q78_t909
73792,q78_t909
73792,q78_t910
73793,q78_t911
73793,q78_t912
73794,q78_t912
73794,q78_t913
73795,q78_t914
73795,q78_t915
73796,q78_t915
73796,q78_t916
73797,q78_t916
73797,q78_t917
73797,q7_t916
73797,q7_t917
73798,q78_t917
73798,q78_t918
73799,q78_t918
73799,q78_t919
73800,q78_t919
73800,q78_t920
73800,q8_t919
73800,q8_t920
73801,q78_t920
73801,q78_t921
73802,q78_t921
73802,q78_t922
73803,q78_t922
73803,q78_t923
73803,q9_t922
73803,q9_t923
73804,q78_t923
73804,q78_t924
73805,q78_t924
73805,q78_t925
73806,q78_t926
73806,q78_t927
73807,q78_t927
73807,q78_t928
73808,q78_t929
73808,q78_t930
73809,q78_t930
73809,q78_t931
73810,q78_t932
73810,q78_t933
73811,q78_t933
73811,q78_t934
73812,q78_t935
73812,q78_t936
73813,q78_t936
73813,q78_t937
73814,q78_t938
73814,q78_t939
73815,q78_t939
73815,q78_t940
73816,q78_t941
73816,q78_t942
73817,q78_t942
73817,q78_t943
73818,q78_t944
73818,q78_t945
73819,q78_t945
73819,q78_t946
73820,q78_t947
73820,q78_t948
73821,q78_t948
73821,q78_t949
73822,q78_t950
73822,q78_t951
73823,q78_t951
73823,q78_t952
73824,q78_t953
73824,q78_t954
73825,q78_t954
73825,q78_t955
73826,q78_t956
73826,q78_t957
73827,q78_t957
73827,q78_t958
73828,q78_t959
73828,q78_t960
73829,q78_t960
73829,q78_t961
73830,q78_t962
73830,q78_t963
73831,q78_t963
73831,q78_t964
73832,q78_t965
73832,q78_t966
73833,q78_t966
73833,q78_t967
73834,q78_t968
73834,q78_t969
73835,q78_t969
73835,q78_t970
73836,q78_t971
73836,q78_t972
73837,q78_t972
73837,q78_t973
73838,q78_t974
73838,q78_t975
73839,q78_t975
73839,q78_t976
73840,q78_t977
73840,q78_t978
73841,q78_t978
73841,q78_t979
73842,q78_t980
73842,q78_t981
73843,q78_t981
73843,q78_t982
73844,q78_t983
73844,q78_t984
73845,q78_t984
73845,q78_t985
73846,q78_t986
73846,q78_t987
73847,q78_t987
73847,q78_t988
73848,q78_t989
73848,q78_t990
73849,q78_t990
73849,q78_t991
73850,q78_t992
73850,q78_t993
73851,q78_t993
73851,q78_t994
73852,q78_t995
73852,q78_t996
73853,q78_t996
73853,q78_t997
73854,q78_t998
73854,q78_t999
73855,q79_t0
73855,q79_t1
73856,q79_t1
73856,q79_t236
73857,q79_t1000
73857,q79_t999
73858,q79_t1001
73858,q79_t1002
73859,q79_t1002
73859,q79_t1003
73860,q79_t1004
73860,q79_t1005
73861,q79_t1005
73861,q79_t1006
73862,q79_t1007
73862,q79_t1008
73863,q79_t1008
73863,q79_t1009
73864,q79_t1010
73864,q79_t1011
73865,q79_t1011
73865,q79_t1012
73866,q79_t1013
73866,q79_t1014
73867,q79_t1014
73867,q79_t1015
73868,q79_t1016
73868,q79_t1017
73869,q79_t1017
73869,q79_t1018
73870,q79_t1019
73870,q79_t1020
73871,q79_t1020
73871,q79_t1021
73872,q79_t1022
73872,q79_t1023
73873,q79_t1023
73873,q79_t1024
73874,q79_t1025
73874,q79_t1026
73875,q79_t1026
73875,q79_t1027
73876,q79_t1028
73876,q79_t1029
73877,q79_t1029
73877,q79_t1030
73878,q79_t1031
73878,q79_t1032
73879,q79_t1032
73879,q79_t1033
73880,q79_t1034
73880,q79_t1035
73881,q79_t1035
73881,q79_t1036
73882,q79_t1037
73882,q79_t1038
73883,q79_t1038
73883,q79_t1039
73884,q79_t1040
73884,q79_t1041
73885,q79_t1041
73885,q79_t1042
73886,q79_t1043
73886,q79_t1044
73887,q79_t1044
73887,q79_t1045
73888,q79_t1046
73888,q79_t1047
73889,q79_t1047
73889,q79_t1048
73890,q79_t1049
73890,q79_t1050
73891,q79_t1050
73891,q79_t1051
73892,q79_t1052
73892,q79_t1053
73893,q79_t1053
73893,q79_t1054
73894,q79_t1055
73894,q79_t1056
73895,q79_t1056
73895,q79_t1057
73896,q79_t1058
73896,q79_t1059
73897,q79_t1059
73897,q79_t1060
73898,q79_t1061
73898,q79_t1062
73899,q79_t1062
73899,q79_t1063
73900,q79_t1064
73900,q79_t1065
73901,q79_t1065
73901,q79_t1066
73902,q79_t1067
73902,q79_t1068
73903,q79_t1068
73903,q79_t1069
73904,q79_t1070
73904,q79_t1071
73905,q79_t1071
73905,q79_t1072
73906,q79_t1073
73906,q79_t1074
73907,q79_t1074
73907,q79_t1075
73908,q79_t1076
73908,q79_t1077
73909,q79_t1077
73909,q79_t1078
73910,q79_t1079
73910,q79_t1080
73911,q79_t1080
73911,q79_t1081
73912,q79_t1082
73912,q79_t1083
73913,q79_t1083
73913,q79_t1084
73914,q79_t1085
73914,q79_t1086
73915,q79_t1086
73915,q79_t1087
73916,q79_t1088
73916,q79_t1089
73917,q79_t1089
73917,q79_t1090
73918,q79_t1091
73918,q79_t1092
73919,q79_t1092
73919,q79_t1093
73920,q79_t1094
73920,q79_t1095
73921,q79_t1095
73921,q79_t1096
73922,q79_t1097
73922,q79_t1098
73923,q79_t1098
73923,q79_t1099
73924,q79_t1100
73924,q79_t1101
73925,q79_t1101
73925,q79_t1102
73926,q79_t1103
73926,q79_t1104
73927,q79_t1104
73927,q79_t1105
73928,q79_t1106
73928,q79_t1107
73929,q79_t1107
73929,q79_t1108
73930,q79_t1109
73930,q79_t1110
73931,q79_t1110
73931,q79_t1111
73932,q79_t1112
73932,q79_t1113
73933,q79_t1113
73933,q79_t1114
73934,q79_t1115
73934,q79_t1116
73935,q79_t1116
73935,q79_t1117
73936,q79_t1118
73936,q79_t1119
73937,q79_t1119
73937,q79_t1120
73938,q79_t1121
73938,q79_t1122
73939,q79_t1122
73939,q79_t1123
73940,q79_t1124
73940,q79_t1125
73941,q79_t1125
73941,q79_t1126
73942,q79_t1127
73942,q79_t1128
73943,q79_t1128
73943,q79_t1129
73944,q79_t1130
73944,q79_t1131
73945,q79_t1131
73945,q79_t1132
73946,q79_t1133
73946,q79_t1134
73947,q79_t1134
73947,q79_t1138
73948,q79_t1138
73948,q79_t1139
73948,q80_t1138
73948,q80_t1139
73949,q79_t1139
73949,q79_t1140
73950,q79_t1140
73950,q79_t1141
73951,q79_t1141
73951,q79_t1142
73951,q81_t1141
73951,q81_t1142
73952,q79_t1142
73952,q79_t1143
73953,q79_t1143
73953,q79_t1144
73954,q79_t1144
73954,q79_t1145
73954,q82_t1144
73954,q82_t1145
73955,q79_t1145
73955,q79_t1146
73956,q79_t1146
73956,q79_t1147
73957,q79_t1147
73957,q79_t1148
73957,q83_t1147
73957,q83_t1148
73958,q79_t1148
73958,q79_t1149
73959,q79_t1149
73959,q79_t1150
73960,q79_t1150
73960,q79_t1151
73960,q84_t1150
73960,q84_t1151
73961,q79_t1151
73961,q79_t1152
73962,q79_t1152
73962,q79_t1153
73963,q79_t1153
73963,q79_t1154
73963,q85_t1153
73963,q85_t1154
73964,q79_t1154
73964,q79_t1155
73965,q79_t1155
73965,q79_t1156
73966,q79_t1156
73966,q79_t1157
73966,q86_t1156
73966,q86_t1157
73967,q79_t1157
73967,q79_t1158
73968,q79_t1158
73968,q79_t1159
73969,q79_t1159
73969,q79_t1160
73969,q87_t1159
73969,q87_t1160
73970,q79_t1160
73970,q79_t1161
73971,q79_t1161
73971,q79_t1162
73972,q79_t1162
73972,q79_t1163
73972,q88_t1162
73972,q88_t1163
73973,q79_t1163
73973,q79_t1164
73974,q79_t1164
73974,q79_t1165
73975,q79_t1165
73975,q79_t1166
73975,q89_t1165
73975,q89_t1166
73976,q79_t1166
73976,q79_t1167
73977,q79_t1167
73977,q79_t1168
73978,q79_t1168
73978,q79_t1169
73978,q90_t1168
73978,q90_t1169
73979,q79_t1169
73979,q79_t1170
73980,q79_t1170
73980,q79_t1171
73981,q79_t1171
73981,q79_t1172
73981,q91_t1171
73981,q91_t1172
73982,q79_t1172
73982,q79_t1173
73983,q79_t1173
73983,q79_t1174
73984,q79_t1174
73984,q79_t1175
73984,q92_t1174
73984,q92_t1175
73985,q79_t1175
73985,q79_t1176
73986,q79_t1176
73986,q79_t1177
73987,q79_t1177
73987,q79_t1178
73987,q93_t1177
73987,q93_t1178
73988,q79_t1178
73988,q79_t1179
73989,q79_t1179
73989,q79_t1180
73990,q79_t1180
73990,q79_t1181
73990,q94_t1180
73990,q94_t1181
73991,q79_t1181
73991,q79_t1182
73992,q79_t1182
73992,q79_t1183
73993,q79_t1183
73993,q79_t1184
73993,q95_t1183
73993,q95_t1184
73994,q79_t1184
73994,q79_t1185
73995,q79_t1185
73995,q79_t1186
73996,q79_t1186
73996,q79_t1187
73996,q96_t1186
73996,q96_t1187
73997,q79_t1187
73997,q79_t1188
73998,q79_t1188
73998,q79_t1189
73999,q79_t1189
73999,q79_t1190
73999,q97_t1189
73999,q97_t1190
74000,q79_t1190
74000,q79_t1191
74001,q79_t1191
74001,q79_t1192
74002,q79_t1192
74002,q79_t1193
74002,q98_t1192
74002,q98_t1193
74003,q79_t1193
74003,q79_t1194
74004,q79_t1194
74004,q79_t1195
74005,q79_t1195
74005,q79_t1196
74005,q99_t1195
74005,q99_t1196
74006,q79_t1196
74006,q79_t1197
74007,q79_t1197
74007,q79_t1198
74008,q79_t1199
74008,q79_t1200
74009,q79_t1200
74009,q79_t1201
74010,q79_t1202
74010,q79_t1203
74011,q79_t1203
74011,q79_t1204
74012,q79_t1205
74012,q79_t1206
74013,q79_t1206
74013,q79_t1207
74014,q79_t1208
74014,q79_t1209
74015,q79_t1209
74015,q79_t1210
74016,q79_t1211
74016,q79_t1212
74017,q79_t1212
74017,q79_t1213
74018,q79_t1214
74018,q79_t1215
74019,q79_t1215
74019,q79_t1216
74020,q79_t1217
74020,q79_t1218
74021,q79_t1218
74021,q79_t1219
74022,q79_t1220
74022,q79_t1221
74023,q79_t1221
74023,q79_t1222
74024,q79_t1223
74024,q79_t1224
74025,q79_t1224
74025,q79_t1225
74026,q79_t1226
74026,q79_t1227
74027,q79_t1227
74027,q79_t1228
74028,q79_t237
74028,q79_t238
74029,q79_t238
74029,q79_t239
74030,q79_t240
74030,q79_t241
74031,q79_t241
74031,q79_t242
74032,q79_t243
74032,q79_t244
74033,q79_t244
74033,q79_t245
74034,q79_t246
74034,q79_t247
74035,q79_t247
74035,q79_t248
74036,q79_t249
74036,q79_t250
74037,q79_t250
74037,q79_t251
74038,q79_t252
74038,q79_t253
74039,q79_t253
74039,q79_t254
74040,q79_t255
74040,q79_t256
74041,q79_t256
74041,q79_t257
74042,q79_t257
74042,q79_t258
74042,q7_t257
74042,q7_t258
74043,q79_t258
74043,q79_t259
74044,q79_t259
74044,q79_t260
74045,q79_t260
74045,q79_t261
74045,q8_t260
74045,q8_t261
74046,q79_t261
74046,q79_t262
74047,q79_t262
74047,q79_t263
74048,q79_t263
74048,q79_t264
74048,q9_t263
74048,q9_t264
74049,q79_t264
74049,q79_t265
74050,q79_t265
74050,q79_t266
74051,q79_t267
74051,q79_t268
74052,q79_t268
74052,q79_t269
74053,q79_t270
74053,q79_t271
74054,q79_t271
74054,q79_t272
74055,q79_t273
74055,q79_t274
74056,q79_t274
74056,q79_t275
74057,q79_t276
74057,q79_t277
74058,q79_t277
74058,q79_t278
74059,q79_t279
74059,q79_t280
74060,q79_t280
74060,q79_t281
74061,q79_t282
74061,q79_t283
74062,q79_t283
74062,q79_t284
74063,q79_t285
74063,q79_t286
74064,q79_t286
74064,q79_t287
74065,q79_t288
74065,q79_t289
74066,q79_t289
74066,q79_t290
74067,q79_t291
74067,q79_t292
74068,q79_t292
74068,q79_t293
74069,q79_t294
74069,q79_t295
74070,q79_t295
74070,q79_t296
74071,q79_t297
74071,q79_t298
74072,q79_t298
74072,q79_t299
74073,q79_t300
74073,q79_t301
74074,q79_t301
74074,q79_t302
74075,q79_t303
74075,q79_t304
74076,q79_t304
74076,q79_t305
74077,q79_t306
74077,q79_t307
74078,q79_t307
74078,q79_t308
74079,q79_t309
74079,q79_t310
74080,q79_t310
74080,q79_t311
74081,q79_t312
74081,q79_t313
74082,q79_t313
74082,q79_t314
74083,q79_t315
74083,q79_t316
74084,q79_t316
74084,q79_t317
74085,q79_t318
74085,q79_t319
74086,q79_t319
74086,q79_t320
74087,q79_t321
74087,q79_t322
74088,q79_t322
74088,q79_t323
74089,q79_t324
74089,q79_t325
74090,q79_t325
74090,q79_t326
74091,q79_t327
74091,q79_t328
74092,q79_t328
74092,q79_t329
74093,q79_t330
74093,q79_t331
74094,q79_t331
74094,q79_t332
74095,q79_t333
74095,q79_t334
74096,q79_t334
74096,q79_t335
74097,q79_t336
74097,q79_t337
74098,q79_t337
74098,q79_t338
74099,q79_t339
74099,q79_t340
74100,q79_t340
74100,q79_t341
74101,q79_t342
74101,q79_t343
74102,q79_t343
74102,q79_t344
74103,q79_t345
74103,q79_t346
74104,q79_t346
74104,q79_t347
74105,q79_t348
74105,q79_t349
74106,q79_t349
74106,q79_t350
74107,q79_t351
74107,q79_t352
74108,q79_t352
74108,q79_t353
74109,q79_t354
74109,q79_t355
74110,q79_t355
74110,q79_t356
74111,q79_t357
74111,q79_t358
74112,q79_t358
74112,q79_t359
74113,q79_t360
74113,q79_t361
74114,q79_t361
74114,q79_t362
74115,q79_t363
74115,q79_t364
74116,q79_t364
74116,q79_t365
74117,q79_t366
74117,q79_t367
74118,q79_t367
74118,q79_t368
74119,q79_t369
74119,q79_t370
74120,q79_t370
74120,q79_t371
74121,q79_t372
74121,q79_t373
74122,q79_t373
74122,q79_t374
74123,q79_t375
74123,q79_t376
74124,q79_t376
74124,q79_t377
74125,q79_t378
74125,q79_t379
74126,q79_t379
74126,q79_t380
74127,q79_t381
74127,q79_t382
74128,q79_t382
74128,q79_t383
74129,q79_t384
74129,q79_t385
74130,q79_t385
74130,q79_t386
74131,q79_t387
74131,q79_t388
74132,q79_t388
74132,q79_t389
74133,q79_t390
74133,q79_t391
74134,q79_t391
74134,q79_t392
74135,q79_t393
74135,q79_t394
74136,q79_t394
74136,q79_t395
74137,q79_t396
74137,q79_t397
74138,q79_t397
74138,q79_t398
74139,q79_t399
74139,q79_t400
74140,q79_t400
74140,q79_t401
74141,q79_t402
74141,q79_t403
74142,q79_t403
74142,q79_t404
74143,q79_t405
74143,q79_t406
74144,q79_t406
74144,q79_t407
74145,q79_t408
74145,q79_t409
74146,q79_t409
74146,q79_t410
74147,q79_t411
74147,q79_t412
74148,q79_t412
74148,q79_t413
74149,q79_t414
74149,q79_t415
74150,q79_t415
74150,q79_t416
74151,q79_t417
74151,q79_t418
74152,q79_t418
74152,q79_t419
74153,q79_t420
74153,q79_t421
74154,q79_t421
74154,q79_t422
74155,q79_t423
74155,q79_t424
74156,q79_t424
74156,q79_t425
74157,q79_t426
74157,q79_t427
74158,q79_t427
74158,q79_t428
74159,q79_t429
74159,q79_t430
74160,q79_t430
74160,q79_t431
74161,q79_t432
74161,q79_t433
74162,q79_t433
74162,q79_t434
74163,q79_t435
74163,q79_t436
74164,q79_t436
74164,q79_t437
74165,q79_t438
74165,q79_t439
74166,q79_t439
74166,q79_t440
74167,q79_t441
74167,q79_t442
74168,q79_t442
74168,q79_t443
74169,q79_t444
74169,q79_t445
74170,q79_t445
74170,q79_t446
74171,q79_t447
74171,q79_t448
74172,q79_t448
74172,q79_t449
74173,q79_t450
74173,q79_t451
74174,q79_t451
74174,q79_t452
74175,q79_t453
74175,q79_t454
74176,q79_t454
74176,q79_t455
74177,q79_t456
74177,q79_t457
74178,q79_t457
74178,q79_t458
74179,q79_t459
74179,q79_t460
74180,q79_t460
74180,q79_t461
74181,q79_t462
74181,q79_t463
74182,q79_t463
74182,q79_t464
74183,q79_t465
74183,q79_t466
74184,q79_t466
74184,q79_t467
74185,q79_t468
74185,q79_t469
74186,q79_t469
74186,q79_t470
74187,q79_t471
74187,q79_t472
74188,q79_t472
74188,q79_t476
74189,q79_t476
74189,q79_t477
74189,q80_t476
74189,q80_t477
74190,q79_t477
74190,q79_t478
74191,q79_t478
74191,q79_t479
74192,q79_t479
74192,q79_t480
74192,q81_t479
74192,q81_t480
74193,q79_t480
74193,q79_t481
74194,q79_t481
74194,q79_t482
74195,q79_t482
74195,q79_t483
74195,q82_t482
74195,q82_t483
74196,q79_t483
74196,q79_t484
74197,q79_t484
74197,q79_t485
74198,q79_t485
74198,q79_t486
74198,q83_t485
74198,q83_t486
74199,q79_t486
74199,q79_t487
74200,q79_t487
74200,q79_t488
74201,q79_t488
74201,q79_t489
74201,q84_t488
74201,q84_t489
74202,q79_t489
74202,q79_t490
74203,q79_t490
74203,q79_t491
74204,q79_t491
74204,q79_t492
74204,q85_t491
74204,q85_t492
74205,q79_t492
74205,q79_t493
74206,q79_t493
74206,q79_t494
74207,q79_t494
74207,q79_t495
74207,q86_t494
74207,q86_t495
74208,q79_t495
74208,q79_t496
74209,q79_t496
74209,q79_t497
74210,q79_t497
74210,q79_t498
74210,q87_t497
74210,q87_t498
74211,q79_t498
74211,q79_t499
74212,q79_t499
74212,q79_t500
74213,q79_t500
74213,q79_t501
74213,q88_t500
74213,q88_t501
74214,q79_t501
74214,q79_t502
74215,q79_t502
74215,q79_t503
74216,q79_t503
74216,q79_t504
74216,q89_t503
74216,q89_t504
74217,q79_t504
74217,q79_t505
74218,q79_t505
74218,q79_t506
74219,q79_t506
74219,q79_t507
74219,q90_t506
74219,q90_t507
74220,q79_t507
74220,q79_t508
74221,q79_t508
74221,q79_t509
74222,q79_t509
74222,q79_t510
74222,q91_t509
74222,q91_t510
74223,q79_t510
74223,q79_t511
74224,q79_t511
74224,q79_t512
74225,q79_t512
74225,q79_t513
74225,q92_t512
74225,q92_t513
74226,q79_t513
74226,q79_t514
74227,q79_t514
74227,q79_t515
74228,q79_t515
74228,q79_t516
74228,q93_t515
74228,q93_t516
74229,q79_t516
74229,q79_t517
74230,q79_t517
74230,q79_t518
74231,q79_t518
74231,q79_t519
74231,q94_t518
74231,q94_t519
74232,q79_t519
74232,q79_t520
74233,q79_t520
74233,q79_t521
74234,q79_t521
74234,q79_t522
74234,q95_t521
74234,q95_t522
74235,q79_t522
74235,q79_t523
74236,q79_t523
74236,q79_t524
74237,q79_t524
74237,q79_t525
74237,q96_t524
74237,q96_t525
74238,q79_t525
74238,q79_t526
74239,q79_t526
74239,q79_t527
74240,q79_t527
74240,q79_t528
74240,q97_t527
74240,q97_t528
74241,q79_t528
74241,q79_t529
74242,q79_t529
74242,q79_t530
74243,q79_t530
74243,q79_t531
74243,q98_t530
74243,q98_t531
74244,q79_t531
74244,q79_t532
74245,q79_t532
74245,q79_t533
74246,q79_t533
74246,q79_t534
74246,q99_t533
74246,q99_t534
74247,q79_t534
74247,q79_t535
74248,q79_t535
74248,q79_t536
74249,q79_t537
74249,q79_t538
74250,q79_t538
74250,q79_t539
74251,q79_t540
74251,q79_t541
74252,q79_t541
74252,q79_t542
74253,q79_t543
74253,q79_t544
74254,q79_t544
74254,q79_t545
74255,q79_t546
74255,q79_t547
74256,q79_t547
74256,q79_t548
74257,q79_t549
74257,q79_t550
74258,q79_t550
74258,q79_t551
74259,q79_t552
74259,q79_t553
74260,q79_t553
74260,q79_t554
74261,q79_t555
74261,q79_t556
74262,q79_t556
74262,q79_t557
74263,q79_t558
74263,q79_t559
74264,q79_t559
74264,q79_t560
74265,q79_t561
74265,q79_t562
74266,q79_t562
74266,q79_t563
74267,q79_t564
74267,q79_t565
74268,q79_t565
74268,q79_t566
74269,q79_t566
74269,q79_t567
74270,q79_t568
74270,q79_t569
74271,q79_t569
74271,q79_t570
74272,q79_t571
74272,q79_t572
74273,q79_t572
74273,q79_t573
74274,q79_t574
74274,q79_t575
74275,q79_t575
74275,q79_t576
74276,q79_t577
74276,q79_t578
74277,q79_t578
74277,q79_t579
74278,q79_t580
74278,q79_t581
74279,q79_t581
74279,q79_t582
74280,q79_t583
74280,q79_t584
74281,q79_t584
74281,q79_t585
74282,q79_t586
74282,q79_t587
74283,q79_t587
74283,q79_t588
74284,q79_t588
74284,q79_t589
74284,q7_t588
74284,q7_t589
74285,q79_t589
74285,q79_t590
74286,q79_t590
74286,q79_t591
74287,q79_t591
74287,q79_t592
74287,q8_t591
74287,q8_t592
74288,q79_t592
74288,q79_t593
74289,q79_t593
74289,q79_t594
74290,q79_t594
74290,q79_t595
74290,q9_t594
74290,q9_t595
74291,q79_t595
74291,q79_t596
74292,q79_t596
74292,q79_t597
74293,q79_t598
74293,q79_t599
74294,q79_t599
74294,q79_t600
74295,q79_t601
74295,q79_t602
74296,q79_t602
74296,q79_t603
74297,q79_t604
74297,q79_t605
74298,q79_t605
74298,q79_t606
74299,q79_t607
74299,q79_t608
74300,q79_t608
74300,q79_t609
74301,q79_t610
74301,q79_t611
74302,q79_t611
74302,q79_t612
74303,q79_t613
74303,q79_t614
74304,q79_t614
74304,q79_t615
74305,q79_t616
74305,q79_t617
74306,q79_t617
74306,q79_t618
74307,q79_t619
74307,q79_t620
74308,q79_t620
74308,q79_t621
74309,q79_t622
74309,q79_t623
74310,q79_t623
74310,q79_t624
74311,q79_t625
74311,q79_t626
74312,q79_t626
74312,q79_t627
74313,q79_t628
74313,q79_t629
74314,q79_t629
74314,q79_t630
74315,q79_t631
74315,q79_t632
74316,q79_t632
74316,q79_t633
74317,q79_t634
74317,q79_t635
74318,q79_t635
74318,q79_t636
74319,q79_t637
74319,q79_t638
74320,q79_t638
74320,q79_t639
74321,q79_t640
74321,q79_t641
74322,q79_t641
74322,q79_t642
74323,q79_t643
74323,q79_t644
74324,q79_t644
74324,q79_t645
74325,q79_t646
74325,q79_t647
74326,q79_t647
74326,q79_t648
74327,q79_t649
74327,q79_t650
74328,q79_t650
74328,q79_t651
74329,q79_t652
74329,q79_t653
74330,q79_t653
74330,q79_t654
74331,q79_t655
74331,q79_t656
74332,q79_t656
74332,q79_t657
74333,q79_t658
74333,q79_t659
74334,q79_t659
74334,q79_t660
74335,q79_t661
74335,q79_t662
74336,q79_t662
74336,q79_t663
74337,q79_t664
74337,q79_t665
74338,q79_t665
74338,q79_t666
74339,q79_t667
74339,q79_t668
74340,q79_t668
74340,q79_t669
74341,q79_t670
74341,q79_t671
74342,q79_t671
74342,q79_t672
74343,q79_t673
74343,q79_t674
74344,q79_t674
74344,q79_t675
74345,q79_t676
74345,q79_t677
74346,q79_t677
74346,q79_t678
74347,q79_t679
74347,q79_t680
74348,q79_t680
74348,q79_t681
74349,q79_t682
74349,q79_t683
74350,q79_t683
74350,q79_t684
74351,q79_t685
74351,q79_t686
74352,q79_t686
74352,q79_t687
74353,q79_t688
74353,q79_t689
74354,q79_t689
74354,q79_t690
74355,q79_t691
74355,q79_t692
74356,q79_t692
74356,q79_t693
74357,q79_t694
74357,q79_t695
74358,q79_t695
74358,q79_t696
74359,q79_t697
74359,q79_t698
74360,q79_t698
74360,q79_t699
74361,q79_t700
74361,q79_t701
74362,q79_t701
74362,q79_t702
74363,q79_t703
74363,q79_t704
74364,q79_t704
74364,q79_t705
74365,q79_t706
74365,q79_t707
74366,q79_t707
74366,q79_t708
74367,q79_t709
74367,q79_t710
74368,q79_t710
74368,q79_t711
74369,q79_t712
74369,q79_t713
74370,q79_t713
74370,q79_t714
74371,q79_t715
74371,q79_t716
74372,q79_t716
74372,q79_t717
74373,q79_t718
74373,q79_t719
74374,q79_t719
74374,q79_t720
74375,q79_t721
74375,q79_t722
74376,q79_t722
74376,q79_t723
74377,q79_t724
74377,q79_t725
74378,q79_t725
74378,q79_t726
74379,q79_t727
74379,q79_t728
74380,q79_t728
74380,q79_t729
74381,q79_t730
74381,q79_t731
74382,q79_t731
74382,q79_t732
74383,q79_t733
74383,q79_t734
74384,q79_t734
74384,q79_t735
74385,q79_t736
74385,q79_t737
74386,q79_t737
74386,q79_t738
74387,q79_t739
74387,q79_t740
74388,q79_t740
74388,q79_t741
74389,q79_t742
74389,q79_t743
74390,q79_t743
74390,q79_t744
74391,q79_t745
74391,q79_t746
74392,q79_t746
74392,q79_t747
74393,q79_t748
74393,q79_t749
74394,q79_t749
74394,q79_t750
74395,q79_t751
74395,q79_t752
74396,q79_t752
74396,q79_t753
74397,q79_t754
74397,q79_t755
74398,q79_t755
74398,q79_t756
74399,q79_t757
74399,q79_t758
74400,q79_t758
74400,q79_t759
74401,q79_t760
74401,q79_t761
74402,q79_t761
74402,q79_t762
74403,q79_t763
74403,q79_t764
74404,q79_t764
74404,q79_t765
74405,q79_t766
74405,q79_t767
74406,q79_t767
74406,q79_t768
74407,q79_t769
74407,q79_t770
74408,q79_t770
74408,q79_t771
74409,q79_t772
74409,q79_t773
74410,q79_t773
74410,q79_t774
74411,q79_t775
74411,q79_t776
74412,q79_t776
74412,q79_t777
74413,q79_t778
74413,q79_t779
74414,q79_t779
74414,q79_t780
74415,q79_t781
74415,q79_t782
74416,q79_t782
74416,q79_t783
74417,q79_t784
74417,q79_t785
74418,q79_t785
74418,q79_t786
74419,q79_t787
74419,q79_t788
74420,q79_t788
74420,q79_t789
74421,q79_t790
74421,q79_t791
74422,q79_t791
74422,q79_t792
74423,q79_t793
74423,q79_t794
74424,q79_t794
74424,q79_t795
74425,q79_t796
74425,q79_t797
74426,q79_t797
74426,q79_t798
74427,q79_t799
74427,q79_t800
74428,q79_t800
74428,q79_t801
74429,q79_t802
74429,q79_t803
74430,q79_t803
74430,q79_t807
74431,q79_t807
74431,q79_t808
74431,q80_t807
74431,q80_t808
74432,q79_t808
74432,q79_t809
74433,q79_t809
74433,q79_t810
74434,q79_t810
74434,q79_t811
74434,q81_t810
74434,q81_t811
74435,q79_t811
74435,q79_t812
74436,q79_t812
74436,q79_t813
74437,q79_t813
74437,q79_t814
74437,q82_t813
74437,q82_t814
74438,q79_t814
74438,q79_t815
74439,q79_t815
74439,q79_t816
74440,q79_t816
74440,q79_t817
74440,q83_t816
74440,q83_t817
74441,q79_t817
74441,q79_t818
74442,q79_t818
74442,q79_t819
74443,q79_t819
74443,q79_t820
74443,q84_t819
74443,q84_t820
74444,q79_t820
74444,q79_t821
74445,q79_t821
74445,q79_t822
74446,q79_t822
74446,q79_t823
74446,q85_t822
74446,q85_t823
74447,q79_t823
74447,q79_t824
74448,q79_t824
74448,q79_t825
74449,q79_t825
74449,q79_t826
74449,q86_t825
74449,q86_t826
74450,q79_t826
74450,q79_t827
74451,q79_t827
74451,q79_t828
74452,q79_t828
74452,q79_t829
74452,q87_t828
74452,q87_t829
74453,q79_t829
74453,q79_t830
74454,q79_t830
74454,q79_t831
74455,q79_t831
74455,q79_t832
74455,q88_t831
74455,q88_t832
74456,q79_t832
74456,q79_t833
74457,q79_t833
74457,q79_t834
74458,q79_t834
74458,q79_t835
74458,q89_t834
74458,q89_t835
74459,q79_t835
74459,q79_t836
74460,q79_t836
74460,q79_t837
74461,q79_t837
74461,q79_t838
74461,q90_t837
74461,q90_t838
74462,q79_t838
74462,q79_t839
74463,q79_t839
74463,q79_t840
74464,q79_t840
74464,q79_t841
74464,q91_t840
74464,q91_t841
74465,q79_t841
74465,q79_t842
74466,q79_t842
74466,q79_t843
74467,q79_t843
74467,q79_t844
74467,q92_t843
74467,q92_t844
74468,q79_t844
74468,q79_t845
74469,q79_t845
74469,q79_t846
74470,q79_t846
74470,q79_t847
74470,q93_t846
74470,q93_t847
74471,q79_t847
74471,q79_t848
74472,q79_t848
74472,q79_t849
74473,q79_t849
74473,q79_t850
74473,q94_t849
74473,q94_t850
74474,q79_t850
74474,q79_t851
74475,q79_t851
74475,q79_t852
74476,q79_t852
74476,q79_t853
74476,q95_t852
74476,q95_t853
74477,q79_t853
74477,q79_t854
74478,q79_t854
74478,q79_t855
74479,q79_t855
74479,q79_t856
74479,q96_t855
74479,q96_t856
74480,q79_t856
74480,q79_t857
74481,q79_t857
74481,q79_t858
74482,q79_t858
74482,q79_t859
74482,q97_t858
74482,q97_t859
74483,q79_t859
74483,q79_t860
74484,q79_t860
74484,q79_t861
74485,q79_t861
74485,q79_t862
74485,q98_t861
74485,q98_t862
74486,q79_t862
74486,q79_t863
74487,q79_t863
74487,q79_t864
74488,q79_t864
74488,q79_t865
74488,q99_t864
74488,q99_t865
74489,q79_t865
74489,q79_t866
74490,q79_t866
74490,q79_t867
74491,q79_t868
74491,q79_t869
74492,q79_t869
74492,q79_t870
74493,q79_t871
74493,q79_t872
74494,q79_t872
74494,q79_t873
74495,q79_t874
74495,q79_t875
74496,q79_t875
74496,q79_t876
74497,q79_t877
74497,q79_t878
74498,q79_t878
74498,q79_t879
74499,q79_t880
74499,q79_t881
74500,q79_t881
74500,q79_t882
74501,q79_t883
74501,q79_t884
74502,q79_t884
74502,q79_t885
74503,q79_t886
74503,q79_t887
74504,q79_t887
74504,q79_t888
74505,q79_t889
74505,q79_t890
74506,q79_t890
74506,q79_t891
74507,q79_t892
74507,q79_t893
74508,q79_t893
74508,q79_t894
74509,q79_t895
74509,q79_t896
74510,q79_t896
74510,q79_t897
74511,q79_t897
74511,q79_t898
74512,q79_t899
74512,q79_t900
74513,q79_t900
74513,q79_t901
74514,q79_t902
74514,q79_t903
74515,q79_t903
74515,q79_t904
74516,q79_t905
74516,q79_t906
74517,q79_t906
74517,q79_t907
74518,q79_t908
74518,q79_t909
74519,q79_t909
74519,q79_t910
74520,q79_t911
74520,q79_t912
74521,q79_t912
74521,q79_t913
74522,q79_t914
74522,q79_t915
74523,q79_t915
74523,q79_t916
74524,q79_t917
74524,q79_t918
74525,q79_t918
74525,q79_t919
74526,q79_t919
74526,q79_t920
74526,q7_t919
74526,q7_t920
74527,q79_t920
74527,q79_t921
74528,q79_t921
74528,q79_t922
74529,q79_t922
74529,q79_t923
74529,q8_t922
74529,q8_t923
74530,q79_t923
74530,q79_t924
74531,q79_t924
74531,q79_t925
74532,q79_t925
74532,q79_t926
74532,q9_t925
74532,q9_t926
74533,q79_t926
74533,q79_t927
74534,q79_t927
74534,q79_t928
74535,q79_t929
74535,q79_t930
74536,q79_t930
74536,q79_t931
74537,q79_t932
74537,q79_t933
74538,q79_t933
74538,q79_t934
74539,q79_t935
74539,q79_t936
74540,q79_t936
74540,q79_t937
74541,q79_t938
74541,q79_t939
74542,q79_t939
74542,q79_t940
74543,q79_t941
74543,q79_t942
74544,q79_t942
74544,q79_t943
74545,q79_t944
74545,q79_t945
74546,q79_t945
74546,q79_t946
74547,q79_t947
74547,q79_t948
74548,q79_t948
74548,q79_t949
74549,q79_t950
74549,q79_t951
74550,q79_t951
74550,q79_t952
74551,q79_t953
74551,q79_t954
74552,q79_t954
74552,q79_t955
74553,q79_t956
74553,q79_t957
74554,q79_t957
74554,q79_t958
74555,q79_t959
74555,q79_t960
74556,q79_t960
74556,q79_t961
74557,q79_t962
74557,q79_t963
74558,q79_t963
74558,q79_t964
74559,q79_t965
74559,q79_t966
74560,q79_t966
74560,q79_t967
74561,q79_t968
74561,q79_t969
74562,q79_t969
74562,q79_t970
74563,q79_t971
74563,q79_t972
74564,q79_t972
74564,q79_t973
74565,q79_t974
74565,q79_t975
74566,q79_t975
74566,q79_t976
74567,q79_t977
74567,q79_t978
74568,q79_t978
74568,q79_t979
74569,q79_t980
74569,q79_t981
74570,q79_t981
74570,q79_t982
74571,q79_t983
74571,q79_t984
74572,q79_t984
74572,q79_t985
74573,q79_t986
74573,q79_t987
74574,q79_t987
74574,q79_t988
74575,q79_t989
74575,q79_t990
74576,q79_t990
74576,q79_t991
74577,q79_t992
74577,q79_t993
74578,q79_t993
74578,q79_t994
74579,q79_t995
74579,q79_t996
74580,q79_t996
74580,q79_t997
74581,q79_t998
74581,q79_t999
74582,q7_t0
74582,q7_t1
74583,q7_t1
74583,q7_t20
74584,q7_t100
74584,q7_t101
74585,q7_t100
74585,q7_t99
74586,q7_t1000
74586,q7_t999
74587,q7_t1001
74587,q7_t1002
74588,q7_t1002
74588,q7_t1003
74589,q7_t1004
74589,q7_t1005
74590,q7_t1005
74590,q7_t1006
74591,q7_t1007
74591,q7_t1008
74592,q7_t1008
74592,q7_t1009
74593,q7_t1010
74593,q7_t1011
74594,q7_t1011
74594,q7_t1012
74595,q7_t102
74595,q7_t103
74596,q7_t103
74596,q7_t104
74597,q7_t105
74597,q7_t106
74598,q7_t106
74598,q7_t107
74599,q7_t108
74599,q7_t109
74600,q7_t109
74600,q7_t110
74601,q7_t111
74601,q7_t112
74602,q7_t112
74602,q7_t113
74603,q7_t114
74603,q7_t115
74604,q7_t115
74604,q7_t116
74605,q7_t117
74605,q7_t118
74606,q7_t118
74606,q7_t119
74607,q7_t120
74607,q7_t121
74608,q7_t121
74608,q7_t122
74609,q7_t123
74609,q7_t124
74610,q7_t124
74610,q7_t125
74611,q7_t126
74611,q7_t127
74612,q7_t127
74612,q7_t128
74613,q7_t129
74613,q7_t130
74614,q7_t130
74614,q7_t131
74615,q7_t132
74615,q7_t133
74616,q7_t133
74616,q7_t134
74617,q7_t135
74617,q7_t136
74618,q7_t136
74618,q7_t137
74619,q7_t138
74619,q7_t139
74620,q7_t139
74620,q7_t140
74621,q7_t141
74621,q7_t142
74622,q7_t142
74622,q7_t143
74623,q7_t144
74623,q7_t145
74624,q7_t145
74624,q7_t146
74625,q7_t147
74625,q7_t148
74626,q7_t148
74626,q7_t149
74627,q7_t150
74627,q7_t151
74628,q7_t151
74628,q7_t152
74629,q7_t153
74629,q7_t154
74630,q7_t154
74630,q7_t155
74631,q7_t156
74631,q7_t157
74632,q7_t157
74632,q7_t158
74633,q7_t159
74633,q7_t160
74634,q7_t160
74634,q7_t161
74635,q7_t162
74635,q7_t163
74636,q7_t163
74636,q7_t164
74637,q7_t165
74637,q7_t166
74638,q7_t166
74638,q7_t167
74639,q7_t168
74639,q7_t169
74640,q7_t169
74640,q7_t170
74641,q7_t171
74641,q7_t172
74642,q7_t172
74642,q7_t173
74643,q7_t174
74643,q7_t175
74644,q7_t175
74644,q7_t176
74645,q7_t177
74645,q7_t178
74646,q7_t178
74646,q7_t179
74647,q7_t180
74647,q7_t181
74648,q7_t181
74648,q7_t182
74649,q7_t183
74649,q7_t184
74650,q7_t184
74650,q7_t185
74651,q7_t186
74651,q7_t187
74652,q7_t187
74652,q7_t188
74653,q7_t189
74653,q7_t190
74654,q7_t190
74654,q7_t191
74655,q7_t192
74655,q7_t193
74656,q7_t193
74656,q7_t194
74657,q7_t195
74657,q7_t196
74658,q7_t196
74658,q7_t197
74659,q7_t198
74659,q7_t199
74660,q7_t199
74660,q7_t200
74661,q7_t201
74661,q7_t202
74662,q7_t202
74662,q7_t203
74663,q7_t204
74663,q7_t205
74664,q7_t205
74664,q7_t206
74665,q7_t207
74665,q7_t208
74666,q7_t208
74666,q7_t209
74667,q7_t21
74667,q7_t22
74668,q7_t210
74668,q7_t211
74669,q7_t211
74669,q7_t212
74670,q7_t213
74670,q7_t214
74671,q7_t214
74671,q7_t215
74672,q7_t216
74672,q7_t217
74673,q7_t217
74673,q7_t218
74674,q7_t219
74674,q7_t220
74675,q7_t22
74675,q7_t23
74676,q7_t220
74676,q7_t221
74677,q7_t222
74677,q7_t223
74678,q7_t223
74678,q7_t224
74679,q7_t225
74679,q7_t226
74680,q7_t226
74680,q7_t227
74681,q7_t228
74681,q7_t229
74682,q7_t229
74682,q7_t230
74683,q7_t231
74683,q7_t232
74684,q7_t232
74684,q7_t233
74685,q7_t234
74685,q7_t235
74686,q7_t235
74686,q7_t236
74687,q7_t237
74687,q7_t238
74688,q7_t238
74688,q7_t239
74689,q7_t24
74689,q7_t25
74690,q7_t240
74690,q7_t241
74691,q7_t241
74691,q7_t242
74692,q7_t243
74692,q7_t244
74693,q7_t244
74693,q7_t245
74694,q7_t246
74694,q7_t247
74695,q7_t247
74695,q7_t248
74696,q7_t249
74696,q7_t250
74697,q7_t25
74697,q7_t26
74698,q7_t250
74698,q7_t251
74699,q7_t252
74699,q7_t253
74700,q7_t253
74700,q7_t254
74701,q7_t255
74701,q7_t256
74702,q7_t256
74702,q7_t257
74703,q7_t258
74703,q7_t259
74704,q7_t259
74704,q7_t260
74705,q7_t260
74705,q7_t261
74705,q80_t260
74705,q80_t261
74706,q7_t261
74706,q7_t262
74707,q7_t262
74707,q7_t263
74708,q7_t263
74708,q7_t264
74708,q81_t263
74708,q81_t264
74709,q7_t264
74709,q7_t265
74710,q7_t265
74710,q7_t266
74711,q7_t266
74711,q7_t267
74711,q82_t266
74711,q82_t267
74712,q7_t267
74712,q7_t268
74713,q7_t268
74713,q7_t269
74714,q7_t269
74714,q7_t270
74714,q83_t269
74714,q83_t270
74715,q7_t27
74715,q7_t28
74716,q7_t270
74716,q7_t271
74717,q7_t271
74717,q7_t272
74718,q7_t272
74718,q7_t273
74718,q84_t272
74718,q84_t273
74719,q7_t273
74719,q7_t274
74720,q7_t274
74720,q7_t275
74721,q7_t275
74721,q7_t276
74721,q85_t275
74721,q85_t276
74722,q7_t276
74722,q7_t277
74723,q7_t277
74723,q7_t278
74724,q7_t278
74724,q7_t279
74724,q86_t278
74724,q86_t279
74725,q7_t279
74725,q7_t280
74726,q7_t28
74726,q7_t29
74727,q7_t280
74727,q7_t281
74728,q7_t281
74728,q7_t282
74728,q87_t281
74728,q87_t282
74729,q7_t282
74729,q7_t283
74730,q7_t283
74730,q7_t284
74731,q7_t284
74731,q7_t285
74731,q88_t284
74731,q88_t285
74732,q7_t285
74732,q7_t286
74733,q7_t286
74733,q7_t287
74734,q7_t287
74734,q7_t288
74734,q89_t287
74734,q89_t288
74735,q7_t288
74735,q7_t289
74736,q7_t289
74736,q7_t290
74737,q7_t290
74737,q7_t291
74737,q90_t290
74737,q90_t291
74738,q7_t291
74738,q7_t292
74739,q7_t292
74739,q7_t293
74740,q7_t293
74740,q7_t294
74740,q91_t293
74740,q91_t294
74741,q7_t294
74741,q7_t295
74742,q7_t295
74742,q7_t296
74743,q7_t296
74743,q7_t297
74743,q92_t296
74743,q92_t297
74744,q7_t297
74744,q7_t298
74745,q7_t298
74745,q7_t299
74746,q7_t299
74746,q7_t300
74746,q93_t299
74746,q93_t300
74747,q7_t30
74747,q7_t31
74748,q7_t300
74748,q7_t301
74749,q7_t301
74749,q7_t302
74750,q7_t302
74750,q7_t303
74750,q94_t302
74750,q94_t303
74751,q7_t303
74751,q7_t304
74752,q7_t304
74752,q7_t305
74753,q7_t305
74753,q7_t306
74753,q95_t305
74753,q95_t306
74754,q7_t306
74754,q7_t307
74755,q7_t307
74755,q7_t308
74756,q7_t308
74756,q7_t309
74756,q96_t308
74756,q96_t309
74757,q7_t309
74757,q7_t310
74758,q7_t31
74758,q7_t32
74759,q7_t310
74759,q7_t311
74760,q7_t311
74760,q7_t312
74760,q97_t311
74760,q97_t312
74761,q7_t312
74761,q7_t313
74762,q7_t313
74762,q7_t314
74763,q7_t314
74763,q7_t315
74763,q98_t314
74763,q98_t315
74764,q7_t315
74764,q7_t316
74765,q7_t316
74765,q7_t317
74766,q7_t317
74766,q7_t318
74766,q99_t317
74766,q99_t318
74767,q7_t318
74767,q7_t319
74768,q7_t319
74768,q7_t320
74769,q7_t321
74769,q7_t322
74770,q7_t322
74770,q7_t323
74771,q7_t324
74771,q7_t325
74772,q7_t325
74772,q7_t326
74773,q7_t327
74773,q7_t328
74774,q7_t328
74774,q7_t329
74775,q7_t33
74775,q7_t34
74776,q7_t330
74776,q7_t331
74777,q7_t331
74777,q7_t332
74778,q7_t333
74778,q7_t334
74779,q7_t334
74779,q7_t335
74780,q7_t336
74780,q7_t337
74781,q7_t337
74781,q7_t338
74782,q7_t339
74782,q7_t340
74783,q7_t34
74783,q7_t35
74784,q7_t340
74784,q7_t341
74785,q7_t342
74785,q7_t343
74786,q7_t343
74786,q7_t344
74787,q7_t345
74787,q7_t346
74788,q7_t346
74788,q7_t347
74789,q7_t348
74789,q7_t349
74790,q7_t349
74790,q7_t350
74791,q7_t350
74791,q7_t351
74792,q7_t352
74792,q7_t353
74793,q7_t353
74793,q7_t354
74794,q7_t355
74794,q7_t356
74795,q7_t356
74795,q7_t357
74796,q7_t358
74796,q7_t359
74797,q7_t359
74797,q7_t360
74798,q7_t36
74798,q7_t37
74799,q7_t361
74799,q7_t362
74800,q7_t362
74800,q7_t363
74801,q7_t364
74801,q7_t365
74802,q7_t365
74802,q7_t366
74803,q7_t367
74803,q7_t368
74804,q7_t368
74804,q7_t369
74805,q7_t37
74805,q7_t38
74806,q7_t370
74806,q7_t371
74807,q7_t371
74807,q7_t375
74808,q7_t375
74808,q7_t376
74808,q8_t375
74808,q8_t376
74809,q7_t376
74809,q7_t377
74810,q7_t377
74810,q7_t378
74811,q7_t378
74811,q7_t379
74811,q9_t378
74811,q9_t379
74812,q7_t379
74812,q7_t380
74813,q7_t380
74813,q7_t381
74814,q7_t382
74814,q7_t383
74815,q7_t383
74815,q7_t384
74816,q7_t385
74816,q7_t386
74817,q7_t386
74817,q7_t387
74818,q7_t388
74818,q7_t389
74819,q7_t389
74819,q7_t390
74820,q7_t39
74820,q7_t40
74821,q7_t391
74821,q7_t392
74822,q7_t392
74822,q7_t393
74823,q7_t394
74823,q7_t395
74824,q7_t395
74824,q7_t396
74825,q7_t397
74825,q7_t398
74826,q7_t398
74826,q7_t399
74827,q7_t40
74827,q7_t44
74828,q7_t400
74828,q7_t401
74829,q7_t401
74829,q7_t402
74830,q7_t403
74830,q7_t404
74831,q7_t404
74831,q7_t405
74832,q7_t406
74832,q7_t407
74833,q7_t407
74833,q7_t408
74834,q7_t409
74834,q7_t410
74835,q7_t410
74835,q7_t411
74836,q7_t412
74836,q7_t413
74837,q7_t413
74837,q7_t414
74838,q7_t415
74838,q7_t416
74839,q7_t416
74839,q7_t417
74840,q7_t418
74840,q7_t419
74841,q7_t419
74841,q7_t420
74842,q7_t421
74842,q7_t422
74843,q7_t422
74843,q7_t423
74844,q7_t424
74844,q7_t425
74845,q7_t425
74845,q7_t426
74846,q7_t427
74846,q7_t428
74847,q7_t428
74847,q7_t429
74848,q7_t430
74848,q7_t431
74849,q7_t431
74849,q7_t432
74850,q7_t433
74850,q7_t434
74851,q7_t434
74851,q7_t435
74852,q7_t436
74852,q7_t437
74853,q7_t437
74853,q7_t438
74854,q7_t439
74854,q7_t440
74855,q7_t44
74855,q7_t45
74855,q8_t44
74855,q8_t45
74856,q7_t440
74856,q7_t441
74857,q7_t442
74857,q7_t443
74858,q7_t443
74858,q7_t444
74859,q7_t445
74859,q7_t446
74860,q7_t446
74860,q7_t447
74861,q7_t448
74861,q7_t449
74862,q7_t449
74862,q7_t450
74863,q7_t45
74863,q7_t46
74864,q7_t451
74864,q7_t452
74865,q7_t452
74865,q7_t453
74866,q7_t454
74866,q7_t455
74867,q7_t455
74867,q7_t456
74868,q7_t457
74868,q7_t458
74869,q7_t458
74869,q7_t459
74870,q7_t46
74870,q7_t47
74871,q7_t460
74871,q7_t461
74872,q7_t461
74872,q7_t462
74873,q7_t463
74873,q7_t464
74874,q7_t464
74874,q7_t465
74875,q7_t466
74875,q7_t467
74876,q7_t467
74876,q7_t468
74877,q7_t469
74877,q7_t470
74878,q7_t47
74878,q7_t48
74878,q9_t47
74878,q9_t48
74879,q7_t470
74879,q7_t471
74880,q7_t472
74880,q7_t473
74881,q7_t473
74881,q7_t474
74882,q7_t475
74882,q7_t476
74883,q7_t476
74883,q7_t477
74884,q7_t478
74884,q7_t479
74885,q7_t479
74885,q7_t480
74886,q7_t48
74886,q7_t49
74887,q7_t481
74887,q7_t482
74888,q7_t482
74888,q7_t483
74889,q7_t484
74889,q7_t485
74890,q7_t485
74890,q7_t486
74891,q7_t487
74891,q7_t488
74892,q7_t488
74892,q7_t489
74893,q7_t49
74893,q7_t50
74894,q7_t490
74894,q7_t491
74895,q7_t491
74895,q7_t492
74896,q7_t493
74896,q7_t494
74897,q7_t494
74897,q7_t495
74898,q7_t496
74898,q7_t497
74899,q7_t497
74899,q7_t498
74900,q7_t499
74900,q7_t500
74901,q7_t500
74901,q7_t501
74902,q7_t502
74902,q7_t503
74903,q7_t503
74903,q7_t504
74904,q7_t505
74904,q7_t506
74905,q7_t506
74905,q7_t507
74906,q7_t508
74906,q7_t509
74907,q7_t509
74907,q7_t510
74908,q7_t51
74908,q7_t52
74909,q7_t511
74909,q7_t512
74910,q7_t512
74910,q7_t513
74911,q7_t514
74911,q7_t515
74912,q7_t515
74912,q7_t516
74913,q7_t517
74913,q7_t518
74914,q7_t518
74914,q7_t519
74915,q7_t52
74915,q7_t53
74916,q7_t520
74916,q7_t521
74917,q7_t521
74917,q7_t522
74918,q7_t523
74918,q7_t524
74919,q7_t524
74919,q7_t525
74920,q7_t526
74920,q7_t527
74921,q7_t527
74921,q7_t528
74922,q7_t529
74922,q7_t530
74923,q7_t530
74923,q7_t531
74924,q7_t532
74924,q7_t533
74925,q7_t533
74925,q7_t534
74926,q7_t535
74926,q7_t536
74927,q7_t536
74927,q7_t537
74928,q7_t538
74928,q7_t539
74929,q7_t539
74929,q7_t540
74930,q7_t54
74930,q7_t55
74931,q7_t541
74931,q7_t542
74932,q7_t542
74932,q7_t543
74933,q7_t544
74933,q7_t545
74934,q7_t545
74934,q7_t546
74935,q7_t547
74935,q7_t548
74936,q7_t548
74936,q7_t549
74937,q7_t55
74937,q7_t56
74938,q7_t550
74938,q7_t551
74939,q7_t551
74939,q7_t552
74940,q7_t553
74940,q7_t554
74941,q7_t554
74941,q7_t555
74942,q7_t556
74942,q7_t557
74943,q7_t557
74943,q7_t558
74944,q7_t559
74944,q7_t560
74945,q7_t560
74945,q7_t561
74946,q7_t562
74946,q7_t563
74947,q7_t563
74947,q7_t564
74948,q7_t565
74948,q7_t566
74949,q7_t566
74949,q7_t567
74950,q7_t568
74950,q7_t569
74951,q7_t569
74951,q7_t570
74952,q7_t57
74952,q7_t58
74953,q7_t571
74953,q7_t572
74954,q7_t572
74954,q7_t573
74955,q7_t574
74955,q7_t575
74956,q7_t575
74956,q7_t576
74957,q7_t577
74957,q7_t578
74958,q7_t578
74958,q7_t579
74959,q7_t58
74959,q7_t59
74960,q7_t580
74960,q7_t581
74961,q7_t581
74961,q7_t582
74962,q7_t583
74962,q7_t584
74963,q7_t584
74963,q7_t585
74964,q7_t586
74964,q7_t587
74965,q7_t587
74965,q7_t588
74966,q7_t589
74966,q7_t590
74967,q7_t590
74967,q7_t591
74968,q7_t591
74968,q7_t592
74968,q80_t591
74968,q80_t592
74969,q7_t592
74969,q7_t593
74970,q7_t593
74970,q7_t594
74971,q7_t594
74971,q7_t595
74971,q81_t594
74971,q81_t595
74972,q7_t595
74972,q7_t596
74973,q7_t596
74973,q7_t597
74974,q7_t597
74974,q7_t598
74974,q82_t597
74974,q82_t598
74975,q7_t598
74975,q7_t599
74976,q7_t599
74976,q7_t600
74977,q7_t60
74977,q7_t61
74978,q7_t600
74978,q7_t601
74978,q83_t600
74978,q83_t601
74979,q7_t601
74979,q7_t602
74980,q7_t602
74980,q7_t603
74981,q7_t603
74981,q7_t604
74981,q84_t603
74981,q84_t604
74982,q7_t604
74982,q7_t605
74983,q7_t605
74983,q7_t606
74984,q7_t606
74984,q7_t607
74984,q85_t606
74984,q85_t607
74985,q7_t607
74985,q7_t608
74986,q7_t608
74986,q7_t609
74987,q7_t609
74987,q7_t610
74987,q86_t609
74987,q86_t610
74988,q7_t61
74988,q7_t62
74989,q7_t610
74989,q7_t611
74990,q7_t611
74990,q7_t612
74991,q7_t612
74991,q7_t613
74991,q87_t612
74991,q87_t613
74992,q7_t613
74992,q7_t614
74993,q7_t614
74993,q7_t615
74994,q7_t615
74994,q7_t616
74994,q88_t615
74994,q88_t616
74995,q7_t616
74995,q7_t617
74996,q7_t617
74996,q7_t618
74997,q7_t618
74997,q7_t619
74997,q89_t618
74997,q89_t619
74998,q7_t619
74998,q7_t620
74999,q7_t620
74999,q7_t621
75000,q7_t621
75000,q7_t622
75000,q90_t621
75000,q90_t622
75001,q7_t622
75001,q7_t623
75002,q7_t623
75002,q7_t624
75003,q7_t624
75003,q7_t625
75003,q91_t624
75003,q91_t625
75004,q7_t625
75004,q7_t626
75005,q7_t626
75005,q7_t627
75006,q7_t627
75006,q7_t628
75006,q92_t627
75006,q92_t628
75007,q7_t628
75007,q7_t629
75008,q7_t629
75008,q7_t630
75009,q7_t63
75009,q7_t64
75010,q7_t630
75010,q7_t631
75010,q93_t630
75010,q93_t631
75011,q7_t631
75011,q7_t632
75012,q7_t632
75012,q7_t633
75013,q7_t633
75013,q7_t634
75013,q94_t633
75013,q94_t634
75014,q7_t634
75014,q7_t635
75015,q7_t635
75015,q7_t636
75016,q7_t636
75016,q7_t637
75016,q95_t636
75016,q95_t637
75017,q7_t637
75017,q7_t638
75018,q7_t638
75018,q7_t639
75019,q7_t639
75019,q7_t640
75019,q96_t639
75019,q96_t640
75020,q7_t64
75020,q7_t65
75021,q7_t640
75021,q7_t641
75022,q7_t641
75022,q7_t642
75023,q7_t642
75023,q7_t643
75023,q97_t642
75023,q97_t643
75024,q7_t643
75024,q7_t644
75025,q7_t644
75025,q7_t645
75026,q7_t645
75026,q7_t646
75026,q98_t645
75026,q98_t646
75027,q7_t646
75027,q7_t647
75028,q7_t647
75028,q7_t648
75029,q7_t648
75029,q7_t649
75029,q99_t648
75029,q99_t649
75030,q7_t649
75030,q7_t650
75031,q7_t650
75031,q7_t651
75032,q7_t652
75032,q7_t653
75033,q7_t653
75033,q7_t654
75034,q7_t655
75034,q7_t656
75035,q7_t656
75035,q7_t657
75036,q7_t658
75036,q7_t659
75037,q7_t659
75037,q7_t660
75038,q7_t66
75038,q7_t67
75039,q7_t661
75039,q7_t662
75040,q7_t662
75040,q7_t663
75041,q7_t664
75041,q7_t665
75042,q7_t665
75042,q7_t666
75043,q7_t667
75043,q7_t668
75044,q7_t668
75044,q7_t669
75045,q7_t67
75045,q7_t68
75046,q7_t670
75046,q7_t671
75047,q7_t671
75047,q7_t672
75048,q7_t673
75048,q7_t674
75049,q7_t674
75049,q7_t675
75050,q7_t676
75050,q7_t677
75051,q7_t677
75051,q7_t678
75052,q7_t679
75052,q7_t680
75053,q7_t680
75053,q7_t681
75054,q7_t681
75054,q7_t682
75055,q7_t683
75055,q7_t684
75056,q7_t684
75056,q7_t685
75057,q7_t686
75057,q7_t687
75058,q7_t687
75058,q7_t688
75059,q7_t689
75059,q7_t690
75060,q7_t69
75060,q7_t70
75061,q7_t690
75061,q7_t691
75062,q7_t692
75062,q7_t693
75063,q7_t693
75063,q7_t694
75064,q7_t695
75064,q7_t696
75065,q7_t696
75065,q7_t697
75066,q7_t698
75066,q7_t699
75067,q7_t699
75067,q7_t700
75068,q7_t70
75068,q7_t71
75069,q7_t701
75069,q7_t702
75070,q7_t702
75070,q7_t706
75071,q7_t706
75071,q7_t707
75071,q8_t706
75071,q8_t707
75072,q7_t707
75072,q7_t708
75073,q7_t708
75073,q7_t709
75074,q7_t709
75074,q7_t710
75074,q9_t709
75074,q9_t710
75075,q7_t710
75075,q7_t711
75076,q7_t711
75076,q7_t712
75077,q7_t713
75077,q7_t714
75078,q7_t714
75078,q7_t715
75079,q7_t716
75079,q7_t717
75080,q7_t717
75080,q7_t718
75081,q7_t719
75081,q7_t720
75082,q7_t72
75082,q7_t73
75083,q7_t720
75083,q7_t721
75084,q7_t722
75084,q7_t723
75085,q7_t723
75085,q7_t724
75086,q7_t725
75086,q7_t726
75087,q7_t726
75087,q7_t727
75088,q7_t728
75088,q7_t729
75089,q7_t729
75089,q7_t730
75090,q7_t73
75090,q7_t74
75091,q7_t731
75091,q7_t732
75092,q7_t732
75092,q7_t733
75093,q7_t734
75093,q7_t735
75094,q7_t735
75094,q7_t736
75095,q7_t737
75095,q7_t738
75096,q7_t738
75096,q7_t739
75097,q7_t740
75097,q7_t741
75098,q7_t741
75098,q7_t742
75099,q7_t743
75099,q7_t744
75100,q7_t744
75100,q7_t745
75101,q7_t746
75101,q7_t747
75102,q7_t747
75102,q7_t748
75103,q7_t749
75103,q7_t750
75104,q7_t75
75104,q7_t76
75105,q7_t750
75105,q7_t751
75106,q7_t752
75106,q7_t753
75107,q7_t753
75107,q7_t754
75108,q7_t755
75108,q7_t756
75109,q7_t756
75109,q7_t757
75110,q7_t758
75110,q7_t759
75111,q7_t759
75111,q7_t760
75112,q7_t76
75112,q7_t77
75113,q7_t761
75113,q7_t762
75114,q7_t762
75114,q7_t763
75115,q7_t764
75115,q7_t765
75116,q7_t765
75116,q7_t766
75117,q7_t767
75117,q7_t768
75118,q7_t768
75118,q7_t769
75119,q7_t770
75119,q7_t771
75120,q7_t771
75120,q7_t772
75121,q7_t773
75121,q7_t774
75122,q7_t774
75122,q7_t775
75123,q7_t776
75123,q7_t777
75124,q7_t777
75124,q7_t778
75125,q7_t779
75125,q7_t780
75126,q7_t78
75126,q7_t79
75127,q7_t780
75127,q7_t781
75128,q7_t782
75128,q7_t783
75129,q7_t783
75129,q7_t784
75130,q7_t785
75130,q7_t786
75131,q7_t786
75131,q7_t787
75132,q7_t788
75132,q7_t789
75133,q7_t789
75133,q7_t790
75134,q7_t79
75134,q7_t80
75135,q7_t791
75135,q7_t792
75136,q7_t792
75136,q7_t793
75137,q7_t794
75137,q7_t795
75138,q7_t795
75138,q7_t796
75139,q7_t797
75139,q7_t798
75140,q7_t798
75140,q7_t799
75141,q7_t800
75141,q7_t801
75142,q7_t801
75142,q7_t802
75143,q7_t803
75143,q7_t804
75144,q7_t804
75144,q7_t805
75145,q7_t806
75145,q7_t807
75146,q7_t807
75146,q7_t808
75147,q7_t809
75147,q7_t810
75148,q7_t81
75148,q7_t82
75149,q7_t810
75149,q7_t811
75150,q7_t812
75150,q7_t813
75151,q7_t813
75151,q7_t814
75152,q7_t815
75152,q7_t816
75153,q7_t816
75153,q7_t817
75154,q7_t818
75154,q7_t819
75155,q7_t819
75155,q7_t820
75156,q7_t82
75156,q7_t83
75157,q7_t821
75157,q7_t822
75158,q7_t822
75158,q7_t823
75159,q7_t824
75159,q7_t825
75160,q7_t825
75160,q7_t826
75161,q7_t827
75161,q7_t828
75162,q7_t828
75162,q7_t829
75163,q7_t830
75163,q7_t831
75164,q7_t831
75164,q7_t832
75165,q7_t833
75165,q7_t834
75166,q7_t834
75166,q7_t835
75167,q7_t836
75167,q7_t837
75168,q7_t837
75168,q7_t838
75169,q7_t839
75169,q7_t840
75170,q7_t84
75170,q7_t85
75171,q7_t840
75171,q7_t841
75172,q7_t842
75172,q7_t843
75173,q7_t843
75173,q7_t844
75174,q7_t845
75174,q7_t846
75175,q7_t846
75175,q7_t847
75176,q7_t848
75176,q7_t849
75177,q7_t849
75177,q7_t850
75178,q7_t85
75178,q7_t86
75179,q7_t851
75179,q7_t852
75180,q7_t852
75180,q7_t853
75181,q7_t854
75181,q7_t855
75182,q7_t855
75182,q7_t856
75183,q7_t857
75183,q7_t858
75184,q7_t858
75184,q7_t859
75185,q7_t860
75185,q7_t861
75186,q7_t861
75186,q7_t862
75187,q7_t863
75187,q7_t864
75188,q7_t864
75188,q7_t865
75189,q7_t866
75189,q7_t867
75190,q7_t867
75190,q7_t868
75191,q7_t869
75191,q7_t870
75192,q7_t87
75192,q7_t88
75193,q7_t870
75193,q7_t871
75194,q7_t872
75194,q7_t873
75195,q7_t873
75195,q7_t874
75196,q7_t875
75196,q7_t876
75197,q7_t876
75197,q7_t877
75198,q7_t878
75198,q7_t879
75199,q7_t879
75199,q7_t880
75200,q7_t88
75200,q7_t89
75201,q7_t881
75201,q7_t882
75202,q7_t882
75202,q7_t883
75203,q7_t884
75203,q7_t885
75204,q7_t885
75204,q7_t886
75205,q7_t887
75205,q7_t888
75206,q7_t888
75206,q7_t889
75207,q7_t890
75207,q7_t891
75208,q7_t891
75208,q7_t892
75209,q7_t893
75209,q7_t894
75210,q7_t894
75210,q7_t895
75211,q7_t896
75211,q7_t897
75212,q7_t897
75212,q7_t898
75213,q7_t899
75213,q7_t900
75214,q7_t90
75214,q7_t91
75215,q7_t900
75215,q7_t901
75216,q7_t902
75216,q7_t903
75217,q7_t903
75217,q7_t904
75218,q7_t905
75218,q7_t906
75219,q7_t906
75219,q7_t907
75220,q7_t908
75220,q7_t909
75221,q7_t909
75221,q7_t910
75222,q7_t91
75222,q7_t92
75223,q7_t911
75223,q7_t912
75224,q7_t912
75224,q7_t913
75225,q7_t914
75225,q7_t915
75226,q7_t915
75226,q7_t916
75227,q7_t917
75227,q7_t918
75228,q7_t918
75228,q7_t919
75229,q7_t920
75229,q7_t921
75230,q7_t921
75230,q7_t922
75231,q7_t922
75231,q7_t923
75231,q80_t922
75231,q80_t923
75232,q7_t923
75232,q7_t924
75233,q7_t924
75233,q7_t925
75234,q7_t925
75234,q7_t926
75234,q81_t925
75234,q81_t926
75235,q7_t926
75235,q7_t927
75236,q7_t927
75236,q7_t928
75237,q7_t928
75237,q7_t929
75237,q82_t928
75237,q82_t929
75238,q7_t929
75238,q7_t930
75239,q7_t93
75239,q7_t94
75240,q7_t930
75240,q7_t931
75241,q7_t931
75241,q7_t932
75241,q83_t931
75241,q83_t932
75242,q7_t932
75242,q7_t933
75243,q7_t933
75243,q7_t934
75244,q7_t934
75244,q7_t935
75244,q84_t934
75244,q84_t935
75245,q7_t935
75245,q7_t936
75246,q7_t936
75246,q7_t937
75247,q7_t937
75247,q7_t938
75247,q85_t937
75247,q85_t938
75248,q7_t938
75248,q7_t939
75249,q7_t939
75249,q7_t940
75250,q7_t94
75250,q7_t95
75251,q7_t940
75251,q7_t941
75251,q86_t940
75251,q86_t941
75252,q7_t941
75252,q7_t942
75253,q7_t942
75253,q7_t943
75254,q7_t943
75254,q7_t944
75254,q87_t943
75254,q87_t944
75255,q7_t944
75255,q7_t945
75256,q7_t945
75256,q7_t946
75257,q7_t946
75257,q7_t947
75257,q88_t946
75257,q88_t947
75258,q7_t947
75258,q7_t948
75259,q7_t948
75259,q7_t949
75260,q7_t949
75260,q7_t950
75260,q89_t949
75260,q89_t950
75261,q7_t950
75261,q7_t951
75262,q7_t951
75262,q7_t952
75263,q7_t952
75263,q7_t953
75263,q90_t952
75263,q90_t953
75264,q7_t953
75264,q7_t954
75265,q7_t954
75265,q7_t955
75266,q7_t955
75266,q7_t956
75266,q91_t955
75266,q91_t956
75267,q7_t956
75267,q7_t957
75268,q7_t957
75268,q7_t958
75269,q7_t958
75269,q7_t959
75269,q92_t958
75269,q92_t959
75270,q7_t959
75270,q7_t960
75271,q7_t96
75271,q7_t97
75272,q7_t960
75272,q7_t961
75273,q7_t961
75273,q7_t962
75273,q93_t961
75273,q93_t962
75274,q7_t962
75274,q7_t963
75275,q7_t963
75275,q7_t964
75276,q7_t964
75276,q7_t965
75276,q94_t964
75276,q94_t965
75277,q7_t965
75277,q7_t966
75278,q7_t966
75278,q7_t967
75279,q7_t967
75279,q7_t968
75279,q95_t967
75279,q95_t968
75280,q7_t968
75280,q7_t969
75281,q7_t969
75281,q7_t970
75282,q7_t97
75282,q7_t98
75283,q7_t970
75283,q7_t971
75283,q96_t970
75283,q96_t971
75284,q7_t971
75284,q7_t972
75285,q7_t972
75285,q7_t973
75286,q7_t973
75286,q7_t974
75286,q97_t973
75286,q97_t974
75287,q7_t974
75287,q7_t975
75288,q7_t975
75288,q7_t976
75289,q7_t976
75289,q7_t977
75289,q98_t976
75289,q98_t977
75290,q7_t977
75290,q7_t978
75291,q7_t978
75291,q7_t979
75292,q7_t979
75292,q7_t980
75292,q99_t979
75292,q99_t980
75293,q7_t980
75293,q7_t981
75294,q7_t981
75294,q7_t982
75295,q7_t983
75295,q7_t984
75296,q7_t984
75296,q7_t985
75297,q7_t986
75297,q7_t987
75298,q7_t987
75298,q7_t988
75299,q7_t989
75299,q7_t990
75300,q7_t990
75300,q7_t991
75301,q7_t992
75301,q7_t993
75302,q7_t993
75302,q7_t994
75303,q7_t995
75303,q7_t996
75304,q7_t996
75304,q7_t997
75305,q7_t998
75305,q7_t999
75306,q80_t0
75306,q80_t1
75307,q80_t1
75307,q80_t239
75308,q80_t1000
75308,q80_t999
75309,q80_t1001
75309,q80_t1002
75310,q80_t1002
75310,q80_t1003
75311,q80_t1004
75311,q80_t1005
75312,q80_t1005
75312,q80_t1006
75313,q80_t1007
75313,q80_t1008
75314,q80_t1008
75314,q80_t1009
75315,q80_t1010
75315,q80_t1011
75316,q80_t1011
75316,q80_t1012
75317,q80_t1013
75317,q80_t1014
75318,q80_t1014
75318,q80_t1015
75319,q80_t1016
75319,q80_t1017
75320,q80_t1017
75320,q80_t1018
75321,q80_t1019
75321,q80_t1020
75322,q80_t1020
75322,q80_t1021
75323,q80_t1022
75323,q80_t1023
75324,q80_t1023
75324,q80_t1024
75325,q80_t1025
75325,q80_t1026
75326,q80_t1026
75326,q80_t1027
75327,q80_t1028
75327,q80_t1029
75328,q80_t1029
75328,q80_t1030
75329,q80_t1031
75329,q80_t1032
75330,q80_t1032
75330,q80_t1033
75331,q80_t1034
75331,q80_t1035
75332,q80_t1035
75332,q80_t1036
75333,q80_t1037
75333,q80_t1038
75334,q80_t1038
75334,q80_t1039
75335,q80_t1040
75335,q80_t1041
75336,q80_t1041
75336,q80_t1042
75337,q80_t1043
75337,q80_t1044
75338,q80_t1044
75338,q80_t1045
75339,q80_t1046
75339,q80_t1047
75340,q80_t1047
75340,q80_t1048
75341,q80_t1049
75341,q80_t1050
75342,q80_t1050
75342,q80_t1051
75343,q80_t1052
75343,q80_t1053
75344,q80_t1053
75344,q80_t1054
75345,q80_t1055
75345,q80_t1056
75346,q80_t1056
75346,q80_t1057
75347,q80_t1058
75347,q80_t1059
75348,q80_t1059
75348,q80_t1060
75349,q80_t1061
75349,q80_t1062
75350,q80_t1062
75350,q80_t1063
75351,q80_t1064
75351,q80_t1065
75352,q80_t1065
75352,q80_t1066
75353,q80_t1067
75353,q80_t1068
75354,q80_t1068
75354,q80_t1069
75355,q80_t1070
75355,q80_t1071
75356,q80_t1071
75356,q80_t1072
75357,q80_t1073
75357,q80_t1074
75358,q80_t1074
75358,q80_t1075
75359,q80_t1076
75359,q80_t1077
75360,q80_t1077
75360,q80_t1078
75361,q80_t1079
75361,q80_t1080
75362,q80_t1080
75362,q80_t1081
75363,q80_t1082
75363,q80_t1083
75364,q80_t1083
75364,q80_t1084
75365,q80_t1085
75365,q80_t1086
75366,q80_t1086
75366,q80_t1087
75367,q80_t1088
75367,q80_t1089
75368,q80_t1089
75368,q80_t1090
75369,q80_t1091
75369,q80_t1092
75370,q80_t1092
75370,q80_t1093
75371,q80_t1094
75371,q80_t1095
75372,q80_t1095
75372,q80_t1096
75373,q80_t1097
75373,q80_t1098
75374,q80_t1098
75374,q80_t1099
75375,q80_t1100
75375,q80_t1101
75376,q80_t1101
75376,q80_t1102
75377,q80_t1103
75377,q80_t1104
75378,q80_t1104
75378,q80_t1105
75379,q80_t1106
75379,q80_t1107
75380,q80_t1107
75380,q80_t1108
75381,q80_t1109
75381,q80_t1110
75382,q80_t1110
75382,q80_t1111
75383,q80_t1112
75383,q80_t1113
75384,q80_t1113
75384,q80_t1114
75385,q80_t1115
75385,q80_t1116
75386,q80_t1116
75386,q80_t1117
75387,q80_t1118
75387,q80_t1119
75388,q80_t1119
75388,q80_t1120
75389,q80_t1121
75389,q80_t1122
75390,q80_t1122
75390,q80_t1123
75391,q80_t1124
75391,q80_t1125
75392,q80_t1125
75392,q80_t1126
75393,q80_t1127
75393,q80_t1128
75394,q80_t1128
75394,q80_t1129
75395,q80_t1130
75395,q80_t1131
75396,q80_t1131
75396,q80_t1132
75397,q80_t1133
75397,q80_t1134
75398,q80_t1134
75398,q80_t1135
75399,q80_t1136
75399,q80_t1137
75400,q80_t1137
75400,q80_t1138
75401,q80_t1139
75401,q80_t1140
75402,q80_t1140
75402,q80_t1144
75403,q80_t1144
75403,q80_t1145
75403,q81_t1144
75403,q81_t1145
75404,q80_t1145
75404,q80_t1146
75405,q80_t1146
75405,q80_t1147
75406,q80_t1147
75406,q80_t1148
75406,q82_t1147
75406,q82_t1148
75407,q80_t1148
75407,q80_t1149
75408,q80_t1149
75408,q80_t1150
75409,q80_t1150
75409,q80_t1151
75409,q83_t1150
75409,q83_t1151
75410,q80_t1151
75410,q80_t1152
75411,q80_t1152
75411,q80_t1153
75412,q80_t1153
75412,q80_t1154
75412,q84_t1153
75412,q84_t1154
75413,q80_t1154
75413,q80_t1155
75414,q80_t1155
75414,q80_t1156
75415,q80_t1156
75415,q80_t1157
75415,q85_t1156
75415,q85_t1157
75416,q80_t1157
75416,q80_t1158
75417,q80_t1158
75417,q80_t1159
75418,q80_t1159
75418,q80_t1160
75418,q86_t1159
75418,q86_t1160
75419,q80_t1160
75419,q80_t1161
75420,q80_t1161
75420,q80_t1162
75421,q80_t1162
75421,q80_t1163
75421,q87_t1162
75421,q87_t1163
75422,q80_t1163
75422,q80_t1164
75423,q80_t1164
75423,q80_t1165
75424,q80_t1165
75424,q80_t1166
75424,q88_t1165
75424,q88_t1166
75425,q80_t1166
75425,q80_t1167
75426,q80_t1167
75426,q80_t1168
75427,q80_t1168
75427,q80_t1169
75427,q89_t1168
75427,q89_t1169
75428,q80_t1169
75428,q80_t1170
75429,q80_t1170
75429,q80_t1171
75430,q80_t1171
75430,q80_t1172
75430,q90_t1171
75430,q90_t1172
75431,q80_t1172
75431,q80_t1173
75432,q80_t1173
75432,q80_t1174
75433,q80_t1174
75433,q80_t1175
75433,q91_t1174
75433,q91_t1175
75434,q80_t1175
75434,q80_t1176
75435,q80_t1176
75435,q80_t1177
75436,q80_t1177
75436,q80_t1178
75436,q92_t1177
75436,q92_t1178
75437,q80_t1178
75437,q80_t1179
75438,q80_t1179
75438,q80_t1180
75439,q80_t1180
75439,q80_t1181
75439,q93_t1180
75439,q93_t1181
75440,q80_t1181
75440,q80_t1182
75441,q80_t1182
75441,q80_t1183
75442,q80_t1183
75442,q80_t1184
75442,q94_t1183
75442,q94_t1184
75443,q80_t1184
75443,q80_t1185
75444,q80_t1185
75444,q80_t1186
75445,q80_t1186
75445,q80_t1187
75445,q95_t1186
75445,q95_t1187
75446,q80_t1187
75446,q80_t1188
75447,q80_t1188
75447,q80_t1189
75448,q80_t1189
75448,q80_t1190
75448,q96_t1189
75448,q96_t1190
75449,q80_t1190
75449,q80_t1191
75450,q80_t1191
75450,q80_t1192
75451,q80_t1192
75451,q80_t1193
75451,q97_t1192
75451,q97_t1193
75452,q80_t1193
75452,q80_t1194
75453,q80_t1194
75453,q80_t1195
75454,q80_t1195
75454,q80_t1196
75454,q98_t1195
75454,q98_t1196
75455,q80_t1196
75455,q80_t1197
75456,q80_t1197
75456,q80_t1198
75457,q80_t1198
75457,q80_t1199
75457,q99_t1198
75457,q99_t1199
75458,q80_t1199
75458,q80_t1200
75459,q80_t1200
75459,q80_t1201
75460,q80_t1202
75460,q80_t1203
75461,q80_t1203
75461,q80_t1204
75462,q80_t1205
75462,q80_t1206
75463,q80_t1206
75463,q80_t1207
75464,q80_t1208
75464,q80_t1209
75465,q80_t1209
75465,q80_t1210
75466,q80_t1211
75466,q80_t1212
75467,q80_t1212
75467,q80_t1213
75468,q80_t1214
75468,q80_t1215
75469,q80_t1215
75469,q80_t1216
75470,q80_t1217
75470,q80_t1218
75471,q80_t1218
75471,q80_t1219
75472,q80_t1220
75472,q80_t1221
75473,q80_t1221
75473,q80_t1222
75474,q80_t1223
75474,q80_t1224
75475,q80_t1224
75475,q80_t1225
75476,q80_t1226
75476,q80_t1227
75477,q80_t1227
75477,q80_t1228
75478,q80_t1229
75478,q80_t1230
75479,q80_t1230
75479,q80_t1231
75480,q80_t240
75480,q80_t241
75481,q80_t241
75481,q80_t242
75482,q80_t243
75482,q80_t244
75483,q80_t244
75483,q80_t245
75484,q80_t246
75484,q80_t247
75485,q80_t247
75485,q80_t248
75486,q80_t249
75486,q80_t250
75487,q80_t250
75487,q80_t251
75488,q80_t252
75488,q80_t253
75489,q80_t253
75489,q80_t254
75490,q80_t255
75490,q80_t256
75491,q80_t256
75491,q80_t257
75492,q80_t258
75492,q80_t259
75493,q80_t259
75493,q80_t260
75494,q80_t261
75494,q80_t262
75495,q80_t262
75495,q80_t263
75496,q80_t263
75496,q80_t264
75496,q8_t263
75496,q8_t264
75497,q80_t264
75497,q80_t265
75498,q80_t265
75498,q80_t266
75499,q80_t266
75499,q80_t267
75499,q9_t266
75499,q9_t267
75500,q80_t267
75500,q80_t268
75501,q80_t268
75501,q80_t269
75502,q80_t270
75502,q80_t271
75503,q80_t271
75503,q80_t272
75504,q80_t273
75504,q80_t274
75505,q80_t274
75505,q80_t275
75506,q80_t276
75506,q80_t277
75507,q80_t277
75507,q80_t278
75508,q80_t279
75508,q80_t280
75509,q80_t280
75509,q80_t281
75510,q80_t282
75510,q80_t283
75511,q80_t283
75511,q80_t284
75512,q80_t285
75512,q80_t286
75513,q80_t286
75513,q80_t287
75514,q80_t288
75514,q80_t289
75515,q80_t289
75515,q80_t290
75516,q80_t291
75516,q80_t292
75517,q80_t292
75517,q80_t293
75518,q80_t294
75518,q80_t295
75519,q80_t295
75519,q80_t296
75520,q80_t297
75520,q80_t298
75521,q80_t298
75521,q80_t299
75522,q80_t300
75522,q80_t301
75523,q80_t301
75523,q80_t302
75524,q80_t303
75524,q80_t304
75525,q80_t304
75525,q80_t305
75526,q80_t306
75526,q80_t307
75527,q80_t307
75527,q80_t308
75528,q80_t309
75528,q80_t310
75529,q80_t310
75529,q80_t311
75530,q80_t312
75530,q80_t313
75531,q80_t313
75531,q80_t314
75532,q80_t315
75532,q80_t316
75533,q80_t316
75533,q80_t317
75534,q80_t318
75534,q80_t319
75535,q80_t319
75535,q80_t320
75536,q80_t321
75536,q80_t322
75537,q80_t322
75537,q80_t323
75538,q80_t324
75538,q80_t325
75539,q80_t325
75539,q80_t326
75540,q80_t327
75540,q80_t328
75541,q80_t328
75541,q80_t329
75542,q80_t330
75542,q80_t331
75543,q80_t331
75543,q80_t332
75544,q80_t333
75544,q80_t334
75545,q80_t334
75545,q80_t335
75546,q80_t336
75546,q80_t337
75547,q80_t337
75547,q80_t338
75548,q80_t339
75548,q80_t340
75549,q80_t340
75549,q80_t341
75550,q80_t342
75550,q80_t343
75551,q80_t343
75551,q80_t344
75552,q80_t345
75552,q80_t346
75553,q80_t346
75553,q80_t347
75554,q80_t348
75554,q80_t349
75555,q80_t349
75555,q80_t350
75556,q80_t351
75556,q80_t352
75557,q80_t352
75557,q80_t353
75558,q80_t354
75558,q80_t355
75559,q80_t355
75559,q80_t356
75560,q80_t357
75560,q80_t358
75561,q80_t358
75561,q80_t359
75562,q80_t360
75562,q80_t361
75563,q80_t361
75563,q80_t362
75564,q80_t363
75564,q80_t364
75565,q80_t364
75565,q80_t365
75566,q80_t366
75566,q80_t367
75567,q80_t367
75567,q80_t368
75568,q80_t369
75568,q80_t370
75569,q80_t370
75569,q80_t371
75570,q80_t372
75570,q80_t373
75571,q80_t373
75571,q80_t374
75572,q80_t375
75572,q80_t376
75573,q80_t376
75573,q80_t377
75574,q80_t378
75574,q80_t379
75575,q80_t379
75575,q80_t380
75576,q80_t381
75576,q80_t382
75577,q80_t382
75577,q80_t383
75578,q80_t384
75578,q80_t385
75579,q80_t385
75579,q80_t386
75580,q80_t387
75580,q80_t388
75581,q80_t388
75581,q80_t389
75582,q80_t390
75582,q80_t391
75583,q80_t391
75583,q80_t392
75584,q80_t393
75584,q80_t394
75585,q80_t394
75585,q80_t395
75586,q80_t396
75586,q80_t397
75587,q80_t397
75587,q80_t398
75588,q80_t399
75588,q80_t400
75589,q80_t400
75589,q80_t401
75590,q80_t402
75590,q80_t403
75591,q80_t403
75591,q80_t404
75592,q80_t405
75592,q80_t406
75593,q80_t406
75593,q80_t407
75594,q80_t408
75594,q80_t409
75595,q80_t409
75595,q80_t410
75596,q80_t411
75596,q80_t412
75597,q80_t412
75597,q80_t413
75598,q80_t414
75598,q80_t415
75599,q80_t415
75599,q80_t416
75600,q80_t417
75600,q80_t418
75601,q80_t418
75601,q80_t419
75602,q80_t420
75602,q80_t421
75603,q80_t421
75603,q80_t422
75604,q80_t423
75604,q80_t424
75605,q80_t424
75605,q80_t425
75606,q80_t426
75606,q80_t427
75607,q80_t427
75607,q80_t428
75608,q80_t429
75608,q80_t430
75609,q80_t430
75609,q80_t431
75610,q80_t432
75610,q80_t433
75611,q80_t433
75611,q80_t434
75612,q80_t435
75612,q80_t436
75613,q80_t436
75613,q80_t437
75614,q80_t438
75614,q80_t439
75615,q80_t439
75615,q80_t440
75616,q80_t441
75616,q80_t442
75617,q80_t442
75617,q80_t443
75618,q80_t444
75618,q80_t445
75619,q80_t445
75619,q80_t446
75620,q80_t447
75620,q80_t448
75621,q80_t448
75621,q80_t449
75622,q80_t450
75622,q80_t451
75623,q80_t451
75623,q80_t452
75624,q80_t453
75624,q80_t454
75625,q80_t454
75625,q80_t455
75626,q80_t456
75626,q80_t457
75627,q80_t457
75627,q80_t458
75628,q80_t459
75628,q80_t460
75629,q80_t460
75629,q80_t461
75630,q80_t462
75630,q80_t463
75631,q80_t463
75631,q80_t464
75632,q80_t465
75632,q80_t466
75633,q80_t466
75633,q80_t467
75634,q80_t468
75634,q80_t469
75635,q80_t469
75635,q80_t470
75636,q80_t471
75636,q80_t472
75637,q80_t472
75637,q80_t473
75638,q80_t474
75638,q80_t475
75639,q80_t475
75639,q80_t476
75640,q80_t477
75640,q80_t478
75641,q80_t478
75641,q80_t482
75642,q80_t482
75642,q80_t483
75642,q81_t482
75642,q81_t483
75643,q80_t483
75643,q80_t484
75644,q80_t484
75644,q80_t485
75645,q80_t485
75645,q80_t486
75645,q82_t485
75645,q82_t486
75646,q80_t486
75646,q80_t487
75647,q80_t487
75647,q80_t488
75648,q80_t488
75648,q80_t489
75648,q83_t488
75648,q83_t489
75649,q80_t489
75649,q80_t490
75650,q80_t490
75650,q80_t491
75651,q80_t491
75651,q80_t492
75651,q84_t491
75651,q84_t492
75652,q80_t492
75652,q80_t493
75653,q80_t493
75653,q80_t494
75654,q80_t494
75654,q80_t495
75654,q85_t494
75654,q85_t495
75655,q80_t495
75655,q80_t496
75656,q80_t496
75656,q80_t497
75657,q80_t497
75657,q80_t498
75657,q86_t497
75657,q86_t498
75658,q80_t498
75658,q80_t499
75659,q80_t499
75659,q80_t500
75660,q80_t500
75660,q80_t501
75660,q87_t500
75660,q87_t501
75661,q80_t501
75661,q80_t502
75662,q80_t502
75662,q80_t503
75663,q80_t503
75663,q80_t504
75663,q88_t503
75663,q88_t504
75664,q80_t504
75664,q80_t505
75665,q80_t505
75665,q80_t506
75666,q80_t506
75666,q80_t507
75666,q89_t506
75666,q89_t507
75667,q80_t507
75667,q80_t508
75668,q80_t508
75668,q80_t509
75669,q80_t509
75669,q80_t510
75669,q90_t509
75669,q90_t510
75670,q80_t510
75670,q80_t511
75671,q80_t511
75671,q80_t512
75672,q80_t512
75672,q80_t513
75672,q91_t512
75672,q91_t513
75673,q80_t513
75673,q80_t514
75674,q80_t514
75674,q80_t515
75675,q80_t515
75675,q80_t516
75675,q92_t515
75675,q92_t516
75676,q80_t516
75676,q80_t517
75677,q80_t517
75677,q80_t518
75678,q80_t518
75678,q80_t519
75678,q93_t518
75678,q93_t519
75679,q80_t519
75679,q80_t520
75680,q80_t520
75680,q80_t521
75681,q80_t521
75681,q80_t522
75681,q94_t521
75681,q94_t522
75682,q80_t522
75682,q80_t523
75683,q80_t523
75683,q80_t524
75684,q80_t524
75684,q80_t525
75684,q95_t524
75684,q95_t525
75685,q80_t525
75685,q80_t526
75686,q80_t526
75686,q80_t527
75687,q80_t527
75687,q80_t528
75687,q96_t527
75687,q96_t528
75688,q80_t528
75688,q80_t529
75689,q80_t529
75689,q80_t530
75690,q80_t530
75690,q80_t531
75690,q97_t530
75690,q97_t531
75691,q80_t531
75691,q80_t532
75692,q80_t532
75692,q80_t533
75693,q80_t533
75693,q80_t534
75693,q98_t533
75693,q98_t534
75694,q80_t534
75694,q80_t535
75695,q80_t535
75695,q80_t536
75696,q80_t536
75696,q80_t537
75696,q99_t536
75696,q99_t537
75697,q80_t537
75697,q80_t538
75698,q80_t538
75698,q80_t539
75699,q80_t540
75699,q80_t541
75700,q80_t541
75700,q80_t542
75701,q80_t543
75701,q80_t544
75702,q80_t544
75702,q80_t545
75703,q80_t546
75703,q80_t547
75704,q80_t547
75704,q80_t548
75705,q80_t549
75705,q80_t550
75706,q80_t550
75706,q80_t551
75707,q80_t552
75707,q80_t553
75708,q80_t553
75708,q80_t554
75709,q80_t555
75709,q80_t556
75710,q80_t556
75710,q80_t557
75711,q80_t558
75711,q80_t559
75712,q80_t559
75712,q80_t560
75713,q80_t561
75713,q80_t562
75714,q80_t562
75714,q80_t563
75715,q80_t564
75715,q80_t565
75716,q80_t565
75716,q80_t566
75717,q80_t567
75717,q80_t568
75718,q80_t568
75718,q80_t569
75719,q80_t569
75719,q80_t570
75720,q80_t571
75720,q80_t572
75721,q80_t572
75721,q80_t573
75722,q80_t574
75722,q80_t575
75723,q80_t575
75723,q80_t576
75724,q80_t577
75724,q80_t578
75725,q80_t578
75725,q80_t579
75726,q80_t580
75726,q80_t581
75727,q80_t581
75727,q80_t582
75728,q80_t583
75728,q80_t584
75729,q80_t584
75729,q80_t585
75730,q80_t586
75730,q80_t587
75731,q80_t587
75731,q80_t588
75732,q80_t589
75732,q80_t590
75733,q80_t590
75733,q80_t591
75734,q80_t592
75734,q80_t593
75735,q80_t593
75735,q80_t594
75736,q80_t594
75736,q80_t595
75736,q8_t594
75736,q8_t595
75737,q80_t595
75737,q80_t596
75738,q80_t596
75738,q80_t597
75739,q80_t597
75739,q80_t598
75739,q9_t597
75739,q9_t598
75740,q80_t598
75740,q80_t599
75741,q80_t599
75741,q80_t600
75742,q80_t601
75742,q80_t602
75743,q80_t602
75743,q80_t603
75744,q80_t604
75744,q80_t605
75745,q80_t605
75745,q80_t606
75746,q80_t607
75746,q80_t608
75747,q80_t608
75747,q80_t609
75748,q80_t610
75748,q80_t611
75749,q80_t611
75749,q80_t612
75750,q80_t613
75750,q80_t614
75751,q80_t614
75751,q80_t615
75752,q80_t616
75752,q80_t617
75753,q80_t617
75753,q80_t618
75754,q80_t619
75754,q80_t620
75755,q80_t620
75755,q80_t621
75756,q80_t622
75756,q80_t623
75757,q80_t623
75757,q80_t624
75758,q80_t625
75758,q80_t626
75759,q80_t626
75759,q80_t627
75760,q80_t628
75760,q80_t629
75761,q80_t629
75761,q80_t630
75762,q80_t631
75762,q80_t632
75763,q80_t632
75763,q80_t633
75764,q80_t634
75764,q80_t635
75765,q80_t635
75765,q80_t636
75766,q80_t637
75766,q80_t638
75767,q80_t638
75767,q80_t639
75768,q80_t640
75768,q80_t641
75769,q80_t641
75769,q80_t642
75770,q80_t643
75770,q80_t644
75771,q80_t644
75771,q80_t645
75772,q80_t646
75772,q80_t647
75773,q80_t647
75773,q80_t648
75774,q80_t649
75774,q80_t650
75775,q80_t650
75775,q80_t651
75776,q80_t652
75776,q80_t653
75777,q80_t653
75777,q80_t654
75778,q80_t655
75778,q80_t656
75779,q80_t656
75779,q80_t657
75780,q80_t658
75780,q80_t659
75781,q80_t659
75781,q80_t660
75782,q80_t661
75782,q80_t662
75783,q80_t662
75783,q80_t663
75784,q80_t664
75784,q80_t665
75785,q80_t665
75785,q80_t666
75786,q80_t667
75786,q80_t668
75787,q80_t668
75787,q80_t669
75788,q80_t670
75788,q80_t671
75789,q80_t671
75789,q80_t672
75790,q80_t673
75790,q80_t674
75791,q80_t674
75791,q80_t675
75792,q80_t676
75792,q80_t677
75793,q80_t677
75793,q80_t678
75794,q80_t679
75794,q80_t680
75795,q80_t680
75795,q80_t681
75796,q80_t682
75796,q80_t683
75797,q80_t683
75797,q80_t684
75798,q80_t685
75798,q80_t686
75799,q80_t686
75799,q80_t687
75800,q80_t688
75800,q80_t689
75801,q80_t689
75801,q80_t690
75802,q80_t691
75802,q80_t692
75803,q80_t692
75803,q80_t693
75804,q80_t694
75804,q80_t695
75805,q80_t695
75805,q80_t696
75806,q80_t697
75806,q80_t698
75807,q80_t698
75807,q80_t699
75808,q80_t700
75808,q80_t701
75809,q80_t701
75809,q80_t702
75810,q80_t703
75810,q80_t704
75811,q80_t704
75811,q80_t705
75812,q80_t706
75812,q80_t707
75813,q80_t707
75813,q80_t708
75814,q80_t709
75814,q80_t710
75815,q80_t710
75815,q80_t711
75816,q80_t712
75816,q80_t713
75817,q80_t713
75817,q80_t714
75818,q80_t715
75818,q80_t716
75819,q80_t716
75819,q80_t717
75820,q80_t718
75820,q80_t719
75821,q80_t719
75821,q80_t720
75822,q80_t721
75822,q80_t722
75823,q80_t722
75823,q80_t723
75824,q80_t724
75824,q80_t725
75825,q80_t725
75825,q80_t726
75826,q80_t727
75826,q80_t728
75827,q80_t728
75827,q80_t729
75828,q80_t730
75828,q80_t731
75829,q80_t731
75829,q80_t732
75830,q80_t733
75830,q80_t734
75831,q80_t734
75831,q80_t735
75832,q80_t736
75832,q80_t737
75833,q80_t737
75833,q80_t738
75834,q80_t739
75834,q80_t740
75835,q80_t740
75835,q80_t741
75836,q80_t742
75836,q80_t743
75837,q80_t743
75837,q80_t744
75838,q80_t745
75838,q80_t746
75839,q80_t746
75839,q80_t747
75840,q80_t748
75840,q80_t749
75841,q80_t749
75841,q80_t750
75842,q80_t751
75842,q80_t752
75843,q80_t752
75843,q80_t753
75844,q80_t754
75844,q80_t755
75845,q80_t755
75845,q80_t756
75846,q80_t757
75846,q80_t758
75847,q80_t758
75847,q80_t759
75848,q80_t760
75848,q80_t761
75849,q80_t761
75849,q80_t762
75850,q80_t763
75850,q80_t764
75851,q80_t764
75851,q80_t765
75852,q80_t766
75852,q80_t767
75853,q80_t767
75853,q80_t768
75854,q80_t769
75854,q80_t770
75855,q80_t770
75855,q80_t771
75856,q80_t772
75856,q80_t773
75857,q80_t773
75857,q80_t774
75858,q80_t775
75858,q80_t776
75859,q80_t776
75859,q80_t777
75860,q80_t778
75860,q80_t779
75861,q80_t779
75861,q80_t780
75862,q80_t781
75862,q80_t782
75863,q80_t782
75863,q80_t783
75864,q80_t784
75864,q80_t785
75865,q80_t785
75865,q80_t786
75866,q80_t787
75866,q80_t788
75867,q80_t788
75867,q80_t789
75868,q80_t790
75868,q80_t791
75869,q80_t791
75869,q80_t792
75870,q80_t793
75870,q80_t794
75871,q80_t794
75871,q80_t795
75872,q80_t796
75872,q80_t797
75873,q80_t797
75873,q80_t798
75874,q80_t799
75874,q80_t800
75875,q80_t800
75875,q80_t801
75876,q80_t802
75876,q80_t803
75877,q80_t803
75877,q80_t804
75878,q80_t805
75878,q80_t806
75879,q80_t806
75879,q80_t807
75880,q80_t808
75880,q80_t809
75881,q80_t809
75881,q80_t813
75882,q80_t813
75882,q80_t814
75882,q81_t813
75882,q81_t814
75883,q80_t814
75883,q80_t815
75884,q80_t815
75884,q80_t816
75885,q80_t816
75885,q80_t817
75885,q82_t816
75885,q82_t817
75886,q80_t817
75886,q80_t818
75887,q80_t818
75887,q80_t819
75888,q80_t819
75888,q80_t820
75888,q83_t819
75888,q83_t820
75889,q80_t820
75889,q80_t821
75890,q80_t821
75890,q80_t822
75891,q80_t822
75891,q80_t823
75891,q84_t822
75891,q84_t823
75892,q80_t823
75892,q80_t824
75893,q80_t824
75893,q80_t825
75894,q80_t825
75894,q80_t826
75894,q85_t825
75894,q85_t826
75895,q80_t826
75895,q80_t827
75896,q80_t827
75896,q80_t828
75897,q80_t828
75897,q80_t829
75897,q86_t828
75897,q86_t829
75898,q80_t829
75898,q80_t830
75899,q80_t830
75899,q80_t831
75900,q80_t831
75900,q80_t832
75900,q87_t831
75900,q87_t832
75901,q80_t832
75901,q80_t833
75902,q80_t833
75902,q80_t834
75903,q80_t834
75903,q80_t835
75903,q88_t834
75903,q88_t835
75904,q80_t835
75904,q80_t836
75905,q80_t836
75905,q80_t837
75906,q80_t837
75906,q80_t838
75906,q89_t837
75906,q89_t838
75907,q80_t838
75907,q80_t839
75908,q80_t839
75908,q80_t840
75909,q80_t840
75909,q80_t841
75909,q90_t840
75909,q90_t841
75910,q80_t841
75910,q80_t842
75911,q80_t842
75911,q80_t843
75912,q80_t843
75912,q80_t844
75912,q91_t843
75912,q91_t844
75913,q80_t844
75913,q80_t845
75914,q80_t845
75914,q80_t846
75915,q80_t846
75915,q80_t847
75915,q92_t846
75915,q92_t847
75916,q80_t847
75916,q80_t848
75917,q80_t848
75917,q80_t849
75918,q80_t849
75918,q80_t850
75918,q93_t849
75918,q93_t850
75919,q80_t850
75919,q80_t851
75920,q80_t851
75920,q80_t852
75921,q80_t852
75921,q80_t853
75921,q94_t852
75921,q94_t853
75922,q80_t853
75922,q80_t854
75923,q80_t854
75923,q80_t855
75924,q80_t855
75924,q80_t856
75924,q95_t855
75924,q95_t856
75925,q80_t856
75925,q80_t857
75926,q80_t857
75926,q80_t858
75927,q80_t858
75927,q80_t859
75927,q96_t858
75927,q96_t859
75928,q80_t859
75928,q80_t860
75929,q80_t860
75929,q80_t861
75930,q80_t861
75930,q80_t862
75930,q97_t861
75930,q97_t862
75931,q80_t862
75931,q80_t863
75932,q80_t863
75932,q80_t864
75933,q80_t864
75933,q80_t865
75933,q98_t864
75933,q98_t865
75934,q80_t865
75934,q80_t866
75935,q80_t866
75935,q80_t867
75936,q80_t867
75936,q80_t868
75936,q99_t867
75936,q99_t868
75937,q80_t868
75937,q80_t869
75938,q80_t869
75938,q80_t870
75939,q80_t871
75939,q80_t872
75940,q80_t872
75940,q80_t873
75941,q80_t874
75941,q80_t875
75942,q80_t875
75942,q80_t876
75943,q80_t877
75943,q80_t878
75944,q80_t878
75944,q80_t879
75945,q80_t880
75945,q80_t881
75946,q80_t881
75946,q80_t882
75947,q80_t883
75947,q80_t884
75948,q80_t884
75948,q80_t885
75949,q80_t886
75949,q80_t887
75950,q80_t887
75950,q80_t888
75951,q80_t889
75951,q80_t890
75952,q80_t890
75952,q80_t891
75953,q80_t892
75953,q80_t893
75954,q80_t893
75954,q80_t894
75955,q80_t895
75955,q80_t896
75956,q80_t896
75956,q80_t897
75957,q80_t898
75957,q80_t899
75958,q80_t899
75958,q80_t900
75959,q80_t900
75959,q80_t901
75960,q80_t902
75960,q80_t903
75961,q80_t903
75961,q80_t904
75962,q80_t905
75962,q80_t906
75963,q80_t906
75963,q80_t907
75964,q80_t908
75964,q80_t909
75965,q80_t909
75965,q80_t910
75966,q80_t911
75966,q80_t912
75967,q80_t912
75967,q80_t913
75968,q80_t914
75968,q80_t915
75969,q80_t915
75969,q80_t916
75970,q80_t917
75970,q80_t918
75971,q80_t918
75971,q80_t919
75972,q80_t920
75972,q80_t921
75973,q80_t921
75973,q80_t922
75974,q80_t923
75974,q80_t924
75975,q80_t924
75975,q80_t925
75976,q80_t925
75976,q80_t926
75976,q8_t925
75976,q8_t926
75977,q80_t926
75977,q80_t927
75978,q80_t927
75978,q80_t928
75979,q80_t928
75979,q80_t929
75979,q9_t928
75979,q9_t929
75980,q80_t929
75980,q80_t930
75981,q80_t930
75981,q80_t931
75982,q80_t932
75982,q80_t933
75983,q80_t933
75983,q80_t934
75984,q80_t935
75984,q80_t936
75985,q80_t936
75985,q80_t937
75986,q80_t938
75986,q80_t939
75987,q80_t939
75987,q80_t940
75988,q80_t941
75988,q80_t942
75989,q80_t942
75989,q80_t943
75990,q80_t944
75990,q80_t945
75991,q80_t945
75991,q80_t946
75992,q80_t947
75992,q80_t948
75993,q80_t948
75993,q80_t949
75994,q80_t950
75994,q80_t951
75995,q80_t951
75995,q80_t952
75996,q80_t953
75996,q80_t954
75997,q80_t954
75997,q80_t955
75998,q80_t956
75998,q80_t957
75999,q80_t957
75999,q80_t958
76000,q80_t959
76000,q80_t960
76001,q80_t960
76001,q80_t961
76002,q80_t962
76002,q80_t963
76003,q80_t963
76003,q80_t964
76004,q80_t965
76004,q80_t966
76005,q80_t966
76005,q80_t967
76006,q80_t968
76006,q80_t969
76007,q80_t969
76007,q80_t970
76008,q80_t971
76008,q80_t972
76009,q80_t972
76009,q80_t973
76010,q80_t974
76010,q80_t975
76011,q80_t975
76011,q80_t976
76012,q80_t977
76012,q80_t978
76013,q80_t978
76013,q80_t979
76014,q80_t980
76014,q80_t981
76015,q80_t981
76015,q80_t982
76016,q80_t983
76016,q80_t984
76017,q80_t984
76017,q80_t985
76018,q80_t986
76018,q80_t987
76019,q80_t987
76019,q80_t988
76020,q80_t989
76020,q80_t990
76021,q80_t990
76021,q80_t991
76022,q80_t992
76022,q80_t993
76023,q80_t993
76023,q80_t994
76024,q80_t995
76024,q80_t996
76025,q80_t996
76025,q80_t997
76026,q80_t998
76026,q80_t999
76027,q81_t0
76027,q81_t1
76028,q81_t1
76028,q81_t242
76029,q81_t1000
76029,q81_t999
76030,q81_t1001
76030,q81_t1002
76031,q81_t1002
76031,q81_t1003
76032,q81_t1004
76032,q81_t1005
76033,q81_t1005
76033,q81_t1006
76034,q81_t1007
76034,q81_t1008
76035,q81_t1008
76035,q81_t1009
76036,q81_t1010
76036,q81_t1011
76037,q81_t1011
76037,q81_t1012
76038,q81_t1013
76038,q81_t1014
76039,q81_t1014
76039,q81_t1015
76040,q81_t1016
76040,q81_t1017
76041,q81_t1017
76041,q81_t1018
76042,q81_t1019
76042,q81_t1020
76043,q81_t1020
76043,q81_t1021
76044,q81_t1022
76044,q81_t1023
76045,q81_t1023
76045,q81_t1024
76046,q81_t1025
76046,q81_t1026
76047,q81_t1026
76047,q81_t1027
76048,q81_t1028
76048,q81_t1029
76049,q81_t1029
76049,q81_t1030
76050,q81_t1031
76050,q81_t1032
76051,q81_t1032
76051,q81_t1033
76052,q81_t1034
76052,q81_t1035
76053,q81_t1035
76053,q81_t1036
76054,q81_t1037
76054,q81_t1038
76055,q81_t1038
76055,q81_t1039
76056,q81_t1040
76056,q81_t1041
76057,q81_t1041
76057,q81_t1042
76058,q81_t1043
76058,q81_t1044
76059,q81_t1044
76059,q81_t1045
76060,q81_t1046
76060,q81_t1047
76061,q81_t1047
76061,q81_t1048
76062,q81_t1049
76062,q81_t1050
76063,q81_t1050
76063,q81_t1051
76064,q81_t1052
76064,q81_t1053
76065,q81_t1053
76065,q81_t1054
76066,q81_t1055
76066,q81_t1056
76067,q81_t1056
76067,q81_t1057
76068,q81_t1058
76068,q81_t1059
76069,q81_t1059
76069,q81_t1060
76070,q81_t1061
76070,q81_t1062
76071,q81_t1062
76071,q81_t1063
76072,q81_t1064
76072,q81_t1065
76073,q81_t1065
76073,q81_t1066
76074,q81_t1067
76074,q81_t1068
76075,q81_t1068
76075,q81_t1069
76076,q81_t1070
76076,q81_t1071
76077,q81_t1071
76077,q81_t1072
76078,q81_t1073
76078,q81_t1074
76079,q81_t1074
76079,q81_t1075
76080,q81_t1076
76080,q81_t1077
76081,q81_t1077
76081,q81_t1078
76082,q81_t1079
76082,q81_t1080
76083,q81_t1080
76083,q81_t1081
76084,q81_t1082
76084,q81_t1083
76085,q81_t1083
76085,q81_t1084
76086,q81_t1085
76086,q81_t1086
76087,q81_t1086
76087,q81_t1087
76088,q81_t1088
76088,q81_t1089
76089,q81_t1089
76089,q81_t1090
76090,q81_t1091
76090,q81_t1092
76091,q81_t1092
76091,q81_t1093
76092,q81_t1094
76092,q81_t1095
76093,q81_t1095
76093,q81_t1096
76094,q81_t1097
76094,q81_t1098
76095,q81_t1098
76095,q81_t1099
76096,q81_t1100
76096,q81_t1101
76097,q81_t1101
76097,q81_t1102
76098,q81_t1103
76098,q81_t1104
76099,q81_t1104
76099,q81_t1105
76100,q81_t1106
76100,q81_t1107
76101,q81_t1107
76101,q81_t1108
76102,q81_t1109
76102,q81_t1110
76103,q81_t1110
76103,q81_t1111
76104,q81_t1112
76104,q81_t1113
76105,q81_t1113
76105,q81_t1114
76106,q81_t1115
76106,q81_t1116
76107,q81_t1116
76107,q81_t1117
76108,q81_t1118
76108,q81_t1119
76109,q81_t1119
76109,q81_t1120
76110,q81_t1121
76110,q81_t1122
76111,q81_t1122
76111,q81_t1123
76112,q81_t1124
76112,q81_t1125
76113,q81_t1125
76113,q81_t1126
76114,q81_t1127
76114,q81_t1128
76115,q81_t1128
76115,q81_t1129
76116,q81_t1130
76116,q81_t1131
76117,q81_t1131
76117,q81_t1132
76118,q81_t1133
76118,q81_t1134
76119,q81_t1134
76119,q81_t1135
76120,q81_t1136
76120,q81_t1137
76121,q81_t1137
76121,q81_t1138
76122,q81_t1139
76122,q81_t1140
76123,q81_t1140
76123,q81_t1141
76124,q81_t1142
76124,q81_t1143
76125,q81_t1143
76125,q81_t1144
76126,q81_t1145
76126,q81_t1146
76127,q81_t1146
76127,q81_t1150
76128,q81_t1150
76128,q81_t1151
76128,q82_t1150
76128,q82_t1151
76129,q81_t1151
76129,q81_t1152
76130,q81_t1152
76130,q81_t1153
76131,q81_t1153
76131,q81_t1154
76131,q83_t1153
76131,q83_t1154
76132,q81_t1154
76132,q81_t1155
76133,q81_t1155
76133,q81_t1156
76134,q81_t1156
76134,q81_t1157
76134,q84_t1156
76134,q84_t1157
76135,q81_t1157
76135,q81_t1158
76136,q81_t1158
76136,q81_t1159
76137,q81_t1159
76137,q81_t1160
76137,q85_t1159
76137,q85_t1160
76138,q81_t1160
76138,q81_t1161
76139,q81_t1161
76139,q81_t1162
76140,q81_t1162
76140,q81_t1163
76140,q86_t1162
76140,q86_t1163
76141,q81_t1163
76141,q81_t1164
76142,q81_t1164
76142,q81_t1165
76143,q81_t1165
76143,q81_t1166
76143,q87_t1165
76143,q87_t1166
76144,q81_t1166
76144,q81_t1167
76145,q81_t1167
76145,q81_t1168
76146,q81_t1168
76146,q81_t1169
76146,q88_t1168
76146,q88_t1169
76147,q81_t1169
76147,q81_t1170
76148,q81_t1170
76148,q81_t1171
76149,q81_t1171
76149,q81_t1172
76149,q89_t1171
76149,q89_t1172
76150,q81_t1172
76150,q81_t1173
76151,q81_t1173
76151,q81_t1174
76152,q81_t1174
76152,q81_t1175
76152,q90_t1174
76152,q90_t1175
76153,q81_t1175
76153,q81_t1176
76154,q81_t1176
76154,q81_t1177
76155,q81_t1177
76155,q81_t1178
76155,q91_t1177
76155,q91_t1178
76156,q81_t1178
76156,q81_t1179
76157,q81_t1179
76157,q81_t1180
76158,q81_t1180
76158,q81_t1181
76158,q92_t1180
76158,q92_t1181
76159,q81_t1181
76159,q81_t1182
76160,q81_t1182
76160,q81_t1183
76161,q81_t1183
76161,q81_t1184
76161,q93_t1183
76161,q93_t1184
76162,q81_t1184
76162,q81_t1185
76163,q81_t1185
76163,q81_t1186
76164,q81_t1186
76164,q81_t1187
76164,q94_t1186
76164,q94_t1187
76165,q81_t1187
76165,q81_t1188
76166,q81_t1188
76166,q81_t1189
76167,q81_t1189
76167,q81_t1190
76167,q95_t1189
76167,q95_t1190
76168,q81_t1190
76168,q81_t1191
76169,q81_t1191
76169,q81_t1192
76170,q81_t1192
76170,q81_t1193
76170,q96_t1192
76170,q96_t1193
76171,q81_t1193
76171,q81_t1194
76172,q81_t1194
76172,q81_t1195
76173,q81_t1195
76173,q81_t1196
76173,q97_t1195
76173,q97_t1196
76174,q81_t1196
76174,q81_t1197
76175,q81_t1197
76175,q81_t1198
76176,q81_t1198
76176,q81_t1199
76176,q98_t1198
76176,q98_t1199
76177,q81_t1199
76177,q81_t1200
76178,q81_t1200
76178,q81_t1201
76179,q81_t1201
76179,q81_t1202
76179,q99_t1201
76179,q99_t1202
76180,q81_t1202
76180,q81_t1203
76181,q81_t1203
76181,q81_t1204
76182,q81_t1205
76182,q81_t1206
76183,q81_t1206
76183,q81_t1207
76184,q81_t1208
76184,q81_t1209
76185,q81_t1209
76185,q81_t1210
76186,q81_t1211
76186,q81_t1212
76187,q81_t1212
76187,q81_t1213
76188,q81_t1214
76188,q81_t1215
76189,q81_t1215
76189,q81_t1216
76190,q81_t1217
76190,q81_t1218
76191,q81_t1218
76191,q81_t1219
76192,q81_t1220
76192,q81_t1221
76193,q81_t1221
76193,q81_t1222
76194,q81_t1223
76194,q81_t1224
76195,q81_t1224
76195,q81_t1225
76196,q81_t1226
76196,q81_t1227
76197,q81_t1227
76197,q81_t1228
76198,q81_t1229
76198,q81_t1230
76199,q81_t1230
76199,q81_t1231
76200,q81_t1232
76200,q81_t1233
76201,q81_t1233
76201,q81_t1234
76202,q81_t243
76202,q81_t244
76203,q81_t244
76203,q81_t245
76204,q81_t246
76204,q81_t247
76205,q81_t247
76205,q81_t248
76206,q81_t249
76206,q81_t250
76207,q81_t250
76207,q81_t251
76208,q81_t252
76208,q81_t253
76209,q81_t253
76209,q81_t254
76210,q81_t255
76210,q81_t256
76211,q81_t256
76211,q81_t257
76212,q81_t258
76212,q81_t259
76213,q81_t259
76213,q81_t260
76214,q81_t261
76214,q81_t262
76215,q81_t262
76215,q81_t263
76216,q81_t264
76216,q81_t265
76217,q81_t265
76217,q81_t266
76218,q81_t266
76218,q81_t267
76218,q8_t266
76218,q8_t267
76219,q81_t267
76219,q81_t268
76220,q81_t268
76220,q81_t269
76221,q81_t269
76221,q81_t270
76221,q9_t269
76221,q9_t270
76222,q81_t270
76222,q81_t271
76223,q81_t271
76223,q81_t272
76224,q81_t273
76224,q81_t274
76225,q81_t274
76225,q81_t275
76226,q81_t276
76226,q81_t277
76227,q81_t277
76227,q81_t278
76228,q81_t279
76228,q81_t280
76229,q81_t280
76229,q81_t281
76230,q81_t282
76230,q81_t283
76231,q81_t283
76231,q81_t284
76232,q81_t285
76232,q81_t286
76233,q81_t286
76233,q81_t287
76234,q81_t288
76234,q81_t289
76235,q81_t289
76235,q81_t290
76236,q81_t291
76236,q81_t292
76237,q81_t292
76237,q81_t293
76238,q81_t294
76238,q81_t295
76239,q81_t295
76239,q81_t296
76240,q81_t297
76240,q81_t298
76241,q81_t298
76241,q81_t299
76242,q81_t300
76242,q81_t301
76243,q81_t301
76243,q81_t302
76244,q81_t303
76244,q81_t304
76245,q81_t304
76245,q81_t305
76246,q81_t306
76246,q81_t307
76247,q81_t307
76247,q81_t308
76248,q81_t309
76248,q81_t310
76249,q81_t310
76249,q81_t311
76250,q81_t312
76250,q81_t313
76251,q81_t313
76251,q81_t314
76252,q81_t315
76252,q81_t316
76253,q81_t316
76253,q81_t317
76254,q81_t318
76254,q81_t319
76255,q81_t319
76255,q81_t320
76256,q81_t321
76256,q81_t322
76257,q81_t322
76257,q81_t323
76258,q81_t324
76258,q81_t325
76259,q81_t325
76259,q81_t326
76260,q81_t327
76260,q81_t328
76261,q81_t328
76261,q81_t329
76262,q81_t330
76262,q81_t331
76263,q81_t331
76263,q81_t332
76264,q81_t333
76264,q81_t334
76265,q81_t334
76265,q81_t335
76266,q81_t336
76266,q81_t337
76267,q81_t337
76267,q81_t338
76268,q81_t339
76268,q81_t340
76269,q81_t340
76269,q81_t341
76270,q81_t342
76270,q81_t343
76271,q81_t343
76271,q81_t344
76272,q81_t345
76272,q81_t346
76273,q81_t346
76273,q81_t347
76274,q81_t348
76274,q81_t349
76275,q81_t349
76275,q81_t350
76276,q81_t351
76276,q81_t352
76277,q81_t352
76277,q81_t353
76278,q81_t354
76278,q81_t355
76279,q81_t355
76279,q81_t356
76280,q81_t357
76280,q81_t358
76281,q81_t358
76281,q81_t359
76282,q81_t360
76282,q81_t361
76283,q81_t361
76283,q81_t362
76284,q81_t363
76284,q81_t364
76285,q81_t364
76285,q81_t365
76286,q81_t366
76286,q81_t367
76287,q81_t367
76287,q81_t368
76288,q81_t369
76288,q81_t370
76289,q81_t370
76289,q81_t371
76290,q81_t372
76290,q81_t373
76291,q81_t373
76291,q81_t374
76292,q81_t375
76292,q81_t376
76293,q81_t376
76293,q81_t377
76294,q81_t378
76294,q81_t379
76295,q81_t379
76295,q81_t380
76296,q81_t381
76296,q81_t382
76297,q81_t382
76297,q81_t383
76298,q81_t384
76298,q81_t385
76299,q81_t385
76299,q81_t386
76300,q81_t387
76300,q81_t388
76301,q81_t388
76301,q81_t389
76302,q81_t390
76302,q81_t391
76303,q81_t391
76303,q81_t392
76304,q81_t393
76304,q81_t394
76305,q81_t394
76305,q81_t395
76306,q81_t396
76306,q81_t397
76307,q81_t397
76307,q81_t398
76308,q81_t399
76308,q81_t400
76309,q81_t400
76309,q81_t401
76310,q81_t402
76310,q81_t403
76311,q81_t403
76311,q81_t404
76312,q81_t405
76312,q81_t406
76313,q81_t406
76313,q81_t407
76314,q81_t408
76314,q81_t409
76315,q81_t409
76315,q81_t410
76316,q81_t411
76316,q81_t412
76317,q81_t412
76317,q81_t413
76318,q81_t414
76318,q81_t415
76319,q81_t415
76319,q81_t416
76320,q81_t417
76320,q81_t418
76321,q81_t418
76321,q81_t419
76322,q81_t420
76322,q81_t421
76323,q81_t421
76323,q81_t422
76324,q81_t423
76324,q81_t424
76325,q81_t424
76325,q81_t425
76326,q81_t426
76326,q81_t427
76327,q81_t427
76327,q81_t428
76328,q81_t429
76328,q81_t430
76329,q81_t430
76329,q81_t431
76330,q81_t432
76330,q81_t433
76331,q81_t433
76331,q81_t434
76332,q81_t435
76332,q81_t436
76333,q81_t436
76333,q81_t437
76334,q81_t438
76334,q81_t439
76335,q81_t439
76335,q81_t440
76336,q81_t441
76336,q81_t442
76337,q81_t442
76337,q81_t443
76338,q81_t444
76338,q81_t445
76339,q81_t445
76339,q81_t446
76340,q81_t447
76340,q81_t448
76341,q81_t448
76341,q81_t449
76342,q81_t450
76342,q81_t451
76343,q81_t451
76343,q81_t452
76344,q81_t453
76344,q81_t454
76345,q81_t454
76345,q81_t455
76346,q81_t456
76346,q81_t457
76347,q81_t457
76347,q81_t458
76348,q81_t459
76348,q81_t460
76349,q81_t460
76349,q81_t461
76350,q81_t462
76350,q81_t463
76351,q81_t463
76351,q81_t464
76352,q81_t465
76352,q81_t466
76353,q81_t466
76353,q81_t467
76354,q81_t468
76354,q81_t469
76355,q81_t469
76355,q81_t470
76356,q81_t471
76356,q81_t472
76357,q81_t472
76357,q81_t473
76358,q81_t474
76358,q81_t475
76359,q81_t475
76359,q81_t476
76360,q81_t477
76360,q81_t478
76361,q81_t478
76361,q81_t479
76362,q81_t480
76362,q81_t481
76363,q81_t481
76363,q81_t482
76364,q81_t483
76364,q81_t484
76365,q81_t484
76365,q81_t488
76366,q81_t488
76366,q81_t489
76366,q82_t488
76366,q82_t489
76367,q81_t489
76367,q81_t490
76368,q81_t490
76368,q81_t491
76369,q81_t491
76369,q81_t492
76369,q83_t491
76369,q83_t492
76370,q81_t492
76370,q81_t493
76371,q81_t493
76371,q81_t494
76372,q81_t494
76372,q81_t495
76372,q84_t494
76372,q84_t495
76373,q81_t495
76373,q81_t496
76374,q81_t496
76374,q81_t497
76375,q81_t497
76375,q81_t498
76375,q85_t497
76375,q85_t498
76376,q81_t498
76376,q81_t499
76377,q81_t499
76377,q81_t500
76378,q81_t500
76378,q81_t501
76378,q86_t500
76378,q86_t501
76379,q81_t501
76379,q81_t502
76380,q81_t502
76380,q81_t503
76381,q81_t503
76381,q81_t504
76381,q87_t503
76381,q87_t504
76382,q81_t504
76382,q81_t505
76383,q81_t505
76383,q81_t506
76384,q81_t506
76384,q81_t507
76384,q88_t506
76384,q88_t507
76385,q81_t507
76385,q81_t508
76386,q81_t508
76386,q81_t509
76387,q81_t509
76387,q81_t510
76387,q89_t509
76387,q89_t510
76388,q81_t510
76388,q81_t511
76389,q81_t511
76389,q81_t512
76390,q81_t512
76390,q81_t513
76390,q90_t512
76390,q90_t513
76391,q81_t513
76391,q81_t514
76392,q81_t514
76392,q81_t515
76393,q81_t515
76393,q81_t516
76393,q91_t515
76393,q91_t516
76394,q81_t516
76394,q81_t517
76395,q81_t517
76395,q81_t518
76396,q81_t518
76396,q81_t519
76396,q92_t518
76396,q92_t519
76397,q81_t519
76397,q81_t520
76398,q81_t520
76398,q81_t521
76399,q81_t521
76399,q81_t522
76399,q93_t521
76399,q93_t522
76400,q81_t522
76400,q81_t523
76401,q81_t523
76401,q81_t524
76402,q81_t524
76402,q81_t525
76402,q94_t524
76402,q94_t525
76403,q81_t525
76403,q81_t526
76404,q81_t526
76404,q81_t527
76405,q81_t527
76405,q81_t528
76405,q95_t527
76405,q95_t528
76406,q81_t528
76406,q81_t529
76407,q81_t529
76407,q81_t530
76408,q81_t530
76408,q81_t531
76408,q96_t530
76408,q96_t531
76409,q81_t531
76409,q81_t532
76410,q81_t532
76410,q81_t533
76411,q81_t533
76411,q81_t534
76411,q97_t533
76411,q97_t534
76412,q81_t534
76412,q81_t535
76413,q81_t535
76413,q81_t536
76414,q81_t536
76414,q81_t537
76414,q98_t536
76414,q98_t537
76415,q81_t537
76415,q81_t538
76416,q81_t538
76416,q81_t539
76417,q81_t539
76417,q81_t540
76417,q99_t539
76417,q99_t540
76418,q81_t540
76418,q81_t541
76419,q81_t541
76419,q81_t542
76420,q81_t543
76420,q81_t544
76421,q81_t544
76421,q81_t545
76422,q81_t546
76422,q81_t547
76423,q81_t547
76423,q81_t548
76424,q81_t549
76424,q81_t550
76425,q81_t550
76425,q81_t551
76426,q81_t552
76426,q81_t553
76427,q81_t553
76427,q81_t554
76428,q81_t555
76428,q81_t556
76429,q81_t556
76429,q81_t557
76430,q81_t558
76430,q81_t559
76431,q81_t559
76431,q81_t560
76432,q81_t561
76432,q81_t562
76433,q81_t562
76433,q81_t563
76434,q81_t564
76434,q81_t565
76435,q81_t565
76435,q81_t566
76436,q81_t567
76436,q81_t568
76437,q81_t568
76437,q81_t569
76438,q81_t570
76438,q81_t571
76439,q81_t571
76439,q81_t572
76440,q81_t572
76440,q81_t573
76441,q81_t574
76441,q81_t575
76442,q81_t575
76442,q81_t576
76443,q81_t577
76443,q81_t578
76444,q81_t578
76444,q81_t579
76445,q81_t580
76445,q81_t581
76446,q81_t581
76446,q81_t582
76447,q81_t583
76447,q81_t584
76448,q81_t584
76448,q81_t585
76449,q81_t586
76449,q81_t587
76450,q81_t587
76450,q81_t588
76451,q81_t589
76451,q81_t590
76452,q81_t590
76452,q81_t591
76453,q81_t592
76453,q81_t593
76454,q81_t593
76454,q81_t594
76455,q81_t595
76455,q81_t596
76456,q81_t596
76456,q81_t597
76457,q81_t597
76457,q81_t598
76457,q8_t597
76457,q8_t598
76458,q81_t598
76458,q81_t599
76459,q81_t599
76459,q81_t600
76460,q81_t600
76460,q81_t601
76460,q9_t600
76460,q9_t601
76461,q81_t601
76461,q81_t602
76462,q81_t602
76462,q81_t603
76463,q81_t604
76463,q81_t605
76464,q81_t605
76464,q81_t606
76465,q81_t607
76465,q81_t608
76466,q81_t608
76466,q81_t609
76467,q81_t610
76467,q81_t611
76468,q81_t611
76468,q81_t612
76469,q81_t613
76469,q81_t614
76470,q81_t614
76470,q81_t615
76471,q81_t616
76471,q81_t617
76472,q81_t617
76472,q81_t618
76473,q81_t619
76473,q81_t620
76474,q81_t620
76474,q81_t621
76475,q81_t622
76475,q81_t623
76476,q81_t623
76476,q81_t624
76477,q81_t625
76477,q81_t626
76478,q81_t626
76478,q81_t627
76479,q81_t628
76479,q81_t629
76480,q81_t629
76480,q81_t630
76481,q81_t631
76481,q81_t632
76482,q81_t632
76482,q81_t633
76483,q81_t634
76483,q81_t635
76484,q81_t635
76484,q81_t636
76485,q81_t637
76485,q81_t638
76486,q81_t638
76486,q81_t639
76487,q81_t640
76487,q81_t641
76488,q81_t641
76488,q81_t642
76489,q81_t643
76489,q81_t644
76490,q81_t644
76490,q81_t645
76491,q81_t646
76491,q81_t647
76492,q81_t647
76492,q81_t648
76493,q81_t649
76493,q81_t650
76494,q81_t650
76494,q81_t651
76495,q81_t652
76495,q81_t653
76496,q81_t653
76496,q81_t654
76497,q81_t655
76497,q81_t656
76498,q81_t656
76498,q81_t657
76499,q81_t658
76499,q81_t659
76500,q81_t659
76500,q81_t660
76501,q81_t661
76501,q81_t662
76502,q81_t662
76502,q81_t663
76503,q81_t664
76503,q81_t665
76504,q81_t665
76504,q81_t666
76505,q81_t667
76505,q81_t668
76506,q81_t668
76506,q81_t669
76507,q81_t670
76507,q81_t671
76508,q81_t671
76508,q81_t672
76509,q81_t673
76509,q81_t674
76510,q81_t674
76510,q81_t675
76511,q81_t676
76511,q81_t677
76512,q81_t677
76512,q81_t678
76513,q81_t679
76513,q81_t680
76514,q81_t680
76514,q81_t681
76515,q81_t682
76515,q81_t683
76516,q81_t683
76516,q81_t684
76517,q81_t685
76517,q81_t686
76518,q81_t686
76518,q81_t687
76519,q81_t688
76519,q81_t689
76520,q81_t689
76520,q81_t690
76521,q81_t691
76521,q81_t692
76522,q81_t692
76522,q81_t693
76523,q81_t694
76523,q81_t695
76524,q81_t695
76524,q81_t696
76525,q81_t697
76525,q81_t698
76526,q81_t698
76526,q81_t699
76527,q81_t700
76527,q81_t701
76528,q81_t701
76528,q81_t702
76529,q81_t703
76529,q81_t704
76530,q81_t704
76530,q81_t705
76531,q81_t706
76531,q81_t707
76532,q81_t707
76532,q81_t708
76533,q81_t709
76533,q81_t710
76534,q81_t710
76534,q81_t711
76535,q81_t712
76535,q81_t713
76536,q81_t713
76536,q81_t714
76537,q81_t715
76537,q81_t716
76538,q81_t716
76538,q81_t717
76539,q81_t718
76539,q81_t719
76540,q81_t719
76540,q81_t720
76541,q81_t721
76541,q81_t722
76542,q81_t722
76542,q81_t723
76543,q81_t724
76543,q81_t725
76544,q81_t725
76544,q81_t726
76545,q81_t727
76545,q81_t728
76546,q81_t728
76546,q81_t729
76547,q81_t730
76547,q81_t731
76548,q81_t731
76548,q81_t732
76549,q81_t733
76549,q81_t734
76550,q81_t734
76550,q81_t735
76551,q81_t736
76551,q81_t737
76552,q81_t737
76552,q81_t738
76553,q81_t739
76553,q81_t740
76554,q81_t740
76554,q81_t741
76555,q81_t742
76555,q81_t743
76556,q81_t743
76556,q81_t744
76557,q81_t745
76557,q81_t746
76558,q81_t746
76558,q81_t747
76559,q81_t748
76559,q81_t749
76560,q81_t749
76560,q81_t750
76561,q81_t751
76561,q81_t752
76562,q81_t752
76562,q81_t753
76563,q81_t754
76563,q81_t755
76564,q81_t755
76564,q81_t756
76565,q81_t757
76565,q81_t758
76566,q81_t758
76566,q81_t759
76567,q81_t760
76567,q81_t761
76568,q81_t761
76568,q81_t762
76569,q81_t763
76569,q81_t764
76570,q81_t764
76570,q81_t765
76571,q81_t766
76571,q81_t767
76572,q81_t767
76572,q81_t768
76573,q81_t769
76573,q81_t770
76574,q81_t770
76574,q81_t771
76575,q81_t772
76575,q81_t773
76576,q81_t773
76576,q81_t774
76577,q81_t775
76577,q81_t776
76578,q81_t776
76578,q81_t777
76579,q81_t778
76579,q81_t779
76580,q81_t779
76580,q81_t780
76581,q81_t781
76581,q81_t782
76582,q81_t782
76582,q81_t783
76583,q81_t784
76583,q81_t785
76584,q81_t785
76584,q81_t786
76585,q81_t787
76585,q81_t788
76586,q81_t788
76586,q81_t789
76587,q81_t790
76587,q81_t791
76588,q81_t791
76588,q81_t792
76589,q81_t793
76589,q81_t794
76590,q81_t794
76590,q81_t795
76591,q81_t796
76591,q81_t797
76592,q81_t797
76592,q81_t798
76593,q81_t799
76593,q81_t800
76594,q81_t800
76594,q81_t801
76595,q81_t802
76595,q81_t803
76596,q81_t803
76596,q81_t804
76597,q81_t805
76597,q81_t806
76598,q81_t806
76598,q81_t807
76599,q81_t808
76599,q81_t809
76600,q81_t809
76600,q81_t810
76601,q81_t811
76601,q81_t812
76602,q81_t812
76602,q81_t813
76603,q81_t814
76603,q81_t815
76604,q81_t815
76604,q81_t819
76605,q81_t819
76605,q81_t820
76605,q82_t819
76605,q82_t820
76606,q81_t820
76606,q81_t821
76607,q81_t821
76607,q81_t822
76608,q81_t822
76608,q81_t823
76608,q83_t822
76608,q83_t823
76609,q81_t823
76609,q81_t824
76610,q81_t824
76610,q81_t825
76611,q81_t825
76611,q81_t826
76611,q84_t825
76611,q84_t826
76612,q81_t826
76612,q81_t827
76613,q81_t827
76613,q81_t828
76614,q81_t828
76614,q81_t829
76614,q85_t828
76614,q85_t829
76615,q81_t829
76615,q81_t830
76616,q81_t830
76616,q81_t831
76617,q81_t831
76617,q81_t832
76617,q86_t831
76617,q86_t832
76618,q81_t832
76618,q81_t833
76619,q81_t833
76619,q81_t834
76620,q81_t834
76620,q81_t835
76620,q87_t834
76620,q87_t835
76621,q81_t835
76621,q81_t836
76622,q81_t836
76622,q81_t837
76623,q81_t837
76623,q81_t838
76623,q88_t837
76623,q88_t838
76624,q81_t838
76624,q81_t839
76625,q81_t839
76625,q81_t840
76626,q81_t840
76626,q81_t841
76626,q89_t840
76626,q89_t841
76627,q81_t841
76627,q81_t842
76628,q81_t842
76628,q81_t843
76629,q81_t843
76629,q81_t844
76629,q90_t843
76629,q90_t844
76630,q81_t844
76630,q81_t845
76631,q81_t845
76631,q81_t846
76632,q81_t846
76632,q81_t847
76632,q91_t846
76632,q91_t847
76633,q81_t847
76633,q81_t848
76634,q81_t848
76634,q81_t849
76635,q81_t849
76635,q81_t850
76635,q92_t849
76635,q92_t850
76636,q81_t850
76636,q81_t851
76637,q81_t851
76637,q81_t852
76638,q81_t852
76638,q81_t853
76638,q93_t852
76638,q93_t853
76639,q81_t853
76639,q81_t854
76640,q81_t854
76640,q81_t855
76641,q81_t855
76641,q81_t856
76641,q94_t855
76641,q94_t856
76642,q81_t856
76642,q81_t857
76643,q81_t857
76643,q81_t858
76644,q81_t858
76644,q81_t859
76644,q95_t858
76644,q95_t859
76645,q81_t859
76645,q81_t860
76646,q81_t860
76646,q81_t861
76647,q81_t861
76647,q81_t862
76647,q96_t861
76647,q96_t862
76648,q81_t862
76648,q81_t863
76649,q81_t863
76649,q81_t864
76650,q81_t864
76650,q81_t865
76650,q97_t864
76650,q97_t865
76651,q81_t865
76651,q81_t866
76652,q81_t866
76652,q81_t867
76653,q81_t867
76653,q81_t868
76653,q98_t867
76653,q98_t868
76654,q81_t868
76654,q81_t869
76655,q81_t869
76655,q81_t870
76656,q81_t870
76656,q81_t871
76656,q99_t870
76656,q99_t871
76657,q81_t871
76657,q81_t872
76658,q81_t872
76658,q81_t873
76659,q81_t874
76659,q81_t875
76660,q81_t875
76660,q81_t876
76661,q81_t877
76661,q81_t878
76662,q81_t878
76662,q81_t879
76663,q81_t880
76663,q81_t881
76664,q81_t881
76664,q81_t882
76665,q81_t883
76665,q81_t884
76666,q81_t884
76666,q81_t885
76667,q81_t886
76667,q81_t887
76668,q81_t887
76668,q81_t888
76669,q81_t889
76669,q81_t890
76670,q81_t890
76670,q81_t891
76671,q81_t892
76671,q81_t893
76672,q81_t893
76672,q81_t894
76673,q81_t895
76673,q81_t896
76674,q81_t896
76674,q81_t897
76675,q81_t898
76675,q81_t899
76676,q81_t899
76676,q81_t900
76677,q81_t901
76677,q81_t902
76678,q81_t902
76678,q81_t903
76679,q81_t903
76679,q81_t904
76680,q81_t905
76680,q81_t906
76681,q81_t906
76681,q81_t907
76682,q81_t908
76682,q81_t909
76683,q81_t909
76683,q81_t910
76684,q81_t911
76684,q81_t912
76685,q81_t912
76685,q81_t913
76686,q81_t914
76686,q81_t915
76687,q81_t915
76687,q81_t916
76688,q81_t917
76688,q81_t918
76689,q81_t918
76689,q81_t919
76690,q81_t920
76690,q81_t921
76691,q81_t921
76691,q81_t922
76692,q81_t923
76692,q81_t924
76693,q81_t924
76693,q81_t925
76694,q81_t926
76694,q81_t927
76695,q81_t927
76695,q81_t928
76696,q81_t928
76696,q81_t929
76696,q8_t928
76696,q8_t929
76697,q81_t929
76697,q81_t930
76698,q81_t930
76698,q81_t931
76699,q81_t931
76699,q81_t932
76699,q9_t931
76699,q9_t932
76700,q81_t932
76700,q81_t933
76701,q81_t933
76701,q81_t934
76702,q81_t935
76702,q81_t936
76703,q81_t936
76703,q81_t937
76704,q81_t938
76704,q81_t939
76705,q81_t939
76705,q81_t940
76706,q81_t941
76706,q81_t942
76707,q81_t942
76707,q81_t943
76708,q81_t944
76708,q81_t945
76709,q81_t945
76709,q81_t946
76710,q81_t947
76710,q81_t948
76711,q81_t948
76711,q81_t949
76712,q81_t950
76712,q81_t951
76713,q81_t951
76713,q81_t952
76714,q81_t953
76714,q81_t954
76715,q81_t954
76715,q81_t955
76716,q81_t956
76716,q81_t957
76717,q81_t957
76717,q81_t958
76718,q81_t959
76718,q81_t960
76719,q81_t960
76719,q81_t961
76720,q81_t962
76720,q81_t963
76721,q81_t963
76721,q81_t964
76722,q81_t965
76722,q81_t966
76723,q81_t966
76723,q81_t967
76724,q81_t968
76724,q81_t969
76725,q81_t969
76725,q81_t970
76726,q81_t971
76726,q81_t972
76727,q81_t972
76727,q81_t973
76728,q81_t974
76728,q81_t975
76729,q81_t975
76729,q81_t976
76730,q81_t977
76730,q81_t978
76731,q81_t978
76731,q81_t979
76732,q81_t980
76732,q81_t981
76733,q81_t981
76733,q81_t982
76734,q81_t983
76734,q81_t984
76735,q81_t984
76735,q81_t985
76736,q81_t986
76736,q81_t987
76737,q81_t987
76737,q81_t988
76738,q81_t989
76738,q81_t990
76739,q81_t990
76739,q81_t991
76740,q81_t992
76740,q81_t993
76741,q81_t993
76741,q81_t994
76742,q81_t995
76742,q81_t996
76743,q81_t996
76743,q81_t997
76744,q81_t998
76744,q81_t999
76745,q82_t0
76745,q82_t1
76746,q82_t1
76746,q82_t245
76747,q82_t1000
76747,q82_t999
76748,q82_t1001
76748,q82_t1002
76749,q82_t1002
76749,q82_t1003
76750,q82_t1004
76750,q82_t1005
76751,q82_t1005
76751,q82_t1006
76752,q82_t1007
76752,q82_t1008
76753,q82_t1008
76753,q82_t1009
76754,q82_t1010
76754,q82_t1011
76755,q82_t1011
76755,q82_t1012
76756,q82_t1013
76756,q82_t1014
76757,q82_t1014
76757,q82_t1015
76758,q82_t1016
76758,q82_t1017
76759,q82_t1017
76759,q82_t1018
76760,q82_t1019
76760,q82_t1020
76761,q82_t1020
76761,q82_t1021
76762,q82_t1022
76762,q82_t1023
76763,q82_t1023
76763,q82_t1024
76764,q82_t1025
76764,q82_t1026
76765,q82_t1026
76765,q82_t1027
76766,q82_t1028
76766,q82_t1029
76767,q82_t1029
76767,q82_t1030
76768,q82_t1031
76768,q82_t1032
76769,q82_t1032
76769,q82_t1033
76770,q82_t1034
76770,q82_t1035
76771,q82_t1035
76771,q82_t1036
76772,q82_t1037
76772,q82_t1038
76773,q82_t1038
76773,q82_t1039
76774,q82_t1040
76774,q82_t1041
76775,q82_t1041
76775,q82_t1042
76776,q82_t1043
76776,q82_t1044
76777,q82_t1044
76777,q82_t1045
76778,q82_t1046
76778,q82_t1047
76779,q82_t1047
76779,q82_t1048
76780,q82_t1049
76780,q82_t1050
76781,q82_t1050
76781,q82_t1051
76782,q82_t1052
76782,q82_t1053
76783,q82_t1053
76783,q82_t1054
76784,q82_t1055
76784,q82_t1056
76785,q82_t1056
76785,q82_t1057
76786,q82_t1058
76786,q82_t1059
76787,q82_t1059
76787,q82_t1060
76788,q82_t1061
76788,q82_t1062
76789,q82_t1062
76789,q82_t1063
76790,q82_t1064
76790,q82_t1065
76791,q82_t1065
76791,q82_t1066
76792,q82_t1067
76792,q82_t1068
76793,q82_t1068
76793,q82_t1069
76794,q82_t1070
76794,q82_t1071
76795,q82_t1071
76795,q82_t1072
76796,q82_t1073
76796,q82_t1074
76797,q82_t1074
76797,q82_t1075
76798,q82_t1076
76798,q82_t1077
76799,q82_t1077
76799,q82_t1078
76800,q82_t1079
76800,q82_t1080
76801,q82_t1080
76801,q82_t1081
76802,q82_t1082
76802,q82_t1083
76803,q82_t1083
76803,q82_t1084
76804,q82_t1085
76804,q82_t1086
76805,q82_t1086
76805,q82_t1087
76806,q82_t1088
76806,q82_t1089
76807,q82_t1089
76807,q82_t1090
76808,q82_t1091
76808,q82_t1092
76809,q82_t1092
76809,q82_t1093
76810,q82_t1094
76810,q82_t1095
76811,q82_t1095
76811,q82_t1096
76812,q82_t1097
76812,q82_t1098
76813,q82_t1098
76813,q82_t1099
76814,q82_t1100
76814,q82_t1101
76815,q82_t1101
76815,q82_t1102
76816,q82_t1103
76816,q82_t1104
76817,q82_t1104
76817,q82_t1105
76818,q82_t1106
76818,q82_t1107
76819,q82_t1107
76819,q82_t1108
76820,q82_t1109
76820,q82_t1110
76821,q82_t1110
76821,q82_t1111
76822,q82_t1112
76822,q82_t1113
76823,q82_t1113
76823,q82_t1114
76824,q82_t1115
76824,q82_t1116
76825,q82_t1116
76825,q82_t1117
76826,q82_t1118
76826,q82_t1119
76827,q82_t1119
76827,q82_t1120
76828,q82_t1121
76828,q82_t1122
76829,q82_t1122
76829,q82_t1123
76830,q82_t1124
76830,q82_t1125
76831,q82_t1125
76831,q82_t1126
76832,q82_t1127
76832,q82_t1128
76833,q82_t1128
76833,q82_t1129
76834,q82_t1130
76834,q82_t1131
76835,q82_t1131
76835,q82_t1132
76836,q82_t1133
76836,q82_t1134
76837,q82_t1134
76837,q82_t1135
76838,q82_t1136
76838,q82_t1137
76839,q82_t1137
76839,q82_t1138
76840,q82_t1139
76840,q82_t1140
76841,q82_t1140
76841,q82_t1141
76842,q82_t1142
76842,q82_t1143
76843,q82_t1143
76843,q82_t1144
76844,q82_t1145
76844,q82_t1146
76845,q82_t1146
76845,q82_t1147
76846,q82_t1148
76846,q82_t1149
76847,q82_t1149
76847,q82_t1150
76848,q82_t1151
76848,q82_t1152
76849,q82_t1152
76849,q82_t1156
76850,q82_t1156
76850,q82_t1157
76850,q83_t1156
76850,q83_t1157
76851,q82_t1157
76851,q82_t1158
76852,q82_t1158
76852,q82_t1159
76853,q82_t1159
76853,q82_t1160
76853,q84_t1159
76853,q84_t1160
76854,q82_t1160
76854,q82_t1161
76855,q82_t1161
76855,q82_t1162
76856,q82_t1162
76856,q82_t1163
76856,q85_t1162
76856,q85_t1163
76857,q82_t1163
76857,q82_t1164
76858,q82_t1164
76858,q82_t1165
76859,q82_t1165
76859,q82_t1166
76859,q86_t1165
76859,q86_t1166
76860,q82_t1166
76860,q82_t1167
76861,q82_t1167
76861,q82_t1168
76862,q82_t1168
76862,q82_t1169
76862,q87_t1168
76862,q87_t1169
76863,q82_t1169
76863,q82_t1170
76864,q82_t1170
76864,q82_t1171
76865,q82_t1171
76865,q82_t1172
76865,q88_t1171
76865,q88_t1172
76866,q82_t1172
76866,q82_t1173
76867,q82_t1173
76867,q82_t1174
76868,q82_t1174
76868,q82_t1175
76868,q89_t1174
76868,q89_t1175
76869,q82_t1175
76869,q82_t1176
76870,q82_t1176
76870,q82_t1177
76871,q82_t1177
76871,q82_t1178
76871,q90_t1177
76871,q90_t1178
76872,q82_t1178
76872,q82_t1179
76873,q82_t1179
76873,q82_t1180
76874,q82_t1180
76874,q82_t1181
76874,q91_t1180
76874,q91_t1181
76875,q82_t1181
76875,q82_t1182
76876,q82_t1182
76876,q82_t1183
76877,q82_t1183
76877,q82_t1184
76877,q92_t1183
76877,q92_t1184
76878,q82_t1184
76878,q82_t1185
76879,q82_t1185
76879,q82_t1186
76880,q82_t1186
76880,q82_t1187
76880,q93_t1186
76880,q93_t1187
76881,q82_t1187
76881,q82_t1188
76882,q82_t1188
76882,q82_t1189
76883,q82_t1189
76883,q82_t1190
76883,q94_t1189
76883,q94_t1190
76884,q82_t1190
76884,q82_t1191
76885,q82_t1191
76885,q82_t1192
76886,q82_t1192
76886,q82_t1193
76886,q95_t1192
76886,q95_t1193
76887,q82_t1193
76887,q82_t1194
76888,q82_t1194
76888,q82_t1195
76889,q82_t1195
76889,q82_t1196
76889,q96_t1195
76889,q96_t1196
76890,q82_t1196
76890,q82_t1197
76891,q82_t1197
76891,q82_t1198
76892,q82_t1198
76892,q82_t1199
76892,q97_t1198
76892,q97_t1199
76893,q82_t1199
76893,q82_t1200
76894,q82_t1200
76894,q82_t1201
76895,q82_t1201
76895,q82_t1202
76895,q98_t1201
76895,q98_t1202
76896,q82_t1202
76896,q82_t1203
76897,q82_t1203
76897,q82_t1204
76898,q82_t1204
76898,q82_t1205
76898,q99_t1204
76898,q99_t1205
76899,q82_t1205
76899,q82_t1206
76900,q82_t1206
76900,q82_t1207
76901,q82_t1208
76901,q82_t1209
76902,q82_t1209
76902,q82_t1210
76903,q82_t1211
76903,q82_t1212
76904,q82_t1212
76904,q82_t1213
76905,q82_t1214
76905,q82_t1215
76906,q82_t1215
76906,q82_t1216
76907,q82_t1217
76907,q82_t1218
76908,q82_t1218
76908,q82_t1219
76909,q82_t1220
76909,q82_t1221
76910,q82_t1221
76910,q82_t1222
76911,q82_t1223
76911,q82_t1224
76912,q82_t1224
76912,q82_t1225
76913,q82_t1226
76913,q82_t1227
76914,q82_t1227
76914,q82_t1228
76915,q82_t1229
76915,q82_t1230
76916,q82_t1230
76916,q82_t1231
76917,q82_t1232
76917,q82_t1233
76918,q82_t1233
76918,q82_t1234
76919,q82_t1235
76919,q82_t1236
76920,q82_t1236
76920,q82_t1237
76921,q82_t246
76921,q82_t247
76922,q82_t247
76922,q82_t248
76923,q82_t249
76923,q82_t250
76924,q82_t250
76924,q82_t251
76925,q82_t252
76925,q82_t253
76926,q82_t253
76926,q82_t254
76927,q82_t255
76927,q82_t256
76928,q82_t256
76928,q82_t257
76929,q82_t258
76929,q82_t259
76930,q82_t259
76930,q82_t260
76931,q82_t261
76931,q82_t262
76932,q82_t262
76932,q82_t263
76933,q82_t264
76933,q82_t265
76934,q82_t265
76934,q82_t266
76935,q82_t267
76935,q82_t268
76936,q82_t268
76936,q82_t269
76937,q82_t269
76937,q82_t270
76937,q8_t269
76937,q8_t270
76938,q82_t270
76938,q82_t271
76939,q82_t271
76939,q82_t272
76940,q82_t272
76940,q82_t273
76940,q9_t272
76940,q9_t273
76941,q82_t273
76941,q82_t274
76942,q82_t274
76942,q82_t275
76943,q82_t276
76943,q82_t277
76944,q82_t277
76944,q82_t278
76945,q82_t279
76945,q82_t280
76946,q82_t280
76946,q82_t281
76947,q82_t282
76947,q82_t283
76948,q82_t283
76948,q82_t284
76949,q82_t285
76949,q82_t286
76950,q82_t286
76950,q82_t287
76951,q82_t288
76951,q82_t289
76952,q82_t289
76952,q82_t290
76953,q82_t291
76953,q82_t292
76954,q82_t292
76954,q82_t293
76955,q82_t294
76955,q82_t295
76956,q82_t295
76956,q82_t296
76957,q82_t297
76957,q82_t298
76958,q82_t298
76958,q82_t299
76959,q82_t300
76959,q82_t301
76960,q82_t301
76960,q82_t302
76961,q82_t303
76961,q82_t304
76962,q82_t304
76962,q82_t305
76963,q82_t306
76963,q82_t307
76964,q82_t307
76964,q82_t308
76965,q82_t309
76965,q82_t310
76966,q82_t310
76966,q82_t311
76967,q82_t312
76967,q82_t313
76968,q82_t313
76968,q82_t314
76969,q82_t315
76969,q82_t316
76970,q82_t316
76970,q82_t317
76971,q82_t318
76971,q82_t319
76972,q82_t319
76972,q82_t320
76973,q82_t321
76973,q82_t322
76974,q82_t322
76974,q82_t323
76975,q82_t324
76975,q82_t325
76976,q82_t325
76976,q82_t326
76977,q82_t327
76977,q82_t328
76978,q82_t328
76978,q82_t329
76979,q82_t330
76979,q82_t331
76980,q82_t331
76980,q82_t332
76981,q82_t333
76981,q82_t334
76982,q82_t334
76982,q82_t335
76983,q82_t336
76983,q82_t337
76984,q82_t337
76984,q82_t338
76985,q82_t339
76985,q82_t340
76986,q82_t340
76986,q82_t341
76987,q82_t342
76987,q82_t343
76988,q82_t343
76988,q82_t344
76989,q82_t345
76989,q82_t346
76990,q82_t346
76990,q82_t347
76991,q82_t348
76991,q82_t349
76992,q82_t349
76992,q82_t350
76993,q82_t351
76993,q82_t352
76994,q82_t352
76994,q82_t353
76995,q82_t354
76995,q82_t355
76996,q82_t355
76996,q82_t356
76997,q82_t357
76997,q82_t358
76998,q82_t358
76998,q82_t359
76999,q82_t360
76999,q82_t361
77000,q82_t361
77000,q82_t362
77001,q82_t363
77001,q82_t364
77002,q82_t364
77002,q82_t365
77003,q82_t366
77003,q82_t367
77004,q82_t367
77004,q82_t368
77005,q82_t369
77005,q82_t370
77006,q82_t370
77006,q82_t371
77007,q82_t372
77007,q82_t373
77008,q82_t373
77008,q82_t374
77009,q82_t375
77009,q82_t376
77010,q82_t376
77010,q82_t377
77011,q82_t378
77011,q82_t379
77012,q82_t379
77012,q82_t380
77013,q82_t381
77013,q82_t382
77014,q82_t382
77014,q82_t383
77015,q82_t384
77015,q82_t385
77016,q82_t385
77016,q82_t386
77017,q82_t387
77017,q82_t388
77018,q82_t388
77018,q82_t389
77019,q82_t390
77019,q82_t391
77020,q82_t391
77020,q82_t392
77021,q82_t393
77021,q82_t394
77022,q82_t394
77022,q82_t395
77023,q82_t396
77023,q82_t397
77024,q82_t397
77024,q82_t398
77025,q82_t399
77025,q82_t400
77026,q82_t400
77026,q82_t401
77027,q82_t402
77027,q82_t403
77028,q82_t403
77028,q82_t404
77029,q82_t405
77029,q82_t406
77030,q82_t406
77030,q82_t407
77031,q82_t408
77031,q82_t409
77032,q82_t409
77032,q82_t410
77033,q82_t411
77033,q82_t412
77034,q82_t412
77034,q82_t413
77035,q82_t414
77035,q82_t415
77036,q82_t415
77036,q82_t416
77037,q82_t417
77037,q82_t418
77038,q82_t418
77038,q82_t419
77039,q82_t420
77039,q82_t421
77040,q82_t421
77040,q82_t422
77041,q82_t423
77041,q82_t424
77042,q82_t424
77042,q82_t425
77043,q82_t426
77043,q82_t427
77044,q82_t427
77044,q82_t428
77045,q82_t429
77045,q82_t430
77046,q82_t430
77046,q82_t431
77047,q82_t432
77047,q82_t433
77048,q82_t433
77048,q82_t434
77049,q82_t435
77049,q82_t436
77050,q82_t436
77050,q82_t437
77051,q82_t438
77051,q82_t439
77052,q82_t439
77052,q82_t440
77053,q82_t441
77053,q82_t442
77054,q82_t442
77054,q82_t443
77055,q82_t444
77055,q82_t445
77056,q82_t445
77056,q82_t446
77057,q82_t447
77057,q82_t448
77058,q82_t448
77058,q82_t449
77059,q82_t450
77059,q82_t451
77060,q82_t451
77060,q82_t452
77061,q82_t453
77061,q82_t454
77062,q82_t454
77062,q82_t455
77063,q82_t456
77063,q82_t457
77064,q82_t457
77064,q82_t458
77065,q82_t459
77065,q82_t460
77066,q82_t460
77066,q82_t461
77067,q82_t462
77067,q82_t463
77068,q82_t463
77068,q82_t464
77069,q82_t465
77069,q82_t466
77070,q82_t466
77070,q82_t467
77071,q82_t468
77071,q82_t469
77072,q82_t469
77072,q82_t470
77073,q82_t471
77073,q82_t472
77074,q82_t472
77074,q82_t473
77075,q82_t474
77075,q82_t475
77076,q82_t475
77076,q82_t476
77077,q82_t477
77077,q82_t478
77078,q82_t478
77078,q82_t479
77079,q82_t480
77079,q82_t481
77080,q82_t481
77080,q82_t482
77081,q82_t483
77081,q82_t484
77082,q82_t484
77082,q82_t485
77083,q82_t486
77083,q82_t487
77084,q82_t487
77084,q82_t488
77085,q82_t489
77085,q82_t490
77086,q82_t490
77086,q82_t494
77087,q82_t494
77087,q82_t495
77087,q83_t494
77087,q83_t495
77088,q82_t495
77088,q82_t496
77089,q82_t496
77089,q82_t497
77090,q82_t497
77090,q82_t498
77090,q84_t497
77090,q84_t498
77091,q82_t498
77091,q82_t499
77092,q82_t499
77092,q82_t500
77093,q82_t500
77093,q82_t501
77093,q85_t500
77093,q85_t501
77094,q82_t501
77094,q82_t502
77095,q82_t502
77095,q82_t503
77096,q82_t503
77096,q82_t504
77096,q86_t503
77096,q86_t504
77097,q82_t504
77097,q82_t505
77098,q82_t505
77098,q82_t506
77099,q82_t506
77099,q82_t507
77099,q87_t506
77099,q87_t507
77100,q82_t507
77100,q82_t508
77101,q82_t508
77101,q82_t509
77102,q82_t509
77102,q82_t510
77102,q88_t509
77102,q88_t510
77103,q82_t510
77103,q82_t511
77104,q82_t511
77104,q82_t512
77105,q82_t512
77105,q82_t513
77105,q89_t512
77105,q89_t513
77106,q82_t513
77106,q82_t514
77107,q82_t514
77107,q82_t515
77108,q82_t515
77108,q82_t516
77108,q90_t515
77108,q90_t516
77109,q82_t516
77109,q82_t517
77110,q82_t517
77110,q82_t518
77111,q82_t518
77111,q82_t519
77111,q91_t518
77111,q91_t519
77112,q82_t519
77112,q82_t520
77113,q82_t520
77113,q82_t521
77114,q82_t521
77114,q82_t522
77114,q92_t521
77114,q92_t522
77115,q82_t522
77115,q82_t523
77116,q82_t523
77116,q82_t524
77117,q82_t524
77117,q82_t525
77117,q93_t524
77117,q93_t525
77118,q82_t525
77118,q82_t526
77119,q82_t526
77119,q82_t527
77120,q82_t527
77120,q82_t528
77120,q94_t527
77120,q94_t528
77121,q82_t528
77121,q82_t529
77122,q82_t529
77122,q82_t530
77123,q82_t530
77123,q82_t531
77123,q95_t530
77123,q95_t531
77124,q82_t531
77124,q82_t532
77125,q82_t532
77125,q82_t533
77126,q82_t533
77126,q82_t534
77126,q96_t533
77126,q96_t534
77127,q82_t534
77127,q82_t535
77128,q82_t535
77128,q82_t536
77129,q82_t536
77129,q82_t537
77129,q97_t536
77129,q97_t537
77130,q82_t537
77130,q82_t538
77131,q82_t538
77131,q82_t539
77132,q82_t539
77132,q82_t540
77132,q98_t539
77132,q98_t540
77133,q82_t540
77133,q82_t541
77134,q82_t541
77134,q82_t542
77135,q82_t542
77135,q82_t543
77135,q99_t542
77135,q99_t543
77136,q82_t543
77136,q82_t544
77137,q82_t544
77137,q82_t545
77138,q82_t546
77138,q82_t547
77139,q82_t547
77139,q82_t548
77140,q82_t549
77140,q82_t550
77141,q82_t550
77141,q82_t551
77142,q82_t552
77142,q82_t553
77143,q82_t553
77143,q82_t554
77144,q82_t555
77144,q82_t556
77145,q82_t556
77145,q82_t557
77146,q82_t558
77146,q82_t559
77147,q82_t559
77147,q82_t560
77148,q82_t561
77148,q82_t562
77149,q82_t562
77149,q82_t563
77150,q82_t564
77150,q82_t565
77151,q82_t565
77151,q82_t566
77152,q82_t567
77152,q82_t568
77153,q82_t568
77153,q82_t569
77154,q82_t570
77154,q82_t571
77155,q82_t571
77155,q82_t572
77156,q82_t573
77156,q82_t574
77157,q82_t574
77157,q82_t575
77158,q82_t575
77158,q82_t576
77159,q82_t577
77159,q82_t578
77160,q82_t578
77160,q82_t579
77161,q82_t580
77161,q82_t581
77162,q82_t581
77162,q82_t582
77163,q82_t583
77163,q82_t584
77164,q82_t584
77164,q82_t585
77165,q82_t586
77165,q82_t587
77166,q82_t587
77166,q82_t588
77167,q82_t589
77167,q82_t590
77168,q82_t590
77168,q82_t591
77169,q82_t592
77169,q82_t593
77170,q82_t593
77170,q82_t594
77171,q82_t595
77171,q82_t596
77172,q82_t596
77172,q82_t597
77173,q82_t598
77173,q82_t599
77174,q82_t599
77174,q82_t600
77175,q82_t600
77175,q82_t601
77175,q8_t600
77175,q8_t601
77176,q82_t601
77176,q82_t602
77177,q82_t602
77177,q82_t603
77178,q82_t603
77178,q82_t604
77178,q9_t603
77178,q9_t604
77179,q82_t604
77179,q82_t605
77180,q82_t605
77180,q82_t606
77181,q82_t607
77181,q82_t608
77182,q82_t608
77182,q82_t609
77183,q82_t610
77183,q82_t611
77184,q82_t611
77184,q82_t612
77185,q82_t613
77185,q82_t614
77186,q82_t614
77186,q82_t615
77187,q82_t616
77187,q82_t617
77188,q82_t617
77188,q82_t618
77189,q82_t619
77189,q82_t620
77190,q82_t620
77190,q82_t621
77191,q82_t622
77191,q82_t623
77192,q82_t623
77192,q82_t624
77193,q82_t625
77193,q82_t626
77194,q82_t626
77194,q82_t627
77195,q82_t628
77195,q82_t629
77196,q82_t629
77196,q82_t630
77197,q82_t631
77197,q82_t632
77198,q82_t632
77198,q82_t633
77199,q82_t634
77199,q82_t635
77200,q82_t635
77200,q82_t636
77201,q82_t637
77201,q82_t638
77202,q82_t638
77202,q82_t639
77203,q82_t640
77203,q82_t641
77204,q82_t641
77204,q82_t642
77205,q82_t643
77205,q82_t644
77206,q82_t644
77206,q82_t645
77207,q82_t646
77207,q82_t647
77208,q82_t647
77208,q82_t648
77209,q82_t649
77209,q82_t650
77210,q82_t650
77210,q82_t651
77211,q82_t652
77211,q82_t653
77212,q82_t653
77212,q82_t654
77213,q82_t655
77213,q82_t656
77214,q82_t656
77214,q82_t657
77215,q82_t658
77215,q82_t659
77216,q82_t659
77216,q82_t660
77217,q82_t661
77217,q82_t662
77218,q82_t662
77218,q82_t663
77219,q82_t664
77219,q82_t665
77220,q82_t665
77220,q82_t666
77221,q82_t667
77221,q82_t668
77222,q82_t668
77222,q82_t669
77223,q82_t670
77223,q82_t671
77224,q82_t671
77224,q82_t672
77225,q82_t673
77225,q82_t674
77226,q82_t674
77226,q82_t675
77227,q82_t676
77227,q82_t677
77228,q82_t677
77228,q82_t678
77229,q82_t679
77229,q82_t680
77230,q82_t680
77230,q82_t681
77231,q82_t682
77231,q82_t683
77232,q82_t683
77232,q82_t684
77233,q82_t685
77233,q82_t686
77234,q82_t686
77234,q82_t687
77235,q82_t688
77235,q82_t689
77236,q82_t689
77236,q82_t690
77237,q82_t691
77237,q82_t692
77238,q82_t692
77238,q82_t693
77239,q82_t694
77239,q82_t695
77240,q82_t695
77240,q82_t696
77241,q82_t697
77241,q82_t698
77242,q82_t698
77242,q82_t699
77243,q82_t700
77243,q82_t701
77244,q82_t701
77244,q82_t702
77245,q82_t703
77245,q82_t704
77246,q82_t704
77246,q82_t705
77247,q82_t706
77247,q82_t707
77248,q82_t707
77248,q82_t708
77249,q82_t709
77249,q82_t710
77250,q82_t710
77250,q82_t711
77251,q82_t712
77251,q82_t713
77252,q82_t713
77252,q82_t714
77253,q82_t715
77253,q82_t716
77254,q82_t716
77254,q82_t717
77255,q82_t718
77255,q82_t719
77256,q82_t719
77256,q82_t720
77257,q82_t721
77257,q82_t722
77258,q82_t722
77258,q82_t723
77259,q82_t724
77259,q82_t725
77260,q82_t725
77260,q82_t726
77261,q82_t727
77261,q82_t728
77262,q82_t728
77262,q82_t729
77263,q82_t730
77263,q82_t731
77264,q82_t731
77264,q82_t732
77265,q82_t733
77265,q82_t734
77266,q82_t734
77266,q82_t735
77267,q82_t736
77267,q82_t737
77268,q82_t737
77268,q82_t738
77269,q82_t739
77269,q82_t740
77270,q82_t740
77270,q82_t741
77271,q82_t742
77271,q82_t743
77272,q82_t743
77272,q82_t744
77273,q82_t745
77273,q82_t746
77274,q82_t746
77274,q82_t747
77275,q82_t748
77275,q82_t749
77276,q82_t749
77276,q82_t750
77277,q82_t751
77277,q82_t752
77278,q82_t752
77278,q82_t753
77279,q82_t754
77279,q82_t755
77280,q82_t755
77280,q82_t756
77281,q82_t757
77281,q82_t758
77282,q82_t758
77282,q82_t759
77283,q82_t760
77283,q82_t761
77284,q82_t761
77284,q82_t762
77285,q82_t763
77285,q82_t764
77286,q82_t764
77286,q82_t765
77287,q82_t766
77287,q82_t767
77288,q82_t767
77288,q82_t768
77289,q82_t769
77289,q82_t770
77290,q82_t770
77290,q82_t771
77291,q82_t772
77291,q82_t773
77292,q82_t773
77292,q82_t774
77293,q82_t775
77293,q82_t776
77294,q82_t776
77294,q82_t777
77295,q82_t778
77295,q82_t779
77296,q82_t779
77296,q82_t780
77297,q82_t781
77297,q82_t782
77298,q82_t782
77298,q82_t783
77299,q82_t784
77299,q82_t785
77300,q82_t785
77300,q82_t786
77301,q82_t787
77301,q82_t788
77302,q82_t788
77302,q82_t789
77303,q82_t790
77303,q82_t791
77304,q82_t791
77304,q82_t792
77305,q82_t793
77305,q82_t794
77306,q82_t794
77306,q82_t795
77307,q82_t796
77307,q82_t797
77308,q82_t797
77308,q82_t798
77309,q82_t799
77309,q82_t800
77310,q82_t800
77310,q82_t801
77311,q82_t802
77311,q82_t803
77312,q82_t803
77312,q82_t804
77313,q82_t805
77313,q82_t806
77314,q82_t806
77314,q82_t807
77315,q82_t808
77315,q82_t809
77316,q82_t809
77316,q82_t810
77317,q82_t811
77317,q82_t812
77318,q82_t812
77318,q82_t813
77319,q82_t814
77319,q82_t815
77320,q82_t815
77320,q82_t816
77321,q82_t817
77321,q82_t818
77322,q82_t818
77322,q82_t819
77323,q82_t820
77323,q82_t821
77324,q82_t821
77324,q82_t825
77325,q82_t825
77325,q82_t826
77325,q83_t825
77325,q83_t826
77326,q82_t826
77326,q82_t827
77327,q82_t827
77327,q82_t828
77328,q82_t828
77328,q82_t829
77328,q84_t828
77328,q84_t829
77329,q82_t829
77329,q82_t830
77330,q82_t830
77330,q82_t831
77331,q82_t831
77331,q82_t832
77331,q85_t831
77331,q85_t832
77332,q82_t832
77332,q82_t833
77333,q82_t833
77333,q82_t834
77334,q82_t834
77334,q82_t835
77334,q86_t834
77334,q86_t835
77335,q82_t835
77335,q82_t836
77336,q82_t836
77336,q82_t837
77337,q82_t837
77337,q82_t838
77337,q87_t837
77337,q87_t838
77338,q82_t838
77338,q82_t839
77339,q82_t839
77339,q82_t840
77340,q82_t840
77340,q82_t841
77340,q88_t840
77340,q88_t841
77341,q82_t841
77341,q82_t842
77342,q82_t842
77342,q82_t843
77343,q82_t843
77343,q82_t844
77343,q89_t843
77343,q89_t844
77344,q82_t844
77344,q82_t845
77345,q82_t845
77345,q82_t846
77346,q82_t846
77346,q82_t847
77346,q90_t846
77346,q90_t847
77347,q82_t847
77347,q82_t848
77348,q82_t848
77348,q82_t849
77349,q82_t849
77349,q82_t850
77349,q91_t849
77349,q91_t850
77350,q82_t850
77350,q82_t851
77351,q82_t851
77351,q82_t852
77352,q82_t852
77352,q82_t853
77352,q92_t852
77352,q92_t853
77353,q82_t853
77353,q82_t854
77354,q82_t854
77354,q82_t855
77355,q82_t855
77355,q82_t856
77355,q93_t855
77355,q93_t856
77356,q82_t856
77356,q82_t857
77357,q82_t857
77357,q82_t858
77358,q82_t858
77358,q82_t859
77358,q94_t858
77358,q94_t859
77359,q82_t859
77359,q82_t860
77360,q82_t860
77360,q82_t861
77361,q82_t861
77361,q82_t862
77361,q95_t861
77361,q95_t862
77362,q82_t862
77362,q82_t863
77363,q82_t863
77363,q82_t864
77364,q82_t864
77364,q82_t865
77364,q96_t864
77364,q96_t865
77365,q82_t865
77365,q82_t866
77366,q82_t866
77366,q82_t867
77367,q82_t867
77367,q82_t868
77367,q97_t867
77367,q97_t868
77368,q82_t868
77368,q82_t869
77369,q82_t869
77369,q82_t870
77370,q82_t870
77370,q82_t871
77370,q98_t870
77370,q98_t871
77371,q82_t871
77371,q82_t872
77372,q82_t872
77372,q82_t873
77373,q82_t873
77373,q82_t874
77373,q99_t873
77373,q99_t874
77374,q82_t874
77374,q82_t875
77375,q82_t875
77375,q82_t876
77376,q82_t877
77376,q82_t878
77377,q82_t878
77377,q82_t879
77378,q82_t880
77378,q82_t881
77379,q82_t881
77379,q82_t882
77380,q82_t883
77380,q82_t884
77381,q82_t884
77381,q82_t885
77382,q82_t886
77382,q82_t887
77383,q82_t887
77383,q82_t888
77384,q82_t889
77384,q82_t890
77385,q82_t890
77385,q82_t891
77386,q82_t892
77386,q82_t893
77387,q82_t893
77387,q82_t894
77388,q82_t895
77388,q82_t896
77389,q82_t896
77389,q82_t897
77390,q82_t898
77390,q82_t899
77391,q82_t899
77391,q82_t900
77392,q82_t901
77392,q82_t902
77393,q82_t902
77393,q82_t903
77394,q82_t904
77394,q82_t905
77395,q82_t905
77395,q82_t906
77396,q82_t906
77396,q82_t907
77397,q82_t908
77397,q82_t909
77398,q82_t909
77398,q82_t910
77399,q82_t911
77399,q82_t912
77400,q82_t912
77400,q82_t913
77401,q82_t914
77401,q82_t915
77402,q82_t915
77402,q82_t916
77403,q82_t917
77403,q82_t918
77404,q82_t918
77404,q82_t919
77405,q82_t920
77405,q82_t921
77406,q82_t921
77406,q82_t922
77407,q82_t923
77407,q82_t924
77408,q82_t924
77408,q82_t925
77409,q82_t926
77409,q82_t927
77410,q82_t927
77410,q82_t928
77411,q82_t929
77411,q82_t930
77412,q82_t930
77412,q82_t931
77413,q82_t931
77413,q82_t932
77413,q8_t931
77413,q8_t932
77414,q82_t932
77414,q82_t933
77415,q82_t933
77415,q82_t934
77416,q82_t934
77416,q82_t935
77416,q9_t934
77416,q9_t935
77417,q82_t935
77417,q82_t936
77418,q82_t936
77418,q82_t937
77419,q82_t938
77419,q82_t939
77420,q82_t939
77420,q82_t940
77421,q82_t941
77421,q82_t942
77422,q82_t942
77422,q82_t943
77423,q82_t944
77423,q82_t945
77424,q82_t945
77424,q82_t946
77425,q82_t947
77425,q82_t948
77426,q82_t948
77426,q82_t949
77427,q82_t950
77427,q82_t951
77428,q82_t951
77428,q82_t952
77429,q82_t953
77429,q82_t954
77430,q82_t954
77430,q82_t955
77431,q82_t956
77431,q82_t957
77432,q82_t957
77432,q82_t958
77433,q82_t959
77433,q82_t960
77434,q82_t960
77434,q82_t961
77435,q82_t962
77435,q82_t963
77436,q82_t963
77436,q82_t964
77437,q82_t965
77437,q82_t966
77438,q82_t966
77438,q82_t967
77439,q82_t968
77439,q82_t969
77440,q82_t969
77440,q82_t970
77441,q82_t971
77441,q82_t972
77442,q82_t972
77442,q82_t973
77443,q82_t974
77443,q82_t975
77444,q82_t975
77444,q82_t976
77445,q82_t977
77445,q82_t978
77446,q82_t978
77446,q82_t979
77447,q82_t980
77447,q82_t981
77448,q82_t981
77448,q82_t982
77449,q82_t983
77449,q82_t984
77450,q82_t984
77450,q82_t985
77451,q82_t986
77451,q82_t987
77452,q82_t987
77452,q82_t988
77453,q82_t989
77453,q82_t990
77454,q82_t990
77454,q82_t991
77455,q82_t992
77455,q82_t993
77456,q82_t993
77456,q82_t994
77457,q82_t995
77457,q82_t996
77458,q82_t996
77458,q82_t997
77459,q82_t998
77459,q82_t999
77460,q83_t0
77460,q83_t1
77461,q83_t1
77461,q83_t248
77462,q83_t1000
77462,q83_t999
77463,q83_t1001
77463,q83_t1002
77464,q83_t1002
77464,q83_t1003
77465,q83_t1004
77465,q83_t1005
77466,q83_t1005
77466,q83_t1006
77467,q83_t1007
77467,q83_t1008
77468,q83_t1008
77468,q83_t1009
77469,q83_t1010
77469,q83_t1011
77470,q83_t1011
77470,q83_t1012
77471,q83_t1013
77471,q83_t1014
77472,q83_t1014
77472,q83_t1015
77473,q83_t1016
77473,q83_t1017
77474,q83_t1017
77474,q83_t1018
77475,q83_t1019
77475,q83_t1020
77476,q83_t1020
77476,q83_t1021
77477,q83_t1022
77477,q83_t1023
77478,q83_t1023
77478,q83_t1024
77479,q83_t1025
77479,q83_t1026
77480,q83_t1026
77480,q83_t1027
77481,q83_t1028
77481,q83_t1029
77482,q83_t1029
77482,q83_t1030
77483,q83_t1031
77483,q83_t1032
77484,q83_t1032
77484,q83_t1033
77485,q83_t1034
77485,q83_t1035
77486,q83_t1035
77486,q83_t1036
77487,q83_t1037
77487,q83_t1038
77488,q83_t1038
77488,q83_t1039
77489,q83_t1040
77489,q83_t1041
77490,q83_t1041
77490,q83_t1042
77491,q83_t1043
77491,q83_t1044
77492,q83_t1044
77492,q83_t1045
77493,q83_t1046
77493,q83_t1047
77494,q83_t1047
77494,q83_t1048
77495,q83_t1049
77495,q83_t1050
77496,q83_t1050
77496,q83_t1051
77497,q83_t1052
77497,q83_t1053
77498,q83_t1053
77498,q83_t1054
77499,q83_t1055
77499,q83_t1056
77500,q83_t1056
77500,q83_t1057
77501,q83_t1058
77501,q83_t1059
77502,q83_t1059
77502,q83_t1060
77503,q83_t1061
77503,q83_t1062
77504,q83_t1062
77504,q83_t1063
77505,q83_t1064
77505,q83_t1065
77506,q83_t1065
77506,q83_t1066
77507,q83_t1067
77507,q83_t1068
77508,q83_t1068
77508,q83_t1069
77509,q83_t1070
77509,q83_t1071
77510,q83_t1071
77510,q83_t1072
77511,q83_t1073
77511,q83_t1074
77512,q83_t1074
77512,q83_t1075
77513,q83_t1076
77513,q83_t1077
77514,q83_t1077
77514,q83_t1078
77515,q83_t1079
77515,q83_t1080
77516,q83_t1080
77516,q83_t1081
77517,q83_t1082
77517,q83_t1083
77518,q83_t1083
77518,q83_t1084
77519,q83_t1085
77519,q83_t1086
77520,q83_t1086
77520,q83_t1087
77521,q83_t1088
77521,q83_t1089
77522,q83_t1089
77522,q83_t1090
77523,q83_t1091
77523,q83_t1092
77524,q83_t1092
77524,q83_t1093
77525,q83_t1094
77525,q83_t1095
77526,q83_t1095
77526,q83_t1096
77527,q83_t1097
77527,q83_t1098
77528,q83_t1098
77528,q83_t1099
77529,q83_t1100
77529,q83_t1101
77530,q83_t1101
77530,q83_t1102
77531,q83_t1103
77531,q83_t1104
77532,q83_t1104
77532,q83_t1105
77533,q83_t1106
77533,q83_t1107
77534,q83_t1107
77534,q83_t1108
77535,q83_t1109
77535,q83_t1110
77536,q83_t1110
77536,q83_t1111
77537,q83_t1112
77537,q83_t1113
77538,q83_t1113
77538,q83_t1114
77539,q83_t1115
77539,q83_t1116
77540,q83_t1116
77540,q83_t1117
77541,q83_t1118
77541,q83_t1119
77542,q83_t1119
77542,q83_t1120
77543,q83_t1121
77543,q83_t1122
77544,q83_t1122
77544,q83_t1123
77545,q83_t1124
77545,q83_t1125
77546,q83_t1125
77546,q83_t1126
77547,q83_t1127
77547,q83_t1128
77548,q83_t1128
77548,q83_t1129
77549,q83_t1130
77549,q83_t1131
77550,q83_t1131
77550,q83_t1132
77551,q83_t1133
77551,q83_t1134
77552,q83_t1134
77552,q83_t1135
77553,q83_t1136
77553,q83_t1137
77554,q83_t1137
77554,q83_t1138
77555,q83_t1139
77555,q83_t1140
77556,q83_t1140
77556,q83_t1141
77557,q83_t1142
77557,q83_t1143
77558,q83_t1143
77558,q83_t1144
77559,q83_t1145
77559,q83_t1146
77560,q83_t1146
77560,q83_t1147
77561,q83_t1148
77561,q83_t1149
77562,q83_t1149
77562,q83_t1150
77563,q83_t1151
77563,q83_t1152
77564,q83_t1152
77564,q83_t1153
77565,q83_t1154
77565,q83_t1155
77566,q83_t1155
77566,q83_t1156
77567,q83_t1157
77567,q83_t1158
77568,q83_t1158
77568,q83_t1162
77569,q83_t1162
77569,q83_t1163
77569,q84_t1162
77569,q84_t1163
77570,q83_t1163
77570,q83_t1164
77571,q83_t1164
77571,q83_t1165
77572,q83_t1165
77572,q83_t1166
77572,q85_t1165
77572,q85_t1166
77573,q83_t1166
77573,q83_t1167
77574,q83_t1167
77574,q83_t1168
77575,q83_t1168
77575,q83_t1169
77575,q86_t1168
77575,q86_t1169
77576,q83_t1169
77576,q83_t1170
77577,q83_t1170
77577,q83_t1171
77578,q83_t1171
77578,q83_t1172
77578,q87_t1171
77578,q87_t1172
77579,q83_t1172
77579,q83_t1173
77580,q83_t1173
77580,q83_t1174
77581,q83_t1174
77581,q83_t1175
77581,q88_t1174
77581,q88_t1175
77582,q83_t1175
77582,q83_t1176
77583,q83_t1176
77583,q83_t1177
77584,q83_t1177
77584,q83_t1178
77584,q89_t1177
77584,q89_t1178
77585,q83_t1178
77585,q83_t1179
77586,q83_t1179
77586,q83_t1180
77587,q83_t1180
77587,q83_t1181
77587,q90_t1180
77587,q90_t1181
77588,q83_t1181
77588,q83_t1182
77589,q83_t1182
77589,q83_t1183
77590,q83_t1183
77590,q83_t1184
77590,q91_t1183
77590,q91_t1184
77591,q83_t1184
77591,q83_t1185
77592,q83_t1185
77592,q83_t1186
77593,q83_t1186
77593,q83_t1187
77593,q92_t1186
77593,q92_t1187
77594,q83_t1187
77594,q83_t1188
77595,q83_t1188
77595,q83_t1189
77596,q83_t1189
77596,q83_t1190
77596,q93_t1189
77596,q93_t1190
77597,q83_t1190
77597,q83_t1191
77598,q83_t1191
77598,q83_t1192
77599,q83_t1192
77599,q83_t1193
77599,q94_t1192
77599,q94_t1193
77600,q83_t1193
77600,q83_t1194
77601,q83_t1194
77601,q83_t1195
77602,q83_t1195
77602,q83_t1196
77602,q95_t1195
77602,q95_t1196
77603,q83_t1196
77603,q83_t1197
77604,q83_t1197
77604,q83_t1198
77605,q83_t1198
77605,q83_t1199
77605,q96_t1198
77605,q96_t1199
77606,q83_t1199
77606,q83_t1200
77607,q83_t1200
77607,q83_t1201
77608,q83_t1201
77608,q83_t1202
77608,q97_t1201
77608,q97_t1202
77609,q83_t1202
77609,q83_t1203
77610,q83_t1203
77610,q83_t1204
77611,q83_t1204
77611,q83_t1205
77611,q98_t1204
77611,q98_t1205
77612,q83_t1205
77612,q83_t1206
77613,q83_t1206
77613,q83_t1207
77614,q83_t1207
77614,q83_t1208
77614,q99_t1207
77614,q99_t1208
77615,q83_t1208
77615,q83_t1209
77616,q83_t1209
77616,q83_t1210
77617,q83_t1211
77617,q83_t1212
77618,q83_t1212
77618,q83_t1213
77619,q83_t1214
77619,q83_t1215
77620,q83_t1215
77620,q83_t1216
77621,q83_t1217
77621,q83_t1218
77622,q83_t1218
77622,q83_t1219
77623,q83_t1220
77623,q83_t1221
77624,q83_t1221
77624,q83_t1222
77625,q83_t1223
77625,q83_t1224
77626,q83_t1224
77626,q83_t1225
77627,q83_t1226
77627,q83_t1227
77628,q83_t1227
77628,q83_t1228
77629,q83_t1229
77629,q83_t1230
77630,q83_t1230
77630,q83_t1231
77631,q83_t1232
77631,q83_t1233
77632,q83_t1233
77632,q83_t1234
77633,q83_t1235
77633,q83_t1236
77634,q83_t1236
77634,q83_t1237
77635,q83_t1238
77635,q83_t1239
77636,q83_t1239
77636,q83_t1240
77637,q83_t249
77637,q83_t250
77638,q83_t250
77638,q83_t251
77639,q83_t252
77639,q83_t253
77640,q83_t253
77640,q83_t254
77641,q83_t255
77641,q83_t256
77642,q83_t256
77642,q83_t257
77643,q83_t258
77643,q83_t259
77644,q83_t259
77644,q83_t260
77645,q83_t261
77645,q83_t262
77646,q83_t262
77646,q83_t263
77647,q83_t264
77647,q83_t265
77648,q83_t265
77648,q83_t266
77649,q83_t267
77649,q83_t268
77650,q83_t268
77650,q83_t269
77651,q83_t270
77651,q83_t271
77652,q83_t271
77652,q83_t272
77653,q83_t272
77653,q83_t273
77653,q8_t272
77653,q8_t273
77654,q83_t273
77654,q83_t274
77655,q83_t274
77655,q83_t275
77656,q83_t275
77656,q83_t276
77656,q9_t275
77656,q9_t276
77657,q83_t276
77657,q83_t277
77658,q83_t277
77658,q83_t278
77659,q83_t279
77659,q83_t280
77660,q83_t280
77660,q83_t281
77661,q83_t282
77661,q83_t283
77662,q83_t283
77662,q83_t284
77663,q83_t285
77663,q83_t286
77664,q83_t286
77664,q83_t287
77665,q83_t288
77665,q83_t289
77666,q83_t289
77666,q83_t290
77667,q83_t291
77667,q83_t292
77668,q83_t292
77668,q83_t293
77669,q83_t294
77669,q83_t295
77670,q83_t295
77670,q83_t296
77671,q83_t297
77671,q83_t298
77672,q83_t298
77672,q83_t299
77673,q83_t300
77673,q83_t301
77674,q83_t301
77674,q83_t302
77675,q83_t303
77675,q83_t304
77676,q83_t304
77676,q83_t305
77677,q83_t306
77677,q83_t307
77678,q83_t307
77678,q83_t308
77679,q83_t309
77679,q83_t310
77680,q83_t310
77680,q83_t311
77681,q83_t312
77681,q83_t313
77682,q83_t313
77682,q83_t314
77683,q83_t315
77683,q83_t316
77684,q83_t316
77684,q83_t317
77685,q83_t318
77685,q83_t319
77686,q83_t319
77686,q83_t320
77687,q83_t321
77687,q83_t322
77688,q83_t322
77688,q83_t323
77689,q83_t324
77689,q83_t325
77690,q83_t325
77690,q83_t326
77691,q83_t327
77691,q83_t328
77692,q83_t328
77692,q83_t329
77693,q83_t330
77693,q83_t331
77694,q83_t331
77694,q83_t332
77695,q83_t333
77695,q83_t334
77696,q83_t334
77696,q83_t335
77697,q83_t336
77697,q83_t337
77698,q83_t337
77698,q83_t338
77699,q83_t339
77699,q83_t340
77700,q83_t340
77700,q83_t341
77701,q83_t342
77701,q83_t343
77702,q83_t343
77702,q83_t344
77703,q83_t345
77703,q83_t346
77704,q83_t346
77704,q83_t347
77705,q83_t348
77705,q83_t349
77706,q83_t349
77706,q83_t350
77707,q83_t351
77707,q83_t352
77708,q83_t352
77708,q83_t353
77709,q83_t354
77709,q83_t355
77710,q83_t355
77710,q83_t356
77711,q83_t357
77711,q83_t358
77712,q83_t358
77712,q83_t359
77713,q83_t360
77713,q83_t361
77714,q83_t361
77714,q83_t362
77715,q83_t363
77715,q83_t364
77716,q83_t364
77716,q83_t365
77717,q83_t366
77717,q83_t367
77718,q83_t367
77718,q83_t368
77719,q83_t369
77719,q83_t370
77720,q83_t370
77720,q83_t371
77721,q83_t372
77721,q83_t373
77722,q83_t373
77722,q83_t374
77723,q83_t375
77723,q83_t376
77724,q83_t376
77724,q83_t377
77725,q83_t378
77725,q83_t379
77726,q83_t379
77726,q83_t380
77727,q83_t381
77727,q83_t382
77728,q83_t382
77728,q83_t383
77729,q83_t384
77729,q83_t385
77730,q83_t385
77730,q83_t386
77731,q83_t387
77731,q83_t388
77732,q83_t388
77732,q83_t389
77733,q83_t390
77733,q83_t391
77734,q83_t391
77734,q83_t392
77735,q83_t393
77735,q83_t394
77736,q83_t394
77736,q83_t395
77737,q83_t396
77737,q83_t397
77738,q83_t397
77738,q83_t398
77739,q83_t399
77739,q83_t400
77740,q83_t400
77740,q83_t401
77741,q83_t402
77741,q83_t403
77742,q83_t403
77742,q83_t404
77743,q83_t405
77743,q83_t406
77744,q83_t406
77744,q83_t407
77745,q83_t408
77745,q83_t409
77746,q83_t409
77746,q83_t410
77747,q83_t411
77747,q83_t412
77748,q83_t412
77748,q83_t413
77749,q83_t414
77749,q83_t415
77750,q83_t415
77750,q83_t416
77751,q83_t417
77751,q83_t418
77752,q83_t418
77752,q83_t419
77753,q83_t420
77753,q83_t421
77754,q83_t421
77754,q83_t422
77755,q83_t423
77755,q83_t424
77756,q83_t424
77756,q83_t425
77757,q83_t426
77757,q83_t427
77758,q83_t427
77758,q83_t428
77759,q83_t429
77759,q83_t430
77760,q83_t430
77760,q83_t431
77761,q83_t432
77761,q83_t433
77762,q83_t433
77762,q83_t434
77763,q83_t435
77763,q83_t436
77764,q83_t436
77764,q83_t437
77765,q83_t438
77765,q83_t439
77766,q83_t439
77766,q83_t440
77767,q83_t441
77767,q83_t442
77768,q83_t442
77768,q83_t443
77769,q83_t444
77769,q83_t445
77770,q83_t445
77770,q83_t446
77771,q83_t447
77771,q83_t448
77772,q83_t448
77772,q83_t449
77773,q83_t450
77773,q83_t451
77774,q83_t451
77774,q83_t452
77775,q83_t453
77775,q83_t454
77776,q83_t454
77776,q83_t455
77777,q83_t456
77777,q83_t457
77778,q83_t457
77778,q83_t458
77779,q83_t459
77779,q83_t460
77780,q83_t460
77780,q83_t461
77781,q83_t462
77781,q83_t463
77782,q83_t463
77782,q83_t464
77783,q83_t465
77783,q83_t466
77784,q83_t466
77784,q83_t467
77785,q83_t468
77785,q83_t469
77786,q83_t469
77786,q83_t470
77787,q83_t471
77787,q83_t472
77788,q83_t472
77788,q83_t473
77789,q83_t474
77789,q83_t475
77790,q83_t475
77790,q83_t476
77791,q83_t477
77791,q83_t478
77792,q83_t478
77792,q83_t479
77793,q83_t480
77793,q83_t481
77794,q83_t481
77794,q83_t482
77795,q83_t483
77795,q83_t484
77796,q83_t484
77796,q83_t485
77797,q83_t486
77797,q83_t487
77798,q83_t487
77798,q83_t488
77799,q83_t489
77799,q83_t490
77800,q83_t490
77800,q83_t491
77801,q83_t492
77801,q83_t493
77802,q83_t493
77802,q83_t494
77803,q83_t495
77803,q83_t496
77804,q83_t496
77804,q83_t500
77805,q83_t500
77805,q83_t501
77805,q84_t500
77805,q84_t501
77806,q83_t501
77806,q83_t502
77807,q83_t502
77807,q83_t503
77808,q83_t503
77808,q83_t504
77808,q85_t503
77808,q85_t504
77809,q83_t504
77809,q83_t505
77810,q83_t505
77810,q83_t506
77811,q83_t506
77811,q83_t507
77811,q86_t506
77811,q86_t507
77812,q83_t507
77812,q83_t508
77813,q83_t508
77813,q83_t509
77814,q83_t509
77814,q83_t510
77814,q87_t509
77814,q87_t510
77815,q83_t510
77815,q83_t511
77816,q83_t511
77816,q83_t512
77817,q83_t512
77817,q83_t513
77817,q88_t512
77817,q88_t513
77818,q83_t513
77818,q83_t514
77819,q83_t514
77819,q83_t515
77820,q83_t515
77820,q83_t516
77820,q89_t515
77820,q89_t516
77821,q83_t516
77821,q83_t517
77822,q83_t517
77822,q83_t518
77823,q83_t518
77823,q83_t519
77823,q90_t518
77823,q90_t519
77824,q83_t519
77824,q83_t520
77825,q83_t520
77825,q83_t521
77826,q83_t521
77826,q83_t522
77826,q91_t521
77826,q91_t522
77827,q83_t522
77827,q83_t523
77828,q83_t523
77828,q83_t524
77829,q83_t524
77829,q83_t525
77829,q92_t524
77829,q92_t525
77830,q83_t525
77830,q83_t526
77831,q83_t526
77831,q83_t527
77832,q83_t527
77832,q83_t528
77832,q93_t527
77832,q93_t528
77833,q83_t528
77833,q83_t529
77834,q83_t529
77834,q83_t530
77835,q83_t530
77835,q83_t531
77835,q94_t530
77835,q94_t531
77836,q83_t531
77836,q83_t532
77837,q83_t532
77837,q83_t533
77838,q83_t533
77838,q83_t534
77838,q95_t533
77838,q95_t534
77839,q83_t534
77839,q83_t535
77840,q83_t535
77840,q83_t536
77841,q83_t536
77841,q83_t537
77841,q96_t536
77841,q96_t537
77842,q83_t537
77842,q83_t538
77843,q83_t538
77843,q83_t539
77844,q83_t539
77844,q83_t540
77844,q97_t539
77844,q97_t540
77845,q83_t540
77845,q83_t541
77846,q83_t541
77846,q83_t542
77847,q83_t542
77847,q83_t543
77847,q98_t542
77847,q98_t543
77848,q83_t543
77848,q83_t544
77849,q83_t544
77849,q83_t545
77850,q83_t545
77850,q83_t546
77850,q99_t545
77850,q99_t546
77851,q83_t546
77851,q83_t547
77852,q83_t547
77852,q83_t548
77853,q83_t549
77853,q83_t550
77854,q83_t550
77854,q83_t551
77855,q83_t552
77855,q83_t553
77856,q83_t553
77856,q83_t554
77857,q83_t555
77857,q83_t556
77858,q83_t556
77858,q83_t557
77859,q83_t558
77859,q83_t559
77860,q83_t559
77860,q83_t560
77861,q83_t561
77861,q83_t562
77862,q83_t562
77862,q83_t563
77863,q83_t564
77863,q83_t565
77864,q83_t565
77864,q83_t566
77865,q83_t567
77865,q83_t568
77866,q83_t568
77866,q83_t569
77867,q83_t570
77867,q83_t571
77868,q83_t571
77868,q83_t572
77869,q83_t573
77869,q83_t574
77870,q83_t574
77870,q83_t575
77871,q83_t576
77871,q83_t577
77872,q83_t577
77872,q83_t578
77873,q83_t578
77873,q83_t579
77874,q83_t580
77874,q83_t581
77875,q83_t581
77875,q83_t582
77876,q83_t583
77876,q83_t584
77877,q83_t584
77877,q83_t585
77878,q83_t586
77878,q83_t587
77879,q83_t587
77879,q83_t588
77880,q83_t589
77880,q83_t590
77881,q83_t590
77881,q83_t591
77882,q83_t592
77882,q83_t593
77883,q83_t593
77883,q83_t594
77884,q83_t595
77884,q83_t596
77885,q83_t596
77885,q83_t597
77886,q83_t598
77886,q83_t599
77887,q83_t599
77887,q83_t600
77888,q83_t601
77888,q83_t602
77889,q83_t602
77889,q83_t603
77890,q83_t603
77890,q83_t604
77890,q8_t603
77890,q8_t604
77891,q83_t604
77891,q83_t605
77892,q83_t605
77892,q83_t606
77893,q83_t606
77893,q83_t607
77893,q9_t606
77893,q9_t607
77894,q83_t607
77894,q83_t608
77895,q83_t608
77895,q83_t609
77896,q83_t610
77896,q83_t611
77897,q83_t611
77897,q83_t612
77898,q83_t613
77898,q83_t614
77899,q83_t614
77899,q83_t615
77900,q83_t616
77900,q83_t617
77901,q83_t617
77901,q83_t618
77902,q83_t619
77902,q83_t620
77903,q83_t620
77903,q83_t621
77904,q83_t622
77904,q83_t623
77905,q83_t623
77905,q83_t624
77906,q83_t625
77906,q83_t626
77907,q83_t626
77907,q83_t627
77908,q83_t628
77908,q83_t629
77909,q83_t629
77909,q83_t630
77910,q83_t631
77910,q83_t632
77911,q83_t632
77911,q83_t633
77912,q83_t634
77912,q83_t635
77913,q83_t635
77913,q83_t636
77914,q83_t637
77914,q83_t638
77915,q83_t638
77915,q83_t639
77916,q83_t640
77916,q83_t641
77917,q83_t641
77917,q83_t642
77918,q83_t643
77918,q83_t644
77919,q83_t644
77919,q83_t645
77920,q83_t646
77920,q83_t647
77921,q83_t647
77921,q83_t648
77922,q83_t649
77922,q83_t650
77923,q83_t650
77923,q83_t651
77924,q83_t652
77924,q83_t653
77925,q83_t653
77925,q83_t654
77926,q83_t655
77926,q83_t656
77927,q83_t656
77927,q83_t657
77928,q83_t658
77928,q83_t659
77929,q83_t659
77929,q83_t660
77930,q83_t661
77930,q83_t662
77931,q83_t662
77931,q83_t663
77932,q83_t664
77932,q83_t665
77933,q83_t665
77933,q83_t666
77934,q83_t667
77934,q83_t668
77935,q83_t668
77935,q83_t669
77936,q83_t670
77936,q83_t671
77937,q83_t671
77937,q83_t672
77938,q83_t673
77938,q83_t674
77939,q83_t674
77939,q83_t675
77940,q83_t676
77940,q83_t677
77941,q83_t677
77941,q83_t678
77942,q83_t679
77942,q83_t680
77943,q83_t680
77943,q83_t681
77944,q83_t682
77944,q83_t683
77945,q83_t683
77945,q83_t684
77946,q83_t685
77946,q83_t686
77947,q83_t686
77947,q83_t687
77948,q83_t688
77948,q83_t689
77949,q83_t689
77949,q83_t690
77950,q83_t691
77950,q83_t692
77951,q83_t692
77951,q83_t693
77952,q83_t694
77952,q83_t695
77953,q83_t695
77953,q83_t696
77954,q83_t697
77954,q83_t698
77955,q83_t698
77955,q83_t699
77956,q83_t700
77956,q83_t701
77957,q83_t701
77957,q83_t702
77958,q83_t703
77958,q83_t704
77959,q83_t704
77959,q83_t705
77960,q83_t706
77960,q83_t707
77961,q83_t707
77961,q83_t708
77962,q83_t709
77962,q83_t710
77963,q83_t710
77963,q83_t711
77964,q83_t712
77964,q83_t713
77965,q83_t713
77965,q83_t714
77966,q83_t715
77966,q83_t716
77967,q83_t716
77967,q83_t717
77968,q83_t718
77968,q83_t719
77969,q83_t719
77969,q83_t720
77970,q83_t721
77970,q83_t722
77971,q83_t722
77971,q83_t723
77972,q83_t724
77972,q83_t725
77973,q83_t725
77973,q83_t726
77974,q83_t727
77974,q83_t728
77975,q83_t728
77975,q83_t729
77976,q83_t730
77976,q83_t731
77977,q83_t731
77977,q83_t732
77978,q83_t733
77978,q83_t734
77979,q83_t734
77979,q83_t735
77980,q83_t736
77980,q83_t737
77981,q83_t737
77981,q83_t738
77982,q83_t739
77982,q83_t740
77983,q83_t740
77983,q83_t741
77984,q83_t742
77984,q83_t743
77985,q83_t743
77985,q83_t744
77986,q83_t745
77986,q83_t746
77987,q83_t746
77987,q83_t747
77988,q83_t748
77988,q83_t749
77989,q83_t749
77989,q83_t750
77990,q83_t751
77990,q83_t752
77991,q83_t752
77991,q83_t753
77992,q83_t754
77992,q83_t755
77993,q83_t755
77993,q83_t756
77994,q83_t757
77994,q83_t758
77995,q83_t758
77995,q83_t759
77996,q83_t760
77996,q83_t761
77997,q83_t761
77997,q83_t762
77998,q83_t763
77998,q83_t764
77999,q83_t764
77999,q83_t765
78000,q83_t766
78000,q83_t767
78001,q83_t767
78001,q83_t768
78002,q83_t769
78002,q83_t770
78003,q83_t770
78003,q83_t771
78004,q83_t772
78004,q83_t773
78005,q83_t773
78005,q83_t774
78006,q83_t775
78006,q83_t776
78007,q83_t776
78007,q83_t777
78008,q83_t778
78008,q83_t779
78009,q83_t779
78009,q83_t780
78010,q83_t781
78010,q83_t782
78011,q83_t782
78011,q83_t783
78012,q83_t784
78012,q83_t785
78013,q83_t785
78013,q83_t786
78014,q83_t787
78014,q83_t788
78015,q83_t788
78015,q83_t789
78016,q83_t790
78016,q83_t791
78017,q83_t791
78017,q83_t792
78018,q83_t793
78018,q83_t794
78019,q83_t794
78019,q83_t795
78020,q83_t796
78020,q83_t797
78021,q83_t797
78021,q83_t798
78022,q83_t799
78022,q83_t800
78023,q83_t800
78023,q83_t801
78024,q83_t802
78024,q83_t803
78025,q83_t803
78025,q83_t804
78026,q83_t805
78026,q83_t806
78027,q83_t806
78027,q83_t807
78028,q83_t808
78028,q83_t809
78029,q83_t809
78029,q83_t810
78030,q83_t811
78030,q83_t812
78031,q83_t812
78031,q83_t813
78032,q83_t814
78032,q83_t815
78033,q83_t815
78033,q83_t816
78034,q83_t817
78034,q83_t818
78035,q83_t818
78035,q83_t819
78036,q83_t820
78036,q83_t821
78037,q83_t821
78037,q83_t822
78038,q83_t823
78038,q83_t824
78039,q83_t824
78039,q83_t825
78040,q83_t826
78040,q83_t827
78041,q83_t827
78041,q83_t831
78042,q83_t831
78042,q83_t832
78042,q84_t831
78042,q84_t832
78043,q83_t832
78043,q83_t833
78044,q83_t833
78044,q83_t834
78045,q83_t834
78045,q83_t835
78045,q85_t834
78045,q85_t835
78046,q83_t835
78046,q83_t836
78047,q83_t836
78047,q83_t837
78048,q83_t837
78048,q83_t838
78048,q86_t837
78048,q86_t838
78049,q83_t838
78049,q83_t839
78050,q83_t839
78050,q83_t840
78051,q83_t840
78051,q83_t841
78051,q87_t840
78051,q87_t841
78052,q83_t841
78052,q83_t842
78053,q83_t842
78053,q83_t843
78054,q83_t843
78054,q83_t844
78054,q88_t843
78054,q88_t844
78055,q83_t844
78055,q83_t845
78056,q83_t845
78056,q83_t846
78057,q83_t846
78057,q83_t847
78057,q89_t846
78057,q89_t847
78058,q83_t847
78058,q83_t848
78059,q83_t848
78059,q83_t849
78060,q83_t849
78060,q83_t850
78060,q90_t849
78060,q90_t850
78061,q83_t850
78061,q83_t851
78062,q83_t851
78062,q83_t852
78063,q83_t852
78063,q83_t853
78063,q91_t852
78063,q91_t853
78064,q83_t853
78064,q83_t854
78065,q83_t854
78065,q83_t855
78066,q83_t855
78066,q83_t856
78066,q92_t855
78066,q92_t856
78067,q83_t856
78067,q83_t857
78068,q83_t857
78068,q83_t858
78069,q83_t858
78069,q83_t859
78069,q93_t858
78069,q93_t859
78070,q83_t859
78070,q83_t860
78071,q83_t860
78071,q83_t861
78072,q83_t861
78072,q83_t862
78072,q94_t861
78072,q94_t862
78073,q83_t862
78073,q83_t863
78074,q83_t863
78074,q83_t864
78075,q83_t864
78075,q83_t865
78075,q95_t864
78075,q95_t865
78076,q83_t865
78076,q83_t866
78077,q83_t866
78077,q83_t867
78078,q83_t867
78078,q83_t868
78078,q96_t867
78078,q96_t868
78079,q83_t868
78079,q83_t869
78080,q83_t869
78080,q83_t870
78081,q83_t870
78081,q83_t871
78081,q97_t870
78081,q97_t871
78082,q83_t871
78082,q83_t872
78083,q83_t872
78083,q83_t873
78084,q83_t873
78084,q83_t874
78084,q98_t873
78084,q98_t874
78085,q83_t874
78085,q83_t875
78086,q83_t875
78086,q83_t876
78087,q83_t876
78087,q83_t877
78087,q99_t876
78087,q99_t877
78088,q83_t877
78088,q83_t878
78089,q83_t878
78089,q83_t879
78090,q83_t880
78090,q83_t881
78091,q83_t881
78091,q83_t882
78092,q83_t883
78092,q83_t884
78093,q83_t884
78093,q83_t885
78094,q83_t886
78094,q83_t887
78095,q83_t887
78095,q83_t888
78096,q83_t889
78096,q83_t890
78097,q83_t890
78097,q83_t891
78098,q83_t892
78098,q83_t893
78099,q83_t893
78099,q83_t894
78100,q83_t895
78100,q83_t896
78101,q83_t896
78101,q83_t897
78102,q83_t898
78102,q83_t899
78103,q83_t899
78103,q83_t900
78104,q83_t901
78104,q83_t902
78105,q83_t902
78105,q83_t903
78106,q83_t904
78106,q83_t905
78107,q83_t905
78107,q83_t906
78108,q83_t907
78108,q83_t908
78109,q83_t908
78109,q83_t909
78110,q83_t909
78110,q83_t910
78111,q83_t911
78111,q83_t912
78112,q83_t912
78112,q83_t913
78113,q83_t914
78113,q83_t915
78114,q83_t915
78114,q83_t916
78115,q83_t917
78115,q83_t918
78116,q83_t918
78116,q83_t919
78117,q83_t920
78117,q83_t921
78118,q83_t921
78118,q83_t922
78119,q83_t923
78119,q83_t924
78120,q83_t924
78120,q83_t925
78121,q83_t926
78121,q83_t927
78122,q83_t927
78122,q83_t928
78123,q83_t929
78123,q83_t930
78124,q83_t930
78124,q83_t931
78125,q83_t932
78125,q83_t933
78126,q83_t933
78126,q83_t934
78127,q83_t934
78127,q83_t935
78127,q8_t934
78127,q8_t935
78128,q83_t935
78128,q83_t936
78129,q83_t936
78129,q83_t937
78130,q83_t937
78130,q83_t938
78130,q9_t937
78130,q9_t938
78131,q83_t938
78131,q83_t939
78132,q83_t939
78132,q83_t940
78133,q83_t941
78133,q83_t942
78134,q83_t942
78134,q83_t943
78135,q83_t944
78135,q83_t945
78136,q83_t945
78136,q83_t946
78137,q83_t947
78137,q83_t948
78138,q83_t948
78138,q83_t949
78139,q83_t950
78139,q83_t951
78140,q83_t951
78140,q83_t952
78141,q83_t953
78141,q83_t954
78142,q83_t954
78142,q83_t955
78143,q83_t956
78143,q83_t957
78144,q83_t957
78144,q83_t958
78145,q83_t959
78145,q83_t960
78146,q83_t960
78146,q83_t961
78147,q83_t962
78147,q83_t963
78148,q83_t963
78148,q83_t964
78149,q83_t965
78149,q83_t966
78150,q83_t966
78150,q83_t967
78151,q83_t968
78151,q83_t969
78152,q83_t969
78152,q83_t970
78153,q83_t971
78153,q83_t972
78154,q83_t972
78154,q83_t973
78155,q83_t974
78155,q83_t975
78156,q83_t975
78156,q83_t976
78157,q83_t977
78157,q83_t978
78158,q83_t978
78158,q83_t979
78159,q83_t980
78159,q83_t981
78160,q83_t981
78160,q83_t982
78161,q83_t983
78161,q83_t984
78162,q83_t984
78162,q83_t985
78163,q83_t986
78163,q83_t987
78164,q83_t987
78164,q83_t988
78165,q83_t989
78165,q83_t990
78166,q83_t990
78166,q83_t991
78167,q83_t992
78167,q83_t993
78168,q83_t993
78168,q83_t994
78169,q83_t995
78169,q83_t996
78170,q83_t996
78170,q83_t997
78171,q83_t998
78171,q83_t999
78172,q84_t0
78172,q84_t1
78173,q84_t1
78173,q84_t251
78174,q84_t1000
78174,q84_t999
78175,q84_t1001
78175,q84_t1002
78176,q84_t1002
78176,q84_t1003
78177,q84_t1004
78177,q84_t1005
78178,q84_t1005
78178,q84_t1006
78179,q84_t1007
78179,q84_t1008
78180,q84_t1008
78180,q84_t1009
78181,q84_t1010
78181,q84_t1011
78182,q84_t1011
78182,q84_t1012
78183,q84_t1013
78183,q84_t1014
78184,q84_t1014
78184,q84_t1015
78185,q84_t1016
78185,q84_t1017
78186,q84_t1017
78186,q84_t1018
78187,q84_t1019
78187,q84_t1020
78188,q84_t1020
78188,q84_t1021
78189,q84_t1022
78189,q84_t1023
78190,q84_t1023
78190,q84_t1024
78191,q84_t1025
78191,q84_t1026
78192,q84_t1026
78192,q84_t1027
78193,q84_t1028
78193,q84_t1029
78194,q84_t1029
78194,q84_t1030
78195,q84_t1031
78195,q84_t1032
78196,q84_t1032
78196,q84_t1033
78197,q84_t1034
78197,q84_t1035
78198,q84_t1035
78198,q84_t1036
78199,q84_t1037
78199,q84_t1038
78200,q84_t1038
78200,q84_t1039
78201,q84_t1040
78201,q84_t1041
78202,q84_t1041
78202,q84_t1042
78203,q84_t1043
78203,q84_t1044
78204,q84_t1044
78204,q84_t1045
78205,q84_t1046
78205,q84_t1047
78206,q84_t1047
78206,q84_t1048
78207,q84_t1049
78207,q84_t1050
78208,q84_t1050
78208,q84_t1051
78209,q84_t1052
78209,q84_t1053
78210,q84_t1053
78210,q84_t1054
78211,q84_t1055
78211,q84_t1056
78212,q84_t1056
78212,q84_t1057
78213,q84_t1058
78213,q84_t1059
78214,q84_t1059
78214,q84_t1060
78215,q84_t1061
78215,q84_t1062
78216,q84_t1062
78216,q84_t1063
78217,q84_t1064
78217,q84_t1065
78218,q84_t1065
78218,q84_t1066
78219,q84_t1067
78219,q84_t1068
78220,q84_t1068
78220,q84_t1069
78221,q84_t1070
78221,q84_t1071
78222,q84_t1071
78222,q84_t1072
78223,q84_t1073
78223,q84_t1074
78224,q84_t1074
78224,q84_t1075
78225,q84_t1076
78225,q84_t1077
78226,q84_t1077
78226,q84_t1078
78227,q84_t1079
78227,q84_t1080
78228,q84_t1080
78228,q84_t1081
78229,q84_t1082
78229,q84_t1083
78230,q84_t1083
78230,q84_t1084
78231,q84_t1085
78231,q84_t1086
78232,q84_t1086
78232,q84_t1087
78233,q84_t1088
78233,q84_t1089
78234,q84_t1089
78234,q84_t1090
78235,q84_t1091
78235,q84_t1092
78236,q84_t1092
78236,q84_t1093
78237,q84_t1094
78237,q84_t1095
78238,q84_t1095
78238,q84_t1096
78239,q84_t1097
78239,q84_t1098
78240,q84_t1098
78240,q84_t1099
78241,q84_t1100
78241,q84_t1101
78242,q84_t1101
78242,q84_t1102
78243,q84_t1103
78243,q84_t1104
78244,q84_t1104
78244,q84_t1105
78245,q84_t1106
78245,q84_t1107
78246,q84_t1107
78246,q84_t1108
78247,q84_t1109
78247,q84_t1110
78248,q84_t1110
78248,q84_t1111
78249,q84_t1112
78249,q84_t1113
78250,q84_t1113
78250,q84_t1114
78251,q84_t1115
78251,q84_t1116
78252,q84_t1116
78252,q84_t1117
78253,q84_t1118
78253,q84_t1119
78254,q84_t1119
78254,q84_t1120
78255,q84_t1121
78255,q84_t1122
78256,q84_t1122
78256,q84_t1123
78257,q84_t1124
78257,q84_t1125
78258,q84_t1125
78258,q84_t1126
78259,q84_t1127
78259,q84_t1128
78260,q84_t1128
78260,q84_t1129
78261,q84_t1130
78261,q84_t1131
78262,q84_t1131
78262,q84_t1132
78263,q84_t1133
78263,q84_t1134
78264,q84_t1134
78264,q84_t1135
78265,q84_t1136
78265,q84_t1137
78266,q84_t1137
78266,q84_t1138
78267,q84_t1139
78267,q84_t1140
78268,q84_t1140
78268,q84_t1141
78269,q84_t1142
78269,q84_t1143
78270,q84_t1143
78270,q84_t1144
78271,q84_t1145
78271,q84_t1146
78272,q84_t1146
78272,q84_t1147
78273,q84_t1148
78273,q84_t1149
78274,q84_t1149
78274,q84_t1150
78275,q84_t1151
78275,q84_t1152
78276,q84_t1152
78276,q84_t1153
78277,q84_t1154
78277,q84_t1155
78278,q84_t1155
78278,q84_t1156
78279,q84_t1157
78279,q84_t1158
78280,q84_t1158
78280,q84_t1159
78281,q84_t1160
78281,q84_t1161
78282,q84_t1161
78282,q84_t1162
78283,q84_t1163
78283,q84_t1164
78284,q84_t1164
78284,q84_t1168
78285,q84_t1168
78285,q84_t1169
78285,q85_t1168
78285,q85_t1169
78286,q84_t1169
78286,q84_t1170
78287,q84_t1170
78287,q84_t1171
78288,q84_t1171
78288,q84_t1172
78288,q86_t1171
78288,q86_t1172
78289,q84_t1172
78289,q84_t1173
78290,q84_t1173
78290,q84_t1174
78291,q84_t1174
78291,q84_t1175
78291,q87_t1174
78291,q87_t1175
78292,q84_t1175
78292,q84_t1176
78293,q84_t1176
78293,q84_t1177
78294,q84_t1177
78294,q84_t1178
78294,q88_t1177
78294,q88_t1178
78295,q84_t1178
78295,q84_t1179
78296,q84_t1179
78296,q84_t1180
78297,q84_t1180
78297,q84_t1181
78297,q89_t1180
78297,q89_t1181
78298,q84_t1181
78298,q84_t1182
78299,q84_t1182
78299,q84_t1183
78300,q84_t1183
78300,q84_t1184
78300,q90_t1183
78300,q90_t1184
78301,q84_t1184
78301,q84_t1185
78302,q84_t1185
78302,q84_t1186
78303,q84_t1186
78303,q84_t1187
78303,q91_t1186
78303,q91_t1187
78304,q84_t1187
78304,q84_t1188
78305,q84_t1188
78305,q84_t1189
78306,q84_t1189
78306,q84_t1190
78306,q92_t1189
78306,q92_t1190
78307,q84_t1190
78307,q84_t1191
78308,q84_t1191
78308,q84_t1192
78309,q84_t1192
78309,q84_t1193
78309,q93_t1192
78309,q93_t1193
78310,q84_t1193
78310,q84_t1194
78311,q84_t1194
78311,q84_t1195
78312,q84_t1195
78312,q84_t1196
78312,q94_t1195
78312,q94_t1196
78313,q84_t1196
78313,q84_t1197
78314,q84_t1197
78314,q84_t1198
78315,q84_t1198
78315,q84_t1199
78315,q95_t1198
78315,q95_t1199
78316,q84_t1199
78316,q84_t1200
78317,q84_t1200
78317,q84_t1201
78318,q84_t1201
78318,q84_t1202
78318,q96_t1201
78318,q96_t1202
78319,q84_t1202
78319,q84_t1203
78320,q84_t1203
78320,q84_t1204
78321,q84_t1204
78321,q84_t1205
78321,q97_t1204
78321,q97_t1205
78322,q84_t1205
78322,q84_t1206
78323,q84_t1206
78323,q84_t1207
78324,q84_t1207
78324,q84_t1208
78324,q98_t1207
78324,q98_t1208
78325,q84_t1208
78325,q84_t1209
78326,q84_t1209
78326,q84_t1210
78327,q84_t1210
78327,q84_t1211
78327,q99_t1210
78327,q99_t1211
78328,q84_t1211
78328,q84_t1212
78329,q84_t1212
78329,q84_t1213
78330,q84_t1214
78330,q84_t1215
78331,q84_t1215
78331,q84_t1216
78332,q84_t1217
78332,q84_t1218
78333,q84_t1218
78333,q84_t1219
78334,q84_t1220
78334,q84_t1221
78335,q84_t1221
78335,q84_t1222
78336,q84_t1223
78336,q84_t1224
78337,q84_t1224
78337,q84_t1225
78338,q84_t1226
78338,q84_t1227
78339,q84_t1227
78339,q84_t1228
78340,q84_t1229
78340,q84_t1230
78341,q84_t1230
78341,q84_t1231
78342,q84_t1232
78342,q84_t1233
78343,q84_t1233
78343,q84_t1234
78344,q84_t1235
78344,q84_t1236
78345,q84_t1236
78345,q84_t1237
78346,q84_t1238
78346,q84_t1239
78347,q84_t1239
78347,q84_t1240
78348,q84_t1241
78348,q84_t1242
78349,q84_t1242
78349,q84_t1243
78350,q84_t252
78350,q84_t253
78351,q84_t253
78351,q84_t254
78352,q84_t255
78352,q84_t256
78353,q84_t256
78353,q84_t257
78354,q84_t258
78354,q84_t259
78355,q84_t259
78355,q84_t260
78356,q84_t261
78356,q84_t262
78357,q84_t262
78357,q84_t263
78358,q84_t264
78358,q84_t265
78359,q84_t265
78359,q84_t266
78360,q84_t267
78360,q84_t268
78361,q84_t268
78361,q84_t269
78362,q84_t270
78362,q84_t271
78363,q84_t271
78363,q84_t272
78364,q84_t273
78364,q84_t274
78365,q84_t274
78365,q84_t275
78366,q84_t275
78366,q84_t276
78366,q8_t275
78366,q8_t276
78367,q84_t276
78367,q84_t277
78368,q84_t277
78368,q84_t278
78369,q84_t278
78369,q84_t279
78369,q9_t278
78369,q9_t279
78370,q84_t279
78370,q84_t280
78371,q84_t280
78371,q84_t281
78372,q84_t282
78372,q84_t283
78373,q84_t283
78373,q84_t284
78374,q84_t285
78374,q84_t286
78375,q84_t286
78375,q84_t287
78376,q84_t288
78376,q84_t289
78377,q84_t289
78377,q84_t290
78378,q84_t291
78378,q84_t292
78379,q84_t292
78379,q84_t293
78380,q84_t294
78380,q84_t295
78381,q84_t295
78381,q84_t296
78382,q84_t297
78382,q84_t298
78383,q84_t298
78383,q84_t299
78384,q84_t300
78384,q84_t301
78385,q84_t301
78385,q84_t302
78386,q84_t303
78386,q84_t304
78387,q84_t304
78387,q84_t305
78388,q84_t306
78388,q84_t307
78389,q84_t307
78389,q84_t308
78390,q84_t309
78390,q84_t310
78391,q84_t310
78391,q84_t311
78392,q84_t312
78392,q84_t313
78393,q84_t313
78393,q84_t314
78394,q84_t315
78394,q84_t316
78395,q84_t316
78395,q84_t317
78396,q84_t318
78396,q84_t319
78397,q84_t319
78397,q84_t320
78398,q84_t321
78398,q84_t322
78399,q84_t322
78399,q84_t323
78400,q84_t324
78400,q84_t325
78401,q84_t325
78401,q84_t326
78402,q84_t327
78402,q84_t328
78403,q84_t328
78403,q84_t329
78404,q84_t330
78404,q84_t331
78405,q84_t331
78405,q84_t332
78406,q84_t333
78406,q84_t334
78407,q84_t334
78407,q84_t335
78408,q84_t336
78408,q84_t337
78409,q84_t337
78409,q84_t338
78410,q84_t339
78410,q84_t340
78411,q84_t340
78411,q84_t341
78412,q84_t342
78412,q84_t343
78413,q84_t343
78413,q84_t344
78414,q84_t345
78414,q84_t346
78415,q84_t346
78415,q84_t347
78416,q84_t348
78416,q84_t349
78417,q84_t349
78417,q84_t350
78418,q84_t351
78418,q84_t352
78419,q84_t352
78419,q84_t353
78420,q84_t354
78420,q84_t355
78421,q84_t355
78421,q84_t356
78422,q84_t357
78422,q84_t358
78423,q84_t358
78423,q84_t359
78424,q84_t360
78424,q84_t361
78425,q84_t361
78425,q84_t362
78426,q84_t363
78426,q84_t364
78427,q84_t364
78427,q84_t365
78428,q84_t366
78428,q84_t367
78429,q84_t367
78429,q84_t368
78430,q84_t369
78430,q84_t370
78431,q84_t370
78431,q84_t371
78432,q84_t372
78432,q84_t373
78433,q84_t373
78433,q84_t374
78434,q84_t375
78434,q84_t376
78435,q84_t376
78435,q84_t377
78436,q84_t378
78436,q84_t379
78437,q84_t379
78437,q84_t380
78438,q84_t381
78438,q84_t382
78439,q84_t382
78439,q84_t383
78440,q84_t384
78440,q84_t385
78441,q84_t385
78441,q84_t386
78442,q84_t387
78442,q84_t388
78443,q84_t388
78443,q84_t389
78444,q84_t390
78444,q84_t391
78445,q84_t391
78445,q84_t392
78446,q84_t393
78446,q84_t394
78447,q84_t394
78447,q84_t395
78448,q84_t396
78448,q84_t397
78449,q84_t397
78449,q84_t398
78450,q84_t399
78450,q84_t400
78451,q84_t400
78451,q84_t401
78452,q84_t402
78452,q84_t403
78453,q84_t403
78453,q84_t404
78454,q84_t405
78454,q84_t406
78455,q84_t406
78455,q84_t407
78456,q84_t408
78456,q84_t409
78457,q84_t409
78457,q84_t410
78458,q84_t411
78458,q84_t412
78459,q84_t412
78459,q84_t413
78460,q84_t414
78460,q84_t415
78461,q84_t415
78461,q84_t416
78462,q84_t417
78462,q84_t418
78463,q84_t418
78463,q84_t419
78464,q84_t420
78464,q84_t421
78465,q84_t421
78465,q84_t422
78466,q84_t423
78466,q84_t424
78467,q84_t424
78467,q84_t425
78468,q84_t426
78468,q84_t427
78469,q84_t427
78469,q84_t428
78470,q84_t429
78470,q84_t430
78471,q84_t430
78471,q84_t431
78472,q84_t432
78472,q84_t433
78473,q84_t433
78473,q84_t434
78474,q84_t435
78474,q84_t436
78475,q84_t436
78475,q84_t437
78476,q84_t438
78476,q84_t439
78477,q84_t439
78477,q84_t440
78478,q84_t441
78478,q84_t442
78479,q84_t442
78479,q84_t443
78480,q84_t444
78480,q84_t445
78481,q84_t445
78481,q84_t446
78482,q84_t447
78482,q84_t448
78483,q84_t448
78483,q84_t449
78484,q84_t450
78484,q84_t451
78485,q84_t451
78485,q84_t452
78486,q84_t453
78486,q84_t454
78487,q84_t454
78487,q84_t455
78488,q84_t456
78488,q84_t457
78489,q84_t457
78489,q84_t458
78490,q84_t459
78490,q84_t460
78491,q84_t460
78491,q84_t461
78492,q84_t462
78492,q84_t463
78493,q84_t463
78493,q84_t464
78494,q84_t465
78494,q84_t466
78495,q84_t466
78495,q84_t467
78496,q84_t468
78496,q84_t469
78497,q84_t469
78497,q84_t470
78498,q84_t471
78498,q84_t472
78499,q84_t472
78499,q84_t473
78500,q84_t474
78500,q84_t475
78501,q84_t475
78501,q84_t476
78502,q84_t477
78502,q84_t478
78503,q84_t478
78503,q84_t479
78504,q84_t480
78504,q84_t481
78505,q84_t481
78505,q84_t482
78506,q84_t483
78506,q84_t484
78507,q84_t484
78507,q84_t485
78508,q84_t486
78508,q84_t487
78509,q84_t487
78509,q84_t488
78510,q84_t489
78510,q84_t490
78511,q84_t490
78511,q84_t491
78512,q84_t492
78512,q84_t493
78513,q84_t493
78513,q84_t494
78514,q84_t495
78514,q84_t496
78515,q84_t496
78515,q84_t497
78516,q84_t498
78516,q84_t499
78517,q84_t499
78517,q84_t500
78518,q84_t501
78518,q84_t502
78519,q84_t502
78519,q84_t506
78520,q84_t506
78520,q84_t507
78520,q85_t506
78520,q85_t507
78521,q84_t507
78521,q84_t508
78522,q84_t508
78522,q84_t509
78523,q84_t509
78523,q84_t510
78523,q86_t509
78523,q86_t510
78524,q84_t510
78524,q84_t511
78525,q84_t511
78525,q84_t512
78526,q84_t512
78526,q84_t513
78526,q87_t512
78526,q87_t513
78527,q84_t513
78527,q84_t514
78528,q84_t514
78528,q84_t515
78529,q84_t515
78529,q84_t516
78529,q88_t515
78529,q88_t516
78530,q84_t516
78530,q84_t517
78531,q84_t517
78531,q84_t518
78532,q84_t518
78532,q84_t519
78532,q89_t518
78532,q89_t519
78533,q84_t519
78533,q84_t520
78534,q84_t520
78534,q84_t521
78535,q84_t521
78535,q84_t522
78535,q90_t521
78535,q90_t522
78536,q84_t522
78536,q84_t523
78537,q84_t523
78537,q84_t524
78538,q84_t524
78538,q84_t525
78538,q91_t524
78538,q91_t525
78539,q84_t525
78539,q84_t526
78540,q84_t526
78540,q84_t527
78541,q84_t527
78541,q84_t528
78541,q92_t527
78541,q92_t528
78542,q84_t528
78542,q84_t529
78543,q84_t529
78543,q84_t530
78544,q84_t530
78544,q84_t531
78544,q93_t530
78544,q93_t531
78545,q84_t531
78545,q84_t532
78546,q84_t532
78546,q84_t533
78547,q84_t533
78547,q84_t534
78547,q94_t533
78547,q94_t534
78548,q84_t534
78548,q84_t535
78549,q84_t535
78549,q84_t536
78550,q84_t536
78550,q84_t537
78550,q95_t536
78550,q95_t537
78551,q84_t537
78551,q84_t538
78552,q84_t538
78552,q84_t539
78553,q84_t539
78553,q84_t540
78553,q96_t539
78553,q96_t540
78554,q84_t540
78554,q84_t541
78555,q84_t541
78555,q84_t542
78556,q84_t542
78556,q84_t543
78556,q97_t542
78556,q97_t543
78557,q84_t543
78557,q84_t544
78558,q84_t544
78558,q84_t545
78559,q84_t545
78559,q84_t546
78559,q98_t545
78559,q98_t546
78560,q84_t546
78560,q84_t547
78561,q84_t547
78561,q84_t548
78562,q84_t548
78562,q84_t549
78562,q99_t548
78562,q99_t549
78563,q84_t549
78563,q84_t550
78564,q84_t550
78564,q84_t551
78565,q84_t552
78565,q84_t553
78566,q84_t553
78566,q84_t554
78567,q84_t555
78567,q84_t556
78568,q84_t556
78568,q84_t557
78569,q84_t558
78569,q84_t559
78570,q84_t559
78570,q84_t560
78571,q84_t561
78571,q84_t562
78572,q84_t562
78572,q84_t563
78573,q84_t564
78573,q84_t565
78574,q84_t565
78574,q84_t566
78575,q84_t567
78575,q84_t568
78576,q84_t568
78576,q84_t569
78577,q84_t570
78577,q84_t571
78578,q84_t571
78578,q84_t572
78579,q84_t573
78579,q84_t574
78580,q84_t574
78580,q84_t575
78581,q84_t576
78581,q84_t577
78582,q84_t577
78582,q84_t578
78583,q84_t579
78583,q84_t580
78584,q84_t580
78584,q84_t581
78585,q84_t581
78585,q84_t582
78586,q84_t583
78586,q84_t584
78587,q84_t584
78587,q84_t585
78588,q84_t586
78588,q84_t587
78589,q84_t587
78589,q84_t588
78590,q84_t589
78590,q84_t590
78591,q84_t590
78591,q84_t591
78592,q84_t592
78592,q84_t593
78593,q84_t593
78593,q84_t594
78594,q84_t595
78594,q84_t596
78595,q84_t596
78595,q84_t597
78596,q84_t598
78596,q84_t599
78597,q84_t599
78597,q84_t600
78598,q84_t601
78598,q84_t602
78599,q84_t602
78599,q84_t603
78600,q84_t604
78600,q84_t605
78601,q84_t605
78601,q84_t606
78602,q84_t606
78602,q84_t607
78602,q8_t606
78602,q8_t607
78603,q84_t607
78603,q84_t608
78604,q84_t608
78604,q84_t609
78605,q84_t609
78605,q84_t610
78605,q9_t609
78605,q9_t610
78606,q84_t610
78606,q84_t611
78607,q84_t611
78607,q84_t612
78608,q84_t613
78608,q84_t614
78609,q84_t614
78609,q84_t615
78610,q84_t616
78610,q84_t617
78611,q84_t617
78611,q84_t618
78612,q84_t619
78612,q84_t620
78613,q84_t620
78613,q84_t621
78614,q84_t622
78614,q84_t623
78615,q84_t623
78615,q84_t624
78616,q84_t625
78616,q84_t626
78617,q84_t626
78617,q84_t627
78618,q84_t628
78618,q84_t629
78619,q84_t629
78619,q84_t630
78620,q84_t631
78620,q84_t632
78621,q84_t632
78621,q84_t633
78622,q84_t634
78622,q84_t635
78623,q84_t635
78623,q84_t636
78624,q84_t637
78624,q84_t638
78625,q84_t638
78625,q84_t639
78626,q84_t640
78626,q84_t641
78627,q84_t641
78627,q84_t642
78628,q84_t643
78628,q84_t644
78629,q84_t644
78629,q84_t645
78630,q84_t646
78630,q84_t647
78631,q84_t647
78631,q84_t648
78632,q84_t649
78632,q84_t650
78633,q84_t650
78633,q84_t651
78634,q84_t652
78634,q84_t653
78635,q84_t653
78635,q84_t654
78636,q84_t655
78636,q84_t656
78637,q84_t656
78637,q84_t657
78638,q84_t658
78638,q84_t659
78639,q84_t659
78639,q84_t660
78640,q84_t661
78640,q84_t662
78641,q84_t662
78641,q84_t663
78642,q84_t664
78642,q84_t665
78643,q84_t665
78643,q84_t666
78644,q84_t667
78644,q84_t668
78645,q84_t668
78645,q84_t669
78646,q84_t670
78646,q84_t671
78647,q84_t671
78647,q84_t672
78648,q84_t673
78648,q84_t674
78649,q84_t674
78649,q84_t675
78650,q84_t676
78650,q84_t677
78651,q84_t677
78651,q84_t678
78652,q84_t679
78652,q84_t680
78653,q84_t680
78653,q84_t681
78654,q84_t682
78654,q84_t683
78655,q84_t683
78655,q84_t684
78656,q84_t685
78656,q84_t686
78657,q84_t686
78657,q84_t687
78658,q84_t688
78658,q84_t689
78659,q84_t689
78659,q84_t690
78660,q84_t691
78660,q84_t692
78661,q84_t692
78661,q84_t693
78662,q84_t694
78662,q84_t695
78663,q84_t695
78663,q84_t696
78664,q84_t697
78664,q84_t698
78665,q84_t698
78665,q84_t699
78666,q84_t700
78666,q84_t701
78667,q84_t701
78667,q84_t702
78668,q84_t703
78668,q84_t704
78669,q84_t704
78669,q84_t705
78670,q84_t706
78670,q84_t707
78671,q84_t707
78671,q84_t708
78672,q84_t709
78672,q84_t710
78673,q84_t710
78673,q84_t711
78674,q84_t712
78674,q84_t713
78675,q84_t713
78675,q84_t714
78676,q84_t715
78676,q84_t716
78677,q84_t716
78677,q84_t717
78678,q84_t718
78678,q84_t719
78679,q84_t719
78679,q84_t720
78680,q84_t721
78680,q84_t722
78681,q84_t722
78681,q84_t723
78682,q84_t724
78682,q84_t725
78683,q84_t725
78683,q84_t726
78684,q84_t727
78684,q84_t728
78685,q84_t728
78685,q84_t729
78686,q84_t730
78686,q84_t731
78687,q84_t731
78687,q84_t732
78688,q84_t733
78688,q84_t734
78689,q84_t734
78689,q84_t735
78690,q84_t736
78690,q84_t737
78691,q84_t737
78691,q84_t738
78692,q84_t739
78692,q84_t740
78693,q84_t740
78693,q84_t741
78694,q84_t742
78694,q84_t743
78695,q84_t743
78695,q84_t744
78696,q84_t745
78696,q84_t746
78697,q84_t746
78697,q84_t747
78698,q84_t748
78698,q84_t749
78699,q84_t749
78699,q84_t750
78700,q84_t751
78700,q84_t752
78701,q84_t752
78701,q84_t753
78702,q84_t754
78702,q84_t755
78703,q84_t755
78703,q84_t756
78704,q84_t757
78704,q84_t758
78705,q84_t758
78705,q84_t759
78706,q84_t760
78706,q84_t761
78707,q84_t761
78707,q84_t762
78708,q84_t763
78708,q84_t764
78709,q84_t764
78709,q84_t765
78710,q84_t766
78710,q84_t767
78711,q84_t767
78711,q84_t768
78712,q84_t769
78712,q84_t770
78713,q84_t770
78713,q84_t771
78714,q84_t772
78714,q84_t773
78715,q84_t773
78715,q84_t774
78716,q84_t775
78716,q84_t776
78717,q84_t776
78717,q84_t777
78718,q84_t778
78718,q84_t779
78719,q84_t779
78719,q84_t780
78720,q84_t781
78720,q84_t782
78721,q84_t782
78721,q84_t783
78722,q84_t784
78722,q84_t785
78723,q84_t785
78723,q84_t786
78724,q84_t787
78724,q84_t788
78725,q84_t788
78725,q84_t789
78726,q84_t790
78726,q84_t791
78727,q84_t791
78727,q84_t792
78728,q84_t793
78728,q84_t794
78729,q84_t794
78729,q84_t795
78730,q84_t796
78730,q84_t797
78731,q84_t797
78731,q84_t798
78732,q84_t799
78732,q84_t800
78733,q84_t800
78733,q84_t801
78734,q84_t802
78734,q84_t803
78735,q84_t803
78735,q84_t804
78736,q84_t805
78736,q84_t806
78737,q84_t806
78737,q84_t807
78738,q84_t808
78738,q84_t809
78739,q84_t809
78739,q84_t810
78740,q84_t811
78740,q84_t812
78741,q84_t812
78741,q84_t813
78742,q84_t814
78742,q84_t815
78743,q84_t815
78743,q84_t816
78744,q84_t817
78744,q84_t818
78745,q84_t818
78745,q84_t819
78746,q84_t820
78746,q84_t821
78747,q84_t821
78747,q84_t822
78748,q84_t823
78748,q84_t824
78749,q84_t824
78749,q84_t825
78750,q84_t826
78750,q84_t827
78751,q84_t827
78751,q84_t828
78752,q84_t829
78752,q84_t830
78753,q84_t830
78753,q84_t831
78754,q84_t832
78754,q84_t833
78755,q84_t833
78755,q84_t837
78756,q84_t837
78756,q84_t838
78756,q85_t837
78756,q85_t838
78757,q84_t838
78757,q84_t839
78758,q84_t839
78758,q84_t840
78759,q84_t840
78759,q84_t841
78759,q86_t840
78759,q86_t841
78760,q84_t841
78760,q84_t842
78761,q84_t842
78761,q84_t843
78762,q84_t843
78762,q84_t844
78762,q87_t843
78762,q87_t844
78763,q84_t844
78763,q84_t845
78764,q84_t845
78764,q84_t846
78765,q84_t846
78765,q84_t847
78765,q88_t846
78765,q88_t847
78766,q84_t847
78766,q84_t848
78767,q84_t848
78767,q84_t849
78768,q84_t849
78768,q84_t850
78768,q89_t849
78768,q89_t850
78769,q84_t850
78769,q84_t851
78770,q84_t851
78770,q84_t852
78771,q84_t852
78771,q84_t853
78771,q90_t852
78771,q90_t853
78772,q84_t853
78772,q84_t854
78773,q84_t854
78773,q84_t855
78774,q84_t855
78774,q84_t856
78774,q91_t855
78774,q91_t856
78775,q84_t856
78775,q84_t857
78776,q84_t857
78776,q84_t858
78777,q84_t858
78777,q84_t859
78777,q92_t858
78777,q92_t859
78778,q84_t859
78778,q84_t860
78779,q84_t860
78779,q84_t861
78780,q84_t861
78780,q84_t862
78780,q93_t861
78780,q93_t862
78781,q84_t862
78781,q84_t863
78782,q84_t863
78782,q84_t864
78783,q84_t864
78783,q84_t865
78783,q94_t864
78783,q94_t865
78784,q84_t865
78784,q84_t866
78785,q84_t866
78785,q84_t867
78786,q84_t867
78786,q84_t868
78786,q95_t867
78786,q95_t868
78787,q84_t868
78787,q84_t869
78788,q84_t869
78788,q84_t870
78789,q84_t870
78789,q84_t871
78789,q96_t870
78789,q96_t871
78790,q84_t871
78790,q84_t872
78791,q84_t872
78791,q84_t873
78792,q84_t873
78792,q84_t874
78792,q97_t873
78792,q97_t874
78793,q84_t874
78793,q84_t875
78794,q84_t875
78794,q84_t876
78795,q84_t876
78795,q84_t877
78795,q98_t876
78795,q98_t877
78796,q84_t877
78796,q84_t878
78797,q84_t878
78797,q84_t879
78798,q84_t879
78798,q84_t880
78798,q99_t879
78798,q99_t880
78799,q84_t880
78799,q84_t881
78800,q84_t881
78800,q84_t882
78801,q84_t883
78801,q84_t884
78802,q84_t884
78802,q84_t885
78803,q84_t886
78803,q84_t887
78804,q84_t887
78804,q84_t888
78805,q84_t889
78805,q84_t890
78806,q84_t890
78806,q84_t891
78807,q84_t892
78807,q84_t893
78808,q84_t893
78808,q84_t894
78809,q84_t895
78809,q84_t896
78810,q84_t896
78810,q84_t897
78811,q84_t898
78811,q84_t899
78812,q84_t899
78812,q84_t900
78813,q84_t901
78813,q84_t902
78814,q84_t902
78814,q84_t903
78815,q84_t904
78815,q84_t905
78816,q84_t905
78816,q84_t906
78817,q84_t907
78817,q84_t908
78818,q84_t908
78818,q84_t909
78819,q84_t910
78819,q84_t911
78820,q84_t911
78820,q84_t912
78821,q84_t912
78821,q84_t913
78822,q84_t914
78822,q84_t915
78823,q84_t915
78823,q84_t916
78824,q84_t917
78824,q84_t918
78825,q84_t918
78825,q84_t919
78826,q84_t920
78826,q84_t921
78827,q84_t921
78827,q84_t922
78828,q84_t923
78828,q84_t924
78829,q84_t924
78829,q84_t925
78830,q84_t926
78830,q84_t927
78831,q84_t927
78831,q84_t928
78832,q84_t929
78832,q84_t930
78833,q84_t930
78833,q84_t931
78834,q84_t932
78834,q84_t933
78835,q84_t933
78835,q84_t934
78836,q84_t935
78836,q84_t936
78837,q84_t936
78837,q84_t937
78838,q84_t937
78838,q84_t938
78838,q8_t937
78838,q8_t938
78839,q84_t938
78839,q84_t939
78840,q84_t939
78840,q84_t940
78841,q84_t940
78841,q84_t941
78841,q9_t940
78841,q9_t941
78842,q84_t941
78842,q84_t942
78843,q84_t942
78843,q84_t943
78844,q84_t944
78844,q84_t945
78845,q84_t945
78845,q84_t946
78846,q84_t947
78846,q84_t948
78847,q84_t948
78847,q84_t949
78848,q84_t950
78848,q84_t951
78849,q84_t951
78849,q84_t952
78850,q84_t953
78850,q84_t954
78851,q84_t954
78851,q84_t955
78852,q84_t956
78852,q84_t957
78853,q84_t957
78853,q84_t958
78854,q84_t959
78854,q84_t960
78855,q84_t960
78855,q84_t961
78856,q84_t962
78856,q84_t963
78857,q84_t963
78857,q84_t964
78858,q84_t965
78858,q84_t966
78859,q84_t966
78859,q84_t967
78860,q84_t968
78860,q84_t969
78861,q84_t969
78861,q84_t970
78862,q84_t971
78862,q84_t972
78863,q84_t972
78863,q84_t973
78864,q84_t974
78864,q84_t975
78865,q84_t975
78865,q84_t976
78866,q84_t977
78866,q84_t978
78867,q84_t978
78867,q84_t979
78868,q84_t980
78868,q84_t981
78869,q84_t981
78869,q84_t982
78870,q84_t983
78870,q84_t984
78871,q84_t984
78871,q84_t985
78872,q84_t986
78872,q84_t987
78873,q84_t987
78873,q84_t988
78874,q84_t989
78874,q84_t990
78875,q84_t990
78875,q84_t991
78876,q84_t992
78876,q84_t993
78877,q84_t993
78877,q84_t994
78878,q84_t995
78878,q84_t996
78879,q84_t996
78879,q84_t997
78880,q84_t998
78880,q84_t999
78881,q85_t0
78881,q85_t1
78882,q85_t1
78882,q85_t254
78883,q85_t1000
78883,q85_t999
78884,q85_t1001
78884,q85_t1002
78885,q85_t1002
78885,q85_t1003
78886,q85_t1004
78886,q85_t1005
78887,q85_t1005
78887,q85_t1006
78888,q85_t1007
78888,q85_t1008
78889,q85_t1008
78889,q85_t1009
78890,q85_t1010
78890,q85_t1011
78891,q85_t1011
78891,q85_t1012
78892,q85_t1013
78892,q85_t1014
78893,q85_t1014
78893,q85_t1015
78894,q85_t1016
78894,q85_t1017
78895,q85_t1017
78895,q85_t1018
78896,q85_t1019
78896,q85_t1020
78897,q85_t1020
78897,q85_t1021
78898,q85_t1022
78898,q85_t1023
78899,q85_t1023
78899,q85_t1024
78900,q85_t1025
78900,q85_t1026
78901,q85_t1026
78901,q85_t1027
78902,q85_t1028
78902,q85_t1029
78903,q85_t1029
78903,q85_t1030
78904,q85_t1031
78904,q85_t1032
78905,q85_t1032
78905,q85_t1033
78906,q85_t1034
78906,q85_t1035
78907,q85_t1035
78907,q85_t1036
78908,q85_t1037
78908,q85_t1038
78909,q85_t1038
78909,q85_t1039
78910,q85_t1040
78910,q85_t1041
78911,q85_t1041
78911,q85_t1042
78912,q85_t1043
78912,q85_t1044
78913,q85_t1044
78913,q85_t1045
78914,q85_t1046
78914,q85_t1047
78915,q85_t1047
78915,q85_t1048
78916,q85_t1049
78916,q85_t1050
78917,q85_t1050
78917,q85_t1051
78918,q85_t1052
78918,q85_t1053
78919,q85_t1053
78919,q85_t1054
78920,q85_t1055
78920,q85_t1056
78921,q85_t1056
78921,q85_t1057
78922,q85_t1058
78922,q85_t1059
78923,q85_t1059
78923,q85_t1060
78924,q85_t1061
78924,q85_t1062
78925,q85_t1062
78925,q85_t1063
78926,q85_t1064
78926,q85_t1065
78927,q85_t1065
78927,q85_t1066
78928,q85_t1067
78928,q85_t1068
78929,q85_t1068
78929,q85_t1069
78930,q85_t1070
78930,q85_t1071
78931,q85_t1071
78931,q85_t1072
78932,q85_t1073
78932,q85_t1074
78933,q85_t1074
78933,q85_t1075
78934,q85_t1076
78934,q85_t1077
78935,q85_t1077
78935,q85_t1078
78936,q85_t1079
78936,q85_t1080
78937,q85_t1080
78937,q85_t1081
78938,q85_t1082
78938,q85_t1083
78939,q85_t1083
78939,q85_t1084
78940,q85_t1085
78940,q85_t1086
78941,q85_t1086
78941,q85_t1087
78942,q85_t1088
78942,q85_t1089
78943,q85_t1089
78943,q85_t1090
78944,q85_t1091
78944,q85_t1092
78945,q85_t1092
78945,q85_t1093
78946,q85_t1094
78946,q85_t1095
78947,q85_t1095
78947,q85_t1096
78948,q85_t1097
78948,q85_t1098
78949,q85_t1098
78949,q85_t1099
78950,q85_t1100
78950,q85_t1101
78951,q85_t1101
78951,q85_t1102
78952,q85_t1103
78952,q85_t1104
78953,q85_t1104
78953,q85_t1105
78954,q85_t1106
78954,q85_t1107
78955,q85_t1107
78955,q85_t1108
78956,q85_t1109
78956,q85_t1110
78957,q85_t1110
78957,q85_t1111
78958,q85_t1112
78958,q85_t1113
78959,q85_t1113
78959,q85_t1114
78960,q85_t1115
78960,q85_t1116
78961,q85_t1116
78961,q85_t1117
78962,q85_t1118
78962,q85_t1119
78963,q85_t1119
78963,q85_t1120
78964,q85_t1121
78964,q85_t1122
78965,q85_t1122
78965,q85_t1123
78966,q85_t1124
78966,q85_t1125
78967,q85_t1125
78967,q85_t1126
78968,q85_t1127
78968,q85_t1128
78969,q85_t1128
78969,q85_t1129
78970,q85_t1130
78970,q85_t1131
78971,q85_t1131
78971,q85_t1132
78972,q85_t1133
78972,q85_t1134
78973,q85_t1134
78973,q85_t1135
78974,q85_t1136
78974,q85_t1137
78975,q85_t1137
78975,q85_t1138
78976,q85_t1139
78976,q85_t1140
78977,q85_t1140
78977,q85_t1141
78978,q85_t1142
78978,q85_t1143
78979,q85_t1143
78979,q85_t1144
78980,q85_t1145
78980,q85_t1146
78981,q85_t1146
78981,q85_t1147
78982,q85_t1148
78982,q85_t1149
78983,q85_t1149
78983,q85_t1150
78984,q85_t1151
78984,q85_t1152
78985,q85_t1152
78985,q85_t1153
78986,q85_t1154
78986,q85_t1155
78987,q85_t1155
78987,q85_t1156
78988,q85_t1157
78988,q85_t1158
78989,q85_t1158
78989,q85_t1159
78990,q85_t1160
78990,q85_t1161
78991,q85_t1161
78991,q85_t1162
78992,q85_t1163
78992,q85_t1164
78993,q85_t1164
78993,q85_t1165
78994,q85_t1166
78994,q85_t1167
78995,q85_t1167
78995,q85_t1168
78996,q85_t1169
78996,q85_t1170
78997,q85_t1170
78997,q85_t1174
78998,q85_t1174
78998,q85_t1175
78998,q86_t1174
78998,q86_t1175
78999,q85_t1175
78999,q85_t1176
79000,q85_t1176
79000,q85_t1177
79001,q85_t1177
79001,q85_t1178
79001,q87_t1177
79001,q87_t1178
79002,q85_t1178
79002,q85_t1179
79003,q85_t1179
79003,q85_t1180
79004,q85_t1180
79004,q85_t1181
79004,q88_t1180
79004,q88_t1181
79005,q85_t1181
79005,q85_t1182
79006,q85_t1182
79006,q85_t1183
79007,q85_t1183
79007,q85_t1184
79007,q89_t1183
79007,q89_t1184
79008,q85_t1184
79008,q85_t1185
79009,q85_t1185
79009,q85_t1186
79010,q85_t1186
79010,q85_t1187
79010,q90_t1186
79010,q90_t1187
79011,q85_t1187
79011,q85_t1188
79012,q85_t1188
79012,q85_t1189
79013,q85_t1189
79013,q85_t1190
79013,q91_t1189
79013,q91_t1190
79014,q85_t1190
79014,q85_t1191
79015,q85_t1191
79015,q85_t1192
79016,q85_t1192
79016,q85_t1193
79016,q92_t1192
79016,q92_t1193
79017,q85_t1193
79017,q85_t1194
79018,q85_t1194
79018,q85_t1195
79019,q85_t1195
79019,q85_t1196
79019,q93_t1195
79019,q93_t1196
79020,q85_t1196
79020,q85_t1197
79021,q85_t1197
79021,q85_t1198
79022,q85_t1198
79022,q85_t1199
79022,q94_t1198
79022,q94_t1199
79023,q85_t1199
79023,q85_t1200
79024,q85_t1200
79024,q85_t1201
79025,q85_t1201
79025,q85_t1202
79025,q95_t1201
79025,q95_t1202
79026,q85_t1202
79026,q85_t1203
79027,q85_t1203
79027,q85_t1204
79028,q85_t1204
79028,q85_t1205
79028,q96_t1204
79028,q96_t1205
79029,q85_t1205
79029,q85_t1206
79030,q85_t1206
79030,q85_t1207
79031,q85_t1207
79031,q85_t1208
79031,q97_t1207
79031,q97_t1208
79032,q85_t1208
79032,q85_t1209
79033,q85_t1209
79033,q85_t1210
79034,q85_t1210
79034,q85_t1211
79034,q98_t1210
79034,q98_t1211
79035,q85_t1211
79035,q85_t1212
79036,q85_t1212
79036,q85_t1213
79037,q85_t1213
79037,q85_t1214
79037,q99_t1213
79037,q99_t1214
79038,q85_t1214
79038,q85_t1215
79039,q85_t1215
79039,q85_t1216
79040,q85_t1217
79040,q85_t1218
79041,q85_t1218
79041,q85_t1219
79042,q85_t1220
79042,q85_t1221
79043,q85_t1221
79043,q85_t1222
79044,q85_t1223
79044,q85_t1224
79045,q85_t1224
79045,q85_t1225
79046,q85_t1226
79046,q85_t1227
79047,q85_t1227
79047,q85_t1228
79048,q85_t1229
79048,q85_t1230
79049,q85_t1230
79049,q85_t1231
79050,q85_t1232
79050,q85_t1233
79051,q85_t1233
79051,q85_t1234
79052,q85_t1235
79052,q85_t1236
79053,q85_t1236
79053,q85_t1237
79054,q85_t1238
79054,q85_t1239
79055,q85_t1239
79055,q85_t1240
79056,q85_t1241
79056,q85_t1242
79057,q85_t1242
79057,q85_t1243
79058,q85_t1244
79058,q85_t1245
79059,q85_t1245
79059,q85_t1246
79060,q85_t255
79060,q85_t256
79061,q85_t256
79061,q85_t257
79062,q85_t258
79062,q85_t259
79063,q85_t259
79063,q85_t260
79064,q85_t261
79064,q85_t262
79065,q85_t262
79065,q85_t263
79066,q85_t264
79066,q85_t265
79067,q85_t265
79067,q85_t266
79068,q85_t267
79068,q85_t268
79069,q85_t268
79069,q85_t269
79070,q85_t270
79070,q85_t271
79071,q85_t271
79071,q85_t272
79072,q85_t273
79072,q85_t274
79073,q85_t274
79073,q85_t275
79074,q85_t276
79074,q85_t277
79075,q85_t277
79075,q85_t278
79076,q85_t278
79076,q85_t279
79076,q8_t278
79076,q8_t279
79077,q85_t279
79077,q85_t280
79078,q85_t280
79078,q85_t281
79079,q85_t281
79079,q85_t282
79079,q9_t281
79079,q9_t282
79080,q85_t282
79080,q85_t283
79081,q85_t283
79081,q85_t284
79082,q85_t285
79082,q85_t286
79083,q85_t286
79083,q85_t287
79084,q85_t288
79084,q85_t289
79085,q85_t289
79085,q85_t290
79086,q85_t291
79086,q85_t292
79087,q85_t292
79087,q85_t293
79088,q85_t294
79088,q85_t295
79089,q85_t295
79089,q85_t296
79090,q85_t297
79090,q85_t298
79091,q85_t298
79091,q85_t299
79092,q85_t300
79092,q85_t301
79093,q85_t301
79093,q85_t302
79094,q85_t303
79094,q85_t304
79095,q85_t304
79095,q85_t305
79096,q85_t306
79096,q85_t307
79097,q85_t307
79097,q85_t308
79098,q85_t309
79098,q85_t310
79099,q85_t310
79099,q85_t311
79100,q85_t312
79100,q85_t313
79101,q85_t313
79101,q85_t314
79102,q85_t315
79102,q85_t316
79103,q85_t316
79103,q85_t317
79104,q85_t318
79104,q85_t319
79105,q85_t319
79105,q85_t320
79106,q85_t321
79106,q85_t322
79107,q85_t322
79107,q85_t323
79108,q85_t324
79108,q85_t325
79109,q85_t325
79109,q85_t326
79110,q85_t327
79110,q85_t328
79111,q85_t328
79111,q85_t329
79112,q85_t330
79112,q85_t331
79113,q85_t331
79113,q85_t332
79114,q85_t333
79114,q85_t334
79115,q85_t334
79115,q85_t335
79116,q85_t336
79116,q85_t337
79117,q85_t337
79117,q85_t338
79118,q85_t339
79118,q85_t340
79119,q85_t340
79119,q85_t341
79120,q85_t342
79120,q85_t343
79121,q85_t343
79121,q85_t344
79122,q85_t345
79122,q85_t346
79123,q85_t346
79123,q85_t347
79124,q85_t348
79124,q85_t349
79125,q85_t349
79125,q85_t350
79126,q85_t351
79126,q85_t352
79127,q85_t352
79127,q85_t353
79128,q85_t354
79128,q85_t355
79129,q85_t355
79129,q85_t356
79130,q85_t357
79130,q85_t358
79131,q85_t358
79131,q85_t359
79132,q85_t360
79132,q85_t361
79133,q85_t361
79133,q85_t362
79134,q85_t363
79134,q85_t364
79135,q85_t364
79135,q85_t365
79136,q85_t366
79136,q85_t367
79137,q85_t367
79137,q85_t368
79138,q85_t369
79138,q85_t370
79139,q85_t370
79139,q85_t371
79140,q85_t372
79140,q85_t373
79141,q85_t373
79141,q85_t374
79142,q85_t375
79142,q85_t376
79143,q85_t376
79143,q85_t377
79144,q85_t378
79144,q85_t379
79145,q85_t379
79145,q85_t380
79146,q85_t381
79146,q85_t382
79147,q85_t382
79147,q85_t383
79148,q85_t384
79148,q85_t385
79149,q85_t385
79149,q85_t386
79150,q85_t387
79150,q85_t388
79151,q85_t388
79151,q85_t389
79152,q85_t390
79152,q85_t391
79153,q85_t391
79153,q85_t392
79154,q85_t393
79154,q85_t394
79155,q85_t394
79155,q85_t395
79156,q85_t396
79156,q85_t397
79157,q85_t397
79157,q85_t398
79158,q85_t399
79158,q85_t400
79159,q85_t400
79159,q85_t401
79160,q85_t402
79160,q85_t403
79161,q85_t403
79161,q85_t404
79162,q85_t405
79162,q85_t406
79163,q85_t406
79163,q85_t407
79164,q85_t408
79164,q85_t409
79165,q85_t409
79165,q85_t410
79166,q85_t411
79166,q85_t412
79167,q85_t412
79167,q85_t413
79168,q85_t414
79168,q85_t415
79169,q85_t415
79169,q85_t416
79170,q85_t417
79170,q85_t418
79171,q85_t418
79171,q85_t419
79172,q85_t420
79172,q85_t421
79173,q85_t421
79173,q85_t422
79174,q85_t423
79174,q85_t424
79175,q85_t424
79175,q85_t425
79176,q85_t426
79176,q85_t427
79177,q85_t427
79177,q85_t428
79178,q85_t429
79178,q85_t430
79179,q85_t430
79179,q85_t431
79180,q85_t432
79180,q85_t433
79181,q85_t433
79181,q85_t434
79182,q85_t435
79182,q85_t436
79183,q85_t436
79183,q85_t437
79184,q85_t438
79184,q85_t439
79185,q85_t439
79185,q85_t440
79186,q85_t441
79186,q85_t442
79187,q85_t442
79187,q85_t443
79188,q85_t444
79188,q85_t445
79189,q85_t445
79189,q85_t446
79190,q85_t447
79190,q85_t448
79191,q85_t448
79191,q85_t449
79192,q85_t450
79192,q85_t451
79193,q85_t451
79193,q85_t452
79194,q85_t453
79194,q85_t454
79195,q85_t454
79195,q85_t455
79196,q85_t456
79196,q85_t457
79197,q85_t457
79197,q85_t458
79198,q85_t459
79198,q85_t460
79199,q85_t460
79199,q85_t461
79200,q85_t462
79200,q85_t463
79201,q85_t463
79201,q85_t464
79202,q85_t465
79202,q85_t466
79203,q85_t466
79203,q85_t467
79204,q85_t468
79204,q85_t469
79205,q85_t469
79205,q85_t470
79206,q85_t471
79206,q85_t472
79207,q85_t472
79207,q85_t473
79208,q85_t474
79208,q85_t475
79209,q85_t475
79209,q85_t476
79210,q85_t477
79210,q85_t478
79211,q85_t478
79211,q85_t479
79212,q85_t480
79212,q85_t481
79213,q85_t481
79213,q85_t482
79214,q85_t483
79214,q85_t484
79215,q85_t484
79215,q85_t485
79216,q85_t486
79216,q85_t487
79217,q85_t487
79217,q85_t488
79218,q85_t489
79218,q85_t490
79219,q85_t490
79219,q85_t491
79220,q85_t492
79220,q85_t493
79221,q85_t493
79221,q85_t494
79222,q85_t495
79222,q85_t496
79223,q85_t496
79223,q85_t497
79224,q85_t498
79224,q85_t499
79225,q85_t499
79225,q85_t500
79226,q85_t501
79226,q85_t502
79227,q85_t502
79227,q85_t503
79228,q85_t504
79228,q85_t505
79229,q85_t505
79229,q85_t506
79230,q85_t507
79230,q85_t508
79231,q85_t508
79231,q85_t512
79232,q85_t512
79232,q85_t513
79232,q86_t512
79232,q86_t513
79233,q85_t513
79233,q85_t514
79234,q85_t514
79234,q85_t515
79235,q85_t515
79235,q85_t516
79235,q87_t515
79235,q87_t516
79236,q85_t516
79236,q85_t517
79237,q85_t517
79237,q85_t518
79238,q85_t518
79238,q85_t519
79238,q88_t518
79238,q88_t519
79239,q85_t519
79239,q85_t520
79240,q85_t520
79240,q85_t521
79241,q85_t521
79241,q85_t522
79241,q89_t521
79241,q89_t522
79242,q85_t522
79242,q85_t523
79243,q85_t523
79243,q85_t524
79244,q85_t524
79244,q85_t525
79244,q90_t524
79244,q90_t525
79245,q85_t525
79245,q85_t526
79246,q85_t526
79246,q85_t527
79247,q85_t527
79247,q85_t528
79247,q91_t527
79247,q91_t528
79248,q85_t528
79248,q85_t529
79249,q85_t529
79249,q85_t530
79250,q85_t530
79250,q85_t531
79250,q92_t530
79250,q92_t531
79251,q85_t531
79251,q85_t532
79252,q85_t532
79252,q85_t533
79253,q85_t533
79253,q85_t534
79253,q93_t533
79253,q93_t534
79254,q85_t534
79254,q85_t535
79255,q85_t535
79255,q85_t536
79256,q85_t536
79256,q85_t537
79256,q94_t536
79256,q94_t537
79257,q85_t537
79257,q85_t538
79258,q85_t538
79258,q85_t539
79259,q85_t539
79259,q85_t540
79259,q95_t539
79259,q95_t540
79260,q85_t540
79260,q85_t541
79261,q85_t541
79261,q85_t542
79262,q85_t542
79262,q85_t543
79262,q96_t542
79262,q96_t543
79263,q85_t543
79263,q85_t544
79264,q85_t544
79264,q85_t545
79265,q85_t545
79265,q85_t546
79265,q97_t545
79265,q97_t546
79266,q85_t546
79266,q85_t547
79267,q85_t547
79267,q85_t548
79268,q85_t548
79268,q85_t549
79268,q98_t548
79268,q98_t549
79269,q85_t549
79269,q85_t550
79270,q85_t550
79270,q85_t551
79271,q85_t551
79271,q85_t552
79271,q99_t551
79271,q99_t552
79272,q85_t552
79272,q85_t553
79273,q85_t553
79273,q85_t554
79274,q85_t555
79274,q85_t556
79275,q85_t556
79275,q85_t557
79276,q85_t558
79276,q85_t559
79277,q85_t559
79277,q85_t560
79278,q85_t561
79278,q85_t562
79279,q85_t562
79279,q85_t563
79280,q85_t564
79280,q85_t565
79281,q85_t565
79281,q85_t566
79282,q85_t567
79282,q85_t568
79283,q85_t568
79283,q85_t569
79284,q85_t570
79284,q85_t571
79285,q85_t571
79285,q85_t572
79286,q85_t573
79286,q85_t574
79287,q85_t574
79287,q85_t575
79288,q85_t576
79288,q85_t577
79289,q85_t577
79289,q85_t578
79290,q85_t579
79290,q85_t580
79291,q85_t580
79291,q85_t581
79292,q85_t582
79292,q85_t583
79293,q85_t583
79293,q85_t584
79294,q85_t584
79294,q85_t585
79295,q85_t586
79295,q85_t587
79296,q85_t587
79296,q85_t588
79297,q85_t589
79297,q85_t590
79298,q85_t590
79298,q85_t591
79299,q85_t592
79299,q85_t593
79300,q85_t593
79300,q85_t594
79301,q85_t595
79301,q85_t596
79302,q85_t596
79302,q85_t597
79303,q85_t598
79303,q85_t599
79304,q85_t599
79304,q85_t600
79305,q85_t601
79305,q85_t602
79306,q85_t602
79306,q85_t603
79307,q85_t604
79307,q85_t605
79308,q85_t605
79308,q85_t606
79309,q85_t607
79309,q85_t608
79310,q85_t608
79310,q85_t609
79311,q85_t609
79311,q85_t610
79311,q8_t609
79311,q8_t610
79312,q85_t610
79312,q85_t611
79313,q85_t611
79313,q85_t612
79314,q85_t612
79314,q85_t613
79314,q9_t612
79314,q9_t613
79315,q85_t613
79315,q85_t614
79316,q85_t614
79316,q85_t615
79317,q85_t616
79317,q85_t617
79318,q85_t617
79318,q85_t618
79319,q85_t619
79319,q85_t620
79320,q85_t620
79320,q85_t621
79321,q85_t622
79321,q85_t623
79322,q85_t623
79322,q85_t624
79323,q85_t625
79323,q85_t626
79324,q85_t626
79324,q85_t627
79325,q85_t628
79325,q85_t629
79326,q85_t629
79326,q85_t630
79327,q85_t631
79327,q85_t632
79328,q85_t632
79328,q85_t633
79329,q85_t634
79329,q85_t635
79330,q85_t635
79330,q85_t636
79331,q85_t637
79331,q85_t638
79332,q85_t638
79332,q85_t639
79333,q85_t640
79333,q85_t641
79334,q85_t641
79334,q85_t642
79335,q85_t643
79335,q85_t644
79336,q85_t644
79336,q85_t645
79337,q85_t646
79337,q85_t647
79338,q85_t647
79338,q85_t648
79339,q85_t649
79339,q85_t650
79340,q85_t650
79340,q85_t651
79341,q85_t652
79341,q85_t653
79342,q85_t653
79342,q85_t654
79343,q85_t655
79343,q85_t656
79344,q85_t656
79344,q85_t657
79345,q85_t658
79345,q85_t659
79346,q85_t659
79346,q85_t660
79347,q85_t661
79347,q85_t662
79348,q85_t662
79348,q85_t663
79349,q85_t664
79349,q85_t665
79350,q85_t665
79350,q85_t666
79351,q85_t667
79351,q85_t668
79352,q85_t668
79352,q85_t669
79353,q85_t670
79353,q85_t671
79354,q85_t671
79354,q85_t672
79355,q85_t673
79355,q85_t674
79356,q85_t674
79356,q85_t675
79357,q85_t676
79357,q85_t677
79358,q85_t677
79358,q85_t678
79359,q85_t679
79359,q85_t680
79360,q85_t680
79360,q85_t681
79361,q85_t682
79361,q85_t683
79362,q85_t683
79362,q85_t684
79363,q85_t685
79363,q85_t686
79364,q85_t686
79364,q85_t687
79365,q85_t688
79365,q85_t689
79366,q85_t689
79366,q85_t690
79367,q85_t691
79367,q85_t692
79368,q85_t692
79368,q85_t693
79369,q85_t694
79369,q85_t695
79370,q85_t695
79370,q85_t696
79371,q85_t697
79371,q85_t698
79372,q85_t698
79372,q85_t699
79373,q85_t700
79373,q85_t701
79374,q85_t701
79374,q85_t702
79375,q85_t703
79375,q85_t704
79376,q85_t704
79376,q85_t705
79377,q85_t706
79377,q85_t707
79378,q85_t707
79378,q85_t708
79379,q85_t709
79379,q85_t710
79380,q85_t710
79380,q85_t711
79381,q85_t712
79381,q85_t713
79382,q85_t713
79382,q85_t714
79383,q85_t715
79383,q85_t716
79384,q85_t716
79384,q85_t717
79385,q85_t718
79385,q85_t719
79386,q85_t719
79386,q85_t720
79387,q85_t721
79387,q85_t722
79388,q85_t722
79388,q85_t723
79389,q85_t724
79389,q85_t725
79390,q85_t725
79390,q85_t726
79391,q85_t727
79391,q85_t728
79392,q85_t728
79392,q85_t729
79393,q85_t730
79393,q85_t731
79394,q85_t731
79394,q85_t732
79395,q85_t733
79395,q85_t734
79396,q85_t734
79396,q85_t735
79397,q85_t736
79397,q85_t737
79398,q85_t737
79398,q85_t738
79399,q85_t739
79399,q85_t740
79400,q85_t740
79400,q85_t741
79401,q85_t742
79401,q85_t743
79402,q85_t743
79402,q85_t744
79403,q85_t745
79403,q85_t746
79404,q85_t746
79404,q85_t747
79405,q85_t748
79405,q85_t749
79406,q85_t749
79406,q85_t750
79407,q85_t751
79407,q85_t752
79408,q85_t752
79408,q85_t753
79409,q85_t754
79409,q85_t755
79410,q85_t755
79410,q85_t756
79411,q85_t757
79411,q85_t758
79412,q85_t758
79412,q85_t759
79413,q85_t760
79413,q85_t761
79414,q85_t761
79414,q85_t762
79415,q85_t763
79415,q85_t764
79416,q85_t764
79416,q85_t765
79417,q85_t766
79417,q85_t767
79418,q85_t767
79418,q85_t768
79419,q85_t769
79419,q85_t770
79420,q85_t770
79420,q85_t771
79421,q85_t772
79421,q85_t773
79422,q85_t773
79422,q85_t774
79423,q85_t775
79423,q85_t776
79424,q85_t776
79424,q85_t777
79425,q85_t778
79425,q85_t779
79426,q85_t779
79426,q85_t780
79427,q85_t781
79427,q85_t782
79428,q85_t782
79428,q85_t783
79429,q85_t784
79429,q85_t785
79430,q85_t785
79430,q85_t786
79431,q85_t787
79431,q85_t788
79432,q85_t788
79432,q85_t789
79433,q85_t790
79433,q85_t791
79434,q85_t791
79434,q85_t792
79435,q85_t793
79435,q85_t794
79436,q85_t794
79436,q85_t795
79437,q85_t796
79437,q85_t797
79438,q85_t797
79438,q85_t798
79439,q85_t799
79439,q85_t800
79440,q85_t800
79440,q85_t801
79441,q85_t802
79441,q85_t803
79442,q85_t803
79442,q85_t804
79443,q85_t805
79443,q85_t806
79444,q85_t806
79444,q85_t807
79445,q85_t808
79445,q85_t809
79446,q85_t809
79446,q85_t810
79447,q85_t811
79447,q85_t812
79448,q85_t812
79448,q85_t813
79449,q85_t814
79449,q85_t815
79450,q85_t815
79450,q85_t816
79451,q85_t817
79451,q85_t818
79452,q85_t818
79452,q85_t819
79453,q85_t820
79453,q85_t821
79454,q85_t821
79454,q85_t822
79455,q85_t823
79455,q85_t824
79456,q85_t824
79456,q85_t825
79457,q85_t826
79457,q85_t827
79458,q85_t827
79458,q85_t828
79459,q85_t829
79459,q85_t830
79460,q85_t830
79460,q85_t831
79461,q85_t832
79461,q85_t833
79462,q85_t833
79462,q85_t834
79463,q85_t835
79463,q85_t836
79464,q85_t836
79464,q85_t837
79465,q85_t838
79465,q85_t839
79466,q85_t839
79466,q85_t843
79467,q85_t843
79467,q85_t844
79467,q86_t843
79467,q86_t844
79468,q85_t844
79468,q85_t845
79469,q85_t845
79469,q85_t846
79470,q85_t846
79470,q85_t847
79470,q87_t846
79470,q87_t847
79471,q85_t847
79471,q85_t848
79472,q85_t848
79472,q85_t849
79473,q85_t849
79473,q85_t850
79473,q88_t849
79473,q88_t850
79474,q85_t850
79474,q85_t851
79475,q85_t851
79475,q85_t852
79476,q85_t852
79476,q85_t853
79476,q89_t852
79476,q89_t853
79477,q85_t853
79477,q85_t854
79478,q85_t854
79478,q85_t855
79479,q85_t855
79479,q85_t856
79479,q90_t855
79479,q90_t856
79480,q85_t856
79480,q85_t857
79481,q85_t857
79481,q85_t858
79482,q85_t858
79482,q85_t859
79482,q91_t858
79482,q91_t859
79483,q85_t859
79483,q85_t860
79484,q85_t860
79484,q85_t861
79485,q85_t861
79485,q85_t862
79485,q92_t861
79485,q92_t862
79486,q85_t862
79486,q85_t863
79487,q85_t863
79487,q85_t864
79488,q85_t864
79488,q85_t865
79488,q93_t864
79488,q93_t865
79489,q85_t865
79489,q85_t866
79490,q85_t866
79490,q85_t867
79491,q85_t867
79491,q85_t868
79491,q94_t867
79491,q94_t868
79492,q85_t868
79492,q85_t869
79493,q85_t869
79493,q85_t870
79494,q85_t870
79494,q85_t871
79494,q95_t870
79494,q95_t871
79495,q85_t871
79495,q85_t872
79496,q85_t872
79496,q85_t873
79497,q85_t873
79497,q85_t874
79497,q96_t873
79497,q96_t874
79498,q85_t874
79498,q85_t875
79499,q85_t875
79499,q85_t876
79500,q85_t876
79500,q85_t877
79500,q97_t876
79500,q97_t877
79501,q85_t877
79501,q85_t878
79502,q85_t878
79502,q85_t879
79503,q85_t879
79503,q85_t880
79503,q98_t879
79503,q98_t880
79504,q85_t880
79504,q85_t881
79505,q85_t881
79505,q85_t882
79506,q85_t882
79506,q85_t883
79506,q99_t882
79506,q99_t883
79507,q85_t883
79507,q85_t884
79508,q85_t884
79508,q85_t885
79509,q85_t886
79509,q85_t887
79510,q85_t887
79510,q85_t888
79511,q85_t889
79511,q85_t890
79512,q85_t890
79512,q85_t891
79513,q85_t892
79513,q85_t893
79514,q85_t893
79514,q85_t894
79515,q85_t895
79515,q85_t896
79516,q85_t896
79516,q85_t897
79517,q85_t898
79517,q85_t899
79518,q85_t899
79518,q85_t900
79519,q85_t901
79519,q85_t902
79520,q85_t902
79520,q85_t903
79521,q85_t904
79521,q85_t905
79522,q85_t905
79522,q85_t906
79523,q85_t907
79523,q85_t908
79524,q85_t908
79524,q85_t909
79525,q85_t910
79525,q85_t911
79526,q85_t911
79526,q85_t912
79527,q85_t913
79527,q85_t914
79528,q85_t914
79528,q85_t915
79529,q85_t915
79529,q85_t916
79530,q85_t917
79530,q85_t918
79531,q85_t918
79531,q85_t919
79532,q85_t920
79532,q85_t921
79533,q85_t921
79533,q85_t922
79534,q85_t923
79534,q85_t924
79535,q85_t924
79535,q85_t925
79536,q85_t926
79536,q85_t927
79537,q85_t927
79537,q85_t928
79538,q85_t929
79538,q85_t930
79539,q85_t930
79539,q85_t931
79540,q85_t932
79540,q85_t933
79541,q85_t933
79541,q85_t934
79542,q85_t935
79542,q85_t936
79543,q85_t936
79543,q85_t937
79544,q85_t938
79544,q85_t939
79545,q85_t939
79545,q85_t940
79546,q85_t940
79546,q85_t941
79546,q8_t940
79546,q8_t941
79547,q85_t941
79547,q85_t942
79548,q85_t942
79548,q85_t943
79549,q85_t943
79549,q85_t944
79549,q9_t943
79549,q9_t944
79550,q85_t944
79550,q85_t945
79551,q85_t945
79551,q85_t946
79552,q85_t947
79552,q85_t948
79553,q85_t948
79553,q85_t949
79554,q85_t950
79554,q85_t951
79555,q85_t951
79555,q85_t952
79556,q85_t953
79556,q85_t954
79557,q85_t954
79557,q85_t955
79558,q85_t956
79558,q85_t957
79559,q85_t957
79559,q85_t958
79560,q85_t959
79560,q85_t960
79561,q85_t960
79561,q85_t961
79562,q85_t962
79562,q85_t963
79563,q85_t963
79563,q85_t964
79564,q85_t965
79564,q85_t966
79565,q85_t966
79565,q85_t967
79566,q85_t968
79566,q85_t969
79567,q85_t969
79567,q85_t970
79568,q85_t971
79568,q85_t972
79569,q85_t972
79569,q85_t973
79570,q85_t974
79570,q85_t975
79571,q85_t975
79571,q85_t976
79572,q85_t977
79572,q85_t978
79573,q85_t978
79573,q85_t979
79574,q85_t980
79574,q85_t981
79575,q85_t981
79575,q85_t982
79576,q85_t983
79576,q85_t984
79577,q85_t984
79577,q85_t985
79578,q85_t986
79578,q85_t987
79579,q85_t987
79579,q85_t988
79580,q85_t989
79580,q85_t990
79581,q85_t990
79581,q85_t991
79582,q85_t992
79582,q85_t993
79583,q85_t993
79583,q85_t994
79584,q85_t995
79584,q85_t996
79585,q85_t996
79585,q85_t997
79586,q85_t998
79586,q85_t999
79587,q86_t0
79587,q86_t1
79588,q86_t1
79588,q86_t257
79589,q86_t1000
79589,q86_t999
79590,q86_t1001
79590,q86_t1002
79591,q86_t1002
79591,q86_t1003
79592,q86_t1004
79592,q86_t1005
79593,q86_t1005
79593,q86_t1006
79594,q86_t1007
79594,q86_t1008
79595,q86_t1008
79595,q86_t1009
79596,q86_t1010
79596,q86_t1011
79597,q86_t1011
79597,q86_t1012
79598,q86_t1013
79598,q86_t1014
79599,q86_t1014
79599,q86_t1015
79600,q86_t1016
79600,q86_t1017
79601,q86_t1017
79601,q86_t1018
79602,q86_t1019
79602,q86_t1020
79603,q86_t1020
79603,q86_t1021
79604,q86_t1022
79604,q86_t1023
79605,q86_t1023
79605,q86_t1024
79606,q86_t1025
79606,q86_t1026
79607,q86_t1026
79607,q86_t1027
79608,q86_t1028
79608,q86_t1029
79609,q86_t1029
79609,q86_t1030
79610,q86_t1031
79610,q86_t1032
79611,q86_t1032
79611,q86_t1033
79612,q86_t1034
79612,q86_t1035
79613,q86_t1035
79613,q86_t1036
79614,q86_t1037
79614,q86_t1038
79615,q86_t1038
79615,q86_t1039
79616,q86_t1040
79616,q86_t1041
79617,q86_t1041
79617,q86_t1042
79618,q86_t1043
79618,q86_t1044
79619,q86_t1044
79619,q86_t1045
79620,q86_t1046
79620,q86_t1047
79621,q86_t1047
79621,q86_t1048
79622,q86_t1049
79622,q86_t1050
79623,q86_t1050
79623,q86_t1051
79624,q86_t1052
79624,q86_t1053
79625,q86_t1053
79625,q86_t1054
79626,q86_t1055
79626,q86_t1056
79627,q86_t1056
79627,q86_t1057
79628,q86_t1058
79628,q86_t1059
79629,q86_t1059
79629,q86_t1060
79630,q86_t1061
79630,q86_t1062
79631,q86_t1062
79631,q86_t1063
79632,q86_t1064
79632,q86_t1065
79633,q86_t1065
79633,q86_t1066
79634,q86_t1067
79634,q86_t1068
79635,q86_t1068
79635,q86_t1069
79636,q86_t1070
79636,q86_t1071
79637,q86_t1071
79637,q86_t1072
79638,q86_t1073
79638,q86_t1074
79639,q86_t1074
79639,q86_t1075
79640,q86_t1076
79640,q86_t1077
79641,q86_t1077
79641,q86_t1078
79642,q86_t1079
79642,q86_t1080
79643,q86_t1080
79643,q86_t1081
79644,q86_t1082
79644,q86_t1083
79645,q86_t1083
79645,q86_t1084
79646,q86_t1085
79646,q86_t1086
79647,q86_t1086
79647,q86_t1087
79648,q86_t1088
79648,q86_t1089
79649,q86_t1089
79649,q86_t1090
79650,q86_t1091
79650,q86_t1092
79651,q86_t1092
79651,q86_t1093
79652,q86_t1094
79652,q86_t1095
79653,q86_t1095
79653,q86_t1096
79654,q86_t1097
79654,q86_t1098
79655,q86_t1098
79655,q86_t1099
79656,q86_t1100
79656,q86_t1101
79657,q86_t1101
79657,q86_t1102
79658,q86_t1103
79658,q86_t1104
79659,q86_t1104
79659,q86_t1105
79660,q86_t1106
79660,q86_t1107
79661,q86_t1107
79661,q86_t1108
79662,q86_t1109
79662,q86_t1110
79663,q86_t1110
79663,q86_t1111
79664,q86_t1112
79664,q86_t1113
79665,q86_t1113
79665,q86_t1114
79666,q86_t1115
79666,q86_t1116
79667,q86_t1116
79667,q86_t1117
79668,q86_t1118
79668,q86_t1119
79669,q86_t1119
79669,q86_t1120
79670,q86_t1121
79670,q86_t1122
79671,q86_t1122
79671,q86_t1123
79672,q86_t1124
79672,q86_t1125
79673,q86_t1125
79673,q86_t1126
79674,q86_t1127
79674,q86_t1128
79675,q86_t1128
79675,q86_t1129
79676,q86_t1130
79676,q86_t1131
79677,q86_t1131
79677,q86_t1132
79678,q86_t1133
79678,q86_t1134
79679,q86_t1134
79679,q86_t1135
79680,q86_t1136
79680,q86_t1137
79681,q86_t1137
79681,q86_t1138
79682,q86_t1139
79682,q86_t1140
79683,q86_t1140
79683,q86_t1141
79684,q86_t1142
79684,q86_t1143
79685,q86_t1143
79685,q86_t1144
79686,q86_t1145
79686,q86_t1146
79687,q86_t1146
79687,q86_t1147
79688,q86_t1148
79688,q86_t1149
79689,q86_t1149
79689,q86_t1150
79690,q86_t1151
79690,q86_t1152
79691,q86_t1152
79691,q86_t1153
79692,q86_t1154
79692,q86_t1155
79693,q86_t1155
79693,q86_t1156
79694,q86_t1157
79694,q86_t1158
79695,q86_t1158
79695,q86_t1159
79696,q86_t1160
79696,q86_t1161
79697,q86_t1161
79697,q86_t1162
79698,q86_t1163
79698,q86_t1164
79699,q86_t1164
79699,q86_t1165
79700,q86_t1166
79700,q86_t1167
79701,q86_t1167
79701,q86_t1168
79702,q86_t1169
79702,q86_t1170
79703,q86_t1170
79703,q86_t1171
79704,q86_t1172
79704,q86_t1173
79705,q86_t1173
79705,q86_t1174
79706,q86_t1175
79706,q86_t1176
79707,q86_t1176
79707,q86_t1180
79708,q86_t1180
79708,q86_t1181
79708,q87_t1180
79708,q87_t1181
79709,q86_t1181
79709,q86_t1182
79710,q86_t1182
79710,q86_t1183
79711,q86_t1183
79711,q86_t1184
79711,q88_t1183
79711,q88_t1184
79712,q86_t1184
79712,q86_t1185
79713,q86_t1185
79713,q86_t1186
79714,q86_t1186
79714,q86_t1187
79714,q89_t1186
79714,q89_t1187
79715,q86_t1187
79715,q86_t1188
79716,q86_t1188
79716,q86_t1189
79717,q86_t1189
79717,q86_t1190
79717,q90_t1189
79717,q90_t1190
79718,q86_t1190
79718,q86_t1191
79719,q86_t1191
79719,q86_t1192
79720,q86_t1192
79720,q86_t1193
79720,q91_t1192
79720,q91_t1193
79721,q86_t1193
79721,q86_t1194
79722,q86_t1194
79722,q86_t1195
79723,q86_t1195
79723,q86_t1196
79723,q92_t1195
79723,q92_t1196
79724,q86_t1196
79724,q86_t1197
79725,q86_t1197
79725,q86_t1198
79726,q86_t1198
79726,q86_t1199
79726,q93_t1198
79726,q93_t1199
79727,q86_t1199
79727,q86_t1200
79728,q86_t1200
79728,q86_t1201
79729,q86_t1201
79729,q86_t1202
79729,q94_t1201
79729,q94_t1202
79730,q86_t1202
79730,q86_t1203
79731,q86_t1203
79731,q86_t1204
79732,q86_t1204
79732,q86_t1205
79732,q95_t1204
79732,q95_t1205
79733,q86_t1205
79733,q86_t1206
79734,q86_t1206
79734,q86_t1207
79735,q86_t1207
79735,q86_t1208
79735,q96_t1207
79735,q96_t1208
79736,q86_t1208
79736,q86_t1209
79737,q86_t1209
79737,q86_t1210
79738,q86_t1210
79738,q86_t1211
79738,q97_t1210
79738,q97_t1211
79739,q86_t1211
79739,q86_t1212
79740,q86_t1212
79740,q86_t1213
79741,q86_t1213
79741,q86_t1214
79741,q98_t1213
79741,q98_t1214
79742,q86_t1214
79742,q86_t1215
79743,q86_t1215
79743,q86_t1216
79744,q86_t1216
79744,q86_t1217
79744,q99_t1216
79744,q99_t1217
79745,q86_t1217
79745,q86_t1218
79746,q86_t1218
79746,q86_t1219
79747,q86_t1220
79747,q86_t1221
79748,q86_t1221
79748,q86_t1222
79749,q86_t1223
79749,q86_t1224
79750,q86_t1224
79750,q86_t1225
79751,q86_t1226
79751,q86_t1227
79752,q86_t1227
79752,q86_t1228
79753,q86_t1229
79753,q86_t1230
79754,q86_t1230
79754,q86_t1231
79755,q86_t1232
79755,q86_t1233
79756,q86_t1233
79756,q86_t1234
79757,q86_t1235
79757,q86_t1236
79758,q86_t1236
79758,q86_t1237
79759,q86_t1238
79759,q86_t1239
79760,q86_t1239
79760,q86_t1240
79761,q86_t1241
79761,q86_t1242
79762,q86_t1242
79762,q86_t1243
79763,q86_t1244
79763,q86_t1245
79764,q86_t1245
79764,q86_t1246
79765,q86_t1247
79765,q86_t1248
79766,q86_t1248
79766,q86_t1249
79767,q86_t258
79767,q86_t259
79768,q86_t259
79768,q86_t260
79769,q86_t261
79769,q86_t262
79770,q86_t262
79770,q86_t263
79771,q86_t264
79771,q86_t265
79772,q86_t265
79772,q86_t266
79773,q86_t267
79773,q86_t268
79774,q86_t268
79774,q86_t269
79775,q86_t270
79775,q86_t271
79776,q86_t271
79776,q86_t272
79777,q86_t273
79777,q86_t274
79778,q86_t274
79778,q86_t275
79779,q86_t276
79779,q86_t277
79780,q86_t277
79780,q86_t278
79781,q86_t279
79781,q86_t280
79782,q86_t280
79782,q86_t281
79783,q86_t281
79783,q86_t282
79783,q8_t281
79783,q8_t282
79784,q86_t282
79784,q86_t283
79785,q86_t283
79785,q86_t284
79786,q86_t284
79786,q86_t285
79786,q9_t284
79786,q9_t285
79787,q86_t285
79787,q86_t286
79788,q86_t286
79788,q86_t287
79789,q86_t288
79789,q86_t289
79790,q86_t289
79790,q86_t290
79791,q86_t291
79791,q86_t292
79792,q86_t292
79792,q86_t293
79793,q86_t294
79793,q86_t295
79794,q86_t295
79794,q86_t296
79795,q86_t297
79795,q86_t298
79796,q86_t298
79796,q86_t299
79797,q86_t300
79797,q86_t301
79798,q86_t301
79798,q86_t302
79799,q86_t303
79799,q86_t304
79800,q86_t304
79800,q86_t305
79801,q86_t306
79801,q86_t307
79802,q86_t307
79802,q86_t308
79803,q86_t309
79803,q86_t310
79804,q86_t310
79804,q86_t311
79805,q86_t312
79805,q86_t313
79806,q86_t313
79806,q86_t314
79807,q86_t315
79807,q86_t316
79808,q86_t316
79808,q86_t317
79809,q86_t318
79809,q86_t319
79810,q86_t319
79810,q86_t320
79811,q86_t321
79811,q86_t322
79812,q86_t322
79812,q86_t323
79813,q86_t324
79813,q86_t325
79814,q86_t325
79814,q86_t326
79815,q86_t327
79815,q86_t328
79816,q86_t328
79816,q86_t329
79817,q86_t330
79817,q86_t331
79818,q86_t331
79818,q86_t332
79819,q86_t333
79819,q86_t334
79820,q86_t334
79820,q86_t335
79821,q86_t336
79821,q86_t337
79822,q86_t337
79822,q86_t338
79823,q86_t339
79823,q86_t340
79824,q86_t340
79824,q86_t341
79825,q86_t342
79825,q86_t343
79826,q86_t343
79826,q86_t344
79827,q86_t345
79827,q86_t346
79828,q86_t346
79828,q86_t347
79829,q86_t348
79829,q86_t349
79830,q86_t349
79830,q86_t350
79831,q86_t351
79831,q86_t352
79832,q86_t352
79832,q86_t353
79833,q86_t354
79833,q86_t355
79834,q86_t355
79834,q86_t356
79835,q86_t357
79835,q86_t358
79836,q86_t358
79836,q86_t359
79837,q86_t360
79837,q86_t361
79838,q86_t361
79838,q86_t362
79839,q86_t363
79839,q86_t364
79840,q86_t364
79840,q86_t365
79841,q86_t366
79841,q86_t367
79842,q86_t367
79842,q86_t368
79843,q86_t369
79843,q86_t370
79844,q86_t370
79844,q86_t371
79845,q86_t372
79845,q86_t373
79846,q86_t373
79846,q86_t374
79847,q86_t375
79847,q86_t376
79848,q86_t376
79848,q86_t377
79849,q86_t378
79849,q86_t379
79850,q86_t379
79850,q86_t380
79851,q86_t381
79851,q86_t382
79852,q86_t382
79852,q86_t383
79853,q86_t384
79853,q86_t385
79854,q86_t385
79854,q86_t386
79855,q86_t387
79855,q86_t388
79856,q86_t388
79856,q86_t389
79857,q86_t390
79857,q86_t391
79858,q86_t391
79858,q86_t392
79859,q86_t393
79859,q86_t394
79860,q86_t394
79860,q86_t395
79861,q86_t396
79861,q86_t397
79862,q86_t397
79862,q86_t398
79863,q86_t399
79863,q86_t400
79864,q86_t400
79864,q86_t401
79865,q86_t402
79865,q86_t403
79866,q86_t403
79866,q86_t404
79867,q86_t405
79867,q86_t406
79868,q86_t406
79868,q86_t407
79869,q86_t408
79869,q86_t409
79870,q86_t409
79870,q86_t410
79871,q86_t411
79871,q86_t412
79872,q86_t412
79872,q86_t413
79873,q86_t414
79873,q86_t415
79874,q86_t415
79874,q86_t416
79875,q86_t417
79875,q86_t418
79876,q86_t418
79876,q86_t419
79877,q86_t420
79877,q86_t421
79878,q86_t421
79878,q86_t422
79879,q86_t423
79879,q86_t424
79880,q86_t424
79880,q86_t425
79881,q86_t426
79881,q86_t427
79882,q86_t427
79882,q86_t428
79883,q86_t429
79883,q86_t430
79884,q86_t430
79884,q86_t431
79885,q86_t432
79885,q86_t433
79886,q86_t433
79886,q86_t434
79887,q86_t435
79887,q86_t436
79888,q86_t436
79888,q86_t437
79889,q86_t438
79889,q86_t439
79890,q86_t439
79890,q86_t440
79891,q86_t441
79891,q86_t442
79892,q86_t442
79892,q86_t443
79893,q86_t444
79893,q86_t445
79894,q86_t445
79894,q86_t446
79895,q86_t447
79895,q86_t448
79896,q86_t448
79896,q86_t449
79897,q86_t450
79897,q86_t451
79898,q86_t451
79898,q86_t452
79899,q86_t453
79899,q86_t454
79900,q86_t454
79900,q86_t455
79901,q86_t456
79901,q86_t457
79902,q86_t457
79902,q86_t458
79903,q86_t459
79903,q86_t460
79904,q86_t460
79904,q86_t461
79905,q86_t462
79905,q86_t463
79906,q86_t463
79906,q86_t464
79907,q86_t465
79907,q86_t466
79908,q86_t466
79908,q86_t467
79909,q86_t468
79909,q86_t469
79910,q86_t469
79910,q86_t470
79911,q86_t471
79911,q86_t472
79912,q86_t472
79912,q86_t473
79913,q86_t474
79913,q86_t475
79914,q86_t475
79914,q86_t476
79915,q86_t477
79915,q86_t478
79916,q86_t478
79916,q86_t479
79917,q86_t480
79917,q86_t481
79918,q86_t481
79918,q86_t482
79919,q86_t483
79919,q86_t484
79920,q86_t484
79920,q86_t485
79921,q86_t486
79921,q86_t487
79922,q86_t487
79922,q86_t488
79923,q86_t489
79923,q86_t490
79924,q86_t490
79924,q86_t491
79925,q86_t492
79925,q86_t493
79926,q86_t493
79926,q86_t494
79927,q86_t495
79927,q86_t496
79928,q86_t496
79928,q86_t497
79929,q86_t498
79929,q86_t499
79930,q86_t499
79930,q86_t500
79931,q86_t501
79931,q86_t502
79932,q86_t502
79932,q86_t503
79933,q86_t504
79933,q86_t505
79934,q86_t505
79934,q86_t506
79935,q86_t507
79935,q86_t508
79936,q86_t508
79936,q86_t509
79937,q86_t510
79937,q86_t511
79938,q86_t511
79938,q86_t512
79939,q86_t513
79939,q86_t514
79940,q86_t514
79940,q86_t518
79941,q86_t518
79941,q86_t519
79941,q87_t518
79941,q87_t519
79942,q86_t519
79942,q86_t520
79943,q86_t520
79943,q86_t521
79944,q86_t521
79944,q86_t522
79944,q88_t521
79944,q88_t522
79945,q86_t522
79945,q86_t523
79946,q86_t523
79946,q86_t524
79947,q86_t524
79947,q86_t525
79947,q89_t524
79947,q89_t525
79948,q86_t525
79948,q86_t526
79949,q86_t526
79949,q86_t527
79950,q86_t527
79950,q86_t528
79950,q90_t527
79950,q90_t528
79951,q86_t528
79951,q86_t529
79952,q86_t529
79952,q86_t530
79953,q86_t530
79953,q86_t531
79953,q91_t530
79953,q91_t531
79954,q86_t531
79954,q86_t532
79955,q86_t532
79955,q86_t533
79956,q86_t533
79956,q86_t534
79956,q92_t533
79956,q92_t534
79957,q86_t534
79957,q86_t535
79958,q86_t535
79958,q86_t536
79959,q86_t536
79959,q86_t537
79959,q93_t536
79959,q93_t537
79960,q86_t537
79960,q86_t538
79961,q86_t538
79961,q86_t539
79962,q86_t539
79962,q86_t540
79962,q94_t539
79962,q94_t540
79963,q86_t540
79963,q86_t541
79964,q86_t541
79964,q86_t542
79965,q86_t542
79965,q86_t543
79965,q95_t542
79965,q95_t543
79966,q86_t543
79966,q86_t544
79967,q86_t544
79967,q86_t545
79968,q86_t545
79968,q86_t546
79968,q96_t545
79968,q96_t546
79969,q86_t546
79969,q86_t547
79970,q86_t547
79970,q86_t548
79971,q86_t548
79971,q86_t549
79971,q97_t548
79971,q97_t549
79972,q86_t549
79972,q86_t550
79973,q86_t550
79973,q86_t551
79974,q86_t551
79974,q86_t552
79974,q98_t551
79974,q98_t552
79975,q86_t552
79975,q86_t553
79976,q86_t553
79976,q86_t554
79977,q86_t554
79977,q86_t555
79977,q99_t554
79977,q99_t555
79978,q86_t555
79978,q86_t556
79979,q86_t556
79979,q86_t557
79980,q86_t558
79980,q86_t559
79981,q86_t559
79981,q86_t560
79982,q86_t561
79982,q86_t562
79983,q86_t562
79983,q86_t563
79984,q86_t564
79984,q86_t565
79985,q86_t565
79985,q86_t566
79986,q86_t567
79986,q86_t568
79987,q86_t568
79987,q86_t569
79988,q86_t570
79988,q86_t571
79989,q86_t571
79989,q86_t572
79990,q86_t573
79990,q86_t574
79991,q86_t574
79991,q86_t575
79992,q86_t576
79992,q86_t577
79993,q86_t577
79993,q86_t578
79994,q86_t579
79994,q86_t580
79995,q86_t580
79995,q86_t581
79996,q86_t582
79996,q86_t583
79997,q86_t583
79997,q86_t584
79998,q86_t585
79998,q86_t586
79999,q86_t586
79999,q86_t587
80000,q86_t587
80000,q86_t588
80001,q86_t589
80001,q86_t590
80002,q86_t590
80002,q86_t591
80003,q86_t592
80003,q86_t593
80004,q86_t593
80004,q86_t594
80005,q86_t595
80005,q86_t596
80006,q86_t596
80006,q86_t597
80007,q86_t598
80007,q86_t599
80008,q86_t599
80008,q86_t600
80009,q86_t601
80009,q86_t602
80010,q86_t602
80010,q86_t603
80011,q86_t604
80011,q86_t605
80012,q86_t605
80012,q86_t606
80013,q86_t607
80013,q86_t608
80014,q86_t608
80014,q86_t609
80015,q86_t610
80015,q86_t611
80016,q86_t611
80016,q86_t612
80017,q86_t612
80017,q86_t613
80017,q8_t612
80017,q8_t613
80018,q86_t613
80018,q86_t614
80019,q86_t614
80019,q86_t615
80020,q86_t615
80020,q86_t616
80020,q9_t615
80020,q9_t616
80021,q86_t616
80021,q86_t617
80022,q86_t617
80022,q86_t618
80023,q86_t619
80023,q86_t620
80024,q86_t620
80024,q86_t621
80025,q86_t622
80025,q86_t623
80026,q86_t623
80026,q86_t624
80027,q86_t625
80027,q86_t626
80028,q86_t626
80028,q86_t627
80029,q86_t628
80029,q86_t629
80030,q86_t629
80030,q86_t630
80031,q86_t631
80031,q86_t632
80032,q86_t632
80032,q86_t633
80033,q86_t634
80033,q86_t635
80034,q86_t635
80034,q86_t636
80035,q86_t637
80035,q86_t638
80036,q86_t638
80036,q86_t639
80037,q86_t640
80037,q86_t641
80038,q86_t641
80038,q86_t642
80039,q86_t643
80039,q86_t644
80040,q86_t644
80040,q86_t645
80041,q86_t646
80041,q86_t647
80042,q86_t647
80042,q86_t648
80043,q86_t649
80043,q86_t650
80044,q86_t650
80044,q86_t651
80045,q86_t652
80045,q86_t653
80046,q86_t653
80046,q86_t654
80047,q86_t655
80047,q86_t656
80048,q86_t656
80048,q86_t657
80049,q86_t658
80049,q86_t659
80050,q86_t659
80050,q86_t660
80051,q86_t661
80051,q86_t662
80052,q86_t662
80052,q86_t663
80053,q86_t664
80053,q86_t665
80054,q86_t665
80054,q86_t666
80055,q86_t667
80055,q86_t668
80056,q86_t668
80056,q86_t669
80057,q86_t670
80057,q86_t671
80058,q86_t671
80058,q86_t672
80059,q86_t673
80059,q86_t674
80060,q86_t674
80060,q86_t675
80061,q86_t676
80061,q86_t677
80062,q86_t677
80062,q86_t678
80063,q86_t679
80063,q86_t680
80064,q86_t680
80064,q86_t681
80065,q86_t682
80065,q86_t683
80066,q86_t683
80066,q86_t684
80067,q86_t685
80067,q86_t686
80068,q86_t686
80068,q86_t687
80069,q86_t688
80069,q86_t689
80070,q86_t689
80070,q86_t690
80071,q86_t691
80071,q86_t692
80072,q86_t692
80072,q86_t693
80073,q86_t694
80073,q86_t695
80074,q86_t695
80074,q86_t696
80075,q86_t697
80075,q86_t698
80076,q86_t698
80076,q86_t699
80077,q86_t700
80077,q86_t701
80078,q86_t701
80078,q86_t702
80079,q86_t703
80079,q86_t704
80080,q86_t704
80080,q86_t705
80081,q86_t706
80081,q86_t707
80082,q86_t707
80082,q86_t708
80083,q86_t709
80083,q86_t710
80084,q86_t710
80084,q86_t711
80085,q86_t712
80085,q86_t713
80086,q86_t713
80086,q86_t714
80087,q86_t715
80087,q86_t716
80088,q86_t716
80088,q86_t717
80089,q86_t718
80089,q86_t719
80090,q86_t719
80090,q86_t720
80091,q86_t721
80091,q86_t722
80092,q86_t722
80092,q86_t723
80093,q86_t724
80093,q86_t725
80094,q86_t725
80094,q86_t726
80095,q86_t727
80095,q86_t728
80096,q86_t728
80096,q86_t729
80097,q86_t730
80097,q86_t731
80098,q86_t731
80098,q86_t732
80099,q86_t733
80099,q86_t734
80100,q86_t734
80100,q86_t735
80101,q86_t736
80101,q86_t737
80102,q86_t737
80102,q86_t738
80103,q86_t739
80103,q86_t740
80104,q86_t740
80104,q86_t741
80105,q86_t742
80105,q86_t743
80106,q86_t743
80106,q86_t744
80107,q86_t745
80107,q86_t746
80108,q86_t746
80108,q86_t747
80109,q86_t748
80109,q86_t749
80110,q86_t749
80110,q86_t750
80111,q86_t751
80111,q86_t752
80112,q86_t752
80112,q86_t753
80113,q86_t754
80113,q86_t755
80114,q86_t755
80114,q86_t756
80115,q86_t757
80115,q86_t758
80116,q86_t758
80116,q86_t759
80117,q86_t760
80117,q86_t761
80118,q86_t761
80118,q86_t762
80119,q86_t763
80119,q86_t764
80120,q86_t764
80120,q86_t765
80121,q86_t766
80121,q86_t767
80122,q86_t767
80122,q86_t768
80123,q86_t769
80123,q86_t770
80124,q86_t770
80124,q86_t771
80125,q86_t772
80125,q86_t773
80126,q86_t773
80126,q86_t774
80127,q86_t775
80127,q86_t776
80128,q86_t776
80128,q86_t777
80129,q86_t778
80129,q86_t779
80130,q86_t779
80130,q86_t780
80131,q86_t781
80131,q86_t782
80132,q86_t782
80132,q86_t783
80133,q86_t784
80133,q86_t785
80134,q86_t785
80134,q86_t786
80135,q86_t787
80135,q86_t788
80136,q86_t788
80136,q86_t789
80137,q86_t790
80137,q86_t791
80138,q86_t791
80138,q86_t792
80139,q86_t793
80139,q86_t794
80140,q86_t794
80140,q86_t795
80141,q86_t796
80141,q86_t797
80142,q86_t797
80142,q86_t798
80143,q86_t799
80143,q86_t800
80144,q86_t800
80144,q86_t801
80145,q86_t802
80145,q86_t803
80146,q86_t803
80146,q86_t804
80147,q86_t805
80147,q86_t806
80148,q86_t806
80148,q86_t807
80149,q86_t808
80149,q86_t809
80150,q86_t809
80150,q86_t810
80151,q86_t811
80151,q86_t812
80152,q86_t812
80152,q86_t813
80153,q86_t814
80153,q86_t815
80154,q86_t815
80154,q86_t816
80155,q86_t817
80155,q86_t818
80156,q86_t818
80156,q86_t819
80157,q86_t820
80157,q86_t821
80158,q86_t821
80158,q86_t822
80159,q86_t823
80159,q86_t824
80160,q86_t824
80160,q86_t825
80161,q86_t826
80161,q86_t827
80162,q86_t827
80162,q86_t828
80163,q86_t829
80163,q86_t830
80164,q86_t830
80164,q86_t831
80165,q86_t832
80165,q86_t833
80166,q86_t833
80166,q86_t834
80167,q86_t835
80167,q86_t836
80168,q86_t836
80168,q86_t837
80169,q86_t838
80169,q86_t839
80170,q86_t839
80170,q86_t840
80171,q86_t841
80171,q86_t842
80172,q86_t842
80172,q86_t843
80173,q86_t844
80173,q86_t845
80174,q86_t845
80174,q86_t849
80175,q86_t849
80175,q86_t850
80175,q87_t849
80175,q87_t850
80176,q86_t850
80176,q86_t851
80177,q86_t851
80177,q86_t852
80178,q86_t852
80178,q86_t853
80178,q88_t852
80178,q88_t853
80179,q86_t853
80179,q86_t854
80180,q86_t854
80180,q86_t855
80181,q86_t855
80181,q86_t856
80181,q89_t855
80181,q89_t856
80182,q86_t856
80182,q86_t857
80183,q86_t857
80183,q86_t858
80184,q86_t858
80184,q86_t859
80184,q90_t858
80184,q90_t859
80185,q86_t859
80185,q86_t860
80186,q86_t860
80186,q86_t861
80187,q86_t861
80187,q86_t862
80187,q91_t861
80187,q91_t862
80188,q86_t862
80188,q86_t863
80189,q86_t863
80189,q86_t864
80190,q86_t864
80190,q86_t865
80190,q92_t864
80190,q92_t865
80191,q86_t865
80191,q86_t866
80192,q86_t866
80192,q86_t867
80193,q86_t867
80193,q86_t868
80193,q93_t867
80193,q93_t868
80194,q86_t868
80194,q86_t869
80195,q86_t869
80195,q86_t870
80196,q86_t870
80196,q86_t871
80196,q94_t870
80196,q94_t871
80197,q86_t871
80197,q86_t872
80198,q86_t872
80198,q86_t873
80199,q86_t873
80199,q86_t874
80199,q95_t873
80199,q95_t874
80200,q86_t874
80200,q86_t875
80201,q86_t875
80201,q86_t876
80202,q86_t876
80202,q86_t877
80202,q96_t876
80202,q96_t877
80203,q86_t877
80203,q86_t878
80204,q86_t878
80204,q86_t879
80205,q86_t879
80205,q86_t880
80205,q97_t879
80205,q97_t880
80206,q86_t880
80206,q86_t881
80207,q86_t881
80207,q86_t882
80208,q86_t882
80208,q86_t883
80208,q98_t882
80208,q98_t883
80209,q86_t883
80209,q86_t884
80210,q86_t884
80210,q86_t885
80211,q86_t885
80211,q86_t886
80211,q99_t885
80211,q99_t886
80212,q86_t886
80212,q86_t887
80213,q86_t887
80213,q86_t888
80214,q86_t889
80214,q86_t890
80215,q86_t890
80215,q86_t891
80216,q86_t892
80216,q86_t893
80217,q86_t893
80217,q86_t894
80218,q86_t895
80218,q86_t896
80219,q86_t896
80219,q86_t897
80220,q86_t898
80220,q86_t899
80221,q86_t899
80221,q86_t900
80222,q86_t901
80222,q86_t902
80223,q86_t902
80223,q86_t903
80224,q86_t904
80224,q86_t905
80225,q86_t905
80225,q86_t906
80226,q86_t907
80226,q86_t908
80227,q86_t908
80227,q86_t909
80228,q86_t910
80228,q86_t911
80229,q86_t911
80229,q86_t912
80230,q86_t913
80230,q86_t914
80231,q86_t914
80231,q86_t915
80232,q86_t916
80232,q86_t917
80233,q86_t917
80233,q86_t918
80234,q86_t918
80234,q86_t919
80235,q86_t920
80235,q86_t921
80236,q86_t921
80236,q86_t922
80237,q86_t923
80237,q86_t924
80238,q86_t924
80238,q86_t925
80239,q86_t926
80239,q86_t927
80240,q86_t927
80240,q86_t928
80241,q86_t929
80241,q86_t930
80242,q86_t930
80242,q86_t931
80243,q86_t932
80243,q86_t933
80244,q86_t933
80244,q86_t934
80245,q86_t935
80245,q86_t936
80246,q86_t936
80246,q86_t937
80247,q86_t938
80247,q86_t939
80248,q86_t939
80248,q86_t940
80249,q86_t941
80249,q86_t942
80250,q86_t942
80250,q86_t943
80251,q86_t943
80251,q86_t944
80251,q8_t943
80251,q8_t944
80252,q86_t944
80252,q86_t945
80253,q86_t945
80253,q86_t946
80254,q86_t946
80254,q86_t947
80254,q9_t946
80254,q9_t947
80255,q86_t947
80255,q86_t948
80256,q86_t948
80256,q86_t949
80257,q86_t950
80257,q86_t951
80258,q86_t951
80258,q86_t952
80259,q86_t953
80259,q86_t954
80260,q86_t954
80260,q86_t955
80261,q86_t956
80261,q86_t957
80262,q86_t957
80262,q86_t958
80263,q86_t959
80263,q86_t960
80264,q86_t960
80264,q86_t961
80265,q86_t962
80265,q86_t963
80266,q86_t963
80266,q86_t964
80267,q86_t965
80267,q86_t966
80268,q86_t966
80268,q86_t967
80269,q86_t968
80269,q86_t969
80270,q86_t969
80270,q86_t970
80271,q86_t971
80271,q86_t972
80272,q86_t972
80272,q86_t973
80273,q86_t974
80273,q86_t975
80274,q86_t975
80274,q86_t976
80275,q86_t977
80275,q86_t978
80276,q86_t978
80276,q86_t979
80277,q86_t980
80277,q86_t981
80278,q86_t981
80278,q86_t982
80279,q86_t983
80279,q86_t984
80280,q86_t984
80280,q86_t985
80281,q86_t986
80281,q86_t987
80282,q86_t987
80282,q86_t988
80283,q86_t989
80283,q86_t990
80284,q86_t990
80284,q86_t991
80285,q86_t992
80285,q86_t993
80286,q86_t993
80286,q86_t994
80287,q86_t995
80287,q86_t996
80288,q86_t996
80288,q86_t997
80289,q86_t998
80289,q86_t999
80290,q87_t0
80290,q87_t1
80291,q87_t1
80291,q87_t260
80292,q87_t1000
80292,q87_t999
80293,q87_t1001
80293,q87_t1002
80294,q87_t1002
80294,q87_t1003
80295,q87_t1004
80295,q87_t1005
80296,q87_t1005
80296,q87_t1006
80297,q87_t1007
80297,q87_t1008
80298,q87_t1008
80298,q87_t1009
80299,q87_t1010
80299,q87_t1011
80300,q87_t1011
80300,q87_t1012
80301,q87_t1013
80301,q87_t1014
80302,q87_t1014
80302,q87_t1015
80303,q87_t1016
80303,q87_t1017
80304,q87_t1017
80304,q87_t1018
80305,q87_t1019
80305,q87_t1020
80306,q87_t1020
80306,q87_t1021
80307,q87_t1022
80307,q87_t1023
80308,q87_t1023
80308,q87_t1024
80309,q87_t1025
80309,q87_t1026
80310,q87_t1026
80310,q87_t1027
80311,q87_t1028
80311,q87_t1029
80312,q87_t1029
80312,q87_t1030
80313,q87_t1031
80313,q87_t1032
80314,q87_t1032
80314,q87_t1033
80315,q87_t1034
80315,q87_t1035
80316,q87_t1035
80316,q87_t1036
80317,q87_t1037
80317,q87_t1038
80318,q87_t1038
80318,q87_t1039
80319,q87_t1040
80319,q87_t1041
80320,q87_t1041
80320,q87_t1042
80321,q87_t1043
80321,q87_t1044
80322,q87_t1044
80322,q87_t1045
80323,q87_t1046
80323,q87_t1047
80324,q87_t1047
80324,q87_t1048
80325,q87_t1049
80325,q87_t1050
80326,q87_t1050
80326,q87_t1051
80327,q87_t1052
80327,q87_t1053
80328,q87_t1053
80328,q87_t1054
80329,q87_t1055
80329,q87_t1056
80330,q87_t1056
80330,q87_t1057
80331,q87_t1058
80331,q87_t1059
80332,q87_t1059
80332,q87_t1060
80333,q87_t1061
80333,q87_t1062
80334,q87_t1062
80334,q87_t1063
80335,q87_t1064
80335,q87_t1065
80336,q87_t1065
80336,q87_t1066
80337,q87_t1067
80337,q87_t1068
80338,q87_t1068
80338,q87_t1069
80339,q87_t1070
80339,q87_t1071
80340,q87_t1071
80340,q87_t1072
80341,q87_t1073
80341,q87_t1074
80342,q87_t1074
80342,q87_t1075
80343,q87_t1076
80343,q87_t1077
80344,q87_t1077
80344,q87_t1078
80345,q87_t1079
80345,q87_t1080
80346,q87_t1080
80346,q87_t1081
80347,q87_t1082
80347,q87_t1083
80348,q87_t1083
80348,q87_t1084
80349,q87_t1085
80349,q87_t1086
80350,q87_t1086
80350,q87_t1087
80351,q87_t1088
80351,q87_t1089
80352,q87_t1089
80352,q87_t1090
80353,q87_t1091
80353,q87_t1092
80354,q87_t1092
80354,q87_t1093
80355,q87_t1094
80355,q87_t1095
80356,q87_t1095
80356,q87_t1096
80357,q87_t1097
80357,q87_t1098
80358,q87_t1098
80358,q87_t1099
80359,q87_t1100
80359,q87_t1101
80360,q87_t1101
80360,q87_t1102
80361,q87_t1103
80361,q87_t1104
80362,q87_t1104
80362,q87_t1105
80363,q87_t1106
80363,q87_t1107
80364,q87_t1107
80364,q87_t1108
80365,q87_t1109
80365,q87_t1110
80366,q87_t1110
80366,q87_t1111
80367,q87_t1112
80367,q87_t1113
80368,q87_t1113
80368,q87_t1114
80369,q87_t1115
80369,q87_t1116
80370,q87_t1116
80370,q87_t1117
80371,q87_t1118
80371,q87_t1119
80372,q87_t1119
80372,q87_t1120
80373,q87_t1121
80373,q87_t1122
80374,q87_t1122
80374,q87_t1123
80375,q87_t1124
80375,q87_t1125
80376,q87_t1125
80376,q87_t1126
80377,q87_t1127
80377,q87_t1128
80378,q87_t1128
80378,q87_t1129
80379,q87_t1130
80379,q87_t1131
80380,q87_t1131
80380,q87_t1132
80381,q87_t1133
80381,q87_t1134
80382,q87_t1134
80382,q87_t1135
80383,q87_t1136
80383,q87_t1137
80384,q87_t1137
80384,q87_t1138
80385,q87_t1139
80385,q87_t1140
80386,q87_t1140
80386,q87_t1141
80387,q87_t1142
80387,q87_t1143
80388,q87_t1143
80388,q87_t1144
80389,q87_t1145
80389,q87_t1146
80390,q87_t1146
80390,q87_t1147
80391,q87_t1148
80391,q87_t1149
80392,q87_t1149
80392,q87_t1150
80393,q87_t1151
80393,q87_t1152
80394,q87_t1152
80394,q87_t1153
80395,q87_t1154
80395,q87_t1155
80396,q87_t1155
80396,q87_t1156
80397,q87_t1157
80397,q87_t1158
80398,q87_t1158
80398,q87_t1159
80399,q87_t1160
80399,q87_t1161
80400,q87_t1161
80400,q87_t1162
80401,q87_t1163
80401,q87_t1164
80402,q87_t1164
80402,q87_t1165
80403,q87_t1166
80403,q87_t1167
80404,q87_t1167
80404,q87_t1168
80405,q87_t1169
80405,q87_t1170
80406,q87_t1170
80406,q87_t1171
80407,q87_t1172
80407,q87_t1173
80408,q87_t1173
80408,q87_t1174
80409,q87_t1175
80409,q87_t1176
80410,q87_t1176
80410,q87_t1177
80411,q87_t1178
80411,q87_t1179
80412,q87_t1179
80412,q87_t1180
80413,q87_t1181
80413,q87_t1182
80414,q87_t1182
80414,q87_t1186
80415,q87_t1186
80415,q87_t1187
80415,q88_t1186
80415,q88_t1187
80416,q87_t1187
80416,q87_t1188
80417,q87_t1188
80417,q87_t1189
80418,q87_t1189
80418,q87_t1190
80418,q89_t1189
80418,q89_t1190
80419,q87_t1190
80419,q87_t1191
80420,q87_t1191
80420,q87_t1192
80421,q87_t1192
80421,q87_t1193
80421,q90_t1192
80421,q90_t1193
80422,q87_t1193
80422,q87_t1194
80423,q87_t1194
80423,q87_t1195
80424,q87_t1195
80424,q87_t1196
80424,q91_t1195
80424,q91_t1196
80425,q87_t1196
80425,q87_t1197
80426,q87_t1197
80426,q87_t1198
80427,q87_t1198
80427,q87_t1199
80427,q92_t1198
80427,q92_t1199
80428,q87_t1199
80428,q87_t1200
80429,q87_t1200
80429,q87_t1201
80430,q87_t1201
80430,q87_t1202
80430,q93_t1201
80430,q93_t1202
80431,q87_t1202
80431,q87_t1203
80432,q87_t1203
80432,q87_t1204
80433,q87_t1204
80433,q87_t1205
80433,q94_t1204
80433,q94_t1205
80434,q87_t1205
80434,q87_t1206
80435,q87_t1206
80435,q87_t1207
80436,q87_t1207
80436,q87_t1208
80436,q95_t1207
80436,q95_t1208
80437,q87_t1208
80437,q87_t1209
80438,q87_t1209
80438,q87_t1210
80439,q87_t1210
80439,q87_t1211
80439,q96_t1210
80439,q96_t1211
80440,q87_t1211
80440,q87_t1212
80441,q87_t1212
80441,q87_t1213
80442,q87_t1213
80442,q87_t1214
80442,q97_t1213
80442,q97_t1214
80443,q87_t1214
80443,q87_t1215
80444,q87_t1215
80444,q87_t1216
80445,q87_t1216
80445,q87_t1217
80445,q98_t1216
80445,q98_t1217
80446,q87_t1217
80446,q87_t1218
80447,q87_t1218
80447,q87_t1219
80448,q87_t1219
80448,q87_t1220
80448,q99_t1219
80448,q99_t1220
80449,q87_t1220
80449,q87_t1221
80450,q87_t1221
80450,q87_t1222
80451,q87_t1223
80451,q87_t1224
80452,q87_t1224
80452,q87_t1225
80453,q87_t1226
80453,q87_t1227
80454,q87_t1227
80454,q87_t1228
80455,q87_t1229
80455,q87_t1230
80456,q87_t1230
80456,q87_t1231
80457,q87_t1232
80457,q87_t1233
80458,q87_t1233
80458,q87_t1234
80459,q87_t1235
80459,q87_t1236
80460,q87_t1236
80460,q87_t1237
80461,q87_t1238
80461,q87_t1239
80462,q87_t1239
80462,q87_t1240
80463,q87_t1241
80463,q87_t1242
80464,q87_t1242
80464,q87_t1243
80465,q87_t1244
80465,q87_t1245
80466,q87_t1245
80466,q87_t1246
80467,q87_t1247
80467,q87_t1248
80468,q87_t1248
80468,q87_t1249
80469,q87_t1250
80469,q87_t1251
80470,q87_t1251
80470,q87_t1252
80471,q87_t261
80471,q87_t262
80472,q87_t262
80472,q87_t263
80473,q87_t264
80473,q87_t265
80474,q87_t265
80474,q87_t266
80475,q87_t267
80475,q87_t268
80476,q87_t268
80476,q87_t269
80477,q87_t270
80477,q87_t271
80478,q87_t271
80478,q87_t272
80479,q87_t273
80479,q87_t274
80480,q87_t274
80480,q87_t275
80481,q87_t276
80481,q87_t277
80482,q87_t277
80482,q87_t278
80483,q87_t279
80483,q87_t280
80484,q87_t280
80484,q87_t281
80485,q87_t282
80485,q87_t283
80486,q87_t283
80486,q87_t284
80487,q87_t284
80487,q87_t285
80487,q8_t284
80487,q8_t285
80488,q87_t285
80488,q87_t286
80489,q87_t286
80489,q87_t287
80490,q87_t287
80490,q87_t288
80490,q9_t287
80490,q9_t288
80491,q87_t288
80491,q87_t289
80492,q87_t289
80492,q87_t290
80493,q87_t291
80493,q87_t292
80494,q87_t292
80494,q87_t293
80495,q87_t294
80495,q87_t295
80496,q87_t295
80496,q87_t296
80497,q87_t297
80497,q87_t298
80498,q87_t298
80498,q87_t299
80499,q87_t300
80499,q87_t301
80500,q87_t301
80500,q87_t302
80501,q87_t303
80501,q87_t304
80502,q87_t304
80502,q87_t305
80503,q87_t306
80503,q87_t307
80504,q87_t307
80504,q87_t308
80505,q87_t309
80505,q87_t310
80506,q87_t310
80506,q87_t311
80507,q87_t312
80507,q87_t313
80508,q87_t313
80508,q87_t314
80509,q87_t315
80509,q87_t316
80510,q87_t316
80510,q87_t317
80511,q87_t318
80511,q87_t319
80512,q87_t319
80512,q87_t320
80513,q87_t321
80513,q87_t322
80514,q87_t322
80514,q87_t323
80515,q87_t324
80515,q87_t325
80516,q87_t325
80516,q87_t326
80517,q87_t327
80517,q87_t328
80518,q87_t328
80518,q87_t329
80519,q87_t330
80519,q87_t331
80520,q87_t331
80520,q87_t332
80521,q87_t333
80521,q87_t334
80522,q87_t334
80522,q87_t335
80523,q87_t336
80523,q87_t337
80524,q87_t337
80524,q87_t338
80525,q87_t339
80525,q87_t340
80526,q87_t340
80526,q87_t341
80527,q87_t342
80527,q87_t343
80528,q87_t343
80528,q87_t344
80529,q87_t345
80529,q87_t346
80530,q87_t346
80530,q87_t347
80531,q87_t348
80531,q87_t349
80532,q87_t349
80532,q87_t350
80533,q87_t351
80533,q87_t352
80534,q87_t352
80534,q87_t353
80535,q87_t354
80535,q87_t355
80536,q87_t355
80536,q87_t356
80537,q87_t357
80537,q87_t358
80538,q87_t358
80538,q87_t359
80539,q87_t360
80539,q87_t361
80540,q87_t361
80540,q87_t362
80541,q87_t363
80541,q87_t364
80542,q87_t364
80542,q87_t365
80543,q87_t366
80543,q87_t367
80544,q87_t367
80544,q87_t368
80545,q87_t369
80545,q87_t370
80546,q87_t370
80546,q87_t371
80547,q87_t372
80547,q87_t373
80548,q87_t373
80548,q87_t374
80549,q87_t375
80549,q87_t376
80550,q87_t376
80550,q87_t377
80551,q87_t378
80551,q87_t379
80552,q87_t379
80552,q87_t380
80553,q87_t381
80553,q87_t382
80554,q87_t382
80554,q87_t383
80555,q87_t384
80555,q87_t385
80556,q87_t385
80556,q87_t386
80557,q87_t387
80557,q87_t388
80558,q87_t388
80558,q87_t389
80559,q87_t390
80559,q87_t391
80560,q87_t391
80560,q87_t392
80561,q87_t393
80561,q87_t394
80562,q87_t394
80562,q87_t395
80563,q87_t396
80563,q87_t397
80564,q87_t397
80564,q87_t398
80565,q87_t399
80565,q87_t400
80566,q87_t400
80566,q87_t401
80567,q87_t402
80567,q87_t403
80568,q87_t403
80568,q87_t404
80569,q87_t405
80569,q87_t406
80570,q87_t406
80570,q87_t407
80571,q87_t408
80571,q87_t409
80572,q87_t409
80572,q87_t410
80573,q87_t411
80573,q87_t412
80574,q87_t412
80574,q87_t413
80575,q87_t414
80575,q87_t415
80576,q87_t415
80576,q87_t416
80577,q87_t417
80577,q87_t418
80578,q87_t418
80578,q87_t419
80579,q87_t420
80579,q87_t421
80580,q87_t421
80580,q87_t422
80581,q87_t423
80581,q87_t424
80582,q87_t424
80582,q87_t425
80583,q87_t426
80583,q87_t427
80584,q87_t427
80584,q87_t428
80585,q87_t429
80585,q87_t430
80586,q87_t430
80586,q87_t431
80587,q87_t432
80587,q87_t433
80588,q87_t433
80588,q87_t434
80589,q87_t435
80589,q87_t436
80590,q87_t436
80590,q87_t437
80591,q87_t438
80591,q87_t439
80592,q87_t439
80592,q87_t440
80593,q87_t441
80593,q87_t442
80594,q87_t442
80594,q87_t443
80595,q87_t444
80595,q87_t445
80596,q87_t445
80596,q87_t446
80597,q87_t447
80597,q87_t448
80598,q87_t448
80598,q87_t449
80599,q87_t450
80599,q87_t451
80600,q87_t451
80600,q87_t452
80601,q87_t453
80601,q87_t454
80602,q87_t454
80602,q87_t455
80603,q87_t456
80603,q87_t457
80604,q87_t457
80604,q87_t458
80605,q87_t459
80605,q87_t460
80606,q87_t460
80606,q87_t461
80607,q87_t462
80607,q87_t463
80608,q87_t463
80608,q87_t464
80609,q87_t465
80609,q87_t466
80610,q87_t466
80610,q87_t467
80611,q87_t468
80611,q87_t469
80612,q87_t469
80612,q87_t470
80613,q87_t471
80613,q87_t472
80614,q87_t472
80614,q87_t473
80615,q87_t474
80615,q87_t475
80616,q87_t475
80616,q87_t476
80617,q87_t477
80617,q87_t478
80618,q87_t478
80618,q87_t479
80619,q87_t480
80619,q87_t481
80620,q87_t481
80620,q87_t482
80621,q87_t483
80621,q87_t484
80622,q87_t484
80622,q87_t485
80623,q87_t486
80623,q87_t487
80624,q87_t487
80624,q87_t488
80625,q87_t489
80625,q87_t490
80626,q87_t490
80626,q87_t491
80627,q87_t492
80627,q87_t493
80628,q87_t493
80628,q87_t494
80629,q87_t495
80629,q87_t496
80630,q87_t496
80630,q87_t497
80631,q87_t498
80631,q87_t499
80632,q87_t499
80632,q87_t500
80633,q87_t501
80633,q87_t502
80634,q87_t502
80634,q87_t503
80635,q87_t504
80635,q87_t505
80636,q87_t505
80636,q87_t506
80637,q87_t507
80637,q87_t508
80638,q87_t508
80638,q87_t509
80639,q87_t510
80639,q87_t511
80640,q87_t511
80640,q87_t512
80641,q87_t513
80641,q87_t514
80642,q87_t514
80642,q87_t515
80643,q87_t516
80643,q87_t517
80644,q87_t517
80644,q87_t518
80645,q87_t519
80645,q87_t520
80646,q87_t520
80646,q87_t524
80647,q87_t524
80647,q87_t525
80647,q88_t524
80647,q88_t525
80648,q87_t525
80648,q87_t526
80649,q87_t526
80649,q87_t527
80650,q87_t527
80650,q87_t528
80650,q89_t527
80650,q89_t528
80651,q87_t528
80651,q87_t529
80652,q87_t529
80652,q87_t530
80653,q87_t530
80653,q87_t531
80653,q90_t530
80653,q90_t531
80654,q87_t531
80654,q87_t532
80655,q87_t532
80655,q87_t533
80656,q87_t533
80656,q87_t534
80656,q91_t533
80656,q91_t534
80657,q87_t534
80657,q87_t535
80658,q87_t535
80658,q87_t536
80659,q87_t536
80659,q87_t537
80659,q92_t536
80659,q92_t537
80660,q87_t537
80660,q87_t538
80661,q87_t538
80661,q87_t539
80662,q87_t539
80662,q87_t540
80662,q93_t539
80662,q93_t540
80663,q87_t540
80663,q87_t541
80664,q87_t541
80664,q87_t542
80665,q87_t542
80665,q87_t543
80665,q94_t542
80665,q94_t543
80666,q87_t543
80666,q87_t544
80667,q87_t544
80667,q87_t545
80668,q87_t545
80668,q87_t546
80668,q95_t545
80668,q95_t546
80669,q87_t546
80669,q87_t547
80670,q87_t547
80670,q87_t548
80671,q87_t548
80671,q87_t549
80671,q96_t548
80671,q96_t549
80672,q87_t549
80672,q87_t550
80673,q87_t550
80673,q87_t551
80674,q87_t551
80674,q87_t552
80674,q97_t551
80674,q97_t552
80675,q87_t552
80675,q87_t553
80676,q87_t553
80676,q87_t554
80677,q87_t554
80677,q87_t555
80677,q98_t554
80677,q98_t555
80678,q87_t555
80678,q87_t556
80679,q87_t556
80679,q87_t557
80680,q87_t557
80680,q87_t558
80680,q99_t557
80680,q99_t558
80681,q87_t558
80681,q87_t559
80682,q87_t559
80682,q87_t560
80683,q87_t561
80683,q87_t562
80684,q87_t562
80684,q87_t563
80685,q87_t564
80685,q87_t565
80686,q87_t565
80686,q87_t566
80687,q87_t567
80687,q87_t568
80688,q87_t568
80688,q87_t569
80689,q87_t570
80689,q87_t571
80690,q87_t571
80690,q87_t572
80691,q87_t573
80691,q87_t574
80692,q87_t574
80692,q87_t575
80693,q87_t576
80693,q87_t577
80694,q87_t577
80694,q87_t578
80695,q87_t579
80695,q87_t580
80696,q87_t580
80696,q87_t581
80697,q87_t582
80697,q87_t583
80698,q87_t583
80698,q87_t584
80699,q87_t585
80699,q87_t586
80700,q87_t586
80700,q87_t587
80701,q87_t588
80701,q87_t589
80702,q87_t589
80702,q87_t590
80703,q87_t590
80703,q87_t591
80704,q87_t592
80704,q87_t593
80705,q87_t593
80705,q87_t594
80706,q87_t595
80706,q87_t596
80707,q87_t596
80707,q87_t597
80708,q87_t598
80708,q87_t599
80709,q87_t599
80709,q87_t600
80710,q87_t601
80710,q87_t602
80711,q87_t602
80711,q87_t603
80712,q87_t604
80712,q87_t605
80713,q87_t605
80713,q87_t606
80714,q87_t607
80714,q87_t608
80715,q87_t608
80715,q87_t609
80716,q87_t610
80716,q87_t611
80717,q87_t611
80717,q87_t612
80718,q87_t613
80718,q87_t614
80719,q87_t614
80719,q87_t615
80720,q87_t615
80720,q87_t616
80720,q8_t615
80720,q8_t616
80721,q87_t616
80721,q87_t617
80722,q87_t617
80722,q87_t618
80723,q87_t618
80723,q87_t619
80723,q9_t618
80723,q9_t619
80724,q87_t619
80724,q87_t620
80725,q87_t620
80725,q87_t621
80726,q87_t622
80726,q87_t623
80727,q87_t623
80727,q87_t624
80728,q87_t625
80728,q87_t626
80729,q87_t626
80729,q87_t627
80730,q87_t628
80730,q87_t629
80731,q87_t629
80731,q87_t630
80732,q87_t631
80732,q87_t632
80733,q87_t632
80733,q87_t633
80734,q87_t634
80734,q87_t635
80735,q87_t635
80735,q87_t636
80736,q87_t637
80736,q87_t638
80737,q87_t638
80737,q87_t639
80738,q87_t640
80738,q87_t641
80739,q87_t641
80739,q87_t642
80740,q87_t643
80740,q87_t644
80741,q87_t644
80741,q87_t645
80742,q87_t646
80742,q87_t647
80743,q87_t647
80743,q87_t648
80744,q87_t649
80744,q87_t650
80745,q87_t650
80745,q87_t651
80746,q87_t652
80746,q87_t653
80747,q87_t653
80747,q87_t654
80748,q87_t655
80748,q87_t656
80749,q87_t656
80749,q87_t657
80750,q87_t658
80750,q87_t659
80751,q87_t659
80751,q87_t660
80752,q87_t661
80752,q87_t662
80753,q87_t662
80753,q87_t663
80754,q87_t664
80754,q87_t665
80755,q87_t665
80755,q87_t666
80756,q87_t667
80756,q87_t668
80757,q87_t668
80757,q87_t669
80758,q87_t670
80758,q87_t671
80759,q87_t671
80759,q87_t672
80760,q87_t673
80760,q87_t674
80761,q87_t674
80761,q87_t675
80762,q87_t676
80762,q87_t677
80763,q87_t677
80763,q87_t678
80764,q87_t679
80764,q87_t680
80765,q87_t680
80765,q87_t681
80766,q87_t682
80766,q87_t683
80767,q87_t683
80767,q87_t684
80768,q87_t685
80768,q87_t686
80769,q87_t686
80769,q87_t687
80770,q87_t688
80770,q87_t689
80771,q87_t689
80771,q87_t690
80772,q87_t691
80772,q87_t692
80773,q87_t692
80773,q87_t693
80774,q87_t694
80774,q87_t695
80775,q87_t695
80775,q87_t696
80776,q87_t697
80776,q87_t698
80777,q87_t698
80777,q87_t699
80778,q87_t700
80778,q87_t701
80779,q87_t701
80779,q87_t702
80780,q87_t703
80780,q87_t704
80781,q87_t704
80781,q87_t705
80782,q87_t706
80782,q87_t707
80783,q87_t707
80783,q87_t708
80784,q87_t709
80784,q87_t710
80785,q87_t710
80785,q87_t711
80786,q87_t712
80786,q87_t713
80787,q87_t713
80787,q87_t714
80788,q87_t715
80788,q87_t716
80789,q87_t716
80789,q87_t717
80790,q87_t718
80790,q87_t719
80791,q87_t719
80791,q87_t720
80792,q87_t721
80792,q87_t722
80793,q87_t722
80793,q87_t723
80794,q87_t724
80794,q87_t725
80795,q87_t725
80795,q87_t726
80796,q87_t727
80796,q87_t728
80797,q87_t728
80797,q87_t729
80798,q87_t730
80798,q87_t731
80799,q87_t731
80799,q87_t732
80800,q87_t733
80800,q87_t734
80801,q87_t734
80801,q87_t735
80802,q87_t736
80802,q87_t737
80803,q87_t737
80803,q87_t738
80804,q87_t739
80804,q87_t740
80805,q87_t740
80805,q87_t741
80806,q87_t742
80806,q87_t743
80807,q87_t743
80807,q87_t744
80808,q87_t745
80808,q87_t746
80809,q87_t746
80809,q87_t747
80810,q87_t748
80810,q87_t749
80811,q87_t749
80811,q87_t750
80812,q87_t751
80812,q87_t752
80813,q87_t752
80813,q87_t753
80814,q87_t754
80814,q87_t755
80815,q87_t755
80815,q87_t756
80816,q87_t757
80816,q87_t758
80817,q87_t758
80817,q87_t759
80818,q87_t760
80818,q87_t761
80819,q87_t761
80819,q87_t762
80820,q87_t763
80820,q87_t764
80821,q87_t764
80821,q87_t765
80822,q87_t766
80822,q87_t767
80823,q87_t767
80823,q87_t768
80824,q87_t769
80824,q87_t770
80825,q87_t770
80825,q87_t771
80826,q87_t772
80826,q87_t773
80827,q87_t773
80827,q87_t774
80828,q87_t775
80828,q87_t776
80829,q87_t776
80829,q87_t777
80830,q87_t778
80830,q87_t779
80831,q87_t779
80831,q87_t780
80832,q87_t781
80832,q87_t782
80833,q87_t782
80833,q87_t783
80834,q87_t784
80834,q87_t785
80835,q87_t785
80835,q87_t786
80836,q87_t787
80836,q87_t788
80837,q87_t788
80837,q87_t789
80838,q87_t790
80838,q87_t791
80839,q87_t791
80839,q87_t792
80840,q87_t793
80840,q87_t794
80841,q87_t794
80841,q87_t795
80842,q87_t796
80842,q87_t797
80843,q87_t797
80843,q87_t798
80844,q87_t799
80844,q87_t800
80845,q87_t800
80845,q87_t801
80846,q87_t802
80846,q87_t803
80847,q87_t803
80847,q87_t804
80848,q87_t805
80848,q87_t806
80849,q87_t806
80849,q87_t807
80850,q87_t808
80850,q87_t809
80851,q87_t809
80851,q87_t810
80852,q87_t811
80852,q87_t812
80853,q87_t812
80853,q87_t813
80854,q87_t814
80854,q87_t815
80855,q87_t815
80855,q87_t816
80856,q87_t817
80856,q87_t818
80857,q87_t818
80857,q87_t819
80858,q87_t820
80858,q87_t821
80859,q87_t821
80859,q87_t822
80860,q87_t823
80860,q87_t824
80861,q87_t824
80861,q87_t825
80862,q87_t826
80862,q87_t827
80863,q87_t827
80863,q87_t828
80864,q87_t829
80864,q87_t830
80865,q87_t830
80865,q87_t831
80866,q87_t832
80866,q87_t833
80867,q87_t833
80867,q87_t834
80868,q87_t835
80868,q87_t836
80869,q87_t836
80869,q87_t837
80870,q87_t838
80870,q87_t839
80871,q87_t839
80871,q87_t840
80872,q87_t841
80872,q87_t842
80873,q87_t842
80873,q87_t843
80874,q87_t844
80874,q87_t845
80875,q87_t845
80875,q87_t846
80876,q87_t847
80876,q87_t848
80877,q87_t848
80877,q87_t849
80878,q87_t850
80878,q87_t851
80879,q87_t851
80879,q87_t855
80880,q87_t855
80880,q87_t856
80880,q88_t855
80880,q88_t856
80881,q87_t856
80881,q87_t857
80882,q87_t857
80882,q87_t858
80883,q87_t858
80883,q87_t859
80883,q89_t858
80883,q89_t859
80884,q87_t859
80884,q87_t860
80885,q87_t860
80885,q87_t861
80886,q87_t861
80886,q87_t862
80886,q90_t861
80886,q90_t862
80887,q87_t862
80887,q87_t863
80888,q87_t863
80888,q87_t864
80889,q87_t864
80889,q87_t865
80889,q91_t864
80889,q91_t865
80890,q87_t865
80890,q87_t866
80891,q87_t866
80891,q87_t867
80892,q87_t867
80892,q87_t868
80892,q92_t867
80892,q92_t868
80893,q87_t868
80893,q87_t869
80894,q87_t869
80894,q87_t870
80895,q87_t870
80895,q87_t871
80895,q93_t870
80895,q93_t871
80896,q87_t871
80896,q87_t872
80897,q87_t872
80897,q87_t873
80898,q87_t873
80898,q87_t874
80898,q94_t873
80898,q94_t874
80899,q87_t874
80899,q87_t875
80900,q87_t875
80900,q87_t876
80901,q87_t876
80901,q87_t877
80901,q95_t876
80901,q95_t877
80902,q87_t877
80902,q87_t878
80903,q87_t878
80903,q87_t879
80904,q87_t879
80904,q87_t880
80904,q96_t879
80904,q96_t880
80905,q87_t880
80905,q87_t881
80906,q87_t881
80906,q87_t882
80907,q87_t882
80907,q87_t883
80907,q97_t882
80907,q97_t883
80908,q87_t883
80908,q87_t884
80909,q87_t884
80909,q87_t885
80910,q87_t885
80910,q87_t886
80910,q98_t885
80910,q98_t886
80911,q87_t886
80911,q87_t887
80912,q87_t887
80912,q87_t888
80913,q87_t888
80913,q87_t889
80913,q99_t888
80913,q99_t889
80914,q87_t889
80914,q87_t890
80915,q87_t890
80915,q87_t891
80916,q87_t892
80916,q87_t893
80917,q87_t893
80917,q87_t894
80918,q87_t895
80918,q87_t896
80919,q87_t896
80919,q87_t897
80920,q87_t898
80920,q87_t899
80921,q87_t899
80921,q87_t900
80922,q87_t901
80922,q87_t902
80923,q87_t902
80923,q87_t903
80924,q87_t904
80924,q87_t905
80925,q87_t905
80925,q87_t906
80926,q87_t907
80926,q87_t908
80927,q87_t908
80927,q87_t909
80928,q87_t910
80928,q87_t911
80929,q87_t911
80929,q87_t912
80930,q87_t913
80930,q87_t914
80931,q87_t914
80931,q87_t915
80932,q87_t916
80932,q87_t917
80933,q87_t917
80933,q87_t918
80934,q87_t919
80934,q87_t920
80935,q87_t920
80935,q87_t921
80936,q87_t921
80936,q87_t922
80937,q87_t923
80937,q87_t924
80938,q87_t924
80938,q87_t925
80939,q87_t926
80939,q87_t927
80940,q87_t927
80940,q87_t928
80941,q87_t929
80941,q87_t930
80942,q87_t930
80942,q87_t931
80943,q87_t932
80943,q87_t933
80944,q87_t933
80944,q87_t934
80945,q87_t935
80945,q87_t936
80946,q87_t936
80946,q87_t937
80947,q87_t938
80947,q87_t939
80948,q87_t939
80948,q87_t940
80949,q87_t941
80949,q87_t942
80950,q87_t942
80950,q87_t943
80951,q87_t944
80951,q87_t945
80952,q87_t945
80952,q87_t946
80953,q87_t946
80953,q87_t947
80953,q8_t946
80953,q8_t947
80954,q87_t947
80954,q87_t948
80955,q87_t948
80955,q87_t949
80956,q87_t949
80956,q87_t950
80956,q9_t949
80956,q9_t950
80957,q87_t950
80957,q87_t951
80958,q87_t951
80958,q87_t952
80959,q87_t953
80959,q87_t954
80960,q87_t954
80960,q87_t955
80961,q87_t956
80961,q87_t957
80962,q87_t957
80962,q87_t958
80963,q87_t959
80963,q87_t960
80964,q87_t960
80964,q87_t961
80965,q87_t962
80965,q87_t963
80966,q87_t963
80966,q87_t964
80967,q87_t965
80967,q87_t966
80968,q87_t966
80968,q87_t967
80969,q87_t968
80969,q87_t969
80970,q87_t969
80970,q87_t970
80971,q87_t971
80971,q87_t972
80972,q87_t972
80972,q87_t973
80973,q87_t974
80973,q87_t975
80974,q87_t975
80974,q87_t976
80975,q87_t977
80975,q87_t978
80976,q87_t978
80976,q87_t979
80977,q87_t980
80977,q87_t981
80978,q87_t981
80978,q87_t982
80979,q87_t983
80979,q87_t984
80980,q87_t984
80980,q87_t985
80981,q87_t986
80981,q87_t987
80982,q87_t987
80982,q87_t988
80983,q87_t989
80983,q87_t990
80984,q87_t990
80984,q87_t991
80985,q87_t992
80985,q87_t993
80986,q87_t993
80986,q87_t994
80987,q87_t995
80987,q87_t996
80988,q87_t996
80988,q87_t997
80989,q87_t998
80989,q87_t999
80990,q88_t0
80990,q88_t1
80991,q88_t1
80991,q88_t263
80992,q88_t1000
80992,q88_t999
80993,q88_t1001
80993,q88_t1002
80994,q88_t1002
80994,q88_t1003
80995,q88_t1004
80995,q88_t1005
80996,q88_t1005
80996,q88_t1006
80997,q88_t1007
80997,q88_t1008
80998,q88_t1008
80998,q88_t1009
80999,q88_t1010
80999,q88_t1011
81000,q88_t1011
81000,q88_t1012
81001,q88_t1013
81001,q88_t1014
81002,q88_t1014
81002,q88_t1015
81003,q88_t1016
81003,q88_t1017
81004,q88_t1017
81004,q88_t1018
81005,q88_t1019
81005,q88_t1020
81006,q88_t1020
81006,q88_t1021
81007,q88_t1022
81007,q88_t1023
81008,q88_t1023
81008,q88_t1024
81009,q88_t1025
81009,q88_t1026
81010,q88_t1026
81010,q88_t1027
81011,q88_t1028
81011,q88_t1029
81012,q88_t1029
81012,q88_t1030
81013,q88_t1031
81013,q88_t1032
81014,q88_t1032
81014,q88_t1033
81015,q88_t1034
81015,q88_t1035
81016,q88_t1035
81016,q88_t1036
81017,q88_t1037
81017,q88_t1038
81018,q88_t1038
81018,q88_t1039
81019,q88_t1040
81019,q88_t1041
81020,q88_t1041
81020,q88_t1042
81021,q88_t1043
81021,q88_t1044
81022,q88_t1044
81022,q88_t1045
81023,q88_t1046
81023,q88_t1047
81024,q88_t1047
81024,q88_t1048
81025,q88_t1049
81025,q88_t1050
81026,q88_t1050
81026,q88_t1051
81027,q88_t1052
81027,q88_t1053
81028,q88_t1053
81028,q88_t1054
81029,q88_t1055
81029,q88_t1056
81030,q88_t1056
81030,q88_t1057
81031,q88_t1058
81031,q88_t1059
81032,q88_t1059
81032,q88_t1060
81033,q88_t1061
81033,q88_t1062
81034,q88_t1062
81034,q88_t1063
81035,q88_t1064
81035,q88_t1065
81036,q88_t1065
81036,q88_t1066
81037,q88_t1067
81037,q88_t1068
81038,q88_t1068
81038,q88_t1069
81039,q88_t1070
81039,q88_t1071
81040,q88_t1071
81040,q88_t1072
81041,q88_t1073
81041,q88_t1074
81042,q88_t1074
81042,q88_t1075
81043,q88_t1076
81043,q88_t1077
81044,q88_t1077
81044,q88_t1078
81045,q88_t1079
81045,q88_t1080
81046,q88_t1080
81046,q88_t1081
81047,q88_t1082
81047,q88_t1083
81048,q88_t1083
81048,q88_t1084
81049,q88_t1085
81049,q88_t1086
81050,q88_t1086
81050,q88_t1087
81051,q88_t1088
81051,q88_t1089
81052,q88_t1089
81052,q88_t1090
81053,q88_t1091
81053,q88_t1092
81054,q88_t1092
81054,q88_t1093
81055,q88_t1094
81055,q88_t1095
81056,q88_t1095
81056,q88_t1096
81057,q88_t1097
81057,q88_t1098
81058,q88_t1098
81058,q88_t1099
81059,q88_t1100
81059,q88_t1101
81060,q88_t1101
81060,q88_t1102
81061,q88_t1103
81061,q88_t1104
81062,q88_t1104
81062,q88_t1105
81063,q88_t1106
81063,q88_t1107
81064,q88_t1107
81064,q88_t1108
81065,q88_t1109
81065,q88_t1110
81066,q88_t1110
81066,q88_t1111
81067,q88_t1112
81067,q88_t1113
81068,q88_t1113
81068,q88_t1114
81069,q88_t1115
81069,q88_t1116
81070,q88_t1116
81070,q88_t1117
81071,q88_t1118
81071,q88_t1119
81072,q88_t1119
81072,q88_t1120
81073,q88_t1121
81073,q88_t1122
81074,q88_t1122
81074,q88_t1123
81075,q88_t1124
81075,q88_t1125
81076,q88_t1125
81076,q88_t1126
81077,q88_t1127
81077,q88_t1128
81078,q88_t1128
81078,q88_t1129
81079,q88_t1130
81079,q88_t1131
81080,q88_t1131
81080,q88_t1132
81081,q88_t1133
81081,q88_t1134
81082,q88_t1134
81082,q88_t1135
81083,q88_t1136
81083,q88_t1137
81084,q88_t1137
81084,q88_t1138
81085,q88_t1139
81085,q88_t1140
81086,q88_t1140
81086,q88_t1141
81087,q88_t1142
81087,q88_t1143
81088,q88_t1143
81088,q88_t1144
81089,q88_t1145
81089,q88_t1146
81090,q88_t1146
81090,q88_t1147
81091,q88_t1148
81091,q88_t1149
81092,q88_t1149
81092,q88_t1150
81093,q88_t1151
81093,q88_t1152
81094,q88_t1152
81094,q88_t1153
81095,q88_t1154
81095,q88_t1155
81096,q88_t1155
81096,q88_t1156
81097,q88_t1157
81097,q88_t1158
81098,q88_t1158
81098,q88_t1159
81099,q88_t1160
81099,q88_t1161
81100,q88_t1161
81100,q88_t1162
81101,q88_t1163
81101,q88_t1164
81102,q88_t1164
81102,q88_t1165
81103,q88_t1166
81103,q88_t1167
81104,q88_t1167
81104,q88_t1168
81105,q88_t1169
81105,q88_t1170
81106,q88_t1170
81106,q88_t1171
81107,q88_t1172
81107,q88_t1173
81108,q88_t1173
81108,q88_t1174
81109,q88_t1175
81109,q88_t1176
81110,q88_t1176
81110,q88_t1177
81111,q88_t1178
81111,q88_t1179
81112,q88_t1179
81112,q88_t1180
81113,q88_t1181
81113,q88_t1182
81114,q88_t1182
81114,q88_t1183
81115,q88_t1184
81115,q88_t1185
81116,q88_t1185
81116,q88_t1186
81117,q88_t1187
81117,q88_t1188
81118,q88_t1188
81118,q88_t1192
81119,q88_t1192
81119,q88_t1193
81119,q89_t1192
81119,q89_t1193
81120,q88_t1193
81120,q88_t1194
81121,q88_t1194
81121,q88_t1195
81122,q88_t1195
81122,q88_t1196
81122,q90_t1195
81122,q90_t1196
81123,q88_t1196
81123,q88_t1197
81124,q88_t1197
81124,q88_t1198
81125,q88_t1198
81125,q88_t1199
81125,q91_t1198
81125,q91_t1199
81126,q88_t1199
81126,q88_t1200
81127,q88_t1200
81127,q88_t1201
81128,q88_t1201
81128,q88_t1202
81128,q92_t1201
81128,q92_t1202
81129,q88_t1202
81129,q88_t1203
81130,q88_t1203
81130,q88_t1204
81131,q88_t1204
81131,q88_t1205
81131,q93_t1204
81131,q93_t1205
81132,q88_t1205
81132,q88_t1206
81133,q88_t1206
81133,q88_t1207
81134,q88_t1207
81134,q88_t1208
81134,q94_t1207
81134,q94_t1208
81135,q88_t1208
81135,q88_t1209
81136,q88_t1209
81136,q88_t1210
81137,q88_t1210
81137,q88_t1211
81137,q95_t1210
81137,q95_t1211
81138,q88_t1211
81138,q88_t1212
81139,q88_t1212
81139,q88_t1213
81140,q88_t1213
81140,q88_t1214
81140,q96_t1213
81140,q96_t1214
81141,q88_t1214
81141,q88_t1215
81142,q88_t1215
81142,q88_t1216
81143,q88_t1216
81143,q88_t1217
81143,q97_t1216
81143,q97_t1217
81144,q88_t1217
81144,q88_t1218
81145,q88_t1218
81145,q88_t1219
81146,q88_t1219
81146,q88_t1220
81146,q98_t1219
81146,q98_t1220
81147,q88_t1220
81147,q88_t1221
81148,q88_t1221
81148,q88_t1222
81149,q88_t1222
81149,q88_t1223
81149,q99_t1222
81149,q99_t1223
81150,q88_t1223
81150,q88_t1224
81151,q88_t1224
81151,q88_t1225
81152,q88_t1226
81152,q88_t1227
81153,q88_t1227
81153,q88_t1228
81154,q88_t1229
81154,q88_t1230
81155,q88_t1230
81155,q88_t1231
81156,q88_t1232
81156,q88_t1233
81157,q88_t1233
81157,q88_t1234
81158,q88_t1235
81158,q88_t1236
81159,q88_t1236
81159,q88_t1237
81160,q88_t1238
81160,q88_t1239
81161,q88_t1239
81161,q88_t1240
81162,q88_t1241
81162,q88_t1242
81163,q88_t1242
81163,q88_t1243
81164,q88_t1244
81164,q88_t1245
81165,q88_t1245
81165,q88_t1246
81166,q88_t1247
81166,q88_t1248
81167,q88_t1248
81167,q88_t1249
81168,q88_t1250
81168,q88_t1251
81169,q88_t1251
81169,q88_t1252
81170,q88_t1253
81170,q88_t1254
81171,q88_t1254
81171,q88_t1255
81172,q88_t264
81172,q88_t265
81173,q88_t265
81173,q88_t266
81174,q88_t267
81174,q88_t268
81175,q88_t268
81175,q88_t269
81176,q88_t270
81176,q88_t271
81177,q88_t271
81177,q88_t272
81178,q88_t273
81178,q88_t274
81179,q88_t274
81179,q88_t275
81180,q88_t276
81180,q88_t277
81181,q88_t277
81181,q88_t278
81182,q88_t279
81182,q88_t280
81183,q88_t280
81183,q88_t281
81184,q88_t282
81184,q88_t283
81185,q88_t283
81185,q88_t284
81186,q88_t285
81186,q88_t286
81187,q88_t286
81187,q88_t287
81188,q88_t287
81188,q88_t288
81188,q8_t287
81188,q8_t288
81189,q88_t288
81189,q88_t289
81190,q88_t289
81190,q88_t290
81191,q88_t290
81191,q88_t291
81191,q9_t290
81191,q9_t291
81192,q88_t291
81192,q88_t292
81193,q88_t292
81193,q88_t293
81194,q88_t294
81194,q88_t295
81195,q88_t295
81195,q88_t296
81196,q88_t297
81196,q88_t298
81197,q88_t298
81197,q88_t299
81198,q88_t300
81198,q88_t301
81199,q88_t301
81199,q88_t302
81200,q88_t303
81200,q88_t304
81201,q88_t304
81201,q88_t305
81202,q88_t306
81202,q88_t307
81203,q88_t307
81203,q88_t308
81204,q88_t309
81204,q88_t310
81205,q88_t310
81205,q88_t311
81206,q88_t312
81206,q88_t313
81207,q88_t313
81207,q88_t314
81208,q88_t315
81208,q88_t316
81209,q88_t316
81209,q88_t317
81210,q88_t318
81210,q88_t319
81211,q88_t319
81211,q88_t320
81212,q88_t321
81212,q88_t322
81213,q88_t322
81213,q88_t323
81214,q88_t324
81214,q88_t325
81215,q88_t325
81215,q88_t326
81216,q88_t327
81216,q88_t328
81217,q88_t328
81217,q88_t329
81218,q88_t330
81218,q88_t331
81219,q88_t331
81219,q88_t332
81220,q88_t333
81220,q88_t334
81221,q88_t334
81221,q88_t335
81222,q88_t336
81222,q88_t337
81223,q88_t337
81223,q88_t338
81224,q88_t339
81224,q88_t340
81225,q88_t340
81225,q88_t341
81226,q88_t342
81226,q88_t343
81227,q88_t343
81227,q88_t344
81228,q88_t345
81228,q88_t346
81229,q88_t346
81229,q88_t347
81230,q88_t348
81230,q88_t349
81231,q88_t349
81231,q88_t350
81232,q88_t351
81232,q88_t352
81233,q88_t352
81233,q88_t353
81234,q88_t354
81234,q88_t355
81235,q88_t355
81235,q88_t356
81236,q88_t357
81236,q88_t358
81237,q88_t358
81237,q88_t359
81238,q88_t360
81238,q88_t361
81239,q88_t361
81239,q88_t362
81240,q88_t363
81240,q88_t364
81241,q88_t364
81241,q88_t365
81242,q88_t366
81242,q88_t367
81243,q88_t367
81243,q88_t368
81244,q88_t369
81244,q88_t370
81245,q88_t370
81245,q88_t371
81246,q88_t372
81246,q88_t373
81247,q88_t373
81247,q88_t374
81248,q88_t375
81248,q88_t376
81249,q88_t376
81249,q88_t377
81250,q88_t378
81250,q88_t379
81251,q88_t379
81251,q88_t380
81252,q88_t381
81252,q88_t382
81253,q88_t382
81253,q88_t383
81254,q88_t384
81254,q88_t385
81255,q88_t385
81255,q88_t386
81256,q88_t387
81256,q88_t388
81257,q88_t388
81257,q88_t389
81258,q88_t390
81258,q88_t391
81259,q88_t391
81259,q88_t392
81260,q88_t393
81260,q88_t394
81261,q88_t394
81261,q88_t395
81262,q88_t396
81262,q88_t397
81263,q88_t397
81263,q88_t398
81264,q88_t399
81264,q88_t400
81265,q88_t400
81265,q88_t401
81266,q88_t402
81266,q88_t403
81267,q88_t403
81267,q88_t404
81268,q88_t405
81268,q88_t406
81269,q88_t406
81269,q88_t407
81270,q88_t408
81270,q88_t409
81271,q88_t409
81271,q88_t410
81272,q88_t411
81272,q88_t412
81273,q88_t412
81273,q88_t413
81274,q88_t414
81274,q88_t415
81275,q88_t415
81275,q88_t416
81276,q88_t417
81276,q88_t418
81277,q88_t418
81277,q88_t419
81278,q88_t420
81278,q88_t421
81279,q88_t421
81279,q88_t422
81280,q88_t423
81280,q88_t424
81281,q88_t424
81281,q88_t425
81282,q88_t426
81282,q88_t427
81283,q88_t427
81283,q88_t428
81284,q88_t429
81284,q88_t430
81285,q88_t430
81285,q88_t431
81286,q88_t432
81286,q88_t433
81287,q88_t433
81287,q88_t434
81288,q88_t435
81288,q88_t436
81289,q88_t436
81289,q88_t437
81290,q88_t438
81290,q88_t439
81291,q88_t439
81291,q88_t440
81292,q88_t441
81292,q88_t442
81293,q88_t442
81293,q88_t443
81294,q88_t444
81294,q88_t445
81295,q88_t445
81295,q88_t446
81296,q88_t447
81296,q88_t448
81297,q88_t448
81297,q88_t449
81298,q88_t450
81298,q88_t451
81299,q88_t451
81299,q88_t452
81300,q88_t453
81300,q88_t454
81301,q88_t454
81301,q88_t455
81302,q88_t456
81302,q88_t457
81303,q88_t457
81303,q88_t458
81304,q88_t459
81304,q88_t460
81305,q88_t460
81305,q88_t461
81306,q88_t462
81306,q88_t463
81307,q88_t463
81307,q88_t464
81308,q88_t465
81308,q88_t466
81309,q88_t466
81309,q88_t467
81310,q88_t468
81310,q88_t469
81311,q88_t469
81311,q88_t470
81312,q88_t471
81312,q88_t472
81313,q88_t472
81313,q88_t473
81314,q88_t474
81314,q88_t475
81315,q88_t475
81315,q88_t476
81316,q88_t477
81316,q88_t478
81317,q88_t478
81317,q88_t479
81318,q88_t480
81318,q88_t481
81319,q88_t481
81319,q88_t482
81320,q88_t483
81320,q88_t484
81321,q88_t484
81321,q88_t485
81322,q88_t486
81322,q88_t487
81323,q88_t487
81323,q88_t488
81324,q88_t489
81324,q88_t490
81325,q88_t490
81325,q88_t491
81326,q88_t492
81326,q88_t493
81327,q88_t493
81327,q88_t494
81328,q88_t495
81328,q88_t496
81329,q88_t496
81329,q88_t497
81330,q88_t498
81330,q88_t499
81331,q88_t499
81331,q88_t500
81332,q88_t501
81332,q88_t502
81333,q88_t502
81333,q88_t503
81334,q88_t504
81334,q88_t505
81335,q88_t505
81335,q88_t506
81336,q88_t507
81336,q88_t508
81337,q88_t508
81337,q88_t509
81338,q88_t510
81338,q88_t511
81339,q88_t511
81339,q88_t512
81340,q88_t513
81340,q88_t514
81341,q88_t514
81341,q88_t515
81342,q88_t516
81342,q88_t517
81343,q88_t517
81343,q88_t518
81344,q88_t519
81344,q88_t520
81345,q88_t520
81345,q88_t521
81346,q88_t522
81346,q88_t523
81347,q88_t523
81347,q88_t524
81348,q88_t525
81348,q88_t526
81349,q88_t526
81349,q88_t530
81350,q88_t530
81350,q88_t531
81350,q89_t530
81350,q89_t531
81351,q88_t531
81351,q88_t532
81352,q88_t532
81352,q88_t533
81353,q88_t533
81353,q88_t534
81353,q90_t533
81353,q90_t534
81354,q88_t534
81354,q88_t535
81355,q88_t535
81355,q88_t536
81356,q88_t536
81356,q88_t537
81356,q91_t536
81356,q91_t537
81357,q88_t537
81357,q88_t538
81358,q88_t538
81358,q88_t539
81359,q88_t539
81359,q88_t540
81359,q92_t539
81359,q92_t540
81360,q88_t540
81360,q88_t541
81361,q88_t541
81361,q88_t542
81362,q88_t542
81362,q88_t543
81362,q93_t542
81362,q93_t543
81363,q88_t543
81363,q88_t544
81364,q88_t544
81364,q88_t545
81365,q88_t545
81365,q88_t546
81365,q94_t545
81365,q94_t546
81366,q88_t546
81366,q88_t547
81367,q88_t547
81367,q88_t548
81368,q88_t548
81368,q88_t549
81368,q95_t548
81368,q95_t549
81369,q88_t549
81369,q88_t550
81370,q88_t550
81370,q88_t551
81371,q88_t551
81371,q88_t552
81371,q96_t551
81371,q96_t552
81372,q88_t552
81372,q88_t553
81373,q88_t553
81373,q88_t554
81374,q88_t554
81374,q88_t555
81374,q97_t554
81374,q97_t555
81375,q88_t555
81375,q88_t556
81376,q88_t556
81376,q88_t557
81377,q88_t557
81377,q88_t558
81377,q98_t557
81377,q98_t558
81378,q88_t558
81378,q88_t559
81379,q88_t559
81379,q88_t560
81380,q88_t560
81380,q88_t561
81380,q99_t560
81380,q99_t561
81381,q88_t561
81381,q88_t562
81382,q88_t562
81382,q88_t563
81383,q88_t564
81383,q88_t565
81384,q88_t565
81384,q88_t566
81385,q88_t567
81385,q88_t568
81386,q88_t568
81386,q88_t569
81387,q88_t570
81387,q88_t571
81388,q88_t571
81388,q88_t572
81389,q88_t573
81389,q88_t574
81390,q88_t574
81390,q88_t575
81391,q88_t576
81391,q88_t577
81392,q88_t577
81392,q88_t578
81393,q88_t579
81393,q88_t580
81394,q88_t580
81394,q88_t581
81395,q88_t582
81395,q88_t583
81396,q88_t583
81396,q88_t584
81397,q88_t585
81397,q88_t586
81398,q88_t586
81398,q88_t587
81399,q88_t588
81399,q88_t589
81400,q88_t589
81400,q88_t590
81401,q88_t591
81401,q88_t592
81402,q88_t592
81402,q88_t593
81403,q88_t593
81403,q88_t594
81404,q88_t595
81404,q88_t596
81405,q88_t596
81405,q88_t597
81406,q88_t598
81406,q88_t599
81407,q88_t599
81407,q88_t600
81408,q88_t601
81408,q88_t602
81409,q88_t602
81409,q88_t603
81410,q88_t604
81410,q88_t605
81411,q88_t605
81411,q88_t606
81412,q88_t607
81412,q88_t608
81413,q88_t608
81413,q88_t609
81414,q88_t610
81414,q88_t611
81415,q88_t611
81415,q88_t612
81416,q88_t613
81416,q88_t614
81417,q88_t614
81417,q88_t615
81418,q88_t616
81418,q88_t617
81419,q88_t617
81419,q88_t618
81420,q88_t618
81420,q88_t619
81420,q8_t618
81420,q8_t619
81421,q88_t619
81421,q88_t620
81422,q88_t620
81422,q88_t621
81423,q88_t621
81423,q88_t622
81423,q9_t621
81423,q9_t622
81424,q88_t622
81424,q88_t623
81425,q88_t623
81425,q88_t624
81426,q88_t625
81426,q88_t626
81427,q88_t626
81427,q88_t627
81428,q88_t628
81428,q88_t629
81429,q88_t629
81429,q88_t630
81430,q88_t631
81430,q88_t632
81431,q88_t632
81431,q88_t633
81432,q88_t634
81432,q88_t635
81433,q88_t635
81433,q88_t636
81434,q88_t637
81434,q88_t638
81435,q88_t638
81435,q88_t639
81436,q88_t640
81436,q88_t641
81437,q88_t641
81437,q88_t642
81438,q88_t643
81438,q88_t644
81439,q88_t644
81439,q88_t645
81440,q88_t646
81440,q88_t647
81441,q88_t647
81441,q88_t648
81442,q88_t649
81442,q88_t650
81443,q88_t650
81443,q88_t651
81444,q88_t652
81444,q88_t653
81445,q88_t653
81445,q88_t654
81446,q88_t655
81446,q88_t656
81447,q88_t656
81447,q88_t657
81448,q88_t658
81448,q88_t659
81449,q88_t659
81449,q88_t660
81450,q88_t661
81450,q88_t662
81451,q88_t662
81451,q88_t663
81452,q88_t664
81452,q88_t665
81453,q88_t665
81453,q88_t666
81454,q88_t667
81454,q88_t668
81455,q88_t668
81455,q88_t669
81456,q88_t670
81456,q88_t671
81457,q88_t671
81457,q88_t672
81458,q88_t673
81458,q88_t674
81459,q88_t674
81459,q88_t675
81460,q88_t676
81460,q88_t677
81461,q88_t677
81461,q88_t678
81462,q88_t679
81462,q88_t680
81463,q88_t680
81463,q88_t681
81464,q88_t682
81464,q88_t683
81465,q88_t683
81465,q88_t684
81466,q88_t685
81466,q88_t686
81467,q88_t686
81467,q88_t687
81468,q88_t688
81468,q88_t689
81469,q88_t689
81469,q88_t690
81470,q88_t691
81470,q88_t692
81471,q88_t692
81471,q88_t693
81472,q88_t694
81472,q88_t695
81473,q88_t695
81473,q88_t696
81474,q88_t697
81474,q88_t698
81475,q88_t698
81475,q88_t699
81476,q88_t700
81476,q88_t701
81477,q88_t701
81477,q88_t702
81478,q88_t703
81478,q88_t704
81479,q88_t704
81479,q88_t705
81480,q88_t706
81480,q88_t707
81481,q88_t707
81481,q88_t708
81482,q88_t709
81482,q88_t710
81483,q88_t710
81483,q88_t711
81484,q88_t712
81484,q88_t713
81485,q88_t713
81485,q88_t714
81486,q88_t715
81486,q88_t716
81487,q88_t716
81487,q88_t717
81488,q88_t718
81488,q88_t719
81489,q88_t719
81489,q88_t720
81490,q88_t721
81490,q88_t722
81491,q88_t722
81491,q88_t723
81492,q88_t724
81492,q88_t725
81493,q88_t725
81493,q88_t726
81494,q88_t727
81494,q88_t728
81495,q88_t728
81495,q88_t729
81496,q88_t730
81496,q88_t731
81497,q88_t731
81497,q88_t732
81498,q88_t733
81498,q88_t734
81499,q88_t734
81499,q88_t735
81500,q88_t736
81500,q88_t737
81501,q88_t737
81501,q88_t738
81502,q88_t739
81502,q88_t740
81503,q88_t740
81503,q88_t741
81504,q88_t742
81504,q88_t743
81505,q88_t743
81505,q88_t744
81506,q88_t745
81506,q88_t746
81507,q88_t746
81507,q88_t747
81508,q88_t748
81508,q88_t749
81509,q88_t749
81509,q88_t750
81510,q88_t751
81510,q88_t752
81511,q88_t752
81511,q88_t753
81512,q88_t754
81512,q88_t755
81513,q88_t755
81513,q88_t756
81514,q88_t757
81514,q88_t758
81515,q88_t758
81515,q88_t759
81516,q88_t760
81516,q88_t761
81517,q88_t761
81517,q88_t762
81518,q88_t763
81518,q88_t764
81519,q88_t764
81519,q88_t765
81520,q88_t766
81520,q88_t767
81521,q88_t767
81521,q88_t768
81522,q88_t769
81522,q88_t770
81523,q88_t770
81523,q88_t771
81524,q88_t772
81524,q88_t773
81525,q88_t773
81525,q88_t774
81526,q88_t775
81526,q88_t776
81527,q88_t776
81527,q88_t777
81528,q88_t778
81528,q88_t779
81529,q88_t779
81529,q88_t780
81530,q88_t781
81530,q88_t782
81531,q88_t782
81531,q88_t783
81532,q88_t784
81532,q88_t785
81533,q88_t785
81533,q88_t786
81534,q88_t787
81534,q88_t788
81535,q88_t788
81535,q88_t789
81536,q88_t790
81536,q88_t791
81537,q88_t791
81537,q88_t792
81538,q88_t793
81538,q88_t794
81539,q88_t794
81539,q88_t795
81540,q88_t796
81540,q88_t797
81541,q88_t797
81541,q88_t798
81542,q88_t799
81542,q88_t800
81543,q88_t800
81543,q88_t801
81544,q88_t802
81544,q88_t803
81545,q88_t803
81545,q88_t804
81546,q88_t805
81546,q88_t806
81547,q88_t806
81547,q88_t807
81548,q88_t808
81548,q88_t809
81549,q88_t809
81549,q88_t810
81550,q88_t811
81550,q88_t812
81551,q88_t812
81551,q88_t813
81552,q88_t814
81552,q88_t815
81553,q88_t815
81553,q88_t816
81554,q88_t817
81554,q88_t818
81555,q88_t818
81555,q88_t819
81556,q88_t820
81556,q88_t821
81557,q88_t821
81557,q88_t822
81558,q88_t823
81558,q88_t824
81559,q88_t824
81559,q88_t825
81560,q88_t826
81560,q88_t827
81561,q88_t827
81561,q88_t828
81562,q88_t829
81562,q88_t830
81563,q88_t830
81563,q88_t831
81564,q88_t832
81564,q88_t833
81565,q88_t833
81565,q88_t834
81566,q88_t835
81566,q88_t836
81567,q88_t836
81567,q88_t837
81568,q88_t838
81568,q88_t839
81569,q88_t839
81569,q88_t840
81570,q88_t841
81570,q88_t842
81571,q88_t842
81571,q88_t843
81572,q88_t844
81572,q88_t845
81573,q88_t845
81573,q88_t846
81574,q88_t847
81574,q88_t848
81575,q88_t848
81575,q88_t849
81576,q88_t850
81576,q88_t851
81577,q88_t851
81577,q88_t852
81578,q88_t853
81578,q88_t854
81579,q88_t854
81579,q88_t855
81580,q88_t856
81580,q88_t857
81581,q88_t857
81581,q88_t861
81582,q88_t861
81582,q88_t862
81582,q89_t861
81582,q89_t862
81583,q88_t862
81583,q88_t863
81584,q88_t863
81584,q88_t864
81585,q88_t864
81585,q88_t865
81585,q90_t864
81585,q90_t865
81586,q88_t865
81586,q88_t866
81587,q88_t866
81587,q88_t867
81588,q88_t867
81588,q88_t868
81588,q91_t867
81588,q91_t868
81589,q88_t868
81589,q88_t869
81590,q88_t869
81590,q88_t870
81591,q88_t870
81591,q88_t871
81591,q92_t870
81591,q92_t871
81592,q88_t871
81592,q88_t872
81593,q88_t872
81593,q88_t873
81594,q88_t873
81594,q88_t874
81594,q93_t873
81594,q93_t874
81595,q88_t874
81595,q88_t875
81596,q88_t875
81596,q88_t876
81597,q88_t876
81597,q88_t877
81597,q94_t876
81597,q94_t877
81598,q88_t877
81598,q88_t878
81599,q88_t878
81599,q88_t879
81600,q88_t879
81600,q88_t880
81600,q95_t879
81600,q95_t880
81601,q88_t880
81601,q88_t881
81602,q88_t881
81602,q88_t882
81603,q88_t882
81603,q88_t883
81603,q96_t882
81603,q96_t883
81604,q88_t883
81604,q88_t884
81605,q88_t884
81605,q88_t885
81606,q88_t885
81606,q88_t886
81606,q97_t885
81606,q97_t886
81607,q88_t886
81607,q88_t887
81608,q88_t887
81608,q88_t888
81609,q88_t888
81609,q88_t889
81609,q98_t888
81609,q98_t889
81610,q88_t889
81610,q88_t890
81611,q88_t890
81611,q88_t891
81612,q88_t891
81612,q88_t892
81612,q99_t891
81612,q99_t892
81613,q88_t892
81613,q88_t893
81614,q88_t893
81614,q88_t894
81615,q88_t895
81615,q88_t896
81616,q88_t896
81616,q88_t897
81617,q88_t898
81617,q88_t899
81618,q88_t899
81618,q88_t900
81619,q88_t901
81619,q88_t902
81620,q88_t902
81620,q88_t903
81621,q88_t904
81621,q88_t905
81622,q88_t905
81622,q88_t906
81623,q88_t907
81623,q88_t908
81624,q88_t908
81624,q88_t909
81625,q88_t910
81625,q88_t911
81626,q88_t911
81626,q88_t912
81627,q88_t913
81627,q88_t914
81628,q88_t914
81628,q88_t915
81629,q88_t916
81629,q88_t917
81630,q88_t917
81630,q88_t918
81631,q88_t919
81631,q88_t920
81632,q88_t920
81632,q88_t921
81633,q88_t922
81633,q88_t923
81634,q88_t923
81634,q88_t924
81635,q88_t924
81635,q88_t925
81636,q88_t926
81636,q88_t927
81637,q88_t927
81637,q88_t928
81638,q88_t929
81638,q88_t930
81639,q88_t930
81639,q88_t931
81640,q88_t932
81640,q88_t933
81641,q88_t933
81641,q88_t934
81642,q88_t935
81642,q88_t936
81643,q88_t936
81643,q88_t937
81644,q88_t938
81644,q88_t939
81645,q88_t939
81645,q88_t940
81646,q88_t941
81646,q88_t942
81647,q88_t942
81647,q88_t943
81648,q88_t944
81648,q88_t945
81649,q88_t945
81649,q88_t946
81650,q88_t947
81650,q88_t948
81651,q88_t948
81651,q88_t949
81652,q88_t949
81652,q88_t950
81652,q8_t949
81652,q8_t950
81653,q88_t950
81653,q88_t951
81654,q88_t951
81654,q88_t952
81655,q88_t952
81655,q88_t953
81655,q9_t952
81655,q9_t953
81656,q88_t953
81656,q88_t954
81657,q88_t954
81657,q88_t955
81658,q88_t956
81658,q88_t957
81659,q88_t957
81659,q88_t958
81660,q88_t959
81660,q88_t960
81661,q88_t960
81661,q88_t961
81662,q88_t962
81662,q88_t963
81663,q88_t963
81663,q88_t964
81664,q88_t965
81664,q88_t966
81665,q88_t966
81665,q88_t967
81666,q88_t968
81666,q88_t969
81667,q88_t969
81667,q88_t970
81668,q88_t971
81668,q88_t972
81669,q88_t972
81669,q88_t973
81670,q88_t974
81670,q88_t975
81671,q88_t975
81671,q88_t976
81672,q88_t977
81672,q88_t978
81673,q88_t978
81673,q88_t979
81674,q88_t980
81674,q88_t981
81675,q88_t981
81675,q88_t982
81676,q88_t983
81676,q88_t984
81677,q88_t984
81677,q88_t985
81678,q88_t986
81678,q88_t987
81679,q88_t987
81679,q88_t988
81680,q88_t989
81680,q88_t990
81681,q88_t990
81681,q88_t991
81682,q88_t992
81682,q88_t993
81683,q88_t993
81683,q88_t994
81684,q88_t995
81684,q88_t996
81685,q88_t996
81685,q88_t997
81686,q88_t998
81686,q88_t999
81687,q89_t0
81687,q89_t1
81688,q89_t1
81688,q89_t266
81689,q89_t1000
81689,q89_t999
81690,q89_t1001
81690,q89_t1002
81691,q89_t1002
81691,q89_t1003
81692,q89_t1004
81692,q89_t1005
81693,q89_t1005
81693,q89_t1006
81694,q89_t1007
81694,q89_t1008
81695,q89_t1008
81695,q89_t1009
81696,q89_t1010
81696,q89_t1011
81697,q89_t1011
81697,q89_t1012
81698,q89_t1013
81698,q89_t1014
81699,q89_t1014
81699,q89_t1015
81700,q89_t1016
81700,q89_t1017
81701,q89_t1017
81701,q89_t1018
81702,q89_t1019
81702,q89_t1020
81703,q89_t1020
81703,q89_t1021
81704,q89_t1022
81704,q89_t1023
81705,q89_t1023
81705,q89_t1024
81706,q89_t1025
81706,q89_t1026
81707,q89_t1026
81707,q89_t1027
81708,q89_t1028
81708,q89_t1029
81709,q89_t1029
81709,q89_t1030
81710,q89_t1031
81710,q89_t1032
81711,q89_t1032
81711,q89_t1033
81712,q89_t1034
81712,q89_t1035
81713,q89_t1035
81713,q89_t1036
81714,q89_t1037
81714,q89_t1038
81715,q89_t1038
81715,q89_t1039
81716,q89_t1040
81716,q89_t1041
81717,q89_t1041
81717,q89_t1042
81718,q89_t1043
81718,q89_t1044
81719,q89_t1044
81719,q89_t1045
81720,q89_t1046
81720,q89_t1047
81721,q89_t1047
81721,q89_t1048
81722,q89_t1049
81722,q89_t1050
81723,q89_t1050
81723,q89_t1051
81724,q89_t1052
81724,q89_t1053
81725,q89_t1053
81725,q89_t1054
81726,q89_t1055
81726,q89_t1056
81727,q89_t1056
81727,q89_t1057
81728,q89_t1058
81728,q89_t1059
81729,q89_t1059
81729,q89_t1060
81730,q89_t1061
81730,q89_t1062
81731,q89_t1062
81731,q89_t1063
81732,q89_t1064
81732,q89_t1065
81733,q89_t1065
81733,q89_t1066
81734,q89_t1067
81734,q89_t1068
81735,q89_t1068
81735,q89_t1069
81736,q89_t1070
81736,q89_t1071
81737,q89_t1071
81737,q89_t1072
81738,q89_t1073
81738,q89_t1074
81739,q89_t1074
81739,q89_t1075
81740,q89_t1076
81740,q89_t1077
81741,q89_t1077
81741,q89_t1078
81742,q89_t1079
81742,q89_t1080
81743,q89_t1080
81743,q89_t1081
81744,q89_t1082
81744,q89_t1083
81745,q89_t1083
81745,q89_t1084
81746,q89_t1085
81746,q89_t1086
81747,q89_t1086
81747,q89_t1087
81748,q89_t1088
81748,q89_t1089
81749,q89_t1089
81749,q89_t1090
81750,q89_t1091
81750,q89_t1092
81751,q89_t1092
81751,q89_t1093
81752,q89_t1094
81752,q89_t1095
81753,q89_t1095
81753,q89_t1096
81754,q89_t1097
81754,q89_t1098
81755,q89_t1098
81755,q89_t1099
81756,q89_t1100
81756,q89_t1101
81757,q89_t1101
81757,q89_t1102
81758,q89_t1103
81758,q89_t1104
81759,q89_t1104
81759,q89_t1105
81760,q89_t1106
81760,q89_t1107
81761,q89_t1107
81761,q89_t1108
81762,q89_t1109
81762,q89_t1110
81763,q89_t1110
81763,q89_t1111
81764,q89_t1112
81764,q89_t1113
81765,q89_t1113
81765,q89_t1114
81766,q89_t1115
81766,q89_t1116
81767,q89_t1116
81767,q89_t1117
81768,q89_t1118
81768,q89_t1119
81769,q89_t1119
81769,q89_t1120
81770,q89_t1121
81770,q89_t1122
81771,q89_t1122
81771,q89_t1123
81772,q89_t1124
81772,q89_t1125
81773,q89_t1125
81773,q89_t1126
81774,q89_t1127
81774,q89_t1128
81775,q89_t1128
81775,q89_t1129
81776,q89_t1130
81776,q89_t1131
81777,q89_t1131
81777,q89_t1132
81778,q89_t1133
81778,q89_t1134
81779,q89_t1134
81779,q89_t1135
81780,q89_t1136
81780,q89_t1137
81781,q89_t1137
81781,q89_t1138
81782,q89_t1139
81782,q89_t1140
81783,q89_t1140
81783,q89_t1141
81784,q89_t1142
81784,q89_t1143
81785,q89_t1143
81785,q89_t1144
81786,q89_t1145
81786,q89_t1146
81787,q89_t1146
81787,q89_t1147
81788,q89_t1148
81788,q89_t1149
81789,q89_t1149
81789,q89_t1150
81790,q89_t1151
81790,q89_t1152
81791,q89_t1152
81791,q89_t1153
81792,q89_t1154
81792,q89_t1155
81793,q89_t1155
81793,q89_t1156
81794,q89_t1157
81794,q89_t1158
81795,q89_t1158
81795,q89_t1159
81796,q89_t1160
81796,q89_t1161
81797,q89_t1161
81797,q89_t1162
81798,q89_t1163
81798,q89_t1164
81799,q89_t1164
81799,q89_t1165
81800,q89_t1166
81800,q89_t1167
81801,q89_t1167
81801,q89_t1168
81802,q89_t1169
81802,q89_t1170
81803,q89_t1170
81803,q89_t1171
81804,q89_t1172
81804,q89_t1173
81805,q89_t1173
81805,q89_t1174
81806,q89_t1175
81806,q89_t1176
81807,q89_t1176
81807,q89_t1177
81808,q89_t1178
81808,q89_t1179
81809,q89_t1179
81809,q89_t1180
81810,q89_t1181
81810,q89_t1182
81811,q89_t1182
81811,q89_t1183
81812,q89_t1184
81812,q89_t1185
81813,q89_t1185
81813,q89_t1186
81814,q89_t1187
81814,q89_t1188
81815,q89_t1188
81815,q89_t1189
81816,q89_t1190
81816,q89_t1191
81817,q89_t1191
81817,q89_t1192
81818,q89_t1193
81818,q89_t1194
81819,q89_t1194
81819,q89_t1198
81820,q89_t1198
81820,q89_t1199
81820,q90_t1198
81820,q90_t1199
81821,q89_t1199
81821,q89_t1200
81822,q89_t1200
81822,q89_t1201
81823,q89_t1201
81823,q89_t1202
81823,q91_t1201
81823,q91_t1202
81824,q89_t1202
81824,q89_t1203
81825,q89_t1203
81825,q89_t1204
81826,q89_t1204
81826,q89_t1205
81826,q92_t1204
81826,q92_t1205
81827,q89_t1205
81827,q89_t1206
81828,q89_t1206
81828,q89_t1207
81829,q89_t1207
81829,q89_t1208
81829,q93_t1207
81829,q93_t1208
81830,q89_t1208
81830,q89_t1209
81831,q89_t1209
81831,q89_t1210
81832,q89_t1210
81832,q89_t1211
81832,q94_t1210
81832,q94_t1211
81833,q89_t1211
81833,q89_t1212
81834,q89_t1212
81834,q89_t1213
81835,q89_t1213
81835,q89_t1214
81835,q95_t1213
81835,q95_t1214
81836,q89_t1214
81836,q89_t1215
81837,q89_t1215
81837,q89_t1216
81838,q89_t1216
81838,q89_t1217
81838,q96_t1216
81838,q96_t1217
81839,q89_t1217
81839,q89_t1218
81840,q89_t1218
81840,q89_t1219
81841,q89_t1219
81841,q89_t1220
81841,q97_t1219
81841,q97_t1220
81842,q89_t1220
81842,q89_t1221
81843,q89_t1221
81843,q89_t1222
81844,q89_t1222
81844,q89_t1223
81844,q98_t1222
81844,q98_t1223
81845,q89_t1223
81845,q89_t1224
81846,q89_t1224
81846,q89_t1225
81847,q89_t1225
81847,q89_t1226
81847,q99_t1225
81847,q99_t1226
81848,q89_t1226
81848,q89_t1227
81849,q89_t1227
81849,q89_t1228
81850,q89_t1229
81850,q89_t1230
81851,q89_t1230
81851,q89_t1231
81852,q89_t1232
81852,q89_t1233
81853,q89_t1233
81853,q89_t1234
81854,q89_t1235
81854,q89_t1236
81855,q89_t1236
81855,q89_t1237
81856,q89_t1238
81856,q89_t1239
81857,q89_t1239
81857,q89_t1240
81858,q89_t1241
81858,q89_t1242
81859,q89_t1242
81859,q89_t1243
81860,q89_t1244
81860,q89_t1245
81861,q89_t1245
81861,q89_t1246
81862,q89_t1247
81862,q89_t1248
81863,q89_t1248
81863,q89_t1249
81864,q89_t1250
81864,q89_t1251
81865,q89_t1251
81865,q89_t1252
81866,q89_t1253
81866,q89_t1254
81867,q89_t1254
81867,q89_t1255
81868,q89_t1256
81868,q89_t1257
81869,q89_t1257
81869,q89_t1258
81870,q89_t267
81870,q89_t268
81871,q89_t268
81871,q89_t269
81872,q89_t270
81872,q89_t271
81873,q89_t271
81873,q89_t272
81874,q89_t273
81874,q89_t274
81875,q89_t274
81875,q89_t275
81876,q89_t276
81876,q89_t277
81877,q89_t277
81877,q89_t278
81878,q89_t279
81878,q89_t280
81879,q89_t280
81879,q89_t281
81880,q89_t282
81880,q89_t283
81881,q89_t283
81881,q89_t284
81882,q89_t285
81882,q89_t286
81883,q89_t286
81883,q89_t287
81884,q89_t288
81884,q89_t289
81885,q89_t289
81885,q89_t290
81886,q89_t290
81886,q89_t291
81886,q8_t290
81886,q8_t291
81887,q89_t291
81887,q89_t292
81888,q89_t292
81888,q89_t293
81889,q89_t293
81889,q89_t294
81889,q9_t293
81889,q9_t294
81890,q89_t294
81890,q89_t295
81891,q89_t295
81891,q89_t296
81892,q89_t297
81892,q89_t298
81893,q89_t298
81893,q89_t299
81894,q89_t300
81894,q89_t301
81895,q89_t301
81895,q89_t302
81896,q89_t303
81896,q89_t304
81897,q89_t304
81897,q89_t305
81898,q89_t306
81898,q89_t307
81899,q89_t307
81899,q89_t308
81900,q89_t309
81900,q89_t310
81901,q89_t310
81901,q89_t311
81902,q89_t312
81902,q89_t313
81903,q89_t313
81903,q89_t314
81904,q89_t315
81904,q89_t316
81905,q89_t316
81905,q89_t317
81906,q89_t318
81906,q89_t319
81907,q89_t319
81907,q89_t320
81908,q89_t321
81908,q89_t322
81909,q89_t322
81909,q89_t323
81910,q89_t324
81910,q89_t325
81911,q89_t325
81911,q89_t326
81912,q89_t327
81912,q89_t328
81913,q89_t328
81913,q89_t329
81914,q89_t330
81914,q89_t331
81915,q89_t331
81915,q89_t332
81916,q89_t333
81916,q89_t334
81917,q89_t334
81917,q89_t335
81918,q89_t336
81918,q89_t337
81919,q89_t337
81919,q89_t338
81920,q89_t339
81920,q89_t340
81921,q89_t340
81921,q89_t341
81922,q89_t342
81922,q89_t343
81923,q89_t343
81923,q89_t344
81924,q89_t345
81924,q89_t346
81925,q89_t346
81925,q89_t347
81926,q89_t348
81926,q89_t349
81927,q89_t349
81927,q89_t350
81928,q89_t351
81928,q89_t352
81929,q89_t352
81929,q89_t353
81930,q89_t354
81930,q89_t355
81931,q89_t355
81931,q89_t356
81932,q89_t357
81932,q89_t358
81933,q89_t358
81933,q89_t359
81934,q89_t360
81934,q89_t361
81935,q89_t361
81935,q89_t362
81936,q89_t363
81936,q89_t364
81937,q89_t364
81937,q89_t365
81938,q89_t366
81938,q89_t367
81939,q89_t367
81939,q89_t368
81940,q89_t369
81940,q89_t370
81941,q89_t370
81941,q89_t371
81942,q89_t372
81942,q89_t373
81943,q89_t373
81943,q89_t374
81944,q89_t375
81944,q89_t376
81945,q89_t376
81945,q89_t377
81946,q89_t378
81946,q89_t379
81947,q89_t379
81947,q89_t380
81948,q89_t381
81948,q89_t382
81949,q89_t382
81949,q89_t383
81950,q89_t384
81950,q89_t385
81951,q89_t385
81951,q89_t386
81952,q89_t387
81952,q89_t388
81953,q89_t388
81953,q89_t389
81954,q89_t390
81954,q89_t391
81955,q89_t391
81955,q89_t392
81956,q89_t393
81956,q89_t394
81957,q89_t394
81957,q89_t395
81958,q89_t396
81958,q89_t397
81959,q89_t397
81959,q89_t398
81960,q89_t399
81960,q89_t400
81961,q89_t400
81961,q89_t401
81962,q89_t402
81962,q89_t403
81963,q89_t403
81963,q89_t404
81964,q89_t405
81964,q89_t406
81965,q89_t406
81965,q89_t407
81966,q89_t408
81966,q89_t409
81967,q89_t409
81967,q89_t410
81968,q89_t411
81968,q89_t412
81969,q89_t412
81969,q89_t413
81970,q89_t414
81970,q89_t415
81971,q89_t415
81971,q89_t416
81972,q89_t417
81972,q89_t418
81973,q89_t418
81973,q89_t419
81974,q89_t420
81974,q89_t421
81975,q89_t421
81975,q89_t422
81976,q89_t423
81976,q89_t424
81977,q89_t424
81977,q89_t425
81978,q89_t426
81978,q89_t427
81979,q89_t427
81979,q89_t428
81980,q89_t429
81980,q89_t430
81981,q89_t430
81981,q89_t431
81982,q89_t432
81982,q89_t433
81983,q89_t433
81983,q89_t434
81984,q89_t435
81984,q89_t436
81985,q89_t436
81985,q89_t437
81986,q89_t438
81986,q89_t439
81987,q89_t439
81987,q89_t440
81988,q89_t441
81988,q89_t442
81989,q89_t442
81989,q89_t443
81990,q89_t444
81990,q89_t445
81991,q89_t445
81991,q89_t446
81992,q89_t447
81992,q89_t448
81993,q89_t448
81993,q89_t449
81994,q89_t450
81994,q89_t451
81995,q89_t451
81995,q89_t452
81996,q89_t453
81996,q89_t454
81997,q89_t454
81997,q89_t455
81998,q89_t456
81998,q89_t457
81999,q89_t457
81999,q89_t458
82000,q89_t459
82000,q89_t460
82001,q89_t460
82001,q89_t461
82002,q89_t462
82002,q89_t463
82003,q89_t463
82003,q89_t464
82004,q89_t465
82004,q89_t466
82005,q89_t466
82005,q89_t467
82006,q89_t468
82006,q89_t469
82007,q89_t469
82007,q89_t470
82008,q89_t471
82008,q89_t472
82009,q89_t472
82009,q89_t473
82010,q89_t474
82010,q89_t475
82011,q89_t475
82011,q89_t476
82012,q89_t477
82012,q89_t478
82013,q89_t478
82013,q89_t479
82014,q89_t480
82014,q89_t481
82015,q89_t481
82015,q89_t482
82016,q89_t483
82016,q89_t484
82017,q89_t484
82017,q89_t485
82018,q89_t486
82018,q89_t487
82019,q89_t487
82019,q89_t488
82020,q89_t489
82020,q89_t490
82021,q89_t490
82021,q89_t491
82022,q89_t492
82022,q89_t493
82023,q89_t493
82023,q89_t494
82024,q89_t495
82024,q89_t496
82025,q89_t496
82025,q89_t497
82026,q89_t498
82026,q89_t499
82027,q89_t499
82027,q89_t500
82028,q89_t501
82028,q89_t502
82029,q89_t502
82029,q89_t503
82030,q89_t504
82030,q89_t505
82031,q89_t505
82031,q89_t506
82032,q89_t507
82032,q89_t508
82033,q89_t508
82033,q89_t509
82034,q89_t510
82034,q89_t511
82035,q89_t511
82035,q89_t512
82036,q89_t513
82036,q89_t514
82037,q89_t514
82037,q89_t515
82038,q89_t516
82038,q89_t517
82039,q89_t517
82039,q89_t518
82040,q89_t519
82040,q89_t520
82041,q89_t520
82041,q89_t521
82042,q89_t522
82042,q89_t523
82043,q89_t523
82043,q89_t524
82044,q89_t525
82044,q89_t526
82045,q89_t526
82045,q89_t527
82046,q89_t528
82046,q89_t529
82047,q89_t529
82047,q89_t530
82048,q89_t531
82048,q89_t532
82049,q89_t532
82049,q89_t536
82050,q89_t536
82050,q89_t537
82050,q90_t536
82050,q90_t537
82051,q89_t537
82051,q89_t538
82052,q89_t538
82052,q89_t539
82053,q89_t539
82053,q89_t540
82053,q91_t539
82053,q91_t540
82054,q89_t540
82054,q89_t541
82055,q89_t541
82055,q89_t542
82056,q89_t542
82056,q89_t543
82056,q92_t542
82056,q92_t543
82057,q89_t543
82057,q89_t544
82058,q89_t544
82058,q89_t545
82059,q89_t545
82059,q89_t546
82059,q93_t545
82059,q93_t546
82060,q89_t546
82060,q89_t547
82061,q89_t547
82061,q89_t548
82062,q89_t548
82062,q89_t549
82062,q94_t548
82062,q94_t549
82063,q89_t549
82063,q89_t550
82064,q89_t550
82064,q89_t551
82065,q89_t551
82065,q89_t552
82065,q95_t551
82065,q95_t552
82066,q89_t552
82066,q89_t553
82067,q89_t553
82067,q89_t554
82068,q89_t554
82068,q89_t555
82068,q96_t554
82068,q96_t555
82069,q89_t555
82069,q89_t556
82070,q89_t556
82070,q89_t557
82071,q89_t557
82071,q89_t558
82071,q97_t557
82071,q97_t558
82072,q89_t558
82072,q89_t559
82073,q89_t559
82073,q89_t560
82074,q89_t560
82074,q89_t561
82074,q98_t560
82074,q98_t561
82075,q89_t561
82075,q89_t562
82076,q89_t562
82076,q89_t563
82077,q89_t563
82077,q89_t564
82077,q99_t563
82077,q99_t564
82078,q89_t564
82078,q89_t565
82079,q89_t565
82079,q89_t566
82080,q89_t567
82080,q89_t568
82081,q89_t568
82081,q89_t569
82082,q89_t570
82082,q89_t571
82083,q89_t571
82083,q89_t572
82084,q89_t573
82084,q89_t574
82085,q89_t574
82085,q89_t575
82086,q89_t576
82086,q89_t577
82087,q89_t577
82087,q89_t578
82088,q89_t579
82088,q89_t580
82089,q89_t580
82089,q89_t581
82090,q89_t582
82090,q89_t583
82091,q89_t583
82091,q89_t584
82092,q89_t585
82092,q89_t586
82093,q89_t586
82093,q89_t587
82094,q89_t588
82094,q89_t589
82095,q89_t589
82095,q89_t590
82096,q89_t591
82096,q89_t592
82097,q89_t592
82097,q89_t593
82098,q89_t594
82098,q89_t595
82099,q89_t595
82099,q89_t596
82100,q89_t596
82100,q89_t597
82101,q89_t598
82101,q89_t599
82102,q89_t599
82102,q89_t600
82103,q89_t601
82103,q89_t602
82104,q89_t602
82104,q89_t603
82105,q89_t604
82105,q89_t605
82106,q89_t605
82106,q89_t606
82107,q89_t607
82107,q89_t608
82108,q89_t608
82108,q89_t609
82109,q89_t610
82109,q89_t611
82110,q89_t611
82110,q89_t612
82111,q89_t613
82111,q89_t614
82112,q89_t614
82112,q89_t615
82113,q89_t616
82113,q89_t617
82114,q89_t617
82114,q89_t618
82115,q89_t619
82115,q89_t620
82116,q89_t620
82116,q89_t621
82117,q89_t621
82117,q89_t622
82117,q8_t621
82117,q8_t622
82118,q89_t622
82118,q89_t623
82119,q89_t623
82119,q89_t624
82120,q89_t624
82120,q89_t625
82120,q9_t624
82120,q9_t625
82121,q89_t625
82121,q89_t626
82122,q89_t626
82122,q89_t627
82123,q89_t628
82123,q89_t629
82124,q89_t629
82124,q89_t630
82125,q89_t631
82125,q89_t632
82126,q89_t632
82126,q89_t633
82127,q89_t634
82127,q89_t635
82128,q89_t635
82128,q89_t636
82129,q89_t637
82129,q89_t638
82130,q89_t638
82130,q89_t639
82131,q89_t640
82131,q89_t641
82132,q89_t641
82132,q89_t642
82133,q89_t643
82133,q89_t644
82134,q89_t644
82134,q89_t645
82135,q89_t646
82135,q89_t647
82136,q89_t647
82136,q89_t648
82137,q89_t649
82137,q89_t650
82138,q89_t650
82138,q89_t651
82139,q89_t652
82139,q89_t653
82140,q89_t653
82140,q89_t654
82141,q89_t655
82141,q89_t656
82142,q89_t656
82142,q89_t657
82143,q89_t658
82143,q89_t659
82144,q89_t659
82144,q89_t660
82145,q89_t661
82145,q89_t662
82146,q89_t662
82146,q89_t663
82147,q89_t664
82147,q89_t665
82148,q89_t665
82148,q89_t666
82149,q89_t667
82149,q89_t668
82150,q89_t668
82150,q89_t669
82151,q89_t670
82151,q89_t671
82152,q89_t671
82152,q89_t672
82153,q89_t673
82153,q89_t674
82154,q89_t674
82154,q89_t675
82155,q89_t676
82155,q89_t677
82156,q89_t677
82156,q89_t678
82157,q89_t679
82157,q89_t680
82158,q89_t680
82158,q89_t681
82159,q89_t682
82159,q89_t683
82160,q89_t683
82160,q89_t684
82161,q89_t685
82161,q89_t686
82162,q89_t686
82162,q89_t687
82163,q89_t688
82163,q89_t689
82164,q89_t689
82164,q89_t690
82165,q89_t691
82165,q89_t692
82166,q89_t692
82166,q89_t693
82167,q89_t694
82167,q89_t695
82168,q89_t695
82168,q89_t696
82169,q89_t697
82169,q89_t698
82170,q89_t698
82170,q89_t699
82171,q89_t700
82171,q89_t701
82172,q89_t701
82172,q89_t702
82173,q89_t703
82173,q89_t704
82174,q89_t704
82174,q89_t705
82175,q89_t706
82175,q89_t707
82176,q89_t707
82176,q89_t708
82177,q89_t709
82177,q89_t710
82178,q89_t710
82178,q89_t711
82179,q89_t712
82179,q89_t713
82180,q89_t713
82180,q89_t714
82181,q89_t715
82181,q89_t716
82182,q89_t716
82182,q89_t717
82183,q89_t718
82183,q89_t719
82184,q89_t719
82184,q89_t720
82185,q89_t721
82185,q89_t722
82186,q89_t722
82186,q89_t723
82187,q89_t724
82187,q89_t725
82188,q89_t725
82188,q89_t726
82189,q89_t727
82189,q89_t728
82190,q89_t728
82190,q89_t729
82191,q89_t730
82191,q89_t731
82192,q89_t731
82192,q89_t732
82193,q89_t733
82193,q89_t734
82194,q89_t734
82194,q89_t735
82195,q89_t736
82195,q89_t737
82196,q89_t737
82196,q89_t738
82197,q89_t739
82197,q89_t740
82198,q89_t740
82198,q89_t741
82199,q89_t742
82199,q89_t743
82200,q89_t743
82200,q89_t744
82201,q89_t745
82201,q89_t746
82202,q89_t746
82202,q89_t747
82203,q89_t748
82203,q89_t749
82204,q89_t749
82204,q89_t750
82205,q89_t751
82205,q89_t752
82206,q89_t752
82206,q89_t753
82207,q89_t754
82207,q89_t755
82208,q89_t755
82208,q89_t756
82209,q89_t757
82209,q89_t758
82210,q89_t758
82210,q89_t759
82211,q89_t760
82211,q89_t761
82212,q89_t761
82212,q89_t762
82213,q89_t763
82213,q89_t764
82214,q89_t764
82214,q89_t765
82215,q89_t766
82215,q89_t767
82216,q89_t767
82216,q89_t768
82217,q89_t769
82217,q89_t770
82218,q89_t770
82218,q89_t771
82219,q89_t772
82219,q89_t773
82220,q89_t773
82220,q89_t774
82221,q89_t775
82221,q89_t776
82222,q89_t776
82222,q89_t777
82223,q89_t778
82223,q89_t779
82224,q89_t779
82224,q89_t780
82225,q89_t781
82225,q89_t782
82226,q89_t782
82226,q89_t783
82227,q89_t784
82227,q89_t785
82228,q89_t785
82228,q89_t786
82229,q89_t787
82229,q89_t788
82230,q89_t788
82230,q89_t789
82231,q89_t790
82231,q89_t791
82232,q89_t791
82232,q89_t792
82233,q89_t793
82233,q89_t794
82234,q89_t794
82234,q89_t795
82235,q89_t796
82235,q89_t797
82236,q89_t797
82236,q89_t798
82237,q89_t799
82237,q89_t800
82238,q89_t800
82238,q89_t801
82239,q89_t802
82239,q89_t803
82240,q89_t803
82240,q89_t804
82241,q89_t805
82241,q89_t806
82242,q89_t806
82242,q89_t807
82243,q89_t808
82243,q89_t809
82244,q89_t809
82244,q89_t810
82245,q89_t811
82245,q89_t812
82246,q89_t812
82246,q89_t813
82247,q89_t814
82247,q89_t815
82248,q89_t815
82248,q89_t816
82249,q89_t817
82249,q89_t818
82250,q89_t818
82250,q89_t819
82251,q89_t820
82251,q89_t821
82252,q89_t821
82252,q89_t822
82253,q89_t823
82253,q89_t824
82254,q89_t824
82254,q89_t825
82255,q89_t826
82255,q89_t827
82256,q89_t827
82256,q89_t828
82257,q89_t829
82257,q89_t830
82258,q89_t830
82258,q89_t831
82259,q89_t832
82259,q89_t833
82260,q89_t833
82260,q89_t834
82261,q89_t835
82261,q89_t836
82262,q89_t836
82262,q89_t837
82263,q89_t838
82263,q89_t839
82264,q89_t839
82264,q89_t840
82265,q89_t841
82265,q89_t842
82266,q89_t842
82266,q89_t843
82267,q89_t844
82267,q89_t845
82268,q89_t845
82268,q89_t846
82269,q89_t847
82269,q89_t848
82270,q89_t848
82270,q89_t849
82271,q89_t850
82271,q89_t851
82272,q89_t851
82272,q89_t852
82273,q89_t853
82273,q89_t854
82274,q89_t854
82274,q89_t855
82275,q89_t856
82275,q89_t857
82276,q89_t857
82276,q89_t858
82277,q89_t859
82277,q89_t860
82278,q89_t860
82278,q89_t861
82279,q89_t862
82279,q89_t863
82280,q89_t863
82280,q89_t867
82281,q89_t867
82281,q89_t868
82281,q90_t867
82281,q90_t868
82282,q89_t868
82282,q89_t869
82283,q89_t869
82283,q89_t870
82284,q89_t870
82284,q89_t871
82284,q91_t870
82284,q91_t871
82285,q89_t871
82285,q89_t872
82286,q89_t872
82286,q89_t873
82287,q89_t873
82287,q89_t874
82287,q92_t873
82287,q92_t874
82288,q89_t874
82288,q89_t875
82289,q89_t875
82289,q89_t876
82290,q89_t876
82290,q89_t877
82290,q93_t876
82290,q93_t877
82291,q89_t877
82291,q89_t878
82292,q89_t878
82292,q89_t879
82293,q89_t879
82293,q89_t880
82293,q94_t879
82293,q94_t880
82294,q89_t880
82294,q89_t881
82295,q89_t881
82295,q89_t882
82296,q89_t882
82296,q89_t883
82296,q95_t882
82296,q95_t883
82297,q89_t883
82297,q89_t884
82298,q89_t884
82298,q89_t885
82299,q89_t885
82299,q89_t886
82299,q96_t885
82299,q96_t886
82300,q89_t886
82300,q89_t887
82301,q89_t887
82301,q89_t888
82302,q89_t888
82302,q89_t889
82302,q97_t888
82302,q97_t889
82303,q89_t889
82303,q89_t890
82304,q89_t890
82304,q89_t891
82305,q89_t891
82305,q89_t892
82305,q98_t891
82305,q98_t892
82306,q89_t892
82306,q89_t893
82307,q89_t893
82307,q89_t894
82308,q89_t894
82308,q89_t895
82308,q99_t894
82308,q99_t895
82309,q89_t895
82309,q89_t896
82310,q89_t896
82310,q89_t897
82311,q89_t898
82311,q89_t899
82312,q89_t899
82312,q89_t900
82313,q89_t901
82313,q89_t902
82314,q89_t902
82314,q89_t903
82315,q89_t904
82315,q89_t905
82316,q89_t905
82316,q89_t906
82317,q89_t907
82317,q89_t908
82318,q89_t908
82318,q89_t909
82319,q89_t910
82319,q89_t911
82320,q89_t911
82320,q89_t912
82321,q89_t913
82321,q89_t914
82322,q89_t914
82322,q89_t915
82323,q89_t916
82323,q89_t917
82324,q89_t917
82324,q89_t918
82325,q89_t919
82325,q89_t920
82326,q89_t920
82326,q89_t921
82327,q89_t922
82327,q89_t923
82328,q89_t923
82328,q89_t924
82329,q89_t925
82329,q89_t926
82330,q89_t926
82330,q89_t927
82331,q89_t927
82331,q89_t928
82332,q89_t929
82332,q89_t930
82333,q89_t930
82333,q89_t931
82334,q89_t932
82334,q89_t933
82335,q89_t933
82335,q89_t934
82336,q89_t935
82336,q89_t936
82337,q89_t936
82337,q89_t937
82338,q89_t938
82338,q89_t939
82339,q89_t939
82339,q89_t940
82340,q89_t941
82340,q89_t942
82341,q89_t942
82341,q89_t943
82342,q89_t944
82342,q89_t945
82343,q89_t945
82343,q89_t946
82344,q89_t947
82344,q89_t948
82345,q89_t948
82345,q89_t949
82346,q89_t950
82346,q89_t951
82347,q89_t951
82347,q89_t952
82348,q89_t952
82348,q89_t953
82348,q8_t952
82348,q8_t953
82349,q89_t953
82349,q89_t954
82350,q89_t954
82350,q89_t955
82351,q89_t955
82351,q89_t956
82351,q9_t955
82351,q9_t956
82352,q89_t956
82352,q89_t957
82353,q89_t957
82353,q89_t958
82354,q89_t959
82354,q89_t960
82355,q89_t960
82355,q89_t961
82356,q89_t962
82356,q89_t963
82357,q89_t963
82357,q89_t964
82358,q89_t965
82358,q89_t966
82359,q89_t966
82359,q89_t967
82360,q89_t968
82360,q89_t969
82361,q89_t969
82361,q89_t970
82362,q89_t971
82362,q89_t972
82363,q89_t972
82363,q89_t973
82364,q89_t974
82364,q89_t975
82365,q89_t975
82365,q89_t976
82366,q89_t977
82366,q89_t978
82367,q89_t978
82367,q89_t979
82368,q89_t980
82368,q89_t981
82369,q89_t981
82369,q89_t982
82370,q89_t983
82370,q89_t984
82371,q89_t984
82371,q89_t985
82372,q89_t986
82372,q89_t987
82373,q89_t987
82373,q89_t988
82374,q89_t989
82374,q89_t990
82375,q89_t990
82375,q89_t991
82376,q89_t992
82376,q89_t993
82377,q89_t993
82377,q89_t994
82378,q89_t995
82378,q89_t996
82379,q89_t996
82379,q89_t997
82380,q89_t998
82380,q89_t999
82381,q8_t0
82381,q8_t1
82382,q8_t1
82382,q8_t23
82383,q8_t100
82383,q8_t101
82384,q8_t100
82384,q8_t99
82385,q8_t1000
82385,q8_t999
82386,q8_t1001
82386,q8_t1002
82387,q8_t1002
82387,q8_t1003
82388,q8_t1004
82388,q8_t1005
82389,q8_t1005
82389,q8_t1006
82390,q8_t1007
82390,q8_t1008
82391,q8_t1008
82391,q8_t1009
82392,q8_t1010
82392,q8_t1011
82393,q8_t1011
82393,q8_t1012
82394,q8_t1013
82394,q8_t1014
82395,q8_t1014
82395,q8_t1015
82396,q8_t102
82396,q8_t103
82397,q8_t103
82397,q8_t104
82398,q8_t105
82398,q8_t106
82399,q8_t106
82399,q8_t107
82400,q8_t108
82400,q8_t109
82401,q8_t109
82401,q8_t110
82402,q8_t111
82402,q8_t112
82403,q8_t112
82403,q8_t113
82404,q8_t114
82404,q8_t115
82405,q8_t115
82405,q8_t116
82406,q8_t117
82406,q8_t118
82407,q8_t118
82407,q8_t119
82408,q8_t120
82408,q8_t121
82409,q8_t121
82409,q8_t122
82410,q8_t123
82410,q8_t124
82411,q8_t124
82411,q8_t125
82412,q8_t126
82412,q8_t127
82413,q8_t127
82413,q8_t128
82414,q8_t129
82414,q8_t130
82415,q8_t130
82415,q8_t131
82416,q8_t132
82416,q8_t133
82417,q8_t133
82417,q8_t134
82418,q8_t135
82418,q8_t136
82419,q8_t136
82419,q8_t137
82420,q8_t138
82420,q8_t139
82421,q8_t139
82421,q8_t140
82422,q8_t141
82422,q8_t142
82423,q8_t142
82423,q8_t143
82424,q8_t144
82424,q8_t145
82425,q8_t145
82425,q8_t146
82426,q8_t147
82426,q8_t148
82427,q8_t148
82427,q8_t149
82428,q8_t150
82428,q8_t151
82429,q8_t151
82429,q8_t152
82430,q8_t153
82430,q8_t154
82431,q8_t154
82431,q8_t155
82432,q8_t156
82432,q8_t157
82433,q8_t157
82433,q8_t158
82434,q8_t159
82434,q8_t160
82435,q8_t160
82435,q8_t161
82436,q8_t162
82436,q8_t163
82437,q8_t163
82437,q8_t164
82438,q8_t165
82438,q8_t166
82439,q8_t166
82439,q8_t167
82440,q8_t168
82440,q8_t169
82441,q8_t169
82441,q8_t170
82442,q8_t171
82442,q8_t172
82443,q8_t172
82443,q8_t173
82444,q8_t174
82444,q8_t175
82445,q8_t175
82445,q8_t176
82446,q8_t177
82446,q8_t178
82447,q8_t178
82447,q8_t179
82448,q8_t180
82448,q8_t181
82449,q8_t181
82449,q8_t182
82450,q8_t183
82450,q8_t184
82451,q8_t184
82451,q8_t185
82452,q8_t186
82452,q8_t187
82453,q8_t187
82453,q8_t188
82454,q8_t189
82454,q8_t190
82455,q8_t190
82455,q8_t191
82456,q8_t192
82456,q8_t193
82457,q8_t193
82457,q8_t194
82458,q8_t195
82458,q8_t196
82459,q8_t196
82459,q8_t197
82460,q8_t198
82460,q8_t199
82461,q8_t199
82461,q8_t200
82462,q8_t201
82462,q8_t202
82463,q8_t202
82463,q8_t203
82464,q8_t204
82464,q8_t205
82465,q8_t205
82465,q8_t206
82466,q8_t207
82466,q8_t208
82467,q8_t208
82467,q8_t209
82468,q8_t210
82468,q8_t211
82469,q8_t211
82469,q8_t212
82470,q8_t213
82470,q8_t214
82471,q8_t214
82471,q8_t215
82472,q8_t216
82472,q8_t217
82473,q8_t217
82473,q8_t218
82474,q8_t219
82474,q8_t220
82475,q8_t220
82475,q8_t221
82476,q8_t222
82476,q8_t223
82477,q8_t223
82477,q8_t224
82478,q8_t225
82478,q8_t226
82479,q8_t226
82479,q8_t227
82480,q8_t228
82480,q8_t229
82481,q8_t229
82481,q8_t230
82482,q8_t231
82482,q8_t232
82483,q8_t232
82483,q8_t233
82484,q8_t234
82484,q8_t235
82485,q8_t235
82485,q8_t236
82486,q8_t237
82486,q8_t238
82487,q8_t238
82487,q8_t239
82488,q8_t24
82488,q8_t25
82489,q8_t240
82489,q8_t241
82490,q8_t241
82490,q8_t242
82491,q8_t243
82491,q8_t244
82492,q8_t244
82492,q8_t245
82493,q8_t246
82493,q8_t247
82494,q8_t247
82494,q8_t248
82495,q8_t249
82495,q8_t250
82496,q8_t25
82496,q8_t26
82497,q8_t250
82497,q8_t251
82498,q8_t252
82498,q8_t253
82499,q8_t253
82499,q8_t254
82500,q8_t255
82500,q8_t256
82501,q8_t256
82501,q8_t257
82502,q8_t258
82502,q8_t259
82503,q8_t259
82503,q8_t260
82504,q8_t261
82504,q8_t262
82505,q8_t262
82505,q8_t263
82506,q8_t264
82506,q8_t265
82507,q8_t265
82507,q8_t266
82508,q8_t267
82508,q8_t268
82509,q8_t268
82509,q8_t269
82510,q8_t27
82510,q8_t28
82511,q8_t270
82511,q8_t271
82512,q8_t271
82512,q8_t272
82513,q8_t273
82513,q8_t274
82514,q8_t274
82514,q8_t275
82515,q8_t276
82515,q8_t277
82516,q8_t277
82516,q8_t278
82517,q8_t279
82517,q8_t280
82518,q8_t28
82518,q8_t29
82519,q8_t280
82519,q8_t281
82520,q8_t282
82520,q8_t283
82521,q8_t283
82521,q8_t284
82522,q8_t285
82522,q8_t286
82523,q8_t286
82523,q8_t287
82524,q8_t288
82524,q8_t289
82525,q8_t289
82525,q8_t290
82526,q8_t291
82526,q8_t292
82527,q8_t292
82527,q8_t293
82528,q8_t293
82528,q8_t294
82528,q90_t293
82528,q90_t294
82529,q8_t294
82529,q8_t295
82530,q8_t295
82530,q8_t296
82531,q8_t296
82531,q8_t297
82531,q91_t296
82531,q91_t297
82532,q8_t297
82532,q8_t298
82533,q8_t298
82533,q8_t299
82534,q8_t299
82534,q8_t300
82534,q92_t299
82534,q92_t300
82535,q8_t30
82535,q8_t31
82536,q8_t300
82536,q8_t301
82537,q8_t301
82537,q8_t302
82538,q8_t302
82538,q8_t303
82538,q93_t302
82538,q93_t303
82539,q8_t303
82539,q8_t304
82540,q8_t304
82540,q8_t305
82541,q8_t305
82541,q8_t306
82541,q94_t305
82541,q94_t306
82542,q8_t306
82542,q8_t307
82543,q8_t307
82543,q8_t308
82544,q8_t308
82544,q8_t309
82544,q95_t308
82544,q95_t309
82545,q8_t309
82545,q8_t310
82546,q8_t31
82546,q8_t32
82547,q8_t310
82547,q8_t311
82548,q8_t311
82548,q8_t312
82548,q96_t311
82548,q96_t312
82549,q8_t312
82549,q8_t313
82550,q8_t313
82550,q8_t314
82551,q8_t314
82551,q8_t315
82551,q97_t314
82551,q97_t315
82552,q8_t315
82552,q8_t316
82553,q8_t316
82553,q8_t317
82554,q8_t317
82554,q8_t318
82554,q98_t317
82554,q98_t318
82555,q8_t318
82555,q8_t319
82556,q8_t319
82556,q8_t320
82557,q8_t320
82557,q8_t321
82557,q99_t320
82557,q99_t321
82558,q8_t321
82558,q8_t322
82559,q8_t322
82559,q8_t323
82560,q8_t324
82560,q8_t325
82561,q8_t325
82561,q8_t326
82562,q8_t327
82562,q8_t328
82563,q8_t328
82563,q8_t329
82564,q8_t33
82564,q8_t34
82565,q8_t330
82565,q8_t331
82566,q8_t331
82566,q8_t332
82567,q8_t333
82567,q8_t334
82568,q8_t334
82568,q8_t335
82569,q8_t336
82569,q8_t337
82570,q8_t337
82570,q8_t338
82571,q8_t339
82571,q8_t340
82572,q8_t34
82572,q8_t35
82573,q8_t340
82573,q8_t341
82574,q8_t342
82574,q8_t343
82575,q8_t343
82575,q8_t344
82576,q8_t345
82576,q8_t346
82577,q8_t346
82577,q8_t347
82578,q8_t348
82578,q8_t349
82579,q8_t349
82579,q8_t350
82580,q8_t351
82580,q8_t352
82581,q8_t352
82581,q8_t353
82582,q8_t353
82582,q8_t354
82583,q8_t355
82583,q8_t356
82584,q8_t356
82584,q8_t357
82585,q8_t358
82585,q8_t359
82586,q8_t359
82586,q8_t360
82587,q8_t36
82587,q8_t37
82588,q8_t361
82588,q8_t362
82589,q8_t362
82589,q8_t363
82590,q8_t364
82590,q8_t365
82591,q8_t365
82591,q8_t366
82592,q8_t367
82592,q8_t368
82593,q8_t368
82593,q8_t369
82594,q8_t37
82594,q8_t38
82595,q8_t370
82595,q8_t371
82596,q8_t371
82596,q8_t372
82597,q8_t373
82597,q8_t374
82598,q8_t374
82598,q8_t375
82599,q8_t376
82599,q8_t377
82600,q8_t377
82600,q8_t381
82601,q8_t381
82601,q8_t382
82601,q9_t381
82601,q9_t382
82602,q8_t382
82602,q8_t383
82603,q8_t383
82603,q8_t384
82604,q8_t385
82604,q8_t386
82605,q8_t386
82605,q8_t387
82606,q8_t388
82606,q8_t389
82607,q8_t389
82607,q8_t390
82608,q8_t39
82608,q8_t40
82609,q8_t391
82609,q8_t392
82610,q8_t392
82610,q8_t393
82611,q8_t394
82611,q8_t395
82612,q8_t395
82612,q8_t396
82613,q8_t397
82613,q8_t398
82614,q8_t398
82614,q8_t399
82615,q8_t40
82615,q8_t41
82616,q8_t400
82616,q8_t401
82617,q8_t401
82617,q8_t402
82618,q8_t403
82618,q8_t404
82619,q8_t404
82619,q8_t405
82620,q8_t406
82620,q8_t407
82621,q8_t407
82621,q8_t408
82622,q8_t409
82622,q8_t410
82623,q8_t410
82623,q8_t411
82624,q8_t412
82624,q8_t413
82625,q8_t413
82625,q8_t414
82626,q8_t415
82626,q8_t416
82627,q8_t416
82627,q8_t417
82628,q8_t418
82628,q8_t419
82629,q8_t419
82629,q8_t420
82630,q8_t42
82630,q8_t43
82631,q8_t421
82631,q8_t422
82632,q8_t422
82632,q8_t423
82633,q8_t424
82633,q8_t425
82634,q8_t425
82634,q8_t426
82635,q8_t427
82635,q8_t428
82636,q8_t428
82636,q8_t429
82637,q8_t43
82637,q8_t44
82638,q8_t430
82638,q8_t431
82639,q8_t431
82639,q8_t432
82640,q8_t433
82640,q8_t434
82641,q8_t434
82641,q8_t435
82642,q8_t436
82642,q8_t437
82643,q8_t437
82643,q8_t438
82644,q8_t439
82644,q8_t440
82645,q8_t440
82645,q8_t441
82646,q8_t442
82646,q8_t443
82647,q8_t443
82647,q8_t444
82648,q8_t445
82648,q8_t446
82649,q8_t446
82649,q8_t447
82650,q8_t448
82650,q8_t449
82651,q8_t449
82651,q8_t450
82652,q8_t45
82652,q8_t46
82653,q8_t451
82653,q8_t452
82654,q8_t452
82654,q8_t453
82655,q8_t454
82655,q8_t455
82656,q8_t455
82656,q8_t456
82657,q8_t457
82657,q8_t458
82658,q8_t458
82658,q8_t459
82659,q8_t46
82659,q8_t50
82660,q8_t460
82660,q8_t461
82661,q8_t461
82661,q8_t462
82662,q8_t463
82662,q8_t464
82663,q8_t464
82663,q8_t465
82664,q8_t466
82664,q8_t467
82665,q8_t467
82665,q8_t468
82666,q8_t469
82666,q8_t470
82667,q8_t470
82667,q8_t471
82668,q8_t472
82668,q8_t473
82669,q8_t473
82669,q8_t474
82670,q8_t475
82670,q8_t476
82671,q8_t476
82671,q8_t477
82672,q8_t478
82672,q8_t479
82673,q8_t479
82673,q8_t480
82674,q8_t481
82674,q8_t482
82675,q8_t482
82675,q8_t483
82676,q8_t484
82676,q8_t485
82677,q8_t485
82677,q8_t486
82678,q8_t487
82678,q8_t488
82679,q8_t488
82679,q8_t489
82680,q8_t490
82680,q8_t491
82681,q8_t491
82681,q8_t492
82682,q8_t493
82682,q8_t494
82683,q8_t494
82683,q8_t495
82684,q8_t496
82684,q8_t497
82685,q8_t497
82685,q8_t498
82686,q8_t499
82686,q8_t500
82687,q8_t50
82687,q8_t51
82687,q9_t50
82687,q9_t51
82688,q8_t500
82688,q8_t501
82689,q8_t502
82689,q8_t503
82690,q8_t503
82690,q8_t504
82691,q8_t505
82691,q8_t506
82692,q8_t506
82692,q8_t507
82693,q8_t508
82693,q8_t509
82694,q8_t509
82694,q8_t510
82695,q8_t51
82695,q8_t52
82696,q8_t511
82696,q8_t512
82697,q8_t512
82697,q8_t513
82698,q8_t514
82698,q8_t515
82699,q8_t515
82699,q8_t516
82700,q8_t517
82700,q8_t518
82701,q8_t518
82701,q8_t519
82702,q8_t52
82702,q8_t53
82703,q8_t520
82703,q8_t521
82704,q8_t521
82704,q8_t522
82705,q8_t523
82705,q8_t524
82706,q8_t524
82706,q8_t525
82707,q8_t526
82707,q8_t527
82708,q8_t527
82708,q8_t528
82709,q8_t529
82709,q8_t530
82710,q8_t530
82710,q8_t531
82711,q8_t532
82711,q8_t533
82712,q8_t533
82712,q8_t534
82713,q8_t535
82713,q8_t536
82714,q8_t536
82714,q8_t537
82715,q8_t538
82715,q8_t539
82716,q8_t539
82716,q8_t540
82717,q8_t54
82717,q8_t55
82718,q8_t541
82718,q8_t542
82719,q8_t542
82719,q8_t543
82720,q8_t544
82720,q8_t545
82721,q8_t545
82721,q8_t546
82722,q8_t547
82722,q8_t548
82723,q8_t548
82723,q8_t549
82724,q8_t55
82724,q8_t56
82725,q8_t550
82725,q8_t551
82726,q8_t551
82726,q8_t552
82727,q8_t553
82727,q8_t554
82728,q8_t554
82728,q8_t555
82729,q8_t556
82729,q8_t557
82730,q8_t557
82730,q8_t558
82731,q8_t559
82731,q8_t560
82732,q8_t560
82732,q8_t561
82733,q8_t562
82733,q8_t563
82734,q8_t563
82734,q8_t564
82735,q8_t565
82735,q8_t566
82736,q8_t566
82736,q8_t567
82737,q8_t568
82737,q8_t569
82738,q8_t569
82738,q8_t570
82739,q8_t57
82739,q8_t58
82740,q8_t571
82740,q8_t572
82741,q8_t572
82741,q8_t573
82742,q8_t574
82742,q8_t575
82743,q8_t575
82743,q8_t576
82744,q8_t577
82744,q8_t578
82745,q8_t578
82745,q8_t579
82746,q8_t58
82746,q8_t59
82747,q8_t580
82747,q8_t581
82748,q8_t581
82748,q8_t582
82749,q8_t583
82749,q8_t584
82750,q8_t584
82750,q8_t585
82751,q8_t586
82751,q8_t587
82752,q8_t587
82752,q8_t588
82753,q8_t589
82753,q8_t590
82754,q8_t590
82754,q8_t591
82755,q8_t592
82755,q8_t593
82756,q8_t593
82756,q8_t594
82757,q8_t595
82757,q8_t596
82758,q8_t596
82758,q8_t597
82759,q8_t598
82759,q8_t599
82760,q8_t599
82760,q8_t600
82761,q8_t60
82761,q8_t61
82762,q8_t601
82762,q8_t602
82763,q8_t602
82763,q8_t603
82764,q8_t604
82764,q8_t605
82765,q8_t605
82765,q8_t606
82766,q8_t607
82766,q8_t608
82767,q8_t608
82767,q8_t609
82768,q8_t61
82768,q8_t62
82769,q8_t610
82769,q8_t611
82770,q8_t611
82770,q8_t612
82771,q8_t613
82771,q8_t614
82772,q8_t614
82772,q8_t615
82773,q8_t616
82773,q8_t617
82774,q8_t617
82774,q8_t618
82775,q8_t619
82775,q8_t620
82776,q8_t620
82776,q8_t621
82777,q8_t622
82777,q8_t623
82778,q8_t623
82778,q8_t624
82779,q8_t624
82779,q8_t625
82779,q90_t624
82779,q90_t625
82780,q8_t625
82780,q8_t626
82781,q8_t626
82781,q8_t627
82782,q8_t627
82782,q8_t628
82782,q91_t627
82782,q91_t628
82783,q8_t628
82783,q8_t629
82784,q8_t629
82784,q8_t630
82785,q8_t63
82785,q8_t64
82786,q8_t630
82786,q8_t631
82786,q92_t630
82786,q92_t631
82787,q8_t631
82787,q8_t632
82788,q8_t632
82788,q8_t633
82789,q8_t633
82789,q8_t634
82789,q93_t633
82789,q93_t634
82790,q8_t634
82790,q8_t635
82791,q8_t635
82791,q8_t636
82792,q8_t636
82792,q8_t637
82792,q94_t636
82792,q94_t637
82793,q8_t637
82793,q8_t638
82794,q8_t638
82794,q8_t639
82795,q8_t639
82795,q8_t640
82795,q95_t639
82795,q95_t640
82796,q8_t64
82796,q8_t65
82797,q8_t640
82797,q8_t641
82798,q8_t641
82798,q8_t642
82799,q8_t642
82799,q8_t643
82799,q96_t642
82799,q96_t643
82800,q8_t643
82800,q8_t644
82801,q8_t644
82801,q8_t645
82802,q8_t645
82802,q8_t646
82802,q97_t645
82802,q97_t646
82803,q8_t646
82803,q8_t647
82804,q8_t647
82804,q8_t648
82805,q8_t648
82805,q8_t649
82805,q98_t648
82805,q98_t649
82806,q8_t649
82806,q8_t650
82807,q8_t650
82807,q8_t651
82808,q8_t651
82808,q8_t652
82808,q99_t651
82808,q99_t652
82809,q8_t652
82809,q8_t653
82810,q8_t653
82810,q8_t654
82811,q8_t655
82811,q8_t656
82812,q8_t656
82812,q8_t657
82813,q8_t658
82813,q8_t659
82814,q8_t659
82814,q8_t660
82815,q8_t66
82815,q8_t67
82816,q8_t661
82816,q8_t662
82817,q8_t662
82817,q8_t663
82818,q8_t664
82818,q8_t665
82819,q8_t665
82819,q8_t666
82820,q8_t667
82820,q8_t668
82821,q8_t668
82821,q8_t669
82822,q8_t67
82822,q8_t68
82823,q8_t670
82823,q8_t671
82824,q8_t671
82824,q8_t672
82825,q8_t673
82825,q8_t674
82826,q8_t674
82826,q8_t675
82827,q8_t676
82827,q8_t677
82828,q8_t677
82828,q8_t678
82829,q8_t679
82829,q8_t680
82830,q8_t680
82830,q8_t681
82831,q8_t682
82831,q8_t683
82832,q8_t683
82832,q8_t684
82833,q8_t684
82833,q8_t685
82834,q8_t686
82834,q8_t687
82835,q8_t687
82835,q8_t688
82836,q8_t689
82836,q8_t690
82837,q8_t69
82837,q8_t70
82838,q8_t690
82838,q8_t691
82839,q8_t692
82839,q8_t693
82840,q8_t693
82840,q8_t694
82841,q8_t695
82841,q8_t696
82842,q8_t696
82842,q8_t697
82843,q8_t698
82843,q8_t699
82844,q8_t699
82844,q8_t700
82845,q8_t70
82845,q8_t71
82846,q8_t701
82846,q8_t702
82847,q8_t702
82847,q8_t703
82848,q8_t704
82848,q8_t705
82849,q8_t705
82849,q8_t706
82850,q8_t707
82850,q8_t708
82851,q8_t708
82851,q8_t712
82852,q8_t712
82852,q8_t713
82852,q9_t712
82852,q9_t713
82853,q8_t713
82853,q8_t714
82854,q8_t714
82854,q8_t715
82855,q8_t716
82855,q8_t717
82856,q8_t717
82856,q8_t718
82857,q8_t719
82857,q8_t720
82858,q8_t72
82858,q8_t73
82859,q8_t720
82859,q8_t721
82860,q8_t722
82860,q8_t723
82861,q8_t723
82861,q8_t724
82862,q8_t725
82862,q8_t726
82863,q8_t726
82863,q8_t727
82864,q8_t728
82864,q8_t729
82865,q8_t729
82865,q8_t730
82866,q8_t73
82866,q8_t74
82867,q8_t731
82867,q8_t732
82868,q8_t732
82868,q8_t733
82869,q8_t734
82869,q8_t735
82870,q8_t735
82870,q8_t736
82871,q8_t737
82871,q8_t738
82872,q8_t738
82872,q8_t739
82873,q8_t740
82873,q8_t741
82874,q8_t741
82874,q8_t742
82875,q8_t743
82875,q8_t744
82876,q8_t744
82876,q8_t745
82877,q8_t746
82877,q8_t747
82878,q8_t747
82878,q8_t748
82879,q8_t749
82879,q8_t750
82880,q8_t75
82880,q8_t76
82881,q8_t750
82881,q8_t751
82882,q8_t752
82882,q8_t753
82883,q8_t753
82883,q8_t754
82884,q8_t755
82884,q8_t756
82885,q8_t756
82885,q8_t757
82886,q8_t758
82886,q8_t759
82887,q8_t759
82887,q8_t760
82888,q8_t76
82888,q8_t77
82889,q8_t761
82889,q8_t762
82890,q8_t762
82890,q8_t763
82891,q8_t764
82891,q8_t765
82892,q8_t765
82892,q8_t766
82893,q8_t767
82893,q8_t768
82894,q8_t768
82894,q8_t769
82895,q8_t770
82895,q8_t771
82896,q8_t771
82896,q8_t772
82897,q8_t773
82897,q8_t774
82898,q8_t774
82898,q8_t775
82899,q8_t776
82899,q8_t777
82900,q8_t777
82900,q8_t778
82901,q8_t779
82901,q8_t780
82902,q8_t78
82902,q8_t79
82903,q8_t780
82903,q8_t781
82904,q8_t782
82904,q8_t783
82905,q8_t783
82905,q8_t784
82906,q8_t785
82906,q8_t786
82907,q8_t786
82907,q8_t787
82908,q8_t788
82908,q8_t789
82909,q8_t789
82909,q8_t790
82910,q8_t79
82910,q8_t80
82911,q8_t791
82911,q8_t792
82912,q8_t792
82912,q8_t793
82913,q8_t794
82913,q8_t795
82914,q8_t795
82914,q8_t796
82915,q8_t797
82915,q8_t798
82916,q8_t798
82916,q8_t799
82917,q8_t800
82917,q8_t801
82918,q8_t801
82918,q8_t802
82919,q8_t803
82919,q8_t804
82920,q8_t804
82920,q8_t805
82921,q8_t806
82921,q8_t807
82922,q8_t807
82922,q8_t808
82923,q8_t809
82923,q8_t810
82924,q8_t81
82924,q8_t82
82925,q8_t810
82925,q8_t811
82926,q8_t812
82926,q8_t813
82927,q8_t813
82927,q8_t814
82928,q8_t815
82928,q8_t816
82929,q8_t816
82929,q8_t817
82930,q8_t818
82930,q8_t819
82931,q8_t819
82931,q8_t820
82932,q8_t82
82932,q8_t83
82933,q8_t821
82933,q8_t822
82934,q8_t822
82934,q8_t823
82935,q8_t824
82935,q8_t825
82936,q8_t825
82936,q8_t826
82937,q8_t827
82937,q8_t828
82938,q8_t828
82938,q8_t829
82939,q8_t830
82939,q8_t831
82940,q8_t831
82940,q8_t832
82941,q8_t833
82941,q8_t834
82942,q8_t834
82942,q8_t835
82943,q8_t836
82943,q8_t837
82944,q8_t837
82944,q8_t838
82945,q8_t839
82945,q8_t840
82946,q8_t84
82946,q8_t85
82947,q8_t840
82947,q8_t841
82948,q8_t842
82948,q8_t843
82949,q8_t843
82949,q8_t844
82950,q8_t845
82950,q8_t846
82951,q8_t846
82951,q8_t847
82952,q8_t848
82952,q8_t849
82953,q8_t849
82953,q8_t850
82954,q8_t85
82954,q8_t86
82955,q8_t851
82955,q8_t852
82956,q8_t852
82956,q8_t853
82957,q8_t854
82957,q8_t855
82958,q8_t855
82958,q8_t856
82959,q8_t857
82959,q8_t858
82960,q8_t858
82960,q8_t859
82961,q8_t860
82961,q8_t861
82962,q8_t861
82962,q8_t862
82963,q8_t863
82963,q8_t864
82964,q8_t864
82964,q8_t865
82965,q8_t866
82965,q8_t867
82966,q8_t867
82966,q8_t868
82967,q8_t869
82967,q8_t870
82968,q8_t87
82968,q8_t88
82969,q8_t870
82969,q8_t871
82970,q8_t872
82970,q8_t873
82971,q8_t873
82971,q8_t874
82972,q8_t875
82972,q8_t876
82973,q8_t876
82973,q8_t877
82974,q8_t878
82974,q8_t879
82975,q8_t879
82975,q8_t880
82976,q8_t88
82976,q8_t89
82977,q8_t881
82977,q8_t882
82978,q8_t882
82978,q8_t883
82979,q8_t884
82979,q8_t885
82980,q8_t885
82980,q8_t886
82981,q8_t887
82981,q8_t888
82982,q8_t888
82982,q8_t889
82983,q8_t890
82983,q8_t891
82984,q8_t891
82984,q8_t892
82985,q8_t893
82985,q8_t894
82986,q8_t894
82986,q8_t895
82987,q8_t896
82987,q8_t897
82988,q8_t897
82988,q8_t898
82989,q8_t899
82989,q8_t900
82990,q8_t90
82990,q8_t91
82991,q8_t900
82991,q8_t901
82992,q8_t902
82992,q8_t903
82993,q8_t903
82993,q8_t904
82994,q8_t905
82994,q8_t906
82995,q8_t906
82995,q8_t907
82996,q8_t908
82996,q8_t909
82997,q8_t909
82997,q8_t910
82998,q8_t91
82998,q8_t92
82999,q8_t911
82999,q8_t912
83000,q8_t912
83000,q8_t913
83001,q8_t914
83001,q8_t915
83002,q8_t915
83002,q8_t916
83003,q8_t917
83003,q8_t918
83004,q8_t918
83004,q8_t919
83005,q8_t920
83005,q8_t921
83006,q8_t921
83006,q8_t922
83007,q8_t923
83007,q8_t924
83008,q8_t924
83008,q8_t925
83009,q8_t926
83009,q8_t927
83010,q8_t927
83010,q8_t928
83011,q8_t929
83011,q8_t930
83012,q8_t93
83012,q8_t94
83013,q8_t930
83013,q8_t931
83014,q8_t932
83014,q8_t933
83015,q8_t933
83015,q8_t934
83016,q8_t935
83016,q8_t936
83017,q8_t936
83017,q8_t937
83018,q8_t938
83018,q8_t939
83019,q8_t939
83019,q8_t940
83020,q8_t94
83020,q8_t95
83021,q8_t941
83021,q8_t942
83022,q8_t942
83022,q8_t943
83023,q8_t944
83023,q8_t945
83024,q8_t945
83024,q8_t946
83025,q8_t947
83025,q8_t948
83026,q8_t948
83026,q8_t949
83027,q8_t950
83027,q8_t951
83028,q8_t951
83028,q8_t952
83029,q8_t953
83029,q8_t954
83030,q8_t954
83030,q8_t955
83031,q8_t955
83031,q8_t956
83031,q90_t955
83031,q90_t956
83032,q8_t956
83032,q8_t957
83033,q8_t957
83033,q8_t958
83034,q8_t958
83034,q8_t959
83034,q91_t958
83034,q91_t959
83035,q8_t959
83035,q8_t960
83036,q8_t96
83036,q8_t97
83037,q8_t960
83037,q8_t961
83038,q8_t961
83038,q8_t962
83038,q92_t961
83038,q92_t962
83039,q8_t962
83039,q8_t963
83040,q8_t963
83040,q8_t964
83041,q8_t964
83041,q8_t965
83041,q93_t964
83041,q93_t965
83042,q8_t965
83042,q8_t966
83043,q8_t966
83043,q8_t967
83044,q8_t967
83044,q8_t968
83044,q94_t967
83044,q94_t968
83045,q8_t968
83045,q8_t969
83046,q8_t969
83046,q8_t970
83047,q8_t97
83047,q8_t98
83048,q8_t970
83048,q8_t971
83048,q95_t970
83048,q95_t971
83049,q8_t971
83049,q8_t972
83050,q8_t972
83050,q8_t973
83051,q8_t973
83051,q8_t974
83051,q96_t973
83051,q96_t974
83052,q8_t974
83052,q8_t975
83053,q8_t975
83053,q8_t976
83054,q8_t976
83054,q8_t977
83054,q97_t976
83054,q97_t977
83055,q8_t977
83055,q8_t978
83056,q8_t978
83056,q8_t979
83057,q8_t979
83057,q8_t980
83057,q98_t979
83057,q98_t980
83058,q8_t980
83058,q8_t981
83059,q8_t981
83059,q8_t982
83060,q8_t982
83060,q8_t983
83060,q99_t982
83060,q99_t983
83061,q8_t983
83061,q8_t984
83062,q8_t984
83062,q8_t985
83063,q8_t986
83063,q8_t987
83064,q8_t987
83064,q8_t988
83065,q8_t989
83065,q8_t990
83066,q8_t990
83066,q8_t991
83067,q8_t992
83067,q8_t993
83068,q8_t993
83068,q8_t994
83069,q8_t995
83069,q8_t996
83070,q8_t996
83070,q8_t997
83071,q8_t998
83071,q8_t999
83072,q90_t0
83072,q90_t1
83073,q90_t1
83073,q90_t269
83074,q90_t1000
83074,q90_t999
83075,q90_t1001
83075,q90_t1002
83076,q90_t1002
83076,q90_t1003
83077,q90_t1004
83077,q90_t1005
83078,q90_t1005
83078,q90_t1006
83079,q90_t1007
83079,q90_t1008
83080,q90_t1008
83080,q90_t1009
83081,q90_t1010
83081,q90_t1011
83082,q90_t1011
83082,q90_t1012
83083,q90_t1013
83083,q90_t1014
83084,q90_t1014
83084,q90_t1015
83085,q90_t1016
83085,q90_t1017
83086,q90_t1017
83086,q90_t1018
83087,q90_t1019
83087,q90_t1020
83088,q90_t1020
83088,q90_t1021
83089,q90_t1022
83089,q90_t1023
83090,q90_t1023
83090,q90_t1024
83091,q90_t1025
83091,q90_t1026
83092,q90_t1026
83092,q90_t1027
83093,q90_t1028
83093,q90_t1029
83094,q90_t1029
83094,q90_t1030
83095,q90_t1031
83095,q90_t1032
83096,q90_t1032
83096,q90_t1033
83097,q90_t1034
83097,q90_t1035
83098,q90_t1035
83098,q90_t1036
83099,q90_t1037
83099,q90_t1038
83100,q90_t1038
83100,q90_t1039
83101,q90_t1040
83101,q90_t1041
83102,q90_t1041
83102,q90_t1042
83103,q90_t1043
83103,q90_t1044
83104,q90_t1044
83104,q90_t1045
83105,q90_t1046
83105,q90_t1047
83106,q90_t1047
83106,q90_t1048
83107,q90_t1049
83107,q90_t1050
83108,q90_t1050
83108,q90_t1051
83109,q90_t1052
83109,q90_t1053
83110,q90_t1053
83110,q90_t1054
83111,q90_t1055
83111,q90_t1056
83112,q90_t1056
83112,q90_t1057
83113,q90_t1058
83113,q90_t1059
83114,q90_t1059
83114,q90_t1060
83115,q90_t1061
83115,q90_t1062
83116,q90_t1062
83116,q90_t1063
83117,q90_t1064
83117,q90_t1065
83118,q90_t1065
83118,q90_t1066
83119,q90_t1067
83119,q90_t1068
83120,q90_t1068
83120,q90_t1069
83121,q90_t1070
83121,q90_t1071
83122,q90_t1071
83122,q90_t1072
83123,q90_t1073
83123,q90_t1074
83124,q90_t1074
83124,q90_t1075
83125,q90_t1076
83125,q90_t1077
83126,q90_t1077
83126,q90_t1078
83127,q90_t1079
83127,q90_t1080
83128,q90_t1080
83128,q90_t1081
83129,q90_t1082
83129,q90_t1083
83130,q90_t1083
83130,q90_t1084
83131,q90_t1085
83131,q90_t1086
83132,q90_t1086
83132,q90_t1087
83133,q90_t1088
83133,q90_t1089
83134,q90_t1089
83134,q90_t1090
83135,q90_t1091
83135,q90_t1092
83136,q90_t1092
83136,q90_t1093
83137,q90_t1094
83137,q90_t1095
83138,q90_t1095
83138,q90_t1096
83139,q90_t1097
83139,q90_t1098
83140,q90_t1098
83140,q90_t1099
83141,q90_t1100
83141,q90_t1101
83142,q90_t1101
83142,q90_t1102
83143,q90_t1103
83143,q90_t1104
83144,q90_t1104
83144,q90_t1105
83145,q90_t1106
83145,q90_t1107
83146,q90_t1107
83146,q90_t1108
83147,q90_t1109
83147,q90_t1110
83148,q90_t1110
83148,q90_t1111
83149,q90_t1112
83149,q90_t1113
83150,q90_t1113
83150,q90_t1114
83151,q90_t1115
83151,q90_t1116
83152,q90_t1116
83152,q90_t1117
83153,q90_t1118
83153,q90_t1119
83154,q90_t1119
83154,q90_t1120
83155,q90_t1121
83155,q90_t1122
83156,q90_t1122
83156,q90_t1123
83157,q90_t1124
83157,q90_t1125
83158,q90_t1125
83158,q90_t1126
83159,q90_t1127
83159,q90_t1128
83160,q90_t1128
83160,q90_t1129
83161,q90_t1130
83161,q90_t1131
83162,q90_t1131
83162,q90_t1132
83163,q90_t1133
83163,q90_t1134
83164,q90_t1134
83164,q90_t1135
83165,q90_t1136
83165,q90_t1137
83166,q90_t1137
83166,q90_t1138
83167,q90_t1139
83167,q90_t1140
83168,q90_t1140
83168,q90_t1141
83169,q90_t1142
83169,q90_t1143
83170,q90_t1143
83170,q90_t1144
83171,q90_t1145
83171,q90_t1146
83172,q90_t1146
83172,q90_t1147
83173,q90_t1148
83173,q90_t1149
83174,q90_t1149
83174,q90_t1150
83175,q90_t1151
83175,q90_t1152
83176,q90_t1152
83176,q90_t1153
83177,q90_t1154
83177,q90_t1155
83178,q90_t1155
83178,q90_t1156
83179,q90_t1157
83179,q90_t1158
83180,q90_t1158
83180,q90_t1159
83181,q90_t1160
83181,q90_t1161
83182,q90_t1161
83182,q90_t1162
83183,q90_t1163
83183,q90_t1164
83184,q90_t1164
83184,q90_t1165
83185,q90_t1166
83185,q90_t1167
83186,q90_t1167
83186,q90_t1168
83187,q90_t1169
83187,q90_t1170
83188,q90_t1170
83188,q90_t1171
83189,q90_t1172
83189,q90_t1173
83190,q90_t1173
83190,q90_t1174
83191,q90_t1175
83191,q90_t1176
83192,q90_t1176
83192,q90_t1177
83193,q90_t1178
83193,q90_t1179
83194,q90_t1179
83194,q90_t1180
83195,q90_t1181
83195,q90_t1182
83196,q90_t1182
83196,q90_t1183
83197,q90_t1184
83197,q90_t1185
83198,q90_t1185
83198,q90_t1186
83199,q90_t1187
83199,q90_t1188
83200,q90_t1188
83200,q90_t1189
83201,q90_t1190
83201,q90_t1191
83202,q90_t1191
83202,q90_t1192
83203,q90_t1193
83203,q90_t1194
83204,q90_t1194
83204,q90_t1195
83205,q90_t1196
83205,q90_t1197
83206,q90_t1197
83206,q90_t1198
83207,q90_t1199
83207,q90_t1200
83208,q90_t1200
83208,q90_t1204
83209,q90_t1204
83209,q90_t1205
83209,q91_t1204
83209,q91_t1205
83210,q90_t1205
83210,q90_t1206
83211,q90_t1206
83211,q90_t1207
83212,q90_t1207
83212,q90_t1208
83212,q92_t1207
83212,q92_t1208
83213,q90_t1208
83213,q90_t1209
83214,q90_t1209
83214,q90_t1210
83215,q90_t1210
83215,q90_t1211
83215,q93_t1210
83215,q93_t1211
83216,q90_t1211
83216,q90_t1212
83217,q90_t1212
83217,q90_t1213
83218,q90_t1213
83218,q90_t1214
83218,q94_t1213
83218,q94_t1214
83219,q90_t1214
83219,q90_t1215
83220,q90_t1215
83220,q90_t1216
83221,q90_t1216
83221,q90_t1217
83221,q95_t1216
83221,q95_t1217
83222,q90_t1217
83222,q90_t1218
83223,q90_t1218
83223,q90_t1219
83224,q90_t1219
83224,q90_t1220
83224,q96_t1219
83224,q96_t1220
83225,q90_t1220
83225,q90_t1221
83226,q90_t1221
83226,q90_t1222
83227,q90_t1222
83227,q90_t1223
83227,q97_t1222
83227,q97_t1223
83228,q90_t1223
83228,q90_t1224
83229,q90_t1224
83229,q90_t1225
83230,q90_t1225
83230,q90_t1226
83230,q98_t1225
83230,q98_t1226
83231,q90_t1226
83231,q90_t1227
83232,q90_t1227
83232,q90_t1228
83233,q90_t1228
83233,q90_t1229
83233,q99_t1228
83233,q99_t1229
83234,q90_t1229
83234,q90_t1230
83235,q90_t1230
83235,q90_t1231
83236,q90_t1232
83236,q90_t1233
83237,q90_t1233
83237,q90_t1234
83238,q90_t1235
83238,q90_t1236
83239,q90_t1236
83239,q90_t1237
83240,q90_t1238
83240,q90_t1239
83241,q90_t1239
83241,q90_t1240
83242,q90_t1241
83242,q90_t1242
83243,q90_t1242
83243,q90_t1243
83244,q90_t1244
83244,q90_t1245
83245,q90_t1245
83245,q90_t1246
83246,q90_t1247
83246,q90_t1248
83247,q90_t1248
83247,q90_t1249
83248,q90_t1250
83248,q90_t1251
83249,q90_t1251
83249,q90_t1252
83250,q90_t1253
83250,q90_t1254
83251,q90_t1254
83251,q90_t1255
83252,q90_t1256
83252,q90_t1257
83253,q90_t1257
83253,q90_t1258
83254,q90_t1259
83254,q90_t1260
83255,q90_t1260
83255,q90_t1261
83256,q90_t270
83256,q90_t271
83257,q90_t271
83257,q90_t272
83258,q90_t273
83258,q90_t274
83259,q90_t274
83259,q90_t275
83260,q90_t276
83260,q90_t277
83261,q90_t277
83261,q90_t278
83262,q90_t279
83262,q90_t280
83263,q90_t280
83263,q90_t281
83264,q90_t282
83264,q90_t283
83265,q90_t283
83265,q90_t284
83266,q90_t285
83266,q90_t286
83267,q90_t286
83267,q90_t287
83268,q90_t288
83268,q90_t289
83269,q90_t289
83269,q90_t290
83270,q90_t291
83270,q90_t292
83271,q90_t292
83271,q90_t293
83272,q90_t294
83272,q90_t295
83273,q90_t295
83273,q90_t296
83274,q90_t296
83274,q90_t297
83274,q9_t296
83274,q9_t297
83275,q90_t297
83275,q90_t298
83276,q90_t298
83276,q90_t299
83277,q90_t300
83277,q90_t301
83278,q90_t301
83278,q90_t302
83279,q90_t303
83279,q90_t304
83280,q90_t304
83280,q90_t305
83281,q90_t306
83281,q90_t307
83282,q90_t307
83282,q90_t308
83283,q90_t309
83283,q90_t310
83284,q90_t310
83284,q90_t311
83285,q90_t312
83285,q90_t313
83286,q90_t313
83286,q90_t314
83287,q90_t315
83287,q90_t316
83288,q90_t316
83288,q90_t317
83289,q90_t318
83289,q90_t319
83290,q90_t319
83290,q90_t320
83291,q90_t321
83291,q90_t322
83292,q90_t322
83292,q90_t323
83293,q90_t324
83293,q90_t325
83294,q90_t325
83294,q90_t326
83295,q90_t327
83295,q90_t328
83296,q90_t328
83296,q90_t329
83297,q90_t330
83297,q90_t331
83298,q90_t331
83298,q90_t332
83299,q90_t333
83299,q90_t334
83300,q90_t334
83300,q90_t335
83301,q90_t336
83301,q90_t337
83302,q90_t337
83302,q90_t338
83303,q90_t339
83303,q90_t340
83304,q90_t340
83304,q90_t341
83305,q90_t342
83305,q90_t343
83306,q90_t343
83306,q90_t344
83307,q90_t345
83307,q90_t346
83308,q90_t346
83308,q90_t347
83309,q90_t348
83309,q90_t349
83310,q90_t349
83310,q90_t350
83311,q90_t351
83311,q90_t352
83312,q90_t352
83312,q90_t353
83313,q90_t354
83313,q90_t355
83314,q90_t355
83314,q90_t356
83315,q90_t357
83315,q90_t358
83316,q90_t358
83316,q90_t359
83317,q90_t360
83317,q90_t361
83318,q90_t361
83318,q90_t362
83319,q90_t363
83319,q90_t364
83320,q90_t364
83320,q90_t365
83321,q90_t366
83321,q90_t367
83322,q90_t367
83322,q90_t368
83323,q90_t369
83323,q90_t370
83324,q90_t370
83324,q90_t371
83325,q90_t372
83325,q90_t373
83326,q90_t373
83326,q90_t374
83327,q90_t375
83327,q90_t376
83328,q90_t376
83328,q90_t377
83329,q90_t378
83329,q90_t379
83330,q90_t379
83330,q90_t380
83331,q90_t381
83331,q90_t382
83332,q90_t382
83332,q90_t383
83333,q90_t384
83333,q90_t385
83334,q90_t385
83334,q90_t386
83335,q90_t387
83335,q90_t388
83336,q90_t388
83336,q90_t389
83337,q90_t390
83337,q90_t391
83338,q90_t391
83338,q90_t392
83339,q90_t393
83339,q90_t394
83340,q90_t394
83340,q90_t395
83341,q90_t396
83341,q90_t397
83342,q90_t397
83342,q90_t398
83343,q90_t399
83343,q90_t400
83344,q90_t400
83344,q90_t401
83345,q90_t402
83345,q90_t403
83346,q90_t403
83346,q90_t404
83347,q90_t405
83347,q90_t406
83348,q90_t406
83348,q90_t407
83349,q90_t408
83349,q90_t409
83350,q90_t409
83350,q90_t410
83351,q90_t411
83351,q90_t412
83352,q90_t412
83352,q90_t413
83353,q90_t414
83353,q90_t415
83354,q90_t415
83354,q90_t416
83355,q90_t417
83355,q90_t418
83356,q90_t418
83356,q90_t419
83357,q90_t420
83357,q90_t421
83358,q90_t421
83358,q90_t422
83359,q90_t423
83359,q90_t424
83360,q90_t424
83360,q90_t425
83361,q90_t426
83361,q90_t427
83362,q90_t427
83362,q90_t428
83363,q90_t429
83363,q90_t430
83364,q90_t430
83364,q90_t431
83365,q90_t432
83365,q90_t433
83366,q90_t433
83366,q90_t434
83367,q90_t435
83367,q90_t436
83368,q90_t436
83368,q90_t437
83369,q90_t438
83369,q90_t439
83370,q90_t439
83370,q90_t440
83371,q90_t441
83371,q90_t442
83372,q90_t442
83372,q90_t443
83373,q90_t444
83373,q90_t445
83374,q90_t445
83374,q90_t446
83375,q90_t447
83375,q90_t448
83376,q90_t448
83376,q90_t449
83377,q90_t450
83377,q90_t451
83378,q90_t451
83378,q90_t452
83379,q90_t453
83379,q90_t454
83380,q90_t454
83380,q90_t455
83381,q90_t456
83381,q90_t457
83382,q90_t457
83382,q90_t458
83383,q90_t459
83383,q90_t460
83384,q90_t460
83384,q90_t461
83385,q90_t462
83385,q90_t463
83386,q90_t463
83386,q90_t464
83387,q90_t465
83387,q90_t466
83388,q90_t466
83388,q90_t467
83389,q90_t468
83389,q90_t469
83390,q90_t469
83390,q90_t470
83391,q90_t471
83391,q90_t472
83392,q90_t472
83392,q90_t473
83393,q90_t474
83393,q90_t475
83394,q90_t475
83394,q90_t476
83395,q90_t477
83395,q90_t478
83396,q90_t478
83396,q90_t479
83397,q90_t480
83397,q90_t481
83398,q90_t481
83398,q90_t482
83399,q90_t483
83399,q90_t484
83400,q90_t484
83400,q90_t485
83401,q90_t486
83401,q90_t487
83402,q90_t487
83402,q90_t488
83403,q90_t489
83403,q90_t490
83404,q90_t490
83404,q90_t491
83405,q90_t492
83405,q90_t493
83406,q90_t493
83406,q90_t494
83407,q90_t495
83407,q90_t496
83408,q90_t496
83408,q90_t497
83409,q90_t498
83409,q90_t499
83410,q90_t499
83410,q90_t500
83411,q90_t501
83411,q90_t502
83412,q90_t502
83412,q90_t503
83413,q90_t504
83413,q90_t505
83414,q90_t505
83414,q90_t506
83415,q90_t507
83415,q90_t508
83416,q90_t508
83416,q90_t509
83417,q90_t510
83417,q90_t511
83418,q90_t511
83418,q90_t512
83419,q90_t513
83419,q90_t514
83420,q90_t514
83420,q90_t515
83421,q90_t516
83421,q90_t517
83422,q90_t517
83422,q90_t518
83423,q90_t519
83423,q90_t520
83424,q90_t520
83424,q90_t521
83425,q90_t522
83425,q90_t523
83426,q90_t523
83426,q90_t524
83427,q90_t525
83427,q90_t526
83428,q90_t526
83428,q90_t527
83429,q90_t528
83429,q90_t529
83430,q90_t529
83430,q90_t530
83431,q90_t531
83431,q90_t532
83432,q90_t532
83432,q90_t533
83433,q90_t534
83433,q90_t535
83434,q90_t535
83434,q90_t536
83435,q90_t537
83435,q90_t538
83436,q90_t538
83436,q90_t542
83437,q90_t542
83437,q90_t543
83437,q91_t542
83437,q91_t543
83438,q90_t543
83438,q90_t544
83439,q90_t544
83439,q90_t545
83440,q90_t545
83440,q90_t546
83440,q92_t545
83440,q92_t546
83441,q90_t546
83441,q90_t547
83442,q90_t547
83442,q90_t548
83443,q90_t548
83443,q90_t549
83443,q93_t548
83443,q93_t549
83444,q90_t549
83444,q90_t550
83445,q90_t550
83445,q90_t551
83446,q90_t551
83446,q90_t552
83446,q94_t551
83446,q94_t552
83447,q90_t552
83447,q90_t553
83448,q90_t553
83448,q90_t554
83449,q90_t554
83449,q90_t555
83449,q95_t554
83449,q95_t555
83450,q90_t555
83450,q90_t556
83451,q90_t556
83451,q90_t557
83452,q90_t557
83452,q90_t558
83452,q96_t557
83452,q96_t558
83453,q90_t558
83453,q90_t559
83454,q90_t559
83454,q90_t560
83455,q90_t560
83455,q90_t561
83455,q97_t560
83455,q97_t561
83456,q90_t561
83456,q90_t562
83457,q90_t562
83457,q90_t563
83458,q90_t563
83458,q90_t564
83458,q98_t563
83458,q98_t564
83459,q90_t564
83459,q90_t565
83460,q90_t565
83460,q90_t566
83461,q90_t566
83461,q90_t567
83461,q99_t566
83461,q99_t567
83462,q90_t567
83462,q90_t568
83463,q90_t568
83463,q90_t569
83464,q90_t570
83464,q90_t571
83465,q90_t571
83465,q90_t572
83466,q90_t573
83466,q90_t574
83467,q90_t574
83467,q90_t575
83468,q90_t576
83468,q90_t577
83469,q90_t577
83469,q90_t578
83470,q90_t579
83470,q90_t580
83471,q90_t580
83471,q90_t581
83472,q90_t582
83472,q90_t583
83473,q90_t583
83473,q90_t584
83474,q90_t585
83474,q90_t586
83475,q90_t586
83475,q90_t587
83476,q90_t588
83476,q90_t589
83477,q90_t589
83477,q90_t590
83478,q90_t591
83478,q90_t592
83479,q90_t592
83479,q90_t593
83480,q90_t594
83480,q90_t595
83481,q90_t595
83481,q90_t596
83482,q90_t597
83482,q90_t598
83483,q90_t598
83483,q90_t599
83484,q90_t599
83484,q90_t600
83485,q90_t601
83485,q90_t602
83486,q90_t602
83486,q90_t603
83487,q90_t604
83487,q90_t605
83488,q90_t605
83488,q90_t606
83489,q90_t607
83489,q90_t608
83490,q90_t608
83490,q90_t609
83491,q90_t610
83491,q90_t611
83492,q90_t611
83492,q90_t612
83493,q90_t613
83493,q90_t614
83494,q90_t614
83494,q90_t615
83495,q90_t616
83495,q90_t617
83496,q90_t617
83496,q90_t618
83497,q90_t619
83497,q90_t620
83498,q90_t620
83498,q90_t621
83499,q90_t622
83499,q90_t623
83500,q90_t623
83500,q90_t624
83501,q90_t625
83501,q90_t626
83502,q90_t626
83502,q90_t627
83503,q90_t627
83503,q90_t628
83503,q9_t627
83503,q9_t628
83504,q90_t628
83504,q90_t629
83505,q90_t629
83505,q90_t630
83506,q90_t631
83506,q90_t632
83507,q90_t632
83507,q90_t633
83508,q90_t634
83508,q90_t635
83509,q90_t635
83509,q90_t636
83510,q90_t637
83510,q90_t638
83511,q90_t638
83511,q90_t639
83512,q90_t640
83512,q90_t641
83513,q90_t641
83513,q90_t642
83514,q90_t643
83514,q90_t644
83515,q90_t644
83515,q90_t645
83516,q90_t646
83516,q90_t647
83517,q90_t647
83517,q90_t648
83518,q90_t649
83518,q90_t650
83519,q90_t650
83519,q90_t651
83520,q90_t652
83520,q90_t653
83521,q90_t653
83521,q90_t654
83522,q90_t655
83522,q90_t656
83523,q90_t656
83523,q90_t657
83524,q90_t658
83524,q90_t659
83525,q90_t659
83525,q90_t660
83526,q90_t661
83526,q90_t662
83527,q90_t662
83527,q90_t663
83528,q90_t664
83528,q90_t665
83529,q90_t665
83529,q90_t666
83530,q90_t667
83530,q90_t668
83531,q90_t668
83531,q90_t669
83532,q90_t670
83532,q90_t671
83533,q90_t671
83533,q90_t672
83534,q90_t673
83534,q90_t674
83535,q90_t674
83535,q90_t675
83536,q90_t676
83536,q90_t677
83537,q90_t677
83537,q90_t678
83538,q90_t679
83538,q90_t680
83539,q90_t680
83539,q90_t681
83540,q90_t682
83540,q90_t683
83541,q90_t683
83541,q90_t684
83542,q90_t685
83542,q90_t686
83543,q90_t686
83543,q90_t687
83544,q90_t688
83544,q90_t689
83545,q90_t689
83545,q90_t690
83546,q90_t691
83546,q90_t692
83547,q90_t692
83547,q90_t693
83548,q90_t694
83548,q90_t695
83549,q90_t695
83549,q90_t696
83550,q90_t697
83550,q90_t698
83551,q90_t698
83551,q90_t699
83552,q90_t700
83552,q90_t701
83553,q90_t701
83553,q90_t702
83554,q90_t703
83554,q90_t704
83555,q90_t704
83555,q90_t705
83556,q90_t706
83556,q90_t707
83557,q90_t707
83557,q90_t708
83558,q90_t709
83558,q90_t710
83559,q90_t710
83559,q90_t711
83560,q90_t712
83560,q90_t713
83561,q90_t713
83561,q90_t714
83562,q90_t715
83562,q90_t716
83563,q90_t716
83563,q90_t717
83564,q90_t718
83564,q90_t719
83565,q90_t719
83565,q90_t720
83566,q90_t721
83566,q90_t722
83567,q90_t722
83567,q90_t723
83568,q90_t724
83568,q90_t725
83569,q90_t725
83569,q90_t726
83570,q90_t727
83570,q90_t728
83571,q90_t728
83571,q90_t729
83572,q90_t730
83572,q90_t731
83573,q90_t731
83573,q90_t732
83574,q90_t733
83574,q90_t734
83575,q90_t734
83575,q90_t735
83576,q90_t736
83576,q90_t737
83577,q90_t737
83577,q90_t738
83578,q90_t739
83578,q90_t740
83579,q90_t740
83579,q90_t741
83580,q90_t742
83580,q90_t743
83581,q90_t743
83581,q90_t744
83582,q90_t745
83582,q90_t746
83583,q90_t746
83583,q90_t747
83584,q90_t748
83584,q90_t749
83585,q90_t749
83585,q90_t750
83586,q90_t751
83586,q90_t752
83587,q90_t752
83587,q90_t753
83588,q90_t754
83588,q90_t755
83589,q90_t755
83589,q90_t756
83590,q90_t757
83590,q90_t758
83591,q90_t758
83591,q90_t759
83592,q90_t760
83592,q90_t761
83593,q90_t761
83593,q90_t762
83594,q90_t763
83594,q90_t764
83595,q90_t764
83595,q90_t765
83596,q90_t766
83596,q90_t767
83597,q90_t767
83597,q90_t768
83598,q90_t769
83598,q90_t770
83599,q90_t770
83599,q90_t771
83600,q90_t772
83600,q90_t773
83601,q90_t773
83601,q90_t774
83602,q90_t775
83602,q90_t776
83603,q90_t776
83603,q90_t777
83604,q90_t778
83604,q90_t779
83605,q90_t779
83605,q90_t780
83606,q90_t781
83606,q90_t782
83607,q90_t782
83607,q90_t783
83608,q90_t784
83608,q90_t785
83609,q90_t785
83609,q90_t786
83610,q90_t787
83610,q90_t788
83611,q90_t788
83611,q90_t789
83612,q90_t790
83612,q90_t791
83613,q90_t791
83613,q90_t792
83614,q90_t793
83614,q90_t794
83615,q90_t794
83615,q90_t795
83616,q90_t796
83616,q90_t797
83617,q90_t797
83617,q90_t798
83618,q90_t799
83618,q90_t800
83619,q90_t800
83619,q90_t801
83620,q90_t802
83620,q90_t803
83621,q90_t803
83621,q90_t804
83622,q90_t805
83622,q90_t806
83623,q90_t806
83623,q90_t807
83624,q90_t808
83624,q90_t809
83625,q90_t809
83625,q90_t810
83626,q90_t811
83626,q90_t812
83627,q90_t812
83627,q90_t813
83628,q90_t814
83628,q90_t815
83629,q90_t815
83629,q90_t816
83630,q90_t817
83630,q90_t818
83631,q90_t818
83631,q90_t819
83632,q90_t820
83632,q90_t821
83633,q90_t821
83633,q90_t822
83634,q90_t823
83634,q90_t824
83635,q90_t824
83635,q90_t825
83636,q90_t826
83636,q90_t827
83637,q90_t827
83637,q90_t828
83638,q90_t829
83638,q90_t830
83639,q90_t830
83639,q90_t831
83640,q90_t832
83640,q90_t833
83641,q90_t833
83641,q90_t834
83642,q90_t835
83642,q90_t836
83643,q90_t836
83643,q90_t837
83644,q90_t838
83644,q90_t839
83645,q90_t839
83645,q90_t840
83646,q90_t841
83646,q90_t842
83647,q90_t842
83647,q90_t843
83648,q90_t844
83648,q90_t845
83649,q90_t845
83649,q90_t846
83650,q90_t847
83650,q90_t848
83651,q90_t848
83651,q90_t849
83652,q90_t850
83652,q90_t851
83653,q90_t851
83653,q90_t852
83654,q90_t853
83654,q90_t854
83655,q90_t854
83655,q90_t855
83656,q90_t856
83656,q90_t857
83657,q90_t857
83657,q90_t858
83658,q90_t859
83658,q90_t860
83659,q90_t860
83659,q90_t861
83660,q90_t862
83660,q90_t863
83661,q90_t863
83661,q90_t864
83662,q90_t865
83662,q90_t866
83663,q90_t866
83663,q90_t867
83664,q90_t868
83664,q90_t869
83665,q90_t869
83665,q90_t873
83666,q90_t873
83666,q90_t874
83666,q91_t873
83666,q91_t874
83667,q90_t874
83667,q90_t875
83668,q90_t875
83668,q90_t876
83669,q90_t876
83669,q90_t877
83669,q92_t876
83669,q92_t877
83670,q90_t877
83670,q90_t878
83671,q90_t878
83671,q90_t879
83672,q90_t879
83672,q90_t880
83672,q93_t879
83672,q93_t880
83673,q90_t880
83673,q90_t881
83674,q90_t881
83674,q90_t882
83675,q90_t882
83675,q90_t883
83675,q94_t882
83675,q94_t883
83676,q90_t883
83676,q90_t884
83677,q90_t884
83677,q90_t885
83678,q90_t885
83678,q90_t886
83678,q95_t885
83678,q95_t886
83679,q90_t886
83679,q90_t887
83680,q90_t887
83680,q90_t888
83681,q90_t888
83681,q90_t889
83681,q96_t888
83681,q96_t889
83682,q90_t889
83682,q90_t890
83683,q90_t890
83683,q90_t891
83684,q90_t891
83684,q90_t892
83684,q97_t891
83684,q97_t892
83685,q90_t892
83685,q90_t893
83686,q90_t893
83686,q90_t894
83687,q90_t894
83687,q90_t895
83687,q98_t894
83687,q98_t895
83688,q90_t895
83688,q90_t896
83689,q90_t896
83689,q90_t897
83690,q90_t897
83690,q90_t898
83690,q99_t897
83690,q99_t898
83691,q90_t898
83691,q90_t899
83692,q90_t899
83692,q90_t900
83693,q90_t901
83693,q90_t902
83694,q90_t902
83694,q90_t903
83695,q90_t904
83695,q90_t905
83696,q90_t905
83696,q90_t906
83697,q90_t907
83697,q90_t908
83698,q90_t908
83698,q90_t909
83699,q90_t910
83699,q90_t911
83700,q90_t911
83700,q90_t912
83701,q90_t913
83701,q90_t914
83702,q90_t914
83702,q90_t915
83703,q90_t916
83703,q90_t917
83704,q90_t917
83704,q90_t918
83705,q90_t919
83705,q90_t920
83706,q90_t920
83706,q90_t921
83707,q90_t922
83707,q90_t923
83708,q90_t923
83708,q90_t924
83709,q90_t925
83709,q90_t926
83710,q90_t926
83710,q90_t927
83711,q90_t928
83711,q90_t929
83712,q90_t929
83712,q90_t930
83713,q90_t930
83713,q90_t931
83714,q90_t932
83714,q90_t933
83715,q90_t933
83715,q90_t934
83716,q90_t935
83716,q90_t936
83717,q90_t936
83717,q90_t937
83718,q90_t938
83718,q90_t939
83719,q90_t939
83719,q90_t940
83720,q90_t941
83720,q90_t942
83721,q90_t942
83721,q90_t943
83722,q90_t944
83722,q90_t945
83723,q90_t945
83723,q90_t946
83724,q90_t947
83724,q90_t948
83725,q90_t948
83725,q90_t949
83726,q90_t950
83726,q90_t951
83727,q90_t951
83727,q90_t952
83728,q90_t953
83728,q90_t954
83729,q90_t954
83729,q90_t955
83730,q90_t956
83730,q90_t957
83731,q90_t957
83731,q90_t958
83732,q90_t958
83732,q90_t959
83732,q9_t958
83732,q9_t959
83733,q90_t959
83733,q90_t960
83734,q90_t960
83734,q90_t961
83735,q90_t962
83735,q90_t963
83736,q90_t963
83736,q90_t964
83737,q90_t965
83737,q90_t966
83738,q90_t966
83738,q90_t967
83739,q90_t968
83739,q90_t969
83740,q90_t969
83740,q90_t970
83741,q90_t971
83741,q90_t972
83742,q90_t972
83742,q90_t973
83743,q90_t974
83743,q90_t975
83744,q90_t975
83744,q90_t976
83745,q90_t977
83745,q90_t978
83746,q90_t978
83746,q90_t979
83747,q90_t980
83747,q90_t981
83748,q90_t981
83748,q90_t982
83749,q90_t983
83749,q90_t984
83750,q90_t984
83750,q90_t985
83751,q90_t986
83751,q90_t987
83752,q90_t987
83752,q90_t988
83753,q90_t989
83753,q90_t990
83754,q90_t990
83754,q90_t991
83755,q90_t992
83755,q90_t993
83756,q90_t993
83756,q90_t994
83757,q90_t995
83757,q90_t996
83758,q90_t996
83758,q90_t997
83759,q90_t998
83759,q90_t999
83760,q91_t0
83760,q91_t1
83761,q91_t1
83761,q91_t272
83762,q91_t1000
83762,q91_t999
83763,q91_t1001
83763,q91_t1002
83764,q91_t1002
83764,q91_t1003
83765,q91_t1004
83765,q91_t1005
83766,q91_t1005
83766,q91_t1006
83767,q91_t1007
83767,q91_t1008
83768,q91_t1008
83768,q91_t1009
83769,q91_t1010
83769,q91_t1011
83770,q91_t1011
83770,q91_t1012
83771,q91_t1013
83771,q91_t1014
83772,q91_t1014
83772,q91_t1015
83773,q91_t1016
83773,q91_t1017
83774,q91_t1017
83774,q91_t1018
83775,q91_t1019
83775,q91_t1020
83776,q91_t1020
83776,q91_t1021
83777,q91_t1022
83777,q91_t1023
83778,q91_t1023
83778,q91_t1024
83779,q91_t1025
83779,q91_t1026
83780,q91_t1026
83780,q91_t1027
83781,q91_t1028
83781,q91_t1029
83782,q91_t1029
83782,q91_t1030
83783,q91_t1031
83783,q91_t1032
83784,q91_t1032
83784,q91_t1033
83785,q91_t1034
83785,q91_t1035
83786,q91_t1035
83786,q91_t1036
83787,q91_t1037
83787,q91_t1038
83788,q91_t1038
83788,q91_t1039
83789,q91_t1040
83789,q91_t1041
83790,q91_t1041
83790,q91_t1042
83791,q91_t1043
83791,q91_t1044
83792,q91_t1044
83792,q91_t1045
83793,q91_t1046
83793,q91_t1047
83794,q91_t1047
83794,q91_t1048
83795,q91_t1049
83795,q91_t1050
83796,q91_t1050
83796,q91_t1051
83797,q91_t1052
83797,q91_t1053
83798,q91_t1053
83798,q91_t1054
83799,q91_t1055
83799,q91_t1056
83800,q91_t1056
83800,q91_t1057
83801,q91_t1058
83801,q91_t1059
83802,q91_t1059
83802,q91_t1060
83803,q91_t1061
83803,q91_t1062
83804,q91_t1062
83804,q91_t1063
83805,q91_t1064
83805,q91_t1065
83806,q91_t1065
83806,q91_t1066
83807,q91_t1067
83807,q91_t1068
83808,q91_t1068
83808,q91_t1069
83809,q91_t1070
83809,q91_t1071
83810,q91_t1071
83810,q91_t1072
83811,q91_t1073
83811,q91_t1074
83812,q91_t1074
83812,q91_t1075
83813,q91_t1076
83813,q91_t1077
83814,q91_t1077
83814,q91_t1078
83815,q91_t1079
83815,q91_t1080
83816,q91_t1080
83816,q91_t1081
83817,q91_t1082
83817,q91_t1083
83818,q91_t1083
83818,q91_t1084
83819,q91_t1085
83819,q91_t1086
83820,q91_t1086
83820,q91_t1087
83821,q91_t1088
83821,q91_t1089
83822,q91_t1089
83822,q91_t1090
83823,q91_t1091
83823,q91_t1092
83824,q91_t1092
83824,q91_t1093
83825,q91_t1094
83825,q91_t1095
83826,q91_t1095
83826,q91_t1096
83827,q91_t1097
83827,q91_t1098
83828,q91_t1098
83828,q91_t1099
83829,q91_t1100
83829,q91_t1101
83830,q91_t1101
83830,q91_t1102
83831,q91_t1103
83831,q91_t1104
83832,q91_t1104
83832,q91_t1105
83833,q91_t1106
83833,q91_t1107
83834,q91_t1107
83834,q91_t1108
83835,q91_t1109
83835,q91_t1110
83836,q91_t1110
83836,q91_t1111
83837,q91_t1112
83837,q91_t1113
83838,q91_t1113
83838,q91_t1114
83839,q91_t1115
83839,q91_t1116
83840,q91_t1116
83840,q91_t1117
83841,q91_t1118
83841,q91_t1119
83842,q91_t1119
83842,q91_t1120
83843,q91_t1121
83843,q91_t1122
83844,q91_t1122
83844,q91_t1123
83845,q91_t1124
83845,q91_t1125
83846,q91_t1125
83846,q91_t1126
83847,q91_t1127
83847,q91_t1128
83848,q91_t1128
83848,q91_t1129
83849,q91_t1130
83849,q91_t1131
83850,q91_t1131
83850,q91_t1132
83851,q91_t1133
83851,q91_t1134
83852,q91_t1134
83852,q91_t1135
83853,q91_t1136
83853,q91_t1137
83854,q91_t1137
83854,q91_t1138
83855,q91_t1139
83855,q91_t1140
83856,q91_t1140
83856,q91_t1141
83857,q91_t1142
83857,q91_t1143
83858,q91_t1143
83858,q91_t1144
83859,q91_t1145
83859,q91_t1146
83860,q91_t1146
83860,q91_t1147
83861,q91_t1148
83861,q91_t1149
83862,q91_t1149
83862,q91_t1150
83863,q91_t1151
83863,q91_t1152
83864,q91_t1152
83864,q91_t1153
83865,q91_t1154
83865,q91_t1155
83866,q91_t1155
83866,q91_t1156
83867,q91_t1157
83867,q91_t1158
83868,q91_t1158
83868,q91_t1159
83869,q91_t1160
83869,q91_t1161
83870,q91_t1161
83870,q91_t1162
83871,q91_t1163
83871,q91_t1164
83872,q91_t1164
83872,q91_t1165
83873,q91_t1166
83873,q91_t1167
83874,q91_t1167
83874,q91_t1168
83875,q91_t1169
83875,q91_t1170
83876,q91_t1170
83876,q91_t1171
83877,q91_t1172
83877,q91_t1173
83878,q91_t1173
83878,q91_t1174
83879,q91_t1175
83879,q91_t1176
83880,q91_t1176
83880,q91_t1177
83881,q91_t1178
83881,q91_t1179
83882,q91_t1179
83882,q91_t1180
83883,q91_t1181
83883,q91_t1182
83884,q91_t1182
83884,q91_t1183
83885,q91_t1184
83885,q91_t1185
83886,q91_t1185
83886,q91_t1186
83887,q91_t1187
83887,q91_t1188
83888,q91_t1188
83888,q91_t1189
83889,q91_t1190
83889,q91_t1191
83890,q91_t1191
83890,q91_t1192
83891,q91_t1193
83891,q91_t1194
83892,q91_t1194
83892,q91_t1195
83893,q91_t1196
83893,q91_t1197
83894,q91_t1197
83894,q91_t1198
83895,q91_t1199
83895,q91_t1200
83896,q91_t1200
83896,q91_t1201
83897,q91_t1202
83897,q91_t1203
83898,q91_t1203
83898,q91_t1204
83899,q91_t1205
83899,q91_t1206
83900,q91_t1206
83900,q91_t1210
83901,q91_t1210
83901,q91_t1211
83901,q92_t1210
83901,q92_t1211
83902,q91_t1211
83902,q91_t1212
83903,q91_t1212
83903,q91_t1213
83904,q91_t1213
83904,q91_t1214
83904,q93_t1213
83904,q93_t1214
83905,q91_t1214
83905,q91_t1215
83906,q91_t1215
83906,q91_t1216
83907,q91_t1216
83907,q91_t1217
83907,q94_t1216
83907,q94_t1217
83908,q91_t1217
83908,q91_t1218
83909,q91_t1218
83909,q91_t1219
83910,q91_t1219
83910,q91_t1220
83910,q95_t1219
83910,q95_t1220
83911,q91_t1220
83911,q91_t1221
83912,q91_t1221
83912,q91_t1222
83913,q91_t1222
83913,q91_t1223
83913,q96_t1222
83913,q96_t1223
83914,q91_t1223
83914,q91_t1224
83915,q91_t1224
83915,q91_t1225
83916,q91_t1225
83916,q91_t1226
83916,q97_t1225
83916,q97_t1226
83917,q91_t1226
83917,q91_t1227
83918,q91_t1227
83918,q91_t1228
83919,q91_t1228
83919,q91_t1229
83919,q98_t1228
83919,q98_t1229
83920,q91_t1229
83920,q91_t1230
83921,q91_t1230
83921,q91_t1231
83922,q91_t1231
83922,q91_t1232
83922,q99_t1231
83922,q99_t1232
83923,q91_t1232
83923,q91_t1233
83924,q91_t1233
83924,q91_t1234
83925,q91_t1235
83925,q91_t1236
83926,q91_t1236
83926,q91_t1237
83927,q91_t1238
83927,q91_t1239
83928,q91_t1239
83928,q91_t1240
83929,q91_t1241
83929,q91_t1242
83930,q91_t1242
83930,q91_t1243
83931,q91_t1244
83931,q91_t1245
83932,q91_t1245
83932,q91_t1246
83933,q91_t1247
83933,q91_t1248
83934,q91_t1248
83934,q91_t1249
83935,q91_t1250
83935,q91_t1251
83936,q91_t1251
83936,q91_t1252
83937,q91_t1253
83937,q91_t1254
83938,q91_t1254
83938,q91_t1255
83939,q91_t1256
83939,q91_t1257
83940,q91_t1257
83940,q91_t1258
83941,q91_t1259
83941,q91_t1260
83942,q91_t1260
83942,q91_t1261
83943,q91_t1262
83943,q91_t1263
83944,q91_t1263
83944,q91_t1264
83945,q91_t273
83945,q91_t274
83946,q91_t274
83946,q91_t275
83947,q91_t276
83947,q91_t277
83948,q91_t277
83948,q91_t278
83949,q91_t279
83949,q91_t280
83950,q91_t280
83950,q91_t281
83951,q91_t282
83951,q91_t283
83952,q91_t283
83952,q91_t284
83953,q91_t285
83953,q91_t286
83954,q91_t286
83954,q91_t287
83955,q91_t288
83955,q91_t289
83956,q91_t289
83956,q91_t290
83957,q91_t291
83957,q91_t292
83958,q91_t292
83958,q91_t293
83959,q91_t294
83959,q91_t295
83960,q91_t295
83960,q91_t296
83961,q91_t297
83961,q91_t298
83962,q91_t298
83962,q91_t299
83963,q91_t299
83963,q91_t300
83963,q9_t299
83963,q9_t300
83964,q91_t300
83964,q91_t301
83965,q91_t301
83965,q91_t302
83966,q91_t303
83966,q91_t304
83967,q91_t304
83967,q91_t305
83968,q91_t306
83968,q91_t307
83969,q91_t307
83969,q91_t308
83970,q91_t309
83970,q91_t310
83971,q91_t310
83971,q91_t311
83972,q91_t312
83972,q91_t313
83973,q91_t313
83973,q91_t314
83974,q91_t315
83974,q91_t316
83975,q91_t316
83975,q91_t317
83976,q91_t318
83976,q91_t319
83977,q91_t319
83977,q91_t320
83978,q91_t321
83978,q91_t322
83979,q91_t322
83979,q91_t323
83980,q91_t324
83980,q91_t325
83981,q91_t325
83981,q91_t326
83982,q91_t327
83982,q91_t328
83983,q91_t328
83983,q91_t329
83984,q91_t330
83984,q91_t331
83985,q91_t331
83985,q91_t332
83986,q91_t333
83986,q91_t334
83987,q91_t334
83987,q91_t335
83988,q91_t336
83988,q91_t337
83989,q91_t337
83989,q91_t338
83990,q91_t339
83990,q91_t340
83991,q91_t340
83991,q91_t341
83992,q91_t342
83992,q91_t343
83993,q91_t343
83993,q91_t344
83994,q91_t345
83994,q91_t346
83995,q91_t346
83995,q91_t347
83996,q91_t348
83996,q91_t349
83997,q91_t349
83997,q91_t350
83998,q91_t351
83998,q91_t352
83999,q91_t352
83999,q91_t353
84000,q91_t354
84000,q91_t355
84001,q91_t355
84001,q91_t356
84002,q91_t357
84002,q91_t358
84003,q91_t358
84003,q91_t359
84004,q91_t360
84004,q91_t361
84005,q91_t361
84005,q91_t362
84006,q91_t363
84006,q91_t364
84007,q91_t364
84007,q91_t365
84008,q91_t366
84008,q91_t367
84009,q91_t367
84009,q91_t368
84010,q91_t369
84010,q91_t370
84011,q91_t370
84011,q91_t371
84012,q91_t372
84012,q91_t373
84013,q91_t373
84013,q91_t374
84014,q91_t375
84014,q91_t376
84015,q91_t376
84015,q91_t377
84016,q91_t378
84016,q91_t379
84017,q91_t379
84017,q91_t380
84018,q91_t381
84018,q91_t382
84019,q91_t382
84019,q91_t383
84020,q91_t384
84020,q91_t385
84021,q91_t385
84021,q91_t386
84022,q91_t387
84022,q91_t388
84023,q91_t388
84023,q91_t389
84024,q91_t390
84024,q91_t391
84025,q91_t391
84025,q91_t392
84026,q91_t393
84026,q91_t394
84027,q91_t394
84027,q91_t395
84028,q91_t396
84028,q91_t397
84029,q91_t397
84029,q91_t398
84030,q91_t399
84030,q91_t400
84031,q91_t400
84031,q91_t401
84032,q91_t402
84032,q91_t403
84033,q91_t403
84033,q91_t404
84034,q91_t405
84034,q91_t406
84035,q91_t406
84035,q91_t407
84036,q91_t408
84036,q91_t409
84037,q91_t409
84037,q91_t410
84038,q91_t411
84038,q91_t412
84039,q91_t412
84039,q91_t413
84040,q91_t414
84040,q91_t415
84041,q91_t415
84041,q91_t416
84042,q91_t417
84042,q91_t418
84043,q91_t418
84043,q91_t419
84044,q91_t420
84044,q91_t421
84045,q91_t421
84045,q91_t422
84046,q91_t423
84046,q91_t424
84047,q91_t424
84047,q91_t425
84048,q91_t426
84048,q91_t427
84049,q91_t427
84049,q91_t428
84050,q91_t429
84050,q91_t430
84051,q91_t430
84051,q91_t431
84052,q91_t432
84052,q91_t433
84053,q91_t433
84053,q91_t434
84054,q91_t435
84054,q91_t436
84055,q91_t436
84055,q91_t437
84056,q91_t438
84056,q91_t439
84057,q91_t439
84057,q91_t440
84058,q91_t441
84058,q91_t442
84059,q91_t442
84059,q91_t443
84060,q91_t444
84060,q91_t445
84061,q91_t445
84061,q91_t446
84062,q91_t447
84062,q91_t448
84063,q91_t448
84063,q91_t449
84064,q91_t450
84064,q91_t451
84065,q91_t451
84065,q91_t452
84066,q91_t453
84066,q91_t454
84067,q91_t454
84067,q91_t455
84068,q91_t456
84068,q91_t457
84069,q91_t457
84069,q91_t458
84070,q91_t459
84070,q91_t460
84071,q91_t460
84071,q91_t461
84072,q91_t462
84072,q91_t463
84073,q91_t463
84073,q91_t464
84074,q91_t465
84074,q91_t466
84075,q91_t466
84075,q91_t467
84076,q91_t468
84076,q91_t469
84077,q91_t469
84077,q91_t470
84078,q91_t471
84078,q91_t472
84079,q91_t472
84079,q91_t473
84080,q91_t474
84080,q91_t475
84081,q91_t475
84081,q91_t476
84082,q91_t477
84082,q91_t478
84083,q91_t478
84083,q91_t479
84084,q91_t480
84084,q91_t481
84085,q91_t481
84085,q91_t482
84086,q91_t483
84086,q91_t484
84087,q91_t484
84087,q91_t485
84088,q91_t486
84088,q91_t487
84089,q91_t487
84089,q91_t488
84090,q91_t489
84090,q91_t490
84091,q91_t490
84091,q91_t491
84092,q91_t492
84092,q91_t493
84093,q91_t493
84093,q91_t494
84094,q91_t495
84094,q91_t496
84095,q91_t496
84095,q91_t497
84096,q91_t498
84096,q91_t499
84097,q91_t499
84097,q91_t500
84098,q91_t501
84098,q91_t502
84099,q91_t502
84099,q91_t503
84100,q91_t504
84100,q91_t505
84101,q91_t505
84101,q91_t506
84102,q91_t507
84102,q91_t508
84103,q91_t508
84103,q91_t509
84104,q91_t510
84104,q91_t511
84105,q91_t511
84105,q91_t512
84106,q91_t513
84106,q91_t514
84107,q91_t514
84107,q91_t515
84108,q91_t516
84108,q91_t517
84109,q91_t517
84109,q91_t518
84110,q91_t519
84110,q91_t520
84111,q91_t520
84111,q91_t521
84112,q91_t522
84112,q91_t523
84113,q91_t523
84113,q91_t524
84114,q91_t525
84114,q91_t526
84115,q91_t526
84115,q91_t527
84116,q91_t528
84116,q91_t529
84117,q91_t529
84117,q91_t530
84118,q91_t531
84118,q91_t532
84119,q91_t532
84119,q91_t533
84120,q91_t534
84120,q91_t535
84121,q91_t535
84121,q91_t536
84122,q91_t537
84122,q91_t538
84123,q91_t538
84123,q91_t539
84124,q91_t540
84124,q91_t541
84125,q91_t541
84125,q91_t542
84126,q91_t543
84126,q91_t544
84127,q91_t544
84127,q91_t548
84128,q91_t548
84128,q91_t549
84128,q92_t548
84128,q92_t549
84129,q91_t549
84129,q91_t550
84130,q91_t550
84130,q91_t551
84131,q91_t551
84131,q91_t552
84131,q93_t551
84131,q93_t552
84132,q91_t552
84132,q91_t553
84133,q91_t553
84133,q91_t554
84134,q91_t554
84134,q91_t555
84134,q94_t554
84134,q94_t555
84135,q91_t555
84135,q91_t556
84136,q91_t556
84136,q91_t557
84137,q91_t557
84137,q91_t558
84137,q95_t557
84137,q95_t558
84138,q91_t558
84138,q91_t559
84139,q91_t559
84139,q91_t560
84140,q91_t560
84140,q91_t561
84140,q96_t560
84140,q96_t561
84141,q91_t561
84141,q91_t562
84142,q91_t562
84142,q91_t563
84143,q91_t563
84143,q91_t564
84143,q97_t563
84143,q97_t564
84144,q91_t564
84144,q91_t565
84145,q91_t565
84145,q91_t566
84146,q91_t566
84146,q91_t567
84146,q98_t566
84146,q98_t567
84147,q91_t567
84147,q91_t568
84148,q91_t568
84148,q91_t569
84149,q91_t569
84149,q91_t570
84149,q99_t569
84149,q99_t570
84150,q91_t570
84150,q91_t571
84151,q91_t571
84151,q91_t572
84152,q91_t573
84152,q91_t574
84153,q91_t574
84153,q91_t575
84154,q91_t576
84154,q91_t577
84155,q91_t577
84155,q91_t578
84156,q91_t579
84156,q91_t580
84157,q91_t580
84157,q91_t581
84158,q91_t582
84158,q91_t583
84159,q91_t583
84159,q91_t584
84160,q91_t585
84160,q91_t586
84161,q91_t586
84161,q91_t587
84162,q91_t588
84162,q91_t589
84163,q91_t589
84163,q91_t590
84164,q91_t591
84164,q91_t592
84165,q91_t592
84165,q91_t593
84166,q91_t594
84166,q91_t595
84167,q91_t595
84167,q91_t596
84168,q91_t597
84168,q91_t598
84169,q91_t598
84169,q91_t599
84170,q91_t600
84170,q91_t601
84171,q91_t601
84171,q91_t602
84172,q91_t602
84172,q91_t603
84173,q91_t604
84173,q91_t605
84174,q91_t605
84174,q91_t606
84175,q91_t607
84175,q91_t608
84176,q91_t608
84176,q91_t609
84177,q91_t610
84177,q91_t611
84178,q91_t611
84178,q91_t612
84179,q91_t613
84179,q91_t614
84180,q91_t614
84180,q91_t615
84181,q91_t616
84181,q91_t617
84182,q91_t617
84182,q91_t618
84183,q91_t619
84183,q91_t620
84184,q91_t620
84184,q91_t621
84185,q91_t622
84185,q91_t623
84186,q91_t623
84186,q91_t624
84187,q91_t625
84187,q91_t626
84188,q91_t626
84188,q91_t627
84189,q91_t628
84189,q91_t629
84190,q91_t629
84190,q91_t630
84191,q91_t630
84191,q91_t631
84191,q9_t630
84191,q9_t631
84192,q91_t631
84192,q91_t632
84193,q91_t632
84193,q91_t633
84194,q91_t634
84194,q91_t635
84195,q91_t635
84195,q91_t636
84196,q91_t637
84196,q91_t638
84197,q91_t638
84197,q91_t639
84198,q91_t640
84198,q91_t641
84199,q91_t641
84199,q91_t642
84200,q91_t643
84200,q91_t644
84201,q91_t644
84201,q91_t645
84202,q91_t646
84202,q91_t647
84203,q91_t647
84203,q91_t648
84204,q91_t649
84204,q91_t650
84205,q91_t650
84205,q91_t651
84206,q91_t652
84206,q91_t653
84207,q91_t653
84207,q91_t654
84208,q91_t655
84208,q91_t656
84209,q91_t656
84209,q91_t657
84210,q91_t658
84210,q91_t659
84211,q91_t659
84211,q91_t660
84212,q91_t661
84212,q91_t662
84213,q91_t662
84213,q91_t663
84214,q91_t664
84214,q91_t665
84215,q91_t665
84215,q91_t666
84216,q91_t667
84216,q91_t668
84217,q91_t668
84217,q91_t669
84218,q91_t670
84218,q91_t671
84219,q91_t671
84219,q91_t672
84220,q91_t673
84220,q91_t674
84221,q91_t674
84221,q91_t675
84222,q91_t676
84222,q91_t677
84223,q91_t677
84223,q91_t678
84224,q91_t679
84224,q91_t680
84225,q91_t680
84225,q91_t681
84226,q91_t682
84226,q91_t683
84227,q91_t683
84227,q91_t684
84228,q91_t685
84228,q91_t686
84229,q91_t686
84229,q91_t687
84230,q91_t688
84230,q91_t689
84231,q91_t689
84231,q91_t690
84232,q91_t691
84232,q91_t692
84233,q91_t692
84233,q91_t693
84234,q91_t694
84234,q91_t695
84235,q91_t695
84235,q91_t696
84236,q91_t697
84236,q91_t698
84237,q91_t698
84237,q91_t699
84238,q91_t700
84238,q91_t701
84239,q91_t701
84239,q91_t702
84240,q91_t703
84240,q91_t704
84241,q91_t704
84241,q91_t705
84242,q91_t706
84242,q91_t707
84243,q91_t707
84243,q91_t708
84244,q91_t709
84244,q91_t710
84245,q91_t710
84245,q91_t711
84246,q91_t712
84246,q91_t713
84247,q91_t713
84247,q91_t714
84248,q91_t715
84248,q91_t716
84249,q91_t716
84249,q91_t717
84250,q91_t718
84250,q91_t719
84251,q91_t719
84251,q91_t720
84252,q91_t721
84252,q91_t722
84253,q91_t722
84253,q91_t723
84254,q91_t724
84254,q91_t725
84255,q91_t725
84255,q91_t726
84256,q91_t727
84256,q91_t728
84257,q91_t728
84257,q91_t729
84258,q91_t730
84258,q91_t731
84259,q91_t731
84259,q91_t732
84260,q91_t733
84260,q91_t734
84261,q91_t734
84261,q91_t735
84262,q91_t736
84262,q91_t737
84263,q91_t737
84263,q91_t738
84264,q91_t739
84264,q91_t740
84265,q91_t740
84265,q91_t741
84266,q91_t742
84266,q91_t743
84267,q91_t743
84267,q91_t744
84268,q91_t745
84268,q91_t746
84269,q91_t746
84269,q91_t747
84270,q91_t748
84270,q91_t749
84271,q91_t749
84271,q91_t750
84272,q91_t751
84272,q91_t752
84273,q91_t752
84273,q91_t753
84274,q91_t754
84274,q91_t755
84275,q91_t755
84275,q91_t756
84276,q91_t757
84276,q91_t758
84277,q91_t758
84277,q91_t759
84278,q91_t760
84278,q91_t761
84279,q91_t761
84279,q91_t762
84280,q91_t763
84280,q91_t764
84281,q91_t764
84281,q91_t765
84282,q91_t766
84282,q91_t767
84283,q91_t767
84283,q91_t768
84284,q91_t769
84284,q91_t770
84285,q91_t770
84285,q91_t771
84286,q91_t772
84286,q91_t773
84287,q91_t773
84287,q91_t774
84288,q91_t775
84288,q91_t776
84289,q91_t776
84289,q91_t777
84290,q91_t778
84290,q91_t779
84291,q91_t779
84291,q91_t780
84292,q91_t781
84292,q91_t782
84293,q91_t782
84293,q91_t783
84294,q91_t784
84294,q91_t785
84295,q91_t785
84295,q91_t786
84296,q91_t787
84296,q91_t788
84297,q91_t788
84297,q91_t789
84298,q91_t790
84298,q91_t791
84299,q91_t791
84299,q91_t792
84300,q91_t793
84300,q91_t794
84301,q91_t794
84301,q91_t795
84302,q91_t796
84302,q91_t797
84303,q91_t797
84303,q91_t798
84304,q91_t799
84304,q91_t800
84305,q91_t800
84305,q91_t801
84306,q91_t802
84306,q91_t803
84307,q91_t803
84307,q91_t804
84308,q91_t805
84308,q91_t806
84309,q91_t806
84309,q91_t807
84310,q91_t808
84310,q91_t809
84311,q91_t809
84311,q91_t810
84312,q91_t811
84312,q91_t812
84313,q91_t812
84313,q91_t813
84314,q91_t814
84314,q91_t815
84315,q91_t815
84315,q91_t816
84316,q91_t817
84316,q91_t818
84317,q91_t818
84317,q91_t819
84318,q91_t820
84318,q91_t821
84319,q91_t821
84319,q91_t822
84320,q91_t823
84320,q91_t824
84321,q91_t824
84321,q91_t825
84322,q91_t826
84322,q91_t827
84323,q91_t827
84323,q91_t828
84324,q91_t829
84324,q91_t830
84325,q91_t830
84325,q91_t831
84326,q91_t832
84326,q91_t833
84327,q91_t833
84327,q91_t834
84328,q91_t835
84328,q91_t836
84329,q91_t836
84329,q91_t837
84330,q91_t838
84330,q91_t839
84331,q91_t839
84331,q91_t840
84332,q91_t841
84332,q91_t842
84333,q91_t842
84333,q91_t843
84334,q91_t844
84334,q91_t845
84335,q91_t845
84335,q91_t846
84336,q91_t847
84336,q91_t848
84337,q91_t848
84337,q91_t849
84338,q91_t850
84338,q91_t851
84339,q91_t851
84339,q91_t852
84340,q91_t853
84340,q91_t854
84341,q91_t854
84341,q91_t855
84342,q91_t856
84342,q91_t857
84343,q91_t857
84343,q91_t858
84344,q91_t859
84344,q91_t860
84345,q91_t860
84345,q91_t861
84346,q91_t862
84346,q91_t863
84347,q91_t863
84347,q91_t864
84348,q91_t865
84348,q91_t866
84349,q91_t866
84349,q91_t867
84350,q91_t868
84350,q91_t869
84351,q91_t869
84351,q91_t870
84352,q91_t871
84352,q91_t872
84353,q91_t872
84353,q91_t873
84354,q91_t874
84354,q91_t875
84355,q91_t875
84355,q91_t879
84356,q91_t879
84356,q91_t880
84356,q92_t879
84356,q92_t880
84357,q91_t880
84357,q91_t881
84358,q91_t881
84358,q91_t882
84359,q91_t882
84359,q91_t883
84359,q93_t882
84359,q93_t883
84360,q91_t883
84360,q91_t884
84361,q91_t884
84361,q91_t885
84362,q91_t885
84362,q91_t886
84362,q94_t885
84362,q94_t886
84363,q91_t886
84363,q91_t887
84364,q91_t887
84364,q91_t888
84365,q91_t888
84365,q91_t889
84365,q95_t888
84365,q95_t889
84366,q91_t889
84366,q91_t890
84367,q91_t890
84367,q91_t891
84368,q91_t891
84368,q91_t892
84368,q96_t891
84368,q96_t892
84369,q91_t892
84369,q91_t893
84370,q91_t893
84370,q91_t894
84371,q91_t894
84371,q91_t895
84371,q97_t894
84371,q97_t895
84372,q91_t895
84372,q91_t896
84373,q91_t896
84373,q91_t897
84374,q91_t897
84374,q91_t898
84374,q98_t897
84374,q98_t898
84375,q91_t898
84375,q91_t899
84376,q91_t899
84376,q91_t900
84377,q91_t900
84377,q91_t901
84377,q99_t900
84377,q99_t901
84378,q91_t901
84378,q91_t902
84379,q91_t902
84379,q91_t903
84380,q91_t904
84380,q91_t905
84381,q91_t905
84381,q91_t906
84382,q91_t907
84382,q91_t908
84383,q91_t908
84383,q91_t909
84384,q91_t910
84384,q91_t911
84385,q91_t911
84385,q91_t912
84386,q91_t913
84386,q91_t914
84387,q91_t914
84387,q91_t915
84388,q91_t916
84388,q91_t917
84389,q91_t917
84389,q91_t918
84390,q91_t919
84390,q91_t920
84391,q91_t920
84391,q91_t921
84392,q91_t922
84392,q91_t923
84393,q91_t923
84393,q91_t924
84394,q91_t925
84394,q91_t926
84395,q91_t926
84395,q91_t927
84396,q91_t928
84396,q91_t929
84397,q91_t929
84397,q91_t930
84398,q91_t931
84398,q91_t932
84399,q91_t932
84399,q91_t933
84400,q91_t933
84400,q91_t934
84401,q91_t935
84401,q91_t936
84402,q91_t936
84402,q91_t937
84403,q91_t938
84403,q91_t939
84404,q91_t939
84404,q91_t940
84405,q91_t941
84405,q91_t942
84406,q91_t942
84406,q91_t943
84407,q91_t944
84407,q91_t945
84408,q91_t945
84408,q91_t946
84409,q91_t947
84409,q91_t948
84410,q91_t948
84410,q91_t949
84411,q91_t950
84411,q91_t951
84412,q91_t951
84412,q91_t952
84413,q91_t953
84413,q91_t954
84414,q91_t954
84414,q91_t955
84415,q91_t956
84415,q91_t957
84416,q91_t957
84416,q91_t958
84417,q91_t959
84417,q91_t960
84418,q91_t960
84418,q91_t961
84419,q91_t961
84419,q91_t962
84419,q9_t961
84419,q9_t962
84420,q91_t962
84420,q91_t963
84421,q91_t963
84421,q91_t964
84422,q91_t965
84422,q91_t966
84423,q91_t966
84423,q91_t967
84424,q91_t968
84424,q91_t969
84425,q91_t969
84425,q91_t970
84426,q91_t971
84426,q91_t972
84427,q91_t972
84427,q91_t973
84428,q91_t974
84428,q91_t975
84429,q91_t975
84429,q91_t976
84430,q91_t977
84430,q91_t978
84431,q91_t978
84431,q91_t979
84432,q91_t980
84432,q91_t981
84433,q91_t981
84433,q91_t982
84434,q91_t983
84434,q91_t984
84435,q91_t984
84435,q91_t985
84436,q91_t986
84436,q91_t987
84437,q91_t987
84437,q91_t988
84438,q91_t989
84438,q91_t990
84439,q91_t990
84439,q91_t991
84440,q91_t992
84440,q91_t993
84441,q91_t993
84441,q91_t994
84442,q91_t995
84442,q91_t996
84443,q91_t996
84443,q91_t997
84444,q91_t998
84444,q91_t999
84445,q92_t0
84445,q92_t1
84446,q92_t1
84446,q92_t275
84447,q92_t1000
84447,q92_t999
84448,q92_t1001
84448,q92_t1002
84449,q92_t1002
84449,q92_t1003
84450,q92_t1004
84450,q92_t1005
84451,q92_t1005
84451,q92_t1006
84452,q92_t1007
84452,q92_t1008
84453,q92_t1008
84453,q92_t1009
84454,q92_t1010
84454,q92_t1011
84455,q92_t1011
84455,q92_t1012
84456,q92_t1013
84456,q92_t1014
84457,q92_t1014
84457,q92_t1015
84458,q92_t1016
84458,q92_t1017
84459,q92_t1017
84459,q92_t1018
84460,q92_t1019
84460,q92_t1020
84461,q92_t1020
84461,q92_t1021
84462,q92_t1022
84462,q92_t1023
84463,q92_t1023
84463,q92_t1024
84464,q92_t1025
84464,q92_t1026
84465,q92_t1026
84465,q92_t1027
84466,q92_t1028
84466,q92_t1029
84467,q92_t1029
84467,q92_t1030
84468,q92_t1031
84468,q92_t1032
84469,q92_t1032
84469,q92_t1033
84470,q92_t1034
84470,q92_t1035
84471,q92_t1035
84471,q92_t1036
84472,q92_t1037
84472,q92_t1038
84473,q92_t1038
84473,q92_t1039
84474,q92_t1040
84474,q92_t1041
84475,q92_t1041
84475,q92_t1042
84476,q92_t1043
84476,q92_t1044
84477,q92_t1044
84477,q92_t1045
84478,q92_t1046
84478,q92_t1047
84479,q92_t1047
84479,q92_t1048
84480,q92_t1049
84480,q92_t1050
84481,q92_t1050
84481,q92_t1051
84482,q92_t1052
84482,q92_t1053
84483,q92_t1053
84483,q92_t1054
84484,q92_t1055
84484,q92_t1056
84485,q92_t1056
84485,q92_t1057
84486,q92_t1058
84486,q92_t1059
84487,q92_t1059
84487,q92_t1060
84488,q92_t1061
84488,q92_t1062
84489,q92_t1062
84489,q92_t1063
84490,q92_t1064
84490,q92_t1065
84491,q92_t1065
84491,q92_t1066
84492,q92_t1067
84492,q92_t1068
84493,q92_t1068
84493,q92_t1069
84494,q92_t1070
84494,q92_t1071
84495,q92_t1071
84495,q92_t1072
84496,q92_t1073
84496,q92_t1074
84497,q92_t1074
84497,q92_t1075
84498,q92_t1076
84498,q92_t1077
84499,q92_t1077
84499,q92_t1078
84500,q92_t1079
84500,q92_t1080
84501,q92_t1080
84501,q92_t1081
84502,q92_t1082
84502,q92_t1083
84503,q92_t1083
84503,q92_t1084
84504,q92_t1085
84504,q92_t1086
84505,q92_t1086
84505,q92_t1087
84506,q92_t1088
84506,q92_t1089
84507,q92_t1089
84507,q92_t1090
84508,q92_t1091
84508,q92_t1092
84509,q92_t1092
84509,q92_t1093
84510,q92_t1094
84510,q92_t1095
84511,q92_t1095
84511,q92_t1096
84512,q92_t1097
84512,q92_t1098
84513,q92_t1098
84513,q92_t1099
84514,q92_t1100
84514,q92_t1101
84515,q92_t1101
84515,q92_t1102
84516,q92_t1103
84516,q92_t1104
84517,q92_t1104
84517,q92_t1105
84518,q92_t1106
84518,q92_t1107
84519,q92_t1107
84519,q92_t1108
84520,q92_t1109
84520,q92_t1110
84521,q92_t1110
84521,q92_t1111
84522,q92_t1112
84522,q92_t1113
84523,q92_t1113
84523,q92_t1114
84524,q92_t1115
84524,q92_t1116
84525,q92_t1116
84525,q92_t1117
84526,q92_t1118
84526,q92_t1119
84527,q92_t1119
84527,q92_t1120
84528,q92_t1121
84528,q92_t1122
84529,q92_t1122
84529,q92_t1123
84530,q92_t1124
84530,q92_t1125
84531,q92_t1125
84531,q92_t1126
84532,q92_t1127
84532,q92_t1128
84533,q92_t1128
84533,q92_t1129
84534,q92_t1130
84534,q92_t1131
84535,q92_t1131
84535,q92_t1132
84536,q92_t1133
84536,q92_t1134
84537,q92_t1134
84537,q92_t1135
84538,q92_t1136
84538,q92_t1137
84539,q92_t1137
84539,q92_t1138
84540,q92_t1139
84540,q92_t1140
84541,q92_t1140
84541,q92_t1141
84542,q92_t1142
84542,q92_t1143
84543,q92_t1143
84543,q92_t1144
84544,q92_t1145
84544,q92_t1146
84545,q92_t1146
84545,q92_t1147
84546,q92_t1148
84546,q92_t1149
84547,q92_t1149
84547,q92_t1150
84548,q92_t1151
84548,q92_t1152
84549,q92_t1152
84549,q92_t1153
84550,q92_t1154
84550,q92_t1155
84551,q92_t1155
84551,q92_t1156
84552,q92_t1157
84552,q92_t1158
84553,q92_t1158
84553,q92_t1159
84554,q92_t1160
84554,q92_t1161
84555,q92_t1161
84555,q92_t1162
84556,q92_t1163
84556,q92_t1164
84557,q92_t1164
84557,q92_t1165
84558,q92_t1166
84558,q92_t1167
84559,q92_t1167
84559,q92_t1168
84560,q92_t1169
84560,q92_t1170
84561,q92_t1170
84561,q92_t1171
84562,q92_t1172
84562,q92_t1173
84563,q92_t1173
84563,q92_t1174
84564,q92_t1175
84564,q92_t1176
84565,q92_t1176
84565,q92_t1177
84566,q92_t1178
84566,q92_t1179
84567,q92_t1179
84567,q92_t1180
84568,q92_t1181
84568,q92_t1182
84569,q92_t1182
84569,q92_t1183
84570,q92_t1184
84570,q92_t1185
84571,q92_t1185
84571,q92_t1186
84572,q92_t1187
84572,q92_t1188
84573,q92_t1188
84573,q92_t1189
84574,q92_t1190
84574,q92_t1191
84575,q92_t1191
84575,q92_t1192
84576,q92_t1193
84576,q92_t1194
84577,q92_t1194
84577,q92_t1195
84578,q92_t1196
84578,q92_t1197
84579,q92_t1197
84579,q92_t1198
84580,q92_t1199
84580,q92_t1200
84581,q92_t1200
84581,q92_t1201
84582,q92_t1202
84582,q92_t1203
84583,q92_t1203
84583,q92_t1204
84584,q92_t1205
84584,q92_t1206
84585,q92_t1206
84585,q92_t1207
84586,q92_t1208
84586,q92_t1209
84587,q92_t1209
84587,q92_t1210
84588,q92_t1211
84588,q92_t1212
84589,q92_t1212
84589,q92_t1216
84590,q92_t1216
84590,q92_t1217
84590,q93_t1216
84590,q93_t1217
84591,q92_t1217
84591,q92_t1218
84592,q92_t1218
84592,q92_t1219
84593,q92_t1219
84593,q92_t1220
84593,q94_t1219
84593,q94_t1220
84594,q92_t1220
84594,q92_t1221
84595,q92_t1221
84595,q92_t1222
84596,q92_t1222
84596,q92_t1223
84596,q95_t1222
84596,q95_t1223
84597,q92_t1223
84597,q92_t1224
84598,q92_t1224
84598,q92_t1225
84599,q92_t1225
84599,q92_t1226
84599,q96_t1225
84599,q96_t1226
84600,q92_t1226
84600,q92_t1227
84601,q92_t1227
84601,q92_t1228
84602,q92_t1228
84602,q92_t1229
84602,q97_t1228
84602,q97_t1229
84603,q92_t1229
84603,q92_t1230
84604,q92_t1230
84604,q92_t1231
84605,q92_t1231
84605,q92_t1232
84605,q98_t1231
84605,q98_t1232
84606,q92_t1232
84606,q92_t1233
84607,q92_t1233
84607,q92_t1234
84608,q92_t1234
84608,q92_t1235
84608,q99_t1234
84608,q99_t1235
84609,q92_t1235
84609,q92_t1236
84610,q92_t1236
84610,q92_t1237
84611,q92_t1238
84611,q92_t1239
84612,q92_t1239
84612,q92_t1240
84613,q92_t1241
84613,q92_t1242
84614,q92_t1242
84614,q92_t1243
84615,q92_t1244
84615,q92_t1245
84616,q92_t1245
84616,q92_t1246
84617,q92_t1247
84617,q92_t1248
84618,q92_t1248
84618,q92_t1249
84619,q92_t1250
84619,q92_t1251
84620,q92_t1251
84620,q92_t1252
84621,q92_t1253
84621,q92_t1254
84622,q92_t1254
84622,q92_t1255
84623,q92_t1256
84623,q92_t1257
84624,q92_t1257
84624,q92_t1258
84625,q92_t1259
84625,q92_t1260
84626,q92_t1260
84626,q92_t1261
84627,q92_t1262
84627,q92_t1263
84628,q92_t1263
84628,q92_t1264
84629,q92_t1265
84629,q92_t1266
84630,q92_t1266
84630,q92_t1267
84631,q92_t276
84631,q92_t277
84632,q92_t277
84632,q92_t278
84633,q92_t279
84633,q92_t280
84634,q92_t280
84634,q92_t281
84635,q92_t282
84635,q92_t283
84636,q92_t283
84636,q92_t284
84637,q92_t285
84637,q92_t286
84638,q92_t286
84638,q92_t287
84639,q92_t288
84639,q92_t289
84640,q92_t289
84640,q92_t290
84641,q92_t291
84641,q92_t292
84642,q92_t292
84642,q92_t293
84643,q92_t294
84643,q92_t295
84644,q92_t295
84644,q92_t296
84645,q92_t297
84645,q92_t298
84646,q92_t298
84646,q92_t299
84647,q92_t300
84647,q92_t301
84648,q92_t301
84648,q92_t302
84649,q92_t302
84649,q92_t303
84649,q9_t302
84649,q9_t303
84650,q92_t303
84650,q92_t304
84651,q92_t304
84651,q92_t305
84652,q92_t306
84652,q92_t307
84653,q92_t307
84653,q92_t308
84654,q92_t309
84654,q92_t310
84655,q92_t310
84655,q92_t311
84656,q92_t312
84656,q92_t313
84657,q92_t313
84657,q92_t314
84658,q92_t315
84658,q92_t316
84659,q92_t316
84659,q92_t317
84660,q92_t318
84660,q92_t319
84661,q92_t319
84661,q92_t320
84662,q92_t321
84662,q92_t322
84663,q92_t322
84663,q92_t323
84664,q92_t324
84664,q92_t325
84665,q92_t325
84665,q92_t326
84666,q92_t327
84666,q92_t328
84667,q92_t328
84667,q92_t329
84668,q92_t330
84668,q92_t331
84669,q92_t331
84669,q92_t332
84670,q92_t333
84670,q92_t334
84671,q92_t334
84671,q92_t335
84672,q92_t336
84672,q92_t337
84673,q92_t337
84673,q92_t338
84674,q92_t339
84674,q92_t340
84675,q92_t340
84675,q92_t341
84676,q92_t342
84676,q92_t343
84677,q92_t343
84677,q92_t344
84678,q92_t345
84678,q92_t346
84679,q92_t346
84679,q92_t347
84680,q92_t348
84680,q92_t349
84681,q92_t349
84681,q92_t350
84682,q92_t351
84682,q92_t352
84683,q92_t352
84683,q92_t353
84684,q92_t354
84684,q92_t355
84685,q92_t355
84685,q92_t356
84686,q92_t357
84686,q92_t358
84687,q92_t358
84687,q92_t359
84688,q92_t360
84688,q92_t361
84689,q92_t361
84689,q92_t362
84690,q92_t363
84690,q92_t364
84691,q92_t364
84691,q92_t365
84692,q92_t366
84692,q92_t367
84693,q92_t367
84693,q92_t368
84694,q92_t369
84694,q92_t370
84695,q92_t370
84695,q92_t371
84696,q92_t372
84696,q92_t373
84697,q92_t373
84697,q92_t374
84698,q92_t375
84698,q92_t376
84699,q92_t376
84699,q92_t377
84700,q92_t378
84700,q92_t379
84701,q92_t379
84701,q92_t380
84702,q92_t381
84702,q92_t382
84703,q92_t382
84703,q92_t383
84704,q92_t384
84704,q92_t385
84705,q92_t385
84705,q92_t386
84706,q92_t387
84706,q92_t388
84707,q92_t388
84707,q92_t389
84708,q92_t390
84708,q92_t391
84709,q92_t391
84709,q92_t392
84710,q92_t393
84710,q92_t394
84711,q92_t394
84711,q92_t395
84712,q92_t396
84712,q92_t397
84713,q92_t397
84713,q92_t398
84714,q92_t399
84714,q92_t400
84715,q92_t400
84715,q92_t401
84716,q92_t402
84716,q92_t403
84717,q92_t403
84717,q92_t404
84718,q92_t405
84718,q92_t406
84719,q92_t406
84719,q92_t407
84720,q92_t408
84720,q92_t409
84721,q92_t409
84721,q92_t410
84722,q92_t411
84722,q92_t412
84723,q92_t412
84723,q92_t413
84724,q92_t414
84724,q92_t415
84725,q92_t415
84725,q92_t416
84726,q92_t417
84726,q92_t418
84727,q92_t418
84727,q92_t419
84728,q92_t420
84728,q92_t421
84729,q92_t421
84729,q92_t422
84730,q92_t423
84730,q92_t424
84731,q92_t424
84731,q92_t425
84732,q92_t426
84732,q92_t427
84733,q92_t427
84733,q92_t428
84734,q92_t429
84734,q92_t430
84735,q92_t430
84735,q92_t431
84736,q92_t432
84736,q92_t433
84737,q92_t433
84737,q92_t434
84738,q92_t435
84738,q92_t436
84739,q92_t436
84739,q92_t437
84740,q92_t438
84740,q92_t439
84741,q92_t439
84741,q92_t440
84742,q92_t441
84742,q92_t442
84743,q92_t442
84743,q92_t443
84744,q92_t444
84744,q92_t445
84745,q92_t445
84745,q92_t446
84746,q92_t447
84746,q92_t448
84747,q92_t448
84747,q92_t449
84748,q92_t450
84748,q92_t451
84749,q92_t451
84749,q92_t452
84750,q92_t453
84750,q92_t454
84751,q92_t454
84751,q92_t455
84752,q92_t456
84752,q92_t457
84753,q92_t457
84753,q92_t458
84754,q92_t459
84754,q92_t460
84755,q92_t460
84755,q92_t461
84756,q92_t462
84756,q92_t463
84757,q92_t463
84757,q92_t464
84758,q92_t465
84758,q92_t466
84759,q92_t466
84759,q92_t467
84760,q92_t468
84760,q92_t469
84761,q92_t469
84761,q92_t470
84762,q92_t471
84762,q92_t472
84763,q92_t472
84763,q92_t473
84764,q92_t474
84764,q92_t475
84765,q92_t475
84765,q92_t476
84766,q92_t477
84766,q92_t478
84767,q92_t478
84767,q92_t479
84768,q92_t480
84768,q92_t481
84769,q92_t481
84769,q92_t482
84770,q92_t483
84770,q92_t484
84771,q92_t484
84771,q92_t485
84772,q92_t486
84772,q92_t487
84773,q92_t487
84773,q92_t488
84774,q92_t489
84774,q92_t490
84775,q92_t490
84775,q92_t491
84776,q92_t492
84776,q92_t493
84777,q92_t493
84777,q92_t494
84778,q92_t495
84778,q92_t496
84779,q92_t496
84779,q92_t497
84780,q92_t498
84780,q92_t499
84781,q92_t499
84781,q92_t500
84782,q92_t501
84782,q92_t502
84783,q92_t502
84783,q92_t503
84784,q92_t504
84784,q92_t505
84785,q92_t505
84785,q92_t506
84786,q92_t507
84786,q92_t508
84787,q92_t508
84787,q92_t509
84788,q92_t510
84788,q92_t511
84789,q92_t511
84789,q92_t512
84790,q92_t513
84790,q92_t514
84791,q92_t514
84791,q92_t515
84792,q92_t516
84792,q92_t517
84793,q92_t517
84793,q92_t518
84794,q92_t519
84794,q92_t520
84795,q92_t520
84795,q92_t521
84796,q92_t522
84796,q92_t523
84797,q92_t523
84797,q92_t524
84798,q92_t525
84798,q92_t526
84799,q92_t526
84799,q92_t527
84800,q92_t528
84800,q92_t529
84801,q92_t529
84801,q92_t530
84802,q92_t531
84802,q92_t532
84803,q92_t532
84803,q92_t533
84804,q92_t534
84804,q92_t535
84805,q92_t535
84805,q92_t536
84806,q92_t537
84806,q92_t538
84807,q92_t538
84807,q92_t539
84808,q92_t540
84808,q92_t541
84809,q92_t541
84809,q92_t542
84810,q92_t543
84810,q92_t544
84811,q92_t544
84811,q92_t545
84812,q92_t546
84812,q92_t547
84813,q92_t547
84813,q92_t548
84814,q92_t549
84814,q92_t550
84815,q92_t550
84815,q92_t554
84816,q92_t554
84816,q92_t555
84816,q93_t554
84816,q93_t555
84817,q92_t555
84817,q92_t556
84818,q92_t556
84818,q92_t557
84819,q92_t557
84819,q92_t558
84819,q94_t557
84819,q94_t558
84820,q92_t558
84820,q92_t559
84821,q92_t559
84821,q92_t560
84822,q92_t560
84822,q92_t561
84822,q95_t560
84822,q95_t561
84823,q92_t561
84823,q92_t562
84824,q92_t562
84824,q92_t563
84825,q92_t563
84825,q92_t564
84825,q96_t563
84825,q96_t564
84826,q92_t564
84826,q92_t565
84827,q92_t565
84827,q92_t566
84828,q92_t566
84828,q92_t567
84828,q97_t566
84828,q97_t567
84829,q92_t567
84829,q92_t568
84830,q92_t568
84830,q92_t569
84831,q92_t569
84831,q92_t570
84831,q98_t569
84831,q98_t570
84832,q92_t570
84832,q92_t571
84833,q92_t571
84833,q92_t572
84834,q92_t572
84834,q92_t573
84834,q99_t572
84834,q99_t573
84835,q92_t573
84835,q92_t574
84836,q92_t574
84836,q92_t575
84837,q92_t576
84837,q92_t577
84838,q92_t577
84838,q92_t578
84839,q92_t579
84839,q92_t580
84840,q92_t580
84840,q92_t581
84841,q92_t582
84841,q92_t583
84842,q92_t583
84842,q92_t584
84843,q92_t585
84843,q92_t586
84844,q92_t586
84844,q92_t587
84845,q92_t588
84845,q92_t589
84846,q92_t589
84846,q92_t590
84847,q92_t591
84847,q92_t592
84848,q92_t592
84848,q92_t593
84849,q92_t594
84849,q92_t595
84850,q92_t595
84850,q92_t596
84851,q92_t597
84851,q92_t598
84852,q92_t598
84852,q92_t599
84853,q92_t600
84853,q92_t601
84854,q92_t601
84854,q92_t602
84855,q92_t603
84855,q92_t604
84856,q92_t604
84856,q92_t605
84857,q92_t605
84857,q92_t606
84858,q92_t607
84858,q92_t608
84859,q92_t608
84859,q92_t609
84860,q92_t610
84860,q92_t611
84861,q92_t611
84861,q92_t612
84862,q92_t613
84862,q92_t614
84863,q92_t614
84863,q92_t615
84864,q92_t616
84864,q92_t617
84865,q92_t617
84865,q92_t618
84866,q92_t619
84866,q92_t620
84867,q92_t620
84867,q92_t621
84868,q92_t622
84868,q92_t623
84869,q92_t623
84869,q92_t624
84870,q92_t625
84870,q92_t626
84871,q92_t626
84871,q92_t627
84872,q92_t628
84872,q92_t629
84873,q92_t629
84873,q92_t630
84874,q92_t631
84874,q92_t632
84875,q92_t632
84875,q92_t633
84876,q92_t633
84876,q92_t634
84876,q9_t633
84876,q9_t634
84877,q92_t634
84877,q92_t635
84878,q92_t635
84878,q92_t636
84879,q92_t637
84879,q92_t638
84880,q92_t638
84880,q92_t639
84881,q92_t640
84881,q92_t641
84882,q92_t641
84882,q92_t642
84883,q92_t643
84883,q92_t644
84884,q92_t644
84884,q92_t645
84885,q92_t646
84885,q92_t647
84886,q92_t647
84886,q92_t648
84887,q92_t649
84887,q92_t650
84888,q92_t650
84888,q92_t651
84889,q92_t652
84889,q92_t653
84890,q92_t653
84890,q92_t654
84891,q92_t655
84891,q92_t656
84892,q92_t656
84892,q92_t657
84893,q92_t658
84893,q92_t659
84894,q92_t659
84894,q92_t660
84895,q92_t661
84895,q92_t662
84896,q92_t662
84896,q92_t663
84897,q92_t664
84897,q92_t665
84898,q92_t665
84898,q92_t666
84899,q92_t667
84899,q92_t668
84900,q92_t668
84900,q92_t669
84901,q92_t670
84901,q92_t671
84902,q92_t671
84902,q92_t672
84903,q92_t673
84903,q92_t674
84904,q92_t674
84904,q92_t675
84905,q92_t676
84905,q92_t677
84906,q92_t677
84906,q92_t678
84907,q92_t679
84907,q92_t680
84908,q92_t680
84908,q92_t681
84909,q92_t682
84909,q92_t683
84910,q92_t683
84910,q92_t684
84911,q92_t685
84911,q92_t686
84912,q92_t686
84912,q92_t687
84913,q92_t688
84913,q92_t689
84914,q92_t689
84914,q92_t690
84915,q92_t691
84915,q92_t692
84916,q92_t692
84916,q92_t693
84917,q92_t694
84917,q92_t695
84918,q92_t695
84918,q92_t696
84919,q92_t697
84919,q92_t698
84920,q92_t698
84920,q92_t699
84921,q92_t700
84921,q92_t701
84922,q92_t701
84922,q92_t702
84923,q92_t703
84923,q92_t704
84924,q92_t704
84924,q92_t705
84925,q92_t706
84925,q92_t707
84926,q92_t707
84926,q92_t708
84927,q92_t709
84927,q92_t710
84928,q92_t710
84928,q92_t711
84929,q92_t712
84929,q92_t713
84930,q92_t713
84930,q92_t714
84931,q92_t715
84931,q92_t716
84932,q92_t716
84932,q92_t717
84933,q92_t718
84933,q92_t719
84934,q92_t719
84934,q92_t720
84935,q92_t721
84935,q92_t722
84936,q92_t722
84936,q92_t723
84937,q92_t724
84937,q92_t725
84938,q92_t725
84938,q92_t726
84939,q92_t727
84939,q92_t728
84940,q92_t728
84940,q92_t729
84941,q92_t730
84941,q92_t731
84942,q92_t731
84942,q92_t732
84943,q92_t733
84943,q92_t734
84944,q92_t734
84944,q92_t735
84945,q92_t736
84945,q92_t737
84946,q92_t737
84946,q92_t738
84947,q92_t739
84947,q92_t740
84948,q92_t740
84948,q92_t741
84949,q92_t742
84949,q92_t743
84950,q92_t743
84950,q92_t744
84951,q92_t745
84951,q92_t746
84952,q92_t746
84952,q92_t747
84953,q92_t748
84953,q92_t749
84954,q92_t749
84954,q92_t750
84955,q92_t751
84955,q92_t752
84956,q92_t752
84956,q92_t753
84957,q92_t754
84957,q92_t755
84958,q92_t755
84958,q92_t756
84959,q92_t757
84959,q92_t758
84960,q92_t758
84960,q92_t759
84961,q92_t760
84961,q92_t761
84962,q92_t761
84962,q92_t762
84963,q92_t763
84963,q92_t764
84964,q92_t764
84964,q92_t765
84965,q92_t766
84965,q92_t767
84966,q92_t767
84966,q92_t768
84967,q92_t769
84967,q92_t770
84968,q92_t770
84968,q92_t771
84969,q92_t772
84969,q92_t773
84970,q92_t773
84970,q92_t774
84971,q92_t775
84971,q92_t776
84972,q92_t776
84972,q92_t777
84973,q92_t778
84973,q92_t779
84974,q92_t779
84974,q92_t780
84975,q92_t781
84975,q92_t782
84976,q92_t782
84976,q92_t783
84977,q92_t784
84977,q92_t785
84978,q92_t785
84978,q92_t786
84979,q92_t787
84979,q92_t788
84980,q92_t788
84980,q92_t789
84981,q92_t790
84981,q92_t791
84982,q92_t791
84982,q92_t792
84983,q92_t793
84983,q92_t794
84984,q92_t794
84984,q92_t795
84985,q92_t796
84985,q92_t797
84986,q92_t797
84986,q92_t798
84987,q92_t799
84987,q92_t800
84988,q92_t800
84988,q92_t801
84989,q92_t802
84989,q92_t803
84990,q92_t803
84990,q92_t804
84991,q92_t805
84991,q92_t806
84992,q92_t806
84992,q92_t807
84993,q92_t808
84993,q92_t809
84994,q92_t809
84994,q92_t810
84995,q92_t811
84995,q92_t812
84996,q92_t812
84996,q92_t813
84997,q92_t814
84997,q92_t815
84998,q92_t815
84998,q92_t816
84999,q92_t817
84999,q92_t818
85000,q92_t818
85000,q92_t819
85001,q92_t820
85001,q92_t821
85002,q92_t821
85002,q92_t822
85003,q92_t823
85003,q92_t824
85004,q92_t824
85004,q92_t825
85005,q92_t826
85005,q92_t827
85006,q92_t827
85006,q92_t828
85007,q92_t829
85007,q92_t830
85008,q92_t830
85008,q92_t831
85009,q92_t832
85009,q92_t833
85010,q92_t833
85010,q92_t834
85011,q92_t835
85011,q92_t836
85012,q92_t836
85012,q92_t837
85013,q92_t838
85013,q92_t839
85014,q92_t839
85014,q92_t840
85015,q92_t841
85015,q92_t842
85016,q92_t842
85016,q92_t843
85017,q92_t844
85017,q92_t845
85018,q92_t845
85018,q92_t846
85019,q92_t847
85019,q92_t848
85020,q92_t848
85020,q92_t849
85021,q92_t850
85021,q92_t851
85022,q92_t851
85022,q92_t852
85023,q92_t853
85023,q92_t854
85024,q92_t854
85024,q92_t855
85025,q92_t856
85025,q92_t857
85026,q92_t857
85026,q92_t858
85027,q92_t859
85027,q92_t860
85028,q92_t860
85028,q92_t861
85029,q92_t862
85029,q92_t863
85030,q92_t863
85030,q92_t864
85031,q92_t865
85031,q92_t866
85032,q92_t866
85032,q92_t867
85033,q92_t868
85033,q92_t869
85034,q92_t869
85034,q92_t870
85035,q92_t871
85035,q92_t872
85036,q92_t872
85036,q92_t873
85037,q92_t874
85037,q92_t875
85038,q92_t875
85038,q92_t876
85039,q92_t877
85039,q92_t878
85040,q92_t878
85040,q92_t879
85041,q92_t880
85041,q92_t881
85042,q92_t881
85042,q92_t885
85043,q92_t885
85043,q92_t886
85043,q93_t885
85043,q93_t886
85044,q92_t886
85044,q92_t887
85045,q92_t887
85045,q92_t888
85046,q92_t888
85046,q92_t889
85046,q94_t888
85046,q94_t889
85047,q92_t889
85047,q92_t890
85048,q92_t890
85048,q92_t891
85049,q92_t891
85049,q92_t892
85049,q95_t891
85049,q95_t892
85050,q92_t892
85050,q92_t893
85051,q92_t893
85051,q92_t894
85052,q92_t894
85052,q92_t895
85052,q96_t894
85052,q96_t895
85053,q92_t895
85053,q92_t896
85054,q92_t896
85054,q92_t897
85055,q92_t897
85055,q92_t898
85055,q97_t897
85055,q97_t898
85056,q92_t898
85056,q92_t899
85057,q92_t899
85057,q92_t900
85058,q92_t900
85058,q92_t901
85058,q98_t900
85058,q98_t901
85059,q92_t901
85059,q92_t902
85060,q92_t902
85060,q92_t903
85061,q92_t903
85061,q92_t904
85061,q99_t903
85061,q99_t904
85062,q92_t904
85062,q92_t905
85063,q92_t905
85063,q92_t906
85064,q92_t907
85064,q92_t908
85065,q92_t908
85065,q92_t909
85066,q92_t910
85066,q92_t911
85067,q92_t911
85067,q92_t912
85068,q92_t913
85068,q92_t914
85069,q92_t914
85069,q92_t915
85070,q92_t916
85070,q92_t917
85071,q92_t917
85071,q92_t918
85072,q92_t919
85072,q92_t920
85073,q92_t920
85073,q92_t921
85074,q92_t922
85074,q92_t923
85075,q92_t923
85075,q92_t924
85076,q92_t925
85076,q92_t926
85077,q92_t926
85077,q92_t927
85078,q92_t928
85078,q92_t929
85079,q92_t929
85079,q92_t930
85080,q92_t931
85080,q92_t932
85081,q92_t932
85081,q92_t933
85082,q92_t934
85082,q92_t935
85083,q92_t935
85083,q92_t936
85084,q92_t936
85084,q92_t937
85085,q92_t938
85085,q92_t939
85086,q92_t939
85086,q92_t940
85087,q92_t941
85087,q92_t942
85088,q92_t942
85088,q92_t943
85089,q92_t944
85089,q92_t945
85090,q92_t945
85090,q92_t946
85091,q92_t947
85091,q92_t948
85092,q92_t948
85092,q92_t949
85093,q92_t950
85093,q92_t951
85094,q92_t951
85094,q92_t952
85095,q92_t953
85095,q92_t954
85096,q92_t954
85096,q92_t955
85097,q92_t956
85097,q92_t957
85098,q92_t957
85098,q92_t958
85099,q92_t959
85099,q92_t960
85100,q92_t960
85100,q92_t961
85101,q92_t962
85101,q92_t963
85102,q92_t963
85102,q92_t964
85103,q92_t964
85103,q92_t965
85103,q9_t964
85103,q9_t965
85104,q92_t965
85104,q92_t966
85105,q92_t966
85105,q92_t967
85106,q92_t968
85106,q92_t969
85107,q92_t969
85107,q92_t970
85108,q92_t971
85108,q92_t972
85109,q92_t972
85109,q92_t973
85110,q92_t974
85110,q92_t975
85111,q92_t975
85111,q92_t976
85112,q92_t977
85112,q92_t978
85113,q92_t978
85113,q92_t979
85114,q92_t980
85114,q92_t981
85115,q92_t981
85115,q92_t982
85116,q92_t983
85116,q92_t984
85117,q92_t984
85117,q92_t985
85118,q92_t986
85118,q92_t987
85119,q92_t987
85119,q92_t988
85120,q92_t989
85120,q92_t990
85121,q92_t990
85121,q92_t991
85122,q92_t992
85122,q92_t993
85123,q92_t993
85123,q92_t994
85124,q92_t995
85124,q92_t996
85125,q92_t996
85125,q92_t997
85126,q92_t998
85126,q92_t999
85127,q93_t0
85127,q93_t1
85128,q93_t1
85128,q93_t278
85129,q93_t1000
85129,q93_t999
85130,q93_t1001
85130,q93_t1002
85131,q93_t1002
85131,q93_t1003
85132,q93_t1004
85132,q93_t1005
85133,q93_t1005
85133,q93_t1006
85134,q93_t1007
85134,q93_t1008
85135,q93_t1008
85135,q93_t1009
85136,q93_t1010
85136,q93_t1011
85137,q93_t1011
85137,q93_t1012
85138,q93_t1013
85138,q93_t1014
85139,q93_t1014
85139,q93_t1015
85140,q93_t1016
85140,q93_t1017
85141,q93_t1017
85141,q93_t1018
85142,q93_t1019
85142,q93_t1020
85143,q93_t1020
85143,q93_t1021
85144,q93_t1022
85144,q93_t1023
85145,q93_t1023
85145,q93_t1024
85146,q93_t1025
85146,q93_t1026
85147,q93_t1026
85147,q93_t1027
85148,q93_t1028
85148,q93_t1029
85149,q93_t1029
85149,q93_t1030
85150,q93_t1031
85150,q93_t1032
85151,q93_t1032
85151,q93_t1033
85152,q93_t1034
85152,q93_t1035
85153,q93_t1035
85153,q93_t1036
85154,q93_t1037
85154,q93_t1038
85155,q93_t1038
85155,q93_t1039
85156,q93_t1040
85156,q93_t1041
85157,q93_t1041
85157,q93_t1042
85158,q93_t1043
85158,q93_t1044
85159,q93_t1044
85159,q93_t1045
85160,q93_t1046
85160,q93_t1047
85161,q93_t1047
85161,q93_t1048
85162,q93_t1049
85162,q93_t1050
85163,q93_t1050
85163,q93_t1051
85164,q93_t1052
85164,q93_t1053
85165,q93_t1053
85165,q93_t1054
85166,q93_t1055
85166,q93_t1056
85167,q93_t1056
85167,q93_t1057
85168,q93_t1058
85168,q93_t1059
85169,q93_t1059
85169,q93_t1060
85170,q93_t1061
85170,q93_t1062
85171,q93_t1062
85171,q93_t1063
85172,q93_t1064
85172,q93_t1065
85173,q93_t1065
85173,q93_t1066
85174,q93_t1067
85174,q93_t1068
85175,q93_t1068
85175,q93_t1069
85176,q93_t1070
85176,q93_t1071
85177,q93_t1071
85177,q93_t1072
85178,q93_t1073
85178,q93_t1074
85179,q93_t1074
85179,q93_t1075
85180,q93_t1076
85180,q93_t1077
85181,q93_t1077
85181,q93_t1078
85182,q93_t1079
85182,q93_t1080
85183,q93_t1080
85183,q93_t1081
85184,q93_t1082
85184,q93_t1083
85185,q93_t1083
85185,q93_t1084
85186,q93_t1085
85186,q93_t1086
85187,q93_t1086
85187,q93_t1087
85188,q93_t1088
85188,q93_t1089
85189,q93_t1089
85189,q93_t1090
85190,q93_t1091
85190,q93_t1092
85191,q93_t1092
85191,q93_t1093
85192,q93_t1094
85192,q93_t1095
85193,q93_t1095
85193,q93_t1096
85194,q93_t1097
85194,q93_t1098
85195,q93_t1098
85195,q93_t1099
85196,q93_t1100
85196,q93_t1101
85197,q93_t1101
85197,q93_t1102
85198,q93_t1103
85198,q93_t1104
85199,q93_t1104
85199,q93_t1105
85200,q93_t1106
85200,q93_t1107
85201,q93_t1107
85201,q93_t1108
85202,q93_t1109
85202,q93_t1110
85203,q93_t1110
85203,q93_t1111
85204,q93_t1112
85204,q93_t1113
85205,q93_t1113
85205,q93_t1114
85206,q93_t1115
85206,q93_t1116
85207,q93_t1116
85207,q93_t1117
85208,q93_t1118
85208,q93_t1119
85209,q93_t1119
85209,q93_t1120
85210,q93_t1121
85210,q93_t1122
85211,q93_t1122
85211,q93_t1123
85212,q93_t1124
85212,q93_t1125
85213,q93_t1125
85213,q93_t1126
85214,q93_t1127
85214,q93_t1128
85215,q93_t1128
85215,q93_t1129
85216,q93_t1130
85216,q93_t1131
85217,q93_t1131
85217,q93_t1132
85218,q93_t1133
85218,q93_t1134
85219,q93_t1134
85219,q93_t1135
85220,q93_t1136
85220,q93_t1137
85221,q93_t1137
85221,q93_t1138
85222,q93_t1139
85222,q93_t1140
85223,q93_t1140
85223,q93_t1141
85224,q93_t1142
85224,q93_t1143
85225,q93_t1143
85225,q93_t1144
85226,q93_t1145
85226,q93_t1146
85227,q93_t1146
85227,q93_t1147
85228,q93_t1148
85228,q93_t1149
85229,q93_t1149
85229,q93_t1150
85230,q93_t1151
85230,q93_t1152
85231,q93_t1152
85231,q93_t1153
85232,q93_t1154
85232,q93_t1155
85233,q93_t1155
85233,q93_t1156
85234,q93_t1157
85234,q93_t1158
85235,q93_t1158
85235,q93_t1159
85236,q93_t1160
85236,q93_t1161
85237,q93_t1161
85237,q93_t1162
85238,q93_t1163
85238,q93_t1164
85239,q93_t1164
85239,q93_t1165
85240,q93_t1166
85240,q93_t1167
85241,q93_t1167
85241,q93_t1168
85242,q93_t1169
85242,q93_t1170
85243,q93_t1170
85243,q93_t1171
85244,q93_t1172
85244,q93_t1173
85245,q93_t1173
85245,q93_t1174
85246,q93_t1175
85246,q93_t1176
85247,q93_t1176
85247,q93_t1177
85248,q93_t1178
85248,q93_t1179
85249,q93_t1179
85249,q93_t1180
85250,q93_t1181
85250,q93_t1182
85251,q93_t1182
85251,q93_t1183
85252,q93_t1184
85252,q93_t1185
85253,q93_t1185
85253,q93_t1186
85254,q93_t1187
85254,q93_t1188
85255,q93_t1188
85255,q93_t1189
85256,q93_t1190
85256,q93_t1191
85257,q93_t1191
85257,q93_t1192
85258,q93_t1193
85258,q93_t1194
85259,q93_t1194
85259,q93_t1195
85260,q93_t1196
85260,q93_t1197
85261,q93_t1197
85261,q93_t1198
85262,q93_t1199
85262,q93_t1200
85263,q93_t1200
85263,q93_t1201
85264,q93_t1202
85264,q93_t1203
85265,q93_t1203
85265,q93_t1204
85266,q93_t1205
85266,q93_t1206
85267,q93_t1206
85267,q93_t1207
85268,q93_t1208
85268,q93_t1209
85269,q93_t1209
85269,q93_t1210
85270,q93_t1211
85270,q93_t1212
85271,q93_t1212
85271,q93_t1213
85272,q93_t1214
85272,q93_t1215
85273,q93_t1215
85273,q93_t1216
85274,q93_t1217
85274,q93_t1218
85275,q93_t1218
85275,q93_t1222
85276,q93_t1222
85276,q93_t1223
85276,q94_t1222
85276,q94_t1223
85277,q93_t1223
85277,q93_t1224
85278,q93_t1224
85278,q93_t1225
85279,q93_t1225
85279,q93_t1226
85279,q95_t1225
85279,q95_t1226
85280,q93_t1226
85280,q93_t1227
85281,q93_t1227
85281,q93_t1228
85282,q93_t1228
85282,q93_t1229
85282,q96_t1228
85282,q96_t1229
85283,q93_t1229
85283,q93_t1230
85284,q93_t1230
85284,q93_t1231
85285,q93_t1231
85285,q93_t1232
85285,q97_t1231
85285,q97_t1232
85286,q93_t1232
85286,q93_t1233
85287,q93_t1233
85287,q93_t1234
85288,q93_t1234
85288,q93_t1235
85288,q98_t1234
85288,q98_t1235
85289,q93_t1235
85289,q93_t1236
85290,q93_t1236
85290,q93_t1237
85291,q93_t1237
85291,q93_t1238
85291,q99_t1237
85291,q99_t1238
85292,q93_t1238
85292,q93_t1239
85293,q93_t1239
85293,q93_t1240
85294,q93_t1241
85294,q93_t1242
85295,q93_t1242
85295,q93_t1243
85296,q93_t1244
85296,q93_t1245
85297,q93_t1245
85297,q93_t1246
85298,q93_t1247
85298,q93_t1248
85299,q93_t1248
85299,q93_t1249
85300,q93_t1250
85300,q93_t1251
85301,q93_t1251
85301,q93_t1252
85302,q93_t1253
85302,q93_t1254
85303,q93_t1254
85303,q93_t1255
85304,q93_t1256
85304,q93_t1257
85305,q93_t1257
85305,q93_t1258
85306,q93_t1259
85306,q93_t1260
85307,q93_t1260
85307,q93_t1261
85308,q93_t1262
85308,q93_t1263
85309,q93_t1263
85309,q93_t1264
85310,q93_t1265
85310,q93_t1266
85311,q93_t1266
85311,q93_t1267
85312,q93_t1268
85312,q93_t1269
85313,q93_t1269
85313,q93_t1270
85314,q93_t279
85314,q93_t280
85315,q93_t280
85315,q93_t281
85316,q93_t282
85316,q93_t283
85317,q93_t283
85317,q93_t284
85318,q93_t285
85318,q93_t286
85319,q93_t286
85319,q93_t287
85320,q93_t288
85320,q93_t289
85321,q93_t289
85321,q93_t290
85322,q93_t291
85322,q93_t292
85323,q93_t292
85323,q93_t293
85324,q93_t294
85324,q93_t295
85325,q93_t295
85325,q93_t296
85326,q93_t297
85326,q93_t298
85327,q93_t298
85327,q93_t299
85328,q93_t300
85328,q93_t301
85329,q93_t301
85329,q93_t302
85330,q93_t303
85330,q93_t304
85331,q93_t304
85331,q93_t305
85332,q93_t305
85332,q93_t306
85332,q9_t305
85332,q9_t306
85333,q93_t306
85333,q93_t307
85334,q93_t307
85334,q93_t308
85335,q93_t309
85335,q93_t310
85336,q93_t310
85336,q93_t311
85337,q93_t312
85337,q93_t313
85338,q93_t313
85338,q93_t314
85339,q93_t315
85339,q93_t316
85340,q93_t316
85340,q93_t317
85341,q93_t318
85341,q93_t319
85342,q93_t319
85342,q93_t320
85343,q93_t321
85343,q93_t322
85344,q93_t322
85344,q93_t323
85345,q93_t324
85345,q93_t325
85346,q93_t325
85346,q93_t326
85347,q93_t327
85347,q93_t328
85348,q93_t328
85348,q93_t329
85349,q93_t330
85349,q93_t331
85350,q93_t331
85350,q93_t332
85351,q93_t333
85351,q93_t334
85352,q93_t334
85352,q93_t335
85353,q93_t336
85353,q93_t337
85354,q93_t337
85354,q93_t338
85355,q93_t339
85355,q93_t340
85356,q93_t340
85356,q93_t341
85357,q93_t342
85357,q93_t343
85358,q93_t343
85358,q93_t344
85359,q93_t345
85359,q93_t346
85360,q93_t346
85360,q93_t347
85361,q93_t348
85361,q93_t349
85362,q93_t349
85362,q93_t350
85363,q93_t351
85363,q93_t352
85364,q93_t352
85364,q93_t353
85365,q93_t354
85365,q93_t355
85366,q93_t355
85366,q93_t356
85367,q93_t357
85367,q93_t358
85368,q93_t358
85368,q93_t359
85369,q93_t360
85369,q93_t361
85370,q93_t361
85370,q93_t362
85371,q93_t363
85371,q93_t364
85372,q93_t364
85372,q93_t365
85373,q93_t366
85373,q93_t367
85374,q93_t367
85374,q93_t368
85375,q93_t369
85375,q93_t370
85376,q93_t370
85376,q93_t371
85377,q93_t372
85377,q93_t373
85378,q93_t373
85378,q93_t374
85379,q93_t375
85379,q93_t376
85380,q93_t376
85380,q93_t377
85381,q93_t378
85381,q93_t379
85382,q93_t379
85382,q93_t380
85383,q93_t381
85383,q93_t382
85384,q93_t382
85384,q93_t383
85385,q93_t384
85385,q93_t385
85386,q93_t385
85386,q93_t386
85387,q93_t387
85387,q93_t388
85388,q93_t388
85388,q93_t389
85389,q93_t390
85389,q93_t391
85390,q93_t391
85390,q93_t392
85391,q93_t393
85391,q93_t394
85392,q93_t394
85392,q93_t395
85393,q93_t396
85393,q93_t397
85394,q93_t397
85394,q93_t398
85395,q93_t399
85395,q93_t400
85396,q93_t400
85396,q93_t401
85397,q93_t402
85397,q93_t403
85398,q93_t403
85398,q93_t404
85399,q93_t405
85399,q93_t406
85400,q93_t406
85400,q93_t407
85401,q93_t408
85401,q93_t409
85402,q93_t409
85402,q93_t410
85403,q93_t411
85403,q93_t412
85404,q93_t412
85404,q93_t413
85405,q93_t414
85405,q93_t415
85406,q93_t415
85406,q93_t416
85407,q93_t417
85407,q93_t418
85408,q93_t418
85408,q93_t419
85409,q93_t420
85409,q93_t421
85410,q93_t421
85410,q93_t422
85411,q93_t423
85411,q93_t424
85412,q93_t424
85412,q93_t425
85413,q93_t426
85413,q93_t427
85414,q93_t427
85414,q93_t428
85415,q93_t429
85415,q93_t430
85416,q93_t430
85416,q93_t431
85417,q93_t432
85417,q93_t433
85418,q93_t433
85418,q93_t434
85419,q93_t435
85419,q93_t436
85420,q93_t436
85420,q93_t437
85421,q93_t438
85421,q93_t439
85422,q93_t439
85422,q93_t440
85423,q93_t441
85423,q93_t442
85424,q93_t442
85424,q93_t443
85425,q93_t444
85425,q93_t445
85426,q93_t445
85426,q93_t446
85427,q93_t447
85427,q93_t448
85428,q93_t448
85428,q93_t449
85429,q93_t450
85429,q93_t451
85430,q93_t451
85430,q93_t452
85431,q93_t453
85431,q93_t454
85432,q93_t454
85432,q93_t455
85433,q93_t456
85433,q93_t457
85434,q93_t457
85434,q93_t458
85435,q93_t459
85435,q93_t460
85436,q93_t460
85436,q93_t461
85437,q93_t462
85437,q93_t463
85438,q93_t463
85438,q93_t464
85439,q93_t465
85439,q93_t466
85440,q93_t466
85440,q93_t467
85441,q93_t468
85441,q93_t469
85442,q93_t469
85442,q93_t470
85443,q93_t471
85443,q93_t472
85444,q93_t472
85444,q93_t473
85445,q93_t474
85445,q93_t475
85446,q93_t475
85446,q93_t476
85447,q93_t477
85447,q93_t478
85448,q93_t478
85448,q93_t479
85449,q93_t480
85449,q93_t481
85450,q93_t481
85450,q93_t482
85451,q93_t483
85451,q93_t484
85452,q93_t484
85452,q93_t485
85453,q93_t486
85453,q93_t487
85454,q93_t487
85454,q93_t488
85455,q93_t489
85455,q93_t490
85456,q93_t490
85456,q93_t491
85457,q93_t492
85457,q93_t493
85458,q93_t493
85458,q93_t494
85459,q93_t495
85459,q93_t496
85460,q93_t496
85460,q93_t497
85461,q93_t498
85461,q93_t499
85462,q93_t499
85462,q93_t500
85463,q93_t501
85463,q93_t502
85464,q93_t502
85464,q93_t503
85465,q93_t504
85465,q93_t505
85466,q93_t505
85466,q93_t506
85467,q93_t507
85467,q93_t508
85468,q93_t508
85468,q93_t509
85469,q93_t510
85469,q93_t511
85470,q93_t511
85470,q93_t512
85471,q93_t513
85471,q93_t514
85472,q93_t514
85472,q93_t515
85473,q93_t516
85473,q93_t517
85474,q93_t517
85474,q93_t518
85475,q93_t519
85475,q93_t520
85476,q93_t520
85476,q93_t521
85477,q93_t522
85477,q93_t523
85478,q93_t523
85478,q93_t524
85479,q93_t525
85479,q93_t526
85480,q93_t526
85480,q93_t527
85481,q93_t528
85481,q93_t529
85482,q93_t529
85482,q93_t530
85483,q93_t531
85483,q93_t532
85484,q93_t532
85484,q93_t533
85485,q93_t534
85485,q93_t535
85486,q93_t535
85486,q93_t536
85487,q93_t537
85487,q93_t538
85488,q93_t538
85488,q93_t539
85489,q93_t540
85489,q93_t541
85490,q93_t541
85490,q93_t542
85491,q93_t543
85491,q93_t544
85492,q93_t544
85492,q93_t545
85493,q93_t546
85493,q93_t547
85494,q93_t547
85494,q93_t548
85495,q93_t549
85495,q93_t550
85496,q93_t550
85496,q93_t551
85497,q93_t552
85497,q93_t553
85498,q93_t553
85498,q93_t554
85499,q93_t555
85499,q93_t556
85500,q93_t556
85500,q93_t560
85501,q93_t560
85501,q93_t561
85501,q94_t560
85501,q94_t561
85502,q93_t561
85502,q93_t562
85503,q93_t562
85503,q93_t563
85504,q93_t563
85504,q93_t564
85504,q95_t563
85504,q95_t564
85505,q93_t564
85505,q93_t565
85506,q93_t565
85506,q93_t566
85507,q93_t566
85507,q93_t567
85507,q96_t566
85507,q96_t567
85508,q93_t567
85508,q93_t568
85509,q93_t568
85509,q93_t569
85510,q93_t569
85510,q93_t570
85510,q97_t569
85510,q97_t570
85511,q93_t570
85511,q93_t571
85512,q93_t571
85512,q93_t572
85513,q93_t572
85513,q93_t573
85513,q98_t572
85513,q98_t573
85514,q93_t573
85514,q93_t574
85515,q93_t574
85515,q93_t575
85516,q93_t575
85516,q93_t576
85516,q99_t575
85516,q99_t576
85517,q93_t576
85517,q93_t577
85518,q93_t577
85518,q93_t578
85519,q93_t579
85519,q93_t580
85520,q93_t580
85520,q93_t581
85521,q93_t582
85521,q93_t583
85522,q93_t583
85522,q93_t584
85523,q93_t585
85523,q93_t586
85524,q93_t586
85524,q93_t587
85525,q93_t588
85525,q93_t589
85526,q93_t589
85526,q93_t590
85527,q93_t591
85527,q93_t592
85528,q93_t592
85528,q93_t593
85529,q93_t594
85529,q93_t595
85530,q93_t595
85530,q93_t596
85531,q93_t597
85531,q93_t598
85532,q93_t598
85532,q93_t599
85533,q93_t600
85533,q93_t601
85534,q93_t601
85534,q93_t602
85535,q93_t603
85535,q93_t604
85536,q93_t604
85536,q93_t605
85537,q93_t606
85537,q93_t607
85538,q93_t607
85538,q93_t608
85539,q93_t608
85539,q93_t609
85540,q93_t610
85540,q93_t611
85541,q93_t611
85541,q93_t612
85542,q93_t613
85542,q93_t614
85543,q93_t614
85543,q93_t615
85544,q93_t616
85544,q93_t617
85545,q93_t617
85545,q93_t618
85546,q93_t619
85546,q93_t620
85547,q93_t620
85547,q93_t621
85548,q93_t622
85548,q93_t623
85549,q93_t623
85549,q93_t624
85550,q93_t625
85550,q93_t626
85551,q93_t626
85551,q93_t627
85552,q93_t628
85552,q93_t629
85553,q93_t629
85553,q93_t630
85554,q93_t631
85554,q93_t632
85555,q93_t632
85555,q93_t633
85556,q93_t634
85556,q93_t635
85557,q93_t635
85557,q93_t636
85558,q93_t636
85558,q93_t637
85558,q9_t636
85558,q9_t637
85559,q93_t637
85559,q93_t638
85560,q93_t638
85560,q93_t639
85561,q93_t640
85561,q93_t641
85562,q93_t641
85562,q93_t642
85563,q93_t643
85563,q93_t644
85564,q93_t644
85564,q93_t645
85565,q93_t646
85565,q93_t647
85566,q93_t647
85566,q93_t648
85567,q93_t649
85567,q93_t650
85568,q93_t650
85568,q93_t651
85569,q93_t652
85569,q93_t653
85570,q93_t653
85570,q93_t654
85571,q93_t655
85571,q93_t656
85572,q93_t656
85572,q93_t657
85573,q93_t658
85573,q93_t659
85574,q93_t659
85574,q93_t660
85575,q93_t661
85575,q93_t662
85576,q93_t662
85576,q93_t663
85577,q93_t664
85577,q93_t665
85578,q93_t665
85578,q93_t666
85579,q93_t667
85579,q93_t668
85580,q93_t668
85580,q93_t669
85581,q93_t670
85581,q93_t671
85582,q93_t671
85582,q93_t672
85583,q93_t673
85583,q93_t674
85584,q93_t674
85584,q93_t675
85585,q93_t676
85585,q93_t677
85586,q93_t677
85586,q93_t678
85587,q93_t679
85587,q93_t680
85588,q93_t680
85588,q93_t681
85589,q93_t682
85589,q93_t683
85590,q93_t683
85590,q93_t684
85591,q93_t685
85591,q93_t686
85592,q93_t686
85592,q93_t687
85593,q93_t688
85593,q93_t689
85594,q93_t689
85594,q93_t690
85595,q93_t691
85595,q93_t692
85596,q93_t692
85596,q93_t693
85597,q93_t694
85597,q93_t695
85598,q93_t695
85598,q93_t696
85599,q93_t697
85599,q93_t698
85600,q93_t698
85600,q93_t699
85601,q93_t700
85601,q93_t701
85602,q93_t701
85602,q93_t702
85603,q93_t703
85603,q93_t704
85604,q93_t704
85604,q93_t705
85605,q93_t706
85605,q93_t707
85606,q93_t707
85606,q93_t708
85607,q93_t709
85607,q93_t710
85608,q93_t710
85608,q93_t711
85609,q93_t712
85609,q93_t713
85610,q93_t713
85610,q93_t714
85611,q93_t715
85611,q93_t716
85612,q93_t716
85612,q93_t717
85613,q93_t718
85613,q93_t719
85614,q93_t719
85614,q93_t720
85615,q93_t721
85615,q93_t722
85616,q93_t722
85616,q93_t723
85617,q93_t724
85617,q93_t725
85618,q93_t725
85618,q93_t726
85619,q93_t727
85619,q93_t728
85620,q93_t728
85620,q93_t729
85621,q93_t730
85621,q93_t731
85622,q93_t731
85622,q93_t732
85623,q93_t733
85623,q93_t734
85624,q93_t734
85624,q93_t735
85625,q93_t736
85625,q93_t737
85626,q93_t737
85626,q93_t738
85627,q93_t739
85627,q93_t740
85628,q93_t740
85628,q93_t741
85629,q93_t742
85629,q93_t743
85630,q93_t743
85630,q93_t744
85631,q93_t745
85631,q93_t746
85632,q93_t746
85632,q93_t747
85633,q93_t748
85633,q93_t749
85634,q93_t749
85634,q93_t750
85635,q93_t751
85635,q93_t752
85636,q93_t752
85636,q93_t753
85637,q93_t754
85637,q93_t755
85638,q93_t755
85638,q93_t756
85639,q93_t757
85639,q93_t758
85640,q93_t758
85640,q93_t759
85641,q93_t760
85641,q93_t761
85642,q93_t761
85642,q93_t762
85643,q93_t763
85643,q93_t764
85644,q93_t764
85644,q93_t765
85645,q93_t766
85645,q93_t767
85646,q93_t767
85646,q93_t768
85647,q93_t769
85647,q93_t770
85648,q93_t770
85648,q93_t771
85649,q93_t772
85649,q93_t773
85650,q93_t773
85650,q93_t774
85651,q93_t775
85651,q93_t776
85652,q93_t776
85652,q93_t777
85653,q93_t778
85653,q93_t779
85654,q93_t779
85654,q93_t780
85655,q93_t781
85655,q93_t782
85656,q93_t782
85656,q93_t783
85657,q93_t784
85657,q93_t785
85658,q93_t785
85658,q93_t786
85659,q93_t787
85659,q93_t788
85660,q93_t788
85660,q93_t789
85661,q93_t790
85661,q93_t791
85662,q93_t791
85662,q93_t792
85663,q93_t793
85663,q93_t794
85664,q93_t794
85664,q93_t795
85665,q93_t796
85665,q93_t797
85666,q93_t797
85666,q93_t798
85667,q93_t799
85667,q93_t800
85668,q93_t800
85668,q93_t801
85669,q93_t802
85669,q93_t803
85670,q93_t803
85670,q93_t804
85671,q93_t805
85671,q93_t806
85672,q93_t806
85672,q93_t807
85673,q93_t808
85673,q93_t809
85674,q93_t809
85674,q93_t810
85675,q93_t811
85675,q93_t812
85676,q93_t812
85676,q93_t813
85677,q93_t814
85677,q93_t815
85678,q93_t815
85678,q93_t816
85679,q93_t817
85679,q93_t818
85680,q93_t818
85680,q93_t819
85681,q93_t820
85681,q93_t821
85682,q93_t821
85682,q93_t822
85683,q93_t823
85683,q93_t824
85684,q93_t824
85684,q93_t825
85685,q93_t826
85685,q93_t827
85686,q93_t827
85686,q93_t828
85687,q93_t829
85687,q93_t830
85688,q93_t830
85688,q93_t831
85689,q93_t832
85689,q93_t833
85690,q93_t833
85690,q93_t834
85691,q93_t835
85691,q93_t836
85692,q93_t836
85692,q93_t837
85693,q93_t838
85693,q93_t839
85694,q93_t839
85694,q93_t840
85695,q93_t841
85695,q93_t842
85696,q93_t842
85696,q93_t843
85697,q93_t844
85697,q93_t845
85698,q93_t845
85698,q93_t846
85699,q93_t847
85699,q93_t848
85700,q93_t848
85700,q93_t849
85701,q93_t850
85701,q93_t851
85702,q93_t851
85702,q93_t852
85703,q93_t853
85703,q93_t854
85704,q93_t854
85704,q93_t855
85705,q93_t856
85705,q93_t857
85706,q93_t857
85706,q93_t858
85707,q93_t859
85707,q93_t860
85708,q93_t860
85708,q93_t861
85709,q93_t862
85709,q93_t863
85710,q93_t863
85710,q93_t864
85711,q93_t865
85711,q93_t866
85712,q93_t866
85712,q93_t867
85713,q93_t868
85713,q93_t869
85714,q93_t869
85714,q93_t870
85715,q93_t871
85715,q93_t872
85716,q93_t872
85716,q93_t873
85717,q93_t874
85717,q93_t875
85718,q93_t875
85718,q93_t876
85719,q93_t877
85719,q93_t878
85720,q93_t878
85720,q93_t879
85721,q93_t880
85721,q93_t881
85722,q93_t881
85722,q93_t882
85723,q93_t883
85723,q93_t884
85724,q93_t884
85724,q93_t885
85725,q93_t886
85725,q93_t887
85726,q93_t887
85726,q93_t891
85727,q93_t891
85727,q93_t892
85727,q94_t891
85727,q94_t892
85728,q93_t892
85728,q93_t893
85729,q93_t893
85729,q93_t894
85730,q93_t894
85730,q93_t895
85730,q95_t894
85730,q95_t895
85731,q93_t895
85731,q93_t896
85732,q93_t896
85732,q93_t897
85733,q93_t897
85733,q93_t898
85733,q96_t897
85733,q96_t898
85734,q93_t898
85734,q93_t899
85735,q93_t899
85735,q93_t900
85736,q93_t900
85736,q93_t901
85736,q97_t900
85736,q97_t901
85737,q93_t901
85737,q93_t902
85738,q93_t902
85738,q93_t903
85739,q93_t903
85739,q93_t904
85739,q98_t903
85739,q98_t904
85740,q93_t904
85740,q93_t905
85741,q93_t905
85741,q93_t906
85742,q93_t906
85742,q93_t907
85742,q99_t906
85742,q99_t907
85743,q93_t907
85743,q93_t908
85744,q93_t908
85744,q93_t909
85745,q93_t910
85745,q93_t911
85746,q93_t911
85746,q93_t912
85747,q93_t913
85747,q93_t914
85748,q93_t914
85748,q93_t915
85749,q93_t916
85749,q93_t917
85750,q93_t917
85750,q93_t918
85751,q93_t919
85751,q93_t920
85752,q93_t920
85752,q93_t921
85753,q93_t922
85753,q93_t923
85754,q93_t923
85754,q93_t924
85755,q93_t925
85755,q93_t926
85756,q93_t926
85756,q93_t927
85757,q93_t928
85757,q93_t929
85758,q93_t929
85758,q93_t930
85759,q93_t931
85759,q93_t932
85760,q93_t932
85760,q93_t933
85761,q93_t934
85761,q93_t935
85762,q93_t935
85762,q93_t936
85763,q93_t937
85763,q93_t938
85764,q93_t938
85764,q93_t939
85765,q93_t939
85765,q93_t940
85766,q93_t941
85766,q93_t942
85767,q93_t942
85767,q93_t943
85768,q93_t944
85768,q93_t945
85769,q93_t945
85769,q93_t946
85770,q93_t947
85770,q93_t948
85771,q93_t948
85771,q93_t949
85772,q93_t950
85772,q93_t951
85773,q93_t951
85773,q93_t952
85774,q93_t953
85774,q93_t954
85775,q93_t954
85775,q93_t955
85776,q93_t956
85776,q93_t957
85777,q93_t957
85777,q93_t958
85778,q93_t959
85778,q93_t960
85779,q93_t960
85779,q93_t961
85780,q93_t962
85780,q93_t963
85781,q93_t963
85781,q93_t964
85782,q93_t965
85782,q93_t966
85783,q93_t966
85783,q93_t967
85784,q93_t967
85784,q93_t968
85784,q9_t967
85784,q9_t968
85785,q93_t968
85785,q93_t969
85786,q93_t969
85786,q93_t970
85787,q93_t971
85787,q93_t972
85788,q93_t972
85788,q93_t973
85789,q93_t974
85789,q93_t975
85790,q93_t975
85790,q93_t976
85791,q93_t977
85791,q93_t978
85792,q93_t978
85792,q93_t979
85793,q93_t980
85793,q93_t981
85794,q93_t981
85794,q93_t982
85795,q93_t983
85795,q93_t984
85796,q93_t984
85796,q93_t985
85797,q93_t986
85797,q93_t987
85798,q93_t987
85798,q93_t988
85799,q93_t989
85799,q93_t990
85800,q93_t990
85800,q93_t991
85801,q93_t992
85801,q93_t993
85802,q93_t993
85802,q93_t994
85803,q93_t995
85803,q93_t996
85804,q93_t996
85804,q93_t997
85805,q93_t998
85805,q93_t999
85806,q94_t0
85806,q94_t1
85807,q94_t1
85807,q94_t281
85808,q94_t1000
85808,q94_t999
85809,q94_t1001
85809,q94_t1002
85810,q94_t1002
85810,q94_t1003
85811,q94_t1004
85811,q94_t1005
85812,q94_t1005
85812,q94_t1006
85813,q94_t1007
85813,q94_t1008
85814,q94_t1008
85814,q94_t1009
85815,q94_t1010
85815,q94_t1011
85816,q94_t1011
85816,q94_t1012
85817,q94_t1013
85817,q94_t1014
85818,q94_t1014
85818,q94_t1015
85819,q94_t1016
85819,q94_t1017
85820,q94_t1017
85820,q94_t1018
85821,q94_t1019
85821,q94_t1020
85822,q94_t1020
85822,q94_t1021
85823,q94_t1022
85823,q94_t1023
85824,q94_t1023
85824,q94_t1024
85825,q94_t1025
85825,q94_t1026
85826,q94_t1026
85826,q94_t1027
85827,q94_t1028
85827,q94_t1029
85828,q94_t1029
85828,q94_t1030
85829,q94_t1031
85829,q94_t1032
85830,q94_t1032
85830,q94_t1033
85831,q94_t1034
85831,q94_t1035
85832,q94_t1035
85832,q94_t1036
85833,q94_t1037
85833,q94_t1038
85834,q94_t1038
85834,q94_t1039
85835,q94_t1040
85835,q94_t1041
85836,q94_t1041
85836,q94_t1042
85837,q94_t1043
85837,q94_t1044
85838,q94_t1044
85838,q94_t1045
85839,q94_t1046
85839,q94_t1047
85840,q94_t1047
85840,q94_t1048
85841,q94_t1049
85841,q94_t1050
85842,q94_t1050
85842,q94_t1051
85843,q94_t1052
85843,q94_t1053
85844,q94_t1053
85844,q94_t1054
85845,q94_t1055
85845,q94_t1056
85846,q94_t1056
85846,q94_t1057
85847,q94_t1058
85847,q94_t1059
85848,q94_t1059
85848,q94_t1060
85849,q94_t1061
85849,q94_t1062
85850,q94_t1062
85850,q94_t1063
85851,q94_t1064
85851,q94_t1065
85852,q94_t1065
85852,q94_t1066
85853,q94_t1067
85853,q94_t1068
85854,q94_t1068
85854,q94_t1069
85855,q94_t1070
85855,q94_t1071
85856,q94_t1071
85856,q94_t1072
85857,q94_t1073
85857,q94_t1074
85858,q94_t1074
85858,q94_t1075
85859,q94_t1076
85859,q94_t1077
85860,q94_t1077
85860,q94_t1078
85861,q94_t1079
85861,q94_t1080
85862,q94_t1080
85862,q94_t1081
85863,q94_t1082
85863,q94_t1083
85864,q94_t1083
85864,q94_t1084
85865,q94_t1085
85865,q94_t1086
85866,q94_t1086
85866,q94_t1087
85867,q94_t1088
85867,q94_t1089
85868,q94_t1089
85868,q94_t1090
85869,q94_t1091
85869,q94_t1092
85870,q94_t1092
85870,q94_t1093
85871,q94_t1094
85871,q94_t1095
85872,q94_t1095
85872,q94_t1096
85873,q94_t1097
85873,q94_t1098
85874,q94_t1098
85874,q94_t1099
85875,q94_t1100
85875,q94_t1101
85876,q94_t1101
85876,q94_t1102
85877,q94_t1103
85877,q94_t1104
85878,q94_t1104
85878,q94_t1105
85879,q94_t1106
85879,q94_t1107
85880,q94_t1107
85880,q94_t1108
85881,q94_t1109
85881,q94_t1110
85882,q94_t1110
85882,q94_t1111
85883,q94_t1112
85883,q94_t1113
85884,q94_t1113
85884,q94_t1114
85885,q94_t1115
85885,q94_t1116
85886,q94_t1116
85886,q94_t1117
85887,q94_t1118
85887,q94_t1119
85888,q94_t1119
85888,q94_t1120
85889,q94_t1121
85889,q94_t1122
85890,q94_t1122
85890,q94_t1123
85891,q94_t1124
85891,q94_t1125
85892,q94_t1125
85892,q94_t1126
85893,q94_t1127
85893,q94_t1128
85894,q94_t1128
85894,q94_t1129
85895,q94_t1130
85895,q94_t1131
85896,q94_t1131
85896,q94_t1132
85897,q94_t1133
85897,q94_t1134
85898,q94_t1134
85898,q94_t1135
85899,q94_t1136
85899,q94_t1137
85900,q94_t1137
85900,q94_t1138
85901,q94_t1139
85901,q94_t1140
85902,q94_t1140
85902,q94_t1141
85903,q94_t1142
85903,q94_t1143
85904,q94_t1143
85904,q94_t1144
85905,q94_t1145
85905,q94_t1146
85906,q94_t1146
85906,q94_t1147
85907,q94_t1148
85907,q94_t1149
85908,q94_t1149
85908,q94_t1150
85909,q94_t1151
85909,q94_t1152
85910,q94_t1152
85910,q94_t1153
85911,q94_t1154
85911,q94_t1155
85912,q94_t1155
85912,q94_t1156
85913,q94_t1157
85913,q94_t1158
85914,q94_t1158
85914,q94_t1159
85915,q94_t1160
85915,q94_t1161
85916,q94_t1161
85916,q94_t1162
85917,q94_t1163
85917,q94_t1164
85918,q94_t1164
85918,q94_t1165
85919,q94_t1166
85919,q94_t1167
85920,q94_t1167
85920,q94_t1168
85921,q94_t1169
85921,q94_t1170
85922,q94_t1170
85922,q94_t1171
85923,q94_t1172
85923,q94_t1173
85924,q94_t1173
85924,q94_t1174
85925,q94_t1175
85925,q94_t1176
85926,q94_t1176
85926,q94_t1177
85927,q94_t1178
85927,q94_t1179
85928,q94_t1179
85928,q94_t1180
85929,q94_t1181
85929,q94_t1182
85930,q94_t1182
85930,q94_t1183
85931,q94_t1184
85931,q94_t1185
85932,q94_t1185
85932,q94_t1186
85933,q94_t1187
85933,q94_t1188
85934,q94_t1188
85934,q94_t1189
85935,q94_t1190
85935,q94_t1191
85936,q94_t1191
85936,q94_t1192
85937,q94_t1193
85937,q94_t1194
85938,q94_t1194
85938,q94_t1195
85939,q94_t1196
85939,q94_t1197
85940,q94_t1197
85940,q94_t1198
85941,q94_t1199
85941,q94_t1200
85942,q94_t1200
85942,q94_t1201
85943,q94_t1202
85943,q94_t1203
85944,q94_t1203
85944,q94_t1204
85945,q94_t1205
85945,q94_t1206
85946,q94_t1206
85946,q94_t1207
85947,q94_t1208
85947,q94_t1209
85948,q94_t1209
85948,q94_t1210
85949,q94_t1211
85949,q94_t1212
85950,q94_t1212
85950,q94_t1213
85951,q94_t1214
85951,q94_t1215
85952,q94_t1215
85952,q94_t1216
85953,q94_t1217
85953,q94_t1218
85954,q94_t1218
85954,q94_t1219
85955,q94_t1220
85955,q94_t1221
85956,q94_t1221
85956,q94_t1222
85957,q94_t1223
85957,q94_t1224
85958,q94_t1224
85958,q94_t1228
85959,q94_t1228
85959,q94_t1229
85959,q95_t1228
85959,q95_t1229
85960,q94_t1229
85960,q94_t1230
85961,q94_t1230
85961,q94_t1231
85962,q94_t1231
85962,q94_t1232
85962,q96_t1231
85962,q96_t1232
85963,q94_t1232
85963,q94_t1233
85964,q94_t1233
85964,q94_t1234
85965,q94_t1234
85965,q94_t1235
85965,q97_t1234
85965,q97_t1235
85966,q94_t1235
85966,q94_t1236
85967,q94_t1236
85967,q94_t1237
85968,q94_t1237
85968,q94_t1238
85968,q98_t1237
85968,q98_t1238
85969,q94_t1238
85969,q94_t1239
85970,q94_t1239
85970,q94_t1240
85971,q94_t1240
85971,q94_t1241
85971,q99_t1240
85971,q99_t1241
85972,q94_t1241
85972,q94_t1242
85973,q94_t1242
85973,q94_t1243
85974,q94_t1244
85974,q94_t1245
85975,q94_t1245
85975,q94_t1246
85976,q94_t1247
85976,q94_t1248
85977,q94_t1248
85977,q94_t1249
85978,q94_t1250
85978,q94_t1251
85979,q94_t1251
85979,q94_t1252
85980,q94_t1253
85980,q94_t1254
85981,q94_t1254
85981,q94_t1255
85982,q94_t1256
85982,q94_t1257
85983,q94_t1257
85983,q94_t1258
85984,q94_t1259
85984,q94_t1260
85985,q94_t1260
85985,q94_t1261
85986,q94_t1262
85986,q94_t1263
85987,q94_t1263
85987,q94_t1264
85988,q94_t1265
85988,q94_t1266
85989,q94_t1266
85989,q94_t1267
85990,q94_t1268
85990,q94_t1269
85991,q94_t1269
85991,q94_t1270
85992,q94_t1271
85992,q94_t1272
85993,q94_t1272
85993,q94_t1273
85994,q94_t282
85994,q94_t283
85995,q94_t283
85995,q94_t284
85996,q94_t285
85996,q94_t286
85997,q94_t286
85997,q94_t287
85998,q94_t288
85998,q94_t289
85999,q94_t289
85999,q94_t290
86000,q94_t291
86000,q94_t292
86001,q94_t292
86001,q94_t293
86002,q94_t294
86002,q94_t295
86003,q94_t295
86003,q94_t296
86004,q94_t297
86004,q94_t298
86005,q94_t298
86005,q94_t299
86006,q94_t300
86006,q94_t301
86007,q94_t301
86007,q94_t302
86008,q94_t303
86008,q94_t304
86009,q94_t304
86009,q94_t305
86010,q94_t306
86010,q94_t307
86011,q94_t307
86011,q94_t308
86012,q94_t308
86012,q94_t309
86012,q9_t308
86012,q9_t309
86013,q94_t309
86013,q94_t310
86014,q94_t310
86014,q94_t311
86015,q94_t312
86015,q94_t313
86016,q94_t313
86016,q94_t314
86017,q94_t315
86017,q94_t316
86018,q94_t316
86018,q94_t317
86019,q94_t318
86019,q94_t319
86020,q94_t319
86020,q94_t320
86021,q94_t321
86021,q94_t322
86022,q94_t322
86022,q94_t323
86023,q94_t324
86023,q94_t325
86024,q94_t325
86024,q94_t326
86025,q94_t327
86025,q94_t328
86026,q94_t328
86026,q94_t329
86027,q94_t330
86027,q94_t331
86028,q94_t331
86028,q94_t332
86029,q94_t333
86029,q94_t334
86030,q94_t334
86030,q94_t335
86031,q94_t336
86031,q94_t337
86032,q94_t337
86032,q94_t338
86033,q94_t339
86033,q94_t340
86034,q94_t340
86034,q94_t341
86035,q94_t342
86035,q94_t343
86036,q94_t343
86036,q94_t344
86037,q94_t345
86037,q94_t346
86038,q94_t346
86038,q94_t347
86039,q94_t348
86039,q94_t349
86040,q94_t349
86040,q94_t350
86041,q94_t351
86041,q94_t352
86042,q94_t352
86042,q94_t353
86043,q94_t354
86043,q94_t355
86044,q94_t355
86044,q94_t356
86045,q94_t357
86045,q94_t358
86046,q94_t358
86046,q94_t359
86047,q94_t360
86047,q94_t361
86048,q94_t361
86048,q94_t362
86049,q94_t363
86049,q94_t364
86050,q94_t364
86050,q94_t365
86051,q94_t366
86051,q94_t367
86052,q94_t367
86052,q94_t368
86053,q94_t369
86053,q94_t370
86054,q94_t370
86054,q94_t371
86055,q94_t372
86055,q94_t373
86056,q94_t373
86056,q94_t374
86057,q94_t375
86057,q94_t376
86058,q94_t376
86058,q94_t377
86059,q94_t378
86059,q94_t379
86060,q94_t379
86060,q94_t380
86061,q94_t381
86061,q94_t382
86062,q94_t382
86062,q94_t383
86063,q94_t384
86063,q94_t385
86064,q94_t385
86064,q94_t386
86065,q94_t387
86065,q94_t388
86066,q94_t388
86066,q94_t389
86067,q94_t390
86067,q94_t391
86068,q94_t391
86068,q94_t392
86069,q94_t393
86069,q94_t394
86070,q94_t394
86070,q94_t395
86071,q94_t396
86071,q94_t397
86072,q94_t397
86072,q94_t398
86073,q94_t399
86073,q94_t400
86074,q94_t400
86074,q94_t401
86075,q94_t402
86075,q94_t403
86076,q94_t403
86076,q94_t404
86077,q94_t405
86077,q94_t406
86078,q94_t406
86078,q94_t407
86079,q94_t408
86079,q94_t409
86080,q94_t409
86080,q94_t410
86081,q94_t411
86081,q94_t412
86082,q94_t412
86082,q94_t413
86083,q94_t414
86083,q94_t415
86084,q94_t415
86084,q94_t416
86085,q94_t417
86085,q94_t418
86086,q94_t418
86086,q94_t419
86087,q94_t420
86087,q94_t421
86088,q94_t421
86088,q94_t422
86089,q94_t423
86089,q94_t424
86090,q94_t424
86090,q94_t425
86091,q94_t426
86091,q94_t427
86092,q94_t427
86092,q94_t428
86093,q94_t429
86093,q94_t430
86094,q94_t430
86094,q94_t431
86095,q94_t432
86095,q94_t433
86096,q94_t433
86096,q94_t434
86097,q94_t435
86097,q94_t436
86098,q94_t436
86098,q94_t437
86099,q94_t438
86099,q94_t439
86100,q94_t439
86100,q94_t440
86101,q94_t441
86101,q94_t442
86102,q94_t442
86102,q94_t443
86103,q94_t444
86103,q94_t445
86104,q94_t445
86104,q94_t446
86105,q94_t447
86105,q94_t448
86106,q94_t448
86106,q94_t449
86107,q94_t450
86107,q94_t451
86108,q94_t451
86108,q94_t452
86109,q94_t453
86109,q94_t454
86110,q94_t454
86110,q94_t455
86111,q94_t456
86111,q94_t457
86112,q94_t457
86112,q94_t458
86113,q94_t459
86113,q94_t460
86114,q94_t460
86114,q94_t461
86115,q94_t462
86115,q94_t463
86116,q94_t463
86116,q94_t464
86117,q94_t465
86117,q94_t466
86118,q94_t466
86118,q94_t467
86119,q94_t468
86119,q94_t469
86120,q94_t469
86120,q94_t470
86121,q94_t471
86121,q94_t472
86122,q94_t472
86122,q94_t473
86123,q94_t474
86123,q94_t475
86124,q94_t475
86124,q94_t476
86125,q94_t477
86125,q94_t478
86126,q94_t478
86126,q94_t479
86127,q94_t480
86127,q94_t481
86128,q94_t481
86128,q94_t482
86129,q94_t483
86129,q94_t484
86130,q94_t484
86130,q94_t485
86131,q94_t486
86131,q94_t487
86132,q94_t487
86132,q94_t488
86133,q94_t489
86133,q94_t490
86134,q94_t490
86134,q94_t491
86135,q94_t492
86135,q94_t493
86136,q94_t493
86136,q94_t494
86137,q94_t495
86137,q94_t496
86138,q94_t496
86138,q94_t497
86139,q94_t498
86139,q94_t499
86140,q94_t499
86140,q94_t500
86141,q94_t501
86141,q94_t502
86142,q94_t502
86142,q94_t503
86143,q94_t504
86143,q94_t505
86144,q94_t505
86144,q94_t506
86145,q94_t507
86145,q94_t508
86146,q94_t508
86146,q94_t509
86147,q94_t510
86147,q94_t511
86148,q94_t511
86148,q94_t512
86149,q94_t513
86149,q94_t514
86150,q94_t514
86150,q94_t515
86151,q94_t516
86151,q94_t517
86152,q94_t517
86152,q94_t518
86153,q94_t519
86153,q94_t520
86154,q94_t520
86154,q94_t521
86155,q94_t522
86155,q94_t523
86156,q94_t523
86156,q94_t524
86157,q94_t525
86157,q94_t526
86158,q94_t526
86158,q94_t527
86159,q94_t528
86159,q94_t529
86160,q94_t529
86160,q94_t530
86161,q94_t531
86161,q94_t532
86162,q94_t532
86162,q94_t533
86163,q94_t534
86163,q94_t535
86164,q94_t535
86164,q94_t536
86165,q94_t537
86165,q94_t538
86166,q94_t538
86166,q94_t539
86167,q94_t540
86167,q94_t541
86168,q94_t541
86168,q94_t542
86169,q94_t543
86169,q94_t544
86170,q94_t544
86170,q94_t545
86171,q94_t546
86171,q94_t547
86172,q94_t547
86172,q94_t548
86173,q94_t549
86173,q94_t550
86174,q94_t550
86174,q94_t551
86175,q94_t552
86175,q94_t553
86176,q94_t553
86176,q94_t554
86177,q94_t555
86177,q94_t556
86178,q94_t556
86178,q94_t557
86179,q94_t558
86179,q94_t559
86180,q94_t559
86180,q94_t560
86181,q94_t561
86181,q94_t562
86182,q94_t562
86182,q94_t566
86183,q94_t566
86183,q94_t567
86183,q95_t566
86183,q95_t567
86184,q94_t567
86184,q94_t568
86185,q94_t568
86185,q94_t569
86186,q94_t569
86186,q94_t570
86186,q96_t569
86186,q96_t570
86187,q94_t570
86187,q94_t571
86188,q94_t571
86188,q94_t572
86189,q94_t572
86189,q94_t573
86189,q97_t572
86189,q97_t573
86190,q94_t573
86190,q94_t574
86191,q94_t574
86191,q94_t575
86192,q94_t575
86192,q94_t576
86192,q98_t575
86192,q98_t576
86193,q94_t576
86193,q94_t577
86194,q94_t577
86194,q94_t578
86195,q94_t578
86195,q94_t579
86195,q99_t578
86195,q99_t579
86196,q94_t579
86196,q94_t580
86197,q94_t580
86197,q94_t581
86198,q94_t582
86198,q94_t583
86199,q94_t583
86199,q94_t584
86200,q94_t585
86200,q94_t586
86201,q94_t586
86201,q94_t587
86202,q94_t588
86202,q94_t589
86203,q94_t589
86203,q94_t590
86204,q94_t591
86204,q94_t592
86205,q94_t592
86205,q94_t593
86206,q94_t594
86206,q94_t595
86207,q94_t595
86207,q94_t596
86208,q94_t597
86208,q94_t598
86209,q94_t598
86209,q94_t599
86210,q94_t600
86210,q94_t601
86211,q94_t601
86211,q94_t602
86212,q94_t603
86212,q94_t604
86213,q94_t604
86213,q94_t605
86214,q94_t606
86214,q94_t607
86215,q94_t607
86215,q94_t608
86216,q94_t609
86216,q94_t610
86217,q94_t610
86217,q94_t611
86218,q94_t611
86218,q94_t612
86219,q94_t613
86219,q94_t614
86220,q94_t614
86220,q94_t615
86221,q94_t616
86221,q94_t617
86222,q94_t617
86222,q94_t618
86223,q94_t619
86223,q94_t620
86224,q94_t620
86224,q94_t621
86225,q94_t622
86225,q94_t623
86226,q94_t623
86226,q94_t624
86227,q94_t625
86227,q94_t626
86228,q94_t626
86228,q94_t627
86229,q94_t628
86229,q94_t629
86230,q94_t629
86230,q94_t630
86231,q94_t631
86231,q94_t632
86232,q94_t632
86232,q94_t633
86233,q94_t634
86233,q94_t635
86234,q94_t635
86234,q94_t636
86235,q94_t637
86235,q94_t638
86236,q94_t638
86236,q94_t639
86237,q94_t639
86237,q94_t640
86237,q9_t639
86237,q9_t640
86238,q94_t640
86238,q94_t641
86239,q94_t641
86239,q94_t642
86240,q94_t643
86240,q94_t644
86241,q94_t644
86241,q94_t645
86242,q94_t646
86242,q94_t647
86243,q94_t647
86243,q94_t648
86244,q94_t649
86244,q94_t650
86245,q94_t650
86245,q94_t651
86246,q94_t652
86246,q94_t653
86247,q94_t653
86247,q94_t654
86248,q94_t655
86248,q94_t656
86249,q94_t656
86249,q94_t657
86250,q94_t658
86250,q94_t659
86251,q94_t659
86251,q94_t660
86252,q94_t661
86252,q94_t662
86253,q94_t662
86253,q94_t663
86254,q94_t664
86254,q94_t665
86255,q94_t665
86255,q94_t666
86256,q94_t667
86256,q94_t668
86257,q94_t668
86257,q94_t669
86258,q94_t670
86258,q94_t671
86259,q94_t671
86259,q94_t672
86260,q94_t673
86260,q94_t674
86261,q94_t674
86261,q94_t675
86262,q94_t676
86262,q94_t677
86263,q94_t677
86263,q94_t678
86264,q94_t679
86264,q94_t680
86265,q94_t680
86265,q94_t681
86266,q94_t682
86266,q94_t683
86267,q94_t683
86267,q94_t684
86268,q94_t685
86268,q94_t686
86269,q94_t686
86269,q94_t687
86270,q94_t688
86270,q94_t689
86271,q94_t689
86271,q94_t690
86272,q94_t691
86272,q94_t692
86273,q94_t692
86273,q94_t693
86274,q94_t694
86274,q94_t695
86275,q94_t695
86275,q94_t696
86276,q94_t697
86276,q94_t698
86277,q94_t698
86277,q94_t699
86278,q94_t700
86278,q94_t701
86279,q94_t701
86279,q94_t702
86280,q94_t703
86280,q94_t704
86281,q94_t704
86281,q94_t705
86282,q94_t706
86282,q94_t707
86283,q94_t707
86283,q94_t708
86284,q94_t709
86284,q94_t710
86285,q94_t710
86285,q94_t711
86286,q94_t712
86286,q94_t713
86287,q94_t713
86287,q94_t714
86288,q94_t715
86288,q94_t716
86289,q94_t716
86289,q94_t717
86290,q94_t718
86290,q94_t719
86291,q94_t719
86291,q94_t720
86292,q94_t721
86292,q94_t722
86293,q94_t722
86293,q94_t723
86294,q94_t724
86294,q94_t725
86295,q94_t725
86295,q94_t726
86296,q94_t727
86296,q94_t728
86297,q94_t728
86297,q94_t729
86298,q94_t730
86298,q94_t731
86299,q94_t731
86299,q94_t732
86300,q94_t733
86300,q94_t734
86301,q94_t734
86301,q94_t735
86302,q94_t736
86302,q94_t737
86303,q94_t737
86303,q94_t738
86304,q94_t739
86304,q94_t740
86305,q94_t740
86305,q94_t741
86306,q94_t742
86306,q94_t743
86307,q94_t743
86307,q94_t744
86308,q94_t745
86308,q94_t746
86309,q94_t746
86309,q94_t747
86310,q94_t748
86310,q94_t749
86311,q94_t749
86311,q94_t750
86312,q94_t751
86312,q94_t752
86313,q94_t752
86313,q94_t753
86314,q94_t754
86314,q94_t755
86315,q94_t755
86315,q94_t756
86316,q94_t757
86316,q94_t758
86317,q94_t758
86317,q94_t759
86318,q94_t760
86318,q94_t761
86319,q94_t761
86319,q94_t762
86320,q94_t763
86320,q94_t764
86321,q94_t764
86321,q94_t765
86322,q94_t766
86322,q94_t767
86323,q94_t767
86323,q94_t768
86324,q94_t769
86324,q94_t770
86325,q94_t770
86325,q94_t771
86326,q94_t772
86326,q94_t773
86327,q94_t773
86327,q94_t774
86328,q94_t775
86328,q94_t776
86329,q94_t776
86329,q94_t777
86330,q94_t778
86330,q94_t779
86331,q94_t779
86331,q94_t780
86332,q94_t781
86332,q94_t782
86333,q94_t782
86333,q94_t783
86334,q94_t784
86334,q94_t785
86335,q94_t785
86335,q94_t786
86336,q94_t787
86336,q94_t788
86337,q94_t788
86337,q94_t789
86338,q94_t790
86338,q94_t791
86339,q94_t791
86339,q94_t792
86340,q94_t793
86340,q94_t794
86341,q94_t794
86341,q94_t795
86342,q94_t796
86342,q94_t797
86343,q94_t797
86343,q94_t798
86344,q94_t799
86344,q94_t800
86345,q94_t800
86345,q94_t801
86346,q94_t802
86346,q94_t803
86347,q94_t803
86347,q94_t804
86348,q94_t805
86348,q94_t806
86349,q94_t806
86349,q94_t807
86350,q94_t808
86350,q94_t809
86351,q94_t809
86351,q94_t810
86352,q94_t811
86352,q94_t812
86353,q94_t812
86353,q94_t813
86354,q94_t814
86354,q94_t815
86355,q94_t815
86355,q94_t816
86356,q94_t817
86356,q94_t818
86357,q94_t818
86357,q94_t819
86358,q94_t820
86358,q94_t821
86359,q94_t821
86359,q94_t822
86360,q94_t823
86360,q94_t824
86361,q94_t824
86361,q94_t825
86362,q94_t826
86362,q94_t827
86363,q94_t827
86363,q94_t828
86364,q94_t829
86364,q94_t830
86365,q94_t830
86365,q94_t831
86366,q94_t832
86366,q94_t833
86367,q94_t833
86367,q94_t834
86368,q94_t835
86368,q94_t836
86369,q94_t836
86369,q94_t837
86370,q94_t838
86370,q94_t839
86371,q94_t839
86371,q94_t840
86372,q94_t841
86372,q94_t842
86373,q94_t842
86373,q94_t843
86374,q94_t844
86374,q94_t845
86375,q94_t845
86375,q94_t846
86376,q94_t847
86376,q94_t848
86377,q94_t848
86377,q94_t849
86378,q94_t850
86378,q94_t851
86379,q94_t851
86379,q94_t852
86380,q94_t853
86380,q94_t854
86381,q94_t854
86381,q94_t855
86382,q94_t856
86382,q94_t857
86383,q94_t857
86383,q94_t858
86384,q94_t859
86384,q94_t860
86385,q94_t860
86385,q94_t861
86386,q94_t862
86386,q94_t863
86387,q94_t863
86387,q94_t864
86388,q94_t865
86388,q94_t866
86389,q94_t866
86389,q94_t867
86390,q94_t868
86390,q94_t869
86391,q94_t869
86391,q94_t870
86392,q94_t871
86392,q94_t872
86393,q94_t872
86393,q94_t873
86394,q94_t874
86394,q94_t875
86395,q94_t875
86395,q94_t876
86396,q94_t877
86396,q94_t878
86397,q94_t878
86397,q94_t879
86398,q94_t880
86398,q94_t881
86399,q94_t881
86399,q94_t882
86400,q94_t883
86400,q94_t884
86401,q94_t884
86401,q94_t885
86402,q94_t886
86402,q94_t887
86403,q94_t887
86403,q94_t888
86404,q94_t889
86404,q94_t890
86405,q94_t890
86405,q94_t891
86406,q94_t892
86406,q94_t893
86407,q94_t893
86407,q94_t897
86408,q94_t897
86408,q94_t898
86408,q95_t897
86408,q95_t898
86409,q94_t898
86409,q94_t899
86410,q94_t899
86410,q94_t900
86411,q94_t900
86411,q94_t901
86411,q96_t900
86411,q96_t901
86412,q94_t901
86412,q94_t902
86413,q94_t902
86413,q94_t903
86414,q94_t903
86414,q94_t904
86414,q97_t903
86414,q97_t904
86415,q94_t904
86415,q94_t905
86416,q94_t905
86416,q94_t906
86417,q94_t906
86417,q94_t907
86417,q98_t906
86417,q98_t907
86418,q94_t907
86418,q94_t908
86419,q94_t908
86419,q94_t909
86420,q94_t909
86420,q94_t910
86420,q99_t909
86420,q99_t910
86421,q94_t910
86421,q94_t911
86422,q94_t911
86422,q94_t912
86423,q94_t913
86423,q94_t914
86424,q94_t914
86424,q94_t915
86425,q94_t916
86425,q94_t917
86426,q94_t917
86426,q94_t918
86427,q94_t919
86427,q94_t920
86428,q94_t920
86428,q94_t921
86429,q94_t922
86429,q94_t923
86430,q94_t923
86430,q94_t924
86431,q94_t925
86431,q94_t926
86432,q94_t926
86432,q94_t927
86433,q94_t928
86433,q94_t929
86434,q94_t929
86434,q94_t930
86435,q94_t931
86435,q94_t932
86436,q94_t932
86436,q94_t933
86437,q94_t934
86437,q94_t935
86438,q94_t935
86438,q94_t936
86439,q94_t937
86439,q94_t938
86440,q94_t938
86440,q94_t939
86441,q94_t940
86441,q94_t941
86442,q94_t941
86442,q94_t942
86443,q94_t942
86443,q94_t943
86444,q94_t944
86444,q94_t945
86445,q94_t945
86445,q94_t946
86446,q94_t947
86446,q94_t948
86447,q94_t948
86447,q94_t949
86448,q94_t950
86448,q94_t951
86449,q94_t951
86449,q94_t952
86450,q94_t953
86450,q94_t954
86451,q94_t954
86451,q94_t955
86452,q94_t956
86452,q94_t957
86453,q94_t957
86453,q94_t958
86454,q94_t959
86454,q94_t960
86455,q94_t960
86455,q94_t961
86456,q94_t962
86456,q94_t963
86457,q94_t963
86457,q94_t964
86458,q94_t965
86458,q94_t966
86459,q94_t966
86459,q94_t967
86460,q94_t968
86460,q94_t969
86461,q94_t969
86461,q94_t970
86462,q94_t970
86462,q94_t971
86462,q9_t970
86462,q9_t971
86463,q94_t971
86463,q94_t972
86464,q94_t972
86464,q94_t973
86465,q94_t974
86465,q94_t975
86466,q94_t975
86466,q94_t976
86467,q94_t977
86467,q94_t978
86468,q94_t978
86468,q94_t979
86469,q94_t980
86469,q94_t981
86470,q94_t981
86470,q94_t982
86471,q94_t983
86471,q94_t984
86472,q94_t984
86472,q94_t985
86473,q94_t986
86473,q94_t987
86474,q94_t987
86474,q94_t988
86475,q94_t989
86475,q94_t990
86476,q94_t990
86476,q94_t991
86477,q94_t992
86477,q94_t993
86478,q94_t993
86478,q94_t994
86479,q94_t995
86479,q94_t996
86480,q94_t996
86480,q94_t997
86481,q94_t998
86481,q94_t999
86482,q95_t0
86482,q95_t1
86483,q95_t1
86483,q95_t284
86484,q95_t1000
86484,q95_t999
86485,q95_t1001
86485,q95_t1002
86486,q95_t1002
86486,q95_t1003
86487,q95_t1004
86487,q95_t1005
86488,q95_t1005
86488,q95_t1006
86489,q95_t1007
86489,q95_t1008
86490,q95_t1008
86490,q95_t1009
86491,q95_t1010
86491,q95_t1011
86492,q95_t1011
86492,q95_t1012
86493,q95_t1013
86493,q95_t1014
86494,q95_t1014
86494,q95_t1015
86495,q95_t1016
86495,q95_t1017
86496,q95_t1017
86496,q95_t1018
86497,q95_t1019
86497,q95_t1020
86498,q95_t1020
86498,q95_t1021
86499,q95_t1022
86499,q95_t1023
86500,q95_t1023
86500,q95_t1024
86501,q95_t1025
86501,q95_t1026
86502,q95_t1026
86502,q95_t1027
86503,q95_t1028
86503,q95_t1029
86504,q95_t1029
86504,q95_t1030
86505,q95_t1031
86505,q95_t1032
86506,q95_t1032
86506,q95_t1033
86507,q95_t1034
86507,q95_t1035
86508,q95_t1035
86508,q95_t1036
86509,q95_t1037
86509,q95_t1038
86510,q95_t1038
86510,q95_t1039
86511,q95_t1040
86511,q95_t1041
86512,q95_t1041
86512,q95_t1042
86513,q95_t1043
86513,q95_t1044
86514,q95_t1044
86514,q95_t1045
86515,q95_t1046
86515,q95_t1047
86516,q95_t1047
86516,q95_t1048
86517,q95_t1049
86517,q95_t1050
86518,q95_t1050
86518,q95_t1051
86519,q95_t1052
86519,q95_t1053
86520,q95_t1053
86520,q95_t1054
86521,q95_t1055
86521,q95_t1056
86522,q95_t1056
86522,q95_t1057
86523,q95_t1058
86523,q95_t1059
86524,q95_t1059
86524,q95_t1060
86525,q95_t1061
86525,q95_t1062
86526,q95_t1062
86526,q95_t1063
86527,q95_t1064
86527,q95_t1065
86528,q95_t1065
86528,q95_t1066
86529,q95_t1067
86529,q95_t1068
86530,q95_t1068
86530,q95_t1069
86531,q95_t1070
86531,q95_t1071
86532,q95_t1071
86532,q95_t1072
86533,q95_t1073
86533,q95_t1074
86534,q95_t1074
86534,q95_t1075
86535,q95_t1076
86535,q95_t1077
86536,q95_t1077
86536,q95_t1078
86537,q95_t1079
86537,q95_t1080
86538,q95_t1080
86538,q95_t1081
86539,q95_t1082
86539,q95_t1083
86540,q95_t1083
86540,q95_t1084
86541,q95_t1085
86541,q95_t1086
86542,q95_t1086
86542,q95_t1087
86543,q95_t1088
86543,q95_t1089
86544,q95_t1089
86544,q95_t1090
86545,q95_t1091
86545,q95_t1092
86546,q95_t1092
86546,q95_t1093
86547,q95_t1094
86547,q95_t1095
86548,q95_t1095
86548,q95_t1096
86549,q95_t1097
86549,q95_t1098
86550,q95_t1098
86550,q95_t1099
86551,q95_t1100
86551,q95_t1101
86552,q95_t1101
86552,q95_t1102
86553,q95_t1103
86553,q95_t1104
86554,q95_t1104
86554,q95_t1105
86555,q95_t1106
86555,q95_t1107
86556,q95_t1107
86556,q95_t1108
86557,q95_t1109
86557,q95_t1110
86558,q95_t1110
86558,q95_t1111
86559,q95_t1112
86559,q95_t1113
86560,q95_t1113
86560,q95_t1114
86561,q95_t1115
86561,q95_t1116
86562,q95_t1116
86562,q95_t1117
86563,q95_t1118
86563,q95_t1119
86564,q95_t1119
86564,q95_t1120
86565,q95_t1121
86565,q95_t1122
86566,q95_t1122
86566,q95_t1123
86567,q95_t1124
86567,q95_t1125
86568,q95_t1125
86568,q95_t1126
86569,q95_t1127
86569,q95_t1128
86570,q95_t1128
86570,q95_t1129
86571,q95_t1130
86571,q95_t1131
86572,q95_t1131
86572,q95_t1132
86573,q95_t1133
86573,q95_t1134
86574,q95_t1134
86574,q95_t1135
86575,q95_t1136
86575,q95_t1137
86576,q95_t1137
86576,q95_t1138
86577,q95_t1139
86577,q95_t1140
86578,q95_t1140
86578,q95_t1141
86579,q95_t1142
86579,q95_t1143
86580,q95_t1143
86580,q95_t1144
86581,q95_t1145
86581,q95_t1146
86582,q95_t1146
86582,q95_t1147
86583,q95_t1148
86583,q95_t1149
86584,q95_t1149
86584,q95_t1150
86585,q95_t1151
86585,q95_t1152
86586,q95_t1152
86586,q95_t1153
86587,q95_t1154
86587,q95_t1155
86588,q95_t1155
86588,q95_t1156
86589,q95_t1157
86589,q95_t1158
86590,q95_t1158
86590,q95_t1159
86591,q95_t1160
86591,q95_t1161
86592,q95_t1161
86592,q95_t1162
86593,q95_t1163
86593,q95_t1164
86594,q95_t1164
86594,q95_t1165
86595,q95_t1166
86595,q95_t1167
86596,q95_t1167
86596,q95_t1168
86597,q95_t1169
86597,q95_t1170
86598,q95_t1170
86598,q95_t1171
86599,q95_t1172
86599,q95_t1173
86600,q95_t1173
86600,q95_t1174
86601,q95_t1175
86601,q95_t1176
86602,q95_t1176
86602,q95_t1177
86603,q95_t1178
86603,q95_t1179
86604,q95_t1179
86604,q95_t1180
86605,q95_t1181
86605,q95_t1182
86606,q95_t1182
86606,q95_t1183
86607,q95_t1184
86607,q95_t1185
86608,q95_t1185
86608,q95_t1186
86609,q95_t1187
86609,q95_t1188
86610,q95_t1188
86610,q95_t1189
86611,q95_t1190
86611,q95_t1191
86612,q95_t1191
86612,q95_t1192
86613,q95_t1193
86613,q95_t1194
86614,q95_t1194
86614,q95_t1195
86615,q95_t1196
86615,q95_t1197
86616,q95_t1197
86616,q95_t1198
86617,q95_t1199
86617,q95_t1200
86618,q95_t1200
86618,q95_t1201
86619,q95_t1202
86619,q95_t1203
86620,q95_t1203
86620,q95_t1204
86621,q95_t1205
86621,q95_t1206
86622,q95_t1206
86622,q95_t1207
86623,q95_t1208
86623,q95_t1209
86624,q95_t1209
86624,q95_t1210
86625,q95_t1211
86625,q95_t1212
86626,q95_t1212
86626,q95_t1213
86627,q95_t1214
86627,q95_t1215
86628,q95_t1215
86628,q95_t1216
86629,q95_t1217
86629,q95_t1218
86630,q95_t1218
86630,q95_t1219
86631,q95_t1220
86631,q95_t1221
86632,q95_t1221
86632,q95_t1222
86633,q95_t1223
86633,q95_t1224
86634,q95_t1224
86634,q95_t1225
86635,q95_t1226
86635,q95_t1227
86636,q95_t1227
86636,q95_t1228
86637,q95_t1229
86637,q95_t1230
86638,q95_t1230
86638,q95_t1234
86639,q95_t1234
86639,q95_t1235
86639,q96_t1234
86639,q96_t1235
86640,q95_t1235
86640,q95_t1236
86641,q95_t1236
86641,q95_t1237
86642,q95_t1237
86642,q95_t1238
86642,q97_t1237
86642,q97_t1238
86643,q95_t1238
86643,q95_t1239
86644,q95_t1239
86644,q95_t1240
86645,q95_t1240
86645,q95_t1241
86645,q98_t1240
86645,q98_t1241
86646,q95_t1241
86646,q95_t1242
86647,q95_t1242
86647,q95_t1243
86648,q95_t1243
86648,q95_t1244
86648,q99_t1243
86648,q99_t1244
86649,q95_t1244
86649,q95_t1245
86650,q95_t1245
86650,q95_t1246
86651,q95_t1247
86651,q95_t1248
86652,q95_t1248
86652,q95_t1249
86653,q95_t1250
86653,q95_t1251
86654,q95_t1251
86654,q95_t1252
86655,q95_t1253
86655,q95_t1254
86656,q95_t1254
86656,q95_t1255
86657,q95_t1256
86657,q95_t1257
86658,q95_t1257
86658,q95_t1258
86659,q95_t1259
86659,q95_t1260
86660,q95_t1260
86660,q95_t1261
86661,q95_t1262
86661,q95_t1263
86662,q95_t1263
86662,q95_t1264
86663,q95_t1265
86663,q95_t1266
86664,q95_t1266
86664,q95_t1267
86665,q95_t1268
86665,q95_t1269
86666,q95_t1269
86666,q95_t1270
86667,q95_t1271
86667,q95_t1272
86668,q95_t1272
86668,q95_t1273
86669,q95_t1274
86669,q95_t1275
86670,q95_t1275
86670,q95_t1276
86671,q95_t285
86671,q95_t286
86672,q95_t286
86672,q95_t287
86673,q95_t288
86673,q95_t289
86674,q95_t289
86674,q95_t290
86675,q95_t291
86675,q95_t292
86676,q95_t292
86676,q95_t293
86677,q95_t294
86677,q95_t295
86678,q95_t295
86678,q95_t296
86679,q95_t297
86679,q95_t298
86680,q95_t298
86680,q95_t299
86681,q95_t300
86681,q95_t301
86682,q95_t301
86682,q95_t302
86683,q95_t303
86683,q95_t304
86684,q95_t304
86684,q95_t305
86685,q95_t306
86685,q95_t307
86686,q95_t307
86686,q95_t308
86687,q95_t309
86687,q95_t310
86688,q95_t310
86688,q95_t311
86689,q95_t311
86689,q95_t312
86689,q9_t311
86689,q9_t312
86690,q95_t312
86690,q95_t313
86691,q95_t313
86691,q95_t314
86692,q95_t315
86692,q95_t316
86693,q95_t316
86693,q95_t317
86694,q95_t318
86694,q95_t319
86695,q95_t319
86695,q95_t320
86696,q95_t321
86696,q95_t322
86697,q95_t322
86697,q95_t323
86698,q95_t324
86698,q95_t325
86699,q95_t325
86699,q95_t326
86700,q95_t327
86700,q95_t328
86701,q95_t328
86701,q95_t329
86702,q95_t330
86702,q95_t331
86703,q95_t331
86703,q95_t332
86704,q95_t333
86704,q95_t334
86705,q95_t334
86705,q95_t335
86706,q95_t336
86706,q95_t337
86707,q95_t337
86707,q95_t338
86708,q95_t339
86708,q95_t340
86709,q95_t340
86709,q95_t341
86710,q95_t342
86710,q95_t343
86711,q95_t343
86711,q95_t344
86712,q95_t345
86712,q95_t346
86713,q95_t346
86713,q95_t347
86714,q95_t348
86714,q95_t349
86715,q95_t349
86715,q95_t350
86716,q95_t351
86716,q95_t352
86717,q95_t352
86717,q95_t353
86718,q95_t354
86718,q95_t355
86719,q95_t355
86719,q95_t356
86720,q95_t357
86720,q95_t358
86721,q95_t358
86721,q95_t359
86722,q95_t360
86722,q95_t361
86723,q95_t361
86723,q95_t362
86724,q95_t363
86724,q95_t364
86725,q95_t364
86725,q95_t365
86726,q95_t366
86726,q95_t367
86727,q95_t367
86727,q95_t368
86728,q95_t369
86728,q95_t370
86729,q95_t370
86729,q95_t371
86730,q95_t372
86730,q95_t373
86731,q95_t373
86731,q95_t374
86732,q95_t375
86732,q95_t376
86733,q95_t376
86733,q95_t377
86734,q95_t378
86734,q95_t379
86735,q95_t379
86735,q95_t380
86736,q95_t381
86736,q95_t382
86737,q95_t382
86737,q95_t383
86738,q95_t384
86738,q95_t385
86739,q95_t385
86739,q95_t386
86740,q95_t387
86740,q95_t388
86741,q95_t388
86741,q95_t389
86742,q95_t390
86742,q95_t391
86743,q95_t391
86743,q95_t392
86744,q95_t393
86744,q95_t394
86745,q95_t394
86745,q95_t395
86746,q95_t396
86746,q95_t397
86747,q95_t397
86747,q95_t398
86748,q95_t399
86748,q95_t400
86749,q95_t400
86749,q95_t401
86750,q95_t402
86750,q95_t403
86751,q95_t403
86751,q95_t404
86752,q95_t405
86752,q95_t406
86753,q95_t406
86753,q95_t407
86754,q95_t408
86754,q95_t409
86755,q95_t409
86755,q95_t410
86756,q95_t411
86756,q95_t412
86757,q95_t412
86757,q95_t413
86758,q95_t414
86758,q95_t415
86759,q95_t415
86759,q95_t416
86760,q95_t417
86760,q95_t418
86761,q95_t418
86761,q95_t419
86762,q95_t420
86762,q95_t421
86763,q95_t421
86763,q95_t422
86764,q95_t423
86764,q95_t424
86765,q95_t424
86765,q95_t425
86766,q95_t426
86766,q95_t427
86767,q95_t427
86767,q95_t428
86768,q95_t429
86768,q95_t430
86769,q95_t430
86769,q95_t431
86770,q95_t432
86770,q95_t433
86771,q95_t433
86771,q95_t434
86772,q95_t435
86772,q95_t436
86773,q95_t436
86773,q95_t437
86774,q95_t438
86774,q95_t439
86775,q95_t439
86775,q95_t440
86776,q95_t441
86776,q95_t442
86777,q95_t442
86777,q95_t443
86778,q95_t444
86778,q95_t445
86779,q95_t445
86779,q95_t446
86780,q95_t447
86780,q95_t448
86781,q95_t448
86781,q95_t449
86782,q95_t450
86782,q95_t451
86783,q95_t451
86783,q95_t452
86784,q95_t453
86784,q95_t454
86785,q95_t454
86785,q95_t455
86786,q95_t456
86786,q95_t457
86787,q95_t457
86787,q95_t458
86788,q95_t459
86788,q95_t460
86789,q95_t460
86789,q95_t461
86790,q95_t462
86790,q95_t463
86791,q95_t463
86791,q95_t464
86792,q95_t465
86792,q95_t466
86793,q95_t466
86793,q95_t467
86794,q95_t468
86794,q95_t469
86795,q95_t469
86795,q95_t470
86796,q95_t471
86796,q95_t472
86797,q95_t472
86797,q95_t473
86798,q95_t474
86798,q95_t475
86799,q95_t475
86799,q95_t476
86800,q95_t477
86800,q95_t478
86801,q95_t478
86801,q95_t479
86802,q95_t480
86802,q95_t481
86803,q95_t481
86803,q95_t482
86804,q95_t483
86804,q95_t484
86805,q95_t484
86805,q95_t485
86806,q95_t486
86806,q95_t487
86807,q95_t487
86807,q95_t488
86808,q95_t489
86808,q95_t490
86809,q95_t490
86809,q95_t491
86810,q95_t492
86810,q95_t493
86811,q95_t493
86811,q95_t494
86812,q95_t495
86812,q95_t496
86813,q95_t496
86813,q95_t497
86814,q95_t498
86814,q95_t499
86815,q95_t499
86815,q95_t500
86816,q95_t501
86816,q95_t502
86817,q95_t502
86817,q95_t503
86818,q95_t504
86818,q95_t505
86819,q95_t505
86819,q95_t506
86820,q95_t507
86820,q95_t508
86821,q95_t508
86821,q95_t509
86822,q95_t510
86822,q95_t511
86823,q95_t511
86823,q95_t512
86824,q95_t513
86824,q95_t514
86825,q95_t514
86825,q95_t515
86826,q95_t516
86826,q95_t517
86827,q95_t517
86827,q95_t518
86828,q95_t519
86828,q95_t520
86829,q95_t520
86829,q95_t521
86830,q95_t522
86830,q95_t523
86831,q95_t523
86831,q95_t524
86832,q95_t525
86832,q95_t526
86833,q95_t526
86833,q95_t527
86834,q95_t528
86834,q95_t529
86835,q95_t529
86835,q95_t530
86836,q95_t531
86836,q95_t532
86837,q95_t532
86837,q95_t533
86838,q95_t534
86838,q95_t535
86839,q95_t535
86839,q95_t536
86840,q95_t537
86840,q95_t538
86841,q95_t538
86841,q95_t539
86842,q95_t540
86842,q95_t541
86843,q95_t541
86843,q95_t542
86844,q95_t543
86844,q95_t544
86845,q95_t544
86845,q95_t545
86846,q95_t546
86846,q95_t547
86847,q95_t547
86847,q95_t548
86848,q95_t549
86848,q95_t550
86849,q95_t550
86849,q95_t551
86850,q95_t552
86850,q95_t553
86851,q95_t553
86851,q95_t554
86852,q95_t555
86852,q95_t556
86853,q95_t556
86853,q95_t557
86854,q95_t558
86854,q95_t559
86855,q95_t559
86855,q95_t560
86856,q95_t561
86856,q95_t562
86857,q95_t562
86857,q95_t563
86858,q95_t564
86858,q95_t565
86859,q95_t565
86859,q95_t566
86860,q95_t567
86860,q95_t568
86861,q95_t568
86861,q95_t572
86862,q95_t572
86862,q95_t573
86862,q96_t572
86862,q96_t573
86863,q95_t573
86863,q95_t574
86864,q95_t574
86864,q95_t575
86865,q95_t575
86865,q95_t576
86865,q97_t575
86865,q97_t576
86866,q95_t576
86866,q95_t577
86867,q95_t577
86867,q95_t578
86868,q95_t578
86868,q95_t579
86868,q98_t578
86868,q98_t579
86869,q95_t579
86869,q95_t580
86870,q95_t580
86870,q95_t581
86871,q95_t581
86871,q95_t582
86871,q99_t581
86871,q99_t582
86872,q95_t582
86872,q95_t583
86873,q95_t583
86873,q95_t584
86874,q95_t585
86874,q95_t586
86875,q95_t586
86875,q95_t587
86876,q95_t588
86876,q95_t589
86877,q95_t589
86877,q95_t590
86878,q95_t591
86878,q95_t592
86879,q95_t592
86879,q95_t593
86880,q95_t594
86880,q95_t595
86881,q95_t595
86881,q95_t596
86882,q95_t597
86882,q95_t598
86883,q95_t598
86883,q95_t599
86884,q95_t600
86884,q95_t601
86885,q95_t601
86885,q95_t602
86886,q95_t603
86886,q95_t604
86887,q95_t604
86887,q95_t605
86888,q95_t606
86888,q95_t607
86889,q95_t607
86889,q95_t608
86890,q95_t609
86890,q95_t610
86891,q95_t610
86891,q95_t611
86892,q95_t612
86892,q95_t613
86893,q95_t613
86893,q95_t614
86894,q95_t614
86894,q95_t615
86895,q95_t616
86895,q95_t617
86896,q95_t617
86896,q95_t618
86897,q95_t619
86897,q95_t620
86898,q95_t620
86898,q95_t621
86899,q95_t622
86899,q95_t623
86900,q95_t623
86900,q95_t624
86901,q95_t625
86901,q95_t626
86902,q95_t626
86902,q95_t627
86903,q95_t628
86903,q95_t629
86904,q95_t629
86904,q95_t630
86905,q95_t631
86905,q95_t632
86906,q95_t632
86906,q95_t633
86907,q95_t634
86907,q95_t635
86908,q95_t635
86908,q95_t636
86909,q95_t637
86909,q95_t638
86910,q95_t638
86910,q95_t639
86911,q95_t640
86911,q95_t641
86912,q95_t641
86912,q95_t642
86913,q95_t642
86913,q95_t643
86913,q9_t642
86913,q9_t643
86914,q95_t643
86914,q95_t644
86915,q95_t644
86915,q95_t645
86916,q95_t646
86916,q95_t647
86917,q95_t647
86917,q95_t648
86918,q95_t649
86918,q95_t650
86919,q95_t650
86919,q95_t651
86920,q95_t652
86920,q95_t653
86921,q95_t653
86921,q95_t654
86922,q95_t655
86922,q95_t656
86923,q95_t656
86923,q95_t657
86924,q95_t658
86924,q95_t659
86925,q95_t659
86925,q95_t660
86926,q95_t661
86926,q95_t662
86927,q95_t662
86927,q95_t663
86928,q95_t664
86928,q95_t665
86929,q95_t665
86929,q95_t666
86930,q95_t667
86930,q95_t668
86931,q95_t668
86931,q95_t669
86932,q95_t670
86932,q95_t671
86933,q95_t671
86933,q95_t672
86934,q95_t673
86934,q95_t674
86935,q95_t674
86935,q95_t675
86936,q95_t676
86936,q95_t677
86937,q95_t677
86937,q95_t678
86938,q95_t679
86938,q95_t680
86939,q95_t680
86939,q95_t681
86940,q95_t682
86940,q95_t683
86941,q95_t683
86941,q95_t684
86942,q95_t685
86942,q95_t686
86943,q95_t686
86943,q95_t687
86944,q95_t688
86944,q95_t689
86945,q95_t689
86945,q95_t690
86946,q95_t691
86946,q95_t692
86947,q95_t692
86947,q95_t693
86948,q95_t694
86948,q95_t695
86949,q95_t695
86949,q95_t696
86950,q95_t697
86950,q95_t698
86951,q95_t698
86951,q95_t699
86952,q95_t700
86952,q95_t701
86953,q95_t701
86953,q95_t702
86954,q95_t703
86954,q95_t704
86955,q95_t704
86955,q95_t705
86956,q95_t706
86956,q95_t707
86957,q95_t707
86957,q95_t708
86958,q95_t709
86958,q95_t710
86959,q95_t710
86959,q95_t711
86960,q95_t712
86960,q95_t713
86961,q95_t713
86961,q95_t714
86962,q95_t715
86962,q95_t716
86963,q95_t716
86963,q95_t717
86964,q95_t718
86964,q95_t719
86965,q95_t719
86965,q95_t720
86966,q95_t721
86966,q95_t722
86967,q95_t722
86967,q95_t723
86968,q95_t724
86968,q95_t725
86969,q95_t725
86969,q95_t726
86970,q95_t727
86970,q95_t728
86971,q95_t728
86971,q95_t729
86972,q95_t730
86972,q95_t731
86973,q95_t731
86973,q95_t732
86974,q95_t733
86974,q95_t734
86975,q95_t734
86975,q95_t735
86976,q95_t736
86976,q95_t737
86977,q95_t737
86977,q95_t738
86978,q95_t739
86978,q95_t740
86979,q95_t740
86979,q95_t741
86980,q95_t742
86980,q95_t743
86981,q95_t743
86981,q95_t744
86982,q95_t745
86982,q95_t746
86983,q95_t746
86983,q95_t747
86984,q95_t748
86984,q95_t749
86985,q95_t749
86985,q95_t750
86986,q95_t751
86986,q95_t752
86987,q95_t752
86987,q95_t753
86988,q95_t754
86988,q95_t755
86989,q95_t755
86989,q95_t756
86990,q95_t757
86990,q95_t758
86991,q95_t758
86991,q95_t759
86992,q95_t760
86992,q95_t761
86993,q95_t761
86993,q95_t762
86994,q95_t763
86994,q95_t764
86995,q95_t764
86995,q95_t765
86996,q95_t766
86996,q95_t767
86997,q95_t767
86997,q95_t768
86998,q95_t769
86998,q95_t770
86999,q95_t770
86999,q95_t771
87000,q95_t772
87000,q95_t773
87001,q95_t773
87001,q95_t774
87002,q95_t775
87002,q95_t776
87003,q95_t776
87003,q95_t777
87004,q95_t778
87004,q95_t779
87005,q95_t779
87005,q95_t780
87006,q95_t781
87006,q95_t782
87007,q95_t782
87007,q95_t783
87008,q95_t784
87008,q95_t785
87009,q95_t785
87009,q95_t786
87010,q95_t787
87010,q95_t788
87011,q95_t788
87011,q95_t789
87012,q95_t790
87012,q95_t791
87013,q95_t791
87013,q95_t792
87014,q95_t793
87014,q95_t794
87015,q95_t794
87015,q95_t795
87016,q95_t796
87016,q95_t797
87017,q95_t797
87017,q95_t798
87018,q95_t799
87018,q95_t800
87019,q95_t800
87019,q95_t801
87020,q95_t802
87020,q95_t803
87021,q95_t803
87021,q95_t804
87022,q95_t805
87022,q95_t806
87023,q95_t806
87023,q95_t807
87024,q95_t808
87024,q95_t809
87025,q95_t809
87025,q95_t810
87026,q95_t811
87026,q95_t812
87027,q95_t812
87027,q95_t813
87028,q95_t814
87028,q95_t815
87029,q95_t815
87029,q95_t816
87030,q95_t817
87030,q95_t818
87031,q95_t818
87031,q95_t819
87032,q95_t820
87032,q95_t821
87033,q95_t821
87033,q95_t822
87034,q95_t823
87034,q95_t824
87035,q95_t824
87035,q95_t825
87036,q95_t826
87036,q95_t827
87037,q95_t827
87037,q95_t828
87038,q95_t829
87038,q95_t830
87039,q95_t830
87039,q95_t831
87040,q95_t832
87040,q95_t833
87041,q95_t833
87041,q95_t834
87042,q95_t835
87042,q95_t836
87043,q95_t836
87043,q95_t837
87044,q95_t838
87044,q95_t839
87045,q95_t839
87045,q95_t840
87046,q95_t841
87046,q95_t842
87047,q95_t842
87047,q95_t843
87048,q95_t844
87048,q95_t845
87049,q95_t845
87049,q95_t846
87050,q95_t847
87050,q95_t848
87051,q95_t848
87051,q95_t849
87052,q95_t850
87052,q95_t851
87053,q95_t851
87053,q95_t852
87054,q95_t853
87054,q95_t854
87055,q95_t854
87055,q95_t855
87056,q95_t856
87056,q95_t857
87057,q95_t857
87057,q95_t858
87058,q95_t859
87058,q95_t860
87059,q95_t860
87059,q95_t861
87060,q95_t862
87060,q95_t863
87061,q95_t863
87061,q95_t864
87062,q95_t865
87062,q95_t866
87063,q95_t866
87063,q95_t867
87064,q95_t868
87064,q95_t869
87065,q95_t869
87065,q95_t870
87066,q95_t871
87066,q95_t872
87067,q95_t872
87067,q95_t873
87068,q95_t874
87068,q95_t875
87069,q95_t875
87069,q95_t876
87070,q95_t877
87070,q95_t878
87071,q95_t878
87071,q95_t879
87072,q95_t880
87072,q95_t881
87073,q95_t881
87073,q95_t882
87074,q95_t883
87074,q95_t884
87075,q95_t884
87075,q95_t885
87076,q95_t886
87076,q95_t887
87077,q95_t887
87077,q95_t888
87078,q95_t889
87078,q95_t890
87079,q95_t890
87079,q95_t891
87080,q95_t892
87080,q95_t893
87081,q95_t893
87081,q95_t894
87082,q95_t895
87082,q95_t896
87083,q95_t896
87083,q95_t897
87084,q95_t898
87084,q95_t899
87085,q95_t899
87085,q95_t903
87086,q95_t903
87086,q95_t904
87086,q96_t903
87086,q96_t904
87087,q95_t904
87087,q95_t905
87088,q95_t905
87088,q95_t906
87089,q95_t906
87089,q95_t907
87089,q97_t906
87089,q97_t907
87090,q95_t907
87090,q95_t908
87091,q95_t908
87091,q95_t909
87092,q95_t909
87092,q95_t910
87092,q98_t909
87092,q98_t910
87093,q95_t910
87093,q95_t911
87094,q95_t911
87094,q95_t912
87095,q95_t912
87095,q95_t913
87095,q99_t912
87095,q99_t913
87096,q95_t913
87096,q95_t914
87097,q95_t914
87097,q95_t915
87098,q95_t916
87098,q95_t917
87099,q95_t917
87099,q95_t918
87100,q95_t919
87100,q95_t920
87101,q95_t920
87101,q95_t921
87102,q95_t922
87102,q95_t923
87103,q95_t923
87103,q95_t924
87104,q95_t925
87104,q95_t926
87105,q95_t926
87105,q95_t927
87106,q95_t928
87106,q95_t929
87107,q95_t929
87107,q95_t930
87108,q95_t931
87108,q95_t932
87109,q95_t932
87109,q95_t933
87110,q95_t934
87110,q95_t935
87111,q95_t935
87111,q95_t936
87112,q95_t937
87112,q95_t938
87113,q95_t938
87113,q95_t939
87114,q95_t940
87114,q95_t941
87115,q95_t941
87115,q95_t942
87116,q95_t943
87116,q95_t944
87117,q95_t944
87117,q95_t945
87118,q95_t945
87118,q95_t946
87119,q95_t947
87119,q95_t948
87120,q95_t948
87120,q95_t949
87121,q95_t950
87121,q95_t951
87122,q95_t951
87122,q95_t952
87123,q95_t953
87123,q95_t954
87124,q95_t954
87124,q95_t955
87125,q95_t956
87125,q95_t957
87126,q95_t957
87126,q95_t958
87127,q95_t959
87127,q95_t960
87128,q95_t960
87128,q95_t961
87129,q95_t962
87129,q95_t963
87130,q95_t963
87130,q95_t964
87131,q95_t965
87131,q95_t966
87132,q95_t966
87132,q95_t967
87133,q95_t968
87133,q95_t969
87134,q95_t969
87134,q95_t970
87135,q95_t971
87135,q95_t972
87136,q95_t972
87136,q95_t973
87137,q95_t973
87137,q95_t974
87137,q9_t973
87137,q9_t974
87138,q95_t974
87138,q95_t975
87139,q95_t975
87139,q95_t976
87140,q95_t977
87140,q95_t978
87141,q95_t978
87141,q95_t979
87142,q95_t980
87142,q95_t981
87143,q95_t981
87143,q95_t982
87144,q95_t983
87144,q95_t984
87145,q95_t984
87145,q95_t985
87146,q95_t986
87146,q95_t987
87147,q95_t987
87147,q95_t988
87148,q95_t989
87148,q95_t990
87149,q95_t990
87149,q95_t991
87150,q95_t992
87150,q95_t993
87151,q95_t993
87151,q95_t994
87152,q95_t995
87152,q95_t996
87153,q95_t996
87153,q95_t997
87154,q95_t998
87154,q95_t999
87155,q96_t0
87155,q96_t1
87156,q96_t1
87156,q96_t287
87157,q96_t1000
87157,q96_t999
87158,q96_t1001
87158,q96_t1002
87159,q96_t1002
87159,q96_t1003
87160,q96_t1004
87160,q96_t1005
87161,q96_t1005
87161,q96_t1006
87162,q96_t1007
87162,q96_t1008
87163,q96_t1008
87163,q96_t1009
87164,q96_t1010
87164,q96_t1011
87165,q96_t1011
87165,q96_t1012
87166,q96_t1013
87166,q96_t1014
87167,q96_t1014
87167,q96_t1015
87168,q96_t1016
87168,q96_t1017
87169,q96_t1017
87169,q96_t1018
87170,q96_t1019
87170,q96_t1020
87171,q96_t1020
87171,q96_t1021
87172,q96_t1022
87172,q96_t1023
87173,q96_t1023
87173,q96_t1024
87174,q96_t1025
87174,q96_t1026
87175,q96_t1026
87175,q96_t1027
87176,q96_t1028
87176,q96_t1029
87177,q96_t1029
87177,q96_t1030
87178,q96_t1031
87178,q96_t1032
87179,q96_t1032
87179,q96_t1033
87180,q96_t1034
87180,q96_t1035
87181,q96_t1035
87181,q96_t1036
87182,q96_t1037
87182,q96_t1038
87183,q96_t1038
87183,q96_t1039
87184,q96_t1040
87184,q96_t1041
87185,q96_t1041
87185,q96_t1042
87186,q96_t1043
87186,q96_t1044
87187,q96_t1044
87187,q96_t1045
87188,q96_t1046
87188,q96_t1047
87189,q96_t1047
87189,q96_t1048
87190,q96_t1049
87190,q96_t1050
87191,q96_t1050
87191,q96_t1051
87192,q96_t1052
87192,q96_t1053
87193,q96_t1053
87193,q96_t1054
87194,q96_t1055
87194,q96_t1056
87195,q96_t1056
87195,q96_t1057
87196,q96_t1058
87196,q96_t1059
87197,q96_t1059
87197,q96_t1060
87198,q96_t1061
87198,q96_t1062
87199,q96_t1062
87199,q96_t1063
87200,q96_t1064
87200,q96_t1065
87201,q96_t1065
87201,q96_t1066
87202,q96_t1067
87202,q96_t1068
87203,q96_t1068
87203,q96_t1069
87204,q96_t1070
87204,q96_t1071
87205,q96_t1071
87205,q96_t1072
87206,q96_t1073
87206,q96_t1074
87207,q96_t1074
87207,q96_t1075
87208,q96_t1076
87208,q96_t1077
87209,q96_t1077
87209,q96_t1078
87210,q96_t1079
87210,q96_t1080
87211,q96_t1080
87211,q96_t1081
87212,q96_t1082
87212,q96_t1083
87213,q96_t1083
87213,q96_t1084
87214,q96_t1085
87214,q96_t1086
87215,q96_t1086
87215,q96_t1087
87216,q96_t1088
87216,q96_t1089
87217,q96_t1089
87217,q96_t1090
87218,q96_t1091
87218,q96_t1092
87219,q96_t1092
87219,q96_t1093
87220,q96_t1094
87220,q96_t1095
87221,q96_t1095
87221,q96_t1096
87222,q96_t1097
87222,q96_t1098
87223,q96_t1098
87223,q96_t1099
87224,q96_t1100
87224,q96_t1101
87225,q96_t1101
87225,q96_t1102
87226,q96_t1103
87226,q96_t1104
87227,q96_t1104
87227,q96_t1105
87228,q96_t1106
87228,q96_t1107
87229,q96_t1107
87229,q96_t1108
87230,q96_t1109
87230,q96_t1110
87231,q96_t1110
87231,q96_t1111
87232,q96_t1112
87232,q96_t1113
87233,q96_t1113
87233,q96_t1114
87234,q96_t1115
87234,q96_t1116
87235,q96_t1116
87235,q96_t1117
87236,q96_t1118
87236,q96_t1119
87237,q96_t1119
87237,q96_t1120
87238,q96_t1121
87238,q96_t1122
87239,q96_t1122
87239,q96_t1123
87240,q96_t1124
87240,q96_t1125
87241,q96_t1125
87241,q96_t1126
87242,q96_t1127
87242,q96_t1128
87243,q96_t1128
87243,q96_t1129
87244,q96_t1130
87244,q96_t1131
87245,q96_t1131
87245,q96_t1132
87246,q96_t1133
87246,q96_t1134
87247,q96_t1134
87247,q96_t1135
87248,q96_t1136
87248,q96_t1137
87249,q96_t1137
87249,q96_t1138
87250,q96_t1139
87250,q96_t1140
87251,q96_t1140
87251,q96_t1141
87252,q96_t1142
87252,q96_t1143
87253,q96_t1143
87253,q96_t1144
87254,q96_t1145
87254,q96_t1146
87255,q96_t1146
87255,q96_t1147
87256,q96_t1148
87256,q96_t1149
87257,q96_t1149
87257,q96_t1150
87258,q96_t1151
87258,q96_t1152
87259,q96_t1152
87259,q96_t1153
87260,q96_t1154
87260,q96_t1155
87261,q96_t1155
87261,q96_t1156
87262,q96_t1157
87262,q96_t1158
87263,q96_t1158
87263,q96_t1159
87264,q96_t1160
87264,q96_t1161
87265,q96_t1161
87265,q96_t1162
87266,q96_t1163
87266,q96_t1164
87267,q96_t1164
87267,q96_t1165
87268,q96_t1166
87268,q96_t1167
87269,q96_t1167
87269,q96_t1168
87270,q96_t1169
87270,q96_t1170
87271,q96_t1170
87271,q96_t1171
87272,q96_t1172
87272,q96_t1173
87273,q96_t1173
87273,q96_t1174
87274,q96_t1175
87274,q96_t1176
87275,q96_t1176
87275,q96_t1177
87276,q96_t1178
87276,q96_t1179
87277,q96_t1179
87277,q96_t1180
87278,q96_t1181
87278,q96_t1182
87279,q96_t1182
87279,q96_t1183
87280,q96_t1184
87280,q96_t1185
87281,q96_t1185
87281,q96_t1186
87282,q96_t1187
87282,q96_t1188
87283,q96_t1188
87283,q96_t1189
87284,q96_t1190
87284,q96_t1191
87285,q96_t1191
87285,q96_t1192
87286,q96_t1193
87286,q96_t1194
87287,q96_t1194
87287,q96_t1195
87288,q96_t1196
87288,q96_t1197
87289,q96_t1197
87289,q96_t1198
87290,q96_t1199
87290,q96_t1200
87291,q96_t1200
87291,q96_t1201
87292,q96_t1202
87292,q96_t1203
87293,q96_t1203
87293,q96_t1204
87294,q96_t1205
87294,q96_t1206
87295,q96_t1206
87295,q96_t1207
87296,q96_t1208
87296,q96_t1209
87297,q96_t1209
87297,q96_t1210
87298,q96_t1211
87298,q96_t1212
87299,q96_t1212
87299,q96_t1213
87300,q96_t1214
87300,q96_t1215
87301,q96_t1215
87301,q96_t1216
87302,q96_t1217
87302,q96_t1218
87303,q96_t1218
87303,q96_t1219
87304,q96_t1220
87304,q96_t1221
87305,q96_t1221
87305,q96_t1222
87306,q96_t1223
87306,q96_t1224
87307,q96_t1224
87307,q96_t1225
87308,q96_t1226
87308,q96_t1227
87309,q96_t1227
87309,q96_t1228
87310,q96_t1229
87310,q96_t1230
87311,q96_t1230
87311,q96_t1231
87312,q96_t1232
87312,q96_t1233
87313,q96_t1233
87313,q96_t1234
87314,q96_t1235
87314,q96_t1236
87315,q96_t1236
87315,q96_t1240
87316,q96_t1240
87316,q96_t1241
87316,q97_t1240
87316,q97_t1241
87317,q96_t1241
87317,q96_t1242
87318,q96_t1242
87318,q96_t1243
87319,q96_t1243
87319,q96_t1244
87319,q98_t1243
87319,q98_t1244
87320,q96_t1244
87320,q96_t1245
87321,q96_t1245
87321,q96_t1246
87322,q96_t1246
87322,q96_t1247
87322,q99_t1246
87322,q99_t1247
87323,q96_t1247
87323,q96_t1248
87324,q96_t1248
87324,q96_t1249
87325,q96_t1250
87325,q96_t1251
87326,q96_t1251
87326,q96_t1252
87327,q96_t1253
87327,q96_t1254
87328,q96_t1254
87328,q96_t1255
87329,q96_t1256
87329,q96_t1257
87330,q96_t1257
87330,q96_t1258
87331,q96_t1259
87331,q96_t1260
87332,q96_t1260
87332,q96_t1261
87333,q96_t1262
87333,q96_t1263
87334,q96_t1263
87334,q96_t1264
87335,q96_t1265
87335,q96_t1266
87336,q96_t1266
87336,q96_t1267
87337,q96_t1268
87337,q96_t1269
87338,q96_t1269
87338,q96_t1270
87339,q96_t1271
87339,q96_t1272
87340,q96_t1272
87340,q96_t1273
87341,q96_t1274
87341,q96_t1275
87342,q96_t1275
87342,q96_t1276
87343,q96_t1277
87343,q96_t1278
87344,q96_t1278
87344,q96_t1279
87345,q96_t288
87345,q96_t289
87346,q96_t289
87346,q96_t290
87347,q96_t291
87347,q96_t292
87348,q96_t292
87348,q96_t293
87349,q96_t294
87349,q96_t295
87350,q96_t295
87350,q96_t296
87351,q96_t297
87351,q96_t298
87352,q96_t298
87352,q96_t299
87353,q96_t300
87353,q96_t301
87354,q96_t301
87354,q96_t302
87355,q96_t303
87355,q96_t304
87356,q96_t304
87356,q96_t305
87357,q96_t306
87357,q96_t307
87358,q96_t307
87358,q96_t308
87359,q96_t309
87359,q96_t310
87360,q96_t310
87360,q96_t311
87361,q96_t312
87361,q96_t313
87362,q96_t313
87362,q96_t314
87363,q96_t314
87363,q96_t315
87363,q9_t314
87363,q9_t315
87364,q96_t315
87364,q96_t316
87365,q96_t316
87365,q96_t317
87366,q96_t318
87366,q96_t319
87367,q96_t319
87367,q96_t320
87368,q96_t321
87368,q96_t322
87369,q96_t322
87369,q96_t323
87370,q96_t324
87370,q96_t325
87371,q96_t325
87371,q96_t326
87372,q96_t327
87372,q96_t328
87373,q96_t328
87373,q96_t329
87374,q96_t330
87374,q96_t331
87375,q96_t331
87375,q96_t332
87376,q96_t333
87376,q96_t334
87377,q96_t334
87377,q96_t335
87378,q96_t336
87378,q96_t337
87379,q96_t337
87379,q96_t338
87380,q96_t339
87380,q96_t340
87381,q96_t340
87381,q96_t341
87382,q96_t342
87382,q96_t343
87383,q96_t343
87383,q96_t344
87384,q96_t345
87384,q96_t346
87385,q96_t346
87385,q96_t347
87386,q96_t348
87386,q96_t349
87387,q96_t349
87387,q96_t350
87388,q96_t351
87388,q96_t352
87389,q96_t352
87389,q96_t353
87390,q96_t354
87390,q96_t355
87391,q96_t355
87391,q96_t356
87392,q96_t357
87392,q96_t358
87393,q96_t358
87393,q96_t359
87394,q96_t360
87394,q96_t361
87395,q96_t361
87395,q96_t362
87396,q96_t363
87396,q96_t364
87397,q96_t364
87397,q96_t365
87398,q96_t366
87398,q96_t367
87399,q96_t367
87399,q96_t368
87400,q96_t369
87400,q96_t370
87401,q96_t370
87401,q96_t371
87402,q96_t372
87402,q96_t373
87403,q96_t373
87403,q96_t374
87404,q96_t375
87404,q96_t376
87405,q96_t376
87405,q96_t377
87406,q96_t378
87406,q96_t379
87407,q96_t379
87407,q96_t380
87408,q96_t381
87408,q96_t382
87409,q96_t382
87409,q96_t383
87410,q96_t384
87410,q96_t385
87411,q96_t385
87411,q96_t386
87412,q96_t387
87412,q96_t388
87413,q96_t388
87413,q96_t389
87414,q96_t390
87414,q96_t391
87415,q96_t391
87415,q96_t392
87416,q96_t393
87416,q96_t394
87417,q96_t394
87417,q96_t395
87418,q96_t396
87418,q96_t397
87419,q96_t397
87419,q96_t398
87420,q96_t399
87420,q96_t400
87421,q96_t400
87421,q96_t401
87422,q96_t402
87422,q96_t403
87423,q96_t403
87423,q96_t404
87424,q96_t405
87424,q96_t406
87425,q96_t406
87425,q96_t407
87426,q96_t408
87426,q96_t409
87427,q96_t409
87427,q96_t410
87428,q96_t411
87428,q96_t412
87429,q96_t412
87429,q96_t413
87430,q96_t414
87430,q96_t415
87431,q96_t415
87431,q96_t416
87432,q96_t417
87432,q96_t418
87433,q96_t418
87433,q96_t419
87434,q96_t420
87434,q96_t421
87435,q96_t421
87435,q96_t422
87436,q96_t423
87436,q96_t424
87437,q96_t424
87437,q96_t425
87438,q96_t426
87438,q96_t427
87439,q96_t427
87439,q96_t428
87440,q96_t429
87440,q96_t430
87441,q96_t430
87441,q96_t431
87442,q96_t432
87442,q96_t433
87443,q96_t433
87443,q96_t434
87444,q96_t435
87444,q96_t436
87445,q96_t436
87445,q96_t437
87446,q96_t438
87446,q96_t439
87447,q96_t439
87447,q96_t440
87448,q96_t441
87448,q96_t442
87449,q96_t442
87449,q96_t443
87450,q96_t444
87450,q96_t445
87451,q96_t445
87451,q96_t446
87452,q96_t447
87452,q96_t448
87453,q96_t448
87453,q96_t449
87454,q96_t450
87454,q96_t451
87455,q96_t451
87455,q96_t452
87456,q96_t453
87456,q96_t454
87457,q96_t454
87457,q96_t455
87458,q96_t456
87458,q96_t457
87459,q96_t457
87459,q96_t458
87460,q96_t459
87460,q96_t460
87461,q96_t460
87461,q96_t461
87462,q96_t462
87462,q96_t463
87463,q96_t463
87463,q96_t464
87464,q96_t465
87464,q96_t466
87465,q96_t466
87465,q96_t467
87466,q96_t468
87466,q96_t469
87467,q96_t469
87467,q96_t470
87468,q96_t471
87468,q96_t472
87469,q96_t472
87469,q96_t473
87470,q96_t474
87470,q96_t475
87471,q96_t475
87471,q96_t476
87472,q96_t477
87472,q96_t478
87473,q96_t478
87473,q96_t479
87474,q96_t480
87474,q96_t481
87475,q96_t481
87475,q96_t482
87476,q96_t483
87476,q96_t484
87477,q96_t484
87477,q96_t485
87478,q96_t486
87478,q96_t487
87479,q96_t487
87479,q96_t488
87480,q96_t489
87480,q96_t490
87481,q96_t490
87481,q96_t491
87482,q96_t492
87482,q96_t493
87483,q96_t493
87483,q96_t494
87484,q96_t495
87484,q96_t496
87485,q96_t496
87485,q96_t497
87486,q96_t498
87486,q96_t499
87487,q96_t499
87487,q96_t500
87488,q96_t501
87488,q96_t502
87489,q96_t502
87489,q96_t503
87490,q96_t504
87490,q96_t505
87491,q96_t505
87491,q96_t506
87492,q96_t507
87492,q96_t508
87493,q96_t508
87493,q96_t509
87494,q96_t510
87494,q96_t511
87495,q96_t511
87495,q96_t512
87496,q96_t513
87496,q96_t514
87497,q96_t514
87497,q96_t515
87498,q96_t516
87498,q96_t517
87499,q96_t517
87499,q96_t518
87500,q96_t519
87500,q96_t520
87501,q96_t520
87501,q96_t521
87502,q96_t522
87502,q96_t523
87503,q96_t523
87503,q96_t524
87504,q96_t525
87504,q96_t526
87505,q96_t526
87505,q96_t527
87506,q96_t528
87506,q96_t529
87507,q96_t529
87507,q96_t530
87508,q96_t531
87508,q96_t532
87509,q96_t532
87509,q96_t533
87510,q96_t534
87510,q96_t535
87511,q96_t535
87511,q96_t536
87512,q96_t537
87512,q96_t538
87513,q96_t538
87513,q96_t539
87514,q96_t540
87514,q96_t541
87515,q96_t541
87515,q96_t542
87516,q96_t543
87516,q96_t544
87517,q96_t544
87517,q96_t545
87518,q96_t546
87518,q96_t547
87519,q96_t547
87519,q96_t548
87520,q96_t549
87520,q96_t550
87521,q96_t550
87521,q96_t551
87522,q96_t552
87522,q96_t553
87523,q96_t553
87523,q96_t554
87524,q96_t555
87524,q96_t556
87525,q96_t556
87525,q96_t557
87526,q96_t558
87526,q96_t559
87527,q96_t559
87527,q96_t560
87528,q96_t561
87528,q96_t562
87529,q96_t562
87529,q96_t563
87530,q96_t564
87530,q96_t565
87531,q96_t565
87531,q96_t566
87532,q96_t567
87532,q96_t568
87533,q96_t568
87533,q96_t569
87534,q96_t570
87534,q96_t571
87535,q96_t571
87535,q96_t572
87536,q96_t573
87536,q96_t574
87537,q96_t574
87537,q96_t578
87538,q96_t578
87538,q96_t579
87538,q97_t578
87538,q97_t579
87539,q96_t579
87539,q96_t580
87540,q96_t580
87540,q96_t581
87541,q96_t581
87541,q96_t582
87541,q98_t581
87541,q98_t582
87542,q96_t582
87542,q96_t583
87543,q96_t583
87543,q96_t584
87544,q96_t584
87544,q96_t585
87544,q99_t584
87544,q99_t585
87545,q96_t585
87545,q96_t586
87546,q96_t586
87546,q96_t587
87547,q96_t588
87547,q96_t589
87548,q96_t589
87548,q96_t590
87549,q96_t591
87549,q96_t592
87550,q96_t592
87550,q96_t593
87551,q96_t594
87551,q96_t595
87552,q96_t595
87552,q96_t596
87553,q96_t597
87553,q96_t598
87554,q96_t598
87554,q96_t599
87555,q96_t600
87555,q96_t601
87556,q96_t601
87556,q96_t602
87557,q96_t603
87557,q96_t604
87558,q96_t604
87558,q96_t605
87559,q96_t606
87559,q96_t607
87560,q96_t607
87560,q96_t608
87561,q96_t609
87561,q96_t610
87562,q96_t610
87562,q96_t611
87563,q96_t612
87563,q96_t613
87564,q96_t613
87564,q96_t614
87565,q96_t615
87565,q96_t616
87566,q96_t616
87566,q96_t617
87567,q96_t617
87567,q96_t618
87568,q96_t619
87568,q96_t620
87569,q96_t620
87569,q96_t621
87570,q96_t622
87570,q96_t623
87571,q96_t623
87571,q96_t624
87572,q96_t625
87572,q96_t626
87573,q96_t626
87573,q96_t627
87574,q96_t628
87574,q96_t629
87575,q96_t629
87575,q96_t630
87576,q96_t631
87576,q96_t632
87577,q96_t632
87577,q96_t633
87578,q96_t634
87578,q96_t635
87579,q96_t635
87579,q96_t636
87580,q96_t637
87580,q96_t638
87581,q96_t638
87581,q96_t639
87582,q96_t640
87582,q96_t641
87583,q96_t641
87583,q96_t642
87584,q96_t643
87584,q96_t644
87585,q96_t644
87585,q96_t645
87586,q96_t645
87586,q96_t646
87586,q9_t645
87586,q9_t646
87587,q96_t646
87587,q96_t647
87588,q96_t647
87588,q96_t648
87589,q96_t649
87589,q96_t650
87590,q96_t650
87590,q96_t651
87591,q96_t652
87591,q96_t653
87592,q96_t653
87592,q96_t654
87593,q96_t655
87593,q96_t656
87594,q96_t656
87594,q96_t657
87595,q96_t658
87595,q96_t659
87596,q96_t659
87596,q96_t660
87597,q96_t661
87597,q96_t662
87598,q96_t662
87598,q96_t663
87599,q96_t664
87599,q96_t665
87600,q96_t665
87600,q96_t666
87601,q96_t667
87601,q96_t668
87602,q96_t668
87602,q96_t669
87603,q96_t670
87603,q96_t671
87604,q96_t671
87604,q96_t672
87605,q96_t673
87605,q96_t674
87606,q96_t674
87606,q96_t675
87607,q96_t676
87607,q96_t677
87608,q96_t677
87608,q96_t678
87609,q96_t679
87609,q96_t680
87610,q96_t680
87610,q96_t681
87611,q96_t682
87611,q96_t683
87612,q96_t683
87612,q96_t684
87613,q96_t685
87613,q96_t686
87614,q96_t686
87614,q96_t687
87615,q96_t688
87615,q96_t689
87616,q96_t689
87616,q96_t690
87617,q96_t691
87617,q96_t692
87618,q96_t692
87618,q96_t693
87619,q96_t694
87619,q96_t695
87620,q96_t695
87620,q96_t696
87621,q96_t697
87621,q96_t698
87622,q96_t698
87622,q96_t699
87623,q96_t700
87623,q96_t701
87624,q96_t701
87624,q96_t702
87625,q96_t703
87625,q96_t704
87626,q96_t704
87626,q96_t705
87627,q96_t706
87627,q96_t707
87628,q96_t707
87628,q96_t708
87629,q96_t709
87629,q96_t710
87630,q96_t710
87630,q96_t711
87631,q96_t712
87631,q96_t713
87632,q96_t713
87632,q96_t714
87633,q96_t715
87633,q96_t716
87634,q96_t716
87634,q96_t717
87635,q96_t718
87635,q96_t719
87636,q96_t719
87636,q96_t720
87637,q96_t721
87637,q96_t722
87638,q96_t722
87638,q96_t723
87639,q96_t724
87639,q96_t725
87640,q96_t725
87640,q96_t726
87641,q96_t727
87641,q96_t728
87642,q96_t728
87642,q96_t729
87643,q96_t730
87643,q96_t731
87644,q96_t731
87644,q96_t732
87645,q96_t733
87645,q96_t734
87646,q96_t734
87646,q96_t735
87647,q96_t736
87647,q96_t737
87648,q96_t737
87648,q96_t738
87649,q96_t739
87649,q96_t740
87650,q96_t740
87650,q96_t741
87651,q96_t742
87651,q96_t743
87652,q96_t743
87652,q96_t744
87653,q96_t745
87653,q96_t746
87654,q96_t746
87654,q96_t747
87655,q96_t748
87655,q96_t749
87656,q96_t749
87656,q96_t750
87657,q96_t751
87657,q96_t752
87658,q96_t752
87658,q96_t753
87659,q96_t754
87659,q96_t755
87660,q96_t755
87660,q96_t756
87661,q96_t757
87661,q96_t758
87662,q96_t758
87662,q96_t759
87663,q96_t760
87663,q96_t761
87664,q96_t761
87664,q96_t762
87665,q96_t763
87665,q96_t764
87666,q96_t764
87666,q96_t765
87667,q96_t766
87667,q96_t767
87668,q96_t767
87668,q96_t768
87669,q96_t769
87669,q96_t770
87670,q96_t770
87670,q96_t771
87671,q96_t772
87671,q96_t773
87672,q96_t773
87672,q96_t774
87673,q96_t775
87673,q96_t776
87674,q96_t776
87674,q96_t777
87675,q96_t778
87675,q96_t779
87676,q96_t779
87676,q96_t780
87677,q96_t781
87677,q96_t782
87678,q96_t782
87678,q96_t783
87679,q96_t784
87679,q96_t785
87680,q96_t785
87680,q96_t786
87681,q96_t787
87681,q96_t788
87682,q96_t788
87682,q96_t789
87683,q96_t790
87683,q96_t791
87684,q96_t791
87684,q96_t792
87685,q96_t793
87685,q96_t794
87686,q96_t794
87686,q96_t795
87687,q96_t796
87687,q96_t797
87688,q96_t797
87688,q96_t798
87689,q96_t799
87689,q96_t800
87690,q96_t800
87690,q96_t801
87691,q96_t802
87691,q96_t803
87692,q96_t803
87692,q96_t804
87693,q96_t805
87693,q96_t806
87694,q96_t806
87694,q96_t807
87695,q96_t808
87695,q96_t809
87696,q96_t809
87696,q96_t810
87697,q96_t811
87697,q96_t812
87698,q96_t812
87698,q96_t813
87699,q96_t814
87699,q96_t815
87700,q96_t815
87700,q96_t816
87701,q96_t817
87701,q96_t818
87702,q96_t818
87702,q96_t819
87703,q96_t820
87703,q96_t821
87704,q96_t821
87704,q96_t822
87705,q96_t823
87705,q96_t824
87706,q96_t824
87706,q96_t825
87707,q96_t826
87707,q96_t827
87708,q96_t827
87708,q96_t828
87709,q96_t829
87709,q96_t830
87710,q96_t830
87710,q96_t831
87711,q96_t832
87711,q96_t833
87712,q96_t833
87712,q96_t834
87713,q96_t835
87713,q96_t836
87714,q96_t836
87714,q96_t837
87715,q96_t838
87715,q96_t839
87716,q96_t839
87716,q96_t840
87717,q96_t841
87717,q96_t842
87718,q96_t842
87718,q96_t843
87719,q96_t844
87719,q96_t845
87720,q96_t845
87720,q96_t846
87721,q96_t847
87721,q96_t848
87722,q96_t848
87722,q96_t849
87723,q96_t850
87723,q96_t851
87724,q96_t851
87724,q96_t852
87725,q96_t853
87725,q96_t854
87726,q96_t854
87726,q96_t855
87727,q96_t856
87727,q96_t857
87728,q96_t857
87728,q96_t858
87729,q96_t859
87729,q96_t860
87730,q96_t860
87730,q96_t861
87731,q96_t862
87731,q96_t863
87732,q96_t863
87732,q96_t864
87733,q96_t865
87733,q96_t866
87734,q96_t866
87734,q96_t867
87735,q96_t868
87735,q96_t869
87736,q96_t869
87736,q96_t870
87737,q96_t871
87737,q96_t872
87738,q96_t872
87738,q96_t873
87739,q96_t874
87739,q96_t875
87740,q96_t875
87740,q96_t876
87741,q96_t877
87741,q96_t878
87742,q96_t878
87742,q96_t879
87743,q96_t880
87743,q96_t881
87744,q96_t881
87744,q96_t882
87745,q96_t883
87745,q96_t884
87746,q96_t884
87746,q96_t885
87747,q96_t886
87747,q96_t887
87748,q96_t887
87748,q96_t888
87749,q96_t889
87749,q96_t890
87750,q96_t890
87750,q96_t891
87751,q96_t892
87751,q96_t893
87752,q96_t893
87752,q96_t894
87753,q96_t895
87753,q96_t896
87754,q96_t896
87754,q96_t897
87755,q96_t898
87755,q96_t899
87756,q96_t899
87756,q96_t900
87757,q96_t901
87757,q96_t902
87758,q96_t902
87758,q96_t903
87759,q96_t904
87759,q96_t905
87760,q96_t905
87760,q96_t909
87761,q96_t909
87761,q96_t910
87761,q97_t909
87761,q97_t910
87762,q96_t910
87762,q96_t911
87763,q96_t911
87763,q96_t912
87764,q96_t912
87764,q96_t913
87764,q98_t912
87764,q98_t913
87765,q96_t913
87765,q96_t914
87766,q96_t914
87766,q96_t915
87767,q96_t915
87767,q96_t916
87767,q99_t915
87767,q99_t916
87768,q96_t916
87768,q96_t917
87769,q96_t917
87769,q96_t918
87770,q96_t919
87770,q96_t920
87771,q96_t920
87771,q96_t921
87772,q96_t922
87772,q96_t923
87773,q96_t923
87773,q96_t924
87774,q96_t925
87774,q96_t926
87775,q96_t926
87775,q96_t927
87776,q96_t928
87776,q96_t929
87777,q96_t929
87777,q96_t930
87778,q96_t931
87778,q96_t932
87779,q96_t932
87779,q96_t933
87780,q96_t934
87780,q96_t935
87781,q96_t935
87781,q96_t936
87782,q96_t937
87782,q96_t938
87783,q96_t938
87783,q96_t939
87784,q96_t940
87784,q96_t941
87785,q96_t941
87785,q96_t942
87786,q96_t943
87786,q96_t944
87787,q96_t944
87787,q96_t945
87788,q96_t946
87788,q96_t947
87789,q96_t947
87789,q96_t948
87790,q96_t948
87790,q96_t949
87791,q96_t950
87791,q96_t951
87792,q96_t951
87792,q96_t952
87793,q96_t953
87793,q96_t954
87794,q96_t954
87794,q96_t955
87795,q96_t956
87795,q96_t957
87796,q96_t957
87796,q96_t958
87797,q96_t959
87797,q96_t960
87798,q96_t960
87798,q96_t961
87799,q96_t962
87799,q96_t963
87800,q96_t963
87800,q96_t964
87801,q96_t965
87801,q96_t966
87802,q96_t966
87802,q96_t967
87803,q96_t968
87803,q96_t969
87804,q96_t969
87804,q96_t970
87805,q96_t971
87805,q96_t972
87806,q96_t972
87806,q96_t973
87807,q96_t974
87807,q96_t975
87808,q96_t975
87808,q96_t976
87809,q96_t976
87809,q96_t977
87809,q9_t976
87809,q9_t977
87810,q96_t977
87810,q96_t978
87811,q96_t978
87811,q96_t979
87812,q96_t980
87812,q96_t981
87813,q96_t981
87813,q96_t982
87814,q96_t983
87814,q96_t984
87815,q96_t984
87815,q96_t985
87816,q96_t986
87816,q96_t987
87817,q96_t987
87817,q96_t988
87818,q96_t989
87818,q96_t990
87819,q96_t990
87819,q96_t991
87820,q96_t992
87820,q96_t993
87821,q96_t993
87821,q96_t994
87822,q96_t995
87822,q96_t996
87823,q96_t996
87823,q96_t997
87824,q96_t998
87824,q96_t999
87825,q97_t0
87825,q97_t1
87826,q97_t1
87826,q97_t290
87827,q97_t1000
87827,q97_t999
87828,q97_t1001
87828,q97_t1002
87829,q97_t1002
87829,q97_t1003
87830,q97_t1004
87830,q97_t1005
87831,q97_t1005
87831,q97_t1006
87832,q97_t1007
87832,q97_t1008
87833,q97_t1008
87833,q97_t1009
87834,q97_t1010
87834,q97_t1011
87835,q97_t1011
87835,q97_t1012
87836,q97_t1013
87836,q97_t1014
87837,q97_t1014
87837,q97_t1015
87838,q97_t1016
87838,q97_t1017
87839,q97_t1017
87839,q97_t1018
87840,q97_t1019
87840,q97_t1020
87841,q97_t1020
87841,q97_t1021
87842,q97_t1022
87842,q97_t1023
87843,q97_t1023
87843,q97_t1024
87844,q97_t1025
87844,q97_t1026
87845,q97_t1026
87845,q97_t1027
87846,q97_t1028
87846,q97_t1029
87847,q97_t1029
87847,q97_t1030
87848,q97_t1031
87848,q97_t1032
87849,q97_t1032
87849,q97_t1033
87850,q97_t1034
87850,q97_t1035
87851,q97_t1035
87851,q97_t1036
87852,q97_t1037
87852,q97_t1038
87853,q97_t1038
87853,q97_t1039
87854,q97_t1040
87854,q97_t1041
87855,q97_t1041
87855,q97_t1042
87856,q97_t1043
87856,q97_t1044
87857,q97_t1044
87857,q97_t1045
87858,q97_t1046
87858,q97_t1047
87859,q97_t1047
87859,q97_t1048
87860,q97_t1049
87860,q97_t1050
87861,q97_t1050
87861,q97_t1051
87862,q97_t1052
87862,q97_t1053
87863,q97_t1053
87863,q97_t1054
87864,q97_t1055
87864,q97_t1056
87865,q97_t1056
87865,q97_t1057
87866,q97_t1058
87866,q97_t1059
87867,q97_t1059
87867,q97_t1060
87868,q97_t1061
87868,q97_t1062
87869,q97_t1062
87869,q97_t1063
87870,q97_t1064
87870,q97_t1065
87871,q97_t1065
87871,q97_t1066
87872,q97_t1067
87872,q97_t1068
87873,q97_t1068
87873,q97_t1069
87874,q97_t1070
87874,q97_t1071
87875,q97_t1071
87875,q97_t1072
87876,q97_t1073
87876,q97_t1074
87877,q97_t1074
87877,q97_t1075
87878,q97_t1076
87878,q97_t1077
87879,q97_t1077
87879,q97_t1078
87880,q97_t1079
87880,q97_t1080
87881,q97_t1080
87881,q97_t1081
87882,q97_t1082
87882,q97_t1083
87883,q97_t1083
87883,q97_t1084
87884,q97_t1085
87884,q97_t1086
87885,q97_t1086
87885,q97_t1087
87886,q97_t1088
87886,q97_t1089
87887,q97_t1089
87887,q97_t1090
87888,q97_t1091
87888,q97_t1092
87889,q97_t1092
87889,q97_t1093
87890,q97_t1094
87890,q97_t1095
87891,q97_t1095
87891,q97_t1096
87892,q97_t1097
87892,q97_t1098
87893,q97_t1098
87893,q97_t1099
87894,q97_t1100
87894,q97_t1101
87895,q97_t1101
87895,q97_t1102
87896,q97_t1103
87896,q97_t1104
87897,q97_t1104
87897,q97_t1105
87898,q97_t1106
87898,q97_t1107
87899,q97_t1107
87899,q97_t1108
87900,q97_t1109
87900,q97_t1110
87901,q97_t1110
87901,q97_t1111
87902,q97_t1112
87902,q97_t1113
87903,q97_t1113
87903,q97_t1114
87904,q97_t1115
87904,q97_t1116
87905,q97_t1116
87905,q97_t1117
87906,q97_t1118
87906,q97_t1119
87907,q97_t1119
87907,q97_t1120
87908,q97_t1121
87908,q97_t1122
87909,q97_t1122
87909,q97_t1123
87910,q97_t1124
87910,q97_t1125
87911,q97_t1125
87911,q97_t1126
87912,q97_t1127
87912,q97_t1128
87913,q97_t1128
87913,q97_t1129
87914,q97_t1130
87914,q97_t1131
87915,q97_t1131
87915,q97_t1132
87916,q97_t1133
87916,q97_t1134
87917,q97_t1134
87917,q97_t1135
87918,q97_t1136
87918,q97_t1137
87919,q97_t1137
87919,q97_t1138
87920,q97_t1139
87920,q97_t1140
87921,q97_t1140
87921,q97_t1141
87922,q97_t1142
87922,q97_t1143
87923,q97_t1143
87923,q97_t1144
87924,q97_t1145
87924,q97_t1146
87925,q97_t1146
87925,q97_t1147
87926,q97_t1148
87926,q97_t1149
87927,q97_t1149
87927,q97_t1150
87928,q97_t1151
87928,q97_t1152
87929,q97_t1152
87929,q97_t1153
87930,q97_t1154
87930,q97_t1155
87931,q97_t1155
87931,q97_t1156
87932,q97_t1157
87932,q97_t1158
87933,q97_t1158
87933,q97_t1159
87934,q97_t1160
87934,q97_t1161
87935,q97_t1161
87935,q97_t1162
87936,q97_t1163
87936,q97_t1164
87937,q97_t1164
87937,q97_t1165
87938,q97_t1166
87938,q97_t1167
87939,q97_t1167
87939,q97_t1168
87940,q97_t1169
87940,q97_t1170
87941,q97_t1170
87941,q97_t1171
87942,q97_t1172
87942,q97_t1173
87943,q97_t1173
87943,q97_t1174
87944,q97_t1175
87944,q97_t1176
87945,q97_t1176
87945,q97_t1177
87946,q97_t1178
87946,q97_t1179
87947,q97_t1179
87947,q97_t1180
87948,q97_t1181
87948,q97_t1182
87949,q97_t1182
87949,q97_t1183
87950,q97_t1184
87950,q97_t1185
87951,q97_t1185
87951,q97_t1186
87952,q97_t1187
87952,q97_t1188
87953,q97_t1188
87953,q97_t1189
87954,q97_t1190
87954,q97_t1191
87955,q97_t1191
87955,q97_t1192
87956,q97_t1193
87956,q97_t1194
87957,q97_t1194
87957,q97_t1195
87958,q97_t1196
87958,q97_t1197
87959,q97_t1197
87959,q97_t1198
87960,q97_t1199
87960,q97_t1200
87961,q97_t1200
87961,q97_t1201
87962,q97_t1202
87962,q97_t1203
87963,q97_t1203
87963,q97_t1204
87964,q97_t1205
87964,q97_t1206
87965,q97_t1206
87965,q97_t1207
87966,q97_t1208
87966,q97_t1209
87967,q97_t1209
87967,q97_t1210
87968,q97_t1211
87968,q97_t1212
87969,q97_t1212
87969,q97_t1213
87970,q97_t1214
87970,q97_t1215
87971,q97_t1215
87971,q97_t1216
87972,q97_t1217
87972,q97_t1218
87973,q97_t1218
87973,q97_t1219
87974,q97_t1220
87974,q97_t1221
87975,q97_t1221
87975,q97_t1222
87976,q97_t1223
87976,q97_t1224
87977,q97_t1224
87977,q97_t1225
87978,q97_t1226
87978,q97_t1227
87979,q97_t1227
87979,q97_t1228
87980,q97_t1229
87980,q97_t1230
87981,q97_t1230
87981,q97_t1231
87982,q97_t1232
87982,q97_t1233
87983,q97_t1233
87983,q97_t1234
87984,q97_t1235
87984,q97_t1236
87985,q97_t1236
87985,q97_t1237
87986,q97_t1238
87986,q97_t1239
87987,q97_t1239
87987,q97_t1240
87988,q97_t1241
87988,q97_t1242
87989,q97_t1242
87989,q97_t1246
87990,q97_t1246
87990,q97_t1247
87990,q98_t1246
87990,q98_t1247
87991,q97_t1247
87991,q97_t1248
87992,q97_t1248
87992,q97_t1249
87993,q97_t1249
87993,q97_t1250
87993,q99_t1249
87993,q99_t1250
87994,q97_t1250
87994,q97_t1251
87995,q97_t1251
87995,q97_t1252
87996,q97_t1253
87996,q97_t1254
87997,q97_t1254
87997,q97_t1255
87998,q97_t1256
87998,q97_t1257
87999,q97_t1257
87999,q97_t1258
88000,q97_t1259
88000,q97_t1260
88001,q97_t1260
88001,q97_t1261
88002,q97_t1262
88002,q97_t1263
88003,q97_t1263
88003,q97_t1264
88004,q97_t1265
88004,q97_t1266
88005,q97_t1266
88005,q97_t1267
88006,q97_t1268
88006,q97_t1269
88007,q97_t1269
88007,q97_t1270
88008,q97_t1271
88008,q97_t1272
88009,q97_t1272
88009,q97_t1273
88010,q97_t1274
88010,q97_t1275
88011,q97_t1275
88011,q97_t1276
88012,q97_t1277
88012,q97_t1278
88013,q97_t1278
88013,q97_t1279
88014,q97_t1280
88014,q97_t1281
88015,q97_t1281
88015,q97_t1282
88016,q97_t291
88016,q97_t292
88017,q97_t292
88017,q97_t293
88018,q97_t294
88018,q97_t295
88019,q97_t295
88019,q97_t296
88020,q97_t297
88020,q97_t298
88021,q97_t298
88021,q97_t299
88022,q97_t300
88022,q97_t301
88023,q97_t301
88023,q97_t302
88024,q97_t303
88024,q97_t304
88025,q97_t304
88025,q97_t305
88026,q97_t306
88026,q97_t307
88027,q97_t307
88027,q97_t308
88028,q97_t309
88028,q97_t310
88029,q97_t310
88029,q97_t311
88030,q97_t312
88030,q97_t313
88031,q97_t313
88031,q97_t314
88032,q97_t315
88032,q97_t316
88033,q97_t316
88033,q97_t317
88034,q97_t317
88034,q97_t318
88034,q9_t317
88034,q9_t318
88035,q97_t318
88035,q97_t319
88036,q97_t319
88036,q97_t320
88037,q97_t321
88037,q97_t322
88038,q97_t322
88038,q97_t323
88039,q97_t324
88039,q97_t325
88040,q97_t325
88040,q97_t326
88041,q97_t327
88041,q97_t328
88042,q97_t328
88042,q97_t329
88043,q97_t330
88043,q97_t331
88044,q97_t331
88044,q97_t332
88045,q97_t333
88045,q97_t334
88046,q97_t334
88046,q97_t335
88047,q97_t336
88047,q97_t337
88048,q97_t337
88048,q97_t338
88049,q97_t339
88049,q97_t340
88050,q97_t340
88050,q97_t341
88051,q97_t342
88051,q97_t343
88052,q97_t343
88052,q97_t344
88053,q97_t345
88053,q97_t346
88054,q97_t346
88054,q97_t347
88055,q97_t348
88055,q97_t349
88056,q97_t349
88056,q97_t350
88057,q97_t351
88057,q97_t352
88058,q97_t352
88058,q97_t353
88059,q97_t354
88059,q97_t355
88060,q97_t355
88060,q97_t356
88061,q97_t357
88061,q97_t358
88062,q97_t358
88062,q97_t359
88063,q97_t360
88063,q97_t361
88064,q97_t361
88064,q97_t362
88065,q97_t363
88065,q97_t364
88066,q97_t364
88066,q97_t365
88067,q97_t366
88067,q97_t367
88068,q97_t367
88068,q97_t368
88069,q97_t369
88069,q97_t370
88070,q97_t370
88070,q97_t371
88071,q97_t372
88071,q97_t373
88072,q97_t373
88072,q97_t374
88073,q97_t375
88073,q97_t376
88074,q97_t376
88074,q97_t377
88075,q97_t378
88075,q97_t379
88076,q97_t379
88076,q97_t380
88077,q97_t381
88077,q97_t382
88078,q97_t382
88078,q97_t383
88079,q97_t384
88079,q97_t385
88080,q97_t385
88080,q97_t386
88081,q97_t387
88081,q97_t388
88082,q97_t388
88082,q97_t389
88083,q97_t390
88083,q97_t391
88084,q97_t391
88084,q97_t392
88085,q97_t393
88085,q97_t394
88086,q97_t394
88086,q97_t395
88087,q97_t396
88087,q97_t397
88088,q97_t397
88088,q97_t398
88089,q97_t399
88089,q97_t400
88090,q97_t400
88090,q97_t401
88091,q97_t402
88091,q97_t403
88092,q97_t403
88092,q97_t404
88093,q97_t405
88093,q97_t406
88094,q97_t406
88094,q97_t407
88095,q97_t408
88095,q97_t409
88096,q97_t409
88096,q97_t410
88097,q97_t411
88097,q97_t412
88098,q97_t412
88098,q97_t413
88099,q97_t414
88099,q97_t415
88100,q97_t415
88100,q97_t416
88101,q97_t417
88101,q97_t418
88102,q97_t418
88102,q97_t419
88103,q97_t420
88103,q97_t421
88104,q97_t421
88104,q97_t422
88105,q97_t423
88105,q97_t424
88106,q97_t424
88106,q97_t425
88107,q97_t426
88107,q97_t427
88108,q97_t427
88108,q97_t428
88109,q97_t429
88109,q97_t430
88110,q97_t430
88110,q97_t431
88111,q97_t432
88111,q97_t433
88112,q97_t433
88112,q97_t434
88113,q97_t435
88113,q97_t436
88114,q97_t436
88114,q97_t437
88115,q97_t438
88115,q97_t439
88116,q97_t439
88116,q97_t440
88117,q97_t441
88117,q97_t442
88118,q97_t442
88118,q97_t443
88119,q97_t444
88119,q97_t445
88120,q97_t445
88120,q97_t446
88121,q97_t447
88121,q97_t448
88122,q97_t448
88122,q97_t449
88123,q97_t450
88123,q97_t451
88124,q97_t451
88124,q97_t452
88125,q97_t453
88125,q97_t454
88126,q97_t454
88126,q97_t455
88127,q97_t456
88127,q97_t457
88128,q97_t457
88128,q97_t458
88129,q97_t459
88129,q97_t460
88130,q97_t460
88130,q97_t461
88131,q97_t462
88131,q97_t463
88132,q97_t463
88132,q97_t464
88133,q97_t465
88133,q97_t466
88134,q97_t466
88134,q97_t467
88135,q97_t468
88135,q97_t469
88136,q97_t469
88136,q97_t470
88137,q97_t471
88137,q97_t472
88138,q97_t472
88138,q97_t473
88139,q97_t474
88139,q97_t475
88140,q97_t475
88140,q97_t476
88141,q97_t477
88141,q97_t478
88142,q97_t478
88142,q97_t479
88143,q97_t480
88143,q97_t481
88144,q97_t481
88144,q97_t482
88145,q97_t483
88145,q97_t484
88146,q97_t484
88146,q97_t485
88147,q97_t486
88147,q97_t487
88148,q97_t487
88148,q97_t488
88149,q97_t489
88149,q97_t490
88150,q97_t490
88150,q97_t491
88151,q97_t492
88151,q97_t493
88152,q97_t493
88152,q97_t494
88153,q97_t495
88153,q97_t496
88154,q97_t496
88154,q97_t497
88155,q97_t498
88155,q97_t499
88156,q97_t499
88156,q97_t500
88157,q97_t501
88157,q97_t502
88158,q97_t502
88158,q97_t503
88159,q97_t504
88159,q97_t505
88160,q97_t505
88160,q97_t506
88161,q97_t507
88161,q97_t508
88162,q97_t508
88162,q97_t509
88163,q97_t510
88163,q97_t511
88164,q97_t511
88164,q97_t512
88165,q97_t513
88165,q97_t514
88166,q97_t514
88166,q97_t515
88167,q97_t516
88167,q97_t517
88168,q97_t517
88168,q97_t518
88169,q97_t519
88169,q97_t520
88170,q97_t520
88170,q97_t521
88171,q97_t522
88171,q97_t523
88172,q97_t523
88172,q97_t524
88173,q97_t525
88173,q97_t526
88174,q97_t526
88174,q97_t527
88175,q97_t528
88175,q97_t529
88176,q97_t529
88176,q97_t530
88177,q97_t531
88177,q97_t532
88178,q97_t532
88178,q97_t533
88179,q97_t534
88179,q97_t535
88180,q97_t535
88180,q97_t536
88181,q97_t537
88181,q97_t538
88182,q97_t538
88182,q97_t539
88183,q97_t540
88183,q97_t541
88184,q97_t541
88184,q97_t542
88185,q97_t543
88185,q97_t544
88186,q97_t544
88186,q97_t545
88187,q97_t546
88187,q97_t547
88188,q97_t547
88188,q97_t548
88189,q97_t549
88189,q97_t550
88190,q97_t550
88190,q97_t551
88191,q97_t552
88191,q97_t553
88192,q97_t553
88192,q97_t554
88193,q97_t555
88193,q97_t556
88194,q97_t556
88194,q97_t557
88195,q97_t558
88195,q97_t559
88196,q97_t559
88196,q97_t560
88197,q97_t561
88197,q97_t562
88198,q97_t562
88198,q97_t563
88199,q97_t564
88199,q97_t565
88200,q97_t565
88200,q97_t566
88201,q97_t567
88201,q97_t568
88202,q97_t568
88202,q97_t569
88203,q97_t570
88203,q97_t571
88204,q97_t571
88204,q97_t572
88205,q97_t573
88205,q97_t574
88206,q97_t574
88206,q97_t575
88207,q97_t576
88207,q97_t577
88208,q97_t577
88208,q97_t578
88209,q97_t579
88209,q97_t580
88210,q97_t580
88210,q97_t584
88211,q97_t584
88211,q97_t585
88211,q98_t584
88211,q98_t585
88212,q97_t585
88212,q97_t586
88213,q97_t586
88213,q97_t587
88214,q97_t587
88214,q97_t588
88214,q99_t587
88214,q99_t588
88215,q97_t588
88215,q97_t589
88216,q97_t589
88216,q97_t590
88217,q97_t591
88217,q97_t592
88218,q97_t592
88218,q97_t593
88219,q97_t594
88219,q97_t595
88220,q97_t595
88220,q97_t596
88221,q97_t597
88221,q97_t598
88222,q97_t598
88222,q97_t599
88223,q97_t600
88223,q97_t601
88224,q97_t601
88224,q97_t602
88225,q97_t603
88225,q97_t604
88226,q97_t604
88226,q97_t605
88227,q97_t606
88227,q97_t607
88228,q97_t607
88228,q97_t608
88229,q97_t609
88229,q97_t610
88230,q97_t610
88230,q97_t611
88231,q97_t612
88231,q97_t613
88232,q97_t613
88232,q97_t614
88233,q97_t615
88233,q97_t616
88234,q97_t616
88234,q97_t617
88235,q97_t618
88235,q97_t619
88236,q97_t619
88236,q97_t620
88237,q97_t620
88237,q97_t621
88238,q97_t622
88238,q97_t623
88239,q97_t623
88239,q97_t624
88240,q97_t625
88240,q97_t626
88241,q97_t626
88241,q97_t627
88242,q97_t628
88242,q97_t629
88243,q97_t629
88243,q97_t630
88244,q97_t631
88244,q97_t632
88245,q97_t632
88245,q97_t633
88246,q97_t634
88246,q97_t635
88247,q97_t635
88247,q97_t636
88248,q97_t637
88248,q97_t638
88249,q97_t638
88249,q97_t639
88250,q97_t640
88250,q97_t641
88251,q97_t641
88251,q97_t642
88252,q97_t643
88252,q97_t644
88253,q97_t644
88253,q97_t645
88254,q97_t646
88254,q97_t647
88255,q97_t647
88255,q97_t648
88256,q97_t648
88256,q97_t649
88256,q9_t648
88256,q9_t649
88257,q97_t649
88257,q97_t650
88258,q97_t650
88258,q97_t651
88259,q97_t652
88259,q97_t653
88260,q97_t653
88260,q97_t654
88261,q97_t655
88261,q97_t656
88262,q97_t656
88262,q97_t657
88263,q97_t658
88263,q97_t659
88264,q97_t659
88264,q97_t660
88265,q97_t661
88265,q97_t662
88266,q97_t662
88266,q97_t663
88267,q97_t664
88267,q97_t665
88268,q97_t665
88268,q97_t666
88269,q97_t667
88269,q97_t668
88270,q97_t668
88270,q97_t669
88271,q97_t670
88271,q97_t671
88272,q97_t671
88272,q97_t672
88273,q97_t673
88273,q97_t674
88274,q97_t674
88274,q97_t675
88275,q97_t676
88275,q97_t677
88276,q97_t677
88276,q97_t678
88277,q97_t679
88277,q97_t680
88278,q97_t680
88278,q97_t681
88279,q97_t682
88279,q97_t683
88280,q97_t683
88280,q97_t684
88281,q97_t685
88281,q97_t686
88282,q97_t686
88282,q97_t687
88283,q97_t688
88283,q97_t689
88284,q97_t689
88284,q97_t690
88285,q97_t691
88285,q97_t692
88286,q97_t692
88286,q97_t693
88287,q97_t694
88287,q97_t695
88288,q97_t695
88288,q97_t696
88289,q97_t697
88289,q97_t698
88290,q97_t698
88290,q97_t699
88291,q97_t700
88291,q97_t701
88292,q97_t701
88292,q97_t702
88293,q97_t703
88293,q97_t704
88294,q97_t704
88294,q97_t705
88295,q97_t706
88295,q97_t707
88296,q97_t707
88296,q97_t708
88297,q97_t709
88297,q97_t710
88298,q97_t710
88298,q97_t711
88299,q97_t712
88299,q97_t713
88300,q97_t713
88300,q97_t714
88301,q97_t715
88301,q97_t716
88302,q97_t716
88302,q97_t717
88303,q97_t718
88303,q97_t719
88304,q97_t719
88304,q97_t720
88305,q97_t721
88305,q97_t722
88306,q97_t722
88306,q97_t723
88307,q97_t724
88307,q97_t725
88308,q97_t725
88308,q97_t726
88309,q97_t727
88309,q97_t728
88310,q97_t728
88310,q97_t729
88311,q97_t730
88311,q97_t731
88312,q97_t731
88312,q97_t732
88313,q97_t733
88313,q97_t734
88314,q97_t734
88314,q97_t735
88315,q97_t736
88315,q97_t737
88316,q97_t737
88316,q97_t738
88317,q97_t739
88317,q97_t740
88318,q97_t740
88318,q97_t741
88319,q97_t742
88319,q97_t743
88320,q97_t743
88320,q97_t744
88321,q97_t745
88321,q97_t746
88322,q97_t746
88322,q97_t747
88323,q97_t748
88323,q97_t749
88324,q97_t749
88324,q97_t750
88325,q97_t751
88325,q97_t752
88326,q97_t752
88326,q97_t753
88327,q97_t754
88327,q97_t755
88328,q97_t755
88328,q97_t756
88329,q97_t757
88329,q97_t758
88330,q97_t758
88330,q97_t759
88331,q97_t760
88331,q97_t761
88332,q97_t761
88332,q97_t762
88333,q97_t763
88333,q97_t764
88334,q97_t764
88334,q97_t765
88335,q97_t766
88335,q97_t767
88336,q97_t767
88336,q97_t768
88337,q97_t769
88337,q97_t770
88338,q97_t770
88338,q97_t771
88339,q97_t772
88339,q97_t773
88340,q97_t773
88340,q97_t774
88341,q97_t775
88341,q97_t776
88342,q97_t776
88342,q97_t777
88343,q97_t778
88343,q97_t779
88344,q97_t779
88344,q97_t780
88345,q97_t781
88345,q97_t782
88346,q97_t782
88346,q97_t783
88347,q97_t784
88347,q97_t785
88348,q97_t785
88348,q97_t786
88349,q97_t787
88349,q97_t788
88350,q97_t788
88350,q97_t789
88351,q97_t790
88351,q97_t791
88352,q97_t791
88352,q97_t792
88353,q97_t793
88353,q97_t794
88354,q97_t794
88354,q97_t795
88355,q97_t796
88355,q97_t797
88356,q97_t797
88356,q97_t798
88357,q97_t799
88357,q97_t800
88358,q97_t800
88358,q97_t801
88359,q97_t802
88359,q97_t803
88360,q97_t803
88360,q97_t804
88361,q97_t805
88361,q97_t806
88362,q97_t806
88362,q97_t807
88363,q97_t808
88363,q97_t809
88364,q97_t809
88364,q97_t810
88365,q97_t811
88365,q97_t812
88366,q97_t812
88366,q97_t813
88367,q97_t814
88367,q97_t815
88368,q97_t815
88368,q97_t816
88369,q97_t817
88369,q97_t818
88370,q97_t818
88370,q97_t819
88371,q97_t820
88371,q97_t821
88372,q97_t821
88372,q97_t822
88373,q97_t823
88373,q97_t824
88374,q97_t824
88374,q97_t825
88375,q97_t826
88375,q97_t827
88376,q97_t827
88376,q97_t828
88377,q97_t829
88377,q97_t830
88378,q97_t830
88378,q97_t831
88379,q97_t832
88379,q97_t833
88380,q97_t833
88380,q97_t834
88381,q97_t835
88381,q97_t836
88382,q97_t836
88382,q97_t837
88383,q97_t838
88383,q97_t839
88384,q97_t839
88384,q97_t840
88385,q97_t841
88385,q97_t842
88386,q97_t842
88386,q97_t843
88387,q97_t844
88387,q97_t845
88388,q97_t845
88388,q97_t846
88389,q97_t847
88389,q97_t848
88390,q97_t848
88390,q97_t849
88391,q97_t850
88391,q97_t851
88392,q97_t851
88392,q97_t852
88393,q97_t853
88393,q97_t854
88394,q97_t854
88394,q97_t855
88395,q97_t856
88395,q97_t857
88396,q97_t857
88396,q97_t858
88397,q97_t859
88397,q97_t860
88398,q97_t860
88398,q97_t861
88399,q97_t862
88399,q97_t863
88400,q97_t863
88400,q97_t864
88401,q97_t865
88401,q97_t866
88402,q97_t866
88402,q97_t867
88403,q97_t868
88403,q97_t869
88404,q97_t869
88404,q97_t870
88405,q97_t871
88405,q97_t872
88406,q97_t872
88406,q97_t873
88407,q97_t874
88407,q97_t875
88408,q97_t875
88408,q97_t876
88409,q97_t877
88409,q97_t878
88410,q97_t878
88410,q97_t879
88411,q97_t880
88411,q97_t881
88412,q97_t881
88412,q97_t882
88413,q97_t883
88413,q97_t884
88414,q97_t884
88414,q97_t885
88415,q97_t886
88415,q97_t887
88416,q97_t887
88416,q97_t888
88417,q97_t889
88417,q97_t890
88418,q97_t890
88418,q97_t891
88419,q97_t892
88419,q97_t893
88420,q97_t893
88420,q97_t894
88421,q97_t895
88421,q97_t896
88422,q97_t896
88422,q97_t897
88423,q97_t898
88423,q97_t899
88424,q97_t899
88424,q97_t900
88425,q97_t901
88425,q97_t902
88426,q97_t902
88426,q97_t903
88427,q97_t904
88427,q97_t905
88428,q97_t905
88428,q97_t906
88429,q97_t907
88429,q97_t908
88430,q97_t908
88430,q97_t909
88431,q97_t910
88431,q97_t911
88432,q97_t911
88432,q97_t915
88433,q97_t915
88433,q97_t916
88433,q98_t915
88433,q98_t916
88434,q97_t916
88434,q97_t917
88435,q97_t917
88435,q97_t918
88436,q97_t918
88436,q97_t919
88436,q99_t918
88436,q99_t919
88437,q97_t919
88437,q97_t920
88438,q97_t920
88438,q97_t921
88439,q97_t922
88439,q97_t923
88440,q97_t923
88440,q97_t924
88441,q97_t925
88441,q97_t926
88442,q97_t926
88442,q97_t927
88443,q97_t928
88443,q97_t929
88444,q97_t929
88444,q97_t930
88445,q97_t931
88445,q97_t932
88446,q97_t932
88446,q97_t933
88447,q97_t934
88447,q97_t935
88448,q97_t935
88448,q97_t936
88449,q97_t937
88449,q97_t938
88450,q97_t938
88450,q97_t939
88451,q97_t940
88451,q97_t941
88452,q97_t941
88452,q97_t942
88453,q97_t943
88453,q97_t944
88454,q97_t944
88454,q97_t945
88455,q97_t946
88455,q97_t947
88456,q97_t947
88456,q97_t948
88457,q97_t949
88457,q97_t950
88458,q97_t950
88458,q97_t951
88459,q97_t951
88459,q97_t952
88460,q97_t953
88460,q97_t954
88461,q97_t954
88461,q97_t955
88462,q97_t956
88462,q97_t957
88463,q97_t957
88463,q97_t958
88464,q97_t959
88464,q97_t960
88465,q97_t960
88465,q97_t961
88466,q97_t962
88466,q97_t963
88467,q97_t963
88467,q97_t964
88468,q97_t965
88468,q97_t966
88469,q97_t966
88469,q97_t967
88470,q97_t968
88470,q97_t969
88471,q97_t969
88471,q97_t970
88472,q97_t971
88472,q97_t972
88473,q97_t972
88473,q97_t973
88474,q97_t974
88474,q97_t975
88475,q97_t975
88475,q97_t976
88476,q97_t977
88476,q97_t978
88477,q97_t978
88477,q97_t979
88478,q97_t979
88478,q97_t980
88478,q9_t979
88478,q9_t980
88479,q97_t980
88479,q97_t981
88480,q97_t981
88480,q97_t982
88481,q97_t983
88481,q97_t984
88482,q97_t984
88482,q97_t985
88483,q97_t986
88483,q97_t987
88484,q97_t987
88484,q97_t988
88485,q97_t989
88485,q97_t990
88486,q97_t990
88486,q97_t991
88487,q97_t992
88487,q97_t993
88488,q97_t993
88488,q97_t994
88489,q97_t995
88489,q97_t996
88490,q97_t996
88490,q97_t997
88491,q97_t998
88491,q97_t999
88492,q98_t0
88492,q98_t1
88493,q98_t1
88493,q98_t293
88494,q98_t1000
88494,q98_t999
88495,q98_t1001
88495,q98_t1002
88496,q98_t1002
88496,q98_t1003
88497,q98_t1004
88497,q98_t1005
88498,q98_t1005
88498,q98_t1006
88499,q98_t1007
88499,q98_t1008
88500,q98_t1008
88500,q98_t1009
88501,q98_t1010
88501,q98_t1011
88502,q98_t1011
88502,q98_t1012
88503,q98_t1013
88503,q98_t1014
88504,q98_t1014
88504,q98_t1015
88505,q98_t1016
88505,q98_t1017
88506,q98_t1017
88506,q98_t1018
88507,q98_t1019
88507,q98_t1020
88508,q98_t1020
88508,q98_t1021
88509,q98_t1022
88509,q98_t1023
88510,q98_t1023
88510,q98_t1024
88511,q98_t1025
88511,q98_t1026
88512,q98_t1026
88512,q98_t1027
88513,q98_t1028
88513,q98_t1029
88514,q98_t1029
88514,q98_t1030
88515,q98_t1031
88515,q98_t1032
88516,q98_t1032
88516,q98_t1033
88517,q98_t1034
88517,q98_t1035
88518,q98_t1035
88518,q98_t1036
88519,q98_t1037
88519,q98_t1038
88520,q98_t1038
88520,q98_t1039
88521,q98_t1040
88521,q98_t1041
88522,q98_t1041
88522,q98_t1042
88523,q98_t1043
88523,q98_t1044
88524,q98_t1044
88524,q98_t1045
88525,q98_t1046
88525,q98_t1047
88526,q98_t1047
88526,q98_t1048
88527,q98_t1049
88527,q98_t1050
88528,q98_t1050
88528,q98_t1051
88529,q98_t1052
88529,q98_t1053
88530,q98_t1053
88530,q98_t1054
88531,q98_t1055
88531,q98_t1056
88532,q98_t1056
88532,q98_t1057
88533,q98_t1058
88533,q98_t1059
88534,q98_t1059
88534,q98_t1060
88535,q98_t1061
88535,q98_t1062
88536,q98_t1062
88536,q98_t1063
88537,q98_t1064
88537,q98_t1065
88538,q98_t1065
88538,q98_t1066
88539,q98_t1067
88539,q98_t1068
88540,q98_t1068
88540,q98_t1069
88541,q98_t1070
88541,q98_t1071
88542,q98_t1071
88542,q98_t1072
88543,q98_t1073
88543,q98_t1074
88544,q98_t1074
88544,q98_t1075
88545,q98_t1076
88545,q98_t1077
88546,q98_t1077
88546,q98_t1078
88547,q98_t1079
88547,q98_t1080
88548,q98_t1080
88548,q98_t1081
88549,q98_t1082
88549,q98_t1083
88550,q98_t1083
88550,q98_t1084
88551,q98_t1085
88551,q98_t1086
88552,q98_t1086
88552,q98_t1087
88553,q98_t1088
88553,q98_t1089
88554,q98_t1089
88554,q98_t1090
88555,q98_t1091
88555,q98_t1092
88556,q98_t1092
88556,q98_t1093
88557,q98_t1094
88557,q98_t1095
88558,q98_t1095
88558,q98_t1096
88559,q98_t1097
88559,q98_t1098
88560,q98_t1098
88560,q98_t1099
88561,q98_t1100
88561,q98_t1101
88562,q98_t1101
88562,q98_t1102
88563,q98_t1103
88563,q98_t1104
88564,q98_t1104
88564,q98_t1105
88565,q98_t1106
88565,q98_t1107
88566,q98_t1107
88566,q98_t1108
88567,q98_t1109
88567,q98_t1110
88568,q98_t1110
88568,q98_t1111
88569,q98_t1112
88569,q98_t1113
88570,q98_t1113
88570,q98_t1114
88571,q98_t1115
88571,q98_t1116
88572,q98_t1116
88572,q98_t1117
88573,q98_t1118
88573,q98_t1119
88574,q98_t1119
88574,q98_t1120
88575,q98_t1121
88575,q98_t1122
88576,q98_t1122
88576,q98_t1123
88577,q98_t1124
88577,q98_t1125
88578,q98_t1125
88578,q98_t1126
88579,q98_t1127
88579,q98_t1128
88580,q98_t1128
88580,q98_t1129
88581,q98_t1130
88581,q98_t1131
88582,q98_t1131
88582,q98_t1132
88583,q98_t1133
88583,q98_t1134
88584,q98_t1134
88584,q98_t1135
88585,q98_t1136
88585,q98_t1137
88586,q98_t1137
88586,q98_t1138
88587,q98_t1139
88587,q98_t1140
88588,q98_t1140
88588,q98_t1141
88589,q98_t1142
88589,q98_t1143
88590,q98_t1143
88590,q98_t1144
88591,q98_t1145
88591,q98_t1146
88592,q98_t1146
88592,q98_t1147
88593,q98_t1148
88593,q98_t1149
88594,q98_t1149
88594,q98_t1150
88595,q98_t1151
88595,q98_t1152
88596,q98_t1152
88596,q98_t1153
88597,q98_t1154
88597,q98_t1155
88598,q98_t1155
88598,q98_t1156
88599,q98_t1157
88599,q98_t1158
88600,q98_t1158
88600,q98_t1159
88601,q98_t1160
88601,q98_t1161
88602,q98_t1161
88602,q98_t1162
88603,q98_t1163
88603,q98_t1164
88604,q98_t1164
88604,q98_t1165
88605,q98_t1166
88605,q98_t1167
88606,q98_t1167
88606,q98_t1168
88607,q98_t1169
88607,q98_t1170
88608,q98_t1170
88608,q98_t1171
88609,q98_t1172
88609,q98_t1173
88610,q98_t1173
88610,q98_t1174
88611,q98_t1175
88611,q98_t1176
88612,q98_t1176
88612,q98_t1177
88613,q98_t1178
88613,q98_t1179
88614,q98_t1179
88614,q98_t1180
88615,q98_t1181
88615,q98_t1182
88616,q98_t1182
88616,q98_t1183
88617,q98_t1184
88617,q98_t1185
88618,q98_t1185
88618,q98_t1186
88619,q98_t1187
88619,q98_t1188
88620,q98_t1188
88620,q98_t1189
88621,q98_t1190
88621,q98_t1191
88622,q98_t1191
88622,q98_t1192
88623,q98_t1193
88623,q98_t1194
88624,q98_t1194
88624,q98_t1195
88625,q98_t1196
88625,q98_t1197
88626,q98_t1197
88626,q98_t1198
88627,q98_t1199
88627,q98_t1200
88628,q98_t1200
88628,q98_t1201
88629,q98_t1202
88629,q98_t1203
88630,q98_t1203
88630,q98_t1204
88631,q98_t1205
88631,q98_t1206
88632,q98_t1206
88632,q98_t1207
88633,q98_t1208
88633,q98_t1209
88634,q98_t1209
88634,q98_t1210
88635,q98_t1211
88635,q98_t1212
88636,q98_t1212
88636,q98_t1213
88637,q98_t1214
88637,q98_t1215
88638,q98_t1215
88638,q98_t1216
88639,q98_t1217
88639,q98_t1218
88640,q98_t1218
88640,q98_t1219
88641,q98_t1220
88641,q98_t1221
88642,q98_t1221
88642,q98_t1222
88643,q98_t1223
88643,q98_t1224
88644,q98_t1224
88644,q98_t1225
88645,q98_t1226
88645,q98_t1227
88646,q98_t1227
88646,q98_t1228
88647,q98_t1229
88647,q98_t1230
88648,q98_t1230
88648,q98_t1231
88649,q98_t1232
88649,q98_t1233
88650,q98_t1233
88650,q98_t1234
88651,q98_t1235
88651,q98_t1236
88652,q98_t1236
88652,q98_t1237
88653,q98_t1238
88653,q98_t1239
88654,q98_t1239
88654,q98_t1240
88655,q98_t1241
88655,q98_t1242
88656,q98_t1242
88656,q98_t1243
88657,q98_t1244
88657,q98_t1245
88658,q98_t1245
88658,q98_t1246
88659,q98_t1247
88659,q98_t1248
88660,q98_t1248
88660,q98_t1252
88661,q98_t1252
88661,q98_t1253
88661,q99_t1252
88661,q99_t1253
88662,q98_t1253
88662,q98_t1254
88663,q98_t1254
88663,q98_t1255
88664,q98_t1256
88664,q98_t1257
88665,q98_t1257
88665,q98_t1258
88666,q98_t1259
88666,q98_t1260
88667,q98_t1260
88667,q98_t1261
88668,q98_t1262
88668,q98_t1263
88669,q98_t1263
88669,q98_t1264
88670,q98_t1265
88670,q98_t1266
88671,q98_t1266
88671,q98_t1267
88672,q98_t1268
88672,q98_t1269
88673,q98_t1269
88673,q98_t1270
88674,q98_t1271
88674,q98_t1272
88675,q98_t1272
88675,q98_t1273
88676,q98_t1274
88676,q98_t1275
88677,q98_t1275
88677,q98_t1276
88678,q98_t1277
88678,q98_t1278
88679,q98_t1278
88679,q98_t1279
88680,q98_t1280
88680,q98_t1281
88681,q98_t1281
88681,q98_t1282
88682,q98_t1283
88682,q98_t1284
88683,q98_t1284
88683,q98_t1285
88684,q98_t294
88684,q98_t295
88685,q98_t295
88685,q98_t296
88686,q98_t297
88686,q98_t298
88687,q98_t298
88687,q98_t299
88688,q98_t300
88688,q98_t301
88689,q98_t301
88689,q98_t302
88690,q98_t303
88690,q98_t304
88691,q98_t304
88691,q98_t305
88692,q98_t306
88692,q98_t307
88693,q98_t307
88693,q98_t308
88694,q98_t309
88694,q98_t310
88695,q98_t310
88695,q98_t311
88696,q98_t312
88696,q98_t313
88697,q98_t313
88697,q98_t314
88698,q98_t315
88698,q98_t316
88699,q98_t316
88699,q98_t317
88700,q98_t318
88700,q98_t319
88701,q98_t319
88701,q98_t320
88702,q98_t320
88702,q98_t321
88702,q9_t320
88702,q9_t321
88703,q98_t321
88703,q98_t322
88704,q98_t322
88704,q98_t323
88705,q98_t324
88705,q98_t325
88706,q98_t325
88706,q98_t326
88707,q98_t327
88707,q98_t328
88708,q98_t328
88708,q98_t329
88709,q98_t330
88709,q98_t331
88710,q98_t331
88710,q98_t332
88711,q98_t333
88711,q98_t334
88712,q98_t334
88712,q98_t335
88713,q98_t336
88713,q98_t337
88714,q98_t337
88714,q98_t338
88715,q98_t339
88715,q98_t340
88716,q98_t340
88716,q98_t341
88717,q98_t342
88717,q98_t343
88718,q98_t343
88718,q98_t344
88719,q98_t345
88719,q98_t346
88720,q98_t346
88720,q98_t347
88721,q98_t348
88721,q98_t349
88722,q98_t349
88722,q98_t350
88723,q98_t351
88723,q98_t352
88724,q98_t352
88724,q98_t353
88725,q98_t354
88725,q98_t355
88726,q98_t355
88726,q98_t356
88727,q98_t357
88727,q98_t358
88728,q98_t358
88728,q98_t359
88729,q98_t360
88729,q98_t361
88730,q98_t361
88730,q98_t362
88731,q98_t363
88731,q98_t364
88732,q98_t364
88732,q98_t365
88733,q98_t366
88733,q98_t367
88734,q98_t367
88734,q98_t368
88735,q98_t369
88735,q98_t370
88736,q98_t370
88736,q98_t371
88737,q98_t372
88737,q98_t373
88738,q98_t373
88738,q98_t374
88739,q98_t375
88739,q98_t376
88740,q98_t376
88740,q98_t377
88741,q98_t378
88741,q98_t379
88742,q98_t379
88742,q98_t380
88743,q98_t381
88743,q98_t382
88744,q98_t382
88744,q98_t383
88745,q98_t384
88745,q98_t385
88746,q98_t385
88746,q98_t386
88747,q98_t387
88747,q98_t388
88748,q98_t388
88748,q98_t389
88749,q98_t390
88749,q98_t391
88750,q98_t391
88750,q98_t392
88751,q98_t393
88751,q98_t394
88752,q98_t394
88752,q98_t395
88753,q98_t396
88753,q98_t397
88754,q98_t397
88754,q98_t398
88755,q98_t399
88755,q98_t400
88756,q98_t400
88756,q98_t401
88757,q98_t402
88757,q98_t403
88758,q98_t403
88758,q98_t404
88759,q98_t405
88759,q98_t406
88760,q98_t406
88760,q98_t407
88761,q98_t408
88761,q98_t409
88762,q98_t409
88762,q98_t410
88763,q98_t411
88763,q98_t412
88764,q98_t412
88764,q98_t413
88765,q98_t414
88765,q98_t415
88766,q98_t415
88766,q98_t416
88767,q98_t417
88767,q98_t418
88768,q98_t418
88768,q98_t419
88769,q98_t420
88769,q98_t421
88770,q98_t421
88770,q98_t422
88771,q98_t423
88771,q98_t424
88772,q98_t424
88772,q98_t425
88773,q98_t426
88773,q98_t427
88774,q98_t427
88774,q98_t428
88775,q98_t429
88775,q98_t430
88776,q98_t430
88776,q98_t431
88777,q98_t432
88777,q98_t433
88778,q98_t433
88778,q98_t434
88779,q98_t435
88779,q98_t436
88780,q98_t436
88780,q98_t437
88781,q98_t438
88781,q98_t439
88782,q98_t439
88782,q98_t440
88783,q98_t441
88783,q98_t442
88784,q98_t442
88784,q98_t443
88785,q98_t444
88785,q98_t445
88786,q98_t445
88786,q98_t446
88787,q98_t447
88787,q98_t448
88788,q98_t448
88788,q98_t449
88789,q98_t450
88789,q98_t451
88790,q98_t451
88790,q98_t452
88791,q98_t453
88791,q98_t454
88792,q98_t454
88792,q98_t455
88793,q98_t456
88793,q98_t457
88794,q98_t457
88794,q98_t458
88795,q98_t459
88795,q98_t460
88796,q98_t460
88796,q98_t461
88797,q98_t462
88797,q98_t463
88798,q98_t463
88798,q98_t464
88799,q98_t465
88799,q98_t466
88800,q98_t466
88800,q98_t467
88801,q98_t468
88801,q98_t469
88802,q98_t469
88802,q98_t470
88803,q98_t471
88803,q98_t472
88804,q98_t472
88804,q98_t473
88805,q98_t474
88805,q98_t475
88806,q98_t475
88806,q98_t476
88807,q98_t477
88807,q98_t478
88808,q98_t478
88808,q98_t479
88809,q98_t480
88809,q98_t481
88810,q98_t481
88810,q98_t482
88811,q98_t483
88811,q98_t484
88812,q98_t484
88812,q98_t485
88813,q98_t486
88813,q98_t487
88814,q98_t487
88814,q98_t488
88815,q98_t489
88815,q98_t490
88816,q98_t490
88816,q98_t491
88817,q98_t492
88817,q98_t493
88818,q98_t493
88818,q98_t494
88819,q98_t495
88819,q98_t496
88820,q98_t496
88820,q98_t497
88821,q98_t498
88821,q98_t499
88822,q98_t499
88822,q98_t500
88823,q98_t501
88823,q98_t502
88824,q98_t502
88824,q98_t503
88825,q98_t504
88825,q98_t505
88826,q98_t505
88826,q98_t506
88827,q98_t507
88827,q98_t508
88828,q98_t508
88828,q98_t509
88829,q98_t510
88829,q98_t511
88830,q98_t511
88830,q98_t512
88831,q98_t513
88831,q98_t514
88832,q98_t514
88832,q98_t515
88833,q98_t516
88833,q98_t517
88834,q98_t517
88834,q98_t518
88835,q98_t519
88835,q98_t520
88836,q98_t520
88836,q98_t521
88837,q98_t522
88837,q98_t523
88838,q98_t523
88838,q98_t524
88839,q98_t525
88839,q98_t526
88840,q98_t526
88840,q98_t527
88841,q98_t528
88841,q98_t529
88842,q98_t529
88842,q98_t530
88843,q98_t531
88843,q98_t532
88844,q98_t532
88844,q98_t533
88845,q98_t534
88845,q98_t535
88846,q98_t535
88846,q98_t536
88847,q98_t537
88847,q98_t538
88848,q98_t538
88848,q98_t539
88849,q98_t540
88849,q98_t541
88850,q98_t541
88850,q98_t542
88851,q98_t543
88851,q98_t544
88852,q98_t544
88852,q98_t545
88853,q98_t546
88853,q98_t547
88854,q98_t547
88854,q98_t548
88855,q98_t549
88855,q98_t550
88856,q98_t550
88856,q98_t551
88857,q98_t552
88857,q98_t553
88858,q98_t553
88858,q98_t554
88859,q98_t555
88859,q98_t556
88860,q98_t556
88860,q98_t557
88861,q98_t558
88861,q98_t559
88862,q98_t559
88862,q98_t560
88863,q98_t561
88863,q98_t562
88864,q98_t562
88864,q98_t563
88865,q98_t564
88865,q98_t565
88866,q98_t565
88866,q98_t566
88867,q98_t567
88867,q98_t568
88868,q98_t568
88868,q98_t569
88869,q98_t570
88869,q98_t571
88870,q98_t571
88870,q98_t572
88871,q98_t573
88871,q98_t574
88872,q98_t574
88872,q98_t575
88873,q98_t576
88873,q98_t577
88874,q98_t577
88874,q98_t578
88875,q98_t579
88875,q98_t580
88876,q98_t580
88876,q98_t581
88877,q98_t582
88877,q98_t583
88878,q98_t583
88878,q98_t584
88879,q98_t585
88879,q98_t586
88880,q98_t586
88880,q98_t590
88881,q98_t590
88881,q98_t591
88881,q99_t590
88881,q99_t591
88882,q98_t591
88882,q98_t592
88883,q98_t592
88883,q98_t593
88884,q98_t594
88884,q98_t595
88885,q98_t595
88885,q98_t596
88886,q98_t597
88886,q98_t598
88887,q98_t598
88887,q98_t599
88888,q98_t600
88888,q98_t601
88889,q98_t601
88889,q98_t602
88890,q98_t603
88890,q98_t604
88891,q98_t604
88891,q98_t605
88892,q98_t606
88892,q98_t607
88893,q98_t607
88893,q98_t608
88894,q98_t609
88894,q98_t610
88895,q98_t610
88895,q98_t611
88896,q98_t612
88896,q98_t613
88897,q98_t613
88897,q98_t614
88898,q98_t615
88898,q98_t616
88899,q98_t616
88899,q98_t617
88900,q98_t618
88900,q98_t619
88901,q98_t619
88901,q98_t620
88902,q98_t621
88902,q98_t622
88903,q98_t622
88903,q98_t623
88904,q98_t623
88904,q98_t624
88905,q98_t625
88905,q98_t626
88906,q98_t626
88906,q98_t627
88907,q98_t628
88907,q98_t629
88908,q98_t629
88908,q98_t630
88909,q98_t631
88909,q98_t632
88910,q98_t632
88910,q98_t633
88911,q98_t634
88911,q98_t635
88912,q98_t635
88912,q98_t636
88913,q98_t637
88913,q98_t638
88914,q98_t638
88914,q98_t639
88915,q98_t640
88915,q98_t641
88916,q98_t641
88916,q98_t642
88917,q98_t643
88917,q98_t644
88918,q98_t644
88918,q98_t645
88919,q98_t646
88919,q98_t647
88920,q98_t647
88920,q98_t648
88921,q98_t649
88921,q98_t650
88922,q98_t650
88922,q98_t651
88923,q98_t651
88923,q98_t652
88923,q9_t651
88923,q9_t652
88924,q98_t652
88924,q98_t653
88925,q98_t653
88925,q98_t654
88926,q98_t655
88926,q98_t656
88927,q98_t656
88927,q98_t657
88928,q98_t658
88928,q98_t659
88929,q98_t659
88929,q98_t660
88930,q98_t661
88930,q98_t662
88931,q98_t662
88931,q98_t663
88932,q98_t664
88932,q98_t665
88933,q98_t665
88933,q98_t666
88934,q98_t667
88934,q98_t668
88935,q98_t668
88935,q98_t669
88936,q98_t670
88936,q98_t671
88937,q98_t671
88937,q98_t672
88938,q98_t673
88938,q98_t674
88939,q98_t674
88939,q98_t675
88940,q98_t676
88940,q98_t677
88941,q98_t677
88941,q98_t678
88942,q98_t679
88942,q98_t680
88943,q98_t680
88943,q98_t681
88944,q98_t682
88944,q98_t683
88945,q98_t683
88945,q98_t684
88946,q98_t685
88946,q98_t686
88947,q98_t686
88947,q98_t687
88948,q98_t688
88948,q98_t689
88949,q98_t689
88949,q98_t690
88950,q98_t691
88950,q98_t692
88951,q98_t692
88951,q98_t693
88952,q98_t694
88952,q98_t695
88953,q98_t695
88953,q98_t696
88954,q98_t697
88954,q98_t698
88955,q98_t698
88955,q98_t699
88956,q98_t700
88956,q98_t701
88957,q98_t701
88957,q98_t702
88958,q98_t703
88958,q98_t704
88959,q98_t704
88959,q98_t705
88960,q98_t706
88960,q98_t707
88961,q98_t707
88961,q98_t708
88962,q98_t709
88962,q98_t710
88963,q98_t710
88963,q98_t711
88964,q98_t712
88964,q98_t713
88965,q98_t713
88965,q98_t714
88966,q98_t715
88966,q98_t716
88967,q98_t716
88967,q98_t717
88968,q98_t718
88968,q98_t719
88969,q98_t719
88969,q98_t720
88970,q98_t721
88970,q98_t722
88971,q98_t722
88971,q98_t723
88972,q98_t724
88972,q98_t725
88973,q98_t725
88973,q98_t726
88974,q98_t727
88974,q98_t728
88975,q98_t728
88975,q98_t729
88976,q98_t730
88976,q98_t731
88977,q98_t731
88977,q98_t732
88978,q98_t733
88978,q98_t734
88979,q98_t734
88979,q98_t735
88980,q98_t736
88980,q98_t737
88981,q98_t737
88981,q98_t738
88982,q98_t739
88982,q98_t740
88983,q98_t740
88983,q98_t741
88984,q98_t742
88984,q98_t743
88985,q98_t743
88985,q98_t744
88986,q98_t745
88986,q98_t746
88987,q98_t746
88987,q98_t747
88988,q98_t748
88988,q98_t749
88989,q98_t749
88989,q98_t750
88990,q98_t751
88990,q98_t752
88991,q98_t752
88991,q98_t753
88992,q98_t754
88992,q98_t755
88993,q98_t755
88993,q98_t756
88994,q98_t757
88994,q98_t758
88995,q98_t758
88995,q98_t759
88996,q98_t760
88996,q98_t761
88997,q98_t761
88997,q98_t762
88998,q98_t763
88998,q98_t764
88999,q98_t764
88999,q98_t765
89000,q98_t766
89000,q98_t767
89001,q98_t767
89001,q98_t768
89002,q98_t769
89002,q98_t770
89003,q98_t770
89003,q98_t771
89004,q98_t772
89004,q98_t773
89005,q98_t773
89005,q98_t774
89006,q98_t775
89006,q98_t776
89007,q98_t776
89007,q98_t777
89008,q98_t778
89008,q98_t779
89009,q98_t779
89009,q98_t780
89010,q98_t781
89010,q98_t782
89011,q98_t782
89011,q98_t783
89012,q98_t784
89012,q98_t785
89013,q98_t785
89013,q98_t786
89014,q98_t787
89014,q98_t788
89015,q98_t788
89015,q98_t789
89016,q98_t790
89016,q98_t791
89017,q98_t791
89017,q98_t792
89018,q98_t793
89018,q98_t794
89019,q98_t794
89019,q98_t795
89020,q98_t796
89020,q98_t797
89021,q98_t797
89021,q98_t798
89022,q98_t799
89022,q98_t800
89023,q98_t800
89023,q98_t801
89024,q98_t802
89024,q98_t803
89025,q98_t803
89025,q98_t804
89026,q98_t805
89026,q98_t806
89027,q98_t806
89027,q98_t807
89028,q98_t808
89028,q98_t809
89029,q98_t809
89029,q98_t810
89030,q98_t811
89030,q98_t812
89031,q98_t812
89031,q98_t813
89032,q98_t814
89032,q98_t815
89033,q98_t815
89033,q98_t816
89034,q98_t817
89034,q98_t818
89035,q98_t818
89035,q98_t819
89036,q98_t820
89036,q98_t821
89037,q98_t821
89037,q98_t822
89038,q98_t823
89038,q98_t824
89039,q98_t824
89039,q98_t825
89040,q98_t826
89040,q98_t827
89041,q98_t827
89041,q98_t828
89042,q98_t829
89042,q98_t830
89043,q98_t830
89043,q98_t831
89044,q98_t832
89044,q98_t833
89045,q98_t833
89045,q98_t834
89046,q98_t835
89046,q98_t836
89047,q98_t836
89047,q98_t837
89048,q98_t838
89048,q98_t839
89049,q98_t839
89049,q98_t840
89050,q98_t841
89050,q98_t842
89051,q98_t842
89051,q98_t843
89052,q98_t844
89052,q98_t845
89053,q98_t845
89053,q98_t846
89054,q98_t847
89054,q98_t848
89055,q98_t848
89055,q98_t849
89056,q98_t850
89056,q98_t851
89057,q98_t851
89057,q98_t852
89058,q98_t853
89058,q98_t854
89059,q98_t854
89059,q98_t855
89060,q98_t856
89060,q98_t857
89061,q98_t857
89061,q98_t858
89062,q98_t859
89062,q98_t860
89063,q98_t860
89063,q98_t861
89064,q98_t862
89064,q98_t863
89065,q98_t863
89065,q98_t864
89066,q98_t865
89066,q98_t866
89067,q98_t866
89067,q98_t867
89068,q98_t868
89068,q98_t869
89069,q98_t869
89069,q98_t870
89070,q98_t871
89070,q98_t872
89071,q98_t872
89071,q98_t873
89072,q98_t874
89072,q98_t875
89073,q98_t875
89073,q98_t876
89074,q98_t877
89074,q98_t878
89075,q98_t878
89075,q98_t879
89076,q98_t880
89076,q98_t881
89077,q98_t881
89077,q98_t882
89078,q98_t883
89078,q98_t884
89079,q98_t884
89079,q98_t885
89080,q98_t886
89080,q98_t887
89081,q98_t887
89081,q98_t888
89082,q98_t889
89082,q98_t890
89083,q98_t890
89083,q98_t891
89084,q98_t892
89084,q98_t893
89085,q98_t893
89085,q98_t894
89086,q98_t895
89086,q98_t896
89087,q98_t896
89087,q98_t897
89088,q98_t898
89088,q98_t899
89089,q98_t899
89089,q98_t900
89090,q98_t901
89090,q98_t902
89091,q98_t902
89091,q98_t903
89092,q98_t904
89092,q98_t905
89093,q98_t905
89093,q98_t906
89094,q98_t907
89094,q98_t908
89095,q98_t908
89095,q98_t909
89096,q98_t910
89096,q98_t911
89097,q98_t911
89097,q98_t912
89098,q98_t913
89098,q98_t914
89099,q98_t914
89099,q98_t915
89100,q98_t916
89100,q98_t917
89101,q98_t917
89101,q98_t921
89102,q98_t921
89102,q98_t922
89102,q99_t921
89102,q99_t922
89103,q98_t922
89103,q98_t923
89104,q98_t923
89104,q98_t924
89105,q98_t925
89105,q98_t926
89106,q98_t926
89106,q98_t927
89107,q98_t928
89107,q98_t929
89108,q98_t929
89108,q98_t930
89109,q98_t931
89109,q98_t932
89110,q98_t932
89110,q98_t933
89111,q98_t934
89111,q98_t935
89112,q98_t935
89112,q98_t936
89113,q98_t937
89113,q98_t938
89114,q98_t938
89114,q98_t939
89115,q98_t940
89115,q98_t941
89116,q98_t941
89116,q98_t942
89117,q98_t943
89117,q98_t944
89118,q98_t944
89118,q98_t945
89119,q98_t946
89119,q98_t947
89120,q98_t947
89120,q98_t948
89121,q98_t949
89121,q98_t950
89122,q98_t950
89122,q98_t951
89123,q98_t952
89123,q98_t953
89124,q98_t953
89124,q98_t954
89125,q98_t954
89125,q98_t955
89126,q98_t956
89126,q98_t957
89127,q98_t957
89127,q98_t958
89128,q98_t959
89128,q98_t960
89129,q98_t960
89129,q98_t961
89130,q98_t962
89130,q98_t963
89131,q98_t963
89131,q98_t964
89132,q98_t965
89132,q98_t966
89133,q98_t966
89133,q98_t967
89134,q98_t968
89134,q98_t969
89135,q98_t969
89135,q98_t970
89136,q98_t971
89136,q98_t972
89137,q98_t972
89137,q98_t973
89138,q98_t974
89138,q98_t975
89139,q98_t975
89139,q98_t976
89140,q98_t977
89140,q98_t978
89141,q98_t978
89141,q98_t979
89142,q98_t980
89142,q98_t981
89143,q98_t981
89143,q98_t982
89144,q98_t982
89144,q98_t983
89144,q9_t982
89144,q9_t983
89145,q98_t983
89145,q98_t984
89146,q98_t984
89146,q98_t985
89147,q98_t986
89147,q98_t987
89148,q98_t987
89148,q98_t988
89149,q98_t989
89149,q98_t990
89150,q98_t990
89150,q98_t991
89151,q98_t992
89151,q98_t993
89152,q98_t993
89152,q98_t994
89153,q98_t995
89153,q98_t996
89154,q98_t996
89154,q98_t997
89155,q98_t998
89155,q98_t999
89156,q99_t0
89156,q99_t1
89157,q99_t1
89157,q99_t296
89158,q99_t1000
89158,q99_t999
89159,q99_t1001
89159,q99_t1002
89160,q99_t1002
89160,q99_t1003
89161,q99_t1004
89161,q99_t1005
89162,q99_t1005
89162,q99_t1006
89163,q99_t1007
89163,q99_t1008
89164,q99_t1008
89164,q99_t1009
89165,q99_t1010
89165,q99_t1011
89166,q99_t1011
89166,q99_t1012
89167,q99_t1013
89167,q99_t1014
89168,q99_t1014
89168,q99_t1015
89169,q99_t1016
89169,q99_t1017
89170,q99_t1017
89170,q99_t1018
89171,q99_t1019
89171,q99_t1020
89172,q99_t1020
89172,q99_t1021
89173,q99_t1022
89173,q99_t1023
89174,q99_t1023
89174,q99_t1024
89175,q99_t1025
89175,q99_t1026
89176,q99_t1026
89176,q99_t1027
89177,q99_t1028
89177,q99_t1029
89178,q99_t1029
89178,q99_t1030
89179,q99_t1031
89179,q99_t1032
89180,q99_t1032
89180,q99_t1033
89181,q99_t1034
89181,q99_t1035
89182,q99_t1035
89182,q99_t1036
89183,q99_t1037
89183,q99_t1038
89184,q99_t1038
89184,q99_t1039
89185,q99_t1040
89185,q99_t1041
89186,q99_t1041
89186,q99_t1042
89187,q99_t1043
89187,q99_t1044
89188,q99_t1044
89188,q99_t1045
89189,q99_t1046
89189,q99_t1047
89190,q99_t1047
89190,q99_t1048
89191,q99_t1049
89191,q99_t1050
89192,q99_t1050
89192,q99_t1051
89193,q99_t1052
89193,q99_t1053
89194,q99_t1053
89194,q99_t1054
89195,q99_t1055
89195,q99_t1056
89196,q99_t1056
89196,q99_t1057
89197,q99_t1058
89197,q99_t1059
89198,q99_t1059
89198,q99_t1060
89199,q99_t1061
89199,q99_t1062
89200,q99_t1062
89200,q99_t1063
89201,q99_t1064
89201,q99_t1065
89202,q99_t1065
89202,q99_t1066
89203,q99_t1067
89203,q99_t1068
89204,q99_t1068
89204,q99_t1069
89205,q99_t1070
89205,q99_t1071
89206,q99_t1071
89206,q99_t1072
89207,q99_t1073
89207,q99_t1074
89208,q99_t1074
89208,q99_t1075
89209,q99_t1076
89209,q99_t1077
89210,q99_t1077
89210,q99_t1078
89211,q99_t1079
89211,q99_t1080
89212,q99_t1080
89212,q99_t1081
89213,q99_t1082
89213,q99_t1083
89214,q99_t1083
89214,q99_t1084
89215,q99_t1085
89215,q99_t1086
89216,q99_t1086
89216,q99_t1087
89217,q99_t1088
89217,q99_t1089
89218,q99_t1089
89218,q99_t1090
89219,q99_t1091
89219,q99_t1092
89220,q99_t1092
89220,q99_t1093
89221,q99_t1094
89221,q99_t1095
89222,q99_t1095
89222,q99_t1096
89223,q99_t1097
89223,q99_t1098
89224,q99_t1098
89224,q99_t1099
89225,q99_t1100
89225,q99_t1101
89226,q99_t1101
89226,q99_t1102
89227,q99_t1103
89227,q99_t1104
89228,q99_t1104
89228,q99_t1105
89229,q99_t1106
89229,q99_t1107
89230,q99_t1107
89230,q99_t1108
89231,q99_t1109
89231,q99_t1110
89232,q99_t1110
89232,q99_t1111
89233,q99_t1112
89233,q99_t1113
89234,q99_t1113
89234,q99_t1114
89235,q99_t1115
89235,q99_t1116
89236,q99_t1116
89236,q99_t1117
89237,q99_t1118
89237,q99_t1119
89238,q99_t1119
89238,q99_t1120
89239,q99_t1121
89239,q99_t1122
89240,q99_t1122
89240,q99_t1123
89241,q99_t1124
89241,q99_t1125
89242,q99_t1125
89242,q99_t1126
89243,q99_t1127
89243,q99_t1128
89244,q99_t1128
89244,q99_t1129
89245,q99_t1130
89245,q99_t1131
89246,q99_t1131
89246,q99_t1132
89247,q99_t1133
89247,q99_t1134
89248,q99_t1134
89248,q99_t1135
89249,q99_t1136
89249,q99_t1137
89250,q99_t1137
89250,q99_t1138
89251,q99_t1139
89251,q99_t1140
89252,q99_t1140
89252,q99_t1141
89253,q99_t1142
89253,q99_t1143
89254,q99_t1143
89254,q99_t1144
89255,q99_t1145
89255,q99_t1146
89256,q99_t1146
89256,q99_t1147
89257,q99_t1148
89257,q99_t1149
89258,q99_t1149
89258,q99_t1150
89259,q99_t1151
89259,q99_t1152
89260,q99_t1152
89260,q99_t1153
89261,q99_t1154
89261,q99_t1155
89262,q99_t1155
89262,q99_t1156
89263,q99_t1157
89263,q99_t1158
89264,q99_t1158
89264,q99_t1159
89265,q99_t1160
89265,q99_t1161
89266,q99_t1161
89266,q99_t1162
89267,q99_t1163
89267,q99_t1164
89268,q99_t1164
89268,q99_t1165
89269,q99_t1166
89269,q99_t1167
89270,q99_t1167
89270,q99_t1168
89271,q99_t1169
89271,q99_t1170
89272,q99_t1170
89272,q99_t1171
89273,q99_t1172
89273,q99_t1173
89274,q99_t1173
89274,q99_t1174
89275,q99_t1175
89275,q99_t1176
89276,q99_t1176
89276,q99_t1177
89277,q99_t1178
89277,q99_t1179
89278,q99_t1179
89278,q99_t1180
89279,q99_t1181
89279,q99_t1182
89280,q99_t1182
89280,q99_t1183
89281,q99_t1184
89281,q99_t1185
89282,q99_t1185
89282,q99_t1186
89283,q99_t1187
89283,q99_t1188
89284,q99_t1188
89284,q99_t1189
89285,q99_t1190
89285,q99_t1191
89286,q99_t1191
89286,q99_t1192
89287,q99_t1193
89287,q99_t1194
89288,q99_t1194
89288,q99_t1195
89289,q99_t1196
89289,q99_t1197
89290,q99_t1197
89290,q99_t1198
89291,q99_t1199
89291,q99_t1200
89292,q99_t1200
89292,q99_t1201
89293,q99_t1202
89293,q99_t1203
89294,q99_t1203
89294,q99_t1204
89295,q99_t1205
89295,q99_t1206
89296,q99_t1206
89296,q99_t1207
89297,q99_t1208
89297,q99_t1209
89298,q99_t1209
89298,q99_t1210
89299,q99_t1211
89299,q99_t1212
89300,q99_t1212
89300,q99_t1213
89301,q99_t1214
89301,q99_t1215
89302,q99_t1215
89302,q99_t1216
89303,q99_t1217
89303,q99_t1218
89304,q99_t1218
89304,q99_t1219
89305,q99_t1220
89305,q99_t1221
89306,q99_t1221
89306,q99_t1222
89307,q99_t1223
89307,q99_t1224
89308,q99_t1224
89308,q99_t1225
89309,q99_t1226
89309,q99_t1227
89310,q99_t1227
89310,q99_t1228
89311,q99_t1229
89311,q99_t1230
89312,q99_t1230
89312,q99_t1231
89313,q99_t1232
89313,q99_t1233
89314,q99_t1233
89314,q99_t1234
89315,q99_t1235
89315,q99_t1236
89316,q99_t1236
89316,q99_t1237
89317,q99_t1238
89317,q99_t1239
89318,q99_t1239
89318,q99_t1240
89319,q99_t1241
89319,q99_t1242
89320,q99_t1242
89320,q99_t1243
89321,q99_t1244
89321,q99_t1245
89322,q99_t1245
89322,q99_t1246
89323,q99_t1247
89323,q99_t1248
89324,q99_t1248
89324,q99_t1249
89325,q99_t1250
89325,q99_t1251
89326,q99_t1251
89326,q99_t1252
89327,q99_t1253
89327,q99_t1254
89328,q99_t1254
89328,q99_t1258
89329,q99_t1259
89329,q99_t1260
89330,q99_t1260
89330,q99_t1261
89331,q99_t1262
89331,q99_t1263
89332,q99_t1263
89332,q99_t1264
89333,q99_t1265
89333,q99_t1266
89334,q99_t1266
89334,q99_t1267
89335,q99_t1268
89335,q99_t1269
89336,q99_t1269
89336,q99_t1270
89337,q99_t1271
89337,q99_t1272
89338,q99_t1272
89338,q99_t1273
89339,q99_t1274
89339,q99_t1275
89340,q99_t1275
89340,q99_t1276
89341,q99_t1277
89341,q99_t1278
89342,q99_t1278
89342,q99_t1279
89343,q99_t1280
89343,q99_t1281
89344,q99_t1281
89344,q99_t1282
89345,q99_t1283
89345,q99_t1284
89346,q99_t1284
89346,q99_t1285
89347,q99_t1286
89347,q99_t1287
89348,q99_t1287
89348,q99_t1288
89349,q99_t297
89349,q99_t298
89350,q99_t298
89350,q99_t299
89351,q99_t300
89351,q99_t301
89352,q99_t301
89352,q99_t302
89353,q99_t303
89353,q99_t304
89354,q99_t304
89354,q99_t305
89355,q99_t306
89355,q99_t307
89356,q99_t307
89356,q99_t308
89357,q99_t309
89357,q99_t310
89358,q99_t310
89358,q99_t311
89359,q99_t312
89359,q99_t313
89360,q99_t313
89360,q99_t314
89361,q99_t315
89361,q99_t316
89362,q99_t316
89362,q99_t317
89363,q99_t318
89363,q99_t319
89364,q99_t319
89364,q99_t320
89365,q99_t321
89365,q99_t322
89366,q99_t322
89366,q99_t323
89367,q99_t323
89367,q99_t324
89367,q9_t323
89367,q9_t324
89368,q99_t324
89368,q99_t325
89369,q99_t325
89369,q99_t326
89370,q99_t327
89370,q99_t328
89371,q99_t328
89371,q99_t329
89372,q99_t330
89372,q99_t331
89373,q99_t331
89373,q99_t332
89374,q99_t333
89374,q99_t334
89375,q99_t334
89375,q99_t335
89376,q99_t336
89376,q99_t337
89377,q99_t337
89377,q99_t338
89378,q99_t339
89378,q99_t340
89379,q99_t340
89379,q99_t341
89380,q99_t342
89380,q99_t343
89381,q99_t343
89381,q99_t344
89382,q99_t345
89382,q99_t346
89383,q99_t346
89383,q99_t347
89384,q99_t348
89384,q99_t349
89385,q99_t349
89385,q99_t350
89386,q99_t351
89386,q99_t352
89387,q99_t352
89387,q99_t353
89388,q99_t354
89388,q99_t355
89389,q99_t355
89389,q99_t356
89390,q99_t357
89390,q99_t358
89391,q99_t358
89391,q99_t359
89392,q99_t360
89392,q99_t361
89393,q99_t361
89393,q99_t362
89394,q99_t363
89394,q99_t364
89395,q99_t364
89395,q99_t365
89396,q99_t366
89396,q99_t367
89397,q99_t367
89397,q99_t368
89398,q99_t369
89398,q99_t370
89399,q99_t370
89399,q99_t371
89400,q99_t372
89400,q99_t373
89401,q99_t373
89401,q99_t374
89402,q99_t375
89402,q99_t376
89403,q99_t376
89403,q99_t377
89404,q99_t378
89404,q99_t379
89405,q99_t379
89405,q99_t380
89406,q99_t381
89406,q99_t382
89407,q99_t382
89407,q99_t383
89408,q99_t384
89408,q99_t385
89409,q99_t385
89409,q99_t386
89410,q99_t387
89410,q99_t388
89411,q99_t388
89411,q99_t389
89412,q99_t390
89412,q99_t391
89413,q99_t391
89413,q99_t392
89414,q99_t393
89414,q99_t394
89415,q99_t394
89415,q99_t395
89416,q99_t396
89416,q99_t397
89417,q99_t397
89417,q99_t398
89418,q99_t399
89418,q99_t400
89419,q99_t400
89419,q99_t401
89420,q99_t402
89420,q99_t403
89421,q99_t403
89421,q99_t404
89422,q99_t405
89422,q99_t406
89423,q99_t406
89423,q99_t407
89424,q99_t408
89424,q99_t409
89425,q99_t409
89425,q99_t410
89426,q99_t411
89426,q99_t412
89427,q99_t412
89427,q99_t413
89428,q99_t414
89428,q99_t415
89429,q99_t415
89429,q99_t416
89430,q99_t417
89430,q99_t418
89431,q99_t418
89431,q99_t419
89432,q99_t420
89432,q99_t421
89433,q99_t421
89433,q99_t422
89434,q99_t423
89434,q99_t424
89435,q99_t424
89435,q99_t425
89436,q99_t426
89436,q99_t427
89437,q99_t427
89437,q99_t428
89438,q99_t429
89438,q99_t430
89439,q99_t430
89439,q99_t431
89440,q99_t432
89440,q99_t433
89441,q99_t433
89441,q99_t434
89442,q99_t435
89442,q99_t436
89443,q99_t436
89443,q99_t437
89444,q99_t438
89444,q99_t439
89445,q99_t439
89445,q99_t440
89446,q99_t441
89446,q99_t442
89447,q99_t442
89447,q99_t443
89448,q99_t444
89448,q99_t445
89449,q99_t445
89449,q99_t446
89450,q99_t447
89450,q99_t448
89451,q99_t448
89451,q99_t449
89452,q99_t450
89452,q99_t451
89453,q99_t451
89453,q99_t452
89454,q99_t453
89454,q99_t454
89455,q99_t454
89455,q99_t455
89456,q99_t456
89456,q99_t457
89457,q99_t457
89457,q99_t458
89458,q99_t459
89458,q99_t460
89459,q99_t460
89459,q99_t461
89460,q99_t462
89460,q99_t463
89461,q99_t463
89461,q99_t464
89462,q99_t465
89462,q99_t466
89463,q99_t466
89463,q99_t467
89464,q99_t468
89464,q99_t469
89465,q99_t469
89465,q99_t470
89466,q99_t471
89466,q99_t472
89467,q99_t472
89467,q99_t473
89468,q99_t474
89468,q99_t475
89469,q99_t475
89469,q99_t476
89470,q99_t477
89470,q99_t478
89471,q99_t478
89471,q99_t479
89472,q99_t480
89472,q99_t481
89473,q99_t481
89473,q99_t482
89474,q99_t483
89474,q99_t484
89475,q99_t484
89475,q99_t485
89476,q99_t486
89476,q99_t487
89477,q99_t487
89477,q99_t488
89478,q99_t489
89478,q99_t490
89479,q99_t490
89479,q99_t491
89480,q99_t492
89480,q99_t493
89481,q99_t493
89481,q99_t494
89482,q99_t495
89482,q99_t496
89483,q99_t496
89483,q99_t497
89484,q99_t498
89484,q99_t499
89485,q99_t499
89485,q99_t500
89486,q99_t501
89486,q99_t502
89487,q99_t502
89487,q99_t503
89488,q99_t504
89488,q99_t505
89489,q99_t505
89489,q99_t506
89490,q99_t507
89490,q99_t508
89491,q99_t508
89491,q99_t509
89492,q99_t510
89492,q99_t511
89493,q99_t511
89493,q99_t512
89494,q99_t513
89494,q99_t514
89495,q99_t514
89495,q99_t515
89496,q99_t516
89496,q99_t517
89497,q99_t517
89497,q99_t518
89498,q99_t519
89498,q99_t520
89499,q99_t520
89499,q99_t521
89500,q99_t522
89500,q99_t523
89501,q99_t523
89501,q99_t524
89502,q99_t525
89502,q99_t526
89503,q99_t526
89503,q99_t527
89504,q99_t528
89504,q99_t529
89505,q99_t529
89505,q99_t530
89506,q99_t531
89506,q99_t532
89507,q99_t532
89507,q99_t533
89508,q99_t534
89508,q99_t535
89509,q99_t535
89509,q99_t536
89510,q99_t537
89510,q99_t538
89511,q99_t538
89511,q99_t539
89512,q99_t540
89512,q99_t541
89513,q99_t541
89513,q99_t542
89514,q99_t543
89514,q99_t544
89515,q99_t544
89515,q99_t545
89516,q99_t546
89516,q99_t547
89517,q99_t547
89517,q99_t548
89518,q99_t549
89518,q99_t550
89519,q99_t550
89519,q99_t551
89520,q99_t552
89520,q99_t553
89521,q99_t553
89521,q99_t554
89522,q99_t555
89522,q99_t556
89523,q99_t556
89523,q99_t557
89524,q99_t558
89524,q99_t559
89525,q99_t559
89525,q99_t560
89526,q99_t561
89526,q99_t562
89527,q99_t562
89527,q99_t563
89528,q99_t564
89528,q99_t565
89529,q99_t565
89529,q99_t566
89530,q99_t567
89530,q99_t568
89531,q99_t568
89531,q99_t569
89532,q99_t570
89532,q99_t571
89533,q99_t571
89533,q99_t572
89534,q99_t573
89534,q99_t574
89535,q99_t574
89535,q99_t575
89536,q99_t576
89536,q99_t577
89537,q99_t577
89537,q99_t578
89538,q99_t579
89538,q99_t580
89539,q99_t580
89539,q99_t581
89540,q99_t582
89540,q99_t583
89541,q99_t583
89541,q99_t584
89542,q99_t585
89542,q99_t586
89543,q99_t586
89543,q99_t587
89544,q99_t588
89544,q99_t589
89545,q99_t589
89545,q99_t590
89546,q99_t591
89546,q99_t592
89547,q99_t592
89547,q99_t596
89548,q99_t597
89548,q99_t598
89549,q99_t598
89549,q99_t599
89550,q99_t600
89550,q99_t601
89551,q99_t601
89551,q99_t602
89552,q99_t603
89552,q99_t604
89553,q99_t604
89553,q99_t605
89554,q99_t606
89554,q99_t607
89555,q99_t607
89555,q99_t608
89556,q99_t609
89556,q99_t610
89557,q99_t610
89557,q99_t611
89558,q99_t612
89558,q99_t613
89559,q99_t613
89559,q99_t614
89560,q99_t615
89560,q99_t616
89561,q99_t616
89561,q99_t617
89562,q99_t618
89562,q99_t619
89563,q99_t619
89563,q99_t620
89564,q99_t621
89564,q99_t622
89565,q99_t622
89565,q99_t623
89566,q99_t624
89566,q99_t625
89567,q99_t625
89567,q99_t626
89568,q99_t626
89568,q99_t627
89569,q99_t628
89569,q99_t629
89570,q99_t629
89570,q99_t630
89571,q99_t631
89571,q99_t632
89572,q99_t632
89572,q99_t633
89573,q99_t634
89573,q99_t635
89574,q99_t635
89574,q99_t636
89575,q99_t637
89575,q99_t638
89576,q99_t638
89576,q99_t639
89577,q99_t640
89577,q99_t641
89578,q99_t641
89578,q99_t642
89579,q99_t643
89579,q99_t644
89580,q99_t644
89580,q99_t645
89581,q99_t646
89581,q99_t647
89582,q99_t647
89582,q99_t648
89583,q99_t649
89583,q99_t650
89584,q99_t650
89584,q99_t651
89585,q99_t652
89585,q99_t653
89586,q99_t653
89586,q99_t654
89587,q99_t654
89587,q99_t655
89587,q9_t654
89587,q9_t655
89588,q99_t655
89588,q99_t656
89589,q99_t656
89589,q99_t657
89590,q99_t658
89590,q99_t659
89591,q99_t659
89591,q99_t660
89592,q99_t661
89592,q99_t662
89593,q99_t662
89593,q99_t663
89594,q99_t664
89594,q99_t665
89595,q99_t665
89595,q99_t666
89596,q99_t667
89596,q99_t668
89597,q99_t668
89597,q99_t669
89598,q99_t670
89598,q99_t671
89599,q99_t671
89599,q99_t672
89600,q99_t673
89600,q99_t674
89601,q99_t674
89601,q99_t675
89602,q99_t676
89602,q99_t677
89603,q99_t677
89603,q99_t678
89604,q99_t679
89604,q99_t680
89605,q99_t680
89605,q99_t681
89606,q99_t682
89606,q99_t683
89607,q99_t683
89607,q99_t684
89608,q99_t685
89608,q99_t686
89609,q99_t686
89609,q99_t687
89610,q99_t688
89610,q99_t689
89611,q99_t689
89611,q99_t690
89612,q99_t691
89612,q99_t692
89613,q99_t692
89613,q99_t693
89614,q99_t694
89614,q99_t695
89615,q99_t695
89615,q99_t696
89616,q99_t697
89616,q99_t698
89617,q99_t698
89617,q99_t699
89618,q99_t700
89618,q99_t701
89619,q99_t701
89619,q99_t702
89620,q99_t703
89620,q99_t704
89621,q99_t704
89621,q99_t705
89622,q99_t706
89622,q99_t707
89623,q99_t707
89623,q99_t708
89624,q99_t709
89624,q99_t710
89625,q99_t710
89625,q99_t711
89626,q99_t712
89626,q99_t713
89627,q99_t713
89627,q99_t714
89628,q99_t715
89628,q99_t716
89629,q99_t716
89629,q99_t717
89630,q99_t718
89630,q99_t719
89631,q99_t719
89631,q99_t720
89632,q99_t721
89632,q99_t722
89633,q99_t722
89633,q99_t723
89634,q99_t724
89634,q99_t725
89635,q99_t725
89635,q99_t726
89636,q99_t727
89636,q99_t728
89637,q99_t728
89637,q99_t729
89638,q99_t730
89638,q99_t731
89639,q99_t731
89639,q99_t732
89640,q99_t733
89640,q99_t734
89641,q99_t734
89641,q99_t735
89642,q99_t736
89642,q99_t737
89643,q99_t737
89643,q99_t738
89644,q99_t739
89644,q99_t740
89645,q99_t740
89645,q99_t741
89646,q99_t742
89646,q99_t743
89647,q99_t743
89647,q99_t744
89648,q99_t745
89648,q99_t746
89649,q99_t746
89649,q99_t747
89650,q99_t748
89650,q99_t749
89651,q99_t749
89651,q99_t750
89652,q99_t751
89652,q99_t752
89653,q99_t752
89653,q99_t753
89654,q99_t754
89654,q99_t755
89655,q99_t755
89655,q99_t756
89656,q99_t757
89656,q99_t758
89657,q99_t758
89657,q99_t759
89658,q99_t760
89658,q99_t761
89659,q99_t761
89659,q99_t762
89660,q99_t763
89660,q99_t764
89661,q99_t764
89661,q99_t765
89662,q99_t766
89662,q99_t767
89663,q99_t767
89663,q99_t768
89664,q99_t769
89664,q99_t770
89665,q99_t770
89665,q99_t771
89666,q99_t772
89666,q99_t773
89667,q99_t773
89667,q99_t774
89668,q99_t775
89668,q99_t776
89669,q99_t776
89669,q99_t777
89670,q99_t778
89670,q99_t779
89671,q99_t779
89671,q99_t780
89672,q99_t781
89672,q99_t782
89673,q99_t782
89673,q99_t783
89674,q99_t784
89674,q99_t785
89675,q99_t785
89675,q99_t786
89676,q99_t787
89676,q99_t788
89677,q99_t788
89677,q99_t789
89678,q99_t790
89678,q99_t791
89679,q99_t791
89679,q99_t792
89680,q99_t793
89680,q99_t794
89681,q99_t794
89681,q99_t795
89682,q99_t796
89682,q99_t797
89683,q99_t797
89683,q99_t798
89684,q99_t799
89684,q99_t800
89685,q99_t800
89685,q99_t801
89686,q99_t802
89686,q99_t803
89687,q99_t803
89687,q99_t804
89688,q99_t805
89688,q99_t806
89689,q99_t806
89689,q99_t807
89690,q99_t808
89690,q99_t809
89691,q99_t809
89691,q99_t810
89692,q99_t811
89692,q99_t812
89693,q99_t812
89693,q99_t813
89694,q99_t814
89694,q99_t815
89695,q99_t815
89695,q99_t816
89696,q99_t817
89696,q99_t818
89697,q99_t818
89697,q99_t819
89698,q99_t820
89698,q99_t821
89699,q99_t821
89699,q99_t822
89700,q99_t823
89700,q99_t824
89701,q99_t824
89701,q99_t825
89702,q99_t826
89702,q99_t827
89703,q99_t827
89703,q99_t828
89704,q99_t829
89704,q99_t830
89705,q99_t830
89705,q99_t831
89706,q99_t832
89706,q99_t833
89707,q99_t833
89707,q99_t834
89708,q99_t835
89708,q99_t836
89709,q99_t836
89709,q99_t837
89710,q99_t838
89710,q99_t839
89711,q99_t839
89711,q99_t840
89712,q99_t841
89712,q99_t842
89713,q99_t842
89713,q99_t843
89714,q99_t844
89714,q99_t845
89715,q99_t845
89715,q99_t846
89716,q99_t847
89716,q99_t848
89717,q99_t848
89717,q99_t849
89718,q99_t850
89718,q99_t851
89719,q99_t851
89719,q99_t852
89720,q99_t853
89720,q99_t854
89721,q99_t854
89721,q99_t855
89722,q99_t856
89722,q99_t857
89723,q99_t857
89723,q99_t858
89724,q99_t859
89724,q99_t860
89725,q99_t860
89725,q99_t861
89726,q99_t862
89726,q99_t863
89727,q99_t863
89727,q99_t864
89728,q99_t865
89728,q99_t866
89729,q99_t866
89729,q99_t867
89730,q99_t868
89730,q99_t869
89731,q99_t869
89731,q99_t870
89732,q99_t871
89732,q99_t872
89733,q99_t872
89733,q99_t873
89734,q99_t874
89734,q99_t875
89735,q99_t875
89735,q99_t876
89736,q99_t877
89736,q99_t878
89737,q99_t878
89737,q99_t879
89738,q99_t880
89738,q99_t881
89739,q99_t881
89739,q99_t882
89740,q99_t883
89740,q99_t884
89741,q99_t884
89741,q99_t885
89742,q99_t886
89742,q99_t887
89743,q99_t887
89743,q99_t888
89744,q99_t889
89744,q99_t890
89745,q99_t890
89745,q99_t891
89746,q99_t892
89746,q99_t893
89747,q99_t893
89747,q99_t894
89748,q99_t895
89748,q99_t896
89749,q99_t896
89749,q99_t897
89750,q99_t898
89750,q99_t899
89751,q99_t899
89751,q99_t900
89752,q99_t901
89752,q99_t902
89753,q99_t902
89753,q99_t903
89754,q99_t904
89754,q99_t905
89755,q99_t905
89755,q99_t906
89756,q99_t907
89756,q99_t908
89757,q99_t908
89757,q99_t909
89758,q99_t910
89758,q99_t911
89759,q99_t911
89759,q99_t912
89760,q99_t913
89760,q99_t914
89761,q99_t914
89761,q99_t915
89762,q99_t916
89762,q99_t917
89763,q99_t917
89763,q99_t918
89764,q99_t919
89764,q99_t920
89765,q99_t920
89765,q99_t921
89766,q99_t922
89766,q99_t923
89767,q99_t923
89767,q99_t927
89768,q99_t928
89768,q99_t929
89769,q99_t929
89769,q99_t930
89770,q99_t931
89770,q99_t932
89771,q99_t932
89771,q99_t933
89772,q99_t934
89772,q99_t935
89773,q99_t935
89773,q99_t936
89774,q99_t937
89774,q99_t938
89775,q99_t938
89775,q99_t939
89776,q99_t940
89776,q99_t941
89777,q99_t941
89777,q99_t942
89778,q99_t943
89778,q99_t944
89779,q99_t944
89779,q99_t945
89780,q99_t946
89780,q99_t947
89781,q99_t947
89781,q99_t948
89782,q99_t949
89782,q99_t950
89783,q99_t950
89783,q99_t951
89784,q99_t952
89784,q99_t953
89785,q99_t953
89785,q99_t954
89786,q99_t955
89786,q99_t956
89787,q99_t956
89787,q99_t957
89788,q99_t957
89788,q99_t958
89789,q99_t959
89789,q99_t960
89790,q99_t960
89790,q99_t961
89791,q99_t962
89791,q99_t963
89792,q99_t963
89792,q99_t964
89793,q99_t965
89793,q99_t966
89794,q99_t966
89794,q99_t967
89795,q99_t968
89795,q99_t969
89796,q99_t969
89796,q99_t970
89797,q99_t971
89797,q99_t972
89798,q99_t972
89798,q99_t973
89799,q99_t974
89799,q99_t975
89800,q99_t975
89800,q99_t976
89801,q99_t977
89801,q99_t978
89802,q99_t978
89802,q99_t979
89803,q99_t980
89803,q99_t981
89804,q99_t981
89804,q99_t982
89805,q99_t983
89805,q99_t984
89806,q99_t984
89806,q99_t985
89807,q99_t985
89807,q99_t986
89807,q9_t985
89807,q9_t986
89808,q99_t986
89808,q99_t987
89809,q99_t987
89809,q99_t988
89810,q99_t989
89810,q99_t990
89811,q99_t990
89811,q99_t991
89812,q99_t992
89812,q99_t993
89813,q99_t993
89813,q99_t994
89814,q99_t995
89814,q99_t996
89815,q99_t996
89815,q99_t997
89816,q99_t998
89816,q99_t999
89817,q9_t0
89817,q9_t1
89818,q9_t1
89818,q9_t26
89819,q9_t100
89819,q9_t101
89820,q9_t100
89820,q9_t99
89821,q9_t1000
89821,q9_t999
89822,q9_t1001
89822,q9_t1002
89823,q9_t1002
89823,q9_t1003
89824,q9_t1004
89824,q9_t1005
89825,q9_t1005
89825,q9_t1006
89826,q9_t1007
89826,q9_t1008
89827,q9_t1008
89827,q9_t1009
89828,q9_t1010
89828,q9_t1011
89829,q9_t1011
89829,q9_t1012
89830,q9_t1013
89830,q9_t1014
89831,q9_t1014
89831,q9_t1015
89832,q9_t1016
89832,q9_t1017
89833,q9_t1017
89833,q9_t1018
89834,q9_t102
89834,q9_t103
89835,q9_t103
89835,q9_t104
89836,q9_t105
89836,q9_t106
89837,q9_t106
89837,q9_t107
89838,q9_t108
89838,q9_t109
89839,q9_t109
89839,q9_t110
89840,q9_t111
89840,q9_t112
89841,q9_t112
89841,q9_t113
89842,q9_t114
89842,q9_t115
89843,q9_t115
89843,q9_t116
89844,q9_t117
89844,q9_t118
89845,q9_t118
89845,q9_t119
89846,q9_t120
89846,q9_t121
89847,q9_t121
89847,q9_t122
89848,q9_t123
89848,q9_t124
89849,q9_t124
89849,q9_t125
89850,q9_t126
89850,q9_t127
89851,q9_t127
89851,q9_t128
89852,q9_t129
89852,q9_t130
89853,q9_t130
89853,q9_t131
89854,q9_t132
89854,q9_t133
89855,q9_t133
89855,q9_t134
89856,q9_t135
89856,q9_t136
89857,q9_t136
89857,q9_t137
89858,q9_t138
89858,q9_t139
89859,q9_t139
89859,q9_t140
89860,q9_t141
89860,q9_t142
89861,q9_t142
89861,q9_t143
89862,q9_t144
89862,q9_t145
89863,q9_t145
89863,q9_t146
89864,q9_t147
89864,q9_t148
89865,q9_t148
89865,q9_t149
89866,q9_t150
89866,q9_t151
89867,q9_t151
89867,q9_t152
89868,q9_t153
89868,q9_t154
89869,q9_t154
89869,q9_t155
89870,q9_t156
89870,q9_t157
89871,q9_t157
89871,q9_t158
89872,q9_t159
89872,q9_t160
89873,q9_t160
89873,q9_t161
89874,q9_t162
89874,q9_t163
89875,q9_t163
89875,q9_t164
89876,q9_t165
89876,q9_t166
89877,q9_t166
89877,q9_t167
89878,q9_t168
89878,q9_t169
89879,q9_t169
89879,q9_t170
89880,q9_t171
89880,q9_t172
89881,q9_t172
89881,q9_t173
89882,q9_t174
89882,q9_t175
89883,q9_t175
89883,q9_t176
89884,q9_t177
89884,q9_t178
89885,q9_t178
89885,q9_t179
89886,q9_t180
89886,q9_t181
89887,q9_t181
89887,q9_t182
89888,q9_t183
89888,q9_t184
89889,q9_t184
89889,q9_t185
89890,q9_t186
89890,q9_t187
89891,q9_t187
89891,q9_t188
89892,q9_t189
89892,q9_t190
89893,q9_t190
89893,q9_t191
89894,q9_t192
89894,q9_t193
89895,q9_t193
89895,q9_t194
89896,q9_t195
89896,q9_t196
89897,q9_t196
89897,q9_t197
89898,q9_t198
89898,q9_t199
89899,q9_t199
89899,q9_t200
89900,q9_t201
89900,q9_t202
89901,q9_t202
89901,q9_t203
89902,q9_t204
89902,q9_t205
89903,q9_t205
89903,q9_t206
89904,q9_t207
89904,q9_t208
89905,q9_t208
89905,q9_t209
89906,q9_t210
89906,q9_t211
89907,q9_t211
89907,q9_t212
89908,q9_t213
89908,q9_t214
89909,q9_t214
89909,q9_t215
89910,q9_t216
89910,q9_t217
89911,q9_t217
89911,q9_t218
89912,q9_t219
89912,q9_t220
89913,q9_t220
89913,q9_t221
89914,q9_t222
89914,q9_t223
89915,q9_t223
89915,q9_t224
89916,q9_t225
89916,q9_t226
89917,q9_t226
89917,q9_t227
89918,q9_t228
89918,q9_t229
89919,q9_t229
89919,q9_t230
89920,q9_t231
89920,q9_t232
89921,q9_t232
89921,q9_t233
89922,q9_t234
89922,q9_t235
89923,q9_t235
89923,q9_t236
89924,q9_t237
89924,q9_t238
89925,q9_t238
89925,q9_t239
89926,q9_t240
89926,q9_t241
89927,q9_t241
89927,q9_t242
89928,q9_t243
89928,q9_t244
89929,q9_t244
89929,q9_t245
89930,q9_t246
89930,q9_t247
89931,q9_t247
89931,q9_t248
89932,q9_t249
89932,q9_t250
89933,q9_t250
89933,q9_t251
89934,q9_t252
89934,q9_t253
89935,q9_t253
89935,q9_t254
89936,q9_t255
89936,q9_t256
89937,q9_t256
89937,q9_t257
89938,q9_t258
89938,q9_t259
89939,q9_t259
89939,q9_t260
89940,q9_t261
89940,q9_t262
89941,q9_t262
89941,q9_t263
89942,q9_t264
89942,q9_t265
89943,q9_t265
89943,q9_t266
89944,q9_t267
89944,q9_t268
89945,q9_t268
89945,q9_t269
89946,q9_t27
89946,q9_t28
89947,q9_t270
89947,q9_t271
89948,q9_t271
89948,q9_t272
89949,q9_t273
89949,q9_t274
89950,q9_t274
89950,q9_t275
89951,q9_t276
89951,q9_t277
89952,q9_t277
89952,q9_t278
89953,q9_t279
89953,q9_t280
89954,q9_t28
89954,q9_t29
89955,q9_t280
89955,q9_t281
89956,q9_t282
89956,q9_t283
89957,q9_t283
89957,q9_t284
89958,q9_t285
89958,q9_t286
89959,q9_t286
89959,q9_t287
89960,q9_t288
89960,q9_t289
89961,q9_t289
89961,q9_t290
89962,q9_t291
89962,q9_t292
89963,q9_t292
89963,q9_t293
89964,q9_t294
89964,q9_t295
89965,q9_t295
89965,q9_t296
89966,q9_t297
89966,q9_t298
89967,q9_t298
89967,q9_t299
89968,q9_t30
89968,q9_t31
89969,q9_t300
89969,q9_t301
89970,q9_t301
89970,q9_t302
89971,q9_t303
89971,q9_t304
89972,q9_t304
89972,q9_t305
89973,q9_t306
89973,q9_t307
89974,q9_t307
89974,q9_t308
89975,q9_t309
89975,q9_t310
89976,q9_t31
89976,q9_t32
89977,q9_t310
89977,q9_t311
89978,q9_t312
89978,q9_t313
89979,q9_t313
89979,q9_t314
89980,q9_t315
89980,q9_t316
89981,q9_t316
89981,q9_t317
89982,q9_t318
89982,q9_t319
89983,q9_t319
89983,q9_t320
89984,q9_t321
89984,q9_t322
89985,q9_t322
89985,q9_t323
89986,q9_t324
89986,q9_t325
89987,q9_t325
89987,q9_t326
89988,q9_t327
89988,q9_t328
89989,q9_t328
89989,q9_t329
89990,q9_t33
89990,q9_t34
89991,q9_t330
89991,q9_t331
89992,q9_t331
89992,q9_t332
89993,q9_t333
89993,q9_t334
89994,q9_t334
89994,q9_t335
89995,q9_t336
89995,q9_t337
89996,q9_t337
89996,q9_t338
89997,q9_t339
89997,q9_t340
89998,q9_t34
89998,q9_t35
89999,q9_t340
89999,q9_t341
90000,q9_t342
90000,q9_t343
90001,q9_t343
90001,q9_t344
90002,q9_t345
90002,q9_t346
90003,q9_t346
90003,q9_t347
90004,q9_t348
90004,q9_t349
90005,q9_t349
90005,q9_t350
90006,q9_t351
90006,q9_t352
90007,q9_t352
90007,q9_t353
90008,q9_t354
90008,q9_t355
90009,q9_t355
90009,q9_t356
90010,q9_t356
90010,q9_t357
90011,q9_t358
90011,q9_t359
90012,q9_t359
90012,q9_t360
90013,q9_t36
90013,q9_t37
90014,q9_t361
90014,q9_t362
90015,q9_t362
90015,q9_t363
90016,q9_t364
90016,q9_t365
90017,q9_t365
90017,q9_t366
90018,q9_t367
90018,q9_t368
90019,q9_t368
90019,q9_t369
90020,q9_t37
90020,q9_t38
90021,q9_t370
90021,q9_t371
90022,q9_t371
90022,q9_t372
90023,q9_t373
90023,q9_t374
90024,q9_t374
90024,q9_t375
90025,q9_t376
90025,q9_t377
90026,q9_t377
90026,q9_t378
90027,q9_t379
90027,q9_t380
90028,q9_t380
90028,q9_t381
90029,q9_t382
90029,q9_t383
90030,q9_t383
90030,q9_t387
90031,q9_t388
90031,q9_t389
90032,q9_t389
90032,q9_t390
90033,q9_t39
90033,q9_t40
90034,q9_t391
90034,q9_t392
90035,q9_t392
90035,q9_t393
90036,q9_t394
90036,q9_t395
90037,q9_t395
90037,q9_t396
90038,q9_t397
90038,q9_t398
90039,q9_t398
90039,q9_t399
90040,q9_t40
90040,q9_t41
90041,q9_t400
90041,q9_t401
90042,q9_t401
90042,q9_t402
90043,q9_t403
90043,q9_t404
90044,q9_t404
90044,q9_t405
90045,q9_t406
90045,q9_t407
90046,q9_t407
90046,q9_t408
90047,q9_t409
90047,q9_t410
90048,q9_t410
90048,q9_t411
90049,q9_t412
90049,q9_t413
90050,q9_t413
90050,q9_t414
90051,q9_t415
90051,q9_t416
90052,q9_t416
90052,q9_t417
90053,q9_t418
90053,q9_t419
90054,q9_t419
90054,q9_t420
90055,q9_t42
90055,q9_t43
90056,q9_t421
90056,q9_t422
90057,q9_t422
90057,q9_t423
90058,q9_t424
90058,q9_t425
90059,q9_t425
90059,q9_t426
90060,q9_t427
90060,q9_t428
90061,q9_t428
90061,q9_t429
90062,q9_t43
90062,q9_t44
90063,q9_t430
90063,q9_t431
90064,q9_t431
90064,q9_t432
90065,q9_t433
90065,q9_t434
90066,q9_t434
90066,q9_t435
90067,q9_t436
90067,q9_t437
90068,q9_t437
90068,q9_t438
90069,q9_t439
90069,q9_t440
90070,q9_t440
90070,q9_t441
90071,q9_t442
90071,q9_t443
90072,q9_t443
90072,q9_t444
90073,q9_t445
90073,q9_t446
90074,q9_t446
90074,q9_t447
90075,q9_t448
90075,q9_t449
90076,q9_t449
90076,q9_t450
90077,q9_t45
90077,q9_t46
90078,q9_t451
90078,q9_t452
90079,q9_t452
90079,q9_t453
90080,q9_t454
90080,q9_t455
90081,q9_t455
90081,q9_t456
90082,q9_t457
90082,q9_t458
90083,q9_t458
90083,q9_t459
90084,q9_t46
90084,q9_t47
90085,q9_t460
90085,q9_t461
90086,q9_t461
90086,q9_t462
90087,q9_t463
90087,q9_t464
90088,q9_t464
90088,q9_t465
90089,q9_t466
90089,q9_t467
90090,q9_t467
90090,q9_t468
90091,q9_t469
90091,q9_t470
90092,q9_t470
90092,q9_t471
90093,q9_t472
90093,q9_t473
90094,q9_t473
90094,q9_t474
90095,q9_t475
90095,q9_t476
90096,q9_t476
90096,q9_t477
90097,q9_t478
90097,q9_t479
90098,q9_t479
90098,q9_t480
90099,q9_t48
90099,q9_t49
90100,q9_t481
90100,q9_t482
90101,q9_t482
90101,q9_t483
90102,q9_t484
90102,q9_t485
90103,q9_t485
90103,q9_t486
90104,q9_t487
90104,q9_t488
90105,q9_t488
90105,q9_t489
90106,q9_t49
90106,q9_t50
90107,q9_t490
90107,q9_t491
90108,q9_t491
90108,q9_t492
90109,q9_t493
90109,q9_t494
90110,q9_t494
90110,q9_t495
90111,q9_t496
90111,q9_t497
90112,q9_t497
90112,q9_t498
90113,q9_t499
90113,q9_t500
90114,q9_t500
90114,q9_t501
90115,q9_t502
90115,q9_t503
90116,q9_t503
90116,q9_t504
90117,q9_t505
90117,q9_t506
90118,q9_t506
90118,q9_t507
90119,q9_t508
90119,q9_t509
90120,q9_t509
90120,q9_t510
90121,q9_t51
90121,q9_t52
90122,q9_t511
90122,q9_t512
90123,q9_t512
90123,q9_t513
90124,q9_t514
90124,q9_t515
90125,q9_t515
90125,q9_t516
90126,q9_t517
90126,q9_t518
90127,q9_t518
90127,q9_t519
90128,q9_t52
90128,q9_t56
90129,q9_t520
90129,q9_t521
90130,q9_t521
90130,q9_t522
90131,q9_t523
90131,q9_t524
90132,q9_t524
90132,q9_t525
90133,q9_t526
90133,q9_t527
90134,q9_t527
90134,q9_t528
90135,q9_t529
90135,q9_t530
90136,q9_t530
90136,q9_t531
90137,q9_t532
90137,q9_t533
90138,q9_t533
90138,q9_t534
90139,q9_t535
90139,q9_t536
90140,q9_t536
90140,q9_t537
90141,q9_t538
90141,q9_t539
90142,q9_t539
90142,q9_t540
90143,q9_t541
90143,q9_t542
90144,q9_t542
90144,q9_t543
90145,q9_t544
90145,q9_t545
90146,q9_t545
90146,q9_t546
90147,q9_t547
90147,q9_t548
90148,q9_t548
90148,q9_t549
90149,q9_t550
90149,q9_t551
90150,q9_t551
90150,q9_t552
90151,q9_t553
90151,q9_t554
90152,q9_t554
90152,q9_t555
90153,q9_t556
90153,q9_t557
90154,q9_t557
90154,q9_t558
90155,q9_t559
90155,q9_t560
90156,q9_t560
90156,q9_t561
90157,q9_t562
90157,q9_t563
90158,q9_t563
90158,q9_t564
90159,q9_t565
90159,q9_t566
90160,q9_t566
90160,q9_t567
90161,q9_t568
90161,q9_t569
90162,q9_t569
90162,q9_t570
90163,q9_t57
90163,q9_t58
90164,q9_t571
90164,q9_t572
90165,q9_t572
90165,q9_t573
90166,q9_t574
90166,q9_t575
90167,q9_t575
90167,q9_t576
90168,q9_t577
90168,q9_t578
90169,q9_t578
90169,q9_t579
90170,q9_t58
90170,q9_t59
90171,q9_t580
90171,q9_t581
90172,q9_t581
90172,q9_t582
90173,q9_t583
90173,q9_t584
90174,q9_t584
90174,q9_t585
90175,q9_t586
90175,q9_t587
90176,q9_t587
90176,q9_t588
90177,q9_t589
90177,q9_t590
90178,q9_t590
90178,q9_t591
90179,q9_t592
90179,q9_t593
90180,q9_t593
90180,q9_t594
90181,q9_t595
90181,q9_t596
90182,q9_t596
90182,q9_t597
90183,q9_t598
90183,q9_t599
90184,q9_t599
90184,q9_t600
90185,q9_t60
90185,q9_t61
90186,q9_t601
90186,q9_t602
90187,q9_t602
90187,q9_t603
90188,q9_t604
90188,q9_t605
90189,q9_t605
90189,q9_t606
90190,q9_t607
90190,q9_t608
90191,q9_t608
90191,q9_t609
90192,q9_t61
90192,q9_t62
90193,q9_t610
90193,q9_t611
90194,q9_t611
90194,q9_t612
90195,q9_t613
90195,q9_t614
90196,q9_t614
90196,q9_t615
90197,q9_t616
90197,q9_t617
90198,q9_t617
90198,q9_t618
90199,q9_t619
90199,q9_t620
90200,q9_t620
90200,q9_t621
90201,q9_t622
90201,q9_t623
90202,q9_t623
90202,q9_t624
90203,q9_t625
90203,q9_t626
90204,q9_t626
90204,q9_t627
90205,q9_t628
90205,q9_t629
90206,q9_t629
90206,q9_t630
90207,q9_t63
90207,q9_t64
90208,q9_t631
90208,q9_t632
90209,q9_t632
90209,q9_t633
90210,q9_t634
90210,q9_t635
90211,q9_t635
90211,q9_t636
90212,q9_t637
90212,q9_t638
90213,q9_t638
90213,q9_t639
90214,q9_t64
90214,q9_t65
90215,q9_t640
90215,q9_t641
90216,q9_t641
90216,q9_t642
90217,q9_t643
90217,q9_t644
90218,q9_t644
90218,q9_t645
90219,q9_t646
90219,q9_t647
90220,q9_t647
90220,q9_t648
90221,q9_t649
90221,q9_t650
90222,q9_t650
90222,q9_t651
90223,q9_t652
90223,q9_t653
90224,q9_t653
90224,q9_t654
90225,q9_t655
90225,q9_t656
90226,q9_t656
90226,q9_t657
90227,q9_t658
90227,q9_t659
90228,q9_t659
90228,q9_t660
90229,q9_t66
90229,q9_t67
90230,q9_t661
90230,q9_t662
90231,q9_t662
90231,q9_t663
90232,q9_t664
90232,q9_t665
90233,q9_t665
90233,q9_t666
90234,q9_t667
90234,q9_t668
90235,q9_t668
90235,q9_t669
90236,q9_t67
90236,q9_t68
90237,q9_t670
90237,q9_t671
90238,q9_t671
90238,q9_t672
90239,q9_t673
90239,q9_t674
90240,q9_t674
90240,q9_t675
90241,q9_t676
90241,q9_t677
90242,q9_t677
90242,q9_t678
90243,q9_t679
90243,q9_t680
90244,q9_t680
90244,q9_t681
90245,q9_t682
90245,q9_t683
90246,q9_t683
90246,q9_t684
90247,q9_t685
90247,q9_t686
90248,q9_t686
90248,q9_t687
90249,q9_t687
90249,q9_t688
90250,q9_t689
90250,q9_t690
90251,q9_t69
90251,q9_t70
90252,q9_t690
90252,q9_t691
90253,q9_t692
90253,q9_t693
90254,q9_t693
90254,q9_t694
90255,q9_t695
90255,q9_t696
90256,q9_t696
90256,q9_t697
90257,q9_t698
90257,q9_t699
90258,q9_t699
90258,q9_t700
90259,q9_t70
90259,q9_t71
90260,q9_t701
90260,q9_t702
90261,q9_t702
90261,q9_t703
90262,q9_t704
90262,q9_t705
90263,q9_t705
90263,q9_t706
90264,q9_t707
90264,q9_t708
90265,q9_t708
90265,q9_t709
90266,q9_t710
90266,q9_t711
90267,q9_t711
90267,q9_t712
90268,q9_t713
90268,q9_t714
90269,q9_t714
90269,q9_t718
90270,q9_t719
90270,q9_t720
90271,q9_t72
90271,q9_t73
90272,q9_t720
90272,q9_t721
90273,q9_t722
90273,q9_t723
90274,q9_t723
90274,q9_t724
90275,q9_t725
90275,q9_t726
90276,q9_t726
90276,q9_t727
90277,q9_t728
90277,q9_t729
90278,q9_t729
90278,q9_t730
90279,q9_t73
90279,q9_t74
90280,q9_t731
90280,q9_t732
90281,q9_t732
90281,q9_t733
90282,q9_t734
90282,q9_t735
90283,q9_t735
90283,q9_t736
90284,q9_t737
90284,q9_t738
90285,q9_t738
90285,q9_t739
90286,q9_t740
90286,q9_t741
90287,q9_t741
90287,q9_t742
90288,q9_t743
90288,q9_t744
90289,q9_t744
90289,q9_t745
90290,q9_t746
90290,q9_t747
90291,q9_t747
90291,q9_t748
90292,q9_t749
90292,q9_t750
90293,q9_t75
90293,q9_t76
90294,q9_t750
90294,q9_t751
90295,q9_t752
90295,q9_t753
90296,q9_t753
90296,q9_t754
90297,q9_t755
90297,q9_t756
90298,q9_t756
90298,q9_t757
90299,q9_t758
90299,q9_t759
90300,q9_t759
90300,q9_t760
90301,q9_t76
90301,q9_t77
90302,q9_t761
90302,q9_t762
90303,q9_t762
90303,q9_t763
90304,q9_t764
90304,q9_t765
90305,q9_t765
90305,q9_t766
90306,q9_t767
90306,q9_t768
90307,q9_t768
90307,q9_t769
90308,q9_t770
90308,q9_t771
90309,q9_t771
90309,q9_t772
90310,q9_t773
90310,q9_t774
90311,q9_t774
90311,q9_t775
90312,q9_t776
90312,q9_t777
90313,q9_t777
90313,q9_t778
90314,q9_t779
90314,q9_t780
90315,q9_t78
90315,q9_t79
90316,q9_t780
90316,q9_t781
90317,q9_t782
90317,q9_t783
90318,q9_t783
90318,q9_t784
90319,q9_t785
90319,q9_t786
90320,q9_t786
90320,q9_t787
90321,q9_t788
90321,q9_t789
90322,q9_t789
90322,q9_t790
90323,q9_t79
90323,q9_t80
90324,q9_t791
90324,q9_t792
90325,q9_t792
90325,q9_t793
90326,q9_t794
90326,q9_t795
90327,q9_t795
90327,q9_t796
90328,q9_t797
90328,q9_t798
90329,q9_t798
90329,q9_t799
90330,q9_t800
90330,q9_t801
90331,q9_t801
90331,q9_t802
90332,q9_t803
90332,q9_t804
90333,q9_t804
90333,q9_t805
90334,q9_t806
90334,q9_t807
90335,q9_t807
90335,q9_t808
90336,q9_t809
90336,q9_t810
90337,q9_t81
90337,q9_t82
90338,q9_t810
90338,q9_t811
90339,q9_t812
90339,q9_t813
90340,q9_t813
90340,q9_t814
90341,q9_t815
90341,q9_t816
90342,q9_t816
90342,q9_t817
90343,q9_t818
90343,q9_t819
90344,q9_t819
90344,q9_t820
90345,q9_t82
90345,q9_t83
90346,q9_t821
90346,q9_t822
90347,q9_t822
90347,q9_t823
90348,q9_t824
90348,q9_t825
90349,q9_t825
90349,q9_t826
90350,q9_t827
90350,q9_t828
90351,q9_t828
90351,q9_t829
90352,q9_t830
90352,q9_t831
90353,q9_t831
90353,q9_t832
90354,q9_t833
90354,q9_t834
90355,q9_t834
90355,q9_t835
90356,q9_t836
90356,q9_t837
90357,q9_t837
90357,q9_t838
90358,q9_t839
90358,q9_t840
90359,q9_t84
90359,q9_t85
90360,q9_t840
90360,q9_t841
90361,q9_t842
90361,q9_t843
90362,q9_t843
90362,q9_t844
90363,q9_t845
90363,q9_t846
90364,q9_t846
90364,q9_t847
90365,q9_t848
90365,q9_t849
90366,q9_t849
90366,q9_t850
90367,q9_t85
90367,q9_t86
90368,q9_t851
90368,q9_t852
90369,q9_t852
90369,q9_t853
90370,q9_t854
90370,q9_t855
90371,q9_t855
90371,q9_t856
90372,q9_t857
90372,q9_t858
90373,q9_t858
90373,q9_t859
90374,q9_t860
90374,q9_t861
90375,q9_t861
90375,q9_t862
90376,q9_t863
90376,q9_t864
90377,q9_t864
90377,q9_t865
90378,q9_t866
90378,q9_t867
90379,q9_t867
90379,q9_t868
90380,q9_t869
90380,q9_t870
90381,q9_t87
90381,q9_t88
90382,q9_t870
90382,q9_t871
90383,q9_t872
90383,q9_t873
90384,q9_t873
90384,q9_t874
90385,q9_t875
90385,q9_t876
90386,q9_t876
90386,q9_t877
90387,q9_t878
90387,q9_t879
90388,q9_t879
90388,q9_t880
90389,q9_t88
90389,q9_t89
90390,q9_t881
90390,q9_t882
90391,q9_t882
90391,q9_t883
90392,q9_t884
90392,q9_t885
90393,q9_t885
90393,q9_t886
90394,q9_t887
90394,q9_t888
90395,q9_t888
90395,q9_t889
90396,q9_t890
90396,q9_t891
90397,q9_t891
90397,q9_t892
90398,q9_t893
90398,q9_t894
90399,q9_t894
90399,q9_t895
90400,q9_t896
90400,q9_t897
90401,q9_t897
90401,q9_t898
90402,q9_t899
90402,q9_t900
90403,q9_t90
90403,q9_t91
90404,q9_t900
90404,q9_t901
90405,q9_t902
90405,q9_t903
90406,q9_t903
90406,q9_t904
90407,q9_t905
90407,q9_t906
90408,q9_t906
90408,q9_t907
90409,q9_t908
90409,q9_t909
90410,q9_t909
90410,q9_t910
90411,q9_t91
90411,q9_t92
90412,q9_t911
90412,q9_t912
90413,q9_t912
90413,q9_t913
90414,q9_t914
90414,q9_t915
90415,q9_t915
90415,q9_t916
90416,q9_t917
90416,q9_t918
90417,q9_t918
90417,q9_t919
90418,q9_t920
90418,q9_t921
90419,q9_t921
90419,q9_t922
90420,q9_t923
90420,q9_t924
90421,q9_t924
90421,q9_t925
90422,q9_t926
90422,q9_t927
90423,q9_t927
90423,q9_t928
90424,q9_t929
90424,q9_t930
90425,q9_t93
90425,q9_t94
90426,q9_t930
90426,q9_t931
90427,q9_t932
90427,q9_t933
90428,q9_t933
90428,q9_t934
90429,q9_t935
90429,q9_t936
90430,q9_t936
90430,q9_t937
90431,q9_t938
90431,q9_t939
90432,q9_t939
90432,q9_t940
90433,q9_t94
90433,q9_t95
90434,q9_t941
90434,q9_t942
90435,q9_t942
90435,q9_t943
90436,q9_t944
90436,q9_t945
90437,q9_t945
90437,q9_t946
90438,q9_t947
90438,q9_t948
90439,q9_t948
90439,q9_t949
90440,q9_t950
90440,q9_t951
90441,q9_t951
90441,q9_t952
90442,q9_t953
90442,q9_t954
90443,q9_t954
90443,q9_t955
90444,q9_t956
90444,q9_t957
90445,q9_t957
90445,q9_t958
90446,q9_t959
90446,q9_t960
90447,q9_t96
90447,q9_t97
90448,q9_t960
90448,q9_t961
90449,q9_t962
90449,q9_t963
90450,q9_t963
90450,q9_t964
90451,q9_t965
90451,q9_t966
90452,q9_t966
90452,q9_t967
90453,q9_t968
90453,q9_t969
90454,q9_t969
90454,q9_t970
90455,q9_t97
90455,q9_t98
90456,q9_t971
90456,q9_t972
90457,q9_t972
90457,q9_t973
90458,q9_t974
90458,q9_t975
90459,q9_t975
90459,q9_t976
90460,q9_t977
90460,q9_t978
90461,q9_t978
90461,q9_t979
90462,q9_t980
90462,q9_t981
90463,q9_t981
90463,q9_t982
90464,q9_t983
90464,q9_t984
90465,q9_t984
90465,q9_t985
90466,q9_t986
90466,q9_t987
90467,q9_t987
90467,q9_t988
90468,q9_t989
90468,q9_t990
90469,q9_t990
90469,q9_t991
90470,q9_t992
90470,q9_t993
90471,q9_t993
90471,q9_t994
90472,q9_t995
90472,q9_t996
90473,q9_t996
90473,q9_t997
90474,q9_t998
90474,q9_t999
